5
30
,
0 (27.0, 10.0) 76.0
1 (12.0, 14.0) 35.0
2 (40.0, 34.0) 32.0
3 (36.0, 27.0) 39.0
4 (47.0, 13.0) 43.0
5 (41.0, 25.0) 32.0
6 (33.0, 42.0) 57.0
7 (29.0, 21.0) 42.0
8 (30.0, 37.0) 48.0
9 (37.0, 12.0) 58.0
10 (2.0, 43.0) 45.0
11 (43.0, 31.0) 55.0
12 (7.0, 37.0) 52.0
13 (8.0, 47.0) 55.0
14 (29.0, 50.0) 46.0
15 (16.0, 37.0) 87.0
16 (31.0, 33.0) 39.0
17 (46.0, 2.0) 54.0
18 (9.0, 13.0) 59.0
19 (31.0, 34.0) 43.0
20 (17.0, 10.0) 52.0
21 (27.0, 45.0) 74.0
22 (28.0, 42.0) 49.0
23 (32.0, 10.0) 84.0
24 (43.0, 7.0) 32.0
25 (6.0, 45.0) 72.0
26 (29.0, 47.0) 39.0
27 (7.0, 27.0) 58.0
28 (23.0, 13.0) 63.0
29 (3.0, 37.0) 44.0
,
0 14 9 26 22 24 24 27 18 24 19 22 27 19 24 29 20 23 23 8 23 10 26 25 17 22 23 28 14 13 19 0
14 0 8 14 10 10 10 16 6 14 5 21 13 17 21 20 15 12 10 9 12 5 18 16 2 8 20 19 13 2 18 14
9 8 0 17 14 18 16 18 9 15 13 15 18 12 17 20 12 13 18 2 14 3 17 16 10 16 16 19 7 6 12 9
26 14 17 0 4 11 5 5 9 5 11 20 2 17 17 10 12 5 16 19 4 17 9 7 13 14 18 9 17 14 19 26
22 10 14 4 0 9 3 8 5 6 8 19 4 15 17 12 11 4 13 15 4 13 10 8 9 11 17 11 14 10 17 22
24 10 18 11 9 0 7 16 10 15 5 27 9 23 26 21 20 13 6 19 13 15 19 17 8 4 26 19 21 12 25 24
24 10 16 5 3 7 0 9 6 8 7 21 3 18 20 14 14 6 12 17 7 14 12 11 9 9 20 13 17 11 20 24
27 16 18 5 8 16 9 0 11 3 15 16 7 13 13 4 9 5 21 19 4 18 3 2 16 18 14 3 15 15 15 27
18 6 9 9 5 10 6 11 0 8 6 17 9 14 17 14 10 6 13 11 7 8 12 11 6 10 17 13 11 5 15 18
24 14 15 5 6 15 8 3 8 0 13 14 7 12 12 7 7 2 19 16 2 15 4 3 14 16 13 5 13 12 14 24
19 5 13 11 8 5 7 15 6 13 0 23 10 20 23 19 16 11 7 14 11 10 17 16 3 4 23 18 17 7 21 19
22 21 15 20 19 27 21 16 17 14 23 0 21 4 4 14 8 15 30 15 15 18 13 13 22 27 2 14 8 18 3 22
27 13 18 2 4 9 3 7 9 7 10 21 0 18 19 12 14 6 15 19 6 17 11 9 12 12 20 11 18 13 20 27
19 17 12 17 15 23 18 13 14 12 20 4 18 0 5 13 4 12 26 12 12 14 11 11 18 23 4 12 5 14 2 19
24 21 17 17 17 26 20 13 17 12 23 4 19 5 0 11 6 13 29 17 13 19 10 10 22 27 1 10 10 19 6 24
29 20 20 10 12 21 14 4 14 7 19 14 12 13 11 0 9 9 25 21 8 21 3 4 20 23 12 2 16 19 15 29
20 15 12 12 11 20 14 9 10 7 16 8 14 4 6 9 0 8 23 12 8 14 7 6 16 20 6 8 7 12 6 20
23 12 13 5 4 13 6 5 6 2 11 15 6 12 13 9 8 0 17 15 0 13 6 5 12 14 14 7 12 11 14 23
23 10 18 16 13 6 12 21 13 19 7 30 15 26 29 25 23 17 0 19 18 15 24 22 8 3 29 24 23 13 28 23
8 9 2 19 15 19 17 19 11 16 14 15 19 12 17 21 12 15 19 0 15 4 18 17 12 17 16 20 7 7 12 8
23 12 14 4 4 13 7 4 7 2 11 15 6 12 13 8 8 0 18 15 0 14 6 4 12 15 14 7 12 11 14 23
10 5 3 17 13 15 14 18 8 15 10 18 17 14 19 21 14 13 15 4 14 0 18 17 8 13 18 19 10 3 15 10
26 18 17 9 10 19 12 3 12 4 17 13 11 11 10 3 7 6 24 18 6 18 0 2 18 21 10 1 13 16 13 26
25 16 16 7 8 17 11 2 11 3 16 13 9 11 10 4 6 5 22 17 4 17 2 0 16 19 11 3 13 15 13 25
17 2 10 13 9 8 9 16 6 14 3 22 12 18 22 20 16 12 8 12 12 8 18 16 0 6 22 19 15 5 20 17
22 8 16 14 11 4 9 18 10 16 4 27 12 23 27 23 20 14 3 17 15 13 21 19 6 0 27 21 21 10 25 22
23 20 16 18 17 26 20 14 17 13 23 2 20 4 1 12 6 14 29 16 14 18 10 11 22 27 0 12 9 18 4 23
28 19 19 9 11 19 13 3 13 5 18 14 11 12 10 2 8 7 24 20 7 19 1 3 19 21 12 0 15 17 14 28
14 13 7 17 14 21 17 15 11 13 17 8 18 5 10 16 7 12 23 7 12 10 13 13 15 21 9 15 0 11 5 14
13 2 6 14 10 12 11 15 5 12 7 18 13 14 19 19 12 11 13 7 11 3 16 15 5 10 18 17 11 0 16 13
19 18 12 19 17 25 20 15 15 14 21 3 20 2 6 15 6 14 28 12 14 15 13 13 20 25 4 14 5 16 0 19
0 14 9 26 22 24 24 27 18 24 19 22 27 19 24 29 20 23 23 8 23 10 26 25 17 22 23 28 14 13 19 0
,
0 17 20 28 37 62 30 59 48 63 49 58 31 32 57 79 42 64 33 19 28 27 58 50 45 63 34 71 40 21 40 0
30 0 15 32 15 21 22 40 14 30 14 45 16 30 50 51 17 13 28 19 25 12 50 21 4 24 33 32 34 3 23 37
28 12 0 35 31 31 37 52 14 36 34 45 34 16 24 38 31 36 42 4 31 7 49 31 14 19 16 41 15 14 25 14
51 33 39 0 11 15 5 7 22 11 31 27 5 17 26 11 15 10 39 21 13 25 16 17 15 23 38 14 40 26 25 76
53 22 19 8 0 25 6 21 10 9 22 22 11 39 26 13 14 7 37 38 8 20 17 11 20 23 52 21 18 16 17 48
49 13 41 23 16 0 7 34 20 27 15 32 13 68 31 46 53 35 10 32 32 28 44 20 11 5 37 30 58 32 44 25
46 30 44 7 7 17 0 20 13 23 12 34 6 22 33 41 23 18 32 49 12 26 30 18 12 17 40 22 20 22 34 38
59 17 42 6 18 36 13 0 28 4 35 29 19 16 28 7 19 11 58 32 6 49 9 7 23 47 18 7 30 22 24 67
52 11 26 19 9 23 10 14 0 12 14 44 23 32 43 34 13 8 21 19 7 8 14 11 15 11 34 21 24 11 38 27
33 26 36 11 16 38 12 5 11 0 20 26 9 21 15 13 20 3 50 42 2 26 6 4 19 25 29 6 16 36 19 70
27 15 26 12 22 8 18 30 9 29 0 26 25 56 68 44 32 15 12 25 29 14 47 34 5 10 50 22 26 20 63 31
62 46 26 48 52 44 60 20 19 43 59 0 39 5 8 33 21 37 64 27 16 22 35 39 56 29 3 16 25 43 7 59
62 30 40 3 10 19 9 10 21 10 28 38 0 49 38 32 16 9 40 53 11 23 27 25 32 25 44 25 22 28 35 74
24 29 35 43 43 33 34 25 39 34 44 11 22 0 9 33 10 23 64 18 14 24 26 16 55 38 6 26 10 30 5 31
28 29 44 30 49 28 47 18 39 13 47 7 41 6 0 19 17 15 35 41 31 45 14 17 66 44 4 27 26 46 6 26
38 50 45 23 18 48 26 5 21 15 32 24 33 16 31 0 28 24 35 39 21 29 3 7 47 46 35 2 36 21 22 54
43 17 31 23 20 57 18 12 11 13 33 18 37 8 14 12 0 16 62 28 13 37 11 13 45 57 19 23 12 31 13 22
50 12 21 9 8 20 19 11 12 4 19 42 14 26 30 22 16 0 31 41 1 27 15 11 15 37 17 11 25 20 18 42
49 12 51 20 16 6 12 27 19 27 17 86 36 51 65 33 55 41 0 30 47 41 43 22 21 8 76 65 58 15 76 42
23 17 5 27 19 53 36 33 31 39 16 20 53 24 21 51 36 27 32 0 26 12 31 40 30 38 22 36 16 20 13 8
62 32 15 9 8 19 11 7 14 5 17 37 10 33 27 11 14 1 53 28 0 36 16 7 19 28 16 19 17 31 23 67
16 8 4 25 30 15 25 19 24 40 20 22 35 31 24 61 14 24 21 5 15 0 46 30 14 38 27 41 18 9 36 13
49 29 35 20 29 23 21 6 31 8 26 15 15 25 24 5 20 18 33 38 8 21 0 4 51 37 16 2 36 21 34 55
40 41 19 12 22 19 18 6 15 7 34 27 17 29 29 6 7 9 38 22 7 24 3 0 43 52 22 6 21 28 22 31
40 4 20 35 19 20 26 37 15 33 7 27 14 55 61 56 41 17 18 12 36 19 40 17 0 16 35 25 41 11 23 29
45 10 17 40 25 6 15 23 14 29 9 34 15 31 55 40 36 28 8 25 44 27 56 25 12 0 29 23 34 15 66 39
65 38 16 46 49 45 55 25 31 36 63 4 26 11 3 30 11 38 44 45 28 42 27 27 24 75 0 12 17 42 6 28
54 45 45 11 15 24 32 3 31 12 29 28 18 16 21 2 9 9 24 32 8 23 2 3 53 59 23 0 23 29 40 53
22 16 11 17 23 57 32 38 28 20 37 25 27 12 10 25 12 25 66 12 25 11 38 29 20 35 25 16 0 11 13 28
32 6 14 14 14 34 14 33 14 16 18 28 24 24 38 36 37 23 20 18 26 8 18 28 13 20 48 42 13 0 33 22
52 39 32 41 43 27 31 45 39 40 39 6 27 3 16 41 18 17 41 29 31 22 25 14 34 66 9 38 13 36 0 47
0 24 10 71 28 68 29 79 43 30 25 52 55 34 37 75 32 56 28 8 27 16 76 37 38 47 36 32 35 23 25 0