5
30
,
0 (27.0, 10.0) 40.0
1 (12.0, 14.0) 43.0
2 (40.0, 34.0) 71.0
3 (36.0, 27.0) 31.0
4 (47.0, 13.0) 33.0
5 (41.0, 25.0) 79.0
6 (33.0, 42.0) 63.0
7 (29.0, 21.0) 59.0
8 (30.0, 37.0) 38.0
9 (37.0, 12.0) 59.0
10 (2.0, 43.0) 64.0
11 (43.0, 31.0) 32.0
12 (7.0, 37.0) 44.0
13 (8.0, 47.0) 34.0
14 (29.0, 50.0) 31.0
15 (16.0, 37.0) 75.0
16 (31.0, 33.0) 82.0
17 (46.0, 2.0) 67.0
18 (9.0, 13.0) 88.0
19 (31.0, 34.0) 65.0
20 (17.0, 10.0) 82.0
21 (27.0, 45.0) 63.0
22 (28.0, 42.0) 47.0
23 (32.0, 10.0) 59.0
24 (43.0, 7.0) 36.0
25 (6.0, 45.0) 31.0
26 (29.0, 47.0) 30.0
27 (7.0, 27.0) 78.0
28 (23.0, 13.0) 53.0
29 (3.0, 37.0) 37.0
,
0 14 9 26 22 24 24 27 18 24 19 22 27 19 24 29 20 23 23 8 23 10 26 25 17 22 23 28 14 13 19 0
14 0 8 14 10 10 10 16 6 14 5 21 13 17 21 20 15 12 10 9 12 5 18 16 2 8 20 19 13 2 18 14
9 8 0 17 14 18 16 18 9 15 13 15 18 12 17 20 12 13 18 2 14 3 17 16 10 16 16 19 7 6 12 9
26 14 17 0 4 11 5 5 9 5 11 20 2 17 17 10 12 5 16 19 4 17 9 7 13 14 18 9 17 14 19 26
22 10 14 4 0 9 3 8 5 6 8 19 4 15 17 12 11 4 13 15 4 13 10 8 9 11 17 11 14 10 17 22
24 10 18 11 9 0 7 16 10 15 5 27 9 23 26 21 20 13 6 19 13 15 19 17 8 4 26 19 21 12 25 24
24 10 16 5 3 7 0 9 6 8 7 21 3 18 20 14 14 6 12 17 7 14 12 11 9 9 20 13 17 11 20 24
27 16 18 5 8 16 9 0 11 3 15 16 7 13 13 4 9 5 21 19 4 18 3 2 16 18 14 3 15 15 15 27
18 6 9 9 5 10 6 11 0 8 6 17 9 14 17 14 10 6 13 11 7 8 12 11 6 10 17 13 11 5 15 18
24 14 15 5 6 15 8 3 8 0 13 14 7 12 12 7 7 2 19 16 2 15 4 3 14 16 13 5 13 12 14 24
19 5 13 11 8 5 7 15 6 13 0 23 10 20 23 19 16 11 7 14 11 10 17 16 3 4 23 18 17 7 21 19
22 21 15 20 19 27 21 16 17 14 23 0 21 4 4 14 8 15 30 15 15 18 13 13 22 27 2 14 8 18 3 22
27 13 18 2 4 9 3 7 9 7 10 21 0 18 19 12 14 6 15 19 6 17 11 9 12 12 20 11 18 13 20 27
19 17 12 17 15 23 18 13 14 12 20 4 18 0 5 13 4 12 26 12 12 14 11 11 18 23 4 12 5 14 2 19
24 21 17 17 17 26 20 13 17 12 23 4 19 5 0 11 6 13 29 17 13 19 10 10 22 27 1 10 10 19 6 24
29 20 20 10 12 21 14 4 14 7 19 14 12 13 11 0 9 9 25 21 8 21 3 4 20 23 12 2 16 19 15 29
20 15 12 12 11 20 14 9 10 7 16 8 14 4 6 9 0 8 23 12 8 14 7 6 16 20 6 8 7 12 6 20
23 12 13 5 4 13 6 5 6 2 11 15 6 12 13 9 8 0 17 15 0 13 6 5 12 14 14 7 12 11 14 23
23 10 18 16 13 6 12 21 13 19 7 30 15 26 29 25 23 17 0 19 18 15 24 22 8 3 29 24 23 13 28 23
8 9 2 19 15 19 17 19 11 16 14 15 19 12 17 21 12 15 19 0 15 4 18 17 12 17 16 20 7 7 12 8
23 12 14 4 4 13 7 4 7 2 11 15 6 12 13 8 8 0 18 15 0 14 6 4 12 15 14 7 12 11 14 23
10 5 3 17 13 15 14 18 8 15 10 18 17 14 19 21 14 13 15 4 14 0 18 17 8 13 18 19 10 3 15 10
26 18 17 9 10 19 12 3 12 4 17 13 11 11 10 3 7 6 24 18 6 18 0 2 18 21 10 1 13 16 13 26
25 16 16 7 8 17 11 2 11 3 16 13 9 11 10 4 6 5 22 17 4 17 2 0 16 19 11 3 13 15 13 25
17 2 10 13 9 8 9 16 6 14 3 22 12 18 22 20 16 12 8 12 12 8 18 16 0 6 22 19 15 5 20 17
22 8 16 14 11 4 9 18 10 16 4 27 12 23 27 23 20 14 3 17 15 13 21 19 6 0 27 21 21 10 25 22
23 20 16 18 17 26 20 14 17 13 23 2 20 4 1 12 6 14 29 16 14 18 10 11 22 27 0 12 9 18 4 23
28 19 19 9 11 19 13 3 13 5 18 14 11 12 10 2 8 7 24 20 7 19 1 3 19 21 12 0 15 17 14 28
14 13 7 17 14 21 17 15 11 13 17 8 18 5 10 16 7 12 23 7 12 10 13 13 15 21 9 15 0 11 5 14
13 2 6 14 10 12 11 15 5 12 7 18 13 14 19 19 12 11 13 7 11 3 16 15 5 10 18 17 11 0 16 13
19 18 12 19 17 25 20 15 15 14 21 3 20 2 6 15 6 14 28 12 14 15 13 13 20 25 4 14 5 16 0 19
0 14 9 26 22 24 24 27 18 24 19 22 27 19 24 29 20 23 23 8 23 10 26 25 17 22 23 28 14 13 19 0
,
0 26 10 41 61 40 70 70 40 28 55 46 73 56 27 49 42 51 34 13 65 15 60 45 45 33 37 39 26 39 51 0
29 0 19 29 27 18 12 30 12 31 8 50 17 26 57 30 15 26 17 15 34 9 46 24 4 12 54 48 20 4 21 29
24 14 0 48 37 23 28 24 26 39 21 21 32 21 34 39 31 15 34 4 35 4 25 27 24 40 17 38 20 13 23 20
51 27 49 0 10 23 12 16 20 15 23 24 2 38 36 26 26 9 37 24 6 26 20 10 24 21 48 9 47 20 43 63
40 17 29 12 0 15 7 19 13 12 8 46 9 45 34 18 29 9 31 37 7 28 26 24 10 13 40 27 19 25 43 67
42 25 41 15 10 0 7 45 12 33 15 64 13 42 52 48 37 18 12 27 17 31 19 43 17 5 58 36 22 14 31 67
58 30 25 12 6 12 0 16 12 24 18 54 8 41 32 25 16 13 23 32 9 21 34 14 12 27 21 31 31 27 57 36
68 29 19 7 18 23 23 0 12 3 40 30 17 27 16 12 26 6 55 45 8 45 7 4 39 45 37 4 21 27 22 38
26 14 11 9 7 27 17 21 0 16 13 27 23 34 26 29 11 16 18 11 12 21 22 20 17 14 32 30 25 13 27 41
55 29 34 9 11 28 9 3 20 0 26 24 7 29 25 17 13 2 33 35 2 37 11 6 33 22 34 7 30 26 27 55
52 13 23 32 18 14 8 25 12 34 0 37 22 54 43 53 44 15 8 34 31 16 50 27 5 12 52 41 42 18 57 27
62 56 33 31 53 32 25 38 45 26 64 0 49 5 6 25 12 33 56 42 42 42 31 13 34 72 5 20 17 53 6 35
68 17 37 3 10 12 7 14 14 12 13 29 0 27 50 34 35 18 28 23 14 42 18 26 18 13 22 24 50 19 34 46
46 35 31 35 45 53 50 26 14 18 36 11 54 0 13 30 9 25 27 14 36 39 26 21 19 32 6 30 11 36 5 54
48 21 44 21 18 49 49 27 27 21 25 6 32 8 0 28 13 27 78 42 24 35 12 25 24 74 2 12 17 56 7 68
53 40 51 22 28 42 15 8 31 13 56 20 13 13 16 0 11 10 35 27 19 46 7 8 53 50 24 3 17 40 19 47
29 32 33 17 20 51 34 20 26 19 36 11 36 12 18 11 0 20 56 16 19 38 19 19 46 49 12 15 7 24 14 45
46 22 16 10 10 35 14 10 17 4 25 42 11 21 19 24 13 0 27 44 1 19 15 6 30 32 34 14 29 11 29 41
36 13 31 29 15 11 30 36 27 28 8 55 39 54 32 58 36 28 0 56 23 30 68 29 8 6 46 31 57 17 55 35
11 23 4 54 24 48 37 30 25 46 15 44 48 29 28 36 18 19 36 0 20 11 53 30 24 40 30 28 18 21 35 11
37 27 38 11 9 21 14 11 13 4 17 21 16 25 15 20 21 1 20 45 0 40 18 9 27 39 34 12 36 13 19 46
18 6 6 42 25 36 18 53 19 24 23 38 19 21 20 53 29 24 26 7 30 0 28 47 17 35 31 26 21 8 18 16
61 37 18 15 19 32 31 8 13 11 43 18 12 28 25 3 12 8 42 43 13 19 0 3 32 61 26 3 22 31 13 53
61 19 31 14 10 39 20 5 12 7 22 36 15 13 16 11 17 7 28 43 9 50 3 0 41 48 13 5 23 37 15 56
24 3 14 15 22 11 25 17 16 26 6 55 18 39 32 50 42 14 9 21 15 21 45 38 0 10 28 30 18 7 41 44
61 16 28 19 16 9 11 23 23 24 7 52 12 25 47 37 52 18 8 44 26 35 53 38 12 0 58 53 40 25 25 63
57 35 16 36 50 37 34 29 33 28 38 3 49 10 4 12 14 26 62 20 17 47 14 30 45 63 0 19 20 45 6 27
33 37 53 25 19 45 30 7 27 9 48 15 11 21 15 4 17 11 29 46 18 20 2 5 26 33 20 0 18 46 23 36
15 21 19 24 17 38 47 36 28 18 32 13 37 14 19 25 19 36 29 10 25 26 17 14 29 26 26 34 0 26 8 37
29 3 7 18 18 35 14 20 12 16 8 41 39 25 42 54 27 24 19 9 31 8 21 35 10 18 43 18 19 0 41 22
32 38 34 38 37 42 32 41 41 18 61 9 44 4 13 35 13 21 50 32 32 34 14 33 29 56 7 17 10 41 0 48
0 30 16 30 32 57 36 70 21 37 34 60 65 42 27 83 27 45 64 19 59 12 76 76 41 63 51 41 14 29 47 0