5
30
,
0 (27.0, 10.0) 60.0
1 (12.0, 14.0) 61.0
2 (40.0, 34.0) 82.0
3 (36.0, 27.0) 75.0
4 (47.0, 13.0) 57.0
5 (41.0, 25.0) 48.0
6 (33.0, 42.0) 60.0
7 (29.0, 21.0) 40.0
8 (30.0, 37.0) 83.0
9 (37.0, 12.0) 69.0
10 (2.0, 43.0) 35.0
11 (43.0, 31.0) 42.0
12 (7.0, 37.0) 62.0
13 (8.0, 47.0) 71.0
14 (29.0, 50.0) 32.0
15 (16.0, 37.0) 33.0
16 (31.0, 33.0) 40.0
17 (46.0, 2.0) 64.0
18 (9.0, 13.0) 44.0
19 (31.0, 34.0) 82.0
20 (17.0, 10.0) 48.0
21 (27.0, 45.0) 60.0
22 (28.0, 42.0) 76.0
23 (32.0, 10.0) 34.0
24 (43.0, 7.0) 82.0
25 (6.0, 45.0) 32.0
26 (29.0, 47.0) 68.0
27 (7.0, 27.0) 63.0
28 (23.0, 13.0) 39.0
29 (3.0, 37.0) 47.0
,
0 14 9 26 22 24 24 27 18 24 19 22 27 19 24 29 20 23 23 8 23 10 26 25 17 22 23 28 14 13 19 0
14 0 8 14 10 10 10 16 6 14 5 21 13 17 21 20 15 12 10 9 12 5 18 16 2 8 20 19 13 2 18 14
9 8 0 17 14 18 16 18 9 15 13 15 18 12 17 20 12 13 18 2 14 3 17 16 10 16 16 19 7 6 12 9
26 14 17 0 4 11 5 5 9 5 11 20 2 17 17 10 12 5 16 19 4 17 9 7 13 14 18 9 17 14 19 26
22 10 14 4 0 9 3 8 5 6 8 19 4 15 17 12 11 4 13 15 4 13 10 8 9 11 17 11 14 10 17 22
24 10 18 11 9 0 7 16 10 15 5 27 9 23 26 21 20 13 6 19 13 15 19 17 8 4 26 19 21 12 25 24
24 10 16 5 3 7 0 9 6 8 7 21 3 18 20 14 14 6 12 17 7 14 12 11 9 9 20 13 17 11 20 24
27 16 18 5 8 16 9 0 11 3 15 16 7 13 13 4 9 5 21 19 4 18 3 2 16 18 14 3 15 15 15 27
18 6 9 9 5 10 6 11 0 8 6 17 9 14 17 14 10 6 13 11 7 8 12 11 6 10 17 13 11 5 15 18
24 14 15 5 6 15 8 3 8 0 13 14 7 12 12 7 7 2 19 16 2 15 4 3 14 16 13 5 13 12 14 24
19 5 13 11 8 5 7 15 6 13 0 23 10 20 23 19 16 11 7 14 11 10 17 16 3 4 23 18 17 7 21 19
22 21 15 20 19 27 21 16 17 14 23 0 21 4 4 14 8 15 30 15 15 18 13 13 22 27 2 14 8 18 3 22
27 13 18 2 4 9 3 7 9 7 10 21 0 18 19 12 14 6 15 19 6 17 11 9 12 12 20 11 18 13 20 27
19 17 12 17 15 23 18 13 14 12 20 4 18 0 5 13 4 12 26 12 12 14 11 11 18 23 4 12 5 14 2 19
24 21 17 17 17 26 20 13 17 12 23 4 19 5 0 11 6 13 29 17 13 19 10 10 22 27 1 10 10 19 6 24
29 20 20 10 12 21 14 4 14 7 19 14 12 13 11 0 9 9 25 21 8 21 3 4 20 23 12 2 16 19 15 29
20 15 12 12 11 20 14 9 10 7 16 8 14 4 6 9 0 8 23 12 8 14 7 6 16 20 6 8 7 12 6 20
23 12 13 5 4 13 6 5 6 2 11 15 6 12 13 9 8 0 17 15 0 13 6 5 12 14 14 7 12 11 14 23
23 10 18 16 13 6 12 21 13 19 7 30 15 26 29 25 23 17 0 19 18 15 24 22 8 3 29 24 23 13 28 23
8 9 2 19 15 19 17 19 11 16 14 15 19 12 17 21 12 15 19 0 15 4 18 17 12 17 16 20 7 7 12 8
23 12 14 4 4 13 7 4 7 2 11 15 6 12 13 8 8 0 18 15 0 14 6 4 12 15 14 7 12 11 14 23
10 5 3 17 13 15 14 18 8 15 10 18 17 14 19 21 14 13 15 4 14 0 18 17 8 13 18 19 10 3 15 10
26 18 17 9 10 19 12 3 12 4 17 13 11 11 10 3 7 6 24 18 6 18 0 2 18 21 10 1 13 16 13 26
25 16 16 7 8 17 11 2 11 3 16 13 9 11 10 4 6 5 22 17 4 17 2 0 16 19 11 3 13 15 13 25
17 2 10 13 9 8 9 16 6 14 3 22 12 18 22 20 16 12 8 12 12 8 18 16 0 6 22 19 15 5 20 17
22 8 16 14 11 4 9 18 10 16 4 27 12 23 27 23 20 14 3 17 15 13 21 19 6 0 27 21 21 10 25 22
23 20 16 18 17 26 20 14 17 13 23 2 20 4 1 12 6 14 29 16 14 18 10 11 22 27 0 12 9 18 4 23
28 19 19 9 11 19 13 3 13 5 18 14 11 12 10 2 8 7 24 20 7 19 1 3 19 21 12 0 15 17 14 28
14 13 7 17 14 21 17 15 11 13 17 8 18 5 10 16 7 12 23 7 12 10 13 13 15 21 9 15 0 11 5 14
13 2 6 14 10 12 11 15 5 12 7 18 13 14 19 19 12 11 13 7 11 3 16 15 5 10 18 17 11 0 16 13
19 18 12 19 17 25 20 15 15 14 21 3 20 2 6 15 6 14 28 12 14 15 13 13 20 25 4 14 5 16 0 19
0 14 9 26 22 24 24 27 18 24 19 22 27 19 24 29 20 23 23 8 23 10 26 25 17 22 23 28 14 13 19 0
,
0 19 16 74 48 61 45 50 36 57 47 54 68 47 47 51 32 63 29 10 41 23 69 61 38 46 44 47 15 21 50 0
23 0 8 21 14 20 27 25 7 32 8 45 28 33 30 46 17 27 30 25 15 8 52 34 4 17 22 50 29 4 34 37
21 8 0 19 22 27 37 19 17 15 34 36 21 30 22 21 19 24 41 4 35 5 41 32 15 28 21 48 8 9 13 22
66 20 30 0 6 20 8 10 16 11 15 28 5 33 29 28 16 12 38 44 9 23 17 7 14 32 26 9 45 15 48 28
38 21 39 5 0 11 4 11 9 16 17 42 11 34 25 35 14 7 16 27 12 26 27 23 24 17 49 20 25 25 42 64
72 14 48 30 24 0 18 45 28 24 12 55 11 60 49 37 48 29 8 30 19 40 50 20 18 5 54 31 52 34 49 59
59 23 18 5 7 8 0 25 16 15 15 61 9 23 54 32 27 17 20 19 19 19 30 11 11 22 28 18 41 26 35 58
49 37 22 12 17 36 16 0 29 8 26 36 22 24 14 6 23 6 40 45 9 29 7 7 46 34 25 5 15 27 18 39
38 13 26 16 9 20 14 23 0 13 8 25 24 24 23 36 26 9 35 20 13 21 12 26 14 10 36 15 24 6 45 29
33 36 25 13 13 29 15 4 19 0 22 25 15 13 23 17 16 4 41 27 4 42 6 8 16 32 14 10 27 32 24 53
35 12 18 30 16 12 8 25 10 18 0 63 14 53 43 41 31 29 18 23 25 26 36 31 6 10 46 27 35 12 63 36
57 39 40 46 25 80 35 27 51 39 58 0 36 8 4 39 23 39 55 43 17 44 22 21 45 43 5 25 14 32 8 62
59 34 23 6 10 22 3 20 15 7 12 61 0 48 32 18 41 11 20 23 10 50 29 17 22 34 56 11 44 38 50 77
31 18 26 22 40 28 48 30 20 34 34 10 33 0 10 36 5 19 27 15 13 20 15 30 35 47 11 19 14 39 5 23
30 28 45 42 31 30 40 16 41 25 25 11 55 10 0 24 9 30 46 48 23 33 18 11 35 28 2 14 14 30 17 31
85 45 25 15 31 29 33 9 19 7 27 24 14 38 18 0 27 12 41 37 10 54 7 8 24 56 13 2 34 30 18 76
44 19 32 33 19 53 30 21 25 12 27 13 35 6 18 24 0 21 61 23 18 20 10 13 44 40 17 17 9 35 18 60
44 23 31 13 7 35 7 5 14 4 32 28 18 31 37 13 10 0 23 36 1 23 10 12 31 32 19 11 15 19 17 67
35 18 30 41 34 14 24 29 27 49 20 31 19 64 87 55 51 43 0 22 30 42 39 28 16 6 32 62 46 18 70 36
9 15 4 27 34 52 48 48 29 44 27 45 20 20 41 38 17 43 23 0 37 7 25 48 20 34 22 40 14 15 15 22
45 18 40 11 5 14 15 5 16 4 14 33 10 32 23 18 14 1 46 18 0 16 11 11 13 21 40 11 13 31 37 65
21 10 3 18 36 28 16 40 15 42 15 30 48 35 30 35 23 33 32 9 35 0 46 31 15 31 33 20 21 4 25 22
53 33 50 20 14 54 19 5 21 11 52 30 12 14 24 5 13 7 35 21 6 45 0 4 35 59 25 3 36 30 17 51
30 37 22 9 17 50 16 4 12 3 45 21 14 21 22 4 11 5 35 30 11 43 3 0 40 31 31 3 32 29 35 50
38 7 19 16 19 16 9 18 15 33 3 29 16 20 36 45 17 17 16 21 29 13 40 40 0 10 52 41 16 6 46 42
45 23 21 29 15 7 27 41 19 28 5 33 13 47 53 53 37 22 7 36 23 24 28 33 14 0 61 51 21 27 31 57
31 33 35 23 45 70 41 29 34 27 35 4 37 8 2 30 12 22 76 24 21 46 29 17 31 69 0 18 12 30 10 49
35 44 52 20 18 40 15 8 22 14 28 29 17 20 22 3 16 20 31 49 18 45 4 3 32 31 17 0 38 47 14 71
29 33 11 30 40 51 28 33 34 26 18 9 24 13 12 43 11 18 32 19 19 24 14 16 27 56 19 36 0 19 15 21
34 4 10 21 17 36 31 31 13 13 17 54 25 30 49 30 34 31 34 7 13 6 24 25 13 17 37 50 18 0 18 28
53 43 18 49 26 62 25 40 18 16 59 8 57 2 7 16 8 28 71 17 36 33 30 18 57 68 9 35 7 36 0 31
0 43 13 65 64 58 67 42 39 24 20 26 35 56 47 52 42 58 40 11 63 16 75 63 40 26 67 48 30 39 19 0