5
30
,
0 (27.0, 10.0) 30.0
1 (12.0, 14.0) 40.0
2 (40.0, 34.0) 47.0
3 (36.0, 27.0) 50.0
4 (47.0, 13.0) 48.0
5 (41.0, 25.0) 36.0
6 (33.0, 42.0) 35.0
7 (29.0, 21.0) 67.0
8 (30.0, 37.0) 42.0
9 (37.0, 12.0) 35.0
10 (2.0, 43.0) 34.0
11 (43.0, 31.0) 53.0
12 (7.0, 37.0) 36.0
13 (8.0, 47.0) 53.0
14 (29.0, 50.0) 36.0
15 (16.0, 37.0) 42.0
16 (31.0, 33.0) 83.0
17 (46.0, 2.0) 35.0
18 (9.0, 13.0) 57.0
19 (31.0, 34.0) 81.0
20 (17.0, 10.0) 50.0
21 (27.0, 45.0) 57.0
22 (28.0, 42.0) 51.0
23 (32.0, 10.0) 35.0
24 (43.0, 7.0) 64.0
25 (6.0, 45.0) 48.0
26 (29.0, 47.0) 53.0
27 (7.0, 27.0) 61.0
28 (23.0, 13.0) 73.0
29 (3.0, 37.0) 38.0
,
0 14 9 26 22 24 24 27 18 24 19 22 27 19 24 29 20 23 23 8 23 10 26 25 17 22 23 28 14 13 19 0
14 0 8 14 10 10 10 16 6 14 5 21 13 17 21 20 15 12 10 9 12 5 18 16 2 8 20 19 13 2 18 14
9 8 0 17 14 18 16 18 9 15 13 15 18 12 17 20 12 13 18 2 14 3 17 16 10 16 16 19 7 6 12 9
26 14 17 0 4 11 5 5 9 5 11 20 2 17 17 10 12 5 16 19 4 17 9 7 13 14 18 9 17 14 19 26
22 10 14 4 0 9 3 8 5 6 8 19 4 15 17 12 11 4 13 15 4 13 10 8 9 11 17 11 14 10 17 22
24 10 18 11 9 0 7 16 10 15 5 27 9 23 26 21 20 13 6 19 13 15 19 17 8 4 26 19 21 12 25 24
24 10 16 5 3 7 0 9 6 8 7 21 3 18 20 14 14 6 12 17 7 14 12 11 9 9 20 13 17 11 20 24
27 16 18 5 8 16 9 0 11 3 15 16 7 13 13 4 9 5 21 19 4 18 3 2 16 18 14 3 15 15 15 27
18 6 9 9 5 10 6 11 0 8 6 17 9 14 17 14 10 6 13 11 7 8 12 11 6 10 17 13 11 5 15 18
24 14 15 5 6 15 8 3 8 0 13 14 7 12 12 7 7 2 19 16 2 15 4 3 14 16 13 5 13 12 14 24
19 5 13 11 8 5 7 15 6 13 0 23 10 20 23 19 16 11 7 14 11 10 17 16 3 4 23 18 17 7 21 19
22 21 15 20 19 27 21 16 17 14 23 0 21 4 4 14 8 15 30 15 15 18 13 13 22 27 2 14 8 18 3 22
27 13 18 2 4 9 3 7 9 7 10 21 0 18 19 12 14 6 15 19 6 17 11 9 12 12 20 11 18 13 20 27
19 17 12 17 15 23 18 13 14 12 20 4 18 0 5 13 4 12 26 12 12 14 11 11 18 23 4 12 5 14 2 19
24 21 17 17 17 26 20 13 17 12 23 4 19 5 0 11 6 13 29 17 13 19 10 10 22 27 1 10 10 19 6 24
29 20 20 10 12 21 14 4 14 7 19 14 12 13 11 0 9 9 25 21 8 21 3 4 20 23 12 2 16 19 15 29
20 15 12 12 11 20 14 9 10 7 16 8 14 4 6 9 0 8 23 12 8 14 7 6 16 20 6 8 7 12 6 20
23 12 13 5 4 13 6 5 6 2 11 15 6 12 13 9 8 0 17 15 0 13 6 5 12 14 14 7 12 11 14 23
23 10 18 16 13 6 12 21 13 19 7 30 15 26 29 25 23 17 0 19 18 15 24 22 8 3 29 24 23 13 28 23
8 9 2 19 15 19 17 19 11 16 14 15 19 12 17 21 12 15 19 0 15 4 18 17 12 17 16 20 7 7 12 8
23 12 14 4 4 13 7 4 7 2 11 15 6 12 13 8 8 0 18 15 0 14 6 4 12 15 14 7 12 11 14 23
10 5 3 17 13 15 14 18 8 15 10 18 17 14 19 21 14 13 15 4 14 0 18 17 8 13 18 19 10 3 15 10
26 18 17 9 10 19 12 3 12 4 17 13 11 11 10 3 7 6 24 18 6 18 0 2 18 21 10 1 13 16 13 26
25 16 16 7 8 17 11 2 11 3 16 13 9 11 10 4 6 5 22 17 4 17 2 0 16 19 11 3 13 15 13 25
17 2 10 13 9 8 9 16 6 14 3 22 12 18 22 20 16 12 8 12 12 8 18 16 0 6 22 19 15 5 20 17
22 8 16 14 11 4 9 18 10 16 4 27 12 23 27 23 20 14 3 17 15 13 21 19 6 0 27 21 21 10 25 22
23 20 16 18 17 26 20 14 17 13 23 2 20 4 1 12 6 14 29 16 14 18 10 11 22 27 0 12 9 18 4 23
28 19 19 9 11 19 13 3 13 5 18 14 11 12 10 2 8 7 24 20 7 19 1 3 19 21 12 0 15 17 14 28
14 13 7 17 14 21 17 15 11 13 17 8 18 5 10 16 7 12 23 7 12 10 13 13 15 21 9 15 0 11 5 14
13 2 6 14 10 12 11 15 5 12 7 18 13 14 19 19 12 11 13 7 11 3 16 15 5 10 18 17 11 0 16 13
19 18 12 19 17 25 20 15 15 14 21 3 20 2 6 15 6 14 28 12 14 15 13 13 20 25 4 14 5 16 0 19
0 14 9 26 22 24 24 27 18 24 19 22 27 19 24 29 20 23 23 8 23 10 26 25 17 22 23 28 14 13 19 0
,
0 43 10 55 62 61 64 38 38 34 26 50 32 50 42 66 30 23 69 9 41 18 76 41 27 26 35 45 18 17 19 0
38 0 14 29 10 22 31 35 8 40 10 62 32 28 24 41 32 32 24 26 34 14 33 30 5 23 39 19 28 4 19 28
27 20 0 51 16 32 31 51 13 40 32 29 39 16 35 38 27 16 35 3 28 5 38 26 16 32 38 39 12 6 25 18
47 23 48 0 11 30 9 11 17 8 25 44 4 43 20 10 17 8 23 35 5 24 17 7 31 22 46 14 34 37 21 70
29 22 30 4 0 25 7 22 13 12 19 37 4 37 19 16 33 4 37 30 7 38 20 19 23 29 50 15 38 10 27 40
40 23 21 20 11 0 19 46 11 26 11 41 20 68 41 47 49 38 6 56 23 24 20 24 23 10 43 29 45 29 42 28
62 10 19 9 3 20 0 11 19 16 12 30 8 26 21 29 17 14 13 28 19 27 16 13 13 26 59 36 37 29 38 70
27 26 25 9 22 45 21 0 28 8 16 18 19 22 17 7 13 10 34 31 12 25 4 7 31 39 28 6 43 35 40 62
40 12 25 13 11 22 8 21 0 10 11 43 24 30 44 17 30 13 27 25 16 8 32 21 10 29 22 26 22 14 22 47
56 25 20 14 17 32 11 4 17 0 29 24 13 29 17 14 8 4 54 32 4 32 6 7 14 47 20 13 34 31 20 47
54 12 22 29 10 14 15 26 8 25 0 40 11 49 46 26 16 31 8 19 15 14 27 19 4 11 66 34 50 18 32 25
44 43 26 26 42 80 43 37 25 33 28 0 59 8 5 27 9 38 75 25 19 30 33 38 61 46 4 18 13 39 5 49
57 20 21 4 4 19 6 8 25 15 16 38 0 20 36 13 32 11 27 22 7 19 24 26 22 21 48 24 34 40 49 70
35 41 20 22 16 54 46 37 15 28 32 12 36 0 14 24 10 24 73 18 31 34 21 17 43 56 7 17 12 38 6 30
65 38 44 33 23 28 33 34 48 36 67 11 37 13 0 13 19 24 79 21 29 21 17 26 30 40 4 30 28 38 13 53
46 52 53 10 13 21 39 8 35 16 39 21 25 35 29 0 10 16 35 44 11 29 6 7 22 35 19 4 26 19 36 75
50 18 23 17 17 20 38 25 16 17 39 14 24 10 15 14 0 12 41 26 10 37 18 11 25 43 18 14 16 23 7 37
53 12 40 14 5 21 12 7 14 5 27 38 7 34 24 12 23 0 18 44 1 18 8 11 17 16 34 10 28 29 25 24
60 20 23 37 21 7 19 22 18 37 12 90 17 64 71 55 28 25 0 33 51 27 65 56 19 6 67 58 26 32 32 34
15 17 3 21 19 31 44 37 28 18 29 42 24 32 46 57 23 32 34 0 18 11 27 40 34 49 28 31 19 12 32 16
28 13 40 8 8 18 15 10 7 3 20 29 17 20 25 16 17 1 30 37 0 24 6 10 22 32 20 10 33 22 32 23
20 14 7 26 23 33 30 31 22 18 18 25 20 18 57 42 38 35 20 9 17 0 43 46 19 20 43 22 29 5 43 16
52 37 31 14 17 55 14 7 32 5 46 28 32 28 25 7 18 10 60 54 11 50 0 2 53 57 18 3 28 41 26 64
26 23 18 17 20 35 21 4 18 8 45 32 21 24 15 6 10 11 27 40 11 39 4 0 16 50 19 5 14 43 24 45
32 4 11 18 17 16 25 17 12 22 4 47 24 55 54 54 23 34 14 18 15 20 50 34 0 11 53 30 15 14 39 42
54 21 36 35 12 8 22 20 10 45 8 62 31 44 33 53 25 17 6 48 22 32 46 49 10 0 37 63 22 14 30 52
46 39 23 41 22 72 22 34 32 26 49 6 39 5 4 33 7 29 35 20 31 37 27 24 59 34 0 25 13 21 12 62
74 54 24 22 13 21 34 6 27 9 50 29 25 17 19 2 23 9 28 22 16 37 3 3 52 40 13 0 21 50 17 68
28 25 11 32 39 56 45 30 20 29 45 22 38 14 22 19 8 29 28 14 20 17 20 28 35 60 25 28 0 12 16 31
16 5 16 38 22 22 26 33 14 26 20 19 37 43 48 48 22 31 14 18 14 8 44 29 9 23 18 21 12 0 45 27
27 37 37 33 47 70 42 41 20 38 44 3 25 4 12 15 9 30 59 33 27 41 32 33 46 45 9 41 11 20 0 48
0 23 19 37 39 36 38 66 46 56 35 64 31 27 39 35 22 24 39 13 52 29 74 39 34 26 50 48 31 29 28 0