5
30
,
0 (27.0, 10.0) 52.0
1 (12.0, 14.0) 79.0
2 (40.0, 34.0) 45.0
3 (36.0, 27.0) 33.0
4 (47.0, 13.0) 88.0
5 (41.0, 25.0) 37.0
6 (33.0, 42.0) 61.0
7 (29.0, 21.0) 80.0
8 (30.0, 37.0) 53.0
9 (37.0, 12.0) 33.0
10 (2.0, 43.0) 53.0
11 (43.0, 31.0) 64.0
12 (7.0, 37.0) 33.0
13 (8.0, 47.0) 30.0
14 (29.0, 50.0) 70.0
15 (16.0, 37.0) 71.0
16 (31.0, 33.0) 39.0
17 (46.0, 2.0) 35.0
18 (9.0, 13.0) 56.0
19 (31.0, 34.0) 49.0
20 (17.0, 10.0) 34.0
21 (27.0, 45.0) 39.0
22 (28.0, 42.0) 40.0
23 (32.0, 10.0) 69.0
24 (43.0, 7.0) 31.0
25 (6.0, 45.0) 73.0
26 (29.0, 47.0) 73.0
27 (7.0, 27.0) 57.0
28 (23.0, 13.0) 83.0
29 (3.0, 37.0) 69.0
,
0 14 9 26 22 24 24 27 18 24 19 22 27 19 24 29 20 23 23 8 23 10 26 25 17 22 23 28 14 13 19 0
14 0 8 14 10 10 10 16 6 14 5 21 13 17 21 20 15 12 10 9 12 5 18 16 2 8 20 19 13 2 18 14
9 8 0 17 14 18 16 18 9 15 13 15 18 12 17 20 12 13 18 2 14 3 17 16 10 16 16 19 7 6 12 9
26 14 17 0 4 11 5 5 9 5 11 20 2 17 17 10 12 5 16 19 4 17 9 7 13 14 18 9 17 14 19 26
22 10 14 4 0 9 3 8 5 6 8 19 4 15 17 12 11 4 13 15 4 13 10 8 9 11 17 11 14 10 17 22
24 10 18 11 9 0 7 16 10 15 5 27 9 23 26 21 20 13 6 19 13 15 19 17 8 4 26 19 21 12 25 24
24 10 16 5 3 7 0 9 6 8 7 21 3 18 20 14 14 6 12 17 7 14 12 11 9 9 20 13 17 11 20 24
27 16 18 5 8 16 9 0 11 3 15 16 7 13 13 4 9 5 21 19 4 18 3 2 16 18 14 3 15 15 15 27
18 6 9 9 5 10 6 11 0 8 6 17 9 14 17 14 10 6 13 11 7 8 12 11 6 10 17 13 11 5 15 18
24 14 15 5 6 15 8 3 8 0 13 14 7 12 12 7 7 2 19 16 2 15 4 3 14 16 13 5 13 12 14 24
19 5 13 11 8 5 7 15 6 13 0 23 10 20 23 19 16 11 7 14 11 10 17 16 3 4 23 18 17 7 21 19
22 21 15 20 19 27 21 16 17 14 23 0 21 4 4 14 8 15 30 15 15 18 13 13 22 27 2 14 8 18 3 22
27 13 18 2 4 9 3 7 9 7 10 21 0 18 19 12 14 6 15 19 6 17 11 9 12 12 20 11 18 13 20 27
19 17 12 17 15 23 18 13 14 12 20 4 18 0 5 13 4 12 26 12 12 14 11 11 18 23 4 12 5 14 2 19
24 21 17 17 17 26 20 13 17 12 23 4 19 5 0 11 6 13 29 17 13 19 10 10 22 27 1 10 10 19 6 24
29 20 20 10 12 21 14 4 14 7 19 14 12 13 11 0 9 9 25 21 8 21 3 4 20 23 12 2 16 19 15 29
20 15 12 12 11 20 14 9 10 7 16 8 14 4 6 9 0 8 23 12 8 14 7 6 16 20 6 8 7 12 6 20
23 12 13 5 4 13 6 5 6 2 11 15 6 12 13 9 8 0 17 15 0 13 6 5 12 14 14 7 12 11 14 23
23 10 18 16 13 6 12 21 13 19 7 30 15 26 29 25 23 17 0 19 18 15 24 22 8 3 29 24 23 13 28 23
8 9 2 19 15 19 17 19 11 16 14 15 19 12 17 21 12 15 19 0 15 4 18 17 12 17 16 20 7 7 12 8
23 12 14 4 4 13 7 4 7 2 11 15 6 12 13 8 8 0 18 15 0 14 6 4 12 15 14 7 12 11 14 23
10 5 3 17 13 15 14 18 8 15 10 18 17 14 19 21 14 13 15 4 14 0 18 17 8 13 18 19 10 3 15 10
26 18 17 9 10 19 12 3 12 4 17 13 11 11 10 3 7 6 24 18 6 18 0 2 18 21 10 1 13 16 13 26
25 16 16 7 8 17 11 2 11 3 16 13 9 11 10 4 6 5 22 17 4 17 2 0 16 19 11 3 13 15 13 25
17 2 10 13 9 8 9 16 6 14 3 22 12 18 22 20 16 12 8 12 12 8 18 16 0 6 22 19 15 5 20 17
22 8 16 14 11 4 9 18 10 16 4 27 12 23 27 23 20 14 3 17 15 13 21 19 6 0 27 21 21 10 25 22
23 20 16 18 17 26 20 14 17 13 23 2 20 4 1 12 6 14 29 16 14 18 10 11 22 27 0 12 9 18 4 23
28 19 19 9 11 19 13 3 13 5 18 14 11 12 10 2 8 7 24 20 7 19 1 3 19 21 12 0 15 17 14 28
14 13 7 17 14 21 17 15 11 13 17 8 18 5 10 16 7 12 23 7 12 10 13 13 15 21 9 15 0 11 5 14
13 2 6 14 10 12 11 15 5 12 7 18 13 14 19 19 12 11 13 7 11 3 16 15 5 10 18 17 11 0 16 13
19 18 12 19 17 25 20 15 15 14 21 3 20 2 6 15 6 14 28 12 14 15 13 13 20 25 4 14 5 16 0 19
0 14 9 26 22 24 24 27 18 24 19 22 27 19 24 29 20 23 23 8 23 10 26 25 17 22 23 28 14 13 19 0
,
0 19 22 54 54 43 60 63 45 60 49 30 69 43 42 76 50 30 42 10 36 24 61 30 45 58 56 45 19 26 51 0
33 0 10 28 15 10 11 34 8 14 8 26 14 46 59 32 35 34 11 13 35 14 21 40 3 16 51 35 21 6 29 21
20 22 0 24 26 25 40 22 18 37 13 29 40 15 38 41 16 35 52 3 16 9 25 47 27 43 27 47 8 9 27 11
60 38 44 0 9 18 11 6 15 7 15 25 6 30 28 22 20 9 25 40 11 49 19 9 30 29 39 24 38 23 38 69
46 12 37 8 0 11 5 15 11 11 8 35 4 16 49 25 21 7 35 39 7 28 13 12 14 21 46 22 39 11 35 50
71 19 51 31 14 0 11 36 17 18 5 40 24 24 55 54 27 19 15 20 40 38 40 19 23 8 77 26 31 23 36 61
54 30 25 6 6 11 0 11 18 13 17 25 9 28 45 32 33 12 30 25 11 42 21 23 10 26 44 34 36 17 60 60
69 46 18 13 12 34 12 0 13 3 43 25 13 35 31 9 14 11 42 28 5 45 6 5 26 25 21 9 16 34 19 80
30 11 19 22 6 15 7 19 0 19 12 42 25 40 21 30 18 8 21 32 17 16 19 17 14 23 48 23 17 14 28 31
39 39 29 15 9 31 23 3 15 0 27 19 8 22 24 7 8 6 22 35 3 22 10 7 23 23 25 14 22 15 33 25
40 11 17 18 9 6 13 34 11 21 0 51 13 48 53 39 30 28 15 38 23 27 34 24 5 6 46 47 36 10 27 28
62 26 16 31 52 30 24 41 26 23 58 0 22 4 5 20 14 43 50 45 37 38 33 21 34 34 4 31 20 24 7 32
35 16 25 3 7 26 7 10 15 17 16 58 0 22 52 19 36 15 42 54 11 20 27 10 22 20 25 18 52 39 47 49
50 47 24 32 39 34 32 21 24 32 22 6 23 0 9 16 13 32 51 27 31 31 19 27 47 61 4 35 14 19 6 27
29 60 35 45 18 65 29 33 23 21 45 9 29 10 0 21 7 38 71 32 17 31 26 21 24 76 4 18 25 31 15 70
54 59 45 12 32 52 28 13 40 11 43 34 16 20 13 0 20 13 60 32 18 59 8 11 27 36 25 4 38 53 15 76
57 20 15 13 18 47 16 26 17 12 30 13 19 8 15 19 0 15 33 13 14 37 18 16 41 51 15 22 10 16 19 42
24 28 38 8 10 23 14 9 17 6 21 27 16 18 31 19 17 0 22 41 1 20 14 8 31 17 22 12 33 12 39 39
57 24 38 37 18 9 25 47 34 52 9 88 41 50 83 52 40 34 0 28 39 36 24 52 14 8 62 37 45 29 56 33
20 16 4 48 18 29 28 43 32 21 28 42 45 24 33 54 34 16 21 0 40 5 34 43 31 37 44 50 17 15 25 22
57 21 33 8 5 29 16 8 16 3 18 21 18 23 28 9 12 1 32 38 0 38 9 11 12 24 18 18 28 28 28 47
11 6 6 44 36 31 36 31 14 39 21 27 28 14 31 49 37 16 34 7 33 0 54 40 17 30 42 41 21 6 39 17
70 18 36 10 13 46 32 7 22 5 41 27 23 14 22 6 7 10 70 39 14 47 0 2 33 37 15 3 21 33 32 78
63 28 34 17 14 29 17 3 17 7 16 39 18 27 16 8 18 7 63 49 13 18 4 0 30 57 14 6 27 31 36 31
33 3 24 28 15 8 23 39 17 39 8 64 14 32 55 33 29 26 23 13 19 16 38 30 0 10 42 53 22 10 34 22
59 14 25 29 18 10 25 45 23 23 6 78 22 46 62 64 32 19 7 21 37 36 44 45 7 0 52 57 51 17 60 25
34 27 39 25 46 40 52 15 26 15 38 5 34 8 3 24 15 16 47 19 26 46 13 12 23 54 0 28 19 18 11 31
82 48 49 10 24 31 22 7 25 11 38 17 23 34 17 2 10 8 34 41 8 26 4 3 38 50 19 0 17 37 30 37
35 23 15 30 35 53 38 17 30 25 35 25 34 9 23 39 20 17 45 8 31 24 16 34 39 41 22 36 0 29 6 19
26 6 6 23 10 14 12 18 10 25 15 50 28 20 55 33 26 23 18 12 20 7 37 17 14 19 47 19 29 0 43 34
24 20 25 26 43 38 32 40 35 16 44 5 46 6 6 29 17 30 83 20 30 36 37 26 25 54 7 17 11 29 0 48
0 26 15 73 59 51 60 47 23 37 33 31 64 36 27 59 53 45 28 16 42 23 36 44 40 53 62 41 25 32 36 0