5
30
,
0 (27.0, 10.0) 46.0
1 (12.0, 14.0) 84.0
2 (40.0, 34.0) 31.0
3 (36.0, 27.0) 34.0
4 (47.0, 13.0) 40.0
5 (41.0, 25.0) 36.0
6 (33.0, 42.0) 85.0
7 (29.0, 21.0) 53.0
8 (30.0, 37.0) 87.0
9 (37.0, 12.0) 37.0
10 (2.0, 43.0) 35.0
11 (43.0, 31.0) 59.0
12 (7.0, 37.0) 54.0
13 (8.0, 47.0) 35.0
14 (29.0, 50.0) 40.0
15 (16.0, 37.0) 50.0
16 (31.0, 33.0) 60.0
17 (46.0, 2.0) 31.0
18 (9.0, 13.0) 62.0
19 (31.0, 34.0) 35.0
20 (17.0, 10.0) 41.0
21 (27.0, 45.0) 44.0
22 (28.0, 42.0) 73.0
23 (32.0, 10.0) 53.0
24 (43.0, 7.0) 33.0
25 (6.0, 45.0) 37.0
26 (29.0, 47.0) 83.0
27 (7.0, 27.0) 48.0
28 (23.0, 13.0) 61.0
29 (3.0, 37.0) 45.0
,
0 14 9 26 22 24 24 27 18 24 19 22 27 19 24 29 20 23 23 8 23 10 26 25 17 22 23 28 14 13 19 0
14 0 8 14 10 10 10 16 6 14 5 21 13 17 21 20 15 12 10 9 12 5 18 16 2 8 20 19 13 2 18 14
9 8 0 17 14 18 16 18 9 15 13 15 18 12 17 20 12 13 18 2 14 3 17 16 10 16 16 19 7 6 12 9
26 14 17 0 4 11 5 5 9 5 11 20 2 17 17 10 12 5 16 19 4 17 9 7 13 14 18 9 17 14 19 26
22 10 14 4 0 9 3 8 5 6 8 19 4 15 17 12 11 4 13 15 4 13 10 8 9 11 17 11 14 10 17 22
24 10 18 11 9 0 7 16 10 15 5 27 9 23 26 21 20 13 6 19 13 15 19 17 8 4 26 19 21 12 25 24
24 10 16 5 3 7 0 9 6 8 7 21 3 18 20 14 14 6 12 17 7 14 12 11 9 9 20 13 17 11 20 24
27 16 18 5 8 16 9 0 11 3 15 16 7 13 13 4 9 5 21 19 4 18 3 2 16 18 14 3 15 15 15 27
18 6 9 9 5 10 6 11 0 8 6 17 9 14 17 14 10 6 13 11 7 8 12 11 6 10 17 13 11 5 15 18
24 14 15 5 6 15 8 3 8 0 13 14 7 12 12 7 7 2 19 16 2 15 4 3 14 16 13 5 13 12 14 24
19 5 13 11 8 5 7 15 6 13 0 23 10 20 23 19 16 11 7 14 11 10 17 16 3 4 23 18 17 7 21 19
22 21 15 20 19 27 21 16 17 14 23 0 21 4 4 14 8 15 30 15 15 18 13 13 22 27 2 14 8 18 3 22
27 13 18 2 4 9 3 7 9 7 10 21 0 18 19 12 14 6 15 19 6 17 11 9 12 12 20 11 18 13 20 27
19 17 12 17 15 23 18 13 14 12 20 4 18 0 5 13 4 12 26 12 12 14 11 11 18 23 4 12 5 14 2 19
24 21 17 17 17 26 20 13 17 12 23 4 19 5 0 11 6 13 29 17 13 19 10 10 22 27 1 10 10 19 6 24
29 20 20 10 12 21 14 4 14 7 19 14 12 13 11 0 9 9 25 21 8 21 3 4 20 23 12 2 16 19 15 29
20 15 12 12 11 20 14 9 10 7 16 8 14 4 6 9 0 8 23 12 8 14 7 6 16 20 6 8 7 12 6 20
23 12 13 5 4 13 6 5 6 2 11 15 6 12 13 9 8 0 17 15 0 13 6 5 12 14 14 7 12 11 14 23
23 10 18 16 13 6 12 21 13 19 7 30 15 26 29 25 23 17 0 19 18 15 24 22 8 3 29 24 23 13 28 23
8 9 2 19 15 19 17 19 11 16 14 15 19 12 17 21 12 15 19 0 15 4 18 17 12 17 16 20 7 7 12 8
23 12 14 4 4 13 7 4 7 2 11 15 6 12 13 8 8 0 18 15 0 14 6 4 12 15 14 7 12 11 14 23
10 5 3 17 13 15 14 18 8 15 10 18 17 14 19 21 14 13 15 4 14 0 18 17 8 13 18 19 10 3 15 10
26 18 17 9 10 19 12 3 12 4 17 13 11 11 10 3 7 6 24 18 6 18 0 2 18 21 10 1 13 16 13 26
25 16 16 7 8 17 11 2 11 3 16 13 9 11 10 4 6 5 22 17 4 17 2 0 16 19 11 3 13 15 13 25
17 2 10 13 9 8 9 16 6 14 3 22 12 18 22 20 16 12 8 12 12 8 18 16 0 6 22 19 15 5 20 17
22 8 16 14 11 4 9 18 10 16 4 27 12 23 27 23 20 14 3 17 15 13 21 19 6 0 27 21 21 10 25 22
23 20 16 18 17 26 20 14 17 13 23 2 20 4 1 12 6 14 29 16 14 18 10 11 22 27 0 12 9 18 4 23
28 19 19 9 11 19 13 3 13 5 18 14 11 12 10 2 8 7 24 20 7 19 1 3 19 21 12 0 15 17 14 28
14 13 7 17 14 21 17 15 11 13 17 8 18 5 10 16 7 12 23 7 12 10 13 13 15 21 9 15 0 11 5 14
13 2 6 14 10 12 11 15 5 12 7 18 13 14 19 19 12 11 13 7 11 3 16 15 5 10 18 17 11 0 16 13
19 18 12 19 17 25 20 15 15 14 21 3 20 2 6 15 6 14 28 12 14 15 13 13 20 25 4 14 5 16 0 19
0 14 9 26 22 24 24 27 18 24 19 22 27 19 24 29 20 23 23 8 23 10 26 25 17 22 23 28 14 13 19 0
,
0 41 12 52 45 51 27 78 46 50 48 59 54 27 52 45 23 49 40 12 54 18 49 40 28 41 57 62 21 33 48 0
43 0 18 35 28 22 19 40 10 35 5 57 24 23 42 42 18 17 12 16 33 14 21 18 4 15 33 52 23 3 46 23
17 17 0 23 17 25 34 44 17 16 36 18 25 20 18 51 15 40 36 3 18 5 18 19 25 16 28 25 9 15 17 10
31 20 36 0 5 31 13 12 11 8 30 54 5 21 49 26 33 6 41 48 6 26 22 21 14 34 52 14 30 33 42 59
28 24 25 12 0 25 5 15 8 9 14 38 7 31 19 17 18 7 39 40 10 28 19 9 15 13 28 14 16 10 26 62
65 19 26 24 15 0 15 25 27 22 12 55 14 39 36 61 58 13 14 52 21 36 31 28 12 9 43 45 33 34 40 39
46 16 43 5 3 15 0 15 7 10 19 37 9 40 31 14 19 19 23 45 19 37 16 32 18 20 28 25 27 22 58 48
32 32 31 11 14 32 17 0 15 7 20 38 8 25 32 11 12 7 58 36 10 35 8 7 18 40 38 4 44 18 33 39
28 16 13 11 9 19 13 23 0 11 15 46 11 36 19 33 29 6 22 22 16 11 26 23 15 11 39 32 20 14 36 24
52 34 25 9 17 25 24 5 10 0 33 27 12 30 24 19 12 4 34 39 3 39 8 6 19 33 18 5 16 25 35 26
58 13 35 25 8 15 11 33 11 33 0 63 10 52 54 50 30 20 16 15 21 21 41 25 4 10 47 48 23 7 21 47
50 43 33 45 33 68 40 39 45 26 60 0 38 8 11 24 20 29 90 40 22 50 29 24 38 33 5 22 21 31 5 45
28 19 42 2 8 23 9 12 13 15 12 56 0 21 46 21 37 10 43 46 9 48 18 23 33 21 44 23 31 16 39 41
38 45 24 43 42 43 18 35 22 15 45 5 21 0 12 22 6 29 39 20 36 31 29 24 25 24 12 14 13 15 5 38
59 62 21 18 25 76 23 20 47 34 66 10 49 7 0 18 16 33 41 18 33 42 28 19 36 34 2 25 26 38 15 70
84 56 24 10 13 49 34 5 20 11 46 41 27 35 25 0 12 19 47 39 22 38 5 6 24 50 23 3 26 27 34 70
45 19 26 21 19 58 21 10 25 10 38 14 29 10 19 25 0 11 64 37 12 26 18 14 22 31 11 9 16 31 15 34
32 30 14 6 5 33 14 10 17 3 31 29 14 21 18 18 19 0 31 23 1 38 11 13 34 32 37 10 24 30 26 57
50 24 36 25 15 8 23 51 15 37 20 46 26 48 66 44 52 29 0 47 34 37 30 52 15 5 54 45 41 13 49 50
16 21 4 50 30 42 34 38 25 33 32 18 26 23 47 27 15 42 37 0 44 6 23 51 26 35 16 39 20 17 18 11
62 29 21 9 5 19 10 11 13 4 32 34 13 17 32 21 15 1 51 17 0 42 7 7 20 17 14 17 28 27 30 34
29 13 10 34 24 25 14 26 11 33 20 27 19 22 21 47 40 38 20 11 26 0 22 25 19 17 48 55 17 5 24 13
71 39 19 20 11 51 26 7 17 10 24 15 27 19 20 5 18 9 32 50 9 34 0 4 48 25 22 3 25 43 20 65
27 32 23 19 18 44 14 5 22 4 38 28 14 26 21 10 7 14 25 24 10 31 3 0 23 46 17 3 27 23 28 56
25 3 16 29 22 22 10 39 7 36 7 60 30 47 23 20 31 27 21 19 18 9 36 26 0 7 60 45 28 12 36 32
22 12 45 40 26 6 13 29 19 44 6 56 13 57 59 43 60 34 5 39 43 34 56 30 9 0 70 57 54 25 50 33
47 61 43 40 28 32 56 17 21 31 28 5 49 9 2 13 11 32 57 42 26 34 21 28 46 50 0 34 20 24 6 52
56 29 39 18 12 37 27 9 25 8 50 32 28 17 16 4 15 12 71 40 15 44 2 7 26 26 19 0 39 46 39 71
39 27 9 50 36 63 28 29 29 19 28 11 51 12 22 34 12 30 47 15 19 12 22 18 42 21 9 24 0 24 16 25
24 4 8 28 28 19 26 17 6 13 9 24 21 40 28 19 15 25 18 10 30 9 48 28 8 15 29 43 14 0 25 14
37 39 24 41 24 32 40 35 28 19 44 6 52 2 14 26 19 17 43 17 34 34 27 22 28 44 5 28 13 17 0 36
0 42 14 50 30 68 30 35 27 55 36 60 52 36 51 59 44 56 66 11 46 18 59 63 21 30 36 70 20 25 27 0