5
30
,
0 (27.0, 10.0) 59.0
1 (12.0, 14.0) 33.0
2 (40.0, 34.0) 44.0
3 (36.0, 27.0) 78.0
4 (47.0, 13.0) 41.0
5 (41.0, 25.0) 70.0
6 (33.0, 42.0) 31.0
7 (29.0, 21.0) 84.0
8 (30.0, 37.0) 34.0
9 (37.0, 12.0) 38.0
10 (2.0, 43.0) 40.0
11 (43.0, 31.0) 45.0
12 (7.0, 37.0) 82.0
13 (8.0, 47.0) 46.0
14 (29.0, 50.0) 38.0
15 (16.0, 37.0) 33.0
16 (31.0, 33.0) 88.0
17 (46.0, 2.0) 34.0
18 (9.0, 13.0) 88.0
19 (31.0, 34.0) 75.0
20 (17.0, 10.0) 57.0
21 (27.0, 45.0) 68.0
22 (28.0, 42.0) 63.0
23 (32.0, 10.0) 76.0
24 (43.0, 7.0) 42.0
25 (6.0, 45.0) 60.0
26 (29.0, 47.0) 51.0
27 (7.0, 27.0) 31.0
28 (23.0, 13.0) 83.0
29 (3.0, 37.0) 89.0
,
0 14 9 26 22 24 24 27 18 24 19 22 27 19 24 29 20 23 23 8 23 10 26 25 17 22 23 28 14 13 19 0
14 0 8 14 10 10 10 16 6 14 5 21 13 17 21 20 15 12 10 9 12 5 18 16 2 8 20 19 13 2 18 14
9 8 0 17 14 18 16 18 9 15 13 15 18 12 17 20 12 13 18 2 14 3 17 16 10 16 16 19 7 6 12 9
26 14 17 0 4 11 5 5 9 5 11 20 2 17 17 10 12 5 16 19 4 17 9 7 13 14 18 9 17 14 19 26
22 10 14 4 0 9 3 8 5 6 8 19 4 15 17 12 11 4 13 15 4 13 10 8 9 11 17 11 14 10 17 22
24 10 18 11 9 0 7 16 10 15 5 27 9 23 26 21 20 13 6 19 13 15 19 17 8 4 26 19 21 12 25 24
24 10 16 5 3 7 0 9 6 8 7 21 3 18 20 14 14 6 12 17 7 14 12 11 9 9 20 13 17 11 20 24
27 16 18 5 8 16 9 0 11 3 15 16 7 13 13 4 9 5 21 19 4 18 3 2 16 18 14 3 15 15 15 27
18 6 9 9 5 10 6 11 0 8 6 17 9 14 17 14 10 6 13 11 7 8 12 11 6 10 17 13 11 5 15 18
24 14 15 5 6 15 8 3 8 0 13 14 7 12 12 7 7 2 19 16 2 15 4 3 14 16 13 5 13 12 14 24
19 5 13 11 8 5 7 15 6 13 0 23 10 20 23 19 16 11 7 14 11 10 17 16 3 4 23 18 17 7 21 19
22 21 15 20 19 27 21 16 17 14 23 0 21 4 4 14 8 15 30 15 15 18 13 13 22 27 2 14 8 18 3 22
27 13 18 2 4 9 3 7 9 7 10 21 0 18 19 12 14 6 15 19 6 17 11 9 12 12 20 11 18 13 20 27
19 17 12 17 15 23 18 13 14 12 20 4 18 0 5 13 4 12 26 12 12 14 11 11 18 23 4 12 5 14 2 19
24 21 17 17 17 26 20 13 17 12 23 4 19 5 0 11 6 13 29 17 13 19 10 10 22 27 1 10 10 19 6 24
29 20 20 10 12 21 14 4 14 7 19 14 12 13 11 0 9 9 25 21 8 21 3 4 20 23 12 2 16 19 15 29
20 15 12 12 11 20 14 9 10 7 16 8 14 4 6 9 0 8 23 12 8 14 7 6 16 20 6 8 7 12 6 20
23 12 13 5 4 13 6 5 6 2 11 15 6 12 13 9 8 0 17 15 0 13 6 5 12 14 14 7 12 11 14 23
23 10 18 16 13 6 12 21 13 19 7 30 15 26 29 25 23 17 0 19 18 15 24 22 8 3 29 24 23 13 28 23
8 9 2 19 15 19 17 19 11 16 14 15 19 12 17 21 12 15 19 0 15 4 18 17 12 17 16 20 7 7 12 8
23 12 14 4 4 13 7 4 7 2 11 15 6 12 13 8 8 0 18 15 0 14 6 4 12 15 14 7 12 11 14 23
10 5 3 17 13 15 14 18 8 15 10 18 17 14 19 21 14 13 15 4 14 0 18 17 8 13 18 19 10 3 15 10
26 18 17 9 10 19 12 3 12 4 17 13 11 11 10 3 7 6 24 18 6 18 0 2 18 21 10 1 13 16 13 26
25 16 16 7 8 17 11 2 11 3 16 13 9 11 10 4 6 5 22 17 4 17 2 0 16 19 11 3 13 15 13 25
17 2 10 13 9 8 9 16 6 14 3 22 12 18 22 20 16 12 8 12 12 8 18 16 0 6 22 19 15 5 20 17
22 8 16 14 11 4 9 18 10 16 4 27 12 23 27 23 20 14 3 17 15 13 21 19 6 0 27 21 21 10 25 22
23 20 16 18 17 26 20 14 17 13 23 2 20 4 1 12 6 14 29 16 14 18 10 11 22 27 0 12 9 18 4 23
28 19 19 9 11 19 13 3 13 5 18 14 11 12 10 2 8 7 24 20 7 19 1 3 19 21 12 0 15 17 14 28
14 13 7 17 14 21 17 15 11 13 17 8 18 5 10 16 7 12 23 7 12 10 13 13 15 21 9 15 0 11 5 14
13 2 6 14 10 12 11 15 5 12 7 18 13 14 19 19 12 11 13 7 11 3 16 15 5 10 18 17 11 0 16 13
19 18 12 19 17 25 20 15 15 14 21 3 20 2 6 15 6 14 28 12 14 15 13 13 20 25 4 14 5 16 0 19
0 14 9 26 22 24 24 27 18 24 19 22 27 19 24 29 20 23 23 8 23 10 26 25 17 22 23 28 14 13 19 0
,
0 27 12 78 48 43 62 36 45 71 55 29 51 53 63 79 41 42 32 10 58 27 36 63 30 43 66 54 41 15 33 0
24 0 11 41 18 12 31 28 11 15 14 45 14 35 32 54 15 14 20 25 17 13 45 34 7 14 52 55 28 6 32 37
23 21 0 18 23 25 17 35 25 18 20 25 32 27 31 55 34 37 41 3 31 7 29 27 28 20 22 38 8 7 19 19
61 17 22 0 6 27 6 12 9 7 21 25 6 36 47 28 36 10 39 26 7 45 13 21 32 37 28 10 19 30 53 28
49 20 33 8 0 16 7 21 11 7 19 38 10 33 25 28 28 5 19 35 6 17 16 16 12 14 41 16 34 12 36 49
47 19 21 15 13 0 13 20 21 38 12 69 12 42 51 25 34 34 11 45 18 31 46 37 16 8 60 54 52 17 71 62
32 25 37 6 4 19 0 17 12 12 20 32 7 47 41 30 28 9 33 36 13 18 27 16 25 14 26 14 29 13 53 37
48 19 37 14 14 17 10 0 16 6 26 37 10 34 22 11 23 5 52 42 5 40 8 3 40 27 29 4 40 20 39 59
48 9 13 23 12 20 7 12 0 10 16 31 23 26 22 20 16 10 35 17 13 23 20 29 16 18 20 29 15 14 42 50
26 26 23 11 15 31 17 5 21 0 21 20 17 20 27 12 12 4 51 43 4 25 12 7 18 41 30 14 22 15 31 25
49 10 36 19 13 6 7 33 13 28 0 35 23 26 41 36 26 30 12 19 20 16 40 22 4 10 54 21 24 9 27 49
36 42 33 47 30 79 57 38 51 22 33 0 28 9 7 14 9 20 47 17 40 27 30 24 49 42 5 15 16 45 7 44
50 38 19 4 7 17 4 13 22 14 22 49 0 45 50 26 32 17 32 22 18 33 15 12 13 22 37 25 48 20 44 73
22 29 20 17 37 62 52 19 41 17 29 9 22 0 5 22 11 25 52 36 22 24 15 30 49 48 10 13 10 43 3 31
65 39 20 36 47 28 59 32 23 18 33 10 36 9 0 11 11 37 65 37 15 34 18 18 34 64 4 19 17 29 14 70
33 55 52 12 16 47 15 8 37 13 47 20 16 27 12 0 26 17 68 51 14 34 4 8 53 41 27 2 33 35 16 41
45 40 23 19 17 32 26 10 18 14 49 9 18 13 8 19 0 20 58 19 22 20 9 10 16 20 7 14 10 23 12 57
33 30 19 12 4 38 18 11 12 5 23 41 17 23 34 16 23 0 18 28 1 35 6 7 19 19 29 18 34 23 16 55
56 13 28 30 25 11 27 22 25 50 10 79 19 70 65 75 39 51 0 27 52 37 36 63 11 4 52 45 40 20 70 28
8 13 4 19 41 35 21 28 20 39 37 42 41 32 27 57 25 19 48 0 23 12 29 43 21 25 32 53 14 9 33 9
37 28 35 7 12 31 14 6 11 3 17 33 12 29 19 21 23 1 27 27 0 36 11 13 29 29 20 13 36 28 20 26
18 7 4 34 15 31 24 43 15 26 28 34 47 26 48 58 26 31 43 6 33 0 35 49 12 23 36 26 28 5 25 25
47 34 43 15 16 50 18 6 18 5 42 30 24 30 26 5 14 15 61 31 16 45 0 2 37 44 17 2 39 16 32 48
66 27 30 21 10 36 16 5 16 4 34 34 12 25 23 11 7 7 26 30 7 30 4 0 32 50 33 6 16 22 31 48
43 5 28 24 10 14 13 34 7 16 4 40 34 52 58 38 36 28 16 21 28 20 25 18 0 11 44 21 29 9 38 40
29 12 18 22 23 6 24 21 29 40 4 36 24 26 32 55 59 40 5 23 41 34 42 34 12 0 72 25 30 20 27 56
23 30 38 35 34 34 38 16 19 27 41 2 32 8 4 23 18 36 68 36 23 41 21 13 48 32 0 20 25 36 9 63
64 34 25 25 22 38 26 5 34 8 50 25 26 14 16 3 21 18 40 27 10 36 3 4 44 59 24 0 35 38 15 31
14 39 18 25 26 35 43 29 12 23 30 12 45 11 28 32 9 17 39 11 21 11 27 14 33 52 11 25 0 29 8 35
22 6 15 17 27 29 24 44 8 17 10 33 21 38 29 40 36 27 16 21 30 4 38 34 6 16 32 37 17 0 36 35
54 23 31 50 27 37 51 38 39 25 61 4 22 5 12 29 13 28 30 19 32 31 30 30 37 30 11 24 13 41 0 47
0 19 25 77 58 44 39 42 34 53 30 63 45 21 40 41 36 28 57 13 64 11 62 29 24 30 28 57 35 30 25 0