5
30
,
0 (33.0, 40.0) 47.0
1 (4.0, 23.0) 25.0
2 (8.0, 19.0) 29.0
3 (20.0, 50.0) 30.0
4 (39.0, 25.0) 27.0
5 (50.0, 38.0) 25.0
6 (15.0, 23.0) 15.0
7 (18.0, 29.0) 14.0
8 (48.0, 4.0) 46.0
9 (48.0, 42.0) 15.0
10 (30.0, 32.0) 29.0
11 (12.0, 26.0) 25.0
12 (27.0, 2.0) 26.0
13 (13.0, 9.0) 45.0
14 (40.0, 48.0) 43.0
15 (29.0, 11.0) 50.0
16 (38.0, 2.0) 17.0
17 (5.0, 19.0) 47.0
18 (43.0, 31.0) 27.0
19 (19.0, 26.0) 13.0
20 (41.0, 3.0) 19.0
21 (33.0, 17.0) 12.0
22 (20.0, 20.0) 21.0
23 (12.0, 12.0) 27.0
24 (0.0, 22.0) 28.0
25 (7.0, 50.0) 15.0
26 (22.0, 27.0) 22.0
27 (19.0, 11.0) 28.0
28 (29.0, 18.0) 34.0
29 (45.0, 6.0) 11.0
,
0 7 7 3 3 3 5 4 8 3 2 5 8 7 2 6 8 7 3 4 8 5 5 7 8 6 3 6 4 7
7 0 1 6 7 10 2 3 10 10 6 2 6 3 9 6 8 1 8 3 8 6 3 3 1 5 4 4 5 9
7 1 0 7 6 9 2 3 9 9 5 2 5 2 9 4 7 1 7 3 7 5 2 2 2 6 3 3 4 8
3 6 7 0 6 6 5 4 11 6 4 5 10 8 4 8 10 7 6 5 10 7 6 8 7 3 5 8 7 10
3 7 6 6 0 3 5 4 5 4 2 5 5 6 5 3 5 7 1 4 4 2 4 6 8 8 3 5 2 4
3 10 9 6 3 0 8 7 7 1 4 8 9 9 3 7 8 10 2 7 7 5 7 9 10 9 6 8 6 6
5 2 2 5 5 8 0 1 8 8 3 1 5 3 7 4 6 2 6 1 7 4 1 2 3 6 2 3 3 7
4 3 3 4 4 7 1 0 8 7 2 1 6 4 6 4 7 3 5 1 7 4 2 4 4 5 1 4 3 7
8 10 9 11 5 7 8 8 0 8 7 8 4 7 9 4 2 9 5 7 1 4 6 7 10 12 7 6 5 1
3 10 9 6 4 1 8 7 8 0 4 8 9 10 2 7 8 10 2 7 8 6 7 9 10 8 6 8 6 7
2 6 5 4 2 4 3 2 7 4 0 4 6 6 4 4 6 6 3 3 6 3 3 5 6 6 2 5 3 6
5 2 2 5 5 8 1 1 8 8 4 0 6 3 7 5 7 2 6 1 7 5 2 3 3 5 2 3 4 8
8 6 5 10 5 9 5 6 4 9 6 6 0 3 10 2 2 6 7 5 3 3 4 4 7 10 5 2 3 4
7 3 2 8 6 9 3 4 7 10 6 3 3 0 9 3 5 3 7 4 6 4 3 1 4 8 4 1 4 6
2 9 9 4 5 3 7 6 9 2 4 7 10 9 0 8 9 9 3 6 9 6 7 9 10 7 6 9 6 8
6 6 4 8 3 7 4 4 4 7 4 5 2 3 8 0 3 5 5 4 3 1 3 3 6 9 3 2 1 3
8 8 7 10 5 8 6 7 2 8 6 7 2 5 9 3 0 7 6 6 1 3 5 6 9 11 6 4 4 2
7 1 1 7 7 10 2 3 9 10 6 2 6 3 9 5 7 0 8 3 8 6 3 2 1 6 4 3 5 8
3 8 7 6 1 2 6 5 5 2 3 6 7 7 3 5 6 8 0 5 6 3 5 7 9 8 4 6 4 5
4 3 3 5 4 7 1 1 7 7 3 1 5 4 6 4 6 3 5 0 6 3 1 3 4 5 1 3 3 7
8 8 7 10 4 7 7 7 1 8 6 7 3 6 9 3 1 8 6 6 0 3 5 6 9 12 6 5 4 1
5 6 5 7 2 5 4 4 4 6 3 5 3 4 6 1 3 6 3 3 3 0 3 4 7 8 3 3 1 3
5 3 2 6 4 7 1 2 6 7 3 2 4 3 7 3 5 3 5 1 5 3 0 2 4 7 1 2 2 6
7 3 2 8 6 9 2 4 7 9 5 3 4 1 9 3 6 2 7 3 6 4 2 0 3 8 4 1 4 7
8 1 2 7 8 10 3 4 10 10 6 3 7 4 10 6 9 1 9 4 9 7 4 3 0 6 5 4 6 10
6 5 6 3 8 9 6 5 12 8 6 5 10 8 7 9 11 6 8 5 12 8 7 8 6 0 5 8 8 12
3 4 3 5 3 6 2 1 7 6 2 2 5 4 6 3 6 4 4 1 6 3 1 4 5 5 0 3 2 6
6 4 3 8 5 8 3 4 6 8 5 3 2 1 9 2 4 3 6 3 5 3 2 1 4 8 3 0 2 5
4 5 4 7 2 6 3 3 5 6 3 4 3 4 6 1 4 5 4 3 4 1 2 4 6 8 2 2 0 4
7 9 8 10 4 6 7 7 1 7 6 8 4 6 8 3 2 8 5 7 1 3 6 7 10 12 6 5 4 0
,
0 41 23 8 10 17 33 22 57 12 7 19 49 41 13 36 22 52 7 20 32 14 32 47 26 20 13 20 21 37
50 0 7 33 41 40 12 18 39 61 22 13 40 21 39 15 22 5 40 8 28 39 19 13 5 37 13 28 17 40
16 5 0 39 18 33 11 18 59 64 13 12 21 16 32 15 18 3 38 10 35 15 16 6 12 46 23 8 21 27
14 46 34 0 23 31 40 29 73 25 15 18 57 40 19 25 39 20 34 32 38 50 24 21 30 10 30 46 47 51
17 46 28 28 0 16 31 18 32 11 16 39 28 43 19 15 22 19 9 20 13 12 16 36 42 55 9 20 7 27
17 34 61 17 11 0 44 31 42 2 19 55 26 61 15 30 40 29 8 24 33 15 50 57 34 24 16 41 15 32
17 16 6 33 15 45 0 9 56 41 19 6 18 8 51 13 31 16 21 5 34 18 6 15 9 32 11 10 12 39
15 11 16 22 32 26 4 0 54 24 8 5 38 26 32 30 42 23 34 5 24 28 12 13 23 21 4 25 12 29
51 70 33 66 18 36 21 39 0 30 37 52 25 35 32 29 9 37 25 42 4 13 27 24 37 37 33 27 14 5
19 68 40 20 28 3 34 35 25 0 29 57 48 37 13 32 21 31 9 48 40 24 25 45 58 55 23 56 15 44
10 36 35 26 9 13 12 7 27 13 0 17 42 22 23 21 29 17 12 12 39 18 18 37 27 26 9 21 17 35
37 10 6 18 24 22 6 4 44 23 27 0 31 25 39 29 51 13 26 5 22 21 8 17 10 35 7 19 12 55
57 45 22 42 36 39 28 32 19 32 45 32 0 14 55 7 8 41 18 24 15 15 28 23 26 47 37 14 14 20
38 12 11 62 23 46 19 13 36 58 25 11 20 0 41 20 28 11 25 21 16 12 15 3 11 31 16 3 9 43
12 56 63 30 16 11 34 23 46 8 14 30 70 59 0 26 32 39 12 39 40 41 48 33 65 26 22 47 33 63
15 25 24 20 18 37 25 20 28 49 26 18 7 13 50 0 10 17 27 11 16 6 14 14 35 48 11 10 6 9
44 34 25 63 13 56 39 27 11 23 46 22 15 35 67 12 0 46 20 33 5 23 26 24 50 75 18 20 20 6
34 2 3 38 25 60 7 16 34 38 41 8 40 15 61 25 28 0 22 20 37 28 8 12 3 36 21 19 22 56
14 30 45 18 10 10 31 26 37 9 10 33 34 23 21 18 16 51 0 23 19 25 27 44 27 21 23 23 14 35
26 18 16 24 21 31 7 4 38 25 18 4 22 20 38 26 20 9 23 0 23 20 9 20 13 29 2 14 13 29
37 33 24 43 21 44 43 41 5 41 31 24 11 34 51 14 2 50 18 18 0 20 25 44 63 45 21 26 11 5
21 30 18 25 7 23 18 12 27 21 17 23 18 13 25 6 10 16 14 13 15 0 10 12 48 33 16 18 4 21
26 14 15 19 29 45 3 9 43 49 9 5 24 16 42 17 29 9 17 7 22 11 0 6 11 38 5 11 13 42
34 18 11 42 20 36 9 15 21 64 15 20 25 5 52 9 20 12 31 10 24 32 8 0 12 20 26 5 26 33
26 6 8 32 50 77 9 25 55 39 31 18 47 27 28 35 27 5 54 11 53 50 12 11 0 35 18 30 28 41
37 36 16 11 38 42 35 22 43 61 32 24 72 26 19 58 79 36 43 38 71 41 45 35 23 0 41 55 37 83
11 11 17 12 26 44 7 5 27 34 12 14 37 29 30 19 38 24 24 3 39 8 7 9 26 37 0 19 16 29
21 10 13 28 24 45 7 9 38 37 29 17 16 7 28 15 17 12 25 22 15 14 6 9 29 43 9 0 16 22
28 29 30 42 10 37 11 12 16 34 11 13 10 20 23 9 22 28 23 8 21 5 10 20 44 41 15 11 0 13
42 63 45 31 19 28 34 33 3 39 43 23 12 25 24 18 10 40 25 38 6 12 25 45 37 64 18 34 17 0