5
30
,
0 (33.0, 40.0) 36.0
1 (4.0, 23.0) 15.0
2 (8.0, 19.0) 10.0
3 (20.0, 50.0) 42.0
4 (39.0, 25.0) 16.0
5 (50.0, 38.0) 45.0
6 (15.0, 23.0) 20.0
7 (18.0, 29.0) 46.0
8 (48.0, 4.0) 40.0
9 (48.0, 42.0) 36.0
10 (30.0, 32.0) 34.0
11 (12.0, 26.0) 31.0
12 (27.0, 2.0) 11.0
13 (13.0, 9.0) 25.0
14 (40.0, 48.0) 38.0
15 (29.0, 11.0) 47.0
16 (38.0, 2.0) 10.0
17 (5.0, 19.0) 30.0
18 (43.0, 31.0) 41.0
19 (19.0, 26.0) 11.0
20 (41.0, 3.0) 10.0
21 (33.0, 17.0) 27.0
22 (20.0, 20.0) 22.0
23 (12.0, 12.0) 32.0
24 (0.0, 22.0) 13.0
25 (7.0, 50.0) 14.0
26 (22.0, 27.0) 47.0
27 (19.0, 11.0) 13.0
28 (29.0, 18.0) 40.0
29 (45.0, 6.0) 28.0
,
0 7 7 3 3 3 5 4 8 3 2 5 8 7 2 6 8 7 3 4 8 5 5 7 8 6 3 6 4 7
7 0 1 6 7 10 2 3 10 10 6 2 6 3 9 6 8 1 8 3 8 6 3 3 1 5 4 4 5 9
7 1 0 7 6 9 2 3 9 9 5 2 5 2 9 4 7 1 7 3 7 5 2 2 2 6 3 3 4 8
3 6 7 0 6 6 5 4 11 6 4 5 10 8 4 8 10 7 6 5 10 7 6 8 7 3 5 8 7 10
3 7 6 6 0 3 5 4 5 4 2 5 5 6 5 3 5 7 1 4 4 2 4 6 8 8 3 5 2 4
3 10 9 6 3 0 8 7 7 1 4 8 9 9 3 7 8 10 2 7 7 5 7 9 10 9 6 8 6 6
5 2 2 5 5 8 0 1 8 8 3 1 5 3 7 4 6 2 6 1 7 4 1 2 3 6 2 3 3 7
4 3 3 4 4 7 1 0 8 7 2 1 6 4 6 4 7 3 5 1 7 4 2 4 4 5 1 4 3 7
8 10 9 11 5 7 8 8 0 8 7 8 4 7 9 4 2 9 5 7 1 4 6 7 10 12 7 6 5 1
3 10 9 6 4 1 8 7 8 0 4 8 9 10 2 7 8 10 2 7 8 6 7 9 10 8 6 8 6 7
2 6 5 4 2 4 3 2 7 4 0 4 6 6 4 4 6 6 3 3 6 3 3 5 6 6 2 5 3 6
5 2 2 5 5 8 1 1 8 8 4 0 6 3 7 5 7 2 6 1 7 5 2 3 3 5 2 3 4 8
8 6 5 10 5 9 5 6 4 9 6 6 0 3 10 2 2 6 7 5 3 3 4 4 7 10 5 2 3 4
7 3 2 8 6 9 3 4 7 10 6 3 3 0 9 3 5 3 7 4 6 4 3 1 4 8 4 1 4 6
2 9 9 4 5 3 7 6 9 2 4 7 10 9 0 8 9 9 3 6 9 6 7 9 10 7 6 9 6 8
6 6 4 8 3 7 4 4 4 7 4 5 2 3 8 0 3 5 5 4 3 1 3 3 6 9 3 2 1 3
8 8 7 10 5 8 6 7 2 8 6 7 2 5 9 3 0 7 6 6 1 3 5 6 9 11 6 4 4 2
7 1 1 7 7 10 2 3 9 10 6 2 6 3 9 5 7 0 8 3 8 6 3 2 1 6 4 3 5 8
3 8 7 6 1 2 6 5 5 2 3 6 7 7 3 5 6 8 0 5 6 3 5 7 9 8 4 6 4 5
4 3 3 5 4 7 1 1 7 7 3 1 5 4 6 4 6 3 5 0 6 3 1 3 4 5 1 3 3 7
8 8 7 10 4 7 7 7 1 8 6 7 3 6 9 3 1 8 6 6 0 3 5 6 9 12 6 5 4 1
5 6 5 7 2 5 4 4 4 6 3 5 3 4 6 1 3 6 3 3 3 0 3 4 7 8 3 3 1 3
5 3 2 6 4 7 1 2 6 7 3 2 4 3 7 3 5 3 5 1 5 3 0 2 4 7 1 2 2 6
7 3 2 8 6 9 2 4 7 9 5 3 4 1 9 3 6 2 7 3 6 4 2 0 3 8 4 1 4 7
8 1 2 7 8 10 3 4 10 10 6 3 7 4 10 6 9 1 9 4 9 7 4 3 0 6 5 4 6 10
6 5 6 3 8 9 6 5 12 8 6 5 10 8 7 9 11 6 8 5 12 8 7 8 6 0 5 8 8 12
3 4 3 5 3 6 2 1 7 6 2 2 5 4 6 3 6 4 4 1 6 3 1 4 5 5 0 3 2 6
6 4 3 8 5 8 3 4 6 8 5 3 2 1 9 2 4 3 6 3 5 3 2 1 4 8 3 0 2 5
4 5 4 7 2 6 3 3 5 6 3 4 3 4 6 1 4 5 4 3 4 1 2 4 6 8 2 2 0 4
7 9 8 10 4 6 7 7 1 7 6 8 4 6 8 3 2 8 5 7 1 3 6 7 10 12 6 5 4 0
,
0 24 44 17 11 21 19 23 56 20 12 16 25 38 16 33 23 38 13 16 35 28 28 26 34 34 22 47 23 20
30 0 8 28 40 34 10 15 56 56 27 12 41 24 44 34 21 6 34 8 34 25 21 17 4 32 23 15 24 44
17 7 0 26 18 66 7 15 47 67 28 8 30 12 32 22 23 3 30 12 55 19 7 12 7 46 13 11 14 48
11 31 34 0 31 23 37 21 46 31 12 30 62 41 10 20 30 38 32 13 72 44 28 23 46 12 20 48 40 34
22 43 36 20 0 11 13 20 22 18 8 36 26 27 20 21 22 29 10 28 21 11 16 44 49 50 21 23 10 20
14 25 47 38 19 0 38 18 40 4 29 57 44 54 19 25 50 47 8 22 28 30 19 43 27 37 32 44 42 17
18 16 9 18 20 52 0 4 45 39 18 2 12 11 22 20 39 11 35 4 36 25 7 16 17 22 9 10 18 35
22 13 18 17 24 40 10 0 32 33 8 8 38 27 31 11 24 13 23 4 37 14 9 18 24 31 3 14 8 20
39 48 37 38 31 41 36 43 0 39 49 28 21 23 64 26 11 38 31 31 8 23 47 33 75 54 44 33 33 3
10 25 60 16 27 4 34 32 56 0 11 41 52 31 10 32 49 64 10 18 42 38 53 69 30 21 38 43 34 30
8 22 21 22 15 30 22 18 26 13 0 13 43 36 28 21 28 16 7 6 22 20 12 14 38 17 8 14 16 37
35 8 7 33 25 52 3 4 57 54 20 0 25 9 46 33 29 12 42 6 54 19 13 16 13 30 10 15 19 24
27 39 25 58 29 61 19 30 13 39 17 15 0 19 59 6 6 25 25 34 16 19 24 18 32 66 34 10 22 12
35 15 6 24 33 36 15 10 19 58 26 21 10 0 48 19 35 14 41 21 32 19 11 3 25 33 25 7 12 35
7 25 52 19 16 7 28 39 60 12 14 34 40 42 0 57 52 23 16 33 46 27 52 58 50 27 22 49 38 55
42 32 29 41 21 45 10 16 10 27 13 19 7 12 35 0 17 20 29 24 14 10 18 24 36 39 12 13 8 25
40 28 41 29 12 52 27 17 10 43 16 32 16 37 30 7 0 30 39 25 2 10 24 31 54 53 22 14 19 7
30 3 2 45 33 34 13 18 36 65 31 14 29 15 44 34 31 0 27 18 57 19 13 8 4 35 19 21 19 45
19 33 24 30 4 6 18 28 33 11 19 28 22 38 16 37 18 39 0 20 19 22 28 36 33 30 16 27 25 30
19 19 11 23 23 43 6 3 51 38 10 10 32 12 29 14 18 9 20 0 37 19 3 23 23 25 3 14 11 38
23 50 31 34 26 26 19 23 4 53 40 48 17 15 36 9 3 39 29 44 0 22 29 36 25 46 45 14 14 7
32 41 35 32 13 23 24 15 13 19 11 26 15 29 21 10 14 30 13 21 15 0 14 14 38 27 12 19 5 18
24 14 13 31 22 33 6 11 42 40 22 8 14 7 22 9 23 20 15 9 16 19 0 6 23 34 4 10 9 31
39 15 4 24 39 57 9 20 24 62 36 21 21 2 39 17 35 6 50 20 38 18 9 0 8 55 19 9 22 32
54 4 11 21 33 73 18 27 33 48 42 11 20 27 31 33 29 5 42 25 36 25 10 14 0 17 34 25 28 68
32 17 16 17 23 54 20 16 32 47 35 32 45 44 25 32 41 44 52 38 36 53 25 40 42 0 16 43 49 47
20 23 11 12 13 22 11 4 36 41 13 10 36 27 23 25 17 26 12 3 20 12 7 14 15 23 0 22 7 35
35 26 13 28 33 47 16 23 17 39 25 22 18 6 31 15 18 17 31 21 35 11 5 10 27 60 8 0 15 27
22 30 12 23 8 37 17 20 20 27 19 23 21 26 33 7 9 19 19 10 14 4 9 18 41 53 9 18 0 16
39 38 49 69 21 28 27 48 2 24 17 25 14 33 47 24 11 26 15 47 7 22 34 29 58 66 25 23 29 0