5
30
,
0 (33.0, 40.0) 13.0
1 (4.0, 23.0) 30.0
2 (8.0, 19.0) 33.0
3 (20.0, 50.0) 13.0
4 (39.0, 25.0) 24.0
5 (50.0, 38.0) 13.0
6 (15.0, 23.0) 16.0
7 (18.0, 29.0) 48.0
8 (48.0, 4.0) 38.0
9 (48.0, 42.0) 12.0
10 (30.0, 32.0) 12.0
11 (12.0, 26.0) 24.0
12 (27.0, 2.0) 27.0
13 (13.0, 9.0) 17.0
14 (40.0, 48.0) 41.0
15 (29.0, 11.0) 31.0
16 (38.0, 2.0) 50.0
17 (5.0, 19.0) 44.0
18 (43.0, 31.0) 10.0
19 (19.0, 26.0) 17.0
20 (41.0, 3.0) 16.0
21 (33.0, 17.0) 36.0
22 (20.0, 20.0) 26.0
23 (12.0, 12.0) 20.0
24 (0.0, 22.0) 20.0
25 (7.0, 50.0) 13.0
26 (22.0, 27.0) 21.0
27 (19.0, 11.0) 14.0
28 (29.0, 18.0) 50.0
29 (45.0, 6.0) 21.0
,
0 7 7 3 3 3 5 4 8 3 2 5 8 7 2 6 8 7 3 4 8 5 5 7 8 6 3 6 4 7
7 0 1 6 7 10 2 3 10 10 6 2 6 3 9 6 8 1 8 3 8 6 3 3 1 5 4 4 5 9
7 1 0 7 6 9 2 3 9 9 5 2 5 2 9 4 7 1 7 3 7 5 2 2 2 6 3 3 4 8
3 6 7 0 6 6 5 4 11 6 4 5 10 8 4 8 10 7 6 5 10 7 6 8 7 3 5 8 7 10
3 7 6 6 0 3 5 4 5 4 2 5 5 6 5 3 5 7 1 4 4 2 4 6 8 8 3 5 2 4
3 10 9 6 3 0 8 7 7 1 4 8 9 9 3 7 8 10 2 7 7 5 7 9 10 9 6 8 6 6
5 2 2 5 5 8 0 1 8 8 3 1 5 3 7 4 6 2 6 1 7 4 1 2 3 6 2 3 3 7
4 3 3 4 4 7 1 0 8 7 2 1 6 4 6 4 7 3 5 1 7 4 2 4 4 5 1 4 3 7
8 10 9 11 5 7 8 8 0 8 7 8 4 7 9 4 2 9 5 7 1 4 6 7 10 12 7 6 5 1
3 10 9 6 4 1 8 7 8 0 4 8 9 10 2 7 8 10 2 7 8 6 7 9 10 8 6 8 6 7
2 6 5 4 2 4 3 2 7 4 0 4 6 6 4 4 6 6 3 3 6 3 3 5 6 6 2 5 3 6
5 2 2 5 5 8 1 1 8 8 4 0 6 3 7 5 7 2 6 1 7 5 2 3 3 5 2 3 4 8
8 6 5 10 5 9 5 6 4 9 6 6 0 3 10 2 2 6 7 5 3 3 4 4 7 10 5 2 3 4
7 3 2 8 6 9 3 4 7 10 6 3 3 0 9 3 5 3 7 4 6 4 3 1 4 8 4 1 4 6
2 9 9 4 5 3 7 6 9 2 4 7 10 9 0 8 9 9 3 6 9 6 7 9 10 7 6 9 6 8
6 6 4 8 3 7 4 4 4 7 4 5 2 3 8 0 3 5 5 4 3 1 3 3 6 9 3 2 1 3
8 8 7 10 5 8 6 7 2 8 6 7 2 5 9 3 0 7 6 6 1 3 5 6 9 11 6 4 4 2
7 1 1 7 7 10 2 3 9 10 6 2 6 3 9 5 7 0 8 3 8 6 3 2 1 6 4 3 5 8
3 8 7 6 1 2 6 5 5 2 3 6 7 7 3 5 6 8 0 5 6 3 5 7 9 8 4 6 4 5
4 3 3 5 4 7 1 1 7 7 3 1 5 4 6 4 6 3 5 0 6 3 1 3 4 5 1 3 3 7
8 8 7 10 4 7 7 7 1 8 6 7 3 6 9 3 1 8 6 6 0 3 5 6 9 12 6 5 4 1
5 6 5 7 2 5 4 4 4 6 3 5 3 4 6 1 3 6 3 3 3 0 3 4 7 8 3 3 1 3
5 3 2 6 4 7 1 2 6 7 3 2 4 3 7 3 5 3 5 1 5 3 0 2 4 7 1 2 2 6
7 3 2 8 6 9 2 4 7 9 5 3 4 1 9 3 6 2 7 3 6 4 2 0 3 8 4 1 4 7
8 1 2 7 8 10 3 4 10 10 6 3 7 4 10 6 9 1 9 4 9 7 4 3 0 6 5 4 6 10
6 5 6 3 8 9 6 5 12 8 6 5 10 8 7 9 11 6 8 5 12 8 7 8 6 0 5 8 8 12
3 4 3 5 3 6 2 1 7 6 2 2 5 4 6 3 6 4 4 1 6 3 1 4 5 5 0 3 2 6
6 4 3 8 5 8 3 4 6 8 5 3 2 1 9 2 4 3 6 3 5 3 2 1 4 8 3 0 2 5
4 5 4 7 2 6 3 3 5 6 3 4 3 4 6 1 4 5 4 3 4 1 2 4 6 8 2 2 0 4
7 9 8 10 4 6 7 7 1 7 6 8 4 6 8 3 2 8 5 7 1 3 6 7 10 12 6 5 4 0
,
0 50 22 24 14 17 20 26 42 21 5 35 40 53 6 20 46 41 15 27 56 18 17 40 19 31 23 42 23 49
46 0 6 31 18 54 11 13 49 45 29 10 28 21 31 40 57 3 21 20 49 19 17 14 5 30 20 18 19 47
39 6 0 35 26 66 7 17 22 23 26 6 22 12 39 30 32 3 41 8 24 28 18 8 7 39 12 11 26 31
10 37 23 0 35 18 37 16 53 40 31 13 65 56 26 33 43 48 29 32 59 44 40 34 48 14 34 55 28 37
23 52 42 21 0 21 20 27 19 13 16 20 19 30 15 12 18 31 4 11 19 5 26 34 35 37 10 23 7 23
10 62 47 46 14 0 32 35 46 6 27 41 34 32 15 21 38 58 11 46 20 28 22 58 43 48 38 27 16 47
29 15 7 15 19 55 0 4 47 56 10 4 23 11 27 22 33 11 21 7 32 26 7 12 12 21 8 16 14 41
22 13 15 18 18 24 8 0 31 31 9 7 28 13 31 25 32 17 32 5 35 11 8 16 24 15 3 22 12 48
40 64 29 35 14 26 54 58 0 38 43 59 30 26 40 17 8 64 35 21 7 18 36 24 48 63 45 28 34 5
12 67 25 15 18 2 47 19 25 0 29 43 63 38 6 45 38 65 17 24 24 33 21 65 44 51 39 43 22 21
6 15 18 17 15 22 25 12 32 12 0 22 19 35 13 24 31 32 18 12 23 15 18 37 36 23 6 17 8 27
14 5 5 33 14 30 6 8 31 45 17 0 22 14 37 25 29 11 16 9 34 30 6 11 14 32 14 23 19 53
26 44 35 36 27 52 15 25 27 63 17 39 0 17 45 10 12 38 30 27 11 23 13 12 23 26 25 14 24 17
43 14 14 40 36 55 12 13 28 47 21 15 10 0 60 20 35 10 35 22 18 22 18 5 27 29 26 5 15 35
10 29 56 13 31 8 51 24 45 6 11 30 48 59 0 36 45 58 16 38 62 47 33 37 30 34 25 58 32 50
18 33 16 36 21 49 26 14 17 37 22 30 12 15 32 0 7 37 19 10 15 5 11 25 45 41 24 13 7 19
36 42 29 27 19 52 31 31 12 60 35 19 9 19 64 18 0 24 42 36 4 12 28 28 59 55 44 22 17 12
22 5 4 30 18 63 15 19 50 62 42 13 17 16 61 35 43 0 26 13 43 15 21 6 5 16 10 12 27 33
18 31 27 19 5 11 20 36 33 11 12 26 44 26 22 31 28 34 0 16 27 19 15 45 58 53 15 35 29 27
19 11 18 23 18 27 7 2 51 18 17 8 17 15 30 24 39 9 28 0 31 10 7 18 11 30 4 13 10 35
38 45 43 65 32 47 23 47 7 38 17 53 9 34 65 12 2 48 40 39 0 21 31 42 67 75 26 35 28 5
25 37 19 27 12 24 23 21 28 34 11 27 15 16 26 7 18 34 22 19 11 0 12 23 37 62 15 19 4 17
31 23 12 34 27 52 3 7 44 48 12 13 15 10 51 15 13 17 18 7 37 16 0 14 14 42 6 11 10 35
52 20 9 54 44 37 16 17 21 69 18 16 25 2 37 10 37 13 38 17 45 24 14 0 19 31 16 5 11 39
50 5 11 20 38 55 15 17 41 41 28 11 30 20 56 41 32 8 33 16 66 34 12 11 0 27 29 28 34 72
24 20 34 14 26 37 15 24 85 23 30 16 67 57 30 41 53 23 40 24 65 31 36 45 40 0 30 29 41 34
20 17 10 33 24 42 5 4 18 22 12 8 25 22 29 9 44 15 31 3 30 9 5 12 21 22 0 20 9 21
30 28 15 25 30 50 10 18 17 32 29 9 17 7 60 8 30 17 33 21 23 10 12 8 25 56 23 0 8 33
29 25 28 37 13 28 13 14 21 40 12 20 12 18 23 9 11 28 16 19 16 6 12 25 33 34 15 7 0 12
30 54 27 38 27 28 32 36 4 27 40 39 20 39 24 18 10 23 30 36 6 14 24 20 37 44 38 22 27 0