5
30
,
0 (33.0, 40.0) 24.0
1 (4.0, 23.0) 14.0
2 (8.0, 19.0) 41.0
3 (20.0, 50.0) 27.0
4 (39.0, 25.0) 28.0
5 (50.0, 38.0) 34.0
6 (15.0, 23.0) 36.0
7 (18.0, 29.0) 48.0
8 (48.0, 4.0) 28.0
9 (48.0, 42.0) 16.0
10 (30.0, 32.0) 17.0
11 (12.0, 26.0) 47.0
12 (27.0, 2.0) 16.0
13 (13.0, 9.0) 12.0
14 (40.0, 48.0) 41.0
15 (29.0, 11.0) 24.0
16 (38.0, 2.0) 20.0
17 (5.0, 19.0) 31.0
18 (43.0, 31.0) 26.0
19 (19.0, 26.0) 22.0
20 (41.0, 3.0) 21.0
21 (33.0, 17.0) 13.0
22 (20.0, 20.0) 16.0
23 (12.0, 12.0) 15.0
24 (0.0, 22.0) 25.0
25 (7.0, 50.0) 37.0
26 (22.0, 27.0) 34.0
27 (19.0, 11.0) 10.0
28 (29.0, 18.0) 24.0
29 (45.0, 6.0) 27.0
,
0 7 7 3 3 3 5 4 8 3 2 5 8 7 2 6 8 7 3 4 8 5 5 7 8 6 3 6 4 7
7 0 1 6 7 10 2 3 10 10 6 2 6 3 9 6 8 1 8 3 8 6 3 3 1 5 4 4 5 9
7 1 0 7 6 9 2 3 9 9 5 2 5 2 9 4 7 1 7 3 7 5 2 2 2 6 3 3 4 8
3 6 7 0 6 6 5 4 11 6 4 5 10 8 4 8 10 7 6 5 10 7 6 8 7 3 5 8 7 10
3 7 6 6 0 3 5 4 5 4 2 5 5 6 5 3 5 7 1 4 4 2 4 6 8 8 3 5 2 4
3 10 9 6 3 0 8 7 7 1 4 8 9 9 3 7 8 10 2 7 7 5 7 9 10 9 6 8 6 6
5 2 2 5 5 8 0 1 8 8 3 1 5 3 7 4 6 2 6 1 7 4 1 2 3 6 2 3 3 7
4 3 3 4 4 7 1 0 8 7 2 1 6 4 6 4 7 3 5 1 7 4 2 4 4 5 1 4 3 7
8 10 9 11 5 7 8 8 0 8 7 8 4 7 9 4 2 9 5 7 1 4 6 7 10 12 7 6 5 1
3 10 9 6 4 1 8 7 8 0 4 8 9 10 2 7 8 10 2 7 8 6 7 9 10 8 6 8 6 7
2 6 5 4 2 4 3 2 7 4 0 4 6 6 4 4 6 6 3 3 6 3 3 5 6 6 2 5 3 6
5 2 2 5 5 8 1 1 8 8 4 0 6 3 7 5 7 2 6 1 7 5 2 3 3 5 2 3 4 8
8 6 5 10 5 9 5 6 4 9 6 6 0 3 10 2 2 6 7 5 3 3 4 4 7 10 5 2 3 4
7 3 2 8 6 9 3 4 7 10 6 3 3 0 9 3 5 3 7 4 6 4 3 1 4 8 4 1 4 6
2 9 9 4 5 3 7 6 9 2 4 7 10 9 0 8 9 9 3 6 9 6 7 9 10 7 6 9 6 8
6 6 4 8 3 7 4 4 4 7 4 5 2 3 8 0 3 5 5 4 3 1 3 3 6 9 3 2 1 3
8 8 7 10 5 8 6 7 2 8 6 7 2 5 9 3 0 7 6 6 1 3 5 6 9 11 6 4 4 2
7 1 1 7 7 10 2 3 9 10 6 2 6 3 9 5 7 0 8 3 8 6 3 2 1 6 4 3 5 8
3 8 7 6 1 2 6 5 5 2 3 6 7 7 3 5 6 8 0 5 6 3 5 7 9 8 4 6 4 5
4 3 3 5 4 7 1 1 7 7 3 1 5 4 6 4 6 3 5 0 6 3 1 3 4 5 1 3 3 7
8 8 7 10 4 7 7 7 1 8 6 7 3 6 9 3 1 8 6 6 0 3 5 6 9 12 6 5 4 1
5 6 5 7 2 5 4 4 4 6 3 5 3 4 6 1 3 6 3 3 3 0 3 4 7 8 3 3 1 3
5 3 2 6 4 7 1 2 6 7 3 2 4 3 7 3 5 3 5 1 5 3 0 2 4 7 1 2 2 6
7 3 2 8 6 9 2 4 7 9 5 3 4 1 9 3 6 2 7 3 6 4 2 0 3 8 4 1 4 7
8 1 2 7 8 10 3 4 10 10 6 3 7 4 10 6 9 1 9 4 9 7 4 3 0 6 5 4 6 10
6 5 6 3 8 9 6 5 12 8 6 5 10 8 7 9 11 6 8 5 12 8 7 8 6 0 5 8 8 12
3 4 3 5 3 6 2 1 7 6 2 2 5 4 6 3 6 4 4 1 6 3 1 4 5 5 0 3 2 6
6 4 3 8 5 8 3 4 6 8 5 3 2 1 9 2 4 3 6 3 5 3 2 1 4 8 3 0 2 5
4 5 4 7 2 6 3 3 5 6 3 4 3 4 6 1 4 5 4 3 4 1 2 4 6 8 2 2 0 4
7 9 8 10 4 6 7 7 1 7 6 8 4 6 8 3 2 8 5 7 1 3 6 7 10 12 6 5 4 0
,
0 20 17 9 24 17 33 22 51 18 8 38 47 46 13 17 53 31 7 26 31 16 26 20 49 26 9 30 25 34
31 0 8 17 32 31 13 15 65 45 19 6 43 15 25 29 35 5 37 20 29 23 24 16 5 35 24 12 26 55
32 7 0 40 24 30 11 19 49 64 26 5 32 11 48 26 42 4 26 10 37 28 8 5 9 41 12 16 21 55
19 38 42 0 19 41 39 16 66 21 19 31 55 30 15 32 50 43 18 21 43 22 28 50 41 10 14 56 26 29
20 41 24 21 0 15 19 13 22 13 13 15 20 32 12 17 29 30 10 10 22 11 16 44 29 60 21 33 13 13
21 69 59 44 21 0 38 34 50 5 18 42 22 48 21 38 32 71 6 25 44 18 48 42 37 35 34 58 27 16
21 7 6 31 19 31 0 4 36 24 16 4 13 12 32 17 43 9 42 4 17 24 5 8 11 41 7 7 11 27
14 10 21 27 30 22 10 0 32 46 18 9 18 16 41 15 41 12 28 4 20 20 9 21 21 32 4 19 21 30
52 40 49 27 26 24 52 24 0 40 32 56 13 24 46 20 11 56 15 54 4 14 25 48 77 88 26 18 13 5
11 34 59 19 18 6 44 48 37 0 18 58 39 53 5 43 28 64 12 49 25 31 34 64 32 33 21 32 30 24
11 18 38 29 7 28 21 11 43 12 0 11 18 42 10 11 41 28 19 18 30 13 20 37 22 39 13 35 8 17
24 11 9 14 39 37 3 9 56 29 25 0 35 11 24 30 43 7 22 7 49 23 12 20 16 24 6 15 25 26
47 33 20 29 26 39 18 36 24 61 42 39 0 9 63 12 7 38 42 23 19 20 14 20 33 46 33 15 13 13
50 18 7 35 28 53 12 16 43 53 24 24 18 0 62 17 29 9 33 19 25 17 9 4 17 29 30 8 10 35
7 60 36 28 19 20 25 32 37 10 25 23 48 38 0 48 35 59 11 39 63 39 29 23 58 17 39 57 43 58
30 15 20 45 14 21 22 22 11 54 13 24 12 9 52 0 10 22 19 19 18 9 17 20 26 66 13 14 8 23
41 54 24 52 29 28 40 31 6 31 28 28 8 33 26 9 0 46 26 24 4 9 31 30 22 30 40 12 22 12
26 5 3 32 48 36 6 21 56 30 30 7 35 19 42 37 54 0 21 17 39 15 10 12 4 37 17 10 25 37
19 48 45 20 7 6 22 17 32 12 14 36 38 55 19 28 33 37 0 28 35 11 14 19 63 22 31 34 16 34
23 20 19 19 26 25 5 3 22 17 15 8 20 23 35 13 32 22 27 0 18 21 7 21 16 28 2 14 10 29
31 34 33 56 15 45 26 50 9 59 20 44 9 17 53 20 5 57 29 26 0 15 16 44 61 78 29 28 18 5
15 29 20 30 13 19 21 28 20 40 20 14 10 20 45 10 10 35 24 12 19 0 18 24 36 62 11 12 5 23
29 24 13 18 19 41 6 12 25 24 15 13 25 11 42 16 15 18 27 3 23 15 0 13 17 22 5 6 9 33
23 18 10 56 27 37 9 9 30 53 40 9 25 4 65 9 17 14 52 9 25 31 15 0 18 47 16 10 15 22
32 6 11 19 24 27 12 14 73 36 26 11 18 20 66 33 47 8 41 13 67 25 12 22 0 30 22 22 24 32
40 29 20 16 51 62 26 24 61 39 44 35 48 38 19 30 68 26 59 19 56 42 48 20 32 0 19 41 24 32
11 27 8 12 10 42 10 5 25 40 14 10 26 19 32 15 41 28 25 5 27 13 5 14 15 16 0 16 17 32
20 11 20 24 17 40 10 16 17 30 18 24 13 9 61 12 25 10 28 19 26 13 5 10 30 49 14 0 17 37
23 19 18 44 10 16 22 18 23 42 18 17 24 11 40 9 25 35 10 19 11 4 6 12 15 46 11 18 0 24
26 27 24 72 11 21 21 36 2 27 40 48 21 26 58 9 5 42 32 24 7 19 41 31 57 30 33 37 18 0