5
30
,
0 (33.0, 40.0) 45.0
1 (4.0, 23.0) 33.0
2 (8.0, 19.0) 30.0
3 (20.0, 50.0) 48.0
4 (39.0, 25.0) 22.0
5 (50.0, 38.0) 21.0
6 (15.0, 23.0) 47.0
7 (18.0, 29.0) 20.0
8 (48.0, 4.0) 42.0
9 (48.0, 42.0) 16.0
10 (30.0, 32.0) 14.0
11 (12.0, 26.0) 10.0
12 (27.0, 2.0) 33.0
13 (13.0, 9.0) 45.0
14 (40.0, 48.0) 17.0
15 (29.0, 11.0) 43.0
16 (38.0, 2.0) 22.0
17 (5.0, 19.0) 10.0
18 (43.0, 31.0) 44.0
19 (19.0, 26.0) 25.0
20 (41.0, 3.0) 38.0
21 (33.0, 17.0) 19.0
22 (20.0, 20.0) 45.0
23 (12.0, 12.0) 38.0
24 (0.0, 22.0) 13.0
25 (7.0, 50.0) 44.0
26 (22.0, 27.0) 45.0
27 (19.0, 11.0) 39.0
28 (29.0, 18.0) 42.0
29 (45.0, 6.0) 46.0
,
0 7 7 3 3 3 5 4 8 3 2 5 8 7 2 6 8 7 3 4 8 5 5 7 8 6 3 6 4 7
7 0 1 6 7 10 2 3 10 10 6 2 6 3 9 6 8 1 8 3 8 6 3 3 1 5 4 4 5 9
7 1 0 7 6 9 2 3 9 9 5 2 5 2 9 4 7 1 7 3 7 5 2 2 2 6 3 3 4 8
3 6 7 0 6 6 5 4 11 6 4 5 10 8 4 8 10 7 6 5 10 7 6 8 7 3 5 8 7 10
3 7 6 6 0 3 5 4 5 4 2 5 5 6 5 3 5 7 1 4 4 2 4 6 8 8 3 5 2 4
3 10 9 6 3 0 8 7 7 1 4 8 9 9 3 7 8 10 2 7 7 5 7 9 10 9 6 8 6 6
5 2 2 5 5 8 0 1 8 8 3 1 5 3 7 4 6 2 6 1 7 4 1 2 3 6 2 3 3 7
4 3 3 4 4 7 1 0 8 7 2 1 6 4 6 4 7 3 5 1 7 4 2 4 4 5 1 4 3 7
8 10 9 11 5 7 8 8 0 8 7 8 4 7 9 4 2 9 5 7 1 4 6 7 10 12 7 6 5 1
3 10 9 6 4 1 8 7 8 0 4 8 9 10 2 7 8 10 2 7 8 6 7 9 10 8 6 8 6 7
2 6 5 4 2 4 3 2 7 4 0 4 6 6 4 4 6 6 3 3 6 3 3 5 6 6 2 5 3 6
5 2 2 5 5 8 1 1 8 8 4 0 6 3 7 5 7 2 6 1 7 5 2 3 3 5 2 3 4 8
8 6 5 10 5 9 5 6 4 9 6 6 0 3 10 2 2 6 7 5 3 3 4 4 7 10 5 2 3 4
7 3 2 8 6 9 3 4 7 10 6 3 3 0 9 3 5 3 7 4 6 4 3 1 4 8 4 1 4 6
2 9 9 4 5 3 7 6 9 2 4 7 10 9 0 8 9 9 3 6 9 6 7 9 10 7 6 9 6 8
6 6 4 8 3 7 4 4 4 7 4 5 2 3 8 0 3 5 5 4 3 1 3 3 6 9 3 2 1 3
8 8 7 10 5 8 6 7 2 8 6 7 2 5 9 3 0 7 6 6 1 3 5 6 9 11 6 4 4 2
7 1 1 7 7 10 2 3 9 10 6 2 6 3 9 5 7 0 8 3 8 6 3 2 1 6 4 3 5 8
3 8 7 6 1 2 6 5 5 2 3 6 7 7 3 5 6 8 0 5 6 3 5 7 9 8 4 6 4 5
4 3 3 5 4 7 1 1 7 7 3 1 5 4 6 4 6 3 5 0 6 3 1 3 4 5 1 3 3 7
8 8 7 10 4 7 7 7 1 8 6 7 3 6 9 3 1 8 6 6 0 3 5 6 9 12 6 5 4 1
5 6 5 7 2 5 4 4 4 6 3 5 3 4 6 1 3 6 3 3 3 0 3 4 7 8 3 3 1 3
5 3 2 6 4 7 1 2 6 7 3 2 4 3 7 3 5 3 5 1 5 3 0 2 4 7 1 2 2 6
7 3 2 8 6 9 2 4 7 9 5 3 4 1 9 3 6 2 7 3 6 4 2 0 3 8 4 1 4 7
8 1 2 7 8 10 3 4 10 10 6 3 7 4 10 6 9 1 9 4 9 7 4 3 0 6 5 4 6 10
6 5 6 3 8 9 6 5 12 8 6 5 10 8 7 9 11 6 8 5 12 8 7 8 6 0 5 8 8 12
3 4 3 5 3 6 2 1 7 6 2 2 5 4 6 3 6 4 4 1 6 3 1 4 5 5 0 3 2 6
6 4 3 8 5 8 3 4 6 8 5 3 2 1 9 2 4 3 6 3 5 3 2 1 4 8 3 0 2 5
4 5 4 7 2 6 3 3 5 6 3 4 3 4 6 1 4 5 4 3 4 1 2 4 6 8 2 2 0 4
7 9 8 10 4 6 7 7 1 7 6 8 4 6 8 3 2 8 5 7 1 3 6 7 10 12 6 5 4 0
,
0 46 20 15 19 20 23 10 32 21 5 19 39 40 10 25 41 50 9 18 28 21 12 21 56 17 10 22 31 27
34 0 6 45 21 49 9 10 51 66 23 5 38 17 53 36 48 3 41 16 31 31 12 8 4 21 23 28 38 43
24 8 0 28 36 64 11 15 23 48 26 9 34 15 30 14 44 2 41 11 21 14 13 10 11 20 17 7 11 49
16 18 36 0 35 29 40 28 39 18 29 29 34 38 15 48 62 39 19 25 70 19 23 56 31 7 24 54 25 63
8 49 19 18 0 24 25 11 27 12 14 16 28 45 12 13 17 24 10 23 31 13 17 41 43 58 14 21 7 13
21 43 25 26 9 0 48 45 33 3 27 33 34 38 8 32 42 53 10 39 46 38 51 27 54 66 39 58 20 44
37 11 6 19 25 28 0 6 43 42 13 3 18 10 47 25 36 7 42 6 23 23 5 15 21 16 7 13 22 29
26 15 20 26 18 41 8 0 41 20 15 9 23 15 43 11 18 24 35 4 29 21 6 10 11 29 6 13 13 36
21 54 27 78 13 48 43 55 0 37 27 59 22 22 34 21 6 45 19 30 6 25 24 37 49 34 50 38 25 4
15 59 68 35 27 7 48 18 30 0 18 58 44 63 5 31 22 25 15 22 52 21 42 40 40 46 29 22 27 31
9 16 33 15 15 28 26 7 42 30 0 22 45 43 22 24 16 37 9 16 22 14 12 36 45 33 8 33 16 32
21 10 10 32 36 53 4 7 37 35 25 0 25 10 27 33 50 6 28 5 37 20 8 8 16 26 5 24 12 26
53 36 17 28 33 48 13 15 16 53 42 22 0 21 56 5 11 36 37 37 21 17 16 12 27 31 31 15 19 22
27 21 9 53 28 27 9 26 26 61 36 19 13 0 68 23 19 8 19 25 16 31 17 5 25 37 13 4 15 33
11 48 54 16 26 12 44 32 46 10 20 49 39 64 0 22 61 52 25 19 39 26 40 45 56 35 35 42 22 45
30 19 11 22 22 24 21 26 13 54 11 21 8 14 50 0 9 19 24 18 20 7 7 15 45 44 21 10 6 21
25 47 37 32 24 41 31 49 10 42 27 37 11 22 43 18 0 21 32 42 4 17 17 34 37 51 16 31 22 7
48 3 4 20 40 35 16 23 37 34 25 13 41 7 65 29 55 0 50 13 50 17 8 5 8 28 15 20 17 38
20 30 52 37 10 10 25 37 29 6 11 31 47 51 22 26 33 33 0 30 27 9 35 44 24 48 20 42 12 28
24 10 16 23 18 46 5 2 44 24 12 8 28 17 23 22 33 14 18 0 38 24 9 21 19 23 4 11 7 46
47 60 51 52 14 30 36 41 7 27 37 30 13 40 37 14 2 40 25 30 0 12 38 36 62 32 23 30 12 6
26 39 34 32 10 29 13 28 22 32 16 19 21 24 47 10 15 38 23 21 13 0 19 18 26 27 12 8 6 13
22 18 8 15 13 33 6 11 16 21 18 14 17 16 38 18 35 11 36 8 35 13 0 11 18 22 5 11 5 34
51 8 9 57 20 62 8 25 54 42 18 13 26 2 34 22 23 11 41 9 17 28 7 0 18 31 10 8 19 22
20 3 8 46 37 34 11 10 28 39 43 17 36 15 41 26 59 7 45 25 31 21 23 12 0 29 33 29 28 51
14 30 30 7 51 25 37 20 89 50 37 23 68 53 46 27 30 28 53 27 34 48 21 57 36 0 36 45 22 44
23 27 17 14 15 32 11 5 26 38 11 14 13 27 29 13 34 26 24 3 23 20 6 25 26 35 0 9 16 42
29 19 18 35 24 32 16 25 32 41 18 21 14 8 58 12 23 21 28 14 14 8 7 5 24 28 23 0 13 35
20 13 21 21 14 37 22 23 30 46 15 21 16 19 29 9 27 13 20 9 26 5 12 14 24 36 8 15 0 19
45 59 39 71 18 29 23 19 4 21 39 55 23 36 25 9 6 62 34 36 3 21 31 22 54 36 19 20 20 0