5
30
,
0 (33.0, 40.0) 17.0
1 (4.0, 23.0) 26.0
2 (8.0, 19.0) 40.0
3 (20.0, 50.0) 42.0
4 (39.0, 25.0) 28.0
5 (50.0, 38.0) 35.0
6 (15.0, 23.0) 26.0
7 (18.0, 29.0) 35.0
8 (48.0, 4.0) 48.0
9 (48.0, 42.0) 31.0
10 (30.0, 32.0) 42.0
11 (12.0, 26.0) 46.0
12 (27.0, 2.0) 13.0
13 (13.0, 9.0) 45.0
14 (40.0, 48.0) 37.0
15 (29.0, 11.0) 13.0
16 (38.0, 2.0) 21.0
17 (5.0, 19.0) 13.0
18 (43.0, 31.0) 15.0
19 (19.0, 26.0) 19.0
20 (41.0, 3.0) 11.0
21 (33.0, 17.0) 21.0
22 (20.0, 20.0) 21.0
23 (12.0, 12.0) 30.0
24 (0.0, 22.0) 16.0
25 (7.0, 50.0) 15.0
26 (22.0, 27.0) 14.0
27 (19.0, 11.0) 21.0
28 (29.0, 18.0) 22.0
29 (45.0, 6.0) 46.0
,
0 7 7 3 3 3 5 4 8 3 2 5 8 7 2 6 8 7 3 4 8 5 5 7 8 6 3 6 4 7
7 0 1 6 7 10 2 3 10 10 6 2 6 3 9 6 8 1 8 3 8 6 3 3 1 5 4 4 5 9
7 1 0 7 6 9 2 3 9 9 5 2 5 2 9 4 7 1 7 3 7 5 2 2 2 6 3 3 4 8
3 6 7 0 6 6 5 4 11 6 4 5 10 8 4 8 10 7 6 5 10 7 6 8 7 3 5 8 7 10
3 7 6 6 0 3 5 4 5 4 2 5 5 6 5 3 5 7 1 4 4 2 4 6 8 8 3 5 2 4
3 10 9 6 3 0 8 7 7 1 4 8 9 9 3 7 8 10 2 7 7 5 7 9 10 9 6 8 6 6
5 2 2 5 5 8 0 1 8 8 3 1 5 3 7 4 6 2 6 1 7 4 1 2 3 6 2 3 3 7
4 3 3 4 4 7 1 0 8 7 2 1 6 4 6 4 7 3 5 1 7 4 2 4 4 5 1 4 3 7
8 10 9 11 5 7 8 8 0 8 7 8 4 7 9 4 2 9 5 7 1 4 6 7 10 12 7 6 5 1
3 10 9 6 4 1 8 7 8 0 4 8 9 10 2 7 8 10 2 7 8 6 7 9 10 8 6 8 6 7
2 6 5 4 2 4 3 2 7 4 0 4 6 6 4 4 6 6 3 3 6 3 3 5 6 6 2 5 3 6
5 2 2 5 5 8 1 1 8 8 4 0 6 3 7 5 7 2 6 1 7 5 2 3 3 5 2 3 4 8
8 6 5 10 5 9 5 6 4 9 6 6 0 3 10 2 2 6 7 5 3 3 4 4 7 10 5 2 3 4
7 3 2 8 6 9 3 4 7 10 6 3 3 0 9 3 5 3 7 4 6 4 3 1 4 8 4 1 4 6
2 9 9 4 5 3 7 6 9 2 4 7 10 9 0 8 9 9 3 6 9 6 7 9 10 7 6 9 6 8
6 6 4 8 3 7 4 4 4 7 4 5 2 3 8 0 3 5 5 4 3 1 3 3 6 9 3 2 1 3
8 8 7 10 5 8 6 7 2 8 6 7 2 5 9 3 0 7 6 6 1 3 5 6 9 11 6 4 4 2
7 1 1 7 7 10 2 3 9 10 6 2 6 3 9 5 7 0 8 3 8 6 3 2 1 6 4 3 5 8
3 8 7 6 1 2 6 5 5 2 3 6 7 7 3 5 6 8 0 5 6 3 5 7 9 8 4 6 4 5
4 3 3 5 4 7 1 1 7 7 3 1 5 4 6 4 6 3 5 0 6 3 1 3 4 5 1 3 3 7
8 8 7 10 4 7 7 7 1 8 6 7 3 6 9 3 1 8 6 6 0 3 5 6 9 12 6 5 4 1
5 6 5 7 2 5 4 4 4 6 3 5 3 4 6 1 3 6 3 3 3 0 3 4 7 8 3 3 1 3
5 3 2 6 4 7 1 2 6 7 3 2 4 3 7 3 5 3 5 1 5 3 0 2 4 7 1 2 2 6
7 3 2 8 6 9 2 4 7 9 5 3 4 1 9 3 6 2 7 3 6 4 2 0 3 8 4 1 4 7
8 1 2 7 8 10 3 4 10 10 6 3 7 4 10 6 9 1 9 4 9 7 4 3 0 6 5 4 6 10
6 5 6 3 8 9 6 5 12 8 6 5 10 8 7 9 11 6 8 5 12 8 7 8 6 0 5 8 8 12
3 4 3 5 3 6 2 1 7 6 2 2 5 4 6 3 6 4 4 1 6 3 1 4 5 5 0 3 2 6
6 4 3 8 5 8 3 4 6 8 5 3 2 1 9 2 4 3 6 3 5 3 2 1 4 8 3 0 2 5
4 5 4 7 2 6 3 3 5 6 3 4 3 4 6 1 4 5 4 3 4 1 2 4 6 8 2 2 0 4
7 9 8 10 4 6 7 7 1 7 6 8 4 6 8 3 2 8 5 7 1 3 6 7 10 12 6 5 4 0
,
0 45 26 18 20 13 13 17 36 15 11 17 43 40 13 19 49 34 18 18 21 21 16 45 51 35 23 20 11 42
50 0 7 35 51 42 15 19 36 67 25 8 29 17 29 15 35 5 49 11 29 44 19 15 5 30 21 26 18 41
21 7 0 47 47 64 12 11 47 32 17 11 23 6 31 32 46 3 19 11 32 24 15 5 5 42 12 11 20 27
24 24 34 0 43 47 22 24 78 41 22 36 30 35 13 55 42 37 16 13 64 30 30 40 49 7 13 38 43 36
24 43 27 39 0 9 15 24 23 25 14 39 32 31 16 24 13 19 9 15 22 12 16 39 31 22 13 24 9 29
16 57 43 18 18 0 20 44 23 5 12 29 33 65 13 44 50 72 7 19 47 39 38 33 28 63 31 31 16 36
30 10 12 29 21 36 0 7 41 45 25 2 35 20 33 17 33 5 16 5 25 20 4 9 17 33 8 8 15 25
10 14 20 14 31 20 4 0 38 35 14 6 18 19 16 12 42 17 38 2 46 25 5 26 26 28 5 20 11 41
56 39 43 43 16 33 28 46 0 22 48 43 27 22 49 22 11 30 34 28 5 10 29 32 61 47 33 30 30 3
19 37 68 39 20 5 38 36 53 0 31 45 31 29 10 48 53 56 12 42 54 25 25 46 29 25 23 28 38 37
9 27 27 16 16 22 16 9 28 31 0 26 23 17 13 20 46 41 9 18 41 22 23 33 44 23 12 17 17 40
21 12 10 32 29 42 3 6 35 56 23 0 16 21 36 33 33 9 34 8 37 21 12 10 12 32 6 25 27 50
50 19 32 48 35 48 21 22 26 46 23 16 0 13 43 10 12 19 44 32 13 20 17 11 34 76 33 8 22 14
36 15 6 44 44 63 18 10 53 36 30 9 18 0 60 16 26 15 55 19 39 28 19 3 24 48 23 5 21 39
6 60 35 11 29 12 44 37 25 6 18 37 70 60 0 24 61 61 24 38 62 42 51 24 70 37 29 48 41 56
25 23 23 45 16 41 15 18 20 38 12 28 5 16 31 0 8 24 19 22 18 9 10 18 16 36 23 9 5 23
40 38 49 46 23 54 39 40 14 50 39 37 16 35 65 11 0 54 25 17 3 11 33 23 22 33 41 23 18 5
25 2 3 25 37 29 14 18 53 48 37 7 31 10 58 25 22 0 35 16 50 40 13 13 8 16 22 17 23 43
16 24 38 23 8 12 21 15 26 16 15 27 39 49 24 21 26 58 0 22 32 10 14 47 28 34 19 44 28 19
27 18 19 14 29 47 5 4 33 45 13 9 31 25 33 13 31 11 35 0 41 15 4 11 22 30 2 20 15 33
47 23 33 42 28 29 33 31 4 34 28 55 12 29 29 18 4 22 15 24 0 20 17 28 38 58 20 16 26 3
24 22 16 53 10 27 13 18 15 41 14 19 9 16 23 11 16 15 16 25 14 0 8 23 32 21 8 21 4 22
22 19 8 32 26 24 4 6 29 44 22 10 15 18 18 19 22 19 16 4 36 20 0 14 10 48 5 12 9 21
52 15 12 53 16 54 16 20 48 70 33 18 20 4 53 10 25 14 38 19 33 29 9 0 20 21 10 9 20 23
54 3 9 40 38 63 12 23 53 65 20 7 32 15 36 44 38 5 35 23 60 19 22 16 0 30 29 12 23 35
15 15 27 16 21 37 39 34 82 36 28 24 68 37 47 48 48 35 57 32 60 29 18 50 18 0 19 51 23 57
17 17 10 14 18 42 7 4 18 39 11 5 21 11 40 18 25 23 30 3 22 20 8 13 22 35 0 9 12 32
17 12 15 38 23 31 9 16 45 34 27 24 8 9 47 9 23 9 17 10 19 17 9 5 21 35 23 0 13 36
29 30 17 27 12 38 8 17 21 41 12 10 14 13 29 4 13 20 26 10 16 3 7 23 22 51 10 8 0 20
33 30 31 66 27 48 51 21 3 38 22 39 27 26 49 9 8 47 30 40 6 10 14 37 28 81 29 19 10 0