5
30
,
0 (33.0, 40.0) 20.0
1 (4.0, 23.0) 24.0
2 (8.0, 19.0) 40.0
3 (20.0, 50.0) 24.0
4 (39.0, 25.0) 13.0
5 (50.0, 38.0) 35.0
6 (15.0, 23.0) 36.0
7 (18.0, 29.0) 29.0
8 (48.0, 4.0) 47.0
9 (48.0, 42.0) 47.0
10 (30.0, 32.0) 46.0
11 (12.0, 26.0) 14.0
12 (27.0, 2.0) 32.0
13 (13.0, 9.0) 10.0
14 (40.0, 48.0) 20.0
15 (29.0, 11.0) 24.0
16 (38.0, 2.0) 16.0
17 (5.0, 19.0) 33.0
18 (43.0, 31.0) 14.0
19 (19.0, 26.0) 26.0
20 (41.0, 3.0) 33.0
21 (33.0, 17.0) 29.0
22 (20.0, 20.0) 10.0
23 (12.0, 12.0) 22.0
24 (0.0, 22.0) 17.0
25 (7.0, 50.0) 11.0
26 (22.0, 27.0) 13.0
27 (19.0, 11.0) 40.0
28 (29.0, 18.0) 43.0
29 (45.0, 6.0) 12.0
,
0 7 7 3 3 3 5 4 8 3 2 5 8 7 2 6 8 7 3 4 8 5 5 7 8 6 3 6 4 7
7 0 1 6 7 10 2 3 10 10 6 2 6 3 9 6 8 1 8 3 8 6 3 3 1 5 4 4 5 9
7 1 0 7 6 9 2 3 9 9 5 2 5 2 9 4 7 1 7 3 7 5 2 2 2 6 3 3 4 8
3 6 7 0 6 6 5 4 11 6 4 5 10 8 4 8 10 7 6 5 10 7 6 8 7 3 5 8 7 10
3 7 6 6 0 3 5 4 5 4 2 5 5 6 5 3 5 7 1 4 4 2 4 6 8 8 3 5 2 4
3 10 9 6 3 0 8 7 7 1 4 8 9 9 3 7 8 10 2 7 7 5 7 9 10 9 6 8 6 6
5 2 2 5 5 8 0 1 8 8 3 1 5 3 7 4 6 2 6 1 7 4 1 2 3 6 2 3 3 7
4 3 3 4 4 7 1 0 8 7 2 1 6 4 6 4 7 3 5 1 7 4 2 4 4 5 1 4 3 7
8 10 9 11 5 7 8 8 0 8 7 8 4 7 9 4 2 9 5 7 1 4 6 7 10 12 7 6 5 1
3 10 9 6 4 1 8 7 8 0 4 8 9 10 2 7 8 10 2 7 8 6 7 9 10 8 6 8 6 7
2 6 5 4 2 4 3 2 7 4 0 4 6 6 4 4 6 6 3 3 6 3 3 5 6 6 2 5 3 6
5 2 2 5 5 8 1 1 8 8 4 0 6 3 7 5 7 2 6 1 7 5 2 3 3 5 2 3 4 8
8 6 5 10 5 9 5 6 4 9 6 6 0 3 10 2 2 6 7 5 3 3 4 4 7 10 5 2 3 4
7 3 2 8 6 9 3 4 7 10 6 3 3 0 9 3 5 3 7 4 6 4 3 1 4 8 4 1 4 6
2 9 9 4 5 3 7 6 9 2 4 7 10 9 0 8 9 9 3 6 9 6 7 9 10 7 6 9 6 8
6 6 4 8 3 7 4 4 4 7 4 5 2 3 8 0 3 5 5 4 3 1 3 3 6 9 3 2 1 3
8 8 7 10 5 8 6 7 2 8 6 7 2 5 9 3 0 7 6 6 1 3 5 6 9 11 6 4 4 2
7 1 1 7 7 10 2 3 9 10 6 2 6 3 9 5 7 0 8 3 8 6 3 2 1 6 4 3 5 8
3 8 7 6 1 2 6 5 5 2 3 6 7 7 3 5 6 8 0 5 6 3 5 7 9 8 4 6 4 5
4 3 3 5 4 7 1 1 7 7 3 1 5 4 6 4 6 3 5 0 6 3 1 3 4 5 1 3 3 7
8 8 7 10 4 7 7 7 1 8 6 7 3 6 9 3 1 8 6 6 0 3 5 6 9 12 6 5 4 1
5 6 5 7 2 5 4 4 4 6 3 5 3 4 6 1 3 6 3 3 3 0 3 4 7 8 3 3 1 3
5 3 2 6 4 7 1 2 6 7 3 2 4 3 7 3 5 3 5 1 5 3 0 2 4 7 1 2 2 6
7 3 2 8 6 9 2 4 7 9 5 3 4 1 9 3 6 2 7 3 6 4 2 0 3 8 4 1 4 7
8 1 2 7 8 10 3 4 10 10 6 3 7 4 10 6 9 1 9 4 9 7 4 3 0 6 5 4 6 10
6 5 6 3 8 9 6 5 12 8 6 5 10 8 7 9 11 6 8 5 12 8 7 8 6 0 5 8 8 12
3 4 3 5 3 6 2 1 7 6 2 2 5 4 6 3 6 4 4 1 6 3 1 4 5 5 0 3 2 6
6 4 3 8 5 8 3 4 6 8 5 3 2 1 9 2 4 3 6 3 5 3 2 1 4 8 3 0 2 5
4 5 4 7 2 6 3 3 5 6 3 4 3 4 6 1 4 5 4 3 4 1 2 4 6 8 2 2 0 4
7 9 8 10 4 6 7 7 1 7 6 8 4 6 8 3 2 8 5 7 1 3 6 7 10 12 6 5 4 0
,
0 23 38 20 24 23 27 17 21 21 5 20 21 50 11 27 21 39 18 20 44 28 13 30 41 19 15 38 23 44
35 0 8 46 28 31 9 17 59 66 27 4 19 11 28 35 26 3 28 18 57 18 19 7 4 29 12 11 25 64
39 6 0 25 33 60 8 17 48 62 28 10 22 12 63 32 35 3 33 11 31 32 17 10 7 26 23 11 18 56
23 30 44 0 35 24 41 32 35 28 31 32 72 39 23 27 40 26 26 22 63 44 24 24 33 12 16 57 21 63
13 28 30 29 0 11 24 30 29 21 15 15 24 42 34 19 21 52 10 14 30 14 25 32 40 32 14 32 7 21
22 71 43 40 18 0 39 43 26 3 24 24 34 28 9 41 33 63 14 43 47 20 23 51 29 63 17 57 41 39
16 14 11 27 27 37 0 6 55 24 10 4 18 13 34 10 30 9 33 7 41 12 8 15 20 23 8 17 8 45
22 16 13 15 23 41 7 0 32 28 7 9 31 28 39 23 28 22 15 2 42 24 12 18 15 26 3 22 11 38
25 60 32 70 26 22 41 27 0 32 34 32 13 21 63 12 11 51 38 49 7 14 37 47 57 62 30 22 23 3
15 41 60 31 19 3 55 42 48 0 21 57 52 64 11 53 21 48 13 34 45 36 26 57 36 30 43 21 26 36
10 29 18 30 8 26 9 15 33 24 0 16 18 26 22 28 24 29 9 15 16 16 14 36 22 23 9 35 14 32
26 9 7 16 38 22 3 10 32 25 18 0 41 20 44 19 30 6 23 6 29 12 7 12 7 32 12 14 15 30
25 45 27 56 19 52 19 41 11 52 43 15 0 9 66 13 13 32 45 30 16 18 28 11 20 67 37 10 14 19
48 12 7 40 17 56 21 13 41 67 31 13 14 0 48 19 36 19 49 26 23 23 13 4 15 26 26 9 13 25
15 41 30 12 21 21 43 27 45 14 12 26 24 49 0 27 30 45 12 43 54 16 21 59 53 19 35 49 17 39
35 27 33 54 15 26 22 30 28 49 16 25 9 10 54 0 14 28 17 23 22 5 15 21 31 51 24 15 9 9
35 41 39 69 30 56 24 32 8 55 31 46 13 30 68 7 0 47 32 19 3 15 37 17 44 84 23 25 18 10
29 2 3 29 51 40 8 11 48 51 27 6 17 19 57 27 28 0 36 11 27 24 11 11 6 39 20 14 15 45
8 46 36 16 6 12 43 27 33 13 18 28 42 30 26 19 16 46 0 37 26 11 21 24 63 38 23 34 19 25
27 17 11 17 18 33 5 4 31 46 18 6 22 12 30 25 30 9 15 0 35 10 3 11 18 37 4 20 13 35
56 59 37 26 23 22 35 35 6 35 25 32 15 24 53 17 3 22 38 41 0 18 15 24 66 73 30 12 15 4
26 16 26 52 13 26 12 17 15 19 16 24 12 31 20 6 22 25 18 21 18 0 7 17 34 48 17 8 4 17
28 13 9 22 27 48 5 7 37 36 20 9 23 11 44 11 13 17 33 8 40 8 0 11 21 28 8 12 7 25
41 19 4 54 31 52 9 15 31 43 35 20 11 4 28 14 15 13 37 15 15 12 11 0 14 45 16 8 11 38
53 6 12 22 31 36 18 17 54 66 18 10 35 26 67 30 22 7 28 19 38 30 15 12 0 20 18 13 20 59
30 18 16 13 35 26 26 28 59 49 28 34 74 29 49 27 32 33 46 30 39 30 43 34 40 0 17 26 34 76
11 17 12 12 22 45 9 3 20 25 5 9 35 30 18 24 21 20 28 4 18 20 9 15 29 29 0 12 8 38
17 21 14 38 22 58 15 18 18 23 29 25 11 8 53 8 20 20 26 18 15 8 13 5 20 23 17 0 6 39
28 24 20 36 16 29 12 14 33 41 17 12 19 26 39 6 13 28 10 11 23 6 8 13 26 41 15 12 0 18
25 47 46 70 17 48 48 44 3 26 17 20 27 19 45 13 8 59 15 30 6 21 43 37 51 78 43 37 19 0