5
30
,
0 (33.0, 40.0) 18.0
1 (4.0, 23.0) 27.0
2 (8.0, 19.0) 28.0
3 (20.0, 50.0) 29.0
4 (39.0, 25.0) 10.0
5 (50.0, 38.0) 12.0
6 (15.0, 23.0) 18.0
7 (18.0, 29.0) 36.0
8 (48.0, 4.0) 16.0
9 (48.0, 42.0) 19.0
10 (30.0, 32.0) 11.0
11 (12.0, 26.0) 32.0
12 (27.0, 2.0) 16.0
13 (13.0, 9.0) 16.0
14 (40.0, 48.0) 24.0
15 (29.0, 11.0) 13.0
16 (38.0, 2.0) 26.0
17 (5.0, 19.0) 36.0
18 (43.0, 31.0) 11.0
19 (19.0, 26.0) 44.0
20 (41.0, 3.0) 31.0
21 (33.0, 17.0) 14.0
22 (20.0, 20.0) 33.0
23 (12.0, 12.0) 35.0
24 (0.0, 22.0) 19.0
25 (7.0, 50.0) 32.0
26 (22.0, 27.0) 20.0
27 (19.0, 11.0) 45.0
28 (29.0, 18.0) 15.0
29 (45.0, 6.0) 24.0
,
0 7 7 3 3 3 5 4 8 3 2 5 8 7 2 6 8 7 3 4 8 5 5 7 8 6 3 6 4 7
7 0 1 6 7 10 2 3 10 10 6 2 6 3 9 6 8 1 8 3 8 6 3 3 1 5 4 4 5 9
7 1 0 7 6 9 2 3 9 9 5 2 5 2 9 4 7 1 7 3 7 5 2 2 2 6 3 3 4 8
3 6 7 0 6 6 5 4 11 6 4 5 10 8 4 8 10 7 6 5 10 7 6 8 7 3 5 8 7 10
3 7 6 6 0 3 5 4 5 4 2 5 5 6 5 3 5 7 1 4 4 2 4 6 8 8 3 5 2 4
3 10 9 6 3 0 8 7 7 1 4 8 9 9 3 7 8 10 2 7 7 5 7 9 10 9 6 8 6 6
5 2 2 5 5 8 0 1 8 8 3 1 5 3 7 4 6 2 6 1 7 4 1 2 3 6 2 3 3 7
4 3 3 4 4 7 1 0 8 7 2 1 6 4 6 4 7 3 5 1 7 4 2 4 4 5 1 4 3 7
8 10 9 11 5 7 8 8 0 8 7 8 4 7 9 4 2 9 5 7 1 4 6 7 10 12 7 6 5 1
3 10 9 6 4 1 8 7 8 0 4 8 9 10 2 7 8 10 2 7 8 6 7 9 10 8 6 8 6 7
2 6 5 4 2 4 3 2 7 4 0 4 6 6 4 4 6 6 3 3 6 3 3 5 6 6 2 5 3 6
5 2 2 5 5 8 1 1 8 8 4 0 6 3 7 5 7 2 6 1 7 5 2 3 3 5 2 3 4 8
8 6 5 10 5 9 5 6 4 9 6 6 0 3 10 2 2 6 7 5 3 3 4 4 7 10 5 2 3 4
7 3 2 8 6 9 3 4 7 10 6 3 3 0 9 3 5 3 7 4 6 4 3 1 4 8 4 1 4 6
2 9 9 4 5 3 7 6 9 2 4 7 10 9 0 8 9 9 3 6 9 6 7 9 10 7 6 9 6 8
6 6 4 8 3 7 4 4 4 7 4 5 2 3 8 0 3 5 5 4 3 1 3 3 6 9 3 2 1 3
8 8 7 10 5 8 6 7 2 8 6 7 2 5 9 3 0 7 6 6 1 3 5 6 9 11 6 4 4 2
7 1 1 7 7 10 2 3 9 10 6 2 6 3 9 5 7 0 8 3 8 6 3 2 1 6 4 3 5 8
3 8 7 6 1 2 6 5 5 2 3 6 7 7 3 5 6 8 0 5 6 3 5 7 9 8 4 6 4 5
4 3 3 5 4 7 1 1 7 7 3 1 5 4 6 4 6 3 5 0 6 3 1 3 4 5 1 3 3 7
8 8 7 10 4 7 7 7 1 8 6 7 3 6 9 3 1 8 6 6 0 3 5 6 9 12 6 5 4 1
5 6 5 7 2 5 4 4 4 6 3 5 3 4 6 1 3 6 3 3 3 0 3 4 7 8 3 3 1 3
5 3 2 6 4 7 1 2 6 7 3 2 4 3 7 3 5 3 5 1 5 3 0 2 4 7 1 2 2 6
7 3 2 8 6 9 2 4 7 9 5 3 4 1 9 3 6 2 7 3 6 4 2 0 3 8 4 1 4 7
8 1 2 7 8 10 3 4 10 10 6 3 7 4 10 6 9 1 9 4 9 7 4 3 0 6 5 4 6 10
6 5 6 3 8 9 6 5 12 8 6 5 10 8 7 9 11 6 8 5 12 8 7 8 6 0 5 8 8 12
3 4 3 5 3 6 2 1 7 6 2 2 5 4 6 3 6 4 4 1 6 3 1 4 5 5 0 3 2 6
6 4 3 8 5 8 3 4 6 8 5 3 2 1 9 2 4 3 6 3 5 3 2 1 4 8 3 0 2 5
4 5 4 7 2 6 3 3 5 6 3 4 3 4 6 1 4 5 4 3 4 1 2 4 6 8 2 2 0 4
7 9 8 10 4 6 7 7 1 7 6 8 4 6 8 3 2 8 5 7 1 3 6 7 10 12 6 5 4 0
,
0 19 24 14 19 22 25 15 30 20 7 21 49 55 7 37 28 25 7 29 56 25 31 50 50 29 13 44 33 39
22 0 6 22 33 50 12 14 70 32 20 8 39 10 61 31 52 4 34 17 32 23 21 19 5 28 16 28 34 50
44 5 0 29 18 59 9 17 58 63 35 11 29 10 24 12 32 2 49 11 18 22 11 10 10 20 17 9 17 28
19 32 18 0 27 40 21 28 57 43 20 23 45 46 22 31 48 27 22 14 26 43 44 29 42 17 16 47 45 50
13 29 25 42 0 23 21 12 25 27 17 15 29 45 31 21 13 36 6 24 20 10 24 24 44 31 14 27 13 10
11 27 48 32 15 0 56 21 32 6 25 35 45 65 20 49 46 66 12 50 34 19 46 37 57 31 40 29 23 41
22 9 5 26 22 46 0 3 40 36 25 5 16 13 38 24 34 16 23 4 43 12 9 17 18 38 6 19 8 22
22 14 21 20 18 31 6 0 26 31 16 6 22 20 23 17 22 20 25 4 45 11 13 13 25 28 5 14 19 42
50 71 34 67 32 40 26 36 0 53 29 39 28 49 23 18 6 42 18 35 5 29 25 54 54 54 42 30 30 2
18 64 52 27 18 3 57 19 57 0 20 54 27 31 8 22 61 45 12 39 43 18 27 31 53 62 43 47 40 45
11 41 30 16 11 26 20 8 41 22 0 28 31 23 14 11 44 18 12 8 24 8 18 39 46 18 10 24 15 17
28 6 11 31 34 45 5 10 22 38 28 0 32 25 45 29 38 9 19 9 23 32 8 17 15 31 13 11 11 35
34 40 23 69 21 29 22 38 12 56 28 38 0 18 42 11 10 15 30 37 11 17 12 17 37 57 30 10 17 19
22 21 13 38 28 56 18 22 40 48 25 23 18 0 65 11 22 18 36 19 40 31 10 2 23 53 14 8 10 32
15 47 36 24 22 9 18 19 43 10 14 24 36 54 0 24 26 47 19 23 42 44 23 25 28 41 24 45 20 36
28 21 11 23 25 22 10 22 22 52 26 20 12 20 34 0 9 23 16 25 9 8 10 20 43 48 20 10 7 14
40 53 27 67 26 38 27 28 7 39 26 30 12 26 55 13 0 41 25 40 4 20 15 18 43 39 15 14 16 11
48 6 2 37 46 27 10 16 67 69 35 12 40 16 53 31 25 0 59 16 23 15 20 8 9 22 17 12 16 54
11 33 47 22 9 13 23 24 32 7 7 26 46 28 19 15 39 36 0 33 18 14 36 21 61 49 24 21 15 22
21 8 18 33 24 31 6 3 29 46 7 10 35 26 44 12 45 20 14 0 41 20 5 17 28 39 4 21 18 35
53 48 53 33 17 27 47 20 6 21 37 33 8 25 25 14 2 40 39 46 0 9 31 30 43 32 23 32 22 7
24 25 36 52 10 16 24 14 21 21 12 16 21 29 29 7 14 35 10 8 15 0 20 12 18 24 11 21 5 9
33 19 7 34 17 32 8 10 24 29 13 10 29 14 22 7 31 22 37 4 14 8 0 9 27 22 4 11 12 23
37 12 7 55 32 47 10 18 43 48 25 14 19 3 64 23 30 7 25 8 33 12 16 0 12 20 12 7 12 20
48 4 10 34 24 32 11 18 54 70 22 13 18 24 29 36 40 6 37 10 44 47 25 19 0 27 33 13 35 48
30 22 33 19 36 28 31 23 77 55 36 26 43 36 37 33 85 30 59 23 60 61 48 41 31 0 18 36 39 84
14 20 23 12 15 45 9 3 29 23 6 15 29 27 30 18 20 10 13 2 45 12 10 15 16 19 0 14 13 45
37 10 11 57 32 46 11 23 36 61 16 23 9 4 42 9 14 9 40 18 21 8 12 9 26 58 10 0 16 17
16 23 26 27 7 16 18 22 29 19 10 23 14 22 40 6 21 25 18 8 18 2 12 11 39 41 13 9 0 26
52 25 52 51 16 25 23 30 5 27 27 52 14 46 59 12 9 51 22 22 4 22 21 41 54 45 24 37 16 0