5
30
,
0 (33.0, 40.0) 45.0
1 (4.0, 23.0) 22.0
2 (8.0, 19.0) 10.0
3 (20.0, 50.0) 35.0
4 (39.0, 25.0) 31.0
5 (50.0, 38.0) 19.0
6 (15.0, 23.0) 14.0
7 (18.0, 29.0) 25.0
8 (48.0, 4.0) 31.0
9 (48.0, 42.0) 15.0
10 (30.0, 32.0) 11.0
11 (12.0, 26.0) 13.0
12 (27.0, 2.0) 21.0
13 (13.0, 9.0) 20.0
14 (40.0, 48.0) 17.0
15 (29.0, 11.0) 11.0
16 (38.0, 2.0) 12.0
17 (5.0, 19.0) 12.0
18 (43.0, 31.0) 29.0
19 (19.0, 26.0) 50.0
20 (41.0, 3.0) 28.0
21 (33.0, 17.0) 46.0
22 (20.0, 20.0) 22.0
23 (12.0, 12.0) 25.0
24 (0.0, 22.0) 28.0
25 (7.0, 50.0) 41.0
26 (22.0, 27.0) 15.0
27 (19.0, 11.0) 50.0
28 (29.0, 18.0) 32.0
29 (45.0, 6.0) 23.0
,
0 7 7 3 3 3 5 4 8 3 2 5 8 7 2 6 8 7 3 4 8 5 5 7 8 6 3 6 4 7
7 0 1 6 7 10 2 3 10 10 6 2 6 3 9 6 8 1 8 3 8 6 3 3 1 5 4 4 5 9
7 1 0 7 6 9 2 3 9 9 5 2 5 2 9 4 7 1 7 3 7 5 2 2 2 6 3 3 4 8
3 6 7 0 6 6 5 4 11 6 4 5 10 8 4 8 10 7 6 5 10 7 6 8 7 3 5 8 7 10
3 7 6 6 0 3 5 4 5 4 2 5 5 6 5 3 5 7 1 4 4 2 4 6 8 8 3 5 2 4
3 10 9 6 3 0 8 7 7 1 4 8 9 9 3 7 8 10 2 7 7 5 7 9 10 9 6 8 6 6
5 2 2 5 5 8 0 1 8 8 3 1 5 3 7 4 6 2 6 1 7 4 1 2 3 6 2 3 3 7
4 3 3 4 4 7 1 0 8 7 2 1 6 4 6 4 7 3 5 1 7 4 2 4 4 5 1 4 3 7
8 10 9 11 5 7 8 8 0 8 7 8 4 7 9 4 2 9 5 7 1 4 6 7 10 12 7 6 5 1
3 10 9 6 4 1 8 7 8 0 4 8 9 10 2 7 8 10 2 7 8 6 7 9 10 8 6 8 6 7
2 6 5 4 2 4 3 2 7 4 0 4 6 6 4 4 6 6 3 3 6 3 3 5 6 6 2 5 3 6
5 2 2 5 5 8 1 1 8 8 4 0 6 3 7 5 7 2 6 1 7 5 2 3 3 5 2 3 4 8
8 6 5 10 5 9 5 6 4 9 6 6 0 3 10 2 2 6 7 5 3 3 4 4 7 10 5 2 3 4
7 3 2 8 6 9 3 4 7 10 6 3 3 0 9 3 5 3 7 4 6 4 3 1 4 8 4 1 4 6
2 9 9 4 5 3 7 6 9 2 4 7 10 9 0 8 9 9 3 6 9 6 7 9 10 7 6 9 6 8
6 6 4 8 3 7 4 4 4 7 4 5 2 3 8 0 3 5 5 4 3 1 3 3 6 9 3 2 1 3
8 8 7 10 5 8 6 7 2 8 6 7 2 5 9 3 0 7 6 6 1 3 5 6 9 11 6 4 4 2
7 1 1 7 7 10 2 3 9 10 6 2 6 3 9 5 7 0 8 3 8 6 3 2 1 6 4 3 5 8
3 8 7 6 1 2 6 5 5 2 3 6 7 7 3 5 6 8 0 5 6 3 5 7 9 8 4 6 4 5
4 3 3 5 4 7 1 1 7 7 3 1 5 4 6 4 6 3 5 0 6 3 1 3 4 5 1 3 3 7
8 8 7 10 4 7 7 7 1 8 6 7 3 6 9 3 1 8 6 6 0 3 5 6 9 12 6 5 4 1
5 6 5 7 2 5 4 4 4 6 3 5 3 4 6 1 3 6 3 3 3 0 3 4 7 8 3 3 1 3
5 3 2 6 4 7 1 2 6 7 3 2 4 3 7 3 5 3 5 1 5 3 0 2 4 7 1 2 2 6
7 3 2 8 6 9 2 4 7 9 5 3 4 1 9 3 6 2 7 3 6 4 2 0 3 8 4 1 4 7
8 1 2 7 8 10 3 4 10 10 6 3 7 4 10 6 9 1 9 4 9 7 4 3 0 6 5 4 6 10
6 5 6 3 8 9 6 5 12 8 6 5 10 8 7 9 11 6 8 5 12 8 7 8 6 0 5 8 8 12
3 4 3 5 3 6 2 1 7 6 2 2 5 4 6 3 6 4 4 1 6 3 1 4 5 5 0 3 2 6
6 4 3 8 5 8 3 4 6 8 5 3 2 1 9 2 4 3 6 3 5 3 2 1 4 8 3 0 2 5
4 5 4 7 2 6 3 3 5 6 3 4 3 4 6 1 4 5 4 3 4 1 2 4 6 8 2 2 0 4
7 9 8 10 4 6 7 7 1 7 6 8 4 6 8 3 2 8 5 7 1 3 6 7 10 12 6 5 4 0
,
0 31 30 23 23 17 24 27 31 9 7 13 37 21 8 26 37 18 14 10 28 13 23 31 25 37 12 27 21 34
20 0 5 47 32 51 11 19 34 35 31 8 25 17 34 30 33 3 22 21 52 25 10 15 5 34 21 16 36 51
18 4 0 18 43 27 7 19 61 61 28 5 27 16 49 30 49 3 30 10 47 36 9 4 11 29 17 19 26 24
12 47 43 0 46 48 17 27 66 25 12 17 54 43 23 26 67 30 31 12 39 39 39 43 31 17 20 30 37 44
15 39 38 26 0 14 21 21 25 18 12 19 31 34 23 21 16 18 5 22 19 10 29 37 29 59 25 17 8 11
21 51 61 31 13 0 48 34 23 7 28 42 28 65 15 30 35 61 11 49 34 38 36 38 58 44 17 60 39 37
26 15 6 34 30 48 0 4 56 40 17 5 30 10 50 18 39 15 34 4 41 24 3 7 10 23 9 13 17 25
11 20 12 23 21 41 4 0 23 24 18 9 33 12 31 30 18 9 19 2 46 13 11 19 18 28 4 13 16 47
31 47 58 77 29 39 39 21 0 24 30 62 15 38 58 13 5 52 20 44 5 20 18 40 36 81 42 26 12 4
13 26 65 25 11 3 41 40 34 0 14 24 32 67 9 32 23 58 6 36 51 36 27 41 30 42 30 34 34 46
13 25 23 23 13 26 23 6 40 24 0 22 20 33 9 31 45 14 9 13 44 12 9 35 17 21 12 22 12 22
34 10 10 28 40 49 5 7 50 41 20 0 31 23 30 23 42 7 25 8 34 22 7 20 11 13 14 22 27 32
55 34 34 45 14 30 25 39 29 67 36 30 0 21 27 5 13 35 36 15 12 15 16 24 41 49 15 15 24 16
48 22 9 35 37 34 15 12 36 50 19 25 13 0 51 8 24 14 38 18 39 28 18 2 10 22 20 4 15 47
8 40 31 11 17 15 42 18 29 6 27 35 27 37 0 31 35 36 25 40 26 36 49 64 52 24 20 27 43 31
30 18 24 33 10 18 13 26 28 34 18 12 7 19 28 0 18 20 30 13 11 8 16 12 42 27 25 7 8 23
55 46 29 32 21 24 34 36 12 47 41 36 12 26 36 7 0 52 25 21 3 11 32 20 50 61 44 11 19 11
40 3 3 43 38 52 6 20 31 49 19 12 22 6 49 13 22 0 44 11 35 21 15 6 7 26 15 14 33 60
20 54 28 31 9 13 21 15 33 14 19 45 19 37 24 35 38 43 0 16 32 23 20 38 54 56 16 37 17 36
17 16 17 14 26 36 4 2 29 49 8 9 20 13 20 12 23 8 27 0 39 23 8 19 25 32 4 19 7 44
21 53 45 63 21 19 39 20 6 54 32 35 7 24 33 12 3 26 16 26 0 20 36 30 48 42 40 27 14 3
28 16 18 37 9 20 22 15 13 41 18 29 23 15 40 10 14 18 14 21 9 0 15 18 20 60 8 18 5 14
14 15 6 31 17 43 8 14 37 39 9 6 24 12 28 17 33 11 25 6 19 15 0 10 15 22 9 10 6 36
37 17 7 49 27 62 15 18 53 49 23 21 21 5 63 13 29 9 35 16 21 14 13 0 20 25 26 9 18 35
22 5 9 23 36 34 21 13 30 77 21 10 23 10 46 32 22 3 25 27 46 39 11 11 0 28 27 23 25 51
28 35 21 8 47 37 16 15 75 45 23 13 41 49 43 29 81 41 51 33 79 49 36 55 20 0 37 32 37 54
17 17 22 15 17 17 4 6 50 30 9 6 37 14 41 12 40 20 24 2 39 14 4 16 18 15 0 9 8 37
43 27 14 42 34 45 18 19 43 58 19 18 8 6 44 14 24 16 39 10 16 20 9 5 31 30 21 0 12 37
16 14 16 18 10 18 10 11 27 32 12 17 14 9 24 6 19 17 16 8 25 4 5 12 43 53 13 11 0 28
25 60 26 50 26 20 33 36 3 35 31 22 21 38 48 20 5 41 23 20 3 24 26 50 51 46 18 39 13 0