5
30
,
0 (33.0, 40.0) 28.0
1 (4.0, 23.0) 48.0
2 (8.0, 19.0) 33.0
3 (20.0, 50.0) 33.0
4 (39.0, 25.0) 45.0
5 (50.0, 38.0) 13.0
6 (15.0, 23.0) 14.0
7 (18.0, 29.0) 42.0
8 (48.0, 4.0) 18.0
9 (48.0, 42.0) 35.0
10 (30.0, 32.0) 17.0
11 (12.0, 26.0) 37.0
12 (27.0, 2.0) 12.0
13 (13.0, 9.0) 13.0
14 (40.0, 48.0) 12.0
15 (29.0, 11.0) 18.0
16 (38.0, 2.0) 19.0
17 (5.0, 19.0) 10.0
18 (43.0, 31.0) 16.0
19 (19.0, 26.0) 18.0
20 (41.0, 3.0) 19.0
21 (33.0, 17.0) 29.0
22 (20.0, 20.0) 35.0
23 (12.0, 12.0) 38.0
24 (0.0, 22.0) 31.0
25 (7.0, 50.0) 17.0
26 (22.0, 27.0) 25.0
27 (19.0, 11.0) 48.0
28 (29.0, 18.0) 11.0
29 (45.0, 6.0) 17.0
,
0 7 7 3 3 3 5 4 8 3 2 5 8 7 2 6 8 7 3 4 8 5 5 7 8 6 3 6 4 7
7 0 1 6 7 10 2 3 10 10 6 2 6 3 9 6 8 1 8 3 8 6 3 3 1 5 4 4 5 9
7 1 0 7 6 9 2 3 9 9 5 2 5 2 9 4 7 1 7 3 7 5 2 2 2 6 3 3 4 8
3 6 7 0 6 6 5 4 11 6 4 5 10 8 4 8 10 7 6 5 10 7 6 8 7 3 5 8 7 10
3 7 6 6 0 3 5 4 5 4 2 5 5 6 5 3 5 7 1 4 4 2 4 6 8 8 3 5 2 4
3 10 9 6 3 0 8 7 7 1 4 8 9 9 3 7 8 10 2 7 7 5 7 9 10 9 6 8 6 6
5 2 2 5 5 8 0 1 8 8 3 1 5 3 7 4 6 2 6 1 7 4 1 2 3 6 2 3 3 7
4 3 3 4 4 7 1 0 8 7 2 1 6 4 6 4 7 3 5 1 7 4 2 4 4 5 1 4 3 7
8 10 9 11 5 7 8 8 0 8 7 8 4 7 9 4 2 9 5 7 1 4 6 7 10 12 7 6 5 1
3 10 9 6 4 1 8 7 8 0 4 8 9 10 2 7 8 10 2 7 8 6 7 9 10 8 6 8 6 7
2 6 5 4 2 4 3 2 7 4 0 4 6 6 4 4 6 6 3 3 6 3 3 5 6 6 2 5 3 6
5 2 2 5 5 8 1 1 8 8 4 0 6 3 7 5 7 2 6 1 7 5 2 3 3 5 2 3 4 8
8 6 5 10 5 9 5 6 4 9 6 6 0 3 10 2 2 6 7 5 3 3 4 4 7 10 5 2 3 4
7 3 2 8 6 9 3 4 7 10 6 3 3 0 9 3 5 3 7 4 6 4 3 1 4 8 4 1 4 6
2 9 9 4 5 3 7 6 9 2 4 7 10 9 0 8 9 9 3 6 9 6 7 9 10 7 6 9 6 8
6 6 4 8 3 7 4 4 4 7 4 5 2 3 8 0 3 5 5 4 3 1 3 3 6 9 3 2 1 3
8 8 7 10 5 8 6 7 2 8 6 7 2 5 9 3 0 7 6 6 1 3 5 6 9 11 6 4 4 2
7 1 1 7 7 10 2 3 9 10 6 2 6 3 9 5 7 0 8 3 8 6 3 2 1 6 4 3 5 8
3 8 7 6 1 2 6 5 5 2 3 6 7 7 3 5 6 8 0 5 6 3 5 7 9 8 4 6 4 5
4 3 3 5 4 7 1 1 7 7 3 1 5 4 6 4 6 3 5 0 6 3 1 3 4 5 1 3 3 7
8 8 7 10 4 7 7 7 1 8 6 7 3 6 9 3 1 8 6 6 0 3 5 6 9 12 6 5 4 1
5 6 5 7 2 5 4 4 4 6 3 5 3 4 6 1 3 6 3 3 3 0 3 4 7 8 3 3 1 3
5 3 2 6 4 7 1 2 6 7 3 2 4 3 7 3 5 3 5 1 5 3 0 2 4 7 1 2 2 6
7 3 2 8 6 9 2 4 7 9 5 3 4 1 9 3 6 2 7 3 6 4 2 0 3 8 4 1 4 7
8 1 2 7 8 10 3 4 10 10 6 3 7 4 10 6 9 1 9 4 9 7 4 3 0 6 5 4 6 10
6 5 6 3 8 9 6 5 12 8 6 5 10 8 7 9 11 6 8 5 12 8 7 8 6 0 5 8 8 12
3 4 3 5 3 6 2 1 7 6 2 2 5 4 6 3 6 4 4 1 6 3 1 4 5 5 0 3 2 6
6 4 3 8 5 8 3 4 6 8 5 3 2 1 9 2 4 3 6 3 5 3 2 1 4 8 3 0 2 5
4 5 4 7 2 6 3 3 5 6 3 4 3 4 6 1 4 5 4 3 4 1 2 4 6 8 2 2 0 4
7 9 8 10 4 6 7 7 1 7 6 8 4 6 8 3 2 8 5 7 1 3 6 7 10 12 6 5 4 0
,
0 49 26 16 21 15 27 27 42 19 10 32 43 34 9 38 30 30 17 19 54 18 17 50 33 27 20 44 33 24
25 0 3 33 34 54 15 13 53 44 17 6 36 18 25 36 30 4 21 18 59 41 17 8 3 17 19 15 16 26
43 5 0 30 32 26 11 9 63 24 15 4 34 8 33 33 22 3 51 13 35 31 8 6 6 34 13 19 30 50
21 41 43 0 24 31 27 22 46 39 12 33 40 24 22 47 52 37 34 35 66 46 39 34 52 18 16 41 38 40
16 25 39 35 0 25 35 26 31 10 7 25 25 17 22 20 13 38 9 17 12 10 20 18 28 52 11 16 12 17
19 57 55 39 12 0 50 47 24 4 28 31 60 42 8 24 45 36 6 42 26 16 27 68 76 51 17 22 34 29
36 7 6 33 13 56 0 7 45 31 24 4 18 15 40 24 46 6 35 6 48 27 9 13 11 18 8 17 18 40
11 13 16 24 26 33 10 0 34 48 8 7 30 15 17 19 43 10 14 2 44 23 6 12 25 24 5 27 19 43
32 70 60 40 18 18 23 40 0 42 37 62 13 44 62 12 12 24 34 51 10 19 24 25 34 75 35 19 17 3
11 60 65 31 13 4 56 44 33 0 25 57 45 55 9 25 51 44 11 26 42 22 47 42 32 21 18 54 41 27
12 21 22 30 17 28 18 17 21 21 0 11 25 26 19 22 38 21 11 12 42 15 18 34 27 29 14 34 17 28
30 5 6 27 40 29 5 10 31 24 20 0 20 20 43 21 40 12 44 5 31 33 9 19 8 25 8 20 12 46
54 39 34 32 35 27 19 18 13 48 36 35 0 22 59 5 15 21 46 13 16 13 19 15 43 49 20 9 22 9
42 18 10 42 42 27 21 12 33 34 21 10 17 0 34 12 24 8 27 20 18 27 19 3 21 33 28 9 16 22
16 49 41 13 28 11 32 24 23 12 17 50 70 47 0 40 28 50 20 38 34 17 50 40 68 30 40 57 17 43
27 29 27 50 11 24 11 28 24 29 15 28 10 24 36 0 10 37 14 24 14 10 15 20 18 63 24 5 5 19
57 38 21 39 26 20 29 44 15 39 35 44 7 19 68 7 0 49 33 33 4 12 22 27 43 37 45 23 25 5
23 4 4 22 47 67 8 18 27 51 16 11 16 19 58 36 34 0 23 10 49 19 21 8 3 22 23 18 30 47
9 24 35 29 5 15 21 13 21 9 18 35 27 37 23 23 26 49 0 35 41 14 18 21 53 37 16 44 18 14
14 16 12 27 20 18 7 2 31 49 10 4 24 23 29 13 30 16 24 0 40 13 7 11 14 22 3 16 19 41
28 30 37 42 23 50 24 27 4 52 20 38 9 39 52 10 3 28 24 37 0 13 15 45 56 75 36 24 20 4
16 27 24 49 10 38 16 21 24 28 8 31 12 31 45 8 15 39 24 17 22 0 18 26 43 35 16 16 2 8
22 9 11 41 23 46 7 5 22 40 19 9 20 10 40 12 25 22 30 6 39 9 0 13 25 22 4 12 12 18
39 7 9 41 32 53 6 21 22 24 23 20 13 4 68 12 39 11 29 11 29 14 13 0 14 29 18 9 10 29
23 5 5 33 47 29 12 28 70 59 17 11 47 25 65 42 54 6 63 18 27 29 12 13 0 30 14 21 20 38
27 27 42 14 59 48 31 17 46 54 38 30 26 52 25 35 38 19 60 31 39 51 34 41 39 0 38 42 31 58
18 12 18 19 10 41 5 5 22 15 11 9 24 15 17 19 21 12 28 2 29 11 10 9 31 15 0 23 6 31
27 16 15 36 33 23 12 11 43 30 28 21 15 4 41 12 13 14 44 19 14 8 9 6 16 57 16 0 16 37
12 16 27 37 8 27 14 10 25 18 17 18 11 22 24 4 26 25 15 7 26 5 13 24 21 24 16 6 0 26
44 58 43 51 30 21 37 30 2 24 33 36 18 33 26 18 11 22 32 33 6 17 34 38 33 71 23 36 15 0