5
30
,
0 (33.0, 40.0) 10.0
1 (4.0, 23.0) 42.0
2 (8.0, 19.0) 26.0
3 (20.0, 50.0) 43.0
4 (39.0, 25.0) 15.0
5 (50.0, 38.0) 11.0
6 (15.0, 23.0) 18.0
7 (18.0, 29.0) 13.0
8 (48.0, 4.0) 47.0
9 (48.0, 42.0) 22.0
10 (30.0, 32.0) 28.0
11 (12.0, 26.0) 48.0
12 (27.0, 2.0) 44.0
13 (13.0, 9.0) 15.0
14 (40.0, 48.0) 15.0
15 (29.0, 11.0) 40.0
16 (38.0, 2.0) 13.0
17 (5.0, 19.0) 30.0
18 (43.0, 31.0) 41.0
19 (19.0, 26.0) 14.0
20 (41.0, 3.0) 16.0
21 (33.0, 17.0) 11.0
22 (20.0, 20.0) 15.0
23 (12.0, 12.0) 19.0
24 (0.0, 22.0) 11.0
25 (7.0, 50.0) 21.0
26 (22.0, 27.0) 14.0
27 (19.0, 11.0) 12.0
28 (29.0, 18.0) 46.0
29 (45.0, 6.0) 13.0
,
0 7 7 3 3 3 5 4 8 3 2 5 8 7 2 6 8 7 3 4 8 5 5 7 8 6 3 6 4 7
7 0 1 6 7 10 2 3 10 10 6 2 6 3 9 6 8 1 8 3 8 6 3 3 1 5 4 4 5 9
7 1 0 7 6 9 2 3 9 9 5 2 5 2 9 4 7 1 7 3 7 5 2 2 2 6 3 3 4 8
3 6 7 0 6 6 5 4 11 6 4 5 10 8 4 8 10 7 6 5 10 7 6 8 7 3 5 8 7 10
3 7 6 6 0 3 5 4 5 4 2 5 5 6 5 3 5 7 1 4 4 2 4 6 8 8 3 5 2 4
3 10 9 6 3 0 8 7 7 1 4 8 9 9 3 7 8 10 2 7 7 5 7 9 10 9 6 8 6 6
5 2 2 5 5 8 0 1 8 8 3 1 5 3 7 4 6 2 6 1 7 4 1 2 3 6 2 3 3 7
4 3 3 4 4 7 1 0 8 7 2 1 6 4 6 4 7 3 5 1 7 4 2 4 4 5 1 4 3 7
8 10 9 11 5 7 8 8 0 8 7 8 4 7 9 4 2 9 5 7 1 4 6 7 10 12 7 6 5 1
3 10 9 6 4 1 8 7 8 0 4 8 9 10 2 7 8 10 2 7 8 6 7 9 10 8 6 8 6 7
2 6 5 4 2 4 3 2 7 4 0 4 6 6 4 4 6 6 3 3 6 3 3 5 6 6 2 5 3 6
5 2 2 5 5 8 1 1 8 8 4 0 6 3 7 5 7 2 6 1 7 5 2 3 3 5 2 3 4 8
8 6 5 10 5 9 5 6 4 9 6 6 0 3 10 2 2 6 7 5 3 3 4 4 7 10 5 2 3 4
7 3 2 8 6 9 3 4 7 10 6 3 3 0 9 3 5 3 7 4 6 4 3 1 4 8 4 1 4 6
2 9 9 4 5 3 7 6 9 2 4 7 10 9 0 8 9 9 3 6 9 6 7 9 10 7 6 9 6 8
6 6 4 8 3 7 4 4 4 7 4 5 2 3 8 0 3 5 5 4 3 1 3 3 6 9 3 2 1 3
8 8 7 10 5 8 6 7 2 8 6 7 2 5 9 3 0 7 6 6 1 3 5 6 9 11 6 4 4 2
7 1 1 7 7 10 2 3 9 10 6 2 6 3 9 5 7 0 8 3 8 6 3 2 1 6 4 3 5 8
3 8 7 6 1 2 6 5 5 2 3 6 7 7 3 5 6 8 0 5 6 3 5 7 9 8 4 6 4 5
4 3 3 5 4 7 1 1 7 7 3 1 5 4 6 4 6 3 5 0 6 3 1 3 4 5 1 3 3 7
8 8 7 10 4 7 7 7 1 8 6 7 3 6 9 3 1 8 6 6 0 3 5 6 9 12 6 5 4 1
5 6 5 7 2 5 4 4 4 6 3 5 3 4 6 1 3 6 3 3 3 0 3 4 7 8 3 3 1 3
5 3 2 6 4 7 1 2 6 7 3 2 4 3 7 3 5 3 5 1 5 3 0 2 4 7 1 2 2 6
7 3 2 8 6 9 2 4 7 9 5 3 4 1 9 3 6 2 7 3 6 4 2 0 3 8 4 1 4 7
8 1 2 7 8 10 3 4 10 10 6 3 7 4 10 6 9 1 9 4 9 7 4 3 0 6 5 4 6 10
6 5 6 3 8 9 6 5 12 8 6 5 10 8 7 9 11 6 8 5 12 8 7 8 6 0 5 8 8 12
3 4 3 5 3 6 2 1 7 6 2 2 5 4 6 3 6 4 4 1 6 3 1 4 5 5 0 3 2 6
6 4 3 8 5 8 3 4 6 8 5 3 2 1 9 2 4 3 6 3 5 3 2 1 4 8 3 0 2 5
4 5 4 7 2 6 3 3 5 6 3 4 3 4 6 1 4 5 4 3 4 1 2 4 6 8 2 2 0 4
7 9 8 10 4 6 7 7 1 7 6 8 4 6 8 3 2 8 5 7 1 3 6 7 10 12 6 5 4 0
,
0 29 38 10 20 22 17 25 35 15 8 18 51 53 5 43 42 51 10 12 33 14 17 23 30 34 21 39 25 53
43 0 4 33 46 57 6 17 51 56 20 12 19 19 61 35 20 3 56 15 34 44 17 18 4 40 19 13 28 60
20 7 0 26 36 43 12 17 38 39 27 6 23 16 62 22 46 2 33 18 46 32 8 9 6 25 13 17 26 57
10 42 19 0 47 19 15 16 78 28 28 16 41 44 13 46 73 48 33 22 58 40 17 24 24 11 26 32 42 50
12 47 26 26 0 13 13 26 22 12 8 40 37 18 21 21 13 18 4 20 23 10 24 37 37 36 9 12 12 21
9 33 25 40 13 0 55 20 19 6 20 60 38 35 10 42 19 63 8 19 22 31 26 55 27 54 16 41 18 22
18 16 11 25 19 43 0 8 34 25 26 6 23 15 28 23 16 12 43 7 23 24 7 15 15 17 5 17 21 44
26 11 17 28 15 39 9 0 44 41 14 8 16 15 38 28 30 24 29 3 40 11 6 25 11 22 5 16 12 33
29 29 43 79 15 25 35 20 0 54 17 52 28 28 32 30 9 63 33 53 4 24 41 25 32 79 42 42 26 5
21 29 43 36 26 4 21 39 47 0 21 56 49 57 10 29 47 35 11 19 55 22 28 33 32 50 35 22 19 22
10 23 15 21 6 25 21 11 18 21 0 21 28 42 10 21 36 18 10 18 32 15 19 22 27 19 5 32 10 23
30 9 12 37 31 48 5 5 25 34 18 0 28 19 21 13 39 7 19 4 37 30 11 7 10 33 14 19 25 47
28 41 14 64 15 40 16 33 18 34 21 24 0 15 46 8 9 24 29 21 8 14 11 16 41 48 20 13 12 25
36 19 14 46 20 52 10 20 38 64 36 17 19 0 68 17 29 13 30 11 39 11 7 3 16 21 22 4 19 19
9 64 58 22 14 20 41 18 28 12 26 40 42 29 0 27 40 59 20 25 47 27 29 53 47 22 21 41 38 39
26 35 20 40 9 29 27 30 24 54 12 29 9 16 30 0 12 32 30 17 13 9 17 23 26 50 14 5 5 25
29 47 18 76 13 52 23 47 15 29 26 39 9 31 63 19 0 47 30 46 2 13 33 32 60 32 41 23 24 5
29 2 2 18 30 47 14 8 41 70 30 14 38 9 38 22 51 0 36 12 45 42 13 8 9 35 22 23 22 30
13 52 20 35 6 6 17 31 24 9 15 21 40 26 22 29 33 58 0 34 34 9 17 20 53 40 25 24 16 35
19 14 16 30 25 23 4 3 31 39 16 6 34 15 20 23 40 12 19 0 35 11 7 9 20 25 3 18 17 34
41 50 19 57 26 31 26 22 4 55 35 49 16 37 48 14 5 39 23 30 0 13 32 31 32 38 41 30 15 5
21 39 31 22 7 23 16 17 16 34 19 16 20 26 41 10 13 29 17 12 10 0 8 13 33 27 13 16 4 20
14 17 16 24 27 36 4 11 33 30 13 13 12 16 34 13 19 13 22 5 29 9 0 12 17 36 10 6 10 16
20 16 10 35 30 59 8 22 34 48 14 8 11 3 38 24 19 7 21 13 31 19 13 0 19 36 15 5 13 37
26 2 10 23 21 60 11 20 50 59 28 16 28 24 60 22 52 5 59 10 59 50 18 14 0 31 19 12 32 49
39 39 29 16 50 34 18 24 49 35 38 23 66 39 26 30 52 31 38 17 66 56 20 48 24 0 33 21 44 76
19 12 16 24 22 32 8 4 34 35 12 12 17 22 18 25 35 22 15 3 27 16 7 23 19 32 0 24 12 30
24 18 13 20 27 58 12 11 17 58 26 14 12 5 39 8 15 14 39 9 31 13 9 5 30 43 18 0 11 19
18 32 24 39 9 28 8 11 31 36 20 27 16 10 35 4 11 18 28 13 19 3 13 10 20 43 9 14 0 27
51 55 26 32 13 39 21 39 2 45 25 51 15 25 62 24 8 27 14 36 3 16 20 39 59 77 19 17 26 0