5
30
,
0 (33.0, 40.0) 27.0
1 (4.0, 23.0) 36.0
2 (8.0, 19.0) 31.0
3 (20.0, 50.0) 31.0
4 (39.0, 25.0) 21.0
5 (50.0, 38.0) 22.0
6 (15.0, 23.0) 28.0
7 (18.0, 29.0) 18.0
8 (48.0, 4.0) 42.0
9 (48.0, 42.0) 30.0
10 (30.0, 32.0) 41.0
11 (12.0, 26.0) 40.0
12 (27.0, 2.0) 25.0
13 (13.0, 9.0) 14.0
14 (40.0, 48.0) 50.0
15 (29.0, 11.0) 12.0
16 (38.0, 2.0) 40.0
17 (5.0, 19.0) 16.0
18 (43.0, 31.0) 12.0
19 (19.0, 26.0) 12.0
20 (41.0, 3.0) 41.0
21 (33.0, 17.0) 21.0
22 (20.0, 20.0) 15.0
23 (12.0, 12.0) 14.0
24 (0.0, 22.0) 16.0
25 (7.0, 50.0) 17.0
26 (22.0, 27.0) 41.0
27 (19.0, 11.0) 13.0
28 (29.0, 18.0) 33.0
29 (45.0, 6.0) 13.0
,
0 7 7 3 3 3 5 4 8 3 2 5 8 7 2 6 8 7 3 4 8 5 5 7 8 6 3 6 4 7
7 0 1 6 7 10 2 3 10 10 6 2 6 3 9 6 8 1 8 3 8 6 3 3 1 5 4 4 5 9
7 1 0 7 6 9 2 3 9 9 5 2 5 2 9 4 7 1 7 3 7 5 2 2 2 6 3 3 4 8
3 6 7 0 6 6 5 4 11 6 4 5 10 8 4 8 10 7 6 5 10 7 6 8 7 3 5 8 7 10
3 7 6 6 0 3 5 4 5 4 2 5 5 6 5 3 5 7 1 4 4 2 4 6 8 8 3 5 2 4
3 10 9 6 3 0 8 7 7 1 4 8 9 9 3 7 8 10 2 7 7 5 7 9 10 9 6 8 6 6
5 2 2 5 5 8 0 1 8 8 3 1 5 3 7 4 6 2 6 1 7 4 1 2 3 6 2 3 3 7
4 3 3 4 4 7 1 0 8 7 2 1 6 4 6 4 7 3 5 1 7 4 2 4 4 5 1 4 3 7
8 10 9 11 5 7 8 8 0 8 7 8 4 7 9 4 2 9 5 7 1 4 6 7 10 12 7 6 5 1
3 10 9 6 4 1 8 7 8 0 4 8 9 10 2 7 8 10 2 7 8 6 7 9 10 8 6 8 6 7
2 6 5 4 2 4 3 2 7 4 0 4 6 6 4 4 6 6 3 3 6 3 3 5 6 6 2 5 3 6
5 2 2 5 5 8 1 1 8 8 4 0 6 3 7 5 7 2 6 1 7 5 2 3 3 5 2 3 4 8
8 6 5 10 5 9 5 6 4 9 6 6 0 3 10 2 2 6 7 5 3 3 4 4 7 10 5 2 3 4
7 3 2 8 6 9 3 4 7 10 6 3 3 0 9 3 5 3 7 4 6 4 3 1 4 8 4 1 4 6
2 9 9 4 5 3 7 6 9 2 4 7 10 9 0 8 9 9 3 6 9 6 7 9 10 7 6 9 6 8
6 6 4 8 3 7 4 4 4 7 4 5 2 3 8 0 3 5 5 4 3 1 3 3 6 9 3 2 1 3
8 8 7 10 5 8 6 7 2 8 6 7 2 5 9 3 0 7 6 6 1 3 5 6 9 11 6 4 4 2
7 1 1 7 7 10 2 3 9 10 6 2 6 3 9 5 7 0 8 3 8 6 3 2 1 6 4 3 5 8
3 8 7 6 1 2 6 5 5 2 3 6 7 7 3 5 6 8 0 5 6 3 5 7 9 8 4 6 4 5
4 3 3 5 4 7 1 1 7 7 3 1 5 4 6 4 6 3 5 0 6 3 1 3 4 5 1 3 3 7
8 8 7 10 4 7 7 7 1 8 6 7 3 6 9 3 1 8 6 6 0 3 5 6 9 12 6 5 4 1
5 6 5 7 2 5 4 4 4 6 3 5 3 4 6 1 3 6 3 3 3 0 3 4 7 8 3 3 1 3
5 3 2 6 4 7 1 2 6 7 3 2 4 3 7 3 5 3 5 1 5 3 0 2 4 7 1 2 2 6
7 3 2 8 6 9 2 4 7 9 5 3 4 1 9 3 6 2 7 3 6 4 2 0 3 8 4 1 4 7
8 1 2 7 8 10 3 4 10 10 6 3 7 4 10 6 9 1 9 4 9 7 4 3 0 6 5 4 6 10
6 5 6 3 8 9 6 5 12 8 6 5 10 8 7 9 11 6 8 5 12 8 7 8 6 0 5 8 8 12
3 4 3 5 3 6 2 1 7 6 2 2 5 4 6 3 6 4 4 1 6 3 1 4 5 5 0 3 2 6
6 4 3 8 5 8 3 4 6 8 5 3 2 1 9 2 4 3 6 3 5 3 2 1 4 8 3 0 2 5
4 5 4 7 2 6 3 3 5 6 3 4 3 4 6 1 4 5 4 3 4 1 2 4 6 8 2 2 0 4
7 9 8 10 4 6 7 7 1 7 6 8 4 6 8 3 2 8 5 7 1 3 6 7 10 12 6 5 4 0
,
0 43 42 16 24 15 31 25 34 12 7 35 23 38 14 40 32 42 10 25 37 32 32 26 35 14 22 48 14 30
35 0 6 22 24 27 11 21 44 69 24 13 21 14 48 30 27 5 40 14 30 23 24 11 5 29 12 17 25 50
23 5 0 30 46 63 7 9 51 25 19 9 20 6 48 13 25 3 27 7 24 13 12 11 4 38 11 14 22 28
11 45 28 0 44 30 28 21 67 36 14 32 55 39 17 59 71 32 35 27 30 49 28 29 37 12 34 21 42 70
24 27 18 45 0 15 31 23 12 18 13 35 30 30 28 16 29 33 10 26 12 11 17 36 33 25 12 35 6 17
10 59 38 23 12 0 28 31 42 5 18 54 27 62 20 36 46 52 9 45 45 18 33 61 51 42 37 22 43 22
31 12 7 41 21 53 0 7 27 51 20 4 12 18 50 26 21 12 43 5 40 22 9 8 11 28 6 18 18 48
21 16 21 25 15 38 5 0 31 40 17 10 20 21 41 19 20 16 25 3 19 16 14 26 20 13 5 20 22 38
45 52 29 53 27 21 48 30 0 27 50 40 27 37 57 19 9 64 31 45 10 22 17 25 37 36 52 25 34 3
21 62 28 22 28 6 23 34 22 0 22 23 46 61 14 30 27 27 8 45 36 40 26 66 45 30 34 57 39 32
10 23 26 29 13 22 12 17 37 19 0 12 15 42 15 19 22 33 12 19 22 11 13 18 45 17 13 30 15 33
26 6 5 28 31 46 3 10 48 23 25 0 37 21 44 19 35 8 31 7 30 17 15 15 17 34 14 10 22 20
49 35 15 59 14 47 21 18 11 48 24 36 0 21 37 12 13 24 40 19 14 9 13 17 30 60 27 13 12 24
51 22 11 50 22 62 17 19 27 36 35 26 16 0 45 24 31 7 28 10 31 20 11 2 13 25 17 8 25 22
9 23 37 13 15 16 31 31 54 11 28 46 60 48 0 29 51 57 19 31 38 22 32 26 68 49 23 52 30 38
36 33 20 38 16 47 17 12 27 51 31 22 8 17 41 0 13 28 28 12 21 4 15 19 19 51 24 14 10 16
42 43 50 56 12 25 20 25 13 30 19 49 15 32 51 9 0 21 27 28 2 17 17 18 36 85 39 28 18 7
33 4 4 45 46 63 6 9 43 56 30 8 24 10 63 16 35 0 41 15 27 17 14 9 9 40 11 21 36 62
18 39 46 16 9 5 44 36 25 8 11 20 34 22 19 35 22 21 0 37 21 11 18 44 54 45 27 35 17 29
16 20 16 14 28 23 4 2 18 20 16 8 21 27 25 11 28 21 35 0 47 9 9 22 20 19 2 15 10 20
47 47 23 52 28 25 16 20 8 34 34 19 11 31 53 16 2 54 17 29 0 11 16 25 26 36 35 23 22 4
26 21 31 49 6 40 13 11 28 40 15 32 18 28 36 7 13 28 11 16 8 0 16 23 21 52 21 16 3 16
35 24 15 35 18 30 8 8 25 47 15 8 17 12 34 7 19 10 24 4 30 17 0 17 17 30 6 5 8 17
19 13 5 50 16 35 9 12 24 49 14 16 9 3 59 25 37 14 30 17 33 14 17 0 20 50 18 10 21 36
28 4 8 38 23 40 19 18 67 51 45 8 42 26 33 43 26 3 31 23 35 38 28 17 0 24 13 31 38 46
17 15 29 18 55 40 16 20 32 53 40 15 40 51 37 48 84 16 25 24 54 34 36 47 30 0 18 45 42 78
25 18 18 14 21 29 5 3 26 21 8 10 18 28 39 23 18 9 27 2 39 9 6 20 24 36 0 17 16 38
36 25 18 22 22 49 14 19 28 27 31 23 12 5 50 15 29 14 16 14 16 8 6 9 26 42 19 0 15 30
26 21 22 24 14 22 21 13 12 27 10 22 14 18 46 10 25 29 22 16 24 3 9 27 32 53 14 9 0 27
26 29 56 42 14 17 25 43 3 35 39 33 14 39 37 9 11 38 34 32 7 9 36 36 72 51 38 17 21 0