5
30
,
0 (33.0, 40.0) 28.0
1 (4.0, 23.0) 23.0
2 (8.0, 19.0) 43.0
3 (20.0, 50.0) 17.0
4 (39.0, 25.0) 21.0
5 (50.0, 38.0) 31.0
6 (15.0, 23.0) 29.0
7 (18.0, 29.0) 12.0
8 (48.0, 4.0) 14.0
9 (48.0, 42.0) 22.0
10 (30.0, 32.0) 29.0
11 (12.0, 26.0) 31.0
12 (27.0, 2.0) 14.0
13 (13.0, 9.0) 47.0
14 (40.0, 48.0) 27.0
15 (29.0, 11.0) 15.0
16 (38.0, 2.0) 22.0
17 (5.0, 19.0) 18.0
18 (43.0, 31.0) 24.0
19 (19.0, 26.0) 23.0
20 (41.0, 3.0) 22.0
21 (33.0, 17.0) 45.0
22 (20.0, 20.0) 19.0
23 (12.0, 12.0) 13.0
24 (0.0, 22.0) 31.0
25 (7.0, 50.0) 17.0
26 (22.0, 27.0) 21.0
27 (19.0, 11.0) 15.0
28 (29.0, 18.0) 20.0
29 (45.0, 6.0) 11.0
,
0 7 7 3 3 3 5 4 8 3 2 5 8 7 2 6 8 7 3 4 8 5 5 7 8 6 3 6 4 7
7 0 1 6 7 10 2 3 10 10 6 2 6 3 9 6 8 1 8 3 8 6 3 3 1 5 4 4 5 9
7 1 0 7 6 9 2 3 9 9 5 2 5 2 9 4 7 1 7 3 7 5 2 2 2 6 3 3 4 8
3 6 7 0 6 6 5 4 11 6 4 5 10 8 4 8 10 7 6 5 10 7 6 8 7 3 5 8 7 10
3 7 6 6 0 3 5 4 5 4 2 5 5 6 5 3 5 7 1 4 4 2 4 6 8 8 3 5 2 4
3 10 9 6 3 0 8 7 7 1 4 8 9 9 3 7 8 10 2 7 7 5 7 9 10 9 6 8 6 6
5 2 2 5 5 8 0 1 8 8 3 1 5 3 7 4 6 2 6 1 7 4 1 2 3 6 2 3 3 7
4 3 3 4 4 7 1 0 8 7 2 1 6 4 6 4 7 3 5 1 7 4 2 4 4 5 1 4 3 7
8 10 9 11 5 7 8 8 0 8 7 8 4 7 9 4 2 9 5 7 1 4 6 7 10 12 7 6 5 1
3 10 9 6 4 1 8 7 8 0 4 8 9 10 2 7 8 10 2 7 8 6 7 9 10 8 6 8 6 7
2 6 5 4 2 4 3 2 7 4 0 4 6 6 4 4 6 6 3 3 6 3 3 5 6 6 2 5 3 6
5 2 2 5 5 8 1 1 8 8 4 0 6 3 7 5 7 2 6 1 7 5 2 3 3 5 2 3 4 8
8 6 5 10 5 9 5 6 4 9 6 6 0 3 10 2 2 6 7 5 3 3 4 4 7 10 5 2 3 4
7 3 2 8 6 9 3 4 7 10 6 3 3 0 9 3 5 3 7 4 6 4 3 1 4 8 4 1 4 6
2 9 9 4 5 3 7 6 9 2 4 7 10 9 0 8 9 9 3 6 9 6 7 9 10 7 6 9 6 8
6 6 4 8 3 7 4 4 4 7 4 5 2 3 8 0 3 5 5 4 3 1 3 3 6 9 3 2 1 3
8 8 7 10 5 8 6 7 2 8 6 7 2 5 9 3 0 7 6 6 1 3 5 6 9 11 6 4 4 2
7 1 1 7 7 10 2 3 9 10 6 2 6 3 9 5 7 0 8 3 8 6 3 2 1 6 4 3 5 8
3 8 7 6 1 2 6 5 5 2 3 6 7 7 3 5 6 8 0 5 6 3 5 7 9 8 4 6 4 5
4 3 3 5 4 7 1 1 7 7 3 1 5 4 6 4 6 3 5 0 6 3 1 3 4 5 1 3 3 7
8 8 7 10 4 7 7 7 1 8 6 7 3 6 9 3 1 8 6 6 0 3 5 6 9 12 6 5 4 1
5 6 5 7 2 5 4 4 4 6 3 5 3 4 6 1 3 6 3 3 3 0 3 4 7 8 3 3 1 3
5 3 2 6 4 7 1 2 6 7 3 2 4 3 7 3 5 3 5 1 5 3 0 2 4 7 1 2 2 6
7 3 2 8 6 9 2 4 7 9 5 3 4 1 9 3 6 2 7 3 6 4 2 0 3 8 4 1 4 7
8 1 2 7 8 10 3 4 10 10 6 3 7 4 10 6 9 1 9 4 9 7 4 3 0 6 5 4 6 10
6 5 6 3 8 9 6 5 12 8 6 5 10 8 7 9 11 6 8 5 12 8 7 8 6 0 5 8 8 12
3 4 3 5 3 6 2 1 7 6 2 2 5 4 6 3 6 4 4 1 6 3 1 4 5 5 0 3 2 6
6 4 3 8 5 8 3 4 6 8 5 3 2 1 9 2 4 3 6 3 5 3 2 1 4 8 3 0 2 5
4 5 4 7 2 6 3 3 5 6 3 4 3 4 6 1 4 5 4 3 4 1 2 4 6 8 2 2 0 4
7 9 8 10 4 6 7 7 1 7 6 8 4 6 8 3 2 8 5 7 1 3 6 7 10 12 6 5 4 0
,
0 50 25 19 24 13 22 26 43 20 5 26 20 30 10 31 38 30 18 11 36 30 13 49 53 19 13 25 19 42
33 0 8 35 47 34 8 17 52 60 29 13 17 14 62 29 37 4 44 19 31 31 17 19 6 32 22 16 33 54
41 6 0 25 28 43 10 16 38 24 25 6 27 11 43 29 36 4 48 8 24 20 14 10 12 27 11 19 22 28
17 36 49 0 32 33 16 25 41 15 12 17 62 44 23 21 59 46 35 13 34 40 20 53 18 16 32 39 44 66
20 31 40 27 0 17 33 24 32 15 17 29 38 32 14 15 15 35 8 26 24 7 24 38 24 59 15 33 9 17
10 46 65 41 24 0 39 46 36 6 23 44 41 64 11 36 46 27 9 18 52 33 50 40 39 23 45 21 24 32
30 14 11 38 17 53 0 5 23 33 16 3 18 20 23 19 39 11 32 5 43 19 8 12 14 24 4 9 22 28
14 8 19 27 31 48 4 0 38 42 18 9 39 12 30 16 39 14 15 2 31 27 9 10 22 33 2 21 21 48
42 42 27 68 27 39 46 25 0 55 33 23 22 39 49 25 14 56 40 37 9 27 20 21 69 63 19 41 24 4
9 57 54 36 25 3 32 34 54 0 30 55 25 60 13 23 23 67 15 19 24 22 41 33 48 27 37 24 22 31
12 29 33 17 15 22 10 13 28 19 0 26 20 43 21 14 19 19 9 10 27 10 21 40 32 15 8 35 20 24
36 10 9 15 34 57 6 6 27 23 28 0 28 25 34 20 30 11 22 9 50 17 9 15 16 22 9 19 12 48
34 45 27 40 29 35 33 36 24 29 29 29 0 21 56 9 7 40 47 14 18 12 18 11 42 71 17 10 14 23
53 20 10 26 21 64 16 21 32 33 20 10 19 0 42 18 31 9 44 14 42 31 11 4 9 42 13 9 19 33
14 26 59 20 17 16 46 26 36 11 23 34 66 40 0 53 62 27 10 19 24 23 34 64 41 25 14 48 20 24
19 37 13 30 22 34 25 25 15 38 22 22 11 10 47 0 14 29 17 25 17 6 19 14 45 57 22 10 8 9
45 40 24 47 19 46 24 45 12 26 33 50 16 13 65 19 0 55 33 33 3 9 24 16 55 69 25 29 21 7
42 6 3 47 17 45 10 22 53 72 17 10 15 9 56 19 29 0 20 22 48 15 19 8 7 32 20 23 36 27
17 29 42 30 7 5 24 32 30 11 20 20 47 19 19 26 33 54 0 17 18 17 27 28 48 21 28 46 28 23
16 10 18 16 12 36 3 3 21 48 8 5 31 14 19 17 33 20 16 0 44 15 3 10 27 30 2 16 15 35
27 29 53 28 24 47 27 31 4 49 26 52 10 36 23 12 2 42 35 45 0 10 35 32 67 53 24 27 10 5
33 30 28 35 6 34 16 13 29 26 17 14 17 31 40 7 11 17 19 20 20 0 10 23 27 45 11 14 6 19
22 20 14 43 25 37 7 12 44 50 21 9 11 9 29 10 22 19 25 6 18 18 0 12 13 41 5 12 5 16
34 8 9 27 22 55 10 22 23 55 40 17 11 3 62 9 19 8 35 14 17 24 15 0 18 50 26 5 19 44
35 6 10 48 28 39 16 27 69 70 38 18 36 17 59 20 53 8 63 28 38 34 22 23 0 37 18 22 23 39
39 35 30 7 60 44 42 35 59 59 23 15 32 51 37 30 77 28 51 20 71 44 38 41 25 0 29 35 24 48
14 13 9 20 20 40 9 2 51 31 10 8 34 16 39 17 29 15 15 4 42 13 4 24 26 30 0 13 9 45
39 19 13 36 13 26 10 25 28 51 32 15 11 7 42 10 25 10 26 18 22 12 5 10 14 45 9 0 11 37
17 38 15 27 8 23 16 17 19 22 17 18 23 17 24 7 19 33 26 18 14 6 10 14 27 46 12 6 0 24
41 48 49 28 29 31 29 34 5 53 18 56 19 41 63 14 10 44 26 26 4 19 41 40 39 62 30 24 25 0