5
30
,
0 (33.0, 40.0) 10.0
1 (4.0, 23.0) 46.0
2 (8.0, 19.0) 22.0
3 (20.0, 50.0) 13.0
4 (39.0, 25.0) 36.0
5 (50.0, 38.0) 37.0
6 (15.0, 23.0) 30.0
7 (18.0, 29.0) 32.0
8 (48.0, 4.0) 17.0
9 (48.0, 42.0) 49.0
10 (30.0, 32.0) 34.0
11 (12.0, 26.0) 44.0
12 (27.0, 2.0) 17.0
13 (13.0, 9.0) 15.0
14 (40.0, 48.0) 47.0
15 (29.0, 11.0) 19.0
16 (38.0, 2.0) 21.0
17 (5.0, 19.0) 25.0
18 (43.0, 31.0) 21.0
19 (19.0, 26.0) 27.0
20 (41.0, 3.0) 15.0
21 (33.0, 17.0) 21.0
22 (20.0, 20.0) 10.0
23 (12.0, 12.0) 14.0
24 (0.0, 22.0) 15.0
25 (7.0, 50.0) 16.0
26 (22.0, 27.0) 28.0
27 (19.0, 11.0) 16.0
28 (29.0, 18.0) 22.0
29 (45.0, 6.0) 22.0
,
0 7 7 3 3 3 5 4 8 3 2 5 8 7 2 6 8 7 3 4 8 5 5 7 8 6 3 6 4 7
7 0 1 6 7 10 2 3 10 10 6 2 6 3 9 6 8 1 8 3 8 6 3 3 1 5 4 4 5 9
7 1 0 7 6 9 2 3 9 9 5 2 5 2 9 4 7 1 7 3 7 5 2 2 2 6 3 3 4 8
3 6 7 0 6 6 5 4 11 6 4 5 10 8 4 8 10 7 6 5 10 7 6 8 7 3 5 8 7 10
3 7 6 6 0 3 5 4 5 4 2 5 5 6 5 3 5 7 1 4 4 2 4 6 8 8 3 5 2 4
3 10 9 6 3 0 8 7 7 1 4 8 9 9 3 7 8 10 2 7 7 5 7 9 10 9 6 8 6 6
5 2 2 5 5 8 0 1 8 8 3 1 5 3 7 4 6 2 6 1 7 4 1 2 3 6 2 3 3 7
4 3 3 4 4 7 1 0 8 7 2 1 6 4 6 4 7 3 5 1 7 4 2 4 4 5 1 4 3 7
8 10 9 11 5 7 8 8 0 8 7 8 4 7 9 4 2 9 5 7 1 4 6 7 10 12 7 6 5 1
3 10 9 6 4 1 8 7 8 0 4 8 9 10 2 7 8 10 2 7 8 6 7 9 10 8 6 8 6 7
2 6 5 4 2 4 3 2 7 4 0 4 6 6 4 4 6 6 3 3 6 3 3 5 6 6 2 5 3 6
5 2 2 5 5 8 1 1 8 8 4 0 6 3 7 5 7 2 6 1 7 5 2 3 3 5 2 3 4 8
8 6 5 10 5 9 5 6 4 9 6 6 0 3 10 2 2 6 7 5 3 3 4 4 7 10 5 2 3 4
7 3 2 8 6 9 3 4 7 10 6 3 3 0 9 3 5 3 7 4 6 4 3 1 4 8 4 1 4 6
2 9 9 4 5 3 7 6 9 2 4 7 10 9 0 8 9 9 3 6 9 6 7 9 10 7 6 9 6 8
6 6 4 8 3 7 4 4 4 7 4 5 2 3 8 0 3 5 5 4 3 1 3 3 6 9 3 2 1 3
8 8 7 10 5 8 6 7 2 8 6 7 2 5 9 3 0 7 6 6 1 3 5 6 9 11 6 4 4 2
7 1 1 7 7 10 2 3 9 10 6 2 6 3 9 5 7 0 8 3 8 6 3 2 1 6 4 3 5 8
3 8 7 6 1 2 6 5 5 2 3 6 7 7 3 5 6 8 0 5 6 3 5 7 9 8 4 6 4 5
4 3 3 5 4 7 1 1 7 7 3 1 5 4 6 4 6 3 5 0 6 3 1 3 4 5 1 3 3 7
8 8 7 10 4 7 7 7 1 8 6 7 3 6 9 3 1 8 6 6 0 3 5 6 9 12 6 5 4 1
5 6 5 7 2 5 4 4 4 6 3 5 3 4 6 1 3 6 3 3 3 0 3 4 7 8 3 3 1 3
5 3 2 6 4 7 1 2 6 7 3 2 4 3 7 3 5 3 5 1 5 3 0 2 4 7 1 2 2 6
7 3 2 8 6 9 2 4 7 9 5 3 4 1 9 3 6 2 7 3 6 4 2 0 3 8 4 1 4 7
8 1 2 7 8 10 3 4 10 10 6 3 7 4 10 6 9 1 9 4 9 7 4 3 0 6 5 4 6 10
6 5 6 3 8 9 6 5 12 8 6 5 10 8 7 9 11 6 8 5 12 8 7 8 6 0 5 8 8 12
3 4 3 5 3 6 2 1 7 6 2 2 5 4 6 3 6 4 4 1 6 3 1 4 5 5 0 3 2 6
6 4 3 8 5 8 3 4 6 8 5 3 2 1 9 2 4 3 6 3 5 3 2 1 4 8 3 0 2 5
4 5 4 7 2 6 3 3 5 6 3 4 3 4 6 1 4 5 4 3 4 1 2 4 6 8 2 2 0 4
7 9 8 10 4 6 7 7 1 7 6 8 4 6 8 3 2 8 5 7 1 3 6 7 10 12 6 5 4 0
,
0 38 38 21 16 18 16 24 31 18 12 13 32 37 7 30 49 20 15 24 25 20 34 20 33 26 16 19 11 28
48 0 7 29 47 43 9 13 59 52 40 5 40 25 22 25 52 3 33 18 48 16 24 9 6 21 19 25 36 66
39 3 0 43 28 64 9 15 61 54 26 12 17 10 50 17 47 4 54 11 54 14 9 7 8 44 18 17 18 52
12 46 32 0 33 41 24 12 79 34 17 14 26 41 27 43 57 28 41 17 42 31 28 23 38 19 34 52 23 39
10 50 17 19 0 17 22 22 29 15 16 20 24 25 27 23 21 31 4 23 16 15 21 34 20 25 23 21 14 15
25 63 64 42 19 0 47 49 29 6 29 38 27 51 8 21 37 56 12 34 38 23 18 45 56 43 37 41 25 47
33 8 9 33 24 44 0 4 43 22 21 6 20 20 30 22 27 14 20 3 34 15 8 12 18 23 10 8 10 26
16 18 21 14 30 18 9 0 25 36 12 10 31 20 42 12 44 23 37 4 21 25 13 12 11 26 4 20 10 42
48 67 50 68 15 39 21 47 0 45 21 38 20 20 23 29 14 45 37 52 8 26 36 54 29 64 37 39 28 4
9 48 57 25 13 7 38 42 52 0 20 49 60 61 14 46 43 31 8 38 52 32 19 24 75 30 32 46 25 46
8 16 13 29 9 12 20 11 46 20 0 19 38 42 13 24 39 24 16 7 23 8 23 23 37 41 11 22 12 32
27 8 10 29 28 46 5 6 45 53 17 0 16 11 19 32 39 14 47 7 26 28 9 12 18 19 9 15 26 53
51 16 25 25 25 38 28 30 25 57 34 22 0 16 44 6 12 19 19 26 14 9 20 16 30 37 26 13 21 9
31 13 8 51 16 46 12 19 27 60 37 14 22 0 45 19 16 14 55 24 26 28 9 2 17 51 27 4 11 19
11 24 25 27 16 13 28 23 45 5 12 30 61 68 0 48 61 62 11 45 67 32 17 56 55 22 33 51 27 32
16 26 12 37 23 31 22 14 15 42 24 17 13 14 37 0 9 25 23 12 14 4 7 13 38 41 13 11 5 9
31 42 23 69 27 53 35 37 8 31 24 32 8 16 60 18 0 54 20 39 2 12 19 22 44 81 17 23 19 12
39 5 2 48 40 40 10 14 28 47 29 7 25 10 47 33 44 0 27 14 33 32 12 14 5 40 21 12 33 49
13 23 47 24 8 6 17 26 31 10 10 27 31 31 24 16 34 46 0 34 24 19 23 35 43 43 15 38 13 37
14 9 8 36 24 21 4 4 39 26 16 6 21 19 33 12 42 10 29 0 31 24 6 20 23 39 4 22 8 43
56 40 28 66 20 48 26 26 5 46 16 36 19 19 67 13 2 41 36 39 0 23 34 22 42 35 27 13 15 5
24 38 18 42 8 33 12 23 29 25 12 22 18 15 38 7 14 34 12 24 20 0 19 23 28 23 13 10 3 11
14 14 15 42 24 25 6 5 34 23 12 13 18 16 42 18 13 22 26 4 19 10 0 15 14 38 7 11 13 19
52 7 6 25 17 31 7 12 21 44 28 19 18 4 36 21 14 14 48 20 28 28 8 0 19 29 13 8 26 30
50 5 8 37 49 33 13 14 37 46 28 18 32 22 66 44 39 4 64 25 63 46 12 19 0 23 14 28 22 25
32 40 22 15 50 55 22 34 67 24 25 14 35 38 25 25 81 36 28 21 71 56 28 49 29 0 19 57 50 82
9 20 18 34 24 41 9 3 46 23 6 10 16 19 22 15 35 27 32 3 20 15 8 24 23 41 0 20 9 32
40 10 9 35 21 38 7 15 17 51 30 14 11 9 30 8 27 14 18 15 13 11 11 8 15 40 19 0 14 31
30 18 19 24 17 33 19 9 31 35 19 25 13 27 36 8 19 31 19 7 12 2 12 10 27 20 8 14 0 29
41 65 51 55 28 32 32 18 3 49 31 46 23 29 50 13 4 26 22 47 3 20 42 47 29 71 42 22 15 0