2
10
,
0 (31.0, 35.0) 32.0
1 (11.0, 30.0) 84.0
2 (2.0, 32.0) 75.0
3 (46.0, 26.0) 42.0
4 (28.0, 37.0) 45.0
5 (1.0, 8.0) 38.0
6 (12.0, 32.0) 84.0
7 (44.0, 10.0) 83.0
8 (28.0, 22.0) 69.0
9 (3.0, 8.0) 45.0
,
0 23 16 16 26 23 4 17 23 18 4 0
23 0 10 15 9 2 20 10 14 7 19 23
16 10 0 5 18 9 12 1 19 9 12 16
16 15 5 0 22 13 12 5 24 14 12 16
26 9 18 22 0 11 24 17 8 9 23 26
23 2 9 13 11 0 20 8 16 8 19 23
4 20 12 12 24 20 0 13 22 15 1 4
17 10 1 5 17 8 13 0 19 9 13 17
23 14 19 24 8 16 22 19 0 10 21 23
18 7 9 14 9 8 15 9 10 0 14 18
4 19 12 12 23 19 1 13 21 14 0 4
0 23 16 16 26 23 4 17 23 18 4 0
,
0 26 41 39 35 32 6 41 47 29 7 0
41 0 16 40 12 4 36 20 30 7 43 36
34 26 0 7 47 20 12 2 37 14 15 23
26 42 7 0 60 19 14 10 51 34 13 44
56 17 33 26 0 27 70 28 21 11 55 74
64 5 18 19 26 0 56 18 31 21 24 61
5 46 36 36 48 34 0 33 57 44 2 7
31 19 3 11 29 11 20 0 53 26 27 36
44 24 44 34 22 32 38 53 0 26 58 45
45 14 14 24 24 22 18 24 19 0 24 49
10 52 20 13 68 33 2 27 31 22 0 4
0 43 29 33 60 26 7 24 36 52 6 0