2
10
,
0 (31.0, 35.0) 55.0
1 (11.0, 30.0) 43.0
2 (2.0, 32.0) 87.0
3 (46.0, 26.0) 57.0
4 (28.0, 37.0) 74.0
5 (1.0, 8.0) 49.0
6 (12.0, 32.0) 43.0
7 (44.0, 10.0) 32.0
8 (28.0, 22.0) 49.0
9 (3.0, 8.0) 69.0
,
0 23 16 16 26 23 4 17 23 18 4 0
23 0 10 15 9 2 20 10 14 7 19 23
16 10 0 5 18 9 12 1 19 9 12 16
16 15 5 0 22 13 12 5 24 14 12 16
26 9 18 22 0 11 24 17 8 9 23 26
23 2 9 13 11 0 20 8 16 8 19 23
4 20 12 12 24 20 0 13 22 15 1 4
17 10 1 5 17 8 13 0 19 9 13 17
23 14 19 24 8 16 22 19 0 10 21 23
18 7 9 14 9 8 15 9 10 0 14 18
4 19 12 12 23 19 1 13 21 14 0 4
0 23 16 16 26 23 4 17 23 18 4 0
,
0 38 18 35 32 27 9 24 56 35 7 0
45 0 21 24 16 2 35 25 17 17 55 39
44 21 0 8 48 24 23 2 51 25 32 32
17 42 10 0 49 23 26 12 52 23 32 43
35 19 41 65 0 21 26 23 9 24 67 61
49 5 20 35 15 0 27 17 28 8 42 46
7 41 31 35 29 40 0 17 46 40 3 6
42 27 1 13 33 18 21 0 22 16 38 27
58 34 30 26 13 29 38 55 0 17 32 36
35 15 17 41 24 13 43 27 19 0 30 31
11 57 23 24 63 44 1 24 48 39 0 6
0 32 45 37 42 44 5 39 40 23 9 0