2
10
,
0 (31.0, 35.0) 42.0
1 (11.0, 30.0) 56.0
2 (2.0, 32.0) 74.0
3 (46.0, 26.0) 71.0
4 (28.0, 37.0) 45.0
5 (1.0, 8.0) 77.0
6 (12.0, 32.0) 67.0
7 (44.0, 10.0) 59.0
8 (28.0, 22.0) 52.0
9 (3.0, 8.0) 58.0
,
0 23 16 16 26 23 4 17 23 18 4 0
23 0 10 15 9 2 20 10 14 7 19 23
16 10 0 5 18 9 12 1 19 9 12 16
16 15 5 0 22 13 12 5 24 14 12 16
26 9 18 22 0 11 24 17 8 9 23 26
23 2 9 13 11 0 20 8 16 8 19 23
4 20 12 12 24 20 0 13 22 15 1 4
17 10 1 5 17 8 13 0 19 9 13 17
23 14 19 24 8 16 22 19 0 10 21 23
18 7 9 14 9 8 15 9 10 0 14 18
4 19 12 12 23 19 1 13 21 14 0 4
0 23 16 16 26 23 4 17 23 18 4 0
,
0 28 30 28 48 53 5 50 66 51 4 0
45 0 27 30 12 2 28 16 21 20 56 70
26 12 0 10 19 26 31 1 41 22 32 21
41 30 5 0 26 20 35 5 32 25 34 22
56 11 44 57 0 20 65 47 17 21 54 43
67 2 14 21 28 0 23 22 35 19 48 67
8 39 13 20 62 39 0 27 63 20 2 6
28 12 3 11 32 25 38 0 49 10 34 29
49 28 33 45 17 17 30 42 0 24 44 55
31 16 15 24 27 16 31 14 18 0 22 25
9 56 21 13 61 40 3 31 27 16 0 9
0 62 34 45 33 63 7 27 42 53 12 0