2
10
,
0 (31.0, 35.0) 68.0
1 (11.0, 30.0) 47.0
2 (2.0, 32.0) 34.0
3 (46.0, 26.0) 41.0
4 (28.0, 37.0) 75.0
5 (1.0, 8.0) 47.0
6 (12.0, 32.0) 88.0
7 (44.0, 10.0) 55.0
8 (28.0, 22.0) 35.0
9 (3.0, 8.0) 31.0
,
0 23 16 16 26 23 4 17 23 18 4 0
23 0 10 15 9 2 20 10 14 7 19 23
16 10 0 5 18 9 12 1 19 9 12 16
16 15 5 0 22 13 12 5 24 14 12 16
26 9 18 22 0 11 24 17 8 9 23 26
23 2 9 13 11 0 20 8 16 8 19 23
4 20 12 12 24 20 0 13 22 15 1 4
17 10 1 5 17 8 13 0 19 9 13 17
23 14 19 24 8 16 22 19 0 10 21 23
18 7 9 14 9 8 15 9 10 0 14 18
4 19 12 12 23 19 1 13 21 14 0 4
0 23 16 16 26 23 4 17 23 18 4 0
,
0 29 36 18 37 68 6 44 44 24 13 0
34 0 27 32 21 5 57 19 27 9 36 41
25 30 0 12 35 23 13 3 28 10 28 32
47 29 11 0 57 25 35 12 66 36 20 17
42 16 29 24 0 17 48 51 10 26 60 34
33 5 23 21 17 0 42 25 29 22 56 37
10 21 29 30 27 44 0 16 61 35 2 9
51 14 2 11 36 18 20 0 55 16 18 38
55 20 57 42 22 19 46 45 0 10 57 41
48 10 24 38 24 16 27 22 21 0 29 50
8 45 18 35 61 51 2 19 44 33 0 9
0 50 17 25 64 60 8 49 58 39 5 0