2
10
,
0 (4.0, 38.0) 46.0
1 (23.0, 17.0) 27.0
2 (27.0, 4.0) 23.0
3 (25.0, 14.0) 15.0
4 (40.0, 9.0) 27.0
5 (4.0, 9.0) 13.0
6 (27.0, 14.0) 13.0
7 (22.0, 41.0) 41.0
8 (47.0, 18.0) 15.0
9 (17.0, 22.0) 17.0
,
0 6 8 6 9 6 7 4 9 4
6 0 3 1 4 4 1 5 5 2
8 3 0 2 3 5 2 7 5 4
6 1 2 0 3 4 0 5 4 2
9 4 3 3 0 7 3 7 2 5
6 4 5 4 7 0 5 7 9 4
7 1 2 0 3 5 0 5 4 3
4 5 7 5 7 7 5 0 7 4
9 5 5 4 2 9 4 7 0 6
4 2 4 2 5 4 3 4 6 0
,
0 37 26 23 37 19 48 24 53 23
34 0 16 2 10 25 3 18 23 5
47 17 0 10 14 19 14 52 16 21
45 2 6 0 12 30 2 31 19 11
38 11 12 11 0 33 15 30 7 23
35 25 21 17 54 0 18 29 27 12
43 7 7 2 9 23 0 21 13 18
9 17 32 30 32 49 20 0 39 20
56 15 23 16 12 60 13 28 0 28
12 9 29 12 26 17 7 21 20 0