2
10
,
0 (4.0, 38.0) 38.0
1 (23.0, 17.0) 22.0
2 (27.0, 4.0) 19.0
3 (25.0, 14.0) 12.0
4 (40.0, 9.0) 18.0
5 (4.0, 9.0) 38.0
6 (27.0, 14.0) 12.0
7 (22.0, 41.0) 30.0
8 (47.0, 18.0) 43.0
9 (17.0, 22.0) 40.0
,
0 6 8 6 9 6 7 4 9 4
6 0 3 1 4 4 1 5 5 2
8 3 0 2 3 5 2 7 5 4
6 1 2 0 3 4 0 5 4 2
9 4 3 3 0 7 3 7 2 5
6 4 5 4 7 0 5 7 9 4
7 1 2 0 3 5 0 5 4 3
4 5 7 5 7 7 5 0 7 4
9 5 5 4 2 9 4 7 0 6
4 2 4 2 5 4 3 4 6 0
,
0 17 28 20 49 41 38 26 37 28
32 0 11 2 24 26 3 18 17 4
51 7 0 6 21 33 11 53 17 17
36 3 13 0 22 31 2 23 23 16
38 25 13 11 0 21 18 34 16 18
36 23 13 11 51 0 27 27 42 11
39 4 10 1 9 25 0 32 12 13
10 30 30 38 49 53 27 0 50 27
33 12 35 28 9 39 13 43 0 32
25 4 12 15 35 17 16 23 16 0