2
10
,
0 (4.0, 38.0) 18.0
1 (23.0, 17.0) 39.0
2 (27.0, 4.0) 13.0
3 (25.0, 14.0) 14.0
4 (40.0, 9.0) 50.0
5 (4.0, 9.0) 19.0
6 (27.0, 14.0) 24.0
7 (22.0, 41.0) 15.0
8 (47.0, 18.0) 23.0
9 (17.0, 22.0) 23.0
,
0 6 8 6 9 6 7 4 9 4
6 0 3 1 4 4 1 5 5 2
8 3 0 2 3 5 2 7 5 4
6 1 2 0 3 4 0 5 4 2
9 4 3 3 0 7 3 7 2 5
6 4 5 4 7 0 5 7 9 4
7 1 2 0 3 5 0 5 4 3
4 5 7 5 7 7 5 0 7 4
9 5 5 4 2 9 4 7 0 6
4 2 4 2 5 4 3 4 6 0
,
0 33 22 16 68 32 45 22 43 18
25 0 10 3 26 11 4 30 12 5
42 15 0 6 10 21 6 56 15 21
44 3 6 0 22 23 2 29 18 7
54 17 7 18 0 41 17 55 10 33
19 28 33 30 48 0 15 52 48 19
21 6 14 2 10 18 0 17 13 11
13 29 53 34 55 21 20 0 26 21
31 28 32 17 7 65 12 21 0 33
17 9 19 16 19 25 16 25 15 0