2
10
,
0 (4.0, 38.0) 37.0
1 (23.0, 17.0) 47.0
2 (27.0, 4.0) 16.0
3 (25.0, 14.0) 43.0
4 (40.0, 9.0) 47.0
5 (4.0, 9.0) 40.0
6 (27.0, 14.0) 20.0
7 (22.0, 41.0) 22.0
8 (47.0, 18.0) 11.0
9 (17.0, 22.0) 20.0
,
0 6 8 6 9 6 7 4 9 4
6 0 3 1 4 4 1 5 5 2
8 3 0 2 3 5 2 7 5 4
6 1 2 0 3 4 0 5 4 2
9 4 3 3 0 7 3 7 2 5
6 4 5 4 7 0 5 7 9 4
7 1 2 0 3 5 0 5 4 3
4 5 7 5 7 7 5 0 7 4
9 5 5 4 2 9 4 7 0 6
4 2 4 2 5 4 3 4 6 0
,
0 35 58 24 30 21 25 19 43 26
37 0 11 3 20 16 5 17 29 8
59 7 0 11 15 21 15 21 25 21
19 3 10 0 17 23 2 19 20 13
24 25 19 17 0 22 9 54 12 30
20 29 26 12 51 0 29 32 41 21
38 5 14 2 15 28 0 14 17 14
17 13 56 29 51 27 40 0 32 11
63 17 16 15 16 30 16 22 0 43
26 11 21 14 34 19 12 16 38 0