2
10
,
0 (4.0, 38.0) 15.0
1 (23.0, 17.0) 25.0
2 (27.0, 4.0) 25.0
3 (25.0, 14.0) 17.0
4 (40.0, 9.0) 11.0
5 (4.0, 9.0) 16.0
6 (27.0, 14.0) 28.0
7 (22.0, 41.0) 29.0
8 (47.0, 18.0) 35.0
9 (17.0, 22.0) 35.0
,
0 6 8 6 9 6 7 4 9 4
6 0 3 1 4 4 1 5 5 2
8 3 0 2 3 5 2 7 5 4
6 1 2 0 3 4 0 5 4 2
9 4 3 3 0 7 3 7 2 5
6 4 5 4 7 0 5 7 9 4
7 1 2 0 3 5 0 5 4 3
4 5 7 5 7 7 5 0 7 4
9 5 5 4 2 9 4 7 0 6
4 2 4 2 5 4 3 4 6 0
,
0 22 55 23 39 37 27 26 29 17
37 0 18 5 13 29 3 12 16 6
24 15 0 7 18 22 12 51 35 16
16 2 14 0 21 19 2 30 32 8
34 12 16 17 0 52 13 18 13 30
22 15 13 13 44 0 16 41 53 18
23 5 9 2 20 26 0 34 17 13
12 25 51 39 21 35 40 0 45 11
45 17 13 12 8 28 19 32 0 28
21 12 15 16 30 23 8 19 20 0