2
10
,
0 (4.0, 38.0) 40.0
1 (23.0, 17.0) 16.0
2 (27.0, 4.0) 33.0
3 (25.0, 14.0) 20.0
4 (40.0, 9.0) 33.0
5 (4.0, 9.0) 45.0
6 (27.0, 14.0) 18.0
7 (22.0, 41.0) 23.0
8 (47.0, 18.0) 26.0
9 (17.0, 22.0) 29.0
,
0 6 8 6 9 6 7 4 9 4
6 0 3 1 4 4 1 5 5 2
8 3 0 2 3 5 2 7 5 4
6 1 2 0 3 4 0 5 4 2
9 4 3 3 0 7 3 7 2 5
6 4 5 4 7 0 5 7 9 4
7 1 2 0 3 5 0 5 4 3
4 5 7 5 7 7 5 0 7 4
9 5 5 4 2 9 4 7 0 6
4 2 4 2 5 4 3 4 6 0
,
0 31 25 43 69 17 48 12 47 11
42 0 18 4 17 12 4 34 24 11
53 15 0 7 16 19 9 29 26 18
39 5 7 0 12 17 2 25 11 7
45 9 10 15 0 40 9 42 16 31
29 26 29 30 19 0 31 40 45 13
39 3 6 3 15 17 0 41 22 14
21 30 33 32 38 21 35 0 40 18
47 30 12 12 9 49 11 25 0 16
14 9 17 13 25 19 6 15 35 0