2
10
,
0 (4.0, 38.0) 27.0
1 (23.0, 17.0) 40.0
2 (27.0, 4.0) 15.0
3 (25.0, 14.0) 18.0
4 (40.0, 9.0) 28.0
5 (4.0, 9.0) 39.0
6 (27.0, 14.0) 50.0
7 (22.0, 41.0) 33.0
8 (47.0, 18.0) 21.0
9 (17.0, 22.0) 18.0
,
0 6 8 6 9 6 7 4 9 4
6 0 3 1 4 4 1 5 5 2
8 3 0 2 3 5 2 7 5 4
6 1 2 0 3 4 0 5 4 2
9 4 3 3 0 7 3 7 2 5
6 4 5 4 7 0 5 7 9 4
7 1 2 0 3 5 0 5 4 3
4 5 7 5 7 7 5 0 7 4
9 5 5 4 2 9 4 7 0 6
4 2 4 2 5 4 3 4 6 0
,
0 38 61 18 40 27 48 26 25 31
20 0 12 2 16 29 3 29 20 6
31 11 0 9 18 15 6 33 31 23
33 5 9 0 14 14 2 40 12 16
51 19 18 9 0 42 14 44 12 29
34 27 13 26 49 0 34 20 49 9
30 6 9 3 21 27 0 40 11 8
26 17 21 38 24 24 29 0 21 18
50 17 26 16 10 64 17 26 0 44
20 9 19 14 23 24 13 21 33 0