2
10
,
0 (4.0, 38.0) 18.0
1 (23.0, 17.0) 19.0
2 (27.0, 4.0) 25.0
3 (25.0, 14.0) 15.0
4 (40.0, 9.0) 16.0
5 (4.0, 9.0) 16.0
6 (27.0, 14.0) 35.0
7 (22.0, 41.0) 32.0
8 (47.0, 18.0) 36.0
9 (17.0, 22.0) 15.0
,
0 6 8 6 9 6 7 4 9 4
6 0 3 1 4 4 1 5 5 2
8 3 0 2 3 5 2 7 5 4
6 1 2 0 3 4 0 5 4 2
9 4 3 3 0 7 3 7 2 5
6 4 5 4 7 0 5 7 9 4
7 1 2 0 3 5 0 5 4 3
4 5 7 5 7 7 5 0 7 4
9 5 5 4 2 9 4 7 0 6
4 2 4 2 5 4 3 4 6 0
,
0 20 43 31 41 19 28 13 69 26
17 0 8 3 14 20 7 16 34 8
38 10 0 6 18 18 15 22 20 24
19 5 10 0 10 23 3 22 19 13
67 14 13 18 0 25 20 19 7 15
33 23 17 11 35 0 31 52 60 25
47 5 12 3 17 14 0 35 30 16
22 14 55 18 30 34 16 0 31 24
50 22 36 11 13 42 14 38 0 22
23 6 13 14 26 19 16 20 25 0