2
10
,
0 (4.0, 38.0) 13.0
1 (23.0, 17.0) 16.0
2 (27.0, 4.0) 11.0
3 (25.0, 14.0) 34.0
4 (40.0, 9.0) 45.0
5 (4.0, 9.0) 10.0
6 (27.0, 14.0) 23.0
7 (22.0, 41.0) 24.0
8 (47.0, 18.0) 15.0
9 (17.0, 22.0) 14.0
,
0 6 8 6 9 6 7 4 9 4
6 0 3 1 4 4 1 5 5 2
8 3 0 2 3 5 2 7 5 4
6 1 2 0 3 4 0 5 4 2
9 4 3 3 0 7 3 7 2 5
6 4 5 4 7 0 5 7 9 4
7 1 2 0 3 5 0 5 4 3
4 5 7 5 7 7 5 0 7 4
9 5 5 4 2 9 4 7 0 6
4 2 4 2 5 4 3 4 6 0
,
0 34 25 19 40 22 41 24 54 27
26 0 11 2 15 15 6 16 13 11
28 8 0 7 12 25 11 25 24 25
37 3 10 0 12 16 2 20 14 14
33 24 17 15 0 24 9 40 12 21
27 13 16 27 33 0 22 50 27 23
40 5 10 2 7 20 0 15 12 10
22 21 29 16 32 27 19 0 43 28
67 27 14 28 7 45 28 27 0 31
15 8 27 8 15 20 15 13 15 0