2
10
,
0 (4.0, 38.0) 28.0
1 (23.0, 17.0) 21.0
2 (27.0, 4.0) 18.0
3 (25.0, 14.0) 33.0
4 (40.0, 9.0) 14.0
5 (4.0, 9.0) 25.0
6 (27.0, 14.0) 18.0
7 (22.0, 41.0) 38.0
8 (47.0, 18.0) 28.0
9 (17.0, 22.0) 32.0
,
0 6 8 6 9 6 7 4 9 4
6 0 3 1 4 4 1 5 5 2
8 3 0 2 3 5 2 7 5 4
6 1 2 0 3 4 0 5 4 2
9 4 3 3 0 7 3 7 2 5
6 4 5 4 7 0 5 7 9 4
7 1 2 0 3 5 0 5 4 3
4 5 7 5 7 7 5 0 7 4
9 5 5 4 2 9 4 7 0 6
4 2 4 2 5 4 3 4 6 0
,
0 37 36 21 30 22 19 26 26 11
34 0 14 3 11 22 6 27 35 8
33 18 0 11 17 25 9 31 34 22
38 2 14 0 17 19 2 38 33 16
31 27 10 18 0 47 12 25 8 14
34 15 31 29 54 0 15 53 31 15
42 6 14 1 10 29 0 26 16 11
13 20 38 25 50 24 16 0 48 15
71 23 13 14 8 28 14 50 0 16
26 9 20 10 36 19 9 17 37 0