2
10
,
0 (4.0, 38.0) 34.0
1 (23.0, 17.0) 38.0
2 (27.0, 4.0) 30.0
3 (25.0, 14.0) 41.0
4 (40.0, 9.0) 17.0
5 (4.0, 9.0) 14.0
6 (27.0, 14.0) 16.0
7 (22.0, 41.0) 11.0
8 (47.0, 18.0) 11.0
9 (17.0, 22.0) 29.0
,
0 6 8 6 9 6 7 4 9 4
6 0 3 1 4 4 1 5 5 2
8 3 0 2 3 5 2 7 5 4
6 1 2 0 3 4 0 5 4 2
9 4 3 3 0 7 3 7 2 5
6 4 5 4 7 0 5 7 9 4
7 1 2 0 3 5 0 5 4 3
4 5 7 5 7 7 5 0 7 4
9 5 5 4 2 9 4 7 0 6
4 2 4 2 5 4 3 4 6 0
,
0 15 39 39 27 21 46 15 64 23
27 0 16 2 10 23 6 31 24 10
48 16 0 5 16 14 8 46 24 31
45 5 6 0 22 30 3 34 30 13
61 23 13 13 0 38 10 49 12 22
42 25 28 12 35 0 32 38 33 12
46 7 14 2 8 27 0 15 17 16
22 19 48 29 22 22 21 0 29 20
47 28 24 31 6 52 24 26 0 25
30 9 24 8 37 16 7 28 27 0