2
10
,
0 (4.0, 38.0) 10.0
1 (23.0, 17.0) 18.0
2 (27.0, 4.0) 36.0
3 (25.0, 14.0) 25.0
4 (40.0, 9.0) 14.0
5 (4.0, 9.0) 22.0
6 (27.0, 14.0) 12.0
7 (22.0, 41.0) 35.0
8 (47.0, 18.0) 46.0
9 (17.0, 22.0) 24.0
,
0 6 8 6 9 6 7 4 9 4
6 0 3 1 4 4 1 5 5 2
8 3 0 2 3 5 2 7 5 4
6 1 2 0 3 4 0 5 4 2
9 4 3 3 0 7 3 7 2 5
6 4 5 4 7 0 5 7 9 4
7 1 2 0 3 5 0 5 4 3
4 5 7 5 7 7 5 0 7 4
9 5 5 4 2 9 4 7 0 6
4 2 4 2 5 4 3 4 6 0
,
0 29 37 36 35 36 38 25 25 23
21 0 8 2 10 28 6 27 27 7
52 10 0 7 7 20 12 37 22 18
17 2 12 0 11 15 2 21 22 6
43 25 20 22 0 34 19 26 14 25
38 11 26 16 52 0 24 48 36 10
49 6 9 2 17 20 0 24 23 12
22 19 39 40 32 33 32 0 40 17
29 35 28 24 11 44 27 18 0 40
27 6 20 14 16 15 13 28 28 0