2
10
,
0 (4.0, 38.0) 14.0
1 (23.0, 17.0) 13.0
2 (27.0, 4.0) 46.0
3 (25.0, 14.0) 11.0
4 (40.0, 9.0) 15.0
5 (4.0, 9.0) 11.0
6 (27.0, 14.0) 13.0
7 (22.0, 41.0) 11.0
8 (47.0, 18.0) 17.0
9 (17.0, 22.0) 25.0
,
0 6 8 6 9 6 7 4 9 4
6 0 3 1 4 4 1 5 5 2
8 3 0 2 3 5 2 7 5 4
6 1 2 0 3 4 0 5 4 2
9 4 3 3 0 7 3 7 2 5
6 4 5 4 7 0 5 7 9 4
7 1 2 0 3 5 0 5 4 3
4 5 7 5 7 7 5 0 7 4
9 5 5 4 2 9 4 7 0 6
4 2 4 2 5 4 3 4 6 0
,
0 22 52 23 24 27 33 21 45 15
39 0 17 3 28 17 6 19 33 11
43 17 0 14 8 19 7 36 31 28
44 5 8 0 12 29 2 23 12 12
63 22 13 22 0 29 14 33 12 24
29 17 15 32 41 0 24 39 52 26
38 7 11 2 7 31 0 14 16 9
14 24 33 14 54 39 34 0 26 27
31 19 24 12 15 22 25 34 0 38
30 7 31 10 27 24 8 27 21 0