5
30
,
0 (36.0, 44.0) 66.0
1 (27.0, 20.0) 88.0
2 (25.0, 48.0) 54.0
3 (5.0, 32.0) 62.0
4 (40.0, 21.0) 37.0
5 (37.0, 7.0) 33.0
6 (23.0, 20.0) 38.0
7 (40.0, 25.0) 62.0
8 (48.0, 49.0) 87.0
9 (27.0, 24.0) 34.0
10 (6.0, 44.0) 54.0
11 (46.0, 30.0) 73.0
12 (37.0, 35.0) 85.0
13 (12.0, 41.0) 35.0
14 (25.0, 48.0) 44.0
15 (24.0, 38.0) 50.0
16 (39.0, 23.0) 38.0
17 (18.0, 10.0) 54.0
18 (8.0, 20.0) 82.0
19 (16.0, 49.0) 45.0
20 (25.0, 36.0) 62.0
21 (34.0, 44.0) 30.0
22 (18.0, 18.0) 76.0
23 (34.0, 34.0) 50.0
24 (25.0, 42.0) 55.0
25 (32.0, 21.0) 83.0
26 (28.0, 10.0) 65.0
27 (28.0, 18.0) 62.0
28 (36.0, 30.0) 53.0
29 (27.0, 41.0) 33.0
,
0 28 17 27 16 23 19 15 24 34 18 22 27 25 21 27 22 23 10 11 26 22 28 13 24 24 19 15 17 23 25 0
28 0 13 6 17 12 19 14 10 6 11 15 9 5 12 6 7 11 19 18 10 7 1 16 5 6 12 17 14 7 5 28
17 13 0 14 13 7 8 2 7 18 2 16 11 9 13 14 9 6 7 10 16 8 12 5 8 11 3 5 1 7 10 17
27 6 14 0 13 15 21 14 14 12 12 10 14 9 7 0 5 14 19 16 5 6 5 15 8 3 14 19 15 11 4 27
16 17 13 13 0 18 20 11 18 23 12 6 21 16 6 13 10 18 13 6 10 10 16 10 15 11 15 16 13 16 12 16
23 12 7 15 18 0 7 9 2 15 7 21 5 7 17 15 12 1 12 16 18 11 12 11 7 13 4 8 6 5 12 23
19 19 8 21 20 7 0 10 9 22 10 24 12 14 21 21 17 8 10 16 23 16 19 11 14 18 7 5 7 12 18 19
15 14 2 14 11 9 10 0 9 19 3 15 13 10 12 14 9 8 6 8 15 8 13 3 9 11 5 6 3 8 11 15
24 10 7 14 18 2 9 9 0 13 7 19 4 5 16 14 10 1 13 16 17 9 10 12 5 11 4 10 7 3 10 24
34 6 18 12 23 15 22 19 13 0 16 21 10 9 18 12 13 14 25 25 16 13 7 22 10 12 16 22 18 11 11 34
18 11 2 12 12 7 10 3 7 16 0 14 10 7 11 12 7 6 8 10 14 6 11 5 6 9 3 7 3 5 8 18
22 15 16 10 6 21 24 15 19 21 14 0 21 16 3 10 9 20 18 12 6 10 14 14 15 10 17 20 17 17 11 22
27 9 11 14 21 5 12 13 4 10 10 21 0 5 18 14 12 5 17 20 18 11 9 15 6 12 8 13 11 5 11 27
25 5 9 9 16 7 14 10 5 9 7 16 5 0 13 9 7 6 16 16 13 6 5 13 2 7 7 13 10 3 6 25
21 12 13 7 6 17 21 12 16 18 11 3 18 13 0 7 6 16 16 11 4 7 11 12 12 7 14 17 14 13 8 21
27 6 14 0 13 15 21 14 14 12 12 10 14 9 7 0 5 14 19 16 5 6 5 15 8 3 14 19 15 11 4 27
22 7 9 5 10 12 17 9 10 13 7 9 12 7 6 5 0 11 14 12 7 1 6 10 5 2 9 14 10 7 2 22
23 11 6 14 18 1 8 8 1 14 6 20 5 6 16 14 11 0 12 16 17 10 11 11 6 12 4 9 6 4 11 23
10 19 7 19 13 12 10 6 13 25 8 18 17 16 16 19 14 12 0 7 20 13 19 4 14 16 9 5 6 13 16 10
11 18 10 16 6 16 16 8 16 25 10 12 20 16 11 16 12 16 7 0 15 12 18 5 15 14 12 11 10 15 14 11
26 10 16 5 10 18 23 15 17 16 14 6 18 13 4 5 7 17 20 15 0 8 9 16 12 6 16 20 17 14 7 26
22 7 8 6 10 11 16 8 9 13 6 10 11 6 7 6 1 10 13 12 8 0 6 10 5 3 8 13 9 6 3 22
28 1 12 5 16 12 19 13 10 7 11 14 9 5 11 5 6 11 19 18 9 6 0 15 5 5 12 17 13 7 4 28
13 16 5 15 10 11 11 3 12 22 5 14 15 13 12 15 10 11 4 5 16 10 15 0 11 12 7 6 5 11 12 13
24 5 8 8 15 7 14 9 5 10 6 15 6 2 12 8 5 6 14 15 12 5 5 11 0 6 7 12 9 2 5 24
24 6 11 3 11 13 18 11 11 12 9 10 12 7 7 3 2 12 16 14 6 3 5 12 6 0 11 16 12 8 1 24
19 12 3 14 15 4 7 5 4 16 3 17 8 7 14 14 9 4 9 12 16 8 12 7 7 11 0 6 2 5 10 19
15 17 5 19 16 8 5 6 10 22 7 20 13 13 17 19 14 9 5 11 20 13 17 6 12 16 6 0 4 11 16 15
17 14 1 15 13 6 7 3 7 18 3 17 11 10 14 15 10 6 6 10 17 9 13 5 9 12 2 4 0 7 12 17
23 7 7 11 16 5 12 8 3 11 5 17 5 3 13 11 7 4 13 15 14 6 7 11 2 8 5 11 7 0 7 23
25 5 10 4 12 12 18 11 10 11 8 11 11 6 8 4 2 11 16 14 7 3 4 12 5 1 10 16 12 7 0 25
0 28 17 27 16 23 19 15 24 34 18 22 27 25 21 27 22 23 10 11 26 22 28 13 24 24 19 15 17 23 25 0
,
0 63 42 46 31 25 51 45 29 75 51 25 81 32 47 34 37 58 13 24 65 46 78 17 41 57 37 30 44 28 58 0
37 0 17 15 22 12 48 22 27 19 27 28 15 5 21 16 17 23 25 42 12 14 2 37 10 11 19 33 23 15 14 64
29 33 0 18 18 7 9 3 10 26 2 48 22 14 20 40 15 7 12 16 20 9 30 11 13 19 8 12 2 13 25 21
77 11 31 0 27 40 53 35 20 21 36 22 41 17 22 0 12 33 38 35 6 15 15 29 10 3 21 26 21 20 5 44
28 22 13 29 0 40 25 26 20 58 34 10 60 16 12 22 18 24 15 7 17 23 31 22 22 31 32 28 39 33 32 39
31 15 11 25 24 0 12 15 3 42 8 33 11 15 18 16 25 1 19 31 21 15 34 24 9 21 5 12 12 11 21 36
49 40 20 64 36 9 0 24 27 61 30 38 35 38 55 56 33 11 19 27 26 21 30 21 32 55 9 12 9 22 49 56
40 26 3 30 23 18 26 0 25 20 5 24 35 20 14 27 16 11 6 13 33 17 29 8 20 11 6 17 5 14 12 27
62 13 20 36 43 3 26 14 0 24 13 58 6 13 39 17 23 1 28 46 20 27 11 28 12 14 7 19 7 8 13 26
77 13 32 26 46 37 46 41 34 0 33 36 23 9 54 12 16 33 63 25 33 17 21 64 26 24 44 58 51 23 21 45
52 20 5 22 19 8 26 7 10 26 0 18 10 11 27 32 20 16 16 18 16 14 13 10 13 26 8 20 7 12 21 39
61 21 38 14 6 59 39 18 32 51 29 0 26 28 9 22 23 29 31 29 14 23 30 37 17 11 47 23 33 27 27 35
53 15 20 30 51 13 14 13 10 17 13 63 0 6 49 35 14 8 23 42 21 16 10 28 15 28 22 15 16 6 18 66
51 12 23 17 25 14 17 26 9 24 21 17 10 0 27 13 15 11 22 21 14 13 9 29 2 20 7 14 10 6 14 48
58 15 37 17 9 33 49 32 34 30 27 4 49 25 0 22 8 48 41 26 13 18 22 12 18 8 38 21 19 30 12 42
51 9 39 0 14 40 33 29 35 15 16 22 22 19 10 0 11 15 56 26 5 11 8 17 17 4 22 25 37 17 10 41
40 10 11 9 28 13 29 25 18 22 20 10 27 15 13 6 0 20 32 26 20 2 15 12 14 5 19 33 21 16 4 23
62 23 12 23 34 2 10 22 2 18 14 23 12 15 32 21 27 0 33 18 45 26 23 32 12 30 4 16 11 10 20 42
18 21 18 51 38 34 17 6 28 56 21 23 40 34 30 19 31 29 0 11 58 34 38 12 30 30 13 12 18 17 42 25
20 41 19 21 17 36 35 16 29 65 20 16 22 39 31 33 36 45 7 0 15 17 29 15 23 34 30 13 12 41 36 23
68 31 24 7 26 28 39 24 48 32 14 9 23 24 9 12 19 50 31 34 0 23 18 38 25 10 34 32 22 27 9 69
63 20 20 8 13 18 24 12 26 18 10 15 15 7 12 17 2 18 32 20 18 0 11 19 6 4 23 35 14 9 5 40
71 2 32 13 44 29 48 18 23 22 18 24 17 9 21 14 6 29 31 21 17 13 0 42 5 10 22 35 20 17 10 58
15 37 8 20 14 20 17 8 30 58 11 17 45 30 29 35 26 22 7 13 33 27 29 0 30 16 10 11 14 12 33 33
41 11 10 10 21 21 16 18 13 15 13 23 14 2 30 15 11 8 20 21 31 6 15 12 0 10 7 15 19 3 8 65
28 15 32 6 17 20 39 22 27 13 16 20 21 11 16 8 4 28 35 40 15 5 8 19 11 0 18 33 15 14 1 46
35 19 6 38 40 12 16 6 12 44 3 28 12 20 28 34 20 10 23 28 42 10 18 15 15 12 0 15 6 9 26 55
22 28 10 53 47 24 7 13 27 24 20 27 18 38 18 49 19 14 6 12 54 16 27 10 31 24 8 0 5 22 31 20
44 35 3 28 15 9 21 7 15 37 8 26 26 25 37 22 24 15 7 11 23 21 20 11 16 27 3 9 0 15 30 32
32 15 19 23 22 12 18 21 8 20 14 28 11 6 37 28 8 5 27 30 27 9 14 14 4 8 12 15 16 0 11 28
63 8 19 6 26 24 22 21 30 28 23 29 31 10 16 9 4 30 43 30 20 7 8 29 11 3 19 17 23 17 0 66
0 40 48 63 26 50 20 20 37 83 44 53 58 55 29 53 48 61 21 26 40 64 32 15 46 26 34 17 23 29 56 0