5
30
,
0 (36.0, 44.0) 82.0
1 (27.0, 20.0) 31.0
2 (25.0, 48.0) 36.0
3 (5.0, 32.0) 88.0
4 (40.0, 21.0) 34.0
5 (37.0, 7.0) 86.0
6 (23.0, 20.0) 52.0
7 (40.0, 25.0) 53.0
8 (48.0, 49.0) 48.0
9 (27.0, 24.0) 57.0
10 (6.0, 44.0) 35.0
11 (46.0, 30.0) 35.0
12 (37.0, 35.0) 40.0
13 (12.0, 41.0) 43.0
14 (25.0, 48.0) 54.0
15 (24.0, 38.0) 59.0
16 (39.0, 23.0) 47.0
17 (18.0, 10.0) 31.0
18 (8.0, 20.0) 35.0
19 (16.0, 49.0) 84.0
20 (25.0, 36.0) 64.0
21 (34.0, 44.0) 43.0
22 (18.0, 18.0) 38.0
23 (34.0, 34.0) 58.0
24 (25.0, 42.0) 30.0
25 (32.0, 21.0) 35.0
26 (28.0, 10.0) 49.0
27 (28.0, 18.0) 79.0
28 (36.0, 30.0) 44.0
29 (27.0, 41.0) 38.0
,
0 28 17 27 16 23 19 15 24 34 18 22 27 25 21 27 22 23 10 11 26 22 28 13 24 24 19 15 17 23 25 0
28 0 13 6 17 12 19 14 10 6 11 15 9 5 12 6 7 11 19 18 10 7 1 16 5 6 12 17 14 7 5 28
17 13 0 14 13 7 8 2 7 18 2 16 11 9 13 14 9 6 7 10 16 8 12 5 8 11 3 5 1 7 10 17
27 6 14 0 13 15 21 14 14 12 12 10 14 9 7 0 5 14 19 16 5 6 5 15 8 3 14 19 15 11 4 27
16 17 13 13 0 18 20 11 18 23 12 6 21 16 6 13 10 18 13 6 10 10 16 10 15 11 15 16 13 16 12 16
23 12 7 15 18 0 7 9 2 15 7 21 5 7 17 15 12 1 12 16 18 11 12 11 7 13 4 8 6 5 12 23
19 19 8 21 20 7 0 10 9 22 10 24 12 14 21 21 17 8 10 16 23 16 19 11 14 18 7 5 7 12 18 19
15 14 2 14 11 9 10 0 9 19 3 15 13 10 12 14 9 8 6 8 15 8 13 3 9 11 5 6 3 8 11 15
24 10 7 14 18 2 9 9 0 13 7 19 4 5 16 14 10 1 13 16 17 9 10 12 5 11 4 10 7 3 10 24
34 6 18 12 23 15 22 19 13 0 16 21 10 9 18 12 13 14 25 25 16 13 7 22 10 12 16 22 18 11 11 34
18 11 2 12 12 7 10 3 7 16 0 14 10 7 11 12 7 6 8 10 14 6 11 5 6 9 3 7 3 5 8 18
22 15 16 10 6 21 24 15 19 21 14 0 21 16 3 10 9 20 18 12 6 10 14 14 15 10 17 20 17 17 11 22
27 9 11 14 21 5 12 13 4 10 10 21 0 5 18 14 12 5 17 20 18 11 9 15 6 12 8 13 11 5 11 27
25 5 9 9 16 7 14 10 5 9 7 16 5 0 13 9 7 6 16 16 13 6 5 13 2 7 7 13 10 3 6 25
21 12 13 7 6 17 21 12 16 18 11 3 18 13 0 7 6 16 16 11 4 7 11 12 12 7 14 17 14 13 8 21
27 6 14 0 13 15 21 14 14 12 12 10 14 9 7 0 5 14 19 16 5 6 5 15 8 3 14 19 15 11 4 27
22 7 9 5 10 12 17 9 10 13 7 9 12 7 6 5 0 11 14 12 7 1 6 10 5 2 9 14 10 7 2 22
23 11 6 14 18 1 8 8 1 14 6 20 5 6 16 14 11 0 12 16 17 10 11 11 6 12 4 9 6 4 11 23
10 19 7 19 13 12 10 6 13 25 8 18 17 16 16 19 14 12 0 7 20 13 19 4 14 16 9 5 6 13 16 10
11 18 10 16 6 16 16 8 16 25 10 12 20 16 11 16 12 16 7 0 15 12 18 5 15 14 12 11 10 15 14 11
26 10 16 5 10 18 23 15 17 16 14 6 18 13 4 5 7 17 20 15 0 8 9 16 12 6 16 20 17 14 7 26
22 7 8 6 10 11 16 8 9 13 6 10 11 6 7 6 1 10 13 12 8 0 6 10 5 3 8 13 9 6 3 22
28 1 12 5 16 12 19 13 10 7 11 14 9 5 11 5 6 11 19 18 9 6 0 15 5 5 12 17 13 7 4 28
13 16 5 15 10 11 11 3 12 22 5 14 15 13 12 15 10 11 4 5 16 10 15 0 11 12 7 6 5 11 12 13
24 5 8 8 15 7 14 9 5 10 6 15 6 2 12 8 5 6 14 15 12 5 5 11 0 6 7 12 9 2 5 24
24 6 11 3 11 13 18 11 11 12 9 10 12 7 7 3 2 12 16 14 6 3 5 12 6 0 11 16 12 8 1 24
19 12 3 14 15 4 7 5 4 16 3 17 8 7 14 14 9 4 9 12 16 8 12 7 7 11 0 6 2 5 10 19
15 17 5 19 16 8 5 6 10 22 7 20 13 13 17 19 14 9 5 11 20 13 17 6 12 16 6 0 4 11 16 15
17 14 1 15 13 6 7 3 7 18 3 17 11 10 14 15 10 6 6 10 17 9 13 5 9 12 2 4 0 7 12 17
23 7 7 11 16 5 12 8 3 11 5 17 5 3 13 11 7 4 13 15 14 6 7 11 2 8 5 11 7 0 7 23
25 5 10 4 12 12 18 11 10 11 8 11 11 6 8 4 2 11 16 14 7 3 4 12 5 1 10 16 12 7 0 25
0 28 17 27 16 23 19 15 24 34 18 22 27 25 21 27 22 23 10 11 26 22 28 13 24 24 19 15 17 23 25 0
,
0 45 19 55 45 60 54 23 51 62 22 26 34 30 22 41 64 57 28 29 51 47 46 30 49 72 29 15 34 68 70 0
80 0 19 15 20 18 32 37 26 19 18 39 23 8 33 14 12 11 43 37 26 20 2 43 6 14 13 32 22 16 12 31
32 17 0 27 31 13 16 2 16 28 2 21 12 15 17 18 25 7 18 13 38 13 16 7 12 23 4 9 2 10 25 25
63 9 21 0 34 25 42 41 37 12 28 14 33 20 19 0 7 37 51 40 13 17 12 20 19 3 20 55 18 28 9 55
35 34 36 38 0 54 60 11 33 57 25 14 37 20 12 14 18 24 25 8 27 15 33 25 16 28 15 32 37 28 14 22
43 20 16 28 38 0 11 21 2 41 7 34 9 14 39 20 23 1 18 20 32 14 29 21 13 30 4 11 8 8 24 24
50 46 13 42 30 17 0 18 20 62 15 41 27 33 44 30 24 18 19 38 44 40 39 20 31 23 12 10 21 23 19 44
32 14 6 28 23 21 27 0 12 53 8 19 35 25 28 22 26 13 17 22 19 22 32 5 14 28 8 9 5 9 23 38
54 20 11 23 28 2 22 15 0 29 8 58 12 8 29 29 19 3 38 45 50 13 20 23 9 22 10 28 7 5 31 35
62 18 52 29 41 16 54 24 25 0 18 53 23 19 43 18 34 20 64 65 38 16 17 34 17 35 31 23 46 25 31 86
46 23 3 23 32 15 14 5 15 44 0 20 30 21 20 21 17 9 21 11 39 13 22 14 16 14 6 8 7 6 18 51
37 21 38 13 7 59 48 18 55 41 17 0 50 29 4 28 19 46 44 34 13 23 33 20 15 22 32 42 40 43 25 41
35 20 21 40 58 6 20 29 10 26 26 41 0 13 25 25 12 11 24 28 44 17 12 16 13 14 16 28 25 9 26 78
66 5 11 23 32 20 28 26 6 18 17 19 12 0 23 14 17 7 46 39 17 6 11 21 2 10 14 19 23 4 9 58
29 27 32 10 13 33 36 12 26 38 12 8 38 30 0 9 17 21 44 20 10 8 30 34 24 8 39 20 40 38 20 36
35 7 36 0 23 34 25 27 17 28 15 18 26 16 22 0 11 39 26 18 12 12 15 32 12 8 38 44 25 13 10 71
60 7 23 10 13 30 19 10 27 35 18 27 25 12 10 8 0 20 30 26 7 1 16 27 6 3 25 37 11 20 4 55
36 14 17 29 39 2 19 12 2 15 17 38 13 16 25 18 26 0 21 32 37 21 31 23 6 16 6 16 17 6 31 57
19 34 13 39 33 23 18 12 32 72 12 34 34 19 47 37 17 15 0 8 56 24 28 9 29 42 21 7 9 28 42 27
28 42 24 22 9 36 23 21 35 47 23 30 35 18 17 22 16 27 16 0 18 24 26 9 39 37 20 16 27 25 18 29
65 28 37 5 17 54 55 39 23 31 18 6 24 30 8 8 19 42 53 45 0 19 23 46 21 10 29 51 31 21 16 65
52 18 11 16 30 13 42 15 26 36 10 11 29 7 9 10 2 25 30 16 10 0 7 27 7 3 23 26 9 7 5 27
53 2 37 8 25 19 38 28 15 15 24 23 13 8 30 7 16 16 28 48 16 17 0 39 14 11 26 37 28 8 9 65
33 46 5 18 20 13 23 7 23 24 8 31 44 21 28 23 22 23 7 11 29 18 31 0 25 24 8 9 6 18 34 18
60 12 10 24 27 18 39 21 11 12 16 16 10 2 25 25 12 18 36 35 19 7 5 26 0 8 15 27 23 6 10 47
64 15 29 6 16 38 36 17 20 32 23 12 28 8 16 9 5 33 44 33 8 6 9 35 15 0 28 24 20 23 3 27
42 29 3 24 20 6 15 5 12 16 5 38 21 17 21 27 10 7 11 32 37 24 13 16 7 27 0 17 3 9 13 36
36 28 13 35 29 15 6 15 17 38 19 61 37 18 44 51 39 19 11 26 27 26 26 19 28 43 15 0 11 16 22 43
50 17 2 40 38 8 14 7 16 24 4 29 31 16 36 24 13 8 17 22 26 13 37 6 17 30 4 7 0 16 21 44
28 11 7 27 46 9 22 20 6 26 15 24 14 4 36 13 21 4 24 26 35 13 18 32 3 22 11 24 11 0 14 59
33 11 14 8 21 33 20 25 11 33 11 14 30 16 8 5 6 23 38 32 20 3 5 32 7 2 15 45 17 8 0 30
0 78 24 81 34 47 42 34 56 83 33 23 63 33 33 53 40 62 12 16 40 42 48 31 70 73 45 22 42 45 66 0