5
30
,
0 (36.0, 44.0) 75.0
1 (27.0, 20.0) 85.0
2 (25.0, 48.0) 75.0
3 (5.0, 32.0) 44.0
4 (40.0, 21.0) 85.0
5 (37.0, 7.0) 66.0
6 (23.0, 20.0) 34.0
7 (40.0, 25.0) 86.0
8 (48.0, 49.0) 58.0
9 (27.0, 24.0) 74.0
10 (6.0, 44.0) 64.0
11 (46.0, 30.0) 40.0
12 (37.0, 35.0) 74.0
13 (12.0, 41.0) 34.0
14 (25.0, 48.0) 45.0
15 (24.0, 38.0) 32.0
16 (39.0, 23.0) 89.0
17 (18.0, 10.0) 32.0
18 (8.0, 20.0) 84.0
19 (16.0, 49.0) 50.0
20 (25.0, 36.0) 46.0
21 (34.0, 44.0) 38.0
22 (18.0, 18.0) 84.0
23 (34.0, 34.0) 62.0
24 (25.0, 42.0) 38.0
25 (32.0, 21.0) 55.0
26 (28.0, 10.0) 51.0
27 (28.0, 18.0) 66.0
28 (36.0, 30.0) 52.0
29 (27.0, 41.0) 61.0
,
0 28 17 27 16 23 19 15 24 34 18 22 27 25 21 27 22 23 10 11 26 22 28 13 24 24 19 15 17 23 25 0
28 0 13 6 17 12 19 14 10 6 11 15 9 5 12 6 7 11 19 18 10 7 1 16 5 6 12 17 14 7 5 28
17 13 0 14 13 7 8 2 7 18 2 16 11 9 13 14 9 6 7 10 16 8 12 5 8 11 3 5 1 7 10 17
27 6 14 0 13 15 21 14 14 12 12 10 14 9 7 0 5 14 19 16 5 6 5 15 8 3 14 19 15 11 4 27
16 17 13 13 0 18 20 11 18 23 12 6 21 16 6 13 10 18 13 6 10 10 16 10 15 11 15 16 13 16 12 16
23 12 7 15 18 0 7 9 2 15 7 21 5 7 17 15 12 1 12 16 18 11 12 11 7 13 4 8 6 5 12 23
19 19 8 21 20 7 0 10 9 22 10 24 12 14 21 21 17 8 10 16 23 16 19 11 14 18 7 5 7 12 18 19
15 14 2 14 11 9 10 0 9 19 3 15 13 10 12 14 9 8 6 8 15 8 13 3 9 11 5 6 3 8 11 15
24 10 7 14 18 2 9 9 0 13 7 19 4 5 16 14 10 1 13 16 17 9 10 12 5 11 4 10 7 3 10 24
34 6 18 12 23 15 22 19 13 0 16 21 10 9 18 12 13 14 25 25 16 13 7 22 10 12 16 22 18 11 11 34
18 11 2 12 12 7 10 3 7 16 0 14 10 7 11 12 7 6 8 10 14 6 11 5 6 9 3 7 3 5 8 18
22 15 16 10 6 21 24 15 19 21 14 0 21 16 3 10 9 20 18 12 6 10 14 14 15 10 17 20 17 17 11 22
27 9 11 14 21 5 12 13 4 10 10 21 0 5 18 14 12 5 17 20 18 11 9 15 6 12 8 13 11 5 11 27
25 5 9 9 16 7 14 10 5 9 7 16 5 0 13 9 7 6 16 16 13 6 5 13 2 7 7 13 10 3 6 25
21 12 13 7 6 17 21 12 16 18 11 3 18 13 0 7 6 16 16 11 4 7 11 12 12 7 14 17 14 13 8 21
27 6 14 0 13 15 21 14 14 12 12 10 14 9 7 0 5 14 19 16 5 6 5 15 8 3 14 19 15 11 4 27
22 7 9 5 10 12 17 9 10 13 7 9 12 7 6 5 0 11 14 12 7 1 6 10 5 2 9 14 10 7 2 22
23 11 6 14 18 1 8 8 1 14 6 20 5 6 16 14 11 0 12 16 17 10 11 11 6 12 4 9 6 4 11 23
10 19 7 19 13 12 10 6 13 25 8 18 17 16 16 19 14 12 0 7 20 13 19 4 14 16 9 5 6 13 16 10
11 18 10 16 6 16 16 8 16 25 10 12 20 16 11 16 12 16 7 0 15 12 18 5 15 14 12 11 10 15 14 11
26 10 16 5 10 18 23 15 17 16 14 6 18 13 4 5 7 17 20 15 0 8 9 16 12 6 16 20 17 14 7 26
22 7 8 6 10 11 16 8 9 13 6 10 11 6 7 6 1 10 13 12 8 0 6 10 5 3 8 13 9 6 3 22
28 1 12 5 16 12 19 13 10 7 11 14 9 5 11 5 6 11 19 18 9 6 0 15 5 5 12 17 13 7 4 28
13 16 5 15 10 11 11 3 12 22 5 14 15 13 12 15 10 11 4 5 16 10 15 0 11 12 7 6 5 11 12 13
24 5 8 8 15 7 14 9 5 10 6 15 6 2 12 8 5 6 14 15 12 5 5 11 0 6 7 12 9 2 5 24
24 6 11 3 11 13 18 11 11 12 9 10 12 7 7 3 2 12 16 14 6 3 5 12 6 0 11 16 12 8 1 24
19 12 3 14 15 4 7 5 4 16 3 17 8 7 14 14 9 4 9 12 16 8 12 7 7 11 0 6 2 5 10 19
15 17 5 19 16 8 5 6 10 22 7 20 13 13 17 19 14 9 5 11 20 13 17 6 12 16 6 0 4 11 16 15
17 14 1 15 13 6 7 3 7 18 3 17 11 10 14 15 10 6 6 10 17 9 13 5 9 12 2 4 0 7 12 17
23 7 7 11 16 5 12 8 3 11 5 17 5 3 13 11 7 4 13 15 14 6 7 11 2 8 5 11 7 0 7 23
25 5 10 4 12 12 18 11 10 11 8 11 11 6 8 4 2 11 16 14 7 3 4 12 5 1 10 16 12 7 0 25
0 28 17 27 16 23 19 15 24 34 18 22 27 25 21 27 22 23 10 11 26 22 28 13 24 24 19 15 17 23 25 0
,
0 81 17 45 41 55 46 16 56 38 46 49 47 34 37 39 62 40 11 12 33 51 33 17 38 67 23 17 37 61 43 0
31 0 26 13 20 26 49 30 16 7 27 16 13 11 30 7 17 13 27 29 26 10 1 18 11 16 29 25 25 18 6 65
38 35 0 27 35 11 16 3 18 50 5 43 15 26 31 19 25 11 12 23 36 12 18 13 23 27 8 5 2 7 13 30
44 8 32 0 25 27 51 41 19 19 23 22 40 14 11 0 6 19 52 39 5 8 8 42 14 3 16 46 32 15 11 51
23 18 20 26 0 40 43 28 20 51 12 6 44 25 17 22 27 39 35 14 26 12 45 17 31 26 19 38 31 38 13 40
56 27 14 35 24 0 16 21 5 18 16 40 13 11 39 35 32 2 35 37 48 22 31 25 12 37 10 13 6 6 16 40
50 48 15 25 52 10 0 18 15 47 24 38 34 18 55 25 24 10 23 30 27 24 23 17 35 44 17 5 17 12 42 19
15 16 4 27 19 18 11 0 10 37 3 35 30 21 28 42 18 20 6 14 24 17 15 6 21 16 13 11 6 20 23 28
49 25 10 16 28 3 12 17 0 33 12 38 7 9 19 41 27 3 29 24 47 11 28 18 10 22 7 24 13 9 30 70
86 17 22 29 55 26 44 30 18 0 28 36 26 15 27 33 14 37 64 71 29 38 19 25 17 26 27 46 37 13 15 54
49 22 4 19 31 17 20 5 7 17 0 17 16 20 25 16 12 16 15 11 27 18 25 12 6 25 4 15 5 13 22 21
46 37 36 18 13 60 27 27 51 42 23 0 27 33 5 26 26 52 32 23 9 23 16 15 25 19 36 46 50 47 22 38
76 23 17 26 40 9 19 20 7 20 15 34 0 6 44 16 28 14 31 21 31 29 22 38 17 26 13 25 13 11 12 55
50 11 17 22 26 8 18 30 10 17 16 21 7 0 21 16 19 10 40 31 37 17 14 22 3 19 14 38 28 5 12 52
47 29 20 17 6 29 49 19 19 40 26 8 25 36 0 19 12 47 39 23 13 14 26 26 17 15 35 30 28 33 15 48
49 10 14 0 21 27 30 40 24 17 20 13 41 20 11 0 12 40 46 37 13 17 13 33 17 5 18 50 42 28 9 31
60 13 15 9 11 19 20 19 31 33 14 22 19 9 14 7 0 26 23 18 8 3 7 26 6 5 26 17 29 20 6 64
55 16 18 24 31 2 14 19 2 19 9 54 6 18 47 19 15 0 27 33 42 21 31 32 12 28 5 23 8 7 32 45
12 30 13 54 16 22 12 14 36 37 17 25 45 41 20 31 16 32 0 9 55 27 31 8 27 24 11 14 13 20 45 29
20 19 14 35 11 28 47 15 20 64 25 33 40 36 26 20 19 24 9 0 34 31 34 14 38 39 32 31 17 22 40 19
54 12 17 5 25 41 29 36 46 33 34 11 47 16 7 8 9 40 38 35 0 15 13 39 33 10 30 38 49 35 7 54
54 18 22 12 10 20 30 10 10 38 11 25 33 10 16 14 2 19 33 35 17 0 15 17 12 5 11 25 13 9 7 55
82 2 37 6 18 17 29 14 28 8 15 19 9 6 29 11 16 27 54 18 12 16 0 28 13 8 12 24 36 15 4 53
37 20 11 38 14 27 21 8 17 30 11 35 42 17 33 45 27 15 10 9 34 23 43 0 24 35 16 7 8 13 24 15
44 11 12 9 42 19 25 23 7 15 17 39 18 4 12 18 6 11 41 40 25 11 12 31 0 7 9 27 16 7 7 31
42 9 21 7 17 18 50 30 15 33 22 20 35 15 14 6 2 27 41 31 10 5 7 18 16 0 24 20 19 22 2 73
50 27 6 23 28 6 18 10 8 24 4 38 12 8 17 30 21 9 25 26 45 12 25 17 7 24 0 15 6 9 10 40
42 51 11 56 23 11 8 8 17 41 19 39 22 29 51 21 20 25 13 24 35 19 43 17 25 20 14 0 6 23 37 17
30 19 2 21 21 9 17 7 11 35 3 29 30 10 17 24 29 8 11 14 37 14 14 13 24 31 3 11 0 9 31 29
27 13 12 31 35 13 24 9 9 25 13 26 9 3 39 31 8 5 34 35 39 11 21 24 5 16 7 23 15 0 17 68
70 8 30 6 26 18 48 32 11 27 20 19 18 17 16 5 3 28 24 20 11 5 5 22 7 3 17 21 33 16 0 36
0 62 22 63 19 64 45 23 60 55 37 27 58 57 56 41 37 61 12 19 76 22 44 29 70 51 44 40 36 42 54 0