5
30
,
0 (36.0, 44.0) 63.0
1 (27.0, 20.0) 31.0
2 (25.0, 48.0) 70.0
3 (5.0, 32.0) 54.0
4 (40.0, 21.0) 76.0
5 (37.0, 7.0) 48.0
6 (23.0, 20.0) 41.0
7 (40.0, 25.0) 83.0
8 (48.0, 49.0) 64.0
9 (27.0, 24.0) 61.0
10 (6.0, 44.0) 52.0
11 (46.0, 30.0) 72.0
12 (37.0, 35.0) 88.0
13 (12.0, 41.0) 42.0
14 (25.0, 48.0) 54.0
15 (24.0, 38.0) 41.0
16 (39.0, 23.0) 32.0
17 (18.0, 10.0) 89.0
18 (8.0, 20.0) 57.0
19 (16.0, 49.0) 33.0
20 (25.0, 36.0) 80.0
21 (34.0, 44.0) 64.0
22 (18.0, 18.0) 58.0
23 (34.0, 34.0) 56.0
24 (25.0, 42.0) 36.0
25 (32.0, 21.0) 58.0
26 (28.0, 10.0) 35.0
27 (28.0, 18.0) 60.0
28 (36.0, 30.0) 38.0
29 (27.0, 41.0) 70.0
,
0 28 17 27 16 23 19 15 24 34 18 22 27 25 21 27 22 23 10 11 26 22 28 13 24 24 19 15 17 23 25 0
28 0 13 6 17 12 19 14 10 6 11 15 9 5 12 6 7 11 19 18 10 7 1 16 5 6 12 17 14 7 5 28
17 13 0 14 13 7 8 2 7 18 2 16 11 9 13 14 9 6 7 10 16 8 12 5 8 11 3 5 1 7 10 17
27 6 14 0 13 15 21 14 14 12 12 10 14 9 7 0 5 14 19 16 5 6 5 15 8 3 14 19 15 11 4 27
16 17 13 13 0 18 20 11 18 23 12 6 21 16 6 13 10 18 13 6 10 10 16 10 15 11 15 16 13 16 12 16
23 12 7 15 18 0 7 9 2 15 7 21 5 7 17 15 12 1 12 16 18 11 12 11 7 13 4 8 6 5 12 23
19 19 8 21 20 7 0 10 9 22 10 24 12 14 21 21 17 8 10 16 23 16 19 11 14 18 7 5 7 12 18 19
15 14 2 14 11 9 10 0 9 19 3 15 13 10 12 14 9 8 6 8 15 8 13 3 9 11 5 6 3 8 11 15
24 10 7 14 18 2 9 9 0 13 7 19 4 5 16 14 10 1 13 16 17 9 10 12 5 11 4 10 7 3 10 24
34 6 18 12 23 15 22 19 13 0 16 21 10 9 18 12 13 14 25 25 16 13 7 22 10 12 16 22 18 11 11 34
18 11 2 12 12 7 10 3 7 16 0 14 10 7 11 12 7 6 8 10 14 6 11 5 6 9 3 7 3 5 8 18
22 15 16 10 6 21 24 15 19 21 14 0 21 16 3 10 9 20 18 12 6 10 14 14 15 10 17 20 17 17 11 22
27 9 11 14 21 5 12 13 4 10 10 21 0 5 18 14 12 5 17 20 18 11 9 15 6 12 8 13 11 5 11 27
25 5 9 9 16 7 14 10 5 9 7 16 5 0 13 9 7 6 16 16 13 6 5 13 2 7 7 13 10 3 6 25
21 12 13 7 6 17 21 12 16 18 11 3 18 13 0 7 6 16 16 11 4 7 11 12 12 7 14 17 14 13 8 21
27 6 14 0 13 15 21 14 14 12 12 10 14 9 7 0 5 14 19 16 5 6 5 15 8 3 14 19 15 11 4 27
22 7 9 5 10 12 17 9 10 13 7 9 12 7 6 5 0 11 14 12 7 1 6 10 5 2 9 14 10 7 2 22
23 11 6 14 18 1 8 8 1 14 6 20 5 6 16 14 11 0 12 16 17 10 11 11 6 12 4 9 6 4 11 23
10 19 7 19 13 12 10 6 13 25 8 18 17 16 16 19 14 12 0 7 20 13 19 4 14 16 9 5 6 13 16 10
11 18 10 16 6 16 16 8 16 25 10 12 20 16 11 16 12 16 7 0 15 12 18 5 15 14 12 11 10 15 14 11
26 10 16 5 10 18 23 15 17 16 14 6 18 13 4 5 7 17 20 15 0 8 9 16 12 6 16 20 17 14 7 26
22 7 8 6 10 11 16 8 9 13 6 10 11 6 7 6 1 10 13 12 8 0 6 10 5 3 8 13 9 6 3 22
28 1 12 5 16 12 19 13 10 7 11 14 9 5 11 5 6 11 19 18 9 6 0 15 5 5 12 17 13 7 4 28
13 16 5 15 10 11 11 3 12 22 5 14 15 13 12 15 10 11 4 5 16 10 15 0 11 12 7 6 5 11 12 13
24 5 8 8 15 7 14 9 5 10 6 15 6 2 12 8 5 6 14 15 12 5 5 11 0 6 7 12 9 2 5 24
24 6 11 3 11 13 18 11 11 12 9 10 12 7 7 3 2 12 16 14 6 3 5 12 6 0 11 16 12 8 1 24
19 12 3 14 15 4 7 5 4 16 3 17 8 7 14 14 9 4 9 12 16 8 12 7 7 11 0 6 2 5 10 19
15 17 5 19 16 8 5 6 10 22 7 20 13 13 17 19 14 9 5 11 20 13 17 6 12 16 6 0 4 11 16 15
17 14 1 15 13 6 7 3 7 18 3 17 11 10 14 15 10 6 6 10 17 9 13 5 9 12 2 4 0 7 12 17
23 7 7 11 16 5 12 8 3 11 5 17 5 3 13 11 7 4 13 15 14 6 7 11 2 8 5 11 7 0 7 23
25 5 10 4 12 12 18 11 10 11 8 11 11 6 8 4 2 11 16 14 7 3 4 12 5 1 10 16 12 7 0 25
0 28 17 27 16 23 19 15 24 34 18 22 27 25 21 27 22 23 10 11 26 22 28 13 24 24 19 15 17 23 25 0
,
0 40 26 53 29 35 49 45 35 67 35 25 71 43 53 60 51 32 18 29 59 50 77 15 61 29 26 25 25 28 59 0
73 0 36 8 23 26 29 34 21 13 24 21 12 13 21 7 10 17 53 55 12 7 2 42 13 16 27 52 20 9 14 39
34 21 0 23 33 10 23 3 16 23 5 31 31 15 17 25 15 16 16 16 46 12 18 8 12 28 5 8 3 8 18 29
44 6 35 0 22 36 44 19 38 23 12 26 29 22 22 0 9 18 40 28 7 13 7 20 19 7 25 53 39 11 10 42
32 32 38 29 0 25 54 31 32 40 19 17 25 47 15 26 22 38 29 16 20 30 34 23 16 18 20 20 28 41 23 22
59 30 19 43 31 0 14 9 3 36 18 59 8 11 23 30 34 2 31 37 19 24 30 20 11 14 6 15 11 12 19 53
49 29 9 63 27 18 0 22 15 35 29 28 36 27 46 51 34 12 24 35 48 44 43 27 28 36 9 9 18 28 26 36
16 32 5 38 20 10 18 0 22 57 4 21 29 15 30 27 23 24 6 17 25 13 33 7 13 29 6 8 5 11 25 15
60 24 8 23 40 6 12 18 0 21 16 45 11 15 38 40 16 1 36 45 25 23 29 18 15 17 10 11 8 3 29 58
63 14 36 19 54 33 25 55 13 0 35 50 16 24 49 22 31 29 64 58 18 15 10 28 28 35 24 32 44 22 33 41
23 18 5 27 35 8 21 6 15 23 0 42 24 14 16 24 10 12 9 18 14 17 15 8 12 20 6 19 6 14 19 54
52 17 34 12 10 36 29 21 25 47 17 0 46 20 3 21 20 49 33 35 16 18 20 30 38 26 20 60 23 36 27 47
73 13 26 32 47 10 14 14 11 23 26 45 0 7 45 22 30 5 23 45 50 26 22 19 17 25 16 23 24 8 31 57
74 6 15 19 23 12 14 18 9 11 19 39 8 0 30 15 11 14 32 28 38 8 6 37 3 9 14 24 13 5 9 48
51 28 30 21 14 51 35 33 44 31 13 5 50 27 0 9 10 26 34 17 9 15 32 20 22 9 30 36 21 35 14 44
52 11 23 0 19 39 33 24 38 20 18 19 33 18 20 0 7 32 45 28 8 15 6 21 11 5 37 20 32 24 11 60
65 16 14 6 26 19 24 13 21 28 13 22 34 19 17 10 0 30 18 31 20 2 10 16 13 3 21 28 26 12 6 45
55 16 12 26 34 3 20 22 1 29 11 20 14 15 39 37 17 0 28 21 30 13 12 31 13 23 6 23 12 6 15 24
17 20 7 23 20 14 18 9 25 33 20 23 29 32 36 47 30 29 0 17 25 40 24 9 31 42 15 8 11 39 42 30
27 39 16 45 18 33 36 18 22 61 20 35 21 18 28 37 25 27 19 0 23 22 36 13 16 24 29 16 13 29 23 28
35 28 44 6 29 47 35 35 27 33 40 15 50 17 12 12 20 42 38 21 0 22 25 38 27 6 37 42 30 27 19 36
29 11 21 7 29 21 35 11 23 21 9 23 32 12 16 11 3 20 31 19 12 0 14 19 13 4 22 22 19 16 3 55
50 1 28 13 18 34 31 29 27 11 32 39 14 7 27 13 11 30 36 50 15 8 0 40 8 9 25 50 28 7 9 74
23 31 6 39 14 30 12 7 25 31 10 23 32 33 16 22 31 17 6 10 33 22 22 0 18 34 21 14 13 19 18 24
25 12 19 12 28 17 36 15 11 22 18 21 18 4 28 16 6 7 22 16 14 9 6 18 0 12 14 25 21 2 10 63
61 7 26 5 20 15 53 23 19 24 23 13 13 16 14 3 6 26 48 33 6 3 13 30 8 0 23 42 34 15 1 29
56 26 7 39 27 6 16 11 12 42 4 24 19 16 21 20 18 6 26 21 38 25 23 16 12 12 0 17 3 12 11 47
32 25 10 19 31 10 13 7 22 64 15 52 17 35 49 23 15 15 13 11 43 15 32 19 15 19 15 0 7 20 24 44
17 24 3 21 40 15 17 6 14 23 9 27 26 12 19 39 16 11 12 14 28 20 29 6 18 33 3 11 0 10 23 23
49 15 12 26 36 12 22 19 5 28 6 41 6 6 32 28 21 7 39 40 20 14 7 11 3 20 5 26 13 0 13 41
34 12 24 5 13 25 30 19 22 15 23 26 26 16 15 7 3 19 19 29 8 6 9 19 11 2 24 43 14 14 0 32
0 49 40 31 29 53 51 18 70 55 50 40 35 45 54 59 57 68 17 15 67 24 57 25 29 58 48 33 47 32 53 0