5
30
,
0 (36.0, 44.0) 51.0
1 (27.0, 20.0) 76.0
2 (25.0, 48.0) 71.0
3 (5.0, 32.0) 50.0
4 (40.0, 21.0) 60.0
5 (37.0, 7.0) 35.0
6 (23.0, 20.0) 63.0
7 (40.0, 25.0) 40.0
8 (48.0, 49.0) 55.0
9 (27.0, 24.0) 67.0
10 (6.0, 44.0) 43.0
11 (46.0, 30.0) 72.0
12 (37.0, 35.0) 41.0
13 (12.0, 41.0) 86.0
14 (25.0, 48.0) 34.0
15 (24.0, 38.0) 73.0
16 (39.0, 23.0) 32.0
17 (18.0, 10.0) 30.0
18 (8.0, 20.0) 47.0
19 (16.0, 49.0) 43.0
20 (25.0, 36.0) 61.0
21 (34.0, 44.0) 50.0
22 (18.0, 18.0) 74.0
23 (34.0, 34.0) 61.0
24 (25.0, 42.0) 39.0
25 (32.0, 21.0) 73.0
26 (28.0, 10.0) 57.0
27 (28.0, 18.0) 32.0
28 (36.0, 30.0) 52.0
29 (27.0, 41.0) 33.0
,
0 28 17 27 16 23 19 15 24 34 18 22 27 25 21 27 22 23 10 11 26 22 28 13 24 24 19 15 17 23 25 0
28 0 13 6 17 12 19 14 10 6 11 15 9 5 12 6 7 11 19 18 10 7 1 16 5 6 12 17 14 7 5 28
17 13 0 14 13 7 8 2 7 18 2 16 11 9 13 14 9 6 7 10 16 8 12 5 8 11 3 5 1 7 10 17
27 6 14 0 13 15 21 14 14 12 12 10 14 9 7 0 5 14 19 16 5 6 5 15 8 3 14 19 15 11 4 27
16 17 13 13 0 18 20 11 18 23 12 6 21 16 6 13 10 18 13 6 10 10 16 10 15 11 15 16 13 16 12 16
23 12 7 15 18 0 7 9 2 15 7 21 5 7 17 15 12 1 12 16 18 11 12 11 7 13 4 8 6 5 12 23
19 19 8 21 20 7 0 10 9 22 10 24 12 14 21 21 17 8 10 16 23 16 19 11 14 18 7 5 7 12 18 19
15 14 2 14 11 9 10 0 9 19 3 15 13 10 12 14 9 8 6 8 15 8 13 3 9 11 5 6 3 8 11 15
24 10 7 14 18 2 9 9 0 13 7 19 4 5 16 14 10 1 13 16 17 9 10 12 5 11 4 10 7 3 10 24
34 6 18 12 23 15 22 19 13 0 16 21 10 9 18 12 13 14 25 25 16 13 7 22 10 12 16 22 18 11 11 34
18 11 2 12 12 7 10 3 7 16 0 14 10 7 11 12 7 6 8 10 14 6 11 5 6 9 3 7 3 5 8 18
22 15 16 10 6 21 24 15 19 21 14 0 21 16 3 10 9 20 18 12 6 10 14 14 15 10 17 20 17 17 11 22
27 9 11 14 21 5 12 13 4 10 10 21 0 5 18 14 12 5 17 20 18 11 9 15 6 12 8 13 11 5 11 27
25 5 9 9 16 7 14 10 5 9 7 16 5 0 13 9 7 6 16 16 13 6 5 13 2 7 7 13 10 3 6 25
21 12 13 7 6 17 21 12 16 18 11 3 18 13 0 7 6 16 16 11 4 7 11 12 12 7 14 17 14 13 8 21
27 6 14 0 13 15 21 14 14 12 12 10 14 9 7 0 5 14 19 16 5 6 5 15 8 3 14 19 15 11 4 27
22 7 9 5 10 12 17 9 10 13 7 9 12 7 6 5 0 11 14 12 7 1 6 10 5 2 9 14 10 7 2 22
23 11 6 14 18 1 8 8 1 14 6 20 5 6 16 14 11 0 12 16 17 10 11 11 6 12 4 9 6 4 11 23
10 19 7 19 13 12 10 6 13 25 8 18 17 16 16 19 14 12 0 7 20 13 19 4 14 16 9 5 6 13 16 10
11 18 10 16 6 16 16 8 16 25 10 12 20 16 11 16 12 16 7 0 15 12 18 5 15 14 12 11 10 15 14 11
26 10 16 5 10 18 23 15 17 16 14 6 18 13 4 5 7 17 20 15 0 8 9 16 12 6 16 20 17 14 7 26
22 7 8 6 10 11 16 8 9 13 6 10 11 6 7 6 1 10 13 12 8 0 6 10 5 3 8 13 9 6 3 22
28 1 12 5 16 12 19 13 10 7 11 14 9 5 11 5 6 11 19 18 9 6 0 15 5 5 12 17 13 7 4 28
13 16 5 15 10 11 11 3 12 22 5 14 15 13 12 15 10 11 4 5 16 10 15 0 11 12 7 6 5 11 12 13
24 5 8 8 15 7 14 9 5 10 6 15 6 2 12 8 5 6 14 15 12 5 5 11 0 6 7 12 9 2 5 24
24 6 11 3 11 13 18 11 11 12 9 10 12 7 7 3 2 12 16 14 6 3 5 12 6 0 11 16 12 8 1 24
19 12 3 14 15 4 7 5 4 16 3 17 8 7 14 14 9 4 9 12 16 8 12 7 7 11 0 6 2 5 10 19
15 17 5 19 16 8 5 6 10 22 7 20 13 13 17 19 14 9 5 11 20 13 17 6 12 16 6 0 4 11 16 15
17 14 1 15 13 6 7 3 7 18 3 17 11 10 14 15 10 6 6 10 17 9 13 5 9 12 2 4 0 7 12 17
23 7 7 11 16 5 12 8 3 11 5 17 5 3 13 11 7 4 13 15 14 6 7 11 2 8 5 11 7 0 7 23
25 5 10 4 12 12 18 11 10 11 8 11 11 6 8 4 2 11 16 14 7 3 4 12 5 1 10 16 12 7 0 25
0 28 17 27 16 23 19 15 24 34 18 22 27 25 21 27 22 23 10 11 26 22 28 13 24 24 19 15 17 23 25 0
,
0 29 39 68 25 62 28 29 55 51 33 32 52 72 58 53 36 56 27 21 61 36 71 15 66 68 33 15 42 46 69 0
59 0 19 8 49 21 30 24 23 13 22 23 14 11 26 9 18 12 49 26 19 11 1 38 9 8 16 27 29 14 8 63
23 22 0 42 19 9 12 5 17 37 3 31 13 19 39 22 25 13 11 25 25 24 30 8 13 23 5 6 2 20 26 29
44 16 38 0 16 33 51 16 21 17 28 27 24 26 17 0 13 34 53 30 11 11 5 36 10 3 39 28 22 30 7 77
33 36 26 21 0 40 50 18 26 29 21 16 35 27 12 21 16 25 21 7 13 21 42 13 32 32 19 28 37 40 25 45
24 19 9 32 50 0 8 22 3 20 14 54 10 18 31 17 19 2 18 34 40 27 32 31 15 13 6 17 11 9 13 53
56 43 11 56 60 17 0 28 22 34 17 68 28 41 30 33 39 14 18 41 61 30 35 27 27 35 16 10 8 28 48 31
27 29 3 14 13 23 27 0 14 38 8 26 19 11 21 34 21 22 16 17 16 18 17 5 26 27 5 9 6 20 25 32
64 15 21 41 45 4 12 15 0 17 7 51 8 11 32 16 21 2 29 42 29 23 24 12 14 25 12 20 17 6 29 38
42 15 35 25 58 19 52 46 16 0 31 63 17 21 26 24 27 17 67 73 19 17 11 30 16 20 20 38 24 17 30 57
47 12 4 17 30 7 18 5 8 22 0 40 14 11 32 34 18 6 11 19 24 18 31 14 10 24 6 9 5 12 13 46
66 20 21 20 16 60 54 28 38 48 18 0 45 45 7 18 10 41 37 22 10 17 32 38 43 24 24 51 41 49 31 65
51 24 13 28 27 8 14 34 6 20 11 52 0 5 22 41 20 12 21 22 26 19 20 35 11 33 16 22 23 7 23 44
36 7 21 22 30 20 34 16 6 13 9 33 14 0 38 21 12 17 35 45 37 13 11 32 4 16 19 32 12 3 9 41
48 27 31 12 8 20 37 23 29 34 17 6 22 14 0 20 14 39 29 16 5 13 27 31 16 17 31 39 41 36 12 48
70 11 21 0 21 35 56 15 39 33 35 11 25 22 18 0 7 18 42 24 11 11 13 23 14 8 41 37 36 15 7 79
25 13 17 11 30 19 33 17 29 27 21 16 19 18 13 12 0 24 37 26 17 2 12 13 14 4 12 30 26 19 4 44
67 18 18 24 51 2 18 9 1 17 14 31 9 12 19 41 17 0 28 20 40 22 21 13 9 18 6 12 16 6 32 61
29 42 20 26 15 13 15 16 33 48 14 35 25 35 28 52 24 32 0 10 45 35 45 8 18 32 13 14 14 27 41 25
20 34 11 49 17 26 27 15 27 38 13 14 34 28 24 45 27 40 9 0 35 29 35 12 20 25 27 13 18 41 26 15
57 24 29 12 18 40 54 19 46 48 39 10 51 19 7 8 8 48 22 39 0 9 11 46 34 10 17 52 33 20 16 73
32 12 15 17 15 27 17 11 27 29 17 15 13 8 14 13 2 17 34 17 23 0 15 19 8 3 18 29 9 7 4 65
58 2 35 8 25 17 51 23 19 13 13 33 12 10 14 15 6 15 20 21 26 16 0 20 10 13 29 41 23 10 8 43
26 27 8 24 26 24 13 6 27 42 7 23 43 25 23 40 30 20 8 10 43 11 43 0 22 13 18 7 9 20 15 28
33 6 23 12 26 8 36 26 8 25 8 39 9 3 20 21 10 16 15 21 27 14 10 17 0 14 20 34 9 4 6 48
32 7 15 6 28 19 48 32 17 31 25 21 22 16 14 7 3 26 20 36 10 6 8 31 13 0 30 32 19 9 3 43
26 29 5 18 21 6 14 10 13 43 8 20 9 22 32 39 24 9 11 23 47 12 14 20 12 24 0 7 7 6 27 32
30 31 15 33 36 18 11 6 18 41 10 40 34 35 27 24 33 24 9 15 47 28 18 11 16 34 10 0 10 29 33 18
20 26 2 30 25 8 19 3 19 44 4 39 12 13 34 28 22 18 15 17 41 14 29 9 20 34 6 8 0 14 13 43
55 17 15 24 17 12 27 14 7 23 15 18 9 4 36 13 16 7 38 19 19 10 16 12 3 21 7 30 12 0 12 69
69 12 28 9 32 28 20 24 10 11 17 20 33 11 13 4 3 20 24 19 10 8 11 36 9 2 25 40 30 11 0 63
0 69 32 62 33 33 50 42 63 53 26 44 76 74 27 43 28 34 28 25 58 50 29 31 62 35 55 16 20 24 40 0