5
30
,
0 (36.0, 44.0) 63.0
1 (27.0, 20.0) 68.0
2 (25.0, 48.0) 46.0
3 (5.0, 32.0) 41.0
4 (40.0, 21.0) 40.0
5 (37.0, 7.0) 87.0
6 (23.0, 20.0) 66.0
7 (40.0, 25.0) 32.0
8 (48.0, 49.0) 31.0
9 (27.0, 24.0) 67.0
10 (6.0, 44.0) 79.0
11 (46.0, 30.0) 77.0
12 (37.0, 35.0) 36.0
13 (12.0, 41.0) 69.0
14 (25.0, 48.0) 37.0
15 (24.0, 38.0) 32.0
16 (39.0, 23.0) 77.0
17 (18.0, 10.0) 40.0
18 (8.0, 20.0) 48.0
19 (16.0, 49.0) 33.0
20 (25.0, 36.0) 38.0
21 (34.0, 44.0) 56.0
22 (18.0, 18.0) 86.0
23 (34.0, 34.0) 39.0
24 (25.0, 42.0) 67.0
25 (32.0, 21.0) 65.0
26 (28.0, 10.0) 60.0
27 (28.0, 18.0) 60.0
28 (36.0, 30.0) 51.0
29 (27.0, 41.0) 77.0
,
0 28 17 27 16 23 19 15 24 34 18 22 27 25 21 27 22 23 10 11 26 22 28 13 24 24 19 15 17 23 25 0
28 0 13 6 17 12 19 14 10 6 11 15 9 5 12 6 7 11 19 18 10 7 1 16 5 6 12 17 14 7 5 28
17 13 0 14 13 7 8 2 7 18 2 16 11 9 13 14 9 6 7 10 16 8 12 5 8 11 3 5 1 7 10 17
27 6 14 0 13 15 21 14 14 12 12 10 14 9 7 0 5 14 19 16 5 6 5 15 8 3 14 19 15 11 4 27
16 17 13 13 0 18 20 11 18 23 12 6 21 16 6 13 10 18 13 6 10 10 16 10 15 11 15 16 13 16 12 16
23 12 7 15 18 0 7 9 2 15 7 21 5 7 17 15 12 1 12 16 18 11 12 11 7 13 4 8 6 5 12 23
19 19 8 21 20 7 0 10 9 22 10 24 12 14 21 21 17 8 10 16 23 16 19 11 14 18 7 5 7 12 18 19
15 14 2 14 11 9 10 0 9 19 3 15 13 10 12 14 9 8 6 8 15 8 13 3 9 11 5 6 3 8 11 15
24 10 7 14 18 2 9 9 0 13 7 19 4 5 16 14 10 1 13 16 17 9 10 12 5 11 4 10 7 3 10 24
34 6 18 12 23 15 22 19 13 0 16 21 10 9 18 12 13 14 25 25 16 13 7 22 10 12 16 22 18 11 11 34
18 11 2 12 12 7 10 3 7 16 0 14 10 7 11 12 7 6 8 10 14 6 11 5 6 9 3 7 3 5 8 18
22 15 16 10 6 21 24 15 19 21 14 0 21 16 3 10 9 20 18 12 6 10 14 14 15 10 17 20 17 17 11 22
27 9 11 14 21 5 12 13 4 10 10 21 0 5 18 14 12 5 17 20 18 11 9 15 6 12 8 13 11 5 11 27
25 5 9 9 16 7 14 10 5 9 7 16 5 0 13 9 7 6 16 16 13 6 5 13 2 7 7 13 10 3 6 25
21 12 13 7 6 17 21 12 16 18 11 3 18 13 0 7 6 16 16 11 4 7 11 12 12 7 14 17 14 13 8 21
27 6 14 0 13 15 21 14 14 12 12 10 14 9 7 0 5 14 19 16 5 6 5 15 8 3 14 19 15 11 4 27
22 7 9 5 10 12 17 9 10 13 7 9 12 7 6 5 0 11 14 12 7 1 6 10 5 2 9 14 10 7 2 22
23 11 6 14 18 1 8 8 1 14 6 20 5 6 16 14 11 0 12 16 17 10 11 11 6 12 4 9 6 4 11 23
10 19 7 19 13 12 10 6 13 25 8 18 17 16 16 19 14 12 0 7 20 13 19 4 14 16 9 5 6 13 16 10
11 18 10 16 6 16 16 8 16 25 10 12 20 16 11 16 12 16 7 0 15 12 18 5 15 14 12 11 10 15 14 11
26 10 16 5 10 18 23 15 17 16 14 6 18 13 4 5 7 17 20 15 0 8 9 16 12 6 16 20 17 14 7 26
22 7 8 6 10 11 16 8 9 13 6 10 11 6 7 6 1 10 13 12 8 0 6 10 5 3 8 13 9 6 3 22
28 1 12 5 16 12 19 13 10 7 11 14 9 5 11 5 6 11 19 18 9 6 0 15 5 5 12 17 13 7 4 28
13 16 5 15 10 11 11 3 12 22 5 14 15 13 12 15 10 11 4 5 16 10 15 0 11 12 7 6 5 11 12 13
24 5 8 8 15 7 14 9 5 10 6 15 6 2 12 8 5 6 14 15 12 5 5 11 0 6 7 12 9 2 5 24
24 6 11 3 11 13 18 11 11 12 9 10 12 7 7 3 2 12 16 14 6 3 5 12 6 0 11 16 12 8 1 24
19 12 3 14 15 4 7 5 4 16 3 17 8 7 14 14 9 4 9 12 16 8 12 7 7 11 0 6 2 5 10 19
15 17 5 19 16 8 5 6 10 22 7 20 13 13 17 19 14 9 5 11 20 13 17 6 12 16 6 0 4 11 16 15
17 14 1 15 13 6 7 3 7 18 3 17 11 10 14 15 10 6 6 10 17 9 13 5 9 12 2 4 0 7 12 17
23 7 7 11 16 5 12 8 3 11 5 17 5 3 13 11 7 4 13 15 14 6 7 11 2 8 5 11 7 0 7 23
25 5 10 4 12 12 18 11 10 11 8 11 11 6 8 4 2 11 16 14 7 3 4 12 5 1 10 16 12 7 0 25
0 28 17 27 16 23 19 15 24 34 18 22 27 25 21 27 22 23 10 11 26 22 28 13 24 24 19 15 17 23 25 0
,
0 53 17 62 24 42 37 21 25 94 35 54 71 60 55 29 49 54 17 21 43 57 65 26 37 25 47 26 21 56 74 0
39 0 31 12 35 24 45 20 16 12 14 38 17 5 29 16 17 27 20 21 18 8 2 24 11 14 24 49 23 11 13 77
21 31 0 15 27 13 14 6 17 52 2 34 20 11 16 14 10 14 12 25 17 20 33 5 12 31 4 13 2 11 24 43
57 11 27 0 36 44 29 32 39 29 22 29 20 21 16 0 6 27 25 48 7 18 14 23 9 9 28 42 21 28 10 57
24 35 24 15 0 23 28 15 46 24 21 11 59 34 15 18 21 41 14 17 29 11 35 25 41 33 34 43 29 33 26 18
31 28 10 37 37 0 12 18 4 30 13 45 14 11 30 32 23 3 13 34 49 23 14 23 20 22 9 13 17 12 14 26
46 22 21 27 23 18 0 28 23 24 17 25 20 31 58 64 42 17 17 19 66 26 54 13 34 48 13 6 15 28 34 53
21 18 5 20 13 22 14 0 14 34 5 15 35 13 13 19 21 16 14 13 39 23 40 8 13 22 5 14 7 8 23 24
46 16 9 14 53 3 13 22 0 16 7 33 9 14 38 40 21 1 23 26 30 27 14 20 8 34 11 14 8 6 29 62
91 15 31 31 28 21 65 46 32 0 27 43 15 14 44 21 22 33 42 74 32 17 11 34 22 33 35 53 55 11 13 89
31 13 2 13 27 11 24 3 11 47 0 20 21 11 12 21 20 7 12 23 23 12 29 16 10 9 6 7 8 9 11 26
50 19 21 14 8 50 38 26 26 61 19 0 42 48 9 11 19 37 26 20 16 18 38 25 38 13 40 48 37 18 21 27
37 24 28 26 23 7 36 14 7 28 22 48 0 12 47 33 30 7 45 58 53 14 25 32 12 35 12 20 26 9 18 45
73 5 9 15 44 15 20 23 13 10 9 25 9 0 22 15 18 14 31 38 30 14 6 18 4 16 17 36 15 4 7 42
31 34 36 16 9 47 50 17 32 26 17 5 38 18 0 12 10 37 45 16 5 12 21 22 13 18 40 19 35 32 19 30
76 14 17 0 23 46 37 40 39 29 34 18 33 12 12 0 14 39 51 42 6 13 9 46 13 6 41 19 40 12 5 52
36 18 15 7 11 13 41 15 16 29 15 23 32 7 18 11 0 26 35 19 17 3 11 17 12 4 19 24 16 20 4 63
25 22 15 25 47 3 21 18 2 24 13 28 9 18 24 24 29 0 27 36 30 22 31 19 14 18 7 20 12 6 24 54
14 22 18 44 13 18 24 9 13 68 24 35 52 25 37 33 29 20 0 15 32 38 40 4 29 35 9 11 13 26 31 26
11 22 17 31 8 43 26 21 23 52 22 36 24 24 27 45 35 34 14 0 27 14 22 10 16 41 29 20 16 30 14 18
70 15 20 10 26 53 44 27 44 16 20 13 52 32 8 7 20 18 36 37 0 14 12 41 18 15 41 31 34 24 12 39
28 14 16 7 16 15 26 14 20 23 14 13 20 18 14 16 3 26 14 24 8 0 15 11 6 3 13 34 10 9 4 33
56 1 21 15 31 25 29 37 29 19 12 42 19 8 16 14 17 21 45 31 10 10 0 42 10 6 22 23 18 17 9 78
18 44 9 40 11 23 21 4 32 22 6 41 31 13 14 34 29 23 4 6 42 29 32 0 13 17 17 17 5 27 34 33
41 13 10 24 33 15 34 12 6 20 11 22 9 2 28 9 15 14 22 26 25 10 10 12 0 10 8 15 24 5 7 25
73 17 16 5 22 29 36 32 14 25 12 20 13 12 8 6 3 35 20 34 17 9 6 23 15 0 29 23 25 22 3 43
51 15 3 16 17 12 12 6 4 30 5 35 23 16 22 40 21 7 16 15 43 18 14 16 19 22 0 13 4 12 19 25
15 44 12 39 39 22 7 9 25 50 15 39 15 27 36 38 40 23 5 18 47 30 27 19 17 19 9 0 8 23 45 30
35 28 1 29 35 16 19 5 19 26 9 34 14 28 39 22 19 11 14 26 35 13 31 8 25 14 3 11 0 9 23 34
34 9 17 22 29 7 27 23 9 19 7 38 9 6 32 14 10 5 25 16 26 9 10 23 7 15 7 16 7 0 19 32
52 6 30 8 34 29 21 23 25 30 9 20 20 10 10 11 5 24 40 31 12 4 7 34 7 2 16 29 18 12 0 41
0 47 36 42 42 39 36 33 68 100 33 40 51 28 51 75 46 35 15 23 68 26 45 28 53 34 33 24 30 58 42 0