5
30
,
0 (36.0, 44.0) 59.0
1 (27.0, 20.0) 66.0
2 (25.0, 48.0) 58.0
3 (5.0, 32.0) 63.0
4 (40.0, 21.0) 64.0
5 (37.0, 7.0) 43.0
6 (23.0, 20.0) 46.0
7 (40.0, 25.0) 78.0
8 (48.0, 49.0) 52.0
9 (27.0, 24.0) 61.0
10 (6.0, 44.0) 31.0
11 (46.0, 30.0) 48.0
12 (37.0, 35.0) 40.0
13 (12.0, 41.0) 39.0
14 (25.0, 48.0) 58.0
15 (24.0, 38.0) 75.0
16 (39.0, 23.0) 79.0
17 (18.0, 10.0) 64.0
18 (8.0, 20.0) 87.0
19 (16.0, 49.0) 44.0
20 (25.0, 36.0) 62.0
21 (34.0, 44.0) 44.0
22 (18.0, 18.0) 74.0
23 (34.0, 34.0) 67.0
24 (25.0, 42.0) 83.0
25 (32.0, 21.0) 55.0
26 (28.0, 10.0) 59.0
27 (28.0, 18.0) 44.0
28 (36.0, 30.0) 44.0
29 (27.0, 41.0) 37.0
,
0 28 17 27 16 23 19 15 24 34 18 22 27 25 21 27 22 23 10 11 26 22 28 13 24 24 19 15 17 23 25 0
28 0 13 6 17 12 19 14 10 6 11 15 9 5 12 6 7 11 19 18 10 7 1 16 5 6 12 17 14 7 5 28
17 13 0 14 13 7 8 2 7 18 2 16 11 9 13 14 9 6 7 10 16 8 12 5 8 11 3 5 1 7 10 17
27 6 14 0 13 15 21 14 14 12 12 10 14 9 7 0 5 14 19 16 5 6 5 15 8 3 14 19 15 11 4 27
16 17 13 13 0 18 20 11 18 23 12 6 21 16 6 13 10 18 13 6 10 10 16 10 15 11 15 16 13 16 12 16
23 12 7 15 18 0 7 9 2 15 7 21 5 7 17 15 12 1 12 16 18 11 12 11 7 13 4 8 6 5 12 23
19 19 8 21 20 7 0 10 9 22 10 24 12 14 21 21 17 8 10 16 23 16 19 11 14 18 7 5 7 12 18 19
15 14 2 14 11 9 10 0 9 19 3 15 13 10 12 14 9 8 6 8 15 8 13 3 9 11 5 6 3 8 11 15
24 10 7 14 18 2 9 9 0 13 7 19 4 5 16 14 10 1 13 16 17 9 10 12 5 11 4 10 7 3 10 24
34 6 18 12 23 15 22 19 13 0 16 21 10 9 18 12 13 14 25 25 16 13 7 22 10 12 16 22 18 11 11 34
18 11 2 12 12 7 10 3 7 16 0 14 10 7 11 12 7 6 8 10 14 6 11 5 6 9 3 7 3 5 8 18
22 15 16 10 6 21 24 15 19 21 14 0 21 16 3 10 9 20 18 12 6 10 14 14 15 10 17 20 17 17 11 22
27 9 11 14 21 5 12 13 4 10 10 21 0 5 18 14 12 5 17 20 18 11 9 15 6 12 8 13 11 5 11 27
25 5 9 9 16 7 14 10 5 9 7 16 5 0 13 9 7 6 16 16 13 6 5 13 2 7 7 13 10 3 6 25
21 12 13 7 6 17 21 12 16 18 11 3 18 13 0 7 6 16 16 11 4 7 11 12 12 7 14 17 14 13 8 21
27 6 14 0 13 15 21 14 14 12 12 10 14 9 7 0 5 14 19 16 5 6 5 15 8 3 14 19 15 11 4 27
22 7 9 5 10 12 17 9 10 13 7 9 12 7 6 5 0 11 14 12 7 1 6 10 5 2 9 14 10 7 2 22
23 11 6 14 18 1 8 8 1 14 6 20 5 6 16 14 11 0 12 16 17 10 11 11 6 12 4 9 6 4 11 23
10 19 7 19 13 12 10 6 13 25 8 18 17 16 16 19 14 12 0 7 20 13 19 4 14 16 9 5 6 13 16 10
11 18 10 16 6 16 16 8 16 25 10 12 20 16 11 16 12 16 7 0 15 12 18 5 15 14 12 11 10 15 14 11
26 10 16 5 10 18 23 15 17 16 14 6 18 13 4 5 7 17 20 15 0 8 9 16 12 6 16 20 17 14 7 26
22 7 8 6 10 11 16 8 9 13 6 10 11 6 7 6 1 10 13 12 8 0 6 10 5 3 8 13 9 6 3 22
28 1 12 5 16 12 19 13 10 7 11 14 9 5 11 5 6 11 19 18 9 6 0 15 5 5 12 17 13 7 4 28
13 16 5 15 10 11 11 3 12 22 5 14 15 13 12 15 10 11 4 5 16 10 15 0 11 12 7 6 5 11 12 13
24 5 8 8 15 7 14 9 5 10 6 15 6 2 12 8 5 6 14 15 12 5 5 11 0 6 7 12 9 2 5 24
24 6 11 3 11 13 18 11 11 12 9 10 12 7 7 3 2 12 16 14 6 3 5 12 6 0 11 16 12 8 1 24
19 12 3 14 15 4 7 5 4 16 3 17 8 7 14 14 9 4 9 12 16 8 12 7 7 11 0 6 2 5 10 19
15 17 5 19 16 8 5 6 10 22 7 20 13 13 17 19 14 9 5 11 20 13 17 6 12 16 6 0 4 11 16 15
17 14 1 15 13 6 7 3 7 18 3 17 11 10 14 15 10 6 6 10 17 9 13 5 9 12 2 4 0 7 12 17
23 7 7 11 16 5 12 8 3 11 5 17 5 3 13 11 7 4 13 15 14 6 7 11 2 8 5 11 7 0 7 23
25 5 10 4 12 12 18 11 10 11 8 11 11 6 8 4 2 11 16 14 7 3 4 12 5 1 10 16 12 7 0 25
0 28 17 27 16 23 19 15 24 34 18 22 27 25 21 27 22 23 10 11 26 22 28 13 24 24 19 15 17 23 25 0
,
0 51 38 40 31 41 45 17 60 99 37 57 48 59 61 57 30 32 30 19 27 64 79 28 29 56 47 21 38 25 73 0
60 0 27 6 30 32 48 17 13 15 19 34 24 5 25 13 18 15 37 51 22 12 3 40 11 7 28 25 28 14 14 56
42 26 0 33 26 12 19 3 15 39 5 19 23 11 28 21 16 18 18 27 17 13 25 14 9 12 7 8 2 11 24 37
71 16 25 0 28 20 54 34 36 25 20 22 41 10 8 0 8 31 25 30 10 15 6 36 21 9 25 56 17 28 8 39
24 34 25 15 0 28 29 13 37 68 20 10 38 28 11 17 12 25 28 11 22 31 30 11 20 21 35 48 23 31 28 30
34 16 12 38 23 0 17 22 4 38 16 26 9 19 49 16 31 1 29 41 25 30 15 24 11 36 8 23 16 9 21 28
24 33 20 23 56 21 0 16 17 48 28 61 25 14 39 37 32 16 13 40 62 25 23 18 31 25 18 5 9 34 21 33
38 26 3 25 25 18 17 0 22 21 5 39 35 18 22 37 9 14 15 14 19 12 37 7 18 23 10 13 3 22 11 37
24 27 18 25 22 3 16 24 0 18 13 54 8 15 36 33 22 2 20 39 35 27 26 23 8 30 10 22 16 6 23 34
87 16 43 23 58 34 33 37 19 0 46 58 26 25 49 14 37 20 25 25 41 28 22 31 10 16 31 41 41 13 31 53
33 11 5 36 18 10 14 8 19 28 0 37 16 9 33 27 9 14 11 27 26 12 23 16 9 16 7 14 6 13 9 53
55 41 21 19 16 48 36 41 54 34 34 0 60 44 9 15 27 43 54 34 6 29 38 21 31 25 35 42 36 29 11 30
77 25 23 24 42 13 33 28 4 26 29 62 0 11 25 40 31 9 45 46 38 17 19 38 10 12 14 14 22 15 13 45
58 5 22 21 18 18 37 28 7 9 22 48 15 0 32 17 15 15 40 44 18 15 14 21 4 11 16 19 13 5 11 65
30 20 20 13 10 29 31 27 37 28 19 6 27 20 0 20 6 46 36 22 12 17 20 25 25 13 18 46 17 34 19 43
32 15 38 0 23 37 34 40 35 23 16 17 22 13 13 0 6 24 37 37 12 12 6 29 21 5 31 25 26 31 8 69
27 18 11 14 28 24 24 14 23 20 13 22 19 19 11 12 0 17 28 25 7 1 6 23 12 3 13 41 17 10 3 43
65 22 12 29 52 1 17 11 1 30 17 31 15 18 47 28 11 0 27 33 30 20 21 23 6 21 5 14 11 8 13 46
11 36 11 53 13 18 22 6 38 48 22 35 26 40 28 25 19 23 0 20 54 14 30 4 24 32 24 13 10 32 17 14
31 52 27 44 11 23 46 14 45 52 14 13 54 44 11 29 27 37 16 0 24 24 38 8 22 26 34 21 16 43 27 30
68 26 16 9 13 46 35 36 42 19 39 15 50 24 8 5 8 34 41 17 0 8 20 20 30 10 46 32 22 38 11 74
62 11 8 10 21 26 24 18 18 24 7 17 22 12 10 8 3 22 21 23 8 0 7 28 8 8 19 18 25 8 7 49
79 3 14 5 28 26 48 18 13 8 23 18 13 8 30 10 11 25 33 29 11 6 0 23 14 7 16 23 23 8 8 46
31 18 9 42 16 28 20 3 20 24 15 31 21 13 30 45 23 21 6 9 16 20 34 0 27 29 16 12 7 16 24 30
26 8 21 24 23 15 17 11 16 20 16 15 15 2 15 12 11 6 20 30 17 7 11 26 0 15 13 24 21 2 10 27
65 8 13 6 16 30 30 24 25 21 21 13 25 8 13 7 3 28 32 18 9 7 12 20 10 0 20 38 15 14 3 43
20 22 5 35 16 11 13 11 13 36 8 38 9 22 25 21 25 5 16 18 43 11 22 20 7 27 0 14 7 15 17 48
41 19 15 55 43 19 11 9 17 25 16 25 21 20 36 50 31 18 13 13 38 33 23 16 36 21 17 0 12 17 30 21
23 33 2 24 30 10 10 4 11 21 8 25 23 29 28 33 23 12 7 26 42 17 21 8 25 33 4 4 0 9 23 29
26 20 8 15 38 8 24 13 5 28 14 45 7 7 29 12 14 7 35 38 36 18 18 19 6 14 6 16 18 0 19 25
65 6 31 5 28 27 23 20 22 32 20 14 26 7 11 11 5 28 42 22 11 5 7 32 11 1 19 26 33 14 0 39
0 60 23 29 38 47 56 23 50 64 31 49 56 36 42 56 57 62 29 22 56 34 63 35 54 50 52 40 21 43 35 0