5
30
,
0 (36.0, 44.0) 63.0
1 (27.0, 20.0) 87.0
2 (25.0, 48.0) 44.0
3 (5.0, 32.0) 80.0
4 (40.0, 21.0) 52.0
5 (37.0, 7.0) 72.0
6 (23.0, 20.0) 66.0
7 (40.0, 25.0) 36.0
8 (48.0, 49.0) 58.0
9 (27.0, 24.0) 77.0
10 (6.0, 44.0) 68.0
11 (46.0, 30.0) 36.0
12 (37.0, 35.0) 31.0
13 (12.0, 41.0) 31.0
14 (25.0, 48.0) 53.0
15 (24.0, 38.0) 86.0
16 (39.0, 23.0) 72.0
17 (18.0, 10.0) 63.0
18 (8.0, 20.0) 48.0
19 (16.0, 49.0) 39.0
20 (25.0, 36.0) 59.0
21 (34.0, 44.0) 38.0
22 (18.0, 18.0) 80.0
23 (34.0, 34.0) 72.0
24 (25.0, 42.0) 42.0
25 (32.0, 21.0) 36.0
26 (28.0, 10.0) 32.0
27 (28.0, 18.0) 50.0
28 (36.0, 30.0) 50.0
29 (27.0, 41.0) 52.0
,
0 28 17 27 16 23 19 15 24 34 18 22 27 25 21 27 22 23 10 11 26 22 28 13 24 24 19 15 17 23 25 0
28 0 13 6 17 12 19 14 10 6 11 15 9 5 12 6 7 11 19 18 10 7 1 16 5 6 12 17 14 7 5 28
17 13 0 14 13 7 8 2 7 18 2 16 11 9 13 14 9 6 7 10 16 8 12 5 8 11 3 5 1 7 10 17
27 6 14 0 13 15 21 14 14 12 12 10 14 9 7 0 5 14 19 16 5 6 5 15 8 3 14 19 15 11 4 27
16 17 13 13 0 18 20 11 18 23 12 6 21 16 6 13 10 18 13 6 10 10 16 10 15 11 15 16 13 16 12 16
23 12 7 15 18 0 7 9 2 15 7 21 5 7 17 15 12 1 12 16 18 11 12 11 7 13 4 8 6 5 12 23
19 19 8 21 20 7 0 10 9 22 10 24 12 14 21 21 17 8 10 16 23 16 19 11 14 18 7 5 7 12 18 19
15 14 2 14 11 9 10 0 9 19 3 15 13 10 12 14 9 8 6 8 15 8 13 3 9 11 5 6 3 8 11 15
24 10 7 14 18 2 9 9 0 13 7 19 4 5 16 14 10 1 13 16 17 9 10 12 5 11 4 10 7 3 10 24
34 6 18 12 23 15 22 19 13 0 16 21 10 9 18 12 13 14 25 25 16 13 7 22 10 12 16 22 18 11 11 34
18 11 2 12 12 7 10 3 7 16 0 14 10 7 11 12 7 6 8 10 14 6 11 5 6 9 3 7 3 5 8 18
22 15 16 10 6 21 24 15 19 21 14 0 21 16 3 10 9 20 18 12 6 10 14 14 15 10 17 20 17 17 11 22
27 9 11 14 21 5 12 13 4 10 10 21 0 5 18 14 12 5 17 20 18 11 9 15 6 12 8 13 11 5 11 27
25 5 9 9 16 7 14 10 5 9 7 16 5 0 13 9 7 6 16 16 13 6 5 13 2 7 7 13 10 3 6 25
21 12 13 7 6 17 21 12 16 18 11 3 18 13 0 7 6 16 16 11 4 7 11 12 12 7 14 17 14 13 8 21
27 6 14 0 13 15 21 14 14 12 12 10 14 9 7 0 5 14 19 16 5 6 5 15 8 3 14 19 15 11 4 27
22 7 9 5 10 12 17 9 10 13 7 9 12 7 6 5 0 11 14 12 7 1 6 10 5 2 9 14 10 7 2 22
23 11 6 14 18 1 8 8 1 14 6 20 5 6 16 14 11 0 12 16 17 10 11 11 6 12 4 9 6 4 11 23
10 19 7 19 13 12 10 6 13 25 8 18 17 16 16 19 14 12 0 7 20 13 19 4 14 16 9 5 6 13 16 10
11 18 10 16 6 16 16 8 16 25 10 12 20 16 11 16 12 16 7 0 15 12 18 5 15 14 12 11 10 15 14 11
26 10 16 5 10 18 23 15 17 16 14 6 18 13 4 5 7 17 20 15 0 8 9 16 12 6 16 20 17 14 7 26
22 7 8 6 10 11 16 8 9 13 6 10 11 6 7 6 1 10 13 12 8 0 6 10 5 3 8 13 9 6 3 22
28 1 12 5 16 12 19 13 10 7 11 14 9 5 11 5 6 11 19 18 9 6 0 15 5 5 12 17 13 7 4 28
13 16 5 15 10 11 11 3 12 22 5 14 15 13 12 15 10 11 4 5 16 10 15 0 11 12 7 6 5 11 12 13
24 5 8 8 15 7 14 9 5 10 6 15 6 2 12 8 5 6 14 15 12 5 5 11 0 6 7 12 9 2 5 24
24 6 11 3 11 13 18 11 11 12 9 10 12 7 7 3 2 12 16 14 6 3 5 12 6 0 11 16 12 8 1 24
19 12 3 14 15 4 7 5 4 16 3 17 8 7 14 14 9 4 9 12 16 8 12 7 7 11 0 6 2 5 10 19
15 17 5 19 16 8 5 6 10 22 7 20 13 13 17 19 14 9 5 11 20 13 17 6 12 16 6 0 4 11 16 15
17 14 1 15 13 6 7 3 7 18 3 17 11 10 14 15 10 6 6 10 17 9 13 5 9 12 2 4 0 7 12 17
23 7 7 11 16 5 12 8 3 11 5 17 5 3 13 11 7 4 13 15 14 6 7 11 2 8 5 11 7 0 7 23
25 5 10 4 12 12 18 11 10 11 8 11 11 6 8 4 2 11 16 14 7 3 4 12 5 1 10 16 12 7 0 25
0 28 17 27 16 23 19 15 24 34 18 22 27 25 21 27 22 23 10 11 26 22 28 13 24 24 19 15 17 23 25 0
,
0 52 21 74 34 40 50 29 53 37 34 37 69 72 59 66 23 53 22 12 61 32 83 21 55 48 36 17 20 48 62 0
78 0 24 10 23 25 47 16 25 7 32 39 14 8 26 6 11 30 54 55 12 7 2 39 14 9 14 27 21 13 8 69
35 19 0 20 26 14 22 3 7 47 5 20 31 19 29 33 12 9 9 25 25 21 16 13 13 12 3 9 2 7 30 18
28 7 27 0 36 33 56 41 41 16 23 12 25 20 21 0 11 42 57 44 12 14 11 24 15 9 25 40 17 16 10 51
34 33 22 37 0 36 61 17 22 38 21 8 47 41 10 35 29 21 35 7 18 24 18 20 24 26 35 26 39 24 18 32
31 35 16 35 22 0 8 18 5 32 11 21 9 17 47 38 15 2 18 28 39 22 21 15 8 30 8 15 18 13 16 23
20 21 12 55 22 10 0 11 15 58 27 69 19 35 28 32 39 22 15 29 39 40 38 31 14 29 22 8 15 29 50 32
31 26 2 26 30 26 21 0 10 29 3 21 35 20 35 34 9 20 12 9 30 20 14 8 13 28 8 6 5 12 25 29
55 14 9 24 19 3 20 23 0 32 9 26 7 11 21 39 15 3 16 19 23 20 21 18 10 19 10 16 20 9 26 38
51 8 44 33 34 42 53 35 25 0 25 53 22 9 26 22 38 38 67 53 40 39 9 44 29 35 40 23 44 32 26 54
34 22 3 17 34 9 12 6 16 41 0 32 15 8 22 24 10 7 13 18 20 8 22 9 11 10 5 9 4 14 10 20
59 43 39 16 7 57 32 40 54 28 24 0 26 41 6 20 10 38 30 13 10 26 38 41 40 25 28 56 46 38 18 59
44 10 13 41 59 14 34 30 9 12 29 55 0 14 18 35 14 10 21 31 36 25 10 35 7 32 18 38 14 9 22 66
30 13 16 15 36 21 20 18 13 22 16 45 7 0 13 9 12 10 45 29 19 8 5 28 2 11 18 27 16 6 9 47
41 32 17 15 15 50 63 19 34 51 25 5 26 19 0 9 7 47 23 32 9 17 19 12 16 11 15 18 20 34 14 39
46 7 20 0 14 32 53 16 29 22 13 24 36 10 18 0 8 35 42 17 11 9 12 43 19 8 22 20 24 24 8 76
50 20 23 15 24 20 24 22 14 18 21 26 17 10 18 8 0 22 40 17 12 2 17 11 6 5 24 22 22 19 6 26
24 30 18 34 19 3 13 13 2 39 15 57 11 17 40 28 12 0 15 19 25 21 32 28 14 34 9 25 14 9 31 57
26 50 13 29 33 19 23 13 37 51 21 30 32 16 36 47 35 21 0 14 24 28 31 9 25 24 24 11 12 39 45 28
25 49 10 43 8 35 23 12 28 63 20 36 23 35 16 31 32 31 12 0 37 19 42 6 23 15 31 15 12 28 40 12
52 11 17 7 29 37 63 16 39 32 22 12 23 32 5 6 18 31 40 38 0 23 11 32 14 12 37 35 18 17 9 70
54 15 8 14 13 24 24 16 10 23 17 15 12 8 16 9 3 10 28 35 17 0 10 14 7 8 16 14 25 8 5 57
66 1 20 8 45 28 37 39 10 15 17 16 26 10 17 6 12 12 41 37 19 11 0 22 10 9 13 27 39 11 5 48
26 22 7 17 14 16 19 4 27 38 14 31 17 20 24 17 14 21 5 14 23 13 26 0 15 26 18 12 14 20 30 30
60 15 20 23 19 8 35 14 12 29 7 43 13 2 22 10 9 8 41 21 31 8 5 27 0 9 19 34 23 7 11 49
48 16 30 6 13 32 49 29 24 12 21 18 27 8 8 6 5 24 38 37 14 6 5 31 7 0 16 25 28 21 1 67
47 31 5 32 42 5 18 6 11 21 8 24 15 22 34 19 27 9 18 28 33 14 19 19 18 21 0 13 7 7 24 44
30 28 15 27 17 18 14 14 21 65 14 33 26 16 34 40 26 18 9 31 50 35 38 8 19 47 6 0 9 21 16 43
49 34 1 42 38 10 14 5 17 47 8 35 15 20 16 26 22 11 9 27 41 27 22 13 15 15 4 5 0 21 17 26
27 21 14 24 35 6 20 23 7 18 14 35 15 7 39 25 19 8 32 38 40 12 11 26 6 18 11 30 22 0 14 43
62 11 17 9 12 18 48 32 16 17 21 22 25 8 10 7 4 29 34 24 9 5 7 18 8 2 20 33 19 16 0 57
0 60 47 43 23 66 46 28 64 38 46 26 74 58 29 48 37 26 27 26 61 49 34 30 71 65 49 37 17 43 31 0