5
30
,
0 (36.0, 44.0) 33.0
1 (27.0, 20.0) 37.0
2 (25.0, 48.0) 48.0
3 (5.0, 32.0) 60.0
4 (40.0, 21.0) 80.0
5 (37.0, 7.0) 42.0
6 (23.0, 20.0) 38.0
7 (40.0, 25.0) 59.0
8 (48.0, 49.0) 85.0
9 (27.0, 24.0) 46.0
10 (6.0, 44.0) 42.0
11 (46.0, 30.0) 76.0
12 (37.0, 35.0) 47.0
13 (12.0, 41.0) 45.0
14 (25.0, 48.0) 50.0
15 (24.0, 38.0) 31.0
16 (39.0, 23.0) 33.0
17 (18.0, 10.0) 44.0
18 (8.0, 20.0) 53.0
19 (16.0, 49.0) 65.0
20 (25.0, 36.0) 63.0
21 (34.0, 44.0) 63.0
22 (18.0, 18.0) 48.0
23 (34.0, 34.0) 51.0
24 (25.0, 42.0) 45.0
25 (32.0, 21.0) 42.0
26 (28.0, 10.0) 89.0
27 (28.0, 18.0) 50.0
28 (36.0, 30.0) 30.0
29 (27.0, 41.0) 89.0
,
0 28 17 27 16 23 19 15 24 34 18 22 27 25 21 27 22 23 10 11 26 22 28 13 24 24 19 15 17 23 25 0
28 0 13 6 17 12 19 14 10 6 11 15 9 5 12 6 7 11 19 18 10 7 1 16 5 6 12 17 14 7 5 28
17 13 0 14 13 7 8 2 7 18 2 16 11 9 13 14 9 6 7 10 16 8 12 5 8 11 3 5 1 7 10 17
27 6 14 0 13 15 21 14 14 12 12 10 14 9 7 0 5 14 19 16 5 6 5 15 8 3 14 19 15 11 4 27
16 17 13 13 0 18 20 11 18 23 12 6 21 16 6 13 10 18 13 6 10 10 16 10 15 11 15 16 13 16 12 16
23 12 7 15 18 0 7 9 2 15 7 21 5 7 17 15 12 1 12 16 18 11 12 11 7 13 4 8 6 5 12 23
19 19 8 21 20 7 0 10 9 22 10 24 12 14 21 21 17 8 10 16 23 16 19 11 14 18 7 5 7 12 18 19
15 14 2 14 11 9 10 0 9 19 3 15 13 10 12 14 9 8 6 8 15 8 13 3 9 11 5 6 3 8 11 15
24 10 7 14 18 2 9 9 0 13 7 19 4 5 16 14 10 1 13 16 17 9 10 12 5 11 4 10 7 3 10 24
34 6 18 12 23 15 22 19 13 0 16 21 10 9 18 12 13 14 25 25 16 13 7 22 10 12 16 22 18 11 11 34
18 11 2 12 12 7 10 3 7 16 0 14 10 7 11 12 7 6 8 10 14 6 11 5 6 9 3 7 3 5 8 18
22 15 16 10 6 21 24 15 19 21 14 0 21 16 3 10 9 20 18 12 6 10 14 14 15 10 17 20 17 17 11 22
27 9 11 14 21 5 12 13 4 10 10 21 0 5 18 14 12 5 17 20 18 11 9 15 6 12 8 13 11 5 11 27
25 5 9 9 16 7 14 10 5 9 7 16 5 0 13 9 7 6 16 16 13 6 5 13 2 7 7 13 10 3 6 25
21 12 13 7 6 17 21 12 16 18 11 3 18 13 0 7 6 16 16 11 4 7 11 12 12 7 14 17 14 13 8 21
27 6 14 0 13 15 21 14 14 12 12 10 14 9 7 0 5 14 19 16 5 6 5 15 8 3 14 19 15 11 4 27
22 7 9 5 10 12 17 9 10 13 7 9 12 7 6 5 0 11 14 12 7 1 6 10 5 2 9 14 10 7 2 22
23 11 6 14 18 1 8 8 1 14 6 20 5 6 16 14 11 0 12 16 17 10 11 11 6 12 4 9 6 4 11 23
10 19 7 19 13 12 10 6 13 25 8 18 17 16 16 19 14 12 0 7 20 13 19 4 14 16 9 5 6 13 16 10
11 18 10 16 6 16 16 8 16 25 10 12 20 16 11 16 12 16 7 0 15 12 18 5 15 14 12 11 10 15 14 11
26 10 16 5 10 18 23 15 17 16 14 6 18 13 4 5 7 17 20 15 0 8 9 16 12 6 16 20 17 14 7 26
22 7 8 6 10 11 16 8 9 13 6 10 11 6 7 6 1 10 13 12 8 0 6 10 5 3 8 13 9 6 3 22
28 1 12 5 16 12 19 13 10 7 11 14 9 5 11 5 6 11 19 18 9 6 0 15 5 5 12 17 13 7 4 28
13 16 5 15 10 11 11 3 12 22 5 14 15 13 12 15 10 11 4 5 16 10 15 0 11 12 7 6 5 11 12 13
24 5 8 8 15 7 14 9 5 10 6 15 6 2 12 8 5 6 14 15 12 5 5 11 0 6 7 12 9 2 5 24
24 6 11 3 11 13 18 11 11 12 9 10 12 7 7 3 2 12 16 14 6 3 5 12 6 0 11 16 12 8 1 24
19 12 3 14 15 4 7 5 4 16 3 17 8 7 14 14 9 4 9 12 16 8 12 7 7 11 0 6 2 5 10 19
15 17 5 19 16 8 5 6 10 22 7 20 13 13 17 19 14 9 5 11 20 13 17 6 12 16 6 0 4 11 16 15
17 14 1 15 13 6 7 3 7 18 3 17 11 10 14 15 10 6 6 10 17 9 13 5 9 12 2 4 0 7 12 17
23 7 7 11 16 5 12 8 3 11 5 17 5 3 13 11 7 4 13 15 14 6 7 11 2 8 5 11 7 0 7 23
25 5 10 4 12 12 18 11 10 11 8 11 11 6 8 4 2 11 16 14 7 3 4 12 5 1 10 16 12 7 0 25
0 28 17 27 16 23 19 15 24 34 18 22 27 25 21 27 22 23 10 11 26 22 28 13 24 24 19 15 17 23 25 0
,
0 75 33 67 17 40 25 25 36 94 29 36 67 30 24 74 49 52 17 26 67 54 66 24 53 43 19 19 38 62 62 0
82 0 20 11 25 28 32 38 11 14 28 23 25 13 36 14 18 18 22 35 25 13 1 44 9 7 27 23 27 19 6 49
38 18 0 39 30 13 20 5 8 46 2 19 31 14 24 31 20 7 9 25 38 21 30 7 18 12 3 11 2 12 26 28
47 12 23 0 32 17 57 20 29 15 27 23 34 11 11 0 12 26 48 34 10 9 13 18 20 4 32 49 29 20 8 51
38 37 35 24 0 43 34 29 52 39 32 9 40 46 7 19 24 21 30 7 23 13 38 27 31 19 24 37 22 41 20 17
41 27 13 30 29 0 15 9 3 32 11 36 15 9 25 41 32 2 17 38 22 18 24 19 15 37 7 21 15 9 26 52
43 22 13 53 52 14 0 22 13 37 11 42 23 27 33 55 20 14 13 33 44 17 33 27 14 48 16 5 8 16 25 27
34 17 5 26 18 16 16 0 16 48 6 34 26 16 22 15 17 15 12 10 43 11 39 5 14 16 9 11 6 22 12 35
30 11 13 32 20 2 13 14 0 32 10 23 9 12 40 31 15 2 31 36 28 15 25 17 12 20 6 19 18 8 18 67
99 18 26 25 43 16 31 24 34 0 24 27 14 20 31 25 35 37 47 53 43 23 8 56 19 30 42 28 24 33 21 59
32 13 6 31 14 15 17 4 16 42 0 23 28 8 27 30 9 7 16 26 28 18 22 9 15 26 3 8 4 13 12 51
60 37 18 28 12 28 67 21 53 29 41 0 42 36 8 24 17 24 29 19 8 30 25 35 30 22 45 26 25 19 29 61
54 12 15 14 42 15 33 16 12 17 16 26 0 14 41 27 25 12 40 55 41 20 22 25 14 25 10 17 20 7 13 65
47 8 10 26 18 16 25 16 7 14 11 44 9 0 31 23 17 17 29 26 27 9 7 30 3 20 12 39 25 4 9 75
64 18 36 19 12 25 60 14 24 22 17 5 42 23 0 18 12 34 29 27 9 11 31 33 14 14 32 43 26 28 13 48
67 8 32 0 38 17 41 33 18 16 25 20 14 14 13 0 10 38 39 26 10 8 9 41 21 6 29 52 26 15 7 63
61 18 11 9 27 19 37 10 14 35 13 19 18 8 16 14 0 29 31 13 9 1 10 27 11 5 23 22 22 12 4 23
35 25 15 33 22 2 24 14 1 33 8 33 11 15 43 36 23 0 34 27 31 22 24 15 8 34 10 11 7 7 11 61
25 28 18 43 19 35 25 10 16 60 9 26 31 29 42 37 26 30 0 13 20 28 36 12 20 44 25 10 17 35 43 25
19 49 25 30 11 18 31 12 26 74 21 30 36 36 27 32 35 16 10 0 19 18 22 7 39 15 34 18 29 32 41 24
51 19 45 12 10 39 24 41 50 23 26 7 44 23 10 6 16 50 29 19 0 15 23 31 32 17 17 61 33 41 19 30
51 8 12 12 22 23 28 24 16 23 11 15 32 17 15 17 2 14 35 31 18 0 9 27 6 7 24 39 15 9 5 38
81 3 34 8 18 31 23 17 11 19 15 26 25 7 16 6 6 23 40 35 21 8 0 29 8 13 25 37 34 12 7 70
13 41 7 23 27 13 18 8 20 46 15 41 33 37 17 36 23 28 5 10 18 23 26 0 21 34 20 16 9 29 24 25
47 15 16 10 22 13 38 27 6 28 15 42 9 4 19 19 13 16 15 31 15 11 9 29 0 14 17 34 13 5 8 63
70 7 28 7 25 25 34 32 15 14 26 17 23 16 19 4 4 18 41 36 6 7 8 16 9 0 23 35 20 15 3 34
29 19 6 29 21 5 12 9 9 43 7 42 9 19 17 15 21 8 22 13 27 18 28 13 7 18 0 11 7 5 22 57
33 30 7 42 33 19 13 10 17 32 19 24 15 17 41 20 32 14 7 30 21 32 45 8 34 38 8 0 10 25 18 31
46 38 2 37 24 8 19 8 17 50 5 29 22 28 22 38 26 15 16 19 39 11 30 11 12 33 6 9 0 11 17 41
42 17 19 30 27 11 12 14 6 26 15 26 12 3 37 28 20 4 31 25 14 14 14 16 3 9 6 15 14 0 17 68
29 10 13 5 28 18 47 24 21 23 16 30 29 9 9 5 6 18 28 31 7 3 8 34 8 3 17 23 16 12 0 66
0 43 20 33 21 48 21 44 37 103 30 33 38 56 63 72 60 34 28 21 75 31 74 34 35 42 26 20 22 52 34 0