5
30
,
0 (36.0, 44.0) 40.0
1 (27.0, 20.0) 38.0
2 (25.0, 48.0) 51.0
3 (5.0, 32.0) 55.0
4 (40.0, 21.0) 87.0
5 (37.0, 7.0) 83.0
6 (23.0, 20.0) 46.0
7 (40.0, 25.0) 45.0
8 (48.0, 49.0) 73.0
9 (27.0, 24.0) 56.0
10 (6.0, 44.0) 59.0
11 (46.0, 30.0) 39.0
12 (37.0, 35.0) 47.0
13 (12.0, 41.0) 62.0
14 (25.0, 48.0) 43.0
15 (24.0, 38.0) 73.0
16 (39.0, 23.0) 83.0
17 (18.0, 10.0) 53.0
18 (8.0, 20.0) 44.0
19 (16.0, 49.0) 40.0
20 (25.0, 36.0) 50.0
21 (34.0, 44.0) 53.0
22 (18.0, 18.0) 36.0
23 (34.0, 34.0) 42.0
24 (25.0, 42.0) 36.0
25 (32.0, 21.0) 32.0
26 (28.0, 10.0) 36.0
27 (28.0, 18.0) 69.0
28 (36.0, 30.0) 34.0
29 (27.0, 41.0) 45.0
,
0 28 17 27 16 23 19 15 24 34 18 22 27 25 21 27 22 23 10 11 26 22 28 13 24 24 19 15 17 23 25 0
28 0 13 6 17 12 19 14 10 6 11 15 9 5 12 6 7 11 19 18 10 7 1 16 5 6 12 17 14 7 5 28
17 13 0 14 13 7 8 2 7 18 2 16 11 9 13 14 9 6 7 10 16 8 12 5 8 11 3 5 1 7 10 17
27 6 14 0 13 15 21 14 14 12 12 10 14 9 7 0 5 14 19 16 5 6 5 15 8 3 14 19 15 11 4 27
16 17 13 13 0 18 20 11 18 23 12 6 21 16 6 13 10 18 13 6 10 10 16 10 15 11 15 16 13 16 12 16
23 12 7 15 18 0 7 9 2 15 7 21 5 7 17 15 12 1 12 16 18 11 12 11 7 13 4 8 6 5 12 23
19 19 8 21 20 7 0 10 9 22 10 24 12 14 21 21 17 8 10 16 23 16 19 11 14 18 7 5 7 12 18 19
15 14 2 14 11 9 10 0 9 19 3 15 13 10 12 14 9 8 6 8 15 8 13 3 9 11 5 6 3 8 11 15
24 10 7 14 18 2 9 9 0 13 7 19 4 5 16 14 10 1 13 16 17 9 10 12 5 11 4 10 7 3 10 24
34 6 18 12 23 15 22 19 13 0 16 21 10 9 18 12 13 14 25 25 16 13 7 22 10 12 16 22 18 11 11 34
18 11 2 12 12 7 10 3 7 16 0 14 10 7 11 12 7 6 8 10 14 6 11 5 6 9 3 7 3 5 8 18
22 15 16 10 6 21 24 15 19 21 14 0 21 16 3 10 9 20 18 12 6 10 14 14 15 10 17 20 17 17 11 22
27 9 11 14 21 5 12 13 4 10 10 21 0 5 18 14 12 5 17 20 18 11 9 15 6 12 8 13 11 5 11 27
25 5 9 9 16 7 14 10 5 9 7 16 5 0 13 9 7 6 16 16 13 6 5 13 2 7 7 13 10 3 6 25
21 12 13 7 6 17 21 12 16 18 11 3 18 13 0 7 6 16 16 11 4 7 11 12 12 7 14 17 14 13 8 21
27 6 14 0 13 15 21 14 14 12 12 10 14 9 7 0 5 14 19 16 5 6 5 15 8 3 14 19 15 11 4 27
22 7 9 5 10 12 17 9 10 13 7 9 12 7 6 5 0 11 14 12 7 1 6 10 5 2 9 14 10 7 2 22
23 11 6 14 18 1 8 8 1 14 6 20 5 6 16 14 11 0 12 16 17 10 11 11 6 12 4 9 6 4 11 23
10 19 7 19 13 12 10 6 13 25 8 18 17 16 16 19 14 12 0 7 20 13 19 4 14 16 9 5 6 13 16 10
11 18 10 16 6 16 16 8 16 25 10 12 20 16 11 16 12 16 7 0 15 12 18 5 15 14 12 11 10 15 14 11
26 10 16 5 10 18 23 15 17 16 14 6 18 13 4 5 7 17 20 15 0 8 9 16 12 6 16 20 17 14 7 26
22 7 8 6 10 11 16 8 9 13 6 10 11 6 7 6 1 10 13 12 8 0 6 10 5 3 8 13 9 6 3 22
28 1 12 5 16 12 19 13 10 7 11 14 9 5 11 5 6 11 19 18 9 6 0 15 5 5 12 17 13 7 4 28
13 16 5 15 10 11 11 3 12 22 5 14 15 13 12 15 10 11 4 5 16 10 15 0 11 12 7 6 5 11 12 13
24 5 8 8 15 7 14 9 5 10 6 15 6 2 12 8 5 6 14 15 12 5 5 11 0 6 7 12 9 2 5 24
24 6 11 3 11 13 18 11 11 12 9 10 12 7 7 3 2 12 16 14 6 3 5 12 6 0 11 16 12 8 1 24
19 12 3 14 15 4 7 5 4 16 3 17 8 7 14 14 9 4 9 12 16 8 12 7 7 11 0 6 2 5 10 19
15 17 5 19 16 8 5 6 10 22 7 20 13 13 17 19 14 9 5 11 20 13 17 6 12 16 6 0 4 11 16 15
17 14 1 15 13 6 7 3 7 18 3 17 11 10 14 15 10 6 6 10 17 9 13 5 9 12 2 4 0 7 12 17
23 7 7 11 16 5 12 8 3 11 5 17 5 3 13 11 7 4 13 15 14 6 7 11 2 8 5 11 7 0 7 23
25 5 10 4 12 12 18 11 10 11 8 11 11 6 8 4 2 11 16 14 7 3 4 12 5 1 10 16 12 7 0 25
0 28 17 27 16 23 19 15 24 34 18 22 27 25 21 27 22 23 10 11 26 22 28 13 24 24 19 15 17 23 25 0
,
0 80 25 79 30 66 46 18 24 71 28 60 40 39 41 38 25 57 15 27 59 47 59 32 64 54 45 40 19 41 64 0
78 0 15 7 46 19 26 27 22 8 19 34 15 10 29 13 7 16 46 50 23 15 2 41 11 11 16 47 30 20 14 77
30 36 0 16 34 13 11 5 17 33 2 18 25 11 18 20 22 18 7 17 32 22 22 13 9 23 4 9 2 16 18 35
65 7 37 0 29 24 25 33 35 24 26 19 37 18 15 0 10 28 36 35 9 18 5 37 19 4 24 46 35 28 5 39
41 35 30 14 0 52 60 19 36 25 16 18 53 38 9 33 19 24 34 11 27 12 38 28 25 29 31 19 24 17 21 43
42 34 8 22 40 0 21 14 5 43 13 38 7 20 18 18 31 3 25 23 30 12 27 28 10 27 9 10 12 12 19 31
36 55 14 30 24 21 0 28 15 60 27 37 31 27 39 43 28 14 21 46 51 26 51 29 24 35 21 8 19 16 38 44
37 41 5 25 18 22 13 0 15 33 8 35 21 17 28 23 23 12 16 13 18 8 24 5 11 28 6 11 6 21 17 17
61 11 14 40 45 6 13 15 0 24 14 20 6 8 33 37 24 3 34 46 17 15 19 22 14 21 11 23 10 6 21 50
48 19 32 26 29 32 54 49 26 0 44 49 19 20 46 34 36 17 28 35 17 22 20 41 28 29 39 41 46 23 27 41
51 14 2 23 27 10 28 6 12 34 0 28 15 13 24 19 10 9 12 15 39 7 20 6 13 26 4 18 8 9 14 24
27 36 30 27 8 57 27 17 23 21 40 0 39 24 9 14 11 28 44 31 14 11 39 38 40 24 37 36 46 34 30 53
68 25 25 33 61 7 25 36 6 13 22 44 0 9 23 40 15 8 48 55 35 31 27 18 17 32 18 28 11 8 29 56
26 6 15 25 22 7 23 29 11 10 14 30 6 0 20 12 18 9 30 21 27 16 11 20 2 8 21 35 12 4 13 66
43 30 19 10 10 18 37 17 19 54 31 6 31 24 0 22 14 31 32 27 12 20 27 25 28 12 41 18 36 17 14 42
39 17 37 0 37 22 34 38 36 27 33 15 20 23 19 0 11 41 24 35 5 15 8 45 12 8 38 53 37 20 7 69
60 11 17 14 25 13 46 25 20 29 19 11 15 9 10 7 0 32 41 18 19 3 9 31 12 5 15 27 15 19 5 54
68 28 7 41 19 1 17 16 1 26 13 30 5 7 30 31 30 0 15 33 33 22 15 15 10 21 10 21 10 7 31 25
11 32 14 56 22 14 14 8 20 70 13 39 26 42 17 51 29 27 0 13 25 15 27 8 27 45 12 12 13 40 20 29
11 30 25 37 18 33 47 18 39 67 11 23 45 19 22 24 21 22 18 0 39 24 40 6 33 23 14 27 10 35 33 24
62 20 31 9 15 47 57 38 28 22 35 8 34 32 11 11 14 21 36 20 0 24 16 33 23 15 26 22 49 23 20 67
65 7 11 7 13 20 18 20 15 34 7 28 29 13 15 16 2 20 22 19 19 0 9 14 11 9 14 35 16 8 6 44
74 2 14 10 38 13 54 23 25 11 29 35 22 11 24 12 15 23 47 44 27 8 0 16 5 8 34 49 21 11 7 48
30 32 11 32 26 13 17 7 34 60 11 23 44 19 15 43 30 25 6 12 37 10 46 0 32 30 15 10 6 13 30 25
59 9 11 16 21 16 26 25 16 20 17 24 18 5 22 22 15 11 31 34 34 9 6 18 0 17 15 13 23 4 8 68
36 11 27 7 30 33 41 22 18 30 27 16 16 8 11 5 3 27 38 31 17 5 8 13 17 0 28 25 20 18 3 70
50 28 5 33 31 5 9 9 6 32 7 50 19 11 29 41 14 5 19 18 28 13 16 13 12 19 0 14 7 14 31 55
22 48 7 40 41 13 14 15 11 34 16 27 17 25 32 36 38 15 10 31 51 24 28 14 26 32 14 0 8 30 45 44
31 30 3 26 20 11 16 3 12 26 5 49 21 25 35 37 12 16 15 23 23 16 39 14 10 21 7 10 0 16 12 48
41 13 15 16 36 12 24 14 4 32 7 38 12 5 27 14 18 8 18 27 18 13 20 16 2 22 13 25 7 0 15 49
36 7 12 5 22 31 51 16 21 21 12 26 27 15 14 10 4 16 26 16 11 6 8 34 13 3 15 35 13 13 0 58
0 69 23 58 44 26 32 31 62 43 28 27 31 26 45 75 25 34 28 28 58 48 50 32 40 53 21 17 20 39 68 0