5
30
,
0 (42.0, 6.0) 10.0
1 (3.0, 29.0) 40.0
2 (37.0, 32.0) 27.0
3 (12.0, 4.0) 45.0
4 (1.0, 15.0) 48.0
5 (34.0, 36.0) 28.0
6 (17.0, 47.0) 12.0
7 (11.0, 45.0) 16.0
8 (40.0, 27.0) 26.0
9 (17.0, 36.0) 45.0
10 (1.0, 31.0) 17.0
11 (33.0, 37.0) 15.0
12 (34.0, 20.0) 11.0
13 (5.0, 1.0) 14.0
14 (27.0, 25.0) 23.0
15 (7.0, 7.0) 21.0
16 (41.0, 6.0) 29.0
17 (34.0, 27.0) 24.0
18 (41.0, 41.0) 48.0
19 (22.0, 24.0) 16.0
20 (48.0, 8.0) 17.0
21 (4.0, 33.0) 16.0
22 (31.0, 13.0) 17.0
23 (28.0, 46.0) 26.0
24 (19.0, 28.0) 13.0
25 (30.0, 29.0) 15.0
26 (11.0, 8.0) 27.0
27 (4.0, 40.0) 26.0
28 (34.0, 14.0) 11.0
29 (38.0, 46.0) 39.0
,
0 9 5 6 8 6 10 10 4 8 10 6 3 7 5 7 0 4 7 5 1 9 3 8 6 5 6 10 2 8
9 0 7 5 3 6 5 4 7 3 1 6 6 6 5 4 9 6 8 4 10 1 6 6 3 5 4 2 7 8
5 7 0 8 8 1 5 6 1 4 7 1 2 9 2 8 5 1 2 3 5 7 4 3 4 2 7 7 4 3
6 5 8 0 3 8 9 8 7 6 6 8 5 2 5 1 6 6 9 4 7 6 4 9 5 6 1 7 5 10
8 3 8 3 0 8 7 6 8 5 3 8 7 3 6 2 8 7 10 5 10 4 6 8 4 6 2 5 7 10
6 6 1 8 8 0 4 5 2 3 7 0 3 9 3 8 6 2 2 3 6 6 5 2 3 2 7 6 4 2
10 5 5 9 7 4 0 1 6 2 5 4 6 10 5 8 10 5 5 5 10 4 7 2 4 4 8 3 7 4
10 4 6 8 6 5 1 0 7 2 3 5 7 9 5 8 10 6 6 5 10 3 8 3 4 5 7 2 8 5
4 7 1 7 8 2 6 7 0 5 8 2 2 9 3 8 4 1 3 4 4 7 3 4 4 2 7 8 3 4
8 3 4 6 5 3 2 2 5 0 3 3 5 7 3 6 8 4 5 3 8 3 5 3 2 3 6 3 6 5
10 1 7 6 3 7 5 3 8 3 0 7 7 6 5 5 9 7 8 4 10 1 7 6 4 6 5 2 7 8
6 6 1 8 8 0 4 5 2 3 7 0 3 9 3 8 6 2 2 3 7 6 5 2 3 2 7 6 5 2
3 6 2 5 7 3 6 7 2 5 7 3 0 7 2 6 3 1 4 3 4 7 2 5 3 2 5 7 1 5
7 6 9 2 3 9 10 9 9 7 6 9 7 0 7 1 7 8 11 6 9 6 6 10 6 8 2 8 6 11
5 5 2 5 6 3 5 5 3 3 5 3 2 7 0 5 5 1 4 1 5 5 3 4 2 1 5 5 3 5
7 4 8 1 2 8 8 8 8 6 5 8 6 1 5 0 7 7 10 5 8 5 5 9 5 6 1 7 6 10
0 9 5 6 8 6 10 10 4 8 9 6 3 7 5 7 0 4 7 5 1 9 2 8 6 5 6 10 2 8
4 6 1 6 7 2 5 6 1 4 7 2 1 8 1 7 4 0 3 2 5 6 3 4 3 1 6 7 3 4
7 8 2 9 10 2 5 6 3 5 8 2 4 11 4 10 7 3 0 5 7 8 6 3 5 3 9 7 6 1
5 4 3 4 5 3 5 5 4 3 4 3 3 6 1 5 5 2 5 0 6 4 3 5 1 2 4 5 3 5
1 10 5 7 10 6 10 10 4 8 10 7 4 9 5 8 1 5 7 6 0 10 4 9 7 6 7 11 3 8
9 1 7 6 4 6 4 3 7 3 1 6 7 6 5 5 9 6 8 4 10 0 7 5 3 5 5 1 7 7
3 6 4 4 6 5 7 8 3 5 7 5 2 6 3 5 2 3 6 3 4 7 0 7 4 3 4 8 1 7
8 6 3 9 8 2 2 3 4 3 6 2 5 10 4 9 8 4 3 5 9 5 7 0 4 3 8 5 7 2
6 3 4 5 4 3 4 4 4 2 4 3 3 6 2 5 6 3 5 1 7 3 4 4 0 2 4 4 4 5
5 5 2 6 6 2 4 5 2 3 6 2 2 8 1 6 5 1 3 2 6 5 3 3 2 0 6 6 3 4
6 4 7 1 2 7 8 7 7 6 5 7 5 2 5 1 6 6 9 4 7 5 4 8 4 6 0 7 5 9
10 2 7 7 5 6 3 2 8 3 2 6 7 8 5 7 10 7 7 5 11 1 8 5 4 6 7 0 8 7
2 7 4 5 7 4 7 8 3 6 7 5 1 6 3 6 2 3 6 3 3 7 1 7 4 3 5 8 0 6
8 8 3 10 10 2 4 5 4 5 8 2 5 11 5 10 8 4 1 5 8 7 7 2 5 4 9 7 6 0
,
0 25 31 39 59 20 36 29 17 55 66 19 22 19 33 52 1 30 18 40 5 24 9 43 47 36 30 49 10 37
63 0 28 38 8 39 32 12 26 13 3 18 44 25 29 21 63 40 46 12 72 5 36 26 9 34 27 9 32 32
36 25 0 38 34 4 27 30 6 27 39 5 15 48 8 38 24 5 13 10 29 23 20 23 16 8 30 28 11 20
20 36 52 0 17 33 44 24 40 32 39 21 35 10 33 5 28 39 52 26 37 32 23 33 19 29 3 45 29 56
29 21 49 16 0 52 21 27 28 24 19 39 36 21 30 9 30 24 24 13 29 27 22 62 16 46 6 34 18 53
45 46 3 42 35 0 20 25 14 11 21 1 21 65 12 59 45 5 11 25 45 27 14 17 13 10 37 22 32 10
34 21 37 51 24 14 0 8 30 7 33 10 40 30 34 34 25 35 29 18 55 19 42 9 24 21 51 12 37 11
44 22 36 35 37 27 7 0 32 7 24 19 44 48 35 33 34 36 39 17 55 20 48 22 22 27 54 10 36 15
26 21 5 42 26 6 30 44 0 17 32 8 9 60 8 53 28 8 20 13 16 53 21 15 16 14 19 57 13 25
53 15 23 34 23 22 11 16 17 0 11 14 26 53 19 22 45 19 12 14 50 18 38 19 10 15 19 17 28 18
45 4 38 36 14 39 25 23 43 16 0 30 22 37 40 36 41 26 32 11 29 2 33 42 16 39 23 14 24 57
30 23 6 38 29 1 21 31 13 23 23 0 25 29 10 49 45 10 5 18 35 36 31 15 10 7 34 42 26 12
10 45 14 16 36 17 26 24 7 26 47 17 0 18 4 27 10 4 18 14 20 26 7 21 17 13 32 19 6 37
51 39 26 7 7 38 70 66 51 30 18 42 23 0 43 5 28 26 65 20 30 44 31 33 42 37 8 55 36 82
25 28 8 16 32 8 34 35 8 10 23 18 11 34 0 17 20 6 24 4 37 30 15 28 11 7 23 21 17 15
49 31 39 6 14 59 39 33 40 39 24 53 17 6 37 0 44 25 40 16 54 35 25 34 25 42 6 23 22 50
1 51 18 42 49 35 45 28 27 29 60 19 17 45 14 21 0 29 49 16 11 31 18 36 28 30 19 46 7 52
32 38 7 41 40 9 39 35 3 14 22 7 5 27 7 20 18 0 17 16 30 23 11 18 20 3 19 38 18 16
25 23 14 32 33 8 28 36 11 37 23 11 31 37 26 34 30 18 0 36 29 33 41 13 17 16 32 47 20 3
26 28 10 25 15 11 12 24 19 7 19 22 7 39 7 24 24 14 34 0 42 13 12 17 3 10 17 28 17 24
7 49 37 29 53 33 37 62 23 52 43 21 14 64 18 49 4 34 30 22 0 62 20 49 40 30 46 34 20 57
47 5 22 43 17 20 23 17 53 15 3 27 21 28 23 36 34 32 46 24 40 0 48 16 10 30 36 4 21 40
8 43 13 24 15 14 24 26 12 22 18 34 9 24 10 37 9 8 40 20 20 34 0 39 25 8 28 29 3 44
57 43 16 36 25 15 7 22 20 8 20 14 18 63 24 31 36 30 7 15 63 34 49 0 29 10 50 19 29 12
46 10 19 15 30 18 22 25 18 9 24 21 15 41 7 34 45 16 16 7 26 23 12 21 0 14 16 13 14 21
15 31 5 42 36 7 14 19 15 13 22 5 6 38 5 21 17 4 16 11 23 29 23 18 16 0 29 21 11 23
17 20 47 5 17 21 35 36 26 24 21 39 15 14 33 3 39 36 36 25 42 24 29 23 12 27 0 44 30 40
29 9 25 41 17 35 13 5 20 12 7 26 53 47 28 44 40 34 25 27 34 9 43 36 11 38 35 0 47 20
11 23 16 29 47 22 22 24 16 34 42 29 3 30 8 18 11 15 37 11 11 29 4 20 23 12 21 31 0 25
25 28 15 27 35 14 18 14 17 22 51 15 17 49 13 62 45 16 5 39 34 36 21 9 26 21 37 47 30 0