5
30
,
0 (42.0, 6.0) 27.0
1 (3.0, 29.0) 17.0
2 (37.0, 32.0) 41.0
3 (12.0, 4.0) 43.0
4 (1.0, 15.0) 31.0
5 (34.0, 36.0) 48.0
6 (17.0, 47.0) 42.0
7 (11.0, 45.0) 31.0
8 (40.0, 27.0) 11.0
9 (17.0, 36.0) 31.0
10 (1.0, 31.0) 13.0
11 (33.0, 37.0) 49.0
12 (34.0, 20.0) 16.0
13 (5.0, 1.0) 41.0
14 (27.0, 25.0) 12.0
15 (7.0, 7.0) 12.0
16 (41.0, 6.0) 41.0
17 (34.0, 27.0) 31.0
18 (41.0, 41.0) 13.0
19 (22.0, 24.0) 46.0
20 (48.0, 8.0) 26.0
21 (4.0, 33.0) 26.0
22 (31.0, 13.0) 17.0
23 (28.0, 46.0) 19.0
24 (19.0, 28.0) 22.0
25 (30.0, 29.0) 40.0
26 (11.0, 8.0) 17.0
27 (4.0, 40.0) 16.0
28 (34.0, 14.0) 16.0
29 (38.0, 46.0) 20.0
,
0 9 5 6 8 6 10 10 4 8 10 6 3 7 5 7 0 4 7 5 1 9 3 8 6 5 6 10 2 8
9 0 7 5 3 6 5 4 7 3 1 6 6 6 5 4 9 6 8 4 10 1 6 6 3 5 4 2 7 8
5 7 0 8 8 1 5 6 1 4 7 1 2 9 2 8 5 1 2 3 5 7 4 3 4 2 7 7 4 3
6 5 8 0 3 8 9 8 7 6 6 8 5 2 5 1 6 6 9 4 7 6 4 9 5 6 1 7 5 10
8 3 8 3 0 8 7 6 8 5 3 8 7 3 6 2 8 7 10 5 10 4 6 8 4 6 2 5 7 10
6 6 1 8 8 0 4 5 2 3 7 0 3 9 3 8 6 2 2 3 6 6 5 2 3 2 7 6 4 2
10 5 5 9 7 4 0 1 6 2 5 4 6 10 5 8 10 5 5 5 10 4 7 2 4 4 8 3 7 4
10 4 6 8 6 5 1 0 7 2 3 5 7 9 5 8 10 6 6 5 10 3 8 3 4 5 7 2 8 5
4 7 1 7 8 2 6 7 0 5 8 2 2 9 3 8 4 1 3 4 4 7 3 4 4 2 7 8 3 4
8 3 4 6 5 3 2 2 5 0 3 3 5 7 3 6 8 4 5 3 8 3 5 3 2 3 6 3 6 5
10 1 7 6 3 7 5 3 8 3 0 7 7 6 5 5 9 7 8 4 10 1 7 6 4 6 5 2 7 8
6 6 1 8 8 0 4 5 2 3 7 0 3 9 3 8 6 2 2 3 7 6 5 2 3 2 7 6 5 2
3 6 2 5 7 3 6 7 2 5 7 3 0 7 2 6 3 1 4 3 4 7 2 5 3 2 5 7 1 5
7 6 9 2 3 9 10 9 9 7 6 9 7 0 7 1 7 8 11 6 9 6 6 10 6 8 2 8 6 11
5 5 2 5 6 3 5 5 3 3 5 3 2 7 0 5 5 1 4 1 5 5 3 4 2 1 5 5 3 5
7 4 8 1 2 8 8 8 8 6 5 8 6 1 5 0 7 7 10 5 8 5 5 9 5 6 1 7 6 10
0 9 5 6 8 6 10 10 4 8 9 6 3 7 5 7 0 4 7 5 1 9 2 8 6 5 6 10 2 8
4 6 1 6 7 2 5 6 1 4 7 2 1 8 1 7 4 0 3 2 5 6 3 4 3 1 6 7 3 4
7 8 2 9 10 2 5 6 3 5 8 2 4 11 4 10 7 3 0 5 7 8 6 3 5 3 9 7 6 1
5 4 3 4 5 3 5 5 4 3 4 3 3 6 1 5 5 2 5 0 6 4 3 5 1 2 4 5 3 5
1 10 5 7 10 6 10 10 4 8 10 7 4 9 5 8 1 5 7 6 0 10 4 9 7 6 7 11 3 8
9 1 7 6 4 6 4 3 7 3 1 6 7 6 5 5 9 6 8 4 10 0 7 5 3 5 5 1 7 7
3 6 4 4 6 5 7 8 3 5 7 5 2 6 3 5 2 3 6 3 4 7 0 7 4 3 4 8 1 7
8 6 3 9 8 2 2 3 4 3 6 2 5 10 4 9 8 4 3 5 9 5 7 0 4 3 8 5 7 2
6 3 4 5 4 3 4 4 4 2 4 3 3 6 2 5 6 3 5 1 7 3 4 4 0 2 4 4 4 5
5 5 2 6 6 2 4 5 2 3 6 2 2 8 1 6 5 1 3 2 6 5 3 3 2 0 6 6 3 4
6 4 7 1 2 7 8 7 7 6 5 7 5 2 5 1 6 6 9 4 7 5 4 8 4 6 0 7 5 9
10 2 7 7 5 6 3 2 8 3 2 6 7 8 5 7 10 7 7 5 11 1 8 5 4 6 7 0 8 7
2 7 4 5 7 4 7 8 3 6 7 5 1 6 3 6 2 3 6 3 3 7 1 7 4 3 5 8 0 6
8 8 3 10 10 2 4 5 4 5 8 2 5 11 5 10 8 4 1 5 8 7 7 2 5 4 9 7 6 0
,
0 60 33 20 36 32 64 41 29 57 44 17 21 31 30 31 1 17 39 28 4 48 12 27 18 17 31 63 14 50
52 0 39 29 10 47 17 21 22 11 3 18 18 21 27 31 31 21 24 16 48 6 47 21 12 16 13 13 32 55
35 49 0 44 46 3 21 23 7 21 47 7 7 58 6 56 14 8 12 25 14 47 17 14 21 8 20 19 13 14
24 21 56 0 15 21 56 59 30 30 22 25 37 6 19 5 23 25 41 18 49 32 17 61 34 41 3 43 29 30
61 16 29 12 0 28 29 43 25 30 9 40 18 11 27 11 40 45 24 26 38 22 28 37 33 44 8 25 34 34
33 32 5 53 37 0 20 30 7 12 46 2 20 25 9 43 34 5 9 22 47 18 20 6 11 6 39 41 24 15
61 26 37 45 53 12 0 9 43 10 12 12 47 47 32 60 51 24 36 13 57 14 55 11 20 30 22 22 40 11
59 26 28 24 47 19 5 0 39 9 16 26 37 56 19 55 51 29 24 35 43 11 52 10 26 16 22 10 48 23
31 31 5 49 46 14 25 51 0 32 43 9 13 61 18 28 14 8 18 20 13 54 11 21 11 14 45 37 16 24
50 19 10 31 33 16 14 10 28 0 20 19 20 51 19 26 22 15 30 15 53 9 22 21 7 10 22 13 27 33
59 4 43 43 10 20 20 13 48 19 0 21 27 17 22 34 46 41 37 28 58 3 22 31 12 33 13 11 26 28
36 34 8 31 58 1 11 29 9 9 37 0 17 29 10 38 24 12 9 9 30 17 24 7 10 9 50 16 22 5
18 44 17 16 23 14 29 31 5 19 19 12 0 48 5 29 16 9 15 17 16 48 10 35 16 14 18 21 8 29
40 26 24 4 15 45 50 37 29 22 27 42 29 0 25 6 36 39 59 25 42 32 40 63 44 22 5 49 19 76
25 31 7 38 39 13 36 30 10 19 36 8 7 46 0 34 34 6 14 4 24 35 10 29 6 3 32 15 19 28
50 31 53 7 5 31 51 28 27 31 30 30 31 6 31 0 19 40 46 19 46 27 37 58 24 47 2 23 20 58
1 60 22 34 47 33 44 30 31 26 32 31 13 32 26 47 0 23 20 20 5 62 10 33 37 20 40 31 6 53
26 30 7 22 30 8 29 20 4 28 44 9 10 45 9 37 23 0 9 7 21 25 10 20 8 4 18 49 9 11
37 37 14 41 29 9 16 26 21 27 53 10 20 27 22 52 51 11 0 22 21 48 33 16 27 24 51 50 38 5
30 19 13 19 12 12 33 20 13 8 18 19 10 19 4 29 17 12 14 0 44 13 17 32 4 13 11 32 22 14
4 27 34 35 40 35 59 57 27 37 52 33 24 29 16 47 7 25 17 22 0 66 21 44 39 30 33 67 9 21
27 3 34 41 24 44 16 12 24 15 2 17 32 18 33 25 63 30 54 12 31 0 44 33 16 19 29 7 45 38
17 41 11 21 20 20 47 43 17 36 47 26 8 27 15 33 17 15 39 11 24 47 0 34 23 19 15 53 3 47
46 24 16 58 33 8 13 23 21 22 41 7 33 56 13 41 63 15 14 15 51 14 17 0 20 24 33 30 35 11
38 15 13 29 14 14 13 14 12 5 26 21 16 36 9 31 40 10 18 6 37 13 23 15 0 12 16 25 15 28
38 34 11 38 44 6 28 21 13 8 38 8 10 28 4 22 31 6 16 6 31 30 13 16 8 0 20 31 8 11
39 33 27 5 9 38 59 21 35 31 32 27 13 7 33 4 21 45 43 12 37 16 25 25 26 36 0 42 36 63
75 10 38 54 24 19 15 6 44 10 9 25 34 52 21 27 68 18 23 31 35 6 43 29 24 17 25 0 53 43
14 19 15 17 43 11 43 20 18 24 27 28 8 29 11 35 9 11 20 13 18 25 3 36 14 14 32 57 0 35
55 34 7 37 47 6 28 21 26 14 51 10 30 74 24 67 47 22 8 19 25 20 46 6 36 19 55 39 33 0