5
30
,
0 (42.0, 6.0) 14.0
1 (3.0, 29.0) 44.0
2 (37.0, 32.0) 16.0
3 (12.0, 4.0) 11.0
4 (1.0, 15.0) 14.0
5 (34.0, 36.0) 38.0
6 (17.0, 47.0) 13.0
7 (11.0, 45.0) 13.0
8 (40.0, 27.0) 30.0
9 (17.0, 36.0) 23.0
10 (1.0, 31.0) 38.0
11 (33.0, 37.0) 35.0
12 (34.0, 20.0) 38.0
13 (5.0, 1.0) 43.0
14 (27.0, 25.0) 48.0
15 (7.0, 7.0) 10.0
16 (41.0, 6.0) 17.0
17 (34.0, 27.0) 19.0
18 (41.0, 41.0) 10.0
19 (22.0, 24.0) 14.0
20 (48.0, 8.0) 36.0
21 (4.0, 33.0) 33.0
22 (31.0, 13.0) 32.0
23 (28.0, 46.0) 18.0
24 (19.0, 28.0) 25.0
25 (30.0, 29.0) 26.0
26 (11.0, 8.0) 33.0
27 (4.0, 40.0) 37.0
28 (34.0, 14.0) 40.0
29 (38.0, 46.0) 17.0
,
0 9 5 6 8 6 10 10 4 8 10 6 3 7 5 7 0 4 7 5 1 9 3 8 6 5 6 10 2 8
9 0 7 5 3 6 5 4 7 3 1 6 6 6 5 4 9 6 8 4 10 1 6 6 3 5 4 2 7 8
5 7 0 8 8 1 5 6 1 4 7 1 2 9 2 8 5 1 2 3 5 7 4 3 4 2 7 7 4 3
6 5 8 0 3 8 9 8 7 6 6 8 5 2 5 1 6 6 9 4 7 6 4 9 5 6 1 7 5 10
8 3 8 3 0 8 7 6 8 5 3 8 7 3 6 2 8 7 10 5 10 4 6 8 4 6 2 5 7 10
6 6 1 8 8 0 4 5 2 3 7 0 3 9 3 8 6 2 2 3 6 6 5 2 3 2 7 6 4 2
10 5 5 9 7 4 0 1 6 2 5 4 6 10 5 8 10 5 5 5 10 4 7 2 4 4 8 3 7 4
10 4 6 8 6 5 1 0 7 2 3 5 7 9 5 8 10 6 6 5 10 3 8 3 4 5 7 2 8 5
4 7 1 7 8 2 6 7 0 5 8 2 2 9 3 8 4 1 3 4 4 7 3 4 4 2 7 8 3 4
8 3 4 6 5 3 2 2 5 0 3 3 5 7 3 6 8 4 5 3 8 3 5 3 2 3 6 3 6 5
10 1 7 6 3 7 5 3 8 3 0 7 7 6 5 5 9 7 8 4 10 1 7 6 4 6 5 2 7 8
6 6 1 8 8 0 4 5 2 3 7 0 3 9 3 8 6 2 2 3 7 6 5 2 3 2 7 6 5 2
3 6 2 5 7 3 6 7 2 5 7 3 0 7 2 6 3 1 4 3 4 7 2 5 3 2 5 7 1 5
7 6 9 2 3 9 10 9 9 7 6 9 7 0 7 1 7 8 11 6 9 6 6 10 6 8 2 8 6 11
5 5 2 5 6 3 5 5 3 3 5 3 2 7 0 5 5 1 4 1 5 5 3 4 2 1 5 5 3 5
7 4 8 1 2 8 8 8 8 6 5 8 6 1 5 0 7 7 10 5 8 5 5 9 5 6 1 7 6 10
0 9 5 6 8 6 10 10 4 8 9 6 3 7 5 7 0 4 7 5 1 9 2 8 6 5 6 10 2 8
4 6 1 6 7 2 5 6 1 4 7 2 1 8 1 7 4 0 3 2 5 6 3 4 3 1 6 7 3 4
7 8 2 9 10 2 5 6 3 5 8 2 4 11 4 10 7 3 0 5 7 8 6 3 5 3 9 7 6 1
5 4 3 4 5 3 5 5 4 3 4 3 3 6 1 5 5 2 5 0 6 4 3 5 1 2 4 5 3 5
1 10 5 7 10 6 10 10 4 8 10 7 4 9 5 8 1 5 7 6 0 10 4 9 7 6 7 11 3 8
9 1 7 6 4 6 4 3 7 3 1 6 7 6 5 5 9 6 8 4 10 0 7 5 3 5 5 1 7 7
3 6 4 4 6 5 7 8 3 5 7 5 2 6 3 5 2 3 6 3 4 7 0 7 4 3 4 8 1 7
8 6 3 9 8 2 2 3 4 3 6 2 5 10 4 9 8 4 3 5 9 5 7 0 4 3 8 5 7 2
6 3 4 5 4 3 4 4 4 2 4 3 3 6 2 5 6 3 5 1 7 3 4 4 0 2 4 4 4 5
5 5 2 6 6 2 4 5 2 3 6 2 2 8 1 6 5 1 3 2 6 5 3 3 2 0 6 6 3 4
6 4 7 1 2 7 8 7 7 6 5 7 5 2 5 1 6 6 9 4 7 5 4 8 4 6 0 7 5 9
10 2 7 7 5 6 3 2 8 3 2 6 7 8 5 7 10 7 7 5 11 1 8 5 4 6 7 0 8 7
2 7 4 5 7 4 7 8 3 6 7 5 1 6 3 6 2 3 6 3 3 7 1 7 4 3 5 8 0 6
8 8 3 10 10 2 4 5 4 5 8 2 5 11 5 10 8 4 1 5 8 7 7 2 5 4 9 7 6 0
,
0 25 22 21 48 33 40 64 12 37 55 18 12 26 24 42 1 30 22 16 5 59 12 40 34 25 25 32 16 51
31 0 27 18 18 25 18 25 19 15 2 17 35 39 27 15 47 47 41 10 31 4 35 36 18 19 27 12 19 31
20 50 0 55 41 5 23 26 4 17 49 4 8 52 16 54 38 7 11 16 29 23 30 25 16 6 45 20 14 16
25 22 23 0 17 50 61 56 24 35 32 23 20 8 15 4 33 20 28 26 32 21 29 61 23 35 5 29 28 28
56 12 32 8 0 40 37 37 27 23 20 37 45 13 33 11 50 26 65 19 55 25 24 39 18 28 18 27 17 50
20 16 7 23 35 0 12 16 12 20 40 2 24 26 19 43 27 13 12 13 45 38 12 12 15 9 44 37 32 10
36 16 30 45 21 17 0 4 37 7 29 19 38 62 36 26 29 19 19 34 65 22 25 7 26 25 37 22 42 24
64 23 22 40 46 24 4 0 48 8 25 28 44 54 34 48 51 18 33 19 68 11 22 23 16 37 32 11 40 20
20 34 4 21 49 7 40 48 0 30 56 10 8 55 15 24 17 6 12 22 31 30 18 17 19 12 38 45 16 17
42 13 17 37 34 10 14 12 36 0 16 18 13 50 21 38 42 19 34 16 55 7 19 15 10 22 41 7 27 28
69 2 29 23 9 38 21 15 54 16 0 31 52 19 35 32 57 35 41 17 33 2 37 21 13 31 34 11 42 42
29 34 5 27 30 1 27 21 15 15 36 0 15 33 9 41 22 5 5 20 41 24 29 9 20 9 50 29 34 9
10 38 11 38 38 21 28 17 7 17 51 11 0 30 6 23 10 6 24 11 12 36 8 32 24 5 34 46 6 34
33 30 31 10 9 50 31 62 50 52 20 61 51 0 28 5 35 58 54 30 39 36 25 64 22 53 9 35 31 56
26 27 13 15 21 11 35 17 15 13 39 12 5 42 0 28 23 8 31 3 23 25 7 22 6 4 32 20 19 24
31 28 53 6 5 25 40 48 25 46 30 32 17 4 18 0 27 20 27 14 32 25 22 62 14 23 4 31 18 31
1 23 36 38 59 43 28 28 15 28 36 37 20 46 25 26 0 30 31 25 9 34 7 36 16 31 26 63 7 41
15 17 5 27 31 5 34 36 6 21 41 6 7 45 4 46 29 0 14 6 31 23 16 18 14 6 38 30 17 22
30 25 12 27 71 8 17 16 14 20 59 5 12 81 23 60 20 9 0 23 26 35 30 14 27 19 49 47 40 3
35 22 25 14 16 19 29 16 25 17 30 12 9 23 3 27 19 18 26 0 19 25 20 14 7 13 15 20 20 22
5 63 25 22 43 36 27 38 18 27 72 44 18 29 30 51 8 25 26 36 0 57 13 61 20 27 44 39 16 58
25 3 23 45 20 29 24 20 36 11 5 22 39 40 35 16 27 21 53 22 71 0 36 18 22 18 31 4 52 22
16 29 29 31 26 13 42 35 21 20 19 26 9 40 13 30 10 18 42 14 17 42 0 30 19 20 11 40 4 20
61 23 20 49 41 16 9 14 32 17 44 11 27 51 18 52 53 19 16 12 52 33 22 0 11 23 39 29 28 6
43 18 25 35 22 9 15 18 12 5 23 12 25 32 7 35 29 9 28 3 24 13 24 27 0 16 30 26 23 24
31 21 5 46 38 9 13 24 15 12 33 11 13 40 3 29 32 5 21 5 20 18 12 20 15 0 29 24 22 22
33 20 37 6 7 30 44 53 26 17 30 40 29 11 28 6 34 20 60 28 36 17 25 35 21 39 0 29 19 49
58 6 33 35 21 43 9 9 29 10 7 18 31 29 29 28 58 45 46 17 70 7 24 24 27 30 33 0 47 44
16 27 15 33 28 30 30 56 13 38 37 20 8 45 17 32 12 18 41 12 22 45 3 49 27 19 19 54 0 34
48 33 8 30 28 10 27 15 28 14 43 15 31 63 28 26 24 29 7 33 36 42 34 8 39 10 32 43 23 0