5
30
,
0 (42.0, 6.0) 14.0
1 (3.0, 29.0) 17.0
2 (37.0, 32.0) 47.0
3 (12.0, 4.0) 12.0
4 (1.0, 15.0) 36.0
5 (34.0, 36.0) 13.0
6 (17.0, 47.0) 23.0
7 (11.0, 45.0) 37.0
8 (40.0, 27.0) 39.0
9 (17.0, 36.0) 18.0
10 (1.0, 31.0) 29.0
11 (33.0, 37.0) 12.0
12 (34.0, 20.0) 16.0
13 (5.0, 1.0) 25.0
14 (27.0, 25.0) 12.0
15 (7.0, 7.0) 17.0
16 (41.0, 6.0) 14.0
17 (34.0, 27.0) 15.0
18 (41.0, 41.0) 15.0
19 (22.0, 24.0) 25.0
20 (48.0, 8.0) 21.0
21 (4.0, 33.0) 16.0
22 (31.0, 13.0) 12.0
23 (28.0, 46.0) 40.0
24 (19.0, 28.0) 27.0
25 (30.0, 29.0) 40.0
26 (11.0, 8.0) 11.0
27 (4.0, 40.0) 18.0
28 (34.0, 14.0) 50.0
29 (38.0, 46.0) 45.0
,
0 9 5 6 8 6 10 10 4 8 10 6 3 7 5 7 0 4 7 5 1 9 3 8 6 5 6 10 2 8
9 0 7 5 3 6 5 4 7 3 1 6 6 6 5 4 9 6 8 4 10 1 6 6 3 5 4 2 7 8
5 7 0 8 8 1 5 6 1 4 7 1 2 9 2 8 5 1 2 3 5 7 4 3 4 2 7 7 4 3
6 5 8 0 3 8 9 8 7 6 6 8 5 2 5 1 6 6 9 4 7 6 4 9 5 6 1 7 5 10
8 3 8 3 0 8 7 6 8 5 3 8 7 3 6 2 8 7 10 5 10 4 6 8 4 6 2 5 7 10
6 6 1 8 8 0 4 5 2 3 7 0 3 9 3 8 6 2 2 3 6 6 5 2 3 2 7 6 4 2
10 5 5 9 7 4 0 1 6 2 5 4 6 10 5 8 10 5 5 5 10 4 7 2 4 4 8 3 7 4
10 4 6 8 6 5 1 0 7 2 3 5 7 9 5 8 10 6 6 5 10 3 8 3 4 5 7 2 8 5
4 7 1 7 8 2 6 7 0 5 8 2 2 9 3 8 4 1 3 4 4 7 3 4 4 2 7 8 3 4
8 3 4 6 5 3 2 2 5 0 3 3 5 7 3 6 8 4 5 3 8 3 5 3 2 3 6 3 6 5
10 1 7 6 3 7 5 3 8 3 0 7 7 6 5 5 9 7 8 4 10 1 7 6 4 6 5 2 7 8
6 6 1 8 8 0 4 5 2 3 7 0 3 9 3 8 6 2 2 3 7 6 5 2 3 2 7 6 5 2
3 6 2 5 7 3 6 7 2 5 7 3 0 7 2 6 3 1 4 3 4 7 2 5 3 2 5 7 1 5
7 6 9 2 3 9 10 9 9 7 6 9 7 0 7 1 7 8 11 6 9 6 6 10 6 8 2 8 6 11
5 5 2 5 6 3 5 5 3 3 5 3 2 7 0 5 5 1 4 1 5 5 3 4 2 1 5 5 3 5
7 4 8 1 2 8 8 8 8 6 5 8 6 1 5 0 7 7 10 5 8 5 5 9 5 6 1 7 6 10
0 9 5 6 8 6 10 10 4 8 9 6 3 7 5 7 0 4 7 5 1 9 2 8 6 5 6 10 2 8
4 6 1 6 7 2 5 6 1 4 7 2 1 8 1 7 4 0 3 2 5 6 3 4 3 1 6 7 3 4
7 8 2 9 10 2 5 6 3 5 8 2 4 11 4 10 7 3 0 5 7 8 6 3 5 3 9 7 6 1
5 4 3 4 5 3 5 5 4 3 4 3 3 6 1 5 5 2 5 0 6 4 3 5 1 2 4 5 3 5
1 10 5 7 10 6 10 10 4 8 10 7 4 9 5 8 1 5 7 6 0 10 4 9 7 6 7 11 3 8
9 1 7 6 4 6 4 3 7 3 1 6 7 6 5 5 9 6 8 4 10 0 7 5 3 5 5 1 7 7
3 6 4 4 6 5 7 8 3 5 7 5 2 6 3 5 2 3 6 3 4 7 0 7 4 3 4 8 1 7
8 6 3 9 8 2 2 3 4 3 6 2 5 10 4 9 8 4 3 5 9 5 7 0 4 3 8 5 7 2
6 3 4 5 4 3 4 4 4 2 4 3 3 6 2 5 6 3 5 1 7 3 4 4 0 2 4 4 4 5
5 5 2 6 6 2 4 5 2 3 6 2 2 8 1 6 5 1 3 2 6 5 3 3 2 0 6 6 3 4
6 4 7 1 2 7 8 7 7 6 5 7 5 2 5 1 6 6 9 4 7 5 4 8 4 6 0 7 5 9
10 2 7 7 5 6 3 2 8 3 2 6 7 8 5 7 10 7 7 5 11 1 8 5 4 6 7 0 8 7
2 7 4 5 7 4 7 8 3 6 7 5 1 6 3 6 2 3 6 3 3 7 1 7 4 3 5 8 0 6
8 8 3 10 10 2 4 5 4 5 8 2 5 11 5 10 8 4 1 5 8 7 7 2 5 4 9 7 6 0
,
0 24 22 22 31 30 64 61 16 31 71 39 11 20 35 40 1 19 48 40 3 69 10 49 35 38 27 55 11 39
46 0 29 14 7 29 15 17 27 16 3 16 20 35 27 32 66 29 29 14 56 3 46 17 22 18 25 7 40 52
19 47 0 55 54 7 37 28 4 19 26 5 12 65 10 38 23 7 13 17 37 33 19 23 10 6 33 23 27 10
35 31 46 0 22 44 54 29 37 30 32 44 21 5 38 6 40 43 31 23 50 41 12 59 31 17 3 38 27 27
54 19 46 17 0 48 37 28 44 32 12 39 49 11 33 10 37 26 32 13 27 22 29 42 28 48 18 24 39 55
30 26 6 58 57 0 22 35 7 21 37 2 11 65 15 38 27 10 11 23 43 25 29 13 16 9 43 27 14 16
49 26 34 61 26 16 0 5 24 9 21 16 30 53 32 34 52 31 16 16 33 10 55 11 17 28 34 18 31 12
71 16 41 34 23 20 5 0 49 6 20 31 45 49 25 52 48 34 42 23 41 16 20 24 24 28 20 7 24 38
14 25 6 26 43 11 27 31 0 31 58 7 5 34 10 44 15 6 14 16 25 25 11 26 31 15 41 45 12 23
25 20 13 22 22 18 16 11 29 0 18 10 28 47 11 37 33 21 25 14 22 18 24 19 8 18 29 11 30 19
32 4 28 15 23 41 17 21 25 16 0 44 32 30 33 22 41 40 58 21 31 2 20 28 17 16 21 11 47 35
28 36 5 57 54 2 20 17 14 19 49 0 12 48 18 42 19 6 7 10 48 37 17 5 20 10 34 19 21 13
16 23 19 31 25 15 35 32 9 27 25 11 0 47 5 16 13 9 20 16 20 48 10 20 20 10 15 27 5 13
30 15 28 9 9 34 62 49 61 41 38 49 36 0 39 4 51 50 29 37 32 19 39 50 40 31 14 56 24 30
32 19 13 15 30 9 18 19 11 8 30 9 11 48 0 16 24 6 29 6 32 30 17 21 7 6 15 36 17 28
24 20 50 6 15 23 45 32 40 30 34 24 31 7 37 0 51 43 50 30 50 18 37 36 35 20 4 19 27 70
1 50 24 24 55 44 50 58 23 47 60 40 18 40 35 49 0 14 32 32 4 43 13 44 39 27 35 58 13 26
12 35 7 32 35 13 28 40 8 22 21 7 6 45 4 18 22 0 22 9 18 23 7 21 10 3 22 21 10 17
23 30 12 46 62 7 29 43 20 22 58 7 26 40 18 60 39 14 0 33 35 40 30 8 21 24 64 45 39 8
33 21 13 30 13 12 26 28 12 10 21 13 7 17 4 25 39 11 22 0 18 14 17 18 6 9 23 22 14 31
5 73 38 31 54 25 47 73 29 51 47 42 9 27 14 40 10 20 30 37 0 27 9 22 37 30 21 75 12 57
70 6 32 19 22 43 28 20 28 16 2 29 29 38 29 36 51 31 42 24 54 0 24 24 13 19 22 9 29 52
19 36 27 13 29 27 20 20 13 36 27 21 5 34 16 35 10 11 21 17 26 27 0 40 17 14 27 57 4 40
50 15 24 23 43 7 16 11 17 15 21 15 39 52 19 22 33 22 18 30 63 15 37 0 22 14 32 24 34 9
31 16 27 33 22 25 17 27 19 9 25 14 19 43 12 36 34 21 30 5 34 10 25 16 0 16 16 28 15 18
21 19 7 26 46 6 24 36 7 11 19 5 11 44 5 42 29 4 18 13 28 17 18 11 6 0 22 33 22 10
31 23 27 4 18 21 55 26 50 25 20 48 23 10 28 6 21 35 35 18 51 33 26 22 17 31 0 20 28 60
54 7 29 35 34 24 13 9 31 16 7 40 50 41 29 47 43 17 33 34 48 8 57 19 13 23 33 0 23 46
8 32 16 19 40 31 43 25 15 31 46 15 3 42 19 19 13 10 28 15 11 28 3 34 18 23 24 34 0 41
51 26 7 37 41 13 24 25 24 21 57 6 16 38 26 39 25 27 8 16 27 53 24 6 36 15 51 32 30 0