5
30
,
0 (42.0, 6.0) 41.0
1 (3.0, 29.0) 33.0
2 (37.0, 32.0) 13.0
3 (12.0, 4.0) 26.0
4 (1.0, 15.0) 15.0
5 (34.0, 36.0) 14.0
6 (17.0, 47.0) 24.0
7 (11.0, 45.0) 45.0
8 (40.0, 27.0) 20.0
9 (17.0, 36.0) 27.0
10 (1.0, 31.0) 21.0
11 (33.0, 37.0) 28.0
12 (34.0, 20.0) 14.0
13 (5.0, 1.0) 10.0
14 (27.0, 25.0) 21.0
15 (7.0, 7.0) 27.0
16 (41.0, 6.0) 24.0
17 (34.0, 27.0) 16.0
18 (41.0, 41.0) 34.0
19 (22.0, 24.0) 17.0
20 (48.0, 8.0) 44.0
21 (4.0, 33.0) 14.0
22 (31.0, 13.0) 45.0
23 (28.0, 46.0) 18.0
24 (19.0, 28.0) 12.0
25 (30.0, 29.0) 43.0
26 (11.0, 8.0) 17.0
27 (4.0, 40.0) 15.0
28 (34.0, 14.0) 15.0
29 (38.0, 46.0) 48.0
,
0 9 5 6 8 6 10 10 4 8 10 6 3 7 5 7 0 4 7 5 1 9 3 8 6 5 6 10 2 8
9 0 7 5 3 6 5 4 7 3 1 6 6 6 5 4 9 6 8 4 10 1 6 6 3 5 4 2 7 8
5 7 0 8 8 1 5 6 1 4 7 1 2 9 2 8 5 1 2 3 5 7 4 3 4 2 7 7 4 3
6 5 8 0 3 8 9 8 7 6 6 8 5 2 5 1 6 6 9 4 7 6 4 9 5 6 1 7 5 10
8 3 8 3 0 8 7 6 8 5 3 8 7 3 6 2 8 7 10 5 10 4 6 8 4 6 2 5 7 10
6 6 1 8 8 0 4 5 2 3 7 0 3 9 3 8 6 2 2 3 6 6 5 2 3 2 7 6 4 2
10 5 5 9 7 4 0 1 6 2 5 4 6 10 5 8 10 5 5 5 10 4 7 2 4 4 8 3 7 4
10 4 6 8 6 5 1 0 7 2 3 5 7 9 5 8 10 6 6 5 10 3 8 3 4 5 7 2 8 5
4 7 1 7 8 2 6 7 0 5 8 2 2 9 3 8 4 1 3 4 4 7 3 4 4 2 7 8 3 4
8 3 4 6 5 3 2 2 5 0 3 3 5 7 3 6 8 4 5 3 8 3 5 3 2 3 6 3 6 5
10 1 7 6 3 7 5 3 8 3 0 7 7 6 5 5 9 7 8 4 10 1 7 6 4 6 5 2 7 8
6 6 1 8 8 0 4 5 2 3 7 0 3 9 3 8 6 2 2 3 7 6 5 2 3 2 7 6 5 2
3 6 2 5 7 3 6 7 2 5 7 3 0 7 2 6 3 1 4 3 4 7 2 5 3 2 5 7 1 5
7 6 9 2 3 9 10 9 9 7 6 9 7 0 7 1 7 8 11 6 9 6 6 10 6 8 2 8 6 11
5 5 2 5 6 3 5 5 3 3 5 3 2 7 0 5 5 1 4 1 5 5 3 4 2 1 5 5 3 5
7 4 8 1 2 8 8 8 8 6 5 8 6 1 5 0 7 7 10 5 8 5 5 9 5 6 1 7 6 10
0 9 5 6 8 6 10 10 4 8 9 6 3 7 5 7 0 4 7 5 1 9 2 8 6 5 6 10 2 8
4 6 1 6 7 2 5 6 1 4 7 2 1 8 1 7 4 0 3 2 5 6 3 4 3 1 6 7 3 4
7 8 2 9 10 2 5 6 3 5 8 2 4 11 4 10 7 3 0 5 7 8 6 3 5 3 9 7 6 1
5 4 3 4 5 3 5 5 4 3 4 3 3 6 1 5 5 2 5 0 6 4 3 5 1 2 4 5 3 5
1 10 5 7 10 6 10 10 4 8 10 7 4 9 5 8 1 5 7 6 0 10 4 9 7 6 7 11 3 8
9 1 7 6 4 6 4 3 7 3 1 6 7 6 5 5 9 6 8 4 10 0 7 5 3 5 5 1 7 7
3 6 4 4 6 5 7 8 3 5 7 5 2 6 3 5 2 3 6 3 4 7 0 7 4 3 4 8 1 7
8 6 3 9 8 2 2 3 4 3 6 2 5 10 4 9 8 4 3 5 9 5 7 0 4 3 8 5 7 2
6 3 4 5 4 3 4 4 4 2 4 3 3 6 2 5 6 3 5 1 7 3 4 4 0 2 4 4 4 5
5 5 2 6 6 2 4 5 2 3 6 2 2 8 1 6 5 1 3 2 6 5 3 3 2 0 6 6 3 4
6 4 7 1 2 7 8 7 7 6 5 7 5 2 5 1 6 6 9 4 7 5 4 8 4 6 0 7 5 9
10 2 7 7 5 6 3 2 8 3 2 6 7 8 5 7 10 7 7 5 11 1 8 5 4 6 7 0 8 7
2 7 4 5 7 4 7 8 3 6 7 5 1 6 3 6 2 3 6 3 3 7 1 7 4 3 5 8 0 6
8 8 3 10 10 2 4 5 4 5 8 2 5 11 5 10 8 4 1 5 8 7 7 2 5 4 9 7 6 0
,
0 53 15 18 62 36 47 59 30 42 50 39 8 24 18 32 1 25 19 35 7 50 11 43 16 28 25 33 16 29
61 0 30 17 16 36 22 24 48 12 2 29 36 16 35 28 22 32 54 16 64 3 40 44 17 29 19 6 38 54
16 38 0 24 22 5 17 40 7 13 34 10 14 60 13 56 16 4 8 17 27 44 24 17 14 7 31 43 26 10
42 23 26 0 15 27 25 52 19 26 40 22 29 7 17 4 26 44 37 31 36 43 14 42 33 17 6 40 18 29
42 13 20 11 0 23 39 38 52 20 10 33 28 21 34 9 27 51 64 32 63 23 16 46 27 31 18 29 36 57
38 40 7 40 45 0 12 33 12 14 47 1 13 45 10 54 46 5 8 20 23 44 33 17 13 10 24 41 31 11
43 12 14 55 20 30 0 8 38 12 16 11 23 36 15 38 50 23 19 21 37 17 50 12 24 11 44 15 27 29
67 15 40 34 17 26 8 0 22 7 19 25 28 63 18 23 40 19 29 31 28 13 31 14 16 13 50 6 52 26
12 38 5 33 34 7 27 17 0 36 27 18 6 30 14 40 17 4 10 19 17 25 12 20 14 7 18 44 9 28
24 21 25 43 13 9 15 13 19 0 11 21 23 33 14 44 51 29 15 11 25 17 32 9 11 20 32 12 35 24
65 3 38 37 22 42 22 20 46 11 0 42 19 38 32 26 56 41 55 28 48 5 38 32 16 37 13 8 26 31
17 40 6 57 36 2 14 18 7 14 31 0 16 47 20 60 45 5 8 22 30 23 24 11 25 9 29 27 20 8
9 38 18 36 44 17 29 40 11 14 35 20 0 46 13 23 12 6 29 9 27 49 6 30 24 13 32 34 5 39
47 27 48 9 13 45 39 37 31 45 35 42 31 0 19 7 42 46 48 40 60 39 15 65 36 23 12 47 19 79
16 18 12 13 25 18 18 33 19 11 35 13 12 25 0 23 13 7 20 4 16 15 12 29 12 7 19 40 17 33
48 19 20 8 9 52 21 34 24 24 27 20 19 5 24 0 41 42 42 22 47 14 31 57 33 27 3 36 25 46
1 65 28 34 43 28 32 60 12 20 37 44 22 46 17 49 0 21 38 29 7 42 9 39 16 20 24 62 9 28
23 34 7 43 47 12 24 33 8 17 48 10 5 35 5 32 31 0 20 12 27 32 21 27 18 6 28 36 19 16
32 59 9 55 70 10 37 29 18 27 27 8 19 40 12 65 42 20 0 15 34 52 37 18 37 19 49 35 22 5
19 19 10 24 27 17 24 16 17 13 22 22 11 35 7 29 30 9 38 0 30 23 9 19 6 9 26 29 13 40
9 39 30 19 54 37 57 53 14 32 68 30 13 31 20 27 9 14 33 32 0 61 10 56 45 38 25 73 23 40
67 4 30 44 17 29 15 18 46 17 2 36 43 28 27 32 46 27 35 24 43 0 32 21 19 19 17 8 39 37
13 35 15 26 28 25 47 39 18 18 48 19 11 37 7 35 8 12 21 15 23 35 0 34 24 8 11 56 4 48
41 29 24 30 22 14 9 24 21 8 45 11 19 68 17 29 39 13 9 20 25 26 36 0 14 9 50 19 49 15
42 22 24 31 14 9 27 11 18 6 26 17 14 28 9 17 18 19 15 4 18 11 17 19 0 14 22 19 18 35
38 27 9 29 29 8 19 30 6 21 31 12 7 24 4 35 32 3 8 14 26 29 11 14 12 0 21 38 8 17
27 12 27 3 7 34 44 29 51 20 20 35 39 5 15 4 45 17 30 15 36 15 15 21 20 17 0 23 25 49
30 14 42 25 37 31 11 4 56 13 13 23 33 21 21 48 44 21 41 25 43 10 42 23 28 23 16 0 46 48
13 46 25 20 37 19 29 31 15 28 38 23 6 43 8 19 16 13 18 20 17 44 3 20 26 10 23 49 0 30
53 20 8 43 64 9 18 37 28 14 28 7 28 47 21 72 59 12 3 22 50 29 44 11 20 18 41 39 25 0