5
30
,
0 (42.0, 6.0) 40.0
1 (3.0, 29.0) 30.0
2 (37.0, 32.0) 21.0
3 (12.0, 4.0) 38.0
4 (1.0, 15.0) 27.0
5 (34.0, 36.0) 20.0
6 (17.0, 47.0) 22.0
7 (11.0, 45.0) 28.0
8 (40.0, 27.0) 40.0
9 (17.0, 36.0) 25.0
10 (1.0, 31.0) 20.0
11 (33.0, 37.0) 11.0
12 (34.0, 20.0) 18.0
13 (5.0, 1.0) 37.0
14 (27.0, 25.0) 43.0
15 (7.0, 7.0) 32.0
16 (41.0, 6.0) 15.0
17 (34.0, 27.0) 20.0
18 (41.0, 41.0) 47.0
19 (22.0, 24.0) 29.0
20 (48.0, 8.0) 42.0
21 (4.0, 33.0) 17.0
22 (31.0, 13.0) 38.0
23 (28.0, 46.0) 35.0
24 (19.0, 28.0) 19.0
25 (30.0, 29.0) 37.0
26 (11.0, 8.0) 24.0
27 (4.0, 40.0) 15.0
28 (34.0, 14.0) 22.0
29 (38.0, 46.0) 12.0
,
0 9 5 6 8 6 10 10 4 8 10 6 3 7 5 7 0 4 7 5 1 9 3 8 6 5 6 10 2 8
9 0 7 5 3 6 5 4 7 3 1 6 6 6 5 4 9 6 8 4 10 1 6 6 3 5 4 2 7 8
5 7 0 8 8 1 5 6 1 4 7 1 2 9 2 8 5 1 2 3 5 7 4 3 4 2 7 7 4 3
6 5 8 0 3 8 9 8 7 6 6 8 5 2 5 1 6 6 9 4 7 6 4 9 5 6 1 7 5 10
8 3 8 3 0 8 7 6 8 5 3 8 7 3 6 2 8 7 10 5 10 4 6 8 4 6 2 5 7 10
6 6 1 8 8 0 4 5 2 3 7 0 3 9 3 8 6 2 2 3 6 6 5 2 3 2 7 6 4 2
10 5 5 9 7 4 0 1 6 2 5 4 6 10 5 8 10 5 5 5 10 4 7 2 4 4 8 3 7 4
10 4 6 8 6 5 1 0 7 2 3 5 7 9 5 8 10 6 6 5 10 3 8 3 4 5 7 2 8 5
4 7 1 7 8 2 6 7 0 5 8 2 2 9 3 8 4 1 3 4 4 7 3 4 4 2 7 8 3 4
8 3 4 6 5 3 2 2 5 0 3 3 5 7 3 6 8 4 5 3 8 3 5 3 2 3 6 3 6 5
10 1 7 6 3 7 5 3 8 3 0 7 7 6 5 5 9 7 8 4 10 1 7 6 4 6 5 2 7 8
6 6 1 8 8 0 4 5 2 3 7 0 3 9 3 8 6 2 2 3 7 6 5 2 3 2 7 6 5 2
3 6 2 5 7 3 6 7 2 5 7 3 0 7 2 6 3 1 4 3 4 7 2 5 3 2 5 7 1 5
7 6 9 2 3 9 10 9 9 7 6 9 7 0 7 1 7 8 11 6 9 6 6 10 6 8 2 8 6 11
5 5 2 5 6 3 5 5 3 3 5 3 2 7 0 5 5 1 4 1 5 5 3 4 2 1 5 5 3 5
7 4 8 1 2 8 8 8 8 6 5 8 6 1 5 0 7 7 10 5 8 5 5 9 5 6 1 7 6 10
0 9 5 6 8 6 10 10 4 8 9 6 3 7 5 7 0 4 7 5 1 9 2 8 6 5 6 10 2 8
4 6 1 6 7 2 5 6 1 4 7 2 1 8 1 7 4 0 3 2 5 6 3 4 3 1 6 7 3 4
7 8 2 9 10 2 5 6 3 5 8 2 4 11 4 10 7 3 0 5 7 8 6 3 5 3 9 7 6 1
5 4 3 4 5 3 5 5 4 3 4 3 3 6 1 5 5 2 5 0 6 4 3 5 1 2 4 5 3 5
1 10 5 7 10 6 10 10 4 8 10 7 4 9 5 8 1 5 7 6 0 10 4 9 7 6 7 11 3 8
9 1 7 6 4 6 4 3 7 3 1 6 7 6 5 5 9 6 8 4 10 0 7 5 3 5 5 1 7 7
3 6 4 4 6 5 7 8 3 5 7 5 2 6 3 5 2 3 6 3 4 7 0 7 4 3 4 8 1 7
8 6 3 9 8 2 2 3 4 3 6 2 5 10 4 9 8 4 3 5 9 5 7 0 4 3 8 5 7 2
6 3 4 5 4 3 4 4 4 2 4 3 3 6 2 5 6 3 5 1 7 3 4 4 0 2 4 4 4 5
5 5 2 6 6 2 4 5 2 3 6 2 2 8 1 6 5 1 3 2 6 5 3 3 2 0 6 6 3 4
6 4 7 1 2 7 8 7 7 6 5 7 5 2 5 1 6 6 9 4 7 5 4 8 4 6 0 7 5 9
10 2 7 7 5 6 3 2 8 3 2 6 7 8 5 7 10 7 7 5 11 1 8 5 4 6 7 0 8 7
2 7 4 5 7 4 7 8 3 6 7 5 1 6 3 6 2 3 6 3 3 7 1 7 4 3 5 8 0 6
8 8 3 10 10 2 4 5 4 5 8 2 5 11 5 10 8 4 1 5 8 7 7 2 5 4 9 7 6 0
,
0 47 14 24 51 23 50 50 29 54 31 28 19 35 13 21 1 21 52 14 8 67 7 58 29 22 23 58 8 55
46 0 45 24 9 29 20 18 31 15 2 19 45 16 30 16 58 20 21 29 64 5 34 42 16 24 30 14 34 22
22 35 0 33 48 4 24 21 8 12 52 9 7 48 11 55 15 9 9 14 33 47 30 9 10 8 40 50 12 7
36 17 23 0 17 32 62 38 54 40 34 29 30 4 25 5 41 27 30 33 41 28 25 54 13 18 3 36 29 58
22 16 40 20 0 46 31 28 28 33 13 42 35 16 28 12 35 52 24 12 24 21 44 59 27 27 16 36 38 59
28 31 3 40 48 0 17 36 6 24 31 1 14 58 11 58 46 11 8 21 28 41 32 11 21 5 36 43 13 10
55 19 24 24 39 18 0 4 38 16 33 14 26 50 21 34 69 31 15 12 36 11 30 12 20 25 51 11 45 11
68 14 42 26 22 25 6 0 40 9 9 33 44 27 33 29 26 15 35 34 29 17 49 20 25 33 19 12 41 19
31 36 4 51 28 15 22 47 0 18 55 16 8 60 17 58 24 9 13 17 12 26 9 22 20 7 42 56 12 24
46 17 21 40 30 23 10 16 35 0 22 14 23 32 21 43 31 18 22 12 21 17 27 15 12 16 26 17 24 19
72 4 19 27 23 19 23 14 36 21 0 42 38 44 39 24 56 28 27 26 51 2 34 27 16 36 31 14 44 36
19 16 5 56 33 2 15 34 10 21 25 0 22 32 10 46 23 8 12 11 25 23 27 6 21 9 52 38 22 14
15 44 18 37 19 21 34 19 5 15 28 16 0 18 9 30 19 6 32 19 26 34 11 21 18 9 32 24 9 21
43 14 64 5 11 61 69 62 49 36 21 31 51 0 23 5 40 51 57 37 37 25 39 26 34 50 6 42 19 69
22 28 6 17 21 18 22 16 19 21 15 16 9 38 0 16 18 4 26 5 15 30 12 17 7 7 28 16 19 26
36 18 58 7 11 42 23 56 34 35 35 41 27 4 16 0 41 42 42 14 39 29 26 27 19 28 3 39 28 33
1 45 19 21 58 39 42 69 17 35 57 36 15 36 15 41 0 23 39 34 7 26 10 40 24 16 15 53 12 31
15 45 6 24 32 9 21 29 8 26 24 8 9 20 9 26 30 0 23 7 34 21 14 24 16 3 33 45 8 15
23 53 9 69 62 9 16 39 8 26 61 5 25 78 25 58 21 16 0 17 21 34 19 12 17 14 54 42 34 5
16 11 20 14 16 18 17 23 12 8 20 11 10 42 3 12 17 8 16 0 20 13 9 16 4 5 25 31 10 21
6 73 36 52 62 30 65 27 18 36 41 42 14 47 21 23 6 23 17 16 0 28 25 55 43 37 32 32 17 44
35 2 17 37 18 38 28 18 51 14 5 24 22 19 32 25 68 38 37 25 68 0 46 36 24 24 21 8 46 52
14 25 15 19 36 12 22 55 13 26 51 22 10 33 18 20 17 12 32 11 14 29 0 33 12 17 26 56 3 45
32 21 21 43 26 12 11 21 30 22 30 8 17 50 26 23 22 30 11 22 63 18 49 0 26 19 47 25 41 11
32 12 22 20 16 14 24 19 24 10 12 10 25 32 8 14 21 10 30 5 18 17 18 25 0 13 17 26 14 18
32 14 4 19 47 5 31 15 14 10 25 12 14 47 7 25 35 2 21 6 16 18 23 18 9 0 36 39 10 26
28 31 45 4 7 19 58 26 29 34 22 45 26 13 14 5 38 38 55 14 40 23 24 48 27 28 0 48 18 32
37 9 20 26 23 45 13 5 31 7 7 24 37 28 34 49 35 40 24 25 54 5 32 14 16 22 26 0 41 28
9 44 17 34 35 17 39 27 20 33 42 13 6 44 12 25 16 13 40 9 11 24 4 48 13 8 32 23 0 39
58 30 9 69 27 13 29 37 26 12 28 11 26 49 24 35 25 19 4 29 20 19 43 14 22 9 55 28 29 0