5
30
,
0 (42.0, 6.0) 27.0
1 (3.0, 29.0) 42.0
2 (37.0, 32.0) 12.0
3 (12.0, 4.0) 13.0
4 (1.0, 15.0) 22.0
5 (34.0, 36.0) 15.0
6 (17.0, 47.0) 45.0
7 (11.0, 45.0) 28.0
8 (40.0, 27.0) 10.0
9 (17.0, 36.0) 22.0
10 (1.0, 31.0) 22.0
11 (33.0, 37.0) 41.0
12 (34.0, 20.0) 46.0
13 (5.0, 1.0) 11.0
14 (27.0, 25.0) 36.0
15 (7.0, 7.0) 38.0
16 (41.0, 6.0) 20.0
17 (34.0, 27.0) 18.0
18 (41.0, 41.0) 13.0
19 (22.0, 24.0) 13.0
20 (48.0, 8.0) 10.0
21 (4.0, 33.0) 23.0
22 (31.0, 13.0) 33.0
23 (28.0, 46.0) 34.0
24 (19.0, 28.0) 16.0
25 (30.0, 29.0) 28.0
26 (11.0, 8.0) 22.0
27 (4.0, 40.0) 22.0
28 (34.0, 14.0) 29.0
29 (38.0, 46.0) 16.0
,
0 9 5 6 8 6 10 10 4 8 10 6 3 7 5 7 0 4 7 5 1 9 3 8 6 5 6 10 2 8
9 0 7 5 3 6 5 4 7 3 1 6 6 6 5 4 9 6 8 4 10 1 6 6 3 5 4 2 7 8
5 7 0 8 8 1 5 6 1 4 7 1 2 9 2 8 5 1 2 3 5 7 4 3 4 2 7 7 4 3
6 5 8 0 3 8 9 8 7 6 6 8 5 2 5 1 6 6 9 4 7 6 4 9 5 6 1 7 5 10
8 3 8 3 0 8 7 6 8 5 3 8 7 3 6 2 8 7 10 5 10 4 6 8 4 6 2 5 7 10
6 6 1 8 8 0 4 5 2 3 7 0 3 9 3 8 6 2 2 3 6 6 5 2 3 2 7 6 4 2
10 5 5 9 7 4 0 1 6 2 5 4 6 10 5 8 10 5 5 5 10 4 7 2 4 4 8 3 7 4
10 4 6 8 6 5 1 0 7 2 3 5 7 9 5 8 10 6 6 5 10 3 8 3 4 5 7 2 8 5
4 7 1 7 8 2 6 7 0 5 8 2 2 9 3 8 4 1 3 4 4 7 3 4 4 2 7 8 3 4
8 3 4 6 5 3 2 2 5 0 3 3 5 7 3 6 8 4 5 3 8 3 5 3 2 3 6 3 6 5
10 1 7 6 3 7 5 3 8 3 0 7 7 6 5 5 9 7 8 4 10 1 7 6 4 6 5 2 7 8
6 6 1 8 8 0 4 5 2 3 7 0 3 9 3 8 6 2 2 3 7 6 5 2 3 2 7 6 5 2
3 6 2 5 7 3 6 7 2 5 7 3 0 7 2 6 3 1 4 3 4 7 2 5 3 2 5 7 1 5
7 6 9 2 3 9 10 9 9 7 6 9 7 0 7 1 7 8 11 6 9 6 6 10 6 8 2 8 6 11
5 5 2 5 6 3 5 5 3 3 5 3 2 7 0 5 5 1 4 1 5 5 3 4 2 1 5 5 3 5
7 4 8 1 2 8 8 8 8 6 5 8 6 1 5 0 7 7 10 5 8 5 5 9 5 6 1 7 6 10
0 9 5 6 8 6 10 10 4 8 9 6 3 7 5 7 0 4 7 5 1 9 2 8 6 5 6 10 2 8
4 6 1 6 7 2 5 6 1 4 7 2 1 8 1 7 4 0 3 2 5 6 3 4 3 1 6 7 3 4
7 8 2 9 10 2 5 6 3 5 8 2 4 11 4 10 7 3 0 5 7 8 6 3 5 3 9 7 6 1
5 4 3 4 5 3 5 5 4 3 4 3 3 6 1 5 5 2 5 0 6 4 3 5 1 2 4 5 3 5
1 10 5 7 10 6 10 10 4 8 10 7 4 9 5 8 1 5 7 6 0 10 4 9 7 6 7 11 3 8
9 1 7 6 4 6 4 3 7 3 1 6 7 6 5 5 9 6 8 4 10 0 7 5 3 5 5 1 7 7
3 6 4 4 6 5 7 8 3 5 7 5 2 6 3 5 2 3 6 3 4 7 0 7 4 3 4 8 1 7
8 6 3 9 8 2 2 3 4 3 6 2 5 10 4 9 8 4 3 5 9 5 7 0 4 3 8 5 7 2
6 3 4 5 4 3 4 4 4 2 4 3 3 6 2 5 6 3 5 1 7 3 4 4 0 2 4 4 4 5
5 5 2 6 6 2 4 5 2 3 6 2 2 8 1 6 5 1 3 2 6 5 3 3 2 0 6 6 3 4
6 4 7 1 2 7 8 7 7 6 5 7 5 2 5 1 6 6 9 4 7 5 4 8 4 6 0 7 5 9
10 2 7 7 5 6 3 2 8 3 2 6 7 8 5 7 10 7 7 5 11 1 8 5 4 6 7 0 8 7
2 7 4 5 7 4 7 8 3 6 7 5 1 6 3 6 2 3 6 3 3 7 1 7 4 3 5 8 0 6
8 8 3 10 10 2 4 5 4 5 8 2 5 11 5 10 8 4 1 5 8 7 7 2 5 4 9 7 6 0
,
0 46 19 32 40 19 45 26 15 34 30 23 13 25 15 24 1 15 44 33 3 28 16 61 39 15 29 61 9 58
38 0 34 18 20 38 30 10 36 19 2 25 20 30 19 16 25 35 53 19 54 5 37 40 14 18 24 12 33 50
26 28 0 27 53 7 25 30 3 11 19 6 16 37 11 36 17 4 13 15 18 36 26 10 16 4 45 28 14 7
17 15 49 0 10 25 37 57 51 45 39 58 17 8 37 7 36 40 37 17 34 34 31 54 13 41 5 30 34 53
54 17 46 18 0 46 49 30 38 23 13 47 40 11 20 9 40 42 34 34 35 21 18 48 24 34 16 31 46 33
21 31 3 58 57 0 21 26 10 17 47 2 8 27 15 31 39 5 10 25 25 41 15 17 13 8 27 21 29 16
59 23 20 28 45 19 0 6 17 7 16 14 36 36 27 59 27 23 22 19 48 24 53 11 16 23 49 16 37 20
33 12 31 45 27 36 7 0 39 15 20 20 25 43 30 56 46 24 41 23 53 15 24 21 19 33 47 6 22 34
21 36 7 46 52 11 25 35 0 17 30 16 7 49 16 25 17 3 19 18 25 49 24 17 30 7 45 52 9 13
57 13 14 35 27 13 9 6 29 0 19 19 24 32 21 35 50 20 23 17 43 18 30 12 8 8 23 10 31 27
46 2 45 30 11 18 27 13 58 22 0 46 47 18 35 16 61 37 28 32 41 4 29 38 26 34 23 9 40 52
37 21 5 44 47 1 11 20 9 8 39 0 25 30 16 35 42 10 9 22 47 17 25 5 11 11 35 40 17 8
9 39 8 35 27 13 27 46 11 27 21 19 0 35 9 38 13 5 22 13 16 41 5 35 14 13 36 42 5 33
26 41 34 5 17 32 65 50 36 23 31 27 40 0 41 5 54 51 46 32 53 20 18 42 23 37 8 32 23 73
18 13 10 26 39 7 33 38 18 16 20 7 7 43 0 38 31 10 28 5 28 22 18 23 11 6 29 38 18 27
43 33 20 4 15 51 29 44 46 39 27 45 21 9 15 0 41 28 30 21 42 26 27 40 15 36 4 19 28 62
1 35 37 38 43 29 26 29 25 30 70 48 16 46 26 23 0 22 36 17 4 49 12 40 18 22 39 58 6 59
14 17 6 21 34 7 31 35 5 28 23 6 6 25 6 18 28 0 15 6 22 26 9 20 14 4 33 26 15 14
41 29 8 63 28 11 13 32 8 32 46 6 21 32 28 59 21 23 0 19 32 36 39 14 32 19 65 24 25 8
37 22 24 17 32 25 20 14 12 11 19 20 10 17 6 16 24 9 38 0 34 16 10 26 7 5 14 30 10 15
9 60 20 33 70 25 45 43 21 24 60 47 15 26 21 42 5 21 32 24 0 64 26 52 36 40 50 34 17 56
39 4 17 19 18 40 20 12 31 12 2 21 45 29 14 34 29 34 42 11 68 0 48 33 14 36 13 9 48 29
10 37 23 30 27 20 20 21 17 17 40 13 9 40 7 26 9 20 40 20 11 17 0 35 11 22 29 19 4 51
31 20 23 55 27 12 15 15 32 12 18 9 40 65 26 28 33 28 13 22 28 29 46 0 17 17 24 14 46 10
47 12 20 22 22 15 27 13 12 7 23 9 25 27 11 27 28 11 22 3 44 13 26 27 0 10 17 26 18 30
38 29 6 23 39 9 33 18 14 10 19 9 6 42 6 36 26 4 20 12 27 35 22 18 8 0 26 39 14 28
19 26 31 3 7 50 32 53 24 33 21 33 30 12 31 3 20 41 38 23 51 35 25 25 16 16 0 24 34 29
42 11 33 48 17 33 21 11 24 13 10 43 37 37 20 26 48 19 41 28 36 5 36 35 25 20 28 0 24 47
7 41 12 36 22 23 29 27 14 22 40 21 8 37 17 18 7 12 39 12 16 19 2 48 26 20 28 34 0 27
44 54 7 62 43 10 11 31 19 28 45 11 35 66 19 49 25 11 6 25 58 37 21 7 32 22 35 47 45 0