5
30
,
0 (42.0, 6.0) 39.0
1 (3.0, 29.0) 16.0
2 (37.0, 32.0) 31.0
3 (12.0, 4.0) 33.0
4 (1.0, 15.0) 15.0
5 (34.0, 36.0) 22.0
6 (17.0, 47.0) 26.0
7 (11.0, 45.0) 25.0
8 (40.0, 27.0) 29.0
9 (17.0, 36.0) 29.0
10 (1.0, 31.0) 23.0
11 (33.0, 37.0) 41.0
12 (34.0, 20.0) 17.0
13 (5.0, 1.0) 44.0
14 (27.0, 25.0) 27.0
15 (7.0, 7.0) 46.0
16 (41.0, 6.0) 34.0
17 (34.0, 27.0) 15.0
18 (41.0, 41.0) 32.0
19 (22.0, 24.0) 15.0
20 (48.0, 8.0) 18.0
21 (4.0, 33.0) 39.0
22 (31.0, 13.0) 14.0
23 (28.0, 46.0) 17.0
24 (19.0, 28.0) 32.0
25 (30.0, 29.0) 46.0
26 (11.0, 8.0) 48.0
27 (4.0, 40.0) 25.0
28 (34.0, 14.0) 17.0
29 (38.0, 46.0) 34.0
,
0 9 5 6 8 6 10 10 4 8 10 6 3 7 5 7 0 4 7 5 1 9 3 8 6 5 6 10 2 8
9 0 7 5 3 6 5 4 7 3 1 6 6 6 5 4 9 6 8 4 10 1 6 6 3 5 4 2 7 8
5 7 0 8 8 1 5 6 1 4 7 1 2 9 2 8 5 1 2 3 5 7 4 3 4 2 7 7 4 3
6 5 8 0 3 8 9 8 7 6 6 8 5 2 5 1 6 6 9 4 7 6 4 9 5 6 1 7 5 10
8 3 8 3 0 8 7 6 8 5 3 8 7 3 6 2 8 7 10 5 10 4 6 8 4 6 2 5 7 10
6 6 1 8 8 0 4 5 2 3 7 0 3 9 3 8 6 2 2 3 6 6 5 2 3 2 7 6 4 2
10 5 5 9 7 4 0 1 6 2 5 4 6 10 5 8 10 5 5 5 10 4 7 2 4 4 8 3 7 4
10 4 6 8 6 5 1 0 7 2 3 5 7 9 5 8 10 6 6 5 10 3 8 3 4 5 7 2 8 5
4 7 1 7 8 2 6 7 0 5 8 2 2 9 3 8 4 1 3 4 4 7 3 4 4 2 7 8 3 4
8 3 4 6 5 3 2 2 5 0 3 3 5 7 3 6 8 4 5 3 8 3 5 3 2 3 6 3 6 5
10 1 7 6 3 7 5 3 8 3 0 7 7 6 5 5 9 7 8 4 10 1 7 6 4 6 5 2 7 8
6 6 1 8 8 0 4 5 2 3 7 0 3 9 3 8 6 2 2 3 7 6 5 2 3 2 7 6 5 2
3 6 2 5 7 3 6 7 2 5 7 3 0 7 2 6 3 1 4 3 4 7 2 5 3 2 5 7 1 5
7 6 9 2 3 9 10 9 9 7 6 9 7 0 7 1 7 8 11 6 9 6 6 10 6 8 2 8 6 11
5 5 2 5 6 3 5 5 3 3 5 3 2 7 0 5 5 1 4 1 5 5 3 4 2 1 5 5 3 5
7 4 8 1 2 8 8 8 8 6 5 8 6 1 5 0 7 7 10 5 8 5 5 9 5 6 1 7 6 10
0 9 5 6 8 6 10 10 4 8 9 6 3 7 5 7 0 4 7 5 1 9 2 8 6 5 6 10 2 8
4 6 1 6 7 2 5 6 1 4 7 2 1 8 1 7 4 0 3 2 5 6 3 4 3 1 6 7 3 4
7 8 2 9 10 2 5 6 3 5 8 2 4 11 4 10 7 3 0 5 7 8 6 3 5 3 9 7 6 1
5 4 3 4 5 3 5 5 4 3 4 3 3 6 1 5 5 2 5 0 6 4 3 5 1 2 4 5 3 5
1 10 5 7 10 6 10 10 4 8 10 7 4 9 5 8 1 5 7 6 0 10 4 9 7 6 7 11 3 8
9 1 7 6 4 6 4 3 7 3 1 6 7 6 5 5 9 6 8 4 10 0 7 5 3 5 5 1 7 7
3 6 4 4 6 5 7 8 3 5 7 5 2 6 3 5 2 3 6 3 4 7 0 7 4 3 4 8 1 7
8 6 3 9 8 2 2 3 4 3 6 2 5 10 4 9 8 4 3 5 9 5 7 0 4 3 8 5 7 2
6 3 4 5 4 3 4 4 4 2 4 3 3 6 2 5 6 3 5 1 7 3 4 4 0 2 4 4 4 5
5 5 2 6 6 2 4 5 2 3 6 2 2 8 1 6 5 1 3 2 6 5 3 3 2 0 6 6 3 4
6 4 7 1 2 7 8 7 7 6 5 7 5 2 5 1 6 6 9 4 7 5 4 8 4 6 0 7 5 9
10 2 7 7 5 6 3 2 8 3 2 6 7 8 5 7 10 7 7 5 11 1 8 5 4 6 7 0 8 7
2 7 4 5 7 4 7 8 3 6 7 5 1 6 3 6 2 3 6 3 3 7 1 7 4 3 5 8 0 6
8 8 3 10 10 2 4 5 4 5 8 2 5 11 5 10 8 4 1 5 8 7 7 2 5 4 9 7 6 0
,
0 49 38 30 58 16 61 47 14 44 60 19 16 22 23 24 1 20 23 39 7 30 12 40 41 14 30 51 11 50
37 0 35 35 9 24 20 23 24 22 4 21 34 24 14 29 53 33 32 28 29 4 45 33 9 39 33 10 26 50
39 43 0 56 44 4 28 36 6 24 26 7 12 49 7 56 28 4 10 17 13 46 29 11 19 6 36 40 20 16
32 21 21 0 17 49 42 47 42 43 23 46 27 5 20 9 20 40 48 15 21 33 23 31 28 26 5 33 21 25
24 17 36 9 0 24 32 39 45 29 10 51 47 14 41 13 24 37 25 16 57 21 20 31 21 16 15 31 41 67
21 24 3 41 21 0 19 36 12 9 22 2 19 37 11 51 42 8 8 14 42 23 27 8 24 6 29 41 16 12
34 14 21 27 48 12 0 9 18 12 18 24 41 50 29 37 24 32 28 14 70 18 46 8 18 27 25 14 50 20
52 17 29 59 16 18 5 0 36 8 18 15 20 61 25 55 32 17 37 32 50 19 29 17 16 25 28 10 42 33
14 53 7 38 45 13 44 48 0 30 48 16 6 41 18 37 24 3 12 21 18 31 18 13 27 6 19 57 17 16
21 13 16 24 22 18 16 11 29 0 15 9 26 23 10 41 32 11 22 17 58 20 31 13 6 12 29 12 41 14
60 3 42 22 14 40 32 10 36 25 0 29 32 43 24 34 48 44 29 12 78 2 50 41 13 32 25 11 21 51
23 16 9 36 46 2 24 16 9 15 43 0 11 55 8 24 22 13 5 24 19 26 35 15 10 10 34 29 32 12
9 25 10 31 41 19 43 49 10 28 38 22 0 48 7 31 8 7 29 17 16 27 8 36 15 10 37 36 4 14
42 18 23 7 8 68 49 28 53 33 35 68 25 0 30 7 28 35 66 29 61 21 39 55 22 56 12 33 23 39
13 20 14 13 32 19 22 30 7 22 32 8 12 41 0 22 25 10 24 7 30 23 18 17 13 7 13 17 11 13
18 33 40 4 8 57 50 46 56 34 19 58 36 8 25 0 29 40 31 18 51 39 36 34 21 33 2 28 41 54
1 58 15 41 61 30 27 57 29 52 36 48 21 25 33 26 0 32 26 16 6 54 11 58 24 16 27 53 12 47
16 36 7 29 20 13 17 27 8 20 40 7 8 34 4 29 23 0 20 14 13 22 20 21 16 2 22 34 18 14
19 49 7 62 57 5 22 38 10 32 22 7 17 73 21 39 34 15 0 22 22 53 34 11 36 18 26 41 25 8
31 23 22 21 13 13 31 16 19 16 25 22 10 40 3 14 16 8 26 0 39 29 21 32 4 9 14 27 13 14
7 60 17 52 67 18 55 44 30 30 44 32 27 32 37 25 8 21 47 40 0 48 17 28 35 30 53 31 15 39
57 4 27 44 13 25 12 18 39 12 4 43 22 44 32 30 48 30 49 18 63 0 21 27 16 28 32 4 43 39
7 46 27 26 19 32 33 50 15 40 41 15 8 37 15 17 11 21 17 11 21 42 0 27 13 15 22 37 4 44
55 27 25 44 58 11 11 19 28 22 17 7 31 37 27 56 63 21 18 27 58 21 49 0 19 24 26 36 18 13
35 15 18 34 17 9 13 9 25 7 23 14 24 44 13 16 25 17 23 6 28 12 17 20 0 15 30 19 18 16
33 21 5 36 28 11 21 20 13 10 39 12 12 56 7 33 22 3 17 11 19 35 16 23 12 0 41 21 21 12
41 32 41 3 16 25 54 53 36 23 28 54 20 10 24 3 25 30 41 22 47 22 28 52 32 20 0 44 21 65
62 15 20 23 28 24 16 5 37 10 7 27 19 50 24 42 72 41 30 28 65 5 33 28 20 34 45 0 38 39
9 30 12 27 45 32 38 20 9 24 49 31 7 31 8 30 7 8 34 9 12 48 3 38 25 21 33 45 0 33
53 37 14 63 38 15 11 17 19 32 57 10 21 60 25 62 26 27 8 20 27 35 23 12 16 15 62 51 47 0