5
30
,
0 (42.0, 6.0) 37.0
1 (3.0, 29.0) 23.0
2 (37.0, 32.0) 19.0
3 (12.0, 4.0) 25.0
4 (1.0, 15.0) 46.0
5 (34.0, 36.0) 43.0
6 (17.0, 47.0) 20.0
7 (11.0, 45.0) 12.0
8 (40.0, 27.0) 15.0
9 (17.0, 36.0) 35.0
10 (1.0, 31.0) 10.0
11 (33.0, 37.0) 37.0
12 (34.0, 20.0) 43.0
13 (5.0, 1.0) 17.0
14 (27.0, 25.0) 14.0
15 (7.0, 7.0) 16.0
16 (41.0, 6.0) 28.0
17 (34.0, 27.0) 18.0
18 (41.0, 41.0) 14.0
19 (22.0, 24.0) 32.0
20 (48.0, 8.0) 34.0
21 (4.0, 33.0) 18.0
22 (31.0, 13.0) 19.0
23 (28.0, 46.0) 21.0
24 (19.0, 28.0) 14.0
25 (30.0, 29.0) 21.0
26 (11.0, 8.0) 19.0
27 (4.0, 40.0) 33.0
28 (34.0, 14.0) 30.0
29 (38.0, 46.0) 13.0
,
0 9 5 6 8 6 10 10 4 8 10 6 3 7 5 7 0 4 7 5 1 9 3 8 6 5 6 10 2 8
9 0 7 5 3 6 5 4 7 3 1 6 6 6 5 4 9 6 8 4 10 1 6 6 3 5 4 2 7 8
5 7 0 8 8 1 5 6 1 4 7 1 2 9 2 8 5 1 2 3 5 7 4 3 4 2 7 7 4 3
6 5 8 0 3 8 9 8 7 6 6 8 5 2 5 1 6 6 9 4 7 6 4 9 5 6 1 7 5 10
8 3 8 3 0 8 7 6 8 5 3 8 7 3 6 2 8 7 10 5 10 4 6 8 4 6 2 5 7 10
6 6 1 8 8 0 4 5 2 3 7 0 3 9 3 8 6 2 2 3 6 6 5 2 3 2 7 6 4 2
10 5 5 9 7 4 0 1 6 2 5 4 6 10 5 8 10 5 5 5 10 4 7 2 4 4 8 3 7 4
10 4 6 8 6 5 1 0 7 2 3 5 7 9 5 8 10 6 6 5 10 3 8 3 4 5 7 2 8 5
4 7 1 7 8 2 6 7 0 5 8 2 2 9 3 8 4 1 3 4 4 7 3 4 4 2 7 8 3 4
8 3 4 6 5 3 2 2 5 0 3 3 5 7 3 6 8 4 5 3 8 3 5 3 2 3 6 3 6 5
10 1 7 6 3 7 5 3 8 3 0 7 7 6 5 5 9 7 8 4 10 1 7 6 4 6 5 2 7 8
6 6 1 8 8 0 4 5 2 3 7 0 3 9 3 8 6 2 2 3 7 6 5 2 3 2 7 6 5 2
3 6 2 5 7 3 6 7 2 5 7 3 0 7 2 6 3 1 4 3 4 7 2 5 3 2 5 7 1 5
7 6 9 2 3 9 10 9 9 7 6 9 7 0 7 1 7 8 11 6 9 6 6 10 6 8 2 8 6 11
5 5 2 5 6 3 5 5 3 3 5 3 2 7 0 5 5 1 4 1 5 5 3 4 2 1 5 5 3 5
7 4 8 1 2 8 8 8 8 6 5 8 6 1 5 0 7 7 10 5 8 5 5 9 5 6 1 7 6 10
0 9 5 6 8 6 10 10 4 8 9 6 3 7 5 7 0 4 7 5 1 9 2 8 6 5 6 10 2 8
4 6 1 6 7 2 5 6 1 4 7 2 1 8 1 7 4 0 3 2 5 6 3 4 3 1 6 7 3 4
7 8 2 9 10 2 5 6 3 5 8 2 4 11 4 10 7 3 0 5 7 8 6 3 5 3 9 7 6 1
5 4 3 4 5 3 5 5 4 3 4 3 3 6 1 5 5 2 5 0 6 4 3 5 1 2 4 5 3 5
1 10 5 7 10 6 10 10 4 8 10 7 4 9 5 8 1 5 7 6 0 10 4 9 7 6 7 11 3 8
9 1 7 6 4 6 4 3 7 3 1 6 7 6 5 5 9 6 8 4 10 0 7 5 3 5 5 1 7 7
3 6 4 4 6 5 7 8 3 5 7 5 2 6 3 5 2 3 6 3 4 7 0 7 4 3 4 8 1 7
8 6 3 9 8 2 2 3 4 3 6 2 5 10 4 9 8 4 3 5 9 5 7 0 4 3 8 5 7 2
6 3 4 5 4 3 4 4 4 2 4 3 3 6 2 5 6 3 5 1 7 3 4 4 0 2 4 4 4 5
5 5 2 6 6 2 4 5 2 3 6 2 2 8 1 6 5 1 3 2 6 5 3 3 2 0 6 6 3 4
6 4 7 1 2 7 8 7 7 6 5 7 5 2 5 1 6 6 9 4 7 5 4 8 4 6 0 7 5 9
10 2 7 7 5 6 3 2 8 3 2 6 7 8 5 7 10 7 7 5 11 1 8 5 4 6 7 0 8 7
2 7 4 5 7 4 7 8 3 6 7 5 1 6 3 6 2 3 6 3 3 7 1 7 4 3 5 8 0 6
8 8 3 10 10 2 4 5 4 5 8 2 5 11 5 10 8 4 1 5 8 7 7 2 5 4 9 7 6 0
,
0 31 36 19 63 31 24 44 21 34 39 42 12 52 31 39 1 17 35 14 9 28 11 32 25 23 39 50 17 45
40 0 28 20 20 26 23 23 32 8 2 40 18 40 35 25 39 20 49 11 50 4 31 38 12 34 17 10 24 44
19 44 0 29 31 6 23 33 3 17 24 8 10 65 8 31 35 6 15 15 18 23 17 13 11 7 24 36 13 14
44 35 39 0 14 31 33 57 32 27 23 45 41 9 36 8 31 21 52 13 36 17 19 64 32 45 4 48 13 40
57 9 46 11 0 27 27 33 51 37 14 20 44 15 20 13 48 34 35 29 58 13 28 42 31 29 15 16 26 37
37 35 6 57 29 0 23 25 6 13 21 1 14 44 13 56 27 8 6 25 33 38 16 8 25 6 52 30 16 10
55 19 25 38 32 18 0 7 34 14 30 22 19 50 29 44 30 28 35 19 29 28 55 16 18 21 23 15 54 16
30 25 27 28 30 36 8 0 36 9 16 28 18 35 32 27 59 43 16 33 57 8 38 16 27 36 34 12 30 28
29 51 5 26 31 15 35 18 0 17 24 18 13 39 16 50 25 6 17 17 11 22 25 28 30 12 48 47 19 19
21 16 16 36 25 21 16 10 27 0 22 21 33 46 10 28 54 23 28 10 42 19 32 8 12 22 42 15 26 21
29 2 43 18 19 46 19 12 45 14 0 48 39 22 25 16 35 39 34 27 35 5 32 16 25 40 33 10 31 26
46 35 8 50 42 2 11 29 9 8 30 0 21 27 10 41 48 11 6 11 25 34 27 10 11 6 48 29 23 6
8 25 8 35 18 22 44 20 10 16 47 10 0 37 6 26 21 8 26 18 12 44 9 35 15 8 27 31 6 21
21 37 35 10 21 34 69 58 29 47 16 65 33 0 44 8 25 35 56 25 54 31 32 44 24 44 13 53 24 67
35 19 10 32 15 7 21 37 19 21 26 7 11 22 0 40 18 7 22 6 16 31 9 16 8 7 20 30 14 33
21 31 30 6 9 34 39 27 28 24 28 34 21 3 36 0 42 19 34 12 38 26 16 40 23 24 3 17 36 30
1 37 13 28 61 46 37 34 21 33 24 20 22 49 34 28 0 32 30 24 8 54 10 51 21 34 39 68 6 33
18 31 5 45 31 5 32 21 7 11 42 7 7 57 4 48 15 0 17 8 30 42 19 24 19 6 17 42 14 27
22 46 13 69 35 8 19 36 16 26 26 11 14 51 31 45 46 12 0 20 50 49 15 20 19 14 42 39 29 4
17 14 19 15 32 12 16 25 26 7 16 12 16 42 6 13 25 7 35 0 40 23 10 16 6 12 22 19 12 15
8 58 23 25 70 23 32 70 26 43 69 44 18 26 25 48 6 27 29 26 0 46 12 46 34 25 41 59 11 53
36 3 42 18 10 37 18 17 22 8 2 31 24 41 22 32 56 17 56 23 66 0 31 36 21 15 28 8 41 26
12 21 16 16 16 25 32 42 23 19 34 13 7 15 12 21 15 12 20 10 21 22 0 39 14 16 28 56 3 18
43 39 11 53 44 13 7 12 14 9 28 13 39 26 27 27 48 12 13 33 30 40 45 0 30 25 36 30 43 14
36 10 20 31 13 10 23 25 22 8 11 23 14 17 7 22 39 11 36 7 18 14 14 10 0 8 23 26 21 18
19 28 10 34 42 10 20 20 15 15 28 9 10 37 7 43 20 3 22 7 38 29 10 11 6 0 39 15 13 16
27 30 35 5 17 36 39 22 28 22 19 50 35 9 22 4 37 20 40 21 21 15 11 28 14 14 0 18 28 37
40 16 41 29 13 18 19 8 29 17 11 24 49 34 33 40 33 19 19 27 37 9 41 24 21 23 40 0 56 25
9 23 10 29 29 12 53 51 17 25 46 28 8 40 14 14 15 19 26 22 20 36 5 24 28 17 15 37 0 34
31 35 21 38 46 10 23 16 20 28 28 9 17 45 32 30 29 28 5 30 46 26 45 12 36 12 70 48 28 0