5
30
,
0 (42.0, 6.0) 24.0
1 (3.0, 29.0) 10.0
2 (37.0, 32.0) 22.0
3 (12.0, 4.0) 36.0
4 (1.0, 15.0) 11.0
5 (34.0, 36.0) 18.0
6 (17.0, 47.0) 28.0
7 (11.0, 45.0) 36.0
8 (40.0, 27.0) 28.0
9 (17.0, 36.0) 47.0
10 (1.0, 31.0) 38.0
11 (33.0, 37.0) 28.0
12 (34.0, 20.0) 11.0
13 (5.0, 1.0) 13.0
14 (27.0, 25.0) 46.0
15 (7.0, 7.0) 36.0
16 (41.0, 6.0) 29.0
17 (34.0, 27.0) 41.0
18 (41.0, 41.0) 24.0
19 (22.0, 24.0) 23.0
20 (48.0, 8.0) 24.0
21 (4.0, 33.0) 21.0
22 (31.0, 13.0) 14.0
23 (28.0, 46.0) 48.0
24 (19.0, 28.0) 45.0
25 (30.0, 29.0) 13.0
26 (11.0, 8.0) 19.0
27 (4.0, 40.0) 37.0
28 (34.0, 14.0) 24.0
29 (38.0, 46.0) 20.0
,
0 9 5 6 8 6 10 10 4 8 10 6 3 7 5 7 0 4 7 5 1 9 3 8 6 5 6 10 2 8
9 0 7 5 3 6 5 4 7 3 1 6 6 6 5 4 9 6 8 4 10 1 6 6 3 5 4 2 7 8
5 7 0 8 8 1 5 6 1 4 7 1 2 9 2 8 5 1 2 3 5 7 4 3 4 2 7 7 4 3
6 5 8 0 3 8 9 8 7 6 6 8 5 2 5 1 6 6 9 4 7 6 4 9 5 6 1 7 5 10
8 3 8 3 0 8 7 6 8 5 3 8 7 3 6 2 8 7 10 5 10 4 6 8 4 6 2 5 7 10
6 6 1 8 8 0 4 5 2 3 7 0 3 9 3 8 6 2 2 3 6 6 5 2 3 2 7 6 4 2
10 5 5 9 7 4 0 1 6 2 5 4 6 10 5 8 10 5 5 5 10 4 7 2 4 4 8 3 7 4
10 4 6 8 6 5 1 0 7 2 3 5 7 9 5 8 10 6 6 5 10 3 8 3 4 5 7 2 8 5
4 7 1 7 8 2 6 7 0 5 8 2 2 9 3 8 4 1 3 4 4 7 3 4 4 2 7 8 3 4
8 3 4 6 5 3 2 2 5 0 3 3 5 7 3 6 8 4 5 3 8 3 5 3 2 3 6 3 6 5
10 1 7 6 3 7 5 3 8 3 0 7 7 6 5 5 9 7 8 4 10 1 7 6 4 6 5 2 7 8
6 6 1 8 8 0 4 5 2 3 7 0 3 9 3 8 6 2 2 3 7 6 5 2 3 2 7 6 5 2
3 6 2 5 7 3 6 7 2 5 7 3 0 7 2 6 3 1 4 3 4 7 2 5 3 2 5 7 1 5
7 6 9 2 3 9 10 9 9 7 6 9 7 0 7 1 7 8 11 6 9 6 6 10 6 8 2 8 6 11
5 5 2 5 6 3 5 5 3 3 5 3 2 7 0 5 5 1 4 1 5 5 3 4 2 1 5 5 3 5
7 4 8 1 2 8 8 8 8 6 5 8 6 1 5 0 7 7 10 5 8 5 5 9 5 6 1 7 6 10
0 9 5 6 8 6 10 10 4 8 9 6 3 7 5 7 0 4 7 5 1 9 2 8 6 5 6 10 2 8
4 6 1 6 7 2 5 6 1 4 7 2 1 8 1 7 4 0 3 2 5 6 3 4 3 1 6 7 3 4
7 8 2 9 10 2 5 6 3 5 8 2 4 11 4 10 7 3 0 5 7 8 6 3 5 3 9 7 6 1
5 4 3 4 5 3 5 5 4 3 4 3 3 6 1 5 5 2 5 0 6 4 3 5 1 2 4 5 3 5
1 10 5 7 10 6 10 10 4 8 10 7 4 9 5 8 1 5 7 6 0 10 4 9 7 6 7 11 3 8
9 1 7 6 4 6 4 3 7 3 1 6 7 6 5 5 9 6 8 4 10 0 7 5 3 5 5 1 7 7
3 6 4 4 6 5 7 8 3 5 7 5 2 6 3 5 2 3 6 3 4 7 0 7 4 3 4 8 1 7
8 6 3 9 8 2 2 3 4 3 6 2 5 10 4 9 8 4 3 5 9 5 7 0 4 3 8 5 7 2
6 3 4 5 4 3 4 4 4 2 4 3 3 6 2 5 6 3 5 1 7 3 4 4 0 2 4 4 4 5
5 5 2 6 6 2 4 5 2 3 6 2 2 8 1 6 5 1 3 2 6 5 3 3 2 0 6 6 3 4
6 4 7 1 2 7 8 7 7 6 5 7 5 2 5 1 6 6 9 4 7 5 4 8 4 6 0 7 5 9
10 2 7 7 5 6 3 2 8 3 2 6 7 8 5 7 10 7 7 5 11 1 8 5 4 6 7 0 8 7
2 7 4 5 7 4 7 8 3 6 7 5 1 6 3 6 2 3 6 3 3 7 1 7 4 3 5 8 0 6
8 8 3 10 10 2 4 5 4 5 8 2 5 11 5 10 8 4 1 5 8 7 7 2 5 4 9 7 6 0
,
0 48 35 21 60 23 63 48 25 20 46 31 11 22 32 32 1 24 33 14 9 30 13 55 43 23 18 45 10 52
47 0 37 24 8 46 16 18 25 21 4 17 29 16 13 18 44 26 49 28 70 5 44 34 21 27 30 12 40 32
39 28 0 30 41 6 37 34 5 23 48 4 8 62 18 57 24 6 6 22 36 49 20 14 11 11 45 27 22 10
30 28 54 0 12 39 53 49 31 23 16 57 40 4 31 8 20 18 64 33 38 27 19 38 17 34 4 20 23 72
27 18 35 18 0 36 40 35 40 14 14 40 18 19 22 12 51 23 52 25 71 24 34 58 28 27 16 19 38 31
31 25 6 26 25 0 14 31 15 10 23 2 21 60 12 57 35 13 11 11 43 29 21 9 18 5 31 32 15 11
69 16 18 59 21 18 0 6 23 11 16 10 30 27 15 57 36 16 20 24 55 17 29 7 10 24 48 15 27 24
35 22 36 37 20 31 9 0 33 10 11 34 20 50 35 52 65 30 29 12 75 7 30 10 26 25 49 11 19 23
19 40 3 48 27 6 44 19 0 16 56 17 11 25 12 42 21 5 21 9 17 28 17 15 31 12 40 46 10 25
44 13 27 19 30 9 8 9 34 0 13 8 22 32 22 28 40 19 31 8 44 16 26 11 8 10 18 13 18 21
29 1 28 29 12 34 21 10 55 12 0 48 29 18 20 16 46 30 57 31 66 5 35 16 27 20 21 12 53 53
38 37 3 44 21 1 28 23 10 23 43 0 11 62 17 49 18 6 9 20 24 41 16 12 20 6 34 15 12 6
16 34 12 32 30 20 34 34 10 28 42 24 0 32 11 18 11 10 31 10 12 30 7 39 19 14 32 44 7 31
37 33 63 5 11 42 33 29 24 45 40 50 38 0 47 4 38 53 67 18 52 18 26 34 35 28 13 30 44 81
19 21 13 24 33 16 27 33 8 19 39 14 6 34 0 28 20 10 15 5 17 13 14 31 7 7 26 39 11 23
51 21 24 6 12 58 51 53 56 45 24 44 29 6 23 0 28 18 57 22 47 17 21 55 23 43 4 19 25 50
1 66 26 26 24 34 32 49 24 56 35 19 21 53 33 49 0 11 22 19 10 60 13 54 32 28 23 72 8 33
14 44 5 20 35 7 29 21 4 25 45 6 10 20 5 45 30 0 19 18 28 43 10 21 22 5 44 39 11 12
28 47 14 41 51 7 26 24 20 30 40 6 28 55 25 59 45 19 0 33 48 42 40 12 14 9 54 43 34 4
39 18 9 15 29 19 18 24 18 18 16 24 10 39 7 32 17 14 32 0 24 21 8 31 4 7 17 16 14 39
8 54 32 44 45 44 61 53 19 36 40 28 17 30 20 32 6 15 34 31 0 74 13 38 24 29 32 62 19 37
29 4 30 38 20 29 22 10 53 17 4 29 34 28 28 23 42 38 21 13 26 0 26 36 19 39 37 5 38 42
15 24 23 28 43 12 39 52 14 27 48 33 11 22 16 32 12 18 31 20 18 46 0 21 25 22 22 50 2 47
46 37 22 49 36 15 16 13 27 12 20 5 35 51 15 25 57 12 7 28 52 26 45 0 16 16 42 21 33 8
46 13 12 27 22 23 23 12 18 8 26 17 25 29 7 19 33 12 27 6 30 13 10 29 0 6 19 15 12 29
15 27 5 25 40 10 27 28 14 20 22 7 13 20 3 20 21 4 12 5 27 29 10 16 13 0 27 28 13 25
36 17 21 4 16 37 59 28 32 21 17 49 37 8 20 5 30 43 38 24 41 34 27 35 17 41 0 36 12 58
46 6 37 33 19 45 9 11 45 20 5 36 38 44 31 24 41 33 30 22 75 4 38 29 26 26 40 0 59 38
13 36 20 22 38 25 46 32 11 15 30 18 7 31 9 17 11 19 41 10 19 24 3 20 18 23 23 23 0 34
54 51 7 52 70 13 19 19 26 16 56 6 31 55 23 56 29 28 3 28 29 47 47 5 24 12 34 38 43 0