5
30
,
0 (42.0, 6.0) 22.0
1 (3.0, 29.0) 17.0
2 (37.0, 32.0) 47.0
3 (12.0, 4.0) 21.0
4 (1.0, 15.0) 24.0
5 (34.0, 36.0) 37.0
6 (17.0, 47.0) 10.0
7 (11.0, 45.0) 18.0
8 (40.0, 27.0) 11.0
9 (17.0, 36.0) 24.0
10 (1.0, 31.0) 18.0
11 (33.0, 37.0) 10.0
12 (34.0, 20.0) 30.0
13 (5.0, 1.0) 36.0
14 (27.0, 25.0) 21.0
15 (7.0, 7.0) 24.0
16 (41.0, 6.0) 13.0
17 (34.0, 27.0) 16.0
18 (41.0, 41.0) 23.0
19 (22.0, 24.0) 32.0
20 (48.0, 8.0) 27.0
21 (4.0, 33.0) 31.0
22 (31.0, 13.0) 30.0
23 (28.0, 46.0) 20.0
24 (19.0, 28.0) 14.0
25 (30.0, 29.0) 37.0
26 (11.0, 8.0) 15.0
27 (4.0, 40.0) 47.0
28 (34.0, 14.0) 20.0
29 (38.0, 46.0) 13.0
,
0 9 5 6 8 6 10 10 4 8 10 6 3 7 5 7 0 4 7 5 1 9 3 8 6 5 6 10 2 8
9 0 7 5 3 6 5 4 7 3 1 6 6 6 5 4 9 6 8 4 10 1 6 6 3 5 4 2 7 8
5 7 0 8 8 1 5 6 1 4 7 1 2 9 2 8 5 1 2 3 5 7 4 3 4 2 7 7 4 3
6 5 8 0 3 8 9 8 7 6 6 8 5 2 5 1 6 6 9 4 7 6 4 9 5 6 1 7 5 10
8 3 8 3 0 8 7 6 8 5 3 8 7 3 6 2 8 7 10 5 10 4 6 8 4 6 2 5 7 10
6 6 1 8 8 0 4 5 2 3 7 0 3 9 3 8 6 2 2 3 6 6 5 2 3 2 7 6 4 2
10 5 5 9 7 4 0 1 6 2 5 4 6 10 5 8 10 5 5 5 10 4 7 2 4 4 8 3 7 4
10 4 6 8 6 5 1 0 7 2 3 5 7 9 5 8 10 6 6 5 10 3 8 3 4 5 7 2 8 5
4 7 1 7 8 2 6 7 0 5 8 2 2 9 3 8 4 1 3 4 4 7 3 4 4 2 7 8 3 4
8 3 4 6 5 3 2 2 5 0 3 3 5 7 3 6 8 4 5 3 8 3 5 3 2 3 6 3 6 5
10 1 7 6 3 7 5 3 8 3 0 7 7 6 5 5 9 7 8 4 10 1 7 6 4 6 5 2 7 8
6 6 1 8 8 0 4 5 2 3 7 0 3 9 3 8 6 2 2 3 7 6 5 2 3 2 7 6 5 2
3 6 2 5 7 3 6 7 2 5 7 3 0 7 2 6 3 1 4 3 4 7 2 5 3 2 5 7 1 5
7 6 9 2 3 9 10 9 9 7 6 9 7 0 7 1 7 8 11 6 9 6 6 10 6 8 2 8 6 11
5 5 2 5 6 3 5 5 3 3 5 3 2 7 0 5 5 1 4 1 5 5 3 4 2 1 5 5 3 5
7 4 8 1 2 8 8 8 8 6 5 8 6 1 5 0 7 7 10 5 8 5 5 9 5 6 1 7 6 10
0 9 5 6 8 6 10 10 4 8 9 6 3 7 5 7 0 4 7 5 1 9 2 8 6 5 6 10 2 8
4 6 1 6 7 2 5 6 1 4 7 2 1 8 1 7 4 0 3 2 5 6 3 4 3 1 6 7 3 4
7 8 2 9 10 2 5 6 3 5 8 2 4 11 4 10 7 3 0 5 7 8 6 3 5 3 9 7 6 1
5 4 3 4 5 3 5 5 4 3 4 3 3 6 1 5 5 2 5 0 6 4 3 5 1 2 4 5 3 5
1 10 5 7 10 6 10 10 4 8 10 7 4 9 5 8 1 5 7 6 0 10 4 9 7 6 7 11 3 8
9 1 7 6 4 6 4 3 7 3 1 6 7 6 5 5 9 6 8 4 10 0 7 5 3 5 5 1 7 7
3 6 4 4 6 5 7 8 3 5 7 5 2 6 3 5 2 3 6 3 4 7 0 7 4 3 4 8 1 7
8 6 3 9 8 2 2 3 4 3 6 2 5 10 4 9 8 4 3 5 9 5 7 0 4 3 8 5 7 2
6 3 4 5 4 3 4 4 4 2 4 3 3 6 2 5 6 3 5 1 7 3 4 4 0 2 4 4 4 5
5 5 2 6 6 2 4 5 2 3 6 2 2 8 1 6 5 1 3 2 6 5 3 3 2 0 6 6 3 4
6 4 7 1 2 7 8 7 7 6 5 7 5 2 5 1 6 6 9 4 7 5 4 8 4 6 0 7 5 9
10 2 7 7 5 6 3 2 8 3 2 6 7 8 5 7 10 7 7 5 11 1 8 5 4 6 7 0 8 7
2 7 4 5 7 4 7 8 3 6 7 5 1 6 3 6 2 3 6 3 3 7 1 7 4 3 5 8 0 6
8 8 3 10 10 2 4 5 4 5 8 2 5 11 5 10 8 4 1 5 8 7 7 2 5 4 9 7 6 0
,
0 55 27 32 50 38 37 62 17 28 69 33 22 55 14 25 1 23 23 33 6 66 15 33 42 31 31 71 9 36
62 0 29 28 11 22 19 12 48 21 2 41 21 20 19 33 31 36 20 26 28 3 18 35 15 21 13 10 45 34
23 19 0 38 58 3 16 42 5 29 35 8 8 65 16 29 31 5 7 11 20 41 25 11 23 5 40 21 27 9
20 20 37 0 17 27 61 34 24 26 41 21 22 10 32 4 20 39 64 20 43 38 14 65 34 25 3 19 15 36
27 17 29 9 0 21 31 42 33 34 22 57 44 12 39 8 48 18 38 20 61 24 17 53 25 29 7 28 21 56
26 18 5 48 47 0 15 33 7 20 47 2 20 64 11 39 33 5 8 15 29 20 17 17 25 11 53 38 12 7
33 32 24 54 53 23 0 8 45 8 20 28 39 49 18 52 27 15 31 21 47 21 38 15 17 15 28 10 34 11
27 25 31 32 41 34 7 0 32 8 18 15 26 46 27 30 66 22 42 19 67 14 41 15 21 35 48 5 31 30
29 24 7 30 21 6 40 44 0 31 59 15 5 60 11 29 20 7 18 23 16 39 15 31 20 15 31 35 8 28
34 8 29 32 14 15 10 6 23 0 21 21 27 35 17 38 22 14 27 12 32 8 21 12 11 18 35 16 33 14
67 3 19 21 24 17 25 20 38 9 0 19 32 42 32 35 51 20 27 18 70 5 20 46 25 19 19 9 19 25
39 29 6 50 35 1 24 22 9 8 34 0 25 26 15 54 29 8 10 13 17 34 34 10 24 10 30 24 28 12
21 33 14 16 37 17 40 48 9 13 35 16 0 30 13 43 8 7 29 16 17 39 8 22 20 5 21 46 8 20
54 40 28 9 15 26 53 27 41 25 39 53 31 0 17 9 53 24 56 24 61 21 29 72 29 53 13 23 28 29
17 25 16 34 34 9 29 23 18 11 36 16 11 26 0 30 33 8 27 8 29 14 11 12 7 6 18 22 14 35
50 13 36 3 11 58 61 53 55 16 22 23 28 4 19 0 27 48 43 19 24 32 26 36 32 25 2 38 17 28
1 38 19 31 54 36 54 36 24 36 25 43 11 22 34 31 0 20 25 22 7 50 14 22 35 20 39 40 6 46
16 28 6 26 29 12 16 36 3 23 33 9 7 54 6 42 16 0 10 7 12 31 10 17 12 5 19 30 13 29
19 53 12 64 55 12 17 15 16 17 30 7 12 32 27 61 21 20 0 22 39 35 18 8 15 21 60 33 41 6
37 10 21 30 25 15 17 24 15 10 18 20 15 31 4 29 25 9 35 0 36 14 20 22 7 9 20 24 14 30
9 40 29 18 65 43 63 55 12 24 34 44 11 40 21 38 6 31 41 19 0 66 21 25 38 36 42 69 20 26
67 4 26 25 20 21 22 10 27 13 4 29 32 29 31 37 27 15 28 24 37 0 27 15 11 35 35 8 20 24
12 32 27 31 41 19 32 23 20 35 20 23 10 33 15 22 12 10 30 13 25 22 0 20 28 16 30 27 4 22
47 19 23 43 45 9 13 9 24 20 33 14 33 48 11 25 26 25 16 18 40 41 35 0 15 18 59 34 48 12
23 17 24 29 16 21 27 21 25 9 17 15 25 41 10 16 23 16 25 3 45 24 23 30 0 16 28 12 12 20
34 24 4 22 19 12 13 23 8 11 32 12 12 33 7 25 31 6 12 14 18 32 14 11 9 0 42 24 14 16
41 12 36 4 16 35 36 26 44 17 19 22 25 12 14 4 23 26 54 10 19 34 13 31 20 15 0 47 15 50
53 9 31 36 24 35 18 9 30 16 6 22 34 31 35 29 75 21 53 13 45 10 42 16 16 41 35 0 59 49
7 36 25 22 37 29 42 40 21 26 36 30 7 35 8 18 11 16 23 17 11 21 4 30 16 21 24 37 0 33
53 44 12 62 43 8 12 30 29 20 43 9 22 46 19 62 50 15 4 20 21 38 19 7 26 19 69 27 28 0