5
30
,
0 (42.0, 6.0) 23.0
1 (3.0, 29.0) 26.0
2 (37.0, 32.0) 24.0
3 (12.0, 4.0) 32.0
4 (1.0, 15.0) 46.0
5 (34.0, 36.0) 17.0
6 (17.0, 47.0) 37.0
7 (11.0, 45.0) 38.0
8 (40.0, 27.0) 44.0
9 (17.0, 36.0) 32.0
10 (1.0, 31.0) 42.0
11 (33.0, 37.0) 44.0
12 (34.0, 20.0) 41.0
13 (5.0, 1.0) 49.0
14 (27.0, 25.0) 11.0
15 (7.0, 7.0) 33.0
16 (41.0, 6.0) 27.0
17 (34.0, 27.0) 11.0
18 (41.0, 41.0) 15.0
19 (22.0, 24.0) 26.0
20 (48.0, 8.0) 40.0
21 (4.0, 33.0) 30.0
22 (31.0, 13.0) 40.0
23 (28.0, 46.0) 15.0
24 (19.0, 28.0) 21.0
25 (30.0, 29.0) 23.0
26 (11.0, 8.0) 29.0
27 (4.0, 40.0) 36.0
28 (34.0, 14.0) 14.0
29 (38.0, 46.0) 50.0
,
0 9 5 6 8 6 10 10 4 8 10 6 3 7 5 7 0 4 7 5 1 9 3 8 6 5 6 10 2 8
9 0 7 5 3 6 5 4 7 3 1 6 6 6 5 4 9 6 8 4 10 1 6 6 3 5 4 2 7 8
5 7 0 8 8 1 5 6 1 4 7 1 2 9 2 8 5 1 2 3 5 7 4 3 4 2 7 7 4 3
6 5 8 0 3 8 9 8 7 6 6 8 5 2 5 1 6 6 9 4 7 6 4 9 5 6 1 7 5 10
8 3 8 3 0 8 7 6 8 5 3 8 7 3 6 2 8 7 10 5 10 4 6 8 4 6 2 5 7 10
6 6 1 8 8 0 4 5 2 3 7 0 3 9 3 8 6 2 2 3 6 6 5 2 3 2 7 6 4 2
10 5 5 9 7 4 0 1 6 2 5 4 6 10 5 8 10 5 5 5 10 4 7 2 4 4 8 3 7 4
10 4 6 8 6 5 1 0 7 2 3 5 7 9 5 8 10 6 6 5 10 3 8 3 4 5 7 2 8 5
4 7 1 7 8 2 6 7 0 5 8 2 2 9 3 8 4 1 3 4 4 7 3 4 4 2 7 8 3 4
8 3 4 6 5 3 2 2 5 0 3 3 5 7 3 6 8 4 5 3 8 3 5 3 2 3 6 3 6 5
10 1 7 6 3 7 5 3 8 3 0 7 7 6 5 5 9 7 8 4 10 1 7 6 4 6 5 2 7 8
6 6 1 8 8 0 4 5 2 3 7 0 3 9 3 8 6 2 2 3 7 6 5 2 3 2 7 6 5 2
3 6 2 5 7 3 6 7 2 5 7 3 0 7 2 6 3 1 4 3 4 7 2 5 3 2 5 7 1 5
7 6 9 2 3 9 10 9 9 7 6 9 7 0 7 1 7 8 11 6 9 6 6 10 6 8 2 8 6 11
5 5 2 5 6 3 5 5 3 3 5 3 2 7 0 5 5 1 4 1 5 5 3 4 2 1 5 5 3 5
7 4 8 1 2 8 8 8 8 6 5 8 6 1 5 0 7 7 10 5 8 5 5 9 5 6 1 7 6 10
0 9 5 6 8 6 10 10 4 8 9 6 3 7 5 7 0 4 7 5 1 9 2 8 6 5 6 10 2 8
4 6 1 6 7 2 5 6 1 4 7 2 1 8 1 7 4 0 3 2 5 6 3 4 3 1 6 7 3 4
7 8 2 9 10 2 5 6 3 5 8 2 4 11 4 10 7 3 0 5 7 8 6 3 5 3 9 7 6 1
5 4 3 4 5 3 5 5 4 3 4 3 3 6 1 5 5 2 5 0 6 4 3 5 1 2 4 5 3 5
1 10 5 7 10 6 10 10 4 8 10 7 4 9 5 8 1 5 7 6 0 10 4 9 7 6 7 11 3 8
9 1 7 6 4 6 4 3 7 3 1 6 7 6 5 5 9 6 8 4 10 0 7 5 3 5 5 1 7 7
3 6 4 4 6 5 7 8 3 5 7 5 2 6 3 5 2 3 6 3 4 7 0 7 4 3 4 8 1 7
8 6 3 9 8 2 2 3 4 3 6 2 5 10 4 9 8 4 3 5 9 5 7 0 4 3 8 5 7 2
6 3 4 5 4 3 4 4 4 2 4 3 3 6 2 5 6 3 5 1 7 3 4 4 0 2 4 4 4 5
5 5 2 6 6 2 4 5 2 3 6 2 2 8 1 6 5 1 3 2 6 5 3 3 2 0 6 6 3 4
6 4 7 1 2 7 8 7 7 6 5 7 5 2 5 1 6 6 9 4 7 5 4 8 4 6 0 7 5 9
10 2 7 7 5 6 3 2 8 3 2 6 7 8 5 7 10 7 7 5 11 1 8 5 4 6 7 0 8 7
2 7 4 5 7 4 7 8 3 6 7 5 1 6 3 6 2 3 6 3 3 7 1 7 4 3 5 8 0 6
8 8 3 10 10 2 4 5 4 5 8 2 5 11 5 10 8 4 1 5 8 7 7 2 5 4 9 7 6 0
,
0 65 15 17 31 35 65 69 26 38 44 23 12 29 29 30 1 20 52 30 4 49 14 23 31 28 45 52 13 43
23 0 44 28 9 45 31 11 35 20 2 44 25 23 35 27 36 40 24 25 39 2 37 26 20 18 19 14 51 44
28 46 0 41 58 7 34 41 8 21 22 6 12 37 16 34 22 8 7 22 27 42 14 10 20 8 19 39 17 8
23 32 23 0 13 29 34 37 39 45 34 42 19 8 21 8 18 40 42 26 25 16 11 42 22 32 5 19 33 62
56 21 48 12 0 42 36 23 39 21 17 38 47 16 40 8 50 40 44 30 31 26 30 46 20 40 12 28 40 49
41 37 6 48 42 0 22 22 8 21 21 1 10 64 19 34 18 13 9 23 36 34 17 7 17 7 46 21 14 12
36 24 20 40 39 24 0 7 37 11 31 19 18 29 30 42 27 24 18 16 32 11 20 6 20 16 48 20 38 28
31 23 30 50 33 17 6 0 22 6 26 17 36 43 21 42 69 36 39 14 48 7 31 9 20 23 54 5 44 33
20 35 6 49 38 6 24 46 0 30 42 7 13 58 16 58 16 9 14 11 22 36 10 24 30 6 38 33 11 15
31 8 14 36 38 12 10 6 20 0 20 19 32 49 9 43 24 27 37 14 31 18 15 8 12 20 30 13 25 14
29 4 53 40 23 21 22 11 28 16 0 19 36 33 24 16 55 46 57 14 47 5 23 45 13 36 34 8 26 34
34 39 4 40 57 1 22 21 6 12 34 0 18 43 9 51 30 15 9 16 34 43 24 15 17 12 46 38 12 12
19 29 8 26 27 16 25 36 6 27 27 23 0 41 9 21 11 8 14 13 13 49 9 19 11 10 15 35 5 30
51 15 51 11 17 44 57 39 60 25 24 33 37 0 32 7 45 39 61 23 26 42 39 56 38 46 12 42 23 37
12 18 13 19 19 17 23 26 14 11 20 9 13 48 0 33 14 4 25 8 21 21 15 19 10 7 22 20 18 33
45 16 26 5 12 23 22 47 47 35 34 41 27 8 19 0 40 40 65 30 57 24 27 64 36 31 3 46 40 48
1 23 24 44 42 25 69 66 15 20 51 45 17 47 25 24 0 25 34 22 11 49 8 42 40 18 40 56 15 28
31 23 7 20 31 11 38 39 9 24 48 9 8 56 10 22 28 0 9 8 15 41 16 13 20 2 22 35 15 15
20 37 11 43 68 5 21 35 17 16 38 13 18 69 15 56 51 20 0 35 29 51 36 16 37 21 39 42 22 8
27 22 19 26 13 12 32 29 26 7 21 11 14 17 6 23 19 11 17 0 25 11 10 17 4 14 28 26 21 26
9 31 28 27 36 16 39 72 24 42 30 27 14 38 36 44 7 18 22 44 0 73 19 59 33 17 54 79 12 21
23 3 35 32 13 26 27 16 54 15 5 34 28 47 20 18 46 16 26 28 50 0 29 34 19 15 35 8 51 53
11 42 28 18 36 34 28 35 23 36 18 22 4 26 7 30 6 21 22 13 25 26 0 24 13 10 25 51 2 26
61 35 13 51 47 13 13 23 16 14 36 11 36 75 12 38 41 14 9 33 54 33 50 0 29 25 42 19 20 11
39 15 12 23 12 24 24 28 17 6 25 15 10 41 6 19 17 11 19 4 23 18 24 20 0 11 31 16 17 17
38 14 11 17 37 7 15 24 6 9 37 4 14 20 3 33 27 4 21 7 33 18 24 25 9 0 35 39 11 23
32 25 26 3 6 19 42 50 44 17 34 46 16 8 13 5 41 20 34 17 40 18 18 22 32 38 0 47 14 66
66 7 20 24 19 34 17 6 50 19 7 40 22 40 32 49 32 45 19 30 52 6 31 23 22 27 21 0 40 43
14 22 10 19 40 22 24 45 20 22 20 20 6 33 15 24 8 13 22 14 10 28 2 42 13 8 32 40 0 25
51 51 8 36 62 7 31 20 10 26 50 14 38 51 14 58 20 13 4 36 45 27 40 6 30 21 32 27 16 0