5
30
,
0 (42.0, 6.0) 21.0
1 (3.0, 29.0) 20.0
2 (37.0, 32.0) 21.0
3 (12.0, 4.0) 37.0
4 (1.0, 15.0) 26.0
5 (34.0, 36.0) 19.0
6 (17.0, 47.0) 25.0
7 (11.0, 45.0) 13.0
8 (40.0, 27.0) 40.0
9 (17.0, 36.0) 43.0
10 (1.0, 31.0) 32.0
11 (33.0, 37.0) 15.0
12 (34.0, 20.0) 16.0
13 (5.0, 1.0) 18.0
14 (27.0, 25.0) 42.0
15 (7.0, 7.0) 28.0
16 (41.0, 6.0) 11.0
17 (34.0, 27.0) 33.0
18 (41.0, 41.0) 20.0
19 (22.0, 24.0) 31.0
20 (48.0, 8.0) 42.0
21 (4.0, 33.0) 23.0
22 (31.0, 13.0) 21.0
23 (28.0, 46.0) 21.0
24 (19.0, 28.0) 26.0
25 (30.0, 29.0) 14.0
26 (11.0, 8.0) 38.0
27 (4.0, 40.0) 15.0
28 (34.0, 14.0) 18.0
29 (38.0, 46.0) 31.0
,
0 9 5 6 8 6 10 10 4 8 10 6 3 7 5 7 0 4 7 5 1 9 3 8 6 5 6 10 2 8
9 0 7 5 3 6 5 4 7 3 1 6 6 6 5 4 9 6 8 4 10 1 6 6 3 5 4 2 7 8
5 7 0 8 8 1 5 6 1 4 7 1 2 9 2 8 5 1 2 3 5 7 4 3 4 2 7 7 4 3
6 5 8 0 3 8 9 8 7 6 6 8 5 2 5 1 6 6 9 4 7 6 4 9 5 6 1 7 5 10
8 3 8 3 0 8 7 6 8 5 3 8 7 3 6 2 8 7 10 5 10 4 6 8 4 6 2 5 7 10
6 6 1 8 8 0 4 5 2 3 7 0 3 9 3 8 6 2 2 3 6 6 5 2 3 2 7 6 4 2
10 5 5 9 7 4 0 1 6 2 5 4 6 10 5 8 10 5 5 5 10 4 7 2 4 4 8 3 7 4
10 4 6 8 6 5 1 0 7 2 3 5 7 9 5 8 10 6 6 5 10 3 8 3 4 5 7 2 8 5
4 7 1 7 8 2 6 7 0 5 8 2 2 9 3 8 4 1 3 4 4 7 3 4 4 2 7 8 3 4
8 3 4 6 5 3 2 2 5 0 3 3 5 7 3 6 8 4 5 3 8 3 5 3 2 3 6 3 6 5
10 1 7 6 3 7 5 3 8 3 0 7 7 6 5 5 9 7 8 4 10 1 7 6 4 6 5 2 7 8
6 6 1 8 8 0 4 5 2 3 7 0 3 9 3 8 6 2 2 3 7 6 5 2 3 2 7 6 5 2
3 6 2 5 7 3 6 7 2 5 7 3 0 7 2 6 3 1 4 3 4 7 2 5 3 2 5 7 1 5
7 6 9 2 3 9 10 9 9 7 6 9 7 0 7 1 7 8 11 6 9 6 6 10 6 8 2 8 6 11
5 5 2 5 6 3 5 5 3 3 5 3 2 7 0 5 5 1 4 1 5 5 3 4 2 1 5 5 3 5
7 4 8 1 2 8 8 8 8 6 5 8 6 1 5 0 7 7 10 5 8 5 5 9 5 6 1 7 6 10
0 9 5 6 8 6 10 10 4 8 9 6 3 7 5 7 0 4 7 5 1 9 2 8 6 5 6 10 2 8
4 6 1 6 7 2 5 6 1 4 7 2 1 8 1 7 4 0 3 2 5 6 3 4 3 1 6 7 3 4
7 8 2 9 10 2 5 6 3 5 8 2 4 11 4 10 7 3 0 5 7 8 6 3 5 3 9 7 6 1
5 4 3 4 5 3 5 5 4 3 4 3 3 6 1 5 5 2 5 0 6 4 3 5 1 2 4 5 3 5
1 10 5 7 10 6 10 10 4 8 10 7 4 9 5 8 1 5 7 6 0 10 4 9 7 6 7 11 3 8
9 1 7 6 4 6 4 3 7 3 1 6 7 6 5 5 9 6 8 4 10 0 7 5 3 5 5 1 7 7
3 6 4 4 6 5 7 8 3 5 7 5 2 6 3 5 2 3 6 3 4 7 0 7 4 3 4 8 1 7
8 6 3 9 8 2 2 3 4 3 6 2 5 10 4 9 8 4 3 5 9 5 7 0 4 3 8 5 7 2
6 3 4 5 4 3 4 4 4 2 4 3 3 6 2 5 6 3 5 1 7 3 4 4 0 2 4 4 4 5
5 5 2 6 6 2 4 5 2 3 6 2 2 8 1 6 5 1 3 2 6 5 3 3 2 0 6 6 3 4
6 4 7 1 2 7 8 7 7 6 5 7 5 2 5 1 6 6 9 4 7 5 4 8 4 6 0 7 5 9
10 2 7 7 5 6 3 2 8 3 2 6 7 8 5 7 10 7 7 5 11 1 8 5 4 6 7 0 8 7
2 7 4 5 7 4 7 8 3 6 7 5 1 6 3 6 2 3 6 3 3 7 1 7 4 3 5 8 0 6
8 8 3 10 10 2 4 5 4 5 8 2 5 11 5 10 8 4 1 5 8 7 7 2 5 4 9 7 6 0
,
0 67 19 42 42 38 38 31 26 46 52 33 17 24 21 19 1 18 21 29 6 24 18 63 17 17 23 41 11 33
54 0 22 20 20 35 22 16 55 14 4 37 37 24 20 23 30 20 37 17 65 6 44 37 18 30 28 7 28 47
38 50 0 42 25 3 16 33 8 22 21 3 8 36 7 24 19 4 5 22 37 32 17 23 12 6 38 38 20 8
42 18 56 0 15 29 54 48 25 35 19 24 16 6 31 4 15 34 45 26 34 24 30 53 22 33 4 40 33 36
52 8 45 8 0 45 38 26 45 34 9 29 47 21 28 14 56 35 41 16 55 12 22 43 14 27 9 37 31 43
38 22 5 54 58 0 28 13 12 23 20 2 19 61 9 26 16 6 12 20 21 30 19 13 18 5 41 27 19 6
44 31 26 29 50 21 0 6 25 8 12 26 40 63 34 33 34 39 32 30 62 18 38 8 15 29 43 21 53 18
57 15 21 34 22 17 9 0 42 7 10 16 34 56 27 20 33 24 34 23 73 9 39 17 16 36 51 7 46 30
20 47 7 30 32 9 42 18 0 18 55 14 10 47 14 31 29 8 13 21 25 48 21 22 21 14 23 22 10 14
48 21 17 39 15 10 10 15 31 0 10 23 21 19 17 18 44 13 17 15 25 7 19 21 9 9 28 8 31 18
34 2 42 42 14 45 17 16 33 19 0 32 33 32 25 17 37 33 43 31 56 3 25 25 12 33 34 7 51 34
19 33 6 31 35 1 10 18 13 11 25 0 17 35 16 20 26 14 7 22 45 39 14 8 23 12 31 35 22 10
17 44 18 17 44 14 29 48 13 30 43 15 0 31 11 42 21 7 24 15 12 36 7 32 20 7 28 45 4 37
25 41 28 6 15 41 46 55 63 23 30 37 33 0 26 5 36 30 74 15 41 34 24 51 18 42 9 48 47 32
17 22 17 32 40 9 26 33 10 16 24 10 8 30 0 27 18 11 17 7 39 27 13 21 9 6 26 36 14 25
46 21 58 4 11 36 43 21 57 18 33 36 26 3 24 0 22 26 30 26 29 18 30 64 28 46 5 20 33 43
1 65 22 36 27 23 46 51 26 44 47 40 14 44 17 33 0 18 32 35 4 41 14 48 17 35 27 67 7 32
27 43 8 19 38 10 21 34 8 11 17 9 8 58 9 20 28 0 23 9 19 45 9 21 20 6 28 36 9 14
42 53 13 32 65 7 27 33 11 15 58 13 13 70 19 56 27 10 0 21 44 49 26 15 18 15 60 42 15 7
23 19 16 27 20 23 16 14 9 18 33 14 14 32 6 22 32 17 26 0 43 13 11 15 6 11 18 26 16 28
7 37 20 28 56 19 62 51 15 54 27 42 26 51 18 29 5 20 49 28 0 51 22 41 42 35 48 31 8 58
38 2 26 45 23 31 10 10 52 12 3 27 48 34 31 23 67 42 28 26 37 0 18 40 16 26 29 9 26 49
13 36 21 20 29 21 33 46 21 34 44 15 10 40 16 16 11 9 44 10 22 30 0 20 26 18 10 29 2 45
21 44 18 47 37 12 11 25 19 18 16 9 25 41 13 56 24 18 16 24 38 34 34 0 22 13 23 21 44 12
43 13 13 29 30 9 16 16 21 7 13 18 20 35 7 35 23 13 31 7 47 16 15 11 0 16 15 23 14 39
20 19 9 26 40 8 18 36 6 17 21 6 10 20 6 28 13 6 14 11 14 14 17 13 7 0 24 16 22 13
22 19 28 6 14 28 20 22 48 18 24 25 35 7 15 2 32 41 26 16 34 18 28 48 16 19 0 44 19 68
56 7 36 26 20 20 18 11 40 20 9 36 38 55 40 32 49 37 41 28 66 9 29 30 26 39 34 0 30 49
13 24 14 32 24 17 46 20 13 21 32 32 7 33 19 39 10 11 36 9 22 24 2 21 15 14 16 41 0 40
39 50 9 62 35 9 31 22 11 26 36 7 36 83 22 67 29 22 7 27 45 22 43 8 19 13 32 52 28 0