5
30
,
0 (42.0, 6.0) 15.0
1 (3.0, 29.0) 35.0
2 (37.0, 32.0) 36.0
3 (12.0, 4.0) 19.0
4 (1.0, 15.0) 25.0
5 (34.0, 36.0) 35.0
6 (17.0, 47.0) 15.0
7 (11.0, 45.0) 15.0
8 (40.0, 27.0) 30.0
9 (17.0, 36.0) 21.0
10 (1.0, 31.0) 14.0
11 (33.0, 37.0) 47.0
12 (34.0, 20.0) 25.0
13 (5.0, 1.0) 12.0
14 (27.0, 25.0) 40.0
15 (7.0, 7.0) 14.0
16 (41.0, 6.0) 29.0
17 (34.0, 27.0) 34.0
18 (41.0, 41.0) 17.0
19 (22.0, 24.0) 18.0
20 (48.0, 8.0) 28.0
21 (4.0, 33.0) 28.0
22 (31.0, 13.0) 17.0
23 (28.0, 46.0) 26.0
24 (19.0, 28.0) 45.0
25 (30.0, 29.0) 15.0
26 (11.0, 8.0) 15.0
27 (4.0, 40.0) 46.0
28 (34.0, 14.0) 20.0
29 (38.0, 46.0) 19.0
,
0 9 5 6 8 6 10 10 4 8 10 6 3 7 5 7 0 4 7 5 1 9 3 8 6 5 6 10 2 8
9 0 7 5 3 6 5 4 7 3 1 6 6 6 5 4 9 6 8 4 10 1 6 6 3 5 4 2 7 8
5 7 0 8 8 1 5 6 1 4 7 1 2 9 2 8 5 1 2 3 5 7 4 3 4 2 7 7 4 3
6 5 8 0 3 8 9 8 7 6 6 8 5 2 5 1 6 6 9 4 7 6 4 9 5 6 1 7 5 10
8 3 8 3 0 8 7 6 8 5 3 8 7 3 6 2 8 7 10 5 10 4 6 8 4 6 2 5 7 10
6 6 1 8 8 0 4 5 2 3 7 0 3 9 3 8 6 2 2 3 6 6 5 2 3 2 7 6 4 2
10 5 5 9 7 4 0 1 6 2 5 4 6 10 5 8 10 5 5 5 10 4 7 2 4 4 8 3 7 4
10 4 6 8 6 5 1 0 7 2 3 5 7 9 5 8 10 6 6 5 10 3 8 3 4 5 7 2 8 5
4 7 1 7 8 2 6 7 0 5 8 2 2 9 3 8 4 1 3 4 4 7 3 4 4 2 7 8 3 4
8 3 4 6 5 3 2 2 5 0 3 3 5 7 3 6 8 4 5 3 8 3 5 3 2 3 6 3 6 5
10 1 7 6 3 7 5 3 8 3 0 7 7 6 5 5 9 7 8 4 10 1 7 6 4 6 5 2 7 8
6 6 1 8 8 0 4 5 2 3 7 0 3 9 3 8 6 2 2 3 7 6 5 2 3 2 7 6 5 2
3 6 2 5 7 3 6 7 2 5 7 3 0 7 2 6 3 1 4 3 4 7 2 5 3 2 5 7 1 5
7 6 9 2 3 9 10 9 9 7 6 9 7 0 7 1 7 8 11 6 9 6 6 10 6 8 2 8 6 11
5 5 2 5 6 3 5 5 3 3 5 3 2 7 0 5 5 1 4 1 5 5 3 4 2 1 5 5 3 5
7 4 8 1 2 8 8 8 8 6 5 8 6 1 5 0 7 7 10 5 8 5 5 9 5 6 1 7 6 10
0 9 5 6 8 6 10 10 4 8 9 6 3 7 5 7 0 4 7 5 1 9 2 8 6 5 6 10 2 8
4 6 1 6 7 2 5 6 1 4 7 2 1 8 1 7 4 0 3 2 5 6 3 4 3 1 6 7 3 4
7 8 2 9 10 2 5 6 3 5 8 2 4 11 4 10 7 3 0 5 7 8 6 3 5 3 9 7 6 1
5 4 3 4 5 3 5 5 4 3 4 3 3 6 1 5 5 2 5 0 6 4 3 5 1 2 4 5 3 5
1 10 5 7 10 6 10 10 4 8 10 7 4 9 5 8 1 5 7 6 0 10 4 9 7 6 7 11 3 8
9 1 7 6 4 6 4 3 7 3 1 6 7 6 5 5 9 6 8 4 10 0 7 5 3 5 5 1 7 7
3 6 4 4 6 5 7 8 3 5 7 5 2 6 3 5 2 3 6 3 4 7 0 7 4 3 4 8 1 7
8 6 3 9 8 2 2 3 4 3 6 2 5 10 4 9 8 4 3 5 9 5 7 0 4 3 8 5 7 2
6 3 4 5 4 3 4 4 4 2 4 3 3 6 2 5 6 3 5 1 7 3 4 4 0 2 4 4 4 5
5 5 2 6 6 2 4 5 2 3 6 2 2 8 1 6 5 1 3 2 6 5 3 3 2 0 6 6 3 4
6 4 7 1 2 7 8 7 7 6 5 7 5 2 5 1 6 6 9 4 7 5 4 8 4 6 0 7 5 9
10 2 7 7 5 6 3 2 8 3 2 6 7 8 5 7 10 7 7 5 11 1 8 5 4 6 7 0 8 7
2 7 4 5 7 4 7 8 3 6 7 5 1 6 3 6 2 3 6 3 3 7 1 7 4 3 5 8 0 6
8 8 3 10 10 2 4 5 4 5 8 2 5 11 5 10 8 4 1 5 8 7 7 2 5 4 9 7 6 0
,
0 66 34 24 52 30 47 40 23 35 64 29 22 42 16 27 1 14 49 28 5 38 14 36 21 38 45 64 13 60
44 0 33 28 19 37 25 18 52 15 4 20 28 32 28 16 32 45 56 12 47 4 37 40 21 39 32 16 36 48
20 20 0 22 25 5 18 23 8 26 33 7 12 62 9 37 39 3 6 10 20 35 26 11 14 5 19 23 27 12
20 26 22 0 13 43 56 41 27 21 34 28 40 6 17 4 37 35 24 12 31 37 12 58 31 20 6 30 33 45
42 10 53 22 0 50 31 42 56 18 23 46 47 15 14 9 36 26 28 12 51 26 38 42 11 39 11 37 22 52
29 38 5 51 26 0 30 22 12 12 39 2 20 26 7 48 37 6 6 10 35 34 26 10 21 7 33 41 15 10
35 24 28 40 49 21 0 4 29 15 15 16 45 57 29 46 67 18 23 23 58 22 32 12 21 27 28 17 27 27
25 26 22 49 17 20 9 0 51 14 26 23 24 35 29 35 36 22 30 26 35 9 42 18 19 17 23 13 23 28
18 35 8 46 34 14 15 33 0 20 25 17 10 38 19 47 12 6 8 9 28 46 25 18 22 6 21 47 13 16
53 12 18 42 29 22 16 12 25 0 22 11 14 40 22 39 39 22 33 17 28 17 28 16 12 20 42 8 15 18
27 2 51 27 24 38 21 13 33 13 0 22 44 44 35 35 29 36 54 17 78 4 29 32 10 43 25 5 37 21
19 16 9 43 51 1 24 30 8 20 45 0 10 41 11 32 35 6 7 20 46 27 20 9 21 9 48 24 15 5
19 43 8 21 44 10 29 48 6 19 25 21 0 19 9 27 23 8 13 14 17 43 7 32 20 6 20 21 8 18
47 37 31 7 10 42 58 54 35 25 30 52 34 0 45 6 21 43 77 26 45 20 16 65 28 35 8 31 17 57
30 15 18 30 39 14 26 24 10 22 33 14 7 28 0 20 18 7 25 7 18 30 11 21 12 6 34 15 11 28
23 31 22 3 5 56 56 51 39 16 36 35 32 9 24 0 29 50 42 33 55 35 19 31 19 17 2 30 21 55
1 30 27 39 61 37 33 27 29 35 32 39 17 35 30 44 0 14 37 25 9 61 7 25 21 13 17 51 7 32
26 46 8 31 23 12 28 17 8 14 41 13 7 20 6 36 18 0 12 12 35 34 14 15 16 6 24 21 9 14
35 50 6 58 25 6 29 28 19 28 52 12 17 28 29 26 43 9 0 36 43 23 23 18 38 21 31 52 25 4
28 19 15 16 21 10 18 19 16 12 30 13 14 41 3 26 29 8 17 0 23 17 20 17 5 7 26 24 12 19
9 36 38 26 41 39 31 64 12 31 33 43 10 43 28 60 7 33 50 45 0 52 17 56 25 37 28 45 22 31
40 5 39 21 22 17 22 16 44 18 5 38 34 19 33 36 51 24 28 15 48 0 20 37 17 26 24 5 27 41
18 41 17 16 40 20 37 33 12 40 18 18 11 31 8 23 16 9 30 10 23 45 0 24 28 19 15 48 2 41
55 33 23 37 40 13 11 18 25 19 37 10 36 62 30 46 59 22 16 30 50 19 49 0 20 11 53 19 34 7
36 20 14 14 33 19 20 20 21 10 18 21 16 25 11 12 35 15 20 7 25 15 12 15 0 8 30 23 20 25
38 17 10 34 18 11 28 21 11 14 29 10 12 32 3 37 26 5 9 12 39 35 13 15 8 0 35 16 14 13
28 28 48 4 8 21 45 31 42 41 34 22 19 12 20 5 42 21 44 12 41 24 19 36 12 33 0 41 34 42
61 13 22 30 14 21 12 12 55 17 7 38 38 34 16 39 48 42 52 34 80 9 20 27 24 18 44 0 37 47
9 43 19 31 32 11 32 40 12 17 38 15 9 47 9 18 7 15 25 8 14 23 3 48 22 17 16 22 0 29
38 53 13 61 52 13 22 25 18 22 35 6 25 74 33 32 56 18 7 19 32 24 19 8 23 16 59 19 30 0