7
40
,
0 (18.0, 17.0) 60.0
1 (30.0, 23.0) 78.0
2 (20.0, 44.0) 59.0
3 (48.0, 18.0) 54.0
4 (24.0, 46.0) 34.0
5 (24.0, 16.0) 34.0
6 (15.0, 44.0) 34.0
7 (5.0, 30.0) 82.0
8 (25.0, 22.0) 57.0
9 (35.0, 12.0) 59.0
10 (37.0, 23.0) 86.0
11 (18.0, 36.0) 55.0
12 (28.0, 36.0) 47.0
13 (48.0, 5.0) 33.0
14 (37.0, 8.0) 66.0
15 (15.0, 47.0) 62.0
16 (14.0, 6.0) 89.0
17 (12.0, 45.0) 49.0
18 (31.0, 44.0) 73.0
19 (34.0, 1.0) 33.0
20 (26.0, 24.0) 86.0
21 (38.0, 41.0) 50.0
22 (19.0, 42.0) 59.0
23 (35.0, 42.0) 77.0
24 (50.0, 21.0) 43.0
25 (50.0, 27.0) 37.0
26 (18.0, 41.0) 59.0
27 (42.0, 37.0) 85.0
28 (2.0, 19.0) 49.0
29 (43.0, 36.0) 84.0
30 (34.0, 22.0) 38.0
31 (23.0, 41.0) 48.0
32 (46.0, 38.0) 51.0
33 (3.0, 5.0) 37.0
34 (2.0, 14.0) 63.0
35 (5.0, 49.0) 86.0
36 (9.0, 34.0) 45.0
37 (32.0, 4.0) 72.0
38 (43.0, 10.0) 57.0
39 (6.0, 31.0) 47.0
,
0 12 19 24 26 26 14 23 15 17 18 22 20 23 24 19 25 8 23 27 17 18 28 23 27 27 28 22 28 10 28 20 24 30 3 7 25 18 16 22 16 0
12 0 7 14 15 15 3 14 9 4 9 10 10 11 16 11 15 6 14 15 11 5 16 13 15 16 17 12 16 8 16 8 12 18 10 8 17 10 10 13 9 12
19 7 0 12 9 12 5 13 13 3 6 4 9 7 13 8 14 12 14 11 11 2 10 11 10 10 10 11 9 14 9 2 10 11 16 15 18 12 10 9 13 19
24 14 12 0 19 2 14 2 10 11 18 14 4 6 24 20 3 19 4 6 23 10 9 1 8 19 17 2 12 15 12 13 2 13 21 17 8 7 21 21 10 24
26 15 9 19 0 18 12 21 22 12 7 6 17 13 6 7 22 18 22 16 11 11 13 19 14 2 5 19 10 23 9 7 17 10 23 23 27 21 11 5 22 26
26 15 12 2 18 0 15 5 12 12 18 13 6 5 24 20 5 21 6 4 23 11 7 3 6 18 16 4 10 17 11 13 3 12 23 19 10 10 21 20 12 26
14 3 5 14 12 15 0 15 12 3 6 7 10 10 13 8 16 7 16 14 9 4 14 13 14 13 14 13 14 11 14 6 13 16 12 11 19 12 7 10 12 14
23 14 13 2 21 5 15 0 9 12 19 15 4 8 26 21 2 19 2 8 24 11 12 2 10 21 19 2 14 14 15 15 4 16 20 16 6 6 22 22 8 23
15 9 13 10 22 12 12 9 0 11 17 16 7 12 25 19 10 13 8 15 21 11 17 9 16 23 23 9 19 6 19 15 11 21 13 8 10 3 19 21 1 15
17 4 3 11 12 12 3 12 11 0 7 6 8 7 14 9 13 10 13 11 11 1 12 10 11 13 13 10 11 12 11 4 10 13 14 12 17 10 10 11 11 17
18 9 6 18 7 18 6 19 17 7 0 6 15 12 7 2 20 11 20 16 6 8 15 17 15 9 11 17 13 17 13 5 16 14 16 17 24 17 4 4 17 18
22 10 4 14 6 13 7 15 16 6 6 0 12 8 11 8 16 14 17 11 11 6 9 13 10 7 7 13 7 18 7 2 11 9 19 18 21 15 10 7 16 22
20 10 9 4 17 6 10 4 7 8 15 12 0 5 22 17 6 15 5 8 19 7 10 3 9 18 17 2 12 12 12 11 4 14 17 14 9 5 17 18 6 20
23 11 7 6 13 5 10 8 12 7 12 8 5 0 18 15 9 17 9 4 18 6 6 5 5 13 12 6 7 16 8 8 4 9 20 17 13 10 16 15 11 23
24 16 13 24 6 24 13 26 25 14 7 11 22 18 0 6 27 17 27 21 7 15 19 24 20 8 11 23 16 24 16 11 22 17 22 23 31 24 8 4 25 24
19 11 8 20 7 20 8 21 19 9 2 8 17 15 6 0 22 12 22 18 4 10 17 19 17 9 12 19 15 18 14 7 18 16 17 18 26 19 3 3 19 19
25 15 14 3 22 5 16 2 10 13 20 16 6 9 27 22 0 21 2 8 25 13 12 3 10 22 20 3 14 15 15 16 5 16 22 18 5 7 23 23 9 25
8 6 12 19 18 21 7 19 13 10 11 14 15 17 17 12 21 0 20 21 10 11 21 18 21 20 21 18 21 9 21 13 18 23 6 7 22 14 9 15 13 8
23 14 14 4 22 6 16 2 8 13 20 17 5 9 27 22 2 20 0 10 25 13 13 4 12 22 21 4 16 14 16 16 6 17 20 16 4 6 23 23 8 23
27 15 11 6 16 4 14 8 15 11 16 11 8 4 21 18 8 21 10 0 22 10 4 6 2 15 13 7 7 19 7 11 4 8 24 21 13 12 20 18 14 27
17 11 11 23 11 23 9 24 21 11 6 11 19 18 7 4 25 10 25 22 0 12 20 22 21 13 15 22 18 18 18 10 21 19 16 17 28 21 2 6 21 17
18 5 2 10 11 11 4 11 11 1 8 6 7 6 15 10 13 11 13 10 12 0 10 10 10 12 12 9 10 12 10 4 9 12 15 13 16 10 10 11 11 18
28 16 10 9 13 7 14 12 17 12 15 9 10 6 19 17 12 21 13 4 20 10 0 10 2 12 9 10 3 21 4 10 8 4 25 22 17 15 19 16 17 28
23 13 11 1 19 3 13 2 9 10 17 13 3 5 24 19 3 18 4 6 22 10 10 0 8 19 17 1 12 14 12 12 2 14 20 16 8 6 20 20 9 23
27 15 10 8 14 6 14 10 16 11 15 10 9 5 20 17 10 21 12 2 21 10 2 8 0 13 11 9 4 20 5 10 6 6 24 22 15 14 19 16 16 27
27 16 10 19 2 18 13 21 23 13 9 7 18 13 8 9 22 20 22 15 13 12 12 19 13 0 3 19 9 24 8 8 17 9 25 24 26 22 12 7 23 27
28 17 10 17 5 16 14 19 23 13 11 7 17 12 11 12 20 21 21 13 15 12 9 17 11 3 0 17 6 24 6 8 15 6 26 25 25 21 15 9 22 28
22 12 11 2 19 4 13 2 9 10 17 13 2 6 23 19 3 18 4 7 22 9 10 1 9 19 17 0 12 14 13 12 2 14 20 16 8 6 20 20 8 22
28 16 9 12 10 10 14 14 19 11 13 7 12 7 16 15 14 21 16 7 18 10 3 12 4 9 6 12 0 22 1 8 10 2 25 23 19 17 17 14 18 28
10 8 14 15 23 17 11 14 6 12 17 18 12 16 24 18 15 9 14 19 18 12 21 14 20 24 24 14 22 0 22 16 15 24 7 2 15 8 17 21 6 10
28 16 9 12 9 11 14 15 19 11 13 7 12 8 16 14 15 21 16 7 18 10 4 12 5 8 6 13 1 22 0 8 10 2 25 23 20 17 17 13 19 28
20 8 2 13 7 13 6 15 15 4 5 2 11 8 11 7 16 13 16 11 10 4 10 12 10 8 8 12 8 16 8 0 11 10 18 16 20 14 9 8 15 20
24 12 10 2 17 3 13 4 11 10 16 11 4 4 22 18 5 18 6 4 21 9 8 2 6 17 15 2 10 15 10 11 0 12 21 17 10 8 19 18 10 24
30 18 11 13 10 12 16 16 21 13 14 9 14 9 17 16 16 23 17 8 19 12 4 14 6 9 6 14 2 24 2 10 12 0 27 25 21 19 18 14 20 30
3 10 16 21 23 23 12 20 13 14 16 19 17 20 22 17 22 6 20 24 16 15 25 20 24 25 26 20 25 7 25 18 21 27 0 5 22 15 15 20 13 3
7 8 15 17 23 19 11 16 8 12 17 18 14 17 23 18 18 7 16 21 17 13 22 16 22 24 25 16 23 2 23 16 17 25 5 0 18 11 16 21 9 7
25 17 18 8 27 10 19 6 10 17 24 21 9 13 31 26 5 22 4 13 28 16 17 8 15 26 25 8 19 15 20 20 10 21 22 18 0 8 26 27 9 25
18 10 12 7 21 10 12 6 3 10 17 15 5 10 24 19 7 14 6 12 21 10 15 6 14 22 21 6 17 8 17 14 8 19 15 11 8 0 19 21 2 18
16 10 10 21 11 21 7 22 19 10 4 10 17 16 8 3 23 9 23 20 2 10 19 20 19 12 15 20 17 17 17 9 19 18 15 16 26 19 0 6 19 16
22 13 9 21 5 20 10 22 21 11 4 7 18 15 4 3 23 15 23 18 6 11 16 20 16 7 9 20 14 21 13 8 18 14 20 21 27 21 6 0 21 22
16 9 13 10 22 12 12 8 1 11 17 16 6 11 25 19 9 13 8 14 21 11 17 9 16 23 22 8 18 6 19 15 10 20 13 9 9 2 19 21 0 16
0 12 19 24 26 26 14 23 15 17 18 22 20 23 24 19 25 8 23 27 17 18 28 23 27 27 28 22 28 10 28 20 24 30 3 7 25 18 16 22 16 0
,
0 36 39 61 71 47 18 67 19 40 38 48 30 24 70 54 72 11 41 36 42 37 71 39 29 43 45 48 42 26 59 55 40 36 3 11 53 50 37 48 42 0
26 0 14 31 26 38 8 32 25 12 21 30 26 22 21 20 44 16 21 19 17 10 44 23 21 32 27 29 44 13 38 23 35 44 19 20 37 16 17 29 25 22
29 8 0 13 14 35 13 34 32 7 15 8 20 12 15 21 21 33 25 11 24 5 20 31 11 13 26 15 19 18 12 5 12 27 31 35 20 35 17 15 28 51
36 32 17 0 32 5 19 6 26 29 29 37 12 12 36 24 7 39 8 6 33 26 23 2 8 24 26 4 23 29 29 27 6 20 24 46 8 14 41 22 19 70
37 15 10 52 0 40 19 47 31 14 19 10 40 32 7 9 35 24 51 24 19 32 19 20 28 2 5 24 15 67 16 19 18 17 70 58 73 24 30 13 52 71
73 44 28 7 37 0 15 14 32 28 48 32 12 15 33 53 8 43 13 8 33 22 9 8 9 37 23 8 24 39 25 23 3 29 58 22 23 18 55 49 20 60
15 9 11 30 21 29 0 32 16 9 7 22 31 14 37 12 38 19 17 33 21 11 42 20 38 26 31 36 15 32 40 12 35 25 31 30 34 32 16 26 25 40
37 26 16 4 24 11 25 0 21 23 38 18 7 11 27 57 4 35 3 17 31 33 26 4 16 55 57 4 38 27 43 39 11 35 32 49 7 12 33 66 8 50
44 23 19 24 28 18 20 20 0 24 23 48 14 32 29 34 21 37 11 37 47 18 36 26 35 38 52 11 22 7 36 23 17 58 36 17 14 3 46 47 2 36
31 8 4 21 21 26 6 21 12 0 10 10 12 21 30 10 21 12 29 31 25 3 23 14 19 35 17 11 28 15 22 9 12 15 25 29 47 20 10 21 25 19
45 24 11 39 8 31 15 31 30 9 0 10 17 34 17 5 28 33 51 25 8 8 32 23 20 25 17 50 22 49 31 6 30 35 31 33 71 17 8 9 36 44
44 28 9 14 14 39 20 19 21 6 15 0 32 11 22 14 42 42 49 25 16 12 16 26 26 13 8 38 18 22 17 2 14 13 27 45 34 25 27 16 17 47
53 14 12 9 51 10 22 5 13 21 33 14 0 6 48 35 15 28 14 16 44 13 29 3 20 25 30 3 13 28 17 31 11 24 49 20 16 12 43 43 19 58
25 16 18 13 19 9 22 21 29 12 36 21 9 0 51 35 11 49 12 11 19 13 6 15 5 28 17 14 9 33 18 9 4 26 30 22 19 14 44 31 29 26
29 30 14 43 10 35 39 49 27 37 8 16 54 40 0 11 47 38 66 23 10 37 28 48 59 15 21 54 48 67 42 24 37 26 38 44 68 42 22 5 73 53
36 16 22 58 10 57 16 21 44 16 6 20 18 27 10 0 31 25 37 21 5 13 19 23 51 14 21 54 15 19 23 20 33 44 36 23 33 31 4 5 34 26
47 20 28 8 24 13 40 3 27 29 38 17 13 16 47 23 0 24 3 21 48 16 16 7 13 28 49 9 36 35 29 17 7 32 33 21 11 14 61 43 11 50
9 7 20 49 51 35 20 40 29 25 24 38 39 35 36 28 58 0 53 54 15 26 28 44 35 52 38 45 39 11 26 34 38 50 10 15 49 15 21 33 18 8
25 35 39 9 59 8 42 4 9 16 21 44 8 19 61 43 3 50 0 22 71 23 27 8 16 44 49 10 45 28 41 43 16 40 27 22 9 9 48 38 13 36
40 33 20 9 33 8 24 10 34 26 17 29 10 10 46 24 15 57 10 0 38 24 6 15 5 41 33 19 18 48 21 26 12 12 54 62 24 31 29 22 32 52
44 17 19 43 31 43 19 53 41 31 14 31 30 23 19 10 68 24 42 34 0 35 60 57 33 36 36 54 51 19 44 30 51 48 25 44 44 56 3 18 40 32
28 6 3 12 25 13 8 21 22 2 10 6 14 7 43 22 34 24 24 20 17 0 27 28 28 19 34 10 24 35 11 5 13 21 43 25 35 26 10 12 12 48
69 18 12 12 36 21 23 16 46 20 25 16 20 7 27 47 17 49 28 11 24 30 0 16 3 29 24 15 5 21 5 28 9 8 54 54 49 45 20 29 26 28
45 37 30 3 53 9 29 6 14 31 33 32 3 10 59 36 7 24 9 18 53 26 18 0 9 49 50 1 31 27 13 35 5 19 22 24 10 7 37 20 13 62
49 27 22 10 41 15 36 27 27 14 39 20 26 7 23 28 13 52 16 5 23 12 2 23 0 26 23 21 7 30 6 26 8 10 31 55 18 32 23 38 32 53
74 35 29 29 2 52 37 50 57 37 21 13 18 39 13 26 43 54 28 28 29 17 31 40 24 0 6 49 20 43 17 10 27 22 31 44 52 25 33 17 51 53
57 20 11 50 6 20 17 55 64 25 14 15 37 28 31 32 57 27 37 28 39 33 13 42 16 8 0 48 16 72 6 19 44 10 33 38 57 56 37 24 24 83
52 22 20 2 23 6 17 4 15 17 30 17 4 14 33 45 4 23 8 12 48 20 21 1 18 43 29 0 14 26 28 21 3 28 45 28 19 13 42 50 8 29
71 31 16 33 22 22 27 16 21 31 17 16 17 18 30 25 27 26 27 7 21 29 4 29 13 11 12 17 0 59 1 9 11 4 54 57 36 20 33 39 54 35
13 19 34 32 45 17 12 41 16 21 49 19 33 32 45 41 35 9 35 42 28 34 53 22 21 42 41 21 23 0 65 23 22 66 9 7 34 15 42 28 17 25
69 27 15 35 27 22 25 25 56 15 27 17 23 20 46 43 20 57 33 14 51 14 9 31 10 13 9 18 1 38 0 24 12 4 26 33 32 50 41 26 31 47
25 17 4 20 12 36 13 25 21 13 6 3 21 10 19 19 36 26 39 30 16 9 28 37 21 19 20 14 20 41 15 0 13 14 48 42 46 36 20 22 24 52
63 20 16 3 38 7 23 11 11 19 42 17 8 10 55 43 9 26 15 9 59 15 12 3 7 26 32 4 12 29 28 32 0 14 43 18 17 17 40 37 22 70
40 39 17 36 19 17 36 45 24 34 34 17 34 19 29 29 19 61 45 14 45 15 7 19 16 20 15 20 2 37 3 15 20 0 81 66 40 52 20 30 61 62
7 21 44 37 62 52 31 48 16 29 45 32 44 44 63 30 46 12 48 47 26 20 68 21 58 26 60 47 49 19 57 23 40 42 0 10 44 31 21 23 37 8
9 12 33 27 26 44 27 37 11 14 48 37 22 46 33 30 18 19 22 43 27 31 67 43 44 29 41 36 48 3 67 49 36 38 11 0 47 31 35 56 10 21
25 34 35 22 79 24 34 9 23 20 59 51 10 21 89 31 12 48 7 30 30 17 44 18 31 27 56 19 48 17 49 26 24 58 37 26 0 14 45 70 19 41
38 22 16 14 28 12 23 12 8 26 29 18 13 24 56 50 12 39 8 26 27 27 20 11 31 31 27 12 20 13 32 27 17 36 39 24 20 0 19 25 2 49
46 21 17 37 17 64 18 22 47 25 4 29 51 34 14 6 55 14 68 20 5 27 54 52 20 25 22 48 33 33 48 9 55 49 19 19 29 39 0 19 40 41
66 32 21 54 7 53 14 48 40 24 5 12 27 44 7 4 57 23 68 51 11 28 34 53 46 11 12 30 28 25 35 21 44 19 32 54 50 49 16 0 60 58
40 13 24 18 44 31 25 21 2 19 49 20 18 22 58 50 13 23 16 26 42 21 38 10 35 61 40 19 51 14 23 30 19 44 18 20 10 5 23 31 0 34
0 30 49 55 66 40 34 49 35 33 54 45 22 43 29 42 72 8 49 59 18 23 57 65 48 42 45 59 78 15 69 55 38 73 4 13 68 46 37 45 46 0