7
40
,
0 (18.0, 17.0) 41.0
1 (30.0, 23.0) 61.0
2 (20.0, 44.0) 85.0
3 (48.0, 18.0) 50.0
4 (24.0, 46.0) 85.0
5 (24.0, 16.0) 59.0
6 (15.0, 44.0) 45.0
7 (5.0, 30.0) 73.0
8 (25.0, 22.0) 43.0
9 (35.0, 12.0) 80.0
10 (37.0, 23.0) 41.0
11 (18.0, 36.0) 45.0
12 (28.0, 36.0) 33.0
13 (48.0, 5.0) 46.0
14 (37.0, 8.0) 37.0
15 (15.0, 47.0) 59.0
16 (14.0, 6.0) 79.0
17 (12.0, 45.0) 55.0
18 (31.0, 44.0) 33.0
19 (34.0, 1.0) 90.0
20 (26.0, 24.0) 41.0
21 (38.0, 41.0) 48.0
22 (19.0, 42.0) 30.0
23 (35.0, 42.0) 69.0
24 (50.0, 21.0) 75.0
25 (50.0, 27.0) 34.0
26 (18.0, 41.0) 57.0
27 (42.0, 37.0) 56.0
28 (2.0, 19.0) 31.0
29 (43.0, 36.0) 53.0
30 (34.0, 22.0) 44.0
31 (23.0, 41.0) 80.0
32 (46.0, 38.0) 81.0
33 (3.0, 5.0) 46.0
34 (2.0, 14.0) 42.0
35 (5.0, 49.0) 69.0
36 (9.0, 34.0) 74.0
37 (32.0, 4.0) 46.0
38 (43.0, 10.0) 84.0
39 (6.0, 31.0) 75.0
,
0 12 19 24 26 26 14 23 15 17 18 22 20 23 24 19 25 8 23 27 17 18 28 23 27 27 28 22 28 10 28 20 24 30 3 7 25 18 16 22 16 0
12 0 7 14 15 15 3 14 9 4 9 10 10 11 16 11 15 6 14 15 11 5 16 13 15 16 17 12 16 8 16 8 12 18 10 8 17 10 10 13 9 12
19 7 0 12 9 12 5 13 13 3 6 4 9 7 13 8 14 12 14 11 11 2 10 11 10 10 10 11 9 14 9 2 10 11 16 15 18 12 10 9 13 19
24 14 12 0 19 2 14 2 10 11 18 14 4 6 24 20 3 19 4 6 23 10 9 1 8 19 17 2 12 15 12 13 2 13 21 17 8 7 21 21 10 24
26 15 9 19 0 18 12 21 22 12 7 6 17 13 6 7 22 18 22 16 11 11 13 19 14 2 5 19 10 23 9 7 17 10 23 23 27 21 11 5 22 26
26 15 12 2 18 0 15 5 12 12 18 13 6 5 24 20 5 21 6 4 23 11 7 3 6 18 16 4 10 17 11 13 3 12 23 19 10 10 21 20 12 26
14 3 5 14 12 15 0 15 12 3 6 7 10 10 13 8 16 7 16 14 9 4 14 13 14 13 14 13 14 11 14 6 13 16 12 11 19 12 7 10 12 14
23 14 13 2 21 5 15 0 9 12 19 15 4 8 26 21 2 19 2 8 24 11 12 2 10 21 19 2 14 14 15 15 4 16 20 16 6 6 22 22 8 23
15 9 13 10 22 12 12 9 0 11 17 16 7 12 25 19 10 13 8 15 21 11 17 9 16 23 23 9 19 6 19 15 11 21 13 8 10 3 19 21 1 15
17 4 3 11 12 12 3 12 11 0 7 6 8 7 14 9 13 10 13 11 11 1 12 10 11 13 13 10 11 12 11 4 10 13 14 12 17 10 10 11 11 17
18 9 6 18 7 18 6 19 17 7 0 6 15 12 7 2 20 11 20 16 6 8 15 17 15 9 11 17 13 17 13 5 16 14 16 17 24 17 4 4 17 18
22 10 4 14 6 13 7 15 16 6 6 0 12 8 11 8 16 14 17 11 11 6 9 13 10 7 7 13 7 18 7 2 11 9 19 18 21 15 10 7 16 22
20 10 9 4 17 6 10 4 7 8 15 12 0 5 22 17 6 15 5 8 19 7 10 3 9 18 17 2 12 12 12 11 4 14 17 14 9 5 17 18 6 20
23 11 7 6 13 5 10 8 12 7 12 8 5 0 18 15 9 17 9 4 18 6 6 5 5 13 12 6 7 16 8 8 4 9 20 17 13 10 16 15 11 23
24 16 13 24 6 24 13 26 25 14 7 11 22 18 0 6 27 17 27 21 7 15 19 24 20 8 11 23 16 24 16 11 22 17 22 23 31 24 8 4 25 24
19 11 8 20 7 20 8 21 19 9 2 8 17 15 6 0 22 12 22 18 4 10 17 19 17 9 12 19 15 18 14 7 18 16 17 18 26 19 3 3 19 19
25 15 14 3 22 5 16 2 10 13 20 16 6 9 27 22 0 21 2 8 25 13 12 3 10 22 20 3 14 15 15 16 5 16 22 18 5 7 23 23 9 25
8 6 12 19 18 21 7 19 13 10 11 14 15 17 17 12 21 0 20 21 10 11 21 18 21 20 21 18 21 9 21 13 18 23 6 7 22 14 9 15 13 8
23 14 14 4 22 6 16 2 8 13 20 17 5 9 27 22 2 20 0 10 25 13 13 4 12 22 21 4 16 14 16 16 6 17 20 16 4 6 23 23 8 23
27 15 11 6 16 4 14 8 15 11 16 11 8 4 21 18 8 21 10 0 22 10 4 6 2 15 13 7 7 19 7 11 4 8 24 21 13 12 20 18 14 27
17 11 11 23 11 23 9 24 21 11 6 11 19 18 7 4 25 10 25 22 0 12 20 22 21 13 15 22 18 18 18 10 21 19 16 17 28 21 2 6 21 17
18 5 2 10 11 11 4 11 11 1 8 6 7 6 15 10 13 11 13 10 12 0 10 10 10 12 12 9 10 12 10 4 9 12 15 13 16 10 10 11 11 18
28 16 10 9 13 7 14 12 17 12 15 9 10 6 19 17 12 21 13 4 20 10 0 10 2 12 9 10 3 21 4 10 8 4 25 22 17 15 19 16 17 28
23 13 11 1 19 3 13 2 9 10 17 13 3 5 24 19 3 18 4 6 22 10 10 0 8 19 17 1 12 14 12 12 2 14 20 16 8 6 20 20 9 23
27 15 10 8 14 6 14 10 16 11 15 10 9 5 20 17 10 21 12 2 21 10 2 8 0 13 11 9 4 20 5 10 6 6 24 22 15 14 19 16 16 27
27 16 10 19 2 18 13 21 23 13 9 7 18 13 8 9 22 20 22 15 13 12 12 19 13 0 3 19 9 24 8 8 17 9 25 24 26 22 12 7 23 27
28 17 10 17 5 16 14 19 23 13 11 7 17 12 11 12 20 21 21 13 15 12 9 17 11 3 0 17 6 24 6 8 15 6 26 25 25 21 15 9 22 28
22 12 11 2 19 4 13 2 9 10 17 13 2 6 23 19 3 18 4 7 22 9 10 1 9 19 17 0 12 14 13 12 2 14 20 16 8 6 20 20 8 22
28 16 9 12 10 10 14 14 19 11 13 7 12 7 16 15 14 21 16 7 18 10 3 12 4 9 6 12 0 22 1 8 10 2 25 23 19 17 17 14 18 28
10 8 14 15 23 17 11 14 6 12 17 18 12 16 24 18 15 9 14 19 18 12 21 14 20 24 24 14 22 0 22 16 15 24 7 2 15 8 17 21 6 10
28 16 9 12 9 11 14 15 19 11 13 7 12 8 16 14 15 21 16 7 18 10 4 12 5 8 6 13 1 22 0 8 10 2 25 23 20 17 17 13 19 28
20 8 2 13 7 13 6 15 15 4 5 2 11 8 11 7 16 13 16 11 10 4 10 12 10 8 8 12 8 16 8 0 11 10 18 16 20 14 9 8 15 20
24 12 10 2 17 3 13 4 11 10 16 11 4 4 22 18 5 18 6 4 21 9 8 2 6 17 15 2 10 15 10 11 0 12 21 17 10 8 19 18 10 24
30 18 11 13 10 12 16 16 21 13 14 9 14 9 17 16 16 23 17 8 19 12 4 14 6 9 6 14 2 24 2 10 12 0 27 25 21 19 18 14 20 30
3 10 16 21 23 23 12 20 13 14 16 19 17 20 22 17 22 6 20 24 16 15 25 20 24 25 26 20 25 7 25 18 21 27 0 5 22 15 15 20 13 3
7 8 15 17 23 19 11 16 8 12 17 18 14 17 23 18 18 7 16 21 17 13 22 16 22 24 25 16 23 2 23 16 17 25 5 0 18 11 16 21 9 7
25 17 18 8 27 10 19 6 10 17 24 21 9 13 31 26 5 22 4 13 28 16 17 8 15 26 25 8 19 15 20 20 10 21 22 18 0 8 26 27 9 25
18 10 12 7 21 10 12 6 3 10 17 15 5 10 24 19 7 14 6 12 21 10 15 6 14 22 21 6 17 8 17 14 8 19 15 11 8 0 19 21 2 18
16 10 10 21 11 21 7 22 19 10 4 10 17 16 8 3 23 9 23 20 2 10 19 20 19 12 15 20 17 17 17 9 19 18 15 16 26 19 0 6 19 16
22 13 9 21 5 20 10 22 21 11 4 7 18 15 4 3 23 15 23 18 6 11 16 20 16 7 9 20 14 21 13 8 18 14 20 21 27 21 6 0 21 22
16 9 13 10 22 12 12 8 1 11 17 16 6 11 25 19 9 13 8 14 21 11 17 9 16 23 22 8 18 6 19 15 10 20 13 9 9 2 19 21 0 16
0 12 19 24 26 26 14 23 15 17 18 22 20 23 24 19 25 8 23 27 17 18 28 23 27 27 28 22 28 10 28 20 24 30 3 7 25 18 16 22 16 0
,
0 24 48 57 50 60 24 47 36 40 48 25 29 39 47 47 46 12 31 38 28 21 55 24 80 45 62 61 43 10 67 59 53 40 6 13 28 44 27 44 32 0
26 0 9 33 39 29 9 19 26 7 21 27 16 21 48 19 27 9 33 25 30 9 18 13 28 24 31 24 32 12 32 16 31 20 22 9 47 21 27 20 21 36
44 19 0 14 18 33 8 36 26 7 12 6 21 10 31 20 41 24 38 24 30 2 25 31 22 30 27 29 24 40 23 5 17 15 48 18 39 12 13 25 13 49
55 40 19 0 55 4 21 6 30 27 52 32 11 17 68 38 6 31 8 7 56 18 13 1 14 44 40 3 12 38 17 19 4 27 54 28 12 21 31 28 23 29
40 35 11 26 0 29 18 33 26 27 12 15 52 35 8 17 32 33 41 31 14 14 29 49 34 3 6 21 23 28 22 9 37 13 50 59 75 34 32 10 65 56
38 22 26 3 54 0 43 7 13 16 46 19 8 14 48 26 10 57 8 7 41 20 17 6 11 37 28 6 25 41 15 17 5 31 63 49 17 12 49 25 33 28
38 9 13 32 24 39 0 21 23 9 14 17 23 29 32 12 48 15 38 40 9 6 42 39 26 16 27 16 35 22 40 16 22 23 15 14 37 21 13 17 31 22
62 31 22 4 58 7 29 0 14 28 20 45 12 17 55 60 3 31 2 19 54 34 32 3 19 61 52 6 18 24 44 26 9 18 42 25 14 11 54 64 18 45
22 17 33 27 41 28 15 14 0 28 35 33 18 19 32 54 26 37 10 31 28 27 46 12 20 27 49 21 39 12 34 32 27 58 23 11 19 6 48 52 2 18
46 8 3 27 35 21 5 28 18 0 17 13 15 19 25 21 25 11 18 23 28 2 21 19 16 30 13 13 26 15 23 13 20 32 39 22 28 11 27 23 12 19
51 16 14 41 19 41 12 50 29 19 0 12 22 18 8 4 45 29 25 45 15 10 42 23 32 20 25 30 31 49 36 7 46 29 31 40 38 19 11 12 43 31
56 21 6 40 10 38 18 20 40 16 9 0 33 23 13 11 47 23 36 31 14 8 18 16 14 7 10 14 14 53 20 2 19 18 36 39 36 23 15 21 25 60
34 27 10 10 29 15 20 10 18 12 19 25 0 10 25 27 17 40 9 21 55 8 22 4 25 31 25 6 23 24 26 24 6 33 17 35 10 13 36 29 16 56
31 24 12 16 36 11 20 17 15 10 37 12 9 0 19 32 13 29 22 9 27 12 9 16 13 39 24 15 8 34 12 9 8 10 29 25 15 26 32 17 32 67
51 17 31 66 9 66 26 64 74 30 13 24 63 44 0 14 55 43 58 61 14 34 31 33 40 10 24 48 19 45 30 14 24 29 32 61 33 71 17 9 31 32
25 11 22 50 16 27 14 53 52 20 4 14 46 35 16 0 34 16 46 28 4 21 26 24 19 19 32 27 42 36 42 7 49 29 18 41 67 29 5 7 56 30
45 19 39 5 51 8 24 4 24 20 49 21 16 18 48 52 0 32 4 13 44 19 24 8 29 65 45 6 38 33 16 34 6 45 36 44 11 11 52 46 10 67
10 17 18 42 20 55 11 34 27 15 30 15 33 17 37 33 37 0 28 31 11 25 44 40 55 42 60 21 58 23 55 19 26 52 15 16 60 19 16 23 30 20
57 37 15 6 63 7 45 3 12 17 41 33 14 20 59 54 4 54 0 12 55 23 31 10 24 27 49 10 45 20 46 27 12 20 43 46 8 16 51 36 12 41
33 31 26 13 41 5 26 13 42 30 18 23 9 9 24 49 19 38 20 0 62 15 7 9 5 26 25 10 10 55 10 21 6 24 34 40 33 32 44 20 34 75
25 31 22 33 27 35 26 26 59 19 15 28 52 45 16 11 51 21 68 53 0 24 37 41 59 36 27 38 33 52 49 12 36 26 37 43 58 54 3 8 25 22
49 10 5 17 25 24 11 18 14 2 21 6 9 7 22 28 38 27 35 22 23 0 19 21 22 14 27 22 13 33 23 12 21 14 43 30 24 11 14 23 25 36
68 42 23 24 13 10 28 35 18 30 29 27 27 10 52 29 24 54 26 6 36 26 0 21 2 22 25 18 8 32 5 24 8 11 54 49 38 42 31 42 45 38
60 23 20 3 26 8 30 4 25 17 44 37 6 15 32 54 4 26 4 8 65 24 13 0 13 19 43 2 27 22 30 27 4 26 23 27 15 18 26 30 17 41
69 25 19 19 23 9 30 18 40 20 36 17 19 11 42 46 30 45 14 2 23 23 4 14 0 20 12 11 7 38 7 24 7 13 66 56 25 36 19 27 38 73
78 41 21 42 5 53 35 31 32 15 15 17 45 23 18 26 26 44 27 33 35 18 18 37 37 0 5 32 18 39 23 14 19 11 37 59 29 41 25 18 61 39
73 43 25 23 6 43 21 31 37 13 27 15 42 20 22 32 45 53 47 36 45 20 25 25 25 4 0 49 18 38 15 17 40 14 37 71 61 59 16 16 27 73
59 13 31 3 41 5 23 4 15 13 34 27 7 9 38 23 7 18 6 14 45 26 16 2 19 41 31 0 23 14 30 37 3 23 22 22 17 16 49 20 15 23
78 18 10 16 18 21 20 37 37 15 38 21 26 9 30 41 28 33 17 15 50 24 8 28 5 24 17 29 0 62 2 18 21 4 47 33 24 32 28 15 38 56
26 21 32 38 48 43 25 22 11 22 42 50 18 28 30 30 43 23 29 21 21 34 22 17 30 39 61 16 22 0 60 35 35 44 20 6 30 12 39 30 12 28
53 24 16 22 14 12 23 17 20 34 29 9 28 10 26 29 36 24 19 16 42 25 7 32 13 16 9 25 1 59 0 19 13 4 63 25 52 32 28 15 37 82
34 17 3 38 12 36 17 24 25 12 9 4 17 19 33 14 16 14 22 25 15 11 10 35 29 21 14 21 18 37 11 0 31 26 34 19 58 32 24 11 22 56
62 23 21 4 28 3 35 7 24 10 39 26 4 10 49 51 6 20 13 9 28 20 10 3 12 18 43 7 19 42 12 11 0 21 25 41 13 9 47 41 29 39
89 24 19 25 24 22 18 16 34 24 29 14 38 26 26 25 33 37 31 14 55 19 9 34 11 21 10 25 5 59 2 12 30 0 75 57 22 46 44 16 54 82
4 28 19 35 57 65 22 52 30 33 25 55 50 31 44 19 31 8 51 31 37 36 75 23 30 41 71 35 72 17 27 47 48 31 0 5 56 33 20 30 20 7
20 15 30 46 68 52 26 28 10 36 41 26 23 20 30 24 50 19 34 36 27 16 42 26 45 59 34 21 41 3 34 32 24 42 6 0 39 18 39 27 26 16
67 32 34 15 35 21 41 16 15 18 66 27 13 24 33 68 13 65 5 26 65 39 26 13 30 32 44 8 26 23 36 25 19 47 31 18 0 8 59 79 17 70
38 23 17 9 29 24 12 12 4 25 34 38 6 14 38 42 10 20 7 35 40 12 44 15 40 24 23 9 29 21 32 26 20 49 20 23 19 0 56 35 5 33
22 24 15 46 29 37 9 43 46 18 11 18 37 32 15 8 43 23 30 37 4 25 19 43 21 24 15 56 38 41 49 15 23 32 35 31 48 53 0 11 35 24
46 21 21 28 6 46 17 29 30 24 5 8 28 29 4 7 52 15 61 22 11 12 22 55 25 8 26 59 38 36 35 15 40 38 35 29 39 43 19 0 54 49
19 27 36 24 44 26 34 17 1 23 38 24 18 20 42 38 15 38 20 37 43 18 32 17 33 56 39 20 33 18 47 36 11 51 35 22 23 5 24 54 0 16
0 13 29 49 74 50 16 37 16 32 53 57 58 55 51 37 47 9 28 46 46 27 79 36 47 54 72 56 48 10 42 24 37 36 8 8 26 22 20 42 26 0