7
40
,
0 (18.0, 17.0) 39.0
1 (30.0, 23.0) 68.0
2 (20.0, 44.0) 35.0
3 (48.0, 18.0) 34.0
4 (24.0, 46.0) 34.0
5 (24.0, 16.0) 32.0
6 (15.0, 44.0) 38.0
7 (5.0, 30.0) 37.0
8 (25.0, 22.0) 31.0
9 (35.0, 12.0) 53.0
10 (37.0, 23.0) 51.0
11 (18.0, 36.0) 31.0
12 (28.0, 36.0) 53.0
13 (48.0, 5.0) 59.0
14 (37.0, 8.0) 53.0
15 (15.0, 47.0) 33.0
16 (14.0, 6.0) 71.0
17 (12.0, 45.0) 85.0
18 (31.0, 44.0) 55.0
19 (34.0, 1.0) 62.0
20 (26.0, 24.0) 55.0
21 (38.0, 41.0) 36.0
22 (19.0, 42.0) 79.0
23 (35.0, 42.0) 67.0
24 (50.0, 21.0) 78.0
25 (50.0, 27.0) 34.0
26 (18.0, 41.0) 57.0
27 (42.0, 37.0) 78.0
28 (2.0, 19.0) 68.0
29 (43.0, 36.0) 87.0
30 (34.0, 22.0) 84.0
31 (23.0, 41.0) 60.0
32 (46.0, 38.0) 55.0
33 (3.0, 5.0) 33.0
34 (2.0, 14.0) 31.0
35 (5.0, 49.0) 88.0
36 (9.0, 34.0) 30.0
37 (32.0, 4.0) 82.0
38 (43.0, 10.0) 71.0
39 (6.0, 31.0) 46.0
,
0 12 19 24 26 26 14 23 15 17 18 22 20 23 24 19 25 8 23 27 17 18 28 23 27 27 28 22 28 10 28 20 24 30 3 7 25 18 16 22 16 0
12 0 7 14 15 15 3 14 9 4 9 10 10 11 16 11 15 6 14 15 11 5 16 13 15 16 17 12 16 8 16 8 12 18 10 8 17 10 10 13 9 12
19 7 0 12 9 12 5 13 13 3 6 4 9 7 13 8 14 12 14 11 11 2 10 11 10 10 10 11 9 14 9 2 10 11 16 15 18 12 10 9 13 19
24 14 12 0 19 2 14 2 10 11 18 14 4 6 24 20 3 19 4 6 23 10 9 1 8 19 17 2 12 15 12 13 2 13 21 17 8 7 21 21 10 24
26 15 9 19 0 18 12 21 22 12 7 6 17 13 6 7 22 18 22 16 11 11 13 19 14 2 5 19 10 23 9 7 17 10 23 23 27 21 11 5 22 26
26 15 12 2 18 0 15 5 12 12 18 13 6 5 24 20 5 21 6 4 23 11 7 3 6 18 16 4 10 17 11 13 3 12 23 19 10 10 21 20 12 26
14 3 5 14 12 15 0 15 12 3 6 7 10 10 13 8 16 7 16 14 9 4 14 13 14 13 14 13 14 11 14 6 13 16 12 11 19 12 7 10 12 14
23 14 13 2 21 5 15 0 9 12 19 15 4 8 26 21 2 19 2 8 24 11 12 2 10 21 19 2 14 14 15 15 4 16 20 16 6 6 22 22 8 23
15 9 13 10 22 12 12 9 0 11 17 16 7 12 25 19 10 13 8 15 21 11 17 9 16 23 23 9 19 6 19 15 11 21 13 8 10 3 19 21 1 15
17 4 3 11 12 12 3 12 11 0 7 6 8 7 14 9 13 10 13 11 11 1 12 10 11 13 13 10 11 12 11 4 10 13 14 12 17 10 10 11 11 17
18 9 6 18 7 18 6 19 17 7 0 6 15 12 7 2 20 11 20 16 6 8 15 17 15 9 11 17 13 17 13 5 16 14 16 17 24 17 4 4 17 18
22 10 4 14 6 13 7 15 16 6 6 0 12 8 11 8 16 14 17 11 11 6 9 13 10 7 7 13 7 18 7 2 11 9 19 18 21 15 10 7 16 22
20 10 9 4 17 6 10 4 7 8 15 12 0 5 22 17 6 15 5 8 19 7 10 3 9 18 17 2 12 12 12 11 4 14 17 14 9 5 17 18 6 20
23 11 7 6 13 5 10 8 12 7 12 8 5 0 18 15 9 17 9 4 18 6 6 5 5 13 12 6 7 16 8 8 4 9 20 17 13 10 16 15 11 23
24 16 13 24 6 24 13 26 25 14 7 11 22 18 0 6 27 17 27 21 7 15 19 24 20 8 11 23 16 24 16 11 22 17 22 23 31 24 8 4 25 24
19 11 8 20 7 20 8 21 19 9 2 8 17 15 6 0 22 12 22 18 4 10 17 19 17 9 12 19 15 18 14 7 18 16 17 18 26 19 3 3 19 19
25 15 14 3 22 5 16 2 10 13 20 16 6 9 27 22 0 21 2 8 25 13 12 3 10 22 20 3 14 15 15 16 5 16 22 18 5 7 23 23 9 25
8 6 12 19 18 21 7 19 13 10 11 14 15 17 17 12 21 0 20 21 10 11 21 18 21 20 21 18 21 9 21 13 18 23 6 7 22 14 9 15 13 8
23 14 14 4 22 6 16 2 8 13 20 17 5 9 27 22 2 20 0 10 25 13 13 4 12 22 21 4 16 14 16 16 6 17 20 16 4 6 23 23 8 23
27 15 11 6 16 4 14 8 15 11 16 11 8 4 21 18 8 21 10 0 22 10 4 6 2 15 13 7 7 19 7 11 4 8 24 21 13 12 20 18 14 27
17 11 11 23 11 23 9 24 21 11 6 11 19 18 7 4 25 10 25 22 0 12 20 22 21 13 15 22 18 18 18 10 21 19 16 17 28 21 2 6 21 17
18 5 2 10 11 11 4 11 11 1 8 6 7 6 15 10 13 11 13 10 12 0 10 10 10 12 12 9 10 12 10 4 9 12 15 13 16 10 10 11 11 18
28 16 10 9 13 7 14 12 17 12 15 9 10 6 19 17 12 21 13 4 20 10 0 10 2 12 9 10 3 21 4 10 8 4 25 22 17 15 19 16 17 28
23 13 11 1 19 3 13 2 9 10 17 13 3 5 24 19 3 18 4 6 22 10 10 0 8 19 17 1 12 14 12 12 2 14 20 16 8 6 20 20 9 23
27 15 10 8 14 6 14 10 16 11 15 10 9 5 20 17 10 21 12 2 21 10 2 8 0 13 11 9 4 20 5 10 6 6 24 22 15 14 19 16 16 27
27 16 10 19 2 18 13 21 23 13 9 7 18 13 8 9 22 20 22 15 13 12 12 19 13 0 3 19 9 24 8 8 17 9 25 24 26 22 12 7 23 27
28 17 10 17 5 16 14 19 23 13 11 7 17 12 11 12 20 21 21 13 15 12 9 17 11 3 0 17 6 24 6 8 15 6 26 25 25 21 15 9 22 28
22 12 11 2 19 4 13 2 9 10 17 13 2 6 23 19 3 18 4 7 22 9 10 1 9 19 17 0 12 14 13 12 2 14 20 16 8 6 20 20 8 22
28 16 9 12 10 10 14 14 19 11 13 7 12 7 16 15 14 21 16 7 18 10 3 12 4 9 6 12 0 22 1 8 10 2 25 23 19 17 17 14 18 28
10 8 14 15 23 17 11 14 6 12 17 18 12 16 24 18 15 9 14 19 18 12 21 14 20 24 24 14 22 0 22 16 15 24 7 2 15 8 17 21 6 10
28 16 9 12 9 11 14 15 19 11 13 7 12 8 16 14 15 21 16 7 18 10 4 12 5 8 6 13 1 22 0 8 10 2 25 23 20 17 17 13 19 28
20 8 2 13 7 13 6 15 15 4 5 2 11 8 11 7 16 13 16 11 10 4 10 12 10 8 8 12 8 16 8 0 11 10 18 16 20 14 9 8 15 20
24 12 10 2 17 3 13 4 11 10 16 11 4 4 22 18 5 18 6 4 21 9 8 2 6 17 15 2 10 15 10 11 0 12 21 17 10 8 19 18 10 24
30 18 11 13 10 12 16 16 21 13 14 9 14 9 17 16 16 23 17 8 19 12 4 14 6 9 6 14 2 24 2 10 12 0 27 25 21 19 18 14 20 30
3 10 16 21 23 23 12 20 13 14 16 19 17 20 22 17 22 6 20 24 16 15 25 20 24 25 26 20 25 7 25 18 21 27 0 5 22 15 15 20 13 3
7 8 15 17 23 19 11 16 8 12 17 18 14 17 23 18 18 7 16 21 17 13 22 16 22 24 25 16 23 2 23 16 17 25 5 0 18 11 16 21 9 7
25 17 18 8 27 10 19 6 10 17 24 21 9 13 31 26 5 22 4 13 28 16 17 8 15 26 25 8 19 15 20 20 10 21 22 18 0 8 26 27 9 25
18 10 12 7 21 10 12 6 3 10 17 15 5 10 24 19 7 14 6 12 21 10 15 6 14 22 21 6 17 8 17 14 8 19 15 11 8 0 19 21 2 18
16 10 10 21 11 21 7 22 19 10 4 10 17 16 8 3 23 9 23 20 2 10 19 20 19 12 15 20 17 17 17 9 19 18 15 16 26 19 0 6 19 16
22 13 9 21 5 20 10 22 21 11 4 7 18 15 4 3 23 15 23 18 6 11 16 20 16 7 9 20 14 21 13 8 18 14 20 21 27 21 6 0 21 22
16 9 13 10 22 12 12 8 1 11 17 16 6 11 25 19 9 13 8 14 21 11 17 9 16 23 22 8 18 6 19 15 10 20 13 9 9 2 19 21 0 16
0 12 19 24 26 26 14 23 15 17 18 22 20 23 24 19 25 8 23 27 17 18 28 23 27 27 28 22 28 10 28 20 24 30 3 7 25 18 16 22 16 0
,
0 17 38 32 57 63 39 34 16 41 20 32 44 32 34 21 33 20 48 32 26 22 52 50 49 42 31 50 38 13 66 21 39 70 8 12 55 36 47 61 20 0
21 0 14 21 37 26 8 34 21 11 16 14 26 25 39 18 39 13 18 37 29 7 20 31 35 17 18 25 29 20 32 23 17 21 26 23 20 19 16 26 12 31
38 18 0 21 10 23 13 33 27 5 12 6 22 12 19 16 41 14 37 14 31 6 10 32 25 28 22 25 11 31 9 4 29 19 48 35 49 13 22 16 16 41
24 33 32 0 39 4 20 3 22 22 51 22 6 11 34 57 3 43 5 9 60 14 12 2 13 31 32 3 34 17 21 31 6 17 53 22 14 10 51 26 23 55
40 16 21 53 0 23 21 58 47 29 21 15 33 26 10 12 24 24 35 20 12 26 37 35 40 2 11 42 19 34 26 13 39 26 42 50 79 24 27 10 58 28
41 43 28 5 49 0 29 10 27 28 29 16 13 9 31 44 6 46 13 9 49 31 20 7 16 30 44 9 11 25 18 38 6 25 56 28 23 25 59 27 28 31
22 9 7 28 36 43 0 41 22 4 6 10 14 29 16 10 36 14 36 33 13 12 22 25 18 18 30 13 40 28 15 17 28 29 31 12 30 16 17 15 17 18
51 28 21 3 58 13 35 0 11 33 48 26 7 14 39 45 4 29 2 16 66 26 13 6 23 32 52 2 41 40 23 25 5 40 44 33 10 11 29 22 11 44
30 21 18 25 45 31 21 11 0 21 21 18 11 34 63 54 23 15 20 26 27 14 48 13 28 45 26 11 27 10 29 26 11 49 14 15 25 5 33 36 1 33
31 7 7 13 25 29 5 26 24 0 9 14 17 20 15 21 17 28 19 32 16 2 27 12 16 35 13 23 27 32 33 8 22 23 22 24 20 24 17 30 25 41
50 15 10 33 21 39 8 50 31 18 0 17 44 19 17 4 52 27 60 31 11 20 22 42 33 20 19 26 32 48 18 15 19 28 34 49 42 27 5 10 29 44
53 21 10 20 12 31 19 21 26 16 11 0 17 15 19 20 40 36 19 22 16 11 11 28 14 15 15 36 20 30 19 4 24 16 54 23 22 34 28 13 43 44
37 14 17 11 40 8 14 8 11 22 39 29 0 7 54 27 13 26 12 8 30 18 20 5 20 30 40 7 20 27 19 27 5 36 50 33 12 7 28 19 13 50
57 13 13 6 31 7 13 12 29 15 37 23 15 0 43 24 15 38 23 11 40 9 14 9 11 33 20 8 13 43 17 11 5 12 51 45 39 10 46 21 31 40
70 35 20 26 9 47 27 56 35 28 12 20 55 31 0 10 77 22 41 37 12 30 41 62 46 8 25 57 31 71 23 16 53 48 57 45 31 73 23 5 41 65
44 16 18 22 16 28 21 22 50 27 6 12 40 40 6 0 54 15 55 53 8 19 25 27 36 12 12 26 36 43 42 9 33 22 37 25 38 51 8 3 21 26
38 29 15 7 53 5 25 2 16 16 39 18 16 15 28 55 0 35 3 23 68 28 16 6 15 47 44 5 28 23 18 38 10 41 64 25 11 18 63 65 17 47
19 16 25 22 52 42 16 55 28 14 22 20 34 38 38 12 53 0 48 40 18 19 36 41 44 21 58 33 56 24 28 14 39 60 8 15 38 40 19 28 15 17
42 31 35 6 30 8 33 3 18 32 54 49 14 18 29 38 5 23 0 11 62 22 29 7 21 34 62 7 33 34 46 32 12 18 27 28 4 14 25 33 17 59
47 23 31 9 26 4 18 17 25 27 48 16 13 11 30 22 23 37 20 0 31 17 5 11 5 34 18 16 12 28 18 11 6 22 29 25 38 21 22 28 21 64
40 33 27 59 33 50 15 48 36 27 13 17 47 34 14 7 59 20 40 64 0 13 35 43 55 14 39 50 29 51 50 27 36 41 38 45 49 55 3 13 61 51
31 7 3 14 12 33 8 32 13 2 19 15 16 16 24 16 13 19 36 21 27 0 21 28 20 26 24 27 26 16 20 7 14 35 32 14 25 19 14 11 16 50
60 33 18 24 24 18 25 27 21 15 32 18 12 15 51 23 34 38 15 5 60 23 0 23 4 34 11 15 5 37 11 28 12 4 61 44 46 43 41 16 46 56
67 31 27 2 41 4 35 4 19 13 30 30 4 15 24 56 10 38 10 10 45 17 15 0 23 36 50 1 16 17 17 21 3 39 41 24 11 11 59 36 15 44
43 33 18 10 20 16 37 16 38 26 42 13 25 10 31 19 30 31 26 4 41 14 2 10 0 28 19 9 9 39 6 12 14 17 27 30 33 19 48 48 16 28
53 41 26 45 3 48 29 49 30 18 15 9 24 17 21 14 43 31 26 19 32 19 22 53 20 0 4 50 14 60 15 23 41 19 56 50 55 26 37 13 67 34
34 18 10 37 9 44 37 57 54 20 13 15 30 25 25 27 37 55 36 37 43 17 27 20 29 3 0 43 18 38 11 23 25 10 77 57 52 50 20 18 55 41
26 34 27 3 23 6 35 6 25 23 41 20 5 14 53 35 10 46 4 17 50 13 17 2 20 23 31 0 36 33 27 15 3 25 29 38 18 9 50 37 19 31
29 39 15 33 15 23 35 31 54 24 32 18 19 20 38 26 23 62 25 12 27 29 6 33 13 25 17 25 0 55 2 18 17 3 48 51 38 27 29 38 27 71
19 20 23 23 39 25 28 35 7 26 29 41 18 25 30 36 22 12 34 19 53 37 31 31 31 57 47 37 32 0 42 35 27 56 11 4 23 11 46 46 18 17
29 33 21 28 27 26 18 35 21 14 26 16 14 15 40 20 27 42 44 11 52 24 8 25 5 19 6 14 2 62 0 18 14 5 63 23 27 51 17 35 30 75
31 16 5 25 19 19 11 20 25 12 13 4 28 16 31 13 23 26 18 32 12 10 24 31 15 23 23 36 16 20 22 0 16 27 24 49 41 41 16 11 18 31
57 31 26 3 24 4 33 12 26 27 16 19 9 7 59 19 8 41 12 5 28 15 10 6 6 20 28 6 19 41 27 22 0 21 51 49 15 17 20 23 15 49
81 28 15 22 24 19 39 37 56 16 36 18 41 16 34 36 21 51 22 12 33 17 12 19 14 23 8 35 3 33 5 19 27 0 70 55 46 44 52 20 31 48
4 12 40 24 42 25 33 47 22 30 42 46 31 21 23 41 56 14 28 44 29 40 29 30 43 58 71 50 69 16 63 48 26 41 0 6 33 42 26 37 33 6
8 10 17 46 30 50 11 32 8 31 30 41 35 47 61 52 51 20 49 62 45 24 46 44 33 67 56 28 49 5 47 48 47 44 12 0 47 13 39 50 18 9
29 18 34 17 56 23 44 9 12 18 63 36 23 36 34 37 10 26 8 15 67 33 25 13 44 28 66 12 54 40 32 51 13 51 46 40 0 12 50 57 9 25
35 11 17 16 43 23 29 11 6 12 51 39 11 13 39 32 12 43 14 31 33 28 38 12 38 60 25 14 29 24 23 15 22 55 24 28 14 0 57 52 5 34
18 24 12 37 19 39 16 43 26 21 10 17 35 31 9 4 31 18 67 60 3 27 25 26 36 20 19 53 17 32 37 26 52 43 18 20 48 23 0 11 21 17
65 26 15 54 12 55 29 23 24 28 7 7 48 37 6 5 46 33 40 30 18 23 32 58 43 12 13 58 39 37 18 22 51 25 56 30 34 32 11 0 47 62
35 15 18 11 51 26 21 15 2 15 41 47 16 24 25 45 11 27 10 22 25 16 42 21 23 34 41 19 50 17 42 18 18 60 14 15 16 3 42 52 0 47
0 23 43 63 40 54 33 24 26 20 29 39 58 36 68 34 54 16 31 31 42 41 67 45 63 46 37 59 48 12 78 38 48 51 5 15 62 19 48 59 38 0