7
40
,
0 (18.0, 17.0) 72.0
1 (30.0, 23.0) 35.0
2 (20.0, 44.0) 64.0
3 (48.0, 18.0) 88.0
4 (24.0, 46.0) 50.0
5 (24.0, 16.0) 50.0
6 (15.0, 44.0) 51.0
7 (5.0, 30.0) 53.0
8 (25.0, 22.0) 35.0
9 (35.0, 12.0) 51.0
10 (37.0, 23.0) 76.0
11 (18.0, 36.0) 47.0
12 (28.0, 36.0) 32.0
13 (48.0, 5.0) 49.0
14 (37.0, 8.0) 72.0
15 (15.0, 47.0) 48.0
16 (14.0, 6.0) 66.0
17 (12.0, 45.0) 86.0
18 (31.0, 44.0) 68.0
19 (34.0, 1.0) 51.0
20 (26.0, 24.0) 35.0
21 (38.0, 41.0) 51.0
22 (19.0, 42.0) 67.0
23 (35.0, 42.0) 45.0
24 (50.0, 21.0) 89.0
25 (50.0, 27.0) 55.0
26 (18.0, 41.0) 60.0
27 (42.0, 37.0) 74.0
28 (2.0, 19.0) 63.0
29 (43.0, 36.0) 52.0
30 (34.0, 22.0) 52.0
31 (23.0, 41.0) 89.0
32 (46.0, 38.0) 57.0
33 (3.0, 5.0) 57.0
34 (2.0, 14.0) 36.0
35 (5.0, 49.0) 44.0
36 (9.0, 34.0) 45.0
37 (32.0, 4.0) 49.0
38 (43.0, 10.0) 73.0
39 (6.0, 31.0) 54.0
,
0 12 19 24 26 26 14 23 15 17 18 22 20 23 24 19 25 8 23 27 17 18 28 23 27 27 28 22 28 10 28 20 24 30 3 7 25 18 16 22 16 0
12 0 7 14 15 15 3 14 9 4 9 10 10 11 16 11 15 6 14 15 11 5 16 13 15 16 17 12 16 8 16 8 12 18 10 8 17 10 10 13 9 12
19 7 0 12 9 12 5 13 13 3 6 4 9 7 13 8 14 12 14 11 11 2 10 11 10 10 10 11 9 14 9 2 10 11 16 15 18 12 10 9 13 19
24 14 12 0 19 2 14 2 10 11 18 14 4 6 24 20 3 19 4 6 23 10 9 1 8 19 17 2 12 15 12 13 2 13 21 17 8 7 21 21 10 24
26 15 9 19 0 18 12 21 22 12 7 6 17 13 6 7 22 18 22 16 11 11 13 19 14 2 5 19 10 23 9 7 17 10 23 23 27 21 11 5 22 26
26 15 12 2 18 0 15 5 12 12 18 13 6 5 24 20 5 21 6 4 23 11 7 3 6 18 16 4 10 17 11 13 3 12 23 19 10 10 21 20 12 26
14 3 5 14 12 15 0 15 12 3 6 7 10 10 13 8 16 7 16 14 9 4 14 13 14 13 14 13 14 11 14 6 13 16 12 11 19 12 7 10 12 14
23 14 13 2 21 5 15 0 9 12 19 15 4 8 26 21 2 19 2 8 24 11 12 2 10 21 19 2 14 14 15 15 4 16 20 16 6 6 22 22 8 23
15 9 13 10 22 12 12 9 0 11 17 16 7 12 25 19 10 13 8 15 21 11 17 9 16 23 23 9 19 6 19 15 11 21 13 8 10 3 19 21 1 15
17 4 3 11 12 12 3 12 11 0 7 6 8 7 14 9 13 10 13 11 11 1 12 10 11 13 13 10 11 12 11 4 10 13 14 12 17 10 10 11 11 17
18 9 6 18 7 18 6 19 17 7 0 6 15 12 7 2 20 11 20 16 6 8 15 17 15 9 11 17 13 17 13 5 16 14 16 17 24 17 4 4 17 18
22 10 4 14 6 13 7 15 16 6 6 0 12 8 11 8 16 14 17 11 11 6 9 13 10 7 7 13 7 18 7 2 11 9 19 18 21 15 10 7 16 22
20 10 9 4 17 6 10 4 7 8 15 12 0 5 22 17 6 15 5 8 19 7 10 3 9 18 17 2 12 12 12 11 4 14 17 14 9 5 17 18 6 20
23 11 7 6 13 5 10 8 12 7 12 8 5 0 18 15 9 17 9 4 18 6 6 5 5 13 12 6 7 16 8 8 4 9 20 17 13 10 16 15 11 23
24 16 13 24 6 24 13 26 25 14 7 11 22 18 0 6 27 17 27 21 7 15 19 24 20 8 11 23 16 24 16 11 22 17 22 23 31 24 8 4 25 24
19 11 8 20 7 20 8 21 19 9 2 8 17 15 6 0 22 12 22 18 4 10 17 19 17 9 12 19 15 18 14 7 18 16 17 18 26 19 3 3 19 19
25 15 14 3 22 5 16 2 10 13 20 16 6 9 27 22 0 21 2 8 25 13 12 3 10 22 20 3 14 15 15 16 5 16 22 18 5 7 23 23 9 25
8 6 12 19 18 21 7 19 13 10 11 14 15 17 17 12 21 0 20 21 10 11 21 18 21 20 21 18 21 9 21 13 18 23 6 7 22 14 9 15 13 8
23 14 14 4 22 6 16 2 8 13 20 17 5 9 27 22 2 20 0 10 25 13 13 4 12 22 21 4 16 14 16 16 6 17 20 16 4 6 23 23 8 23
27 15 11 6 16 4 14 8 15 11 16 11 8 4 21 18 8 21 10 0 22 10 4 6 2 15 13 7 7 19 7 11 4 8 24 21 13 12 20 18 14 27
17 11 11 23 11 23 9 24 21 11 6 11 19 18 7 4 25 10 25 22 0 12 20 22 21 13 15 22 18 18 18 10 21 19 16 17 28 21 2 6 21 17
18 5 2 10 11 11 4 11 11 1 8 6 7 6 15 10 13 11 13 10 12 0 10 10 10 12 12 9 10 12 10 4 9 12 15 13 16 10 10 11 11 18
28 16 10 9 13 7 14 12 17 12 15 9 10 6 19 17 12 21 13 4 20 10 0 10 2 12 9 10 3 21 4 10 8 4 25 22 17 15 19 16 17 28
23 13 11 1 19 3 13 2 9 10 17 13 3 5 24 19 3 18 4 6 22 10 10 0 8 19 17 1 12 14 12 12 2 14 20 16 8 6 20 20 9 23
27 15 10 8 14 6 14 10 16 11 15 10 9 5 20 17 10 21 12 2 21 10 2 8 0 13 11 9 4 20 5 10 6 6 24 22 15 14 19 16 16 27
27 16 10 19 2 18 13 21 23 13 9 7 18 13 8 9 22 20 22 15 13 12 12 19 13 0 3 19 9 24 8 8 17 9 25 24 26 22 12 7 23 27
28 17 10 17 5 16 14 19 23 13 11 7 17 12 11 12 20 21 21 13 15 12 9 17 11 3 0 17 6 24 6 8 15 6 26 25 25 21 15 9 22 28
22 12 11 2 19 4 13 2 9 10 17 13 2 6 23 19 3 18 4 7 22 9 10 1 9 19 17 0 12 14 13 12 2 14 20 16 8 6 20 20 8 22
28 16 9 12 10 10 14 14 19 11 13 7 12 7 16 15 14 21 16 7 18 10 3 12 4 9 6 12 0 22 1 8 10 2 25 23 19 17 17 14 18 28
10 8 14 15 23 17 11 14 6 12 17 18 12 16 24 18 15 9 14 19 18 12 21 14 20 24 24 14 22 0 22 16 15 24 7 2 15 8 17 21 6 10
28 16 9 12 9 11 14 15 19 11 13 7 12 8 16 14 15 21 16 7 18 10 4 12 5 8 6 13 1 22 0 8 10 2 25 23 20 17 17 13 19 28
20 8 2 13 7 13 6 15 15 4 5 2 11 8 11 7 16 13 16 11 10 4 10 12 10 8 8 12 8 16 8 0 11 10 18 16 20 14 9 8 15 20
24 12 10 2 17 3 13 4 11 10 16 11 4 4 22 18 5 18 6 4 21 9 8 2 6 17 15 2 10 15 10 11 0 12 21 17 10 8 19 18 10 24
30 18 11 13 10 12 16 16 21 13 14 9 14 9 17 16 16 23 17 8 19 12 4 14 6 9 6 14 2 24 2 10 12 0 27 25 21 19 18 14 20 30
3 10 16 21 23 23 12 20 13 14 16 19 17 20 22 17 22 6 20 24 16 15 25 20 24 25 26 20 25 7 25 18 21 27 0 5 22 15 15 20 13 3
7 8 15 17 23 19 11 16 8 12 17 18 14 17 23 18 18 7 16 21 17 13 22 16 22 24 25 16 23 2 23 16 17 25 5 0 18 11 16 21 9 7
25 17 18 8 27 10 19 6 10 17 24 21 9 13 31 26 5 22 4 13 28 16 17 8 15 26 25 8 19 15 20 20 10 21 22 18 0 8 26 27 9 25
18 10 12 7 21 10 12 6 3 10 17 15 5 10 24 19 7 14 6 12 21 10 15 6 14 22 21 6 17 8 17 14 8 19 15 11 8 0 19 21 2 18
16 10 10 21 11 21 7 22 19 10 4 10 17 16 8 3 23 9 23 20 2 10 19 20 19 12 15 20 17 17 17 9 19 18 15 16 26 19 0 6 19 16
22 13 9 21 5 20 10 22 21 11 4 7 18 15 4 3 23 15 23 18 6 11 16 20 16 7 9 20 14 21 13 8 18 14 20 21 27 21 6 0 21 22
16 9 13 10 22 12 12 8 1 11 17 16 6 11 25 19 9 13 8 14 21 11 17 9 16 23 22 8 18 6 19 15 10 20 13 9 9 2 19 21 0 16
0 12 19 24 26 26 14 23 15 17 18 22 20 23 24 19 25 8 23 27 17 18 28 23 27 27 28 22 28 10 28 20 24 30 3 7 25 18 16 22 16 0
,
0 19 48 68 60 72 28 66 26 49 21 51 39 52 26 53 43 20 55 78 32 21 70 28 78 31 32 62 77 13 67 39 37 76 7 16 37 18 40 50 41 0
28 0 8 25 27 37 6 15 27 12 17 24 27 28 38 11 38 10 19 24 33 11 44 20 29 36 28 29 43 20 19 16 16 32 10 19 24 24 27 22 20 19
23 10 0 33 25 32 14 20 16 7 15 9 16 8 16 11 31 28 37 24 33 4 18 12 11 26 18 27 16 33 26 6 21 31 46 30 29 29 22 20 31 50
40 32 21 0 41 6 18 4 16 15 25 24 12 10 42 38 7 49 11 16 32 21 23 3 8 48 27 3 33 43 13 21 3 30 22 45 19 12 36 29 10 67
72 34 26 38 0 33 15 38 58 24 15 14 30 37 18 22 22 20 66 40 17 12 28 36 35 5 11 54 18 44 17 11 37 22 28 31 50 58 21 5 24 62
71 23 30 4 32 0 21 7 36 13 46 35 11 11 42 48 7 45 13 7 68 32 13 5 15 53 38 7 10 21 28 31 5 13 69 39 25 23 27 26 12 38
40 5 13 20 27 21 0 20 19 4 11 13 25 19 19 23 22 13 27 30 21 8 27 31 39 32 32 38 41 20 16 17 32 27 25 25 31 15 15 18 29 21
67 21 19 6 53 11 22 0 25 21 50 43 8 15 58 41 3 45 4 11 27 24 22 7 23 50 22 5 38 17 27 23 9 20 56 41 13 10 55 55 19 52
21 11 23 14 28 30 25 11 0 16 25 40 19 12 48 20 21 15 12 34 27 18 41 19 37 47 33 17 30 7 42 17 13 59 16 23 21 5 21 62 2 16
37 12 5 20 12 13 3 30 27 0 9 14 15 21 29 14 28 20 24 28 16 2 21 19 14 22 21 13 20 25 14 10 17 18 29 27 37 27 15 13 22 20
25 26 13 40 14 23 11 28 46 18 0 11 40 31 15 2 23 28 40 42 14 11 38 21 32 20 31 43 19 33 16 11 37 20 32 45 25 42 12 10 39 55
58 15 9 36 18 30 17 24 31 13 7 0 32 16 26 14 42 39 48 22 31 16 13 23 14 19 16 14 18 46 11 2 20 9 50 34 58 32 16 19 35 24
27 27 25 9 44 9 13 11 12 14 21 23 0 6 50 24 13 25 10 18 46 9 19 8 25 25 34 6 28 17 28 19 10 42 39 17 13 10 45 24 17 35
60 22 20 7 31 7 13 13 30 18 34 14 14 0 53 33 12 45 9 4 20 8 9 6 9 17 33 13 15 36 9 20 5 22 60 23 20 24 18 25 16 47
59 33 37 54 16 35 27 38 45 29 21 19 63 47 0 16 57 40 46 59 17 22 42 32 31 16 17 39 39 53 39 29 62 36 23 26 82 45 9 9 51 52
21 31 15 44 14 44 21 48 47 11 5 13 23 28 6 0 52 24 63 29 10 12 26 57 19 24 28 23 40 31 38 17 20 36 26 30 45 45 8 4 51 26
29 24 38 4 44 5 33 2 29 25 20 46 8 17 72 32 0 34 5 9 42 25 25 7 24 25 51 6 31 44 36 32 11 47 28 49 14 12 62 41 24 55
20 12 15 47 49 23 7 25 18 20 13 15 25 41 24 16 26 0 24 44 11 31 37 24 34 20 44 21 34 21 44 15 37 54 7 12 63 31 27 21 29 20
35 41 19 5 45 14 23 2 20 37 40 22 10 18 66 24 4 38 0 16 53 25 29 7 31 55 26 7 21 37 41 19 8 20 50 26 10 14 66 61 17 65
46 26 24 16 35 4 17 12 35 27 45 25 12 5 54 34 13 37 25 0 23 19 9 18 3 35 22 9 13 33 18 25 9 10 58 39 23 25 34 21 24 59
37 27 30 39 13 26 13 24 41 30 16 14 21 52 13 7 51 12 60 49 0 25 53 62 28 13 32 26 26 47 39 13 49 24 31 35 68 61 5 17 37 39
20 9 5 17 33 26 6 28 27 2 15 10 21 8 40 10 32 21 32 11 32 0 11 23 29 18 30 25 16 24 24 6 12 19 24 26 28 18 14 13 30 49
40 34 29 24 14 18 17 12 30 34 28 26 29 12 38 49 33 26 38 10 38 26 0 11 2 21 18 18 5 24 10 28 9 9 36 56 29 24 30 44 23 66
50 26 21 3 22 6 26 6 10 26 44 13 4 14 33 39 5 36 9 8 24 23 16 0 22 25 17 2 24 18 21 14 2 39 37 17 9 7 42 52 10 54
36 36 15 13 35 7 23 13 30 28 27 27 11 7 25 46 14 52 15 3 39 20 3 14 0 27 29 23 6 36 14 17 13 16 27 62 22 31 41 18 43 50
29 42 21 48 3 39 30 59 55 31 10 12 33 23 24 18 22 29 48 23 18 32 21 30 35 0 7 39 10 51 11 22 50 17 36 61 54 52 34 17 48 34
81 23 21 42 8 41 23 23 55 15 12 20 29 32 29 21 51 35 55 20 28 33 25 20 20 6 0 48 8 64 8 20 17 11 73 58 43 51 43 21 36 83
58 25 12 3 51 10 33 5 17 13 26 34 5 10 70 52 9 49 6 16 54 24 25 1 9 52 47 0 14 27 31 24 6 18 44 30 15 11 29 27 12 48
35 16 14 12 19 17 36 17 37 25 35 8 31 11 19 31 29 23 44 9 26 18 6 30 8 15 17 29 0 31 1 18 13 5 48 33 21 31 51 32 48 47
12 15 18 20 25 47 19 35 8 26 48 35 31 23 47 18 27 22 25 28 44 17 21 39 41 52 54 26 44 0 37 30 17 51 20 6 30 12 48 39 7 21
54 28 22 16 11 29 18 32 57 24 23 10 25 18 42 32 24 49 19 13 34 24 5 25 13 25 15 28 1 37 0 18 27 3 50 31 28 41 27 25 36 75
32 14 6 25 8 32 8 21 44 10 11 2 30 16 23 20 42 26 38 28 11 10 21 16 17 23 23 28 10 22 12 0 17 11 33 25 22 21 16 17 34 28
55 34 24 5 40 5 16 10 19 19 41 22 6 7 35 28 8 31 12 6 40 22 13 2 16 48 41 3 19 41 20 24 0 23 21 51 13 18 33 32 23 33
33 28 18 21 16 34 29 24 32 31 34 24 34 19 45 40 29 40 49 19 33 34 8 30 12 19 11 32 5 62 5 15 14 0 40 57 34 25 42 21 40 48
3 13 29 23 66 26 30 52 14 18 17 20 25 42 32 50 56 7 21 44 17 16 38 37 28 35 47 43 46 19 42 51 59 38 0 5 28 19 39 53 19 8
17 14 33 40 49 51 21 17 9 17 23 28 28 45 61 47 31 7 35 21 31 32 65 30 37 27 63 33 41 4 52 38 22 34 5 0 47 24 45 46 19 10
40 39 39 10 41 23 40 10 28 26 40 61 10 29 49 62 14 32 6 25 53 39 21 12 23 61 48 11 57 36 47 27 16 45 62 21 0 8 69 31 12 47
31 23 32 18 22 18 21 7 6 22 29 29 7 17 62 27 8 36 16 17 51 11 34 11 25 60 34 15 42 23 43 32 16 44 19 17 18 0 30 44 6 46
22 14 26 57 28 51 19 63 35 17 10 24 49 36 12 8 53 15 42 35 4 30 33 29 51 37 40 38 26 36 20 25 50 21 31 17 68 24 0 11 20 46
56 28 26 47 13 53 18 56 54 27 10 21 28 29 9 4 57 38 50 27 12 29 16 21 24 17 17 29 27 60 25 13 24 15 29 39 60 33 14 0 42 38
46 18 17 22 42 24 17 21 1 21 46 48 12 32 73 31 16 30 22 34 30 11 19 11 45 55 48 8 43 14 29 19 19 35 34 17 15 6 43 43 0 32
0 16 30 37 51 39 23 51 24 38 54 39 22 33 64 29 50 22 31 52 44 33 31 40 59 56 84 65 81 16 84 52 58 41 4 21 50 46 23 44 20 0