7
40
,
0 (18.0, 17.0) 84.0
1 (30.0, 23.0) 78.0
2 (20.0, 44.0) 71.0
3 (48.0, 18.0) 65.0
4 (24.0, 46.0) 68.0
5 (24.0, 16.0) 57.0
6 (15.0, 44.0) 31.0
7 (5.0, 30.0) 49.0
8 (25.0, 22.0) 58.0
9 (35.0, 12.0) 81.0
10 (37.0, 23.0) 46.0
11 (18.0, 36.0) 47.0
12 (28.0, 36.0) 44.0
13 (48.0, 5.0) 52.0
14 (37.0, 8.0) 34.0
15 (15.0, 47.0) 34.0
16 (14.0, 6.0) 44.0
17 (12.0, 45.0) 45.0
18 (31.0, 44.0) 31.0
19 (34.0, 1.0) 59.0
20 (26.0, 24.0) 80.0
21 (38.0, 41.0) 32.0
22 (19.0, 42.0) 75.0
23 (35.0, 42.0) 56.0
24 (50.0, 21.0) 40.0
25 (50.0, 27.0) 74.0
26 (18.0, 41.0) 34.0
27 (42.0, 37.0) 67.0
28 (2.0, 19.0) 42.0
29 (43.0, 36.0) 34.0
30 (34.0, 22.0) 33.0
31 (23.0, 41.0) 89.0
32 (46.0, 38.0) 73.0
33 (3.0, 5.0) 67.0
34 (2.0, 14.0) 71.0
35 (5.0, 49.0) 49.0
36 (9.0, 34.0) 85.0
37 (32.0, 4.0) 80.0
38 (43.0, 10.0) 43.0
39 (6.0, 31.0) 35.0
,
0 12 19 24 26 26 14 23 15 17 18 22 20 23 24 19 25 8 23 27 17 18 28 23 27 27 28 22 28 10 28 20 24 30 3 7 25 18 16 22 16 0
12 0 7 14 15 15 3 14 9 4 9 10 10 11 16 11 15 6 14 15 11 5 16 13 15 16 17 12 16 8 16 8 12 18 10 8 17 10 10 13 9 12
19 7 0 12 9 12 5 13 13 3 6 4 9 7 13 8 14 12 14 11 11 2 10 11 10 10 10 11 9 14 9 2 10 11 16 15 18 12 10 9 13 19
24 14 12 0 19 2 14 2 10 11 18 14 4 6 24 20 3 19 4 6 23 10 9 1 8 19 17 2 12 15 12 13 2 13 21 17 8 7 21 21 10 24
26 15 9 19 0 18 12 21 22 12 7 6 17 13 6 7 22 18 22 16 11 11 13 19 14 2 5 19 10 23 9 7 17 10 23 23 27 21 11 5 22 26
26 15 12 2 18 0 15 5 12 12 18 13 6 5 24 20 5 21 6 4 23 11 7 3 6 18 16 4 10 17 11 13 3 12 23 19 10 10 21 20 12 26
14 3 5 14 12 15 0 15 12 3 6 7 10 10 13 8 16 7 16 14 9 4 14 13 14 13 14 13 14 11 14 6 13 16 12 11 19 12 7 10 12 14
23 14 13 2 21 5 15 0 9 12 19 15 4 8 26 21 2 19 2 8 24 11 12 2 10 21 19 2 14 14 15 15 4 16 20 16 6 6 22 22 8 23
15 9 13 10 22 12 12 9 0 11 17 16 7 12 25 19 10 13 8 15 21 11 17 9 16 23 23 9 19 6 19 15 11 21 13 8 10 3 19 21 1 15
17 4 3 11 12 12 3 12 11 0 7 6 8 7 14 9 13 10 13 11 11 1 12 10 11 13 13 10 11 12 11 4 10 13 14 12 17 10 10 11 11 17
18 9 6 18 7 18 6 19 17 7 0 6 15 12 7 2 20 11 20 16 6 8 15 17 15 9 11 17 13 17 13 5 16 14 16 17 24 17 4 4 17 18
22 10 4 14 6 13 7 15 16 6 6 0 12 8 11 8 16 14 17 11 11 6 9 13 10 7 7 13 7 18 7 2 11 9 19 18 21 15 10 7 16 22
20 10 9 4 17 6 10 4 7 8 15 12 0 5 22 17 6 15 5 8 19 7 10 3 9 18 17 2 12 12 12 11 4 14 17 14 9 5 17 18 6 20
23 11 7 6 13 5 10 8 12 7 12 8 5 0 18 15 9 17 9 4 18 6 6 5 5 13 12 6 7 16 8 8 4 9 20 17 13 10 16 15 11 23
24 16 13 24 6 24 13 26 25 14 7 11 22 18 0 6 27 17 27 21 7 15 19 24 20 8 11 23 16 24 16 11 22 17 22 23 31 24 8 4 25 24
19 11 8 20 7 20 8 21 19 9 2 8 17 15 6 0 22 12 22 18 4 10 17 19 17 9 12 19 15 18 14 7 18 16 17 18 26 19 3 3 19 19
25 15 14 3 22 5 16 2 10 13 20 16 6 9 27 22 0 21 2 8 25 13 12 3 10 22 20 3 14 15 15 16 5 16 22 18 5 7 23 23 9 25
8 6 12 19 18 21 7 19 13 10 11 14 15 17 17 12 21 0 20 21 10 11 21 18 21 20 21 18 21 9 21 13 18 23 6 7 22 14 9 15 13 8
23 14 14 4 22 6 16 2 8 13 20 17 5 9 27 22 2 20 0 10 25 13 13 4 12 22 21 4 16 14 16 16 6 17 20 16 4 6 23 23 8 23
27 15 11 6 16 4 14 8 15 11 16 11 8 4 21 18 8 21 10 0 22 10 4 6 2 15 13 7 7 19 7 11 4 8 24 21 13 12 20 18 14 27
17 11 11 23 11 23 9 24 21 11 6 11 19 18 7 4 25 10 25 22 0 12 20 22 21 13 15 22 18 18 18 10 21 19 16 17 28 21 2 6 21 17
18 5 2 10 11 11 4 11 11 1 8 6 7 6 15 10 13 11 13 10 12 0 10 10 10 12 12 9 10 12 10 4 9 12 15 13 16 10 10 11 11 18
28 16 10 9 13 7 14 12 17 12 15 9 10 6 19 17 12 21 13 4 20 10 0 10 2 12 9 10 3 21 4 10 8 4 25 22 17 15 19 16 17 28
23 13 11 1 19 3 13 2 9 10 17 13 3 5 24 19 3 18 4 6 22 10 10 0 8 19 17 1 12 14 12 12 2 14 20 16 8 6 20 20 9 23
27 15 10 8 14 6 14 10 16 11 15 10 9 5 20 17 10 21 12 2 21 10 2 8 0 13 11 9 4 20 5 10 6 6 24 22 15 14 19 16 16 27
27 16 10 19 2 18 13 21 23 13 9 7 18 13 8 9 22 20 22 15 13 12 12 19 13 0 3 19 9 24 8 8 17 9 25 24 26 22 12 7 23 27
28 17 10 17 5 16 14 19 23 13 11 7 17 12 11 12 20 21 21 13 15 12 9 17 11 3 0 17 6 24 6 8 15 6 26 25 25 21 15 9 22 28
22 12 11 2 19 4 13 2 9 10 17 13 2 6 23 19 3 18 4 7 22 9 10 1 9 19 17 0 12 14 13 12 2 14 20 16 8 6 20 20 8 22
28 16 9 12 10 10 14 14 19 11 13 7 12 7 16 15 14 21 16 7 18 10 3 12 4 9 6 12 0 22 1 8 10 2 25 23 19 17 17 14 18 28
10 8 14 15 23 17 11 14 6 12 17 18 12 16 24 18 15 9 14 19 18 12 21 14 20 24 24 14 22 0 22 16 15 24 7 2 15 8 17 21 6 10
28 16 9 12 9 11 14 15 19 11 13 7 12 8 16 14 15 21 16 7 18 10 4 12 5 8 6 13 1 22 0 8 10 2 25 23 20 17 17 13 19 28
20 8 2 13 7 13 6 15 15 4 5 2 11 8 11 7 16 13 16 11 10 4 10 12 10 8 8 12 8 16 8 0 11 10 18 16 20 14 9 8 15 20
24 12 10 2 17 3 13 4 11 10 16 11 4 4 22 18 5 18 6 4 21 9 8 2 6 17 15 2 10 15 10 11 0 12 21 17 10 8 19 18 10 24
30 18 11 13 10 12 16 16 21 13 14 9 14 9 17 16 16 23 17 8 19 12 4 14 6 9 6 14 2 24 2 10 12 0 27 25 21 19 18 14 20 30
3 10 16 21 23 23 12 20 13 14 16 19 17 20 22 17 22 6 20 24 16 15 25 20 24 25 26 20 25 7 25 18 21 27 0 5 22 15 15 20 13 3
7 8 15 17 23 19 11 16 8 12 17 18 14 17 23 18 18 7 16 21 17 13 22 16 22 24 25 16 23 2 23 16 17 25 5 0 18 11 16 21 9 7
25 17 18 8 27 10 19 6 10 17 24 21 9 13 31 26 5 22 4 13 28 16 17 8 15 26 25 8 19 15 20 20 10 21 22 18 0 8 26 27 9 25
18 10 12 7 21 10 12 6 3 10 17 15 5 10 24 19 7 14 6 12 21 10 15 6 14 22 21 6 17 8 17 14 8 19 15 11 8 0 19 21 2 18
16 10 10 21 11 21 7 22 19 10 4 10 17 16 8 3 23 9 23 20 2 10 19 20 19 12 15 20 17 17 17 9 19 18 15 16 26 19 0 6 19 16
22 13 9 21 5 20 10 22 21 11 4 7 18 15 4 3 23 15 23 18 6 11 16 20 16 7 9 20 14 21 13 8 18 14 20 21 27 21 6 0 21 22
16 9 13 10 22 12 12 8 1 11 17 16 6 11 25 19 9 13 8 14 21 11 17 9 16 23 22 8 18 6 19 15 10 20 13 9 9 2 19 21 0 16
0 12 19 24 26 26 14 23 15 17 18 22 20 23 24 19 25 8 23 27 17 18 28 23 27 27 28 22 28 10 28 20 24 30 3 7 25 18 16 22 16 0
,
0 21 22 41 36 35 35 34 35 34 38 63 37 33 47 56 71 16 24 40 29 34 48 58 32 47 73 50 49 27 55 42 49 89 6 16 61 44 27 28 39 0
23 0 16 37 35 18 8 18 27 12 11 17 12 12 41 13 19 14 20 36 18 14 37 31 18 48 45 27 29 15 40 15 27 37 16 8 39 21 10 26 18 15
42 11 0 30 24 17 11 28 31 3 10 7 25 13 17 11 16 22 28 31 32 6 24 21 22 26 20 22 20 32 19 4 25 27 28 23 26 13 21 24 30 52
41 24 24 0 22 2 19 7 30 19 52 19 11 10 33 43 8 45 7 13 36 23 13 2 8 38 19 5 33 31 14 14 4 36 25 47 13 9 57 49 27 54
31 22 27 30 0 52 29 58 53 13 17 16 35 24 8 22 22 51 29 18 24 28 18 39 21 5 5 43 26 49 22 16 17 22 43 26 54 54 28 9 30 40
72 33 20 4 25 0 33 8 31 35 34 27 10 10 48 55 13 60 8 7 40 25 11 8 7 48 23 10 29 40 24 14 6 18 41 40 23 11 40 44 12 63
20 5 5 19 24 41 0 33 17 4 7 16 31 23 37 18 42 8 45 24 21 5 24 28 33 24 21 33 40 22 16 9 21 42 30 19 36 27 16 25 18 20
52 35 30 4 52 5 26 0 14 24 34 17 10 19 32 57 3 40 5 16 24 20 22 3 29 44 41 5 28 18 17 19 6 36 55 20 9 15 64 36 17 57
35 17 15 22 37 33 35 20 0 20 50 31 8 18 43 41 27 25 23 27 36 23 47 24 20 62 51 12 41 10 48 24 24 58 22 16 27 7 35 26 1 23
47 12 5 25 21 19 7 27 29 0 11 15 20 8 43 12 22 16 28 26 13 1 17 30 28 23 28 25 27 25 32 9 10 20 16 23 32 16 17 23 18 41
42 21 13 29 11 39 8 35 40 17 0 15 24 18 11 4 53 13 37 24 8 11 22 40 29 16 26 28 30 22 37 12 32 24 30 39 27 30 5 6 44 35
49 22 5 38 6 38 14 24 28 14 8 0 23 18 30 12 19 36 34 28 24 8 13 14 21 17 18 20 15 30 16 3 12 26 57 39 56 32 18 13 40 46
48 18 21 6 29 13 20 7 20 15 23 24 0 13 32 51 11 25 7 8 25 12 25 4 11 24 35 5 29 14 24 11 10 42 19 39 15 10 46 19 17 45
47 26 8 11 39 10 10 16 22 16 25 11 9 0 47 35 23 44 19 10 44 7 7 6 9 14 18 13 8 43 12 17 6 24 42 18 27 23 23 37 22 31
35 32 27 62 19 34 28 54 53 36 22 12 40 34 0 16 52 49 28 32 12 18 38 50 58 18 27 55 47 50 29 31 31 34 59 38 56 48 14 5 70 55
36 15 14 45 13 24 20 53 43 10 4 8 35 29 16 0 62 13 64 44 5 26 42 31 24 20 31 44 39 22 16 12 31 22 20 18 30 19 4 5 57 40
34 32 30 7 58 8 29 3 20 28 54 41 14 9 59 56 0 46 3 8 33 17 30 6 11 38 50 8 37 31 19 37 11 21 40 28 8 11 26 52 19 62
13 7 24 30 23 57 12 50 27 11 25 33 32 30 51 21 51 0 27 39 18 13 54 45 34 22 26 43 30 20 53 31 49 26 14 8 33 42 24 19 29 15
40 37 18 7 46 12 30 4 21 25 31 27 10 27 57 36 3 20 0 10 31 22 18 4 17 59 57 7 44 33 37 45 9 18 61 23 9 9 66 52 16 63
57 34 26 9 42 9 41 10 34 23 17 14 21 7 34 55 9 33 23 0 58 22 6 17 6 15 27 10 11 52 11 17 8 21 52 40 14 32 58 35 38 46
48 16 14 35 11 62 23 54 49 33 11 16 34 20 15 8 71 31 50 23 0 15 24 56 37 15 32 45 37 28 37 27 41 35 22 35 52 35 4 14 51 19
46 13 2 17 29 12 10 13 31 2 13 11 11 7 39 25 14 19 35 23 33 0 15 23 18 21 20 15 11 24 17 10 9 32 28 26 20 13 12 19 26 36
59 36 15 19 32 18 23 19 36 28 34 18 26 8 49 43 33 61 36 6 37 12 0 24 2 33 23 27 4 52 6 14 22 12 69 62 39 24 45 36 45 38
55 25 29 3 41 5 16 5 28 13 28 19 6 14 31 53 8 48 9 7 49 26 23 0 23 26 48 1 19 29 27 23 4 41 53 46 21 8 55 31 15 47
39 23 28 11 17 13 18 16 23 29 40 20 23 9 54 47 20 45 28 5 55 18 2 14 0 19 18 17 8 29 14 27 9 16 27 30 22 30 42 29 46 45
41 16 18 23 5 24 39 46 37 15 10 15 45 21 11 25 28 57 53 37 30 22 17 34 14 0 6 41 18 35 9 16 46 25 46 51 52 54 23 19 42 73
78 42 28 25 6 37 22 35 29 16 25 20 32 23 14 17 52 60 50 33 22 34 20 30 23 8 0 30 12 69 12 10 43 6 50 72 49 36 34 23 66 29
53 18 29 4 31 7 25 3 25 18 26 31 6 12 41 29 7 49 10 12 58 21 18 1 24 44 41 0 13 26 16 18 3 34 40 20 10 14 35 23 22 29
73 30 27 14 20 26 30 29 23 23 19 20 34 14 29 42 20 61 41 18 45 22 4 20 10 19 12 35 0 64 1 23 19 3 25 57 29 29 46 38 40 49
15 17 23 45 61 22 20 17 7 24 37 24 25 34 48 29 36 21 19 37 52 15 34 32 60 44 30 35 29 0 47 41 43 25 8 3 34 8 23 26 18 11
45 33 25 31 19 14 37 36 23 20 36 8 29 9 31 40 18 46 37 12 45 24 4 36 12 20 16 21 2 34 0 15 16 5 47 70 38 36 50 33 53 48
61 16 5 14 11 32 6 19 35 10 11 3 24 18 25 12 29 26 28 33 30 6 19 30 25 18 12 19 10 19 20 0 23 12 29 49 54 31 25 11 19 28
29 37 23 3 24 4 19 9 16 10 18 21 6 7 40 38 7 45 17 6 38 21 14 5 8 44 44 3 25 26 27 17 0 31 39 18 15 16 32 47 15 52
86 52 16 33 20 32 37 40 61 39 17 11 36 22 49 41 47 40 33 15 45 13 11 16 7 16 13 20 4 61 4 12 20 0 40 40 27 30 26 38 53 42
5 20 21 63 70 39 35 25 29 14 44 55 28 26 57 46 55 13 33 39 43 17 71 27 71 47 27 31 40 20 27 51 40 81 0 7 47 22 17 34 16 6
8 22 20 23 60 52 15 41 9 30 22 28 21 41 64 37 25 12 44 37 26 34 53 39 22 60 39 43 40 5 59 30 48 71 9 0 29 16 22 32 11 11
69 20 19 19 70 19 48 6 12 42 57 53 25 22 69 66 15 30 11 25 52 28 39 20 35 51 74 11 35 35 53 23 22 63 53 34 0 17 76 39 27 58
47 25 15 17 23 17 28 14 8 21 28 28 8 16 49 35 20 36 8 28 32 16 25 12 31 46 33 15 33 11 40 25 10 42 21 11 18 0 46 33 4 33
33 26 11 38 23 38 17 58 42 15 7 11 29 23 9 7 30 16 31 35 4 27 32 51 37 28 24 45 39 33 22 12 37 49 43 41 38 39 0 14 37 20
64 20 19 32 11 45 17 40 50 11 5 18 31 15 9 6 59 18 49 33 15 20 45 42 44 15 26 52 37 61 27 8 38 34 50 44 32 51 18 0 40 59
36 25 27 17 61 33 27 11 1 20 52 29 15 23 67 39 18 26 14 18 24 11 32 10 31 43 56 14 49 7 26 17 25 29 35 24 16 3 23 40 0 43
0 33 53 35 65 29 19 53 29 42 44 43 37 46 58 50 41 21 56 63 49 32 53 42 65 59 33 58 45 23 58 32 42 48 6 16 28 23 32 28 21 0