7
40
,
0 (18.0, 17.0) 62.0
1 (30.0, 23.0) 50.0
2 (20.0, 44.0) 67.0
3 (48.0, 18.0) 49.0
4 (24.0, 46.0) 84.0
5 (24.0, 16.0) 31.0
6 (15.0, 44.0) 32.0
7 (5.0, 30.0) 57.0
8 (25.0, 22.0) 55.0
9 (35.0, 12.0) 52.0
10 (37.0, 23.0) 52.0
11 (18.0, 36.0) 60.0
12 (28.0, 36.0) 66.0
13 (48.0, 5.0) 78.0
14 (37.0, 8.0) 69.0
15 (15.0, 47.0) 89.0
16 (14.0, 6.0) 54.0
17 (12.0, 45.0) 67.0
18 (31.0, 44.0) 69.0
19 (34.0, 1.0) 75.0
20 (26.0, 24.0) 82.0
21 (38.0, 41.0) 32.0
22 (19.0, 42.0) 32.0
23 (35.0, 42.0) 38.0
24 (50.0, 21.0) 69.0
25 (50.0, 27.0) 54.0
26 (18.0, 41.0) 77.0
27 (42.0, 37.0) 41.0
28 (2.0, 19.0) 30.0
29 (43.0, 36.0) 49.0
30 (34.0, 22.0) 72.0
31 (23.0, 41.0) 50.0
32 (46.0, 38.0) 87.0
33 (3.0, 5.0) 57.0
34 (2.0, 14.0) 54.0
35 (5.0, 49.0) 58.0
36 (9.0, 34.0) 43.0
37 (32.0, 4.0) 38.0
38 (43.0, 10.0) 34.0
39 (6.0, 31.0) 73.0
,
0 12 19 24 26 26 14 23 15 17 18 22 20 23 24 19 25 8 23 27 17 18 28 23 27 27 28 22 28 10 28 20 24 30 3 7 25 18 16 22 16 0
12 0 7 14 15 15 3 14 9 4 9 10 10 11 16 11 15 6 14 15 11 5 16 13 15 16 17 12 16 8 16 8 12 18 10 8 17 10 10 13 9 12
19 7 0 12 9 12 5 13 13 3 6 4 9 7 13 8 14 12 14 11 11 2 10 11 10 10 10 11 9 14 9 2 10 11 16 15 18 12 10 9 13 19
24 14 12 0 19 2 14 2 10 11 18 14 4 6 24 20 3 19 4 6 23 10 9 1 8 19 17 2 12 15 12 13 2 13 21 17 8 7 21 21 10 24
26 15 9 19 0 18 12 21 22 12 7 6 17 13 6 7 22 18 22 16 11 11 13 19 14 2 5 19 10 23 9 7 17 10 23 23 27 21 11 5 22 26
26 15 12 2 18 0 15 5 12 12 18 13 6 5 24 20 5 21 6 4 23 11 7 3 6 18 16 4 10 17 11 13 3 12 23 19 10 10 21 20 12 26
14 3 5 14 12 15 0 15 12 3 6 7 10 10 13 8 16 7 16 14 9 4 14 13 14 13 14 13 14 11 14 6 13 16 12 11 19 12 7 10 12 14
23 14 13 2 21 5 15 0 9 12 19 15 4 8 26 21 2 19 2 8 24 11 12 2 10 21 19 2 14 14 15 15 4 16 20 16 6 6 22 22 8 23
15 9 13 10 22 12 12 9 0 11 17 16 7 12 25 19 10 13 8 15 21 11 17 9 16 23 23 9 19 6 19 15 11 21 13 8 10 3 19 21 1 15
17 4 3 11 12 12 3 12 11 0 7 6 8 7 14 9 13 10 13 11 11 1 12 10 11 13 13 10 11 12 11 4 10 13 14 12 17 10 10 11 11 17
18 9 6 18 7 18 6 19 17 7 0 6 15 12 7 2 20 11 20 16 6 8 15 17 15 9 11 17 13 17 13 5 16 14 16 17 24 17 4 4 17 18
22 10 4 14 6 13 7 15 16 6 6 0 12 8 11 8 16 14 17 11 11 6 9 13 10 7 7 13 7 18 7 2 11 9 19 18 21 15 10 7 16 22
20 10 9 4 17 6 10 4 7 8 15 12 0 5 22 17 6 15 5 8 19 7 10 3 9 18 17 2 12 12 12 11 4 14 17 14 9 5 17 18 6 20
23 11 7 6 13 5 10 8 12 7 12 8 5 0 18 15 9 17 9 4 18 6 6 5 5 13 12 6 7 16 8 8 4 9 20 17 13 10 16 15 11 23
24 16 13 24 6 24 13 26 25 14 7 11 22 18 0 6 27 17 27 21 7 15 19 24 20 8 11 23 16 24 16 11 22 17 22 23 31 24 8 4 25 24
19 11 8 20 7 20 8 21 19 9 2 8 17 15 6 0 22 12 22 18 4 10 17 19 17 9 12 19 15 18 14 7 18 16 17 18 26 19 3 3 19 19
25 15 14 3 22 5 16 2 10 13 20 16 6 9 27 22 0 21 2 8 25 13 12 3 10 22 20 3 14 15 15 16 5 16 22 18 5 7 23 23 9 25
8 6 12 19 18 21 7 19 13 10 11 14 15 17 17 12 21 0 20 21 10 11 21 18 21 20 21 18 21 9 21 13 18 23 6 7 22 14 9 15 13 8
23 14 14 4 22 6 16 2 8 13 20 17 5 9 27 22 2 20 0 10 25 13 13 4 12 22 21 4 16 14 16 16 6 17 20 16 4 6 23 23 8 23
27 15 11 6 16 4 14 8 15 11 16 11 8 4 21 18 8 21 10 0 22 10 4 6 2 15 13 7 7 19 7 11 4 8 24 21 13 12 20 18 14 27
17 11 11 23 11 23 9 24 21 11 6 11 19 18 7 4 25 10 25 22 0 12 20 22 21 13 15 22 18 18 18 10 21 19 16 17 28 21 2 6 21 17
18 5 2 10 11 11 4 11 11 1 8 6 7 6 15 10 13 11 13 10 12 0 10 10 10 12 12 9 10 12 10 4 9 12 15 13 16 10 10 11 11 18
28 16 10 9 13 7 14 12 17 12 15 9 10 6 19 17 12 21 13 4 20 10 0 10 2 12 9 10 3 21 4 10 8 4 25 22 17 15 19 16 17 28
23 13 11 1 19 3 13 2 9 10 17 13 3 5 24 19 3 18 4 6 22 10 10 0 8 19 17 1 12 14 12 12 2 14 20 16 8 6 20 20 9 23
27 15 10 8 14 6 14 10 16 11 15 10 9 5 20 17 10 21 12 2 21 10 2 8 0 13 11 9 4 20 5 10 6 6 24 22 15 14 19 16 16 27
27 16 10 19 2 18 13 21 23 13 9 7 18 13 8 9 22 20 22 15 13 12 12 19 13 0 3 19 9 24 8 8 17 9 25 24 26 22 12 7 23 27
28 17 10 17 5 16 14 19 23 13 11 7 17 12 11 12 20 21 21 13 15 12 9 17 11 3 0 17 6 24 6 8 15 6 26 25 25 21 15 9 22 28
22 12 11 2 19 4 13 2 9 10 17 13 2 6 23 19 3 18 4 7 22 9 10 1 9 19 17 0 12 14 13 12 2 14 20 16 8 6 20 20 8 22
28 16 9 12 10 10 14 14 19 11 13 7 12 7 16 15 14 21 16 7 18 10 3 12 4 9 6 12 0 22 1 8 10 2 25 23 19 17 17 14 18 28
10 8 14 15 23 17 11 14 6 12 17 18 12 16 24 18 15 9 14 19 18 12 21 14 20 24 24 14 22 0 22 16 15 24 7 2 15 8 17 21 6 10
28 16 9 12 9 11 14 15 19 11 13 7 12 8 16 14 15 21 16 7 18 10 4 12 5 8 6 13 1 22 0 8 10 2 25 23 20 17 17 13 19 28
20 8 2 13 7 13 6 15 15 4 5 2 11 8 11 7 16 13 16 11 10 4 10 12 10 8 8 12 8 16 8 0 11 10 18 16 20 14 9 8 15 20
24 12 10 2 17 3 13 4 11 10 16 11 4 4 22 18 5 18 6 4 21 9 8 2 6 17 15 2 10 15 10 11 0 12 21 17 10 8 19 18 10 24
30 18 11 13 10 12 16 16 21 13 14 9 14 9 17 16 16 23 17 8 19 12 4 14 6 9 6 14 2 24 2 10 12 0 27 25 21 19 18 14 20 30
3 10 16 21 23 23 12 20 13 14 16 19 17 20 22 17 22 6 20 24 16 15 25 20 24 25 26 20 25 7 25 18 21 27 0 5 22 15 15 20 13 3
7 8 15 17 23 19 11 16 8 12 17 18 14 17 23 18 18 7 16 21 17 13 22 16 22 24 25 16 23 2 23 16 17 25 5 0 18 11 16 21 9 7
25 17 18 8 27 10 19 6 10 17 24 21 9 13 31 26 5 22 4 13 28 16 17 8 15 26 25 8 19 15 20 20 10 21 22 18 0 8 26 27 9 25
18 10 12 7 21 10 12 6 3 10 17 15 5 10 24 19 7 14 6 12 21 10 15 6 14 22 21 6 17 8 17 14 8 19 15 11 8 0 19 21 2 18
16 10 10 21 11 21 7 22 19 10 4 10 17 16 8 3 23 9 23 20 2 10 19 20 19 12 15 20 17 17 17 9 19 18 15 16 26 19 0 6 19 16
22 13 9 21 5 20 10 22 21 11 4 7 18 15 4 3 23 15 23 18 6 11 16 20 16 7 9 20 14 21 13 8 18 14 20 21 27 21 6 0 21 22
16 9 13 10 22 12 12 8 1 11 17 16 6 11 25 19 9 13 8 14 21 11 17 9 16 23 22 8 18 6 19 15 10 20 13 9 9 2 19 21 0 16
0 12 19 24 26 26 14 23 15 17 18 22 20 23 24 19 25 8 23 27 17 18 28 23 27 27 28 22 28 10 28 20 24 30 3 7 25 18 16 22 16 0
,
0 29 23 35 46 76 32 27 36 17 27 26 48 44 65 36 48 14 64 44 41 46 31 49 57 32 76 45 39 18 36 24 38 87 7 8 29 24 20 44 21 0
28 0 8 16 30 43 4 17 21 12 16 22 18 18 19 20 25 15 38 36 18 12 46 15 41 35 35 33 20 12 40 20 23 31 12 22 25 11 10 17 19 34
31 8 0 17 24 25 8 38 24 4 13 6 15 18 37 24 23 17 36 24 22 6 15 12 27 21 15 20 27 27 14 2 15 29 39 35 21 29 10 21 27 30
41 16 26 0 23 3 35 5 23 32 18 27 12 13 47 36 6 39 6 8 24 17 20 3 10 55 29 4 30 23 30 24 3 36 55 18 23 19 46 54 28 44
69 18 18 31 0 43 19 57 56 26 16 9 21 21 19 11 60 18 66 23 19 24 13 33 21 4 8 47 24 37 21 18 24 12 50 49 28 51 12 9 45 63
32 35 27 4 33 0 31 7 25 28 35 38 17 12 30 39 7 32 9 6 58 30 9 7 13 21 30 9 27 40 16 26 3 25 65 20 11 21 35 41 30 66
37 5 5 32 29 28 0 39 28 6 14 21 28 29 32 10 33 20 39 36 13 9 21 19 25 32 18 20 38 30 37 17 19 46 35 14 52 31 13 24 30 24
56 21 14 3 54 12 41 0 24 19 56 15 9 9 40 22 2 29 2 14 67 21 19 3 12 59 54 5 15 37 33 18 9 22 46 36 9 13 27 63 10 69
24 27 32 16 66 19 30 15 0 28 42 40 19 19 26 36 16 19 13 17 43 16 20 22 36 45 43 9 27 10 51 37 13 33 21 22 18 6 22 52 2 27
26 9 4 14 26 33 4 15 22 0 10 10 17 17 37 13 22 24 29 34 17 2 13 29 31 19 31 16 24 30 25 9 26 36 21 18 37 16 10 31 22 23
24 10 14 24 17 45 16 43 23 10 0 11 43 30 22 3 58 24 24 40 12 22 37 30 20 17 26 45 17 46 20 13 24 29 23 24 26 17 5 11 44 21
59 16 7 25 16 39 15 44 32 18 8 0 34 8 20 20 20 41 37 17 15 13 9 28 17 19 20 13 10 36 20 4 26 15 35 28 25 18 26 20 25 55
56 28 13 10 32 16 11 7 17 12 26 28 0 14 51 23 11 26 12 22 35 20 11 4 11 20 39 4 33 17 35 16 10 36 36 21 13 6 38 53 16 45
63 25 16 7 17 11 18 19 19 10 13 20 13 0 38 29 22 34 12 7 20 12 16 7 11 35 30 14 18 17 21 18 7 27 40 27 28 25 29 42 30 43
26 29 16 70 12 49 32 70 63 26 18 22 28 36 0 15 68 31 55 62 17 43 54 29 53 15 16 33 32 65 41 21 25 48 60 41 78 46 15 4 34 27
20 24 13 41 12 24 10 62 24 22 3 19 35 18 7 0 26 16 44 51 8 20 26 21 27 22 19 49 18 54 30 19 33 24 39 47 48 54 6 6 34 21
29 43 31 3 28 7 16 4 22 15 27 19 9 25 41 45 0 47 3 12 65 16 30 5 27 64 51 9 30 41 41 23 12 36 52 28 11 17 33 61 22 61
10 14 31 23 35 41 14 49 28 26 26 34 17 46 33 23 24 0 48 26 31 32 61 53 31 28 35 22 42 26 54 26 24 67 6 12 65 25 21 21 30 14
58 16 27 9 46 18 18 4 24 31 32 34 6 13 74 49 3 32 0 11 41 35 14 4 13 56 30 6 34 29 35 23 12 36 32 19 7 15 54 56 11 46
36 27 25 6 27 9 16 10 28 31 47 13 13 6 22 19 15 55 28 0 59 12 11 18 3 38 18 19 9 44 8 22 10 12 71 43 24 25 34 41 24 77
45 26 26 53 21 35 21 35 32 23 7 14 41 52 11 11 29 25 67 49 0 36 36 51 41 30 40 37 44 44 34 23 21 27 30 30 79 45 3 12 32 18
38 14 2 24 14 12 11 28 30 3 21 6 21 7 17 28 15 30 33 16 29 0 17 12 23 26 33 9 23 12 25 5 19 26 28 22 34 29 14 15 12 28
61 32 12 19 21 9 43 23 30 12 44 26 16 14 22 24 21 21 19 6 23 22 0 24 4 23 26 16 3 51 5 22 22 7 32 34 49 24 50 38 41 51
67 26 21 1 29 8 15 6 18 23 43 22 9 14 67 22 4 27 7 8 60 19 11 0 20 22 39 2 17 39 33 28 6 23 48 38 10 10 24 22 25 34
65 43 10 21 18 13 23 24 17 29 22 11 10 12 57 21 19 54 30 3 44 20 2 13 0 38 23 14 11 24 7 17 11 13 28 49 25 29 26 36 17 42
48 43 25 35 4 47 18 40 38 21 25 19 32 34 11 15 25 55 52 27 16 24 34 25 33 0 8 29 24 42 15 20 30 9 68 43 62 49 31 19 55 52
71 27 17 31 10 31 26 32 51 25 27 12 36 16 26 29 38 44 22 30 18 32 14 40 23 3 0 24 17 53 12 9 18 12 38 68 39 60 29 21 55 74
34 32 20 5 34 6 24 6 16 24 33 19 3 13 27 44 8 32 9 19 26 15 30 2 20 46 45 0 12 34 17 18 4 39 40 43 9 7 49 29 13 52
43 19 18 34 25 18 19 40 49 20 18 20 16 8 28 24 37 56 42 8 45 25 8 33 7 20 12 20 0 42 1 10 24 4 69 48 30 30 42 28 53 68
17 20 18 35 27 37 24 33 16 13 49 44 26 35 61 53 21 17 26 50 33 23 28 18 36 26 46 31 59 0 40 20 39 67 20 5 42 18 50 29 8 14
28 20 25 15 26 27 16 32 21 34 32 16 16 22 29 19 32 39 24 11 28 25 4 27 8 16 16 16 1 31 0 10 29 5 46 31 53 26 19 28 39 70
22 17 6 30 12 26 10 35 28 9 15 3 15 14 12 11 20 23 23 18 29 5 25 13 22 18 12 28 11 18 16 0 25 28 22 35 36 17 24 13 19 53
35 29 15 4 34 6 28 11 29 12 35 12 6 7 32 38 13 24 6 11 32 10 21 4 13 26 44 4 25 44 20 24 0 29 39 39 21 12 19 23 16 27
78 27 15 33 22 14 25 30 57 26 32 23 23 20 30 22 37 51 28 22 54 28 11 25 11 11 13 15 4 41 5 25 31 0 30 61 25 53 28 25 33 30
8 11 38 44 57 67 27 54 18 35 36 38 30 42 23 20 51 9 56 66 16 21 33 32 51 38 51 38 28 16 62 25 21 72 0 12 22 42 24 41 26 8
19 15 19 42 35 22 31 34 12 34 23 32 20 39 24 39 35 7 35 49 22 33 64 34 64 42 39 21 31 3 27 24 42 53 9 0 32 21 32 38 24 9
27 24 19 19 41 27 40 16 28 26 47 44 24 28 76 70 12 30 7 36 78 34 26 11 18 36 31 11 24 42 44 57 25 51 48 28 0 8 58 57 18 59
43 22 34 21 48 17 18 14 8 20 34 32 10 20 46 46 14 34 16 24 55 16 32 9 34 33 52 9 42 17 46 16 17 38 36 19 17 0 31 26 6 47
21 23 14 52 24 39 13 23 48 28 8 20 51 22 15 7 56 10 48 52 2 21 46 29 36 15 20 35 27 31 29 14 33 53 37 39 78 20 0 9 31 36
32 28 26 42 9 27 22 54 25 15 8 11 34 20 9 6 40 42 38 40 8 15 30 33 39 9 12 29 39 38 26 16 45 28 36 33 46 53 14 0 60 46
41 23 14 23 65 18 23 17 2 22 49 19 14 13 73 43 15 25 11 24 49 26 49 22 35 42 38 11 21 17 45 24 12 35 14 12 12 5 53 33 0 38
0 32 46 55 62 71 18 46 31 39 25 33 48 52 57 33 25 13 64 71 32 25 38 62 33 80 68 48 55 14 67 49 60 44 7 15 49 42 18 37 34 0