7
40
,
0 (18.0, 17.0) 36.0
1 (30.0, 23.0) 67.0
2 (20.0, 44.0) 56.0
3 (48.0, 18.0) 52.0
4 (24.0, 46.0) 44.0
5 (24.0, 16.0) 79.0
6 (15.0, 44.0) 50.0
7 (5.0, 30.0) 32.0
8 (25.0, 22.0) 34.0
9 (35.0, 12.0) 53.0
10 (37.0, 23.0) 58.0
11 (18.0, 36.0) 41.0
12 (28.0, 36.0) 88.0
13 (48.0, 5.0) 63.0
14 (37.0, 8.0) 36.0
15 (15.0, 47.0) 48.0
16 (14.0, 6.0) 66.0
17 (12.0, 45.0) 67.0
18 (31.0, 44.0) 31.0
19 (34.0, 1.0) 39.0
20 (26.0, 24.0) 31.0
21 (38.0, 41.0) 61.0
22 (19.0, 42.0) 40.0
23 (35.0, 42.0) 71.0
24 (50.0, 21.0) 36.0
25 (50.0, 27.0) 41.0
26 (18.0, 41.0) 64.0
27 (42.0, 37.0) 82.0
28 (2.0, 19.0) 44.0
29 (43.0, 36.0) 48.0
30 (34.0, 22.0) 46.0
31 (23.0, 41.0) 56.0
32 (46.0, 38.0) 71.0
33 (3.0, 5.0) 56.0
34 (2.0, 14.0) 58.0
35 (5.0, 49.0) 39.0
36 (9.0, 34.0) 42.0
37 (32.0, 4.0) 57.0
38 (43.0, 10.0) 71.0
39 (6.0, 31.0) 46.0
,
0 12 19 24 26 26 14 23 15 17 18 22 20 23 24 19 25 8 23 27 17 18 28 23 27 27 28 22 28 10 28 20 24 30 3 7 25 18 16 22 16 0
12 0 7 14 15 15 3 14 9 4 9 10 10 11 16 11 15 6 14 15 11 5 16 13 15 16 17 12 16 8 16 8 12 18 10 8 17 10 10 13 9 12
19 7 0 12 9 12 5 13 13 3 6 4 9 7 13 8 14 12 14 11 11 2 10 11 10 10 10 11 9 14 9 2 10 11 16 15 18 12 10 9 13 19
24 14 12 0 19 2 14 2 10 11 18 14 4 6 24 20 3 19 4 6 23 10 9 1 8 19 17 2 12 15 12 13 2 13 21 17 8 7 21 21 10 24
26 15 9 19 0 18 12 21 22 12 7 6 17 13 6 7 22 18 22 16 11 11 13 19 14 2 5 19 10 23 9 7 17 10 23 23 27 21 11 5 22 26
26 15 12 2 18 0 15 5 12 12 18 13 6 5 24 20 5 21 6 4 23 11 7 3 6 18 16 4 10 17 11 13 3 12 23 19 10 10 21 20 12 26
14 3 5 14 12 15 0 15 12 3 6 7 10 10 13 8 16 7 16 14 9 4 14 13 14 13 14 13 14 11 14 6 13 16 12 11 19 12 7 10 12 14
23 14 13 2 21 5 15 0 9 12 19 15 4 8 26 21 2 19 2 8 24 11 12 2 10 21 19 2 14 14 15 15 4 16 20 16 6 6 22 22 8 23
15 9 13 10 22 12 12 9 0 11 17 16 7 12 25 19 10 13 8 15 21 11 17 9 16 23 23 9 19 6 19 15 11 21 13 8 10 3 19 21 1 15
17 4 3 11 12 12 3 12 11 0 7 6 8 7 14 9 13 10 13 11 11 1 12 10 11 13 13 10 11 12 11 4 10 13 14 12 17 10 10 11 11 17
18 9 6 18 7 18 6 19 17 7 0 6 15 12 7 2 20 11 20 16 6 8 15 17 15 9 11 17 13 17 13 5 16 14 16 17 24 17 4 4 17 18
22 10 4 14 6 13 7 15 16 6 6 0 12 8 11 8 16 14 17 11 11 6 9 13 10 7 7 13 7 18 7 2 11 9 19 18 21 15 10 7 16 22
20 10 9 4 17 6 10 4 7 8 15 12 0 5 22 17 6 15 5 8 19 7 10 3 9 18 17 2 12 12 12 11 4 14 17 14 9 5 17 18 6 20
23 11 7 6 13 5 10 8 12 7 12 8 5 0 18 15 9 17 9 4 18 6 6 5 5 13 12 6 7 16 8 8 4 9 20 17 13 10 16 15 11 23
24 16 13 24 6 24 13 26 25 14 7 11 22 18 0 6 27 17 27 21 7 15 19 24 20 8 11 23 16 24 16 11 22 17 22 23 31 24 8 4 25 24
19 11 8 20 7 20 8 21 19 9 2 8 17 15 6 0 22 12 22 18 4 10 17 19 17 9 12 19 15 18 14 7 18 16 17 18 26 19 3 3 19 19
25 15 14 3 22 5 16 2 10 13 20 16 6 9 27 22 0 21 2 8 25 13 12 3 10 22 20 3 14 15 15 16 5 16 22 18 5 7 23 23 9 25
8 6 12 19 18 21 7 19 13 10 11 14 15 17 17 12 21 0 20 21 10 11 21 18 21 20 21 18 21 9 21 13 18 23 6 7 22 14 9 15 13 8
23 14 14 4 22 6 16 2 8 13 20 17 5 9 27 22 2 20 0 10 25 13 13 4 12 22 21 4 16 14 16 16 6 17 20 16 4 6 23 23 8 23
27 15 11 6 16 4 14 8 15 11 16 11 8 4 21 18 8 21 10 0 22 10 4 6 2 15 13 7 7 19 7 11 4 8 24 21 13 12 20 18 14 27
17 11 11 23 11 23 9 24 21 11 6 11 19 18 7 4 25 10 25 22 0 12 20 22 21 13 15 22 18 18 18 10 21 19 16 17 28 21 2 6 21 17
18 5 2 10 11 11 4 11 11 1 8 6 7 6 15 10 13 11 13 10 12 0 10 10 10 12 12 9 10 12 10 4 9 12 15 13 16 10 10 11 11 18
28 16 10 9 13 7 14 12 17 12 15 9 10 6 19 17 12 21 13 4 20 10 0 10 2 12 9 10 3 21 4 10 8 4 25 22 17 15 19 16 17 28
23 13 11 1 19 3 13 2 9 10 17 13 3 5 24 19 3 18 4 6 22 10 10 0 8 19 17 1 12 14 12 12 2 14 20 16 8 6 20 20 9 23
27 15 10 8 14 6 14 10 16 11 15 10 9 5 20 17 10 21 12 2 21 10 2 8 0 13 11 9 4 20 5 10 6 6 24 22 15 14 19 16 16 27
27 16 10 19 2 18 13 21 23 13 9 7 18 13 8 9 22 20 22 15 13 12 12 19 13 0 3 19 9 24 8 8 17 9 25 24 26 22 12 7 23 27
28 17 10 17 5 16 14 19 23 13 11 7 17 12 11 12 20 21 21 13 15 12 9 17 11 3 0 17 6 24 6 8 15 6 26 25 25 21 15 9 22 28
22 12 11 2 19 4 13 2 9 10 17 13 2 6 23 19 3 18 4 7 22 9 10 1 9 19 17 0 12 14 13 12 2 14 20 16 8 6 20 20 8 22
28 16 9 12 10 10 14 14 19 11 13 7 12 7 16 15 14 21 16 7 18 10 3 12 4 9 6 12 0 22 1 8 10 2 25 23 19 17 17 14 18 28
10 8 14 15 23 17 11 14 6 12 17 18 12 16 24 18 15 9 14 19 18 12 21 14 20 24 24 14 22 0 22 16 15 24 7 2 15 8 17 21 6 10
28 16 9 12 9 11 14 15 19 11 13 7 12 8 16 14 15 21 16 7 18 10 4 12 5 8 6 13 1 22 0 8 10 2 25 23 20 17 17 13 19 28
20 8 2 13 7 13 6 15 15 4 5 2 11 8 11 7 16 13 16 11 10 4 10 12 10 8 8 12 8 16 8 0 11 10 18 16 20 14 9 8 15 20
24 12 10 2 17 3 13 4 11 10 16 11 4 4 22 18 5 18 6 4 21 9 8 2 6 17 15 2 10 15 10 11 0 12 21 17 10 8 19 18 10 24
30 18 11 13 10 12 16 16 21 13 14 9 14 9 17 16 16 23 17 8 19 12 4 14 6 9 6 14 2 24 2 10 12 0 27 25 21 19 18 14 20 30
3 10 16 21 23 23 12 20 13 14 16 19 17 20 22 17 22 6 20 24 16 15 25 20 24 25 26 20 25 7 25 18 21 27 0 5 22 15 15 20 13 3
7 8 15 17 23 19 11 16 8 12 17 18 14 17 23 18 18 7 16 21 17 13 22 16 22 24 25 16 23 2 23 16 17 25 5 0 18 11 16 21 9 7
25 17 18 8 27 10 19 6 10 17 24 21 9 13 31 26 5 22 4 13 28 16 17 8 15 26 25 8 19 15 20 20 10 21 22 18 0 8 26 27 9 25
18 10 12 7 21 10 12 6 3 10 17 15 5 10 24 19 7 14 6 12 21 10 15 6 14 22 21 6 17 8 17 14 8 19 15 11 8 0 19 21 2 18
16 10 10 21 11 21 7 22 19 10 4 10 17 16 8 3 23 9 23 20 2 10 19 20 19 12 15 20 17 17 17 9 19 18 15 16 26 19 0 6 19 16
22 13 9 21 5 20 10 22 21 11 4 7 18 15 4 3 23 15 23 18 6 11 16 20 16 7 9 20 14 21 13 8 18 14 20 21 27 21 6 0 21 22
16 9 13 10 22 12 12 8 1 11 17 16 6 11 25 19 9 13 8 14 21 11 17 9 16 23 22 8 18 6 19 15 10 20 13 9 9 2 19 21 0 16
0 12 19 24 26 26 14 23 15 17 18 22 20 23 24 19 25 8 23 27 17 18 28 23 27 27 28 22 28 10 28 20 24 30 3 7 25 18 16 22 16 0
,
0 36 55 68 71 72 31 50 44 39 42 26 31 65 54 26 71 14 57 50 49 23 57 38 38 32 53 36 83 12 44 38 42 33 5 19 35 46 33 54 34 0
30 0 17 25 19 15 7 36 18 6 13 12 27 12 48 31 16 7 29 38 29 15 42 29 36 17 36 25 30 8 18 18 30 36 21 24 36 19 23 18 12 34
36 12 0 29 20 25 11 22 17 3 8 8 24 16 16 19 17 21 29 23 26 5 15 28 17 27 22 29 25 20 20 3 26 27 36 39 41 18 16 22 32 28
43 41 19 0 34 5 17 7 25 30 35 26 5 10 46 39 3 48 10 15 28 22 14 1 22 31 28 2 16 46 29 33 6 15 57 52 18 21 60 39 17 67
62 16 18 33 0 49 29 23 46 29 12 9 49 36 12 12 36 46 37 20 23 20 22 31 32 2 9 19 22 67 20 11 32 13 28 47 73 39 11 11 39 39
61 24 14 4 26 0 17 9 33 21 19 18 15 12 60 31 12 23 11 7 49 18 8 8 12 43 29 8 25 50 26 21 6 14 52 52 24 19 37 45 23 58
17 5 6 28 14 40 0 29 21 7 11 10 11 19 25 20 32 16 28 20 21 9 39 26 20 20 30 33 20 27 19 14 28 22 34 15 56 34 20 28 16 22
26 29 16 4 38 12 42 0 24 27 34 39 7 22 41 54 2 33 3 20 28 13 31 6 13 45 33 6 36 30 18 26 9 44 60 24 13 10 38 63 10 62
25 24 25 19 23 21 24 25 0 29 38 40 11 22 58 37 22 27 19 38 46 18 35 17 39 46 42 16 56 8 56 29 29 29 26 24 28 8 52 46 2 35
34 6 6 11 29 25 4 12 15 0 14 13 20 12 17 9 23 23 26 28 13 2 34 24 17 27 25 26 16 18 13 5 16 34 14 26 44 22 16 14 23 41
52 17 10 20 21 46 16 33 44 11 0 7 29 20 22 6 48 21 31 32 9 20 35 28 29 19 31 30 20 49 32 15 20 23 22 23 44 38 7 8 45 23
56 21 7 35 15 22 14 16 41 16 14 0 17 23 15 22 42 37 22 18 23 15 22 32 19 12 14 14 13 33 20 4 21 22 57 36 35 30 24 13 26 36
27 16 20 4 24 12 22 5 8 12 30 29 0 13 50 42 7 38 13 19 51 20 15 6 10 53 35 6 29 15 25 11 6 27 31 35 27 11 44 43 8 31
56 22 17 10 38 14 12 9 28 20 22 15 6 0 22 43 24 40 16 4 26 6 11 11 13 23 30 8 13 33 13 13 10 21 50 38 38 10 41 33 32 60
71 22 35 37 19 41 16 76 42 23 14 19 58 20 0 7 46 50 54 36 9 31 49 68 25 13 31 31 35 56 30 29 55 24 39 46 36 66 22 5 38 54
51 26 16 26 13 37 11 41 55 10 3 11 40 41 9 0 51 16 37 40 7 12 29 32 46 10 33 51 29 42 27 8 49 41 40 41 53 34 4 4 54 57
71 22 42 3 27 11 19 4 14 22 57 29 9 18 43 58 0 45 5 11 62 14 24 7 29 36 40 6 23 26 43 23 9 29 40 25 15 14 63 56 15 73
10 8 22 31 34 44 7 42 22 17 22 24 29 27 46 24 34 0 27 42 25 28 56 21 54 34 23 49 61 22 39 33 46 43 12 8 32 22 19 34 20 20
53 25 21 9 41 13 36 4 8 15 28 44 14 14 41 49 3 34 0 15 32 17 31 5 18 37 49 11 40 35 28 20 10 40 50 44 11 15 43 53 14 46
69 27 15 10 30 5 23 20 38 31 44 12 16 7 49 30 12 32 21 0 53 24 6 18 3 34 13 12 19 57 18 13 7 10 58 40 35 25 20 32 33 58
20 16 29 39 15 44 24 62 49 25 11 29 42 20 11 7 30 22 33 24 0 22 37 33 57 17 39 50 22 32 50 28 62 39 18 30 46 40 4 11 29 24
48 15 6 23 25 28 8 21 31 1 15 13 16 7 16 13 30 24 20 19 19 0 23 29 14 20 18 22 17 30 14 8 25 33 25 25 23 21 20 24 24 18
41 44 14 15 27 10 18 27 18 31 41 13 18 12 26 43 28 36 30 5 29 22 0 21 3 15 24 11 6 30 5 17 17 4 35 63 44 29 51 32 42 33
30 36 29 3 28 4 28 4 22 18 17 37 6 15 25 25 5 29 5 12 37 24 20 0 11 30 44 2 26 34 29 19 4 16 25 38 23 19 58 58 14 25
72 37 11 19 16 11 26 23 47 16 45 22 23 5 21 20 24 25 33 3 40 16 3 8 0 29 22 15 7 42 14 14 17 17 56 29 20 29 46 21 39 73
52 37 13 46 2 44 39 35 25 21 12 12 26 40 17 17 37 50 46 22 28 13 14 29 24 0 9 42 15 38 10 14 40 14 28 60 62 57 36 7 28 40
69 37 17 21 5 44 15 43 58 31 21 11 19 20 18 25 27 29 21 13 42 17 15 31 21 6 0 35 18 27 16 25 22 9 44 43 26 36 34 18 46 55
41 33 30 4 38 6 38 5 19 13 44 25 4 11 67 36 7 22 10 11 39 23 14 2 10 43 41 0 29 26 24 21 6 40 24 26 11 10 41 29 15 39
78 42 24 23 26 17 17 35 21 20 30 18 14 11 37 43 20 62 27 14 42 22 4 17 9 25 7 14 0 51 1 23 29 2 48 56 45 21 36 30 46 36
16 20 30 20 58 24 23 17 9 25 26 52 25 43 50 33 35 20 40 51 49 27 42 37 59 61 49 34 61 0 26 47 42 46 16 7 16 18 40 52 13 27
41 40 18 13 15 22 24 35 45 32 19 8 29 14 22 27 34 56 39 18 46 20 7 31 14 21 10 38 1 51 0 19 24 4 48 24 41 27 23 30 22 35
58 11 5 14 14 36 6 37 24 12 13 3 27 9 14 21 27 32 42 28 22 4 15 13 30 18 19 15 14 43 23 0 25 18 19 45 29 38 10 8 27 38
36 33 14 4 30 3 28 6 21 15 28 18 9 9 38 18 15 45 14 12 22 26 15 3 7 32 28 6 13 26 22 11 0 27 49 37 10 8 37 33 26 48
53 31 14 26 11 14 24 27 32 37 26 15 24 13 21 35 38 45 21 11 21 30 6 28 14 15 17 29 3 29 5 14 24 0 40 48 28 42 52 20 44 55
6 21 35 47 58 45 31 54 16 24 23 24 18 49 26 35 47 8 58 57 34 27 75 46 43 33 41 47 36 7 65 34 42 77 0 7 57 21 18 34 19 8
12 12 21 26 28 22 24 29 22 20 21 42 18 34 45 36 39 17 18 26 49 31 62 39 59 52 43 22 49 6 50 37 45 55 12 0 21 16 31 55 22 11
55 47 35 10 49 15 54 13 18 40 53 61 11 19 38 51 12 48 5 15 38 29 49 22 41 54 62 13 30 42 43 25 28 21 55 52 0 10 76 62 26 45
40 21 22 16 58 13 21 7 3 20 27 32 13 18 35 43 15 33 17 26 47 14 31 12 25 30 52 11 26 22 49 40 16 51 27 23 13 0 32 48 3 49
24 21 11 47 17 63 11 55 19 12 5 24 29 46 14 6 37 25 23 44 5 12 36 54 29 18 28 47 35 39 42 23 32 38 31 25 66 43 0 8 21 38
42 25 22 34 8 39 13 35 63 30 8 19 33 42 4 4 32 15 30 18 17 12 38 44 49 12 23 25 23 27 21 10 51 21 41 23 80 50 9 0 29 37
41 23 20 14 53 13 34 16 1 30 38 30 7 27 65 42 15 35 20 35 36 19 37 14 29 36 57 22 24 11 26 16 24 53 21 16 17 4 56 49 0 24
0 36 47 32 49 48 32 30 18 50 53 56 23 46 47 23 30 11 35 69 49 48 40 43 57 75 30 36 67 27 77 47 34 78 8 17 29 18 26 38 44 0