7
40
,
0 (18.0, 17.0) 46.0
1 (30.0, 23.0) 31.0
2 (20.0, 44.0) 68.0
3 (48.0, 18.0) 44.0
4 (24.0, 46.0) 55.0
5 (24.0, 16.0) 32.0
6 (15.0, 44.0) 49.0
7 (5.0, 30.0) 43.0
8 (25.0, 22.0) 44.0
9 (35.0, 12.0) 38.0
10 (37.0, 23.0) 69.0
11 (18.0, 36.0) 30.0
12 (28.0, 36.0) 34.0
13 (48.0, 5.0) 83.0
14 (37.0, 8.0) 87.0
15 (15.0, 47.0) 33.0
16 (14.0, 6.0) 39.0
17 (12.0, 45.0) 61.0
18 (31.0, 44.0) 85.0
19 (34.0, 1.0) 87.0
20 (26.0, 24.0) 38.0
21 (38.0, 41.0) 68.0
22 (19.0, 42.0) 36.0
23 (35.0, 42.0) 50.0
24 (50.0, 21.0) 62.0
25 (50.0, 27.0) 74.0
26 (18.0, 41.0) 74.0
27 (42.0, 37.0) 32.0
28 (2.0, 19.0) 86.0
29 (43.0, 36.0) 35.0
30 (34.0, 22.0) 40.0
31 (23.0, 41.0) 60.0
32 (46.0, 38.0) 73.0
33 (3.0, 5.0) 53.0
34 (2.0, 14.0) 63.0
35 (5.0, 49.0) 51.0
36 (9.0, 34.0) 69.0
37 (32.0, 4.0) 69.0
38 (43.0, 10.0) 36.0
39 (6.0, 31.0) 54.0
,
0 12 19 24 26 26 14 23 15 17 18 22 20 23 24 19 25 8 23 27 17 18 28 23 27 27 28 22 28 10 28 20 24 30 3 7 25 18 16 22 16 0
12 0 7 14 15 15 3 14 9 4 9 10 10 11 16 11 15 6 14 15 11 5 16 13 15 16 17 12 16 8 16 8 12 18 10 8 17 10 10 13 9 12
19 7 0 12 9 12 5 13 13 3 6 4 9 7 13 8 14 12 14 11 11 2 10 11 10 10 10 11 9 14 9 2 10 11 16 15 18 12 10 9 13 19
24 14 12 0 19 2 14 2 10 11 18 14 4 6 24 20 3 19 4 6 23 10 9 1 8 19 17 2 12 15 12 13 2 13 21 17 8 7 21 21 10 24
26 15 9 19 0 18 12 21 22 12 7 6 17 13 6 7 22 18 22 16 11 11 13 19 14 2 5 19 10 23 9 7 17 10 23 23 27 21 11 5 22 26
26 15 12 2 18 0 15 5 12 12 18 13 6 5 24 20 5 21 6 4 23 11 7 3 6 18 16 4 10 17 11 13 3 12 23 19 10 10 21 20 12 26
14 3 5 14 12 15 0 15 12 3 6 7 10 10 13 8 16 7 16 14 9 4 14 13 14 13 14 13 14 11 14 6 13 16 12 11 19 12 7 10 12 14
23 14 13 2 21 5 15 0 9 12 19 15 4 8 26 21 2 19 2 8 24 11 12 2 10 21 19 2 14 14 15 15 4 16 20 16 6 6 22 22 8 23
15 9 13 10 22 12 12 9 0 11 17 16 7 12 25 19 10 13 8 15 21 11 17 9 16 23 23 9 19 6 19 15 11 21 13 8 10 3 19 21 1 15
17 4 3 11 12 12 3 12 11 0 7 6 8 7 14 9 13 10 13 11 11 1 12 10 11 13 13 10 11 12 11 4 10 13 14 12 17 10 10 11 11 17
18 9 6 18 7 18 6 19 17 7 0 6 15 12 7 2 20 11 20 16 6 8 15 17 15 9 11 17 13 17 13 5 16 14 16 17 24 17 4 4 17 18
22 10 4 14 6 13 7 15 16 6 6 0 12 8 11 8 16 14 17 11 11 6 9 13 10 7 7 13 7 18 7 2 11 9 19 18 21 15 10 7 16 22
20 10 9 4 17 6 10 4 7 8 15 12 0 5 22 17 6 15 5 8 19 7 10 3 9 18 17 2 12 12 12 11 4 14 17 14 9 5 17 18 6 20
23 11 7 6 13 5 10 8 12 7 12 8 5 0 18 15 9 17 9 4 18 6 6 5 5 13 12 6 7 16 8 8 4 9 20 17 13 10 16 15 11 23
24 16 13 24 6 24 13 26 25 14 7 11 22 18 0 6 27 17 27 21 7 15 19 24 20 8 11 23 16 24 16 11 22 17 22 23 31 24 8 4 25 24
19 11 8 20 7 20 8 21 19 9 2 8 17 15 6 0 22 12 22 18 4 10 17 19 17 9 12 19 15 18 14 7 18 16 17 18 26 19 3 3 19 19
25 15 14 3 22 5 16 2 10 13 20 16 6 9 27 22 0 21 2 8 25 13 12 3 10 22 20 3 14 15 15 16 5 16 22 18 5 7 23 23 9 25
8 6 12 19 18 21 7 19 13 10 11 14 15 17 17 12 21 0 20 21 10 11 21 18 21 20 21 18 21 9 21 13 18 23 6 7 22 14 9 15 13 8
23 14 14 4 22 6 16 2 8 13 20 17 5 9 27 22 2 20 0 10 25 13 13 4 12 22 21 4 16 14 16 16 6 17 20 16 4 6 23 23 8 23
27 15 11 6 16 4 14 8 15 11 16 11 8 4 21 18 8 21 10 0 22 10 4 6 2 15 13 7 7 19 7 11 4 8 24 21 13 12 20 18 14 27
17 11 11 23 11 23 9 24 21 11 6 11 19 18 7 4 25 10 25 22 0 12 20 22 21 13 15 22 18 18 18 10 21 19 16 17 28 21 2 6 21 17
18 5 2 10 11 11 4 11 11 1 8 6 7 6 15 10 13 11 13 10 12 0 10 10 10 12 12 9 10 12 10 4 9 12 15 13 16 10 10 11 11 18
28 16 10 9 13 7 14 12 17 12 15 9 10 6 19 17 12 21 13 4 20 10 0 10 2 12 9 10 3 21 4 10 8 4 25 22 17 15 19 16 17 28
23 13 11 1 19 3 13 2 9 10 17 13 3 5 24 19 3 18 4 6 22 10 10 0 8 19 17 1 12 14 12 12 2 14 20 16 8 6 20 20 9 23
27 15 10 8 14 6 14 10 16 11 15 10 9 5 20 17 10 21 12 2 21 10 2 8 0 13 11 9 4 20 5 10 6 6 24 22 15 14 19 16 16 27
27 16 10 19 2 18 13 21 23 13 9 7 18 13 8 9 22 20 22 15 13 12 12 19 13 0 3 19 9 24 8 8 17 9 25 24 26 22 12 7 23 27
28 17 10 17 5 16 14 19 23 13 11 7 17 12 11 12 20 21 21 13 15 12 9 17 11 3 0 17 6 24 6 8 15 6 26 25 25 21 15 9 22 28
22 12 11 2 19 4 13 2 9 10 17 13 2 6 23 19 3 18 4 7 22 9 10 1 9 19 17 0 12 14 13 12 2 14 20 16 8 6 20 20 8 22
28 16 9 12 10 10 14 14 19 11 13 7 12 7 16 15 14 21 16 7 18 10 3 12 4 9 6 12 0 22 1 8 10 2 25 23 19 17 17 14 18 28
10 8 14 15 23 17 11 14 6 12 17 18 12 16 24 18 15 9 14 19 18 12 21 14 20 24 24 14 22 0 22 16 15 24 7 2 15 8 17 21 6 10
28 16 9 12 9 11 14 15 19 11 13 7 12 8 16 14 15 21 16 7 18 10 4 12 5 8 6 13 1 22 0 8 10 2 25 23 20 17 17 13 19 28
20 8 2 13 7 13 6 15 15 4 5 2 11 8 11 7 16 13 16 11 10 4 10 12 10 8 8 12 8 16 8 0 11 10 18 16 20 14 9 8 15 20
24 12 10 2 17 3 13 4 11 10 16 11 4 4 22 18 5 18 6 4 21 9 8 2 6 17 15 2 10 15 10 11 0 12 21 17 10 8 19 18 10 24
30 18 11 13 10 12 16 16 21 13 14 9 14 9 17 16 16 23 17 8 19 12 4 14 6 9 6 14 2 24 2 10 12 0 27 25 21 19 18 14 20 30
3 10 16 21 23 23 12 20 13 14 16 19 17 20 22 17 22 6 20 24 16 15 25 20 24 25 26 20 25 7 25 18 21 27 0 5 22 15 15 20 13 3
7 8 15 17 23 19 11 16 8 12 17 18 14 17 23 18 18 7 16 21 17 13 22 16 22 24 25 16 23 2 23 16 17 25 5 0 18 11 16 21 9 7
25 17 18 8 27 10 19 6 10 17 24 21 9 13 31 26 5 22 4 13 28 16 17 8 15 26 25 8 19 15 20 20 10 21 22 18 0 8 26 27 9 25
18 10 12 7 21 10 12 6 3 10 17 15 5 10 24 19 7 14 6 12 21 10 15 6 14 22 21 6 17 8 17 14 8 19 15 11 8 0 19 21 2 18
16 10 10 21 11 21 7 22 19 10 4 10 17 16 8 3 23 9 23 20 2 10 19 20 19 12 15 20 17 17 17 9 19 18 15 16 26 19 0 6 19 16
22 13 9 21 5 20 10 22 21 11 4 7 18 15 4 3 23 15 23 18 6 11 16 20 16 7 9 20 14 21 13 8 18 14 20 21 27 21 6 0 21 22
16 9 13 10 22 12 12 8 1 11 17 16 6 11 25 19 9 13 8 14 21 11 17 9 16 23 22 8 18 6 19 15 10 20 13 9 9 2 19 21 0 16
0 12 19 24 26 26 14 23 15 17 18 22 20 23 24 19 25 8 23 27 17 18 28 23 27 27 28 22 28 10 28 20 24 30 3 7 25 18 16 22 16 0
,
0 33 43 42 39 54 29 32 37 45 43 62 44 56 39 33 67 12 59 62 29 36 29 51 51 59 70 49 62 20 74 49 52 52 5 16 31 52 26 52 34 0
35 0 9 19 41 27 4 36 25 5 26 29 19 12 34 24 29 11 31 34 19 8 18 35 27 30 30 18 26 17 43 14 14 22 21 21 51 14 18 35 20 31
25 9 0 24 18 19 11 26 14 3 14 5 22 7 32 10 33 13 22 29 25 4 28 30 12 15 27 25 20 21 15 5 11 22 47 40 33 34 26 15 33 24
41 17 32 0 39 4 27 3 16 28 48 27 8 15 26 41 3 42 8 9 68 18 16 2 11 47 49 4 33 38 27 27 6 15 61 38 13 16 57 28 27 24
32 21 17 26 0 43 35 63 53 16 20 6 31 25 11 14 65 24 27 39 20 21 24 22 27 4 6 43 12 25 21 7 22 19 41 58 27 50 19 10 59 47
43 28 24 4 47 0 43 5 24 31 38 30 8 13 57 22 12 57 7 5 66 25 15 9 18 25 33 6 18 22 17 37 3 15 62 47 12 27 43 50 33 72
39 6 8 24 26 18 0 18 15 3 9 11 19 18 37 15 20 8 23 31 19 6 22 26 34 16 25 20 38 25 24 8 19 43 26 16 41 22 7 12 20 15
34 39 30 3 31 11 29 0 26 17 22 37 12 8 38 44 4 40 3 23 30 16 30 5 30 35 56 6 39 28 42 20 6 37 46 46 7 6 54 55 23 66
20 18 16 21 30 13 19 9 0 30 45 48 9 32 63 46 29 23 22 39 26 24 36 21 21 64 32 13 33 17 28 30 23 28 17 11 26 6 36 57 2 17
23 6 7 20 31 19 5 33 23 0 20 15 12 16 20 17 16 26 19 30 12 1 22 24 19 14 35 20 16 27 14 12 11 14 16 27 29 19 27 23 14 35
47 24 17 33 13 31 7 31 40 17 0 16 16 23 11 6 36 19 57 34 12 14 15 38 17 24 24 29 22 43 34 9 26 40 22 34 42 44 12 6 47 41
53 22 7 14 16 23 15 19 49 10 11 0 29 10 22 11 30 19 38 24 19 11 26 21 24 17 16 24 20 19 16 2 26 11 51 45 57 22 24 20 44 24
20 14 15 12 44 10 24 11 17 13 26 30 0 7 58 43 15 27 12 9 21 21 20 4 18 50 31 7 27 19 21 16 8 16 44 28 10 6 47 44 12 52
60 21 11 13 16 16 12 21 31 12 21 11 8 0 21 34 19 37 18 7 32 13 13 12 8 39 16 7 9 28 11 13 5 22 37 45 25 10 42 22 27 38
42 25 33 29 17 28 19 59 68 26 20 18 52 42 0 17 64 29 33 54 15 29 52 34 54 19 25 41 23 30 27 18 37 29 31 65 74 26 22 10 27 67
23 18 12 38 17 24 18 38 35 16 5 10 23 15 14 0 40 13 60 39 9 15 17 23 39 25 18 31 33 25 24 17 37 41 46 18 65 22 7 9 50 19
30 29 27 5 40 8 18 4 19 37 37 22 12 19 40 50 0 30 3 23 64 22 15 5 27 42 26 10 25 43 34 45 14 25 49 29 7 18 64 30 16 67
20 12 32 56 48 45 19 38 14 25 25 35 20 20 19 16 35 0 21 57 13 24 26 27 21 52 51 28 52 22 58 36 40 62 16 21 63 42 20 38 33 12
29 36 38 5 54 11 21 4 14 22 32 46 9 11 31 27 4 35 0 14 35 20 29 8 34 50 40 9 42 23 27 45 8 44 40 29 6 8 68 46 19 68
47 39 18 14 24 6 42 9 37 24 26 11 18 5 23 47 12 27 25 0 43 27 11 14 5 42 22 8 16 46 8 27 9 18 64 44 34 34 28 38 42 41
28 22 21 44 33 43 11 54 29 30 9 12 19 32 12 9 48 21 51 56 0 36 36 28 33 32 44 36 45 46 43 30 60 57 43 37 40 62 2 18 48 32
19 13 6 12 34 22 6 21 11 2 16 14 19 11 16 10 19 31 17 16 16 0 29 10 27 34 30 12 25 24 11 8 24 25 26 38 21 24 18 32 21 41
46 26 24 13 17 16 31 21 28 14 25 16 18 12 31 38 33 42 18 4 27 21 0 27 5 26 14 21 4 49 7 10 15 11 47 66 37 31 23 31 40 43
39 23 21 2 24 5 37 5 17 31 39 27 7 10 54 54 8 21 7 11 39 29 12 0 22 24 26 2 19 17 24 14 3 37 22 20 20 15 48 47 9 57
65 18 22 8 40 6 28 18 23 19 23 20 14 6 52 38 17 24 26 2 28 23 5 20 0 22 29 18 6 28 6 12 7 11 29 60 46 22 33 48 26 75
40 43 13 53 3 27 31 61 37 24 23 9 29 27 21 17 39 37 56 18 31 21 28 44 31 0 7 56 10 50 15 14 28 20 46 45 48 35 22 7 26 46
76 26 16 34 6 47 28 39 29 18 27 12 41 28 19 30 24 59 40 19 31 22 16 29 19 7 0 42 10 44 11 17 20 13 73 49 74 51 36 24 56 70
36 26 13 5 27 7 16 5 22 24 32 25 5 7 32 43 10 30 8 14 61 12 20 2 24 54 52 0 33 15 35 16 5 16 42 21 15 7 22 47 22 37
72 42 27 15 15 24 19 27 32 22 18 14 21 19 41 44 33 26 25 11 25 29 4 21 7 18 12 24 0 25 2 17 11 6 38 61 25 48 27 31 30 46
21 14 28 29 34 42 13 34 6 28 31 36 23 44 27 31 19 25 33 50 51 33 28 21 47 47 30 14 62 0 57 28 19 29 20 4 20 9 44 55 15 27
66 32 16 16 20 18 35 32 28 26 32 20 16 12 37 14 42 36 30 9 48 12 9 35 10 12 8 20 2 58 0 24 11 2 35 48 48 46 42 35 47 70
31 15 5 18 18 28 12 21 23 9 7 3 21 21 23 20 21 34 23 25 13 8 17 35 30 13 22 23 19 45 9 0 22 20 36 44 59 21 22 11 23 21
28 16 13 6 37 6 26 7 24 10 38 32 6 9 63 53 6 31 14 7 46 17 22 3 11 28 18 4 19 17 15 13 0 28 33 32 27 21 57 41 10 58
32 50 15 27 10 17 20 34 29 27 19 26 27 21 21 45 27 56 26 13 46 37 12 26 11 10 14 26 2 31 5 28 25 0 65 48 59 53 38 31 33 36
6 26 20 29 35 42 14 39 21 16 34 24 23 58 29 22 46 14 30 66 41 17 52 57 57 68 27 51 46 8 42 44 57 33 0 13 61 44 41 49 18 8
10 13 41 51 69 31 16 29 24 13 29 37 16 48 59 30 37 11 30 58 50 25 24 47 53 69 64 31 60 3 26 29 23 33 5 0 48 26 23 23 12 17
66 42 25 13 30 19 29 10 27 32 26 26 24 24 48 49 6 33 8 23 45 42 35 13 24 55 29 17 51 41 26 24 11 58 32 44 0 22 32 30 25 71
40 24 28 12 44 27 26 8 6 15 19 32 12 23 35 47 17 26 17 22 59 24 27 12 35 37 25 14 40 11 34 30 20 52 34 30 13 0 35 59 3 18
34 18 15 30 14 45 17 61 53 13 12 10 41 34 22 6 62 25 44 29 5 28 23 26 28 27 25 24 43 29 17 20 24 44 21 23 72 25 0 12 40 25
30 15 20 32 5 34 28 45 59 16 11 10 23 35 5 8 50 42 42 32 9 28 35 23 19 18 22 23 26 54 37 16 28 38 46 45 33 47 14 0 42 50
45 12 27 15 61 25 29 23 2 23 42 44 15 14 57 31 21 36 21 26 36 24 35 11 33 61 43 23 48 16 51 39 27 34 29 16 27 4 25 41 0 44
0 33 22 29 50 51 17 49 21 26 21 34 23 58 69 25 68 16 54 78 18 36 63 48 68 79 36 57 82 16 79 26 61 77 5 17 66 50 28 53 24 0