7
40
,
0 (3.0, 44.0) 11.0
1 (24.0, 48.0) 30.0
2 (14.0, 13.0) 15.0
3 (5.0, 11.0) 20.0
4 (6.0, 4.0) 12.0
5 (40.0, 1.0) 27.0
6 (39.0, 35.0) 27.0
7 (22.0, 6.0) 36.0
8 (16.0, 6.0) 10.0
9 (41.0, 1.0) 45.0
10 (6.0, 18.0) 18.0
11 (42.0, 18.0) 15.0
12 (36.0, 39.0) 11.0
13 (35.0, 9.0) 28.0
14 (20.0, 4.0) 32.0
15 (46.0, 17.0) 47.0
16 (3.0, 38.0) 43.0
17 (49.0, 5.0) 14.0
18 (21.0, 16.0) 19.0
19 (48.0, 43.0) 33.0
20 (46.0, 9.0) 26.0
21 (0.0, 10.0) 19.0
22 (19.0, 31.0) 39.0
23 (26.0, 13.0) 21.0
24 (46.0, 14.0) 49.0
25 (11.0, 36.0) 45.0
26 (46.0, 29.0) 14.0
27 (34.0, 8.0) 34.0
28 (28.0, 42.0) 44.0
29 (32.0, 23.0) 10.0
30 (19.0, 17.0) 44.0
31 (10.0, 32.0) 34.0
32 (48.0, 47.0) 15.0
33 (9.0, 34.0) 16.0
34 (30.0, 15.0) 15.0
35 (45.0, 28.0) 38.0
36 (42.0, 1.0) 43.0
37 (6.0, 5.0) 38.0
38 (7.0, 8.0) 25.0
39 (21.0, 50.0) 15.0
,
0 4 7 7 8 11 7 8 8 11 5 9 7 9 9 10 1 12 7 9 11 7 4 8 10 2 9 10 5 7 6 3 9 2 8 9 12 8 7 4
4 0 7 8 10 10 4 8 9 10 7 7 3 8 9 8 5 10 6 5 9 9 4 7 8 4 6 8 1 5 6 4 5 4 7 6 10 9 9 1
7 7 0 2 2 6 7 2 1 6 2 6 7 4 2 6 5 7 2 9 6 3 4 2 6 5 7 4 6 4 1 4 10 4 3 7 6 2 2 8
7 8 2 0 1 7 8 4 2 7 1 8 8 6 3 8 5 9 3 11 8 1 5 4 8 5 9 6 8 6 3 4 11 5 5 9 8 1 1 8
8 10 2 1 0 7 9 3 2 7 3 8 9 6 3 8 7 9 4 11 8 2 6 4 8 6 9 6 9 6 4 6 12 6 5 9 7 0 1 10
11 10 6 7 7 0 7 4 5 0 8 3 8 2 4 3 10 2 5 9 2 8 7 4 3 9 6 2 9 5 5 9 9 9 3 5 0 7 7 11
7 4 7 8 9 7 0 7 7 7 7 3 1 5 7 4 7 6 5 2 5 9 4 5 4 6 2 5 3 3 5 6 3 6 4 2 7 9 8 5
8 8 2 4 3 4 7 0 1 4 4 5 7 3 1 5 7 5 2 9 5 4 5 2 5 6 7 2 7 4 2 6 10 6 2 6 4 3 3 9
8 9 1 2 2 5 7 1 0 5 3 6 8 4 1 6 7 7 2 10 6 3 5 2 6 6 8 4 8 5 2 5 10 6 3 7 5 2 2 9
11 10 6 7 7 0 7 4 5 0 8 3 8 2 4 3 11 2 5 9 2 8 7 4 3 9 6 2 9 5 5 9 9 9 4 5 0 7 7 11
5 7 2 1 3 8 7 4 3 8 0 7 7 6 4 8 4 9 3 10 8 2 4 4 8 4 8 6 7 5 3 3 10 3 5 8 8 3 2 7
9 7 6 8 8 3 3 5 6 3 7 0 4 2 5 1 9 3 4 5 2 9 5 3 1 7 2 3 6 2 5 7 6 7 2 2 3 8 7 8
7 3 7 8 9 8 1 7 8 8 7 4 0 6 8 5 7 7 5 3 6 9 4 6 5 5 3 6 2 3 6 5 3 5 5 3 8 9 8 4
9 8 4 6 6 2 5 3 4 2 6 2 6 0 3 3 9 3 3 7 2 7 5 2 2 7 5 0 7 3 4 7 8 7 2 4 2 6 6 9
9 9 2 3 3 4 7 1 1 4 4 5 8 3 0 6 8 6 2 10 5 4 5 2 6 7 7 3 8 4 3 6 10 6 3 7 4 3 3 9
10 8 6 8 8 3 4 5 6 3 8 1 5 3 6 0 10 2 5 5 2 9 6 4 1 8 2 3 6 3 5 8 6 8 3 2 3 8 8 8
1 5 5 5 7 10 7 7 7 11 4 9 7 9 8 10 0 11 6 9 10 6 3 7 10 2 9 9 5 7 5 2 9 1 7 9 11 7 6 4
12 10 7 9 9 2 6 5 7 2 9 3 7 3 6 2 11 0 6 8 1 10 8 5 2 10 5 3 9 5 6 9 8 10 4 5 2 9 8 11
7 6 2 3 4 5 5 2 2 5 3 4 5 3 2 5 6 6 0 8 5 4 3 1 5 4 6 3 5 3 0 4 8 4 2 5 5 4 3 7
9 5 9 11 11 9 2 9 10 9 10 5 3 7 10 5 9 8 8 0 7 12 6 7 6 8 3 8 4 5 8 8 1 8 7 3 8 11 11 6
11 9 6 8 8 2 5 5 6 2 8 2 6 2 5 2 10 1 5 7 0 9 7 4 1 9 4 2 8 4 6 9 8 9 3 4 2 8 8 10
7 9 3 1 2 8 9 4 3 8 2 9 9 7 4 9 6 10 4 12 9 0 6 5 9 6 10 7 9 7 4 5 12 5 6 10 9 2 1 9
4 4 4 5 6 7 4 5 5 7 4 5 4 5 5 6 3 8 3 6 7 6 0 4 6 2 5 5 3 3 3 2 7 2 4 5 8 6 5 4
8 7 2 4 4 4 5 2 2 4 4 3 6 2 2 4 7 5 1 7 4 5 4 0 4 5 5 2 6 2 2 5 8 5 1 5 4 4 4 7
10 8 6 8 8 3 4 5 6 3 8 1 5 2 6 1 10 2 5 6 1 9 6 4 0 8 3 3 7 3 5 8 7 8 3 3 3 8 8 9
2 4 5 5 6 9 6 6 6 9 4 7 5 7 7 8 2 10 4 8 9 6 2 5 8 0 7 7 4 5 4 1 8 1 6 7 9 6 6 3
9 6 7 9 9 6 2 7 8 6 8 2 3 5 7 2 9 5 6 3 4 10 5 5 3 7 0 5 4 3 6 7 4 7 4 0 6 9 9 7
10 8 4 6 6 2 5 2 4 2 6 3 6 0 3 3 9 3 3 8 2 7 5 2 3 7 5 0 7 3 3 7 8 7 2 5 2 6 5 9
5 1 6 8 9 9 3 7 8 9 7 6 2 7 8 6 5 9 5 4 8 9 3 6 7 4 4 7 0 4 5 4 4 4 5 4 9 9 8 2
7 5 4 6 6 5 3 4 5 5 5 2 3 3 4 3 7 5 3 5 4 7 3 2 3 5 3 3 4 0 3 5 6 5 2 3 5 6 6 6
6 6 1 3 4 5 5 2 2 5 3 5 6 4 3 5 5 6 0 8 6 4 3 2 5 4 6 3 5 3 0 3 8 4 2 6 6 4 3 7
3 4 4 4 6 9 6 6 5 9 3 7 5 7 6 8 2 9 4 8 9 5 2 5 8 1 7 7 4 5 3 0 8 0 5 7 9 5 5 4
9 5 10 11 12 9 3 10 10 9 10 6 3 8 10 6 9 8 8 1 8 12 7 8 7 8 4 8 4 6 8 8 0 8 7 4 9 12 11 5
2 4 4 5 6 9 6 6 6 9 3 7 5 7 6 8 1 10 4 8 9 5 2 5 8 1 7 7 4 5 4 0 8 0 6 7 9 6 5 4
8 7 3 5 5 3 4 2 3 4 5 2 5 2 3 3 7 4 2 7 3 6 4 1 3 6 4 2 5 2 2 5 7 6 0 4 4 5 5 7
9 6 7 9 9 5 2 6 7 5 8 2 3 4 7 2 9 5 5 3 4 10 5 5 3 7 0 5 4 3 6 7 4 7 4 0 5 9 9 7
12 10 6 8 7 0 7 4 5 0 8 3 8 2 4 3 11 2 5 8 2 9 8 4 3 9 6 2 9 5 6 9 9 9 4 5 0 7 7 11
8 9 2 1 0 7 9 3 2 7 3 8 9 6 3 8 7 9 4 11 8 2 6 4 8 6 9 6 9 6 4 5 12 6 5 9 7 0 1 9
7 9 2 1 1 7 8 3 2 7 2 7 8 6 3 8 6 8 3 11 8 1 5 4 8 6 9 5 8 6 3 5 11 5 5 9 7 1 0 9
4 1 8 8 10 11 5 9 9 11 7 8 4 9 9 8 4 11 7 6 10 9 4 7 9 3 7 9 2 6 7 4 5 4 7 7 11 9 9 0
,
0 22 38 44 54 44 36 43 28 31 13 58 24 34 60 28 7 62 36 36 34 44 30 23 51 10 58 32 34 31 37 14 27 17 42 66 42 53 31 25
23 0 33 45 44 65 23 42 32 53 29 26 21 49 60 43 33 60 43 35 40 50 14 21 27 26 37 34 5 17 37 19 30 29 37 41 32 60 33 4
24 40 0 11 9 18 47 13 10 38 11 42 33 27 11 38 34 19 10 55 37 17 20 17 26 32 38 28 19 28 6 19 61 21 22 51 41 8 10 33
31 23 9 0 9 52 30 25 10 53 9 24 27 15 24 44 15 36 23 62 25 6 34 17 33 19 40 16 42 35 9 15 70 33 28 43 43 6 4 32
24 71 6 8 0 46 54 21 6 47 11 44 39 25 8 49 26 59 19 56 36 8 33 18 34 40 43 36 41 44 14 19 44 28 20 51 35 1 6 44
67 73 41 41 21 0 25 14 30 1 37 10 31 8 16 15 57 7 23 44 9 31 20 17 8 31 18 13 52 15 25 63 49 55 9 28 3 29 44 55
40 11 38 22 38 37 0 33 31 33 48 16 4 17 31 11 25 36 15 17 27 28 29 36 11 41 11 39 13 11 40 16 16 23 25 11 22 37 60 17
49 30 12 13 17 19 17 0 4 14 16 13 37 9 4 27 23 27 6 55 19 12 22 6 30 18 44 15 20 13 14 27 27 33 18 19 13 23 19 38
60 26 8 16 7 31 19 3 0 19 22 42 44 28 4 33 45 18 6 71 19 14 15 16 33 43 31 21 25 27 11 33 38 21 13 53 30 11 9 52
47 36 35 19 48 1 46 10 22 0 23 25 56 10 25 22 79 5 34 52 9 33 56 17 7 34 34 9 28 20 33 25 24 50 22 15 1 32 19 69
24 52 9 5 15 49 24 25 16 20 0 35 19 22 16 40 18 37 16 32 60 7 15 21 45 25 31 24 35 14 8 10 61 18 15 21 49 7 10 53
53 22 19 22 37 24 10 34 22 20 41 0 27 8 14 3 34 20 23 21 12 30 27 12 5 51 8 17 28 16 18 43 34 28 12 14 20 43 21 41
29 21 48 35 38 25 6 41 43 28 20 31 0 30 54 27 40 50 36 15 29 23 28 16 26 36 9 35 5 9 16 35 18 32 22 11 54 39 30 25
56 30 26 22 34 13 28 11 28 9 23 6 45 0 16 15 58 18 9 44 13 27 22 8 16 38 31 2 50 12 14 41 34 28 4 27 7 34 27 31
51 49 12 22 11 13 53 4 5 17 24 32 39 10 0 23 29 22 12 58 14 12 36 14 41 47 24 13 36 16 15 43 71 34 13 24 30 18 9 31
60 30 45 60 27 16 28 22 28 12 33 6 32 18 28 0 27 7 13 14 4 67 35 17 4 31 9 13 21 16 24 57 19 52 22 13 12 57 27 56
3 33 17 29 51 53 19 31 36 30 14 43 32 54 43 61 0 45 29 54 74 38 20 39 72 12 24 62 32 30 16 10 31 9 41 22 34 33 38 17
60 60 47 45 24 5 36 35 30 5 33 18 46 19 41 16 33 0 33 36 5 68 50 16 14 62 19 17 37 31 35 36 38 25 15 16 8 37 41 30
40 29 10 22 11 23 21 15 12 15 22 14 18 21 10 23 16 33 0 51 21 21 12 6 24 17 39 15 28 12 2 23 59 12 8 34 21 17 21 20
33 26 38 64 63 55 8 40 72 43 45 20 18 52 69 37 35 47 25 0 32 81 18 55 21 27 20 45 14 14 46 30 4 50 21 9 58 73 62 26
63 66 20 36 24 15 22 35 43 8 46 13 38 12 23 9 39 4 30 40 0 51 19 12 4 53 25 9 46 16 18 27 20 61 19 18 9 55 47 60
22 53 19 6 4 36 58 20 22 32 12 37 47 49 30 62 42 47 12 36 43 0 15 32 41 34 54 24 48 21 27 24 82 20 37 63 45 9 5 39
27 16 22 14 36 52 17 32 21 48 19 23 12 38 32 30 16 58 14 26 37 29 0 20 31 8 19 27 20 13 9 10 22 8 18 15 23 38 30 21
27 22 9 15 21 17 25 11 12 29 21 22 28 14 6 15 35 35 4 26 15 15 19 0 20 17 30 8 19 13 8 35 51 14 4 30 10 17 28 48
77 32 25 37 49 20 11 32 28 12 60 8 29 11 34 4 31 14 26 24 4 49 23 21 0 45 14 18 36 24 21 49 34 45 9 15 13 40 32 43
6 25 22 17 28 33 14 35 39 43 10 25 28 45 33 58 12 31 21 48 30 23 13 35 32 0 53 54 23 31 22 3 53 3 28 38 37 45 16 21
24 35 33 29 27 35 13 35 22 23 47 16 19 21 28 16 41 17 16 17 14 38 33 26 21 42 0 35 20 16 18 26 17 22 28 1 38 36 51 30
58 38 28 40 19 12 25 8 20 6 20 7 36 1 18 20 53 15 11 25 13 42 39 7 9 27 18 0 18 23 9 32 50 25 8 28 14 28 19 51
23 4 41 29 56 41 8 52 48 42 48 40 12 19 20 42 14 37 23 29 53 36 14 27 37 10 14 34 0 24 39 11 29 26 23 30 61 58 25 14
23 24 20 35 26 33 18 12 29 28 22 14 10 14 11 18 34 36 16 21 27 33 11 13 17 36 11 10 26 0 20 33 26 27 5 19 26 26 15 40
19 27 5 9 10 39 36 8 13 14 17 20 20 14 18 15 32 43 1 27 22 27 19 9 28 25 38 22 40 8 0 18 44 11 10 39 25 25 11 48
12 17 29 28 34 45 42 40 22 61 16 44 36 26 36 27 12 48 17 42 30 33 6 21 26 2 33 24 29 34 24 0 55 2 30 42 29 19 36 28
31 23 34 60 40 42 15 65 37 48 74 20 19 53 61 20 24 48 23 5 50 59 28 26 28 30 27 33 11 21 28 47 0 56 31 26 59 59 41 39
9 18 22 24 44 58 29 46 31 27 9 22 37 51 39 27 9 64 20 29 67 26 12 19 42 2 47 41 20 37 29 2 26 0 21 54 37 29 35 11
37 49 20 35 21 13 18 7 23 23 16 16 32 9 12 19 49 31 9 42 17 24 25 4 13 38 26 10 39 12 11 22 19 31 0 28 12 13 19 20
41 15 51 44 32 33 12 35 50 18 36 10 20 16 41 10 55 30 23 18 19 64 24 22 14 29 1 33 28 18 17 19 16 55 28 0 33 54 23 18
69 44 29 48 40 2 50 29 17 1 36 22 22 8 28 12 60 11 32 58 7 51 44 19 11 47 28 11 62 16 15 60 53 61 9 31 0 36 43 65
56 40 13 5 1 37 23 15 8 28 19 23 52 42 18 21 47 35 18 41 55 11 16 15 44 38 61 29 27 22 12 18 51 15 18 28 41 0 4 31
48 38 8 4 4 38 23 21 7 27 13 40 22 33 13 25 18 44 20 44 42 5 14 10 37 20 42 19 40 29 21 22 81 29 22 52 37 4 0 45
14 4 24 25 42 77 35 65 31 68 30 56 15 50 25 26 22 72 19 37 44 61 11 19 45 13 44 45 16 31 20 14 23 25 27 48 56 28 60 0