7
40
,
0 (3.0, 44.0) 13.0
1 (24.0, 48.0) 13.0
2 (14.0, 13.0) 26.0
3 (5.0, 11.0) 13.0
4 (6.0, 4.0) 43.0
5 (40.0, 1.0) 27.0
6 (39.0, 35.0) 12.0
7 (22.0, 6.0) 37.0
8 (16.0, 6.0) 46.0
9 (41.0, 1.0) 15.0
10 (6.0, 18.0) 47.0
11 (42.0, 18.0) 12.0
12 (36.0, 39.0) 38.0
13 (35.0, 9.0) 29.0
14 (20.0, 4.0) 28.0
15 (46.0, 17.0) 12.0
16 (3.0, 38.0) 12.0
17 (49.0, 5.0) 18.0
18 (21.0, 16.0) 16.0
19 (48.0, 43.0) 33.0
20 (46.0, 9.0) 10.0
21 (0.0, 10.0) 45.0
22 (19.0, 31.0) 28.0
23 (26.0, 13.0) 23.0
24 (46.0, 14.0) 32.0
25 (11.0, 36.0) 29.0
26 (46.0, 29.0) 43.0
27 (34.0, 8.0) 24.0
28 (28.0, 42.0) 16.0
29 (32.0, 23.0) 30.0
30 (19.0, 17.0) 29.0
31 (10.0, 32.0) 25.0
32 (48.0, 47.0) 43.0
33 (9.0, 34.0) 19.0
34 (30.0, 15.0) 20.0
35 (45.0, 28.0) 11.0
36 (42.0, 1.0) 15.0
37 (6.0, 5.0) 26.0
38 (7.0, 8.0) 38.0
39 (21.0, 50.0) 45.0
,
0 4 7 7 8 11 7 8 8 11 5 9 7 9 9 10 1 12 7 9 11 7 4 8 10 2 9 10 5 7 6 3 9 2 8 9 12 8 7 4
4 0 7 8 10 10 4 8 9 10 7 7 3 8 9 8 5 10 6 5 9 9 4 7 8 4 6 8 1 5 6 4 5 4 7 6 10 9 9 1
7 7 0 2 2 6 7 2 1 6 2 6 7 4 2 6 5 7 2 9 6 3 4 2 6 5 7 4 6 4 1 4 10 4 3 7 6 2 2 8
7 8 2 0 1 7 8 4 2 7 1 8 8 6 3 8 5 9 3 11 8 1 5 4 8 5 9 6 8 6 3 4 11 5 5 9 8 1 1 8
8 10 2 1 0 7 9 3 2 7 3 8 9 6 3 8 7 9 4 11 8 2 6 4 8 6 9 6 9 6 4 6 12 6 5 9 7 0 1 10
11 10 6 7 7 0 7 4 5 0 8 3 8 2 4 3 10 2 5 9 2 8 7 4 3 9 6 2 9 5 5 9 9 9 3 5 0 7 7 11
7 4 7 8 9 7 0 7 7 7 7 3 1 5 7 4 7 6 5 2 5 9 4 5 4 6 2 5 3 3 5 6 3 6 4 2 7 9 8 5
8 8 2 4 3 4 7 0 1 4 4 5 7 3 1 5 7 5 2 9 5 4 5 2 5 6 7 2 7 4 2 6 10 6 2 6 4 3 3 9
8 9 1 2 2 5 7 1 0 5 3 6 8 4 1 6 7 7 2 10 6 3 5 2 6 6 8 4 8 5 2 5 10 6 3 7 5 2 2 9
11 10 6 7 7 0 7 4 5 0 8 3 8 2 4 3 11 2 5 9 2 8 7 4 3 9 6 2 9 5 5 9 9 9 4 5 0 7 7 11
5 7 2 1 3 8 7 4 3 8 0 7 7 6 4 8 4 9 3 10 8 2 4 4 8 4 8 6 7 5 3 3 10 3 5 8 8 3 2 7
9 7 6 8 8 3 3 5 6 3 7 0 4 2 5 1 9 3 4 5 2 9 5 3 1 7 2 3 6 2 5 7 6 7 2 2 3 8 7 8
7 3 7 8 9 8 1 7 8 8 7 4 0 6 8 5 7 7 5 3 6 9 4 6 5 5 3 6 2 3 6 5 3 5 5 3 8 9 8 4
9 8 4 6 6 2 5 3 4 2 6 2 6 0 3 3 9 3 3 7 2 7 5 2 2 7 5 0 7 3 4 7 8 7 2 4 2 6 6 9
9 9 2 3 3 4 7 1 1 4 4 5 8 3 0 6 8 6 2 10 5 4 5 2 6 7 7 3 8 4 3 6 10 6 3 7 4 3 3 9
10 8 6 8 8 3 4 5 6 3 8 1 5 3 6 0 10 2 5 5 2 9 6 4 1 8 2 3 6 3 5 8 6 8 3 2 3 8 8 8
1 5 5 5 7 10 7 7 7 11 4 9 7 9 8 10 0 11 6 9 10 6 3 7 10 2 9 9 5 7 5 2 9 1 7 9 11 7 6 4
12 10 7 9 9 2 6 5 7 2 9 3 7 3 6 2 11 0 6 8 1 10 8 5 2 10 5 3 9 5 6 9 8 10 4 5 2 9 8 11
7 6 2 3 4 5 5 2 2 5 3 4 5 3 2 5 6 6 0 8 5 4 3 1 5 4 6 3 5 3 0 4 8 4 2 5 5 4 3 7
9 5 9 11 11 9 2 9 10 9 10 5 3 7 10 5 9 8 8 0 7 12 6 7 6 8 3 8 4 5 8 8 1 8 7 3 8 11 11 6
11 9 6 8 8 2 5 5 6 2 8 2 6 2 5 2 10 1 5 7 0 9 7 4 1 9 4 2 8 4 6 9 8 9 3 4 2 8 8 10
7 9 3 1 2 8 9 4 3 8 2 9 9 7 4 9 6 10 4 12 9 0 6 5 9 6 10 7 9 7 4 5 12 5 6 10 9 2 1 9
4 4 4 5 6 7 4 5 5 7 4 5 4 5 5 6 3 8 3 6 7 6 0 4 6 2 5 5 3 3 3 2 7 2 4 5 8 6 5 4
8 7 2 4 4 4 5 2 2 4 4 3 6 2 2 4 7 5 1 7 4 5 4 0 4 5 5 2 6 2 2 5 8 5 1 5 4 4 4 7
10 8 6 8 8 3 4 5 6 3 8 1 5 2 6 1 10 2 5 6 1 9 6 4 0 8 3 3 7 3 5 8 7 8 3 3 3 8 8 9
2 4 5 5 6 9 6 6 6 9 4 7 5 7 7 8 2 10 4 8 9 6 2 5 8 0 7 7 4 5 4 1 8 1 6 7 9 6 6 3
9 6 7 9 9 6 2 7 8 6 8 2 3 5 7 2 9 5 6 3 4 10 5 5 3 7 0 5 4 3 6 7 4 7 4 0 6 9 9 7
10 8 4 6 6 2 5 2 4 2 6 3 6 0 3 3 9 3 3 8 2 7 5 2 3 7 5 0 7 3 3 7 8 7 2 5 2 6 5 9
5 1 6 8 9 9 3 7 8 9 7 6 2 7 8 6 5 9 5 4 8 9 3 6 7 4 4 7 0 4 5 4 4 4 5 4 9 9 8 2
7 5 4 6 6 5 3 4 5 5 5 2 3 3 4 3 7 5 3 5 4 7 3 2 3 5 3 3 4 0 3 5 6 5 2 3 5 6 6 6
6 6 1 3 4 5 5 2 2 5 3 5 6 4 3 5 5 6 0 8 6 4 3 2 5 4 6 3 5 3 0 3 8 4 2 6 6 4 3 7
3 4 4 4 6 9 6 6 5 9 3 7 5 7 6 8 2 9 4 8 9 5 2 5 8 1 7 7 4 5 3 0 8 0 5 7 9 5 5 4
9 5 10 11 12 9 3 10 10 9 10 6 3 8 10 6 9 8 8 1 8 12 7 8 7 8 4 8 4 6 8 8 0 8 7 4 9 12 11 5
2 4 4 5 6 9 6 6 6 9 3 7 5 7 6 8 1 10 4 8 9 5 2 5 8 1 7 7 4 5 4 0 8 0 6 7 9 6 5 4
8 7 3 5 5 3 4 2 3 4 5 2 5 2 3 3 7 4 2 7 3 6 4 1 3 6 4 2 5 2 2 5 7 6 0 4 4 5 5 7
9 6 7 9 9 5 2 6 7 5 8 2 3 4 7 2 9 5 5 3 4 10 5 5 3 7 0 5 4 3 6 7 4 7 4 0 5 9 9 7
12 10 6 8 7 0 7 4 5 0 8 3 8 2 4 3 11 2 5 8 2 9 8 4 3 9 6 2 9 5 6 9 9 9 4 5 0 7 7 11
8 9 2 1 0 7 9 3 2 7 3 8 9 6 3 8 7 9 4 11 8 2 6 4 8 6 9 6 9 6 4 5 12 6 5 9 7 0 1 9
7 9 2 1 1 7 8 3 2 7 2 7 8 6 3 8 6 8 3 11 8 1 5 4 8 6 9 5 8 6 3 5 11 5 5 9 7 1 0 9
4 1 8 8 10 11 5 9 9 11 7 8 4 9 9 8 4 11 7 6 10 9 4 7 9 3 7 9 2 6 7 4 5 4 7 7 11 9 9 0
,
0 23 32 41 44 65 36 50 41 56 16 46 33 42 24 62 5 60 33 28 48 39 21 26 62 17 59 39 32 40 18 14 53 9 41 48 44 48 30 19
13 0 51 48 39 37 26 44 43 68 51 21 17 47 30 50 22 39 40 16 44 48 22 25 56 25 33 23 10 32 24 16 22 17 28 33 62 24 36 3
45 43 0 9 7 41 28 12 5 26 14 17 48 27 9 46 16 41 5 34 35 19 15 14 19 26 42 14 22 16 5 22 41 11 10 30 17 9 8 42
47 58 7 0 8 52 60 10 7 41 5 52 39 16 11 59 31 40 13 55 42 8 17 24 21 18 59 28 48 40 8 24 49 32 26 47 51 5 3 23
42 61 11 10 0 48 61 23 13 42 21 27 61 26 8 35 37 45 11 59 41 6 41 31 34 17 35 14 57 21 20 35 52 27 25 43 31 1 6 62
35 63 35 45 37 0 30 27 34 1 51 20 34 6 28 15 57 6 30 35 12 53 32 25 16 25 30 13 54 16 27 37 28 43 14 40 3 40 29 46
47 11 33 40 64 17 0 26 55 30 51 10 7 30 29 15 50 34 16 7 17 38 23 36 26 29 9 37 11 17 38 25 8 18 26 10 42 36 31 20
30 33 11 14 14 14 38 0 8 28 10 17 52 12 3 37 46 30 5 40 35 13 14 10 25 39 37 16 26 16 10 36 62 28 12 20 18 10 13 62
37 44 9 8 9 18 20 3 0 28 18 24 21 19 2 40 32 49 7 65 31 14 24 8 19 25 23 21 38 32 7 28 37 23 18 49 27 11 5 59
64 43 22 47 46 1 41 24 28 0 52 14 54 8 29 21 51 9 32 30 12 63 27 13 9 68 17 7 57 33 38 66 56 68 24 21 1 26 22 48
21 30 13 4 21 30 27 25 12 51 0 31 50 34 12 42 15 25 17 49 29 15 14 24 50 12 46 28 48 38 14 9 56 19 12 42 30 7 14 31
31 23 38 28 29 11 14 25 29 18 23 0 31 14 25 5 56 20 31 29 5 62 16 15 5 34 17 7 14 14 17 38 44 54 11 15 9 25 53 49
24 12 34 25 38 56 6 49 51 45 35 25 0 30 23 13 49 43 27 9 19 37 13 20 37 18 18 20 8 16 21 35 13 27 35 11 41 68 27 11
36 47 19 16 23 10 28 19 16 13 33 9 21 0 15 16 45 19 9 35 6 40 27 9 13 21 15 2 45 15 26 44 43 29 11 28 9 25 29 24
54 37 14 20 15 21 28 2 3 30 28 17 19 18 0 36 37 34 12 52 33 20 26 8 32 26 43 12 45 20 8 23 54 36 14 20 20 12 14 55
71 37 38 45 21 18 26 17 29 10 33 5 36 14 33 0 60 9 28 24 8 64 16 17 2 36 6 9 36 22 14 45 40 48 15 8 10 62 21 60
6 15 32 26 47 37 44 28 44 47 23 56 35 24 37 48 0 84 29 53 41 27 17 23 69 8 34 57 24 45 18 12 24 9 28 42 58 35 18 32
36 69 51 48 64 8 20 21 47 6 49 8 33 22 43 13 57 0 43 22 6 57 45 32 9 56 15 19 48 20 37 25 56 61 20 25 10 64 32 27
49 23 11 18 24 33 28 12 8 18 16 31 34 11 16 15 17 32 0 51 32 18 19 3 32 18 19 10 24 13 2 20 45 28 10 17 28 10 11 45
54 24 25 61 56 47 11 39 49 35 64 18 18 47 47 25 54 28 55 0 28 75 24 51 38 42 11 51 16 26 44 44 6 31 32 9 38 49 53 17
64 39 35 46 25 9 19 24 18 8 61 13 16 6 20 8 51 7 28 51 0 32 48 12 4 36 25 10 35 21 40 42 44 65 19 15 9 27 43 45
38 31 9 5 6 39 34 16 24 61 13 37 34 34 26 40 28 58 14 56 69 0 30 31 52 32 41 18 50 27 10 23 55 27 31 40 40 8 7 53
29 14 20 34 38 36 17 29 26 29 22 25 12 24 15 40 18 29 9 46 46 40 0 22 36 11 15 33 21 9 20 12 20 10 15 18 27 39 21 26
34 20 8 28 29 12 20 6 14 11 25 16 35 8 11 12 27 28 8 51 24 15 22 0 28 41 23 10 15 10 8 20 26 23 5 31 28 26 15 53
77 31 41 46 47 11 12 33 45 15 28 8 28 12 19 3 34 10 28 34 4 69 36 19 0 39 9 7 41 9 20 31 25 35 13 20 12 26 58 24
7 13 26 36 21 47 22 29 35 65 17 50 22 20 27 34 11 55 28 35 37 15 11 27 46 0 27 45 16 33 25 3 25 4 17 36 66 31 27 14
41 38 32 47 64 32 10 29 29 18 21 7 18 30 37 15 37 24 38 9 14 28 28 27 13 19 0 15 24 14 23 52 15 53 14 1 41 67 66 18
33 39 25 32 37 10 37 15 27 8 36 12 35 1 16 17 28 10 20 48 16 37 20 9 7 23 14 0 18 14 10 47 48 45 9 31 16 36 17 61
16 7 45 27 35 22 14 35 37 36 47 20 9 36 31 39 22 23 25 29 56 43 12 20 48 12 33 27 0 16 19 30 21 27 32 13 51 59 58 5
37 15 24 36 40 21 14 26 32 15 38 10 19 16 13 15 17 26 8 18 26 46 8 12 17 15 9 17 27 0 19 22 38 26 12 21 30 34 29 25
41 44 3 22 14 21 15 11 9 35 7 32 35 14 15 28 32 23 3 55 36 25 9 6 17 21 20 15 39 19 0 14 26 15 11 24 37 21 20 28
18 28 21 29 41 35 18 24 27 61 14 27 17 42 17 35 5 56 12 26 50 36 13 15 55 2 53 49 17 26 15 0 39 2 20 34 32 26 14 31
56 16 32 76 90 67 12 64 60 39 71 38 12 48 46 30 67 25 51 4 44 38 20 45 45 21 11 61 22 23 40 27 0 34 24 29 46 56 63 15
11 28 17 29 36 37 31 38 22 64 12 42 37 52 38 59 6 48 32 44 37 37 7 40 50 4 26 45 17 35 21 3 57 0 31 27 27 22 23 13
48 19 10 21 24 25 25 13 10 19 20 18 13 10 14 14 51 31 13 30 17 23 23 2 10 21 17 5 21 4 11 15 51 35 0 15 20 28 15 32
30 32 51 48 23 14 8 38 40 40 32 8 8 22 18 16 26 31 20 8 25 58 35 34 8 38 2 22 16 11 38 25 12 48 18 0 29 35 59 33
69 32 24 37 30 2 37 19 36 1 48 9 40 16 15 20 47 7 27 53 9 59 51 25 17 57 38 15 28 20 35 61 45 67 22 31 0 30 36 31
31 47 11 4 1 41 42 10 9 22 7 35 51 30 9 48 20 25 11 35 37 9 36 14 49 43 32 21 43 26 10 24 42 26 17 40 43 0 3 26
38 64 9 2 2 18 30 14 6 30 6 19 48 24 12 45 24 60 9 63 22 5 38 18 37 27 57 18 28 36 20 29 43 27 25 44 37 4 0 54
11 2 52 58 25 74 29 62 53 79 40 49 27 59 24 23 28 49 28 33 50 63 25 36 53 22 43 54 6 33 33 12 34 17 22 34 77 27 39 0