7
40
,
0 (3.0, 44.0) 15.0
1 (24.0, 48.0) 18.0
2 (14.0, 13.0) 12.0
3 (5.0, 11.0) 23.0
4 (6.0, 4.0) 24.0
5 (40.0, 1.0) 33.0
6 (39.0, 35.0) 40.0
7 (22.0, 6.0) 26.0
8 (16.0, 6.0) 42.0
9 (41.0, 1.0) 13.0
10 (6.0, 18.0) 37.0
11 (42.0, 18.0) 35.0
12 (36.0, 39.0) 46.0
13 (35.0, 9.0) 15.0
14 (20.0, 4.0) 22.0
15 (46.0, 17.0) 10.0
16 (3.0, 38.0) 31.0
17 (49.0, 5.0) 26.0
18 (21.0, 16.0) 26.0
19 (48.0, 43.0) 16.0
20 (46.0, 9.0) 22.0
21 (0.0, 10.0) 38.0
22 (19.0, 31.0) 31.0
23 (26.0, 13.0) 15.0
24 (46.0, 14.0) 28.0
25 (11.0, 36.0) 31.0
26 (46.0, 29.0) 22.0
27 (34.0, 8.0) 44.0
28 (28.0, 42.0) 14.0
29 (32.0, 23.0) 13.0
30 (19.0, 17.0) 35.0
31 (10.0, 32.0) 34.0
32 (48.0, 47.0) 49.0
33 (9.0, 34.0) 33.0
34 (30.0, 15.0) 47.0
35 (45.0, 28.0) 12.0
36 (42.0, 1.0) 19.0
37 (6.0, 5.0) 47.0
38 (7.0, 8.0) 49.0
39 (21.0, 50.0) 23.0
,
0 4 7 7 8 11 7 8 8 11 5 9 7 9 9 10 1 12 7 9 11 7 4 8 10 2 9 10 5 7 6 3 9 2 8 9 12 8 7 4
4 0 7 8 10 10 4 8 9 10 7 7 3 8 9 8 5 10 6 5 9 9 4 7 8 4 6 8 1 5 6 4 5 4 7 6 10 9 9 1
7 7 0 2 2 6 7 2 1 6 2 6 7 4 2 6 5 7 2 9 6 3 4 2 6 5 7 4 6 4 1 4 10 4 3 7 6 2 2 8
7 8 2 0 1 7 8 4 2 7 1 8 8 6 3 8 5 9 3 11 8 1 5 4 8 5 9 6 8 6 3 4 11 5 5 9 8 1 1 8
8 10 2 1 0 7 9 3 2 7 3 8 9 6 3 8 7 9 4 11 8 2 6 4 8 6 9 6 9 6 4 6 12 6 5 9 7 0 1 10
11 10 6 7 7 0 7 4 5 0 8 3 8 2 4 3 10 2 5 9 2 8 7 4 3 9 6 2 9 5 5 9 9 9 3 5 0 7 7 11
7 4 7 8 9 7 0 7 7 7 7 3 1 5 7 4 7 6 5 2 5 9 4 5 4 6 2 5 3 3 5 6 3 6 4 2 7 9 8 5
8 8 2 4 3 4 7 0 1 4 4 5 7 3 1 5 7 5 2 9 5 4 5 2 5 6 7 2 7 4 2 6 10 6 2 6 4 3 3 9
8 9 1 2 2 5 7 1 0 5 3 6 8 4 1 6 7 7 2 10 6 3 5 2 6 6 8 4 8 5 2 5 10 6 3 7 5 2 2 9
11 10 6 7 7 0 7 4 5 0 8 3 8 2 4 3 11 2 5 9 2 8 7 4 3 9 6 2 9 5 5 9 9 9 4 5 0 7 7 11
5 7 2 1 3 8 7 4 3 8 0 7 7 6 4 8 4 9 3 10 8 2 4 4 8 4 8 6 7 5 3 3 10 3 5 8 8 3 2 7
9 7 6 8 8 3 3 5 6 3 7 0 4 2 5 1 9 3 4 5 2 9 5 3 1 7 2 3 6 2 5 7 6 7 2 2 3 8 7 8
7 3 7 8 9 8 1 7 8 8 7 4 0 6 8 5 7 7 5 3 6 9 4 6 5 5 3 6 2 3 6 5 3 5 5 3 8 9 8 4
9 8 4 6 6 2 5 3 4 2 6 2 6 0 3 3 9 3 3 7 2 7 5 2 2 7 5 0 7 3 4 7 8 7 2 4 2 6 6 9
9 9 2 3 3 4 7 1 1 4 4 5 8 3 0 6 8 6 2 10 5 4 5 2 6 7 7 3 8 4 3 6 10 6 3 7 4 3 3 9
10 8 6 8 8 3 4 5 6 3 8 1 5 3 6 0 10 2 5 5 2 9 6 4 1 8 2 3 6 3 5 8 6 8 3 2 3 8 8 8
1 5 5 5 7 10 7 7 7 11 4 9 7 9 8 10 0 11 6 9 10 6 3 7 10 2 9 9 5 7 5 2 9 1 7 9 11 7 6 4
12 10 7 9 9 2 6 5 7 2 9 3 7 3 6 2 11 0 6 8 1 10 8 5 2 10 5 3 9 5 6 9 8 10 4 5 2 9 8 11
7 6 2 3 4 5 5 2 2 5 3 4 5 3 2 5 6 6 0 8 5 4 3 1 5 4 6 3 5 3 0 4 8 4 2 5 5 4 3 7
9 5 9 11 11 9 2 9 10 9 10 5 3 7 10 5 9 8 8 0 7 12 6 7 6 8 3 8 4 5 8 8 1 8 7 3 8 11 11 6
11 9 6 8 8 2 5 5 6 2 8 2 6 2 5 2 10 1 5 7 0 9 7 4 1 9 4 2 8 4 6 9 8 9 3 4 2 8 8 10
7 9 3 1 2 8 9 4 3 8 2 9 9 7 4 9 6 10 4 12 9 0 6 5 9 6 10 7 9 7 4 5 12 5 6 10 9 2 1 9
4 4 4 5 6 7 4 5 5 7 4 5 4 5 5 6 3 8 3 6 7 6 0 4 6 2 5 5 3 3 3 2 7 2 4 5 8 6 5 4
8 7 2 4 4 4 5 2 2 4 4 3 6 2 2 4 7 5 1 7 4 5 4 0 4 5 5 2 6 2 2 5 8 5 1 5 4 4 4 7
10 8 6 8 8 3 4 5 6 3 8 1 5 2 6 1 10 2 5 6 1 9 6 4 0 8 3 3 7 3 5 8 7 8 3 3 3 8 8 9
2 4 5 5 6 9 6 6 6 9 4 7 5 7 7 8 2 10 4 8 9 6 2 5 8 0 7 7 4 5 4 1 8 1 6 7 9 6 6 3
9 6 7 9 9 6 2 7 8 6 8 2 3 5 7 2 9 5 6 3 4 10 5 5 3 7 0 5 4 3 6 7 4 7 4 0 6 9 9 7
10 8 4 6 6 2 5 2 4 2 6 3 6 0 3 3 9 3 3 8 2 7 5 2 3 7 5 0 7 3 3 7 8 7 2 5 2 6 5 9
5 1 6 8 9 9 3 7 8 9 7 6 2 7 8 6 5 9 5 4 8 9 3 6 7 4 4 7 0 4 5 4 4 4 5 4 9 9 8 2
7 5 4 6 6 5 3 4 5 5 5 2 3 3 4 3 7 5 3 5 4 7 3 2 3 5 3 3 4 0 3 5 6 5 2 3 5 6 6 6
6 6 1 3 4 5 5 2 2 5 3 5 6 4 3 5 5 6 0 8 6 4 3 2 5 4 6 3 5 3 0 3 8 4 2 6 6 4 3 7
3 4 4 4 6 9 6 6 5 9 3 7 5 7 6 8 2 9 4 8 9 5 2 5 8 1 7 7 4 5 3 0 8 0 5 7 9 5 5 4
9 5 10 11 12 9 3 10 10 9 10 6 3 8 10 6 9 8 8 1 8 12 7 8 7 8 4 8 4 6 8 8 0 8 7 4 9 12 11 5
2 4 4 5 6 9 6 6 6 9 3 7 5 7 6 8 1 10 4 8 9 5 2 5 8 1 7 7 4 5 4 0 8 0 6 7 9 6 5 4
8 7 3 5 5 3 4 2 3 4 5 2 5 2 3 3 7 4 2 7 3 6 4 1 3 6 4 2 5 2 2 5 7 6 0 4 4 5 5 7
9 6 7 9 9 5 2 6 7 5 8 2 3 4 7 2 9 5 5 3 4 10 5 5 3 7 0 5 4 3 6 7 4 7 4 0 5 9 9 7
12 10 6 8 7 0 7 4 5 0 8 3 8 2 4 3 11 2 5 8 2 9 8 4 3 9 6 2 9 5 6 9 9 9 4 5 0 7 7 11
8 9 2 1 0 7 9 3 2 7 3 8 9 6 3 8 7 9 4 11 8 2 6 4 8 6 9 6 9 6 4 5 12 6 5 9 7 0 1 9
7 9 2 1 1 7 8 3 2 7 2 7 8 6 3 8 6 8 3 11 8 1 5 4 8 6 9 5 8 6 3 5 11 5 5 9 7 1 0 9
4 1 8 8 10 11 5 9 9 11 7 8 4 9 9 8 4 11 7 6 10 9 4 7 9 3 7 9 2 6 7 4 5 4 7 7 11 9 9 0
,
0 14 18 37 41 74 41 30 51 74 25 24 24 27 34 42 5 40 22 57 36 49 21 43 63 9 30 48 34 33 35 14 25 16 45 47 52 20 47 27
21 0 21 25 60 57 28 56 52 63 26 43 10 47 61 27 29 69 33 33 51 63 26 50 51 11 32 38 6 35 42 18 28 27 30 25 70 28 65 4
33 20 0 8 9 39 38 6 5 25 9 28 21 25 10 23 25 27 10 46 42 16 15 15 47 29 35 15 36 18 10 10 65 19 23 42 22 11 7 52
18 29 9 0 6 27 54 17 15 42 7 53 33 35 17 32 32 42 24 74 54 5 22 22 30 38 65 39 56 33 10 22 59 15 31 46 26 6 2 55
43 53 18 7 0 31 48 14 12 47 13 39 47 36 15 29 30 45 20 68 33 7 30 21 40 25 65 19 45 34 24 16 51 24 31 58 51 1 6 54
71 39 20 19 44 0 35 10 29 1 48 12 21 5 12 19 35 14 23 32 9 37 44 11 20 24 32 9 57 13 28 22 46 29 19 23 2 33 34 34
22 22 29 32 27 31 0 29 42 34 56 11 6 20 30 28 33 23 23 15 23 30 11 29 12 18 6 16 12 8 34 38 13 43 15 9 32 41 32 18
55 52 15 20 23 19 40 0 7 27 15 20 49 9 2 19 42 27 9 28 27 30 37 5 17 48 49 7 28 15 12 30 34 38 10 32 16 10 20 43
29 31 11 12 10 16 46 5 0 30 18 17 32 22 5 45 18 28 10 52 33 23 14 9 22 44 21 18 47 34 11 31 75 23 10 31 21 6 6 56
86 59 32 49 38 1 38 27 29 0 50 15 20 8 22 9 58 6 34 55 12 38 25 24 11 54 18 6 57 30 27 53 60 39 24 36 1 25 35 71
37 26 12 7 18 53 23 26 19 56 0 50 28 28 25 35 27 43 15 71 53 8 15 12 29 12 27 24 43 20 9 7 72 21 31 42 46 9 11 52
52 45 36 26 52 16 10 17 36 10 34 0 19 10 38 4 50 9 26 15 10 44 23 15 5 42 10 9 40 16 14 46 33 23 12 8 15 43 19 28
18 20 37 62 56 21 6 35 42 36 52 18 0 33 34 13 23 29 17 11 17 62 25 31 30 35 12 40 7 24 32 38 16 14 29 15 57 63 42 21
68 44 26 23 16 13 17 11 28 14 33 13 41 0 11 8 27 14 12 54 6 31 39 6 13 41 18 1 50 7 15 47 21 31 4 25 14 38 39 55
55 26 13 22 14 20 37 4 3 24 30 19 35 23 0 37 41 40 12 58 38 29 39 10 24 44 26 9 53 26 10 27 56 17 10 41 25 21 10 64
63 37 36 58 59 17 17 33 24 21 28 5 34 11 31 0 49 9 29 28 9 48 30 30 3 49 16 8 40 22 20 29 37 42 20 12 9 41 41 28
8 18 36 31 45 46 45 45 19 39 19 40 38 56 25 62 0 66 27 64 59 30 12 23 68 6 43 58 14 47 15 9 47 7 37 37 72 41 19 16
36 51 47 54 59 6 21 40 38 9 48 10 28 17 16 13 33 0 22 53 5 36 29 32 11 58 17 23 21 36 29 38 24 52 17 32 10 28 34 56
36 41 7 21 20 34 38 7 6 35 14 24 16 22 17 31 23 42 0 28 23 25 16 6 35 33 28 20 40 11 3 11 30 25 11 21 36 11 21 47
53 23 58 72 56 45 16 44 52 37 44 36 7 22 24 27 61 55 42 0 47 40 36 30 32 34 10 22 26 17 50 38 3 44 18 12 27 73 29 37
61 38 24 24 39 13 30 36 26 8 39 8 31 15 22 7 35 5 18 20 0 46 37 14 6 54 16 17 44 22 24 60 49 51 19 12 6 44 57 66
27 48 12 6 6 28 65 22 24 50 10 53 34 38 25 41 20 67 32 46 69 0 29 30 27 15 35 35 30 21 14 32 76 13 17 72 40 6 8 29
29 11 16 36 40 51 14 30 23 47 19 19 23 21 23 37 12 59 11 45 23 34 0 17 33 11 19 39 17 12 18 10 47 6 17 30 53 21 38 13
23 26 9 31 17 20 19 4 15 24 30 23 34 5 15 25 35 23 4 53 21 29 17 0 22 25 28 10 36 8 5 27 50 22 7 13 28 17 14 41
66 44 20 41 27 8 14 16 16 18 26 8 38 15 27 4 67 13 29 21 3 45 19 21 0 55 10 16 41 14 38 34 25 61 16 18 9 27 56 36
14 13 22 38 35 60 34 23 31 55 16 28 24 30 21 46 7 59 26 33 42 27 13 30 44 0 35 50 22 26 21 4 20 3 16 18 38 24 24 16
56 31 20 50 58 22 11 38 28 24 40 13 21 19 43 13 46 13 35 20 28 66 35 20 14 36 0 31 20 15 24 23 18 26 20 2 36 58 47 29
26 40 23 41 30 5 27 16 20 11 44 16 37 1 20 19 40 11 20 55 16 47 18 5 16 43 35 0 25 9 12 47 42 37 10 29 10 16 20 56
28 6 33 44 57 37 9 49 29 57 35 31 12 21 24 41 22 54 19 29 50 59 21 27 27 17 17 22 0 16 30 23 22 17 15 31 22 59 25 15
20 18 16 30 33 12 15 11 31 24 23 16 14 13 22 9 42 19 18 33 24 25 13 8 19 36 19 16 25 0 15 25 24 32 10 16 26 16 36 43
46 29 8 8 22 19 16 8 7 40 10 15 15 13 18 33 37 30 1 44 21 30 8 8 32 15 23 17 24 10 0 22 56 27 16 36 16 24 17 23
7 13 22 32 34 44 31 23 16 42 13 48 15 31 37 46 7 63 12 34 40 20 5 36 41 3 41 51 17 16 19 0 51 1 20 40 56 31 27 29
31 34 57 83 52 64 17 67 56 28 70 44 21 37 57 30 35 62 44 6 48 89 26 60 18 32 14 53 17 23 26 50 0 46 21 21 47 45 38 14
11 28 17 28 42 52 34 35 41 51 15 42 14 35 33 53 5 67 29 43 42 29 7 15 30 2 25 48 30 17 19 3 61 0 18 46 61 36 16 30
27 21 8 30 35 14 20 9 14 18 23 8 31 5 22 22 32 19 7 20 14 27 17 6 23 23 32 8 18 8 8 34 34 18 0 10 26 26 31 53
58 36 25 27 32 32 7 17 38 26 45 7 13 26 42 13 36 22 34 12 26 34 32 18 20 34 2 20 16 10 35 39 17 30 22 0 40 57 51 36
81 54 38 54 44 3 25 30 26 1 54 18 36 16 31 11 50 6 21 62 9 34 49 21 18 35 24 15 62 29 18 27 29 68 12 20 0 41 30 39
45 44 7 6 1 42 26 14 12 42 11 24 67 25 9 25 30 44 23 36 46 11 18 20 22 17 41 24 40 28 9 26 77 28 38 44 53 0 4 54
53 50 8 3 5 37 50 14 9 18 12 36 48 26 11 46 33 31 9 58 34 5 21 13 50 15 46 21 55 21 22 26 53 30 26 60 43 2 0 38
12 3 23 59 35 42 14 48 23 74 35 47 12 44 33 62 16 28 51 22 56 43 21 42 61 15 42 46 11 40 17 13 26 23 19 47 60 51 61 0