7
40
,
0 (3.0, 44.0) 11.0
1 (24.0, 48.0) 17.0
2 (14.0, 13.0) 21.0
3 (5.0, 11.0) 17.0
4 (6.0, 4.0) 36.0
5 (40.0, 1.0) 10.0
6 (39.0, 35.0) 38.0
7 (22.0, 6.0) 13.0
8 (16.0, 6.0) 16.0
9 (41.0, 1.0) 10.0
10 (6.0, 18.0) 12.0
11 (42.0, 18.0) 37.0
12 (36.0, 39.0) 35.0
13 (35.0, 9.0) 24.0
14 (20.0, 4.0) 45.0
15 (46.0, 17.0) 34.0
16 (3.0, 38.0) 31.0
17 (49.0, 5.0) 17.0
18 (21.0, 16.0) 19.0
19 (48.0, 43.0) 26.0
20 (46.0, 9.0) 22.0
21 (0.0, 10.0) 14.0
22 (19.0, 31.0) 10.0
23 (26.0, 13.0) 27.0
24 (46.0, 14.0) 14.0
25 (11.0, 36.0) 27.0
26 (46.0, 29.0) 39.0
27 (34.0, 8.0) 36.0
28 (28.0, 42.0) 20.0
29 (32.0, 23.0) 30.0
30 (19.0, 17.0) 12.0
31 (10.0, 32.0) 34.0
32 (48.0, 47.0) 15.0
33 (9.0, 34.0) 41.0
34 (30.0, 15.0) 47.0
35 (45.0, 28.0) 14.0
36 (42.0, 1.0) 45.0
37 (6.0, 5.0) 14.0
38 (7.0, 8.0) 31.0
39 (21.0, 50.0) 39.0
,
0 4 7 7 8 11 7 8 8 11 5 9 7 9 9 10 1 12 7 9 11 7 4 8 10 2 9 10 5 7 6 3 9 2 8 9 12 8 7 4
4 0 7 8 10 10 4 8 9 10 7 7 3 8 9 8 5 10 6 5 9 9 4 7 8 4 6 8 1 5 6 4 5 4 7 6 10 9 9 1
7 7 0 2 2 6 7 2 1 6 2 6 7 4 2 6 5 7 2 9 6 3 4 2 6 5 7 4 6 4 1 4 10 4 3 7 6 2 2 8
7 8 2 0 1 7 8 4 2 7 1 8 8 6 3 8 5 9 3 11 8 1 5 4 8 5 9 6 8 6 3 4 11 5 5 9 8 1 1 8
8 10 2 1 0 7 9 3 2 7 3 8 9 6 3 8 7 9 4 11 8 2 6 4 8 6 9 6 9 6 4 6 12 6 5 9 7 0 1 10
11 10 6 7 7 0 7 4 5 0 8 3 8 2 4 3 10 2 5 9 2 8 7 4 3 9 6 2 9 5 5 9 9 9 3 5 0 7 7 11
7 4 7 8 9 7 0 7 7 7 7 3 1 5 7 4 7 6 5 2 5 9 4 5 4 6 2 5 3 3 5 6 3 6 4 2 7 9 8 5
8 8 2 4 3 4 7 0 1 4 4 5 7 3 1 5 7 5 2 9 5 4 5 2 5 6 7 2 7 4 2 6 10 6 2 6 4 3 3 9
8 9 1 2 2 5 7 1 0 5 3 6 8 4 1 6 7 7 2 10 6 3 5 2 6 6 8 4 8 5 2 5 10 6 3 7 5 2 2 9
11 10 6 7 7 0 7 4 5 0 8 3 8 2 4 3 11 2 5 9 2 8 7 4 3 9 6 2 9 5 5 9 9 9 4 5 0 7 7 11
5 7 2 1 3 8 7 4 3 8 0 7 7 6 4 8 4 9 3 10 8 2 4 4 8 4 8 6 7 5 3 3 10 3 5 8 8 3 2 7
9 7 6 8 8 3 3 5 6 3 7 0 4 2 5 1 9 3 4 5 2 9 5 3 1 7 2 3 6 2 5 7 6 7 2 2 3 8 7 8
7 3 7 8 9 8 1 7 8 8 7 4 0 6 8 5 7 7 5 3 6 9 4 6 5 5 3 6 2 3 6 5 3 5 5 3 8 9 8 4
9 8 4 6 6 2 5 3 4 2 6 2 6 0 3 3 9 3 3 7 2 7 5 2 2 7 5 0 7 3 4 7 8 7 2 4 2 6 6 9
9 9 2 3 3 4 7 1 1 4 4 5 8 3 0 6 8 6 2 10 5 4 5 2 6 7 7 3 8 4 3 6 10 6 3 7 4 3 3 9
10 8 6 8 8 3 4 5 6 3 8 1 5 3 6 0 10 2 5 5 2 9 6 4 1 8 2 3 6 3 5 8 6 8 3 2 3 8 8 8
1 5 5 5 7 10 7 7 7 11 4 9 7 9 8 10 0 11 6 9 10 6 3 7 10 2 9 9 5 7 5 2 9 1 7 9 11 7 6 4
12 10 7 9 9 2 6 5 7 2 9 3 7 3 6 2 11 0 6 8 1 10 8 5 2 10 5 3 9 5 6 9 8 10 4 5 2 9 8 11
7 6 2 3 4 5 5 2 2 5 3 4 5 3 2 5 6 6 0 8 5 4 3 1 5 4 6 3 5 3 0 4 8 4 2 5 5 4 3 7
9 5 9 11 11 9 2 9 10 9 10 5 3 7 10 5 9 8 8 0 7 12 6 7 6 8 3 8 4 5 8 8 1 8 7 3 8 11 11 6
11 9 6 8 8 2 5 5 6 2 8 2 6 2 5 2 10 1 5 7 0 9 7 4 1 9 4 2 8 4 6 9 8 9 3 4 2 8 8 10
7 9 3 1 2 8 9 4 3 8 2 9 9 7 4 9 6 10 4 12 9 0 6 5 9 6 10 7 9 7 4 5 12 5 6 10 9 2 1 9
4 4 4 5 6 7 4 5 5 7 4 5 4 5 5 6 3 8 3 6 7 6 0 4 6 2 5 5 3 3 3 2 7 2 4 5 8 6 5 4
8 7 2 4 4 4 5 2 2 4 4 3 6 2 2 4 7 5 1 7 4 5 4 0 4 5 5 2 6 2 2 5 8 5 1 5 4 4 4 7
10 8 6 8 8 3 4 5 6 3 8 1 5 2 6 1 10 2 5 6 1 9 6 4 0 8 3 3 7 3 5 8 7 8 3 3 3 8 8 9
2 4 5 5 6 9 6 6 6 9 4 7 5 7 7 8 2 10 4 8 9 6 2 5 8 0 7 7 4 5 4 1 8 1 6 7 9 6 6 3
9 6 7 9 9 6 2 7 8 6 8 2 3 5 7 2 9 5 6 3 4 10 5 5 3 7 0 5 4 3 6 7 4 7 4 0 6 9 9 7
10 8 4 6 6 2 5 2 4 2 6 3 6 0 3 3 9 3 3 8 2 7 5 2 3 7 5 0 7 3 3 7 8 7 2 5 2 6 5 9
5 1 6 8 9 9 3 7 8 9 7 6 2 7 8 6 5 9 5 4 8 9 3 6 7 4 4 7 0 4 5 4 4 4 5 4 9 9 8 2
7 5 4 6 6 5 3 4 5 5 5 2 3 3 4 3 7 5 3 5 4 7 3 2 3 5 3 3 4 0 3 5 6 5 2 3 5 6 6 6
6 6 1 3 4 5 5 2 2 5 3 5 6 4 3 5 5 6 0 8 6 4 3 2 5 4 6 3 5 3 0 3 8 4 2 6 6 4 3 7
3 4 4 4 6 9 6 6 5 9 3 7 5 7 6 8 2 9 4 8 9 5 2 5 8 1 7 7 4 5 3 0 8 0 5 7 9 5 5 4
9 5 10 11 12 9 3 10 10 9 10 6 3 8 10 6 9 8 8 1 8 12 7 8 7 8 4 8 4 6 8 8 0 8 7 4 9 12 11 5
2 4 4 5 6 9 6 6 6 9 3 7 5 7 6 8 1 10 4 8 9 5 2 5 8 1 7 7 4 5 4 0 8 0 6 7 9 6 5 4
8 7 3 5 5 3 4 2 3 4 5 2 5 2 3 3 7 4 2 7 3 6 4 1 3 6 4 2 5 2 2 5 7 6 0 4 4 5 5 7
9 6 7 9 9 5 2 6 7 5 8 2 3 4 7 2 9 5 5 3 4 10 5 5 3 7 0 5 4 3 6 7 4 7 4 0 5 9 9 7
12 10 6 8 7 0 7 4 5 0 8 3 8 2 4 3 11 2 5 8 2 9 8 4 3 9 6 2 9 5 6 9 9 9 4 5 0 7 7 11
8 9 2 1 0 7 9 3 2 7 3 8 9 6 3 8 7 9 4 11 8 2 6 4 8 6 9 6 9 6 4 5 12 6 5 9 7 0 1 9
7 9 2 1 1 7 8 3 2 7 2 7 8 6 3 8 6 8 3 11 8 1 5 4 8 6 9 5 8 6 3 5 11 5 5 9 7 1 0 9
4 1 8 8 10 11 5 9 9 11 7 8 4 9 9 8 4 11 7 6 10 9 4 7 9 3 7 9 2 6 7 4 5 4 7 7 11 9 9 0
,
0 15 44 25 48 58 48 48 58 47 13 34 45 48 46 30 6 83 18 64 46 48 14 37 44 7 41 52 13 27 22 13 62 11 25 53 49 48 48 16
27 0 43 39 45 53 14 51 52 70 49 35 18 58 41 45 13 30 42 16 50 23 12 50 45 26 41 49 11 33 38 14 18 16 24 16 35 33 44 4
23 25 0 7 9 21 33 16 10 36 7 22 44 11 11 30 15 53 9 60 17 20 12 6 28 19 51 27 28 27 5 14 66 27 19 44 23 11 12 45
34 33 12 0 11 35 46 17 12 52 10 24 24 22 19 58 26 64 23 78 29 4 32 29 32 15 49 41 32 21 16 17 63 30 32 47 45 8 3 38
47 35 14 9 0 31 28 22 10 38 13 19 63 42 17 52 40 40 22 41 59 7 31 31 61 48 65 41 63 48 19 18 31 20 36 28 27 1 6 27
33 66 33 45 33 0 21 16 34 1 23 25 46 10 19 9 35 6 22 54 9 50 28 19 12 28 26 9 36 12 29 49 41 53 19 38 1 33 25 38
29 14 33 53 41 35 0 28 24 39 39 23 5 20 45 25 27 45 32 15 23 36 14 24 24 32 6 32 16 9 37 40 13 37 29 8 45 63 29 14
55 30 16 17 13 16 20 0 4 12 24 18 36 9 1 18 43 28 10 64 12 31 36 10 15 35 38 8 27 21 12 17 47 44 13 25 28 18 14 63
53 50 10 7 15 26 46 5 0 33 19 34 35 18 3 39 25 29 12 26 41 18 37 17 32 23 44 17 41 16 7 26 76 15 21 51 36 11 11 33
65 46 26 19 42 1 27 21 25 0 32 13 48 15 28 9 33 10 32 58 7 30 20 27 15 46 42 11 26 34 17 44 31 66 25 21 1 22 41 41
20 21 6 4 16 34 41 16 15 55 0 26 55 17 28 43 17 50 10 72 59 13 25 11 42 24 57 31 20 27 16 9 71 24 32 30 50 19 14 39
61 46 18 35 33 16 15 13 31 25 50 0 29 16 38 4 63 19 14 16 8 45 36 12 5 48 15 7 40 8 17 47 21 25 16 6 25 52 51 28
42 19 26 45 58 30 5 42 56 30 19 26 0 18 38 26 26 41 25 7 38 48 16 31 31 34 18 31 10 14 28 33 18 18 25 18 51 60 50 27
27 22 22 40 22 12 29 7 12 12 42 14 38 0 21 9 39 13 11 37 7 37 19 14 10 28 22 1 36 21 19 31 42 43 5 19 5 42 17 36
54 23 10 14 15 23 22 2 2 19 11 22 22 8 0 36 42 30 17 72 18 24 23 10 38 19 49 17 52 26 12 32 61 22 19 24 30 15 8 69
31 35 28 57 53 13 28 36 17 13 45 5 34 17 33 0 68 7 15 31 7 67 16 26 4 28 12 12 17 9 19 39 34 40 20 6 13 30 57 25
5 30 31 24 27 58 22 24 43 69 24 23 43 56 29 34 0 34 21 31 28 16 16 46 72 8 26 23 19 18 34 9 66 11 25 53 44 21 18 23
39 50 24 31 51 14 45 21 47 10 23 16 20 17 20 14 72 0 25 34 3 40 31 36 7 71 16 11 23 21 23 58 63 47 31 33 9 23 54 77
23 17 4 15 24 20 32 14 13 35 19 18 33 12 15 24 15 21 0 19 23 26 13 3 13 24 32 17 32 19 2 18 38 15 9 39 24 24 18 44
51 22 35 53 50 36 16 28 65 39 66 28 17 50 52 28 44 57 38 0 48 43 24 46 24 31 11 42 26 33 45 44 3 23 39 18 44 76 80 40
50 23 45 50 47 5 37 33 24 9 32 10 33 6 22 10 41 5 25 51 0 36 33 12 3 59 14 14 35 20 30 42 48 29 20 11 12 25 28 54
19 58 8 7 11 59 30 22 10 30 6 46 68 36 20 45 23 70 31 37 66 0 38 29 52 34 25 37 30 26 22 34 67 16 26 41 55 12 10 25
11 20 26 31 38 52 27 25 28 44 27 30 23 26 32 44 16 57 15 24 49 29 0 17 46 10 17 40 19 21 8 10 43 13 12 34 46 37 36 17
35 46 12 31 15 22 34 6 15 21 12 11 36 5 15 15 26 36 9 37 28 23 16 0 22 24 14 9 19 10 8 35 31 19 3 24 12 17 22 44
66 26 32 31 47 20 30 28 16 10 24 6 36 13 17 3 73 13 33 23 7 29 37 19 0 33 17 12 34 18 38 26 19 22 14 10 8 59 24 26
8 16 20 22 30 41 24 33 43 55 27 26 20 33 18 50 9 32 30 34 45 23 10 14 23 0 40 29 10 33 24 4 32 4 14 32 60 32 18 15
44 41 34 36 42 30 12 46 36 21 60 8 16 17 23 13 48 34 26 20 29 30 34 27 12 41 0 35 15 15 32 48 21 55 19 1 21 59 47 28
27 41 21 35 20 9 19 6 10 12 33 17 16 1 17 8 48 8 21 55 12 38 35 5 11 37 25 0 30 16 24 51 48 25 6 17 7 32 36 25
23 5 35 43 37 47 17 32 22 22 44 25 9 36 41 33 35 52 19 20 20 55 16 37 37 14 26 22 0 27 34 16 30 30 38 26 30 24 25 13
20 14 22 15 42 34 11 20 20 26 35 15 17 19 14 18 21 21 16 29 15 29 19 15 17 17 14 12 28 0 20 31 33 16 11 13 33 16 16 25
41 18 4 9 26 33 32 11 15 39 8 32 16 15 11 24 38 36 2 47 21 16 16 8 39 15 37 10 20 9 0 14 25 13 15 37 16 14 12 28
9 21 18 29 22 52 32 42 37 65 17 25 34 39 43 36 12 57 25 46 47 24 10 18 48 4 38 33 30 14 21 0 35 3 37 36 44 21 26 28
30 18 46 57 65 60 21 32 54 64 74 24 17 52 33 19 29 57 44 4 36 40 22 56 41 58 11 34 27 36 47 51 0 43 33 27 39 38 40 18
13 20 21 17 22 38 39 20 21 49 14 33 28 34 22 36 8 36 22 57 49 29 15 31 43 4 37 18 23 21 19 2 23 0 15 20 24 36 36 21
32 39 16 26 20 14 29 15 13 24 25 18 13 9 8 18 52 17 6 37 21 20 28 4 17 34 11 9 36 11 6 29 38 31 0 25 25 14 17 19
41 28 20 51 58 32 12 48 35 26 37 13 11 25 23 10 54 34 28 11 11 68 27 23 9 40 1 12 27 16 30 38 28 21 18 0 25 51 32 21
79 53 18 25 42 2 50 27 16 1 34 16 53 9 24 25 42 7 37 28 9 23 42 14 7 30 31 9 56 31 30 34 64 52 22 36 0 45 35 62
40 66 16 6 1 22 23 21 12 40 17 22 38 29 14 49 26 46 19 33 41 9 17 18 58 26 63 37 46 27 17 36 46 26 38 28 49 0 4 50
39 38 12 4 4 25 21 8 5 19 8 48 25 39 10 53 25 53 23 72 46 4 19 21 38 22 35 17 45 37 17 27 84 32 23 41 35 2 0 40
15 5 45 50 25 49 12 45 46 56 38 39 12 64 69 36 17 43 37 33 28 35 19 38 59 24 16 53 12 22 44 24 20 26 20 24 28 66 44 0