7
40
,
0 (3.0, 44.0) 16.0
1 (24.0, 48.0) 24.0
2 (14.0, 13.0) 20.0
3 (5.0, 11.0) 11.0
4 (6.0, 4.0) 23.0
5 (40.0, 1.0) 20.0
6 (39.0, 35.0) 14.0
7 (22.0, 6.0) 28.0
8 (16.0, 6.0) 42.0
9 (41.0, 1.0) 16.0
10 (6.0, 18.0) 49.0
11 (42.0, 18.0) 17.0
12 (36.0, 39.0) 16.0
13 (35.0, 9.0) 38.0
14 (20.0, 4.0) 49.0
15 (46.0, 17.0) 31.0
16 (3.0, 38.0) 29.0
17 (49.0, 5.0) 16.0
18 (21.0, 16.0) 33.0
19 (48.0, 43.0) 11.0
20 (46.0, 9.0) 23.0
21 (0.0, 10.0) 44.0
22 (19.0, 31.0) 11.0
23 (26.0, 13.0) 13.0
24 (46.0, 14.0) 43.0
25 (11.0, 36.0) 21.0
26 (46.0, 29.0) 16.0
27 (34.0, 8.0) 43.0
28 (28.0, 42.0) 31.0
29 (32.0, 23.0) 21.0
30 (19.0, 17.0) 37.0
31 (10.0, 32.0) 11.0
32 (48.0, 47.0) 29.0
33 (9.0, 34.0) 22.0
34 (30.0, 15.0) 35.0
35 (45.0, 28.0) 12.0
36 (42.0, 1.0) 37.0
37 (6.0, 5.0) 30.0
38 (7.0, 8.0) 28.0
39 (21.0, 50.0) 49.0
,
0 4 7 7 8 11 7 8 8 11 5 9 7 9 9 10 1 12 7 9 11 7 4 8 10 2 9 10 5 7 6 3 9 2 8 9 12 8 7 4
4 0 7 8 10 10 4 8 9 10 7 7 3 8 9 8 5 10 6 5 9 9 4 7 8 4 6 8 1 5 6 4 5 4 7 6 10 9 9 1
7 7 0 2 2 6 7 2 1 6 2 6 7 4 2 6 5 7 2 9 6 3 4 2 6 5 7 4 6 4 1 4 10 4 3 7 6 2 2 8
7 8 2 0 1 7 8 4 2 7 1 8 8 6 3 8 5 9 3 11 8 1 5 4 8 5 9 6 8 6 3 4 11 5 5 9 8 1 1 8
8 10 2 1 0 7 9 3 2 7 3 8 9 6 3 8 7 9 4 11 8 2 6 4 8 6 9 6 9 6 4 6 12 6 5 9 7 0 1 10
11 10 6 7 7 0 7 4 5 0 8 3 8 2 4 3 10 2 5 9 2 8 7 4 3 9 6 2 9 5 5 9 9 9 3 5 0 7 7 11
7 4 7 8 9 7 0 7 7 7 7 3 1 5 7 4 7 6 5 2 5 9 4 5 4 6 2 5 3 3 5 6 3 6 4 2 7 9 8 5
8 8 2 4 3 4 7 0 1 4 4 5 7 3 1 5 7 5 2 9 5 4 5 2 5 6 7 2 7 4 2 6 10 6 2 6 4 3 3 9
8 9 1 2 2 5 7 1 0 5 3 6 8 4 1 6 7 7 2 10 6 3 5 2 6 6 8 4 8 5 2 5 10 6 3 7 5 2 2 9
11 10 6 7 7 0 7 4 5 0 8 3 8 2 4 3 11 2 5 9 2 8 7 4 3 9 6 2 9 5 5 9 9 9 4 5 0 7 7 11
5 7 2 1 3 8 7 4 3 8 0 7 7 6 4 8 4 9 3 10 8 2 4 4 8 4 8 6 7 5 3 3 10 3 5 8 8 3 2 7
9 7 6 8 8 3 3 5 6 3 7 0 4 2 5 1 9 3 4 5 2 9 5 3 1 7 2 3 6 2 5 7 6 7 2 2 3 8 7 8
7 3 7 8 9 8 1 7 8 8 7 4 0 6 8 5 7 7 5 3 6 9 4 6 5 5 3 6 2 3 6 5 3 5 5 3 8 9 8 4
9 8 4 6 6 2 5 3 4 2 6 2 6 0 3 3 9 3 3 7 2 7 5 2 2 7 5 0 7 3 4 7 8 7 2 4 2 6 6 9
9 9 2 3 3 4 7 1 1 4 4 5 8 3 0 6 8 6 2 10 5 4 5 2 6 7 7 3 8 4 3 6 10 6 3 7 4 3 3 9
10 8 6 8 8 3 4 5 6 3 8 1 5 3 6 0 10 2 5 5 2 9 6 4 1 8 2 3 6 3 5 8 6 8 3 2 3 8 8 8
1 5 5 5 7 10 7 7 7 11 4 9 7 9 8 10 0 11 6 9 10 6 3 7 10 2 9 9 5 7 5 2 9 1 7 9 11 7 6 4
12 10 7 9 9 2 6 5 7 2 9 3 7 3 6 2 11 0 6 8 1 10 8 5 2 10 5 3 9 5 6 9 8 10 4 5 2 9 8 11
7 6 2 3 4 5 5 2 2 5 3 4 5 3 2 5 6 6 0 8 5 4 3 1 5 4 6 3 5 3 0 4 8 4 2 5 5 4 3 7
9 5 9 11 11 9 2 9 10 9 10 5 3 7 10 5 9 8 8 0 7 12 6 7 6 8 3 8 4 5 8 8 1 8 7 3 8 11 11 6
11 9 6 8 8 2 5 5 6 2 8 2 6 2 5 2 10 1 5 7 0 9 7 4 1 9 4 2 8 4 6 9 8 9 3 4 2 8 8 10
7 9 3 1 2 8 9 4 3 8 2 9 9 7 4 9 6 10 4 12 9 0 6 5 9 6 10 7 9 7 4 5 12 5 6 10 9 2 1 9
4 4 4 5 6 7 4 5 5 7 4 5 4 5 5 6 3 8 3 6 7 6 0 4 6 2 5 5 3 3 3 2 7 2 4 5 8 6 5 4
8 7 2 4 4 4 5 2 2 4 4 3 6 2 2 4 7 5 1 7 4 5 4 0 4 5 5 2 6 2 2 5 8 5 1 5 4 4 4 7
10 8 6 8 8 3 4 5 6 3 8 1 5 2 6 1 10 2 5 6 1 9 6 4 0 8 3 3 7 3 5 8 7 8 3 3 3 8 8 9
2 4 5 5 6 9 6 6 6 9 4 7 5 7 7 8 2 10 4 8 9 6 2 5 8 0 7 7 4 5 4 1 8 1 6 7 9 6 6 3
9 6 7 9 9 6 2 7 8 6 8 2 3 5 7 2 9 5 6 3 4 10 5 5 3 7 0 5 4 3 6 7 4 7 4 0 6 9 9 7
10 8 4 6 6 2 5 2 4 2 6 3 6 0 3 3 9 3 3 8 2 7 5 2 3 7 5 0 7 3 3 7 8 7 2 5 2 6 5 9
5 1 6 8 9 9 3 7 8 9 7 6 2 7 8 6 5 9 5 4 8 9 3 6 7 4 4 7 0 4 5 4 4 4 5 4 9 9 8 2
7 5 4 6 6 5 3 4 5 5 5 2 3 3 4 3 7 5 3 5 4 7 3 2 3 5 3 3 4 0 3 5 6 5 2 3 5 6 6 6
6 6 1 3 4 5 5 2 2 5 3 5 6 4 3 5 5 6 0 8 6 4 3 2 5 4 6 3 5 3 0 3 8 4 2 6 6 4 3 7
3 4 4 4 6 9 6 6 5 9 3 7 5 7 6 8 2 9 4 8 9 5 2 5 8 1 7 7 4 5 3 0 8 0 5 7 9 5 5 4
9 5 10 11 12 9 3 10 10 9 10 6 3 8 10 6 9 8 8 1 8 12 7 8 7 8 4 8 4 6 8 8 0 8 7 4 9 12 11 5
2 4 4 5 6 9 6 6 6 9 3 7 5 7 6 8 1 10 4 8 9 5 2 5 8 1 7 7 4 5 4 0 8 0 6 7 9 6 5 4
8 7 3 5 5 3 4 2 3 4 5 2 5 2 3 3 7 4 2 7 3 6 4 1 3 6 4 2 5 2 2 5 7 6 0 4 4 5 5 7
9 6 7 9 9 5 2 6 7 5 8 2 3 4 7 2 9 5 5 3 4 10 5 5 3 7 0 5 4 3 6 7 4 7 4 0 5 9 9 7
12 10 6 8 7 0 7 4 5 0 8 3 8 2 4 3 11 2 5 8 2 9 8 4 3 9 6 2 9 5 6 9 9 9 4 5 0 7 7 11
8 9 2 1 0 7 9 3 2 7 3 8 9 6 3 8 7 9 4 11 8 2 6 4 8 6 9 6 9 6 4 5 12 6 5 9 7 0 1 9
7 9 2 1 1 7 8 3 2 7 2 7 8 6 3 8 6 8 3 11 8 1 5 4 8 6 9 5 8 6 3 5 11 5 5 9 7 1 0 9
4 1 8 8 10 11 5 9 9 11 7 8 4 9 9 8 4 11 7 6 10 9 4 7 9 3 7 9 2 6 7 4 5 4 7 7 11 9 9 0
,
0 24 40 27 46 38 21 23 46 54 18 41 18 44 58 53 5 33 20 57 71 25 25 57 34 15 66 64 15 49 18 11 58 13 51 59 84 31 35 27
29 0 41 45 40 48 27 37 41 52 43 38 22 60 34 47 18 38 19 26 24 55 20 49 37 24 23 44 8 14 17 24 35 25 24 22 68 46 25 5
48 19 0 5 18 37 34 6 11 27 8 18 50 31 14 34 36 48 8 44 44 12 24 12 46 28 22 20 30 24 4 12 45 15 9 39 25 14 9 55
34 32 11 0 7 43 55 22 12 43 10 41 50 42 25 26 30 61 15 68 59 7 18 22 49 16 60 16 30 21 13 31 29 34 22 60 56 4 4 44
51 59 17 4 0 38 28 22 7 51 19 46 58 38 11 23 50 49 23 61 44 6 18 13 27 23 50 41 56 19 22 37 90 24 16 47 20 1 4 39
80 28 38 27 49 0 36 28 17 1 50 23 57 7 29 24 50 9 20 63 15 41 25 26 10 49 17 13 55 32 22 35 51 25 24 23 2 35 23 71
43 17 35 62 51 26 0 49 25 50 22 23 4 27 35 17 35 28 27 18 28 27 27 27 29 25 6 35 11 9 36 16 12 16 16 10 41 34 41 26
54 43 13 10 13 21 27 0 4 18 17 14 41 8 3 17 35 35 14 59 25 33 37 9 23 25 48 11 21 16 12 28 48 40 14 40 18 20 22 32
44 51 9 7 9 30 46 6 0 37 20 33 36 16 6 36 19 24 7 54 20 23 35 8 29 26 20 24 39 28 12 27 65 21 19 36 16 15 10 45
66 64 35 45 40 1 30 16 24 0 27 24 32 6 17 15 65 11 14 33 6 52 43 13 16 51 27 8 29 20 22 25 43 57 26 39 1 36 22 61
27 24 11 10 19 34 22 18 21 47 0 22 51 40 23 31 24 66 12 38 58 15 17 13 60 18 50 34 46 28 7 16 35 14 34 33 20 7 12 22
64 44 21 24 22 10 10 13 31 13 33 0 20 7 30 2 22 8 25 27 10 56 16 24 7 22 7 14 33 14 25 41 20 25 16 16 16 23 22 43
28 20 46 54 53 43 5 47 33 33 35 21 0 23 39 22 38 34 37 17 30 33 11 15 28 22 7 23 13 16 38 27 22 27 35 16 21 52 30 20
32 44 23 18 30 8 29 7 14 6 28 16 21 0 16 9 49 8 9 26 7 29 29 11 18 27 12 1 32 19 12 25 42 45 10 31 12 44 19 58
45 40 15 12 12 16 41 2 3 28 20 24 33 9 0 40 44 22 7 25 21 18 27 15 16 22 38 14 35 24 20 24 38 47 8 29 27 11 17 55
68 49 47 28 62 14 29 33 37 23 44 4 25 17 31 0 60 8 28 34 9 53 44 16 3 34 11 17 42 21 18 55 23 46 24 9 16 48 38 42
8 28 23 33 30 74 38 41 29 40 14 65 42 55 45 39 0 56 32 65 35 33 26 27 46 6 30 46 30 29 15 9 53 4 22 62 38 19 37 12
54 65 44 50 42 14 18 40 42 8 59 18 47 13 21 6 35 0 20 39 6 67 41 27 6 26 21 23 57 28 47 38 59 41 22 34 10 49 26 38
23 18 8 11 27 26 23 15 6 29 17 24 32 10 13 14 26 44 0 27 15 24 12 7 35 21 26 9 33 17 3 28 47 23 7 38 24 24 17 24
45 23 45 41 66 45 14 37 67 48 53 29 14 39 66 23 36 33 36 0 44 64 22 51 30 44 12 40 13 27 30 31 6 29 41 8 45 68 53 22
67 66 39 39 42 9 26 28 32 13 51 7 22 16 30 6 67 3 28 39 0 27 42 16 3 49 16 12 50 25 15 47 32 29 25 18 9 40 50 29
37 26 21 6 9 56 44 24 13 37 8 33 28 34 21 66 23 31 17 67 31 0 37 18 53 19 52 30 32 43 15 35 54 22 15 35 28 8 9 52
17 24 19 34 21 26 19 25 14 34 26 21 21 36 22 26 18 41 14 19 31 23 0 26 19 7 27 35 10 18 20 12 39 7 18 16 32 41 25 15
25 24 10 17 21 20 28 6 18 17 10 10 21 10 11 21 38 15 5 25 18 18 14 0 17 34 25 13 34 11 7 20 52 22 5 35 24 11 13 28
31 36 40 43 43 21 23 21 32 14 39 5 39 7 21 3 38 8 25 44 6 62 20 17 0 21 11 11 29 10 31 30 18 58 13 18 17 59 24 37
7 17 30 14 19 25 20 40 17 54 11 34 30 48 45 36 5 48 31 47 30 20 12 18 23 0 45 40 26 24 20 4 33 3 40 51 67 21 36 10
28 38 45 23 49 37 11 38 55 19 46 15 9 14 46 18 64 20 37 17 16 60 20 25 20 31 0 21 12 13 19 27 19 19 30 2 25 66 40 25
35 61 11 23 32 11 38 12 24 13 22 18 26 2 21 11 47 9 13 48 15 47 17 5 18 42 13 0 33 9 19 41 30 53 9 18 10 29 25 37
28 8 43 40 65 42 9 48 56 54 44 27 9 40 39 16 32 38 22 23 53 30 20 17 42 26 18 24 0 22 24 21 11 26 33 24 59 63 45 8
40 38 23 26 45 29 10 29 25 17 35 6 13 19 19 23 43 24 14 37 17 30 19 16 15 32 17 18 18 0 21 24 29 14 8 14 14 24 31 15
42 43 6 14 27 23 20 8 14 29 10 13 15 26 12 32 25 37 2 57 25 18 9 9 36 13 17 15 34 15 0 9 62 22 13 20 16 25 20 23
14 13 24 20 41 38 33 37 18 33 11 30 19 18 18 34 12 55 10 27 47 35 12 31 36 5 45 30 28 31 23 0 22 2 17 44 30 17 28 13
25 19 56 80 81 52 8 50 32 63 58 29 19 57 61 31 48 60 50 5 34 31 32 24 50 27 17 50 22 43 50 51 0 48 28 29 59 73 54 35
12 22 29 18 38 30 25 27 30 50 9 31 24 19 39 21 6 37 16 41 51 29 15 19 39 3 24 28 16 23 13 1 61 0 41 40 44 23 15 14
37 23 21 31 19 18 15 16 22 21 23 17 17 5 12 16 41 28 6 35 10 22 21 7 15 15 21 10 27 6 7 22 22 25 0 13 15 27 13 44
49 34 28 37 41 27 8 40 48 22 24 15 14 21 21 13 29 33 30 15 27 25 17 24 20 32 2 16 13 15 35 35 22 21 22 0 18 48 51 32
49 65 17 43 25 2 50 11 21 1 30 24 29 7 33 12 70 7 26 57 9 37 26 23 14 66 40 11 34 18 40 44 40 41 15 39 0 29 20 74
36 65 6 4 1 51 33 15 12 30 8 34 46 39 19 29 49 32 25 32 45 4 15 29 41 28 38 33 22 35 14 40 41 33 27 67 37 0 2 36
35 22 9 4 3 35 33 12 7 33 12 19 47 28 8 29 29 50 15 29 35 7 14 16 32 15 56 17 34 27 8 27 49 16 32 30 47 3 0 59
16 5 48 56 29 68 29 57 58 39 23 51 21 22 58 55 30 27 50 15 40 35 22 55 33 14 32 33 13 16 18 31 20 19 49 34 74 40 36 0