7
40
,
0 (3.0, 44.0) 30.0
1 (24.0, 48.0) 14.0
2 (14.0, 13.0) 38.0
3 (5.0, 11.0) 13.0
4 (6.0, 4.0) 28.0
5 (40.0, 1.0) 18.0
6 (39.0, 35.0) 17.0
7 (22.0, 6.0) 34.0
8 (16.0, 6.0) 18.0
9 (41.0, 1.0) 27.0
10 (6.0, 18.0) 35.0
11 (42.0, 18.0) 49.0
12 (36.0, 39.0) 22.0
13 (35.0, 9.0) 36.0
14 (20.0, 4.0) 35.0
15 (46.0, 17.0) 16.0
16 (3.0, 38.0) 14.0
17 (49.0, 5.0) 29.0
18 (21.0, 16.0) 11.0
19 (48.0, 43.0) 16.0
20 (46.0, 9.0) 31.0
21 (0.0, 10.0) 15.0
22 (19.0, 31.0) 23.0
23 (26.0, 13.0) 13.0
24 (46.0, 14.0) 27.0
25 (11.0, 36.0) 24.0
26 (46.0, 29.0) 22.0
27 (34.0, 8.0) 40.0
28 (28.0, 42.0) 11.0
29 (32.0, 23.0) 43.0
30 (19.0, 17.0) 34.0
31 (10.0, 32.0) 18.0
32 (48.0, 47.0) 44.0
33 (9.0, 34.0) 22.0
34 (30.0, 15.0) 26.0
35 (45.0, 28.0) 12.0
36 (42.0, 1.0) 17.0
37 (6.0, 5.0) 26.0
38 (7.0, 8.0) 11.0
39 (21.0, 50.0) 15.0
,
0 4 7 7 8 11 7 8 8 11 5 9 7 9 9 10 1 12 7 9 11 7 4 8 10 2 9 10 5 7 6 3 9 2 8 9 12 8 7 4
4 0 7 8 10 10 4 8 9 10 7 7 3 8 9 8 5 10 6 5 9 9 4 7 8 4 6 8 1 5 6 4 5 4 7 6 10 9 9 1
7 7 0 2 2 6 7 2 1 6 2 6 7 4 2 6 5 7 2 9 6 3 4 2 6 5 7 4 6 4 1 4 10 4 3 7 6 2 2 8
7 8 2 0 1 7 8 4 2 7 1 8 8 6 3 8 5 9 3 11 8 1 5 4 8 5 9 6 8 6 3 4 11 5 5 9 8 1 1 8
8 10 2 1 0 7 9 3 2 7 3 8 9 6 3 8 7 9 4 11 8 2 6 4 8 6 9 6 9 6 4 6 12 6 5 9 7 0 1 10
11 10 6 7 7 0 7 4 5 0 8 3 8 2 4 3 10 2 5 9 2 8 7 4 3 9 6 2 9 5 5 9 9 9 3 5 0 7 7 11
7 4 7 8 9 7 0 7 7 7 7 3 1 5 7 4 7 6 5 2 5 9 4 5 4 6 2 5 3 3 5 6 3 6 4 2 7 9 8 5
8 8 2 4 3 4 7 0 1 4 4 5 7 3 1 5 7 5 2 9 5 4 5 2 5 6 7 2 7 4 2 6 10 6 2 6 4 3 3 9
8 9 1 2 2 5 7 1 0 5 3 6 8 4 1 6 7 7 2 10 6 3 5 2 6 6 8 4 8 5 2 5 10 6 3 7 5 2 2 9
11 10 6 7 7 0 7 4 5 0 8 3 8 2 4 3 11 2 5 9 2 8 7 4 3 9 6 2 9 5 5 9 9 9 4 5 0 7 7 11
5 7 2 1 3 8 7 4 3 8 0 7 7 6 4 8 4 9 3 10 8 2 4 4 8 4 8 6 7 5 3 3 10 3 5 8 8 3 2 7
9 7 6 8 8 3 3 5 6 3 7 0 4 2 5 1 9 3 4 5 2 9 5 3 1 7 2 3 6 2 5 7 6 7 2 2 3 8 7 8
7 3 7 8 9 8 1 7 8 8 7 4 0 6 8 5 7 7 5 3 6 9 4 6 5 5 3 6 2 3 6 5 3 5 5 3 8 9 8 4
9 8 4 6 6 2 5 3 4 2 6 2 6 0 3 3 9 3 3 7 2 7 5 2 2 7 5 0 7 3 4 7 8 7 2 4 2 6 6 9
9 9 2 3 3 4 7 1 1 4 4 5 8 3 0 6 8 6 2 10 5 4 5 2 6 7 7 3 8 4 3 6 10 6 3 7 4 3 3 9
10 8 6 8 8 3 4 5 6 3 8 1 5 3 6 0 10 2 5 5 2 9 6 4 1 8 2 3 6 3 5 8 6 8 3 2 3 8 8 8
1 5 5 5 7 10 7 7 7 11 4 9 7 9 8 10 0 11 6 9 10 6 3 7 10 2 9 9 5 7 5 2 9 1 7 9 11 7 6 4
12 10 7 9 9 2 6 5 7 2 9 3 7 3 6 2 11 0 6 8 1 10 8 5 2 10 5 3 9 5 6 9 8 10 4 5 2 9 8 11
7 6 2 3 4 5 5 2 2 5 3 4 5 3 2 5 6 6 0 8 5 4 3 1 5 4 6 3 5 3 0 4 8 4 2 5 5 4 3 7
9 5 9 11 11 9 2 9 10 9 10 5 3 7 10 5 9 8 8 0 7 12 6 7 6 8 3 8 4 5 8 8 1 8 7 3 8 11 11 6
11 9 6 8 8 2 5 5 6 2 8 2 6 2 5 2 10 1 5 7 0 9 7 4 1 9 4 2 8 4 6 9 8 9 3 4 2 8 8 10
7 9 3 1 2 8 9 4 3 8 2 9 9 7 4 9 6 10 4 12 9 0 6 5 9 6 10 7 9 7 4 5 12 5 6 10 9 2 1 9
4 4 4 5 6 7 4 5 5 7 4 5 4 5 5 6 3 8 3 6 7 6 0 4 6 2 5 5 3 3 3 2 7 2 4 5 8 6 5 4
8 7 2 4 4 4 5 2 2 4 4 3 6 2 2 4 7 5 1 7 4 5 4 0 4 5 5 2 6 2 2 5 8 5 1 5 4 4 4 7
10 8 6 8 8 3 4 5 6 3 8 1 5 2 6 1 10 2 5 6 1 9 6 4 0 8 3 3 7 3 5 8 7 8 3 3 3 8 8 9
2 4 5 5 6 9 6 6 6 9 4 7 5 7 7 8 2 10 4 8 9 6 2 5 8 0 7 7 4 5 4 1 8 1 6 7 9 6 6 3
9 6 7 9 9 6 2 7 8 6 8 2 3 5 7 2 9 5 6 3 4 10 5 5 3 7 0 5 4 3 6 7 4 7 4 0 6 9 9 7
10 8 4 6 6 2 5 2 4 2 6 3 6 0 3 3 9 3 3 8 2 7 5 2 3 7 5 0 7 3 3 7 8 7 2 5 2 6 5 9
5 1 6 8 9 9 3 7 8 9 7 6 2 7 8 6 5 9 5 4 8 9 3 6 7 4 4 7 0 4 5 4 4 4 5 4 9 9 8 2
7 5 4 6 6 5 3 4 5 5 5 2 3 3 4 3 7 5 3 5 4 7 3 2 3 5 3 3 4 0 3 5 6 5 2 3 5 6 6 6
6 6 1 3 4 5 5 2 2 5 3 5 6 4 3 5 5 6 0 8 6 4 3 2 5 4 6 3 5 3 0 3 8 4 2 6 6 4 3 7
3 4 4 4 6 9 6 6 5 9 3 7 5 7 6 8 2 9 4 8 9 5 2 5 8 1 7 7 4 5 3 0 8 0 5 7 9 5 5 4
9 5 10 11 12 9 3 10 10 9 10 6 3 8 10 6 9 8 8 1 8 12 7 8 7 8 4 8 4 6 8 8 0 8 7 4 9 12 11 5
2 4 4 5 6 9 6 6 6 9 3 7 5 7 6 8 1 10 4 8 9 5 2 5 8 1 7 7 4 5 4 0 8 0 6 7 9 6 5 4
8 7 3 5 5 3 4 2 3 4 5 2 5 2 3 3 7 4 2 7 3 6 4 1 3 6 4 2 5 2 2 5 7 6 0 4 4 5 5 7
9 6 7 9 9 5 2 6 7 5 8 2 3 4 7 2 9 5 5 3 4 10 5 5 3 7 0 5 4 3 6 7 4 7 4 0 5 9 9 7
12 10 6 8 7 0 7 4 5 0 8 3 8 2 4 3 11 2 5 8 2 9 8 4 3 9 6 2 9 5 6 9 9 9 4 5 0 7 7 11
8 9 2 1 0 7 9 3 2 7 3 8 9 6 3 8 7 9 4 11 8 2 6 4 8 6 9 6 9 6 4 5 12 6 5 9 7 0 1 9
7 9 2 1 1 7 8 3 2 7 2 7 8 6 3 8 6 8 3 11 8 1 5 4 8 6 9 5 8 6 3 5 11 5 5 9 7 1 0 9
4 1 8 8 10 11 5 9 9 11 7 8 4 9 9 8 4 11 7 6 10 9 4 7 9 3 7 9 2 6 7 4 5 4 7 7 11 9 9 0
,
0 19 28 28 39 83 35 32 60 41 37 27 32 38 57 26 6 40 22 60 81 50 11 42 59 10 36 66 19 34 25 17 67 10 53 65 76 21 25 14
29 0 28 38 48 42 20 61 41 32 33 34 10 24 37 32 18 38 33 33 43 35 12 23 28 11 38 33 5 27 41 19 26 12 20 35 44 54 54 2
35 39 0 11 16 16 35 12 5 29 6 39 51 24 11 19 25 41 7 58 17 21 9 15 26 23 46 17 35 21 4 24 63 18 21 28 31 17 10 49
49 35 6 0 7 19 39 24 11 26 9 38 56 27 11 55 32 29 18 55 33 6 19 25 43 31 54 25 47 25 9 16 73 20 35 58 36 6 5 39
48 42 18 7 0 31 27 9 9 40 15 36 43 43 21 59 20 31 21 60 54 13 20 24 51 19 66 30 24 41 13 41 63 33 23 66 43 1 5 60
68 34 35 37 26 0 42 15 25 1 30 11 28 12 30 19 75 5 16 37 5 23 39 17 17 27 19 10 30 23 30 23 46 46 25 32 3 31 19 49
52 20 24 39 67 42 0 30 47 24 23 20 7 17 38 28 40 21 35 17 14 66 22 26 23 35 10 39 8 19 35 37 12 18 23 6 36 46 22 20
53 44 6 23 21 17 17 0 6 12 26 26 23 8 3 18 20 40 11 51 24 23 16 7 17 35 43 8 45 20 17 22 68 38 9 18 25 13 19 44
47 51 8 16 13 24 44 7 0 15 8 39 48 16 7 36 32 47 6 50 16 16 19 8 29 31 40 18 47 30 13 36 30 26 21 21 35 14 5 45
61 43 30 49 33 1 45 11 34 0 35 12 36 10 30 19 28 11 18 63 6 56 48 16 8 53 42 10 50 30 27 28 37 61 26 24 1 34 21 36
27 25 9 8 12 33 19 14 23 38 0 20 20 37 18 39 30 30 18 37 21 8 11 10 53 26 26 18 38 25 16 11 76 13 28 28 30 13 14 21
58 35 27 41 23 19 17 13 16 16 36 0 14 9 30 6 41 11 13 21 9 39 20 20 3 31 10 11 30 6 15 39 32 50 13 9 19 45 18 40
34 14 47 32 25 46 5 36 36 50 25 32 0 39 36 14 42 40 31 13 26 58 18 24 27 22 17 44 6 22 41 15 17 19 22 12 24 64 42 25
65 54 27 35 18 6 39 18 26 10 23 11 37 0 20 16 22 12 18 54 15 48 33 14 18 39 17 1 40 20 25 35 29 37 7 27 8 30 20 44
49 61 10 18 19 12 32 4 3 31 16 35 56 19 0 23 48 25 15 34 29 28 30 8 35 50 26 13 36 28 10 41 54 40 21 20 21 11 19 24
39 28 29 25 55 18 17 32 42 16 27 5 29 16 18 0 38 18 28 35 5 57 43 13 4 27 17 18 21 11 20 30 25 31 19 15 15 47 29 40
7 29 16 16 22 61 49 29 27 76 15 54 23 33 55 53 0 68 39 26 60 39 25 32 49 7 29 30 34 30 31 14 64 6 35 25 59 38 15 23
46 64 40 39 63 15 25 30 44 12 55 16 25 14 43 9 62 0 24 54 4 63 41 30 8 31 16 9 45 31 16 39 32 38 30 23 5 23 34 49
45 25 8 13 12 14 26 6 6 31 12 15 33 20 12 35 26 27 0 42 28 17 19 6 27 14 25 16 34 10 1 22 35 26 10 35 27 20 9 23
50 14 68 39 49 48 14 30 60 38 56 21 16 35 56 23 39 43 42 0 45 82 20 29 41 35 17 36 16 38 47 32 3 60 28 17 43 46 62 29
34 38 33 24 53 15 27 18 42 13 31 13 37 7 26 11 48 3 19 18 0 26 36 26 5 36 28 11 53 13 37 32 51 35 22 25 7 58 29 61
43 44 14 4 8 27 59 14 19 48 10 53 29 47 11 31 24 65 30 78 65 0 28 14 43 29 64 33 22 38 28 15 73 35 16 43 25 11 5 59
30 10 10 34 27 39 18 37 18 30 12 15 15 25 26 33 26 44 18 35 36 29 0 22 26 6 22 35 10 12 18 8 24 8 27 39 42 23 18 16
37 20 16 26 12 21 32 8 7 21 13 25 26 8 8 10 46 20 5 31 25 26 12 0 19 24 34 6 16 16 7 24 60 14 4 14 20 30 13 52
39 53 29 52 25 21 12 26 36 20 51 7 29 17 34 3 53 14 25 23 5 38 36 14 0 61 10 13 20 20 28 48 27 37 10 13 16 54 56 48
9 20 33 24 46 57 22 46 21 39 23 20 31 21 48 45 7 56 24 53 47 35 5 25 54 0 30 49 18 24 18 6 23 3 40 32 51 21 28 22
64 37 34 41 62 15 7 28 47 39 37 17 11 12 43 10 49 23 27 15 21 59 19 27 21 53 0 30 31 13 36 36 21 23 30 1 21 24 52 48
67 29 30 21 40 9 24 11 15 11 16 7 35 2 14 17 44 20 22 40 16 19 34 12 11 34 22 0 24 21 11 49 33 22 10 16 13 28 27 46
30 7 38 29 52 53 10 54 21 25 38 36 12 35 41 38 26 29 34 24 31 61 20 24 34 17 23 27 0 23 24 17 12 16 24 17 49 49 54 13
19 30 28 29 18 25 19 15 23 20 17 16 11 21 24 21 30 19 7 26 19 27 20 17 24 37 10 20 18 0 19 30 31 21 7 7 22 32 29 27
16 25 9 14 12 14 32 16 6 33 14 15 20 14 9 20 36 31 2 40 27 17 10 12 22 26 16 23 35 14 0 21 56 23 12 18 28 24 12 46
15 20 12 17 36 62 32 36 29 32 20 39 15 21 21 37 10 68 11 48 50 26 13 27 23 3 37 45 29 12 12 0 39 2 16 21 65 32 31 19
66 23 63 30 63 42 11 64 61 32 28 39 9 57 57 25 50 45 47 2 41 90 33 47 24 48 27 51 13 17 36 52 0 36 53 27 68 55 48 32
6 19 20 17 29 24 36 23 38 25 14 19 23 36 36 47 10 26 30 32 51 15 9 22 46 3 48 50 15 27 19 1 26 0 21 24 51 20 25 23
48 42 9 20 37 18 26 11 21 20 15 18 26 7 15 24 32 28 7 44 24 42 13 5 11 20 15 10 17 11 13 38 40 22 0 12 21 13 34 30
51 33 21 41 43 16 6 26 38 23 52 6 15 17 49 12 34 15 24 22 24 27 18 34 16 29 2 17 12 16 35 36 12 51 14 0 16 30 52 27
49 35 39 38 41 2 21 29 33 1 20 11 51 8 19 11 61 5 31 58 6 38 44 16 19 27 28 12 56 24 30 45 60 70 24 14 0 49 42 57
27 35 13 3 1 34 49 17 13 27 12 41 48 18 18 61 31 61 11 48 42 7 30 22 27 45 64 29 56 22 24 18 79 25 14 33 38 0 4 33
36 60 5 3 4 46 45 16 13 35 13 53 34 42 12 30 43 30 22 55 31 11 14 27 28 36 52 39 42 31 15 28 59 28 32 40 18 3 0 58
13 4 52 32 63 56 13 33 42 46 26 47 19 58 30 56 22 47 44 36 34 37 23 24 37 17 43 62 12 36 47 11 22 22 41 25 50 47 32 0