7
40
,
0 (3.0, 44.0) 16.0
1 (24.0, 48.0) 18.0
2 (14.0, 13.0) 14.0
3 (5.0, 11.0) 36.0
4 (6.0, 4.0) 29.0
5 (40.0, 1.0) 30.0
6 (39.0, 35.0) 41.0
7 (22.0, 6.0) 38.0
8 (16.0, 6.0) 48.0
9 (41.0, 1.0) 12.0
10 (6.0, 18.0) 11.0
11 (42.0, 18.0) 14.0
12 (36.0, 39.0) 40.0
13 (35.0, 9.0) 25.0
14 (20.0, 4.0) 12.0
15 (46.0, 17.0) 49.0
16 (3.0, 38.0) 36.0
17 (49.0, 5.0) 36.0
18 (21.0, 16.0) 47.0
19 (48.0, 43.0) 15.0
20 (46.0, 9.0) 13.0
21 (0.0, 10.0) 23.0
22 (19.0, 31.0) 28.0
23 (26.0, 13.0) 15.0
24 (46.0, 14.0) 38.0
25 (11.0, 36.0) 40.0
26 (46.0, 29.0) 13.0
27 (34.0, 8.0) 35.0
28 (28.0, 42.0) 45.0
29 (32.0, 23.0) 34.0
30 (19.0, 17.0) 36.0
31 (10.0, 32.0) 13.0
32 (48.0, 47.0) 29.0
33 (9.0, 34.0) 20.0
34 (30.0, 15.0) 12.0
35 (45.0, 28.0) 14.0
36 (42.0, 1.0) 25.0
37 (6.0, 5.0) 21.0
38 (7.0, 8.0) 10.0
39 (21.0, 50.0) 11.0
,
0 4 7 7 8 11 7 8 8 11 5 9 7 9 9 10 1 12 7 9 11 7 4 8 10 2 9 10 5 7 6 3 9 2 8 9 12 8 7 4
4 0 7 8 10 10 4 8 9 10 7 7 3 8 9 8 5 10 6 5 9 9 4 7 8 4 6 8 1 5 6 4 5 4 7 6 10 9 9 1
7 7 0 2 2 6 7 2 1 6 2 6 7 4 2 6 5 7 2 9 6 3 4 2 6 5 7 4 6 4 1 4 10 4 3 7 6 2 2 8
7 8 2 0 1 7 8 4 2 7 1 8 8 6 3 8 5 9 3 11 8 1 5 4 8 5 9 6 8 6 3 4 11 5 5 9 8 1 1 8
8 10 2 1 0 7 9 3 2 7 3 8 9 6 3 8 7 9 4 11 8 2 6 4 8 6 9 6 9 6 4 6 12 6 5 9 7 0 1 10
11 10 6 7 7 0 7 4 5 0 8 3 8 2 4 3 10 2 5 9 2 8 7 4 3 9 6 2 9 5 5 9 9 9 3 5 0 7 7 11
7 4 7 8 9 7 0 7 7 7 7 3 1 5 7 4 7 6 5 2 5 9 4 5 4 6 2 5 3 3 5 6 3 6 4 2 7 9 8 5
8 8 2 4 3 4 7 0 1 4 4 5 7 3 1 5 7 5 2 9 5 4 5 2 5 6 7 2 7 4 2 6 10 6 2 6 4 3 3 9
8 9 1 2 2 5 7 1 0 5 3 6 8 4 1 6 7 7 2 10 6 3 5 2 6 6 8 4 8 5 2 5 10 6 3 7 5 2 2 9
11 10 6 7 7 0 7 4 5 0 8 3 8 2 4 3 11 2 5 9 2 8 7 4 3 9 6 2 9 5 5 9 9 9 4 5 0 7 7 11
5 7 2 1 3 8 7 4 3 8 0 7 7 6 4 8 4 9 3 10 8 2 4 4 8 4 8 6 7 5 3 3 10 3 5 8 8 3 2 7
9 7 6 8 8 3 3 5 6 3 7 0 4 2 5 1 9 3 4 5 2 9 5 3 1 7 2 3 6 2 5 7 6 7 2 2 3 8 7 8
7 3 7 8 9 8 1 7 8 8 7 4 0 6 8 5 7 7 5 3 6 9 4 6 5 5 3 6 2 3 6 5 3 5 5 3 8 9 8 4
9 8 4 6 6 2 5 3 4 2 6 2 6 0 3 3 9 3 3 7 2 7 5 2 2 7 5 0 7 3 4 7 8 7 2 4 2 6 6 9
9 9 2 3 3 4 7 1 1 4 4 5 8 3 0 6 8 6 2 10 5 4 5 2 6 7 7 3 8 4 3 6 10 6 3 7 4 3 3 9
10 8 6 8 8 3 4 5 6 3 8 1 5 3 6 0 10 2 5 5 2 9 6 4 1 8 2 3 6 3 5 8 6 8 3 2 3 8 8 8
1 5 5 5 7 10 7 7 7 11 4 9 7 9 8 10 0 11 6 9 10 6 3 7 10 2 9 9 5 7 5 2 9 1 7 9 11 7 6 4
12 10 7 9 9 2 6 5 7 2 9 3 7 3 6 2 11 0 6 8 1 10 8 5 2 10 5 3 9 5 6 9 8 10 4 5 2 9 8 11
7 6 2 3 4 5 5 2 2 5 3 4 5 3 2 5 6 6 0 8 5 4 3 1 5 4 6 3 5 3 0 4 8 4 2 5 5 4 3 7
9 5 9 11 11 9 2 9 10 9 10 5 3 7 10 5 9 8 8 0 7 12 6 7 6 8 3 8 4 5 8 8 1 8 7 3 8 11 11 6
11 9 6 8 8 2 5 5 6 2 8 2 6 2 5 2 10 1 5 7 0 9 7 4 1 9 4 2 8 4 6 9 8 9 3 4 2 8 8 10
7 9 3 1 2 8 9 4 3 8 2 9 9 7 4 9 6 10 4 12 9 0 6 5 9 6 10 7 9 7 4 5 12 5 6 10 9 2 1 9
4 4 4 5 6 7 4 5 5 7 4 5 4 5 5 6 3 8 3 6 7 6 0 4 6 2 5 5 3 3 3 2 7 2 4 5 8 6 5 4
8 7 2 4 4 4 5 2 2 4 4 3 6 2 2 4 7 5 1 7 4 5 4 0 4 5 5 2 6 2 2 5 8 5 1 5 4 4 4 7
10 8 6 8 8 3 4 5 6 3 8 1 5 2 6 1 10 2 5 6 1 9 6 4 0 8 3 3 7 3 5 8 7 8 3 3 3 8 8 9
2 4 5 5 6 9 6 6 6 9 4 7 5 7 7 8 2 10 4 8 9 6 2 5 8 0 7 7 4 5 4 1 8 1 6 7 9 6 6 3
9 6 7 9 9 6 2 7 8 6 8 2 3 5 7 2 9 5 6 3 4 10 5 5 3 7 0 5 4 3 6 7 4 7 4 0 6 9 9 7
10 8 4 6 6 2 5 2 4 2 6 3 6 0 3 3 9 3 3 8 2 7 5 2 3 7 5 0 7 3 3 7 8 7 2 5 2 6 5 9
5 1 6 8 9 9 3 7 8 9 7 6 2 7 8 6 5 9 5 4 8 9 3 6 7 4 4 7 0 4 5 4 4 4 5 4 9 9 8 2
7 5 4 6 6 5 3 4 5 5 5 2 3 3 4 3 7 5 3 5 4 7 3 2 3 5 3 3 4 0 3 5 6 5 2 3 5 6 6 6
6 6 1 3 4 5 5 2 2 5 3 5 6 4 3 5 5 6 0 8 6 4 3 2 5 4 6 3 5 3 0 3 8 4 2 6 6 4 3 7
3 4 4 4 6 9 6 6 5 9 3 7 5 7 6 8 2 9 4 8 9 5 2 5 8 1 7 7 4 5 3 0 8 0 5 7 9 5 5 4
9 5 10 11 12 9 3 10 10 9 10 6 3 8 10 6 9 8 8 1 8 12 7 8 7 8 4 8 4 6 8 8 0 8 7 4 9 12 11 5
2 4 4 5 6 9 6 6 6 9 3 7 5 7 6 8 1 10 4 8 9 5 2 5 8 1 7 7 4 5 4 0 8 0 6 7 9 6 5 4
8 7 3 5 5 3 4 2 3 4 5 2 5 2 3 3 7 4 2 7 3 6 4 1 3 6 4 2 5 2 2 5 7 6 0 4 4 5 5 7
9 6 7 9 9 5 2 6 7 5 8 2 3 4 7 2 9 5 5 3 4 10 5 5 3 7 0 5 4 3 6 7 4 7 4 0 5 9 9 7
12 10 6 8 7 0 7 4 5 0 8 3 8 2 4 3 11 2 5 8 2 9 8 4 3 9 6 2 9 5 6 9 9 9 4 5 0 7 7 11
8 9 2 1 0 7 9 3 2 7 3 8 9 6 3 8 7 9 4 11 8 2 6 4 8 6 9 6 9 6 4 5 12 6 5 9 7 0 1 9
7 9 2 1 1 7 8 3 2 7 2 7 8 6 3 8 6 8 3 11 8 1 5 4 8 6 9 5 8 6 3 5 11 5 5 9 7 1 0 9
4 1 8 8 10 11 5 9 9 11 7 8 4 9 9 8 4 11 7 6 10 9 4 7 9 3 7 9 2 6 7 4 5 4 7 7 11 9 9 0
,
0 26 19 40 43 34 26 39 46 31 25 24 32 40 24 76 6 35 27 63 76 37 14 28 75 7 64 33 33 30 41 16 33 8 59 45 49 54 54 16
18 0 32 53 49 40 20 48 33 28 42 32 18 46 25 27 23 36 27 29 59 67 12 46 48 26 23 27 11 36 21 29 16 17 47 43 66 55 42 5
49 36 0 7 16 36 45 11 11 28 13 25 39 20 6 46 22 41 5 42 17 21 15 12 16 16 47 24 27 28 6 16 50 28 13 22 41 14 6 37
19 49 6 0 9 27 46 14 7 52 6 50 56 23 20 39 20 53 12 31 43 4 29 28 51 21 66 35 41 30 17 12 32 21 29 33 41 4 3 62
49 39 7 4 0 18 66 17 8 28 19 49 41 17 19 29 48 23 18 83 24 10 39 12 27 22 46 15 51 18 20 33 88 17 24 29 47 1 3 55
31 59 24 33 42 0 21 11 19 1 52 11 26 13 16 18 27 9 15 22 7 40 24 22 21 53 15 13 57 34 39 59 48 57 11 37 1 38 46 35
23 29 37 44 58 36 0 43 33 51 41 23 4 30 46 21 30 24 29 10 28 37 26 27 32 41 11 29 11 15 39 39 21 34 27 13 40 33 36 35
44 33 7 23 21 11 18 0 9 10 14 20 21 13 4 24 32 15 6 25 20 19 24 8 17 36 27 9 23 10 8 26 71 30 13 20 11 14 19 27
45 48 8 10 6 37 44 8 0 28 12 25 57 24 5 28 32 39 11 73 23 13 13 17 25 31 51 15 36 13 8 23 60 17 16 34 23 13 12 25
30 59 35 38 20 1 30 11 25 0 38 25 57 9 25 14 48 13 29 56 11 61 25 19 20 69 33 6 64 35 22 40 36 56 15 34 1 19 19 62
15 41 8 7 13 22 46 29 13 35 0 44 31 27 25 56 18 66 15 40 23 14 16 11 39 15 33 20 17 27 16 20 33 17 22 30 56 9 7 30
32 26 41 28 28 22 12 18 15 14 32 0 27 6 24 4 55 15 30 23 8 63 18 10 5 51 17 9 20 6 20 35 23 39 8 12 20 45 36 22
35 11 49 29 43 55 7 24 51 40 26 12 0 23 27 16 22 40 23 19 37 48 21 23 39 16 13 29 6 14 38 27 14 26 19 12 26 40 37 15
34 53 23 39 21 5 14 19 20 12 15 16 37 0 20 16 60 20 15 28 6 39 40 11 7 45 33 1 23 10 13 25 55 32 9 16 6 16 24 25
43 43 14 21 11 15 21 1 6 18 14 21 50 10 0 37 50 19 9 66 20 13 36 14 28 33 32 15 27 34 14 30 67 31 19 32 30 11 10 62
70 20 28 44 45 12 26 15 30 19 46 2 36 15 29 0 59 9 32 31 8 47 35 29 3 43 8 18 27 14 28 55 34 22 12 11 22 62 26 59
6 17 14 14 23 78 42 47 18 79 21 22 18 55 20 64 0 71 29 64 36 34 19 19 31 4 40 36 38 34 14 6 34 4 50 44 52 25 43 31
82 35 23 38 26 11 33 30 44 11 55 19 31 18 22 18 66 0 35 40 6 38 32 22 10 53 34 11 40 36 22 57 48 67 26 13 9 42 22 75
40 38 11 10 26 17 30 7 6 34 22 21 33 16 14 20 19 27 0 50 32 16 22 3 25 33 15 10 35 13 2 24 56 32 10 29 33 19 9 47
35 29 33 76 34 41 14 38 44 42 68 26 9 30 61 33 64 38 20 0 34 32 17 54 41 56 8 30 15 36 25 40 2 21 30 9 63 31 75 36
40 49 39 56 59 9 33 30 29 8 60 11 36 9 20 5 26 7 15 50 0 23 46 19 5 39 21 8 31 11 42 42 21 24 22 19 8 51 58 59
48 51 18 3 5 31 50 20 23 62 7 26 24 44 30 46 29 64 29 67 52 0 33 33 25 36 45 44 35 37 15 14 57 33 41 68 37 7 9 34
17 22 15 29 22 36 17 26 34 49 16 21 18 23 19 37 10 53 19 32 43 25 0 17 29 7 23 28 10 16 19 13 45 14 16 27 35 29 33 14
34 47 9 30 26 16 20 7 18 22 21 21 25 9 8 29 23 24 5 38 17 29 24 0 19 41 20 8 15 7 9 32 31 14 3 13 15 22 21 41
61 37 16 61 28 21 14 24 31 15 29 4 32 10 27 3 58 14 25 16 4 34 34 29 0 46 17 7 37 16 39 49 33 53 17 8 13 32 43 61
16 14 31 24 18 59 39 31 39 34 11 35 36 41 27 38 4 67 11 22 29 34 5 16 25 0 52 51 10 13 17 3 36 3 35 48 70 29 28 10
42 34 30 52 35 36 5 45 42 41 41 11 13 31 43 11 36 18 22 10 21 29 36 26 20 33 0 25 22 16 40 48 18 49 28 2 18 49 23 20
42 52 20 20 21 14 17 10 15 8 28 8 19 2 10 19 42 9 17 30 7 33 37 8 16 27 33 0 44 19 23 25 42 39 4 33 7 22 35 66
21 6 28 47 39 41 9 34 35 52 28 23 11 41 39 25 24 56 18 20 48 37 17 34 22 15 30 44 0 18 18 26 14 21 25 26 35 52 52 7
34 32 31 23 19 33 13 12 21 22 39 13 23 11 20 20 27 22 15 13 12 29 21 14 15 32 14 10 18 0 8 17 16 27 12 16 18 44 18 22
16 47 5 10 15 39 36 13 16 32 9 33 29 16 14 31 30 20 2 54 15 25 9 4 32 16 27 20 36 17 0 13 62 21 14 17 41 15 9 33
13 25 23 29 29 59 28 35 18 27 21 40 14 29 39 30 10 68 12 28 38 36 10 34 39 4 36 41 28 13 11 0 41 3 23 33 30 41 23 17
49 19 66 57 62 56 17 60 62 41 34 42 19 21 34 31 52 38 49 3 56 62 34 40 36 37 17 56 27 30 31 25 0 58 44 16 64 37 80 22
8 28 20 20 27 67 45 30 16 61 23 47 34 49 21 24 10 31 31 45 57 36 13 15 55 2 40 23 22 25 21 3 28 0 31 29 36 34 23 17
55 46 8 24 24 19 12 7 21 14 35 16 17 8 18 15 53 29 10 29 19 39 29 3 17 17 24 11 19 10 12 32 51 18 0 22 13 14 19 31
29 42 25 27 47 29 12 31 55 32 40 10 8 18 45 14 34 34 17 13 28 64 25 28 10 19 1 13 23 16 18 42 25 20 17 0 18 30 24 37
63 61 20 20 29 1 41 30 33 1 23 12 33 11 23 12 46 11 18 51 5 60 30 23 9 66 37 13 61 29 38 65 53 64 20 38 0 29 35 76
20 40 12 5 1 31 49 12 8 36 14 31 41 21 10 37 44 60 12 54 58 8 19 29 55 37 38 18 55 23 9 32 40 16 36 41 35 0 5 29
49 24 6 3 4 50 39 13 8 19 13 23 24 30 11 45 27 51 21 32 54 9 15 18 22 29 42 36 41 40 15 22 66 39 15 32 22 3 0 39
11 3 40 32 48 76 24 32 22 69 33 48 17 56 55 48 16 46 27 24 55 50 19 51 60 25 44 40 6 28 19 19 29 22 52 21 79 44 60 0