7
40
,
0 (3.0, 44.0) 22.0
1 (24.0, 48.0) 37.0
2 (14.0, 13.0) 25.0
3 (5.0, 11.0) 41.0
4 (6.0, 4.0) 40.0
5 (40.0, 1.0) 11.0
6 (39.0, 35.0) 14.0
7 (22.0, 6.0) 12.0
8 (16.0, 6.0) 31.0
9 (41.0, 1.0) 10.0
10 (6.0, 18.0) 12.0
11 (42.0, 18.0) 33.0
12 (36.0, 39.0) 16.0
13 (35.0, 9.0) 44.0
14 (20.0, 4.0) 48.0
15 (46.0, 17.0) 30.0
16 (3.0, 38.0) 50.0
17 (49.0, 5.0) 23.0
18 (21.0, 16.0) 11.0
19 (48.0, 43.0) 32.0
20 (46.0, 9.0) 18.0
21 (0.0, 10.0) 26.0
22 (19.0, 31.0) 14.0
23 (26.0, 13.0) 29.0
24 (46.0, 14.0) 33.0
25 (11.0, 36.0) 37.0
26 (46.0, 29.0) 33.0
27 (34.0, 8.0) 12.0
28 (28.0, 42.0) 16.0
29 (32.0, 23.0) 16.0
30 (19.0, 17.0) 38.0
31 (10.0, 32.0) 12.0
32 (48.0, 47.0) 35.0
33 (9.0, 34.0) 48.0
34 (30.0, 15.0) 21.0
35 (45.0, 28.0) 48.0
36 (42.0, 1.0) 14.0
37 (6.0, 5.0) 24.0
38 (7.0, 8.0) 14.0
39 (21.0, 50.0) 29.0
,
0 4 7 7 8 11 7 8 8 11 5 9 7 9 9 10 1 12 7 9 11 7 4 8 10 2 9 10 5 7 6 3 9 2 8 9 12 8 7 4
4 0 7 8 10 10 4 8 9 10 7 7 3 8 9 8 5 10 6 5 9 9 4 7 8 4 6 8 1 5 6 4 5 4 7 6 10 9 9 1
7 7 0 2 2 6 7 2 1 6 2 6 7 4 2 6 5 7 2 9 6 3 4 2 6 5 7 4 6 4 1 4 10 4 3 7 6 2 2 8
7 8 2 0 1 7 8 4 2 7 1 8 8 6 3 8 5 9 3 11 8 1 5 4 8 5 9 6 8 6 3 4 11 5 5 9 8 1 1 8
8 10 2 1 0 7 9 3 2 7 3 8 9 6 3 8 7 9 4 11 8 2 6 4 8 6 9 6 9 6 4 6 12 6 5 9 7 0 1 10
11 10 6 7 7 0 7 4 5 0 8 3 8 2 4 3 10 2 5 9 2 8 7 4 3 9 6 2 9 5 5 9 9 9 3 5 0 7 7 11
7 4 7 8 9 7 0 7 7 7 7 3 1 5 7 4 7 6 5 2 5 9 4 5 4 6 2 5 3 3 5 6 3 6 4 2 7 9 8 5
8 8 2 4 3 4 7 0 1 4 4 5 7 3 1 5 7 5 2 9 5 4 5 2 5 6 7 2 7 4 2 6 10 6 2 6 4 3 3 9
8 9 1 2 2 5 7 1 0 5 3 6 8 4 1 6 7 7 2 10 6 3 5 2 6 6 8 4 8 5 2 5 10 6 3 7 5 2 2 9
11 10 6 7 7 0 7 4 5 0 8 3 8 2 4 3 11 2 5 9 2 8 7 4 3 9 6 2 9 5 5 9 9 9 4 5 0 7 7 11
5 7 2 1 3 8 7 4 3 8 0 7 7 6 4 8 4 9 3 10 8 2 4 4 8 4 8 6 7 5 3 3 10 3 5 8 8 3 2 7
9 7 6 8 8 3 3 5 6 3 7 0 4 2 5 1 9 3 4 5 2 9 5 3 1 7 2 3 6 2 5 7 6 7 2 2 3 8 7 8
7 3 7 8 9 8 1 7 8 8 7 4 0 6 8 5 7 7 5 3 6 9 4 6 5 5 3 6 2 3 6 5 3 5 5 3 8 9 8 4
9 8 4 6 6 2 5 3 4 2 6 2 6 0 3 3 9 3 3 7 2 7 5 2 2 7 5 0 7 3 4 7 8 7 2 4 2 6 6 9
9 9 2 3 3 4 7 1 1 4 4 5 8 3 0 6 8 6 2 10 5 4 5 2 6 7 7 3 8 4 3 6 10 6 3 7 4 3 3 9
10 8 6 8 8 3 4 5 6 3 8 1 5 3 6 0 10 2 5 5 2 9 6 4 1 8 2 3 6 3 5 8 6 8 3 2 3 8 8 8
1 5 5 5 7 10 7 7 7 11 4 9 7 9 8 10 0 11 6 9 10 6 3 7 10 2 9 9 5 7 5 2 9 1 7 9 11 7 6 4
12 10 7 9 9 2 6 5 7 2 9 3 7 3 6 2 11 0 6 8 1 10 8 5 2 10 5 3 9 5 6 9 8 10 4 5 2 9 8 11
7 6 2 3 4 5 5 2 2 5 3 4 5 3 2 5 6 6 0 8 5 4 3 1 5 4 6 3 5 3 0 4 8 4 2 5 5 4 3 7
9 5 9 11 11 9 2 9 10 9 10 5 3 7 10 5 9 8 8 0 7 12 6 7 6 8 3 8 4 5 8 8 1 8 7 3 8 11 11 6
11 9 6 8 8 2 5 5 6 2 8 2 6 2 5 2 10 1 5 7 0 9 7 4 1 9 4 2 8 4 6 9 8 9 3 4 2 8 8 10
7 9 3 1 2 8 9 4 3 8 2 9 9 7 4 9 6 10 4 12 9 0 6 5 9 6 10 7 9 7 4 5 12 5 6 10 9 2 1 9
4 4 4 5 6 7 4 5 5 7 4 5 4 5 5 6 3 8 3 6 7 6 0 4 6 2 5 5 3 3 3 2 7 2 4 5 8 6 5 4
8 7 2 4 4 4 5 2 2 4 4 3 6 2 2 4 7 5 1 7 4 5 4 0 4 5 5 2 6 2 2 5 8 5 1 5 4 4 4 7
10 8 6 8 8 3 4 5 6 3 8 1 5 2 6 1 10 2 5 6 1 9 6 4 0 8 3 3 7 3 5 8 7 8 3 3 3 8 8 9
2 4 5 5 6 9 6 6 6 9 4 7 5 7 7 8 2 10 4 8 9 6 2 5 8 0 7 7 4 5 4 1 8 1 6 7 9 6 6 3
9 6 7 9 9 6 2 7 8 6 8 2 3 5 7 2 9 5 6 3 4 10 5 5 3 7 0 5 4 3 6 7 4 7 4 0 6 9 9 7
10 8 4 6 6 2 5 2 4 2 6 3 6 0 3 3 9 3 3 8 2 7 5 2 3 7 5 0 7 3 3 7 8 7 2 5 2 6 5 9
5 1 6 8 9 9 3 7 8 9 7 6 2 7 8 6 5 9 5 4 8 9 3 6 7 4 4 7 0 4 5 4 4 4 5 4 9 9 8 2
7 5 4 6 6 5 3 4 5 5 5 2 3 3 4 3 7 5 3 5 4 7 3 2 3 5 3 3 4 0 3 5 6 5 2 3 5 6 6 6
6 6 1 3 4 5 5 2 2 5 3 5 6 4 3 5 5 6 0 8 6 4 3 2 5 4 6 3 5 3 0 3 8 4 2 6 6 4 3 7
3 4 4 4 6 9 6 6 5 9 3 7 5 7 6 8 2 9 4 8 9 5 2 5 8 1 7 7 4 5 3 0 8 0 5 7 9 5 5 4
9 5 10 11 12 9 3 10 10 9 10 6 3 8 10 6 9 8 8 1 8 12 7 8 7 8 4 8 4 6 8 8 0 8 7 4 9 12 11 5
2 4 4 5 6 9 6 6 6 9 3 7 5 7 6 8 1 10 4 8 9 5 2 5 8 1 7 7 4 5 4 0 8 0 6 7 9 6 5 4
8 7 3 5 5 3 4 2 3 4 5 2 5 2 3 3 7 4 2 7 3 6 4 1 3 6 4 2 5 2 2 5 7 6 0 4 4 5 5 7
9 6 7 9 9 5 2 6 7 5 8 2 3 4 7 2 9 5 5 3 4 10 5 5 3 7 0 5 4 3 6 7 4 7 4 0 5 9 9 7
12 10 6 8 7 0 7 4 5 0 8 3 8 2 4 3 11 2 5 8 2 9 8 4 3 9 6 2 9 5 6 9 9 9 4 5 0 7 7 11
8 9 2 1 0 7 9 3 2 7 3 8 9 6 3 8 7 9 4 11 8 2 6 4 8 6 9 6 9 6 4 5 12 6 5 9 7 0 1 9
7 9 2 1 1 7 8 3 2 7 2 7 8 6 3 8 6 8 3 11 8 1 5 4 8 6 9 5 8 6 3 5 11 5 5 9 7 1 0 9
4 1 8 8 10 11 5 9 9 11 7 8 4 9 9 8 4 11 7 6 10 9 4 7 9 3 7 9 2 6 7 4 5 4 7 7 11 9 9 0
,
0 13 36 45 30 49 46 36 52 58 37 32 30 54 23 31 8 89 46 48 32 24 12 21 66 17 32 29 37 37 44 9 42 6 26 29 58 45 27 25
20 0 45 60 41 51 26 23 41 27 50 28 18 59 55 21 14 48 42 19 65 63 25 21 30 13 42 58 7 16 23 20 14 14 29 29 60 50 53 4
18 29 0 10 7 23 43 13 7 19 8 35 32 31 14 38 37 40 7 50 38 12 19 16 27 19 35 26 45 28 5 28 31 31 16 23 40 7 10 42
42 52 10 0 4 36 51 15 7 25 4 38 41 41 13 41 22 49 20 44 25 7 20 11 33 23 62 42 44 19 11 25 47 27 19 47 40 3 3 62
39 27 8 5 0 34 36 23 13 19 18 50 67 44 12 40 50 59 11 38 57 12 18 30 34 45 45 35 60 42 25 42 74 24 37 29 21 1 3 27
79 40 15 48 28 0 27 13 31 1 40 16 21 6 11 22 37 11 31 55 8 49 22 16 10 45 38 5 62 17 34 60 66 30 15 36 2 46 20 69
36 29 32 33 34 33 0 36 30 39 39 21 5 30 51 11 38 31 24 9 33 54 25 28 31 32 9 14 8 15 34 34 20 35 18 5 36 55 54 29
52 24 12 23 11 25 18 0 3 14 13 22 51 18 1 18 53 25 13 65 21 19 14 11 36 29 38 14 31 12 7 42 52 24 17 40 11 15 12 62
41 42 6 16 12 36 22 9 0 24 9 31 49 16 7 34 33 44 12 41 20 18 30 10 36 37 28 9 35 28 11 35 69 28 20 49 19 12 5 43
80 47 18 36 35 1 42 24 21 0 41 22 41 12 19 15 78 13 23 23 11 56 23 28 10 56 17 12 53 12 37 29 37 36 21 33 1 22 29 49
36 35 6 7 16 54 47 19 18 42 0 33 53 32 20 52 27 33 23 28 27 10 24 13 49 19 37 18 30 38 13 13 49 16 26 48 43 12 9 43
24 20 41 52 43 22 23 25 28 16 19 0 32 11 29 4 49 15 21 22 7 55 30 12 7 26 15 13 38 8 16 42 23 42 8 8 17 41 41 56
28 11 47 46 55 25 3 43 21 40 28 27 0 30 40 29 49 45 37 16 35 36 23 15 15 26 7 24 4 14 19 31 18 18 14 13 36 35 22 28
60 58 31 30 28 13 37 14 20 7 44 8 39 0 13 13 63 7 18 47 7 31 35 9 15 27 26 2 20 20 18 50 43 38 8 28 6 22 19 36
42 61 14 10 8 17 30 2 6 11 25 27 57 15 0 19 46 35 15 47 24 12 35 14 30 49 47 9 26 18 15 41 66 19 14 31 29 11 13 54
59 35 31 48 48 12 14 34 28 21 49 6 30 11 19 0 36 10 28 32 5 45 18 19 4 23 8 14 34 12 34 42 36 60 11 13 20 50 30 60
8 21 41 29 26 68 35 38 32 52 13 30 49 63 50 41 0 48 37 54 43 25 17 31 67 5 57 56 22 24 19 6 45 8 46 56 65 43 44 27
35 65 32 24 31 7 26 36 25 8 50 8 51 17 39 7 76 0 20 26 3 72 35 35 14 49 36 11 23 32 43 49 21 36 16 28 7 50 26 39
50 23 9 10 24 18 20 12 8 25 12 20 14 8 14 28 32 32 0 29 16 24 17 5 29 32 24 9 17 10 3 17 47 30 12 25 23 15 21 47
65 29 41 49 64 28 17 27 55 58 64 20 10 54 60 16 48 37 53 0 44 35 45 27 37 22 10 28 18 34 55 55 2 23 31 18 46 66 74 20
79 23 20 28 41 12 38 35 23 7 29 12 30 7 20 8 32 6 29 47 0 39 22 29 6 50 15 16 22 19 28 48 47 35 21 27 10 36 21 33
25 26 21 3 6 51 46 12 21 48 6 29 50 23 24 69 31 64 13 36 57 0 33 15 46 31 65 25 53 39 21 19 76 14 45 72 26 6 9 58
13 26 19 17 20 20 11 27 14 46 22 19 26 24 38 18 24 60 11 47 35 18 0 14 27 5 18 21 21 10 7 9 45 8 14 27 34 20 28 17
26 40 17 20 11 19 15 12 14 13 25 23 18 12 15 13 22 32 4 23 23 18 20 0 20 40 20 7 27 14 12 16 34 20 4 27 18 26 11 28
73 26 19 35 24 20 16 30 21 17 34 7 34 8 36 2 41 11 32 17 7 31 22 26 0 48 15 9 41 20 37 23 36 45 10 19 8 45 31 52
6 10 24 34 31 50 41 24 37 27 25 42 28 38 40 45 10 53 13 54 40 20 8 38 42 0 26 35 12 28 28 3 33 3 37 45 50 40 18 10
59 24 31 53 61 21 6 17 48 41 51 15 21 20 36 14 57 12 36 10 12 67 40 15 8 26 0 31 23 12 29 33 10 35 19 2 42 35 55 25
69 23 14 36 21 8 34 10 16 13 22 13 16 2 20 14 31 9 10 36 10 45 16 5 14 23 34 0 45 18 20 26 48 34 8 17 9 33 22 50
25 9 19 34 43 28 11 42 29 25 31 16 12 41 34 25 37 46 40 16 56 35 11 21 30 10 17 26 0 22 16 24 16 24 34 24 55 22 56 11
35 29 20 18 21 29 16 12 35 22 35 11 15 15 20 22 31 17 19 24 14 34 21 9 16 18 11 15 25 0 19 24 24 26 12 15 17 42 38 26
19 43 5 11 15 14 22 7 11 23 19 21 41 12 15 31 34 25 3 23 31 18 17 7 39 17 42 26 18 19 0 21 60 28 14 31 32 11 12 36
10 24 23 19 25 40 31 29 18 60 19 27 18 23 39 46 8 61 27 55 26 16 5 13 27 2 44 43 25 25 12 0 34 1 20 26 24 36 19 21
44 33 38 37 70 38 9 52 27 58 59 36 19 59 58 39 66 62 39 4 42 52 17 43 17 26 24 59 24 34 58 53 0 51 30 22 43 76 72 26
15 28 16 25 17 59 18 39 42 65 13 41 34 46 19 48 10 37 30 41 58 23 14 36 55 4 25 30 24 21 20 2 25 0 41 26 44 40 20 24
25 36 24 16 25 13 14 16 14 23 21 7 24 10 13 16 42 25 9 25 17 24 27 2 10 21 15 9 25 5 16 33 27 41 0 12 20 39 16 52
54 17 46 58 62 21 11 39 25 28 36 6 17 27 42 9 28 27 21 15 27 42 24 15 16 30 2 28 31 8 26 25 21 54 11 0 38 34 40 38
46 45 26 37 33 3 23 26 33 1 24 18 58 14 31 10 49 10 24 56 10 37 26 10 8 68 33 12 60 27 40 48 31 28 25 40 0 43 36 68
35 27 14 8 1 44 23 11 5 42 15 39 34 28 9 56 36 24 15 37 40 10 44 20 51 16 50 21 62 19 24 37 48 22 23 37 28 0 5 52
22 26 13 5 4 23 40 9 6 40 15 40 63 36 18 52 22 44 21 81 52 7 35 12 35 33 64 40 38 30 9 20 61 15 19 63 21 2 0 35
25 5 31 38 33 74 20 61 27 67 41 37 16 28 58 42 30 50 26 28 69 47 17 38 32 19 46 63 12 42 47 20 14 22 34 37 58 31 41 0