7
40
,
0 (3.0, 44.0) 20.0
1 (24.0, 48.0) 13.0
2 (14.0, 13.0) 38.0
3 (5.0, 11.0) 14.0
4 (6.0, 4.0) 23.0
5 (40.0, 1.0) 20.0
6 (39.0, 35.0) 28.0
7 (22.0, 6.0) 30.0
8 (16.0, 6.0) 22.0
9 (41.0, 1.0) 35.0
10 (6.0, 18.0) 23.0
11 (42.0, 18.0) 35.0
12 (36.0, 39.0) 26.0
13 (35.0, 9.0) 30.0
14 (20.0, 4.0) 12.0
15 (46.0, 17.0) 19.0
16 (3.0, 38.0) 30.0
17 (49.0, 5.0) 38.0
18 (21.0, 16.0) 12.0
19 (48.0, 43.0) 41.0
20 (46.0, 9.0) 16.0
21 (0.0, 10.0) 22.0
22 (19.0, 31.0) 23.0
23 (26.0, 13.0) 42.0
24 (46.0, 14.0) 45.0
25 (11.0, 36.0) 15.0
26 (46.0, 29.0) 21.0
27 (34.0, 8.0) 12.0
28 (28.0, 42.0) 42.0
29 (32.0, 23.0) 16.0
30 (19.0, 17.0) 31.0
31 (10.0, 32.0) 38.0
32 (48.0, 47.0) 24.0
33 (9.0, 34.0) 21.0
34 (30.0, 15.0) 15.0
35 (45.0, 28.0) 28.0
36 (42.0, 1.0) 16.0
37 (6.0, 5.0) 31.0
38 (7.0, 8.0) 28.0
39 (21.0, 50.0) 29.0
,
0 4 7 7 8 11 7 8 8 11 5 9 7 9 9 10 1 12 7 9 11 7 4 8 10 2 9 10 5 7 6 3 9 2 8 9 12 8 7 4
4 0 7 8 10 10 4 8 9 10 7 7 3 8 9 8 5 10 6 5 9 9 4 7 8 4 6 8 1 5 6 4 5 4 7 6 10 9 9 1
7 7 0 2 2 6 7 2 1 6 2 6 7 4 2 6 5 7 2 9 6 3 4 2 6 5 7 4 6 4 1 4 10 4 3 7 6 2 2 8
7 8 2 0 1 7 8 4 2 7 1 8 8 6 3 8 5 9 3 11 8 1 5 4 8 5 9 6 8 6 3 4 11 5 5 9 8 1 1 8
8 10 2 1 0 7 9 3 2 7 3 8 9 6 3 8 7 9 4 11 8 2 6 4 8 6 9 6 9 6 4 6 12 6 5 9 7 0 1 10
11 10 6 7 7 0 7 4 5 0 8 3 8 2 4 3 10 2 5 9 2 8 7 4 3 9 6 2 9 5 5 9 9 9 3 5 0 7 7 11
7 4 7 8 9 7 0 7 7 7 7 3 1 5 7 4 7 6 5 2 5 9 4 5 4 6 2 5 3 3 5 6 3 6 4 2 7 9 8 5
8 8 2 4 3 4 7 0 1 4 4 5 7 3 1 5 7 5 2 9 5 4 5 2 5 6 7 2 7 4 2 6 10 6 2 6 4 3 3 9
8 9 1 2 2 5 7 1 0 5 3 6 8 4 1 6 7 7 2 10 6 3 5 2 6 6 8 4 8 5 2 5 10 6 3 7 5 2 2 9
11 10 6 7 7 0 7 4 5 0 8 3 8 2 4 3 11 2 5 9 2 8 7 4 3 9 6 2 9 5 5 9 9 9 4 5 0 7 7 11
5 7 2 1 3 8 7 4 3 8 0 7 7 6 4 8 4 9 3 10 8 2 4 4 8 4 8 6 7 5 3 3 10 3 5 8 8 3 2 7
9 7 6 8 8 3 3 5 6 3 7 0 4 2 5 1 9 3 4 5 2 9 5 3 1 7 2 3 6 2 5 7 6 7 2 2 3 8 7 8
7 3 7 8 9 8 1 7 8 8 7 4 0 6 8 5 7 7 5 3 6 9 4 6 5 5 3 6 2 3 6 5 3 5 5 3 8 9 8 4
9 8 4 6 6 2 5 3 4 2 6 2 6 0 3 3 9 3 3 7 2 7 5 2 2 7 5 0 7 3 4 7 8 7 2 4 2 6 6 9
9 9 2 3 3 4 7 1 1 4 4 5 8 3 0 6 8 6 2 10 5 4 5 2 6 7 7 3 8 4 3 6 10 6 3 7 4 3 3 9
10 8 6 8 8 3 4 5 6 3 8 1 5 3 6 0 10 2 5 5 2 9 6 4 1 8 2 3 6 3 5 8 6 8 3 2 3 8 8 8
1 5 5 5 7 10 7 7 7 11 4 9 7 9 8 10 0 11 6 9 10 6 3 7 10 2 9 9 5 7 5 2 9 1 7 9 11 7 6 4
12 10 7 9 9 2 6 5 7 2 9 3 7 3 6 2 11 0 6 8 1 10 8 5 2 10 5 3 9 5 6 9 8 10 4 5 2 9 8 11
7 6 2 3 4 5 5 2 2 5 3 4 5 3 2 5 6 6 0 8 5 4 3 1 5 4 6 3 5 3 0 4 8 4 2 5 5 4 3 7
9 5 9 11 11 9 2 9 10 9 10 5 3 7 10 5 9 8 8 0 7 12 6 7 6 8 3 8 4 5 8 8 1 8 7 3 8 11 11 6
11 9 6 8 8 2 5 5 6 2 8 2 6 2 5 2 10 1 5 7 0 9 7 4 1 9 4 2 8 4 6 9 8 9 3 4 2 8 8 10
7 9 3 1 2 8 9 4 3 8 2 9 9 7 4 9 6 10 4 12 9 0 6 5 9 6 10 7 9 7 4 5 12 5 6 10 9 2 1 9
4 4 4 5 6 7 4 5 5 7 4 5 4 5 5 6 3 8 3 6 7 6 0 4 6 2 5 5 3 3 3 2 7 2 4 5 8 6 5 4
8 7 2 4 4 4 5 2 2 4 4 3 6 2 2 4 7 5 1 7 4 5 4 0 4 5 5 2 6 2 2 5 8 5 1 5 4 4 4 7
10 8 6 8 8 3 4 5 6 3 8 1 5 2 6 1 10 2 5 6 1 9 6 4 0 8 3 3 7 3 5 8 7 8 3 3 3 8 8 9
2 4 5 5 6 9 6 6 6 9 4 7 5 7 7 8 2 10 4 8 9 6 2 5 8 0 7 7 4 5 4 1 8 1 6 7 9 6 6 3
9 6 7 9 9 6 2 7 8 6 8 2 3 5 7 2 9 5 6 3 4 10 5 5 3 7 0 5 4 3 6 7 4 7 4 0 6 9 9 7
10 8 4 6 6 2 5 2 4 2 6 3 6 0 3 3 9 3 3 8 2 7 5 2 3 7 5 0 7 3 3 7 8 7 2 5 2 6 5 9
5 1 6 8 9 9 3 7 8 9 7 6 2 7 8 6 5 9 5 4 8 9 3 6 7 4 4 7 0 4 5 4 4 4 5 4 9 9 8 2
7 5 4 6 6 5 3 4 5 5 5 2 3 3 4 3 7 5 3 5 4 7 3 2 3 5 3 3 4 0 3 5 6 5 2 3 5 6 6 6
6 6 1 3 4 5 5 2 2 5 3 5 6 4 3 5 5 6 0 8 6 4 3 2 5 4 6 3 5 3 0 3 8 4 2 6 6 4 3 7
3 4 4 4 6 9 6 6 5 9 3 7 5 7 6 8 2 9 4 8 9 5 2 5 8 1 7 7 4 5 3 0 8 0 5 7 9 5 5 4
9 5 10 11 12 9 3 10 10 9 10 6 3 8 10 6 9 8 8 1 8 12 7 8 7 8 4 8 4 6 8 8 0 8 7 4 9 12 11 5
2 4 4 5 6 9 6 6 6 9 3 7 5 7 6 8 1 10 4 8 9 5 2 5 8 1 7 7 4 5 4 0 8 0 6 7 9 6 5 4
8 7 3 5 5 3 4 2 3 4 5 2 5 2 3 3 7 4 2 7 3 6 4 1 3 6 4 2 5 2 2 5 7 6 0 4 4 5 5 7
9 6 7 9 9 5 2 6 7 5 8 2 3 4 7 2 9 5 5 3 4 10 5 5 3 7 0 5 4 3 6 7 4 7 4 0 5 9 9 7
12 10 6 8 7 0 7 4 5 0 8 3 8 2 4 3 11 2 5 8 2 9 8 4 3 9 6 2 9 5 6 9 9 9 4 5 0 7 7 11
8 9 2 1 0 7 9 3 2 7 3 8 9 6 3 8 7 9 4 11 8 2 6 4 8 6 9 6 9 6 4 5 12 6 5 9 7 0 1 9
7 9 2 1 1 7 8 3 2 7 2 7 8 6 3 8 6 8 3 11 8 1 5 4 8 6 9 5 8 6 3 5 11 5 5 9 7 1 0 9
4 1 8 8 10 11 5 9 9 11 7 8 4 9 9 8 4 11 7 6 10 9 4 7 9 3 7 9 2 6 7 4 5 4 7 7 11 9 9 0
,
0 15 30 46 26 71 28 50 51 76 32 52 31 29 30 28 8 56 23 51 38 31 30 53 76 12 54 46 22 39 41 7 23 17 57 36 37 31 30 15
25 0 32 48 26 58 14 55 29 46 46 25 15 41 38 51 14 29 45 18 48 56 22 31 34 15 40 61 10 33 17 31 13 22 30 38 26 33 63 5
35 41 0 6 14 25 39 12 9 23 11 16 32 23 6 39 20 26 7 64 28 7 15 13 38 28 24 28 19 24 5 29 49 17 8 27 28 16 6 30
38 40 6 0 6 22 24 21 12 51 10 22 53 32 12 24 27 63 24 44 44 7 35 26 59 29 65 29 36 32 20 26 66 19 14 39 31 3 2 30
51 47 16 4 0 45 38 11 11 21 20 25 67 35 15 36 23 28 17 56 55 12 20 14 41 46 59 17 48 38 18 35 45 45 24 52 44 1 5 58
56 44 39 27 45 0 46 25 31 1 42 12 24 7 18 15 56 9 30 45 12 51 34 11 19 43 27 10 38 23 19 63 49 54 13 38 3 22 18 62
42 18 44 25 62 25 0 42 52 48 52 24 4 19 47 20 32 42 30 17 18 33 22 37 16 15 5 38 12 12 18 15 15 28 20 10 40 64 35 20
29 55 13 11 10 12 24 0 9 24 18 30 25 12 4 22 39 39 6 43 36 24 24 11 33 48 46 14 30 12 6 25 43 40 12 33 21 22 18 40
47 39 5 12 8 19 45 6 0 34 9 42 54 17 5 18 49 36 14 30 29 20 15 8 20 24 31 10 46 26 16 36 75 33 12 49 14 11 7 64
32 41 31 22 42 1 51 12 26 0 26 13 52 6 20 14 35 13 16 23 11 25 51 13 13 24 19 10 42 22 33 56 35 37 12 23 1 42 19 71
16 27 6 9 16 54 50 21 12 25 0 33 38 30 13 36 26 42 15 30 31 14 27 13 38 11 33 19 22 27 13 9 63 17 14 52 31 16 5 31
52 52 21 56 26 14 14 34 27 13 52 0 23 14 35 2 27 11 29 14 9 33 29 17 5 50 11 10 21 14 32 39 16 30 12 14 19 32 51 31
42 19 19 55 54 25 5 51 30 45 19 16 0 21 29 22 22 36 33 16 22 31 24 25 17 37 20 39 10 23 42 22 12 37 31 19 24 36 46 16
59 58 22 22 18 10 16 13 19 9 38 13 20 0 10 18 54 20 22 20 7 36 40 10 18 40 18 1 24 7 18 29 50 29 9 21 6 42 32 31
37 22 6 14 20 19 46 2 5 11 15 15 29 19 0 40 36 41 11 25 27 18 38 14 37 20 27 11 54 20 13 31 74 41 15 20 12 21 8 24
41 20 46 22 44 17 11 25 19 23 53 2 30 12 21 0 57 18 27 35 5 37 19 30 3 56 15 14 26 12 18 24 36 34 23 8 17 55 59 59
9 16 19 38 36 53 28 41 36 67 19 41 32 56 47 61 0 59 32 65 72 21 11 49 57 11 48 30 14 48 32 9 35 8 46 41 32 31 38 13
88 44 47 24 23 8 31 26 28 9 58 16 39 11 20 10 52 0 23 45 4 49 59 17 9 60 14 12 46 16 40 62 60 48 31 28 9 33 46 62
39 39 6 10 23 16 18 7 12 36 19 28 35 19 18 21 28 26 0 25 30 29 13 3 19 13 36 11 36 8 2 21 27 32 5 33 18 23 15 36
44 24 47 43 76 29 18 27 28 61 31 38 10 23 66 21 31 53 56 0 30 72 26 36 43 52 14 22 21 24 43 34 3 55 31 11 45 84 34 15
71 24 34 30 60 14 24 18 24 13 41 13 30 8 39 9 52 3 34 24 0 25 37 26 5 24 28 18 32 14 34 28 51 35 10 15 10 42 35 63
47 29 14 3 6 49 55 19 24 61 6 42 37 30 24 42 39 27 24 37 26 0 29 36 32 19 45 47 46 19 22 29 31 20 25 25 62 6 5 59
12 11 15 17 31 37 27 24 22 31 26 28 17 22 16 40 15 43 17 25 39 27 0 17 17 12 36 26 15 18 20 7 48 6 26 34 36 43 36 18
55 24 8 31 18 12 35 6 7 13 19 22 32 14 13 12 48 24 6 41 12 14 23 0 11 38 26 5 42 9 8 19 37 30 4 27 13 21 25 48
52 27 43 33 52 9 26 35 22 19 28 7 34 17 30 3 26 9 20 18 4 68 19 25 0 32 13 15 43 18 19 31 40 22 15 21 16 34 57 65
6 11 15 19 43 37 31 48 43 25 21 34 15 52 18 20 8 57 23 21 46 27 11 29 41 0 43 39 10 16 18 3 43 2 20 48 55 19 42 17
23 18 23 57 61 24 9 20 57 34 42 13 21 24 40 18 49 29 27 17 12 57 29 23 16 35 0 13 31 11 25 28 21 44 19 2 40 56 63 30
61 22 11 40 27 12 31 16 19 15 31 12 21 1 17 15 33 17 13 46 16 44 37 14 8 27 19 0 27 18 13 25 39 49 10 31 11 35 17 45
31 8 35 54 57 30 14 30 38 27 20 24 5 21 46 36 24 25 21 19 28 34 21 43 21 26 13 28 0 24 17 17 30 21 15 31 51 37 56 11
48 21 25 41 33 35 17 22 24 23 40 16 11 12 29 17 28 23 17 36 19 32 11 14 10 17 20 15 17 0 11 26 15 34 11 14 18 26 44 34
40 43 6 15 15 37 32 8 7 21 10 18 17 21 16 35 26 17 3 26 21 23 16 6 35 26 19 18 21 8 0 26 37 24 6 39 37 25 16 22
16 17 17 15 27 57 20 23 36 24 9 45 19 19 15 46 9 38 19 52 29 25 5 22 32 5 19 42 21 21 17 0 48 3 30 22 53 27 27 25
25 30 65 32 63 43 20 59 62 46 61 23 15 31 35 17 28 51 55 2 26 76 26 46 38 24 23 33 21 18 62 30 0 34 20 16 55 69 62 16
17 24 27 12 37 58 42 25 34 48 10 29 24 32 16 58 5 52 16 53 48 25 8 24 43 2 30 27 26 37 25 2 46 0 34 31 26 38 15 26
45 22 12 19 22 17 21 10 16 14 36 15 31 9 22 16 37 28 11 34 21 21 24 6 15 41 21 7 22 6 10 33 39 39 0 19 22 27 28 22
41 29 33 32 57 22 5 41 48 25 59 12 12 22 50 13 43 29 36 19 18 36 31 32 20 28 1 14 24 19 23 34 17 38 17 0 25 53 36 20
71 32 43 53 52 3 24 23 27 1 59 16 46 15 28 15 65 7 26 62 13 54 27 30 13 60 42 14 53 28 37 35 30 67 15 28 0 39 30 41
50 31 9 4 1 44 64 23 6 19 10 29 27 33 19 42 27 51 17 59 56 5 32 24 35 33 47 36 24 45 10 25 54 16 20 25 54 0 2 34
50 42 10 4 5 35 30 14 6 30 13 49 35 38 8 44 25 50 22 28 23 8 31 17 41 33 27 33 23 29 11 35 34 32 19 51 29 2 0 26
27 5 26 36 38 54 34 38 63 76 37 41 26 58 56 28 21 65 19 24 41 58 20 53 63 10 23 56 13 28 46 19 16 26 40 34 69 28 51 0