7
40
,
0 (3.0, 44.0) 30.0
1 (24.0, 48.0) 45.0
2 (14.0, 13.0) 25.0
3 (5.0, 11.0) 19.0
4 (6.0, 4.0) 22.0
5 (40.0, 1.0) 30.0
6 (39.0, 35.0) 20.0
7 (22.0, 6.0) 16.0
8 (16.0, 6.0) 40.0
9 (41.0, 1.0) 30.0
10 (6.0, 18.0) 23.0
11 (42.0, 18.0) 35.0
12 (36.0, 39.0) 11.0
13 (35.0, 9.0) 24.0
14 (20.0, 4.0) 16.0
15 (46.0, 17.0) 14.0
16 (3.0, 38.0) 36.0
17 (49.0, 5.0) 14.0
18 (21.0, 16.0) 19.0
19 (48.0, 43.0) 39.0
20 (46.0, 9.0) 18.0
21 (0.0, 10.0) 15.0
22 (19.0, 31.0) 44.0
23 (26.0, 13.0) 15.0
24 (46.0, 14.0) 42.0
25 (11.0, 36.0) 10.0
26 (46.0, 29.0) 11.0
27 (34.0, 8.0) 18.0
28 (28.0, 42.0) 30.0
29 (32.0, 23.0) 36.0
30 (19.0, 17.0) 14.0
31 (10.0, 32.0) 27.0
32 (48.0, 47.0) 27.0
33 (9.0, 34.0) 40.0
34 (30.0, 15.0) 16.0
35 (45.0, 28.0) 17.0
36 (42.0, 1.0) 48.0
37 (6.0, 5.0) 29.0
38 (7.0, 8.0) 32.0
39 (21.0, 50.0) 31.0
,
0 4 7 7 8 11 7 8 8 11 5 9 7 9 9 10 1 12 7 9 11 7 4 8 10 2 9 10 5 7 6 3 9 2 8 9 12 8 7 4
4 0 7 8 10 10 4 8 9 10 7 7 3 8 9 8 5 10 6 5 9 9 4 7 8 4 6 8 1 5 6 4 5 4 7 6 10 9 9 1
7 7 0 2 2 6 7 2 1 6 2 6 7 4 2 6 5 7 2 9 6 3 4 2 6 5 7 4 6 4 1 4 10 4 3 7 6 2 2 8
7 8 2 0 1 7 8 4 2 7 1 8 8 6 3 8 5 9 3 11 8 1 5 4 8 5 9 6 8 6 3 4 11 5 5 9 8 1 1 8
8 10 2 1 0 7 9 3 2 7 3 8 9 6 3 8 7 9 4 11 8 2 6 4 8 6 9 6 9 6 4 6 12 6 5 9 7 0 1 10
11 10 6 7 7 0 7 4 5 0 8 3 8 2 4 3 10 2 5 9 2 8 7 4 3 9 6 2 9 5 5 9 9 9 3 5 0 7 7 11
7 4 7 8 9 7 0 7 7 7 7 3 1 5 7 4 7 6 5 2 5 9 4 5 4 6 2 5 3 3 5 6 3 6 4 2 7 9 8 5
8 8 2 4 3 4 7 0 1 4 4 5 7 3 1 5 7 5 2 9 5 4 5 2 5 6 7 2 7 4 2 6 10 6 2 6 4 3 3 9
8 9 1 2 2 5 7 1 0 5 3 6 8 4 1 6 7 7 2 10 6 3 5 2 6 6 8 4 8 5 2 5 10 6 3 7 5 2 2 9
11 10 6 7 7 0 7 4 5 0 8 3 8 2 4 3 11 2 5 9 2 8 7 4 3 9 6 2 9 5 5 9 9 9 4 5 0 7 7 11
5 7 2 1 3 8 7 4 3 8 0 7 7 6 4 8 4 9 3 10 8 2 4 4 8 4 8 6 7 5 3 3 10 3 5 8 8 3 2 7
9 7 6 8 8 3 3 5 6 3 7 0 4 2 5 1 9 3 4 5 2 9 5 3 1 7 2 3 6 2 5 7 6 7 2 2 3 8 7 8
7 3 7 8 9 8 1 7 8 8 7 4 0 6 8 5 7 7 5 3 6 9 4 6 5 5 3 6 2 3 6 5 3 5 5 3 8 9 8 4
9 8 4 6 6 2 5 3 4 2 6 2 6 0 3 3 9 3 3 7 2 7 5 2 2 7 5 0 7 3 4 7 8 7 2 4 2 6 6 9
9 9 2 3 3 4 7 1 1 4 4 5 8 3 0 6 8 6 2 10 5 4 5 2 6 7 7 3 8 4 3 6 10 6 3 7 4 3 3 9
10 8 6 8 8 3 4 5 6 3 8 1 5 3 6 0 10 2 5 5 2 9 6 4 1 8 2 3 6 3 5 8 6 8 3 2 3 8 8 8
1 5 5 5 7 10 7 7 7 11 4 9 7 9 8 10 0 11 6 9 10 6 3 7 10 2 9 9 5 7 5 2 9 1 7 9 11 7 6 4
12 10 7 9 9 2 6 5 7 2 9 3 7 3 6 2 11 0 6 8 1 10 8 5 2 10 5 3 9 5 6 9 8 10 4 5 2 9 8 11
7 6 2 3 4 5 5 2 2 5 3 4 5 3 2 5 6 6 0 8 5 4 3 1 5 4 6 3 5 3 0 4 8 4 2 5 5 4 3 7
9 5 9 11 11 9 2 9 10 9 10 5 3 7 10 5 9 8 8 0 7 12 6 7 6 8 3 8 4 5 8 8 1 8 7 3 8 11 11 6
11 9 6 8 8 2 5 5 6 2 8 2 6 2 5 2 10 1 5 7 0 9 7 4 1 9 4 2 8 4 6 9 8 9 3 4 2 8 8 10
7 9 3 1 2 8 9 4 3 8 2 9 9 7 4 9 6 10 4 12 9 0 6 5 9 6 10 7 9 7 4 5 12 5 6 10 9 2 1 9
4 4 4 5 6 7 4 5 5 7 4 5 4 5 5 6 3 8 3 6 7 6 0 4 6 2 5 5 3 3 3 2 7 2 4 5 8 6 5 4
8 7 2 4 4 4 5 2 2 4 4 3 6 2 2 4 7 5 1 7 4 5 4 0 4 5 5 2 6 2 2 5 8 5 1 5 4 4 4 7
10 8 6 8 8 3 4 5 6 3 8 1 5 2 6 1 10 2 5 6 1 9 6 4 0 8 3 3 7 3 5 8 7 8 3 3 3 8 8 9
2 4 5 5 6 9 6 6 6 9 4 7 5 7 7 8 2 10 4 8 9 6 2 5 8 0 7 7 4 5 4 1 8 1 6 7 9 6 6 3
9 6 7 9 9 6 2 7 8 6 8 2 3 5 7 2 9 5 6 3 4 10 5 5 3 7 0 5 4 3 6 7 4 7 4 0 6 9 9 7
10 8 4 6 6 2 5 2 4 2 6 3 6 0 3 3 9 3 3 8 2 7 5 2 3 7 5 0 7 3 3 7 8 7 2 5 2 6 5 9
5 1 6 8 9 9 3 7 8 9 7 6 2 7 8 6 5 9 5 4 8 9 3 6 7 4 4 7 0 4 5 4 4 4 5 4 9 9 8 2
7 5 4 6 6 5 3 4 5 5 5 2 3 3 4 3 7 5 3 5 4 7 3 2 3 5 3 3 4 0 3 5 6 5 2 3 5 6 6 6
6 6 1 3 4 5 5 2 2 5 3 5 6 4 3 5 5 6 0 8 6 4 3 2 5 4 6 3 5 3 0 3 8 4 2 6 6 4 3 7
3 4 4 4 6 9 6 6 5 9 3 7 5 7 6 8 2 9 4 8 9 5 2 5 8 1 7 7 4 5 3 0 8 0 5 7 9 5 5 4
9 5 10 11 12 9 3 10 10 9 10 6 3 8 10 6 9 8 8 1 8 12 7 8 7 8 4 8 4 6 8 8 0 8 7 4 9 12 11 5
2 4 4 5 6 9 6 6 6 9 3 7 5 7 6 8 1 10 4 8 9 5 2 5 8 1 7 7 4 5 4 0 8 0 6 7 9 6 5 4
8 7 3 5 5 3 4 2 3 4 5 2 5 2 3 3 7 4 2 7 3 6 4 1 3 6 4 2 5 2 2 5 7 6 0 4 4 5 5 7
9 6 7 9 9 5 2 6 7 5 8 2 3 4 7 2 9 5 5 3 4 10 5 5 3 7 0 5 4 3 6 7 4 7 4 0 5 9 9 7
12 10 6 8 7 0 7 4 5 0 8 3 8 2 4 3 11 2 5 8 2 9 8 4 3 9 6 2 9 5 6 9 9 9 4 5 0 7 7 11
8 9 2 1 0 7 9 3 2 7 3 8 9 6 3 8 7 9 4 11 8 2 6 4 8 6 9 6 9 6 4 5 12 6 5 9 7 0 1 9
7 9 2 1 1 7 8 3 2 7 2 7 8 6 3 8 6 8 3 11 8 1 5 4 8 6 9 5 8 6 3 5 11 5 5 9 7 1 0 9
4 1 8 8 10 11 5 9 9 11 7 8 4 9 9 8 4 11 7 6 10 9 4 7 9 3 7 9 2 6 7 4 5 4 7 7 11 9 9 0
,
0 24 24 30 34 42 38 59 40 33 16 69 18 35 38 32 7 54 27 52 28 43 27 56 74 15 63 68 27 30 30 9 52 8 27 31 87 49 25 22
32 0 45 47 71 29 29 49 33 26 43 26 11 61 65 50 33 32 20 32 26 24 11 25 31 22 43 33 9 26 24 17 27 13 24 42 35 27 36 4
24 19 0 8 10 16 34 8 6 18 7 16 44 26 6 28 16 31 10 24 24 17 24 8 34 17 35 23 43 16 6 20 31 23 11 27 22 15 6 45
43 49 11 0 8 49 38 14 14 38 6 41 37 22 12 54 31 46 21 32 46 4 17 12 59 15 40 30 34 30 21 21 62 18 18 57 32 8 4 43
48 66 13 7 0 24 37 10 15 37 14 53 39 39 13 56 28 32 28 46 24 7 21 31 38 48 49 15 59 37 10 25 37 43 17 25 29 1 3 31
73 64 14 42 38 0 32 25 22 1 38 15 41 9 21 25 62 11 17 52 11 26 25 23 15 54 41 7 55 34 30 40 48 27 11 23 2 39 41 69
35 22 50 57 34 48 0 22 51 36 28 12 5 21 35 12 19 38 14 14 39 64 29 35 27 16 6 22 13 19 39 29 20 32 19 7 39 40 49 35
22 44 7 14 22 16 23 0 8 19 28 31 19 17 4 35 48 29 8 25 16 23 18 5 19 34 25 13 32 26 11 18 33 38 8 30 13 14 8 48
56 22 6 12 11 26 41 8 0 15 21 18 19 12 5 28 32 27 16 36 44 23 15 12 32 23 46 9 24 28 12 19 66 34 19 47 18 10 5 24
32 69 22 47 28 1 21 25 23 0 27 18 28 6 12 19 47 11 25 34 14 29 21 25 14 67 16 14 62 34 17 30 61 24 25 35 1 33 37 49
24 30 5 9 14 55 25 20 21 42 0 50 19 39 13 52 12 47 14 63 61 7 13 19 53 12 55 27 18 22 15 7 72 13 27 51 49 9 5 34
46 22 15 22 45 21 10 28 36 25 33 0 21 16 21 4 62 15 28 21 14 35 23 16 6 29 6 10 36 15 29 42 16 27 12 12 22 41 28 34
25 15 25 39 45 30 6 52 36 53 24 15 0 36 41 27 37 38 22 12 20 49 12 38 14 31 20 44 9 24 20 38 18 38 27 18 48 53 54 17
34 28 23 28 23 9 28 19 13 9 37 12 37 0 17 14 24 16 22 37 15 35 38 15 15 34 21 1 32 19 20 32 27 37 7 18 13 23 22 35
43 48 15 14 12 24 23 2 5 20 17 15 54 12 0 19 24 22 14 53 17 13 22 10 21 21 47 8 50 19 19 28 55 25 8 51 19 13 14 50
49 44 40 47 39 16 16 35 31 17 50 2 16 11 20 0 59 13 27 33 10 26 39 22 2 40 12 10 44 18 27 33 23 50 17 7 10 58 53 29
5 24 30 19 38 54 29 55 18 27 28 53 23 62 45 24 0 72 38 24 49 37 25 37 68 8 36 25 15 45 25 7 32 6 44 26 30 35 40 18
79 26 43 53 47 9 30 30 44 5 65 10 20 17 17 15 30 0 20 42 5 67 47 22 12 49 29 22 57 29 32 59 30 57 18 28 12 27 61 34
35 44 10 19 19 16 23 8 8 22 18 27 24 20 13 23 30 34 0 36 38 15 13 4 30 24 17 18 23 8 2 27 34 15 9 22 38 27 14 19
55 34 50 49 33 28 15 49 26 33 31 20 9 23 45 36 40 50 49 0 45 36 40 50 23 42 7 47 14 34 32 59 3 36 42 13 47 79 65 36
52 35 25 27 51 8 23 30 26 10 40 5 37 14 28 9 46 3 15 31 0 44 44 16 6 39 14 11 41 29 37 36 22 66 17 17 8 49 33 25
22 43 17 5 11 46 23 24 10 62 9 42 60 41 24 46 15 68 19 71 35 0 17 24 59 29 53 37 60 19 26 26 49 24 24 68 31 9 9 39
21 19 25 18 18 45 27 19 24 35 21 16 18 26 30 32 17 39 14 34 24 32 0 16 43 7 37 27 17 16 18 11 47 10 25 34 41 23 34 28
57 26 13 22 24 12 29 11 13 20 28 11 24 6 9 14 40 32 4 42 27 14 20 0 14 20 37 7 19 9 4 22 26 22 5 22 26 15 29 32
42 36 17 30 42 7 13 14 28 10 33 6 20 16 21 4 59 11 19 36 6 35 36 26 0 34 17 18 22 23 22 44 43 22 12 12 12 33 49 31
14 10 12 34 29 42 32 31 43 54 20 38 23 34 36 56 9 37 15 54 37 17 13 28 50 0 54 30 25 14 18 6 51 2 36 50 65 28 21 17
60 32 19 43 68 22 7 26 40 25 23 9 12 14 50 9 31 27 16 8 28 37 35 29 21 50 0 30 30 16 19 50 13 46 18 2 39 65 45 36
37 22 21 16 25 10 31 6 14 8 28 14 23 1 14 10 44 16 17 52 17 32 29 14 17 32 19 0 35 12 9 49 39 22 9 19 11 30 38 56
26 6 37 22 38 33 16 51 51 39 42 24 7 39 20 46 31 31 15 17 45 54 13 26 46 11 31 33 0 22 22 28 14 21 16 24 62 22 43 14
34 30 18 30 47 22 18 19 17 17 13 9 20 8 28 17 36 23 16 27 14 51 9 6 15 34 10 11 20 0 13 35 18 31 10 13 26 46 30 30
40 30 6 10 27 38 34 7 9 39 14 25 38 18 11 33 25 29 3 33 24 16 10 11 37 20 34 21 22 21 0 16 43 16 14 35 24 14 17 39
18 26 20 29 18 56 41 40 27 55 17 23 39 19 37 38 6 55 11 41 46 36 6 32 38 4 34 42 14 19 9 0 22 2 34 47 41 15 17 21
39 26 27 81 58 38 9 60 72 31 28 26 21 49 46 38 45 47 22 4 55 58 22 49 41 48 21 53 12 18 38 59 0 51 29 23 35 85 81 21
6 19 21 23 44 54 20 29 29 47 24 23 35 28 46 53 4 40 25 47 41 31 14 25 44 3 23 29 18 35 28 2 40 0 27 52 59 44 14 27
21 17 19 27 21 21 32 16 16 20 20 8 22 10 11 9 28 16 9 36 25 27 16 4 14 20 25 7 21 9 16 14 31 30 0 16 17 37 34 37
26 35 24 30 68 21 6 45 29 35 43 14 11 20 20 13 40 12 17 17 21 31 20 22 20 32 2 12 28 19 22 43 24 19 14 0 34 67 62 42
80 28 39 54 30 2 34 15 26 1 23 15 34 8 17 20 63 10 27 55 6 50 21 25 17 59 38 13 38 13 40 33 44 33 17 31 0 24 20 43
57 50 7 6 1 24 37 23 11 47 11 48 25 33 8 33 27 62 13 62 41 6 19 29 24 17 24 29 39 18 12 17 54 21 27 28 43 0 3 70
50 47 7 5 3 34 58 10 5 48 6 48 46 15 11 45 27 37 20 55 51 6 37 17 55 23 66 38 39 17 18 20 68 31 32 55 48 4 0 51
14 2 54 43 42 64 26 41 48 35 41 42 18 28 54 59 18 75 46 35 36 63 17 50 33 17 44 33 9 17 33 14 29 12 41 37 77 50 40 0