7
40
,
0 (3.0, 44.0) 27.0
1 (24.0, 48.0) 13.0
2 (14.0, 13.0) 35.0
3 (5.0, 11.0) 47.0
4 (6.0, 4.0) 24.0
5 (40.0, 1.0) 17.0
6 (39.0, 35.0) 31.0
7 (22.0, 6.0) 14.0
8 (16.0, 6.0) 38.0
9 (41.0, 1.0) 35.0
10 (6.0, 18.0) 13.0
11 (42.0, 18.0) 39.0
12 (36.0, 39.0) 48.0
13 (35.0, 9.0) 37.0
14 (20.0, 4.0) 43.0
15 (46.0, 17.0) 29.0
16 (3.0, 38.0) 10.0
17 (49.0, 5.0) 25.0
18 (21.0, 16.0) 45.0
19 (48.0, 43.0) 10.0
20 (46.0, 9.0) 23.0
21 (0.0, 10.0) 18.0
22 (19.0, 31.0) 41.0
23 (26.0, 13.0) 33.0
24 (46.0, 14.0) 47.0
25 (11.0, 36.0) 38.0
26 (46.0, 29.0) 22.0
27 (34.0, 8.0) 10.0
28 (28.0, 42.0) 37.0
29 (32.0, 23.0) 15.0
30 (19.0, 17.0) 21.0
31 (10.0, 32.0) 33.0
32 (48.0, 47.0) 16.0
33 (9.0, 34.0) 29.0
34 (30.0, 15.0) 30.0
35 (45.0, 28.0) 23.0
36 (42.0, 1.0) 19.0
37 (6.0, 5.0) 48.0
38 (7.0, 8.0) 37.0
39 (21.0, 50.0) 29.0
,
0 4 7 7 8 11 7 8 8 11 5 9 7 9 9 10 1 12 7 9 11 7 4 8 10 2 9 10 5 7 6 3 9 2 8 9 12 8 7 4
4 0 7 8 10 10 4 8 9 10 7 7 3 8 9 8 5 10 6 5 9 9 4 7 8 4 6 8 1 5 6 4 5 4 7 6 10 9 9 1
7 7 0 2 2 6 7 2 1 6 2 6 7 4 2 6 5 7 2 9 6 3 4 2 6 5 7 4 6 4 1 4 10 4 3 7 6 2 2 8
7 8 2 0 1 7 8 4 2 7 1 8 8 6 3 8 5 9 3 11 8 1 5 4 8 5 9 6 8 6 3 4 11 5 5 9 8 1 1 8
8 10 2 1 0 7 9 3 2 7 3 8 9 6 3 8 7 9 4 11 8 2 6 4 8 6 9 6 9 6 4 6 12 6 5 9 7 0 1 10
11 10 6 7 7 0 7 4 5 0 8 3 8 2 4 3 10 2 5 9 2 8 7 4 3 9 6 2 9 5 5 9 9 9 3 5 0 7 7 11
7 4 7 8 9 7 0 7 7 7 7 3 1 5 7 4 7 6 5 2 5 9 4 5 4 6 2 5 3 3 5 6 3 6 4 2 7 9 8 5
8 8 2 4 3 4 7 0 1 4 4 5 7 3 1 5 7 5 2 9 5 4 5 2 5 6 7 2 7 4 2 6 10 6 2 6 4 3 3 9
8 9 1 2 2 5 7 1 0 5 3 6 8 4 1 6 7 7 2 10 6 3 5 2 6 6 8 4 8 5 2 5 10 6 3 7 5 2 2 9
11 10 6 7 7 0 7 4 5 0 8 3 8 2 4 3 11 2 5 9 2 8 7 4 3 9 6 2 9 5 5 9 9 9 4 5 0 7 7 11
5 7 2 1 3 8 7 4 3 8 0 7 7 6 4 8 4 9 3 10 8 2 4 4 8 4 8 6 7 5 3 3 10 3 5 8 8 3 2 7
9 7 6 8 8 3 3 5 6 3 7 0 4 2 5 1 9 3 4 5 2 9 5 3 1 7 2 3 6 2 5 7 6 7 2 2 3 8 7 8
7 3 7 8 9 8 1 7 8 8 7 4 0 6 8 5 7 7 5 3 6 9 4 6 5 5 3 6 2 3 6 5 3 5 5 3 8 9 8 4
9 8 4 6 6 2 5 3 4 2 6 2 6 0 3 3 9 3 3 7 2 7 5 2 2 7 5 0 7 3 4 7 8 7 2 4 2 6 6 9
9 9 2 3 3 4 7 1 1 4 4 5 8 3 0 6 8 6 2 10 5 4 5 2 6 7 7 3 8 4 3 6 10 6 3 7 4 3 3 9
10 8 6 8 8 3 4 5 6 3 8 1 5 3 6 0 10 2 5 5 2 9 6 4 1 8 2 3 6 3 5 8 6 8 3 2 3 8 8 8
1 5 5 5 7 10 7 7 7 11 4 9 7 9 8 10 0 11 6 9 10 6 3 7 10 2 9 9 5 7 5 2 9 1 7 9 11 7 6 4
12 10 7 9 9 2 6 5 7 2 9 3 7 3 6 2 11 0 6 8 1 10 8 5 2 10 5 3 9 5 6 9 8 10 4 5 2 9 8 11
7 6 2 3 4 5 5 2 2 5 3 4 5 3 2 5 6 6 0 8 5 4 3 1 5 4 6 3 5 3 0 4 8 4 2 5 5 4 3 7
9 5 9 11 11 9 2 9 10 9 10 5 3 7 10 5 9 8 8 0 7 12 6 7 6 8 3 8 4 5 8 8 1 8 7 3 8 11 11 6
11 9 6 8 8 2 5 5 6 2 8 2 6 2 5 2 10 1 5 7 0 9 7 4 1 9 4 2 8 4 6 9 8 9 3 4 2 8 8 10
7 9 3 1 2 8 9 4 3 8 2 9 9 7 4 9 6 10 4 12 9 0 6 5 9 6 10 7 9 7 4 5 12 5 6 10 9 2 1 9
4 4 4 5 6 7 4 5 5 7 4 5 4 5 5 6 3 8 3 6 7 6 0 4 6 2 5 5 3 3 3 2 7 2 4 5 8 6 5 4
8 7 2 4 4 4 5 2 2 4 4 3 6 2 2 4 7 5 1 7 4 5 4 0 4 5 5 2 6 2 2 5 8 5 1 5 4 4 4 7
10 8 6 8 8 3 4 5 6 3 8 1 5 2 6 1 10 2 5 6 1 9 6 4 0 8 3 3 7 3 5 8 7 8 3 3 3 8 8 9
2 4 5 5 6 9 6 6 6 9 4 7 5 7 7 8 2 10 4 8 9 6 2 5 8 0 7 7 4 5 4 1 8 1 6 7 9 6 6 3
9 6 7 9 9 6 2 7 8 6 8 2 3 5 7 2 9 5 6 3 4 10 5 5 3 7 0 5 4 3 6 7 4 7 4 0 6 9 9 7
10 8 4 6 6 2 5 2 4 2 6 3 6 0 3 3 9 3 3 8 2 7 5 2 3 7 5 0 7 3 3 7 8 7 2 5 2 6 5 9
5 1 6 8 9 9 3 7 8 9 7 6 2 7 8 6 5 9 5 4 8 9 3 6 7 4 4 7 0 4 5 4 4 4 5 4 9 9 8 2
7 5 4 6 6 5 3 4 5 5 5 2 3 3 4 3 7 5 3 5 4 7 3 2 3 5 3 3 4 0 3 5 6 5 2 3 5 6 6 6
6 6 1 3 4 5 5 2 2 5 3 5 6 4 3 5 5 6 0 8 6 4 3 2 5 4 6 3 5 3 0 3 8 4 2 6 6 4 3 7
3 4 4 4 6 9 6 6 5 9 3 7 5 7 6 8 2 9 4 8 9 5 2 5 8 1 7 7 4 5 3 0 8 0 5 7 9 5 5 4
9 5 10 11 12 9 3 10 10 9 10 6 3 8 10 6 9 8 8 1 8 12 7 8 7 8 4 8 4 6 8 8 0 8 7 4 9 12 11 5
2 4 4 5 6 9 6 6 6 9 3 7 5 7 6 8 1 10 4 8 9 5 2 5 8 1 7 7 4 5 4 0 8 0 6 7 9 6 5 4
8 7 3 5 5 3 4 2 3 4 5 2 5 2 3 3 7 4 2 7 3 6 4 1 3 6 4 2 5 2 2 5 7 6 0 4 4 5 5 7
9 6 7 9 9 5 2 6 7 5 8 2 3 4 7 2 9 5 5 3 4 10 5 5 3 7 0 5 4 3 6 7 4 7 4 0 5 9 9 7
12 10 6 8 7 0 7 4 5 0 8 3 8 2 4 3 11 2 5 8 2 9 8 4 3 9 6 2 9 5 6 9 9 9 4 5 0 7 7 11
8 9 2 1 0 7 9 3 2 7 3 8 9 6 3 8 7 9 4 11 8 2 6 4 8 6 9 6 9 6 4 5 12 6 5 9 7 0 1 9
7 9 2 1 1 7 8 3 2 7 2 7 8 6 3 8 6 8 3 11 8 1 5 4 8 6 9 5 8 6 3 5 11 5 5 9 7 1 0 9
4 1 8 8 10 11 5 9 9 11 7 8 4 9 9 8 4 11 7 6 10 9 4 7 9 3 7 9 2 6 7 4 5 4 7 7 11 9 9 0
,
0 27 33 24 49 73 29 31 59 55 16 56 20 50 29 37 6 49 44 31 66 45 11 55 29 16 40 65 16 50 30 11 36 13 41 44 31 40 34 11
23 0 52 48 28 74 24 43 36 33 36 50 20 57 57 22 35 26 24 16 38 66 22 38 59 20 34 56 4 20 44 21 12 25 50 15 38 23 23 3
39 31 0 12 18 39 43 12 5 37 11 15 25 14 6 18 35 27 8 30 20 8 16 13 40 15 28 13 30 29 6 16 65 29 8 43 43 7 12 35
17 25 8 0 4 52 23 26 7 39 4 23 56 26 17 60 16 31 25 48 26 4 14 18 40 35 59 16 49 41 22 28 32 21 26 29 31 7 4 31
28 44 10 6 0 41 36 10 10 21 9 32 34 25 14 49 22 62 20 77 44 5 28 19 22 21 36 37 47 40 18 25 65 20 38 48 28 1 3 71
47 39 23 34 22 0 35 28 15 1 34 9 21 5 30 21 31 5 17 40 9 51 51 10 19 55 37 5 43 25 14 36 34 40 9 23 2 34 30 48
21 13 26 33 45 29 0 42 33 32 55 21 6 27 30 27 51 37 26 16 35 60 27 18 31 30 8 16 9 17 37 33 15 38 28 9 43 56 25 19
24 37 10 24 19 12 26 0 5 21 19 20 39 13 2 20 55 29 8 23 12 29 33 11 20 33 27 16 30 26 7 18 47 28 13 28 21 22 20 55
44 44 8 14 13 15 19 6 0 15 9 20 56 20 5 18 24 32 10 70 16 12 33 10 33 41 39 23 44 28 9 21 33 17 18 42 34 11 6 23
41 36 42 41 36 1 34 10 28 0 34 9 52 7 15 10 44 10 25 42 11 41 34 28 8 29 17 14 55 32 39 36 55 61 19 38 1 52 47 32
19 29 8 10 16 19 49 28 12 42 0 24 22 39 22 59 16 43 13 46 47 6 22 25 33 22 28 17 19 24 9 11 29 11 12 30 48 12 12 20
37 36 16 20 48 12 11 31 42 21 34 0 25 12 32 3 45 15 24 16 10 64 19 18 5 41 17 15 26 13 31 39 32 48 11 11 17 27 24 50
28 14 45 50 45 28 5 50 42 53 24 30 0 27 31 32 25 23 27 7 42 37 15 30 33 13 15 30 13 22 28 16 18 21 21 13 43 48 27 14
36 37 17 43 21 7 28 10 24 9 42 8 27 0 19 8 28 16 16 36 16 27 39 12 8 35 15 2 32 11 12 31 58 46 8 29 14 39 17 50
44 28 10 11 16 26 43 2 5 23 27 36 40 10 0 31 54 32 12 32 23 11 23 10 34 18 30 21 40 22 15 16 76 38 22 41 24 14 9 65
70 32 41 53 32 17 20 31 21 22 35 2 15 18 34 0 55 16 14 24 5 62 17 18 4 28 9 11 31 21 31 36 34 21 10 9 15 61 54 30
9 12 16 16 28 37 23 39 32 49 28 55 39 58 57 37 0 39 39 51 27 24 16 37 29 5 49 60 22 18 33 8 30 6 53 29 61 34 16 16
65 35 32 41 61 11 37 37 35 12 42 13 50 13 39 15 53 0 45 22 7 47 54 14 6 57 28 16 58 24 23 36 59 64 13 34 10 53 47 57
29 40 11 17 23 23 14 13 16 18 19 22 22 16 13 36 32 39 0 27 23 21 13 4 36 17 33 21 23 9 2 17 54 25 8 38 25 23 14 20
52 28 31 41 75 59 11 48 28 53 69 25 16 31 50 14 58 35 42 0 36 44 20 34 28 35 19 19 16 32 54 54 4 37 45 8 56 78 70 42
83 47 27 39 55 5 36 33 16 6 22 11 35 15 33 10 44 5 17 44 0 52 18 11 4 56 28 10 51 18 37 26 23 53 9 11 8 54 43 57
38 63 16 7 8 33 29 20 11 61 12 64 51 43 26 40 29 71 15 69 43 0 39 25 43 20 48 45 22 45 12 27 41 34 30 63 59 8 9 53
17 27 22 19 28 23 17 16 18 51 12 28 21 20 14 21 11 27 19 26 32 18 0 21 34 8 29 23 8 14 14 10 31 10 13 18 53 27 15 19
49 23 11 25 11 20 33 7 8 25 13 11 35 6 10 20 48 35 4 35 25 25 10 0 27 19 37 12 36 8 8 37 47 24 3 30 23 15 10 47
40 31 19 61 36 15 19 21 41 12 32 6 35 7 37 4 40 14 28 17 3 34 20 23 0 41 10 18 44 14 34 25 41 31 16 10 9 28 50 62
7 23 33 18 47 55 41 29 36 24 24 45 34 22 48 44 9 66 20 41 46 37 8 28 51 0 20 46 14 23 27 4 22 3 31 21 66 39 34 16
36 38 29 24 28 41 12 28 26 14 32 13 11 27 26 14 24 19 35 9 26 31 15 30 12 39 0 29 22 16 21 52 22 55 13 1 29 56 60 22
58 47 14 27 32 7 18 6 16 10 38 15 32 1 13 20 64 16 13 32 9 27 17 9 7 32 31 0 19 22 22 31 24 36 9 21 11 32 18 63
31 6 37 23 26 44 8 33 56 27 35 20 13 30 58 37 33 24 26 14 53 38 13 15 36 21 16 18 0 15 34 19 28 13 30 28 39 60 42 13
20 23 15 32 36 20 19 11 26 19 35 8 15 16 23 20 43 22 17 17 25 44 22 13 22 26 18 13 11 0 10 31 19 17 9 13 25 21 32 25
22 47 3 8 20 20 23 8 17 38 18 27 18 13 11 25 20 28 3 30 36 28 11 11 26 29 22 26 17 20 0 22 39 15 12 30 16 17 15 22
9 29 23 26 27 64 34 29 15 40 11 41 21 50 32 23 8 47 13 33 52 15 7 37 22 3 21 22 19 25 25 0 50 2 23 31 31 19 27 13
62 20 30 82 62 60 11 37 69 53 49 19 21 43 42 16 52 60 43 2 30 91 34 42 42 22 12 34 13 17 49 54 0 53 46 21 51 56 54 37
14 14 23 20 29 44 32 38 20 39 11 47 32 49 44 47 7 44 12 56 41 20 13 18 28 3 51 51 29 37 21 2 42 0 40 40 62 43 28 21
39 32 14 17 30 18 31 14 17 12 24 8 23 10 10 22 53 19 11 49 16 26 18 6 14 41 18 11 32 10 9 21 20 19 0 27 9 22 29 40
46 32 33 23 58 20 10 41 25 17 22 14 13 31 19 6 36 29 14 23 22 37 28 32 10 48 1 16 29 9 40 43 13 31 19 0 18 37 33 40
29 55 42 51 37 2 50 30 18 1 57 11 36 7 21 9 66 7 35 48 13 47 21 13 14 30 18 12 61 14 28 39 55 50 17 25 0 42 23 71
43 52 17 3 1 17 42 11 6 44 13 28 24 22 8 54 29 64 13 50 33 7 21 19 57 17 59 25 57 19 10 39 61 34 16 26 27 0 3 32
32 44 5 2 6 38 22 13 6 27 9 40 54 26 13 58 16 42 15 64 43 9 28 15 32 17 65 38 47 23 17 31 42 21 24 58 41 2 0 32
13 4 43 61 68 74 22 57 48 43 22 25 27 27 24 23 16 79 34 29 28 62 14 24 25 18 39 31 15 33 46 29 37 16 43 25 47 69 47 0