7
40
,
0 (3.0, 44.0) 22.0
1 (24.0, 48.0) 43.0
2 (14.0, 13.0) 42.0
3 (5.0, 11.0) 35.0
4 (6.0, 4.0) 19.0
5 (40.0, 1.0) 15.0
6 (39.0, 35.0) 41.0
7 (22.0, 6.0) 35.0
8 (16.0, 6.0) 17.0
9 (41.0, 1.0) 33.0
10 (6.0, 18.0) 32.0
11 (42.0, 18.0) 33.0
12 (36.0, 39.0) 35.0
13 (35.0, 9.0) 48.0
14 (20.0, 4.0) 37.0
15 (46.0, 17.0) 43.0
16 (3.0, 38.0) 22.0
17 (49.0, 5.0) 19.0
18 (21.0, 16.0) 42.0
19 (48.0, 43.0) 14.0
20 (46.0, 9.0) 25.0
21 (0.0, 10.0) 19.0
22 (19.0, 31.0) 30.0
23 (26.0, 13.0) 30.0
24 (46.0, 14.0) 45.0
25 (11.0, 36.0) 10.0
26 (46.0, 29.0) 20.0
27 (34.0, 8.0) 50.0
28 (28.0, 42.0) 33.0
29 (32.0, 23.0) 42.0
30 (19.0, 17.0) 39.0
31 (10.0, 32.0) 15.0
32 (48.0, 47.0) 13.0
33 (9.0, 34.0) 17.0
34 (30.0, 15.0) 33.0
35 (45.0, 28.0) 35.0
36 (42.0, 1.0) 26.0
37 (6.0, 5.0) 46.0
38 (7.0, 8.0) 36.0
39 (21.0, 50.0) 22.0
,
0 4 7 7 8 11 7 8 8 11 5 9 7 9 9 10 1 12 7 9 11 7 4 8 10 2 9 10 5 7 6 3 9 2 8 9 12 8 7 4
4 0 7 8 10 10 4 8 9 10 7 7 3 8 9 8 5 10 6 5 9 9 4 7 8 4 6 8 1 5 6 4 5 4 7 6 10 9 9 1
7 7 0 2 2 6 7 2 1 6 2 6 7 4 2 6 5 7 2 9 6 3 4 2 6 5 7 4 6 4 1 4 10 4 3 7 6 2 2 8
7 8 2 0 1 7 8 4 2 7 1 8 8 6 3 8 5 9 3 11 8 1 5 4 8 5 9 6 8 6 3 4 11 5 5 9 8 1 1 8
8 10 2 1 0 7 9 3 2 7 3 8 9 6 3 8 7 9 4 11 8 2 6 4 8 6 9 6 9 6 4 6 12 6 5 9 7 0 1 10
11 10 6 7 7 0 7 4 5 0 8 3 8 2 4 3 10 2 5 9 2 8 7 4 3 9 6 2 9 5 5 9 9 9 3 5 0 7 7 11
7 4 7 8 9 7 0 7 7 7 7 3 1 5 7 4 7 6 5 2 5 9 4 5 4 6 2 5 3 3 5 6 3 6 4 2 7 9 8 5
8 8 2 4 3 4 7 0 1 4 4 5 7 3 1 5 7 5 2 9 5 4 5 2 5 6 7 2 7 4 2 6 10 6 2 6 4 3 3 9
8 9 1 2 2 5 7 1 0 5 3 6 8 4 1 6 7 7 2 10 6 3 5 2 6 6 8 4 8 5 2 5 10 6 3 7 5 2 2 9
11 10 6 7 7 0 7 4 5 0 8 3 8 2 4 3 11 2 5 9 2 8 7 4 3 9 6 2 9 5 5 9 9 9 4 5 0 7 7 11
5 7 2 1 3 8 7 4 3 8 0 7 7 6 4 8 4 9 3 10 8 2 4 4 8 4 8 6 7 5 3 3 10 3 5 8 8 3 2 7
9 7 6 8 8 3 3 5 6 3 7 0 4 2 5 1 9 3 4 5 2 9 5 3 1 7 2 3 6 2 5 7 6 7 2 2 3 8 7 8
7 3 7 8 9 8 1 7 8 8 7 4 0 6 8 5 7 7 5 3 6 9 4 6 5 5 3 6 2 3 6 5 3 5 5 3 8 9 8 4
9 8 4 6 6 2 5 3 4 2 6 2 6 0 3 3 9 3 3 7 2 7 5 2 2 7 5 0 7 3 4 7 8 7 2 4 2 6 6 9
9 9 2 3 3 4 7 1 1 4 4 5 8 3 0 6 8 6 2 10 5 4 5 2 6 7 7 3 8 4 3 6 10 6 3 7 4 3 3 9
10 8 6 8 8 3 4 5 6 3 8 1 5 3 6 0 10 2 5 5 2 9 6 4 1 8 2 3 6 3 5 8 6 8 3 2 3 8 8 8
1 5 5 5 7 10 7 7 7 11 4 9 7 9 8 10 0 11 6 9 10 6 3 7 10 2 9 9 5 7 5 2 9 1 7 9 11 7 6 4
12 10 7 9 9 2 6 5 7 2 9 3 7 3 6 2 11 0 6 8 1 10 8 5 2 10 5 3 9 5 6 9 8 10 4 5 2 9 8 11
7 6 2 3 4 5 5 2 2 5 3 4 5 3 2 5 6 6 0 8 5 4 3 1 5 4 6 3 5 3 0 4 8 4 2 5 5 4 3 7
9 5 9 11 11 9 2 9 10 9 10 5 3 7 10 5 9 8 8 0 7 12 6 7 6 8 3 8 4 5 8 8 1 8 7 3 8 11 11 6
11 9 6 8 8 2 5 5 6 2 8 2 6 2 5 2 10 1 5 7 0 9 7 4 1 9 4 2 8 4 6 9 8 9 3 4 2 8 8 10
7 9 3 1 2 8 9 4 3 8 2 9 9 7 4 9 6 10 4 12 9 0 6 5 9 6 10 7 9 7 4 5 12 5 6 10 9 2 1 9
4 4 4 5 6 7 4 5 5 7 4 5 4 5 5 6 3 8 3 6 7 6 0 4 6 2 5 5 3 3 3 2 7 2 4 5 8 6 5 4
8 7 2 4 4 4 5 2 2 4 4 3 6 2 2 4 7 5 1 7 4 5 4 0 4 5 5 2 6 2 2 5 8 5 1 5 4 4 4 7
10 8 6 8 8 3 4 5 6 3 8 1 5 2 6 1 10 2 5 6 1 9 6 4 0 8 3 3 7 3 5 8 7 8 3 3 3 8 8 9
2 4 5 5 6 9 6 6 6 9 4 7 5 7 7 8 2 10 4 8 9 6 2 5 8 0 7 7 4 5 4 1 8 1 6 7 9 6 6 3
9 6 7 9 9 6 2 7 8 6 8 2 3 5 7 2 9 5 6 3 4 10 5 5 3 7 0 5 4 3 6 7 4 7 4 0 6 9 9 7
10 8 4 6 6 2 5 2 4 2 6 3 6 0 3 3 9 3 3 8 2 7 5 2 3 7 5 0 7 3 3 7 8 7 2 5 2 6 5 9
5 1 6 8 9 9 3 7 8 9 7 6 2 7 8 6 5 9 5 4 8 9 3 6 7 4 4 7 0 4 5 4 4 4 5 4 9 9 8 2
7 5 4 6 6 5 3 4 5 5 5 2 3 3 4 3 7 5 3 5 4 7 3 2 3 5 3 3 4 0 3 5 6 5 2 3 5 6 6 6
6 6 1 3 4 5 5 2 2 5 3 5 6 4 3 5 5 6 0 8 6 4 3 2 5 4 6 3 5 3 0 3 8 4 2 6 6 4 3 7
3 4 4 4 6 9 6 6 5 9 3 7 5 7 6 8 2 9 4 8 9 5 2 5 8 1 7 7 4 5 3 0 8 0 5 7 9 5 5 4
9 5 10 11 12 9 3 10 10 9 10 6 3 8 10 6 9 8 8 1 8 12 7 8 7 8 4 8 4 6 8 8 0 8 7 4 9 12 11 5
2 4 4 5 6 9 6 6 6 9 3 7 5 7 6 8 1 10 4 8 9 5 2 5 8 1 7 7 4 5 4 0 8 0 6 7 9 6 5 4
8 7 3 5 5 3 4 2 3 4 5 2 5 2 3 3 7 4 2 7 3 6 4 1 3 6 4 2 5 2 2 5 7 6 0 4 4 5 5 7
9 6 7 9 9 5 2 6 7 5 8 2 3 4 7 2 9 5 5 3 4 10 5 5 3 7 0 5 4 3 6 7 4 7 4 0 5 9 9 7
12 10 6 8 7 0 7 4 5 0 8 3 8 2 4 3 11 2 5 8 2 9 8 4 3 9 6 2 9 5 6 9 9 9 4 5 0 7 7 11
8 9 2 1 0 7 9 3 2 7 3 8 9 6 3 8 7 9 4 11 8 2 6 4 8 6 9 6 9 6 4 5 12 6 5 9 7 0 1 9
7 9 2 1 1 7 8 3 2 7 2 7 8 6 3 8 6 8 3 11 8 1 5 4 8 6 9 5 8 6 3 5 11 5 5 9 7 1 0 9
4 1 8 8 10 11 5 9 9 11 7 8 4 9 9 8 4 11 7 6 10 9 4 7 9 3 7 9 2 6 7 4 5 4 7 7 11 9 9 0
,
0 25 49 38 44 79 51 57 28 58 32 27 28 63 36 35 7 42 44 56 33 50 26 53 29 9 61 27 25 41 38 10 62 13 31 48 32 44 29 14
31 0 46 60 39 28 25 31 32 28 49 51 22 37 30 31 17 36 48 30 39 41 14 43 46 18 24 29 8 39 33 22 19 16 36 41 62 30 59 4
48 49 0 8 14 21 26 6 5 15 9 28 39 27 15 20 15 36 4 56 21 16 25 12 47 19 29 28 46 16 3 18 64 18 17 41 40 10 5 28
18 35 11 0 5 20 35 25 11 25 5 56 41 20 21 25 28 60 10 56 59 3 26 11 46 34 46 25 32 25 19 28 81 17 29 45 25 9 5 36
43 50 11 10 0 38 68 16 15 39 20 38 68 42 14 35 21 25 16 71 57 10 31 20 29 45 65 20 65 37 19 16 82 44 17 51 28 1 2 56
50 66 21 39 40 0 34 27 24 1 32 24 23 14 26 9 36 11 13 44 6 23 40 25 21 46 21 8 41 15 33 45 61 26 9 22 2 40 30 35
19 27 43 34 59 43 0 34 41 24 25 23 3 19 30 18 34 19 20 11 38 30 17 31 29 31 11 33 16 21 35 43 9 43 28 13 44 65 51 32
36 26 11 23 23 28 34 0 4 19 16 17 19 7 2 15 26 34 14 52 35 29 37 6 14 26 45 15 32 18 10 43 68 33 15 33 16 16 8 57
29 58 5 16 11 23 36 4 0 25 13 38 30 23 3 24 34 27 15 52 31 17 36 18 29 40 47 24 35 18 10 23 36 21 21 20 31 10 10 36
40 49 26 52 48 1 41 23 26 0 25 25 36 5 20 17 48 11 35 28 6 39 33 18 9 46 18 10 52 35 33 49 41 30 9 40 1 51 23 58
37 38 13 5 11 19 24 21 12 22 0 38 49 33 27 27 21 33 21 46 44 5 23 16 23 25 45 37 37 28 18 8 27 23 26 24 54 18 5 49
27 31 39 30 27 20 11 28 24 14 34 0 12 17 38 3 64 17 18 17 6 47 25 18 8 34 17 10 20 13 14 45 39 20 10 12 19 26 34 32
31 13 31 36 50 37 3 19 48 31 39 21 0 30 39 35 21 23 29 11 21 42 16 37 25 17 19 32 6 20 29 29 9 24 22 11 56 25 54 24
62 32 11 41 27 13 31 20 26 10 35 16 20 0 11 7 27 7 13 29 6 32 33 14 17 28 32 1 49 12 17 34 25 34 10 28 9 18 14 49
28 37 6 15 12 23 51 2 3 20 17 21 51 21 0 18 27 32 12 65 30 13 30 13 22 37 47 14 32 18 9 23 29 20 11 43 25 15 12 47
43 25 21 59 24 25 26 35 34 24 40 2 13 12 33 0 39 15 23 15 5 55 16 12 3 34 8 15 25 19 34 38 19 40 18 15 23 22 56 21
6 30 26 40 47 41 34 26 42 47 28 61 22 40 42 36 0 47 37 56 64 31 9 42 42 9 46 33 33 32 15 8 43 5 26 22 78 18 32 29
88 71 43 32 52 7 40 23 19 5 32 10 22 11 29 16 60 0 33 26 3 69 54 17 12 71 29 14 53 20 20 35 35 31 15 32 6 55 49 46
42 28 7 10 12 33 28 10 6 32 23 29 28 23 10 36 42 17 0 22 24 19 15 8 19 14 34 18 22 18 2 11 58 13 12 39 33 27 20 42
44 23 47 63 70 50 15 45 72 23 42 28 8 21 58 39 62 56 52 0 46 86 41 30 21 20 15 30 17 38 40 26 3 23 22 13 53 38 55 28
39 43 35 27 51 14 30 21 34 14 55 14 37 12 32 9 56 7 26 45 0 56 52 15 4 66 25 14 35 14 30 43 52 48 9 13 12 33 30 49
41 31 18 3 6 53 28 24 18 54 8 48 47 28 18 25 30 42 30 59 30 0 41 13 45 33 38 34 52 30 29 34 36 24 23 40 27 6 9 55
16 19 13 25 17 26 27 37 27 40 23 34 20 24 22 36 24 48 17 16 52 17 0 12 28 8 37 28 20 8 8 11 27 14 18 15 40 15 31 14
52 30 15 25 30 15 15 9 12 10 29 12 30 10 15 16 46 30 4 30 26 14 10 0 22 34 20 11 37 12 7 13 35 40 4 25 19 15 16 30
30 33 18 55 55 17 33 13 29 20 59 3 38 7 23 3 54 11 28 26 7 26 21 24 0 56 22 11 25 20 27 28 38 60 13 13 12 58 47 47
10 24 19 26 40 34 42 16 45 31 13 50 22 38 35 53 10 34 20 49 64 19 13 17 36 0 23 29 15 29 14 6 29 3 31 38 59 16 20 11
30 27 50 38 59 24 11 44 40 19 46 10 20 29 36 17 54 33 17 12 24 45 22 36 17 51 0 33 25 10 39 42 20 54 20 2 20 47 48 45
62 26 18 19 33 14 14 17 16 8 22 13 44 1 10 22 57 15 19 50 7 19 25 11 12 21 23 0 28 13 19 39 48 24 11 30 16 19 30 23
37 8 19 52 57 36 13 48 21 41 31 32 12 49 39 35 37 22 16 24 52 28 12 39 32 26 22 38 0 11 27 22 27 13 21 31 51 55 53 11
23 38 25 19 21 24 9 27 14 21 30 14 11 16 27 10 43 26 10 32 11 49 19 10 23 22 10 8 14 0 12 17 25 15 7 20 13 40 41 33
22 46 7 11 27 29 30 13 8 39 14 14 25 11 14 15 34 16 3 48 15 10 9 11 29 29 20 23 21 15 0 25 44 13 16 33 25 14 12 19
14 30 16 12 30 36 31 21 37 52 14 22 22 31 19 23 7 37 27 50 24 23 8 24 22 3 46 25 24 26 21 0 48 2 18 40 36 31 12 14
52 29 56 79 67 65 13 31 30 32 39 36 18 24 36 15 25 50 43 5 31 81 46 58 33 24 22 46 11 36 47 52 0 32 44 23 67 48 30 23
11 22 14 19 27 48 39 33 38 36 13 31 37 22 36 34 9 28 31 24 52 28 10 39 61 2 43 46 18 13 25 3 29 0 42 42 34 17 35 18
54 30 9 31 29 12 21 15 11 13 24 13 31 12 22 13 40 11 10 34 24 31 23 5 22 36 11 11 30 5 9 32 36 17 0 25 14 36 35 22
33 28 43 56 52 18 9 45 54 19 38 11 15 18 26 12 46 27 16 18 20 37 22 30 16 20 1 15 14 9 41 21 19 31 24 0 36 31 28 30
86 44 31 28 45 3 42 17 21 1 37 11 54 7 29 24 64 10 31 29 5 48 38 20 10 32 40 14 63 26 38 25 27 33 11 28 0 36 21 38
53 32 8 4 1 49 37 22 15 47 11 37 24 36 10 42 34 44 19 77 41 6 34 12 40 24 53 38 57 35 20 39 72 43 39 47 36 0 4 47
24 23 12 3 3 49 44 14 9 29 13 33 41 35 7 49 42 24 12 76 32 6 16 14 30 18 64 30 31 29 19 28 47 39 30 26 36 4 0 48
22 5 30 41 27 41 14 36 66 59 34 51 19 24 30 21 22 35 26 28 45 64 19 36 32 23 24 36 14 28 46 19 14 19 29 31 41 46 54 0