7
40
,
0 (3.0, 44.0) 22.0
1 (24.0, 48.0) 15.0
2 (14.0, 13.0) 29.0
3 (5.0, 11.0) 49.0
4 (6.0, 4.0) 32.0
5 (40.0, 1.0) 34.0
6 (39.0, 35.0) 24.0
7 (22.0, 6.0) 26.0
8 (16.0, 6.0) 24.0
9 (41.0, 1.0) 10.0
10 (6.0, 18.0) 17.0
11 (42.0, 18.0) 26.0
12 (36.0, 39.0) 16.0
13 (35.0, 9.0) 17.0
14 (20.0, 4.0) 42.0
15 (46.0, 17.0) 49.0
16 (3.0, 38.0) 14.0
17 (49.0, 5.0) 36.0
18 (21.0, 16.0) 43.0
19 (48.0, 43.0) 31.0
20 (46.0, 9.0) 29.0
21 (0.0, 10.0) 20.0
22 (19.0, 31.0) 44.0
23 (26.0, 13.0) 22.0
24 (46.0, 14.0) 27.0
25 (11.0, 36.0) 15.0
26 (46.0, 29.0) 14.0
27 (34.0, 8.0) 11.0
28 (28.0, 42.0) 29.0
29 (32.0, 23.0) 48.0
30 (19.0, 17.0) 14.0
31 (10.0, 32.0) 10.0
32 (48.0, 47.0) 12.0
33 (9.0, 34.0) 11.0
34 (30.0, 15.0) 19.0
35 (45.0, 28.0) 26.0
36 (42.0, 1.0) 28.0
37 (6.0, 5.0) 11.0
38 (7.0, 8.0) 16.0
39 (21.0, 50.0) 11.0
,
0 4 7 7 8 11 7 8 8 11 5 9 7 9 9 10 1 12 7 9 11 7 4 8 10 2 9 10 5 7 6 3 9 2 8 9 12 8 7 4
4 0 7 8 10 10 4 8 9 10 7 7 3 8 9 8 5 10 6 5 9 9 4 7 8 4 6 8 1 5 6 4 5 4 7 6 10 9 9 1
7 7 0 2 2 6 7 2 1 6 2 6 7 4 2 6 5 7 2 9 6 3 4 2 6 5 7 4 6 4 1 4 10 4 3 7 6 2 2 8
7 8 2 0 1 7 8 4 2 7 1 8 8 6 3 8 5 9 3 11 8 1 5 4 8 5 9 6 8 6 3 4 11 5 5 9 8 1 1 8
8 10 2 1 0 7 9 3 2 7 3 8 9 6 3 8 7 9 4 11 8 2 6 4 8 6 9 6 9 6 4 6 12 6 5 9 7 0 1 10
11 10 6 7 7 0 7 4 5 0 8 3 8 2 4 3 10 2 5 9 2 8 7 4 3 9 6 2 9 5 5 9 9 9 3 5 0 7 7 11
7 4 7 8 9 7 0 7 7 7 7 3 1 5 7 4 7 6 5 2 5 9 4 5 4 6 2 5 3 3 5 6 3 6 4 2 7 9 8 5
8 8 2 4 3 4 7 0 1 4 4 5 7 3 1 5 7 5 2 9 5 4 5 2 5 6 7 2 7 4 2 6 10 6 2 6 4 3 3 9
8 9 1 2 2 5 7 1 0 5 3 6 8 4 1 6 7 7 2 10 6 3 5 2 6 6 8 4 8 5 2 5 10 6 3 7 5 2 2 9
11 10 6 7 7 0 7 4 5 0 8 3 8 2 4 3 11 2 5 9 2 8 7 4 3 9 6 2 9 5 5 9 9 9 4 5 0 7 7 11
5 7 2 1 3 8 7 4 3 8 0 7 7 6 4 8 4 9 3 10 8 2 4 4 8 4 8 6 7 5 3 3 10 3 5 8 8 3 2 7
9 7 6 8 8 3 3 5 6 3 7 0 4 2 5 1 9 3 4 5 2 9 5 3 1 7 2 3 6 2 5 7 6 7 2 2 3 8 7 8
7 3 7 8 9 8 1 7 8 8 7 4 0 6 8 5 7 7 5 3 6 9 4 6 5 5 3 6 2 3 6 5 3 5 5 3 8 9 8 4
9 8 4 6 6 2 5 3 4 2 6 2 6 0 3 3 9 3 3 7 2 7 5 2 2 7 5 0 7 3 4 7 8 7 2 4 2 6 6 9
9 9 2 3 3 4 7 1 1 4 4 5 8 3 0 6 8 6 2 10 5 4 5 2 6 7 7 3 8 4 3 6 10 6 3 7 4 3 3 9
10 8 6 8 8 3 4 5 6 3 8 1 5 3 6 0 10 2 5 5 2 9 6 4 1 8 2 3 6 3 5 8 6 8 3 2 3 8 8 8
1 5 5 5 7 10 7 7 7 11 4 9 7 9 8 10 0 11 6 9 10 6 3 7 10 2 9 9 5 7 5 2 9 1 7 9 11 7 6 4
12 10 7 9 9 2 6 5 7 2 9 3 7 3 6 2 11 0 6 8 1 10 8 5 2 10 5 3 9 5 6 9 8 10 4 5 2 9 8 11
7 6 2 3 4 5 5 2 2 5 3 4 5 3 2 5 6 6 0 8 5 4 3 1 5 4 6 3 5 3 0 4 8 4 2 5 5 4 3 7
9 5 9 11 11 9 2 9 10 9 10 5 3 7 10 5 9 8 8 0 7 12 6 7 6 8 3 8 4 5 8 8 1 8 7 3 8 11 11 6
11 9 6 8 8 2 5 5 6 2 8 2 6 2 5 2 10 1 5 7 0 9 7 4 1 9 4 2 8 4 6 9 8 9 3 4 2 8 8 10
7 9 3 1 2 8 9 4 3 8 2 9 9 7 4 9 6 10 4 12 9 0 6 5 9 6 10 7 9 7 4 5 12 5 6 10 9 2 1 9
4 4 4 5 6 7 4 5 5 7 4 5 4 5 5 6 3 8 3 6 7 6 0 4 6 2 5 5 3 3 3 2 7 2 4 5 8 6 5 4
8 7 2 4 4 4 5 2 2 4 4 3 6 2 2 4 7 5 1 7 4 5 4 0 4 5 5 2 6 2 2 5 8 5 1 5 4 4 4 7
10 8 6 8 8 3 4 5 6 3 8 1 5 2 6 1 10 2 5 6 1 9 6 4 0 8 3 3 7 3 5 8 7 8 3 3 3 8 8 9
2 4 5 5 6 9 6 6 6 9 4 7 5 7 7 8 2 10 4 8 9 6 2 5 8 0 7 7 4 5 4 1 8 1 6 7 9 6 6 3
9 6 7 9 9 6 2 7 8 6 8 2 3 5 7 2 9 5 6 3 4 10 5 5 3 7 0 5 4 3 6 7 4 7 4 0 6 9 9 7
10 8 4 6 6 2 5 2 4 2 6 3 6 0 3 3 9 3 3 8 2 7 5 2 3 7 5 0 7 3 3 7 8 7 2 5 2 6 5 9
5 1 6 8 9 9 3 7 8 9 7 6 2 7 8 6 5 9 5 4 8 9 3 6 7 4 4 7 0 4 5 4 4 4 5 4 9 9 8 2
7 5 4 6 6 5 3 4 5 5 5 2 3 3 4 3 7 5 3 5 4 7 3 2 3 5 3 3 4 0 3 5 6 5 2 3 5 6 6 6
6 6 1 3 4 5 5 2 2 5 3 5 6 4 3 5 5 6 0 8 6 4 3 2 5 4 6 3 5 3 0 3 8 4 2 6 6 4 3 7
3 4 4 4 6 9 6 6 5 9 3 7 5 7 6 8 2 9 4 8 9 5 2 5 8 1 7 7 4 5 3 0 8 0 5 7 9 5 5 4
9 5 10 11 12 9 3 10 10 9 10 6 3 8 10 6 9 8 8 1 8 12 7 8 7 8 4 8 4 6 8 8 0 8 7 4 9 12 11 5
2 4 4 5 6 9 6 6 6 9 3 7 5 7 6 8 1 10 4 8 9 5 2 5 8 1 7 7 4 5 4 0 8 0 6 7 9 6 5 4
8 7 3 5 5 3 4 2 3 4 5 2 5 2 3 3 7 4 2 7 3 6 4 1 3 6 4 2 5 2 2 5 7 6 0 4 4 5 5 7
9 6 7 9 9 5 2 6 7 5 8 2 3 4 7 2 9 5 5 3 4 10 5 5 3 7 0 5 4 3 6 7 4 7 4 0 5 9 9 7
12 10 6 8 7 0 7 4 5 0 8 3 8 2 4 3 11 2 5 8 2 9 8 4 3 9 6 2 9 5 6 9 9 9 4 5 0 7 7 11
8 9 2 1 0 7 9 3 2 7 3 8 9 6 3 8 7 9 4 11 8 2 6 4 8 6 9 6 9 6 4 5 12 6 5 9 7 0 1 9
7 9 2 1 1 7 8 3 2 7 2 7 8 6 3 8 6 8 3 11 8 1 5 4 8 6 9 5 8 6 3 5 11 5 5 9 7 1 0 9
4 1 8 8 10 11 5 9 9 11 7 8 4 9 9 8 4 11 7 6 10 9 4 7 9 3 7 9 2 6 7 4 5 4 7 7 11 9 9 0
,
0 26 44 25 45 33 51 41 53 39 27 40 35 49 26 36 6 35 22 54 69 31 27 27 56 6 36 35 31 18 26 20 40 11 44 46 59 20 49 24
26 0 40 55 67 61 12 22 29 46 27 24 17 51 50 56 14 32 18 24 42 53 9 23 23 17 18 39 7 36 22 14 16 11 36 17 59 45 36 3
43 30 0 6 9 41 25 14 10 38 12 23 21 18 15 20 35 23 11 39 46 12 15 14 22 25 24 24 31 26 7 26 45 13 20 42 25 13 11 19
37 52 13 0 4 42 48 20 14 49 6 52 49 29 11 62 32 40 24 59 60 5 20 20 39 36 62 25 53 43 10 17 32 33 19 31 20 7 2 30
42 37 10 5 0 21 63 23 12 33 11 21 35 20 14 31 28 41 25 73 57 11 28 21 34 33 70 37 63 31 17 18 57 31 39 43 43 1 5 48
78 42 17 38 37 0 24 23 31 1 33 15 29 9 13 23 74 12 27 27 13 21 45 18 10 39 24 11 23 31 24 29 54 51 19 17 2 43 45 77
36 12 32 34 42 21 0 41 54 28 47 13 3 27 25 16 24 19 25 7 17 68 24 20 15 40 7 28 7 21 26 31 9 33 19 5 51 24 44 34
42 59 14 24 21 17 22 0 7 10 24 23 49 10 2 20 50 35 11 36 23 27 27 12 29 17 33 13 25 29 13 34 50 26 12 30 30 21 10 61
27 23 8 7 13 27 32 6 0 13 12 31 52 20 5 32 42 20 13 47 45 21 34 14 35 39 50 16 29 17 14 35 31 33 18 53 25 5 9 27
43 32 30 34 51 1 28 20 33 0 33 15 34 14 27 19 30 7 37 42 10 58 33 26 8 35 41 9 58 22 21 41 70 33 25 15 1 47 38 61
29 33 6 4 14 24 45 11 11 23 0 54 40 35 23 57 25 61 19 69 40 10 9 17 41 23 38 20 48 29 17 9 26 18 25 38 56 18 9 18
58 31 34 35 33 19 10 29 38 22 38 0 18 9 38 4 64 11 30 29 5 22 15 18 6 53 15 14 29 6 23 29 15 24 15 10 11 19 24 29
39 18 34 60 25 56 7 21 34 53 43 32 0 34 27 20 24 45 21 19 39 41 21 29 24 29 8 27 10 18 32 27 17 31 15 16 21 50 37 26
62 60 13 27 16 13 20 19 19 11 35 11 40 0 14 18 60 11 19 40 6 25 32 7 13 51 34 1 26 21 25 36 22 29 9 31 15 20 38 64
58 31 16 16 14 20 31 3 3 23 19 24 28 16 0 24 48 17 13 68 32 14 32 16 26 39 54 18 29 30 14 18 46 38 20 49 32 20 11 24
55 50 18 52 58 20 16 25 18 24 26 6 23 8 34 0 47 9 21 32 5 41 19 11 3 51 16 12 33 8 20 49 25 56 20 8 15 42 29 26
3 26 39 21 23 59 38 40 25 39 17 36 36 59 48 45 0 28 31 28 68 26 26 50 36 8 39 31 15 22 35 11 57 7 46 35 34 30 30 20
82 37 23 29 24 9 19 35 49 12 47 8 29 20 15 11 42 0 33 29 5 48 34 36 11 32 18 15 38 33 27 50 28 72 21 19 7 62 37 46
36 39 11 13 12 22 35 5 12 13 8 20 21 22 13 16 30 35 0 47 15 30 11 5 17 33 25 8 22 19 1 28 44 24 12 37 28 20 16 40
65 14 38 59 85 49 13 53 64 57 65 35 17 23 34 19 25 31 51 0 27 43 23 21 22 53 15 40 24 34 44 56 4 34 31 8 26 40 56 39
63 42 17 24 38 10 27 26 37 9 51 9 45 6 13 10 28 3 23 46 0 61 47 13 7 43 14 12 23 14 19 55 51 40 10 28 8 54 45 37
23 59 20 7 10 43 47 14 20 26 7 52 60 24 30 65 34 36 29 87 52 0 26 17 64 33 32 28 43 31 20 14 60 18 32 46 61 10 4 61
27 19 24 22 19 22 10 36 22 24 19 32 21 39 25 22 14 42 17 30 38 32 0 14 40 8 17 23 16 20 10 11 19 14 23 36 51 42 21 19
33 24 11 19 17 26 30 5 7 23 16 24 27 7 10 24 47 13 3 43 22 19 18 0 21 25 36 14 32 15 6 15 33 29 4 12 17 13 13 40
42 26 44 57 55 15 33 16 25 15 32 4 18 18 16 3 73 13 37 16 4 64 20 28 0 37 11 8 20 17 18 60 31 40 21 15 18 53 38 33
11 16 19 29 46 30 25 27 27 67 17 35 24 27 27 25 7 51 23 51 56 25 12 23 47 0 52 20 13 19 25 5 32 3 36 24 66 27 41 19
48 24 52 49 45 27 12 48 24 34 26 8 19 21 27 13 57 17 21 21 20 73 17 25 9 20 0 34 24 19 35 54 21 50 14 1 17 49 35 21
30 59 23 35 33 12 38 9 15 11 31 14 33 2 19 16 58 14 10 34 10 30 25 11 16 39 28 0 26 16 9 37 40 45 5 18 9 22 35 39
18 4 19 38 26 24 12 28 22 39 32 15 11 50 43 40 18 24 38 20 25 56 14 44 21 17 30 25 0 24 26 28 11 22 40 31 29 56 53 11
30 20 23 31 20 22 20 17 33 22 26 12 21 16 30 22 42 37 7 32 17 42 10 8 22 35 10 14 29 0 11 34 31 14 10 13 25 27 40 15
27 41 10 10 27 21 38 7 12 21 9 28 23 9 7 29 37 20 2 38 24 16 19 11 26 17 39 21 35 19 0 25 30 15 16 38 41 22 17 31
17 15 20 11 19 33 16 19 25 60 16 31 28 23 35 54 5 69 26 47 53 13 11 31 42 4 31 51 16 14 25 0 30 2 26 38 57 28 30 17
55 31 27 46 62 42 20 38 66 52 75 28 14 40 62 45 61 44 60 4 28 77 31 59 35 35 21 33 20 25 50 49 0 51 45 21 47 31 62 20
17 23 14 34 27 26 44 16 31 30 14 34 31 31 33 52 6 32 25 40 42 15 6 30 55 3 30 37 10 27 20 1 22 0 26 27 49 20 25 28
47 45 20 25 14 26 24 8 14 17 19 18 34 4 18 19 30 15 9 40 17 26 17 3 21 17 25 6 29 6 11 27 47 25 0 18 11 39 36 20
29 37 22 60 29 29 9 24 39 19 52 6 14 26 35 9 32 28 27 15 24 72 14 27 19 25 1 32 27 18 18 50 12 40 18 0 24 49 49 25
47 67 44 36 20 3 50 14 30 1 28 19 46 13 30 17 37 8 34 41 5 44 35 22 20 63 30 8 48 17 40 56 55 57 20 15 0 38 29 48
42 63 13 4 1 30 48 20 14 42 14 56 52 30 8 43 42 60 23 78 60 6 19 32 40 34 31 19 34 39 25 31 62 21 31 27 37 0 3 61
48 30 7 4 5 18 54 20 9 31 9 28 25 29 7 32 39 52 19 45 42 8 24 11 53 25 57 23 43 39 12 26 32 14 33 55 47 4 0 52
16 2 42 35 27 45 14 34 61 39 37 50 20 42 60 55 12 62 23 15 39 67 17 49 40 22 16 50 6 42 28 27 36 19 53 32 44 65 29 0