7
40
,
0 (3.0, 44.0) 22.0
1 (24.0, 48.0) 31.0
2 (14.0, 13.0) 44.0
3 (5.0, 11.0) 10.0
4 (6.0, 4.0) 19.0
5 (40.0, 1.0) 26.0
6 (39.0, 35.0) 17.0
7 (22.0, 6.0) 21.0
8 (16.0, 6.0) 30.0
9 (41.0, 1.0) 36.0
10 (6.0, 18.0) 16.0
11 (42.0, 18.0) 22.0
12 (36.0, 39.0) 27.0
13 (35.0, 9.0) 14.0
14 (20.0, 4.0) 49.0
15 (46.0, 17.0) 21.0
16 (3.0, 38.0) 20.0
17 (49.0, 5.0) 17.0
18 (21.0, 16.0) 10.0
19 (48.0, 43.0) 12.0
20 (46.0, 9.0) 31.0
21 (0.0, 10.0) 15.0
22 (19.0, 31.0) 18.0
23 (26.0, 13.0) 10.0
24 (46.0, 14.0) 15.0
25 (11.0, 36.0) 20.0
26 (46.0, 29.0) 41.0
27 (34.0, 8.0) 17.0
28 (28.0, 42.0) 37.0
29 (32.0, 23.0) 49.0
30 (19.0, 17.0) 41.0
31 (10.0, 32.0) 41.0
32 (48.0, 47.0) 42.0
33 (9.0, 34.0) 18.0
34 (30.0, 15.0) 36.0
35 (45.0, 28.0) 14.0
36 (42.0, 1.0) 21.0
37 (6.0, 5.0) 41.0
38 (7.0, 8.0) 14.0
39 (21.0, 50.0) 10.0
,
0 4 7 7 8 11 7 8 8 11 5 9 7 9 9 10 1 12 7 9 11 7 4 8 10 2 9 10 5 7 6 3 9 2 8 9 12 8 7 4
4 0 7 8 10 10 4 8 9 10 7 7 3 8 9 8 5 10 6 5 9 9 4 7 8 4 6 8 1 5 6 4 5 4 7 6 10 9 9 1
7 7 0 2 2 6 7 2 1 6 2 6 7 4 2 6 5 7 2 9 6 3 4 2 6 5 7 4 6 4 1 4 10 4 3 7 6 2 2 8
7 8 2 0 1 7 8 4 2 7 1 8 8 6 3 8 5 9 3 11 8 1 5 4 8 5 9 6 8 6 3 4 11 5 5 9 8 1 1 8
8 10 2 1 0 7 9 3 2 7 3 8 9 6 3 8 7 9 4 11 8 2 6 4 8 6 9 6 9 6 4 6 12 6 5 9 7 0 1 10
11 10 6 7 7 0 7 4 5 0 8 3 8 2 4 3 10 2 5 9 2 8 7 4 3 9 6 2 9 5 5 9 9 9 3 5 0 7 7 11
7 4 7 8 9 7 0 7 7 7 7 3 1 5 7 4 7 6 5 2 5 9 4 5 4 6 2 5 3 3 5 6 3 6 4 2 7 9 8 5
8 8 2 4 3 4 7 0 1 4 4 5 7 3 1 5 7 5 2 9 5 4 5 2 5 6 7 2 7 4 2 6 10 6 2 6 4 3 3 9
8 9 1 2 2 5 7 1 0 5 3 6 8 4 1 6 7 7 2 10 6 3 5 2 6 6 8 4 8 5 2 5 10 6 3 7 5 2 2 9
11 10 6 7 7 0 7 4 5 0 8 3 8 2 4 3 11 2 5 9 2 8 7 4 3 9 6 2 9 5 5 9 9 9 4 5 0 7 7 11
5 7 2 1 3 8 7 4 3 8 0 7 7 6 4 8 4 9 3 10 8 2 4 4 8 4 8 6 7 5 3 3 10 3 5 8 8 3 2 7
9 7 6 8 8 3 3 5 6 3 7 0 4 2 5 1 9 3 4 5 2 9 5 3 1 7 2 3 6 2 5 7 6 7 2 2 3 8 7 8
7 3 7 8 9 8 1 7 8 8 7 4 0 6 8 5 7 7 5 3 6 9 4 6 5 5 3 6 2 3 6 5 3 5 5 3 8 9 8 4
9 8 4 6 6 2 5 3 4 2 6 2 6 0 3 3 9 3 3 7 2 7 5 2 2 7 5 0 7 3 4 7 8 7 2 4 2 6 6 9
9 9 2 3 3 4 7 1 1 4 4 5 8 3 0 6 8 6 2 10 5 4 5 2 6 7 7 3 8 4 3 6 10 6 3 7 4 3 3 9
10 8 6 8 8 3 4 5 6 3 8 1 5 3 6 0 10 2 5 5 2 9 6 4 1 8 2 3 6 3 5 8 6 8 3 2 3 8 8 8
1 5 5 5 7 10 7 7 7 11 4 9 7 9 8 10 0 11 6 9 10 6 3 7 10 2 9 9 5 7 5 2 9 1 7 9 11 7 6 4
12 10 7 9 9 2 6 5 7 2 9 3 7 3 6 2 11 0 6 8 1 10 8 5 2 10 5 3 9 5 6 9 8 10 4 5 2 9 8 11
7 6 2 3 4 5 5 2 2 5 3 4 5 3 2 5 6 6 0 8 5 4 3 1 5 4 6 3 5 3 0 4 8 4 2 5 5 4 3 7
9 5 9 11 11 9 2 9 10 9 10 5 3 7 10 5 9 8 8 0 7 12 6 7 6 8 3 8 4 5 8 8 1 8 7 3 8 11 11 6
11 9 6 8 8 2 5 5 6 2 8 2 6 2 5 2 10 1 5 7 0 9 7 4 1 9 4 2 8 4 6 9 8 9 3 4 2 8 8 10
7 9 3 1 2 8 9 4 3 8 2 9 9 7 4 9 6 10 4 12 9 0 6 5 9 6 10 7 9 7 4 5 12 5 6 10 9 2 1 9
4 4 4 5 6 7 4 5 5 7 4 5 4 5 5 6 3 8 3 6 7 6 0 4 6 2 5 5 3 3 3 2 7 2 4 5 8 6 5 4
8 7 2 4 4 4 5 2 2 4 4 3 6 2 2 4 7 5 1 7 4 5 4 0 4 5 5 2 6 2 2 5 8 5 1 5 4 4 4 7
10 8 6 8 8 3 4 5 6 3 8 1 5 2 6 1 10 2 5 6 1 9 6 4 0 8 3 3 7 3 5 8 7 8 3 3 3 8 8 9
2 4 5 5 6 9 6 6 6 9 4 7 5 7 7 8 2 10 4 8 9 6 2 5 8 0 7 7 4 5 4 1 8 1 6 7 9 6 6 3
9 6 7 9 9 6 2 7 8 6 8 2 3 5 7 2 9 5 6 3 4 10 5 5 3 7 0 5 4 3 6 7 4 7 4 0 6 9 9 7
10 8 4 6 6 2 5 2 4 2 6 3 6 0 3 3 9 3 3 8 2 7 5 2 3 7 5 0 7 3 3 7 8 7 2 5 2 6 5 9
5 1 6 8 9 9 3 7 8 9 7 6 2 7 8 6 5 9 5 4 8 9 3 6 7 4 4 7 0 4 5 4 4 4 5 4 9 9 8 2
7 5 4 6 6 5 3 4 5 5 5 2 3 3 4 3 7 5 3 5 4 7 3 2 3 5 3 3 4 0 3 5 6 5 2 3 5 6 6 6
6 6 1 3 4 5 5 2 2 5 3 5 6 4 3 5 5 6 0 8 6 4 3 2 5 4 6 3 5 3 0 3 8 4 2 6 6 4 3 7
3 4 4 4 6 9 6 6 5 9 3 7 5 7 6 8 2 9 4 8 9 5 2 5 8 1 7 7 4 5 3 0 8 0 5 7 9 5 5 4
9 5 10 11 12 9 3 10 10 9 10 6 3 8 10 6 9 8 8 1 8 12 7 8 7 8 4 8 4 6 8 8 0 8 7 4 9 12 11 5
2 4 4 5 6 9 6 6 6 9 3 7 5 7 6 8 1 10 4 8 9 5 2 5 8 1 7 7 4 5 4 0 8 0 6 7 9 6 5 4
8 7 3 5 5 3 4 2 3 4 5 2 5 2 3 3 7 4 2 7 3 6 4 1 3 6 4 2 5 2 2 5 7 6 0 4 4 5 5 7
9 6 7 9 9 5 2 6 7 5 8 2 3 4 7 2 9 5 5 3 4 10 5 5 3 7 0 5 4 3 6 7 4 7 4 0 5 9 9 7
12 10 6 8 7 0 7 4 5 0 8 3 8 2 4 3 11 2 5 8 2 9 8 4 3 9 6 2 9 5 6 9 9 9 4 5 0 7 7 11
8 9 2 1 0 7 9 3 2 7 3 8 9 6 3 8 7 9 4 11 8 2 6 4 8 6 9 6 9 6 4 5 12 6 5 9 7 0 1 9
7 9 2 1 1 7 8 3 2 7 2 7 8 6 3 8 6 8 3 11 8 1 5 4 8 6 9 5 8 6 3 5 11 5 5 9 7 1 0 9
4 1 8 8 10 11 5 9 9 11 7 8 4 9 9 8 4 11 7 6 10 9 4 7 9 3 7 9 2 6 7 4 5 4 7 7 11 9 9 0
,
0 31 29 18 34 40 26 30 29 38 21 26 20 59 37 37 3 65 34 48 49 49 17 41 50 9 41 55 21 21 18 13 47 10 23 32 63 32 54 17
25 0 47 50 54 74 18 48 45 56 48 29 9 41 29 45 32 71 33 18 39 53 11 20 41 17 33 23 7 22 29 14 34 12 46 18 74 42 60 5
18 36 0 7 11 17 20 8 6 17 10 29 49 24 14 37 31 31 7 50 31 17 18 15 30 14 46 13 28 17 6 25 39 19 19 18 27 12 11 51
45 22 12 0 5 37 40 24 10 35 5 33 55 33 12 35 32 66 21 69 37 6 12 24 48 35 31 27 39 17 9 21 36 19 13 27 39 8 3 25
22 24 15 11 0 23 42 20 12 40 18 42 52 37 9 55 51 31 28 33 44 5 21 17 59 22 43 23 23 17 20 30 42 22 35 40 45 1 2 49
70 56 25 29 29 0 43 28 24 1 36 16 55 9 23 23 55 15 21 42 8 52 36 17 15 33 31 8 55 18 29 46 50 30 12 32 2 18 35 58
44 18 29 52 45 24 0 30 20 19 55 22 5 25 49 24 23 42 21 16 35 45 24 28 15 22 5 15 12 9 19 44 13 22 27 6 32 23 41 25
30 21 10 13 17 11 34 0 8 15 19 20 46 16 2 24 37 30 14 51 33 28 25 8 20 42 36 18 22 25 12 34 61 30 12 24 25 21 17 38
40 34 4 9 13 17 29 6 0 37 21 35 42 15 2 42 43 45 6 65 17 15 23 7 39 25 47 10 21 18 9 16 53 40 23 48 33 15 9 58
77 55 29 41 23 1 33 18 30 0 56 12 55 9 16 17 72 12 36 26 9 22 20 29 21 57 16 14 46 17 37 40 26 64 12 26 1 42 49 64
15 33 11 10 14 23 47 14 19 53 0 28 50 42 14 21 20 42 16 56 41 11 20 27 53 17 37 34 22 22 18 21 37 24 33 43 38 16 6 47
29 30 20 54 27 25 21 14 19 18 24 0 28 12 21 4 48 22 12 27 9 34 16 14 5 43 14 15 33 7 18 24 32 41 18 6 12 31 19 23
31 14 51 34 56 21 4 25 33 51 19 16 0 16 22 25 36 43 17 11 46 43 15 38 38 25 13 40 12 13 23 16 19 14 33 19 32 44 37 24
35 49 16 27 30 11 19 15 15 6 30 9 30 0 12 9 29 13 17 27 10 26 39 8 8 54 31 2 22 7 19 26 30 40 7 28 16 16 37 42
63 34 10 19 11 11 38 4 4 25 24 18 32 19 0 18 49 30 9 65 22 16 27 12 27 40 49 21 48 14 11 33 59 32 14 30 29 19 8 51
31 19 34 26 23 26 15 17 23 18 28 3 35 12 24 0 54 10 28 17 7 59 44 18 2 41 15 10 35 18 27 36 23 28 10 6 9 37 50 53
9 20 39 27 38 31 35 38 28 51 26 53 26 44 32 33 0 65 38 32 77 25 9 23 64 7 42 26 21 35 26 12 48 5 44 47 31 25 19 15
48 55 29 55 36 13 45 33 42 6 43 8 24 17 41 8 63 0 42 34 3 36 48 27 10 34 23 13 57 17 42 38 40 41 20 14 11 48 41 32
21 30 7 12 11 23 28 7 8 20 18 13 20 9 8 17 39 27 0 35 34 27 16 4 37 11 35 11 35 18 2 22 29 25 7 27 36 25 14 42
47 25 52 65 72 58 18 26 44 22 69 15 9 45 65 17 56 29 29 0 42 40 34 54 36 43 11 46 16 32 43 48 5 34 47 14 50 60 80 15
63 52 45 60 24 12 16 32 19 5 38 5 28 6 21 9 44 6 37 37 0 33 33 29 5 51 18 7 29 15 23 60 21 30 10 26 8 34 43 49
29 32 10 3 12 24 29 32 14 26 10 56 37 19 30 41 37 41 17 56 32 0 17 19 49 28 28 49 53 43 24 24 50 14 17 43 48 8 5 39
14 21 28 24 31 48 19 34 13 24 23 24 23 36 29 25 19 43 17 23 32 26 0 14 27 11 36 35 19 23 21 5 20 9 15 23 29 42 32 11
30 18 15 20 32 20 22 9 7 16 25 14 41 11 6 26 26 24 6 42 15 35 28 0 16 25 26 7 23 15 12 24 29 14 6 29 10 23 12 49
64 32 32 51 39 11 30 25 34 9 56 3 16 15 32 2 69 9 19 42 4 58 45 23 0 55 14 19 18 24 16 45 38 44 11 9 15 49 30 34
16 19 19 32 17 62 17 33 36 28 27 46 22 52 35 52 10 66 13 51 50 17 6 34 26 0 35 26 24 35 27 3 40 3 35 37 58 35 24 17
62 21 46 64 70 16 10 49 28 39 43 14 14 17 47 8 56 16 23 9 11 42 22 18 15 36 0 35 23 8 25 19 9 29 18 2 17 44 30 22
37 50 15 16 42 8 31 10 24 5 19 10 21 2 15 17 59 12 19 23 11 26 16 5 16 22 29 0 48 20 15 37 34 39 9 17 9 20 39 54
33 4 30 51 34 59 9 41 49 31 35 41 12 21 34 29 36 55 19 15 47 46 21 29 47 26 33 25 0 21 29 18 16 24 28 27 58 44 43 6
53 35 24 44 20 20 17 12 18 18 25 9 12 13 28 14 20 37 13 38 13 48 16 8 8 32 17 14 17 0 16 18 39 31 11 16 31 47 39 42
45 39 6 19 24 19 29 15 6 36 19 17 24 15 9 27 30 46 1 20 16 14 15 7 25 15 18 19 26 14 0 11 29 11 13 23 36 19 8 38
21 19 10 14 41 37 19 16 37 28 12 51 33 25 26 49 13 70 16 41 28 17 9 15 47 5 24 40 11 17 11 0 41 1 35 46 57 32 23 16
25 12 33 39 84 62 11 64 65 40 58 26 19 22 26 26 50 42 53 5 25 53 22 27 35 41 23 45 20 25 37 32 0 30 37 24 49 60 39 16
7 20 32 21 19 25 24 23 31 27 13 31 39 31 48 59 6 52 16 28 46 15 13 36 57 3 53 28 29 38 22 1 30 0 15 30 53 42 26 26
35 26 10 30 27 24 17 18 10 10 24 7 21 10 15 22 33 20 10 23 10 36 14 5 13 39 25 5 20 11 11 23 39 33 0 16 17 24 33 39
50 34 47 56 35 15 8 38 54 15 55 7 15 25 50 15 42 25 40 16 18 64 24 35 9 49 2 14 30 19 32 23 12 42 12 0 25 34 32 30
52 69 32 29 51 2 27 25 22 1 35 18 57 11 27 17 63 5 30 34 10 52 30 28 7 40 16 10 40 23 23 32 41 51 17 33 0 26 21 61
53 66 7 7 1 44 45 24 8 51 11 47 63 18 14 38 38 35 15 70 53 7 26 13 43 22 63 26 37 35 14 37 74 40 20 60 49 0 5 27
37 36 8 4 4 37 48 19 7 28 6 23 44 22 13 49 16 43 13 49 28 10 15 19 42 30 23 18 50 30 9 22 59 14 17 31 45 5 0 65
10 3 32 22 62 52 23 65 29 33 39 49 15 24 27 48 20 35 36 17 29 35 25 31 42 26 30 48 15 22 30 21 16 12 31 40 27 35 35 0