7
40
,
0 (3.0, 44.0) 10.0
1 (24.0, 48.0) 12.0
2 (14.0, 13.0) 41.0
3 (5.0, 11.0) 24.0
4 (6.0, 4.0) 13.0
5 (40.0, 1.0) 42.0
6 (39.0, 35.0) 28.0
7 (22.0, 6.0) 15.0
8 (16.0, 6.0) 23.0
9 (41.0, 1.0) 17.0
10 (6.0, 18.0) 20.0
11 (42.0, 18.0) 23.0
12 (36.0, 39.0) 34.0
13 (35.0, 9.0) 22.0
14 (20.0, 4.0) 21.0
15 (46.0, 17.0) 18.0
16 (3.0, 38.0) 19.0
17 (49.0, 5.0) 29.0
18 (21.0, 16.0) 28.0
19 (48.0, 43.0) 42.0
20 (46.0, 9.0) 17.0
21 (0.0, 10.0) 39.0
22 (19.0, 31.0) 22.0
23 (26.0, 13.0) 21.0
24 (46.0, 14.0) 12.0
25 (11.0, 36.0) 34.0
26 (46.0, 29.0) 28.0
27 (34.0, 8.0) 18.0
28 (28.0, 42.0) 29.0
29 (32.0, 23.0) 40.0
30 (19.0, 17.0) 36.0
31 (10.0, 32.0) 13.0
32 (48.0, 47.0) 39.0
33 (9.0, 34.0) 25.0
34 (30.0, 15.0) 22.0
35 (45.0, 28.0) 17.0
36 (42.0, 1.0) 11.0
37 (6.0, 5.0) 18.0
38 (7.0, 8.0) 15.0
39 (21.0, 50.0) 29.0
,
0 4 7 7 8 11 7 8 8 11 5 9 7 9 9 10 1 12 7 9 11 7 4 8 10 2 9 10 5 7 6 3 9 2 8 9 12 8 7 4
4 0 7 8 10 10 4 8 9 10 7 7 3 8 9 8 5 10 6 5 9 9 4 7 8 4 6 8 1 5 6 4 5 4 7 6 10 9 9 1
7 7 0 2 2 6 7 2 1 6 2 6 7 4 2 6 5 7 2 9 6 3 4 2 6 5 7 4 6 4 1 4 10 4 3 7 6 2 2 8
7 8 2 0 1 7 8 4 2 7 1 8 8 6 3 8 5 9 3 11 8 1 5 4 8 5 9 6 8 6 3 4 11 5 5 9 8 1 1 8
8 10 2 1 0 7 9 3 2 7 3 8 9 6 3 8 7 9 4 11 8 2 6 4 8 6 9 6 9 6 4 6 12 6 5 9 7 0 1 10
11 10 6 7 7 0 7 4 5 0 8 3 8 2 4 3 10 2 5 9 2 8 7 4 3 9 6 2 9 5 5 9 9 9 3 5 0 7 7 11
7 4 7 8 9 7 0 7 7 7 7 3 1 5 7 4 7 6 5 2 5 9 4 5 4 6 2 5 3 3 5 6 3 6 4 2 7 9 8 5
8 8 2 4 3 4 7 0 1 4 4 5 7 3 1 5 7 5 2 9 5 4 5 2 5 6 7 2 7 4 2 6 10 6 2 6 4 3 3 9
8 9 1 2 2 5 7 1 0 5 3 6 8 4 1 6 7 7 2 10 6 3 5 2 6 6 8 4 8 5 2 5 10 6 3 7 5 2 2 9
11 10 6 7 7 0 7 4 5 0 8 3 8 2 4 3 11 2 5 9 2 8 7 4 3 9 6 2 9 5 5 9 9 9 4 5 0 7 7 11
5 7 2 1 3 8 7 4 3 8 0 7 7 6 4 8 4 9 3 10 8 2 4 4 8 4 8 6 7 5 3 3 10 3 5 8 8 3 2 7
9 7 6 8 8 3 3 5 6 3 7 0 4 2 5 1 9 3 4 5 2 9 5 3 1 7 2 3 6 2 5 7 6 7 2 2 3 8 7 8
7 3 7 8 9 8 1 7 8 8 7 4 0 6 8 5 7 7 5 3 6 9 4 6 5 5 3 6 2 3 6 5 3 5 5 3 8 9 8 4
9 8 4 6 6 2 5 3 4 2 6 2 6 0 3 3 9 3 3 7 2 7 5 2 2 7 5 0 7 3 4 7 8 7 2 4 2 6 6 9
9 9 2 3 3 4 7 1 1 4 4 5 8 3 0 6 8 6 2 10 5 4 5 2 6 7 7 3 8 4 3 6 10 6 3 7 4 3 3 9
10 8 6 8 8 3 4 5 6 3 8 1 5 3 6 0 10 2 5 5 2 9 6 4 1 8 2 3 6 3 5 8 6 8 3 2 3 8 8 8
1 5 5 5 7 10 7 7 7 11 4 9 7 9 8 10 0 11 6 9 10 6 3 7 10 2 9 9 5 7 5 2 9 1 7 9 11 7 6 4
12 10 7 9 9 2 6 5 7 2 9 3 7 3 6 2 11 0 6 8 1 10 8 5 2 10 5 3 9 5 6 9 8 10 4 5 2 9 8 11
7 6 2 3 4 5 5 2 2 5 3 4 5 3 2 5 6 6 0 8 5 4 3 1 5 4 6 3 5 3 0 4 8 4 2 5 5 4 3 7
9 5 9 11 11 9 2 9 10 9 10 5 3 7 10 5 9 8 8 0 7 12 6 7 6 8 3 8 4 5 8 8 1 8 7 3 8 11 11 6
11 9 6 8 8 2 5 5 6 2 8 2 6 2 5 2 10 1 5 7 0 9 7 4 1 9 4 2 8 4 6 9 8 9 3 4 2 8 8 10
7 9 3 1 2 8 9 4 3 8 2 9 9 7 4 9 6 10 4 12 9 0 6 5 9 6 10 7 9 7 4 5 12 5 6 10 9 2 1 9
4 4 4 5 6 7 4 5 5 7 4 5 4 5 5 6 3 8 3 6 7 6 0 4 6 2 5 5 3 3 3 2 7 2 4 5 8 6 5 4
8 7 2 4 4 4 5 2 2 4 4 3 6 2 2 4 7 5 1 7 4 5 4 0 4 5 5 2 6 2 2 5 8 5 1 5 4 4 4 7
10 8 6 8 8 3 4 5 6 3 8 1 5 2 6 1 10 2 5 6 1 9 6 4 0 8 3 3 7 3 5 8 7 8 3 3 3 8 8 9
2 4 5 5 6 9 6 6 6 9 4 7 5 7 7 8 2 10 4 8 9 6 2 5 8 0 7 7 4 5 4 1 8 1 6 7 9 6 6 3
9 6 7 9 9 6 2 7 8 6 8 2 3 5 7 2 9 5 6 3 4 10 5 5 3 7 0 5 4 3 6 7 4 7 4 0 6 9 9 7
10 8 4 6 6 2 5 2 4 2 6 3 6 0 3 3 9 3 3 8 2 7 5 2 3 7 5 0 7 3 3 7 8 7 2 5 2 6 5 9
5 1 6 8 9 9 3 7 8 9 7 6 2 7 8 6 5 9 5 4 8 9 3 6 7 4 4 7 0 4 5 4 4 4 5 4 9 9 8 2
7 5 4 6 6 5 3 4 5 5 5 2 3 3 4 3 7 5 3 5 4 7 3 2 3 5 3 3 4 0 3 5 6 5 2 3 5 6 6 6
6 6 1 3 4 5 5 2 2 5 3 5 6 4 3 5 5 6 0 8 6 4 3 2 5 4 6 3 5 3 0 3 8 4 2 6 6 4 3 7
3 4 4 4 6 9 6 6 5 9 3 7 5 7 6 8 2 9 4 8 9 5 2 5 8 1 7 7 4 5 3 0 8 0 5 7 9 5 5 4
9 5 10 11 12 9 3 10 10 9 10 6 3 8 10 6 9 8 8 1 8 12 7 8 7 8 4 8 4 6 8 8 0 8 7 4 9 12 11 5
2 4 4 5 6 9 6 6 6 9 3 7 5 7 6 8 1 10 4 8 9 5 2 5 8 1 7 7 4 5 4 0 8 0 6 7 9 6 5 4
8 7 3 5 5 3 4 2 3 4 5 2 5 2 3 3 7 4 2 7 3 6 4 1 3 6 4 2 5 2 2 5 7 6 0 4 4 5 5 7
9 6 7 9 9 5 2 6 7 5 8 2 3 4 7 2 9 5 5 3 4 10 5 5 3 7 0 5 4 3 6 7 4 7 4 0 5 9 9 7
12 10 6 8 7 0 7 4 5 0 8 3 8 2 4 3 11 2 5 8 2 9 8 4 3 9 6 2 9 5 6 9 9 9 4 5 0 7 7 11
8 9 2 1 0 7 9 3 2 7 3 8 9 6 3 8 7 9 4 11 8 2 6 4 8 6 9 6 9 6 4 5 12 6 5 9 7 0 1 9
7 9 2 1 1 7 8 3 2 7 2 7 8 6 3 8 6 8 3 11 8 1 5 4 8 6 9 5 8 6 3 5 11 5 5 9 7 1 0 9
4 1 8 8 10 11 5 9 9 11 7 8 4 9 9 8 4 11 7 6 10 9 4 7 9 3 7 9 2 6 7 4 5 4 7 7 11 9 9 0
,
0 11 41 22 23 34 24 23 49 39 15 40 48 31 23 29 9 74 21 35 76 42 30 58 60 7 36 35 31 19 33 20 68 16 38 43 66 44 31 13
23 0 44 45 41 35 16 47 39 55 32 52 9 24 42 55 31 71 35 16 54 51 21 28 47 24 40 51 4 18 44 30 13 13 46 34 44 29 27 3
24 43 0 5 12 27 38 5 10 38 8 39 36 29 13 42 15 25 4 35 26 20 13 8 35 23 33 17 17 21 4 13 70 28 13 34 25 9 9 42
28 32 9 0 4 48 61 20 15 29 9 27 54 20 24 31 35 63 12 76 37 7 29 11 23 15 55 41 29 27 14 19 61 25 22 39 23 8 4 33
35 58 18 10 0 31 51 10 8 44 15 36 38 33 18 57 47 56 11 76 47 10 35 32 45 42 36 23 49 27 13 22 59 22 30 48 21 1 2 57
38 36 42 30 36 0 27 14 32 1 27 25 48 11 21 19 57 12 26 52 5 41 55 21 21 39 30 13 51 25 26 55 68 39 18 23 3 18 28 70
30 25 36 46 51 26 0 35 34 47 32 15 7 32 37 14 21 29 29 11 32 29 17 17 24 27 11 34 13 9 25 41 16 39 17 5 34 48 57 19
45 51 12 11 14 28 46 0 6 11 12 18 34 10 3 22 26 17 12 63 17 22 26 6 35 36 23 6 33 21 7 32 39 21 10 39 20 12 9 62
27 44 6 6 10 30 51 8 0 35 13 18 50 21 4 27 41 33 14 49 26 12 28 8 46 25 21 13 37 22 8 34 66 43 15 48 31 7 12 63
34 71 28 33 19 1 47 15 38 0 31 24 48 10 19 22 71 11 16 39 6 41 40 22 17 38 21 15 54 22 14 29 67 31 24 37 1 27 22 51
19 35 12 6 17 44 19 30 9 27 0 48 34 27 25 37 23 27 20 41 31 7 26 26 30 28 59 33 49 24 13 10 73 15 15 52 24 11 9 35
28 30 23 52 33 19 11 34 17 11 25 0 13 7 31 6 63 12 13 21 5 52 16 19 7 46 12 17 26 11 17 22 24 45 11 7 16 31 49 30
39 17 28 24 49 41 3 27 24 28 45 22 0 30 19 24 48 46 36 15 22 65 27 37 29 25 20 27 9 25 16 26 22 29 30 8 29 36 42 24
55 47 26 34 24 7 38 7 18 13 22 16 19 0 16 15 44 19 16 30 12 41 24 12 7 43 24 2 23 16 14 46 47 37 10 13 12 29 39 46
56 52 7 10 20 22 36 3 3 14 19 38 58 9 0 36 57 22 7 24 36 13 17 15 21 42 22 9 43 26 8 31 58 46 12 27 20 19 16 23
38 21 44 29 50 19 10 19 45 21 32 3 30 16 22 0 69 10 28 17 9 35 26 13 4 42 10 21 25 17 39 48 16 47 12 7 10 54 55 26
5 32 19 29 49 59 54 21 52 28 16 39 33 35 23 66 0 77 35 42 55 40 22 35 56 6 36 49 29 22 34 11 67 11 41 24 80 38 37 20
78 31 26 43 54 12 20 32 36 7 63 9 26 18 43 18 66 0 37 35 7 57 55 18 9 52 22 21 53 13 16 69 35 25 23 13 11 47 43 31
42 27 4 20 18 20 19 6 13 19 8 25 19 12 7 16 42 41 0 32 28 11 21 3 18 17 18 10 19 9 2 25 53 29 10 15 20 23 12 40
32 21 65 56 61 62 8 51 37 57 73 14 9 53 41 28 36 50 55 0 45 40 35 42 16 26 20 49 24 32 56 28 3 48 32 14 41 30 48 18
70 30 29 51 48 10 34 27 20 11 40 10 16 6 28 10 39 7 23 46 0 49 31 13 6 54 25 17 39 20 41 63 38 38 23 24 7 47 53 30
33 28 21 4 8 60 60 32 23 24 12 31 32 32 26 47 38 74 20 71 49 0 35 32 60 15 68 25 48 41 19 35 88 14 19 36 29 11 7 26
16 11 21 28 25 47 26 19 16 31 18 20 11 20 21 23 21 57 10 20 27 24 0 15 40 13 14 17 13 15 14 13 38 13 11 17 34 39 32 20
41 48 13 15 19 24 24 5 16 28 11 24 16 13 16 23 48 35 4 35 12 23 22 0 12 37 25 14 36 15 8 23 49 20 3 14 26 22 11 47
73 29 45 58 49 15 30 14 20 11 44 6 15 14 42 3 70 11 16 25 4 33 32 17 0 56 15 10 22 18 35 51 27 27 21 19 15 53 58 25
12 10 21 21 26 63 35 34 27 39 18 50 38 27 33 48 7 57 19 25 44 16 11 36 41 0 35 47 27 18 15 6 40 2 39 44 50 28 26 16
67 29 51 55 60 19 14 25 35 32 21 14 17 15 47 6 56 14 40 16 28 33 18 35 8 51 0 30 12 12 24 47 15 49 13 1 19 64 62 24
70 38 15 41 25 9 19 12 16 11 21 9 24 2 10 17 63 21 15 25 8 41 20 13 16 19 32 0 43 20 26 20 35 29 10 28 8 21 21 53
33 7 43 38 35 48 15 26 40 40 22 17 6 42 46 21 24 60 32 16 47 30 8 33 21 17 23 32 0 16 15 17 26 19 22 21 53 37 42 15
42 22 16 38 24 33 8 22 29 20 31 15 23 11 25 15 38 33 15 14 24 25 8 7 10 22 11 12 19 0 18 29 23 25 12 11 21 35 22 36
19 40 7 17 27 27 34 11 14 16 16 23 34 14 9 30 33 43 2 42 40 24 10 9 27 25 27 16 16 16 0 10 53 21 14 24 39 16 15 32
10 29 16 24 35 26 21 20 27 53 15 51 21 32 16 56 8 41 18 59 43 22 9 30 31 6 24 34 13 28 11 0 28 1 33 21 40 38 30 25
29 28 64 38 30 32 19 34 42 57 41 33 13 24 40 23 46 28 51 2 46 66 44 41 46 48 25 42 14 37 47 40 0 44 30 18 58 56 71 27
7 26 27 14 43 41 45 19 30 39 18 33 38 20 21 41 5 46 29 52 52 22 9 35 58 4 41 39 21 18 13 3 36 0 29 30 24 16 23 18
44 47 15 27 32 21 16 17 23 21 16 18 16 9 11 17 51 19 8 25 12 18 21 2 10 22 12 5 38 8 14 39 38 15 0 24 10 17 22 50
42 27 32 26 27 35 10 39 37 35 56 10 18 31 34 7 58 29 31 12 20 69 35 18 17 40 1 29 26 13 20 29 27 27 21 0 38 27 43 44
53 61 20 24 22 2 37 27 38 1 42 21 21 9 31 19 41 4 22 49 8 62 24 26 10 58 35 10 52 15 42 43 51 48 19 37 0 36 30 79
22 56 16 6 1 22 50 9 10 46 13 20 24 26 18 59 20 40 21 82 42 11 40 26 51 22 50 30 31 33 11 41 35 21 36 23 33 0 2 63
32 30 10 2 4 49 28 20 13 45 9 33 34 28 17 49 43 55 9 32 30 5 19 26 51 34 47 25 44 18 20 36 79 28 20 46 53 2 0 59
24 3 27 45 36 65 20 38 60 39 45 56 17 29 60 49 17 32 46 25 67 59 28 34 33 20 38 50 15 39 22 25 20 29 23 40 52 46 54 0