4
20
,
0 (12.0, 3.0) 37.0
1 (47.0, 35.0) 32.0
2 (18.0, 33.0) 45.0
3 (48.0, 5.0) 69.0
4 (37.0, 30.0) 66.0
5 (7.0, 3.0) 68.0
6 (34.0, 39.0) 31.0
7 (22.0, 35.0) 51.0
8 (17.0, 39.0) 44.0
9 (22.0, 3.0) 40.0
10 (24.0, 10.0) 49.0
11 (32.0, 46.0) 63.0
12 (24.0, 42.0) 89.0
13 (25.0, 46.0) 55.0
14 (7.0, 38.0) 58.0
15 (44.0, 25.0) 76.0
16 (34.0, 37.0) 34.0
17 (32.0, 7.0) 41.0
18 (45.0, 3.0) 61.0
19 (2.0, 36.0) 39.0
,
0 6 29 19 24 24 4 26 21 21 11 13 28 24 26 19 25 25 16 23 18 0
6 0 24 15 18 18 2 21 17 18 5 7 24 20 22 18 19 20 10 16 17 6
29 24 0 15 15 6 26 7 12 15 20 17 9 12 12 20 5 7 16 16 23 29
19 15 15 0 21 10 16 9 2 3 15 12 10 5 7 6 14 8 15 20 8 19
24 18 15 21 0 14 21 18 20 23 13 12 22 22 24 26 10 17 8 2 28 24
24 18 6 10 14 0 20 5 8 11 15 12 8 9 10 16 4 4 12 14 18 24
4 2 26 16 21 20 0 22 18 19 8 9 25 21 23 18 22 22 13 19 17 4
26 21 7 9 18 5 22 0 6 8 19 15 4 5 6 14 9 1 16 19 16 26
21 17 12 2 20 8 18 6 0 3 16 13 7 4 6 8 12 6 15 20 10 21
21 18 15 3 23 11 19 8 3 0 18 15 8 4 5 5 15 9 18 23 8 21
11 5 20 15 13 15 8 19 16 18 0 4 22 20 22 19 16 18 5 12 19 11
13 7 17 12 12 12 9 15 13 15 4 0 18 16 18 16 12 14 4 11 17 13
28 24 9 10 22 8 25 4 7 8 22 18 0 4 4 13 12 5 20 22 16 28
24 20 12 5 22 9 21 5 4 4 20 16 4 0 2 9 13 6 18 22 11 24
26 22 12 7 24 10 23 6 6 5 22 18 4 2 0 10 14 6 20 24 13 26
19 18 20 6 26 16 18 14 8 5 19 16 13 9 10 0 20 14 20 26 3 19
25 19 5 14 10 4 22 9 12 15 16 12 12 13 14 20 0 8 11 11 22 25
25 20 7 8 17 4 22 1 6 9 18 14 5 6 6 14 8 0 15 18 16 25
16 10 16 15 8 12 13 16 15 18 5 4 20 18 20 20 11 15 0 7 21 16
23 16 16 20 2 14 19 19 20 23 12 11 22 22 24 26 11 18 7 0 27 23
18 17 23 8 28 18 17 16 10 8 19 17 16 11 13 3 22 16 21 27 0 18
0 6 29 19 24 24 4 26 21 21 11 13 28 24 26 19 25 25 16 23 18 0
,
0 7 72 41 58 45 6 27 45 43 14 30 67 54 73 31 62 33 26 35 53 0
8 0 71 21 39 37 6 58 29 45 12 13 47 50 25 51 35 43 28 45 28 11
67 31 0 41 19 14 29 9 23 40 46 33 20 25 19 51 15 10 45 37 60 66
36 45 29 0 25 11 20 21 5 4 19 33 20 12 21 16 14 9 18 36 22 44
30 21 41 56 0 34 23 53 33 54 13 24 66 35 50 72 20 47 20 4 54 27
52 41 10 23 39 0 32 7 23 20 42 32 19 13 13 22 10 7 34 30 48 57
11 5 27 47 40 52 0 54 43 38 19 16 73 47 52 43 41 53 24 42 46 7
49 54 19 15 49 13 45 0 14 18 34 27 11 9 7 23 18 2 29 33 34 38
23 19 13 6 55 12 38 17 0 6 22 20 22 6 10 22 20 9 23 24 15 41
61 42 33 6 29 20 32 22 9 0 36 34 23 8 9 14 30 9 19 27 13 31
13 9 58 41 18 33 19 52 17 39 0 8 50 44 39 47 16 51 12 27 23 18
14 8 31 25 18 34 11 30 36 24 5 0 21 48 31 47 27 16 5 11 18 23
80 27 23 18 57 18 46 10 21 20 53 44 0 11 4 23 21 13 42 36 16 49
38 50 35 5 47 24 41 6 10 9 53 41 7 0 3 20 33 7 44 44 15 64
37 59 32 13 65 27 52 7 11 7 43 41 9 3 0 14 34 7 25 37 35 29
50 31 60 6 62 17 52 22 16 12 23 37 27 16 13 0 51 29 33 48 5 20
39 31 11 29 23 12 57 17 14 30 39 28 32 32 37 34 0 8 22 12 52 45
67 52 12 12 18 4 50 3 14 22 23 19 14 10 9 35 23 0 15 49 45 30
20 28 24 31 23 27 35 43 16 38 14 13 26 32 44 26 29 26 0 14 46 29
26 32 42 59 5 32 41 50 22 36 29 24 65 60 63 35 32 23 16 0 81 49
39 50 47 19 70 31 37 21 18 21 29 30 37 30 29 7 23 27 36 72 0 49
0 17 38 53 41 56 9 44 27 56 17 16 68 39 45 26 62 39 48 44 52 0