4
20
,
0 (12.0, 3.0) 86.0
1 (47.0, 35.0) 72.0
2 (18.0, 33.0) 31.0
3 (48.0, 5.0) 37.0
4 (37.0, 30.0) 63.0
5 (7.0, 3.0) 37.0
6 (34.0, 39.0) 56.0
7 (22.0, 35.0) 79.0
8 (17.0, 39.0) 42.0
9 (22.0, 3.0) 78.0
10 (24.0, 10.0) 68.0
11 (32.0, 46.0) 86.0
12 (24.0, 42.0) 35.0
13 (25.0, 46.0) 39.0
14 (7.0, 38.0) 88.0
15 (44.0, 25.0) 38.0
16 (34.0, 37.0) 50.0
17 (32.0, 7.0) 33.0
18 (45.0, 3.0) 41.0
19 (2.0, 36.0) 78.0
,
0 6 29 19 24 24 4 26 21 21 11 13 28 24 26 19 25 25 16 23 18 0
6 0 24 15 18 18 2 21 17 18 5 7 24 20 22 18 19 20 10 16 17 6
29 24 0 15 15 6 26 7 12 15 20 17 9 12 12 20 5 7 16 16 23 29
19 15 15 0 21 10 16 9 2 3 15 12 10 5 7 6 14 8 15 20 8 19
24 18 15 21 0 14 21 18 20 23 13 12 22 22 24 26 10 17 8 2 28 24
24 18 6 10 14 0 20 5 8 11 15 12 8 9 10 16 4 4 12 14 18 24
4 2 26 16 21 20 0 22 18 19 8 9 25 21 23 18 22 22 13 19 17 4
26 21 7 9 18 5 22 0 6 8 19 15 4 5 6 14 9 1 16 19 16 26
21 17 12 2 20 8 18 6 0 3 16 13 7 4 6 8 12 6 15 20 10 21
21 18 15 3 23 11 19 8 3 0 18 15 8 4 5 5 15 9 18 23 8 21
11 5 20 15 13 15 8 19 16 18 0 4 22 20 22 19 16 18 5 12 19 11
13 7 17 12 12 12 9 15 13 15 4 0 18 16 18 16 12 14 4 11 17 13
28 24 9 10 22 8 25 4 7 8 22 18 0 4 4 13 12 5 20 22 16 28
24 20 12 5 22 9 21 5 4 4 20 16 4 0 2 9 13 6 18 22 11 24
26 22 12 7 24 10 23 6 6 5 22 18 4 2 0 10 14 6 20 24 13 26
19 18 20 6 26 16 18 14 8 5 19 16 13 9 10 0 20 14 20 26 3 19
25 19 5 14 10 4 22 9 12 15 16 12 12 13 14 20 0 8 11 11 22 25
25 20 7 8 17 4 22 1 6 9 18 14 5 6 6 14 8 0 15 18 16 25
16 10 16 15 8 12 13 16 15 18 5 4 20 18 20 20 11 15 0 7 21 16
23 16 16 20 2 14 19 19 20 23 12 11 22 22 24 26 11 18 7 0 27 23
18 17 23 8 28 18 17 16 10 8 19 17 16 11 13 3 22 16 21 27 0 18
0 6 29 19 24 24 4 26 21 21 11 13 28 24 26 19 25 25 16 23 18 0
,
0 11 31 28 50 47 7 56 47 62 20 22 30 64 73 31 63 37 39 65 21 0
7 0 43 20 51 49 3 63 29 21 12 14 27 52 39 23 24 50 29 19 48 18
49 59 0 40 25 9 65 17 27 40 29 35 26 34 34 52 7 9 25 44 38 42
55 20 41 0 46 25 26 15 5 5 16 19 18 15 12 9 28 24 21 31 16 35
27 49 31 55 0 36 41 31 41 33 13 32 40 47 33 65 19 31 19 5 58 47
69 35 17 29 31 0 59 14 16 26 16 28 24 24 18 38 11 8 23 41 29 46
5 5 36 42 48 43 0 48 44 40 12 23 29 52 24 49 22 31 31 31 31 6
48 26 19 15 46 6 58 0 18 24 24 39 7 15 8 31 21 2 47 36 39 43
40 28 29 3 40 8 24 8 0 5 39 21 21 5 10 15 14 15 33 27 16 42
49 21 17 5 42 14 51 16 8 0 51 27 21 7 9 12 29 17 38 61 8 37
27 12 35 39 15 32 9 31 20 43 0 7 56 31 50 55 34 26 15 26 57 31
17 11 39 16 24 25 25 21 35 28 4 0 27 40 20 22 25 24 6 17 47 18
65 51 20 17 41 14 73 6 8 16 54 35 0 6 6 34 25 9 35 47 43 75
56 52 35 12 66 20 48 6 9 7 56 43 12 0 5 10 19 6 19 52 17 33
75 34 18 22 42 13 31 7 15 5 41 44 8 5 0 25 29 16 55 38 26 62
43 48 29 16 37 21 20 18 14 5 37 49 31 13 28 0 22 26 44 64 8 41
74 54 6 30 18 5 49 16 31 42 45 26 33 33 25 42 0 16 20 14 32 67
29 57 7 20 31 10 28 2 15 22 27 43 8 14 14 22 17 0 41 41 32 26
25 22 20 33 20 34 22 38 36 21 6 8 58 19 44 23 26 20 0 8 49 35
39 36 48 53 3 35 36 43 47 29 18 19 42 25 47 54 12 51 14 0 47 48
48 21 37 11 30 26 45 19 17 18 25 48 40 20 34 4 22 37 35 51 0 25
0 17 42 42 55 28 6 67 62 55 21 31 30 70 47 25 52 36 19 52 37 0