4
20
,
0 (12.0, 3.0) 66.0
1 (47.0, 35.0) 32.0
2 (18.0, 33.0) 88.0
3 (48.0, 5.0) 66.0
4 (37.0, 30.0) 76.0
5 (7.0, 3.0) 72.0
6 (34.0, 39.0) 40.0
7 (22.0, 35.0) 44.0
8 (17.0, 39.0) 43.0
9 (22.0, 3.0) 76.0
10 (24.0, 10.0) 88.0
11 (32.0, 46.0) 37.0
12 (24.0, 42.0) 39.0
13 (25.0, 46.0) 63.0
14 (7.0, 38.0) 51.0
15 (44.0, 25.0) 43.0
16 (34.0, 37.0) 73.0
17 (32.0, 7.0) 83.0
18 (45.0, 3.0) 35.0
19 (2.0, 36.0) 46.0
,
0 6 29 19 24 24 4 26 21 21 11 13 28 24 26 19 25 25 16 23 18 0
6 0 24 15 18 18 2 21 17 18 5 7 24 20 22 18 19 20 10 16 17 6
29 24 0 15 15 6 26 7 12 15 20 17 9 12 12 20 5 7 16 16 23 29
19 15 15 0 21 10 16 9 2 3 15 12 10 5 7 6 14 8 15 20 8 19
24 18 15 21 0 14 21 18 20 23 13 12 22 22 24 26 10 17 8 2 28 24
24 18 6 10 14 0 20 5 8 11 15 12 8 9 10 16 4 4 12 14 18 24
4 2 26 16 21 20 0 22 18 19 8 9 25 21 23 18 22 22 13 19 17 4
26 21 7 9 18 5 22 0 6 8 19 15 4 5 6 14 9 1 16 19 16 26
21 17 12 2 20 8 18 6 0 3 16 13 7 4 6 8 12 6 15 20 10 21
21 18 15 3 23 11 19 8 3 0 18 15 8 4 5 5 15 9 18 23 8 21
11 5 20 15 13 15 8 19 16 18 0 4 22 20 22 19 16 18 5 12 19 11
13 7 17 12 12 12 9 15 13 15 4 0 18 16 18 16 12 14 4 11 17 13
28 24 9 10 22 8 25 4 7 8 22 18 0 4 4 13 12 5 20 22 16 28
24 20 12 5 22 9 21 5 4 4 20 16 4 0 2 9 13 6 18 22 11 24
26 22 12 7 24 10 23 6 6 5 22 18 4 2 0 10 14 6 20 24 13 26
19 18 20 6 26 16 18 14 8 5 19 16 13 9 10 0 20 14 20 26 3 19
25 19 5 14 10 4 22 9 12 15 16 12 12 13 14 20 0 8 11 11 22 25
25 20 7 8 17 4 22 1 6 9 18 14 5 6 6 14 8 0 15 18 16 25
16 10 16 15 8 12 13 16 15 18 5 4 20 18 20 20 11 15 0 7 21 16
23 16 16 20 2 14 19 19 20 23 12 11 22 22 24 26 11 18 7 0 27 23
18 17 23 8 28 18 17 16 10 8 19 17 16 11 13 3 22 16 21 27 0 18
0 6 29 19 24 24 4 26 21 21 11 13 28 24 26 19 25 25 16 23 18 0
,
0 11 43 23 37 56 10 78 46 47 13 20 44 33 69 23 34 73 18 39 52 0
10 0 35 28 35 26 7 36 19 49 7 11 49 44 33 26 43 22 23 44 44 12
50 51 0 33 20 7 59 18 28 18 26 42 21 33 16 45 15 8 35 28 67 39
42 36 33 0 32 16 21 13 5 5 32 23 16 10 18 12 36 20 35 38 19 24
28 21 28 58 0 21 26 36 56 25 28 31 49 43 28 30 15 26 24 3 82 34
54 52 6 14 18 0 24 7 22 17 29 24 9 10 21 24 5 8 20 23 35 67
7 4 30 24 58 33 0 27 19 35 17 23 67 35 50 38 44 57 24 22 39 11
28 54 16 25 49 12 45 0 15 22 19 19 8 7 6 37 16 3 36 23 34 63
48 17 16 6 42 11 47 10 0 5 38 32 12 5 9 19 16 9 37 40 15 50
49 24 35 7 57 15 46 22 8 0 22 40 12 5 7 10 20 18 46 30 20 30
22 7 27 15 18 20 10 29 48 53 0 10 63 52 44 39 17 27 15 30 35 17
19 18 21 35 23 32 25 28 34 42 7 0 38 42 30 40 17 34 6 16 22 18
65 52 24 26 57 15 57 11 18 9 60 40 0 8 9 31 28 11 49 33 36 68
68 55 34 12 60 25 37 14 4 9 20 19 7 0 3 12 25 8 43 42 26 64
64 35 30 16 49 13 60 9 17 11 35 28 9 6 0 12 35 17 35 68 33 34
32 50 56 15 79 27 50 18 20 12 27 28 25 23 23 0 40 38 34 28 6 53
37 38 10 33 24 6 59 15 17 43 23 20 24 23 35 22 0 10 17 24 36 38
54 27 17 13 23 5 61 2 8 23 23 42 12 10 18 38 17 0 20 41 41 54
39 19 22 28 17 15 28 36 39 20 15 12 44 51 46 49 30 43 0 19 29 33
47 25 25 53 3 19 45 26 44 28 16 29 47 40 36 56 30 38 10 0 33 45
34 49 56 23 38 38 40 39 14 10 49 46 44 34 20 8 50 24 53 49 0 24
0 14 78 24 33 32 4 61 51 46 15 17 79 50 73 53 44 44 22 26 38 0