4
20
,
0 (12.0, 3.0) 31.0
1 (47.0, 35.0) 75.0
2 (18.0, 33.0) 77.0
3 (48.0, 5.0) 76.0
4 (37.0, 30.0) 86.0
5 (7.0, 3.0) 36.0
6 (34.0, 39.0) 80.0
7 (22.0, 35.0) 34.0
8 (17.0, 39.0) 67.0
9 (22.0, 3.0) 36.0
10 (24.0, 10.0) 89.0
11 (32.0, 46.0) 61.0
12 (24.0, 42.0) 34.0
13 (25.0, 46.0) 48.0
14 (7.0, 38.0) 44.0
15 (44.0, 25.0) 36.0
16 (34.0, 37.0) 84.0
17 (32.0, 7.0) 37.0
18 (45.0, 3.0) 40.0
19 (2.0, 36.0) 75.0
,
0 6 29 19 24 24 4 26 21 21 11 13 28 24 26 19 25 25 16 23 18 0
6 0 24 15 18 18 2 21 17 18 5 7 24 20 22 18 19 20 10 16 17 6
29 24 0 15 15 6 26 7 12 15 20 17 9 12 12 20 5 7 16 16 23 29
19 15 15 0 21 10 16 9 2 3 15 12 10 5 7 6 14 8 15 20 8 19
24 18 15 21 0 14 21 18 20 23 13 12 22 22 24 26 10 17 8 2 28 24
24 18 6 10 14 0 20 5 8 11 15 12 8 9 10 16 4 4 12 14 18 24
4 2 26 16 21 20 0 22 18 19 8 9 25 21 23 18 22 22 13 19 17 4
26 21 7 9 18 5 22 0 6 8 19 15 4 5 6 14 9 1 16 19 16 26
21 17 12 2 20 8 18 6 0 3 16 13 7 4 6 8 12 6 15 20 10 21
21 18 15 3 23 11 19 8 3 0 18 15 8 4 5 5 15 9 18 23 8 21
11 5 20 15 13 15 8 19 16 18 0 4 22 20 22 19 16 18 5 12 19 11
13 7 17 12 12 12 9 15 13 15 4 0 18 16 18 16 12 14 4 11 17 13
28 24 9 10 22 8 25 4 7 8 22 18 0 4 4 13 12 5 20 22 16 28
24 20 12 5 22 9 21 5 4 4 20 16 4 0 2 9 13 6 18 22 11 24
26 22 12 7 24 10 23 6 6 5 22 18 4 2 0 10 14 6 20 24 13 26
19 18 20 6 26 16 18 14 8 5 19 16 13 9 10 0 20 14 20 26 3 19
25 19 5 14 10 4 22 9 12 15 16 12 12 13 14 20 0 8 11 11 22 25
25 20 7 8 17 4 22 1 6 9 18 14 5 6 6 14 8 0 15 18 16 25
16 10 16 15 8 12 13 16 15 18 5 4 20 18 20 20 11 15 0 7 21 16
23 16 16 20 2 14 19 19 20 23 12 11 22 22 24 26 11 18 7 0 27 23
18 17 23 8 28 18 17 16 10 8 19 17 16 11 13 3 22 16 21 27 0 18
0 6 29 19 24 24 4 26 21 21 11 13 28 24 26 19 25 25 16 23 18 0
,
0 10 88 53 43 34 5 74 61 35 25 25 42 53 28 46 31 44 33 39 42 0
16 0 47 43 33 52 3 54 18 24 11 15 28 41 23 24 38 60 30 47 45 11
51 47 0 16 33 6 34 12 30 30 53 39 21 16 18 51 6 16 44 42 34 78
28 37 43 0 44 19 37 15 6 9 28 31 16 6 17 13 23 10 21 43 9 50
51 25 39 57 0 36 41 28 23 45 29 33 30 63 55 45 11 22 17 2 34 66
55 44 15 14 33 0 21 14 15 20 41 33 22 16 24 33 11 6 14 18 42 62
6 5 44 40 23 24 0 23 41 23 15 13 74 53 56 44 53 45 28 49 41 11
28 46 17 19 46 12 46 0 18 15 42 27 6 7 11 30 15 2 45 44 44 69
51 35 33 5 39 12 38 19 0 5 16 25 14 4 7 17 29 16 29 56 20 26
48 42 23 5 37 15 24 11 3 0 48 43 9 5 6 8 16 15 36 46 22 47
23 8 54 15 25 35 21 44 36 19 0 6 50 47 64 53 32 46 7 33 22 27
14 19 44 27 29 14 13 45 15 44 7 0 25 24 20 27 32 21 10 14 32 19
68 39 16 22 65 10 41 10 11 11 63 31 0 7 6 36 16 10 44 48 35 41
50 31 24 10 61 18 61 12 8 6 29 31 8 0 2 20 28 6 52 29 24 33
27 46 23 17 65 28 61 16 8 12 29 50 6 3 0 11 32 18 57 71 15 35
25 35 46 13 34 31 50 32 22 12 51 31 23 13 18 0 32 27 33 34 7 48
43 55 11 22 26 13 46 12 35 37 39 23 30 30 28 38 0 9 16 29 62 74
67 21 10 23 20 8 47 2 13 17 40 23 10 6 15 14 22 0 34 23 42 42
47 13 44 25 9 18 35 43 26 26 16 7 24 29 53 27 28 32 0 15 43 27
61 43 33 21 3 27 34 32 34 36 21 30 47 37 31 61 29 27 14 0 42 42
34 43 44 17 35 27 48 22 23 17 30 37 26 12 18 8 40 39 37 71 0 28
0 15 36 26 72 50 6 56 54 41 12 33 79 71 59 30 49 31 29 38 37 0