4
20
,
0 (12.0, 3.0) 43.0
1 (47.0, 35.0) 66.0
2 (18.0, 33.0) 52.0
3 (48.0, 5.0) 31.0
4 (37.0, 30.0) 55.0
5 (7.0, 3.0) 62.0
6 (34.0, 39.0) 55.0
7 (22.0, 35.0) 87.0
8 (17.0, 39.0) 37.0
9 (22.0, 3.0) 74.0
10 (24.0, 10.0) 50.0
11 (32.0, 46.0) 73.0
12 (24.0, 42.0) 72.0
13 (25.0, 46.0) 38.0
14 (7.0, 38.0) 43.0
15 (44.0, 25.0) 44.0
16 (34.0, 37.0) 63.0
17 (32.0, 7.0) 32.0
18 (45.0, 3.0) 36.0
19 (2.0, 36.0) 75.0
,
0 6 29 19 24 24 4 26 21 21 11 13 28 24 26 19 25 25 16 23 18 0
6 0 24 15 18 18 2 21 17 18 5 7 24 20 22 18 19 20 10 16 17 6
29 24 0 15 15 6 26 7 12 15 20 17 9 12 12 20 5 7 16 16 23 29
19 15 15 0 21 10 16 9 2 3 15 12 10 5 7 6 14 8 15 20 8 19
24 18 15 21 0 14 21 18 20 23 13 12 22 22 24 26 10 17 8 2 28 24
24 18 6 10 14 0 20 5 8 11 15 12 8 9 10 16 4 4 12 14 18 24
4 2 26 16 21 20 0 22 18 19 8 9 25 21 23 18 22 22 13 19 17 4
26 21 7 9 18 5 22 0 6 8 19 15 4 5 6 14 9 1 16 19 16 26
21 17 12 2 20 8 18 6 0 3 16 13 7 4 6 8 12 6 15 20 10 21
21 18 15 3 23 11 19 8 3 0 18 15 8 4 5 5 15 9 18 23 8 21
11 5 20 15 13 15 8 19 16 18 0 4 22 20 22 19 16 18 5 12 19 11
13 7 17 12 12 12 9 15 13 15 4 0 18 16 18 16 12 14 4 11 17 13
28 24 9 10 22 8 25 4 7 8 22 18 0 4 4 13 12 5 20 22 16 28
24 20 12 5 22 9 21 5 4 4 20 16 4 0 2 9 13 6 18 22 11 24
26 22 12 7 24 10 23 6 6 5 22 18 4 2 0 10 14 6 20 24 13 26
19 18 20 6 26 16 18 14 8 5 19 16 13 9 10 0 20 14 20 26 3 19
25 19 5 14 10 4 22 9 12 15 16 12 12 13 14 20 0 8 11 11 22 25
25 20 7 8 17 4 22 1 6 9 18 14 5 6 6 14 8 0 15 18 16 25
16 10 16 15 8 12 13 16 15 18 5 4 20 18 20 20 11 15 0 7 21 16
23 16 16 20 2 14 19 19 20 23 12 11 22 22 24 26 11 18 7 0 27 23
18 17 23 8 28 18 17 16 10 8 19 17 16 11 13 3 22 16 21 27 0 18
0 6 29 19 24 24 4 26 21 21 11 13 28 24 26 19 25 25 16 23 18 0
,
0 8 68 42 54 32 6 59 30 28 30 29 62 30 74 23 32 32 48 47 40 0
12 0 35 31 42 28 4 27 49 20 7 17 25 47 55 25 57 49 17 26 28 10
36 45 0 43 30 14 48 7 18 31 42 20 22 12 28 33 6 9 47 22 35 79
51 18 18 0 24 17 43 24 7 8 23 22 19 15 8 13 30 9 42 30 21 28
54 47 35 25 0 27 56 35 39 43 14 17 44 64 25 78 26 25 11 5 51 42
55 46 15 10 26 0 30 7 23 14 37 18 12 9 26 21 7 11 16 31 29 47
6 4 73 39 40 51 0 45 27 34 16 10 71 49 45 27 51 40 26 53 33 9
58 52 10 25 47 6 64 0 13 24 28 35 7 10 14 23 22 2 46 54 21 46
42 43 19 6 23 14 39 11 0 8 44 34 17 8 10 13 33 16 39 20 25 38
31 28 29 6 47 13 41 22 3 0 24 32 15 10 13 7 44 18 38 46 16 43
11 7 50 44 35 29 19 23 33 31 0 6 44 28 45 30 31 49 8 31 33 25
28 12 31 26 29 24 10 28 34 18 4 0 22 27 47 19 24 30 12 24 31 19
58 40 17 17 64 13 33 6 16 11 33 29 0 7 4 19 27 7 55 40 22 72
42 43 21 13 34 26 59 12 5 5 34 33 8 0 5 18 30 12 21 56 20 40
73 54 18 21 65 28 63 12 9 12 42 21 8 5 0 15 27 9 29 63 36 74
58 51 29 15 45 19 49 23 15 5 48 18 15 25 23 0 58 27 46 56 8 39
32 35 8 24 14 9 43 17 31 30 19 35 29 22 36 20 0 9 22 19 54 41
40 22 9 15 37 7 52 2 9 23 49 40 6 17 10 20 11 0 28 25 17 36
29 17 44 19 22 34 27 28 29 28 12 5 33 35 57 44 29 39 0 17 42 26
57 38 24 59 3 39 54 24 53 29 26 29 56 50 27 66 20 19 14 0 74 30
31 40 49 20 63 53 24 44 28 8 53 40 47 34 26 4 33 33 52 49 0 20
0 12 31 51 70 68 7 41 36 36 30 24 30 32 44 26 46 62 37 24 39 0