4
20
,
0 (12.0, 3.0) 71.0
1 (47.0, 35.0) 43.0
2 (18.0, 33.0) 58.0
3 (48.0, 5.0) 48.0
4 (37.0, 30.0) 58.0
5 (7.0, 3.0) 49.0
6 (34.0, 39.0) 84.0
7 (22.0, 35.0) 61.0
8 (17.0, 39.0) 51.0
9 (22.0, 3.0) 45.0
10 (24.0, 10.0) 32.0
11 (32.0, 46.0) 63.0
12 (24.0, 42.0) 48.0
13 (25.0, 46.0) 61.0
14 (7.0, 38.0) 50.0
15 (44.0, 25.0) 76.0
16 (34.0, 37.0) 56.0
17 (32.0, 7.0) 37.0
18 (45.0, 3.0) 37.0
19 (2.0, 36.0) 39.0
,
0 6 29 19 24 24 4 26 21 21 11 13 28 24 26 19 25 25 16 23 18 0
6 0 24 15 18 18 2 21 17 18 5 7 24 20 22 18 19 20 10 16 17 6
29 24 0 15 15 6 26 7 12 15 20 17 9 12 12 20 5 7 16 16 23 29
19 15 15 0 21 10 16 9 2 3 15 12 10 5 7 6 14 8 15 20 8 19
24 18 15 21 0 14 21 18 20 23 13 12 22 22 24 26 10 17 8 2 28 24
24 18 6 10 14 0 20 5 8 11 15 12 8 9 10 16 4 4 12 14 18 24
4 2 26 16 21 20 0 22 18 19 8 9 25 21 23 18 22 22 13 19 17 4
26 21 7 9 18 5 22 0 6 8 19 15 4 5 6 14 9 1 16 19 16 26
21 17 12 2 20 8 18 6 0 3 16 13 7 4 6 8 12 6 15 20 10 21
21 18 15 3 23 11 19 8 3 0 18 15 8 4 5 5 15 9 18 23 8 21
11 5 20 15 13 15 8 19 16 18 0 4 22 20 22 19 16 18 5 12 19 11
13 7 17 12 12 12 9 15 13 15 4 0 18 16 18 16 12 14 4 11 17 13
28 24 9 10 22 8 25 4 7 8 22 18 0 4 4 13 12 5 20 22 16 28
24 20 12 5 22 9 21 5 4 4 20 16 4 0 2 9 13 6 18 22 11 24
26 22 12 7 24 10 23 6 6 5 22 18 4 2 0 10 14 6 20 24 13 26
19 18 20 6 26 16 18 14 8 5 19 16 13 9 10 0 20 14 20 26 3 19
25 19 5 14 10 4 22 9 12 15 16 12 12 13 14 20 0 8 11 11 22 25
25 20 7 8 17 4 22 1 6 9 18 14 5 6 6 14 8 0 15 18 16 25
16 10 16 15 8 12 13 16 15 18 5 4 20 18 20 20 11 15 0 7 21 16
23 16 16 20 2 14 19 19 20 23 12 11 22 22 24 26 11 18 7 0 27 23
18 17 23 8 28 18 17 16 10 8 19 17 16 11 13 3 22 16 21 27 0 18
0 6 29 19 24 24 4 26 21 21 11 13 28 24 26 19 25 25 16 23 18 0
,
0 11 30 31 71 48 9 74 41 47 30 24 60 54 55 35 49 66 29 24 46 0
17 0 46 32 38 20 6 29 32 28 5 11 32 54 29 34 44 36 17 24 43 9
35 59 0 41 29 15 57 9 20 35 56 20 15 23 14 45 9 10 40 40 25 81
40 32 34 0 54 12 34 14 4 5 37 31 26 11 15 14 16 9 40 50 15 34
52 43 29 60 0 19 31 42 52 51 37 29 24 42 65 70 28 43 20 2 78 69
42 50 7 28 23 0 54 7 19 32 42 29 19 12 25 32 11 6 16 15 19 43
7 6 67 28 28 35 0 23 20 19 22 21 40 32 64 25 59 27 24 35 40 9
50 40 16 23 26 6 37 0 15 20 53 30 10 6 11 19 12 2 45 22 29 47
39 21 26 4 53 14 24 11 0 4 21 16 19 8 12 15 29 10 27 20 22 34
60 54 35 5 68 16 32 14 8 0 29 26 21 9 8 9 36 12 28 57 11 22
24 9 43 34 32 39 22 20 26 26 0 10 55 29 62 52 28 46 10 12 19 28
36 18 35 20 31 35 14 32 30 29 8 0 27 22 45 34 34 30 8 20 46 22
50 45 28 24 62 12 26 6 12 21 57 21 0 11 5 26 14 10 30 51 25 33
36 55 13 8 65 24 51 13 10 7 56 32 8 0 6 25 36 15 48 51 30 42
33 61 23 20 62 29 25 12 7 11 63 42 5 6 0 27 26 16 35 62 25 62
42 26 60 17 42 40 35 23 13 8 50 47 16 26 23 0 55 28 45 41 7 41
64 32 11 16 14 11 52 18 19 45 43 24 15 21 25 50 0 19 20 27 35 57
51 38 12 17 51 9 41 2 6 11 32 22 6 16 7 14 10 0 43 28 39 72
45 25 26 32 10 26 13 39 18 30 13 6 50 19 26 50 16 26 0 17 34 24
31 24 20 46 5 37 39 52 40 63 28 24 30 35 52 71 31 29 18 0 77 55
32 35 47 11 53 30 45 33 25 21 57 44 46 22 26 5 63 34 50 70 0 47
0 14 86 36 29 33 5 69 59 26 28 18 41 38 60 41 34 48 21 26 22 0