4
20
,
0 (12.0, 3.0) 79.0
1 (47.0, 35.0) 35.0
2 (18.0, 33.0) 90.0
3 (48.0, 5.0) 55.0
4 (37.0, 30.0) 38.0
5 (7.0, 3.0) 40.0
6 (34.0, 39.0) 41.0
7 (22.0, 35.0) 52.0
8 (17.0, 39.0) 37.0
9 (22.0, 3.0) 37.0
10 (24.0, 10.0) 40.0
11 (32.0, 46.0) 82.0
12 (24.0, 42.0) 32.0
13 (25.0, 46.0) 37.0
14 (7.0, 38.0) 70.0
15 (44.0, 25.0) 44.0
16 (34.0, 37.0) 85.0
17 (32.0, 7.0) 50.0
18 (45.0, 3.0) 75.0
19 (2.0, 36.0) 53.0
,
0 6 29 19 24 24 4 26 21 21 11 13 28 24 26 19 25 25 16 23 18 0
6 0 24 15 18 18 2 21 17 18 5 7 24 20 22 18 19 20 10 16 17 6
29 24 0 15 15 6 26 7 12 15 20 17 9 12 12 20 5 7 16 16 23 29
19 15 15 0 21 10 16 9 2 3 15 12 10 5 7 6 14 8 15 20 8 19
24 18 15 21 0 14 21 18 20 23 13 12 22 22 24 26 10 17 8 2 28 24
24 18 6 10 14 0 20 5 8 11 15 12 8 9 10 16 4 4 12 14 18 24
4 2 26 16 21 20 0 22 18 19 8 9 25 21 23 18 22 22 13 19 17 4
26 21 7 9 18 5 22 0 6 8 19 15 4 5 6 14 9 1 16 19 16 26
21 17 12 2 20 8 18 6 0 3 16 13 7 4 6 8 12 6 15 20 10 21
21 18 15 3 23 11 19 8 3 0 18 15 8 4 5 5 15 9 18 23 8 21
11 5 20 15 13 15 8 19 16 18 0 4 22 20 22 19 16 18 5 12 19 11
13 7 17 12 12 12 9 15 13 15 4 0 18 16 18 16 12 14 4 11 17 13
28 24 9 10 22 8 25 4 7 8 22 18 0 4 4 13 12 5 20 22 16 28
24 20 12 5 22 9 21 5 4 4 20 16 4 0 2 9 13 6 18 22 11 24
26 22 12 7 24 10 23 6 6 5 22 18 4 2 0 10 14 6 20 24 13 26
19 18 20 6 26 16 18 14 8 5 19 16 13 9 10 0 20 14 20 26 3 19
25 19 5 14 10 4 22 9 12 15 16 12 12 13 14 20 0 8 11 11 22 25
25 20 7 8 17 4 22 1 6 9 18 14 5 6 6 14 8 0 15 18 16 25
16 10 16 15 8 12 13 16 15 18 5 4 20 18 20 20 11 15 0 7 21 16
23 16 16 20 2 14 19 19 20 23 12 11 22 22 24 26 11 18 7 0 27 23
18 17 23 8 28 18 17 16 10 8 19 17 16 11 13 3 22 16 21 27 0 18
0 6 29 19 24 24 4 26 21 21 11 13 28 24 26 19 25 25 16 23 18 0
,
0 9 43 47 45 51 4 74 32 34 17 37 61 43 59 44 34 72 23 23 48 0
18 0 43 29 30 55 3 30 22 42 12 11 44 22 39 47 41 39 27 49 22 6
47 47 0 33 23 9 46 7 32 35 45 36 16 12 31 41 14 19 25 18 29 86
46 33 37 0 27 20 44 15 5 5 29 14 21 8 19 9 34 21 30 48 18 34
59 21 35 33 0 17 49 20 57 37 16 26 53 53 63 56 18 48 13 5 69 60
69 30 9 26 25 0 53 10 9 25 25 24 24 14 23 40 10 6 19 40 38 55
8 7 60 38 52 21 0 36 18 26 10 26 35 26 29 52 51 30 22 27 27 5
55 61 8 23 53 11 42 0 8 19 31 16 8 10 6 14 22 2 36 55 38 59
44 32 20 6 51 20 21 8 0 7 17 17 19 8 12 14 13 18 21 53 20 40
39 54 33 6 57 21 43 18 9 0 37 23 18 11 7 7 18 21 27 65 21 33
26 13 52 21 16 35 12 45 22 35 0 10 24 21 31 22 32 25 11 12 21 32
38 8 22 15 21 22 23 38 19 23 9 0 25 30 52 18 13 31 10 32 38 28
72 52 15 25 43 24 25 6 15 24 36 36 0 8 5 34 16 8 31 59 39 53
44 37 19 13 42 10 46 10 9 4 53 46 12 0 4 9 30 7 50 36 25 50
66 28 14 13 56 25 64 14 12 9 55 27 8 6 0 14 27 7 47 58 24 70
23 19 49 13 30 42 23 31 16 7 45 47 20 14 20 0 35 35 47 68 7 50
67 33 15 24 15 8 41 23 29 39 41 27 35 28 31 44 0 23 27 19 40 36
30 48 10 14 27 11 25 2 11 20 22 39 13 15 13 29 10 0 17 34 36 31
42 14 33 18 12 24 30 44 22 25 6 11 44 35 29 36 29 41 0 8 56 19
44 17 22 49 3 21 47 28 52 62 33 23 66 55 42 56 26 51 17 0 47 58
44 26 54 20 65 28 30 41 15 18 38 48 38 20 37 5 53 30 53 78 0 39
0 17 62 55 42 25 5 30 60 25 11 37 73 52 74 50 56 68 24 48 32 0