4
20
,
0 (12.0, 3.0) 79.0
1 (47.0, 35.0) 82.0
2 (18.0, 33.0) 89.0
3 (48.0, 5.0) 49.0
4 (37.0, 30.0) 64.0
5 (7.0, 3.0) 46.0
6 (34.0, 39.0) 75.0
7 (22.0, 35.0) 85.0
8 (17.0, 39.0) 57.0
9 (22.0, 3.0) 35.0
10 (24.0, 10.0) 74.0
11 (32.0, 46.0) 56.0
12 (24.0, 42.0) 81.0
13 (25.0, 46.0) 71.0
14 (7.0, 38.0) 78.0
15 (44.0, 25.0) 86.0
16 (34.0, 37.0) 49.0
17 (32.0, 7.0) 38.0
18 (45.0, 3.0) 31.0
19 (2.0, 36.0) 84.0
,
0 6 29 19 24 24 4 26 21 21 11 13 28 24 26 19 25 25 16 23 18 0
6 0 24 15 18 18 2 21 17 18 5 7 24 20 22 18 19 20 10 16 17 6
29 24 0 15 15 6 26 7 12 15 20 17 9 12 12 20 5 7 16 16 23 29
19 15 15 0 21 10 16 9 2 3 15 12 10 5 7 6 14 8 15 20 8 19
24 18 15 21 0 14 21 18 20 23 13 12 22 22 24 26 10 17 8 2 28 24
24 18 6 10 14 0 20 5 8 11 15 12 8 9 10 16 4 4 12 14 18 24
4 2 26 16 21 20 0 22 18 19 8 9 25 21 23 18 22 22 13 19 17 4
26 21 7 9 18 5 22 0 6 8 19 15 4 5 6 14 9 1 16 19 16 26
21 17 12 2 20 8 18 6 0 3 16 13 7 4 6 8 12 6 15 20 10 21
21 18 15 3 23 11 19 8 3 0 18 15 8 4 5 5 15 9 18 23 8 21
11 5 20 15 13 15 8 19 16 18 0 4 22 20 22 19 16 18 5 12 19 11
13 7 17 12 12 12 9 15 13 15 4 0 18 16 18 16 12 14 4 11 17 13
28 24 9 10 22 8 25 4 7 8 22 18 0 4 4 13 12 5 20 22 16 28
24 20 12 5 22 9 21 5 4 4 20 16 4 0 2 9 13 6 18 22 11 24
26 22 12 7 24 10 23 6 6 5 22 18 4 2 0 10 14 6 20 24 13 26
19 18 20 6 26 16 18 14 8 5 19 16 13 9 10 0 20 14 20 26 3 19
25 19 5 14 10 4 22 9 12 15 16 12 12 13 14 20 0 8 11 11 22 25
25 20 7 8 17 4 22 1 6 9 18 14 5 6 6 14 8 0 15 18 16 25
16 10 16 15 8 12 13 16 15 18 5 4 20 18 20 20 11 15 0 7 21 16
23 16 16 20 2 14 19 19 20 23 12 11 22 22 24 26 11 18 7 0 27 23
18 17 23 8 28 18 17 16 10 8 19 17 16 11 13 3 22 16 21 27 0 18
0 6 29 19 24 24 4 26 21 21 11 13 28 24 26 19 25 25 16 23 18 0
,
0 11 49 32 45 63 11 52 56 43 24 35 28 42 72 29 66 40 28 65 42 0
16 0 56 18 21 53 4 36 45 51 10 17 34 21 58 31 37 46 13 22 39 6
33 33 0 33 40 14 39 19 21 33 46 24 20 15 19 51 15 15 33 29 23 84
52 37 38 0 39 29 22 25 5 7 45 14 14 16 16 18 24 18 19 40 11 20
47 47 32 44 0 15 45 53 22 63 14 22 58 48 50 36 12 30 10 2 29 37
52 55 14 15 20 0 24 9 24 26 16 18 9 24 19 37 6 8 25 23 52 33
9 5 68 18 29 48 0 35 25 28 9 11 63 56 33 38 22 39 35 20 34 6
43 62 17 14 37 11 25 0 15 11 21 29 4 10 9 24 18 2 44 33 20 39
50 39 30 5 51 14 48 19 0 3 41 23 13 9 9 9 30 11 35 33 19 57
58 46 28 6 26 22 22 14 6 0 24 44 16 4 12 9 26 25 42 43 10 23
28 14 56 28 38 31 14 27 37 49 0 8 26 58 30 36 41 29 7 29 24 33
30 12 30 30 35 24 12 26 34 15 9 0 37 35 23 20 33 40 12 30 44 25
82 63 13 13 64 22 53 9 13 22 41 52 0 8 10 18 33 10 35 53 22 35
49 43 17 11 31 20 27 11 6 10 37 44 8 0 2 14 20 8 42 56 33 71
69 61 23 19 40 25 48 7 12 15 34 25 9 4 0 21 24 15 49 54 29 53
31 50 23 16 32 16 25 22 19 11 23 20 34 18 18 0 47 22 28 71 4 37
42 49 6 24 15 11 44 10 17 18 32 32 16 29 28 52 0 11 17 33 44 48
28 46 19 14 43 5 45 3 11 16 48 43 8 12 8 37 15 0 32 43 26 41
42 28 40 28 13 14 26 30 16 47 15 11 33 28 39 33 32 24 0 12 34 48
65 28 19 31 2 21 53 34 25 29 17 29 26 35 47 76 28 39 8 0 72 28
29 23 66 11 36 34 19 41 27 11 54 28 32 17 13 4 28 34 28 38 0 27
0 17 35 19 36 47 7 27 54 35 17 35 81 61 53 54 66 56 40 34 18 0