4
20
,
0 (12.0, 3.0) 52.0
1 (47.0, 35.0) 67.0
2 (18.0, 33.0) 31.0
3 (48.0, 5.0) 54.0
4 (37.0, 30.0) 76.0
5 (7.0, 3.0) 57.0
6 (34.0, 39.0) 56.0
7 (22.0, 35.0) 59.0
8 (17.0, 39.0) 38.0
9 (22.0, 3.0) 48.0
10 (24.0, 10.0) 34.0
11 (32.0, 46.0) 41.0
12 (24.0, 42.0) 68.0
13 (25.0, 46.0) 36.0
14 (7.0, 38.0) 48.0
15 (44.0, 25.0) 60.0
16 (34.0, 37.0) 56.0
17 (32.0, 7.0) 79.0
18 (45.0, 3.0) 81.0
19 (2.0, 36.0) 49.0
,
0 6 29 19 24 24 4 26 21 21 11 13 28 24 26 19 25 25 16 23 18 0
6 0 24 15 18 18 2 21 17 18 5 7 24 20 22 18 19 20 10 16 17 6
29 24 0 15 15 6 26 7 12 15 20 17 9 12 12 20 5 7 16 16 23 29
19 15 15 0 21 10 16 9 2 3 15 12 10 5 7 6 14 8 15 20 8 19
24 18 15 21 0 14 21 18 20 23 13 12 22 22 24 26 10 17 8 2 28 24
24 18 6 10 14 0 20 5 8 11 15 12 8 9 10 16 4 4 12 14 18 24
4 2 26 16 21 20 0 22 18 19 8 9 25 21 23 18 22 22 13 19 17 4
26 21 7 9 18 5 22 0 6 8 19 15 4 5 6 14 9 1 16 19 16 26
21 17 12 2 20 8 18 6 0 3 16 13 7 4 6 8 12 6 15 20 10 21
21 18 15 3 23 11 19 8 3 0 18 15 8 4 5 5 15 9 18 23 8 21
11 5 20 15 13 15 8 19 16 18 0 4 22 20 22 19 16 18 5 12 19 11
13 7 17 12 12 12 9 15 13 15 4 0 18 16 18 16 12 14 4 11 17 13
28 24 9 10 22 8 25 4 7 8 22 18 0 4 4 13 12 5 20 22 16 28
24 20 12 5 22 9 21 5 4 4 20 16 4 0 2 9 13 6 18 22 11 24
26 22 12 7 24 10 23 6 6 5 22 18 4 2 0 10 14 6 20 24 13 26
19 18 20 6 26 16 18 14 8 5 19 16 13 9 10 0 20 14 20 26 3 19
25 19 5 14 10 4 22 9 12 15 16 12 12 13 14 20 0 8 11 11 22 25
25 20 7 8 17 4 22 1 6 9 18 14 5 6 6 14 8 0 15 18 16 25
16 10 16 15 8 12 13 16 15 18 5 4 20 18 20 20 11 15 0 7 21 16
23 16 16 20 2 14 19 19 20 23 12 11 22 22 24 26 11 18 7 0 27 23
18 17 23 8 28 18 17 16 10 8 19 17 16 11 13 3 22 16 21 27 0 18
0 6 29 19 24 24 4 26 21 21 11 13 28 24 26 19 25 25 16 23 18 0
,
0 13 67 52 25 47 8 72 37 57 14 29 62 62 35 40 40 53 31 61 32 0
16 0 56 43 45 48 6 48 50 48 9 17 60 57 64 53 36 54 18 46 37 9
79 61 0 16 43 14 27 20 33 33 53 20 10 33 19 39 12 16 47 21 48 62
39 18 38 0 26 24 19 16 7 3 18 20 25 7 21 17 20 24 29 50 9 28
33 22 39 26 0 16 60 55 42 62 15 13 54 47 58 27 18 28 11 3 59 46
69 43 12 20 38 0 44 12 11 28 36 23 25 25 30 46 7 11 32 32 52 67
9 5 52 48 30 47 0 41 37 37 14 12 47 42 36 50 28 49 24 24 20 8
54 32 8 15 27 5 44 0 15 24 25 20 7 10 10 30 15 3 35 42 42 45
55 43 24 6 24 13 41 7 0 4 18 25 13 6 6 14 30 9 35 28 17 34
22 22 37 5 24 29 19 17 6 0 43 21 19 9 12 14 26 14 21 57 14 28
17 13 28 23 21 30 17 54 24 34 0 8 26 24 22 52 16 32 13 32 20 31
28 11 28 14 35 14 16 21 35 32 9 0 23 17 32 46 34 31 9 19 35 39
30 65 21 13 52 21 28 7 19 24 40 43 0 10 9 26 28 5 34 41 44 50
63 52 29 13 54 18 41 9 11 9 43 31 5 0 3 23 25 6 40 40 24 37
43 33 33 12 67 16 24 14 9 9 36 30 5 5 0 20 25 15 31 32 16 68
55 33 29 16 59 31 34 22 21 12 32 37 24 12 14 0 23 23 24 56 3 43
36 40 7 22 22 13 33 14 31 44 36 19 32 36 16 39 0 9 29 11 60 60
27 51 15 10 44 7 54 3 12 23 30 34 6 11 18 16 23 0 18 40 42 33
34 23 38 35 21 20 34 25 38 35 10 5 22 30 53 28 13 18 0 11 36 19
51 23 22 21 2 36 49 35 44 43 17 18 53 60 39 50 32 43 9 0 44 46
46 50 43 24 54 25 27 18 21 9 20 25 30 21 31 4 47 35 41 63 0 23
0 16 66 42 70 55 8 49 35 43 29 37 75 35 45 41 42 75 19 34 48 0