4
20
,
0 (47.0, 48.0) 18.0
1 (41.0, 24.0) 12.0
2 (8.0, 42.0) 11.0
3 (33.0, 49.0) 13.0
4 (15.0, 2.0) 24.0
5 (17.0, 50.0) 23.0
6 (40.0, 29.0) 47.0
7 (3.0, 18.0) 49.0
8 (6.0, 7.0) 29.0
9 (28.0, 41.0) 26.0
10 (31.0, 47.0) 13.0
11 (46.0, 18.0) 13.0
12 (40.0, 26.0) 32.0
13 (31.0, 27.0) 40.0
14 (26.0, 28.0) 50.0
15 (26.0, 44.0) 32.0
16 (47.0, 35.0) 24.0
17 (35.0, 27.0) 30.0
18 (45.0, 21.0) 30.0
19 (43.0, 2.0) 38.0
,
0 5 8 3 11 6 4 11 12 4 3 6 5 5 6 4 3 5 5 9
5 0 8 5 7 7 1 8 8 4 5 2 0 2 3 5 3 1 1 4
8 8 0 5 8 2 7 5 7 4 5 9 7 5 5 4 8 6 9 11
3 5 5 0 10 3 4 9 10 2 1 7 5 4 4 2 4 4 6 10
11 7 8 10 0 10 7 4 2 8 10 7 7 6 6 9 9 6 7 6
6 7 2 3 10 0 6 7 9 3 3 9 7 5 5 2 7 6 8 11
4 1 7 4 7 6 0 8 8 3 4 3 1 2 3 4 2 1 2 5
11 8 5 9 4 7 8 0 2 7 8 9 8 6 5 7 9 7 8 9
12 8 7 10 2 9 8 2 0 8 9 8 8 6 6 8 10 7 8 7
4 4 4 2 8 3 3 7 8 0 1 6 4 3 3 1 4 3 5 8
3 5 5 1 10 3 4 8 9 1 0 7 5 4 4 1 4 4 6 9
6 2 9 7 7 9 3 9 8 6 7 0 2 3 4 7 3 3 1 3
5 0 7 5 7 7 1 8 8 4 5 2 0 2 3 5 2 1 1 5
5 2 5 4 6 5 2 6 6 3 4 3 2 0 1 4 4 1 3 6
6 3 5 4 6 5 3 5 6 3 4 4 3 1 0 3 4 2 4 6
4 5 4 2 9 2 4 7 8 1 1 7 5 4 3 0 5 4 6 9
3 3 8 4 9 7 2 9 10 4 4 3 2 4 4 5 0 3 3 7
5 1 6 4 6 6 1 7 7 3 4 3 1 1 2 4 3 0 2 5
5 1 9 6 7 8 2 8 8 5 6 1 1 3 4 6 3 2 0 4
9 4 11 10 6 11 5 9 7 8 9 3 5 6 6 9 7 5 4 0
,
0 28 34 17 73 21 16 66 63 29 14 39 31 26 34 28 9 27 22 58
19 0 26 18 45 40 4 23 41 15 13 8 2 15 21 15 8 6 6 32
44 21 0 37 29 17 50 32 33 28 25 65 50 16 23 21 54 42 48 31
13 14 24 0 68 20 28 46 35 6 4 32 27 31 21 8 20 28 23 47
68 40 39 27 0 27 23 21 15 31 67 22 37 18 17 51 60 30 25 25
34 50 14 11 34 0 37 31 28 7 20 41 49 19 25 14 33 36 33 31
28 7 42 17 44 36 0 57 23 16 18 12 3 11 18 26 9 4 11 23
61 22 17 28 19 37 45 0 16 39 29 43 48 42 16 44 58 43 55 38
78 23 35 55 13 39 30 17 0 29 28 29 51 43 20 39 65 41 34 49
11 28 25 12 29 10 12 20 47 0 10 27 17 17 9 5 24 9 25 36
16 17 15 2 58 18 26 38 33 8 0 48 20 16 16 4 11 28 41 43
39 8 52 37 18 33 16 23 22 37 23 0 5 9 31 41 25 9 4 15
23 1 36 23 30 34 3 55 52 19 29 13 0 6 12 20 11 5 9 22
20 7 19 23 44 20 5 24 39 10 15 26 9 0 4 14 16 4 10 28
34 11 27 17 30 32 20 27 37 18 24 15 19 3 0 15 31 13 28 28
13 33 26 10 56 16 12 51 47 4 7 25 16 10 23 0 33 17 39 44
18 12 20 11 49 22 11 58 52 13 20 25 13 15 14 22 0 10 10 29
28 4 33 20 45 26 4 47 41 21 26 9 6 3 5 28 19 0 13 21
34 7 56 17 27 24 5 33 43 34 37 2 6 10 27 17 19 15 0 14
46 32 27 25 42 69 27 45 51 23 54 11 27 19 18 33 43 38 22 0