4
20
,
0 (47.0, 48.0) 42.0
1 (41.0, 24.0) 42.0
2 (8.0, 42.0) 31.0
3 (33.0, 49.0) 14.0
4 (15.0, 2.0) 15.0
5 (17.0, 50.0) 16.0
6 (40.0, 29.0) 38.0
7 (3.0, 18.0) 20.0
8 (6.0, 7.0) 41.0
9 (28.0, 41.0) 47.0
10 (31.0, 47.0) 16.0
11 (46.0, 18.0) 27.0
12 (40.0, 26.0) 18.0
13 (31.0, 27.0) 50.0
14 (26.0, 28.0) 43.0
15 (26.0, 44.0) 35.0
16 (47.0, 35.0) 42.0
17 (35.0, 27.0) 16.0
18 (45.0, 21.0) 38.0
19 (43.0, 2.0) 37.0
,
0 5 8 3 11 6 4 11 12 4 3 6 5 5 6 4 3 5 5 9
5 0 8 5 7 7 1 8 8 4 5 2 0 2 3 5 3 1 1 4
8 8 0 5 8 2 7 5 7 4 5 9 7 5 5 4 8 6 9 11
3 5 5 0 10 3 4 9 10 2 1 7 5 4 4 2 4 4 6 10
11 7 8 10 0 10 7 4 2 8 10 7 7 6 6 9 9 6 7 6
6 7 2 3 10 0 6 7 9 3 3 9 7 5 5 2 7 6 8 11
4 1 7 4 7 6 0 8 8 3 4 3 1 2 3 4 2 1 2 5
11 8 5 9 4 7 8 0 2 7 8 9 8 6 5 7 9 7 8 9
12 8 7 10 2 9 8 2 0 8 9 8 8 6 6 8 10 7 8 7
4 4 4 2 8 3 3 7 8 0 1 6 4 3 3 1 4 3 5 8
3 5 5 1 10 3 4 8 9 1 0 7 5 4 4 1 4 4 6 9
6 2 9 7 7 9 3 9 8 6 7 0 2 3 4 7 3 3 1 3
5 0 7 5 7 7 1 8 8 4 5 2 0 2 3 5 2 1 1 5
5 2 5 4 6 5 2 6 6 3 4 3 2 0 1 4 4 1 3 6
6 3 5 4 6 5 3 5 6 3 4 4 3 1 0 3 4 2 4 6
4 5 4 2 9 2 4 7 8 1 1 7 5 4 3 0 5 4 6 9
3 3 8 4 9 7 2 9 10 4 4 3 2 4 4 5 0 3 3 7
5 1 6 4 6 6 1 7 7 3 4 3 1 1 2 4 3 0 2 5
5 1 9 6 7 8 2 8 8 5 6 1 1 3 4 6 3 2 0 4
9 4 11 10 6 11 5 9 7 8 9 3 5 6 6 9 7 5 4 0
,
0 14 53 7 81 18 23 69 54 30 22 16 24 29 26 29 15 18 17 53
23 0 53 30 20 42 5 49 36 21 32 12 2 12 13 14 11 7 6 11
25 56 0 19 41 12 32 35 45 17 18 48 50 30 20 21 41 41 32 57
10 25 28 0 71 24 23 38 70 11 4 41 29 27 23 7 16 27 36 57
52 49 23 33 0 50 20 25 6 40 43 29 48 26 40 38 33 37 30 38
40 39 8 16 39 0 22 31 60 8 14 39 29 16 23 10 29 16 47 34
18 4 38 30 20 34 0 24 20 17 26 11 4 5 18 22 7 7 12 30
56 57 20 30 22 50 21 0 7 47 57 36 55 37 22 45 47 32 43 59
49 48 42 39 13 42 34 6 0 33 35 58 35 21 25 57 46 31 32 43
22 29 18 8 44 16 23 36 36 0 9 18 16 16 14 4 14 9 30 57
22 37 22 3 47 16 24 35 34 4 0 18 24 16 17 4 21 27 29 37
32 4 25 42 38 37 11 35 57 29 42 0 7 26 17 32 13 13 4 17
22 2 38 13 29 47 3 57 49 15 17 15 0 6 18 28 14 4 5 21
36 14 32 27 43 21 12 22 48 20 19 9 10 0 3 18 18 6 14 31
18 10 28 17 32 14 10 23 30 7 18 33 19 5 0 20 15 13 16 31
16 27 21 8 30 13 12 32 38 5 5 30 14 13 13 0 15 23 33 56
16 15 39 24 42 46 7 31 25 18 19 22 9 25 24 23 0 19 10 44
21 7 41 22 21 16 6 23 21 21 20 17 7 4 7 21 19 0 12 39
17 4 56 45 18 28 14 60 46 21 22 5 4 16 17 37 20 9 0 12
46 17 41 39 29 74 32 50 48 33 38 13 12 28 23 47 19 19 21 0