4
20
,
0 (47.0, 48.0) 38.0
1 (41.0, 24.0) 10.0
2 (8.0, 42.0) 41.0
3 (33.0, 49.0) 38.0
4 (15.0, 2.0) 27.0
5 (17.0, 50.0) 31.0
6 (40.0, 29.0) 17.0
7 (3.0, 18.0) 33.0
8 (6.0, 7.0) 20.0
9 (28.0, 41.0) 14.0
10 (31.0, 47.0) 16.0
11 (46.0, 18.0) 16.0
12 (40.0, 26.0) 34.0
13 (31.0, 27.0) 24.0
14 (26.0, 28.0) 49.0
15 (26.0, 44.0) 31.0
16 (47.0, 35.0) 11.0
17 (35.0, 27.0) 33.0
18 (45.0, 21.0) 31.0
19 (43.0, 2.0) 14.0
,
0 5 8 3 11 6 4 11 12 4 3 6 5 5 6 4 3 5 5 9
5 0 8 5 7 7 1 8 8 4 5 2 0 2 3 5 3 1 1 4
8 8 0 5 8 2 7 5 7 4 5 9 7 5 5 4 8 6 9 11
3 5 5 0 10 3 4 9 10 2 1 7 5 4 4 2 4 4 6 10
11 7 8 10 0 10 7 4 2 8 10 7 7 6 6 9 9 6 7 6
6 7 2 3 10 0 6 7 9 3 3 9 7 5 5 2 7 6 8 11
4 1 7 4 7 6 0 8 8 3 4 3 1 2 3 4 2 1 2 5
11 8 5 9 4 7 8 0 2 7 8 9 8 6 5 7 9 7 8 9
12 8 7 10 2 9 8 2 0 8 9 8 8 6 6 8 10 7 8 7
4 4 4 2 8 3 3 7 8 0 1 6 4 3 3 1 4 3 5 8
3 5 5 1 10 3 4 8 9 1 0 7 5 4 4 1 4 4 6 9
6 2 9 7 7 9 3 9 8 6 7 0 2 3 4 7 3 3 1 3
5 0 7 5 7 7 1 8 8 4 5 2 0 2 3 5 2 1 1 5
5 2 5 4 6 5 2 6 6 3 4 3 2 0 1 4 4 1 3 6
6 3 5 4 6 5 3 5 6 3 4 4 3 1 0 3 4 2 4 6
4 5 4 2 9 2 4 7 8 1 1 7 5 4 3 0 5 4 6 9
3 3 8 4 9 7 2 9 10 4 4 3 2 4 4 5 0 3 3 7
5 1 6 4 6 6 1 7 7 3 4 3 1 1 2 4 3 0 2 5
5 1 9 6 7 8 2 8 8 5 6 1 1 3 4 6 3 2 0 4
9 4 11 10 6 11 5 9 7 8 9 3 5 6 6 9 7 5 4 0
,
0 19 39 17 55 23 10 75 31 29 15 27 32 19 32 13 14 21 39 37
22 0 25 16 31 36 5 50 44 15 30 6 2 13 20 35 10 7 6 23
47 36 0 37 51 12 41 36 28 15 32 48 34 19 12 17 25 28 46 48
11 29 17 0 28 9 24 49 36 6 4 25 28 24 19 11 27 20 42 31
57 38 61 60 0 31 54 28 7 51 25 44 47 36 27 59 69 38 18 16
37 19 16 13 29 0 21 27 25 12 12 33 37 22 20 13 30 26 54 47
28 4 45 28 28 38 0 57 47 20 19 14 3 10 13 20 5 7 10 23
71 57 33 42 27 45 38 0 14 35 30 45 48 43 17 50 64 47 27 44
73 48 52 59 11 42 21 10 0 22 51 57 36 47 41 25 34 29 49 42
13 17 21 6 26 20 24 17 42 0 5 20 10 16 19 2 11 23 19 60
12 35 24 4 29 19 22 56 54 5 0 28 18 22 11 4 10 11 19 51
20 10 50 47 29 49 10 59 39 36 32 0 9 16 32 20 23 17 3 17
12 1 34 13 25 27 4 31 46 27 18 9 0 7 19 26 8 5 10 18
36 6 25 28 37 20 13 44 21 15 12 11 6 0 4 13 16 4 18 17
18 11 13 21 20 31 13 13 18 14 21 21 15 5 0 15 30 9 29 45
27 26 21 7 51 15 14 35 47 3 6 21 19 24 23 0 33 17 35 63
17 7 23 25 30 37 9 43 55 29 15 23 15 25 28 17 0 18 19 28
23 7 42 25 47 20 7 34 31 13 19 12 4 5 9 20 10 0 8 30
40 3 50 36 23 51 13 50 23 36 26 3 7 11 30 18 16 14 0 11
47 30 65 71 30 32 37 46 31 42 51 10 24 35 33 53 24 32 18 0