4
20
,
0 (47.0, 48.0) 35.0
1 (41.0, 24.0) 30.0
2 (8.0, 42.0) 33.0
3 (33.0, 49.0) 10.0
4 (15.0, 2.0) 27.0
5 (17.0, 50.0) 10.0
6 (40.0, 29.0) 39.0
7 (3.0, 18.0) 36.0
8 (6.0, 7.0) 33.0
9 (28.0, 41.0) 31.0
10 (31.0, 47.0) 38.0
11 (46.0, 18.0) 15.0
12 (40.0, 26.0) 19.0
13 (31.0, 27.0) 22.0
14 (26.0, 28.0) 14.0
15 (26.0, 44.0) 34.0
16 (47.0, 35.0) 27.0
17 (35.0, 27.0) 17.0
18 (45.0, 21.0) 18.0
19 (43.0, 2.0) 22.0
,
0 5 8 3 11 6 4 11 12 4 3 6 5 5 6 4 3 5 5 9
5 0 8 5 7 7 1 8 8 4 5 2 0 2 3 5 3 1 1 4
8 8 0 5 8 2 7 5 7 4 5 9 7 5 5 4 8 6 9 11
3 5 5 0 10 3 4 9 10 2 1 7 5 4 4 2 4 4 6 10
11 7 8 10 0 10 7 4 2 8 10 7 7 6 6 9 9 6 7 6
6 7 2 3 10 0 6 7 9 3 3 9 7 5 5 2 7 6 8 11
4 1 7 4 7 6 0 8 8 3 4 3 1 2 3 4 2 1 2 5
11 8 5 9 4 7 8 0 2 7 8 9 8 6 5 7 9 7 8 9
12 8 7 10 2 9 8 2 0 8 9 8 8 6 6 8 10 7 8 7
4 4 4 2 8 3 3 7 8 0 1 6 4 3 3 1 4 3 5 8
3 5 5 1 10 3 4 8 9 1 0 7 5 4 4 1 4 4 6 9
6 2 9 7 7 9 3 9 8 6 7 0 2 3 4 7 3 3 1 3
5 0 7 5 7 7 1 8 8 4 5 2 0 2 3 5 2 1 1 5
5 2 5 4 6 5 2 6 6 3 4 3 2 0 1 4 4 1 3 6
6 3 5 4 6 5 3 5 6 3 4 4 3 1 0 3 4 2 4 6
4 5 4 2 9 2 4 7 8 1 1 7 5 4 3 0 5 4 6 9
3 3 8 4 9 7 2 9 10 4 4 3 2 4 4 5 0 3 3 7
5 1 6 4 6 6 1 7 7 3 4 3 1 1 2 4 3 0 2 5
5 1 9 6 7 8 2 8 8 5 6 1 1 3 4 6 3 2 0 4
9 4 11 10 6 11 5 9 7 8 9 3 5 6 6 9 7 5 4 0
,
0 24 43 10 77 27 25 42 66 27 12 45 23 26 38 31 8 20 26 36
37 0 54 34 46 26 4 34 54 13 25 9 2 7 23 31 7 4 6 32
38 21 0 33 22 13 26 20 21 14 24 46 35 25 16 9 48 22 42 32
14 36 15 0 29 19 31 27 53 10 3 29 29 19 15 11 20 33 32 27
48 20 22 51 0 28 21 15 7 42 53 19 46 19 15 23 27 24 45 18
17 39 16 16 67 0 16 31 56 9 12 53 37 15 22 8 27 22 28 31
13 4 39 28 20 32 0 53 21 22 11 16 3 13 17 31 11 5 13 24
61 28 17 32 17 18 40 0 7 24 56 39 51 38 34 52 45 38 53 54
73 53 23 54 11 51 49 6 0 41 68 55 23 28 33 35 73 24 25 21
28 29 25 9 41 10 22 40 31 0 10 38 12 19 18 2 11 18 16 22
18 27 25 3 43 8 29 58 43 7 0 31 24 27 29 7 12 10 20 53
28 4 55 17 50 30 12 42 45 19 18 0 12 9 20 22 15 14 2 11
29 2 52 28 35 22 2 23 51 19 21 11 0 9 12 14 13 5 5 34
24 9 30 18 36 40 13 24 21 8 18 10 5 0 3 17 17 2 22 17
23 12 26 16 15 35 12 37 38 17 28 29 15 6 0 18 23 12 27 28
19 19 18 10 48 11 18 49 48 5 4 36 17 19 10 0 13 11 16 68
15 11 25 17 39 24 12 37 55 16 19 19 6 16 33 20 0 8 16 38
28 5 23 32 16 41 5 25 36 20 20 20 5 4 8 24 18 0 7 39
24 3 44 41 30 31 7 41 32 17 19 2 9 12 11 40 15 16 0 19
68 18 27 40 18 74 25 25 25 45 29 16 22 22 25 23 27 22 19 0