4
20
,
0 (47.0, 48.0) 11.0
1 (41.0, 24.0) 17.0
2 (8.0, 42.0) 29.0
3 (33.0, 49.0) 34.0
4 (15.0, 2.0) 19.0
5 (17.0, 50.0) 50.0
6 (40.0, 29.0) 44.0
7 (3.0, 18.0) 33.0
8 (6.0, 7.0) 27.0
9 (28.0, 41.0) 13.0
10 (31.0, 47.0) 40.0
11 (46.0, 18.0) 14.0
12 (40.0, 26.0) 34.0
13 (31.0, 27.0) 10.0
14 (26.0, 28.0) 26.0
15 (26.0, 44.0) 44.0
16 (47.0, 35.0) 28.0
17 (35.0, 27.0) 34.0
18 (45.0, 21.0) 10.0
19 (43.0, 2.0) 16.0
,
0 5 8 3 11 6 4 11 12 4 3 6 5 5 6 4 3 5 5 9
5 0 8 5 7 7 1 8 8 4 5 2 0 2 3 5 3 1 1 4
8 8 0 5 8 2 7 5 7 4 5 9 7 5 5 4 8 6 9 11
3 5 5 0 10 3 4 9 10 2 1 7 5 4 4 2 4 4 6 10
11 7 8 10 0 10 7 4 2 8 10 7 7 6 6 9 9 6 7 6
6 7 2 3 10 0 6 7 9 3 3 9 7 5 5 2 7 6 8 11
4 1 7 4 7 6 0 8 8 3 4 3 1 2 3 4 2 1 2 5
11 8 5 9 4 7 8 0 2 7 8 9 8 6 5 7 9 7 8 9
12 8 7 10 2 9 8 2 0 8 9 8 8 6 6 8 10 7 8 7
4 4 4 2 8 3 3 7 8 0 1 6 4 3 3 1 4 3 5 8
3 5 5 1 10 3 4 8 9 1 0 7 5 4 4 1 4 4 6 9
6 2 9 7 7 9 3 9 8 6 7 0 2 3 4 7 3 3 1 3
5 0 7 5 7 7 1 8 8 4 5 2 0 2 3 5 2 1 1 5
5 2 5 4 6 5 2 6 6 3 4 3 2 0 1 4 4 1 3 6
6 3 5 4 6 5 3 5 6 3 4 4 3 1 0 3 4 2 4 6
4 5 4 2 9 2 4 7 8 1 1 7 5 4 3 0 5 4 6 9
3 3 8 4 9 7 2 9 10 4 4 3 2 4 4 5 0 3 3 7
5 1 6 4 6 6 1 7 7 3 4 3 1 1 2 4 3 0 2 5
5 1 9 6 7 8 2 8 8 5 6 1 1 3 4 6 3 2 0 4
9 4 11 10 6 11 5 9 7 8 9 3 5 6 6 9 7 5 4 0
,
0 19 21 13 44 26 29 48 44 12 15 19 20 26 23 26 12 26 38 32
28 0 53 32 22 34 5 40 35 16 36 11 3 9 10 20 17 9 7 23
35 22 0 37 44 8 21 30 38 18 19 53 19 21 19 13 46 37 26 69
17 33 20 0 27 11 26 41 36 5 2 42 35 32 30 10 16 33 19 51
74 27 36 54 0 51 37 29 11 54 52 51 48 26 40 39 66 20 22 26
23 49 6 13 42 0 25 18 66 16 19 43 23 36 20 14 50 36 47 40
11 6 26 16 20 30 0 50 28 14 25 7 4 12 12 29 9 5 14 18
54 29 25 24 27 38 55 0 9 51 20 43 41 36 26 31 64 33 34 40
77 30 22 67 14 37 58 17 0 34 62 43 55 46 24 58 36 37 52 22
30 15 20 5 22 12 21 27 29 0 6 21 19 9 17 2 19 20 20 29
16 31 30 3 37 21 27 22 55 5 0 49 25 23 24 8 11 14 35 28
18 5 43 30 24 63 13 63 44 19 35 0 11 10 20 30 11 14 4 23
21 2 44 15 44 18 2 29 54 22 32 12 0 9 13 27 14 4 7 26
39 14 38 30 38 20 14 17 44 15 20 17 12 0 6 17 12 3 18 32
15 13 32 18 22 32 14 14 19 16 12 19 14 5 0 21 29 10 18 34
21 36 10 8 35 12 25 25 53 5 7 33 28 14 17 0 26 17 33 33
8 8 55 25 58 33 9 40 67 16 25 19 9 10 33 30 0 11 8 20
34 9 23 21 38 30 6 36 28 20 28 19 4 5 10 24 16 0 12 25
23 5 53 17 42 25 11 47 36 22 30 5 7 20 13 43 13 6 0 26
35 15 33 46 27 52 29 38 53 25 59 15 19 34 43 63 17 15 23 0