4
20
,
0 (47.0, 48.0) 19.0
1 (41.0, 24.0) 20.0
2 (8.0, 42.0) 40.0
3 (33.0, 49.0) 37.0
4 (15.0, 2.0) 45.0
5 (17.0, 50.0) 11.0
6 (40.0, 29.0) 10.0
7 (3.0, 18.0) 19.0
8 (6.0, 7.0) 12.0
9 (28.0, 41.0) 13.0
10 (31.0, 47.0) 12.0
11 (46.0, 18.0) 13.0
12 (40.0, 26.0) 48.0
13 (31.0, 27.0) 12.0
14 (26.0, 28.0) 49.0
15 (26.0, 44.0) 28.0
16 (47.0, 35.0) 21.0
17 (35.0, 27.0) 13.0
18 (45.0, 21.0) 14.0
19 (43.0, 2.0) 16.0
,
0 5 8 3 11 6 4 11 12 4 3 6 5 5 6 4 3 5 5 9
5 0 8 5 7 7 1 8 8 4 5 2 0 2 3 5 3 1 1 4
8 8 0 5 8 2 7 5 7 4 5 9 7 5 5 4 8 6 9 11
3 5 5 0 10 3 4 9 10 2 1 7 5 4 4 2 4 4 6 10
11 7 8 10 0 10 7 4 2 8 10 7 7 6 6 9 9 6 7 6
6 7 2 3 10 0 6 7 9 3 3 9 7 5 5 2 7 6 8 11
4 1 7 4 7 6 0 8 8 3 4 3 1 2 3 4 2 1 2 5
11 8 5 9 4 7 8 0 2 7 8 9 8 6 5 7 9 7 8 9
12 8 7 10 2 9 8 2 0 8 9 8 8 6 6 8 10 7 8 7
4 4 4 2 8 3 3 7 8 0 1 6 4 3 3 1 4 3 5 8
3 5 5 1 10 3 4 8 9 1 0 7 5 4 4 1 4 4 6 9
6 2 9 7 7 9 3 9 8 6 7 0 2 3 4 7 3 3 1 3
5 0 7 5 7 7 1 8 8 4 5 2 0 2 3 5 2 1 1 5
5 2 5 4 6 5 2 6 6 3 4 3 2 0 1 4 4 1 3 6
6 3 5 4 6 5 3 5 6 3 4 4 3 1 0 3 4 2 4 6
4 5 4 2 9 2 4 7 8 1 1 7 5 4 3 0 5 4 6 9
3 3 8 4 9 7 2 9 10 4 4 3 2 4 4 5 0 3 3 7
5 1 6 4 6 6 1 7 7 3 4 3 1 1 2 4 3 0 2 5
5 1 9 6 7 8 2 8 8 5 6 1 1 3 4 6 3 2 0 4
9 4 11 10 6 11 5 9 7 8 9 3 5 6 6 9 7 5 4 0
,
0 33 36 7 79 39 18 39 73 11 17 26 33 25 35 25 12 33 40 44
30 0 20 21 26 28 4 34 45 24 22 7 3 15 22 35 12 9 4 32
34 28 0 36 59 12 47 33 51 22 18 49 30 33 29 22 44 35 22 50
13 14 22 0 41 20 26 34 58 11 4 35 13 14 13 5 22 28 35 56
62 32 34 42 0 67 37 11 15 42 51 41 26 19 39 63 45 33 19 17
21 26 9 19 59 0 36 37 64 18 18 45 31 25 31 6 25 22 50 35
30 6 26 17 26 33 0 23 39 16 28 15 4 11 13 13 8 5 12 37
53 51 17 25 15 34 47 0 15 37 50 43 48 21 31 40 24 19 23 53
65 21 35 50 8 64 41 12 0 44 29 32 46 37 27 49 64 21 40 32
14 25 19 7 57 20 22 50 35 0 4 37 28 9 13 4 18 18 27 43
10 14 26 2 41 14 27 57 40 6 0 23 14 15 11 4 18 16 42 55
29 4 39 39 24 27 13 37 50 27 30 0 8 18 28 18 14 17 3 9
20 3 27 27 26 31 3 29 20 19 17 12 0 9 21 14 11 3 9 22
22 6 23 13 42 31 7 44 18 18 13 21 10 0 3 17 21 4 12 17
30 10 12 28 40 34 8 21 41 13 14 23 17 3 0 19 28 7 25 30
13 27 21 12 25 14 22 45 58 3 6 29 15 22 9 0 19 25 38 40
14 15 51 28 34 40 12 65 58 29 18 22 16 12 23 14 0 17 17 33
20 7 23 29 39 21 4 39 49 14 13 18 8 3 8 13 20 0 16 29
17 5 40 33 42 24 5 51 26 18 22 4 10 14 28 31 17 9 0 24
66 19 39 60 31 80 22 37 29 29 40 17 12 24 37 58 32 29 12 0