4
20
,
0 (47.0, 48.0) 47.0
1 (41.0, 24.0) 39.0
2 (8.0, 42.0) 46.0
3 (33.0, 49.0) 32.0
4 (15.0, 2.0) 30.0
5 (17.0, 50.0) 16.0
6 (40.0, 29.0) 14.0
7 (3.0, 18.0) 13.0
8 (6.0, 7.0) 39.0
9 (28.0, 41.0) 27.0
10 (31.0, 47.0) 18.0
11 (46.0, 18.0) 24.0
12 (40.0, 26.0) 15.0
13 (31.0, 27.0) 33.0
14 (26.0, 28.0) 27.0
15 (26.0, 44.0) 34.0
16 (47.0, 35.0) 21.0
17 (35.0, 27.0) 12.0
18 (45.0, 21.0) 15.0
19 (43.0, 2.0) 17.0
,
0 5 8 3 11 6 4 11 12 4 3 6 5 5 6 4 3 5 5 9
5 0 8 5 7 7 1 8 8 4 5 2 0 2 3 5 3 1 1 4
8 8 0 5 8 2 7 5 7 4 5 9 7 5 5 4 8 6 9 11
3 5 5 0 10 3 4 9 10 2 1 7 5 4 4 2 4 4 6 10
11 7 8 10 0 10 7 4 2 8 10 7 7 6 6 9 9 6 7 6
6 7 2 3 10 0 6 7 9 3 3 9 7 5 5 2 7 6 8 11
4 1 7 4 7 6 0 8 8 3 4 3 1 2 3 4 2 1 2 5
11 8 5 9 4 7 8 0 2 7 8 9 8 6 5 7 9 7 8 9
12 8 7 10 2 9 8 2 0 8 9 8 8 6 6 8 10 7 8 7
4 4 4 2 8 3 3 7 8 0 1 6 4 3 3 1 4 3 5 8
3 5 5 1 10 3 4 8 9 1 0 7 5 4 4 1 4 4 6 9
6 2 9 7 7 9 3 9 8 6 7 0 2 3 4 7 3 3 1 3
5 0 7 5 7 7 1 8 8 4 5 2 0 2 3 5 2 1 1 5
5 2 5 4 6 5 2 6 6 3 4 3 2 0 1 4 4 1 3 6
6 3 5 4 6 5 3 5 6 3 4 4 3 1 0 3 4 2 4 6
4 5 4 2 9 2 4 7 8 1 1 7 5 4 3 0 5 4 6 9
3 3 8 4 9 7 2 9 10 4 4 3 2 4 4 5 0 3 3 7
5 1 6 4 6 6 1 7 7 3 4 3 1 1 2 4 3 0 2 5
5 1 9 6 7 8 2 8 8 5 6 1 1 3 4 6 3 2 0 4
9 4 11 10 6 11 5 9 7 8 9 3 5 6 6 9 7 5 4 0
,
0 21 46 10 37 32 20 27 83 13 15 33 17 33 15 18 12 31 37 51
30 0 32 36 31 26 4 24 56 23 18 11 2 10 23 34 11 7 4 26
26 36 0 36 54 9 23 18 45 17 15 33 32 33 33 27 52 26 29 31
8 31 14 0 41 11 20 48 31 10 3 28 16 17 29 13 13 16 35 45
41 49 38 69 0 53 47 19 14 53 56 47 38 34 33 43 58 37 27 26
25 27 13 10 46 0 20 25 26 10 14 34 17 22 25 12 24 36 22 45
21 6 42 19 31 24 0 57 46 23 23 10 4 8 13 26 5 5 13 17
68 40 26 45 23 43 47 0 13 23 25 38 28 37 32 29 31 25 44 40
40 58 24 35 13 49 60 12 0 46 37 32 49 41 22 35 48 41 61 30
24 30 22 10 55 18 23 36 51 0 8 43 22 12 17 2 26 22 21 33
18 36 28 3 38 18 18 38 41 8 0 20 18 19 13 5 16 12 21 44
26 11 51 31 33 40 13 27 41 42 22 0 12 23 25 40 22 20 4 14
30 2 19 35 36 27 3 27 58 26 25 8 0 11 10 24 11 5 9 26
18 14 15 20 20 19 9 39 41 10 29 9 7 0 5 9 26 3 23 41
30 13 30 20 40 30 16 26 27 12 27 30 17 6 0 22 21 10 24 16
31 33 18 9 47 15 15 24 60 4 5 37 33 19 9 0 15 25 26 25
8 6 38 29 37 32 6 64 55 14 20 18 15 26 21 15 0 12 8 36
28 9 24 25 33 28 3 25 29 18 12 8 7 5 8 27 8 0 7 22
19 4 31 23 43 38 13 58 29 31 34 3 4 9 25 37 19 13 0 13
42 13 49 49 24 77 21 52 30 53 31 16 34 26 37 64 33 14 14 0