4
20
,
0 (47.0, 48.0) 26.0
1 (41.0, 24.0) 39.0
2 (8.0, 42.0) 13.0
3 (33.0, 49.0) 30.0
4 (15.0, 2.0) 46.0
5 (17.0, 50.0) 36.0
6 (40.0, 29.0) 10.0
7 (3.0, 18.0) 17.0
8 (6.0, 7.0) 19.0
9 (28.0, 41.0) 30.0
10 (31.0, 47.0) 15.0
11 (46.0, 18.0) 20.0
12 (40.0, 26.0) 11.0
13 (31.0, 27.0) 27.0
14 (26.0, 28.0) 27.0
15 (26.0, 44.0) 48.0
16 (47.0, 35.0) 12.0
17 (35.0, 27.0) 31.0
18 (45.0, 21.0) 18.0
19 (43.0, 2.0) 30.0
,
0 5 8 3 11 6 4 11 12 4 3 6 5 5 6 4 3 5 5 9
5 0 8 5 7 7 1 8 8 4 5 2 0 2 3 5 3 1 1 4
8 8 0 5 8 2 7 5 7 4 5 9 7 5 5 4 8 6 9 11
3 5 5 0 10 3 4 9 10 2 1 7 5 4 4 2 4 4 6 10
11 7 8 10 0 10 7 4 2 8 10 7 7 6 6 9 9 6 7 6
6 7 2 3 10 0 6 7 9 3 3 9 7 5 5 2 7 6 8 11
4 1 7 4 7 6 0 8 8 3 4 3 1 2 3 4 2 1 2 5
11 8 5 9 4 7 8 0 2 7 8 9 8 6 5 7 9 7 8 9
12 8 7 10 2 9 8 2 0 8 9 8 8 6 6 8 10 7 8 7
4 4 4 2 8 3 3 7 8 0 1 6 4 3 3 1 4 3 5 8
3 5 5 1 10 3 4 8 9 1 0 7 5 4 4 1 4 4 6 9
6 2 9 7 7 9 3 9 8 6 7 0 2 3 4 7 3 3 1 3
5 0 7 5 7 7 1 8 8 4 5 2 0 2 3 5 2 1 1 5
5 2 5 4 6 5 2 6 6 3 4 3 2 0 1 4 4 1 3 6
6 3 5 4 6 5 3 5 6 3 4 4 3 1 0 3 4 2 4 6
4 5 4 2 9 2 4 7 8 1 1 7 5 4 3 0 5 4 6 9
3 3 8 4 9 7 2 9 10 4 4 3 2 4 4 5 0 3 3 7
5 1 6 4 6 6 1 7 7 3 4 3 1 1 2 4 3 0 2 5
5 1 9 6 7 8 2 8 8 5 6 1 1 3 4 6 3 2 0 4
9 4 11 10 6 11 5 9 7 8 9 3 5 6 6 9 7 5 4 0
,
0 24 59 12 74 20 23 80 33 25 13 36 13 31 43 21 14 15 39 53
32 0 36 29 21 49 3 46 42 19 30 8 2 7 17 34 18 5 5 24
45 49 0 36 43 18 26 21 37 21 30 34 51 32 27 12 34 26 61 50
16 30 30 0 74 18 27 56 69 10 3 30 36 13 17 5 13 24 45 33
41 36 35 31 0 35 22 17 11 55 52 38 36 22 23 46 55 34 41 28
22 40 13 11 58 0 46 47 56 19 18 54 46 19 17 6 40 32 47 46
16 7 37 18 26 38 0 38 40 22 16 15 2 7 19 23 11 7 10 22
46 43 16 32 12 38 19 0 7 50 40 55 21 35 15 46 65 44 54 63
61 53 33 57 8 59 60 16 0 28 47 54 41 29 30 34 62 51 37 40
25 19 16 6 41 8 9 48 55 0 4 15 25 9 20 4 30 13 17 58
15 37 26 4 47 21 11 51 63 4 0 34 12 25 14 3 26 19 40 59
29 10 45 32 48 51 7 52 38 18 25 0 12 20 15 16 16 9 3 22
33 2 32 32 52 48 3 45 52 20 26 12 0 11 12 31 9 6 9 32
17 12 26 29 16 21 11 16 36 9 19 20 7 0 4 13 10 3 21 35
25 19 12 26 35 13 17 14 24 11 11 31 17 4 0 12 22 8 28 19
16 24 11 5 34 10 15 21 59 4 8 28 31 15 10 0 23 27 25 41
11 15 57 12 39 27 12 61 39 11 13 21 10 10 11 15 0 18 19 32
20 7 41 23 42 24 4 31 39 11 28 20 7 3 12 19 12 0 14 31
38 6 56 31 39 36 9 55 27 31 36 4 9 22 17 24 16 8 0 17
55 26 45 39 40 61 20 24 32 30 39 22 15 17 44 23 45 36 10 0