4
20
,
0 (47.0, 48.0) 24.0
1 (41.0, 24.0) 27.0
2 (8.0, 42.0) 28.0
3 (33.0, 49.0) 12.0
4 (15.0, 2.0) 23.0
5 (17.0, 50.0) 50.0
6 (40.0, 29.0) 40.0
7 (3.0, 18.0) 32.0
8 (6.0, 7.0) 15.0
9 (28.0, 41.0) 11.0
10 (31.0, 47.0) 15.0
11 (46.0, 18.0) 28.0
12 (40.0, 26.0) 11.0
13 (31.0, 27.0) 49.0
14 (26.0, 28.0) 47.0
15 (26.0, 44.0) 13.0
16 (47.0, 35.0) 30.0
17 (35.0, 27.0) 11.0
18 (45.0, 21.0) 32.0
19 (43.0, 2.0) 16.0
,
0 5 8 3 11 6 4 11 12 4 3 6 5 5 6 4 3 5 5 9
5 0 8 5 7 7 1 8 8 4 5 2 0 2 3 5 3 1 1 4
8 8 0 5 8 2 7 5 7 4 5 9 7 5 5 4 8 6 9 11
3 5 5 0 10 3 4 9 10 2 1 7 5 4 4 2 4 4 6 10
11 7 8 10 0 10 7 4 2 8 10 7 7 6 6 9 9 6 7 6
6 7 2 3 10 0 6 7 9 3 3 9 7 5 5 2 7 6 8 11
4 1 7 4 7 6 0 8 8 3 4 3 1 2 3 4 2 1 2 5
11 8 5 9 4 7 8 0 2 7 8 9 8 6 5 7 9 7 8 9
12 8 7 10 2 9 8 2 0 8 9 8 8 6 6 8 10 7 8 7
4 4 4 2 8 3 3 7 8 0 1 6 4 3 3 1 4 3 5 8
3 5 5 1 10 3 4 8 9 1 0 7 5 4 4 1 4 4 6 9
6 2 9 7 7 9 3 9 8 6 7 0 2 3 4 7 3 3 1 3
5 0 7 5 7 7 1 8 8 4 5 2 0 2 3 5 2 1 1 5
5 2 5 4 6 5 2 6 6 3 4 3 2 0 1 4 4 1 3 6
6 3 5 4 6 5 3 5 6 3 4 4 3 1 0 3 4 2 4 6
4 5 4 2 9 2 4 7 8 1 1 7 5 4 3 0 5 4 6 9
3 3 8 4 9 7 2 9 10 4 4 3 2 4 4 5 0 3 3 7
5 1 6 4 6 6 1 7 7 3 4 3 1 1 2 4 3 0 2 5
5 1 9 6 7 8 2 8 8 5 6 1 1 3 4 6 3 2 0 4
9 4 11 10 6 11 5 9 7 8 9 3 5 6 6 9 7 5 4 0
,
0 16 50 10 52 16 20 72 72 17 18 39 12 20 19 20 14 32 26 50
28 0 25 25 38 23 7 23 55 23 17 11 2 7 9 18 8 6 4 26
39 41 0 17 41 13 22 24 51 14 31 27 42 18 20 18 44 38 55 52
7 20 22 0 46 23 27 61 39 14 1 44 23 20 33 11 13 16 45 57
51 27 41 70 0 67 22 18 11 30 45 47 42 17 17 62 46 39 50 25
33 24 13 14 48 0 44 19 49 21 12 45 20 33 24 13 43 27 24 35
27 7 27 13 32 16 0 57 45 20 29 13 4 6 16 30 13 3 11 36
53 23 28 45 16 18 53 0 7 41 35 32 34 43 14 36 35 32 41 55
52 37 50 58 6 26 60 10 0 38 49 21 53 29 20 24 64 22 42 43
30 17 27 10 50 16 19 49 54 0 5 22 11 9 17 4 16 10 25 36
10 24 24 2 27 14 27 42 51 3 0 31 27 19 18 8 23 23 18 41
45 8 22 31 23 23 10 36 57 24 34 0 8 15 28 49 12 16 2 8
22 2 24 23 36 29 4 39 23 17 23 14 0 7 20 19 11 3 9 34
30 7 26 29 22 21 10 28 23 19 18 9 10 0 7 17 10 6 16 33
24 22 34 24 28 33 16 24 32 12 23 17 18 7 0 23 11 13 13 45
15 21 18 5 30 15 18 39 40 3 4 34 18 21 16 0 18 18 38 67
18 14 30 17 68 49 7 57 73 19 17 19 15 20 31 22 0 18 15 34
30 4 33 15 39 37 3 35 39 16 26 12 3 3 11 27 13 0 10 15
14 6 51 26 44 52 5 54 53 36 34 2 4 8 24 28 18 11 0 16
28 19 41 51 15 45 16 49 56 51 23 13 19 39 41 61 31 24 23 0