4
20
,
0 (47.0, 48.0) 18.0
1 (41.0, 24.0) 15.0
2 (8.0, 42.0) 39.0
3 (33.0, 49.0) 27.0
4 (15.0, 2.0) 15.0
5 (17.0, 50.0) 12.0
6 (40.0, 29.0) 17.0
7 (3.0, 18.0) 20.0
8 (6.0, 7.0) 28.0
9 (28.0, 41.0) 40.0
10 (31.0, 47.0) 42.0
11 (46.0, 18.0) 16.0
12 (40.0, 26.0) 16.0
13 (31.0, 27.0) 37.0
14 (26.0, 28.0) 20.0
15 (26.0, 44.0) 24.0
16 (47.0, 35.0) 18.0
17 (35.0, 27.0) 32.0
18 (45.0, 21.0) 40.0
19 (43.0, 2.0) 44.0
,
0 5 8 3 11 6 4 11 12 4 3 6 5 5 6 4 3 5 5 9
5 0 8 5 7 7 1 8 8 4 5 2 0 2 3 5 3 1 1 4
8 8 0 5 8 2 7 5 7 4 5 9 7 5 5 4 8 6 9 11
3 5 5 0 10 3 4 9 10 2 1 7 5 4 4 2 4 4 6 10
11 7 8 10 0 10 7 4 2 8 10 7 7 6 6 9 9 6 7 6
6 7 2 3 10 0 6 7 9 3 3 9 7 5 5 2 7 6 8 11
4 1 7 4 7 6 0 8 8 3 4 3 1 2 3 4 2 1 2 5
11 8 5 9 4 7 8 0 2 7 8 9 8 6 5 7 9 7 8 9
12 8 7 10 2 9 8 2 0 8 9 8 8 6 6 8 10 7 8 7
4 4 4 2 8 3 3 7 8 0 1 6 4 3 3 1 4 3 5 8
3 5 5 1 10 3 4 8 9 1 0 7 5 4 4 1 4 4 6 9
6 2 9 7 7 9 3 9 8 6 7 0 2 3 4 7 3 3 1 3
5 0 7 5 7 7 1 8 8 4 5 2 0 2 3 5 2 1 1 5
5 2 5 4 6 5 2 6 6 3 4 3 2 0 1 4 4 1 3 6
6 3 5 4 6 5 3 5 6 3 4 4 3 1 0 3 4 2 4 6
4 5 4 2 9 2 4 7 8 1 1 7 5 4 3 0 5 4 6 9
3 3 8 4 9 7 2 9 10 4 4 3 2 4 4 5 0 3 3 7
5 1 6 4 6 6 1 7 7 3 4 3 1 1 2 4 3 0 2 5
5 1 9 6 7 8 2 8 8 5 6 1 1 3 4 6 3 2 0 4
9 4 11 10 6 11 5 9 7 8 9 3 5 6 6 9 7 5 4 0
,
0 36 25 9 57 42 14 50 70 10 17 30 24 38 35 27 14 24 30 43
17 0 22 31 18 24 4 25 28 31 15 9 3 10 15 18 18 4 3 29
42 39 0 18 23 13 44 34 19 23 25 61 37 28 33 16 22 44 48 52
17 39 31 0 70 21 17 47 27 10 3 19 27 28 25 9 21 19 20 25
32 31 32 38 0 33 25 19 13 36 39 52 25 40 31 50 24 44 23 33
23 31 13 15 52 0 46 44 40 18 15 37 26 14 25 16 37 28 47 28
18 5 48 31 44 30 0 33 36 21 22 12 2 9 17 20 8 4 11 17
35 26 13 57 24 47 24 0 12 40 35 27 33 15 33 43 51 33 49 51
86 58 27 45 5 30 40 16 0 45 69 24 33 31 17 46 48 31 57 52
24 19 14 9 32 16 23 49 25 0 4 20 15 15 12 2 25 13 37 46
21 21 33 3 70 19 26 29 42 5 0 44 12 21 12 4 26 27 30 27
28 11 53 46 22 58 7 32 34 40 23 0 12 13 16 29 10 8 3 20
19 3 29 34 40 19 2 34 42 18 31 11 0 5 12 34 6 7 6 18
14 7 17 32 35 19 6 36 47 13 17 12 6 0 4 17 17 6 8 15
21 11 11 25 28 17 16 23 34 18 15 22 17 5 0 19 19 13 30 46
24 36 18 11 52 10 12 27 33 3 3 40 32 17 18 0 28 12 25 24
13 19 50 22 44 41 7 38 68 10 27 9 14 18 30 14 0 14 18 22
15 8 43 33 37 18 7 31 25 23 12 14 4 3 6 23 20 0 13 22
30 6 37 27 28 29 9 32 56 17 25 3 6 15 28 29 16 17 0 21
45 21 73 66 23 69 19 46 55 26 54 11 27 16 38 40 18 21 17 0