4
20
,
0 (47.0, 48.0) 42.0
1 (41.0, 24.0) 36.0
2 (8.0, 42.0) 12.0
3 (33.0, 49.0) 44.0
4 (15.0, 2.0) 31.0
5 (17.0, 50.0) 23.0
6 (40.0, 29.0) 21.0
7 (3.0, 18.0) 37.0
8 (6.0, 7.0) 29.0
9 (28.0, 41.0) 12.0
10 (31.0, 47.0) 34.0
11 (46.0, 18.0) 41.0
12 (40.0, 26.0) 44.0
13 (31.0, 27.0) 12.0
14 (26.0, 28.0) 44.0
15 (26.0, 44.0) 20.0
16 (47.0, 35.0) 19.0
17 (35.0, 27.0) 14.0
18 (45.0, 21.0) 50.0
19 (43.0, 2.0) 24.0
,
0 5 8 3 11 6 4 11 12 4 3 6 5 5 6 4 3 5 5 9
5 0 8 5 7 7 1 8 8 4 5 2 0 2 3 5 3 1 1 4
8 8 0 5 8 2 7 5 7 4 5 9 7 5 5 4 8 6 9 11
3 5 5 0 10 3 4 9 10 2 1 7 5 4 4 2 4 4 6 10
11 7 8 10 0 10 7 4 2 8 10 7 7 6 6 9 9 6 7 6
6 7 2 3 10 0 6 7 9 3 3 9 7 5 5 2 7 6 8 11
4 1 7 4 7 6 0 8 8 3 4 3 1 2 3 4 2 1 2 5
11 8 5 9 4 7 8 0 2 7 8 9 8 6 5 7 9 7 8 9
12 8 7 10 2 9 8 2 0 8 9 8 8 6 6 8 10 7 8 7
4 4 4 2 8 3 3 7 8 0 1 6 4 3 3 1 4 3 5 8
3 5 5 1 10 3 4 8 9 1 0 7 5 4 4 1 4 4 6 9
6 2 9 7 7 9 3 9 8 6 7 0 2 3 4 7 3 3 1 3
5 0 7 5 7 7 1 8 8 4 5 2 0 2 3 5 2 1 1 5
5 2 5 4 6 5 2 6 6 3 4 3 2 0 1 4 4 1 3 6
6 3 5 4 6 5 3 5 6 3 4 4 3 1 0 3 4 2 4 6
4 5 4 2 9 2 4 7 8 1 1 7 5 4 3 0 5 4 6 9
3 3 8 4 9 7 2 9 10 4 4 3 2 4 4 5 0 3 3 7
5 1 6 4 6 6 1 7 7 3 4 3 1 1 2 4 3 0 2 5
5 1 9 6 7 8 2 8 8 5 6 1 1 3 4 6 3 2 0 4
9 4 11 10 6 11 5 9 7 8 9 3 5 6 6 9 7 5 4 0
,
0 26 53 21 50 29 30 37 76 25 24 24 29 13 17 13 9 29 23 40
32 0 19 26 18 28 5 55 27 22 14 5 2 15 17 35 14 7 4 31
43 20 0 37 57 18 31 14 23 28 29 36 44 15 18 12 46 24 51 40
14 20 15 0 57 18 29 48 53 14 3 48 25 13 31 12 11 21 32 36
82 26 26 51 0 50 40 28 14 52 30 52 34 44 37 39 29 47 20 39
29 38 12 23 66 0 38 21 64 18 8 34 18 25 23 9 41 38 29 59
28 6 44 19 43 38 0 57 30 14 18 13 2 7 14 30 8 3 5 15
51 21 18 24 19 46 26 0 6 17 53 38 46 28 18 50 46 46 44 61
45 47 25 57 14 37 29 13 0 48 45 21 21 18 16 36 57 33 49 30
24 28 28 10 43 9 12 28 27 0 9 16 27 7 13 4 20 10 28 28
22 14 14 3 65 13 17 52 65 8 0 41 17 28 22 8 17 22 31 40
18 6 44 27 28 44 7 32 30 29 21 0 9 13 14 24 10 11 3 10
17 1 26 32 40 20 2 46 28 19 27 9 0 7 13 34 7 7 7 21
39 11 14 18 37 31 13 30 41 17 16 12 8 0 4 20 12 4 14 16
35 17 23 31 25 36 15 14 30 16 17 16 12 6 0 18 28 11 12 46
13 35 23 5 57 7 21 22 40 2 8 31 28 25 20 0 16 18 40 26
8 12 58 12 67 18 9 51 70 16 19 10 12 17 22 29 0 15 18 39
30 10 37 31 46 33 6 24 33 18 10 16 7 4 6 17 17 0 16 32
16 7 45 23 18 44 13 42 50 29 37 3 9 13 23 29 11 8 0 15
44 14 69 41 30 79 19 34 24 50 63 14 16 16 43 66 26 25 23 0