4
20
,
0 (47.0, 48.0) 11.0
1 (41.0, 24.0) 20.0
2 (8.0, 42.0) 28.0
3 (33.0, 49.0) 24.0
4 (15.0, 2.0) 19.0
5 (17.0, 50.0) 15.0
6 (40.0, 29.0) 23.0
7 (3.0, 18.0) 13.0
8 (6.0, 7.0) 19.0
9 (28.0, 41.0) 14.0
10 (31.0, 47.0) 17.0
11 (46.0, 18.0) 15.0
12 (40.0, 26.0) 22.0
13 (31.0, 27.0) 19.0
14 (26.0, 28.0) 31.0
15 (26.0, 44.0) 43.0
16 (47.0, 35.0) 35.0
17 (35.0, 27.0) 32.0
18 (45.0, 21.0) 15.0
19 (43.0, 2.0) 12.0
,
0 5 8 3 11 6 4 11 12 4 3 6 5 5 6 4 3 5 5 9
5 0 8 5 7 7 1 8 8 4 5 2 0 2 3 5 3 1 1 4
8 8 0 5 8 2 7 5 7 4 5 9 7 5 5 4 8 6 9 11
3 5 5 0 10 3 4 9 10 2 1 7 5 4 4 2 4 4 6 10
11 7 8 10 0 10 7 4 2 8 10 7 7 6 6 9 9 6 7 6
6 7 2 3 10 0 6 7 9 3 3 9 7 5 5 2 7 6 8 11
4 1 7 4 7 6 0 8 8 3 4 3 1 2 3 4 2 1 2 5
11 8 5 9 4 7 8 0 2 7 8 9 8 6 5 7 9 7 8 9
12 8 7 10 2 9 8 2 0 8 9 8 8 6 6 8 10 7 8 7
4 4 4 2 8 3 3 7 8 0 1 6 4 3 3 1 4 3 5 8
3 5 5 1 10 3 4 8 9 1 0 7 5 4 4 1 4 4 6 9
6 2 9 7 7 9 3 9 8 6 7 0 2 3 4 7 3 3 1 3
5 0 7 5 7 7 1 8 8 4 5 2 0 2 3 5 2 1 1 5
5 2 5 4 6 5 2 6 6 3 4 3 2 0 1 4 4 1 3 6
6 3 5 4 6 5 3 5 6 3 4 4 3 1 0 3 4 2 4 6
4 5 4 2 9 2 4 7 8 1 1 7 5 4 3 0 5 4 6 9
3 3 8 4 9 7 2 9 10 4 4 3 2 4 4 5 0 3 3 7
5 1 6 4 6 6 1 7 7 3 4 3 1 1 2 4 3 0 2 5
5 1 9 6 7 8 2 8 8 5 6 1 1 3 4 6 3 2 0 4
9 4 11 10 6 11 5 9 7 8 9 3 5 6 6 9 7 5 4 0
,
0 14 31 19 70 36 24 51 85 19 14 44 21 17 27 19 12 32 25 53
19 0 42 35 51 28 4 42 44 18 30 11 2 15 19 19 14 8 4 25
38 40 0 15 49 12 36 32 30 19 32 67 37 31 25 21 43 23 64 74
17 28 19 0 41 23 11 57 58 7 2 17 18 15 17 6 29 24 29 42
43 47 60 35 0 54 35 11 11 48 28 51 31 41 19 55 26 19 50 24
31 25 8 13 36 0 30 29 29 12 15 63 41 35 15 11 37 32 47 77
16 6 25 13 28 46 0 27 41 16 24 6 4 11 19 19 8 8 5 25
46 40 19 50 19 34 56 0 12 44 56 35 33 38 26 20 31 28 25 32
81 24 47 59 15 43 31 17 0 42 63 47 51 16 29 28 54 23 25 38
13 25 19 13 41 12 14 30 35 0 5 42 21 13 20 3 18 13 28 44
9 35 18 4 44 20 11 24 57 9 0 41 23 27 19 8 29 16 18 68
35 9 44 31 30 24 14 64 36 40 39 0 11 23 31 25 12 17 5 21
20 3 39 17 46 21 2 19 45 20 14 7 0 8 12 31 7 7 7 30
21 13 26 30 19 23 13 15 22 16 27 10 5 0 7 13 14 5 16 30
34 19 23 15 31 24 15 27 18 9 24 26 16 7 0 21 27 13 23 26
20 15 16 10 62 12 16 31 55 4 7 40 26 22 19 0 21 21 43 48
18 10 52 22 38 49 13 61 43 16 24 24 16 22 20 28 0 17 20 23
34 7 31 20 41 42 4 28 40 9 16 12 7 2 6 15 13 0 15 37
24 7 45 41 27 59 8 21 43 23 16 5 10 13 25 40 7 10 0 27
53 21 66 48 20 59 26 42 30 47 60 14 22 29 29 33 48 32 19 0