4
20
,
0 (47.0, 48.0) 35.0
1 (41.0, 24.0) 24.0
2 (8.0, 42.0) 40.0
3 (33.0, 49.0) 11.0
4 (15.0, 2.0) 43.0
5 (17.0, 50.0) 25.0
6 (40.0, 29.0) 34.0
7 (3.0, 18.0) 32.0
8 (6.0, 7.0) 14.0
9 (28.0, 41.0) 18.0
10 (31.0, 47.0) 42.0
11 (46.0, 18.0) 39.0
12 (40.0, 26.0) 49.0
13 (31.0, 27.0) 45.0
14 (26.0, 28.0) 22.0
15 (26.0, 44.0) 18.0
16 (47.0, 35.0) 11.0
17 (35.0, 27.0) 31.0
18 (45.0, 21.0) 29.0
19 (43.0, 2.0) 12.0
,
0 5 8 3 11 6 4 11 12 4 3 6 5 5 6 4 3 5 5 9
5 0 8 5 7 7 1 8 8 4 5 2 0 2 3 5 3 1 1 4
8 8 0 5 8 2 7 5 7 4 5 9 7 5 5 4 8 6 9 11
3 5 5 0 10 3 4 9 10 2 1 7 5 4 4 2 4 4 6 10
11 7 8 10 0 10 7 4 2 8 10 7 7 6 6 9 9 6 7 6
6 7 2 3 10 0 6 7 9 3 3 9 7 5 5 2 7 6 8 11
4 1 7 4 7 6 0 8 8 3 4 3 1 2 3 4 2 1 2 5
11 8 5 9 4 7 8 0 2 7 8 9 8 6 5 7 9 7 8 9
12 8 7 10 2 9 8 2 0 8 9 8 8 6 6 8 10 7 8 7
4 4 4 2 8 3 3 7 8 0 1 6 4 3 3 1 4 3 5 8
3 5 5 1 10 3 4 8 9 1 0 7 5 4 4 1 4 4 6 9
6 2 9 7 7 9 3 9 8 6 7 0 2 3 4 7 3 3 1 3
5 0 7 5 7 7 1 8 8 4 5 2 0 2 3 5 2 1 1 5
5 2 5 4 6 5 2 6 6 3 4 3 2 0 1 4 4 1 3 6
6 3 5 4 6 5 3 5 6 3 4 4 3 1 0 3 4 2 4 6
4 5 4 2 9 2 4 7 8 1 1 7 5 4 3 0 5 4 6 9
3 3 8 4 9 7 2 9 10 4 4 3 2 4 4 5 0 3 3 7
5 1 6 4 6 6 1 7 7 3 4 3 1 1 2 4 3 0 2 5
5 1 9 6 7 8 2 8 8 5 6 1 1 3 4 6 3 2 0 4
9 4 11 10 6 11 5 9 7 8 9 3 5 6 6 9 7 5 4 0
,
0 37 32 15 55 26 28 46 84 23 16 33 21 30 17 32 11 18 18 49
20 0 55 17 50 39 3 58 43 18 18 7 3 5 17 22 11 10 3 15
38 26 0 25 33 16 19 26 37 16 24 54 22 35 15 23 45 32 26 35
7 29 36 0 58 23 18 52 67 6 4 35 13 33 20 10 20 12 16 48
75 18 37 31 0 37 43 24 13 27 37 35 28 42 21 60 55 17 48 23
20 20 11 9 29 0 36 23 63 13 15 53 31 23 31 6 49 38 32 81
11 5 49 18 28 19 0 49 42 24 12 9 4 9 21 16 11 4 10 39
32 38 31 37 17 28 22 0 10 32 29 28 41 34 23 44 42 29 52 39
76 48 49 30 14 41 20 17 0 25 43 56 31 31 32 46 44 40 42 48
21 15 18 13 53 14 17 29 26 0 8 28 14 10 9 5 15 18 28 58
9 16 35 3 28 18 25 25 43 4 0 41 32 21 16 6 23 24 31 39
29 10 28 36 22 26 15 60 43 27 36 0 8 18 23 33 17 10 4 12
26 3 46 33 36 45 4 25 57 10 14 9 0 8 20 23 6 7 5 35
28 8 19 12 25 14 10 39 31 10 13 18 11 0 3 16 22 4 21 21
42 12 14 16 33 28 13 24 36 12 28 16 9 5 0 8 30 13 16 18
26 36 17 11 39 14 25 19 55 4 5 29 33 11 10 0 24 10 29 54
13 16 22 19 68 28 11 31 62 14 13 21 8 21 16 30 0 9 9 46
30 9 22 26 27 18 6 20 51 20 29 20 3 4 6 16 14 0 12 24
33 5 49 27 27 22 6 40 40 30 39 3 11 10 30 37 13 8 0 18
63 22 42 46 35 30 37 31 50 24 65 15 20 30 27 59 49 36 23 0