4
20
,
0 (47.0, 48.0) 16.0
1 (41.0, 24.0) 32.0
2 (8.0, 42.0) 41.0
3 (33.0, 49.0) 45.0
4 (15.0, 2.0) 21.0
5 (17.0, 50.0) 11.0
6 (40.0, 29.0) 13.0
7 (3.0, 18.0) 15.0
8 (6.0, 7.0) 32.0
9 (28.0, 41.0) 30.0
10 (31.0, 47.0) 26.0
11 (46.0, 18.0) 20.0
12 (40.0, 26.0) 48.0
13 (31.0, 27.0) 12.0
14 (26.0, 28.0) 17.0
15 (26.0, 44.0) 17.0
16 (47.0, 35.0) 39.0
17 (35.0, 27.0) 18.0
18 (45.0, 21.0) 30.0
19 (43.0, 2.0) 33.0
,
0 5 8 3 11 6 4 11 12 4 3 6 5 5 6 4 3 5 5 9
5 0 8 5 7 7 1 8 8 4 5 2 0 2 3 5 3 1 1 4
8 8 0 5 8 2 7 5 7 4 5 9 7 5 5 4 8 6 9 11
3 5 5 0 10 3 4 9 10 2 1 7 5 4 4 2 4 4 6 10
11 7 8 10 0 10 7 4 2 8 10 7 7 6 6 9 9 6 7 6
6 7 2 3 10 0 6 7 9 3 3 9 7 5 5 2 7 6 8 11
4 1 7 4 7 6 0 8 8 3 4 3 1 2 3 4 2 1 2 5
11 8 5 9 4 7 8 0 2 7 8 9 8 6 5 7 9 7 8 9
12 8 7 10 2 9 8 2 0 8 9 8 8 6 6 8 10 7 8 7
4 4 4 2 8 3 3 7 8 0 1 6 4 3 3 1 4 3 5 8
3 5 5 1 10 3 4 8 9 1 0 7 5 4 4 1 4 4 6 9
6 2 9 7 7 9 3 9 8 6 7 0 2 3 4 7 3 3 1 3
5 0 7 5 7 7 1 8 8 4 5 2 0 2 3 5 2 1 1 5
5 2 5 4 6 5 2 6 6 3 4 3 2 0 1 4 4 1 3 6
6 3 5 4 6 5 3 5 6 3 4 4 3 1 0 3 4 2 4 6
4 5 4 2 9 2 4 7 8 1 1 7 5 4 3 0 5 4 6 9
3 3 8 4 9 7 2 9 10 4 4 3 2 4 4 5 0 3 3 7
5 1 6 4 6 6 1 7 7 3 4 3 1 1 2 4 3 0 2 5
5 1 9 6 7 8 2 8 8 5 6 1 1 3 4 6 3 2 0 4
9 4 11 10 6 11 5 9 7 8 9 3 5 6 6 9 7 5 4 0
,
0 36 30 13 79 39 15 77 41 27 14 16 21 20 15 25 19 28 17 52
26 0 36 34 48 46 6 36 29 26 25 8 2 12 22 14 13 6 5 28
56 30 0 29 38 9 42 22 24 22 12 51 47 31 18 19 39 21 58 58
11 21 26 0 28 13 27 43 44 9 3 25 18 24 32 11 21 17 28 54
68 37 44 30 0 49 53 27 12 50 66 36 31 31 29 25 54 18 45 28
27 18 13 14 63 0 16 30 40 17 12 61 33 25 25 13 28 39 51 79
17 4 23 19 33 33 0 22 35 17 30 15 4 6 14 21 13 3 13 33
75 45 17 31 20 22 47 0 9 37 38 53 21 39 20 22 30 24 35 55
54 26 51 48 9 60 41 8 0 57 57 31 33 28 15 23 54 38 61 21
19 25 23 7 25 15 20 28 33 0 8 19 26 17 9 5 17 15 34 48
9 34 22 3 52 11 13 58 25 8 0 38 27 27 29 4 19 17 39 57
35 9 53 21 33 41 11 37 50 23 39 0 15 9 16 47 10 16 4 21
14 2 32 25 41 41 4 43 57 10 30 13 0 5 15 15 14 7 4 29
32 7 37 26 20 38 7 27 30 14 27 19 12 0 7 10 19 6 17 24
18 17 25 25 27 30 18 25 32 9 26 27 8 3 0 9 12 10 29 28
21 24 14 13 51 12 18 30 33 5 8 46 19 24 10 0 24 24 40 59
12 10 51 22 31 36 12 42 74 20 27 21 12 24 32 23 0 17 15 25
27 5 46 15 37 42 4 46 38 12 20 13 6 3 9 15 16 0 7 25
35 7 49 37 38 59 5 26 35 28 35 4 5 17 20 20 20 11 0 28
52 32 35 56 20 64 19 57 45 40 40 23 34 40 41 32 32 34 14 0