4
20
,
0 (47.0, 48.0) 37.0
1 (41.0, 24.0) 18.0
2 (8.0, 42.0) 11.0
3 (33.0, 49.0) 23.0
4 (15.0, 2.0) 16.0
5 (17.0, 50.0) 19.0
6 (40.0, 29.0) 12.0
7 (3.0, 18.0) 34.0
8 (6.0, 7.0) 41.0
9 (28.0, 41.0) 45.0
10 (31.0, 47.0) 26.0
11 (46.0, 18.0) 16.0
12 (40.0, 26.0) 22.0
13 (31.0, 27.0) 25.0
14 (26.0, 28.0) 31.0
15 (26.0, 44.0) 13.0
16 (47.0, 35.0) 24.0
17 (35.0, 27.0) 12.0
18 (45.0, 21.0) 12.0
19 (43.0, 2.0) 23.0
,
0 5 8 3 11 6 4 11 12 4 3 6 5 5 6 4 3 5 5 9
5 0 8 5 7 7 1 8 8 4 5 2 0 2 3 5 3 1 1 4
8 8 0 5 8 2 7 5 7 4 5 9 7 5 5 4 8 6 9 11
3 5 5 0 10 3 4 9 10 2 1 7 5 4 4 2 4 4 6 10
11 7 8 10 0 10 7 4 2 8 10 7 7 6 6 9 9 6 7 6
6 7 2 3 10 0 6 7 9 3 3 9 7 5 5 2 7 6 8 11
4 1 7 4 7 6 0 8 8 3 4 3 1 2 3 4 2 1 2 5
11 8 5 9 4 7 8 0 2 7 8 9 8 6 5 7 9 7 8 9
12 8 7 10 2 9 8 2 0 8 9 8 8 6 6 8 10 7 8 7
4 4 4 2 8 3 3 7 8 0 1 6 4 3 3 1 4 3 5 8
3 5 5 1 10 3 4 8 9 1 0 7 5 4 4 1 4 4 6 9
6 2 9 7 7 9 3 9 8 6 7 0 2 3 4 7 3 3 1 3
5 0 7 5 7 7 1 8 8 4 5 2 0 2 3 5 2 1 1 5
5 2 5 4 6 5 2 6 6 3 4 3 2 0 1 4 4 1 3 6
6 3 5 4 6 5 3 5 6 3 4 4 3 1 0 3 4 2 4 6
4 5 4 2 9 2 4 7 8 1 1 7 5 4 3 0 5 4 6 9
3 3 8 4 9 7 2 9 10 4 4 3 2 4 4 5 0 3 3 7
5 1 6 4 6 6 1 7 7 3 4 3 1 1 2 4 3 0 2 5
5 1 9 6 7 8 2 8 8 5 6 1 1 3 4 6 3 2 0 4
9 4 11 10 6 11 5 9 7 8 9 3 5 6 6 9 7 5 4 0
,
0 21 30 18 66 16 14 55 46 30 16 36 23 21 27 13 8 34 36 32
17 0 41 37 38 31 4 51 50 17 17 4 2 15 12 36 10 8 3 31
31 45 0 38 57 16 49 36 30 26 23 35 34 16 12 10 52 24 52 79
10 38 34 0 69 19 26 45 53 13 4 18 33 23 28 12 11 24 40 50
48 28 30 75 0 56 44 22 7 44 66 29 22 31 42 61 41 21 39 23
44 18 8 14 42 0 40 30 29 18 16 37 22 18 34 11 48 30 39 71
23 3 33 13 55 19 0 26 54 18 16 16 4 13 21 21 7 7 6 22
72 37 35 64 21 24 23 0 17 18 45 25 33 36 27 32 52 31 61 27
31 53 46 41 14 44 34 11 0 34 41 28 41 46 43 27 69 36 31 40
14 13 21 12 54 12 14 43 21 0 4 15 25 9 16 2 17 21 22 54
10 13 25 1 43 18 19 57 66 4 0 40 22 28 12 3 23 14 29 63
32 6 30 37 29 58 15 43 45 20 16 0 8 16 22 27 23 16 2 15
21 2 29 18 47 22 2 29 52 18 22 7 0 9 14 14 10 5 6 17
32 8 21 12 32 30 9 28 33 14 25 15 12 0 3 15 20 6 13 21
43 14 14 22 40 16 16 14 30 15 13 33 8 4 0 16 20 7 26 41
28 32 16 5 46 10 19 25 62 4 6 26 27 22 12 0 22 15 37 40
7 17 44 21 61 42 10 64 53 26 14 17 9 16 26 17 0 16 15 37
26 8 40 22 39 35 5 39 19 20 25 21 4 5 7 17 9 0 13 18
15 6 37 29 42 25 11 52 34 17 32 2 11 14 20 41 18 14 0 13
53 28 60 38 26 42 32 30 49 38 56 9 25 18 23 59 26 35 12 0