4
20
,
0 (47.0, 48.0) 31.0
1 (41.0, 24.0) 42.0
2 (8.0, 42.0) 10.0
3 (33.0, 49.0) 43.0
4 (15.0, 2.0) 41.0
5 (17.0, 50.0) 17.0
6 (40.0, 29.0) 16.0
7 (3.0, 18.0) 48.0
8 (6.0, 7.0) 14.0
9 (28.0, 41.0) 12.0
10 (31.0, 47.0) 39.0
11 (46.0, 18.0) 37.0
12 (40.0, 26.0) 42.0
13 (31.0, 27.0) 37.0
14 (26.0, 28.0) 35.0
15 (26.0, 44.0) 16.0
16 (47.0, 35.0) 11.0
17 (35.0, 27.0) 31.0
18 (45.0, 21.0) 13.0
19 (43.0, 2.0) 10.0
,
0 5 8 3 11 6 4 11 12 4 3 6 5 5 6 4 3 5 5 9
5 0 8 5 7 7 1 8 8 4 5 2 0 2 3 5 3 1 1 4
8 8 0 5 8 2 7 5 7 4 5 9 7 5 5 4 8 6 9 11
3 5 5 0 10 3 4 9 10 2 1 7 5 4 4 2 4 4 6 10
11 7 8 10 0 10 7 4 2 8 10 7 7 6 6 9 9 6 7 6
6 7 2 3 10 0 6 7 9 3 3 9 7 5 5 2 7 6 8 11
4 1 7 4 7 6 0 8 8 3 4 3 1 2 3 4 2 1 2 5
11 8 5 9 4 7 8 0 2 7 8 9 8 6 5 7 9 7 8 9
12 8 7 10 2 9 8 2 0 8 9 8 8 6 6 8 10 7 8 7
4 4 4 2 8 3 3 7 8 0 1 6 4 3 3 1 4 3 5 8
3 5 5 1 10 3 4 8 9 1 0 7 5 4 4 1 4 4 6 9
6 2 9 7 7 9 3 9 8 6 7 0 2 3 4 7 3 3 1 3
5 0 7 5 7 7 1 8 8 4 5 2 0 2 3 5 2 1 1 5
5 2 5 4 6 5 2 6 6 3 4 3 2 0 1 4 4 1 3 6
6 3 5 4 6 5 3 5 6 3 4 4 3 1 0 3 4 2 4 6
4 5 4 2 9 2 4 7 8 1 1 7 5 4 3 0 5 4 6 9
3 3 8 4 9 7 2 9 10 4 4 3 2 4 4 5 0 3 3 7
5 1 6 4 6 6 1 7 7 3 4 3 1 1 2 4 3 0 2 5
5 1 9 6 7 8 2 8 8 5 6 1 1 3 4 6 3 2 0 4
9 4 11 10 6 11 5 9 7 8 9 3 5 6 6 9 7 5 4 0
,
0 22 38 19 59 17 12 45 29 15 23 44 25 37 34 29 19 31 28 64
18 0 22 19 46 33 7 55 42 22 22 10 2 15 23 22 17 7 5 12
36 34 0 34 58 8 17 15 18 14 28 33 20 21 29 26 36 17 25 27
15 16 26 0 63 22 20 23 72 12 4 21 20 18 20 6 27 28 22 36
49 44 27 70 0 29 44 26 11 36 45 18 42 28 25 43 60 16 36 21
24 32 10 17 71 0 34 28 44 9 17 54 20 25 32 9 17 22 34 61
30 6 19 15 52 42 0 49 36 12 13 15 3 12 20 26 11 6 8 29
32 43 35 29 13 29 42 0 13 23 41 63 31 24 21 23 65 40 42 51
61 47 42 72 10 51 53 16 0 22 64 49 56 43 34 45 52 19 46 29
20 25 10 8 50 17 20 47 35 0 3 21 13 8 11 4 16 10 15 31
22 29 23 2 69 16 16 40 29 6 0 45 14 19 28 4 10 28 25 57
43 11 67 26 33 36 12 30 36 23 42 0 10 12 11 33 18 8 4 23
12 2 27 31 43 22 3 22 32 19 27 9 0 7 20 26 11 5 5 32
33 6 27 32 44 23 6 37 30 10 14 20 10 0 6 20 21 2 12 36
39 12 24 24 42 23 17 25 17 18 23 22 12 8 0 17 19 12 19 36
13 18 12 10 29 11 19 18 53 2 7 32 24 10 15 0 30 15 37 66
12 14 52 17 66 28 14 62 28 20 18 20 13 10 21 18 0 9 12 47
23 4 36 30 37 40 7 28 41 11 16 8 6 5 9 14 15 0 15 32
37 5 63 17 41 53 13 51 59 19 31 2 7 20 29 21 10 8 0 26
60 26 54 39 40 71 29 29 22 41 26 18 16 16 44 28 44 26 13 0