4
20
,
0 (47.0, 48.0) 50.0
1 (41.0, 24.0) 10.0
2 (8.0, 42.0) 12.0
3 (33.0, 49.0) 37.0
4 (15.0, 2.0) 16.0
5 (17.0, 50.0) 21.0
6 (40.0, 29.0) 22.0
7 (3.0, 18.0) 47.0
8 (6.0, 7.0) 11.0
9 (28.0, 41.0) 22.0
10 (31.0, 47.0) 23.0
11 (46.0, 18.0) 40.0
12 (40.0, 26.0) 31.0
13 (31.0, 27.0) 27.0
14 (26.0, 28.0) 40.0
15 (26.0, 44.0) 27.0
16 (47.0, 35.0) 36.0
17 (35.0, 27.0) 14.0
18 (45.0, 21.0) 37.0
19 (43.0, 2.0) 12.0
,
0 5 8 3 11 6 4 11 12 4 3 6 5 5 6 4 3 5 5 9
5 0 8 5 7 7 1 8 8 4 5 2 0 2 3 5 3 1 1 4
8 8 0 5 8 2 7 5 7 4 5 9 7 5 5 4 8 6 9 11
3 5 5 0 10 3 4 9 10 2 1 7 5 4 4 2 4 4 6 10
11 7 8 10 0 10 7 4 2 8 10 7 7 6 6 9 9 6 7 6
6 7 2 3 10 0 6 7 9 3 3 9 7 5 5 2 7 6 8 11
4 1 7 4 7 6 0 8 8 3 4 3 1 2 3 4 2 1 2 5
11 8 5 9 4 7 8 0 2 7 8 9 8 6 5 7 9 7 8 9
12 8 7 10 2 9 8 2 0 8 9 8 8 6 6 8 10 7 8 7
4 4 4 2 8 3 3 7 8 0 1 6 4 3 3 1 4 3 5 8
3 5 5 1 10 3 4 8 9 1 0 7 5 4 4 1 4 4 6 9
6 2 9 7 7 9 3 9 8 6 7 0 2 3 4 7 3 3 1 3
5 0 7 5 7 7 1 8 8 4 5 2 0 2 3 5 2 1 1 5
5 2 5 4 6 5 2 6 6 3 4 3 2 0 1 4 4 1 3 6
6 3 5 4 6 5 3 5 6 3 4 4 3 1 0 3 4 2 4 6
4 5 4 2 9 2 4 7 8 1 1 7 5 4 3 0 5 4 6 9
3 3 8 4 9 7 2 9 10 4 4 3 2 4 4 5 0 3 3 7
5 1 6 4 6 6 1 7 7 3 4 3 1 1 2 4 3 0 2 5
5 1 9 6 7 8 2 8 8 5 6 1 1 3 4 6 3 2 0 4
9 4 11 10 6 11 5 9 7 8 9 3 5 6 6 9 7 5 4 0
,
0 30 38 11 39 27 16 75 85 16 9 23 30 18 32 28 19 14 24 26
24 0 41 30 43 23 7 41 34 15 35 5 2 6 12 35 11 7 6 24
58 24 0 15 47 17 31 35 19 20 33 30 40 28 33 23 29 40 25 54
18 25 20 0 48 16 15 50 72 9 4 34 30 20 15 8 15 28 20 69
29 47 39 68 0 31 35 24 14 58 64 28 36 30 37 29 66 21 38 14
44 32 6 12 63 0 34 35 53 19 21 57 18 28 27 9 48 17 59 65
17 6 47 15 19 35 0 26 44 22 23 16 4 13 8 22 11 8 14 15
34 36 14 42 19 49 47 0 13 33 53 49 30 26 36 37 35 43 46 47
56 45 45 47 14 50 53 6 0 30 41 28 24 20 15 40 68 41 26 29
16 30 20 8 22 10 16 44 30 0 4 15 13 17 7 2 11 17 14 38
14 35 17 3 71 9 28 20 60 5 0 17 30 10 22 9 27 16 21 48
34 9 61 26 46 29 9 60 39 43 29 0 9 18 21 19 13 17 2 19
31 2 40 36 19 20 4 46 41 13 19 9 0 5 10 32 9 6 8 18
36 14 23 20 34 37 12 40 17 11 19 15 11 0 5 25 25 3 9 23
33 11 18 26 19 35 10 36 38 7 19 29 17 3 0 17 32 14 14 46
29 37 23 11 50 15 28 33 32 4 8 35 29 19 23 0 20 24 40 47
10 8 45 12 35 21 6 49 53 22 29 14 7 26 29 24 0 9 18 17
33 8 43 15 30 31 7 20 30 22 18 10 3 6 9 20 8 0 9 15
19 5 57 40 20 44 11 42 29 22 37 3 7 14 26 18 12 16 0 16
36 19 46 27 14 63 22 61 50 53 36 8 14 27 44 48 43 26 27 0