4
20
,
0 (30.0, 22.0) 76.0
1 (45.0, 32.0) 47.0
2 (16.0, 28.0) 38.0
3 (31.0, 17.0) 80.0
4 (21.0, 32.0) 40.0
5 (6.0, 36.0) 63.0
6 (16.0, 13.0) 77.0
7 (25.0, 46.0) 68.0
8 (46.0, 23.0) 70.0
9 (23.0, 26.0) 48.0
10 (21.0, 23.0) 75.0
11 (26.0, 21.0) 57.0
12 (19.0, 50.0) 67.0
13 (48.0, 1.0) 44.0
14 (20.0, 8.0) 35.0
15 (43.0, 12.0) 37.0
16 (31.0, 15.0) 32.0
17 (30.0, 41.0) 56.0
18 (25.0, 12.0) 35.0
19 (17.0, 11.0) 48.0
,
0 19 28 16 18 19 18 10 26 26 17 16 17 27 24 11 22 17 25 14 10 0
19 0 9 8 3 7 14 8 12 8 4 5 2 15 14 9 8 4 10 6 9 19
28 9 0 15 10 12 20 17 12 5 11 13 11 16 16 17 10 11 9 14 18 28
16 8 15 0 9 3 6 8 10 15 4 4 6 11 21 10 16 10 10 9 9 16
18 3 10 9 0 9 16 8 15 8 6 6 3 18 12 7 6 1 12 4 8 18
19 7 12 3 9 0 8 10 7 13 3 4 6 9 21 12 15 10 6 10 11 19
18 14 20 6 16 8 0 13 11 21 10 10 12 10 27 16 22 16 12 15 14 18
10 8 17 8 8 10 13 0 17 16 7 6 6 19 17 3 14 8 16 5 1 10
26 12 12 10 15 7 11 17 0 16 10 12 13 4 25 19 19 16 4 17 18 26
26 8 5 15 8 13 21 16 16 0 12 12 10 19 11 15 6 8 12 12 16 26
17 4 11 4 6 3 10 7 10 12 0 2 3 12 18 9 12 7 8 7 8 17
16 5 13 4 6 4 10 6 12 12 2 0 3 14 17 8 12 6 10 6 6 16
17 2 11 6 3 6 12 6 13 10 3 3 0 15 15 7 10 4 10 5 7 17
27 15 16 11 18 9 10 19 4 19 12 14 15 0 28 21 22 18 7 19 20 27
24 14 16 21 12 21 27 17 25 11 18 17 15 28 0 14 6 11 22 13 16 24
11 9 17 10 7 12 16 3 19 15 9 8 7 21 14 0 12 7 17 3 2 11
22 8 10 16 6 15 22 14 19 6 12 12 10 22 6 12 0 6 16 9 13 22
17 4 11 10 1 10 16 8 16 8 7 6 4 18 11 7 6 0 13 3 7 17
25 10 9 10 12 6 12 16 4 12 8 10 10 7 22 17 16 13 0 15 16 25
14 6 14 9 4 10 15 5 17 12 7 6 5 19 13 3 9 3 15 0 4 14
10 9 18 9 8 11 14 1 18 16 8 6 7 20 16 2 13 7 16 4 0 10
0 19 28 16 18 19 18 10 26 26 17 16 17 27 24 11 22 17 25 14 10 0
,
0 50 76 36 51 51 36 25 74 29 50 38 42 51 51 22 25 51 55 28 20 0
29 0 26 13 4 16 39 9 13 21 7 12 5 35 22 10 23 10 25 16 20 28
57 21 0 43 17 26 28 21 25 13 16 25 20 44 40 38 14 28 20 29 29 54
22 11 17 0 10 9 17 18 15 34 5 8 14 29 61 17 43 16 21 19 23 17
30 6 27 13 0 23 47 20 34 22 9 10 5 34 33 21 10 2 13 10 16 52
50 12 33 5 17 0 23 17 9 35 7 5 7 21 35 17 20 25 10 27 21 51
30 18 46 11 26 10 0 37 25 44 11 17 37 14 71 33 32 32 29 39 38 42
13 13 52 9 13 29 22 0 39 19 13 13 15 37 46 4 14 11 28 9 2 20
78 19 35 24 25 15 19 45 0 41 16 15 16 7 40 48 57 21 11 40 40 36
43 20 9 38 23 40 41 31 27 0 23 13 19 56 27 25 16 18 19 18 45 74
40 7 33 4 10 4 13 19 17 22 0 2 3 31 48 14 18 13 14 12 10 19
25 6 21 6 15 6 30 6 31 29 5 0 6 31 25 17 24 14 23 15 13 31
18 3 19 9 4 8 30 10 25 16 6 3 0 30 25 18 11 4 17 5 19 30
44 27 47 11 40 17 27 40 11 32 15 23 30 0 81 34 32 55 21 34 26 66
72 18 21 46 16 38 73 18 29 22 52 32 21 42 0 17 12 30 39 34 25 39
31 14 37 30 11 14 36 4 47 39 23 9 14 41 24 0 18 14 27 8 5 32
29 21 25 18 14 42 38 40 38 9 19 27 18 61 15 28 0 16 27 12 29 34
43 7 18 26 2 15 45 19 44 12 7 11 6 30 31 15 11 0 20 4 15 50
65 10 16 27 33 17 35 24 8 36 18 23 27 18 53 48 16 23 0 40 44 63
14 6 31 11 6 14 32 6 27 17 8 10 12 22 25 4 22 4 40 0 4 29
22 16 45 16 18 17 17 3 42 24 12 15 14 46 23 6 19 10 42 5 0 23
0 33 70 20 40 35 24 14 59 31 37 39 19 36 48 15 41 28 37 34 14 0