4
20
,
0 (30.0, 22.0) 51.0
1 (45.0, 32.0) 34.0
2 (16.0, 28.0) 31.0
3 (31.0, 17.0) 45.0
4 (21.0, 32.0) 39.0
5 (6.0, 36.0) 43.0
6 (16.0, 13.0) 56.0
7 (25.0, 46.0) 37.0
8 (46.0, 23.0) 59.0
9 (23.0, 26.0) 87.0
10 (21.0, 23.0) 36.0
11 (26.0, 21.0) 31.0
12 (19.0, 50.0) 76.0
13 (48.0, 1.0) 50.0
14 (20.0, 8.0) 37.0
15 (43.0, 12.0) 56.0
16 (31.0, 15.0) 41.0
17 (30.0, 41.0) 43.0
18 (25.0, 12.0) 66.0
19 (17.0, 11.0) 60.0
,
0 19 28 16 18 19 18 10 26 26 17 16 17 27 24 11 22 17 25 14 10 0
19 0 9 8 3 7 14 8 12 8 4 5 2 15 14 9 8 4 10 6 9 19
28 9 0 15 10 12 20 17 12 5 11 13 11 16 16 17 10 11 9 14 18 28
16 8 15 0 9 3 6 8 10 15 4 4 6 11 21 10 16 10 10 9 9 16
18 3 10 9 0 9 16 8 15 8 6 6 3 18 12 7 6 1 12 4 8 18
19 7 12 3 9 0 8 10 7 13 3 4 6 9 21 12 15 10 6 10 11 19
18 14 20 6 16 8 0 13 11 21 10 10 12 10 27 16 22 16 12 15 14 18
10 8 17 8 8 10 13 0 17 16 7 6 6 19 17 3 14 8 16 5 1 10
26 12 12 10 15 7 11 17 0 16 10 12 13 4 25 19 19 16 4 17 18 26
26 8 5 15 8 13 21 16 16 0 12 12 10 19 11 15 6 8 12 12 16 26
17 4 11 4 6 3 10 7 10 12 0 2 3 12 18 9 12 7 8 7 8 17
16 5 13 4 6 4 10 6 12 12 2 0 3 14 17 8 12 6 10 6 6 16
17 2 11 6 3 6 12 6 13 10 3 3 0 15 15 7 10 4 10 5 7 17
27 15 16 11 18 9 10 19 4 19 12 14 15 0 28 21 22 18 7 19 20 27
24 14 16 21 12 21 27 17 25 11 18 17 15 28 0 14 6 11 22 13 16 24
11 9 17 10 7 12 16 3 19 15 9 8 7 21 14 0 12 7 17 3 2 11
22 8 10 16 6 15 22 14 19 6 12 12 10 22 6 12 0 6 16 9 13 22
17 4 11 10 1 10 16 8 16 8 7 6 4 18 11 7 6 0 13 3 7 17
25 10 9 10 12 6 12 16 4 12 8 10 10 7 22 17 16 13 0 15 16 25
14 6 14 9 4 10 15 5 17 12 7 6 5 19 13 3 9 3 15 0 4 14
10 9 18 9 8 11 14 1 18 16 8 6 7 20 16 2 13 7 16 4 0 10
0 19 28 16 18 19 18 10 26 26 17 16 17 27 24 11 22 17 25 14 10 0
,
0 52 83 35 26 27 24 13 38 27 34 44 42 76 48 31 58 43 32 37 12 0
28 0 17 15 6 20 40 23 15 24 5 6 3 17 22 12 20 10 26 13 24 40
36 18 0 18 16 18 44 24 14 10 12 35 12 43 18 51 17 32 16 36 18 57
29 14 20 0 24 9 11 21 20 41 11 4 12 14 30 30 36 17 15 19 13 31
20 3 25 17 0 21 30 23 43 14 16 10 5 36 32 12 15 2 32 11 16 27
30 9 34 6 18 0 20 29 20 19 8 12 11 22 35 30 39 17 17 26 23 33
25 23 21 17 43 18 0 23 23 58 24 24 34 23 31 16 28 30 13 44 25 45
25 17 33 8 15 28 27 0 34 42 19 17 11 54 49 8 40 17 39 14 2 27
36 27 13 22 22 19 24 45 0 41 15 15 29 11 43 46 19 27 10 25 30 55
70 22 12 22 22 28 31 43 28 0 31 32 30 23 25 37 13 25 29 24 32 65
49 5 12 6 15 4 26 9 16 27 0 3 5 30 27 25 36 15 20 17 13 27
44 10 13 4 12 7 13 13 33 17 2 0 4 26 18 20 37 7 26 11 19 37
26 3 27 17 5 14 19 12 32 12 6 3 0 18 31 15 21 7 18 13 11 42
32 22 21 17 22 13 24 26 7 45 31 26 39 0 80 60 37 20 12 48 42 53
36 32 21 27 20 38 50 28 34 20 32 48 42 53 0 33 17 12 51 31 46 45
18 12 36 20 21 24 39 5 44 30 10 11 20 29 42 0 28 10 40 9 5 28
26 12 19 33 15 26 64 16 50 14 17 37 17 50 13 27 0 12 27 21 37 44
18 9 21 24 2 14 36 11 21 9 16 8 10 35 20 12 10 0 17 9 15 41
67 25 20 29 14 7 19 45 4 17 22 13 21 19 54 30 44 39 0 41 39 26
39 13 18 14 9 20 37 12 45 26 15 7 10 32 24 5 23 5 35 0 8 34
10 24 35 14 10 28 38 2 51 43 15 8 20 45 23 6 28 8 46 6 0 25
0 26 48 36 42 57 54 23 56 38 45 41 22 30 46 31 30 32 50 21 26 0