4
20
,
0 (30.0, 22.0) 83.0
1 (45.0, 32.0) 33.0
2 (16.0, 28.0) 41.0
3 (31.0, 17.0) 53.0
4 (21.0, 32.0) 68.0
5 (6.0, 36.0) 54.0
6 (16.0, 13.0) 51.0
7 (25.0, 46.0) 83.0
8 (46.0, 23.0) 82.0
9 (23.0, 26.0) 44.0
10 (21.0, 23.0) 36.0
11 (26.0, 21.0) 70.0
12 (19.0, 50.0) 51.0
13 (48.0, 1.0) 71.0
14 (20.0, 8.0) 45.0
15 (43.0, 12.0) 80.0
16 (31.0, 15.0) 53.0
17 (30.0, 41.0) 68.0
18 (25.0, 12.0) 37.0
19 (17.0, 11.0) 65.0
,
0 19 28 16 18 19 18 10 26 26 17 16 17 27 24 11 22 17 25 14 10 0
19 0 9 8 3 7 14 8 12 8 4 5 2 15 14 9 8 4 10 6 9 19
28 9 0 15 10 12 20 17 12 5 11 13 11 16 16 17 10 11 9 14 18 28
16 8 15 0 9 3 6 8 10 15 4 4 6 11 21 10 16 10 10 9 9 16
18 3 10 9 0 9 16 8 15 8 6 6 3 18 12 7 6 1 12 4 8 18
19 7 12 3 9 0 8 10 7 13 3 4 6 9 21 12 15 10 6 10 11 19
18 14 20 6 16 8 0 13 11 21 10 10 12 10 27 16 22 16 12 15 14 18
10 8 17 8 8 10 13 0 17 16 7 6 6 19 17 3 14 8 16 5 1 10
26 12 12 10 15 7 11 17 0 16 10 12 13 4 25 19 19 16 4 17 18 26
26 8 5 15 8 13 21 16 16 0 12 12 10 19 11 15 6 8 12 12 16 26
17 4 11 4 6 3 10 7 10 12 0 2 3 12 18 9 12 7 8 7 8 17
16 5 13 4 6 4 10 6 12 12 2 0 3 14 17 8 12 6 10 6 6 16
17 2 11 6 3 6 12 6 13 10 3 3 0 15 15 7 10 4 10 5 7 17
27 15 16 11 18 9 10 19 4 19 12 14 15 0 28 21 22 18 7 19 20 27
24 14 16 21 12 21 27 17 25 11 18 17 15 28 0 14 6 11 22 13 16 24
11 9 17 10 7 12 16 3 19 15 9 8 7 21 14 0 12 7 17 3 2 11
22 8 10 16 6 15 22 14 19 6 12 12 10 22 6 12 0 6 16 9 13 22
17 4 11 10 1 10 16 8 16 8 7 6 4 18 11 7 6 0 13 3 7 17
25 10 9 10 12 6 12 16 4 12 8 10 10 7 22 17 16 13 0 15 16 25
14 6 14 9 4 10 15 5 17 12 7 6 5 19 13 3 9 3 15 0 4 14
10 9 18 9 8 11 14 1 18 16 8 6 7 20 16 2 13 7 16 4 0 10
0 19 28 16 18 19 18 10 26 26 17 16 17 27 24 11 22 17 25 14 10 0
,
0 48 32 30 51 36 50 30 47 60 21 24 20 78 48 29 38 20 75 22 14 0
21 0 11 18 7 10 36 15 25 20 12 7 5 28 23 14 24 7 20 11 12 32
39 26 0 27 15 22 36 32 28 7 17 17 30 38 37 26 15 26 21 36 44 34
32 17 28 0 14 8 7 21 16 40 6 5 6 23 30 19 29 17 12 13 20 21
48 6 21 26 0 14 27 11 15 9 14 10 3 32 24 10 12 3 22 10 19 24
26 15 12 8 16 0 10 23 13 32 7 9 14 24 41 13 18 20 9 30 32 31
50 20 58 18 35 20 0 21 12 45 23 25 19 22 57 41 60 35 14 22 35 36
27 11 49 10 23 21 23 0 45 34 14 12 11 46 34 8 22 9 35 11 3 16
56 33 14 27 41 7 26 51 0 30 24 19 21 4 33 41 37 34 9 38 23 46
43 17 11 41 18 30 42 18 41 0 19 25 27 30 12 36 10 19 19 29 18 47
41 9 17 7 9 9 24 18 17 31 0 5 8 24 48 17 27 20 24 13 22 34
23 7 31 10 16 11 21 12 35 25 4 0 7 16 31 9 13 14 15 11 16 24
38 3 33 9 10 11 19 18 34 22 8 6 0 28 31 21 15 10 12 12 10 28
55 34 27 13 26 17 20 50 8 27 14 14 31 0 68 24 59 34 9 28 21 74
41 16 27 62 28 26 49 30 38 12 37 24 23 30 0 31 8 13 58 34 38 67
17 11 28 27 11 34 25 8 27 28 22 16 14 34 43 0 22 15 38 4 3 14
23 8 19 36 10 21 63 23 27 14 16 31 11 61 13 32 0 9 39 15 16 66
43 10 12 14 2 11 41 14 16 16 14 17 7 24 27 7 9 0 19 10 9 35
26 19 22 18 30 13 20 36 7 23 19 16 29 17 32 31 40 15 0 19 18 43
31 9 25 15 6 25 29 10 20 18 17 15 10 43 21 9 20 7 26 0 9 40
29 15 25 19 20 21 33 3 29 25 9 11 17 39 41 5 25 16 17 6 0 21
0 23 52 27 28 30 24 26 49 71 32 25 32 37 55 13 45 37 28 38 16 0