4
20
,
0 (30.0, 22.0) 60.0
1 (45.0, 32.0) 37.0
2 (16.0, 28.0) 41.0
3 (31.0, 17.0) 77.0
4 (21.0, 32.0) 55.0
5 (6.0, 36.0) 37.0
6 (16.0, 13.0) 62.0
7 (25.0, 46.0) 38.0
8 (46.0, 23.0) 62.0
9 (23.0, 26.0) 56.0
10 (21.0, 23.0) 78.0
11 (26.0, 21.0) 38.0
12 (19.0, 50.0) 60.0
13 (48.0, 1.0) 79.0
14 (20.0, 8.0) 47.0
15 (43.0, 12.0) 58.0
16 (31.0, 15.0) 43.0
17 (30.0, 41.0) 59.0
18 (25.0, 12.0) 39.0
19 (17.0, 11.0) 49.0
,
0 19 28 16 18 19 18 10 26 26 17 16 17 27 24 11 22 17 25 14 10 0
19 0 9 8 3 7 14 8 12 8 4 5 2 15 14 9 8 4 10 6 9 19
28 9 0 15 10 12 20 17 12 5 11 13 11 16 16 17 10 11 9 14 18 28
16 8 15 0 9 3 6 8 10 15 4 4 6 11 21 10 16 10 10 9 9 16
18 3 10 9 0 9 16 8 15 8 6 6 3 18 12 7 6 1 12 4 8 18
19 7 12 3 9 0 8 10 7 13 3 4 6 9 21 12 15 10 6 10 11 19
18 14 20 6 16 8 0 13 11 21 10 10 12 10 27 16 22 16 12 15 14 18
10 8 17 8 8 10 13 0 17 16 7 6 6 19 17 3 14 8 16 5 1 10
26 12 12 10 15 7 11 17 0 16 10 12 13 4 25 19 19 16 4 17 18 26
26 8 5 15 8 13 21 16 16 0 12 12 10 19 11 15 6 8 12 12 16 26
17 4 11 4 6 3 10 7 10 12 0 2 3 12 18 9 12 7 8 7 8 17
16 5 13 4 6 4 10 6 12 12 2 0 3 14 17 8 12 6 10 6 6 16
17 2 11 6 3 6 12 6 13 10 3 3 0 15 15 7 10 4 10 5 7 17
27 15 16 11 18 9 10 19 4 19 12 14 15 0 28 21 22 18 7 19 20 27
24 14 16 21 12 21 27 17 25 11 18 17 15 28 0 14 6 11 22 13 16 24
11 9 17 10 7 12 16 3 19 15 9 8 7 21 14 0 12 7 17 3 2 11
22 8 10 16 6 15 22 14 19 6 12 12 10 22 6 12 0 6 16 9 13 22
17 4 11 10 1 10 16 8 16 8 7 6 4 18 11 7 6 0 13 3 7 17
25 10 9 10 12 6 12 16 4 12 8 10 10 7 22 17 16 13 0 15 16 25
14 6 14 9 4 10 15 5 17 12 7 6 5 19 13 3 9 3 15 0 4 14
10 9 18 9 8 11 14 1 18 16 8 6 7 20 16 2 13 7 16 4 0 10
0 19 28 16 18 19 18 10 26 26 17 16 17 27 24 11 22 17 25 14 10 0
,
0 45 50 26 39 36 31 19 30 74 43 19 49 73 32 31 42 23 73 41 18 0
29 0 19 11 6 18 40 11 22 20 6 8 3 35 30 23 16 5 28 8 22 49
73 23 0 20 19 30 23 24 32 6 34 25 31 16 32 47 10 13 17 31 26 39
31 22 18 0 25 7 7 9 14 44 7 9 6 16 57 10 17 23 19 14 14 37
38 3 13 17 0 21 34 12 39 23 17 16 7 43 35 17 7 2 27 8 11 44
50 7 24 4 21 0 18 22 12 28 6 9 8 22 60 21 31 21 11 29 17 25
33 40 23 12 28 18 0 26 26 62 26 13 14 26 50 33 59 26 36 44 32 34
19 22 44 20 9 21 29 0 47 44 13 8 13 30 27 6 23 21 34 5 2 22
54 22 26 17 18 8 30 48 0 46 17 12 16 8 51 22 56 18 7 30 36 55
41 18 5 36 10 35 34 45 22 0 31 19 13 45 14 29 15 9 36 14 39 72
34 5 16 5 10 7 19 10 17 17 0 3 8 21 31 20 25 18 17 9 10 20
35 8 18 9 9 12 20 13 35 26 4 0 7 24 32 14 31 19 23 14 18 39
20 4 21 11 7 10 17 19 30 12 6 7 0 22 22 20 16 8 25 8 11 27
49 17 18 16 51 18 14 43 10 39 14 20 44 0 72 28 61 19 10 24 56 70
32 29 46 30 33 40 73 33 59 16 48 34 39 57 0 32 10 28 58 13 41 69
16 18 42 23 16 36 46 8 44 41 26 16 14 38 37 0 25 15 21 4 5 24
33 16 20 38 16 27 52 28 32 15 24 32 19 31 6 23 0 10 26 12 25 37
50 5 18 17 2 16 34 9 44 17 20 12 11 22 25 9 18 0 28 5 9 28
35 16 12 19 31 8 16 44 10 15 18 11 17 8 43 49 22 38 0 42 25 74
26 13 23 15 10 26 22 10 45 16 16 10 11 50 35 6 22 4 42 0 12 34
28 12 28 9 18 30 22 3 23 41 9 19 20 54 46 4 27 15 39 8 0 27
0 46 62 31 31 24 39 29 60 43 35 36 45 35 62 17 49 31 65 41 13 0