4
20
,
0 (30.0, 22.0) 55.0
1 (45.0, 32.0) 31.0
2 (16.0, 28.0) 41.0
3 (31.0, 17.0) 31.0
4 (21.0, 32.0) 72.0
5 (6.0, 36.0) 50.0
6 (16.0, 13.0) 76.0
7 (25.0, 46.0) 71.0
8 (46.0, 23.0) 67.0
9 (23.0, 26.0) 51.0
10 (21.0, 23.0) 64.0
11 (26.0, 21.0) 75.0
12 (19.0, 50.0) 67.0
13 (48.0, 1.0) 39.0
14 (20.0, 8.0) 43.0
15 (43.0, 12.0) 38.0
16 (31.0, 15.0) 89.0
17 (30.0, 41.0) 82.0
18 (25.0, 12.0) 56.0
19 (17.0, 11.0) 83.0
,
0 19 28 16 18 19 18 10 26 26 17 16 17 27 24 11 22 17 25 14 10 0
19 0 9 8 3 7 14 8 12 8 4 5 2 15 14 9 8 4 10 6 9 19
28 9 0 15 10 12 20 17 12 5 11 13 11 16 16 17 10 11 9 14 18 28
16 8 15 0 9 3 6 8 10 15 4 4 6 11 21 10 16 10 10 9 9 16
18 3 10 9 0 9 16 8 15 8 6 6 3 18 12 7 6 1 12 4 8 18
19 7 12 3 9 0 8 10 7 13 3 4 6 9 21 12 15 10 6 10 11 19
18 14 20 6 16 8 0 13 11 21 10 10 12 10 27 16 22 16 12 15 14 18
10 8 17 8 8 10 13 0 17 16 7 6 6 19 17 3 14 8 16 5 1 10
26 12 12 10 15 7 11 17 0 16 10 12 13 4 25 19 19 16 4 17 18 26
26 8 5 15 8 13 21 16 16 0 12 12 10 19 11 15 6 8 12 12 16 26
17 4 11 4 6 3 10 7 10 12 0 2 3 12 18 9 12 7 8 7 8 17
16 5 13 4 6 4 10 6 12 12 2 0 3 14 17 8 12 6 10 6 6 16
17 2 11 6 3 6 12 6 13 10 3 3 0 15 15 7 10 4 10 5 7 17
27 15 16 11 18 9 10 19 4 19 12 14 15 0 28 21 22 18 7 19 20 27
24 14 16 21 12 21 27 17 25 11 18 17 15 28 0 14 6 11 22 13 16 24
11 9 17 10 7 12 16 3 19 15 9 8 7 21 14 0 12 7 17 3 2 11
22 8 10 16 6 15 22 14 19 6 12 12 10 22 6 12 0 6 16 9 13 22
17 4 11 10 1 10 16 8 16 8 7 6 4 18 11 7 6 0 13 3 7 17
25 10 9 10 12 6 12 16 4 12 8 10 10 7 22 17 16 13 0 15 16 25
14 6 14 9 4 10 15 5 17 12 7 6 5 19 13 3 9 3 15 0 4 14
10 9 18 9 8 11 14 1 18 16 8 6 7 20 16 2 13 7 16 4 0 10
0 19 28 16 18 19 18 10 26 26 17 16 17 27 24 11 22 17 25 14 10 0
,
0 48 63 47 36 50 54 12 35 30 29 29 34 51 40 26 44 29 50 18 30 0
25 0 27 20 5 13 27 14 16 12 7 11 2 37 40 10 14 6 10 15 13 25
40 11 0 30 14 19 30 29 30 13 32 26 12 20 21 33 22 15 16 22 26 73
35 10 36 0 26 8 10 14 14 44 6 5 18 18 35 24 45 22 12 14 16 43
20 4 26 23 0 21 25 11 36 14 8 9 8 51 28 11 13 2 17 10 11 19
23 18 28 8 27 0 17 25 18 18 9 5 16 18 43 15 44 25 15 23 25 50
30 21 35 8 25 15 0 25 26 40 11 23 29 26 48 21 54 38 15 19 29 43
17 23 25 22 10 26 36 0 37 22 20 12 10 42 36 7 27 14 33 13 2 23
76 35 31 12 15 16 13 18 0 37 15 16 13 4 71 34 27 34 5 39 28 73
69 23 11 45 21 22 62 26 26 0 20 13 16 52 14 17 9 21 26 35 35 57
28 6 30 8 11 6 21 8 11 13 0 4 4 29 21 24 24 20 13 19 12 19
24 11 18 8 8 11 19 9 16 29 3 0 3 16 25 21 31 13 14 10 13 34
29 4 20 14 7 16 13 8 20 17 5 3 0 32 16 16 29 7 24 11 14 23
68 23 29 27 41 25 15 23 4 35 36 30 25 0 77 23 35 25 9 47 45 51
52 38 41 22 32 49 77 31 44 22 22 32 26 85 0 37 17 32 50 36 37 27
20 18 28 28 19 33 18 4 37 39 22 15 21 59 32 0 27 13 25 4 5 12
27 13 12 24 19 36 65 34 52 8 16 30 20 40 9 28 0 14 30 21 34 27
24 10 12 19 3 15 42 18 26 18 17 16 10 55 14 17 9 0 16 4 17 47
62 18 18 24 23 13 33 23 9 13 10 29 16 18 63 48 44 24 0 21 40 47
20 16 37 23 8 29 36 7 23 32 9 14 7 30 27 4 23 4 24 0 12 15
30 11 21 17 20 23 34 2 25 39 12 9 17 33 41 5 18 15 20 12 0 11
0 25 44 27 48 46 31 11 75 33 20 20 25 34 35 29 36 51 29 28 22 0