4
20
,
0 (30.0, 22.0) 82.0
1 (45.0, 32.0) 68.0
2 (16.0, 28.0) 31.0
3 (31.0, 17.0) 67.0
4 (21.0, 32.0) 83.0
5 (6.0, 36.0) 86.0
6 (16.0, 13.0) 60.0
7 (25.0, 46.0) 44.0
8 (46.0, 23.0) 64.0
9 (23.0, 26.0) 32.0
10 (21.0, 23.0) 45.0
11 (26.0, 21.0) 53.0
12 (19.0, 50.0) 55.0
13 (48.0, 1.0) 54.0
14 (20.0, 8.0) 85.0
15 (43.0, 12.0) 71.0
16 (31.0, 15.0) 67.0
17 (30.0, 41.0) 64.0
18 (25.0, 12.0) 79.0
19 (17.0, 11.0) 81.0
,
0 19 28 16 18 19 18 10 26 26 17 16 17 27 24 11 22 17 25 14 10 0
19 0 9 8 3 7 14 8 12 8 4 5 2 15 14 9 8 4 10 6 9 19
28 9 0 15 10 12 20 17 12 5 11 13 11 16 16 17 10 11 9 14 18 28
16 8 15 0 9 3 6 8 10 15 4 4 6 11 21 10 16 10 10 9 9 16
18 3 10 9 0 9 16 8 15 8 6 6 3 18 12 7 6 1 12 4 8 18
19 7 12 3 9 0 8 10 7 13 3 4 6 9 21 12 15 10 6 10 11 19
18 14 20 6 16 8 0 13 11 21 10 10 12 10 27 16 22 16 12 15 14 18
10 8 17 8 8 10 13 0 17 16 7 6 6 19 17 3 14 8 16 5 1 10
26 12 12 10 15 7 11 17 0 16 10 12 13 4 25 19 19 16 4 17 18 26
26 8 5 15 8 13 21 16 16 0 12 12 10 19 11 15 6 8 12 12 16 26
17 4 11 4 6 3 10 7 10 12 0 2 3 12 18 9 12 7 8 7 8 17
16 5 13 4 6 4 10 6 12 12 2 0 3 14 17 8 12 6 10 6 6 16
17 2 11 6 3 6 12 6 13 10 3 3 0 15 15 7 10 4 10 5 7 17
27 15 16 11 18 9 10 19 4 19 12 14 15 0 28 21 22 18 7 19 20 27
24 14 16 21 12 21 27 17 25 11 18 17 15 28 0 14 6 11 22 13 16 24
11 9 17 10 7 12 16 3 19 15 9 8 7 21 14 0 12 7 17 3 2 11
22 8 10 16 6 15 22 14 19 6 12 12 10 22 6 12 0 6 16 9 13 22
17 4 11 10 1 10 16 8 16 8 7 6 4 18 11 7 6 0 13 3 7 17
25 10 9 10 12 6 12 16 4 12 8 10 10 7 22 17 16 13 0 15 16 25
14 6 14 9 4 10 15 5 17 12 7 6 5 19 13 3 9 3 15 0 4 14
10 9 18 9 8 11 14 1 18 16 8 6 7 20 16 2 13 7 16 4 0 10
0 19 28 16 18 19 18 10 26 26 17 16 17 27 24 11 22 17 25 14 10 0
,
0 27 32 42 48 29 43 25 37 38 30 40 32 35 38 16 32 38 40 16 14 0
39 0 22 17 7 11 22 23 29 17 8 7 3 26 41 9 14 6 18 15 21 50
37 10 0 38 26 35 40 43 15 12 17 26 18 36 34 40 20 28 9 36 31 68
43 13 35 0 21 9 10 15 23 40 9 8 7 17 27 23 46 22 22 25 10 38
29 7 29 18 0 14 36 21 24 13 16 9 9 34 15 18 18 2 26 7 10 23
34 10 15 5 27 0 11 18 12 37 3 7 8 24 61 24 42 15 15 23 23 40
48 16 30 8 20 16 0 21 27 51 18 29 21 16 54 19 32 27 35 38 36 26
19 20 24 15 16 10 19 0 38 45 17 16 8 42 49 4 34 17 33 10 2 21
51 14 26 13 38 13 13 36 0 33 24 23 35 9 57 55 38 34 9 20 51 58
77 16 9 20 18 27 36 36 36 0 31 22 20 53 15 23 11 25 18 22 30 33
43 5 20 9 10 6 24 14 24 21 0 4 7 16 43 22 25 10 19 16 13 27
40 5 21 7 13 11 18 11 14 36 5 0 5 21 52 13 22 15 17 13 12 35
42 4 15 12 7 15 33 18 32 29 7 8 0 22 15 17 28 11 26 7 16 26
29 33 27 11 43 20 15 44 4 46 22 38 42 0 37 62 46 35 21 41 38 71
71 27 30 55 13 43 72 27 45 27 40 36 17 49 0 27 18 16 25 19 25 65
25 24 48 21 8 15 29 9 34 44 19 21 14 57 27 0 18 19 46 6 5 25
63 10 15 38 14 42 61 26 52 7 35 29 25 65 16 18 0 12 21 22 39 46
37 9 18 10 2 28 24 11 38 20 9 7 11 22 29 15 7 0 22 9 21 31
38 11 19 25 28 18 19 18 4 29 19 18 17 19 50 51 35 28 0 35 35 62
35 16 39 13 6 18 40 8 38 32 14 16 5 29 15 4 26 10 31 0 6 16
25 22 31 16 18 32 25 1 47 38 10 9 14 50 18 4 20 10 34 4 0 22
0 21 81 30 37 46 28 19 73 39 49 29 40 28 27 18 35 33 39 17 27 0