4
20
,
0 (30.0, 22.0) 30.0
1 (45.0, 32.0) 36.0
2 (16.0, 28.0) 47.0
3 (31.0, 17.0) 57.0
4 (21.0, 32.0) 46.0
5 (6.0, 36.0) 67.0
6 (16.0, 13.0) 56.0
7 (25.0, 46.0) 64.0
8 (46.0, 23.0) 89.0
9 (23.0, 26.0) 62.0
10 (21.0, 23.0) 37.0
11 (26.0, 21.0) 49.0
12 (19.0, 50.0) 79.0
13 (48.0, 1.0) 37.0
14 (20.0, 8.0) 59.0
15 (43.0, 12.0) 33.0
16 (31.0, 15.0) 42.0
17 (30.0, 41.0) 57.0
18 (25.0, 12.0) 45.0
19 (17.0, 11.0) 81.0
,
0 19 28 16 18 19 18 10 26 26 17 16 17 27 24 11 22 17 25 14 10 0
19 0 9 8 3 7 14 8 12 8 4 5 2 15 14 9 8 4 10 6 9 19
28 9 0 15 10 12 20 17 12 5 11 13 11 16 16 17 10 11 9 14 18 28
16 8 15 0 9 3 6 8 10 15 4 4 6 11 21 10 16 10 10 9 9 16
18 3 10 9 0 9 16 8 15 8 6 6 3 18 12 7 6 1 12 4 8 18
19 7 12 3 9 0 8 10 7 13 3 4 6 9 21 12 15 10 6 10 11 19
18 14 20 6 16 8 0 13 11 21 10 10 12 10 27 16 22 16 12 15 14 18
10 8 17 8 8 10 13 0 17 16 7 6 6 19 17 3 14 8 16 5 1 10
26 12 12 10 15 7 11 17 0 16 10 12 13 4 25 19 19 16 4 17 18 26
26 8 5 15 8 13 21 16 16 0 12 12 10 19 11 15 6 8 12 12 16 26
17 4 11 4 6 3 10 7 10 12 0 2 3 12 18 9 12 7 8 7 8 17
16 5 13 4 6 4 10 6 12 12 2 0 3 14 17 8 12 6 10 6 6 16
17 2 11 6 3 6 12 6 13 10 3 3 0 15 15 7 10 4 10 5 7 17
27 15 16 11 18 9 10 19 4 19 12 14 15 0 28 21 22 18 7 19 20 27
24 14 16 21 12 21 27 17 25 11 18 17 15 28 0 14 6 11 22 13 16 24
11 9 17 10 7 12 16 3 19 15 9 8 7 21 14 0 12 7 17 3 2 11
22 8 10 16 6 15 22 14 19 6 12 12 10 22 6 12 0 6 16 9 13 22
17 4 11 10 1 10 16 8 16 8 7 6 4 18 11 7 6 0 13 3 7 17
25 10 9 10 12 6 12 16 4 12 8 10 10 7 22 17 16 13 0 15 16 25
14 6 14 9 4 10 15 5 17 12 7 6 5 19 13 3 9 3 15 0 4 14
10 9 18 9 8 11 14 1 18 16 8 6 7 20 16 2 13 7 16 4 0 10
0 19 28 16 18 19 18 10 26 26 17 16 17 27 24 11 22 17 25 14 10 0
,
0 32 68 48 31 33 48 20 45 63 46 44 40 48 51 27 50 27 43 25 29 0
29 0 26 17 4 8 15 14 25 21 7 9 3 37 26 19 9 10 19 7 14 51
63 12 0 19 24 27 24 38 19 8 21 24 32 45 19 29 29 16 26 24 27 61
17 16 21 0 9 8 13 11 10 20 7 8 14 32 21 10 43 25 16 27 22 18
25 4 11 14 0 20 41 12 40 17 16 8 5 30 31 12 12 2 27 10 17 23
51 12 33 4 26 0 23 15 8 34 8 6 14 19 23 27 30 16 11 28 13 19
34 33 28 9 17 11 0 29 22 34 21 25 33 13 34 43 42 41 28 37 31 27
21 22 47 9 10 28 24 0 48 31 18 8 14 25 20 9 31 13 30 13 2 11
34 20 25 19 27 16 14 30 0 36 26 33 35 4 34 24 27 41 4 48 23 38
69 24 9 44 22 38 54 30 30 0 13 29 28 55 27 43 16 18 29 18 39 42
32 5 20 9 11 4 28 8 21 17 0 4 7 27 30 18 20 13 23 20 9 22
46 11 36 5 12 13 24 12 29 18 5 0 6 38 21 21 22 17 26 6 9 27
29 6 20 13 4 17 30 14 15 18 8 8 0 39 38 14 11 5 26 11 18 26
60 40 25 18 31 14 16 33 7 56 15 23 43 0 48 37 56 44 14 56 29 78
50 37 17 26 16 25 80 46 56 19 49 34 38 30 0 27 6 28 53 37 43 38
26 9 39 12 13 18 19 3 44 22 19 18 14 32 28 0 17 9 34 4 6 18
36 11 11 35 17 26 34 22 42 13 19 14 22 32 14 27 0 7 32 13 18 24
41 8 24 19 2 18 47 19 28 9 10 15 11 34 15 13 18 0 25 6 14 40
67 13 18 13 28 13 21 28 11 18 15 30 21 21 48 28 35 26 0 18 25 30
18 13 23 21 7 20 36 8 42 23 13 10 13 47 29 7 16 9 40 0 11 22
14 18 36 13 16 25 30 3 32 38 15 11 12 27 22 5 31 19 20 4 0 18
0 44 44 34 23 25 31 28 59 37 31 19 49 62 60 23 46 29 51 25 16 0