4
20
,
0 (34.0, 14.0) 35.0
1 (9.0, 16.0) 14.0
2 (42.0, 30.0) 16.0
3 (46.0, 45.0) 23.0
4 (18.0, 29.0) 44.0
5 (4.0, 48.0) 34.0
6 (17.0, 30.0) 17.0
7 (30.0, 35.0) 24.0
8 (4.0, 2.0) 12.0
9 (40.0, 40.0) 37.0
10 (19.0, 3.0) 50.0
11 (24.0, 49.0) 32.0
12 (43.0, 3.0) 16.0
13 (12.0, 24.0) 28.0
14 (12.0, 14.0) 41.0
15 (47.0, 7.0) 29.0
16 (22.0, 19.0) 33.0
17 (12.0, 33.0) 45.0
18 (22.0, 31.0) 11.0
19 (49.0, 36.0) 19.0
,
0 5 4 7 4 9 5 4 6 5 4 7 3 5 4 3 3 6 4 5
5 0 7 9 3 6 3 6 3 8 3 7 7 2 1 8 3 3 4 9
4 7 0 3 5 8 5 3 9 2 7 5 5 6 7 5 5 6 4 2
7 9 3 0 6 8 7 4 12 2 10 4 8 8 9 8 7 7 6 2
4 3 5 6 0 5 0 3 6 5 5 4 7 2 3 7 2 1 1 6
9 6 8 8 5 0 4 6 9 7 9 4 12 5 7 12 7 3 5 9
5 3 5 7 0 4 0 3 6 5 5 4 7 2 3 8 2 1 1 7
4 6 3 4 3 6 3 0 8 2 7 3 7 4 6 7 4 4 2 4
6 3 9 12 6 9 6 8 0 10 3 10 8 5 3 9 5 6 7 11
5 8 2 2 5 7 5 2 10 0 9 4 7 6 8 7 6 6 4 2
4 3 7 10 5 9 5 7 3 9 0 9 5 4 3 6 3 6 6 9
7 7 5 4 4 4 4 3 10 4 9 0 10 6 7 10 6 4 4 6
3 7 5 8 7 12 7 7 8 7 5 10 0 7 7 1 5 9 7 7
5 2 6 8 2 5 2 4 5 6 4 6 7 0 2 8 2 2 2 8
4 1 7 9 3 7 3 6 3 8 3 7 7 2 0 7 2 4 4 9
3 8 5 8 7 12 8 7 9 7 6 10 1 8 7 0 6 9 7 6
3 3 5 7 2 7 2 4 5 6 3 6 5 2 2 6 0 3 2 6
6 3 6 7 1 3 1 4 6 6 6 4 9 2 4 9 3 0 2 7
4 4 4 6 1 5 1 2 7 4 6 4 7 2 4 7 2 2 0 5
5 9 2 2 6 9 7 4 11 2 9 6 7 8 9 6 6 7 5 0
,
0 25 12 30 24 26 17 18 47 25 9 27 12 12 13 18 12 31 11 27
31 0 37 62 16 24 23 30 22 52 18 42 29 7 2 50 12 21 21 28
14 21 0 11 19 61 15 16 56 7 23 15 26 22 26 33 33 21 24 5
23 49 14 0 24 36 37 18 71 8 73 22 21 20 51 38 47 19 29 13
12 17 12 28 0 20 1 8 26 27 34 30 27 11 21 44 8 11 3 44
62 47 36 62 31 0 22 22 57 24 32 20 69 35 29 32 36 10 23 62
32 18 20 36 2 28 0 18 28 21 21 21 25 6 22 38 16 5 4 21
21 19 9 22 10 19 13 0 21 12 41 21 40 20 28 22 23 16 11 22
26 14 59 65 20 61 17 24 0 41 13 27 37 13 17 38 29 28 51 61
33 31 7 7 29 35 19 16 28 0 63 26 34 46 20 47 39 24 29 11
10 24 38 40 30 55 17 37 8 32 0 55 16 31 18 29 14 29 30 56
35 42 14 19 21 25 26 19 75 15 32 0 31 38 38 49 38 26 16 30
16 20 25 25 42 58 40 35 38 35 29 54 0 20 46 4 24 47 40 47
25 5 28 39 9 23 10 18 13 46 19 29 29 0 15 22 10 13 14 55
16 3 30 33 13 42 15 18 17 34 18 20 24 13 0 27 11 10 12 58
15 31 14 25 32 71 41 33 23 36 18 51 6 34 52 0 15 58 41 31
12 18 32 20 14 20 15 20 36 30 15 33 26 10 14 31 0 12 15 38
27 19 26 20 8 15 5 22 44 16 19 28 57 9 18 38 11 0 11 26
23 17 26 19 5 25 3 9 25 29 23 16 32 14 16 34 13 6 0 16
22 27 7 6 32 32 45 17 69 8 56 35 35 26 53 31 39 24 34 0