4
20
,
0 (34.0, 14.0) 28.0
1 (9.0, 16.0) 17.0
2 (42.0, 30.0) 31.0
3 (46.0, 45.0) 26.0
4 (18.0, 29.0) 25.0
5 (4.0, 48.0) 12.0
6 (17.0, 30.0) 39.0
7 (30.0, 35.0) 30.0
8 (4.0, 2.0) 31.0
9 (40.0, 40.0) 11.0
10 (19.0, 3.0) 15.0
11 (24.0, 49.0) 36.0
12 (43.0, 3.0) 10.0
13 (12.0, 24.0) 13.0
14 (12.0, 14.0) 22.0
15 (47.0, 7.0) 31.0
16 (22.0, 19.0) 40.0
17 (12.0, 33.0) 14.0
18 (22.0, 31.0) 38.0
19 (49.0, 36.0) 24.0
,
0 5 4 7 4 9 5 4 6 5 4 7 3 5 4 3 3 6 4 5
5 0 7 9 3 6 3 6 3 8 3 7 7 2 1 8 3 3 4 9
4 7 0 3 5 8 5 3 9 2 7 5 5 6 7 5 5 6 4 2
7 9 3 0 6 8 7 4 12 2 10 4 8 8 9 8 7 7 6 2
4 3 5 6 0 5 0 3 6 5 5 4 7 2 3 7 2 1 1 6
9 6 8 8 5 0 4 6 9 7 9 4 12 5 7 12 7 3 5 9
5 3 5 7 0 4 0 3 6 5 5 4 7 2 3 8 2 1 1 7
4 6 3 4 3 6 3 0 8 2 7 3 7 4 6 7 4 4 2 4
6 3 9 12 6 9 6 8 0 10 3 10 8 5 3 9 5 6 7 11
5 8 2 2 5 7 5 2 10 0 9 4 7 6 8 7 6 6 4 2
4 3 7 10 5 9 5 7 3 9 0 9 5 4 3 6 3 6 6 9
7 7 5 4 4 4 4 3 10 4 9 0 10 6 7 10 6 4 4 6
3 7 5 8 7 12 7 7 8 7 5 10 0 7 7 1 5 9 7 7
5 2 6 8 2 5 2 4 5 6 4 6 7 0 2 8 2 2 2 8
4 1 7 9 3 7 3 6 3 8 3 7 7 2 0 7 2 4 4 9
3 8 5 8 7 12 8 7 9 7 6 10 1 8 7 0 6 9 7 6
3 3 5 7 2 7 2 4 5 6 3 6 5 2 2 6 0 3 2 6
6 3 6 7 1 3 1 4 6 6 6 4 9 2 4 9 3 0 2 7
4 4 4 6 1 5 1 2 7 4 6 4 7 2 4 7 2 2 0 5
5 9 2 2 6 9 7 4 11 2 9 6 7 8 9 6 6 7 5 0
,
0 13 26 37 13 50 15 11 36 15 17 40 8 33 21 8 8 38 26 13
27 0 50 49 22 42 18 23 14 40 13 23 53 10 4 55 10 15 19 53
19 20 0 21 15 60 26 11 63 14 31 38 32 38 27 16 26 19 12 13
36 29 20 0 27 34 24 23 64 4 45 33 29 57 25 29 19 28 38 5
26 20 34 28 0 28 1 12 17 24 13 21 49 10 23 20 14 7 2 19
60 26 30 34 21 0 26 22 42 30 36 13 44 36 19 42 23 21 25 61
24 14 31 27 1 12 0 20 40 27 30 29 24 11 17 41 11 7 4 18
21 20 15 20 9 35 14 0 43 9 32 14 47 28 37 17 20 26 13 24
33 15 71 52 42 58 40 41 0 56 14 37 37 15 20 40 24 18 36 56
35 56 15 11 20 26 17 16 61 0 46 24 47 41 31 41 32 37 12 8
16 12 48 61 31 57 40 24 10 48 0 50 22 12 16 31 23 24 19 29
53 52 28 28 24 16 29 18 43 19 24 0 38 30 46 53 38 13 11 19
8 39 39 44 47 53 22 48 40 44 31 47 0 55 19 7 38 63 43 35
16 8 39 49 6 15 7 25 33 24 32 22 55 0 7 53 9 9 9 28
30 3 35 49 16 28 9 18 9 51 18 23 22 7 0 47 12 23 21 62
17 50 22 43 20 56 48 46 25 19 36 30 5 31 19 0 19 32 40 23
12 10 24 28 15 40 13 24 29 24 15 21 18 8 12 41 0 10 11 29
29 17 35 33 8 13 4 14 32 34 32 10 32 13 24 59 12 0 11 50
23 19 20 15 5 26 7 9 23 23 33 22 26 12 15 26 9 12 0 23
26 59 9 6 34 27 48 20 68 6 63 21 36 46 44 25 28 55 21 0