4
20
,
0 (34.0, 14.0) 16.0
1 (9.0, 16.0) 15.0
2 (42.0, 30.0) 15.0
3 (46.0, 45.0) 31.0
4 (18.0, 29.0) 28.0
5 (4.0, 48.0) 11.0
6 (17.0, 30.0) 14.0
7 (30.0, 35.0) 28.0
8 (4.0, 2.0) 20.0
9 (40.0, 40.0) 16.0
10 (19.0, 3.0) 30.0
11 (24.0, 49.0) 14.0
12 (43.0, 3.0) 24.0
13 (12.0, 24.0) 36.0
14 (12.0, 14.0) 18.0
15 (47.0, 7.0) 10.0
16 (22.0, 19.0) 12.0
17 (12.0, 33.0) 11.0
18 (22.0, 31.0) 19.0
19 (49.0, 36.0) 24.0
,
0 5 4 7 4 9 5 4 6 5 4 7 3 5 4 3 3 6 4 5
5 0 7 9 3 6 3 6 3 8 3 7 7 2 1 8 3 3 4 9
4 7 0 3 5 8 5 3 9 2 7 5 5 6 7 5 5 6 4 2
7 9 3 0 6 8 7 4 12 2 10 4 8 8 9 8 7 7 6 2
4 3 5 6 0 5 0 3 6 5 5 4 7 2 3 7 2 1 1 6
9 6 8 8 5 0 4 6 9 7 9 4 12 5 7 12 7 3 5 9
5 3 5 7 0 4 0 3 6 5 5 4 7 2 3 8 2 1 1 7
4 6 3 4 3 6 3 0 8 2 7 3 7 4 6 7 4 4 2 4
6 3 9 12 6 9 6 8 0 10 3 10 8 5 3 9 5 6 7 11
5 8 2 2 5 7 5 2 10 0 9 4 7 6 8 7 6 6 4 2
4 3 7 10 5 9 5 7 3 9 0 9 5 4 3 6 3 6 6 9
7 7 5 4 4 4 4 3 10 4 9 0 10 6 7 10 6 4 4 6
3 7 5 8 7 12 7 7 8 7 5 10 0 7 7 1 5 9 7 7
5 2 6 8 2 5 2 4 5 6 4 6 7 0 2 8 2 2 2 8
4 1 7 9 3 7 3 6 3 8 3 7 7 2 0 7 2 4 4 9
3 8 5 8 7 12 8 7 9 7 6 10 1 8 7 0 6 9 7 6
3 3 5 7 2 7 2 4 5 6 3 6 5 2 2 6 0 3 2 6
6 3 6 7 1 3 1 4 6 6 6 4 9 2 4 9 3 0 2 7
4 4 4 6 1 5 1 2 7 4 6 4 7 2 4 7 2 2 0 5
5 9 2 2 6 9 7 4 11 2 9 6 7 8 9 6 6 7 5 0
,
0 34 19 31 32 55 32 19 21 35 12 46 12 14 31 14 17 42 21 18
32 0 24 37 16 43 21 14 12 39 10 32 43 12 5 58 14 9 12 48
15 45 0 16 15 37 30 17 35 14 37 25 22 40 38 19 16 44 18 5
44 32 16 0 37 26 34 26 53 8 46 24 55 27 61 32 18 23 20 11
18 16 20 48 0 29 1 16 15 25 24 12 27 7 15 24 14 7 5 38
27 32 24 41 27 0 26 33 66 28 46 24 62 30 28 41 39 19 16 29
26 10 31 23 2 19 0 18 43 17 33 22 43 4 23 31 6 7 4 33
14 15 7 15 17 19 18 0 38 8 23 19 22 12 25 47 18 27 12 23
24 22 45 76 23 28 46 57 0 56 14 43 29 21 9 28 21 30 28 72
24 24 8 9 18 41 27 15 55 0 60 17 56 46 43 33 23 15 30 8
20 24 29 59 21 66 40 48 18 41 0 66 32 22 12 27 9 35 31 56
38 27 23 18 17 20 14 21 51 11 40 0 73 35 49 28 15 14 14 28
11 22 24 43 48 69 22 19 57 53 32 57 0 41 37 6 34 60 34 30
36 11 24 23 11 34 6 13 33 41 32 24 29 0 7 46 13 12 14 28
19 3 30 31 19 49 17 23 16 28 15 30 41 9 0 50 6 15 12 42
10 23 26 24 35 79 28 48 38 50 33 67 6 26 46 0 27 50 30 28
8 9 22 19 15 31 12 15 36 32 16 29 20 15 7 19 0 21 15 19
30 11 45 41 7 9 7 27 32 33 43 26 44 10 20 58 10 0 6 26
15 11 27 37 5 32 6 8 29 11 35 27 31 13 28 39 16 15 0 37
35 52 12 5 40 51 44 26 46 14 61 27 26 29 62 40 45 20 16 0