4
20
,
0 (34.0, 14.0) 44.0
1 (9.0, 16.0) 14.0
2 (42.0, 30.0) 10.0
3 (46.0, 45.0) 32.0
4 (18.0, 29.0) 10.0
5 (4.0, 48.0) 30.0
6 (17.0, 30.0) 12.0
7 (30.0, 35.0) 50.0
8 (4.0, 2.0) 15.0
9 (40.0, 40.0) 48.0
10 (19.0, 3.0) 24.0
11 (24.0, 49.0) 45.0
12 (43.0, 3.0) 43.0
13 (12.0, 24.0) 18.0
14 (12.0, 14.0) 44.0
15 (47.0, 7.0) 18.0
16 (22.0, 19.0) 24.0
17 (12.0, 33.0) 26.0
18 (22.0, 31.0) 30.0
19 (49.0, 36.0) 17.0
,
0 5 4 7 4 9 5 4 6 5 4 7 3 5 4 3 3 6 4 5
5 0 7 9 3 6 3 6 3 8 3 7 7 2 1 8 3 3 4 9
4 7 0 3 5 8 5 3 9 2 7 5 5 6 7 5 5 6 4 2
7 9 3 0 6 8 7 4 12 2 10 4 8 8 9 8 7 7 6 2
4 3 5 6 0 5 0 3 6 5 5 4 7 2 3 7 2 1 1 6
9 6 8 8 5 0 4 6 9 7 9 4 12 5 7 12 7 3 5 9
5 3 5 7 0 4 0 3 6 5 5 4 7 2 3 8 2 1 1 7
4 6 3 4 3 6 3 0 8 2 7 3 7 4 6 7 4 4 2 4
6 3 9 12 6 9 6 8 0 10 3 10 8 5 3 9 5 6 7 11
5 8 2 2 5 7 5 2 10 0 9 4 7 6 8 7 6 6 4 2
4 3 7 10 5 9 5 7 3 9 0 9 5 4 3 6 3 6 6 9
7 7 5 4 4 4 4 3 10 4 9 0 10 6 7 10 6 4 4 6
3 7 5 8 7 12 7 7 8 7 5 10 0 7 7 1 5 9 7 7
5 2 6 8 2 5 2 4 5 6 4 6 7 0 2 8 2 2 2 8
4 1 7 9 3 7 3 6 3 8 3 7 7 2 0 7 2 4 4 9
3 8 5 8 7 12 8 7 9 7 6 10 1 8 7 0 6 9 7 6
3 3 5 7 2 7 2 4 5 6 3 6 5 2 2 6 0 3 2 6
6 3 6 7 1 3 1 4 6 6 6 4 9 2 4 9 3 0 2 7
4 4 4 6 1 5 1 2 7 4 6 4 7 2 4 7 2 2 0 5
5 9 2 2 6 9 7 4 11 2 9 6 7 8 9 6 6 7 5 0
,
0 24 13 31 24 29 32 18 43 35 21 43 21 13 14 10 18 39 31 18
26 0 50 56 18 30 12 40 17 22 16 51 47 5 3 53 18 10 20 67
11 52 0 12 22 33 15 17 65 13 33 14 29 36 37 32 26 18 26 9
48 26 17 0 31 29 21 28 70 12 36 18 38 32 31 31 25 25 22 14
16 12 17 22 0 13 1 12 28 32 19 25 50 9 15 43 11 10 3 33
53 43 41 49 33 0 32 41 49 29 25 19 76 21 19 85 37 17 17 43
14 20 13 29 1 12 0 17 20 16 40 27 45 8 24 20 17 6 4 42
28 35 7 16 8 20 15 0 26 8 22 15 29 20 22 18 9 17 12 27
36 19 57 52 30 51 40 58 0 28 21 71 38 17 9 41 21 22 26 69
20 22 7 8 16 22 18 7 73 0 24 21 53 29 22 36 32 41 24 8
27 11 24 64 37 53 14 23 9 44 0 58 13 14 9 31 14 26 15 41
50 43 27 22 31 16 25 13 45 19 45 0 30 19 31 55 41 25 21 33
18 32 30 34 27 76 23 36 58 37 33 45 0 34 32 4 23 57 48 41
19 6 24 37 7 18 11 14 16 22 30 23 37 0 14 45 15 13 6 38
24 4 43 59 23 45 10 36 17 36 14 33 41 8 0 44 8 11 10 46
10 51 13 46 51 57 39 39 33 24 19 32 5 27 46 0 23 29 32 17
13 9 27 37 14 18 15 18 36 20 11 17 23 6 12 30 0 18 14 19
26 13 29 52 9 24 5 19 42 30 23 13 63 12 27 48 14 0 8 43
28 26 26 15 5 31 3 9 42 19 23 12 31 13 24 34 9 10 0 28
23 41 6 8 31 61 19 22 47 5 42 36 49 32 46 27 25 19 38 0