4
20
,
0 (34.0, 14.0) 33.0
1 (9.0, 16.0) 11.0
2 (42.0, 30.0) 28.0
3 (46.0, 45.0) 11.0
4 (18.0, 29.0) 10.0
5 (4.0, 48.0) 50.0
6 (17.0, 30.0) 15.0
7 (30.0, 35.0) 30.0
8 (4.0, 2.0) 24.0
9 (40.0, 40.0) 21.0
10 (19.0, 3.0) 17.0
11 (24.0, 49.0) 43.0
12 (43.0, 3.0) 47.0
13 (12.0, 24.0) 43.0
14 (12.0, 14.0) 11.0
15 (47.0, 7.0) 17.0
16 (22.0, 19.0) 11.0
17 (12.0, 33.0) 16.0
18 (22.0, 31.0) 18.0
19 (49.0, 36.0) 22.0
,
0 5 4 7 4 9 5 4 6 5 4 7 3 5 4 3 3 6 4 5
5 0 7 9 3 6 3 6 3 8 3 7 7 2 1 8 3 3 4 9
4 7 0 3 5 8 5 3 9 2 7 5 5 6 7 5 5 6 4 2
7 9 3 0 6 8 7 4 12 2 10 4 8 8 9 8 7 7 6 2
4 3 5 6 0 5 0 3 6 5 5 4 7 2 3 7 2 1 1 6
9 6 8 8 5 0 4 6 9 7 9 4 12 5 7 12 7 3 5 9
5 3 5 7 0 4 0 3 6 5 5 4 7 2 3 8 2 1 1 7
4 6 3 4 3 6 3 0 8 2 7 3 7 4 6 7 4 4 2 4
6 3 9 12 6 9 6 8 0 10 3 10 8 5 3 9 5 6 7 11
5 8 2 2 5 7 5 2 10 0 9 4 7 6 8 7 6 6 4 2
4 3 7 10 5 9 5 7 3 9 0 9 5 4 3 6 3 6 6 9
7 7 5 4 4 4 4 3 10 4 9 0 10 6 7 10 6 4 4 6
3 7 5 8 7 12 7 7 8 7 5 10 0 7 7 1 5 9 7 7
5 2 6 8 2 5 2 4 5 6 4 6 7 0 2 8 2 2 2 8
4 1 7 9 3 7 3 6 3 8 3 7 7 2 0 7 2 4 4 9
3 8 5 8 7 12 8 7 9 7 6 10 1 8 7 0 6 9 7 6
3 3 5 7 2 7 2 4 5 6 3 6 5 2 2 6 0 3 2 6
6 3 6 7 1 3 1 4 6 6 6 4 9 2 4 9 3 0 2 7
4 4 4 6 1 5 1 2 7 4 6 4 7 2 4 7 2 2 0 5
5 9 2 2 6 9 7 4 11 2 9 6 7 8 9 6 6 7 5 0
,
0 20 16 45 29 49 24 12 41 26 19 43 15 34 27 21 7 40 31 16
18 0 19 25 22 44 22 40 20 33 24 27 54 7 4 36 12 24 15 66
21 43 0 10 16 48 31 17 56 13 46 29 29 33 46 33 13 19 17 11
18 68 19 0 26 28 44 12 68 6 73 30 42 47 41 25 29 27 35 10
16 16 28 32 0 30 2 15 28 33 19 31 34 9 24 45 9 5 4 48
23 20 40 34 29 0 19 23 44 26 34 28 63 18 24 60 47 19 13 25
18 18 31 16 2 20 0 9 28 33 27 25 21 4 21 38 16 6 4 47
23 19 9 23 10 36 12 0 48 15 42 17 51 15 24 38 19 20 9 22
21 15 69 82 29 52 39 58 0 51 16 46 29 19 12 31 33 20 18 76
23 58 15 9 27 25 14 12 70 0 37 12 24 31 33 41 15 28 17 14
11 16 41 57 30 71 15 33 14 27 0 30 23 14 12 37 10 25 41 46
34 27 38 17 23 11 22 22 36 19 36 0 68 34 46 70 20 23 19 23
20 44 37 57 31 42 31 18 21 19 30 45 0 32 34 4 32 62 21 46
24 4 22 24 6 22 5 14 33 41 20 27 53 0 6 24 16 11 15 31
17 2 28 56 12 19 17 16 15 34 15 33 29 9 0 33 8 27 14 44
17 39 14 42 31 52 20 27 63 26 33 39 5 22 21 0 20 37 34 36
11 19 17 40 15 50 16 20 29 36 23 27 14 16 7 32 0 23 9 39
32 24 25 44 9 14 6 13 40 20 16 17 60 5 22 50 9 0 14 46
28 25 13 25 7 25 5 6 46 10 17 11 40 8 27 29 12 10 0 28
38 60 11 9 17 44 48 11 32 13 41 31 45 46 64 28 46 52 20 0