4
20
,
0 (34.0, 14.0) 20.0
1 (9.0, 16.0) 35.0
2 (42.0, 30.0) 10.0
3 (46.0, 45.0) 27.0
4 (18.0, 29.0) 15.0
5 (4.0, 48.0) 13.0
6 (17.0, 30.0) 48.0
7 (30.0, 35.0) 15.0
8 (4.0, 2.0) 28.0
9 (40.0, 40.0) 26.0
10 (19.0, 3.0) 25.0
11 (24.0, 49.0) 24.0
12 (43.0, 3.0) 47.0
13 (12.0, 24.0) 22.0
14 (12.0, 14.0) 39.0
15 (47.0, 7.0) 46.0
16 (22.0, 19.0) 29.0
17 (12.0, 33.0) 22.0
18 (22.0, 31.0) 15.0
19 (49.0, 36.0) 14.0
,
0 5 4 7 4 9 5 4 6 5 4 7 3 5 4 3 3 6 4 5
5 0 7 9 3 6 3 6 3 8 3 7 7 2 1 8 3 3 4 9
4 7 0 3 5 8 5 3 9 2 7 5 5 6 7 5 5 6 4 2
7 9 3 0 6 8 7 4 12 2 10 4 8 8 9 8 7 7 6 2
4 3 5 6 0 5 0 3 6 5 5 4 7 2 3 7 2 1 1 6
9 6 8 8 5 0 4 6 9 7 9 4 12 5 7 12 7 3 5 9
5 3 5 7 0 4 0 3 6 5 5 4 7 2 3 8 2 1 1 7
4 6 3 4 3 6 3 0 8 2 7 3 7 4 6 7 4 4 2 4
6 3 9 12 6 9 6 8 0 10 3 10 8 5 3 9 5 6 7 11
5 8 2 2 5 7 5 2 10 0 9 4 7 6 8 7 6 6 4 2
4 3 7 10 5 9 5 7 3 9 0 9 5 4 3 6 3 6 6 9
7 7 5 4 4 4 4 3 10 4 9 0 10 6 7 10 6 4 4 6
3 7 5 8 7 12 7 7 8 7 5 10 0 7 7 1 5 9 7 7
5 2 6 8 2 5 2 4 5 6 4 6 7 0 2 8 2 2 2 8
4 1 7 9 3 7 3 6 3 8 3 7 7 2 0 7 2 4 4 9
3 8 5 8 7 12 8 7 9 7 6 10 1 8 7 0 6 9 7 6
3 3 5 7 2 7 2 4 5 6 3 6 5 2 2 6 0 3 2 6
6 3 6 7 1 3 1 4 6 6 6 4 9 2 4 9 3 0 2 7
4 4 4 6 1 5 1 2 7 4 6 4 7 2 4 7 2 2 0 5
5 9 2 2 6 9 7 4 11 2 9 6 7 8 9 6 6 7 5 0
,
0 33 10 22 22 40 14 16 43 29 23 35 12 31 32 13 18 26 21 20
24 0 27 61 19 17 12 30 22 55 16 42 19 8 3 20 9 19 17 52
12 39 0 11 31 22 21 8 46 12 42 19 18 22 27 24 12 18 29 6
46 55 12 0 45 60 40 11 81 10 38 24 23 51 37 28 33 46 30 9
27 22 16 28 0 33 1 13 30 26 19 17 47 8 8 37 10 9 4 43
50 36 43 26 27 0 21 38 62 29 49 15 69 20 30 73 41 14 25 51
34 15 21 21 2 22 0 10 41 25 41 17 45 7 14 42 16 6 3 29
15 19 19 12 15 41 16 0 49 9 42 11 31 23 34 37 22 14 6 12
35 15 28 57 29 33 37 27 0 40 8 28 38 16 22 49 30 31 46 77
21 35 10 5 28 54 34 11 44 0 42 13 24 41 41 37 41 36 27 7
22 18 48 63 38 63 23 25 9 44 0 55 30 30 15 19 23 30 21 37
40 29 36 22 25 19 20 18 32 16 24 0 42 21 43 32 26 30 13 31
19 25 23 52 53 87 37 43 22 43 14 37 0 23 37 3 19 29 34 41
25 10 39 50 9 24 4 13 30 24 16 31 21 0 12 28 16 8 12 44
17 3 34 63 18 18 20 28 19 26 13 24 35 6 0 24 9 20 18 36
8 35 15 43 41 68 52 22 61 37 28 56 5 32 42 0 20 42 18 25
14 8 16 43 6 29 7 23 31 31 21 30 29 11 15 22 0 25 10 38
19 13 25 54 5 14 7 18 23 32 43 18 41 5 22 29 26 0 8 48
11 15 30 33 6 15 7 10 31 16 31 23 32 10 28 47 17 11 0 22
33 34 13 8 20 32 26 27 76 13 25 29 26 34 24 36 16 53 20 0