4
20
,
0 (34.0, 14.0) 43.0
1 (9.0, 16.0) 13.0
2 (42.0, 30.0) 34.0
3 (46.0, 45.0) 16.0
4 (18.0, 29.0) 49.0
5 (4.0, 48.0) 16.0
6 (17.0, 30.0) 11.0
7 (30.0, 35.0) 29.0
8 (4.0, 2.0) 22.0
9 (40.0, 40.0) 45.0
10 (19.0, 3.0) 12.0
11 (24.0, 49.0) 47.0
12 (43.0, 3.0) 22.0
13 (12.0, 24.0) 21.0
14 (12.0, 14.0) 14.0
15 (47.0, 7.0) 45.0
16 (22.0, 19.0) 13.0
17 (12.0, 33.0) 28.0
18 (22.0, 31.0) 21.0
19 (49.0, 36.0) 14.0
,
0 5 4 7 4 9 5 4 6 5 4 7 3 5 4 3 3 6 4 5
5 0 7 9 3 6 3 6 3 8 3 7 7 2 1 8 3 3 4 9
4 7 0 3 5 8 5 3 9 2 7 5 5 6 7 5 5 6 4 2
7 9 3 0 6 8 7 4 12 2 10 4 8 8 9 8 7 7 6 2
4 3 5 6 0 5 0 3 6 5 5 4 7 2 3 7 2 1 1 6
9 6 8 8 5 0 4 6 9 7 9 4 12 5 7 12 7 3 5 9
5 3 5 7 0 4 0 3 6 5 5 4 7 2 3 8 2 1 1 7
4 6 3 4 3 6 3 0 8 2 7 3 7 4 6 7 4 4 2 4
6 3 9 12 6 9 6 8 0 10 3 10 8 5 3 9 5 6 7 11
5 8 2 2 5 7 5 2 10 0 9 4 7 6 8 7 6 6 4 2
4 3 7 10 5 9 5 7 3 9 0 9 5 4 3 6 3 6 6 9
7 7 5 4 4 4 4 3 10 4 9 0 10 6 7 10 6 4 4 6
3 7 5 8 7 12 7 7 8 7 5 10 0 7 7 1 5 9 7 7
5 2 6 8 2 5 2 4 5 6 4 6 7 0 2 8 2 2 2 8
4 1 7 9 3 7 3 6 3 8 3 7 7 2 0 7 2 4 4 9
3 8 5 8 7 12 8 7 9 7 6 10 1 8 7 0 6 9 7 6
3 3 5 7 2 7 2 4 5 6 3 6 5 2 2 6 0 3 2 6
6 3 6 7 1 3 1 4 6 6 6 4 9 2 4 9 3 0 2 7
4 4 4 6 1 5 1 2 7 4 6 4 7 2 4 7 2 2 0 5
5 9 2 2 6 9 7 4 11 2 9 6 7 8 9 6 6 7 5 0
,
0 37 18 38 19 43 22 27 27 16 20 47 10 16 17 10 19 29 15 32
21 0 49 49 19 20 12 17 14 26 24 43 54 12 2 53 12 16 27 58
22 38 0 9 30 37 19 15 27 14 53 22 30 31 27 31 29 30 14 5
40 51 12 0 23 35 33 19 50 7 30 20 43 52 44 29 49 50 17 13
30 20 29 46 0 24 1 8 22 22 18 23 29 5 14 34 16 7 5 37
54 26 53 36 30 0 21 23 65 46 38 20 76 20 37 62 45 21 28 59
32 21 19 47 1 17 0 15 43 17 22 19 41 9 20 31 10 6 3 40
17 33 15 18 13 39 15 0 52 12 35 14 23 23 23 37 18 16 9 11
18 18 60 45 33 68 37 43 0 56 10 30 35 20 20 48 26 44 31 78
19 44 12 4 17 22 25 9 65 0 41 10 27 18 36 27 20 33 11 8
11 19 36 30 28 55 37 38 22 23 0 27 17 24 12 32 11 18 36 54
41 38 38 19 21 11 20 18 29 17 40 0 35 23 48 68 39 25 22 15
17 51 37 52 38 63 19 17 57 49 33 25 0 52 41 4 14 56 47 42
24 12 38 32 6 30 10 19 30 28 18 24 48 0 13 29 16 9 9 42
27 3 33 35 21 52 20 28 20 47 8 34 24 7 0 39 13 13 12 32
15 38 33 43 36 36 53 33 22 36 14 67 4 38 33 0 21 28 50 41
12 18 15 25 15 35 11 12 22 41 11 26 26 10 6 33 0 20 16 40
42 22 19 28 6 15 6 13 16 26 37 19 54 10 12 52 20 0 6 53
29 12 25 36 5 25 5 10 48 27 16 11 44 16 16 24 10 7 0 36
27 51 9 6 37 56 42 15 55 14 50 36 20 56 29 17 35 39 18 0