4
20
,
0 (34.0, 14.0) 33.0
1 (9.0, 16.0) 41.0
2 (42.0, 30.0) 41.0
3 (46.0, 45.0) 14.0
4 (18.0, 29.0) 17.0
5 (4.0, 48.0) 33.0
6 (17.0, 30.0) 12.0
7 (30.0, 35.0) 17.0
8 (4.0, 2.0) 10.0
9 (40.0, 40.0) 37.0
10 (19.0, 3.0) 24.0
11 (24.0, 49.0) 14.0
12 (43.0, 3.0) 40.0
13 (12.0, 24.0) 11.0
14 (12.0, 14.0) 14.0
15 (47.0, 7.0) 30.0
16 (22.0, 19.0) 27.0
17 (12.0, 33.0) 15.0
18 (22.0, 31.0) 12.0
19 (49.0, 36.0) 37.0
,
0 5 4 7 4 9 5 4 6 5 4 7 3 5 4 3 3 6 4 5
5 0 7 9 3 6 3 6 3 8 3 7 7 2 1 8 3 3 4 9
4 7 0 3 5 8 5 3 9 2 7 5 5 6 7 5 5 6 4 2
7 9 3 0 6 8 7 4 12 2 10 4 8 8 9 8 7 7 6 2
4 3 5 6 0 5 0 3 6 5 5 4 7 2 3 7 2 1 1 6
9 6 8 8 5 0 4 6 9 7 9 4 12 5 7 12 7 3 5 9
5 3 5 7 0 4 0 3 6 5 5 4 7 2 3 8 2 1 1 7
4 6 3 4 3 6 3 0 8 2 7 3 7 4 6 7 4 4 2 4
6 3 9 12 6 9 6 8 0 10 3 10 8 5 3 9 5 6 7 11
5 8 2 2 5 7 5 2 10 0 9 4 7 6 8 7 6 6 4 2
4 3 7 10 5 9 5 7 3 9 0 9 5 4 3 6 3 6 6 9
7 7 5 4 4 4 4 3 10 4 9 0 10 6 7 10 6 4 4 6
3 7 5 8 7 12 7 7 8 7 5 10 0 7 7 1 5 9 7 7
5 2 6 8 2 5 2 4 5 6 4 6 7 0 2 8 2 2 2 8
4 1 7 9 3 7 3 6 3 8 3 7 7 2 0 7 2 4 4 9
3 8 5 8 7 12 8 7 9 7 6 10 1 8 7 0 6 9 7 6
3 3 5 7 2 7 2 4 5 6 3 6 5 2 2 6 0 3 2 6
6 3 6 7 1 3 1 4 6 6 6 4 9 2 4 9 3 0 2 7
4 4 4 6 1 5 1 2 7 4 6 4 7 2 4 7 2 2 0 5
5 9 2 2 6 9 7 4 11 2 9 6 7 8 9 6 6 7 5 0
,
0 20 18 27 33 43 33 27 42 25 19 24 8 16 18 17 13 34 24 15
28 0 44 47 15 37 21 21 11 29 21 41 50 10 3 38 14 19 16 66
20 53 0 16 20 43 33 15 48 9 29 27 20 38 39 33 21 34 29 6
32 35 18 0 18 61 42 14 84 4 53 31 32 40 40 48 29 31 40 5
19 17 22 33 0 13 1 20 16 30 30 18 26 10 12 34 8 5 3 33
39 21 26 55 18 0 20 29 52 51 47 28 49 31 50 33 31 16 30 64
13 9 37 27 2 18 0 20 33 17 32 17 31 11 16 33 6 9 5 24
21 26 17 16 19 31 19 0 61 14 24 13 27 31 41 31 19 17 10 19
29 12 30 63 16 58 38 54 0 64 12 63 36 19 12 33 32 29 30 78
31 29 10 5 36 20 19 15 30 0 53 24 36 17 41 39 20 20 21 9
20 22 22 35 37 53 24 19 18 54 0 25 33 32 11 20 14 24 21 60
32 21 22 28 16 30 30 11 26 25 67 0 61 21 51 25 16 28 12 29
18 44 20 25 30 31 46 48 38 20 28 27 0 49 21 6 18 55 23 46
28 6 38 26 5 18 10 26 31 34 24 25 33 0 14 31 14 9 16 27
14 5 28 66 10 18 14 21 12 30 12 28 27 11 0 46 7 19 11 32
15 34 27 43 45 86 32 45 65 32 28 53 4 34 35 0 22 24 43 15
16 18 18 41 14 39 18 20 25 37 15 37 32 16 14 28 0 15 13 29
34 23 34 19 10 21 8 11 38 31 24 22 44 7 18 48 11 0 7 38
25 27 17 30 3 26 3 5 19 24 23 16 46 9 28 45 9 10 0 29
38 24 10 7 37 29 23 21 32 13 38 38 44 28 63 34 26 25 23 0