4
20
,
0 (34.0, 14.0) 16.0
1 (9.0, 16.0) 39.0
2 (42.0, 30.0) 22.0
3 (46.0, 45.0) 42.0
4 (18.0, 29.0) 39.0
5 (4.0, 48.0) 23.0
6 (17.0, 30.0) 38.0
7 (30.0, 35.0) 16.0
8 (4.0, 2.0) 46.0
9 (40.0, 40.0) 25.0
10 (19.0, 3.0) 15.0
11 (24.0, 49.0) 18.0
12 (43.0, 3.0) 14.0
13 (12.0, 24.0) 26.0
14 (12.0, 14.0) 12.0
15 (47.0, 7.0) 30.0
16 (22.0, 19.0) 42.0
17 (12.0, 33.0) 11.0
18 (22.0, 31.0) 20.0
19 (49.0, 36.0) 12.0
,
0 5 4 7 4 9 5 4 6 5 4 7 3 5 4 3 3 6 4 5
5 0 7 9 3 6 3 6 3 8 3 7 7 2 1 8 3 3 4 9
4 7 0 3 5 8 5 3 9 2 7 5 5 6 7 5 5 6 4 2
7 9 3 0 6 8 7 4 12 2 10 4 8 8 9 8 7 7 6 2
4 3 5 6 0 5 0 3 6 5 5 4 7 2 3 7 2 1 1 6
9 6 8 8 5 0 4 6 9 7 9 4 12 5 7 12 7 3 5 9
5 3 5 7 0 4 0 3 6 5 5 4 7 2 3 8 2 1 1 7
4 6 3 4 3 6 3 0 8 2 7 3 7 4 6 7 4 4 2 4
6 3 9 12 6 9 6 8 0 10 3 10 8 5 3 9 5 6 7 11
5 8 2 2 5 7 5 2 10 0 9 4 7 6 8 7 6 6 4 2
4 3 7 10 5 9 5 7 3 9 0 9 5 4 3 6 3 6 6 9
7 7 5 4 4 4 4 3 10 4 9 0 10 6 7 10 6 4 4 6
3 7 5 8 7 12 7 7 8 7 5 10 0 7 7 1 5 9 7 7
5 2 6 8 2 5 2 4 5 6 4 6 7 0 2 8 2 2 2 8
4 1 7 9 3 7 3 6 3 8 3 7 7 2 0 7 2 4 4 9
3 8 5 8 7 12 8 7 9 7 6 10 1 8 7 0 6 9 7 6
3 3 5 7 2 7 2 4 5 6 3 6 5 2 2 6 0 3 2 6
6 3 6 7 1 3 1 4 6 6 6 4 9 2 4 9 3 0 2 7
4 4 4 6 1 5 1 2 7 4 6 4 7 2 4 7 2 2 0 5
5 9 2 2 6 9 7 4 11 2 9 6 7 8 9 6 6 7 5 0
,
0 28 17 44 27 33 18 21 20 38 16 24 16 22 12 16 12 40 28 18
13 0 27 56 16 18 18 16 9 49 22 33 43 6 2 53 18 21 12 25
21 24 0 19 32 60 17 18 50 11 23 20 17 36 22 12 14 24 29 5
43 70 15 0 18 60 48 22 74 11 35 12 50 55 35 36 24 39 31 14
17 10 21 40 0 24 2 9 21 35 35 14 26 10 8 34 13 7 7 30
54 17 43 62 25 0 30 25 55 32 62 10 74 27 27 77 20 18 14 63
16 19 25 37 2 24 0 17 39 16 17 30 25 7 14 45 16 9 7 42
31 20 10 21 12 27 12 0 24 15 30 19 47 20 17 30 13 26 6 27
33 16 41 60 21 67 30 27 0 49 12 39 28 27 15 23 23 23 20 68
30 42 8 5 31 45 33 6 49 0 40 23 22 38 44 42 27 15 13 8
27 14 40 47 20 37 23 45 12 22 0 57 15 17 12 26 12 28 38 23
40 41 28 20 18 25 22 17 45 15 64 0 60 32 46 66 42 12 22 31
16 43 18 42 42 87 42 28 26 52 17 40 0 39 39 6 21 35 52 46
32 6 35 24 7 16 7 16 21 48 18 25 50 0 7 54 6 9 7 33
13 3 35 31 10 34 19 23 20 45 13 32 18 7 0 45 6 24 14 53
13 54 31 33 24 84 32 32 54 41 23 39 3 52 20 0 37 38 35 27
18 20 21 50 5 42 8 13 29 37 21 36 33 7 14 23 0 22 11 35
20 16 16 47 4 10 3 19 33 24 42 13 46 11 17 60 19 0 10 33
14 20 13 37 5 34 5 8 38 14 20 26 27 14 26 50 15 11 0 26
18 43 13 7 26 61 38 20 81 11 32 27 29 44 52 29 26 39 17 0