4
20
,
0 (34.0, 14.0) 39.0
1 (9.0, 16.0) 42.0
2 (42.0, 30.0) 36.0
3 (46.0, 45.0) 43.0
4 (18.0, 29.0) 22.0
5 (4.0, 48.0) 36.0
6 (17.0, 30.0) 20.0
7 (30.0, 35.0) 37.0
8 (4.0, 2.0) 34.0
9 (40.0, 40.0) 28.0
10 (19.0, 3.0) 43.0
11 (24.0, 49.0) 22.0
12 (43.0, 3.0) 26.0
13 (12.0, 24.0) 16.0
14 (12.0, 14.0) 50.0
15 (47.0, 7.0) 31.0
16 (22.0, 19.0) 24.0
17 (12.0, 33.0) 19.0
18 (22.0, 31.0) 10.0
19 (49.0, 36.0) 49.0
,
0 5 4 7 4 9 5 4 6 5 4 7 3 5 4 3 3 6 4 5
5 0 7 9 3 6 3 6 3 8 3 7 7 2 1 8 3 3 4 9
4 7 0 3 5 8 5 3 9 2 7 5 5 6 7 5 5 6 4 2
7 9 3 0 6 8 7 4 12 2 10 4 8 8 9 8 7 7 6 2
4 3 5 6 0 5 0 3 6 5 5 4 7 2 3 7 2 1 1 6
9 6 8 8 5 0 4 6 9 7 9 4 12 5 7 12 7 3 5 9
5 3 5 7 0 4 0 3 6 5 5 4 7 2 3 8 2 1 1 7
4 6 3 4 3 6 3 0 8 2 7 3 7 4 6 7 4 4 2 4
6 3 9 12 6 9 6 8 0 10 3 10 8 5 3 9 5 6 7 11
5 8 2 2 5 7 5 2 10 0 9 4 7 6 8 7 6 6 4 2
4 3 7 10 5 9 5 7 3 9 0 9 5 4 3 6 3 6 6 9
7 7 5 4 4 4 4 3 10 4 9 0 10 6 7 10 6 4 4 6
3 7 5 8 7 12 7 7 8 7 5 10 0 7 7 1 5 9 7 7
5 2 6 8 2 5 2 4 5 6 4 6 7 0 2 8 2 2 2 8
4 1 7 9 3 7 3 6 3 8 3 7 7 2 0 7 2 4 4 9
3 8 5 8 7 12 8 7 9 7 6 10 1 8 7 0 6 9 7 6
3 3 5 7 2 7 2 4 5 6 3 6 5 2 2 6 0 3 2 6
6 3 6 7 1 3 1 4 6 6 6 4 9 2 4 9 3 0 2 7
4 4 4 6 1 5 1 2 7 4 6 4 7 2 4 7 2 2 0 5
5 9 2 2 6 9 7 4 11 2 9 6 7 8 9 6 6 7 5 0
,
0 27 17 27 16 39 23 18 46 19 16 35 21 27 21 14 18 30 19 27
32 0 40 44 10 21 11 39 17 52 21 30 27 11 2 20 17 21 20 57
19 45 0 15 31 46 34 12 33 8 30 26 32 44 38 16 16 20 12 11
26 51 10 0 37 55 26 20 60 9 59 25 59 27 27 57 34 19 31 9
11 21 18 29 0 18 2 20 32 31 32 13 44 11 13 31 9 9 2 33
42 38 30 41 13 0 18 40 33 23 64 11 63 31 46 43 42 17 22 65
17 22 24 42 1 13 0 13 45 32 18 15 29 9 14 41 13 4 4 21
31 25 9 17 16 23 12 0 57 7 51 21 34 23 40 32 16 23 9 26
23 16 25 47 20 66 27 34 0 39 9 41 28 29 16 60 23 44 38 83
40 34 14 11 32 52 24 10 51 0 23 17 38 17 53 18 40 34 28 8
11 21 35 26 14 49 17 30 11 62 0 66 35 17 17 19 20 18 40 57
27 31 31 33 31 28 28 16 76 16 51 0 59 24 50 54 18 26 25 33
17 36 32 60 37 33 39 23 44 36 15 60 0 44 20 6 23 23 42 28
19 8 30 46 8 34 10 16 13 34 16 37 55 0 10 33 15 6 9 28
22 3 24 33 9 43 19 27 11 31 19 30 40 14 0 43 7 19 12 29
16 34 29 45 31 43 20 18 27 18 14 39 7 20 51 0 24 64 23 29
9 13 19 38 11 27 13 10 37 22 24 20 26 10 14 16 0 13 7 39
31 9 21 54 7 21 4 27 31 31 36 19 61 13 13 65 13 0 10 47
23 15 22 16 5 35 4 7 34 28 32 11 24 10 24 50 6 9 0 39
31 23 11 5 28 69 45 17 51 9 60 36 33 24 64 20 42 44 29 0