4
20
,
0 (34.0, 14.0) 25.0
1 (9.0, 16.0) 43.0
2 (42.0, 30.0) 46.0
3 (46.0, 45.0) 11.0
4 (18.0, 29.0) 27.0
5 (4.0, 48.0) 23.0
6 (17.0, 30.0) 22.0
7 (30.0, 35.0) 30.0
8 (4.0, 2.0) 10.0
9 (40.0, 40.0) 46.0
10 (19.0, 3.0) 14.0
11 (24.0, 49.0) 18.0
12 (43.0, 3.0) 21.0
13 (12.0, 24.0) 29.0
14 (12.0, 14.0) 39.0
15 (47.0, 7.0) 49.0
16 (22.0, 19.0) 13.0
17 (12.0, 33.0) 39.0
18 (22.0, 31.0) 48.0
19 (49.0, 36.0) 11.0
,
0 5 4 7 4 9 5 4 6 5 4 7 3 5 4 3 3 6 4 5
5 0 7 9 3 6 3 6 3 8 3 7 7 2 1 8 3 3 4 9
4 7 0 3 5 8 5 3 9 2 7 5 5 6 7 5 5 6 4 2
7 9 3 0 6 8 7 4 12 2 10 4 8 8 9 8 7 7 6 2
4 3 5 6 0 5 0 3 6 5 5 4 7 2 3 7 2 1 1 6
9 6 8 8 5 0 4 6 9 7 9 4 12 5 7 12 7 3 5 9
5 3 5 7 0 4 0 3 6 5 5 4 7 2 3 8 2 1 1 7
4 6 3 4 3 6 3 0 8 2 7 3 7 4 6 7 4 4 2 4
6 3 9 12 6 9 6 8 0 10 3 10 8 5 3 9 5 6 7 11
5 8 2 2 5 7 5 2 10 0 9 4 7 6 8 7 6 6 4 2
4 3 7 10 5 9 5 7 3 9 0 9 5 4 3 6 3 6 6 9
7 7 5 4 4 4 4 3 10 4 9 0 10 6 7 10 6 4 4 6
3 7 5 8 7 12 7 7 8 7 5 10 0 7 7 1 5 9 7 7
5 2 6 8 2 5 2 4 5 6 4 6 7 0 2 8 2 2 2 8
4 1 7 9 3 7 3 6 3 8 3 7 7 2 0 7 2 4 4 9
3 8 5 8 7 12 8 7 9 7 6 10 1 8 7 0 6 9 7 6
3 3 5 7 2 7 2 4 5 6 3 6 5 2 2 6 0 3 2 6
6 3 6 7 1 3 1 4 6 6 6 4 9 2 4 9 3 0 2 7
4 4 4 6 1 5 1 2 7 4 6 4 7 2 4 7 2 2 0 5
5 9 2 2 6 9 7 4 11 2 9 6 7 8 9 6 6 7 5 0
,
0 37 23 20 13 60 24 24 23 15 24 53 13 16 32 11 13 28 19 30
24 0 28 24 15 26 13 40 18 30 13 54 20 5 5 32 16 23 26 27
18 26 0 23 16 22 27 10 62 10 21 16 28 40 49 33 23 43 14 9
29 68 18 0 25 56 39 20 75 5 50 27 47 34 26 23 53 38 24 8
32 9 21 31 0 27 2 15 45 22 34 25 31 10 15 49 7 8 4 28
61 27 53 35 20 0 26 31 64 27 58 17 88 18 42 87 28 19 14 40
18 18 33 23 1 14 0 8 44 14 39 17 56 11 21 28 18 6 5 22
24 42 8 10 11 40 11 0 49 10 50 8 22 22 18 29 12 20 13 27
23 11 37 80 21 34 42 25 0 36 15 45 29 21 16 59 32 37 21 83
32 41 7 7 19 31 26 10 27 0 33 19 35 18 47 46 25 34 12 7
24 19 41 64 25 54 28 20 22 24 0 33 16 28 14 30 18 20 16 59
52 53 14 19 21 12 30 15 49 14 68 0 28 39 47 39 28 15 18 15
21 47 16 60 42 52 42 43 43 19 27 36 0 46 49 6 23 39 23 28
18 7 32 58 9 18 6 28 34 47 21 23 20 0 14 31 10 13 17 33
25 4 31 58 20 41 12 39 16 38 16 20 45 11 0 22 16 10 10 59
17 34 29 47 36 78 25 32 41 23 42 65 6 21 21 0 30 56 19 17
17 11 12 33 12 20 7 24 27 37 21 27 23 13 9 29 0 24 9 23
27 13 20 37 9 9 4 21 29 24 21 20 33 10 21 35 13 0 8 50
22 24 11 39 3 31 3 13 46 19 24 18 20 14 17 26 11 10 0 24
29 34 9 13 27 46 42 28 44 12 38 33 47 29 57 17 37 31 35 0