4
20
,
0 (34.0, 14.0) 31.0
1 (9.0, 16.0) 12.0
2 (42.0, 30.0) 28.0
3 (46.0, 45.0) 24.0
4 (18.0, 29.0) 15.0
5 (4.0, 48.0) 33.0
6 (17.0, 30.0) 12.0
7 (30.0, 35.0) 21.0
8 (4.0, 2.0) 48.0
9 (40.0, 40.0) 19.0
10 (19.0, 3.0) 21.0
11 (24.0, 49.0) 11.0
12 (43.0, 3.0) 11.0
13 (12.0, 24.0) 35.0
14 (12.0, 14.0) 19.0
15 (47.0, 7.0) 18.0
16 (22.0, 19.0) 46.0
17 (12.0, 33.0) 16.0
18 (22.0, 31.0) 26.0
19 (49.0, 36.0) 10.0
,
0 5 4 7 4 9 5 4 6 5 4 7 3 5 4 3 3 6 4 5
5 0 7 9 3 6 3 6 3 8 3 7 7 2 1 8 3 3 4 9
4 7 0 3 5 8 5 3 9 2 7 5 5 6 7 5 5 6 4 2
7 9 3 0 6 8 7 4 12 2 10 4 8 8 9 8 7 7 6 2
4 3 5 6 0 5 0 3 6 5 5 4 7 2 3 7 2 1 1 6
9 6 8 8 5 0 4 6 9 7 9 4 12 5 7 12 7 3 5 9
5 3 5 7 0 4 0 3 6 5 5 4 7 2 3 8 2 1 1 7
4 6 3 4 3 6 3 0 8 2 7 3 7 4 6 7 4 4 2 4
6 3 9 12 6 9 6 8 0 10 3 10 8 5 3 9 5 6 7 11
5 8 2 2 5 7 5 2 10 0 9 4 7 6 8 7 6 6 4 2
4 3 7 10 5 9 5 7 3 9 0 9 5 4 3 6 3 6 6 9
7 7 5 4 4 4 4 3 10 4 9 0 10 6 7 10 6 4 4 6
3 7 5 8 7 12 7 7 8 7 5 10 0 7 7 1 5 9 7 7
5 2 6 8 2 5 2 4 5 6 4 6 7 0 2 8 2 2 2 8
4 1 7 9 3 7 3 6 3 8 3 7 7 2 0 7 2 4 4 9
3 8 5 8 7 12 8 7 9 7 6 10 1 8 7 0 6 9 7 6
3 3 5 7 2 7 2 4 5 6 3 6 5 2 2 6 0 3 2 6
6 3 6 7 1 3 1 4 6 6 6 4 9 2 4 9 3 0 2 7
4 4 4 6 1 5 1 2 7 4 6 4 7 2 4 7 2 2 0 5
5 9 2 2 6 9 7 4 11 2 9 6 7 8 9 6 6 7 5 0
,
0 25 20 22 28 56 29 31 39 32 15 25 11 32 31 11 18 20 28 32
28 0 28 36 13 26 21 15 17 55 22 31 46 7 3 54 8 13 20 25
11 43 0 22 19 59 22 7 65 11 48 33 27 26 33 27 15 30 24 13
38 41 22 0 41 46 34 11 63 10 69 16 25 27 31 39 45 39 18 12
15 9 35 35 0 25 2 16 16 34 25 15 23 9 21 33 10 4 5 26
56 31 45 61 24 0 12 20 30 25 46 22 71 14 22 64 37 22 21 56
24 9 32 36 2 23 0 20 26 36 20 16 51 9 19 46 16 8 4 23
13 41 13 13 17 39 14 0 41 14 46 14 18 30 40 47 21 17 13 28
38 8 41 42 16 47 32 34 0 39 12 42 33 27 10 57 29 16 47 67
21 25 13 7 33 24 15 16 35 0 26 17 39 19 53 27 23 34 16 10
24 23 39 47 31 29 32 38 18 42 0 46 32 28 13 35 15 29 20 36
41 52 38 31 27 13 30 16 28 16 25 0 32 38 30 71 45 13 16 37
9 20 28 56 23 50 46 39 22 35 29 74 0 22 37 8 34 33 27 44
28 10 25 36 11 23 9 16 16 18 25 34 31 0 11 57 14 10 16 46
16 2 32 35 10 51 13 26 7 22 9 32 28 9 0 51 11 21 11 53
13 53 24 33 40 49 52 39 32 28 42 69 4 33 27 0 17 65 37 15
14 11 32 33 7 25 8 19 29 26 19 29 30 15 16 23 0 10 15 24
19 19 23 35 8 24 8 26 28 41 41 16 56 9 26 24 16 0 13 41
31 13 24 32 7 28 5 7 48 16 23 11 20 17 26 50 11 10 0 24
39 32 8 10 31 39 39 28 68 14 28 19 20 46 64 43 46 22 40 0