4
20
,
0 (34.0, 14.0) 40.0
1 (9.0, 16.0) 24.0
2 (42.0, 30.0) 13.0
3 (46.0, 45.0) 35.0
4 (18.0, 29.0) 15.0
5 (4.0, 48.0) 21.0
6 (17.0, 30.0) 32.0
7 (30.0, 35.0) 12.0
8 (4.0, 2.0) 15.0
9 (40.0, 40.0) 33.0
10 (19.0, 3.0) 14.0
11 (24.0, 49.0) 14.0
12 (43.0, 3.0) 33.0
13 (12.0, 24.0) 29.0
14 (12.0, 14.0) 14.0
15 (47.0, 7.0) 16.0
16 (22.0, 19.0) 21.0
17 (12.0, 33.0) 24.0
18 (22.0, 31.0) 40.0
19 (49.0, 36.0) 47.0
,
0 5 4 7 4 9 5 4 6 5 4 7 3 5 4 3 3 6 4 5
5 0 7 9 3 6 3 6 3 8 3 7 7 2 1 8 3 3 4 9
4 7 0 3 5 8 5 3 9 2 7 5 5 6 7 5 5 6 4 2
7 9 3 0 6 8 7 4 12 2 10 4 8 8 9 8 7 7 6 2
4 3 5 6 0 5 0 3 6 5 5 4 7 2 3 7 2 1 1 6
9 6 8 8 5 0 4 6 9 7 9 4 12 5 7 12 7 3 5 9
5 3 5 7 0 4 0 3 6 5 5 4 7 2 3 8 2 1 1 7
4 6 3 4 3 6 3 0 8 2 7 3 7 4 6 7 4 4 2 4
6 3 9 12 6 9 6 8 0 10 3 10 8 5 3 9 5 6 7 11
5 8 2 2 5 7 5 2 10 0 9 4 7 6 8 7 6 6 4 2
4 3 7 10 5 9 5 7 3 9 0 9 5 4 3 6 3 6 6 9
7 7 5 4 4 4 4 3 10 4 9 0 10 6 7 10 6 4 4 6
3 7 5 8 7 12 7 7 8 7 5 10 0 7 7 1 5 9 7 7
5 2 6 8 2 5 2 4 5 6 4 6 7 0 2 8 2 2 2 8
4 1 7 9 3 7 3 6 3 8 3 7 7 2 0 7 2 4 4 9
3 8 5 8 7 12 8 7 9 7 6 10 1 8 7 0 6 9 7 6
3 3 5 7 2 7 2 4 5 6 3 6 5 2 2 6 0 3 2 6
6 3 6 7 1 3 1 4 6 6 6 4 9 2 4 9 3 0 2 7
4 4 4 6 1 5 1 2 7 4 6 4 7 2 4 7 2 2 0 5
5 9 2 2 6 9 7 4 11 2 9 6 7 8 9 6 6 7 5 0
,
0 22 21 20 28 33 34 14 48 19 11 39 11 25 19 11 12 38 18 27
33 0 45 28 17 22 17 34 18 56 11 31 32 9 2 29 10 14 11 23
20 27 0 20 16 38 25 18 51 12 23 16 40 26 51 24 16 34 12 9
48 33 8 0 40 55 47 21 59 12 59 31 52 37 43 56 38 50 29 12
12 19 31 25 0 31 1 11 22 12 33 31 21 6 22 24 14 4 5 28
56 46 21 31 31 0 27 24 25 46 29 14 84 22 24 63 17 23 37 43
18 15 23 41 2 23 0 10 42 33 37 23 28 9 12 36 16 5 5 39
19 27 14 16 18 33 14 0 40 12 25 11 43 19 38 20 13 24 11 14
35 15 45 81 41 46 32 46 0 55 15 36 20 29 13 46 32 17 47 74
19 54 6 10 24 30 31 7 75 0 36 18 39 34 30 33 39 31 28 9
14 12 47 30 38 70 18 27 12 44 0 31 27 17 14 21 20 43 34 45
53 54 36 28 24 21 28 13 54 13 68 0 61 28 26 64 24 18 14 32
14 41 33 30 38 62 20 51 47 53 19 72 0 23 35 8 14 30 42 28
32 9 28 47 9 24 11 28 20 29 26 22 22 0 13 52 10 6 7 32
16 5 47 59 16 39 17 20 10 56 18 47 17 5 0 35 11 20 25 46
22 32 31 25 34 67 24 31 22 17 34 50 3 28 28 0 29 44 30 38
17 18 34 19 12 51 15 12 22 41 10 17 15 15 14 39 0 15 13 24
16 21 45 52 4 24 8 10 39 33 44 12 53 9 24 60 13 0 8 53
31 17 16 36 3 23 6 9 40 25 36 15 29 18 22 40 12 11 0 33
23 59 9 10 46 25 30 19 78 10 57 25 48 37 64 24 40 45 23 0