4
20
,
0 (34.0, 14.0) 10.0
1 (9.0, 16.0) 21.0
2 (42.0, 30.0) 19.0
3 (46.0, 45.0) 32.0
4 (18.0, 29.0) 11.0
5 (4.0, 48.0) 11.0
6 (17.0, 30.0) 17.0
7 (30.0, 35.0) 12.0
8 (4.0, 2.0) 32.0
9 (40.0, 40.0) 37.0
10 (19.0, 3.0) 16.0
11 (24.0, 49.0) 18.0
12 (43.0, 3.0) 20.0
13 (12.0, 24.0) 19.0
14 (12.0, 14.0) 20.0
15 (47.0, 7.0) 14.0
16 (22.0, 19.0) 16.0
17 (12.0, 33.0) 39.0
18 (22.0, 31.0) 31.0
19 (49.0, 36.0) 11.0
,
0 5 4 7 4 9 5 4 6 5 4 7 3 5 4 3 3 6 4 5
5 0 7 9 3 6 3 6 3 8 3 7 7 2 1 8 3 3 4 9
4 7 0 3 5 8 5 3 9 2 7 5 5 6 7 5 5 6 4 2
7 9 3 0 6 8 7 4 12 2 10 4 8 8 9 8 7 7 6 2
4 3 5 6 0 5 0 3 6 5 5 4 7 2 3 7 2 1 1 6
9 6 8 8 5 0 4 6 9 7 9 4 12 5 7 12 7 3 5 9
5 3 5 7 0 4 0 3 6 5 5 4 7 2 3 8 2 1 1 7
4 6 3 4 3 6 3 0 8 2 7 3 7 4 6 7 4 4 2 4
6 3 9 12 6 9 6 8 0 10 3 10 8 5 3 9 5 6 7 11
5 8 2 2 5 7 5 2 10 0 9 4 7 6 8 7 6 6 4 2
4 3 7 10 5 9 5 7 3 9 0 9 5 4 3 6 3 6 6 9
7 7 5 4 4 4 4 3 10 4 9 0 10 6 7 10 6 4 4 6
3 7 5 8 7 12 7 7 8 7 5 10 0 7 7 1 5 9 7 7
5 2 6 8 2 5 2 4 5 6 4 6 7 0 2 8 2 2 2 8
4 1 7 9 3 7 3 6 3 8 3 7 7 2 0 7 2 4 4 9
3 8 5 8 7 12 8 7 9 7 6 10 1 8 7 0 6 9 7 6
3 3 5 7 2 7 2 4 5 6 3 6 5 2 2 6 0 3 2 6
6 3 6 7 1 3 1 4 6 6 6 4 9 2 4 9 3 0 2 7
4 4 4 6 1 5 1 2 7 4 6 4 7 2 4 7 2 2 0 5
5 9 2 2 6 9 7 4 11 2 9 6 7 8 9 6 6 7 5 0
,
0 25 19 26 32 58 25 13 41 15 21 39 13 27 31 14 10 22 22 40
18 0 32 66 9 31 18 18 15 43 14 38 32 9 3 32 13 16 12 29
20 53 0 20 29 29 23 15 52 9 23 23 29 39 20 13 18 16 26 5
32 52 17 0 19 61 37 12 38 8 72 15 35 31 25 51 32 39 35 13
27 8 28 42 0 14 1 14 33 33 34 22 32 7 12 44 14 11 3 44
52 45 26 26 22 0 31 36 30 46 43 12 66 14 28 77 37 12 31 49
25 19 36 37 2 15 0 14 19 20 24 20 44 10 16 50 10 5 7 38
32 28 15 17 16 24 13 0 52 10 41 8 24 18 37 46 16 24 9 11
27 19 35 42 21 41 38 36 0 43 12 61 49 26 11 57 28 21 31 33
32 34 12 11 12 54 35 11 39 0 40 14 32 31 32 29 18 16 19 7
14 9 46 67 22 69 24 24 8 51 0 67 33 20 10 26 8 20 28 42
45 23 22 17 26 22 22 21 52 19 25 0 32 25 48 26 24 27 27 19
12 52 16 55 32 31 52 52 57 19 28 37 0 50 23 7 28 53 27 44
25 4 22 44 9 14 12 29 20 19 18 20 32 0 12 19 10 11 6 45
31 4 25 34 11 17 21 14 20 34 9 51 29 14 0 32 11 23 17 55
9 21 18 48 25 39 32 26 23 49 37 54 8 20 49 0 38 52 39 20
19 7 24 25 13 33 13 20 33 21 9 38 17 9 10 20 0 24 8 29
24 20 30 37 4 23 7 9 41 39 19 15 64 10 25 44 25 0 15 54
18 23 17 33 4 20 7 7 30 27 23 15 26 13 29 29 14 11 0 17
28 44 9 8 25 48 21 22 33 11 35 16 48 56 53 20 21 30 15 0