4
20
,
0 (34.0, 14.0) 12.0
1 (9.0, 16.0) 17.0
2 (42.0, 30.0) 13.0
3 (46.0, 45.0) 17.0
4 (18.0, 29.0) 45.0
5 (4.0, 48.0) 20.0
6 (17.0, 30.0) 30.0
7 (30.0, 35.0) 37.0
8 (4.0, 2.0) 23.0
9 (40.0, 40.0) 14.0
10 (19.0, 3.0) 12.0
11 (24.0, 49.0) 13.0
12 (43.0, 3.0) 23.0
13 (12.0, 24.0) 42.0
14 (12.0, 14.0) 17.0
15 (47.0, 7.0) 27.0
16 (22.0, 19.0) 27.0
17 (12.0, 33.0) 48.0
18 (22.0, 31.0) 28.0
19 (49.0, 36.0) 19.0
,
0 5 4 7 4 9 5 4 6 5 4 7 3 5 4 3 3 6 4 5
5 0 7 9 3 6 3 6 3 8 3 7 7 2 1 8 3 3 4 9
4 7 0 3 5 8 5 3 9 2 7 5 5 6 7 5 5 6 4 2
7 9 3 0 6 8 7 4 12 2 10 4 8 8 9 8 7 7 6 2
4 3 5 6 0 5 0 3 6 5 5 4 7 2 3 7 2 1 1 6
9 6 8 8 5 0 4 6 9 7 9 4 12 5 7 12 7 3 5 9
5 3 5 7 0 4 0 3 6 5 5 4 7 2 3 8 2 1 1 7
4 6 3 4 3 6 3 0 8 2 7 3 7 4 6 7 4 4 2 4
6 3 9 12 6 9 6 8 0 10 3 10 8 5 3 9 5 6 7 11
5 8 2 2 5 7 5 2 10 0 9 4 7 6 8 7 6 6 4 2
4 3 7 10 5 9 5 7 3 9 0 9 5 4 3 6 3 6 6 9
7 7 5 4 4 4 4 3 10 4 9 0 10 6 7 10 6 4 4 6
3 7 5 8 7 12 7 7 8 7 5 10 0 7 7 1 5 9 7 7
5 2 6 8 2 5 2 4 5 6 4 6 7 0 2 8 2 2 2 8
4 1 7 9 3 7 3 6 3 8 3 7 7 2 0 7 2 4 4 9
3 8 5 8 7 12 8 7 9 7 6 10 1 8 7 0 6 9 7 6
3 3 5 7 2 7 2 4 5 6 3 6 5 2 2 6 0 3 2 6
6 3 6 7 1 3 1 4 6 6 6 4 9 2 4 9 3 0 2 7
4 4 4 6 1 5 1 2 7 4 6 4 7 2 4 7 2 2 0 5
5 9 2 2 6 9 7 4 11 2 9 6 7 8 9 6 6 7 5 0
,
0 15 18 35 20 30 26 11 28 26 16 52 17 17 29 11 8 27 31 29
16 0 32 31 21 40 20 29 12 34 18 27 29 8 2 53 17 9 19 50
17 24 0 12 23 47 37 14 66 9 23 33 30 25 32 17 16 41 26 11
47 25 20 0 23 53 43 19 69 9 71 31 63 21 46 50 36 23 29 12
15 23 25 48 0 27 1 13 16 31 21 29 54 8 13 41 14 9 3 39
45 21 57 40 12 0 15 18 37 25 60 25 31 29 36 44 38 24 18 57
23 13 27 37 2 22 0 10 39 17 39 22 30 10 17 50 11 4 3 45
12 38 11 10 10 18 18 0 34 6 39 17 42 21 34 17 14 11 10 15
24 11 59 78 33 39 20 23 0 48 17 37 42 20 15 62 16 21 42 69
30 32 6 8 14 38 32 16 32 0 63 20 24 29 55 18 16 40 24 9
23 22 36 29 26 33 31 37 16 52 0 43 27 33 16 41 23 44 19 67
22 21 38 19 28 21 27 21 67 23 47 0 25 17 36 42 19 17 18 38
18 29 35 31 34 44 32 49 30 41 26 46 0 33 35 8 20 57 20 42
21 9 36 40 4 14 9 21 18 18 33 31 25 0 8 46 17 10 10 24
18 5 47 53 10 36 24 30 21 32 13 40 30 14 0 44 10 14 15 51
7 23 31 20 42 54 56 32 34 18 18 66 5 32 22 0 31 56 32 18
13 7 27 50 16 34 11 17 15 23 17 23 24 8 16 23 0 13 7 27
23 16 20 37 7 16 9 13 25 24 18 13 50 8 18 33 18 0 15 23
14 24 11 23 2 15 3 6 38 10 25 25 51 11 26 23 11 12 0 22
15 57 7 12 46 58 40 15 73 5 58 38 41 46 41 23 18 50 31 0