4
20
,
0 (20.0, 14.0) 69.0
1 (15.0, 39.0) 38.0
2 (1.0, 42.0) 30.0
3 (14.0, 20.0) 46.0
4 (15.0, 28.0) 70.0
5 (28.0, 22.0) 52.0
6 (36.0, 2.0) 55.0
7 (49.0, 34.0) 47.0
8 (4.0, 5.0) 66.0
9 (11.0, 28.0) 50.0
10 (40.0, 31.0) 46.0
11 (10.0, 26.0) 74.0
12 (41.0, 27.0) 36.0
13 (2.0, 32.0) 60.0
14 (30.0, 45.0) 39.0
15 (42.0, 26.0) 57.0
16 (8.0, 21.0) 85.0
17 (6.0, 5.0) 65.0
18 (4.0, 21.0) 41.0
19 (38.0, 27.0) 40.0
,
0 12 21 21 12 16 18 18 30 3 15 25 14 25 16 27 25 11 4 11 23 0
12 0 13 17 4 7 6 10 18 9 8 13 8 12 13 16 13 7 8 9 11 12
21 13 0 7 10 6 11 21 17 18 6 13 7 14 7 8 15 10 18 11 13 21
21 17 7 0 13 10 17 27 24 19 9 20 9 21 5 15 22 11 19 11 20 21
12 4 10 13 0 4 7 14 19 9 4 14 4 14 8 15 14 3 8 5 12 12
16 7 6 10 4 0 7 17 17 13 2 13 3 13 7 11 14 5 12 7 12 16
18 6 11 17 7 7 0 11 12 15 9 8 9 7 14 12 7 10 14 12 6 18
18 10 21 27 14 17 11 0 17 16 18 15 18 13 23 22 12 17 15 19 13 18
30 18 17 24 19 17 12 17 0 27 19 5 20 5 24 11 5 22 26 23 7 30
3 9 18 19 9 13 15 16 27 0 12 22 11 22 14 24 22 8 1 8 20 3
15 8 6 9 4 2 9 18 19 12 0 15 1 15 5 13 16 4 12 5 14 15
25 13 13 20 14 13 8 15 5 22 15 0 15 2 19 9 3 17 21 19 2 25
14 8 7 9 4 3 9 18 20 11 1 15 0 16 5 14 16 3 11 4 14 14
25 12 14 21 14 13 7 13 5 22 15 2 16 0 20 11 1 17 21 19 2 25
16 13 7 5 8 7 14 23 24 14 5 19 5 20 0 15 20 6 14 6 18 16
27 16 8 15 15 11 12 22 11 24 13 9 14 11 15 0 11 16 23 18 10 27
25 13 15 22 14 14 7 12 5 22 16 3 16 1 20 11 0 17 21 19 2 25
11 7 10 11 3 5 10 17 22 8 4 17 3 17 6 16 17 0 8 2 15 11
4 8 18 19 8 12 14 15 26 1 12 21 11 21 14 23 21 8 0 8 19 4
11 9 11 11 5 7 12 19 23 8 5 19 4 19 6 18 19 2 8 0 17 11
23 11 13 20 12 12 6 13 7 20 14 2 14 2 18 10 2 15 19 17 0 23
0 12 21 21 12 16 18 18 30 3 15 25 14 25 16 27 25 11 4 11 23 0
,
0 35 49 28 35 18 21 48 36 9 43 62 23 56 38 35 26 15 6 20 27 0
33 0 16 46 5 18 9 14 23 22 10 26 14 19 33 33 18 19 21 14 29 28
62 23 0 14 24 11 22 30 25 39 16 14 9 37 10 20 44 19 18 11 33 36
42 40 17 0 22 15 34 76 41 41 12 39 13 62 10 25 48 12 56 18 31 21
25 11 25 31 0 6 16 42 29 24 11 35 7 37 23 21 16 5 24 12 25 35
32 10 10 21 10 0 16 27 23 36 3 24 4 26 14 16 30 11 33 17 27 37
25 15 18 21 12 18 0 21 32 19 16 21 15 12 22 35 15 11 39 25 7 31
19 17 35 30 29 37 24 0 36 29 52 18 43 21 49 59 28 27 32 34 35 20
47 51 40 41 51 37 30 33 0 56 53 11 55 13 66 29 9 22 54 52 7 60
6 12 27 55 27 29 31 28 79 0 24 30 15 36 18 25 25 14 3 12 22 9
29 12 14 25 7 4 24 44 35 28 0 28 2 43 5 32 19 11 29 13 17 34
44 28 13 41 15 36 10 40 10 41 19 0 31 2 38 12 6 35 27 44 3 28
16 15 9 19 8 5 25 51 44 26 3 36 0 25 6 36 31 3 32 7 15 30
46 25 34 36 41 20 9 13 13 61 40 6 38 0 33 17 2 17 50 21 3 73
34 33 9 14 10 19 40 59 36 19 10 44 9 28 0 42 29 13 28 10 50 29
72 37 9 20 38 25 17 65 28 54 31 20 28 15 31 0 33 40 50 34 17 69
46 35 28 31 16 14 14 19 10 56 20 4 25 2 56 11 0 46 54 41 4 28
23 19 20 13 4 6 21 31 48 14 11 18 4 19 11 27 31 0 22 6 26 32
11 12 52 31 18 15 38 30 47 1 22 43 25 34 27 42 42 22 0 9 32 9
16 15 16 23 11 18 18 30 33 10 6 26 8 48 10 51 26 6 16 0 34 29
48 24 26 43 28 23 12 23 11 22 37 3 32 3 26 18 3 23 45 37 0 42
0 23 25 53 17 44 44 45 72 9 18 38 35 51 48 35 52 29 5 30 33 0