4
20
,
0 (20.0, 14.0) 51.0
1 (15.0, 39.0) 50.0
2 (1.0, 42.0) 73.0
3 (14.0, 20.0) 50.0
4 (15.0, 28.0) 71.0
5 (28.0, 22.0) 46.0
6 (36.0, 2.0) 30.0
7 (49.0, 34.0) 71.0
8 (4.0, 5.0) 40.0
9 (11.0, 28.0) 39.0
10 (40.0, 31.0) 32.0
11 (10.0, 26.0) 49.0
12 (41.0, 27.0) 47.0
13 (2.0, 32.0) 60.0
14 (30.0, 45.0) 55.0
15 (42.0, 26.0) 38.0
16 (8.0, 21.0) 46.0
17 (6.0, 5.0) 43.0
18 (4.0, 21.0) 70.0
19 (38.0, 27.0) 47.0
,
0 12 21 21 12 16 18 18 30 3 15 25 14 25 16 27 25 11 4 11 23 0
12 0 13 17 4 7 6 10 18 9 8 13 8 12 13 16 13 7 8 9 11 12
21 13 0 7 10 6 11 21 17 18 6 13 7 14 7 8 15 10 18 11 13 21
21 17 7 0 13 10 17 27 24 19 9 20 9 21 5 15 22 11 19 11 20 21
12 4 10 13 0 4 7 14 19 9 4 14 4 14 8 15 14 3 8 5 12 12
16 7 6 10 4 0 7 17 17 13 2 13 3 13 7 11 14 5 12 7 12 16
18 6 11 17 7 7 0 11 12 15 9 8 9 7 14 12 7 10 14 12 6 18
18 10 21 27 14 17 11 0 17 16 18 15 18 13 23 22 12 17 15 19 13 18
30 18 17 24 19 17 12 17 0 27 19 5 20 5 24 11 5 22 26 23 7 30
3 9 18 19 9 13 15 16 27 0 12 22 11 22 14 24 22 8 1 8 20 3
15 8 6 9 4 2 9 18 19 12 0 15 1 15 5 13 16 4 12 5 14 15
25 13 13 20 14 13 8 15 5 22 15 0 15 2 19 9 3 17 21 19 2 25
14 8 7 9 4 3 9 18 20 11 1 15 0 16 5 14 16 3 11 4 14 14
25 12 14 21 14 13 7 13 5 22 15 2 16 0 20 11 1 17 21 19 2 25
16 13 7 5 8 7 14 23 24 14 5 19 5 20 0 15 20 6 14 6 18 16
27 16 8 15 15 11 12 22 11 24 13 9 14 11 15 0 11 16 23 18 10 27
25 13 15 22 14 14 7 12 5 22 16 3 16 1 20 11 0 17 21 19 2 25
11 7 10 11 3 5 10 17 22 8 4 17 3 17 6 16 17 0 8 2 15 11
4 8 18 19 8 12 14 15 26 1 12 21 11 21 14 23 21 8 0 8 19 4
11 9 11 11 5 7 12 19 23 8 5 19 4 19 6 18 19 2 8 0 17 11
23 11 13 20 12 12 6 13 7 20 14 2 14 2 18 10 2 15 19 17 0 23
0 12 21 21 12 16 18 18 30 3 15 25 14 25 16 27 25 11 4 11 23 0
,
0 16 50 22 34 40 25 31 76 7 42 37 29 43 29 32 51 30 4 27 44 0
21 0 27 48 12 19 13 13 28 15 20 33 20 22 34 25 37 9 19 17 25 20
29 29 0 18 17 9 12 38 21 48 15 33 14 22 14 13 22 20 21 31 16 27
34 24 15 0 19 28 22 52 39 32 13 32 10 56 12 41 39 11 50 25 42 60
33 5 27 28 0 8 21 37 46 20 6 14 9 41 20 41 35 8 15 5 28 32
29 22 9 23 10 0 8 35 19 35 3 28 7 36 12 32 40 12 18 8 14 19
36 6 19 32 15 18 0 13 33 30 21 21 12 16 15 13 8 26 21 31 8 44
24 17 52 70 35 25 29 0 19 45 48 36 45 17 38 63 16 44 40 41 24 36
67 29 31 72 39 39 31 20 0 46 35 6 55 10 63 17 10 36 30 60 19 73
4 16 20 24 10 14 43 32 39 0 12 31 14 33 15 71 25 12 1 11 44 5
41 22 15 20 10 4 17 41 34 20 0 21 3 32 11 32 44 11 26 8 26 29
38 17 13 57 26 26 22 19 11 47 19 0 15 5 43 16 3 31 29 39 6 46
36 12 13 19 9 3 20 38 25 11 1 29 0 37 14 41 18 3 20 5 20 32
33 18 37 57 41 24 15 14 7 59 45 3 42 0 26 14 1 25 49 24 3 46
44 31 9 11 12 19 35 50 44 36 15 48 12 21 0 41 29 10 37 16 26 32
68 29 13 26 26 33 21 61 31 58 32 11 40 31 34 0 30 38 24 19 18 81
53 34 19 47 27 24 8 16 9 32 33 5 39 2 46 24 0 18 37 52 5 33
15 10 13 16 7 11 27 39 59 9 10 38 6 34 10 44 33 0 16 5 34 15
11 11 37 25 18 27 34 21 43 1 14 27 24 22 27 54 21 15 0 20 24 8
26 22 20 30 15 12 18 21 70 22 10 51 9 41 15 36 53 4 14 0 30 11
66 13 24 29 29 15 13 35 8 36 25 4 28 2 31 27 3 27 37 36 0 46
0 21 35 36 19 20 27 38 42 4 36 26 14 33 45 37 37 19 6 28 50 0