4
20
,
0 (20.0, 14.0) 47.0
1 (15.0, 39.0) 85.0
2 (1.0, 42.0) 39.0
3 (14.0, 20.0) 52.0
4 (15.0, 28.0) 51.0
5 (28.0, 22.0) 37.0
6 (36.0, 2.0) 65.0
7 (49.0, 34.0) 44.0
8 (4.0, 5.0) 62.0
9 (11.0, 28.0) 62.0
10 (40.0, 31.0) 62.0
11 (10.0, 26.0) 50.0
12 (41.0, 27.0) 58.0
13 (2.0, 32.0) 45.0
14 (30.0, 45.0) 46.0
15 (42.0, 26.0) 44.0
16 (8.0, 21.0) 34.0
17 (6.0, 5.0) 78.0
18 (4.0, 21.0) 47.0
19 (38.0, 27.0) 46.0
,
0 12 21 21 12 16 18 18 30 3 15 25 14 25 16 27 25 11 4 11 23 0
12 0 13 17 4 7 6 10 18 9 8 13 8 12 13 16 13 7 8 9 11 12
21 13 0 7 10 6 11 21 17 18 6 13 7 14 7 8 15 10 18 11 13 21
21 17 7 0 13 10 17 27 24 19 9 20 9 21 5 15 22 11 19 11 20 21
12 4 10 13 0 4 7 14 19 9 4 14 4 14 8 15 14 3 8 5 12 12
16 7 6 10 4 0 7 17 17 13 2 13 3 13 7 11 14 5 12 7 12 16
18 6 11 17 7 7 0 11 12 15 9 8 9 7 14 12 7 10 14 12 6 18
18 10 21 27 14 17 11 0 17 16 18 15 18 13 23 22 12 17 15 19 13 18
30 18 17 24 19 17 12 17 0 27 19 5 20 5 24 11 5 22 26 23 7 30
3 9 18 19 9 13 15 16 27 0 12 22 11 22 14 24 22 8 1 8 20 3
15 8 6 9 4 2 9 18 19 12 0 15 1 15 5 13 16 4 12 5 14 15
25 13 13 20 14 13 8 15 5 22 15 0 15 2 19 9 3 17 21 19 2 25
14 8 7 9 4 3 9 18 20 11 1 15 0 16 5 14 16 3 11 4 14 14
25 12 14 21 14 13 7 13 5 22 15 2 16 0 20 11 1 17 21 19 2 25
16 13 7 5 8 7 14 23 24 14 5 19 5 20 0 15 20 6 14 6 18 16
27 16 8 15 15 11 12 22 11 24 13 9 14 11 15 0 11 16 23 18 10 27
25 13 15 22 14 14 7 12 5 22 16 3 16 1 20 11 0 17 21 19 2 25
11 7 10 11 3 5 10 17 22 8 4 17 3 17 6 16 17 0 8 2 15 11
4 8 18 19 8 12 14 15 26 1 12 21 11 21 14 23 21 8 0 8 19 4
11 9 11 11 5 7 12 19 23 8 5 19 4 19 6 18 19 2 8 0 17 11
23 11 13 20 12 12 6 13 7 20 14 2 14 2 18 10 2 15 19 17 0 23
0 12 21 21 12 16 18 18 30 3 15 25 14 25 16 27 25 11 4 11 23 0
,
0 35 22 45 21 24 49 21 89 5 42 71 34 40 24 66 71 31 10 20 65 0
19 0 22 38 6 19 15 23 40 26 21 25 12 14 23 34 13 21 13 19 28 24
36 16 0 19 21 15 20 61 26 30 11 33 14 32 8 9 26 21 18 12 16 55
52 35 13 0 14 27 30 45 41 19 19 60 13 27 6 20 41 27 47 11 36 23
32 7 18 18 0 6 12 19 34 19 11 38 5 25 10 42 14 7 15 13 21 32
40 10 8 14 12 0 16 36 32 16 3 23 5 20 8 14 28 7 24 7 27 18
25 8 24 24 17 8 0 20 27 33 18 10 17 12 25 32 17 24 36 17 15 45
25 23 51 68 32 46 14 0 42 34 42 28 19 37 34 59 32 39 18 30 21 38
63 51 29 68 30 43 29 45 0 79 25 9 48 5 42 26 8 43 72 38 9 50
5 25 22 52 10 27 20 39 80 0 17 42 28 34 28 62 33 9 2 15 38 3
25 9 16 21 8 3 21 46 36 22 0 15 3 19 10 32 30 9 28 14 21 25
43 21 20 31 22 31 14 24 12 64 38 0 23 6 39 16 3 27 36 26 4 55
17 23 19 14 7 7 21 46 58 26 2 28 0 36 6 33 32 3 22 9 40 28
58 24 24 60 30 31 11 29 10 53 42 2 33 0 35 31 1 25 56 47 4 28
37 34 20 8 21 8 40 52 70 21 8 49 8 31 0 36 44 8 33 13 52 30
58 20 24 18 25 31 33 58 32 27 24 13 21 25 42 0 33 30 53 39 22 47
53 27 15 38 41 31 12 36 12 31 27 6 16 2 23 20 0 33 35 51 4 42
19 11 10 24 8 11 18 28 40 17 6 43 4 40 13 28 20 0 18 6 25 25
10 20 29 48 14 27 24 40 70 3 17 24 17 34 35 46 44 19 0 10 44 4
14 19 17 30 10 10 28 44 59 17 14 36 7 39 6 22 21 5 9 0 33 17
30 16 21 23 20 17 12 32 14 23 31 6 39 3 29 15 2 19 21 38 0 59
0 21 41 56 35 21 26 19 83 4 23 67 34 33 36 29 38 24 9 32 56 0