4
20
,
0 (25.0, 44.0) 35.0
1 (15.0, 13.0) 38.0
2 (5.0, 9.0) 39.0
3 (14.0, 12.0) 40.0
4 (4.0, 8.0) 19.0
5 (9.0, 21.0) 46.0
6 (7.0, 40.0) 16.0
7 (30.0, 33.0) 17.0
8 (31.0, 29.0) 48.0
9 (47.0, 18.0) 15.0
10 (4.0, 7.0) 25.0
11 (2.0, 47.0) 10.0
12 (34.0, 24.0) 46.0
13 (11.0, 24.0) 27.0
14 (5.0, 5.0) 31.0
15 (7.0, 43.0) 31.0
16 (19.0, 33.0) 35.0
17 (20.0, 47.0) 28.0
18 (46.0, 49.0) 11.0
19 (11.0, 3.0) 29.0
,
0 7 8 7 8 6 4 2 3 7 9 5 4 5 9 4 3 1 4 9
7 0 2 0 2 2 6 5 5 6 3 7 4 2 3 6 4 7 10 2
8 2 0 2 0 3 6 7 7 9 0 8 7 3 1 7 6 8 11 2
7 0 2 0 2 2 6 5 5 7 2 7 5 2 2 6 4 7 10 2
8 2 0 2 0 3 6 7 7 9 0 8 7 3 1 7 6 8 12 2
6 2 3 2 3 0 4 5 5 8 3 5 5 1 3 4 3 6 9 4
4 6 6 6 6 4 0 5 5 9 7 2 6 3 7 1 3 3 8 7
2 5 7 5 7 5 5 0 1 5 7 6 2 4 8 5 2 3 5 7
3 5 7 5 7 5 5 1 0 4 7 7 1 4 7 6 3 4 5 7
7 6 9 7 9 8 9 5 4 0 9 11 3 7 9 9 6 8 6 8
9 3 0 2 0 3 7 7 7 9 0 8 7 4 0 7 6 9 12 2
5 7 8 7 8 5 2 6 7 11 8 0 8 5 8 1 4 4 9 9
4 4 7 5 7 5 6 2 1 3 7 8 0 5 7 7 3 5 6 6
5 2 3 2 3 1 3 4 4 7 4 5 5 0 4 4 2 5 9 4
9 3 1 2 1 3 7 8 7 9 0 8 7 4 0 8 6 9 12 1
4 6 7 6 7 4 1 5 6 9 7 1 7 4 8 0 3 3 8 8
3 4 6 4 6 3 3 2 3 6 6 4 3 2 6 3 0 3 6 6
1 7 8 7 8 6 3 3 4 8 9 4 5 5 9 3 3 0 5 9
4 10 11 10 12 9 8 5 5 6 12 9 6 9 12 8 6 5 0 12
9 2 2 2 2 4 7 7 7 8 2 9 6 4 1 8 6 9 12 0
,
0 20 54 44 38 24 11 9 10 37 31 13 26 30 58 19 14 5 24 32
41 0 7 1 12 11 40 26 19 48 18 54 26 7 16 22 28 18 67 6
44 16 0 12 2 8 38 28 43 52 3 51 30 17 4 32 33 21 33 6
32 1 6 0 14 12 36 36 29 43 6 52 12 11 16 43 21 39 46 13
40 13 1 15 0 9 17 35 36 26 1 23 45 9 3 43 31 56 71 5
28 7 6 13 10 0 14 16 29 20 10 27 30 3 21 15 22 28 35 18
13 33 46 39 38 16 0 20 24 30 38 9 20 22 46 4 15 20 44 55
10 36 45 15 52 35 15 0 5 29 21 27 7 25 46 36 9 12 20 40
14 23 28 17 26 32 20 3 0 22 26 34 7 28 42 17 13 29 36 21
49 35 40 49 41 22 61 13 15 0 48 67 8 23 24 29 24 59 25 58
33 16 3 12 1 9 17 43 23 27 0 32 37 25 2 25 18 34 34 6
24 37 50 35 26 32 7 19 43 74 48 0 53 14 53 7 23 24 57 53
29 24 28 16 34 15 37 11 7 10 36 24 0 27 18 31 16 18 22 26
20 13 16 11 13 3 17 23 18 45 10 34 32 0 26 26 13 29 29 16
31 16 4 16 2 8 29 20 48 29 2 51 30 26 0 26 29 35 86 7
17 23 41 28 36 31 4 13 20 35 38 7 42 22 31 0 15 10 26 40
10 15 36 15 15 18 19 15 12 35 36 23 23 16 28 8 0 10 37 18
8 27 41 28 42 15 14 24 14 36 23 11 23 37 25 15 13 0 34 35
12 57 64 37 67 43 42 28 16 16 32 55 26 60 75 52 33 37 0 80
50 12 10 14 9 18 45 19 43 49 11 31 44 12 6 26 18 65 35 0