4
20
,
0 (25.0, 44.0) 27.0
1 (15.0, 13.0) 40.0
2 (5.0, 9.0) 42.0
3 (14.0, 12.0) 30.0
4 (4.0, 8.0) 17.0
5 (9.0, 21.0) 33.0
6 (7.0, 40.0) 14.0
7 (30.0, 33.0) 21.0
8 (31.0, 29.0) 39.0
9 (47.0, 18.0) 32.0
10 (4.0, 7.0) 20.0
11 (2.0, 47.0) 39.0
12 (34.0, 24.0) 28.0
13 (11.0, 24.0) 11.0
14 (5.0, 5.0) 26.0
15 (7.0, 43.0) 19.0
16 (19.0, 33.0) 26.0
17 (20.0, 47.0) 11.0
18 (46.0, 49.0) 20.0
19 (11.0, 3.0) 45.0
,
0 7 8 7 8 6 4 2 3 7 9 5 4 5 9 4 3 1 4 9
7 0 2 0 2 2 6 5 5 6 3 7 4 2 3 6 4 7 10 2
8 2 0 2 0 3 6 7 7 9 0 8 7 3 1 7 6 8 11 2
7 0 2 0 2 2 6 5 5 7 2 7 5 2 2 6 4 7 10 2
8 2 0 2 0 3 6 7 7 9 0 8 7 3 1 7 6 8 12 2
6 2 3 2 3 0 4 5 5 8 3 5 5 1 3 4 3 6 9 4
4 6 6 6 6 4 0 5 5 9 7 2 6 3 7 1 3 3 8 7
2 5 7 5 7 5 5 0 1 5 7 6 2 4 8 5 2 3 5 7
3 5 7 5 7 5 5 1 0 4 7 7 1 4 7 6 3 4 5 7
7 6 9 7 9 8 9 5 4 0 9 11 3 7 9 9 6 8 6 8
9 3 0 2 0 3 7 7 7 9 0 8 7 4 0 7 6 9 12 2
5 7 8 7 8 5 2 6 7 11 8 0 8 5 8 1 4 4 9 9
4 4 7 5 7 5 6 2 1 3 7 8 0 5 7 7 3 5 6 6
5 2 3 2 3 1 3 4 4 7 4 5 5 0 4 4 2 5 9 4
9 3 1 2 1 3 7 8 7 9 0 8 7 4 0 8 6 9 12 1
4 6 7 6 7 4 1 5 6 9 7 1 7 4 8 0 3 3 8 8
3 4 6 4 6 3 3 2 3 6 6 4 3 2 6 3 0 3 6 6
1 7 8 7 8 6 3 3 4 8 9 4 5 5 9 3 3 0 5 9
4 10 11 10 12 9 8 5 5 6 12 9 6 9 12 8 6 5 0 12
9 2 2 2 2 4 7 7 7 8 2 9 6 4 1 8 6 9 12 0
,
0 32 49 31 29 36 12 14 17 18 34 24 29 26 50 22 14 4 12 22
21 0 6 2 10 9 19 13 30 32 9 43 18 7 16 33 28 22 43 16
59 6 0 12 2 17 36 46 23 27 3 25 39 20 5 21 18 60 64 12
37 1 7 0 12 7 37 21 31 22 9 35 15 14 10 48 14 49 51 6
61 9 2 9 0 12 19 36 42 45 1 42 49 10 5 38 25 32 59 5
18 13 8 11 16 0 16 33 33 32 16 38 13 3 19 23 12 20 65 27
21 33 31 31 47 23 0 27 27 47 30 11 24 24 43 4 17 15 49 27
13 15 44 38 45 13 24 0 6 31 23 34 11 28 39 13 9 17 15 39
24 33 38 23 28 32 16 3 0 21 37 32 6 29 25 25 7 24 24 33
41 43 48 25 66 53 57 25 29 0 34 29 19 29 63 52 33 36 18 26
57 17 2 16 1 8 20 55 46 62 0 57 49 17 1 38 35 41 33 12
26 20 42 37 42 18 9 17 23 66 48 0 57 22 43 8 26 21 45 55
12 26 20 32 32 37 20 11 8 8 48 36 0 12 47 46 25 37 22 32
30 9 18 9 13 3 10 21 19 48 10 27 15 0 26 16 16 20 53 30
26 6 3 13 3 11 38 27 35 41 1 57 44 26 0 22 36 34 89 8
11 36 38 34 39 31 2 28 23 53 52 5 28 28 40 0 14 15 47 59
17 15 36 12 38 11 8 13 8 28 31 16 16 17 36 20 0 20 27 30
6 37 53 27 25 23 18 13 31 48 23 16 26 36 55 13 10 0 33 54
26 41 60 57 86 61 30 17 21 32 73 29 37 30 32 45 38 32 0 59
37 15 6 12 7 19 48 37 48 41 6 33 42 16 9 44 28 38 86 0