4
20
,
0 (25.0, 44.0) 46.0
1 (15.0, 13.0) 40.0
2 (5.0, 9.0) 12.0
3 (14.0, 12.0) 32.0
4 (4.0, 8.0) 24.0
5 (9.0, 21.0) 25.0
6 (7.0, 40.0) 29.0
7 (30.0, 33.0) 13.0
8 (31.0, 29.0) 13.0
9 (47.0, 18.0) 11.0
10 (4.0, 7.0) 20.0
11 (2.0, 47.0) 39.0
12 (34.0, 24.0) 40.0
13 (11.0, 24.0) 23.0
14 (5.0, 5.0) 44.0
15 (7.0, 43.0) 37.0
16 (19.0, 33.0) 26.0
17 (20.0, 47.0) 24.0
18 (46.0, 49.0) 31.0
19 (11.0, 3.0) 48.0
,
0 7 8 7 8 6 4 2 3 7 9 5 4 5 9 4 3 1 4 9
7 0 2 0 2 2 6 5 5 6 3 7 4 2 3 6 4 7 10 2
8 2 0 2 0 3 6 7 7 9 0 8 7 3 1 7 6 8 11 2
7 0 2 0 2 2 6 5 5 7 2 7 5 2 2 6 4 7 10 2
8 2 0 2 0 3 6 7 7 9 0 8 7 3 1 7 6 8 12 2
6 2 3 2 3 0 4 5 5 8 3 5 5 1 3 4 3 6 9 4
4 6 6 6 6 4 0 5 5 9 7 2 6 3 7 1 3 3 8 7
2 5 7 5 7 5 5 0 1 5 7 6 2 4 8 5 2 3 5 7
3 5 7 5 7 5 5 1 0 4 7 7 1 4 7 6 3 4 5 7
7 6 9 7 9 8 9 5 4 0 9 11 3 7 9 9 6 8 6 8
9 3 0 2 0 3 7 7 7 9 0 8 7 4 0 7 6 9 12 2
5 7 8 7 8 5 2 6 7 11 8 0 8 5 8 1 4 4 9 9
4 4 7 5 7 5 6 2 1 3 7 8 0 5 7 7 3 5 6 6
5 2 3 2 3 1 3 4 4 7 4 5 5 0 4 4 2 5 9 4
9 3 1 2 1 3 7 8 7 9 0 8 7 4 0 8 6 9 12 1
4 6 7 6 7 4 1 5 6 9 7 1 7 4 8 0 3 3 8 8
3 4 6 4 6 3 3 2 3 6 6 4 3 2 6 3 0 3 6 6
1 7 8 7 8 6 3 3 4 8 9 4 5 5 9 3 3 0 5 9
4 10 11 10 12 9 8 5 5 6 12 9 6 9 12 8 6 5 0 12
9 2 2 2 2 4 7 7 7 8 2 9 6 4 1 8 6 9 12 0
,
0 20 59 24 57 21 21 9 24 35 50 26 24 21 37 12 17 3 21 28
48 0 14 2 8 6 31 13 17 25 10 46 12 15 13 44 14 42 66 12
42 14 0 14 1 13 43 21 41 27 2 52 47 14 5 21 40 43 65 12
21 1 7 0 10 15 32 32 31 48 13 38 34 6 6 39 31 47 43 10
21 16 1 9 0 17 20 29 36 50 1 37 19 16 4 51 15 41 80 5
39 15 12 15 20 0 28 26 22 23 9 33 35 3 16 28 13 41 68 18
26 23 45 24 43 10 0 30 21 57 50 5 36 16 20 4 15 17 59 24
10 30 18 38 23 13 22 0 5 25 23 23 8 22 28 33 7 24 24 47
16 21 42 29 35 20 24 3 0 27 20 22 8 23 31 17 15 17 26 28
36 41 41 28 49 56 42 27 12 0 31 54 12 21 65 31 28 43 27 22
39 11 3 11 1 12 36 24 39 56 0 39 27 16 3 38 28 30 79 7
22 39 36 29 39 31 11 19 24 79 54 0 27 16 32 8 15 9 51 28
29 16 37 16 34 25 18 7 4 10 41 53 0 18 26 26 14 33 16 27
15 9 10 11 16 4 11 13 19 42 19 17 29 0 23 14 11 24 39 29
35 17 2 13 4 24 30 45 51 35 1 31 19 26 0 20 29 39 51 5
19 39 46 36 35 18 2 30 31 24 19 9 23 12 52 0 11 13 33 44
17 15 39 15 20 14 18 13 11 32 31 17 23 6 38 12 0 12 29 46
4 34 56 47 37 26 21 20 29 36 63 11 37 16 39 11 13 0 22 63
18 50 84 33 68 44 22 25 37 28 89 28 38 46 37 52 35 25 0 84
33 12 5 11 11 22 55 21 49 39 6 55 31 22 6 39 40 40 60 0