4
20
,
0 (25.0, 44.0) 47.0
1 (15.0, 13.0) 22.0
2 (5.0, 9.0) 33.0
3 (14.0, 12.0) 22.0
4 (4.0, 8.0) 14.0
5 (9.0, 21.0) 11.0
6 (7.0, 40.0) 49.0
7 (30.0, 33.0) 36.0
8 (31.0, 29.0) 15.0
9 (47.0, 18.0) 21.0
10 (4.0, 7.0) 21.0
11 (2.0, 47.0) 21.0
12 (34.0, 24.0) 24.0
13 (11.0, 24.0) 38.0
14 (5.0, 5.0) 12.0
15 (7.0, 43.0) 10.0
16 (19.0, 33.0) 17.0
17 (20.0, 47.0) 11.0
18 (46.0, 49.0) 13.0
19 (11.0, 3.0) 18.0
,
0 7 8 7 8 6 4 2 3 7 9 5 4 5 9 4 3 1 4 9
7 0 2 0 2 2 6 5 5 6 3 7 4 2 3 6 4 7 10 2
8 2 0 2 0 3 6 7 7 9 0 8 7 3 1 7 6 8 11 2
7 0 2 0 2 2 6 5 5 7 2 7 5 2 2 6 4 7 10 2
8 2 0 2 0 3 6 7 7 9 0 8 7 3 1 7 6 8 12 2
6 2 3 2 3 0 4 5 5 8 3 5 5 1 3 4 3 6 9 4
4 6 6 6 6 4 0 5 5 9 7 2 6 3 7 1 3 3 8 7
2 5 7 5 7 5 5 0 1 5 7 6 2 4 8 5 2 3 5 7
3 5 7 5 7 5 5 1 0 4 7 7 1 4 7 6 3 4 5 7
7 6 9 7 9 8 9 5 4 0 9 11 3 7 9 9 6 8 6 8
9 3 0 2 0 3 7 7 7 9 0 8 7 4 0 7 6 9 12 2
5 7 8 7 8 5 2 6 7 11 8 0 8 5 8 1 4 4 9 9
4 4 7 5 7 5 6 2 1 3 7 8 0 5 7 7 3 5 6 6
5 2 3 2 3 1 3 4 4 7 4 5 5 0 4 4 2 5 9 4
9 3 1 2 1 3 7 8 7 9 0 8 7 4 0 8 6 9 12 1
4 6 7 6 7 4 1 5 6 9 7 1 7 4 8 0 3 3 8 8
3 4 6 4 6 3 3 2 3 6 6 4 3 2 6 3 0 3 6 6
1 7 8 7 8 6 3 3 4 8 9 4 5 5 9 3 3 0 5 9
4 10 11 10 12 9 8 5 5 6 12 9 6 9 12 8 6 5 0 12
9 2 2 2 2 4 7 7 7 8 2 9 6 4 1 8 6 9 12 0
,
0 47 32 24 27 16 26 8 12 48 41 26 20 27 28 19 9 7 26 38
25 0 7 1 16 9 16 29 17 45 12 21 30 8 13 30 28 33 44 12
23 16 0 13 2 10 24 24 31 25 2 30 24 12 3 19 40 35 35 10
38 1 6 0 9 14 33 39 33 41 12 45 14 11 15 46 15 48 40 11
52 16 1 14 0 14 44 22 34 37 1 20 48 22 5 33 42 59 30 7
41 11 19 6 18 0 10 28 23 40 20 27 25 4 24 31 17 36 64 12
21 30 17 40 40 28 0 33 24 46 37 7 41 12 32 2 16 8 28 33
9 22 18 29 49 31 22 0 4 13 20 16 14 14 50 20 15 16 19 24
18 26 40 25 26 26 23 6 0 15 42 30 7 29 24 15 8 13 13 39
46 17 49 32 49 52 63 27 20 0 28 41 13 52 55 47 30 45 25 47
47 12 1 10 1 14 31 21 36 24 0 47 26 21 3 49 20 37 58 5
32 39 44 21 54 34 13 35 18 43 59 0 52 28 38 5 24 24 46 40
24 30 43 22 33 36 36 12 8 15 44 26 0 24 45 34 14 15 22 19
16 12 11 9 26 4 16 21 18 45 21 16 29 0 26 15 10 24 53 24
50 15 6 14 2 21 48 35 35 64 2 45 23 28 0 50 36 57 44 5
22 35 23 29 21 32 2 33 30 39 26 5 33 21 32 0 18 14 33 36
14 16 16 13 26 11 14 8 16 32 20 20 18 7 46 10 0 16 18 41
4 38 30 30 61 28 17 17 16 25 45 20 15 28 57 15 8 0 36 41
16 45 42 57 81 32 52 19 22 20 44 57 14 26 72 25 45 21 0 79
47 6 12 8 8 12 24 43 24 22 8 64 29 25 9 30 35 48 39 0