4
20
,
0 (25.0, 44.0) 18.0
1 (15.0, 13.0) 37.0
2 (5.0, 9.0) 17.0
3 (14.0, 12.0) 21.0
4 (4.0, 8.0) 19.0
5 (9.0, 21.0) 18.0
6 (7.0, 40.0) 11.0
7 (30.0, 33.0) 41.0
8 (31.0, 29.0) 40.0
9 (47.0, 18.0) 46.0
10 (4.0, 7.0) 22.0
11 (2.0, 47.0) 32.0
12 (34.0, 24.0) 39.0
13 (11.0, 24.0) 19.0
14 (5.0, 5.0) 12.0
15 (7.0, 43.0) 13.0
16 (19.0, 33.0) 37.0
17 (20.0, 47.0) 29.0
18 (46.0, 49.0) 22.0
19 (11.0, 3.0) 26.0
,
0 7 8 7 8 6 4 2 3 7 9 5 4 5 9 4 3 1 4 9
7 0 2 0 2 2 6 5 5 6 3 7 4 2 3 6 4 7 10 2
8 2 0 2 0 3 6 7 7 9 0 8 7 3 1 7 6 8 11 2
7 0 2 0 2 2 6 5 5 7 2 7 5 2 2 6 4 7 10 2
8 2 0 2 0 3 6 7 7 9 0 8 7 3 1 7 6 8 12 2
6 2 3 2 3 0 4 5 5 8 3 5 5 1 3 4 3 6 9 4
4 6 6 6 6 4 0 5 5 9 7 2 6 3 7 1 3 3 8 7
2 5 7 5 7 5 5 0 1 5 7 6 2 4 8 5 2 3 5 7
3 5 7 5 7 5 5 1 0 4 7 7 1 4 7 6 3 4 5 7
7 6 9 7 9 8 9 5 4 0 9 11 3 7 9 9 6 8 6 8
9 3 0 2 0 3 7 7 7 9 0 8 7 4 0 7 6 9 12 2
5 7 8 7 8 5 2 6 7 11 8 0 8 5 8 1 4 4 9 9
4 4 7 5 7 5 6 2 1 3 7 8 0 5 7 7 3 5 6 6
5 2 3 2 3 1 3 4 4 7 4 5 5 0 4 4 2 5 9 4
9 3 1 2 1 3 7 8 7 9 0 8 7 4 0 8 6 9 12 1
4 6 7 6 7 4 1 5 6 9 7 1 7 4 8 0 3 3 8 8
3 4 6 4 6 3 3 2 3 6 6 4 3 2 6 3 0 3 6 6
1 7 8 7 8 6 3 3 4 8 9 4 5 5 9 3 3 0 5 9
4 10 11 10 12 9 8 5 5 6 12 9 6 9 12 8 6 5 0 12
9 2 2 2 2 4 7 7 7 8 2 9 6 4 1 8 6 9 12 0
,
0 33 33 51 38 17 20 6 20 21 47 18 16 32 55 18 15 8 27 57
22 0 10 1 7 15 25 30 20 44 16 49 28 7 15 24 18 19 60 11
33 12 0 7 1 12 37 51 20 61 2 49 22 24 6 20 25 51 73 11
36 1 11 0 12 11 37 27 27 44 10 23 32 15 8 20 17 39 73 12
32 9 1 14 0 12 21 40 49 26 1 58 25 16 4 49 41 52 49 10
18 12 9 6 14 0 20 17 16 30 15 31 23 2 23 15 20 29 36 17
23 22 45 39 43 25 0 23 22 27 46 7 44 21 30 4 12 15 46 35
16 27 22 28 44 19 19 0 4 18 39 44 12 14 27 34 8 21 34 34
15 14 39 20 46 13 19 4 0 16 50 44 3 19 38 25 12 26 16 30
47 36 63 22 47 24 27 29 15 0 61 54 7 29 45 64 22 25 37 20
51 11 2 9 1 9 21 23 32 48 0 33 42 14 1 37 27 56 82 7
28 31 51 22 27 19 4 24 45 33 26 0 44 25 25 9 17 18 40 23
12 13 28 18 41 22 29 8 8 13 30 27 0 19 40 29 20 32 24 28
15 13 19 13 20 5 25 27 17 26 11 26 32 0 28 28 13 30 26 19
52 16 4 14 4 13 25 53 49 46 3 54 46 14 0 56 20 39 88 4
14 19 22 32 40 12 2 33 42 56 37 5 25 11 32 0 19 15 44 53
13 17 22 22 19 11 8 11 10 26 34 23 17 15 46 22 0 16 32 31
7 44 36 44 60 22 10 18 17 46 39 11 33 33 36 18 19 0 14 30
26 29 63 46 40 60 20 15 29 46 41 56 38 41 89 24 40 17 0 66
28 6 12 13 9 22 43 40 42 44 10 55 43 22 6 31 45 64 63 0