4
20
,
0 (25.0, 44.0) 15.0
1 (15.0, 13.0) 23.0
2 (5.0, 9.0) 27.0
3 (14.0, 12.0) 48.0
4 (4.0, 8.0) 22.0
5 (9.0, 21.0) 15.0
6 (7.0, 40.0) 22.0
7 (30.0, 33.0) 29.0
8 (31.0, 29.0) 18.0
9 (47.0, 18.0) 33.0
10 (4.0, 7.0) 26.0
11 (2.0, 47.0) 14.0
12 (34.0, 24.0) 21.0
13 (11.0, 24.0) 44.0
14 (5.0, 5.0) 12.0
15 (7.0, 43.0) 34.0
16 (19.0, 33.0) 19.0
17 (20.0, 47.0) 26.0
18 (46.0, 49.0) 41.0
19 (11.0, 3.0) 15.0
,
0 7 8 7 8 6 4 2 3 7 9 5 4 5 9 4 3 1 4 9
7 0 2 0 2 2 6 5 5 6 3 7 4 2 3 6 4 7 10 2
8 2 0 2 0 3 6 7 7 9 0 8 7 3 1 7 6 8 11 2
7 0 2 0 2 2 6 5 5 7 2 7 5 2 2 6 4 7 10 2
8 2 0 2 0 3 6 7 7 9 0 8 7 3 1 7 6 8 12 2
6 2 3 2 3 0 4 5 5 8 3 5 5 1 3 4 3 6 9 4
4 6 6 6 6 4 0 5 5 9 7 2 6 3 7 1 3 3 8 7
2 5 7 5 7 5 5 0 1 5 7 6 2 4 8 5 2 3 5 7
3 5 7 5 7 5 5 1 0 4 7 7 1 4 7 6 3 4 5 7
7 6 9 7 9 8 9 5 4 0 9 11 3 7 9 9 6 8 6 8
9 3 0 2 0 3 7 7 7 9 0 8 7 4 0 7 6 9 12 2
5 7 8 7 8 5 2 6 7 11 8 0 8 5 8 1 4 4 9 9
4 4 7 5 7 5 6 2 1 3 7 8 0 5 7 7 3 5 6 6
5 2 3 2 3 1 3 4 4 7 4 5 5 0 4 4 2 5 9 4
9 3 1 2 1 3 7 8 7 9 0 8 7 4 0 8 6 9 12 1
4 6 7 6 7 4 1 5 6 9 7 1 7 4 8 0 3 3 8 8
3 4 6 4 6 3 3 2 3 6 6 4 3 2 6 3 0 3 6 6
1 7 8 7 8 6 3 3 4 8 9 4 5 5 9 3 3 0 5 9
4 10 11 10 12 9 8 5 5 6 12 9 6 9 12 8 6 5 0 12
9 2 2 2 2 4 7 7 7 8 2 9 6 4 1 8 6 9 12 0
,
0 18 49 30 50 40 20 7 17 18 58 29 20 19 49 22 16 3 22 38
33 0 6 1 11 12 19 29 22 25 15 29 32 9 10 19 11 35 47 15
41 15 0 10 1 10 19 32 44 50 1 35 44 13 5 35 17 32 66 4
34 2 13 0 8 13 21 27 19 21 10 23 20 9 15 21 22 19 41 11
56 11 1 15 0 20 17 46 45 26 1 45 27 13 3 20 28 62 77 13
39 8 7 10 16 0 22 28 20 51 17 32 32 4 15 27 21 24 49 17
11 40 38 32 24 18 0 24 20 61 22 8 44 21 24 3 14 19 34 23
14 16 45 15 19 21 35 0 5 16 34 34 10 24 22 19 10 23 26 45
14 31 42 17 45 13 15 3 0 21 27 25 8 23 32 35 10 26 25 19
39 24 49 32 47 41 26 23 13 0 46 35 13 27 44 45 36 56 23 53
63 9 3 7 1 22 29 34 48 58 0 41 32 18 1 29 17 46 80 8
13 24 39 43 25 23 6 17 29 60 53 0 44 13 52 8 26 11 34 54
20 17 38 27 29 32 19 15 9 16 48 49 0 12 20 46 19 27 36 31
18 9 19 16 16 5 9 11 25 21 19 29 18 0 11 27 7 31 38 12
39 18 3 11 3 9 38 39 32 52 2 26 24 16 0 38 25 65 77 8
21 39 36 37 28 15 3 17 32 32 26 5 27 22 48 0 9 13 44 53
18 22 36 14 20 13 9 10 14 37 38 30 26 13 29 18 0 16 26 26
8 24 43 35 44 34 12 21 19 48 51 16 34 26 64 14 8 0 34 40
29 69 50 73 62 53 31 33 13 43 54 44 29 38 42 48 20 16 0 37
45 10 8 7 12 19 27 41 23 31 5 24 32 31 4 37 23 27 42 0