4
20
,
0 (25.0, 44.0) 48.0
1 (15.0, 13.0) 48.0
2 (5.0, 9.0) 27.0
3 (14.0, 12.0) 25.0
4 (4.0, 8.0) 33.0
5 (9.0, 21.0) 26.0
6 (7.0, 40.0) 23.0
7 (30.0, 33.0) 28.0
8 (31.0, 29.0) 21.0
9 (47.0, 18.0) 18.0
10 (4.0, 7.0) 32.0
11 (2.0, 47.0) 32.0
12 (34.0, 24.0) 15.0
13 (11.0, 24.0) 26.0
14 (5.0, 5.0) 43.0
15 (7.0, 43.0) 15.0
16 (19.0, 33.0) 18.0
17 (20.0, 47.0) 31.0
18 (46.0, 49.0) 28.0
19 (11.0, 3.0) 14.0
,
0 7 8 7 8 6 4 2 3 7 9 5 4 5 9 4 3 1 4 9
7 0 2 0 2 2 6 5 5 6 3 7 4 2 3 6 4 7 10 2
8 2 0 2 0 3 6 7 7 9 0 8 7 3 1 7 6 8 11 2
7 0 2 0 2 2 6 5 5 7 2 7 5 2 2 6 4 7 10 2
8 2 0 2 0 3 6 7 7 9 0 8 7 3 1 7 6 8 12 2
6 2 3 2 3 0 4 5 5 8 3 5 5 1 3 4 3 6 9 4
4 6 6 6 6 4 0 5 5 9 7 2 6 3 7 1 3 3 8 7
2 5 7 5 7 5 5 0 1 5 7 6 2 4 8 5 2 3 5 7
3 5 7 5 7 5 5 1 0 4 7 7 1 4 7 6 3 4 5 7
7 6 9 7 9 8 9 5 4 0 9 11 3 7 9 9 6 8 6 8
9 3 0 2 0 3 7 7 7 9 0 8 7 4 0 7 6 9 12 2
5 7 8 7 8 5 2 6 7 11 8 0 8 5 8 1 4 4 9 9
4 4 7 5 7 5 6 2 1 3 7 8 0 5 7 7 3 5 6 6
5 2 3 2 3 1 3 4 4 7 4 5 5 0 4 4 2 5 9 4
9 3 1 2 1 3 7 8 7 9 0 8 7 4 0 8 6 9 12 1
4 6 7 6 7 4 1 5 6 9 7 1 7 4 8 0 3 3 8 8
3 4 6 4 6 3 3 2 3 6 6 4 3 2 6 3 0 3 6 6
1 7 8 7 8 6 3 3 4 8 9 4 5 5 9 3 3 0 5 9
4 10 11 10 12 9 8 5 5 6 12 9 6 9 12 8 6 5 0 12
9 2 2 2 2 4 7 7 7 8 2 9 6 4 1 8 6 9 12 0
,
0 27 53 27 51 17 11 14 19 31 59 22 13 22 61 22 16 6 24 38
48 0 9 2 10 14 21 30 32 44 12 36 13 16 13 42 12 26 60 7
60 15 0 10 2 7 18 18 21 33 2 32 36 20 3 35 42 56 49 5
44 1 10 0 12 7 34 26 33 28 16 36 33 6 16 33 17 40 29 9
37 11 2 8 0 8 18 33 38 44 1 37 25 15 5 33 32 44 46 10
40 5 19 15 14 0 13 13 21 47 21 31 15 2 25 12 11 37 37 22
17 27 39 23 32 27 0 24 27 35 42 6 37 15 19 2 20 15 47 33
9 29 45 30 52 33 36 0 3 26 25 29 10 25 27 13 9 13 27 52
23 16 26 19 45 29 35 4 0 24 27 50 7 26 33 28 15 12 33 36
40 38 50 19 34 49 38 28 25 0 33 50 12 26 24 25 35 37 40 51
34 15 2 8 1 17 23 41 23 36 0 42 28 14 2 22 25 54 81 7
24 29 51 20 46 19 7 26 48 70 59 0 42 13 45 7 29 21 43 33
16 30 28 22 30 24 35 9 8 21 34 41 0 31 51 26 22 14 19 43
21 7 22 8 14 3 15 24 29 35 20 34 30 0 12 11 10 27 52 24
50 12 4 10 5 20 38 50 53 23 2 22 42 12 0 27 45 25 77 8
26 32 44 43 38 25 3 13 25 43 44 4 45 28 31 0 10 9 49 25
14 18 17 19 23 12 7 16 9 26 25 18 12 12 18 12 0 16 24 27
6 40 49 36 53 41 12 18 27 22 51 21 22 16 34 16 19 0 29 37
29 65 68 66 60 61 34 13 29 29 81 28 14 53 58 22 34 35 0 53
43 16 4 8 13 9 44 27 43 44 9 32 33 19 7 54 28 25 54 0