4
20
,
0 (25.0, 44.0) 22.0
1 (15.0, 13.0) 19.0
2 (5.0, 9.0) 35.0
3 (14.0, 12.0) 17.0
4 (4.0, 8.0) 13.0
5 (9.0, 21.0) 22.0
6 (7.0, 40.0) 10.0
7 (30.0, 33.0) 23.0
8 (31.0, 29.0) 20.0
9 (47.0, 18.0) 31.0
10 (4.0, 7.0) 18.0
11 (2.0, 47.0) 34.0
12 (34.0, 24.0) 20.0
13 (11.0, 24.0) 18.0
14 (5.0, 5.0) 42.0
15 (7.0, 43.0) 12.0
16 (19.0, 33.0) 29.0
17 (20.0, 47.0) 34.0
18 (46.0, 49.0) 25.0
19 (11.0, 3.0) 27.0
,
0 7 8 7 8 6 4 2 3 7 9 5 4 5 9 4 3 1 4 9
7 0 2 0 2 2 6 5 5 6 3 7 4 2 3 6 4 7 10 2
8 2 0 2 0 3 6 7 7 9 0 8 7 3 1 7 6 8 11 2
7 0 2 0 2 2 6 5 5 7 2 7 5 2 2 6 4 7 10 2
8 2 0 2 0 3 6 7 7 9 0 8 7 3 1 7 6 8 12 2
6 2 3 2 3 0 4 5 5 8 3 5 5 1 3 4 3 6 9 4
4 6 6 6 6 4 0 5 5 9 7 2 6 3 7 1 3 3 8 7
2 5 7 5 7 5 5 0 1 5 7 6 2 4 8 5 2 3 5 7
3 5 7 5 7 5 5 1 0 4 7 7 1 4 7 6 3 4 5 7
7 6 9 7 9 8 9 5 4 0 9 11 3 7 9 9 6 8 6 8
9 3 0 2 0 3 7 7 7 9 0 8 7 4 0 7 6 9 12 2
5 7 8 7 8 5 2 6 7 11 8 0 8 5 8 1 4 4 9 9
4 4 7 5 7 5 6 2 1 3 7 8 0 5 7 7 3 5 6 6
5 2 3 2 3 1 3 4 4 7 4 5 5 0 4 4 2 5 9 4
9 3 1 2 1 3 7 8 7 9 0 8 7 4 0 8 6 9 12 1
4 6 7 6 7 4 1 5 6 9 7 1 7 4 8 0 3 3 8 8
3 4 6 4 6 3 3 2 3 6 6 4 3 2 6 3 0 3 6 6
1 7 8 7 8 6 3 3 4 8 9 4 5 5 9 3 3 0 5 9
4 10 11 10 12 9 8 5 5 6 12 9 6 9 12 8 6 5 0 12
9 2 2 2 2 4 7 7 7 8 2 9 6 4 1 8 6 9 12 0
,
0 45 55 23 22 42 15 15 15 34 62 35 15 33 53 11 17 8 13 47
29 0 6 2 6 8 14 36 14 43 7 42 17 17 16 18 17 29 70 13
24 12 0 11 2 9 44 23 22 30 2 36 29 9 2 49 23 37 42 9
39 2 6 0 12 6 16 32 33 41 9 50 26 14 15 44 16 47 42 11
28 13 1 10 0 19 31 33 32 23 1 57 20 16 4 38 35 30 54 10
24 9 12 9 18 0 13 18 26 27 9 30 22 4 14 33 9 41 63 13
14 26 40 37 17 11 0 15 36 60 21 7 20 24 31 4 20 18 22 25
7 14 42 26 18 18 32 0 6 29 41 41 11 22 51 21 7 14 19 34
17 12 40 15 48 19 20 3 0 14 50 35 7 26 23 17 7 28 17 35
21 28 35 17 49 53 31 15 25 0 33 59 18 44 42 29 36 34 26 33
35 17 3 14 1 8 41 44 21 25 0 25 34 25 2 24 20 34 43 9
20 53 23 50 40 14 10 39 30 70 22 0 26 32 38 8 27 18 23 24
28 26 33 30 40 36 23 11 4 13 21 49 0 27 42 44 21 27 41 41
29 8 11 14 25 2 18 22 21 41 16 17 25 0 24 16 16 13 50 17
40 6 3 10 3 22 31 52 41 25 2 31 49 17 0 43 45 49 88 6
20 34 23 38 26 15 2 36 17 56 36 4 23 20 23 0 23 9 56 60
14 26 37 30 41 16 21 14 9 39 43 30 12 7 36 19 0 13 40 24
4 25 55 32 60 21 9 10 25 54 48 13 37 19 41 12 17 0 25 40
11 69 29 54 49 64 59 12 13 33 59 41 21 43 36 46 26 22 0 69
47 6 10 8 10 23 34 40 23 36 10 39 44 14 4 27 37 32 71 0