4
20
,
0 (25.0, 44.0) 38.0
1 (15.0, 13.0) 22.0
2 (5.0, 9.0) 29.0
3 (14.0, 12.0) 37.0
4 (4.0, 8.0) 11.0
5 (9.0, 21.0) 30.0
6 (7.0, 40.0) 35.0
7 (30.0, 33.0) 34.0
8 (31.0, 29.0) 49.0
9 (47.0, 18.0) 30.0
10 (4.0, 7.0) 27.0
11 (2.0, 47.0) 32.0
12 (34.0, 24.0) 26.0
13 (11.0, 24.0) 26.0
14 (5.0, 5.0) 19.0
15 (7.0, 43.0) 19.0
16 (19.0, 33.0) 21.0
17 (20.0, 47.0) 13.0
18 (46.0, 49.0) 37.0
19 (11.0, 3.0) 31.0
,
0 7 8 7 8 6 4 2 3 7 9 5 4 5 9 4 3 1 4 9
7 0 2 0 2 2 6 5 5 6 3 7 4 2 3 6 4 7 10 2
8 2 0 2 0 3 6 7 7 9 0 8 7 3 1 7 6 8 11 2
7 0 2 0 2 2 6 5 5 7 2 7 5 2 2 6 4 7 10 2
8 2 0 2 0 3 6 7 7 9 0 8 7 3 1 7 6 8 12 2
6 2 3 2 3 0 4 5 5 8 3 5 5 1 3 4 3 6 9 4
4 6 6 6 6 4 0 5 5 9 7 2 6 3 7 1 3 3 8 7
2 5 7 5 7 5 5 0 1 5 7 6 2 4 8 5 2 3 5 7
3 5 7 5 7 5 5 1 0 4 7 7 1 4 7 6 3 4 5 7
7 6 9 7 9 8 9 5 4 0 9 11 3 7 9 9 6 8 6 8
9 3 0 2 0 3 7 7 7 9 0 8 7 4 0 7 6 9 12 2
5 7 8 7 8 5 2 6 7 11 8 0 8 5 8 1 4 4 9 9
4 4 7 5 7 5 6 2 1 3 7 8 0 5 7 7 3 5 6 6
5 2 3 2 3 1 3 4 4 7 4 5 5 0 4 4 2 5 9 4
9 3 1 2 1 3 7 8 7 9 0 8 7 4 0 8 6 9 12 1
4 6 7 6 7 4 1 5 6 9 7 1 7 4 8 0 3 3 8 8
3 4 6 4 6 3 3 2 3 6 6 4 3 2 6 3 0 3 6 6
1 7 8 7 8 6 3 3 4 8 9 4 5 5 9 3 3 0 5 9
4 10 11 10 12 9 8 5 5 6 12 9 6 9 12 8 6 5 0 12
9 2 2 2 2 4 7 7 7 8 2 9 6 4 1 8 6 9 12 0
,
0 32 42 24 56 23 17 13 20 49 61 21 16 22 49 26 14 7 17 33
22 0 14 2 12 12 29 14 17 47 7 41 18 17 13 25 26 26 31 12
60 14 0 11 1 7 46 39 24 37 3 34 34 15 4 48 20 22 70 8
24 1 8 0 14 15 22 19 20 43 15 37 12 13 9 25 24 43 65 10
31 13 1 15 0 11 25 23 21 47 1 56 27 12 3 35 18 45 50 13
31 11 14 14 20 0 17 13 33 26 13 29 18 4 24 28 20 19 62 24
19 21 33 29 17 24 0 22 16 62 37 5 41 21 27 2 19 10 22 32
9 32 37 29 30 17 33 0 5 30 31 20 9 23 48 16 16 19 28 34
20 12 23 13 40 16 29 3 0 19 19 41 4 27 51 19 15 31 29 43
44 29 50 35 30 43 43 29 11 0 54 70 8 23 44 41 28 27 21 29
24 7 1 14 1 17 46 26 25 22 0 23 46 24 1 50 18 61 74 9
28 21 50 49 45 25 7 24 48 47 50 0 32 29 29 8 25 22 57 23
16 30 30 29 32 36 47 5 8 15 50 55 0 15 25 17 23 38 39 23
37 17 22 18 17 5 13 21 26 44 10 19 33 0 11 11 15 23 58 22
53 19 3 13 3 13 39 25 18 51 3 32 26 12 0 46 39 61 84 4
10 29 33 43 43 20 3 22 25 70 23 9 31 22 54 0 13 9 41 33
8 13 21 11 23 16 16 16 12 38 34 32 16 15 40 11 0 18 36 24
4 41 26 19 31 36 22 22 14 28 62 22 26 36 56 20 16 0 37 43
20 46 48 48 33 28 60 22 31 47 56 31 33 33 88 21 46 33 0 34
56 13 7 14 8 23 53 53 30 24 11 33 16 12 5 39 35 30 39 0