4
20
,
0 (25.0, 44.0) 43.0
1 (15.0, 13.0) 42.0
2 (5.0, 9.0) 25.0
3 (14.0, 12.0) 46.0
4 (4.0, 8.0) 27.0
5 (9.0, 21.0) 10.0
6 (7.0, 40.0) 29.0
7 (30.0, 33.0) 10.0
8 (31.0, 29.0) 48.0
9 (47.0, 18.0) 22.0
10 (4.0, 7.0) 25.0
11 (2.0, 47.0) 47.0
12 (34.0, 24.0) 44.0
13 (11.0, 24.0) 14.0
14 (5.0, 5.0) 42.0
15 (7.0, 43.0) 30.0
16 (19.0, 33.0) 47.0
17 (20.0, 47.0) 34.0
18 (46.0, 49.0) 11.0
19 (11.0, 3.0) 40.0
,
0 7 8 7 8 6 4 2 3 7 9 5 4 5 9 4 3 1 4 9
7 0 2 0 2 2 6 5 5 6 3 7 4 2 3 6 4 7 10 2
8 2 0 2 0 3 6 7 7 9 0 8 7 3 1 7 6 8 11 2
7 0 2 0 2 2 6 5 5 7 2 7 5 2 2 6 4 7 10 2
8 2 0 2 0 3 6 7 7 9 0 8 7 3 1 7 6 8 12 2
6 2 3 2 3 0 4 5 5 8 3 5 5 1 3 4 3 6 9 4
4 6 6 6 6 4 0 5 5 9 7 2 6 3 7 1 3 3 8 7
2 5 7 5 7 5 5 0 1 5 7 6 2 4 8 5 2 3 5 7
3 5 7 5 7 5 5 1 0 4 7 7 1 4 7 6 3 4 5 7
7 6 9 7 9 8 9 5 4 0 9 11 3 7 9 9 6 8 6 8
9 3 0 2 0 3 7 7 7 9 0 8 7 4 0 7 6 9 12 2
5 7 8 7 8 5 2 6 7 11 8 0 8 5 8 1 4 4 9 9
4 4 7 5 7 5 6 2 1 3 7 8 0 5 7 7 3 5 6 6
5 2 3 2 3 1 3 4 4 7 4 5 5 0 4 4 2 5 9 4
9 3 1 2 1 3 7 8 7 9 0 8 7 4 0 8 6 9 12 1
4 6 7 6 7 4 1 5 6 9 7 1 7 4 8 0 3 3 8 8
3 4 6 4 6 3 3 2 3 6 6 4 3 2 6 3 0 3 6 6
1 7 8 7 8 6 3 3 4 8 9 4 5 5 9 3 3 0 5 9
4 10 11 10 12 9 8 5 5 6 12 9 6 9 12 8 6 5 0 12
9 2 2 2 2 4 7 7 7 8 2 9 6 4 1 8 6 9 12 0
,
0 45 30 29 43 28 22 17 11 23 29 20 24 22 37 14 11 8 31 63
20 0 14 1 17 6 21 20 27 35 11 32 26 10 16 21 11 34 34 10
60 15 0 13 1 12 31 49 27 62 1 26 26 24 3 42 28 24 33 8
49 2 10 0 7 5 16 34 34 38 6 34 23 13 8 17 17 51 53 13
32 11 2 10 0 9 26 30 48 46 1 22 29 19 2 24 17 23 36 9
14 14 7 8 14 0 20 34 18 26 19 40 31 3 13 22 14 32 62 18
13 38 38 40 39 28 0 22 18 68 28 9 47 11 44 3 15 10 32 37
14 29 36 22 22 14 23 0 5 20 33 37 14 28 28 19 12 23 16 25
11 26 34 24 23 34 24 4 0 28 38 22 6 15 21 23 6 24 20 39
19 43 47 25 49 23 24 15 13 0 28 43 10 52 25 34 19 54 45 58
61 10 2 14 1 18 22 29 30 53 0 31 35 18 1 41 36 58 33 8
15 45 50 34 21 39 5 19 27 36 25 0 52 19 57 7 20 21 53 61
21 27 29 33 18 29 46 8 8 9 44 23 0 16 23 49 13 23 33 32
28 11 8 18 25 3 13 16 18 27 10 16 23 0 18 25 18 31 29 21
62 16 3 6 2 11 46 28 22 60 1 57 47 10 0 44 19 64 70 7
14 46 22 42 18 32 4 34 34 27 30 4 22 12 33 0 23 14 34 45
9 28 24 31 30 9 13 15 14 32 36 26 17 15 41 10 0 8 41 36
6 19 43 30 61 42 13 11 30 39 61 22 30 22 55 18 10 0 17 52
24 68 50 31 44 23 29 18 22 22 44 43 30 29 67 42 43 13 0 48
64 12 11 7 10 20 38 48 46 34 10 65 34 27 7 60 30 32 82 0