4
20
,
0 (25.0, 44.0) 16.0
1 (15.0, 13.0) 30.0
2 (5.0, 9.0) 13.0
3 (14.0, 12.0) 40.0
4 (4.0, 8.0) 24.0
5 (9.0, 21.0) 14.0
6 (7.0, 40.0) 40.0
7 (30.0, 33.0) 28.0
8 (31.0, 29.0) 28.0
9 (47.0, 18.0) 19.0
10 (4.0, 7.0) 11.0
11 (2.0, 47.0) 39.0
12 (34.0, 24.0) 45.0
13 (11.0, 24.0) 12.0
14 (5.0, 5.0) 31.0
15 (7.0, 43.0) 13.0
16 (19.0, 33.0) 50.0
17 (20.0, 47.0) 20.0
18 (46.0, 49.0) 18.0
19 (11.0, 3.0) 11.0
,
0 7 8 7 8 6 4 2 3 7 9 5 4 5 9 4 3 1 4 9
7 0 2 0 2 2 6 5 5 6 3 7 4 2 3 6 4 7 10 2
8 2 0 2 0 3 6 7 7 9 0 8 7 3 1 7 6 8 11 2
7 0 2 0 2 2 6 5 5 7 2 7 5 2 2 6 4 7 10 2
8 2 0 2 0 3 6 7 7 9 0 8 7 3 1 7 6 8 12 2
6 2 3 2 3 0 4 5 5 8 3 5 5 1 3 4 3 6 9 4
4 6 6 6 6 4 0 5 5 9 7 2 6 3 7 1 3 3 8 7
2 5 7 5 7 5 5 0 1 5 7 6 2 4 8 5 2 3 5 7
3 5 7 5 7 5 5 1 0 4 7 7 1 4 7 6 3 4 5 7
7 6 9 7 9 8 9 5 4 0 9 11 3 7 9 9 6 8 6 8
9 3 0 2 0 3 7 7 7 9 0 8 7 4 0 7 6 9 12 2
5 7 8 7 8 5 2 6 7 11 8 0 8 5 8 1 4 4 9 9
4 4 7 5 7 5 6 2 1 3 7 8 0 5 7 7 3 5 6 6
5 2 3 2 3 1 3 4 4 7 4 5 5 0 4 4 2 5 9 4
9 3 1 2 1 3 7 8 7 9 0 8 7 4 0 8 6 9 12 1
4 6 7 6 7 4 1 5 6 9 7 1 7 4 8 0 3 3 8 8
3 4 6 4 6 3 3 2 3 6 6 4 3 2 6 3 0 3 6 6
1 7 8 7 8 6 3 3 4 8 9 4 5 5 9 3 3 0 5 9
4 10 11 10 12 9 8 5 5 6 12 9 6 9 12 8 6 5 0 12
9 2 2 2 2 4 7 7 7 8 2 9 6 4 1 8 6 9 12 0
,
0 28 49 18 35 30 25 9 16 19 62 29 24 13 39 17 18 4 19 46
35 0 5 1 17 12 37 30 20 44 14 45 15 14 9 19 26 28 68 7
55 9 0 9 1 7 24 18 39 62 3 48 42 21 5 46 39 42 53 11
25 1 11 0 8 9 20 39 34 42 7 40 31 9 14 32 26 18 40 6
30 10 1 13 0 20 24 37 50 27 1 46 42 12 4 30 17 46 42 6
31 11 13 6 14 0 17 23 34 53 10 14 21 5 13 27 17 35 56 27
23 16 30 35 21 17 0 20 24 28 40 6 30 16 38 3 21 16 26 49
7 29 47 25 27 35 29 0 5 19 49 34 10 11 26 13 8 24 12 28
9 14 38 18 28 17 37 4 0 12 20 31 3 19 19 25 16 15 29 40
44 31 35 41 43 20 31 26 24 0 58 72 15 38 64 39 30 54 25 38
39 18 3 13 1 13 46 31 26 32 0 42 26 10 2 53 21 61 86 11
34 29 50 27 36 15 6 44 42 54 22 0 49 27 49 10 24 24 65 51
30 17 18 15 48 38 45 13 5 8 49 38 0 24 21 19 15 24 17 28
17 9 9 15 9 4 11 13 23 47 26 15 13 0 15 24 11 33 46 31
29 11 2 8 3 15 18 49 24 57 2 50 43 26 0 54 32 24 83 6
14 21 22 47 47 30 4 33 26 53 45 8 19 20 43 0 11 16 27 24
7 23 18 22 31 23 13 8 19 39 43 29 12 15 37 22 0 15 22 23
8 39 35 32 26 17 19 13 16 31 59 26 39 15 60 15 7 0 25 26
26 48 74 61 53 44 48 33 33 18 54 31 25 46 51 33 18 34 0 78
41 5 7 14 7 15 29 49 34 38 12 37 28 12 5 57 37 40 46 0