4
20
,
0 (25.0, 44.0) 11.0
1 (15.0, 13.0) 34.0
2 (5.0, 9.0) 22.0
3 (14.0, 12.0) 11.0
4 (4.0, 8.0) 35.0
5 (9.0, 21.0) 33.0
6 (7.0, 40.0) 13.0
7 (30.0, 33.0) 32.0
8 (31.0, 29.0) 15.0
9 (47.0, 18.0) 33.0
10 (4.0, 7.0) 24.0
11 (2.0, 47.0) 22.0
12 (34.0, 24.0) 11.0
13 (11.0, 24.0) 26.0
14 (5.0, 5.0) 23.0
15 (7.0, 43.0) 47.0
16 (19.0, 33.0) 22.0
17 (20.0, 47.0) 31.0
18 (46.0, 49.0) 39.0
19 (11.0, 3.0) 38.0
,
0 7 8 7 8 6 4 2 3 7 9 5 4 5 9 4 3 1 4 9
7 0 2 0 2 2 6 5 5 6 3 7 4 2 3 6 4 7 10 2
8 2 0 2 0 3 6 7 7 9 0 8 7 3 1 7 6 8 11 2
7 0 2 0 2 2 6 5 5 7 2 7 5 2 2 6 4 7 10 2
8 2 0 2 0 3 6 7 7 9 0 8 7 3 1 7 6 8 12 2
6 2 3 2 3 0 4 5 5 8 3 5 5 1 3 4 3 6 9 4
4 6 6 6 6 4 0 5 5 9 7 2 6 3 7 1 3 3 8 7
2 5 7 5 7 5 5 0 1 5 7 6 2 4 8 5 2 3 5 7
3 5 7 5 7 5 5 1 0 4 7 7 1 4 7 6 3 4 5 7
7 6 9 7 9 8 9 5 4 0 9 11 3 7 9 9 6 8 6 8
9 3 0 2 0 3 7 7 7 9 0 8 7 4 0 7 6 9 12 2
5 7 8 7 8 5 2 6 7 11 8 0 8 5 8 1 4 4 9 9
4 4 7 5 7 5 6 2 1 3 7 8 0 5 7 7 3 5 6 6
5 2 3 2 3 1 3 4 4 7 4 5 5 0 4 4 2 5 9 4
9 3 1 2 1 3 7 8 7 9 0 8 7 4 0 8 6 9 12 1
4 6 7 6 7 4 1 5 6 9 7 1 7 4 8 0 3 3 8 8
3 4 6 4 6 3 3 2 3 6 6 4 3 2 6 3 0 3 6 6
1 7 8 7 8 6 3 3 4 8 9 4 5 5 9 3 3 0 5 9
4 10 11 10 12 9 8 5 5 6 12 9 6 9 12 8 6 5 0 12
9 2 2 2 2 4 7 7 7 8 2 9 6 4 1 8 6 9 12 0
,
0 46 45 29 41 26 14 8 20 45 55 17 14 16 50 12 16 7 12 22
24 0 13 2 15 10 37 21 21 41 11 23 28 7 17 21 11 39 44 12
21 10 0 11 2 17 25 38 41 57 3 53 24 19 2 43 27 33 80 11
34 2 11 0 6 8 43 29 29 20 15 28 25 7 11 24 28 39 45 6
49 16 2 15 0 16 31 20 29 46 1 57 19 18 4 41 36 41 71 7
22 12 12 14 19 0 13 28 25 24 10 16 17 3 22 13 23 35 63 25
16 21 28 15 26 17 0 29 16 26 45 13 39 22 18 3 14 10 38 27
14 36 47 19 35 27 15 0 6 27 45 32 11 15 19 28 11 25 12 26
22 19 17 25 36 22 17 6 0 16 49 51 5 27 51 18 9 23 23 42
25 35 27 33 42 32 38 32 20 0 53 67 18 23 37 62 28 22 36 24
37 8 3 10 1 14 35 40 34 42 0 22 48 17 2 53 38 37 53 7
34 46 22 52 36 32 5 43 27 44 47 0 26 30 47 6 16 23 35 40
22 18 33 26 46 24 36 9 4 11 44 44 0 20 25 17 24 20 21 46
13 13 22 8 18 5 12 12 17 45 22 19 33 0 19 14 7 30 41 18
30 18 4 15 2 24 47 25 34 50 2 57 35 12 0 36 26 39 81 5
23 40 42 32 34 30 2 21 20 38 23 6 43 20 56 0 15 19 46 47
17 13 40 14 43 18 19 16 14 24 25 26 18 14 45 13 0 10 20 28
8 22 36 24 42 27 12 23 16 50 22 17 20 21 63 12 11 0 20 34
18 48 30 65 48 23 24 27 22 17 46 32 33 37 68 59 18 16 0 57
34 10 7 10 11 23 21 34 39 35 10 32 41 28 8 22 22 29 66 0