4
20
,
0 (25.0, 44.0) 31.0
1 (15.0, 13.0) 16.0
2 (5.0, 9.0) 13.0
3 (14.0, 12.0) 37.0
4 (4.0, 8.0) 37.0
5 (9.0, 21.0) 21.0
6 (7.0, 40.0) 18.0
7 (30.0, 33.0) 13.0
8 (31.0, 29.0) 15.0
9 (47.0, 18.0) 10.0
10 (4.0, 7.0) 30.0
11 (2.0, 47.0) 15.0
12 (34.0, 24.0) 19.0
13 (11.0, 24.0) 17.0
14 (5.0, 5.0) 13.0
15 (7.0, 43.0) 19.0
16 (19.0, 33.0) 18.0
17 (20.0, 47.0) 36.0
18 (46.0, 49.0) 22.0
19 (11.0, 3.0) 40.0
,
0 7 8 7 8 6 4 2 3 7 9 5 4 5 9 4 3 1 4 9
7 0 2 0 2 2 6 5 5 6 3 7 4 2 3 6 4 7 10 2
8 2 0 2 0 3 6 7 7 9 0 8 7 3 1 7 6 8 11 2
7 0 2 0 2 2 6 5 5 7 2 7 5 2 2 6 4 7 10 2
8 2 0 2 0 3 6 7 7 9 0 8 7 3 1 7 6 8 12 2
6 2 3 2 3 0 4 5 5 8 3 5 5 1 3 4 3 6 9 4
4 6 6 6 6 4 0 5 5 9 7 2 6 3 7 1 3 3 8 7
2 5 7 5 7 5 5 0 1 5 7 6 2 4 8 5 2 3 5 7
3 5 7 5 7 5 5 1 0 4 7 7 1 4 7 6 3 4 5 7
7 6 9 7 9 8 9 5 4 0 9 11 3 7 9 9 6 8 6 8
9 3 0 2 0 3 7 7 7 9 0 8 7 4 0 7 6 9 12 2
5 7 8 7 8 5 2 6 7 11 8 0 8 5 8 1 4 4 9 9
4 4 7 5 7 5 6 2 1 3 7 8 0 5 7 7 3 5 6 6
5 2 3 2 3 1 3 4 4 7 4 5 5 0 4 4 2 5 9 4
9 3 1 2 1 3 7 8 7 9 0 8 7 4 0 8 6 9 12 1
4 6 7 6 7 4 1 5 6 9 7 1 7 4 8 0 3 3 8 8
3 4 6 4 6 3 3 2 3 6 6 4 3 2 6 3 0 3 6 6
1 7 8 7 8 6 3 3 4 8 9 4 5 5 9 3 3 0 5 9
4 10 11 10 12 9 8 5 5 6 12 9 6 9 12 8 6 5 0 12
9 2 2 2 2 4 7 7 7 8 2 9 6 4 1 8 6 9 12 0
,
0 41 32 44 40 23 23 14 10 24 27 32 27 29 65 15 9 8 17 32
43 0 11 2 14 15 26 14 17 41 13 40 15 14 13 42 25 21 69 10
32 6 0 10 2 8 22 33 43 47 1 53 23 21 5 40 40 58 60 12
31 1 13 0 12 9 31 15 32 22 8 38 19 9 14 32 29 37 35 11
36 12 1 15 0 7 32 29 29 63 1 33 41 15 3 39 27 43 38 10
36 14 7 9 14 0 15 24 15 29 15 22 34 5 15 29 13 22 61 20
19 15 22 42 33 14 0 34 14 35 18 11 25 12 43 3 20 9 30 38
18 14 33 15 51 31 33 0 6 15 21 30 13 16 33 31 16 14 13 45
16 16 23 13 40 18 18 2 0 13 32 24 5 28 21 25 17 20 14 47
35 21 59 49 48 42 35 27 22 0 50 62 12 26 57 40 32 54 16 46
31 18 3 13 1 20 42 40 32 50 0 48 43 17 1 26 27 30 67 5
24 33 22 39 46 19 6 20 42 74 38 0 42 29 36 7 13 23 60 44
15 30 43 23 41 16 23 11 4 20 33 52 0 23 22 36 11 32 28 22
25 9 19 9 26 4 24 27 24 43 25 29 27 0 28 16 8 23 51 25
22 18 3 11 2 22 25 20 21 27 2 49 50 19 0 40 27 60 82 8
26 29 36 34 29 33 3 35 19 27 19 5 22 27 22 0 15 17 38 37
15 23 16 17 41 20 12 10 13 18 27 33 11 15 33 17 0 9 22 19
4 18 61 40 63 30 9 13 19 21 24 21 27 13 25 10 13 0 32 67
26 57 38 42 64 41 56 19 26 37 82 53 28 25 77 26 31 32 0 58
32 14 12 9 6 17 32 25 25 39 6 29 47 12 6 28 40 52 80 0