4
20
,
0 (25.0, 44.0) 29.0
1 (15.0, 13.0) 38.0
2 (5.0, 9.0) 24.0
3 (14.0, 12.0) 12.0
4 (4.0, 8.0) 29.0
5 (9.0, 21.0) 12.0
6 (7.0, 40.0) 10.0
7 (30.0, 33.0) 45.0
8 (31.0, 29.0) 17.0
9 (47.0, 18.0) 22.0
10 (4.0, 7.0) 16.0
11 (2.0, 47.0) 30.0
12 (34.0, 24.0) 29.0
13 (11.0, 24.0) 18.0
14 (5.0, 5.0) 12.0
15 (7.0, 43.0) 22.0
16 (19.0, 33.0) 47.0
17 (20.0, 47.0) 49.0
18 (46.0, 49.0) 16.0
19 (11.0, 3.0) 16.0
,
0 7 8 7 8 6 4 2 3 7 9 5 4 5 9 4 3 1 4 9
7 0 2 0 2 2 6 5 5 6 3 7 4 2 3 6 4 7 10 2
8 2 0 2 0 3 6 7 7 9 0 8 7 3 1 7 6 8 11 2
7 0 2 0 2 2 6 5 5 7 2 7 5 2 2 6 4 7 10 2
8 2 0 2 0 3 6 7 7 9 0 8 7 3 1 7 6 8 12 2
6 2 3 2 3 0 4 5 5 8 3 5 5 1 3 4 3 6 9 4
4 6 6 6 6 4 0 5 5 9 7 2 6 3 7 1 3 3 8 7
2 5 7 5 7 5 5 0 1 5 7 6 2 4 8 5 2 3 5 7
3 5 7 5 7 5 5 1 0 4 7 7 1 4 7 6 3 4 5 7
7 6 9 7 9 8 9 5 4 0 9 11 3 7 9 9 6 8 6 8
9 3 0 2 0 3 7 7 7 9 0 8 7 4 0 7 6 9 12 2
5 7 8 7 8 5 2 6 7 11 8 0 8 5 8 1 4 4 9 9
4 4 7 5 7 5 6 2 1 3 7 8 0 5 7 7 3 5 6 6
5 2 3 2 3 1 3 4 4 7 4 5 5 0 4 4 2 5 9 4
9 3 1 2 1 3 7 8 7 9 0 8 7 4 0 8 6 9 12 1
4 6 7 6 7 4 1 5 6 9 7 1 7 4 8 0 3 3 8 8
3 4 6 4 6 3 3 2 3 6 6 4 3 2 6 3 0 3 6 6
1 7 8 7 8 6 3 3 4 8 9 4 5 5 9 3 3 0 5 9
4 10 11 10 12 9 8 5 5 6 12 9 6 9 12 8 6 5 0 12
9 2 2 2 2 4 7 7 7 8 2 9 6 4 1 8 6 9 12 0
,
0 24 26 21 41 29 20 13 18 46 60 18 28 14 25 24 12 7 22 50
19 0 7 2 7 15 37 17 30 48 13 53 32 14 17 21 26 37 30 14
52 14 0 7 2 13 23 32 32 54 3 49 17 23 4 45 27 57 77 7
37 2 8 0 16 15 23 39 19 19 16 39 27 12 15 42 31 21 50 14
40 17 1 13 0 12 30 38 24 64 1 36 43 11 2 22 24 63 82 10
30 14 14 7 20 0 14 15 31 36 12 40 35 3 14 15 20 36 33 21
18 27 32 38 19 25 0 31 32 37 34 7 24 21 37 2 20 11 27 38
12 36 43 33 53 14 15 0 6 19 26 23 6 26 54 25 9 16 27 41
15 34 35 17 22 20 32 6 0 18 30 42 6 18 42 14 15 28 24 31
25 19 29 36 51 45 45 27 16 0 35 71 20 44 46 62 39 53 23 43
53 9 3 12 1 22 34 48 25 24 0 42 30 26 2 29 38 63 80 9
20 23 44 22 40 38 10 34 42 46 33 0 55 26 47 9 17 25 40 31
29 18 23 18 32 26 38 10 8 14 28 36 0 29 25 20 24 20 41 23
22 13 23 8 11 4 16 30 15 50 19 36 23 0 29 13 12 30 36 19
54 19 5 7 3 14 36 24 39 50 2 42 49 26 0 28 38 42 66 7
15 32 48 27 19 26 2 32 40 51 54 6 28 16 28 0 10 17 24 35
7 25 24 20 18 13 15 11 17 20 27 28 15 11 25 22 0 9 44 17
8 30 21 28 32 30 15 17 13 24 61 23 18 13 39 20 18 0 14 62
17 48 46 62 59 64 50 14 23 33 40 46 25 32 40 29 39 28 0 74
49 15 11 13 11 18 50 33 20 25 12 66 34 26 9 21 22 62 76 0