4
20
,
0 (25.0, 44.0) 31.0
1 (15.0, 13.0) 43.0
2 (5.0, 9.0) 45.0
3 (14.0, 12.0) 26.0
4 (4.0, 8.0) 10.0
5 (9.0, 21.0) 42.0
6 (7.0, 40.0) 32.0
7 (30.0, 33.0) 16.0
8 (31.0, 29.0) 15.0
9 (47.0, 18.0) 26.0
10 (4.0, 7.0) 43.0
11 (2.0, 47.0) 19.0
12 (34.0, 24.0) 20.0
13 (11.0, 24.0) 19.0
14 (5.0, 5.0) 30.0
15 (7.0, 43.0) 12.0
16 (19.0, 33.0) 38.0
17 (20.0, 47.0) 48.0
18 (46.0, 49.0) 40.0
19 (11.0, 3.0) 21.0
,
0 7 8 7 8 6 4 2 3 7 9 5 4 5 9 4 3 1 4 9
7 0 2 0 2 2 6 5 5 6 3 7 4 2 3 6 4 7 10 2
8 2 0 2 0 3 6 7 7 9 0 8 7 3 1 7 6 8 11 2
7 0 2 0 2 2 6 5 5 7 2 7 5 2 2 6 4 7 10 2
8 2 0 2 0 3 6 7 7 9 0 8 7 3 1 7 6 8 12 2
6 2 3 2 3 0 4 5 5 8 3 5 5 1 3 4 3 6 9 4
4 6 6 6 6 4 0 5 5 9 7 2 6 3 7 1 3 3 8 7
2 5 7 5 7 5 5 0 1 5 7 6 2 4 8 5 2 3 5 7
3 5 7 5 7 5 5 1 0 4 7 7 1 4 7 6 3 4 5 7
7 6 9 7 9 8 9 5 4 0 9 11 3 7 9 9 6 8 6 8
9 3 0 2 0 3 7 7 7 9 0 8 7 4 0 7 6 9 12 2
5 7 8 7 8 5 2 6 7 11 8 0 8 5 8 1 4 4 9 9
4 4 7 5 7 5 6 2 1 3 7 8 0 5 7 7 3 5 6 6
5 2 3 2 3 1 3 4 4 7 4 5 5 0 4 4 2 5 9 4
9 3 1 2 1 3 7 8 7 9 0 8 7 4 0 8 6 9 12 1
4 6 7 6 7 4 1 5 6 9 7 1 7 4 8 0 3 3 8 8
3 4 6 4 6 3 3 2 3 6 6 4 3 2 6 3 0 3 6 6
1 7 8 7 8 6 3 3 4 8 9 4 5 5 9 3 3 0 5 9
4 10 11 10 12 9 8 5 5 6 12 9 6 9 12 8 6 5 0 12
9 2 2 2 2 4 7 7 7 8 2 9 6 4 1 8 6 9 12 0
,
0 37 55 43 48 21 15 16 22 35 33 21 21 25 49 13 10 5 32 47
31 0 15 2 15 13 20 26 23 32 7 29 22 6 8 41 10 22 27 8
37 10 0 14 2 8 28 18 25 59 3 45 26 9 2 25 26 47 81 8
30 2 7 0 15 10 28 30 16 39 9 19 35 19 16 46 21 52 72 6
23 15 2 15 0 13 43 20 49 45 1 45 24 13 3 35 17 52 66 8
26 14 10 5 13 0 26 14 34 50 19 39 19 5 17 21 23 34 47 12
10 14 27 43 18 25 0 33 19 57 21 6 34 10 29 2 10 8 25 30
14 25 23 34 50 12 22 0 2 15 53 44 9 20 48 18 14 13 26 40
12 34 36 33 35 31 19 3 0 17 26 44 8 21 45 15 15 15 35 45
32 36 27 17 47 49 49 32 10 0 35 53 9 31 48 35 40 45 21 40
61 17 1 15 1 15 41 21 45 53 0 30 31 10 2 34 43 34 62 12
22 38 20 46 50 32 11 21 46 62 49 0 26 31 63 8 32 20 52 33
30 19 41 28 23 15 24 10 3 7 33 44 0 29 20 33 17 33 35 31
25 17 9 17 11 2 13 13 31 31 12 28 34 0 26 12 6 18 38 16
30 9 3 16 3 15 21 39 18 32 2 28 21 17 0 25 44 26 83 7
9 21 18 28 31 27 3 32 35 65 33 6 34 12 47 0 20 19 27 33
16 21 19 13 32 22 9 16 8 23 27 22 16 12 23 16 0 9 28 40
3 28 35 44 22 32 11 12 23 38 58 14 30 22 53 11 16 0 39 61
16 67 38 40 82 52 58 26 22 19 76 50 38 35 64 23 34 38 0 46
29 6 11 14 5 11 42 38 25 25 12 33 38 30 7 49 16 48 47 0