5
30
,
0 (34.0, 30.0) 57.0
1 (29.0, 4.0) 32.0
2 (44.0, 43.0) 66.0
3 (47.0, 41.0) 54.0
4 (43.0, 9.0) 73.0
5 (29.0, 16.0) 72.0
6 (21.0, 29.0) 47.0
7 (49.0, 42.0) 31.0
8 (20.0, 46.0) 34.0
9 (44.0, 1.0) 68.0
10 (3.0, 14.0) 32.0
11 (31.0, 21.0) 75.0
12 (25.0, 26.0) 83.0
13 (40.0, 44.0) 35.0
14 (8.0, 50.0) 58.0
15 (30.0, 2.0) 36.0
16 (33.0, 45.0) 47.0
17 (50.0, 47.0) 40.0
18 (44.0, 6.0) 78.0
19 (27.0, 50.0) 34.0
20 (45.0, 29.0) 87.0
21 (2.0, 4.0) 60.0
22 (16.0, 43.0) 37.0
23 (35.0, 33.0) 49.0
24 (32.0, 42.0) 87.0
25 (23.0, 33.0) 81.0
26 (2.0, 5.0) 51.0
27 (14.0, 35.0) 46.0
28 (31.0, 13.0) 82.0
29 (39.0, 10.0) 57.0
,
0 23 15 31 31 22 17 18 32 25 22 7 19 18 30 25 15 28 34 22 28 27 2 23 24 26 20 3 19 17 20 0
23 0 13 8 9 11 7 7 10 11 15 17 5 5 8 16 14 8 12 13 11 6 21 11 2 6 6 20 10 9 10 23
15 13 0 21 21 7 6 13 21 21 8 14 9 11 21 25 1 21 24 8 23 15 14 21 15 19 15 14 17 5 6 15
31 8 21 0 2 17 15 13 3 12 21 25 13 13 2 18 22 6 4 18 9 7 29 14 7 6 12 28 16 16 17 31
31 9 21 2 0 16 15 14 1 14 20 26 13 13 4 20 21 7 3 18 11 6 29 16 7 8 13 29 17 16 16 31
22 11 7 17 16 0 8 15 17 22 4 20 8 12 18 27 7 19 19 2 22 10 21 22 13 17 16 21 19 6 2 22
17 7 6 15 15 8 0 8 16 16 11 13 3 5 15 20 7 15 19 9 17 10 15 15 9 13 9 15 12 2 6 17
18 7 13 13 14 15 8 0 15 9 18 12 6 2 12 12 14 10 17 16 11 12 16 7 7 9 2 15 5 9 13 18
32 10 21 3 1 17 16 15 0 15 21 27 14 14 5 21 22 8 3 18 12 7 30 17 8 8 14 30 18 17 17 32
25 11 21 12 14 22 16 9 15 0 26 18 14 10 10 6 23 7 15 23 4 15 23 2 10 6 7 22 6 17 20 25
22 15 8 21 20 4 11 18 21 26 0 22 12 16 22 30 7 23 23 2 26 14 21 25 17 21 19 21 23 9 5 22
7 17 14 25 26 20 13 12 27 18 22 0 14 13 24 18 15 22 29 21 22 22 5 16 19 20 14 5 12 14 18 7
19 5 9 13 13 8 3 6 14 14 12 14 0 4 12 19 10 12 16 10 15 8 17 13 6 11 7 17 11 4 7 19
18 5 11 13 13 12 5 2 14 10 16 13 4 0 12 15 12 10 16 14 12 10 16 10 6 9 4 16 7 7 11 18
30 8 21 2 4 18 15 12 5 10 22 24 12 12 0 16 22 4 5 19 7 8 28 12 6 4 10 27 14 16 17 30
25 16 25 18 20 27 20 12 21 6 30 18 19 15 16 0 26 13 21 28 10 21 23 5 16 13 11 23 8 22 25 25
15 14 1 22 21 7 7 14 22 23 7 15 10 12 22 26 0 22 25 7 24 15 14 22 16 20 16 14 18 6 6 15
28 8 21 6 7 19 15 10 8 7 23 22 12 10 4 13 22 0 9 20 4 10 26 9 6 2 8 25 11 16 18 28
34 12 24 4 3 19 19 17 3 15 23 29 16 16 5 21 25 9 0 21 12 9 32 17 10 9 15 32 19 19 19 34
22 13 8 18 18 2 9 16 18 23 2 21 10 14 19 28 7 20 21 0 24 12 21 23 14 19 17 21 21 7 3 22
28 11 23 9 11 22 17 11 12 4 26 22 15 12 7 10 24 4 12 24 0 14 26 7 9 5 9 26 10 19 21 28
27 6 15 7 6 10 10 12 7 15 14 22 8 10 8 21 15 10 9 12 14 0 25 16 5 9 11 25 16 11 10 27
2 21 14 29 29 21 15 16 30 23 21 5 17 16 28 23 14 26 32 21 26 25 0 21 22 24 18 0 17 15 19 2
23 11 21 14 16 22 15 7 17 2 25 16 13 10 12 5 22 9 17 23 7 16 21 0 11 8 6 20 4 17 20 23
24 2 15 7 7 13 9 7 8 10 17 19 6 6 6 16 16 6 10 14 9 5 22 11 0 5 6 22 11 10 12 24
26 6 19 6 8 17 13 9 8 6 21 20 11 9 4 13 20 2 9 19 5 9 24 8 5 0 6 24 10 15 16 26
20 6 15 12 13 16 9 2 14 7 19 14 7 4 10 11 16 8 15 17 9 11 18 6 6 6 0 18 5 11 14 20
3 20 14 28 29 21 15 15 30 22 21 5 17 16 27 23 14 25 32 21 26 25 0 20 22 24 18 0 16 15 19 3
19 10 17 16 17 19 12 5 18 6 23 12 11 7 14 8 18 11 19 21 10 16 17 4 11 10 5 16 0 14 18 19
17 9 5 16 16 6 2 9 17 17 9 14 4 7 16 22 6 16 19 7 19 11 15 17 10 15 11 15 14 0 4 17
20 10 6 17 16 2 6 13 17 20 5 18 7 11 17 25 6 18 19 3 21 10 19 20 12 16 14 19 18 4 0 20
0 23 15 31 31 22 17 18 32 25 22 7 19 18 30 25 15 28 34 22 28 27 2 23 24 26 20 3 19 17 20 0
,
0 46 21 82 50 35 33 19 36 74 58 12 35 35 76 70 23 74 52 64 34 33 4 56 45 27 53 8 41 39 47 0
44 0 26 17 19 17 10 7 23 18 24 27 11 14 10 19 19 9 31 22 18 16 59 22 2 17 8 57 29 11 25 26
42 37 0 40 54 17 8 38 46 45 21 32 25 24 53 35 3 62 64 14 48 21 37 25 19 23 25 22 41 9 12 21
40 22 58 0 5 36 36 19 5 22 45 38 13 28 4 47 62 10 7 29 13 16 58 33 13 7 25 54 29 43 40 55
86 14 27 5 0 29 21 34 1 20 21 46 26 14 7 48 35 12 3 23 32 7 31 17 14 16 36 74 26 17 34 58
52 24 11 45 47 0 11 22 40 43 7 50 15 20 45 64 12 38 52 2 58 11 55 65 13 44 30 29 35 18 5 55
47 9 6 27 17 21 0 12 18 25 32 15 4 15 21 28 20 16 52 21 28 20 28 23 16 30 27 43 29 4 12 43
21 17 22 22 17 32 20 0 34 14 29 28 19 3 18 30 16 11 24 44 16 17 40 13 9 21 3 43 7 19 20 20
51 13 29 3 2 31 32 39 0 37 26 42 18 29 7 62 37 12 7 22 27 17 56 49 18 22 39 59 32 20 45 71
32 21 33 17 23 60 26 21 17 0 53 42 35 11 25 12 45 9 20 60 10 40 50 5 20 9 17 53 15 32 47 68
64 42 8 40 26 11 17 25 53 28 0 23 35 37 44 48 17 27 25 7 42 33 22 37 20 58 54 39 40 22 12 63
16 19 26 70 60 34 37 25 55 51 31 0 34 28 28 28 31 64 61 57 42 41 12 28 54 54 23 13 27 28 48 9
55 9 21 37 18 22 5 12 35 31 19 23 0 9 36 33 15 20 42 11 42 11 31 30 7 25 15 44 22 11 16 35
51 10 13 13 15 29 11 6 31 23 29 26 6 0 22 15 22 25 48 28 21 17 46 17 12 10 8 38 16 17 17 51
39 18 34 3 10 20 20 18 11 30 47 67 29 27 0 44 39 7 14 55 16 16 52 24 8 9 19 63 40 17 27 39
64 22 70 52 50 42 48 17 27 13 74 28 22 31 20 0 47 26 37 60 16 28 62 6 46 15 24 29 23 27 45 47
32 16 2 38 24 11 10 34 45 56 18 33 28 23 31 54 0 23 43 20 47 43 16 31 36 29 18 33 26 9 18 39
79 14 53 6 17 33 31 24 17 14 35 49 32 22 10 17 28 0 23 34 5 26 33 16 9 3 20 58 18 28 18 69
87 27 41 8 5 54 44 42 4 26 38 36 34 31 9 43 45 12 0 45 27 13 51 37 25 10 22 36 44 57 42 70
67 17 12 48 43 2 20 21 53 26 7 27 19 25 56 76 17 45 57 0 33 12 37 50 43 20 47 45 60 14 6 31
60 28 30 18 22 37 46 25 33 11 44 48 37 18 8 22 58 10 29 26 0 16 45 7 26 9 11 33 29 39 51 73
41 8 33 13 17 19 17 24 9 39 26 49 22 22 14 46 30 16 27 27 24 0 64 19 14 22 26 33 33 17 26 38
2 41 28 80 31 32 20 44 35 32 32 11 34 42 32 53 21 62 59 53 33 46 0 31 32 34 42 1 21 43 24 6
36 17 40 34 42 61 37 12 38 6 36 23 34 10 18 12 39 12 40 53 10 46 55 0 12 24 9 40 8 31 44 33
69 4 38 16 8 13 22 9 13 14 17 20 8 17 17 24 22 17 13 35 14 12 49 16 0 7 15 59 19 30 32 44
39 14 53 11 18 30 22 14 15 16 27 27 27 11 6 31 30 4 10 53 5 12 45 15 6 0 7 40 14 16 48 54
48 15 31 21 36 35 24 2 32 19 40 30 13 4 15 20 43 18 31 38 21 21 51 13 10 7 0 44 7 27 32 48
5 45 20 34 79 55 42 17 34 45 29 13 41 31 48 61 40 49 71 34 38 26 1 57 42 69 30 0 17 20 51 7
36 16 47 16 49 28 30 8 47 10 40 24 31 8 22 24 31 29 54 58 28 39 21 10 17 23 7 38 0 22 39 25
43 23 10 42 25 18 3 25 46 22 21 28 7 14 22 57 8 32 54 9 34 12 39 32 15 40 14 28 40 0 9 22
31 24 13 45 43 2 14 22 35 30 8 31 10 19 51 33 11 24 21 8 56 10 43 43 26 47 20 20 39 9 0 22
0 53 39 92 42 58 39 21 78 40 31 13 29 47 75 47 42 77 46 59 53 27 6 40 41 56 48 4 49 50 38 0