5
30
,
0 (34.0, 30.0) 79.0
1 (29.0, 4.0) 56.0
2 (44.0, 43.0) 36.0
3 (47.0, 41.0) 34.0
4 (43.0, 9.0) 45.0
5 (29.0, 16.0) 36.0
6 (21.0, 29.0) 38.0
7 (49.0, 42.0) 59.0
8 (20.0, 46.0) 73.0
9 (44.0, 1.0) 49.0
10 (3.0, 14.0) 88.0
11 (31.0, 21.0) 75.0
12 (25.0, 26.0) 47.0
13 (40.0, 44.0) 32.0
14 (8.0, 50.0) 79.0
15 (30.0, 2.0) 56.0
16 (33.0, 45.0) 37.0
17 (50.0, 47.0) 41.0
18 (44.0, 6.0) 46.0
19 (27.0, 50.0) 39.0
20 (45.0, 29.0) 36.0
21 (2.0, 4.0) 45.0
22 (16.0, 43.0) 49.0
23 (35.0, 33.0) 47.0
24 (32.0, 42.0) 49.0
25 (23.0, 33.0) 74.0
26 (2.0, 5.0) 64.0
27 (14.0, 35.0) 70.0
28 (31.0, 13.0) 37.0
29 (39.0, 10.0) 43.0
,
0 23 15 31 31 22 17 18 32 25 22 7 19 18 30 25 15 28 34 22 28 27 2 23 24 26 20 3 19 17 20 0
23 0 13 8 9 11 7 7 10 11 15 17 5 5 8 16 14 8 12 13 11 6 21 11 2 6 6 20 10 9 10 23
15 13 0 21 21 7 6 13 21 21 8 14 9 11 21 25 1 21 24 8 23 15 14 21 15 19 15 14 17 5 6 15
31 8 21 0 2 17 15 13 3 12 21 25 13 13 2 18 22 6 4 18 9 7 29 14 7 6 12 28 16 16 17 31
31 9 21 2 0 16 15 14 1 14 20 26 13 13 4 20 21 7 3 18 11 6 29 16 7 8 13 29 17 16 16 31
22 11 7 17 16 0 8 15 17 22 4 20 8 12 18 27 7 19 19 2 22 10 21 22 13 17 16 21 19 6 2 22
17 7 6 15 15 8 0 8 16 16 11 13 3 5 15 20 7 15 19 9 17 10 15 15 9 13 9 15 12 2 6 17
18 7 13 13 14 15 8 0 15 9 18 12 6 2 12 12 14 10 17 16 11 12 16 7 7 9 2 15 5 9 13 18
32 10 21 3 1 17 16 15 0 15 21 27 14 14 5 21 22 8 3 18 12 7 30 17 8 8 14 30 18 17 17 32
25 11 21 12 14 22 16 9 15 0 26 18 14 10 10 6 23 7 15 23 4 15 23 2 10 6 7 22 6 17 20 25
22 15 8 21 20 4 11 18 21 26 0 22 12 16 22 30 7 23 23 2 26 14 21 25 17 21 19 21 23 9 5 22
7 17 14 25 26 20 13 12 27 18 22 0 14 13 24 18 15 22 29 21 22 22 5 16 19 20 14 5 12 14 18 7
19 5 9 13 13 8 3 6 14 14 12 14 0 4 12 19 10 12 16 10 15 8 17 13 6 11 7 17 11 4 7 19
18 5 11 13 13 12 5 2 14 10 16 13 4 0 12 15 12 10 16 14 12 10 16 10 6 9 4 16 7 7 11 18
30 8 21 2 4 18 15 12 5 10 22 24 12 12 0 16 22 4 5 19 7 8 28 12 6 4 10 27 14 16 17 30
25 16 25 18 20 27 20 12 21 6 30 18 19 15 16 0 26 13 21 28 10 21 23 5 16 13 11 23 8 22 25 25
15 14 1 22 21 7 7 14 22 23 7 15 10 12 22 26 0 22 25 7 24 15 14 22 16 20 16 14 18 6 6 15
28 8 21 6 7 19 15 10 8 7 23 22 12 10 4 13 22 0 9 20 4 10 26 9 6 2 8 25 11 16 18 28
34 12 24 4 3 19 19 17 3 15 23 29 16 16 5 21 25 9 0 21 12 9 32 17 10 9 15 32 19 19 19 34
22 13 8 18 18 2 9 16 18 23 2 21 10 14 19 28 7 20 21 0 24 12 21 23 14 19 17 21 21 7 3 22
28 11 23 9 11 22 17 11 12 4 26 22 15 12 7 10 24 4 12 24 0 14 26 7 9 5 9 26 10 19 21 28
27 6 15 7 6 10 10 12 7 15 14 22 8 10 8 21 15 10 9 12 14 0 25 16 5 9 11 25 16 11 10 27
2 21 14 29 29 21 15 16 30 23 21 5 17 16 28 23 14 26 32 21 26 25 0 21 22 24 18 0 17 15 19 2
23 11 21 14 16 22 15 7 17 2 25 16 13 10 12 5 22 9 17 23 7 16 21 0 11 8 6 20 4 17 20 23
24 2 15 7 7 13 9 7 8 10 17 19 6 6 6 16 16 6 10 14 9 5 22 11 0 5 6 22 11 10 12 24
26 6 19 6 8 17 13 9 8 6 21 20 11 9 4 13 20 2 9 19 5 9 24 8 5 0 6 24 10 15 16 26
20 6 15 12 13 16 9 2 14 7 19 14 7 4 10 11 16 8 15 17 9 11 18 6 6 6 0 18 5 11 14 20
3 20 14 28 29 21 15 15 30 22 21 5 17 16 27 23 14 25 32 21 26 25 0 20 22 24 18 0 16 15 19 3
19 10 17 16 17 19 12 5 18 6 23 12 11 7 14 8 18 11 19 21 10 16 17 4 11 10 5 16 0 14 18 19
17 9 5 16 16 6 2 9 17 17 9 14 4 7 16 22 6 16 19 7 19 11 15 17 10 15 11 15 14 0 4 17
20 10 6 17 16 2 6 13 17 20 5 18 7 11 17 25 6 18 19 3 21 10 19 20 12 16 14 19 18 4 0 20
0 23 15 31 31 22 17 18 32 25 22 7 19 18 30 25 15 28 34 22 28 27 2 23 24 26 20 3 19 17 20 0
,
0 58 16 51 56 61 19 36 51 62 32 21 53 22 79 55 20 56 64 56 39 53 3 58 70 37 29 7 45 27 46 0
58 0 29 16 17 31 19 7 25 21 30 18 7 11 9 31 32 16 18 14 15 14 21 13 2 13 11 37 16 21 19 35
21 24 0 51 43 20 17 39 31 36 8 38 9 17 30 50 3 41 69 9 66 42 26 36 21 49 26 26 29 13 10 16
71 14 40 0 4 19 45 33 3 23 24 26 34 16 6 48 57 9 6 25 22 16 71 41 10 17 28 72 40 30 23 66
69 15 40 5 0 46 27 26 3 21 29 66 33 26 8 21 41 19 6 25 32 10 37 42 17 16 17 85 23 42 38 93
36 29 19 42 33 0 21 29 45 57 7 53 12 29 18 69 13 47 47 3 29 25 25 39 33 35 34 41 57 15 5 49
49 17 11 45 24 8 0 9 47 33 27 16 7 13 18 33 11 15 42 10 21 17 26 44 16 28 15 37 28 3 10 37
50 9 21 26 18 44 13 0 31 23 50 32 15 3 31 36 20 27 46 30 29 35 33 10 20 15 4 18 7 24 39 35
62 18 23 3 1 25 35 44 0 31 35 51 25 36 9 40 22 17 3 33 33 8 60 24 17 24 29 73 26 35 25 48
42 25 64 19 15 50 36 22 27 0 51 26 40 15 21 11 39 16 25 65 12 18 55 4 26 18 9 50 7 43 25 45
34 43 22 33 22 5 16 27 32 28 0 48 17 38 48 47 8 25 26 5 28 24 30 61 23 60 48 55 67 17 13 23
13 42 38 42 37 48 25 34 62 52 33 0 28 33 46 20 41 41 65 51 62 59 6 35 31 46 28 12 30 26 33 14
24 10 25 18 36 24 7 13 36 30 32 25 0 8 20 39 25 28 48 16 23 13 34 19 13 13 18 48 27 9 9 20
52 14 33 26 18 31 10 6 39 26 19 23 9 0 12 18 30 14 35 28 13 20 31 23 13 23 6 22 10 18 29 21
43 16 33 3 9 50 39 13 5 15 23 51 35 13 0 35 26 4 11 19 15 20 50 16 12 12 17 42 28 20 43 40
40 16 58 48 43 40 21 23 51 10 78 26 19 30 35 0 68 34 26 34 17 41 65 9 33 26 16 51 9 46 65 69
19 33 3 45 41 19 13 37 31 39 19 38 26 19 35 58 0 58 63 8 47 26 36 38 46 43 24 20 50 7 18 38
45 22 31 16 21 49 17 18 15 19 63 64 28 19 10 38 42 0 10 38 12 30 37 18 7 5 18 45 28 29 39 78
70 22 26 7 4 48 33 48 3 34 24 48 42 42 7 56 66 25 0 36 28 24 46 34 26 21 30 52 55 31 46 75
26 29 22 27 50 4 18 22 44 60 4 24 19 15 32 66 17 56 46 0 56 15 46 43 36 30 43 45 40 21 7 49
36 27 53 27 20 34 29 17 14 8 53 51 26 13 16 16 34 5 32 50 0 33 39 14 15 8 24 61 20 33 62 76
75 16 39 17 13 17 20 23 8 31 14 37 24 24 13 53 21 13 21 14 21 0 47 19 9 24 28 38 46 22 27 50
4 24 34 75 49 58 23 45 66 46 40 9 30 45 63 44 33 75 45 55 73 57 0 47 28 45 44 1 48 40 52 3
25 31 50 33 46 26 23 10 29 4 63 23 35 16 18 14 48 11 42 33 8 46 41 0 26 17 16 39 12 45 43 34
38 4 19 11 18 17 15 9 14 18 35 48 8 6 14 27 21 17 14 34 12 10 39 31 0 8 16 41 23 16 32 38
41 16 22 11 11 31 35 18 23 9 59 36 20 22 7 30 58 3 15 40 12 12 71 14 5 0 7 35 20 39 21 47
45 16 29 22 27 18 13 6 26 8 34 15 21 4 22 19 37 11 17 21 15 21 28 16 15 10 0 42 10 12 39 36
4 27 31 72 55 58 21 41 85 35 42 6 20 43 31 51 22 58 35 60 70 44 1 21 48 51 52 0 37 25 56 5
41 18 48 21 31 27 20 7 37 16 46 17 25 14 40 10 20 26 45 46 19 40 23 7 18 20 9 28 0 15 31 45
43 10 8 35 23 8 2 10 46 41 25 32 6 18 36 54 16 44 58 18 25 14 30 18 20 20 18 16 31 0 8 24
36 17 17 49 19 4 6 21 43 40 15 24 15 13 25 31 7 51 21 6 37 13 24 54 17 17 20 48 53 12 0 44
0 46 37 33 68 62 37 22 70 34 35 14 28 34 73 72 27 40 38 63 76 48 4 55 67 47 37 5 32 32 43 0