5
30
,
0 (34.0, 30.0) 46.0
1 (29.0, 4.0) 84.0
2 (44.0, 43.0) 42.0
3 (47.0, 41.0) 79.0
4 (43.0, 9.0) 32.0
5 (29.0, 16.0) 60.0
6 (21.0, 29.0) 41.0
7 (49.0, 42.0) 44.0
8 (20.0, 46.0) 65.0
9 (44.0, 1.0) 44.0
10 (3.0, 14.0) 31.0
11 (31.0, 21.0) 53.0
12 (25.0, 26.0) 36.0
13 (40.0, 44.0) 41.0
14 (8.0, 50.0) 41.0
15 (30.0, 2.0) 65.0
16 (33.0, 45.0) 33.0
17 (50.0, 47.0) 55.0
18 (44.0, 6.0) 37.0
19 (27.0, 50.0) 36.0
20 (45.0, 29.0) 35.0
21 (2.0, 4.0) 64.0
22 (16.0, 43.0) 75.0
23 (35.0, 33.0) 44.0
24 (32.0, 42.0) 70.0
25 (23.0, 33.0) 79.0
26 (2.0, 5.0) 73.0
27 (14.0, 35.0) 63.0
28 (31.0, 13.0) 89.0
29 (39.0, 10.0) 48.0
,
0 23 15 31 31 22 17 18 32 25 22 7 19 18 30 25 15 28 34 22 28 27 2 23 24 26 20 3 19 17 20 0
23 0 13 8 9 11 7 7 10 11 15 17 5 5 8 16 14 8 12 13 11 6 21 11 2 6 6 20 10 9 10 23
15 13 0 21 21 7 6 13 21 21 8 14 9 11 21 25 1 21 24 8 23 15 14 21 15 19 15 14 17 5 6 15
31 8 21 0 2 17 15 13 3 12 21 25 13 13 2 18 22 6 4 18 9 7 29 14 7 6 12 28 16 16 17 31
31 9 21 2 0 16 15 14 1 14 20 26 13 13 4 20 21 7 3 18 11 6 29 16 7 8 13 29 17 16 16 31
22 11 7 17 16 0 8 15 17 22 4 20 8 12 18 27 7 19 19 2 22 10 21 22 13 17 16 21 19 6 2 22
17 7 6 15 15 8 0 8 16 16 11 13 3 5 15 20 7 15 19 9 17 10 15 15 9 13 9 15 12 2 6 17
18 7 13 13 14 15 8 0 15 9 18 12 6 2 12 12 14 10 17 16 11 12 16 7 7 9 2 15 5 9 13 18
32 10 21 3 1 17 16 15 0 15 21 27 14 14 5 21 22 8 3 18 12 7 30 17 8 8 14 30 18 17 17 32
25 11 21 12 14 22 16 9 15 0 26 18 14 10 10 6 23 7 15 23 4 15 23 2 10 6 7 22 6 17 20 25
22 15 8 21 20 4 11 18 21 26 0 22 12 16 22 30 7 23 23 2 26 14 21 25 17 21 19 21 23 9 5 22
7 17 14 25 26 20 13 12 27 18 22 0 14 13 24 18 15 22 29 21 22 22 5 16 19 20 14 5 12 14 18 7
19 5 9 13 13 8 3 6 14 14 12 14 0 4 12 19 10 12 16 10 15 8 17 13 6 11 7 17 11 4 7 19
18 5 11 13 13 12 5 2 14 10 16 13 4 0 12 15 12 10 16 14 12 10 16 10 6 9 4 16 7 7 11 18
30 8 21 2 4 18 15 12 5 10 22 24 12 12 0 16 22 4 5 19 7 8 28 12 6 4 10 27 14 16 17 30
25 16 25 18 20 27 20 12 21 6 30 18 19 15 16 0 26 13 21 28 10 21 23 5 16 13 11 23 8 22 25 25
15 14 1 22 21 7 7 14 22 23 7 15 10 12 22 26 0 22 25 7 24 15 14 22 16 20 16 14 18 6 6 15
28 8 21 6 7 19 15 10 8 7 23 22 12 10 4 13 22 0 9 20 4 10 26 9 6 2 8 25 11 16 18 28
34 12 24 4 3 19 19 17 3 15 23 29 16 16 5 21 25 9 0 21 12 9 32 17 10 9 15 32 19 19 19 34
22 13 8 18 18 2 9 16 18 23 2 21 10 14 19 28 7 20 21 0 24 12 21 23 14 19 17 21 21 7 3 22
28 11 23 9 11 22 17 11 12 4 26 22 15 12 7 10 24 4 12 24 0 14 26 7 9 5 9 26 10 19 21 28
27 6 15 7 6 10 10 12 7 15 14 22 8 10 8 21 15 10 9 12 14 0 25 16 5 9 11 25 16 11 10 27
2 21 14 29 29 21 15 16 30 23 21 5 17 16 28 23 14 26 32 21 26 25 0 21 22 24 18 0 17 15 19 2
23 11 21 14 16 22 15 7 17 2 25 16 13 10 12 5 22 9 17 23 7 16 21 0 11 8 6 20 4 17 20 23
24 2 15 7 7 13 9 7 8 10 17 19 6 6 6 16 16 6 10 14 9 5 22 11 0 5 6 22 11 10 12 24
26 6 19 6 8 17 13 9 8 6 21 20 11 9 4 13 20 2 9 19 5 9 24 8 5 0 6 24 10 15 16 26
20 6 15 12 13 16 9 2 14 7 19 14 7 4 10 11 16 8 15 17 9 11 18 6 6 6 0 18 5 11 14 20
3 20 14 28 29 21 15 15 30 22 21 5 17 16 27 23 14 25 32 21 26 25 0 20 22 24 18 0 16 15 19 3
19 10 17 16 17 19 12 5 18 6 23 12 11 7 14 8 18 11 19 21 10 16 17 4 11 10 5 16 0 14 18 19
17 9 5 16 16 6 2 9 17 17 9 14 4 7 16 22 6 16 19 7 19 11 15 17 10 15 11 15 14 0 4 17
20 10 6 17 16 2 6 13 17 20 5 18 7 11 17 25 6 18 19 3 21 10 19 20 12 16 14 19 18 4 0 20
0 23 15 31 31 22 17 18 32 25 22 7 19 18 30 25 15 28 34 22 28 27 2 23 24 26 20 3 19 17 20 0
,
0 55 22 34 50 22 43 52 51 70 61 16 40 31 43 26 45 69 50 64 48 41 4 60 25 42 24 5 47 25 36 0
47 0 16 21 14 29 18 13 16 19 27 36 7 8 17 44 24 22 21 18 29 16 35 22 2 9 6 31 30 17 24 37
40 22 0 45 51 19 10 26 57 63 10 16 25 15 36 28 3 23 52 13 39 28 33 24 28 21 24 39 49 5 14 27
82 24 49 0 2 23 33 38 7 35 23 49 28 23 4 19 50 11 6 23 13 16 50 37 17 9 21 49 38 24 30 88
75 20 59 3 0 32 28 15 2 29 22 28 35 28 4 29 41 20 3 38 20 11 34 30 10 12 32 82 39 30 28 65
51 18 15 25 20 0 22 15 18 32 9 27 10 16 50 43 22 39 54 2 30 29 41 23 22 32 37 26 41 14 3 37
20 22 17 46 35 22 0 13 18 22 31 13 6 7 30 59 15 31 39 22 46 14 20 20 23 26 26 41 27 3 11 39
29 17 20 15 35 37 18 0 41 16 36 26 15 4 25 33 30 17 35 36 11 12 40 12 14 22 3 21 9 27 31 28
93 27 30 3 2 32 46 26 0 38 24 76 27 15 11 46 57 10 3 51 35 10 70 19 17 15 35 62 50 26 45 84
37 22 58 22 24 37 39 14 31 0 58 54 25 25 27 14 26 11 42 58 9 43 37 3 18 13 10 27 15 50 37 68
29 42 9 40 40 11 13 23 54 42 0 54 16 36 24 81 9 61 63 6 77 40 40 30 50 54 42 51 64 14 11 32
21 38 28 32 49 45 35 28 56 53 24 0 29 37 41 26 33 33 54 29 62 37 8 34 44 51 35 11 22 34 42 14
27 14 10 23 18 19 7 13 24 31 28 31 0 10 36 32 23 17 35 19 25 23 17 18 9 29 16 41 15 7 8 30
30 8 15 28 15 25 12 4 16 22 35 19 4 0 13 24 36 19 46 37 17 19 25 18 11 11 10 40 10 11 28 40
39 17 40 4 8 35 32 18 9 27 65 61 16 21 0 31 56 8 10 37 21 15 47 30 11 9 16 62 36 42 30 89
72 34 35 24 31 79 35 27 22 17 88 29 26 20 26 0 69 13 48 77 17 42 40 13 18 19 28 26 14 37 71 58
32 34 1 57 25 14 18 30 27 62 11 19 14 32 32 27 0 49 69 13 67 23 26 56 29 48 28 19 35 14 6 40
81 20 43 12 17 51 23 17 18 14 59 37 31 18 6 17 42 0 12 31 4 20 31 11 9 4 20 65 24 29 22 68
87 22 29 6 4 21 22 24 5 32 36 57 24 33 7 53 36 22 0 30 29 25 54 34 24 10 29 45 39 28 23 46
45 28 11 29 50 4 17 46 32 36 5 36 28 24 37 40 12 60 40 0 68 33 57 41 42 42 34 43 56 21 4 56
60 30 29 17 32 35 50 26 28 11 60 23 27 23 21 25 32 11 17 24 0 17 44 17 18 12 19 73 21 33 38 39
29 15 33 15 9 28 30 26 9 43 41 43 8 23 10 64 33 27 24 25 40 0 73 29 7 26 26 37 42 21 17 77
4 30 21 35 62 57 33 23 65 29 35 7 49 18 29 69 21 60 69 53 32 61 0 52 46 61 52 1 34 21 54 6
54 12 62 41 19 44 36 9 45 7 58 42 24 13 19 10 54 10 26 26 18 48 62 0 16 16 8 48 5 37 55 66
41 3 36 9 19 20 12 19 13 12 45 45 9 15 17 19 22 11 26 17 27 5 59 27 0 14 18 22 18 13 16 40
63 12 55 14 18 20 22 16 24 15 49 39 17 21 10 26 57 2 20 28 12 19 54 17 12 0 16 61 22 27 21 58
57 11 33 28 28 31 13 6 17 11 31 29 12 9 16 14 36 10 33 25 14 16 45 10 16 7 0 42 6 14 24 57
8 48 35 54 73 37 22 35 81 62 33 11 21 26 63 66 26 43 91 28 72 62 1 56 34 42 46 0 29 26 26 4
41 17 43 28 49 48 33 8 49 8 38 30 16 10 39 16 52 18 39 41 12 24 25 11 29 13 7 23 0 27 39 34
50 16 7 49 20 13 3 18 28 24 18 27 5 13 48 27 8 30 48 9 48 18 39 47 20 16 17 40 15 0 8 23
42 12 15 28 22 6 13 29 44 41 10 54 11 30 47 30 14 28 35 3 41 22 31 53 15 28 34 33 21 9 0 21
0 54 26 31 58 24 35 54 65 33 30 11 21 39 47 45 41 52 44 39 47 31 5 32 57 72 57 8 37 29 37 0