5
30
,
0 (34.0, 30.0) 72.0
1 (29.0, 4.0) 43.0
2 (44.0, 43.0) 44.0
3 (47.0, 41.0) 40.0
4 (43.0, 9.0) 37.0
5 (29.0, 16.0) 68.0
6 (21.0, 29.0) 43.0
7 (49.0, 42.0) 67.0
8 (20.0, 46.0) 77.0
9 (44.0, 1.0) 47.0
10 (3.0, 14.0) 30.0
11 (31.0, 21.0) 48.0
12 (25.0, 26.0) 53.0
13 (40.0, 44.0) 80.0
14 (8.0, 50.0) 41.0
15 (30.0, 2.0) 80.0
16 (33.0, 45.0) 48.0
17 (50.0, 47.0) 53.0
18 (44.0, 6.0) 50.0
19 (27.0, 50.0) 49.0
20 (45.0, 29.0) 37.0
21 (2.0, 4.0) 48.0
22 (16.0, 43.0) 76.0
23 (35.0, 33.0) 81.0
24 (32.0, 42.0) 65.0
25 (23.0, 33.0) 73.0
26 (2.0, 5.0) 89.0
27 (14.0, 35.0) 39.0
28 (31.0, 13.0) 53.0
29 (39.0, 10.0) 67.0
,
0 23 15 31 31 22 17 18 32 25 22 7 19 18 30 25 15 28 34 22 28 27 2 23 24 26 20 3 19 17 20 0
23 0 13 8 9 11 7 7 10 11 15 17 5 5 8 16 14 8 12 13 11 6 21 11 2 6 6 20 10 9 10 23
15 13 0 21 21 7 6 13 21 21 8 14 9 11 21 25 1 21 24 8 23 15 14 21 15 19 15 14 17 5 6 15
31 8 21 0 2 17 15 13 3 12 21 25 13 13 2 18 22 6 4 18 9 7 29 14 7 6 12 28 16 16 17 31
31 9 21 2 0 16 15 14 1 14 20 26 13 13 4 20 21 7 3 18 11 6 29 16 7 8 13 29 17 16 16 31
22 11 7 17 16 0 8 15 17 22 4 20 8 12 18 27 7 19 19 2 22 10 21 22 13 17 16 21 19 6 2 22
17 7 6 15 15 8 0 8 16 16 11 13 3 5 15 20 7 15 19 9 17 10 15 15 9 13 9 15 12 2 6 17
18 7 13 13 14 15 8 0 15 9 18 12 6 2 12 12 14 10 17 16 11 12 16 7 7 9 2 15 5 9 13 18
32 10 21 3 1 17 16 15 0 15 21 27 14 14 5 21 22 8 3 18 12 7 30 17 8 8 14 30 18 17 17 32
25 11 21 12 14 22 16 9 15 0 26 18 14 10 10 6 23 7 15 23 4 15 23 2 10 6 7 22 6 17 20 25
22 15 8 21 20 4 11 18 21 26 0 22 12 16 22 30 7 23 23 2 26 14 21 25 17 21 19 21 23 9 5 22
7 17 14 25 26 20 13 12 27 18 22 0 14 13 24 18 15 22 29 21 22 22 5 16 19 20 14 5 12 14 18 7
19 5 9 13 13 8 3 6 14 14 12 14 0 4 12 19 10 12 16 10 15 8 17 13 6 11 7 17 11 4 7 19
18 5 11 13 13 12 5 2 14 10 16 13 4 0 12 15 12 10 16 14 12 10 16 10 6 9 4 16 7 7 11 18
30 8 21 2 4 18 15 12 5 10 22 24 12 12 0 16 22 4 5 19 7 8 28 12 6 4 10 27 14 16 17 30
25 16 25 18 20 27 20 12 21 6 30 18 19 15 16 0 26 13 21 28 10 21 23 5 16 13 11 23 8 22 25 25
15 14 1 22 21 7 7 14 22 23 7 15 10 12 22 26 0 22 25 7 24 15 14 22 16 20 16 14 18 6 6 15
28 8 21 6 7 19 15 10 8 7 23 22 12 10 4 13 22 0 9 20 4 10 26 9 6 2 8 25 11 16 18 28
34 12 24 4 3 19 19 17 3 15 23 29 16 16 5 21 25 9 0 21 12 9 32 17 10 9 15 32 19 19 19 34
22 13 8 18 18 2 9 16 18 23 2 21 10 14 19 28 7 20 21 0 24 12 21 23 14 19 17 21 21 7 3 22
28 11 23 9 11 22 17 11 12 4 26 22 15 12 7 10 24 4 12 24 0 14 26 7 9 5 9 26 10 19 21 28
27 6 15 7 6 10 10 12 7 15 14 22 8 10 8 21 15 10 9 12 14 0 25 16 5 9 11 25 16 11 10 27
2 21 14 29 29 21 15 16 30 23 21 5 17 16 28 23 14 26 32 21 26 25 0 21 22 24 18 0 17 15 19 2
23 11 21 14 16 22 15 7 17 2 25 16 13 10 12 5 22 9 17 23 7 16 21 0 11 8 6 20 4 17 20 23
24 2 15 7 7 13 9 7 8 10 17 19 6 6 6 16 16 6 10 14 9 5 22 11 0 5 6 22 11 10 12 24
26 6 19 6 8 17 13 9 8 6 21 20 11 9 4 13 20 2 9 19 5 9 24 8 5 0 6 24 10 15 16 26
20 6 15 12 13 16 9 2 14 7 19 14 7 4 10 11 16 8 15 17 9 11 18 6 6 6 0 18 5 11 14 20
3 20 14 28 29 21 15 15 30 22 21 5 17 16 27 23 14 25 32 21 26 25 0 20 22 24 18 0 16 15 19 3
19 10 17 16 17 19 12 5 18 6 23 12 11 7 14 8 18 11 19 21 10 16 17 4 11 10 5 16 0 14 18 19
17 9 5 16 16 6 2 9 17 17 9 14 4 7 16 22 6 16 19 7 19 11 15 17 10 15 11 15 14 0 4 17
20 10 6 17 16 2 6 13 17 20 5 18 7 11 17 25 6 18 19 3 21 10 19 20 12 16 14 19 18 4 0 20
0 23 15 31 31 22 17 18 32 25 22 7 19 18 30 25 15 28 34 22 28 27 2 23 24 26 20 3 19 17 20 0
,
0 62 19 47 74 35 24 39 34 56 47 14 55 36 85 39 23 58 43 57 82 71 6 36 43 46 24 7 54 46 48 0
51 0 27 11 18 13 18 12 18 28 35 40 10 14 19 36 37 17 24 34 19 10 49 14 4 17 11 38 18 25 19 29
17 32 0 25 39 16 6 28 24 31 9 16 15 13 31 50 3 35 44 8 62 38 22 26 36 20 26 20 21 7 10 26
67 22 53 0 3 48 16 31 6 33 40 31 30 29 5 20 49 12 5 33 20 10 45 42 10 12 16 52 31 48 43 33
73 10 55 4 0 26 36 24 2 25 29 74 30 16 8 33 40 16 7 53 24 7 55 17 11 15 26 54 23 33 30 37
65 25 9 36 19 0 22 28 20 53 11 24 22 36 33 70 7 24 32 3 25 24 33 29 24 33 18 36 45 18 5 31
26 14 17 20 44 21 0 9 39 29 11 28 5 13 40 38 8 23 42 9 29 15 40 27 17 22 26 24 26 2 9 30
52 11 38 33 27 22 18 0 26 15 35 33 15 7 18 26 34 13 20 25 11 29 45 21 10 10 3 27 6 19 29 46
41 22 64 8 3 27 21 33 0 40 55 55 17 31 8 62 40 15 7 41 27 9 31 21 14 24 29 62 32 23 23 63
37 25 29 17 37 59 21 24 43 0 58 53 23 15 25 15 57 7 39 32 12 21 49 6 25 19 15 63 10 29 59 52
33 36 9 21 36 8 17 29 32 69 0 59 35 30 50 44 14 65 52 7 34 25 24 72 22 63 41 43 67 15 7 63
11 34 26 54 34 51 39 13 45 43 32 0 32 32 32 27 39 23 31 49 58 63 11 43 42 51 40 13 23 35 30 13
52 10 11 21 28 22 7 14 32 31 29 37 0 7 34 55 23 21 24 12 30 16 38 26 16 23 21 26 30 5 17 35
33 13 29 18 25 17 10 4 30 11 28 28 10 0 18 36 25 22 28 28 32 30 31 14 11 13 10 38 9 17 24 52
47 19 52 3 11 42 43 14 10 26 33 48 17 30 0 46 28 6 9 45 21 18 31 16 17 12 17 72 17 26 22 81
48 32 56 45 52 39 36 16 32 16 58 38 47 36 33 0 57 28 26 85 21 40 28 11 41 24 29 38 13 25 41 53
43 16 3 41 62 12 20 25 28 34 17 38 10 29 47 75 0 43 43 18 52 39 37 63 31 55 44 38 21 11 7 20
80 20 57 11 16 23 30 14 24 19 53 64 30 27 6 22 53 0 25 56 8 17 53 22 15 5 9 40 27 28 32 67
73 22 26 5 4 58 30 17 4 18 43 31 29 29 8 34 66 11 0 29 22 21 57 19 17 11 30 75 29 27 22 80
56 18 8 27 23 4 11 45 51 40 6 58 23 15 45 41 20 51 32 0 38 15 43 26 33 41 25 51 46 12 3 52
32 17 51 21 27 35 28 13 20 9 40 43 26 27 8 14 42 8 33 59 0 30 50 18 17 10 16 60 28 19 23 51
58 7 42 14 11 14 28 34 13 38 25 37 19 28 15 28 30 11 16 19 40 0 44 38 7 14 13 39 28 16 19 60
6 56 36 47 46 50 21 25 80 33 34 15 19 30 73 41 20 73 53 49 46 52 0 24 51 60 53 1 34 25 37 3
30 21 36 42 24 38 36 17 20 5 57 32 31 15 35 6 53 11 39 60 16 18 57 0 26 24 7 24 7 27 58 39
69 4 24 18 9 21 19 19 18 17 32 31 9 14 15 38 43 10 15 16 13 6 52 31 0 10 17 57 13 17 34 63
40 11 46 7 17 48 22 17 21 18 40 43 23 20 11 34 38 3 20 45 5 19 37 24 7 0 10 34 23 41 45 44
49 17 38 28 18 45 21 5 40 9 41 19 20 6 23 29 41 14 36 20 12 18 41 9 16 18 0 23 7 31 23 25
6 47 36 64 76 61 17 41 58 32 41 13 41 19 74 67 38 38 70 61 66 37 1 52 44 29 51 0 25 42 26 5
22 25 20 24 29 53 32 13 30 6 38 35 11 12 36 21 49 25 26 53 15 31 48 11 29 27 12 44 0 25 36 54
44 9 12 25 39 11 3 11 21 33 21 27 5 13 37 38 13 17 47 10 38 29 15 19 14 42 19 25 24 0 10 18
52 18 6 37 43 2 13 24 44 54 11 21 17 28 35 49 10 23 38 9 27 16 47 30 23 21 33 33 24 12 0 50
0 26 15 81 64 41 22 50 97 47 49 18 22 53 60 65 27 62 41 30 81 49 6 66 64 56 54 6 42 37 50 0