5
30
,
0 (34.0, 30.0) 90.0
1 (29.0, 4.0) 39.0
2 (44.0, 43.0) 58.0
3 (47.0, 41.0) 44.0
4 (43.0, 9.0) 78.0
5 (29.0, 16.0) 70.0
6 (21.0, 29.0) 53.0
7 (49.0, 42.0) 52.0
8 (20.0, 46.0) 63.0
9 (44.0, 1.0) 59.0
10 (3.0, 14.0) 44.0
11 (31.0, 21.0) 35.0
12 (25.0, 26.0) 66.0
13 (40.0, 44.0) 53.0
14 (8.0, 50.0) 51.0
15 (30.0, 2.0) 54.0
16 (33.0, 45.0) 78.0
17 (50.0, 47.0) 58.0
18 (44.0, 6.0) 44.0
19 (27.0, 50.0) 40.0
20 (45.0, 29.0) 54.0
21 (2.0, 4.0) 70.0
22 (16.0, 43.0) 65.0
23 (35.0, 33.0) 32.0
24 (32.0, 42.0) 74.0
25 (23.0, 33.0) 45.0
26 (2.0, 5.0) 46.0
27 (14.0, 35.0) 61.0
28 (31.0, 13.0) 70.0
29 (39.0, 10.0) 33.0
,
0 23 15 31 31 22 17 18 32 25 22 7 19 18 30 25 15 28 34 22 28 27 2 23 24 26 20 3 19 17 20 0
23 0 13 8 9 11 7 7 10 11 15 17 5 5 8 16 14 8 12 13 11 6 21 11 2 6 6 20 10 9 10 23
15 13 0 21 21 7 6 13 21 21 8 14 9 11 21 25 1 21 24 8 23 15 14 21 15 19 15 14 17 5 6 15
31 8 21 0 2 17 15 13 3 12 21 25 13 13 2 18 22 6 4 18 9 7 29 14 7 6 12 28 16 16 17 31
31 9 21 2 0 16 15 14 1 14 20 26 13 13 4 20 21 7 3 18 11 6 29 16 7 8 13 29 17 16 16 31
22 11 7 17 16 0 8 15 17 22 4 20 8 12 18 27 7 19 19 2 22 10 21 22 13 17 16 21 19 6 2 22
17 7 6 15 15 8 0 8 16 16 11 13 3 5 15 20 7 15 19 9 17 10 15 15 9 13 9 15 12 2 6 17
18 7 13 13 14 15 8 0 15 9 18 12 6 2 12 12 14 10 17 16 11 12 16 7 7 9 2 15 5 9 13 18
32 10 21 3 1 17 16 15 0 15 21 27 14 14 5 21 22 8 3 18 12 7 30 17 8 8 14 30 18 17 17 32
25 11 21 12 14 22 16 9 15 0 26 18 14 10 10 6 23 7 15 23 4 15 23 2 10 6 7 22 6 17 20 25
22 15 8 21 20 4 11 18 21 26 0 22 12 16 22 30 7 23 23 2 26 14 21 25 17 21 19 21 23 9 5 22
7 17 14 25 26 20 13 12 27 18 22 0 14 13 24 18 15 22 29 21 22 22 5 16 19 20 14 5 12 14 18 7
19 5 9 13 13 8 3 6 14 14 12 14 0 4 12 19 10 12 16 10 15 8 17 13 6 11 7 17 11 4 7 19
18 5 11 13 13 12 5 2 14 10 16 13 4 0 12 15 12 10 16 14 12 10 16 10 6 9 4 16 7 7 11 18
30 8 21 2 4 18 15 12 5 10 22 24 12 12 0 16 22 4 5 19 7 8 28 12 6 4 10 27 14 16 17 30
25 16 25 18 20 27 20 12 21 6 30 18 19 15 16 0 26 13 21 28 10 21 23 5 16 13 11 23 8 22 25 25
15 14 1 22 21 7 7 14 22 23 7 15 10 12 22 26 0 22 25 7 24 15 14 22 16 20 16 14 18 6 6 15
28 8 21 6 7 19 15 10 8 7 23 22 12 10 4 13 22 0 9 20 4 10 26 9 6 2 8 25 11 16 18 28
34 12 24 4 3 19 19 17 3 15 23 29 16 16 5 21 25 9 0 21 12 9 32 17 10 9 15 32 19 19 19 34
22 13 8 18 18 2 9 16 18 23 2 21 10 14 19 28 7 20 21 0 24 12 21 23 14 19 17 21 21 7 3 22
28 11 23 9 11 22 17 11 12 4 26 22 15 12 7 10 24 4 12 24 0 14 26 7 9 5 9 26 10 19 21 28
27 6 15 7 6 10 10 12 7 15 14 22 8 10 8 21 15 10 9 12 14 0 25 16 5 9 11 25 16 11 10 27
2 21 14 29 29 21 15 16 30 23 21 5 17 16 28 23 14 26 32 21 26 25 0 21 22 24 18 0 17 15 19 2
23 11 21 14 16 22 15 7 17 2 25 16 13 10 12 5 22 9 17 23 7 16 21 0 11 8 6 20 4 17 20 23
24 2 15 7 7 13 9 7 8 10 17 19 6 6 6 16 16 6 10 14 9 5 22 11 0 5 6 22 11 10 12 24
26 6 19 6 8 17 13 9 8 6 21 20 11 9 4 13 20 2 9 19 5 9 24 8 5 0 6 24 10 15 16 26
20 6 15 12 13 16 9 2 14 7 19 14 7 4 10 11 16 8 15 17 9 11 18 6 6 6 0 18 5 11 14 20
3 20 14 28 29 21 15 15 30 22 21 5 17 16 27 23 14 25 32 21 26 25 0 20 22 24 18 0 16 15 19 3
19 10 17 16 17 19 12 5 18 6 23 12 11 7 14 8 18 11 19 21 10 16 17 4 11 10 5 16 0 14 18 19
17 9 5 16 16 6 2 9 17 17 9 14 4 7 16 22 6 16 19 7 19 11 15 17 10 15 11 15 14 0 4 17
20 10 6 17 16 2 6 13 17 20 5 18 7 11 17 25 6 18 19 3 21 10 19 20 12 16 14 19 18 4 0 20
0 23 15 31 31 22 17 18 32 25 22 7 19 18 30 25 15 28 34 22 28 27 2 23 24 26 20 3 19 17 20 0
,
0 24 18 67 54 57 47 30 58 44 57 18 38 23 78 75 44 62 97 64 58 61 3 57 51 43 22 5 45 43 56 0
37 0 28 19 21 19 17 14 19 22 37 18 11 5 22 29 34 10 30 30 28 15 37 14 4 7 10 50 30 9 15 61
28 15 0 32 57 19 9 20 27 25 16 25 25 28 32 62 2 32 66 21 68 20 15 58 24 29 25 18 25 10 6 23
67 15 39 0 3 38 17 38 6 19 30 53 19 38 5 32 59 12 6 27 20 9 54 19 18 16 29 77 41 43 40 79
52 22 43 4 0 25 30 24 1 16 46 74 33 20 9 26 50 12 9 33 28 6 49 33 18 16 22 59 49 39 32 60
52 17 22 25 18 0 18 31 34 51 4 24 24 16 52 79 21 28 39 2 63 15 50 37 24 33 24 48 40 18 5 54
47 18 14 36 32 19 0 20 46 34 18 15 4 7 19 20 19 35 30 23 43 25 26 38 26 19 22 39 31 5 6 23
24 16 34 26 27 23 17 0 37 19 18 18 9 3 15 36 28 13 26 25 22 25 29 12 20 17 5 45 14 20 24 32
68 20 60 7 2 22 26 44 0 29 30 36 30 28 12 60 49 10 5 25 18 16 32 18 13 24 39 76 19 21 24 85
40 28 38 30 28 36 19 19 38 0 52 47 21 25 21 14 61 15 44 57 6 19 23 6 16 12 12 57 17 32 34 56
29 44 21 28 55 6 17 47 35 75 0 63 27 38 45 86 11 34 51 3 78 38 27 75 40 30 46 25 58 13 9 37
20 42 28 50 34 28 28 18 57 19 42 0 25 23 65 28 43 32 43 58 40 33 11 33 39 47 15 5 30 26 29 20
46 12 15 13 13 15 7 18 33 19 12 23 0 8 13 40 11 28 34 20 40 20 18 20 18 21 14 21 32 10 15 52
44 6 13 34 15 15 9 4 30 24 20 29 10 0 15 27 19 20 40 40 14 24 35 11 9 14 7 35 10 10 31 26
74 8 36 4 6 38 32 13 13 13 55 31 22 25 0 28 24 5 13 53 8 17 34 31 9 10 17 76 20 47 36 72
53 20 53 44 22 37 54 27 29 12 76 52 48 15 28 0 65 25 49 82 15 28 41 14 44 18 17 26 19 23 27 32
35 36 3 50 60 9 9 15 46 31 14 24 17 21 59 68 0 42 51 12 38 45 35 35 41 26 22 21 28 8 10 33
74 18 52 7 10 47 29 10 16 8 50 57 28 28 7 19 57 0 19 39 7 24 47 12 14 2 9 41 15 48 27 46
85 28 55 10 5 41 19 41 7 21 48 80 41 44 11 31 43 19 0 48 31 25 39 46 14 26 20 81 19 55 38 89
24 28 10 55 40 4 17 26 49 33 5 51 14 35 41 43 17 53 21 0 67 22 40 64 36 40 45 36 41 12 8 27
38 25 54 12 29 27 45 18 18 11 34 33 23 32 10 28 69 10 26 40 0 32 39 7 20 7 9 59 28 31 51 43
58 11 43 15 18 24 30 25 10 42 21 58 14 25 10 49 40 27 13 15 22 0 56 45 12 26 32 38 46 15 22 70
3 58 17 42 29 56 37 45 31 28 37 11 20 18 66 26 30 65 74 53 31 29 0 51 44 38 37 1 24 26 42 2
61 28 35 39 36 33 38 15 17 4 46 26 18 14 27 14 53 15 25 62 12 38 33 0 11 20 10 27 12 43 55 50
36 4 24 17 13 15 19 12 22 18 48 33 17 13 12 22 33 10 22 32 14 14 63 13 0 12 16 27 25 22 21 60
60 7 23 15 13 18 20 10 21 16 25 30 24 14 11 30 46 3 27 28 8 18 36 12 9 0 18 42 16 20 40 28
29 14 38 27 27 20 14 4 20 13 48 40 15 7 22 12 44 14 30 39 17 20 45 8 9 17 0 29 7 16 34 55
6 24 14 63 66 42 20 39 62 40 26 12 41 42 45 26 35 75 62 40 76 29 1 26 41 40 45 0 39 40 52 6
38 24 44 32 32 43 34 12 19 17 58 18 17 9 40 18 32 19 22 32 27 17 22 8 25 12 9 42 0 39 44 31
31 20 7 42 47 16 5 15 36 38 10 34 8 11 33 46 9 36 24 20 44 21 18 32 28 39 14 35 29 0 5 47
31 13 15 34 19 3 8 21 40 44 9 54 14 30 40 54 11 47 28 5 41 14 29 49 27 43 23 52 50 12 0 39
0 42 30 65 47 61 39 19 65 65 64 15 26 51 32 60 28 57 83 23 51 46 3 27 44 38 38 3 49 27 27 0