5
30
,
0 (34.0, 30.0) 37.0
1 (29.0, 4.0) 44.0
2 (44.0, 43.0) 42.0
3 (47.0, 41.0) 78.0
4 (43.0, 9.0) 64.0
5 (29.0, 16.0) 56.0
6 (21.0, 29.0) 33.0
7 (49.0, 42.0) 55.0
8 (20.0, 46.0) 90.0
9 (44.0, 1.0) 90.0
10 (3.0, 14.0) 41.0
11 (31.0, 21.0) 50.0
12 (25.0, 26.0) 33.0
13 (40.0, 44.0) 58.0
14 (8.0, 50.0) 57.0
15 (30.0, 2.0) 75.0
16 (33.0, 45.0) 46.0
17 (50.0, 47.0) 77.0
18 (44.0, 6.0) 58.0
19 (27.0, 50.0) 41.0
20 (45.0, 29.0) 65.0
21 (2.0, 4.0) 44.0
22 (16.0, 43.0) 32.0
23 (35.0, 33.0) 35.0
24 (32.0, 42.0) 50.0
25 (23.0, 33.0) 66.0
26 (2.0, 5.0) 85.0
27 (14.0, 35.0) 63.0
28 (31.0, 13.0) 62.0
29 (39.0, 10.0) 84.0
,
0 23 15 31 31 22 17 18 32 25 22 7 19 18 30 25 15 28 34 22 28 27 2 23 24 26 20 3 19 17 20 0
23 0 13 8 9 11 7 7 10 11 15 17 5 5 8 16 14 8 12 13 11 6 21 11 2 6 6 20 10 9 10 23
15 13 0 21 21 7 6 13 21 21 8 14 9 11 21 25 1 21 24 8 23 15 14 21 15 19 15 14 17 5 6 15
31 8 21 0 2 17 15 13 3 12 21 25 13 13 2 18 22 6 4 18 9 7 29 14 7 6 12 28 16 16 17 31
31 9 21 2 0 16 15 14 1 14 20 26 13 13 4 20 21 7 3 18 11 6 29 16 7 8 13 29 17 16 16 31
22 11 7 17 16 0 8 15 17 22 4 20 8 12 18 27 7 19 19 2 22 10 21 22 13 17 16 21 19 6 2 22
17 7 6 15 15 8 0 8 16 16 11 13 3 5 15 20 7 15 19 9 17 10 15 15 9 13 9 15 12 2 6 17
18 7 13 13 14 15 8 0 15 9 18 12 6 2 12 12 14 10 17 16 11 12 16 7 7 9 2 15 5 9 13 18
32 10 21 3 1 17 16 15 0 15 21 27 14 14 5 21 22 8 3 18 12 7 30 17 8 8 14 30 18 17 17 32
25 11 21 12 14 22 16 9 15 0 26 18 14 10 10 6 23 7 15 23 4 15 23 2 10 6 7 22 6 17 20 25
22 15 8 21 20 4 11 18 21 26 0 22 12 16 22 30 7 23 23 2 26 14 21 25 17 21 19 21 23 9 5 22
7 17 14 25 26 20 13 12 27 18 22 0 14 13 24 18 15 22 29 21 22 22 5 16 19 20 14 5 12 14 18 7
19 5 9 13 13 8 3 6 14 14 12 14 0 4 12 19 10 12 16 10 15 8 17 13 6 11 7 17 11 4 7 19
18 5 11 13 13 12 5 2 14 10 16 13 4 0 12 15 12 10 16 14 12 10 16 10 6 9 4 16 7 7 11 18
30 8 21 2 4 18 15 12 5 10 22 24 12 12 0 16 22 4 5 19 7 8 28 12 6 4 10 27 14 16 17 30
25 16 25 18 20 27 20 12 21 6 30 18 19 15 16 0 26 13 21 28 10 21 23 5 16 13 11 23 8 22 25 25
15 14 1 22 21 7 7 14 22 23 7 15 10 12 22 26 0 22 25 7 24 15 14 22 16 20 16 14 18 6 6 15
28 8 21 6 7 19 15 10 8 7 23 22 12 10 4 13 22 0 9 20 4 10 26 9 6 2 8 25 11 16 18 28
34 12 24 4 3 19 19 17 3 15 23 29 16 16 5 21 25 9 0 21 12 9 32 17 10 9 15 32 19 19 19 34
22 13 8 18 18 2 9 16 18 23 2 21 10 14 19 28 7 20 21 0 24 12 21 23 14 19 17 21 21 7 3 22
28 11 23 9 11 22 17 11 12 4 26 22 15 12 7 10 24 4 12 24 0 14 26 7 9 5 9 26 10 19 21 28
27 6 15 7 6 10 10 12 7 15 14 22 8 10 8 21 15 10 9 12 14 0 25 16 5 9 11 25 16 11 10 27
2 21 14 29 29 21 15 16 30 23 21 5 17 16 28 23 14 26 32 21 26 25 0 21 22 24 18 0 17 15 19 2
23 11 21 14 16 22 15 7 17 2 25 16 13 10 12 5 22 9 17 23 7 16 21 0 11 8 6 20 4 17 20 23
24 2 15 7 7 13 9 7 8 10 17 19 6 6 6 16 16 6 10 14 9 5 22 11 0 5 6 22 11 10 12 24
26 6 19 6 8 17 13 9 8 6 21 20 11 9 4 13 20 2 9 19 5 9 24 8 5 0 6 24 10 15 16 26
20 6 15 12 13 16 9 2 14 7 19 14 7 4 10 11 16 8 15 17 9 11 18 6 6 6 0 18 5 11 14 20
3 20 14 28 29 21 15 15 30 22 21 5 17 16 27 23 14 25 32 21 26 25 0 20 22 24 18 0 16 15 19 3
19 10 17 16 17 19 12 5 18 6 23 12 11 7 14 8 18 11 19 21 10 16 17 4 11 10 5 16 0 14 18 19
17 9 5 16 16 6 2 9 17 17 9 14 4 7 16 22 6 16 19 7 19 11 15 17 10 15 11 15 14 0 4 17
20 10 6 17 16 2 6 13 17 20 5 18 7 11 17 25 6 18 19 3 21 10 19 20 12 16 14 19 18 4 0 20
0 23 15 31 31 22 17 18 32 25 22 7 19 18 30 25 15 28 34 22 28 27 2 23 24 26 20 3 19 17 20 0
,
0 28 43 58 67 32 22 22 48 32 46 19 53 49 43 36 35 45 62 51 39 75 5 38 57 27 31 6 37 40 30 0
43 0 22 16 14 15 18 15 11 14 31 44 12 9 18 41 21 17 31 17 27 12 45 16 2 9 8 40 30 22 24 59
25 38 0 24 25 17 7 21 34 35 19 34 11 14 38 43 2 42 56 18 52 28 33 38 43 51 35 31 42 6 17 19
39 23 42 0 2 47 40 15 5 16 62 27 36 16 6 52 50 9 10 34 22 14 35 23 17 10 32 79 38 38 44 84
77 16 57 3 0 34 19 30 3 35 47 55 22 37 4 48 35 12 7 25 20 9 79 19 9 21 19 48 46 36 24 76
51 25 9 32 45 0 22 42 40 48 5 50 20 15 30 45 18 47 32 3 46 20 21 56 21 37 47 25 58 18 3 44
35 19 11 44 41 16 0 19 32 46 13 17 4 10 17 42 9 30 21 10 28 12 27 20 21 27 24 25 20 2 12 44
49 15 29 22 26 17 15 0 28 22 27 18 13 4 24 35 20 24 50 48 25 32 32 18 8 18 5 33 5 12 19 22
86 16 37 3 3 21 45 30 0 30 31 62 14 37 7 48 66 13 6 22 31 17 52 20 23 13 15 68 23 39 39 66
31 23 62 35 23 47 16 15 38 0 66 32 36 21 17 14 56 17 17 50 4 39 41 3 18 13 19 34 18 51 24 36
54 21 21 32 45 11 16 28 26 53 0 28 14 41 52 81 15 27 51 5 66 20 21 48 48 64 55 60 65 25 6 30
9 26 25 73 66 43 29 18 47 28 62 0 28 16 27 19 16 59 41 24 52 58 5 46 34 58 37 11 15 38 21 9
48 11 25 27 21 19 6 19 41 40 27 21 0 9 23 43 10 15 27 10 30 12 20 38 17 13 8 19 18 10 13 20
28 5 32 19 27 33 7 6 20 10 32 34 4 0 34 23 25 24 34 24 22 12 46 25 9 15 9 19 16 15 13 40
84 13 22 2 6 18 26 16 13 30 29 26 14 21 0 17 34 8 9 47 20 22 49 16 9 9 28 45 24 48 35 61
62 24 37 54 25 47 32 23 54 8 58 52 20 31 37 0 29 27 36 40 23 36 67 12 39 16 23 41 10 52 33 27
31 27 1 33 24 15 16 15 51 42 13 16 23 29 41 37 0 32 50 17 65 46 32 57 34 46 28 39 30 8 17 18
44 21 61 10 22 39 38 29 12 8 40 25 35 22 8 26 56 0 21 22 8 24 26 19 17 4 8 65 31 47 52 36
102 20 56 7 8 22 56 24 4 38 43 82 34 46 12 33 57 13 0 28 17 14 62 32 12 14 40 78 37 42 33 66
60 37 18 53 42 3 15 33 25 57 5 37 22 35 33 78 11 36 61 0 57 25 36 49 17 36 34 60 47 22 8 45
41 16 30 23 19 41 17 20 19 7 60 63 26 28 15 16 39 7 32 33 0 24 36 9 27 11 11 69 24 32 46 81
69 14 38 12 13 20 15 18 8 42 21 30 21 27 8 61 22 26 17 24 22 0 59 39 13 12 13 65 27 17 18 62
6 34 25 32 55 59 35 36 90 55 25 9 20 23 58 56 39 72 89 28 61 66 0 36 60 40 37 1 21 24 39 3
53 16 28 28 24 27 25 21 35 6 63 27 30 27 25 7 47 23 28 36 8 40 54 0 21 18 14 44 8 50 24 37
58 2 39 8 15 29 21 22 21 24 41 46 12 10 7 18 28 7 18 31 16 6 22 21 0 11 16 27 27 15 12 38
62 8 49 18 11 32 35 24 25 10 33 51 30 23 8 18 53 4 15 49 13 12 28 16 11 0 10 39 21 34 22 65
29 6 23 20 37 40 18 3 21 10 53 39 15 6 20 13 39 18 17 25 11 32 41 7 13 16 0 34 11 23 29 30
5 60 25 34 49 45 33 22 35 51 32 8 47 42 48 64 38 73 36 60 27 31 1 30 65 34 39 0 38 44 39 8
38 21 24 30 27 39 32 6 22 7 37 12 16 13 25 19 40 23 42 55 28 36 33 11 28 12 13 23 0 36 29 19
31 23 13 42 45 7 4 17 45 21 22 14 9 18 24 44 15 46 48 11 26 12 31 43 13 20 18 15 15 0 10 37
30 17 10 32 18 3 9 22 45 51 7 30 9 12 28 63 12 48 49 7 62 20 22 32 27 42 19 34 40 12 0 47
0 31 27 59 66 44 41 53 37 31 32 9 22 46 68 59 39 59 75 34 33 63 6 31 28 27 30 3 39 27 60 0