5
30
,
0 (12.0, 21.0) 16.0
1 (21.0, 40.0) 24.0
2 (50.0, 48.0) 32.0
3 (43.0, 21.0) 27.0
4 (6.0, 16.0) 16.0
5 (17.0, 50.0) 42.0
6 (21.0, 10.0) 32.0
7 (10.0, 2.0) 16.0
8 (33.0, 6.0) 35.0
9 (4.0, 43.0) 43.0
10 (11.0, 42.0) 14.0
11 (4.0, 25.0) 28.0
12 (4.0, 9.0) 12.0
13 (3.0, 28.0) 39.0
14 (19.0, 11.0) 23.0
15 (46.0, 48.0) 20.0
16 (15.0, 17.0) 16.0
17 (7.0, 33.0) 16.0
18 (29.0, 41.0) 49.0
19 (3.0, 46.0) 10.0
20 (42.0, 13.0) 44.0
21 (12.0, 49.0) 11.0
22 (2.0, 44.0) 20.0
23 (16.0, 30.0) 25.0
24 (38.0, 35.0) 21.0
25 (43.0, 16.0) 32.0
26 (32.0, 26.0) 25.0
27 (46.0, 43.0) 13.0
28 (38.0, 32.0) 42.0
29 (32.0, 29.0) 32.0
,
0 4 9 6 2 6 3 4 5 5 4 2 3 2 2 9 1 3 5 5 6 6 5 2 6 6 4 8 6 4
4 0 6 6 6 2 6 8 7 3 2 5 7 4 6 5 5 3 2 4 7 3 4 2 4 7 4 5 4 3
9 6 0 6 11 7 10 12 9 9 8 10 12 10 10 1 9 9 4 9 7 8 10 8 4 7 6 1 4 5
6 6 6 0 7 8 5 8 4 9 8 8 8 8 5 5 6 8 5 9 2 8 9 6 3 1 2 4 2 3
2 6 11 7 0 7 3 3 6 5 5 2 1 2 3 10 2 3 7 6 7 7 6 3 7 7 6 10 7 6
6 2 7 8 7 0 8 10 9 3 2 6 9 5 8 6 7 4 3 3 9 1 3 4 5 9 6 6 6 5
3 6 10 5 3 8 0 3 3 7 7 5 3 5 0 9 2 5 6 8 4 8 8 4 6 5 4 8 6 4
4 8 12 8 3 10 3 0 5 8 8 5 2 5 3 12 3 6 9 9 7 9 9 6 9 7 7 11 8 7
5 7 9 4 6 9 3 5 0 9 8 7 6 7 3 9 4 7 7 10 2 10 10 6 6 3 4 8 5 5
5 3 9 9 5 3 7 8 9 0 1 4 7 3 7 8 6 2 5 1 10 2 0 4 7 9 7 8 7 6
4 2 8 8 5 2 7 8 8 1 0 4 7 3 6 7 5 2 4 2 8 1 2 3 6 8 5 7 6 5
2 5 10 8 2 6 5 5 7 4 4 0 3 1 4 10 3 2 6 4 8 5 4 3 7 8 6 9 7 6
3 7 12 8 1 9 3 2 6 7 7 3 0 4 3 11 3 5 8 7 8 8 7 5 9 8 7 11 8 7
2 4 10 8 2 5 5 5 7 3 3 1 4 0 5 9 3 1 6 4 8 5 3 3 7 8 6 9 7 6
2 6 10 5 3 8 0 3 3 7 6 4 3 5 0 9 1 5 6 8 5 8 7 4 6 5 4 8 6 4
9 5 1 5 10 6 9 12 9 8 7 10 11 9 9 0 9 8 4 9 7 7 9 7 3 6 5 1 4 5
1 5 9 6 2 7 2 3 4 6 5 3 3 3 1 9 0 4 6 6 5 6 6 3 6 6 4 8 5 4
3 3 9 8 3 4 5 6 7 2 2 2 5 1 5 8 4 0 5 3 8 3 2 2 6 8 5 8 6 5
5 2 4 5 7 3 6 9 7 5 4 6 8 6 6 4 6 5 0 5 6 4 5 3 2 6 3 3 3 2
5 4 9 9 6 3 8 9 10 1 2 4 7 4 8 9 6 3 5 0 10 2 0 4 7 10 7 9 8 7
6 7 7 2 7 9 4 7 2 10 8 8 8 8 5 7 5 8 6 10 0 9 10 6 4 1 3 6 4 4
6 3 8 8 7 1 8 9 10 2 1 5 8 5 8 7 6 3 4 2 9 0 2 4 6 9 6 7 6 6
5 4 10 9 6 3 8 9 10 0 2 4 7 3 7 9 6 2 5 0 10 2 0 4 7 10 7 9 8 7
2 2 8 6 3 4 4 6 6 4 3 3 5 3 4 7 3 2 3 4 6 4 4 0 5 6 3 7 4 3
6 4 4 3 7 5 6 9 6 7 6 7 9 7 6 3 6 6 2 7 4 6 7 5 0 4 2 2 1 2
6 7 7 1 7 9 5 7 3 9 8 8 8 8 5 6 6 8 6 10 1 9 10 6 4 0 3 5 3 3
4 4 6 2 6 6 4 7 4 7 5 6 7 6 4 5 4 5 3 7 3 6 7 3 2 3 0 4 2 1
8 5 1 4 10 6 8 11 8 8 7 9 11 9 8 1 8 8 3 9 6 7 9 7 2 5 4 0 3 4
6 4 4 2 7 6 6 8 5 7 6 7 8 7 6 4 5 6 3 8 4 6 8 4 1 3 2 3 0 1
4 3 5 3 6 5 4 7 5 6 5 6 7 6 4 5 4 5 2 7 4 6 7 3 2 3 1 4 1 0
,
0 12 68 34 8 15 19 20 38 20 17 5 12 9 16 54 5 10 34 24 30 39 34 11 38 46 12 49 40 27
24 0 22 17 32 12 15 39 50 21 11 23 41 30 40 27 12 23 7 21 19 15 29 15 22 47 18 32 17 18
47 32 0 36 38 24 65 45 38 61 52 66 33 48 50 5 60 42 22 48 18 21 54 44 26 38 21 9 17 18
37 38 32 0 51 31 13 27 24 57 52 55 55 31 18 18 42 22 25 24 6 38 60 23 13 4 14 12 7 10
6 42 67 54 0 20 14 21 24 40 33 8 8 9 15 64 7 12 36 29 43 35 17 12 34 35 28 25 49 37
31 10 47 34 24 0 60 28 40 21 13 42 24 36 47 17 17 26 21 14 24 7 13 15 23 38 38 22 39 17
14 16 52 24 19 48 0 11 7 44 31 14 17 30 2 27 8 16 24 24 17 53 31 29 26 19 15 46 32 25
20 22 51 47 10 67 12 0 12 58 23 25 6 32 11 75 21 26 45 46 25 49 22 36 41 31 42 54 30 30
16 46 39 9 28 49 14 20 0 58 23 51 26 37 22 34 18 47 39 35 6 69 66 30 30 8 18 35 38 27
22 15 66 39 37 15 30 54 33 0 11 12 32 14 20 44 38 15 37 3 42 12 1 22 43 42 38 23 22 38
12 6 23 42 30 14 37 34 28 8 0 13 21 11 38 30 23 9 16 5 47 9 5 12 41 49 15 38 39 20
7 27 46 38 13 30 13 14 31 24 27 0 12 2 11 40 19 7 16 30 27 30 26 10 25 40 34 61 19 27
9 30 42 26 7 30 12 6 43 37 37 12 0 12 10 69 15 14 37 23 51 26 48 26 44 22 41 34 31 18
8 20 48 44 18 19 28 17 41 17 17 4 28 0 34 46 8 8 20 25 62 25 18 14 18 39 21 30 22 16
12 23 49 25 17 51 2 11 22 43 31 25 16 15 0 66 8 31 24 28 16 34 38 18 20 19 26 38 19 29
41 19 4 15 41 34 40 80 63 22 48 48 65 40 23 0 56 54 27 39 29 36 59 40 12 20 22 5 19 17
6 16 29 42 12 30 10 9 19 37 24 18 10 23 9 64 0 20 15 47 39 18 18 15 28 18 28 36 19 22
11 11 39 38 16 24 34 33 30 15 12 6 14 5 29 24 24 0 18 19 41 22 6 7 43 47 29 50 39 17
21 7 25 34 28 18 31 31 36 21 15 18 41 43 41 15 22 22 0 20 45 10 35 10 7 18 12 11 13 14
32 22 32 59 20 8 48 31 44 5 5 22 24 26 28 59 23 16 15 0 71 11 3 20 24 66 50 59 51 18
46 28 40 9 31 55 30 50 6 42 42 53 33 49 22 23 15 36 40 68 0 64 36 16 17 3 16 38 26 28
32 14 24 27 19 4 32 31 68 5 6 34 31 18 48 43 46 23 21 12 24 0 10 21 25 38 17 49 33 39
36 16 53 38 14 13 26 43 62 1 7 25 31 11 30 49 31 16 33 2 63 11 0 25 33 56 27 49 39 50
8 9 53 15 14 29 22 21 18 17 17 10 28 15 18 38 18 13 12 21 34 12 14 0 14 28 23 24 13 15
21 24 11 19 43 30 28 23 32 26 39 44 33 46 27 21 17 28 12 54 31 42 53 18 0 12 8 7 3 10
23 35 16 3 22 47 25 44 19 34 54 21 48 36 31 31 27 47 42 60 2 52 36 28 17 0 22 25 10 19
11 11 31 15 40 16 10 45 23 32 20 39 36 28 23 28 26 26 13 50 24 45 34 22 14 14 0 20 10 2
36 31 8 18 71 39 28 48 50 22 32 31 32 65 42 3 28 44 19 53 26 51 45 27 14 29 11 0 19 18
30 25 11 15 50 25 15 32 32 19 14 27 49 26 15 24 30 18 19 44 27 26 32 12 3 16 10 10 0 9
31 18 34 14 34 19 21 50 15 45 24 31 30 27 13 34 17 24 8 24 23 18 37 14 9 20 2 17 9 0