5
30
,
0 (12.0, 21.0) 11.0
1 (21.0, 40.0) 40.0
2 (50.0, 48.0) 11.0
3 (43.0, 21.0) 14.0
4 (6.0, 16.0) 32.0
5 (17.0, 50.0) 12.0
6 (21.0, 10.0) 31.0
7 (10.0, 2.0) 20.0
8 (33.0, 6.0) 23.0
9 (4.0, 43.0) 15.0
10 (11.0, 42.0) 13.0
11 (4.0, 25.0) 14.0
12 (4.0, 9.0) 21.0
13 (3.0, 28.0) 13.0
14 (19.0, 11.0) 35.0
15 (46.0, 48.0) 34.0
16 (15.0, 17.0) 31.0
17 (7.0, 33.0) 29.0
18 (29.0, 41.0) 14.0
19 (3.0, 46.0) 36.0
20 (42.0, 13.0) 14.0
21 (12.0, 49.0) 38.0
22 (2.0, 44.0) 14.0
23 (16.0, 30.0) 41.0
24 (38.0, 35.0) 44.0
25 (43.0, 16.0) 16.0
26 (32.0, 26.0) 48.0
27 (46.0, 43.0) 26.0
28 (38.0, 32.0) 30.0
29 (32.0, 29.0) 19.0
,
0 4 9 6 2 6 3 4 5 5 4 2 3 2 2 9 1 3 5 5 6 6 5 2 6 6 4 8 6 4
4 0 6 6 6 2 6 8 7 3 2 5 7 4 6 5 5 3 2 4 7 3 4 2 4 7 4 5 4 3
9 6 0 6 11 7 10 12 9 9 8 10 12 10 10 1 9 9 4 9 7 8 10 8 4 7 6 1 4 5
6 6 6 0 7 8 5 8 4 9 8 8 8 8 5 5 6 8 5 9 2 8 9 6 3 1 2 4 2 3
2 6 11 7 0 7 3 3 6 5 5 2 1 2 3 10 2 3 7 6 7 7 6 3 7 7 6 10 7 6
6 2 7 8 7 0 8 10 9 3 2 6 9 5 8 6 7 4 3 3 9 1 3 4 5 9 6 6 6 5
3 6 10 5 3 8 0 3 3 7 7 5 3 5 0 9 2 5 6 8 4 8 8 4 6 5 4 8 6 4
4 8 12 8 3 10 3 0 5 8 8 5 2 5 3 12 3 6 9 9 7 9 9 6 9 7 7 11 8 7
5 7 9 4 6 9 3 5 0 9 8 7 6 7 3 9 4 7 7 10 2 10 10 6 6 3 4 8 5 5
5 3 9 9 5 3 7 8 9 0 1 4 7 3 7 8 6 2 5 1 10 2 0 4 7 9 7 8 7 6
4 2 8 8 5 2 7 8 8 1 0 4 7 3 6 7 5 2 4 2 8 1 2 3 6 8 5 7 6 5
2 5 10 8 2 6 5 5 7 4 4 0 3 1 4 10 3 2 6 4 8 5 4 3 7 8 6 9 7 6
3 7 12 8 1 9 3 2 6 7 7 3 0 4 3 11 3 5 8 7 8 8 7 5 9 8 7 11 8 7
2 4 10 8 2 5 5 5 7 3 3 1 4 0 5 9 3 1 6 4 8 5 3 3 7 8 6 9 7 6
2 6 10 5 3 8 0 3 3 7 6 4 3 5 0 9 1 5 6 8 5 8 7 4 6 5 4 8 6 4
9 5 1 5 10 6 9 12 9 8 7 10 11 9 9 0 9 8 4 9 7 7 9 7 3 6 5 1 4 5
1 5 9 6 2 7 2 3 4 6 5 3 3 3 1 9 0 4 6 6 5 6 6 3 6 6 4 8 5 4
3 3 9 8 3 4 5 6 7 2 2 2 5 1 5 8 4 0 5 3 8 3 2 2 6 8 5 8 6 5
5 2 4 5 7 3 6 9 7 5 4 6 8 6 6 4 6 5 0 5 6 4 5 3 2 6 3 3 3 2
5 4 9 9 6 3 8 9 10 1 2 4 7 4 8 9 6 3 5 0 10 2 0 4 7 10 7 9 8 7
6 7 7 2 7 9 4 7 2 10 8 8 8 8 5 7 5 8 6 10 0 9 10 6 4 1 3 6 4 4
6 3 8 8 7 1 8 9 10 2 1 5 8 5 8 7 6 3 4 2 9 0 2 4 6 9 6 7 6 6
5 4 10 9 6 3 8 9 10 0 2 4 7 3 7 9 6 2 5 0 10 2 0 4 7 10 7 9 8 7
2 2 8 6 3 4 4 6 6 4 3 3 5 3 4 7 3 2 3 4 6 4 4 0 5 6 3 7 4 3
6 4 4 3 7 5 6 9 6 7 6 7 9 7 6 3 6 6 2 7 4 6 7 5 0 4 2 2 1 2
6 7 7 1 7 9 5 7 3 9 8 8 8 8 5 6 6 8 6 10 1 9 10 6 4 0 3 5 3 3
4 4 6 2 6 6 4 7 4 7 5 6 7 6 4 5 4 5 3 7 3 6 7 3 2 3 0 4 2 1
8 5 1 4 10 6 8 11 8 8 7 9 11 9 8 1 8 8 3 9 6 7 9 7 2 5 4 0 3 4
6 4 4 2 7 6 6 8 5 7 6 7 8 7 6 4 5 6 3 8 4 6 8 4 1 3 2 3 0 1
4 3 5 3 6 5 4 7 5 6 5 6 7 6 4 5 4 5 2 7 4 6 7 3 2 3 1 4 1 0
,
0 25 51 20 5 21 14 20 24 26 20 5 17 13 18 38 3 13 36 36 38 30 21 15 41 24 15 30 28 14
19 0 16 21 25 6 24 27 31 14 10 17 48 15 40 18 21 8 8 19 49 8 10 9 19 28 25 30 17 21
41 29 0 34 27 38 64 45 55 25 31 44 77 73 40 6 27 27 20 41 38 38 71 34 22 39 24 4 25 37
39 32 17 0 21 40 25 54 22 28 57 38 34 41 14 31 40 50 27 55 7 26 25 17 16 6 12 14 16 20
10 26 36 50 0 50 22 19 38 16 24 5 4 13 14 27 9 22 37 18 50 22 25 16 55 41 26 36 20 43
23 12 49 47 37 0 54 66 26 11 8 38 35 28 56 33 29 25 16 13 29 7 10 18 18 32 37 35 27 18
20 38 29 19 12 35 0 8 6 29 26 30 18 18 3 48 12 32 33 21 22 28 32 19 17 15 15 53 32 22
24 55 47 22 13 38 14 0 22 55 42 14 9 34 19 72 9 25 38 31 23 69 60 17 55 43 26 65 27 49
36 28 67 23 34 53 17 28 0 66 44 44 31 20 19 35 26 37 34 49 6 46 52 25 40 20 14 32 32 33
18 17 57 65 14 21 41 60 24 0 6 21 34 9 25 43 38 15 37 4 36 8 2 16 44 69 36 60 31 16
27 9 21 38 23 11 44 26 63 9 0 12 18 23 21 39 30 13 13 5 44 5 10 19 29 37 33 39 31 19
11 23 31 22 14 39 20 18 17 9 16 0 10 2 30 35 16 12 39 26 40 33 27 15 44 29 25 37 26 19
21 23 64 55 5 42 19 9 31 42 25 20 0 17 17 30 17 22 53 24 51 27 29 35 36 27 34 54 21 26
16 21 50 29 10 39 37 32 48 13 23 4 26 0 23 59 22 5 32 21 45 13 19 9 21 47 15 50 19 23
14 37 26 17 19 37 2 17 8 29 26 14 16 29 0 40 7 34 46 47 33 37 38 17 35 13 15 43 38 12
38 25 6 39 40 15 49 36 61 40 20 36 71 66 51 0 46 29 20 56 23 48 56 27 14 41 15 3 18 33
4 35 55 18 8 28 11 21 28 15 29 13 12 18 11 66 0 17 20 35 15 45 22 9 22 22 12 41 31 22
19 14 25 37 9 26 14 24 37 8 5 12 22 4 27 40 19 0 27 13 24 13 18 10 40 34 17 57 19 22
27 6 13 27 34 20 17 49 49 37 21 25 25 33 28 16 25 34 0 35 30 27 40 21 12 26 15 9 10 11
29 24 55 62 33 19 59 51 68 5 13 16 46 10 48 47 47 13 39 0 57 8 1 22 38 38 23 33 40 35
30 21 33 6 36 51 29 44 17 25 25 27 33 46 16 41 19 49 38 64 0 54 52 42 23 3 13 20 17 11
17 16 43 42 43 5 42 66 51 12 9 27 46 33 45 19 46 16 15 14 47 0 14 15 40 37 35 39 45 18
23 17 25 69 26 21 42 39 73 1 7 13 29 12 51 40 38 17 23 3 73 11 0 22 24 27 40 22 26 47
7 6 28 21 15 30 19 23 28 27 10 18 28 8 16 47 17 13 17 12 29 28 18 0 20 35 19 29 30 18
32 11 10 20 55 26 26 27 36 43 36 35 36 51 35 21 35 42 14 52 18 28 25 27 0 28 6 9 2 5
26 32 34 7 34 27 13 52 7 53 39 33 33 51 23 47 35 20 40 52 3 29 66 26 11 0 11 23 25 22
15 15 34 7 23 22 13 23 12 48 32 36 42 19 29 37 26 22 16 33 16 21 28 22 6 18 0 27 12 2
26 31 5 15 50 44 31 72 51 46 36 23 40 53 38 7 30 49 15 64 26 45 52 44 7 15 20 0 16 11
18 19 25 13 24 33 32 44 14 45 36 42 24 32 33 11 16 28 10 56 29 39 42 17 3 10 12 17 0 7
13 12 31 20 35 24 11 41 19 24 18 42 41 15 22 29 13 36 7 47 23 41 27 10 9 24 2 24 9 0