5
30
,
0 (12.0, 21.0) 16.0
1 (21.0, 40.0) 14.0
2 (50.0, 48.0) 37.0
3 (43.0, 21.0) 11.0
4 (6.0, 16.0) 39.0
5 (17.0, 50.0) 18.0
6 (21.0, 10.0) 41.0
7 (10.0, 2.0) 23.0
8 (33.0, 6.0) 35.0
9 (4.0, 43.0) 15.0
10 (11.0, 42.0) 45.0
11 (4.0, 25.0) 38.0
12 (4.0, 9.0) 39.0
13 (3.0, 28.0) 26.0
14 (19.0, 11.0) 11.0
15 (46.0, 48.0) 20.0
16 (15.0, 17.0) 12.0
17 (7.0, 33.0) 45.0
18 (29.0, 41.0) 42.0
19 (3.0, 46.0) 33.0
20 (42.0, 13.0) 13.0
21 (12.0, 49.0) 18.0
22 (2.0, 44.0) 13.0
23 (16.0, 30.0) 19.0
24 (38.0, 35.0) 32.0
25 (43.0, 16.0) 30.0
26 (32.0, 26.0) 21.0
27 (46.0, 43.0) 13.0
28 (38.0, 32.0) 32.0
29 (32.0, 29.0) 18.0
,
0 4 9 6 2 6 3 4 5 5 4 2 3 2 2 9 1 3 5 5 6 6 5 2 6 6 4 8 6 4
4 0 6 6 6 2 6 8 7 3 2 5 7 4 6 5 5 3 2 4 7 3 4 2 4 7 4 5 4 3
9 6 0 6 11 7 10 12 9 9 8 10 12 10 10 1 9 9 4 9 7 8 10 8 4 7 6 1 4 5
6 6 6 0 7 8 5 8 4 9 8 8 8 8 5 5 6 8 5 9 2 8 9 6 3 1 2 4 2 3
2 6 11 7 0 7 3 3 6 5 5 2 1 2 3 10 2 3 7 6 7 7 6 3 7 7 6 10 7 6
6 2 7 8 7 0 8 10 9 3 2 6 9 5 8 6 7 4 3 3 9 1 3 4 5 9 6 6 6 5
3 6 10 5 3 8 0 3 3 7 7 5 3 5 0 9 2 5 6 8 4 8 8 4 6 5 4 8 6 4
4 8 12 8 3 10 3 0 5 8 8 5 2 5 3 12 3 6 9 9 7 9 9 6 9 7 7 11 8 7
5 7 9 4 6 9 3 5 0 9 8 7 6 7 3 9 4 7 7 10 2 10 10 6 6 3 4 8 5 5
5 3 9 9 5 3 7 8 9 0 1 4 7 3 7 8 6 2 5 1 10 2 0 4 7 9 7 8 7 6
4 2 8 8 5 2 7 8 8 1 0 4 7 3 6 7 5 2 4 2 8 1 2 3 6 8 5 7 6 5
2 5 10 8 2 6 5 5 7 4 4 0 3 1 4 10 3 2 6 4 8 5 4 3 7 8 6 9 7 6
3 7 12 8 1 9 3 2 6 7 7 3 0 4 3 11 3 5 8 7 8 8 7 5 9 8 7 11 8 7
2 4 10 8 2 5 5 5 7 3 3 1 4 0 5 9 3 1 6 4 8 5 3 3 7 8 6 9 7 6
2 6 10 5 3 8 0 3 3 7 6 4 3 5 0 9 1 5 6 8 5 8 7 4 6 5 4 8 6 4
9 5 1 5 10 6 9 12 9 8 7 10 11 9 9 0 9 8 4 9 7 7 9 7 3 6 5 1 4 5
1 5 9 6 2 7 2 3 4 6 5 3 3 3 1 9 0 4 6 6 5 6 6 3 6 6 4 8 5 4
3 3 9 8 3 4 5 6 7 2 2 2 5 1 5 8 4 0 5 3 8 3 2 2 6 8 5 8 6 5
5 2 4 5 7 3 6 9 7 5 4 6 8 6 6 4 6 5 0 5 6 4 5 3 2 6 3 3 3 2
5 4 9 9 6 3 8 9 10 1 2 4 7 4 8 9 6 3 5 0 10 2 0 4 7 10 7 9 8 7
6 7 7 2 7 9 4 7 2 10 8 8 8 8 5 7 5 8 6 10 0 9 10 6 4 1 3 6 4 4
6 3 8 8 7 1 8 9 10 2 1 5 8 5 8 7 6 3 4 2 9 0 2 4 6 9 6 7 6 6
5 4 10 9 6 3 8 9 10 0 2 4 7 3 7 9 6 2 5 0 10 2 0 4 7 10 7 9 8 7
2 2 8 6 3 4 4 6 6 4 3 3 5 3 4 7 3 2 3 4 6 4 4 0 5 6 3 7 4 3
6 4 4 3 7 5 6 9 6 7 6 7 9 7 6 3 6 6 2 7 4 6 7 5 0 4 2 2 1 2
6 7 7 1 7 9 5 7 3 9 8 8 8 8 5 6 6 8 6 10 1 9 10 6 4 0 3 5 3 3
4 4 6 2 6 6 4 7 4 7 5 6 7 6 4 5 4 5 3 7 3 6 7 3 2 3 0 4 2 1
8 5 1 4 10 6 8 11 8 8 7 9 11 9 8 1 8 8 3 9 6 7 9 7 2 5 4 0 3 4
6 4 4 2 7 6 6 8 5 7 6 7 8 7 6 4 5 6 3 8 4 6 8 4 1 3 2 3 0 1
4 3 5 3 6 5 4 7 5 6 5 6 7 6 4 5 4 5 2 7 4 6 7 3 2 3 1 4 1 0
,
0 23 64 28 10 22 13 13 29 25 19 5 10 6 7 29 6 18 21 14 45 37 22 11 33 17 24 24 41 19
11 0 23 17 28 10 29 58 44 13 15 25 33 19 25 39 17 10 6 11 33 18 17 13 13 39 16 23 26 8
44 32 0 33 37 33 30 40 38 61 53 45 62 52 51 3 36 55 13 29 20 42 70 53 16 43 39 4 15 18
25 19 37 0 33 42 20 38 16 38 26 53 39 54 18 22 36 42 37 70 10 27 46 36 9 3 17 21 16 13
11 27 39 43 0 43 18 9 18 35 17 6 8 7 7 64 11 9 28 30 50 36 41 16 43 23 40 29 54 34
37 10 45 50 38 0 28 25 60 8 6 28 31 28 25 32 33 18 12 14 40 3 23 21 35 41 29 30 35 19
7 37 24 25 18 43 0 17 7 24 44 32 19 17 3 36 8 16 28 33 14 59 40 31 31 19 10 61 34 23
14 45 47 38 16 60 18 0 28 45 50 27 8 36 15 78 18 19 23 59 25 54 42 33 30 44 20 57 48 52
24 47 59 17 28 64 15 31 0 64 52 27 30 29 8 60 13 54 40 37 8 30 60 36 34 7 14 46 27 33
20 24 59 47 37 19 42 24 44 0 6 19 48 22 51 28 34 14 16 2 71 7 3 12 46 48 41 35 20 30
21 13 22 21 37 14 24 55 44 7 0 18 20 14 19 43 14 9 19 7 38 8 7 14 40 27 27 35 18 28
12 33 57 36 8 19 12 14 28 16 11 0 22 3 15 51 10 10 24 31 30 25 12 17 31 41 29 35 33 41
9 36 43 57 8 50 18 9 35 30 43 18 0 25 13 86 17 16 57 34 42 28 51 19 50 23 22 80 29 36
16 26 28 60 12 35 15 33 52 15 21 3 17 0 33 52 15 5 24 15 26 24 15 16 22 36 38 38 25 24
7 22 52 20 19 20 3 11 11 22 36 26 14 28 0 38 6 37 42 50 29 24 32 22 28 17 12 48 41 24
23 39 5 14 34 16 42 38 65 58 37 68 67 71 38 0 42 29 11 55 43 34 64 47 18 40 38 4 16 29
6 31 62 28 6 27 13 8 18 20 14 13 11 24 10 59 0 24 18 19 20 38 26 14 25 24 12 54 29 15
12 12 25 51 17 13 39 26 28 7 6 11 31 5 32 41 26 0 30 16 21 19 17 9 39 25 21 26 27 22
22 7 28 36 33 9 34 28 20 32 23 16 36 29 33 21 16 31 0 16 36 23 26 10 6 28 23 18 15 14
17 28 31 50 19 18 47 56 32 2 13 14 54 18 46 56 39 18 26 0 63 13 1 27 48 34 51 39 52 28
19 51 33 9 43 46 18 30 12 40 40 59 38 34 28 21 16 24 31 61 0 48 65 34 13 3 12 30 15 23
18 6 53 44 44 6 40 48 44 7 7 28 29 19 30 33 27 12 24 13 63 0 15 18 35 58 37 47 40 38
19 15 50 30 32 14 22 49 26 1 12 14 43 13 48 42 42 14 41 2 32 7 0 27 47 49 42 60 28 38
5 15 42 40 21 13 19 19 35 12 19 8 17 19 16 42 17 9 17 14 43 13 23 0 24 30 18 27 13 9
44 10 24 16 49 33 27 54 15 41 41 48 64 22 21 20 41 18 9 22 16 40 21 20 0 12 15 15 4 12
42 20 30 6 21 52 32 24 14 57 51 32 32 52 19 46 16 23 23 27 3 26 68 18 19 0 13 23 21 9
16 11 33 16 28 33 13 35 21 37 37 25 40 31 25 37 20 36 20 45 18 32 51 13 12 18 0 30 7 4
32 28 5 17 59 25 47 62 54 29 43 58 38 53 38 5 25 34 18 57 18 23 42 30 11 30 28 0 16 23
35 11 26 15 33 20 26 59 37 41 15 38 42 32 29 14 17 23 14 21 19 46 19 26 2 20 5 9 0 4
13 14 33 19 26 25 14 36 18 35 14 36 33 43 28 20 20 32 14 40 19 28 28 11 8 18 3 13 4 0