5
30
,
0 (12.0, 21.0) 15.0
1 (21.0, 40.0) 22.0
2 (50.0, 48.0) 17.0
3 (43.0, 21.0) 21.0
4 (6.0, 16.0) 30.0
5 (17.0, 50.0) 18.0
6 (21.0, 10.0) 11.0
7 (10.0, 2.0) 16.0
8 (33.0, 6.0) 25.0
9 (4.0, 43.0) 16.0
10 (11.0, 42.0) 40.0
11 (4.0, 25.0) 31.0
12 (4.0, 9.0) 14.0
13 (3.0, 28.0) 18.0
14 (19.0, 11.0) 27.0
15 (46.0, 48.0) 36.0
16 (15.0, 17.0) 49.0
17 (7.0, 33.0) 45.0
18 (29.0, 41.0) 22.0
19 (3.0, 46.0) 19.0
20 (42.0, 13.0) 13.0
21 (12.0, 49.0) 11.0
22 (2.0, 44.0) 33.0
23 (16.0, 30.0) 30.0
24 (38.0, 35.0) 30.0
25 (43.0, 16.0) 39.0
26 (32.0, 26.0) 11.0
27 (46.0, 43.0) 45.0
28 (38.0, 32.0) 17.0
29 (32.0, 29.0) 26.0
,
0 4 9 6 2 6 3 4 5 5 4 2 3 2 2 9 1 3 5 5 6 6 5 2 6 6 4 8 6 4
4 0 6 6 6 2 6 8 7 3 2 5 7 4 6 5 5 3 2 4 7 3 4 2 4 7 4 5 4 3
9 6 0 6 11 7 10 12 9 9 8 10 12 10 10 1 9 9 4 9 7 8 10 8 4 7 6 1 4 5
6 6 6 0 7 8 5 8 4 9 8 8 8 8 5 5 6 8 5 9 2 8 9 6 3 1 2 4 2 3
2 6 11 7 0 7 3 3 6 5 5 2 1 2 3 10 2 3 7 6 7 7 6 3 7 7 6 10 7 6
6 2 7 8 7 0 8 10 9 3 2 6 9 5 8 6 7 4 3 3 9 1 3 4 5 9 6 6 6 5
3 6 10 5 3 8 0 3 3 7 7 5 3 5 0 9 2 5 6 8 4 8 8 4 6 5 4 8 6 4
4 8 12 8 3 10 3 0 5 8 8 5 2 5 3 12 3 6 9 9 7 9 9 6 9 7 7 11 8 7
5 7 9 4 6 9 3 5 0 9 8 7 6 7 3 9 4 7 7 10 2 10 10 6 6 3 4 8 5 5
5 3 9 9 5 3 7 8 9 0 1 4 7 3 7 8 6 2 5 1 10 2 0 4 7 9 7 8 7 6
4 2 8 8 5 2 7 8 8 1 0 4 7 3 6 7 5 2 4 2 8 1 2 3 6 8 5 7 6 5
2 5 10 8 2 6 5 5 7 4 4 0 3 1 4 10 3 2 6 4 8 5 4 3 7 8 6 9 7 6
3 7 12 8 1 9 3 2 6 7 7 3 0 4 3 11 3 5 8 7 8 8 7 5 9 8 7 11 8 7
2 4 10 8 2 5 5 5 7 3 3 1 4 0 5 9 3 1 6 4 8 5 3 3 7 8 6 9 7 6
2 6 10 5 3 8 0 3 3 7 6 4 3 5 0 9 1 5 6 8 5 8 7 4 6 5 4 8 6 4
9 5 1 5 10 6 9 12 9 8 7 10 11 9 9 0 9 8 4 9 7 7 9 7 3 6 5 1 4 5
1 5 9 6 2 7 2 3 4 6 5 3 3 3 1 9 0 4 6 6 5 6 6 3 6 6 4 8 5 4
3 3 9 8 3 4 5 6 7 2 2 2 5 1 5 8 4 0 5 3 8 3 2 2 6 8 5 8 6 5
5 2 4 5 7 3 6 9 7 5 4 6 8 6 6 4 6 5 0 5 6 4 5 3 2 6 3 3 3 2
5 4 9 9 6 3 8 9 10 1 2 4 7 4 8 9 6 3 5 0 10 2 0 4 7 10 7 9 8 7
6 7 7 2 7 9 4 7 2 10 8 8 8 8 5 7 5 8 6 10 0 9 10 6 4 1 3 6 4 4
6 3 8 8 7 1 8 9 10 2 1 5 8 5 8 7 6 3 4 2 9 0 2 4 6 9 6 7 6 6
5 4 10 9 6 3 8 9 10 0 2 4 7 3 7 9 6 2 5 0 10 2 0 4 7 10 7 9 8 7
2 2 8 6 3 4 4 6 6 4 3 3 5 3 4 7 3 2 3 4 6 4 4 0 5 6 3 7 4 3
6 4 4 3 7 5 6 9 6 7 6 7 9 7 6 3 6 6 2 7 4 6 7 5 0 4 2 2 1 2
6 7 7 1 7 9 5 7 3 9 8 8 8 8 5 6 6 8 6 10 1 9 10 6 4 0 3 5 3 3
4 4 6 2 6 6 4 7 4 7 5 6 7 6 4 5 4 5 3 7 3 6 7 3 2 3 0 4 2 1
8 5 1 4 10 6 8 11 8 8 7 9 11 9 8 1 8 8 3 9 6 7 9 7 2 5 4 0 3 4
6 4 4 2 7 6 6 8 5 7 6 7 8 7 6 4 5 6 3 8 4 6 8 4 1 3 2 3 0 1
4 3 5 3 6 5 4 7 5 6 5 6 7 6 4 5 4 5 2 7 4 6 7 3 2 3 1 4 1 0
,
0 22 25 32 8 32 16 17 30 16 29 7 9 13 18 65 7 17 38 15 26 33 16 14 43 23 20 35 36 23
25 0 28 25 24 11 39 41 32 12 14 20 45 28 43 18 29 20 4 26 40 7 16 9 10 24 9 29 9 22
39 43 0 38 72 46 49 84 66 47 57 32 85 75 67 2 28 35 25 37 29 37 51 52 21 48 26 5 18 17
27 24 26 0 48 37 16 38 14 28 57 41 34 34 39 19 36 26 14 26 7 45 28 43 18 5 8 18 17 15
11 23 35 51 0 39 20 17 22 31 16 13 8 8 7 33 13 16 48 37 27 28 42 12 55 48 27 38 32 16
42 7 36 35 38 0 24 38 57 17 8 24 46 28 27 32 24 18 22 8 25 7 17 22 16 24 30 34 24 32
10 29 46 18 22 38 0 17 17 55 36 33 21 18 2 60 14 28 38 59 21 35 56 20 25 12 22 53 38 30
19 45 64 23 18 43 16 0 35 34 55 33 9 39 18 36 16 23 49 30 34 47 35 16 62 46 43 60 37 25
23 54 53 14 42 52 10 21 0 48 59 22 18 55 10 48 15 35 22 69 15 62 38 16 44 13 24 31 18 24
15 10 69 23 40 13 22 40 38 0 9 11 48 13 38 55 20 7 19 3 53 14 3 21 22 60 26 43 52 42
28 11 59 34 26 5 46 44 56 5 0 25 30 21 39 37 37 7 14 7 47 5 12 17 29 48 19 45 32 29
13 24 57 31 12 36 21 19 41 9 19 0 17 2 15 56 17 12 42 25 40 17 25 19 32 60 27 49 35 34
16 48 31 29 6 63 10 11 32 25 49 19 0 13 16 35 18 15 26 34 25 52 20 32 48 56 32 61 45 35
10 27 74 36 7 21 27 26 35 19 15 2 15 0 27 33 19 6 32 21 43 21 14 18 20 45 30 53 27 43
11 15 39 23 10 22 3 7 14 47 16 17 20 34 0 37 4 35 28 52 14 32 24 26 40 21 28 35 27 30
46 38 6 34 48 37 65 55 45 36 52 29 74 36 27 0 52 55 13 49 41 20 66 39 12 44 32 5 12 27
7 13 44 41 6 21 7 24 27 27 32 14 17 18 7 50 0 18 15 32 15 26 19 14 32 38 18 40 22 25
11 15 30 45 12 20 16 45 40 12 14 11 24 8 31 59 14 0 21 15 49 10 7 6 30 34 34 56 29 20
27 8 13 32 33 14 24 44 45 23 17 29 41 26 27 13 27 12 0 22 45 16 23 17 11 35 18 23 18 16
35 18 54 42 45 20 24 33 63 4 8 17 44 13 48 49 16 7 16 0 65 11 3 22 38 34 34 46 42 44
18 18 22 7 32 40 20 37 6 36 53 32 24 54 27 28 39 42 33 33 0 42 65 19 29 2 22 28 22 19
39 19 42 60 38 6 55 34 58 9 10 18 35 23 43 44 40 20 24 13 62 0 12 24 36 55 15 24 37 28
13 18 46 30 24 10 51 53 28 3 9 25 30 16 47 45 17 12 24 1 35 13 0 21 27 55 52 52 56 37
6 7 23 18 9 17 21 16 24 13 9 16 22 8 17 23 10 6 15 10 37 14 15 0 27 35 19 22 17 11
16 15 10 19 31 31 28 61 30 26 32 24 59 30 35 20 32 46 7 38 17 37 55 27 0 19 6 6 3 8
32 43 28 7 40 32 14 46 7 24 44 41 54 60 14 39 25 32 38 73 3 68 59 23 21 0 9 25 15 18
30 18 23 14 24 29 18 35 20 21 19 42 26 41 27 32 27 34 19 32 8 23 45 13 6 22 0 29 8 3
46 25 4 26 25 17 53 78 25 58 46 38 52 46 48 5 42 38 16 28 34 32 38 31 7 30 24 0 12 17
16 18 17 10 43 38 24 44 14 25 42 27 49 42 24 23 26 29 15 41 23 18 48 29 4 23 4 10 0 5
16 17 30 18 18 21 24 46 31 36 34 38 36 23 33 19 21 18 17 45 18 17 19 13 6 16 4 16 6 0