5
30
,
0 (12.0, 21.0) 12.0
1 (21.0, 40.0) 11.0
2 (50.0, 48.0) 16.0
3 (43.0, 21.0) 39.0
4 (6.0, 16.0) 28.0
5 (17.0, 50.0) 13.0
6 (21.0, 10.0) 27.0
7 (10.0, 2.0) 26.0
8 (33.0, 6.0) 38.0
9 (4.0, 43.0) 16.0
10 (11.0, 42.0) 20.0
11 (4.0, 25.0) 14.0
12 (4.0, 9.0) 12.0
13 (3.0, 28.0) 34.0
14 (19.0, 11.0) 32.0
15 (46.0, 48.0) 11.0
16 (15.0, 17.0) 21.0
17 (7.0, 33.0) 30.0
18 (29.0, 41.0) 11.0
19 (3.0, 46.0) 49.0
20 (42.0, 13.0) 36.0
21 (12.0, 49.0) 16.0
22 (2.0, 44.0) 13.0
23 (16.0, 30.0) 38.0
24 (38.0, 35.0) 39.0
25 (43.0, 16.0) 42.0
26 (32.0, 26.0) 44.0
27 (46.0, 43.0) 47.0
28 (38.0, 32.0) 11.0
29 (32.0, 29.0) 35.0
,
0 4 9 6 2 6 3 4 5 5 4 2 3 2 2 9 1 3 5 5 6 6 5 2 6 6 4 8 6 4
4 0 6 6 6 2 6 8 7 3 2 5 7 4 6 5 5 3 2 4 7 3 4 2 4 7 4 5 4 3
9 6 0 6 11 7 10 12 9 9 8 10 12 10 10 1 9 9 4 9 7 8 10 8 4 7 6 1 4 5
6 6 6 0 7 8 5 8 4 9 8 8 8 8 5 5 6 8 5 9 2 8 9 6 3 1 2 4 2 3
2 6 11 7 0 7 3 3 6 5 5 2 1 2 3 10 2 3 7 6 7 7 6 3 7 7 6 10 7 6
6 2 7 8 7 0 8 10 9 3 2 6 9 5 8 6 7 4 3 3 9 1 3 4 5 9 6 6 6 5
3 6 10 5 3 8 0 3 3 7 7 5 3 5 0 9 2 5 6 8 4 8 8 4 6 5 4 8 6 4
4 8 12 8 3 10 3 0 5 8 8 5 2 5 3 12 3 6 9 9 7 9 9 6 9 7 7 11 8 7
5 7 9 4 6 9 3 5 0 9 8 7 6 7 3 9 4 7 7 10 2 10 10 6 6 3 4 8 5 5
5 3 9 9 5 3 7 8 9 0 1 4 7 3 7 8 6 2 5 1 10 2 0 4 7 9 7 8 7 6
4 2 8 8 5 2 7 8 8 1 0 4 7 3 6 7 5 2 4 2 8 1 2 3 6 8 5 7 6 5
2 5 10 8 2 6 5 5 7 4 4 0 3 1 4 10 3 2 6 4 8 5 4 3 7 8 6 9 7 6
3 7 12 8 1 9 3 2 6 7 7 3 0 4 3 11 3 5 8 7 8 8 7 5 9 8 7 11 8 7
2 4 10 8 2 5 5 5 7 3 3 1 4 0 5 9 3 1 6 4 8 5 3 3 7 8 6 9 7 6
2 6 10 5 3 8 0 3 3 7 6 4 3 5 0 9 1 5 6 8 5 8 7 4 6 5 4 8 6 4
9 5 1 5 10 6 9 12 9 8 7 10 11 9 9 0 9 8 4 9 7 7 9 7 3 6 5 1 4 5
1 5 9 6 2 7 2 3 4 6 5 3 3 3 1 9 0 4 6 6 5 6 6 3 6 6 4 8 5 4
3 3 9 8 3 4 5 6 7 2 2 2 5 1 5 8 4 0 5 3 8 3 2 2 6 8 5 8 6 5
5 2 4 5 7 3 6 9 7 5 4 6 8 6 6 4 6 5 0 5 6 4 5 3 2 6 3 3 3 2
5 4 9 9 6 3 8 9 10 1 2 4 7 4 8 9 6 3 5 0 10 2 0 4 7 10 7 9 8 7
6 7 7 2 7 9 4 7 2 10 8 8 8 8 5 7 5 8 6 10 0 9 10 6 4 1 3 6 4 4
6 3 8 8 7 1 8 9 10 2 1 5 8 5 8 7 6 3 4 2 9 0 2 4 6 9 6 7 6 6
5 4 10 9 6 3 8 9 10 0 2 4 7 3 7 9 6 2 5 0 10 2 0 4 7 10 7 9 8 7
2 2 8 6 3 4 4 6 6 4 3 3 5 3 4 7 3 2 3 4 6 4 4 0 5 6 3 7 4 3
6 4 4 3 7 5 6 9 6 7 6 7 9 7 6 3 6 6 2 7 4 6 7 5 0 4 2 2 1 2
6 7 7 1 7 9 5 7 3 9 8 8 8 8 5 6 6 8 6 10 1 9 10 6 4 0 3 5 3 3
4 4 6 2 6 6 4 7 4 7 5 6 7 6 4 5 4 5 3 7 3 6 7 3 2 3 0 4 2 1
8 5 1 4 10 6 8 11 8 8 7 9 11 9 8 1 8 8 3 9 6 7 9 7 2 5 4 0 3 4
6 4 4 2 7 6 6 8 5 7 6 7 8 7 6 4 5 6 3 8 4 6 8 4 1 3 2 3 0 1
4 3 5 3 6 5 4 7 5 6 5 6 7 6 4 5 4 5 2 7 4 6 7 3 2 3 1 4 1 0
,
0 27 38 33 4 37 7 27 21 23 18 7 9 10 14 30 4 19 31 18 20 18 36 14 17 37 31 37 36 20
25 0 17 25 41 6 27 59 29 9 9 16 53 23 39 20 14 14 5 11 17 14 24 10 21 25 10 37 25 14
24 17 0 31 74 25 71 63 65 46 32 31 62 60 70 2 46 52 23 41 53 46 67 24 13 20 36 6 26 36
16 33 36 0 46 38 23 26 11 23 23 44 30 34 14 40 35 50 34 61 12 26 70 34 9 4 16 14 18 13
12 34 48 55 0 32 10 13 28 21 34 6 7 18 9 40 13 12 45 33 44 48 30 11 41 34 32 47 43 21
31 11 36 53 50 0 38 49 45 21 9 17 22 15 26 27 26 23 21 19 32 6 23 30 21 48 21 44 21 21
14 43 45 25 16 32 0 18 14 33 21 21 25 33 2 32 11 16 26 40 20 21 47 28 19 27 26 45 20 21
12 42 73 54 14 46 14 0 34 33 21 24 6 36 19 84 12 43 36 23 46 67 55 32 65 50 16 65 57 24
19 34 47 9 24 24 12 27 0 42 62 29 28 48 10 33 25 33 26 60 14 71 40 42 16 19 23 37 36 27
20 23 67 53 27 21 33 57 36 0 9 25 49 16 18 38 24 15 21 3 35 7 1 10 48 51 36 51 46 19
11 15 40 52 28 11 22 29 56 4 0 19 47 12 30 23 17 11 21 12 25 10 11 14 35 26 36 49 26 19
7 13 61 20 10 19 27 27 34 27 18 0 17 3 29 45 17 13 42 23 27 35 16 18 26 60 25 38 38 19
14 38 69 38 4 36 13 9 29 44 20 24 0 25 14 55 20 30 29 19 49 44 27 12 40 58 39 40 39 18
16 27 75 46 17 24 32 33 21 11 15 3 24 0 29 44 21 5 36 13 60 17 22 11 50 36 26 50 40 27
9 15 33 37 19 49 1 18 13 33 37 17 15 14 0 53 5 37 33 38 12 36 24 21 34 13 15 46 17 15
59 39 2 14 47 39 31 40 62 59 41 24 64 50 45 0 23 32 21 38 35 17 35 19 18 19 15 3 10 30
7 22 56 16 10 17 12 9 21 27 23 15 11 11 6 53 0 24 25 37 15 42 44 15 22 41 13 46 40 12
15 18 64 41 25 11 22 24 49 9 12 6 29 5 27 22 12 0 21 16 57 21 12 10 43 54 20 45 24 32
17 9 26 14 19 16 44 54 31 27 21 33 36 30 40 21 39 32 0 24 43 11 29 16 13 42 15 13 7 7
18 28 58 31 18 10 46 36 52 3 8 18 22 16 54 64 26 16 39 0 58 14 3 30 40 37 24 28 46 35
33 35 41 7 19 61 16 30 17 52 22 38 38 33 20 50 31 60 29 73 0 34 63 44 20 2 8 33 20 19
15 13 26 27 43 3 41 44 38 11 5 36 31 27 31 30 39 19 15 12 53 0 15 20 32 29 32 26 34 35
19 13 60 67 30 21 48 28 48 2 13 10 18 21 32 32 36 17 15 3 41 12 0 14 45 52 46 40 52 42
15 16 35 16 25 11 21 41 16 17 10 12 30 9 28 49 9 9 15 13 18 16 29 0 11 39 17 25 30 18
21 18 19 20 45 18 34 48 36 52 27 44 25 24 24 17 20 20 11 24 18 18 20 33 0 20 16 12 4 5
36 37 45 3 42 48 28 34 13 71 24 52 40 28 13 27 34 58 15 51 3 34 68 18 10 0 8 33 24 9
21 11 21 12 20 36 11 19 20 29 16 31 39 34 29 38 23 21 16 49 12 43 25 19 9 8 0 29 8 2
21 17 5 29 66 41 47 34 22 61 51 28 30 31 51 3 47 50 9 36 19 17 61 47 7 30 15 0 16 15
26 22 12 13 45 24 21 61 20 28 29 19 23 34 23 14 18 40 15 43 19 35 51 12 2 13 5 9 0 7
12 20 19 16 22 27 17 21 24 21 18 17 36 23 28 21 25 22 9 27 17 19 35 10 8 17 3 16 8 0