5
30
,
0 (12.0, 21.0) 12.0
1 (21.0, 40.0) 19.0
2 (50.0, 48.0) 43.0
3 (43.0, 21.0) 14.0
4 (6.0, 16.0) 37.0
5 (17.0, 50.0) 21.0
6 (21.0, 10.0) 33.0
7 (10.0, 2.0) 21.0
8 (33.0, 6.0) 34.0
9 (4.0, 43.0) 32.0
10 (11.0, 42.0) 14.0
11 (4.0, 25.0) 21.0
12 (4.0, 9.0) 13.0
13 (3.0, 28.0) 40.0
14 (19.0, 11.0) 19.0
15 (46.0, 48.0) 19.0
16 (15.0, 17.0) 50.0
17 (7.0, 33.0) 11.0
18 (29.0, 41.0) 47.0
19 (3.0, 46.0) 14.0
20 (42.0, 13.0) 12.0
21 (12.0, 49.0) 16.0
22 (2.0, 44.0) 13.0
23 (16.0, 30.0) 15.0
24 (38.0, 35.0) 17.0
25 (43.0, 16.0) 34.0
26 (32.0, 26.0) 27.0
27 (46.0, 43.0) 26.0
28 (38.0, 32.0) 38.0
29 (32.0, 29.0) 17.0
,
0 4 9 6 2 6 3 4 5 5 4 2 3 2 2 9 1 3 5 5 6 6 5 2 6 6 4 8 6 4
4 0 6 6 6 2 6 8 7 3 2 5 7 4 6 5 5 3 2 4 7 3 4 2 4 7 4 5 4 3
9 6 0 6 11 7 10 12 9 9 8 10 12 10 10 1 9 9 4 9 7 8 10 8 4 7 6 1 4 5
6 6 6 0 7 8 5 8 4 9 8 8 8 8 5 5 6 8 5 9 2 8 9 6 3 1 2 4 2 3
2 6 11 7 0 7 3 3 6 5 5 2 1 2 3 10 2 3 7 6 7 7 6 3 7 7 6 10 7 6
6 2 7 8 7 0 8 10 9 3 2 6 9 5 8 6 7 4 3 3 9 1 3 4 5 9 6 6 6 5
3 6 10 5 3 8 0 3 3 7 7 5 3 5 0 9 2 5 6 8 4 8 8 4 6 5 4 8 6 4
4 8 12 8 3 10 3 0 5 8 8 5 2 5 3 12 3 6 9 9 7 9 9 6 9 7 7 11 8 7
5 7 9 4 6 9 3 5 0 9 8 7 6 7 3 9 4 7 7 10 2 10 10 6 6 3 4 8 5 5
5 3 9 9 5 3 7 8 9 0 1 4 7 3 7 8 6 2 5 1 10 2 0 4 7 9 7 8 7 6
4 2 8 8 5 2 7 8 8 1 0 4 7 3 6 7 5 2 4 2 8 1 2 3 6 8 5 7 6 5
2 5 10 8 2 6 5 5 7 4 4 0 3 1 4 10 3 2 6 4 8 5 4 3 7 8 6 9 7 6
3 7 12 8 1 9 3 2 6 7 7 3 0 4 3 11 3 5 8 7 8 8 7 5 9 8 7 11 8 7
2 4 10 8 2 5 5 5 7 3 3 1 4 0 5 9 3 1 6 4 8 5 3 3 7 8 6 9 7 6
2 6 10 5 3 8 0 3 3 7 6 4 3 5 0 9 1 5 6 8 5 8 7 4 6 5 4 8 6 4
9 5 1 5 10 6 9 12 9 8 7 10 11 9 9 0 9 8 4 9 7 7 9 7 3 6 5 1 4 5
1 5 9 6 2 7 2 3 4 6 5 3 3 3 1 9 0 4 6 6 5 6 6 3 6 6 4 8 5 4
3 3 9 8 3 4 5 6 7 2 2 2 5 1 5 8 4 0 5 3 8 3 2 2 6 8 5 8 6 5
5 2 4 5 7 3 6 9 7 5 4 6 8 6 6 4 6 5 0 5 6 4 5 3 2 6 3 3 3 2
5 4 9 9 6 3 8 9 10 1 2 4 7 4 8 9 6 3 5 0 10 2 0 4 7 10 7 9 8 7
6 7 7 2 7 9 4 7 2 10 8 8 8 8 5 7 5 8 6 10 0 9 10 6 4 1 3 6 4 4
6 3 8 8 7 1 8 9 10 2 1 5 8 5 8 7 6 3 4 2 9 0 2 4 6 9 6 7 6 6
5 4 10 9 6 3 8 9 10 0 2 4 7 3 7 9 6 2 5 0 10 2 0 4 7 10 7 9 8 7
2 2 8 6 3 4 4 6 6 4 3 3 5 3 4 7 3 2 3 4 6 4 4 0 5 6 3 7 4 3
6 4 4 3 7 5 6 9 6 7 6 7 9 7 6 3 6 6 2 7 4 6 7 5 0 4 2 2 1 2
6 7 7 1 7 9 5 7 3 9 8 8 8 8 5 6 6 8 6 10 1 9 10 6 4 0 3 5 3 3
4 4 6 2 6 6 4 7 4 7 5 6 7 6 4 5 4 5 3 7 3 6 7 3 2 3 0 4 2 1
8 5 1 4 10 6 8 11 8 8 7 9 11 9 8 1 8 8 3 9 6 7 9 7 2 5 4 0 3 4
6 4 4 2 7 6 6 8 5 7 6 7 8 7 6 4 5 6 3 8 4 6 8 4 1 3 2 3 0 1
4 3 5 3 6 5 4 7 5 6 5 6 7 6 4 5 4 5 2 7 4 6 7 3 2 3 1 4 1 0
,
0 24 69 31 4 30 18 18 13 22 17 6 17 7 12 61 5 16 34 28 29 36 32 14 27 32 23 23 37 22
11 0 32 39 18 8 34 36 21 10 5 34 44 25 18 33 33 17 8 28 50 13 22 11 15 30 12 17 23 21
69 35 0 34 42 40 45 36 67 32 54 73 51 72 30 2 65 40 23 59 44 46 62 43 11 17 23 6 25 27
39 29 24 0 47 36 14 32 21 23 46 53 26 30 38 18 20 20 27 65 9 53 67 38 11 3 12 15 8 8
4 36 55 41 0 47 10 20 20 25 18 12 8 12 7 73 6 17 27 21 43 40 20 22 48 50 17 25 46 41
30 11 20 39 39 0 26 69 34 14 10 16 35 21 58 19 44 15 8 15 33 5 17 26 37 41 32 42 17 33
17 44 54 21 20 54 0 8 15 25 24 12 12 32 2 61 11 23 48 22 13 21 20 29 31 32 10 51 37 31
10 49 78 29 19 43 10 0 13 54 51 31 13 17 7 63 23 39 60 48 47 40 59 35 55 31 34 54 33 43
33 38 39 25 22 29 12 21 0 63 45 46 24 30 9 23 23 52 33 27 6 49 63 23 37 19 15 25 35 27
16 14 65 63 23 22 32 48 64 0 7 10 31 12 29 44 20 6 18 2 38 11 2 25 35 42 49 38 23 42
23 9 54 54 19 11 32 27 36 5 0 16 24 19 47 32 31 11 27 8 43 9 11 16 41 49 35 27 38 34
5 24 45 55 7 40 22 13 22 17 17 0 16 3 23 29 8 7 24 27 36 26 16 8 27 58 23 48 43 19
9 24 60 32 10 51 20 10 23 23 43 10 0 22 20 37 14 19 56 36 45 52 52 34 36 37 46 41 30 38
13 28 71 37 16 35 32 23 45 18 11 4 25 0 30 41 17 9 16 22 22 15 16 20 51 40 17 60 31 26
8 27 56 17 9 46 3 10 9 25 18 15 18 23 0 31 6 28 29 48 16 43 51 10 45 34 13 41 23 16
64 14 5 33 36 36 42 56 48 63 23 37 68 47 55 0 59 40 26 39 45 50 56 31 21 21 34 4 13 28
4 27 43 40 10 49 10 13 12 16 19 10 14 23 8 65 0 19 35 26 30 29 37 14 35 20 28 35 36 25
19 13 40 43 14 19 25 43 51 15 8 9 23 6 33 37 19 0 23 14 51 10 9 13 19 57 28 57 24 22
38 9 26 24 44 14 41 24 47 22 10 15 28 18 29 15 19 21 0 21 27 14 29 22 11 31 9 19 10 8
19 25 70 56 39 14 52 51 64 2 6 12 28 23 29 34 36 20 19 0 73 13 1 23 42 33 22 42 55 19
37 40 32 4 32 43 15 36 13 53 53 34 29 32 18 32 35 36 28 71 0 43 46 34 29 3 23 30 14 28
31 17 37 57 50 5 36 60 59 11 10 21 30 20 41 35 29 24 21 14 56 0 11 13 24 41 45 45 22 34
25 25 57 40 28 16 40 43 66 2 11 12 42 8 46 28 37 8 35 2 68 16 0 12 37 67 18 36 38 41
14 13 55 25 14 13 20 23 16 11 12 8 36 13 26 47 19 13 12 13 42 11 19 0 18 43 9 29 24 22
44 10 19 10 38 38 20 48 41 24 23 47 25 53 28 10 25 28 12 26 22 21 20 11 0 19 6 8 4 11
38 31 38 5 50 44 17 52 9 44 50 50 26 62 25 34 27 44 26 59 3 47 69 25 21 0 17 37 23 23
12 14 19 8 32 16 16 24 25 47 37 42 30 23 18 32 11 38 13 27 24 28 26 15 6 16 0 27 7 3
32 33 9 30 57 21 52 51 53 23 23 48 32 31 42 7 47 28 25 27 44 34 61 34 15 29 18 0 7 21
20 27 21 9 51 36 40 21 15 18 33 18 29 37 41 10 26 29 9 45 17 32 37 19 2 9 12 17 0 4
18 18 37 9 15 32 13 29 14 22 30 14 38 19 13 20 15 22 12 22 21 25 37 16 11 13 3 29 10 0