5
30
,
0 (12.0, 21.0) 16.0
1 (21.0, 40.0) 12.0
2 (50.0, 48.0) 33.0
3 (43.0, 21.0) 36.0
4 (6.0, 16.0) 33.0
5 (17.0, 50.0) 33.0
6 (21.0, 10.0) 16.0
7 (10.0, 2.0) 19.0
8 (33.0, 6.0) 13.0
9 (4.0, 43.0) 33.0
10 (11.0, 42.0) 41.0
11 (4.0, 25.0) 28.0
12 (4.0, 9.0) 21.0
13 (3.0, 28.0) 41.0
14 (19.0, 11.0) 30.0
15 (46.0, 48.0) 12.0
16 (15.0, 17.0) 50.0
17 (7.0, 33.0) 22.0
18 (29.0, 41.0) 26.0
19 (3.0, 46.0) 25.0
20 (42.0, 13.0) 39.0
21 (12.0, 49.0) 21.0
22 (2.0, 44.0) 14.0
23 (16.0, 30.0) 16.0
24 (38.0, 35.0) 17.0
25 (43.0, 16.0) 48.0
26 (32.0, 26.0) 27.0
27 (46.0, 43.0) 11.0
28 (38.0, 32.0) 32.0
29 (32.0, 29.0) 46.0
,
0 4 9 6 2 6 3 4 5 5 4 2 3 2 2 9 1 3 5 5 6 6 5 2 6 6 4 8 6 4
4 0 6 6 6 2 6 8 7 3 2 5 7 4 6 5 5 3 2 4 7 3 4 2 4 7 4 5 4 3
9 6 0 6 11 7 10 12 9 9 8 10 12 10 10 1 9 9 4 9 7 8 10 8 4 7 6 1 4 5
6 6 6 0 7 8 5 8 4 9 8 8 8 8 5 5 6 8 5 9 2 8 9 6 3 1 2 4 2 3
2 6 11 7 0 7 3 3 6 5 5 2 1 2 3 10 2 3 7 6 7 7 6 3 7 7 6 10 7 6
6 2 7 8 7 0 8 10 9 3 2 6 9 5 8 6 7 4 3 3 9 1 3 4 5 9 6 6 6 5
3 6 10 5 3 8 0 3 3 7 7 5 3 5 0 9 2 5 6 8 4 8 8 4 6 5 4 8 6 4
4 8 12 8 3 10 3 0 5 8 8 5 2 5 3 12 3 6 9 9 7 9 9 6 9 7 7 11 8 7
5 7 9 4 6 9 3 5 0 9 8 7 6 7 3 9 4 7 7 10 2 10 10 6 6 3 4 8 5 5
5 3 9 9 5 3 7 8 9 0 1 4 7 3 7 8 6 2 5 1 10 2 0 4 7 9 7 8 7 6
4 2 8 8 5 2 7 8 8 1 0 4 7 3 6 7 5 2 4 2 8 1 2 3 6 8 5 7 6 5
2 5 10 8 2 6 5 5 7 4 4 0 3 1 4 10 3 2 6 4 8 5 4 3 7 8 6 9 7 6
3 7 12 8 1 9 3 2 6 7 7 3 0 4 3 11 3 5 8 7 8 8 7 5 9 8 7 11 8 7
2 4 10 8 2 5 5 5 7 3 3 1 4 0 5 9 3 1 6 4 8 5 3 3 7 8 6 9 7 6
2 6 10 5 3 8 0 3 3 7 6 4 3 5 0 9 1 5 6 8 5 8 7 4 6 5 4 8 6 4
9 5 1 5 10 6 9 12 9 8 7 10 11 9 9 0 9 8 4 9 7 7 9 7 3 6 5 1 4 5
1 5 9 6 2 7 2 3 4 6 5 3 3 3 1 9 0 4 6 6 5 6 6 3 6 6 4 8 5 4
3 3 9 8 3 4 5 6 7 2 2 2 5 1 5 8 4 0 5 3 8 3 2 2 6 8 5 8 6 5
5 2 4 5 7 3 6 9 7 5 4 6 8 6 6 4 6 5 0 5 6 4 5 3 2 6 3 3 3 2
5 4 9 9 6 3 8 9 10 1 2 4 7 4 8 9 6 3 5 0 10 2 0 4 7 10 7 9 8 7
6 7 7 2 7 9 4 7 2 10 8 8 8 8 5 7 5 8 6 10 0 9 10 6 4 1 3 6 4 4
6 3 8 8 7 1 8 9 10 2 1 5 8 5 8 7 6 3 4 2 9 0 2 4 6 9 6 7 6 6
5 4 10 9 6 3 8 9 10 0 2 4 7 3 7 9 6 2 5 0 10 2 0 4 7 10 7 9 8 7
2 2 8 6 3 4 4 6 6 4 3 3 5 3 4 7 3 2 3 4 6 4 4 0 5 6 3 7 4 3
6 4 4 3 7 5 6 9 6 7 6 7 9 7 6 3 6 6 2 7 4 6 7 5 0 4 2 2 1 2
6 7 7 1 7 9 5 7 3 9 8 8 8 8 5 6 6 8 6 10 1 9 10 6 4 0 3 5 3 3
4 4 6 2 6 6 4 7 4 7 5 6 7 6 4 5 4 5 3 7 3 6 7 3 2 3 0 4 2 1
8 5 1 4 10 6 8 11 8 8 7 9 11 9 8 1 8 8 3 9 6 7 9 7 2 5 4 0 3 4
6 4 4 2 7 6 6 8 5 7 6 7 8 7 6 4 5 6 3 8 4 6 8 4 1 3 2 3 0 1
4 3 5 3 6 5 4 7 5 6 5 6 7 6 4 5 4 5 2 7 4 6 7 3 2 3 1 4 1 0
,
0 26 52 19 4 24 19 28 28 23 16 13 8 12 13 50 5 9 24 35 19 15 33 7 34 32 11 22 26 18
16 0 15 15 33 9 37 45 51 25 8 13 49 19 30 34 34 21 9 21 45 14 26 16 10 27 13 20 20 22
39 30 0 40 55 29 56 41 50 41 53 75 77 59 70 2 68 66 20 27 20 22 58 25 22 25 20 9 12 29
19 36 34 0 55 31 34 34 14 55 46 55 46 42 28 22 17 29 26 67 10 57 32 33 13 6 9 32 7 13
6 39 50 38 0 35 15 20 29 40 35 11 5 13 20 75 6 25 43 40 42 30 18 10 47 23 21 26 40 38
39 10 30 38 20 0 53 73 47 10 12 20 43 25 23 36 45 23 18 21 40 6 23 30 38 26 24 40 38 15
11 32 36 14 21 51 0 10 8 38 31 20 21 13 3 53 10 26 32 47 24 25 42 17 31 12 28 29 26 13
22 57 71 46 16 59 9 0 24 49 48 16 9 34 11 30 19 33 30 24 22 28 33 25 36 20 24 53 55 30
38 47 55 12 35 43 10 16 0 46 63 49 26 35 11 50 28 52 25 62 9 38 57 26 28 12 26 42 35 22
28 11 45 34 27 16 19 56 27 0 8 20 44 13 43 57 38 11 38 3 33 8 1 13 32 40 32 28 35 46
28 5 54 23 19 9 21 31 32 6 0 10 26 23 48 29 25 15 12 9 45 9 7 17 37 44 30 45 15 27
9 22 65 55 5 19 24 29 42 25 11 0 14 3 15 56 17 5 25 18 59 36 24 12 27 24 32 24 48 36
13 40 31 24 7 34 13 13 22 41 41 13 0 18 10 82 11 33 39 48 33 43 43 18 49 50 20 75 47 37
14 17 38 53 7 13 13 37 23 13 14 3 28 0 32 46 11 5 16 15 60 32 9 18 41 59 19 68 29 32
10 38 32 16 19 52 3 16 14 19 36 23 12 20 0 29 11 23 35 40 18 28 54 16 44 13 11 22 18 15
47 27 5 25 68 18 33 82 58 25 34 45 34 32 31 0 50 40 18 54 24 49 29 35 11 46 38 6 23 28
4 29 43 34 5 47 10 21 24 29 36 20 19 11 6 41 0 19 19 17 33 40 40 13 39 14 28 57 16 15
16 19 67 26 17 27 22 29 23 16 7 7 18 8 19 39 17 0 26 15 30 16 17 5 31 22 30 46 31 15
22 10 31 27 34 22 42 22 52 15 18 18 21 37 36 20 15 30 0 26 34 12 26 16 13 40 16 16 17 16
20 23 26 56 25 16 30 22 61 3 12 21 32 14 50 30 37 11 30 0 41 10 2 27 48 63 25 49 30 39
22 27 42 6 33 32 16 48 13 29 64 49 30 28 23 34 35 36 36 76 0 29 64 45 12 2 14 38 16 25
41 17 48 33 32 5 31 67 48 9 5 21 25 17 40 38 33 25 11 7 40 0 17 17 20 60 30 50 17 30
25 25 35 65 35 9 44 32 73 3 9 24 18 22 19 51 22 12 30 1 26 12 0 14 22 47 45 30 21 47
7 16 23 41 24 13 16 24 26 26 17 11 16 17 11 32 19 8 20 11 45 25 28 0 29 23 23 38 33 11
36 18 13 9 42 26 24 43 15 48 36 51 61 23 24 11 34 32 6 22 26 31 38 31 0 17 10 16 3 10
33 29 33 4 45 30 27 39 17 70 21 58 48 23 25 28 22 45 37 45 3 53 43 18 28 0 10 26 22 17
14 25 26 17 41 40 11 38 15 29 23 25 28 25 13 15 15 22 17 37 20 16 18 12 7 20 0 14 7 2
35 29 6 14 53 15 54 66 39 57 49 67 66 29 31 6 52 39 15 63 33 36 33 20 8 16 11 0 10 19
19 27 11 9 50 41 22 40 27 31 42 22 41 21 35 25 17 28 15 39 26 33 45 17 2 16 7 14 0 9
19 8 24 18 22 18 13 41 29 39 28 29 39 24 31 22 16 32 14 28 21 28 32 24 11 12 2 29 5 0