5
30
,
0 (12.0, 21.0) 37.0
1 (21.0, 40.0) 14.0
2 (50.0, 48.0) 20.0
3 (43.0, 21.0) 16.0
4 (6.0, 16.0) 29.0
5 (17.0, 50.0) 34.0
6 (21.0, 10.0) 20.0
7 (10.0, 2.0) 47.0
8 (33.0, 6.0) 48.0
9 (4.0, 43.0) 28.0
10 (11.0, 42.0) 45.0
11 (4.0, 25.0) 45.0
12 (4.0, 9.0) 43.0
13 (3.0, 28.0) 16.0
14 (19.0, 11.0) 17.0
15 (46.0, 48.0) 27.0
16 (15.0, 17.0) 29.0
17 (7.0, 33.0) 12.0
18 (29.0, 41.0) 41.0
19 (3.0, 46.0) 46.0
20 (42.0, 13.0) 34.0
21 (12.0, 49.0) 42.0
22 (2.0, 44.0) 12.0
23 (16.0, 30.0) 26.0
24 (38.0, 35.0) 16.0
25 (43.0, 16.0) 20.0
26 (32.0, 26.0) 30.0
27 (46.0, 43.0) 11.0
28 (38.0, 32.0) 27.0
29 (32.0, 29.0) 11.0
,
0 4 9 6 2 6 3 4 5 5 4 2 3 2 2 9 1 3 5 5 6 6 5 2 6 6 4 8 6 4
4 0 6 6 6 2 6 8 7 3 2 5 7 4 6 5 5 3 2 4 7 3 4 2 4 7 4 5 4 3
9 6 0 6 11 7 10 12 9 9 8 10 12 10 10 1 9 9 4 9 7 8 10 8 4 7 6 1 4 5
6 6 6 0 7 8 5 8 4 9 8 8 8 8 5 5 6 8 5 9 2 8 9 6 3 1 2 4 2 3
2 6 11 7 0 7 3 3 6 5 5 2 1 2 3 10 2 3 7 6 7 7 6 3 7 7 6 10 7 6
6 2 7 8 7 0 8 10 9 3 2 6 9 5 8 6 7 4 3 3 9 1 3 4 5 9 6 6 6 5
3 6 10 5 3 8 0 3 3 7 7 5 3 5 0 9 2 5 6 8 4 8 8 4 6 5 4 8 6 4
4 8 12 8 3 10 3 0 5 8 8 5 2 5 3 12 3 6 9 9 7 9 9 6 9 7 7 11 8 7
5 7 9 4 6 9 3 5 0 9 8 7 6 7 3 9 4 7 7 10 2 10 10 6 6 3 4 8 5 5
5 3 9 9 5 3 7 8 9 0 1 4 7 3 7 8 6 2 5 1 10 2 0 4 7 9 7 8 7 6
4 2 8 8 5 2 7 8 8 1 0 4 7 3 6 7 5 2 4 2 8 1 2 3 6 8 5 7 6 5
2 5 10 8 2 6 5 5 7 4 4 0 3 1 4 10 3 2 6 4 8 5 4 3 7 8 6 9 7 6
3 7 12 8 1 9 3 2 6 7 7 3 0 4 3 11 3 5 8 7 8 8 7 5 9 8 7 11 8 7
2 4 10 8 2 5 5 5 7 3 3 1 4 0 5 9 3 1 6 4 8 5 3 3 7 8 6 9 7 6
2 6 10 5 3 8 0 3 3 7 6 4 3 5 0 9 1 5 6 8 5 8 7 4 6 5 4 8 6 4
9 5 1 5 10 6 9 12 9 8 7 10 11 9 9 0 9 8 4 9 7 7 9 7 3 6 5 1 4 5
1 5 9 6 2 7 2 3 4 6 5 3 3 3 1 9 0 4 6 6 5 6 6 3 6 6 4 8 5 4
3 3 9 8 3 4 5 6 7 2 2 2 5 1 5 8 4 0 5 3 8 3 2 2 6 8 5 8 6 5
5 2 4 5 7 3 6 9 7 5 4 6 8 6 6 4 6 5 0 5 6 4 5 3 2 6 3 3 3 2
5 4 9 9 6 3 8 9 10 1 2 4 7 4 8 9 6 3 5 0 10 2 0 4 7 10 7 9 8 7
6 7 7 2 7 9 4 7 2 10 8 8 8 8 5 7 5 8 6 10 0 9 10 6 4 1 3 6 4 4
6 3 8 8 7 1 8 9 10 2 1 5 8 5 8 7 6 3 4 2 9 0 2 4 6 9 6 7 6 6
5 4 10 9 6 3 8 9 10 0 2 4 7 3 7 9 6 2 5 0 10 2 0 4 7 10 7 9 8 7
2 2 8 6 3 4 4 6 6 4 3 3 5 3 4 7 3 2 3 4 6 4 4 0 5 6 3 7 4 3
6 4 4 3 7 5 6 9 6 7 6 7 9 7 6 3 6 6 2 7 4 6 7 5 0 4 2 2 1 2
6 7 7 1 7 9 5 7 3 9 8 8 8 8 5 6 6 8 6 10 1 9 10 6 4 0 3 5 3 3
4 4 6 2 6 6 4 7 4 7 5 6 7 6 4 5 4 5 3 7 3 6 7 3 2 3 0 4 2 1
8 5 1 4 10 6 8 11 8 8 7 9 11 9 8 1 8 8 3 9 6 7 9 7 2 5 4 0 3 4
6 4 4 2 7 6 6 8 5 7 6 7 8 7 6 4 5 6 3 8 4 6 8 4 1 3 2 3 0 1
4 3 5 3 6 5 4 7 5 6 5 6 7 6 4 5 4 5 2 7 4 6 7 3 2 3 1 4 1 0
,
0 26 54 23 8 16 16 16 31 28 11 6 19 6 16 50 4 17 38 15 22 30 36 7 39 27 23 21 15 18
31 0 41 16 25 14 45 35 53 26 11 15 33 15 37 38 19 11 11 19 37 15 15 11 15 48 12 38 12 22
31 36 0 17 64 19 49 32 67 43 53 55 65 64 70 4 61 44 26 56 43 46 46 56 9 38 38 7 13 16
16 30 38 0 43 39 28 34 15 49 52 20 38 36 30 20 38 47 16 53 7 34 61 33 11 7 8 26 10 8
6 18 34 55 0 52 9 8 43 33 39 8 5 6 19 65 12 9 18 37 30 25 33 21 22 45 26 35 19 17
25 11 33 35 46 0 50 49 67 15 11 16 53 19 35 21 22 26 9 18 66 8 11 11 35 23 28 38 15 38
21 21 25 14 14 40 0 17 10 41 42 28 17 21 2 60 13 37 19 42 17 21 37 19 26 32 19 32 26 19
10 39 34 35 13 53 18 0 34 51 31 13 5 39 11 54 15 46 35 41 27 26 41 16 29 41 41 58 37 19
25 40 41 14 35 64 17 21 0 39 27 29 19 32 21 37 30 25 32 72 15 38 65 24 34 13 13 31 24 27
25 13 62 53 23 15 29 22 67 0 10 16 38 12 35 44 34 15 16 2 36 10 2 9 41 44 19 23 47 22
14 12 39 34 39 13 18 52 36 4 0 26 48 11 19 42 21 14 26 6 38 9 10 18 18 57 19 42 23 26
13 32 34 21 8 25 32 30 25 25 18 0 23 2 13 57 17 5 41 18 45 13 11 19 43 54 31 46 22 25
18 25 80 57 8 23 12 5 26 40 39 22 0 26 20 55 13 16 49 23 42 23 27 28 56 28 36 81 49 47
10 21 58 54 18 30 28 37 41 10 19 4 22 0 12 28 22 5 34 25 32 14 10 14 25 40 21 26 25 32
15 28 43 29 14 52 3 8 12 31 37 25 19 28 0 27 8 21 47 55 28 41 30 16 38 19 12 47 30 32
32 32 5 27 56 28 28 39 28 62 38 66 34 66 59 0 55 60 19 41 44 29 38 24 14 19 18 5 15 21
7 27 58 36 12 43 14 23 13 32 25 9 9 17 9 45 0 10 35 34 35 36 17 19 19 38 14 43 39 25
13 19 57 48 20 11 40 27 23 12 8 7 33 3 37 60 16 0 17 20 52 13 10 12 35 53 37 33 29 35
38 5 33 27 26 13 34 58 26 32 10 22 34 43 27 16 19 20 0 20 28 20 39 14 14 33 9 16 16 18
40 13 54 55 36 13 40 43 69 3 6 17 19 24 55 34 37 13 26 0 42 7 2 20 45 31 39 56 43 39
32 37 22 12 28 65 11 42 9 55 58 37 43 24 27 44 21 52 18 60 0 70 62 36 20 2 20 34 10 15
20 17 29 58 23 7 27 35 70 5 4 21 32 33 35 47 37 23 19 9 24 0 10 14 41 51 17 25 32 34
29 17 57 48 32 11 27 58 48 2 13 21 50 22 52 28 18 8 35 2 50 8 0 19 37 27 39 45 43 36
9 8 35 37 17 14 11 17 21 16 9 16 34 7 14 24 17 6 19 22 36 14 28 0 33 28 14 27 16 23
28 20 11 11 52 31 31 54 29 21 23 32 54 50 20 18 20 23 9 20 28 22 46 17 0 29 7 17 4 12
47 23 45 4 31 44 13 45 8 54 45 42 41 42 20 29 19 40 27 40 2 26 52 26 21 0 19 16 11 11
25 16 22 7 38 16 20 36 23 38 21 33 20 36 19 24 19 30 14 23 13 35 22 12 10 11 0 29 12 3
24 22 7 16 25 18 38 37 56 45 35 47 52 50 27 6 60 31 21 38 45 49 47 32 14 23 19 0 8 28
32 28 23 14 33 18 32 44 17 34 23 26 50 19 26 12 21 32 11 26 27 29 28 30 4 12 6 13 0 5
32 19 28 13 40 16 25 34 32 38 31 28 31 27 32 32 18 26 12 38 10 31 50 20 4 23 3 25 10 0