5
30
,
0 (12.0, 21.0) 29.0
1 (21.0, 40.0) 10.0
2 (50.0, 48.0) 16.0
3 (43.0, 21.0) 34.0
4 (6.0, 16.0) 26.0
5 (17.0, 50.0) 43.0
6 (21.0, 10.0) 33.0
7 (10.0, 2.0) 39.0
8 (33.0, 6.0) 23.0
9 (4.0, 43.0) 39.0
10 (11.0, 42.0) 34.0
11 (4.0, 25.0) 39.0
12 (4.0, 9.0) 28.0
13 (3.0, 28.0) 30.0
14 (19.0, 11.0) 32.0
15 (46.0, 48.0) 36.0
16 (15.0, 17.0) 45.0
17 (7.0, 33.0) 28.0
18 (29.0, 41.0) 17.0
19 (3.0, 46.0) 17.0
20 (42.0, 13.0) 44.0
21 (12.0, 49.0) 21.0
22 (2.0, 44.0) 39.0
23 (16.0, 30.0) 48.0
24 (38.0, 35.0) 47.0
25 (43.0, 16.0) 11.0
26 (32.0, 26.0) 41.0
27 (46.0, 43.0) 25.0
28 (38.0, 32.0) 13.0
29 (32.0, 29.0) 21.0
,
0 4 9 6 2 6 3 4 5 5 4 2 3 2 2 9 1 3 5 5 6 6 5 2 6 6 4 8 6 4
4 0 6 6 6 2 6 8 7 3 2 5 7 4 6 5 5 3 2 4 7 3 4 2 4 7 4 5 4 3
9 6 0 6 11 7 10 12 9 9 8 10 12 10 10 1 9 9 4 9 7 8 10 8 4 7 6 1 4 5
6 6 6 0 7 8 5 8 4 9 8 8 8 8 5 5 6 8 5 9 2 8 9 6 3 1 2 4 2 3
2 6 11 7 0 7 3 3 6 5 5 2 1 2 3 10 2 3 7 6 7 7 6 3 7 7 6 10 7 6
6 2 7 8 7 0 8 10 9 3 2 6 9 5 8 6 7 4 3 3 9 1 3 4 5 9 6 6 6 5
3 6 10 5 3 8 0 3 3 7 7 5 3 5 0 9 2 5 6 8 4 8 8 4 6 5 4 8 6 4
4 8 12 8 3 10 3 0 5 8 8 5 2 5 3 12 3 6 9 9 7 9 9 6 9 7 7 11 8 7
5 7 9 4 6 9 3 5 0 9 8 7 6 7 3 9 4 7 7 10 2 10 10 6 6 3 4 8 5 5
5 3 9 9 5 3 7 8 9 0 1 4 7 3 7 8 6 2 5 1 10 2 0 4 7 9 7 8 7 6
4 2 8 8 5 2 7 8 8 1 0 4 7 3 6 7 5 2 4 2 8 1 2 3 6 8 5 7 6 5
2 5 10 8 2 6 5 5 7 4 4 0 3 1 4 10 3 2 6 4 8 5 4 3 7 8 6 9 7 6
3 7 12 8 1 9 3 2 6 7 7 3 0 4 3 11 3 5 8 7 8 8 7 5 9 8 7 11 8 7
2 4 10 8 2 5 5 5 7 3 3 1 4 0 5 9 3 1 6 4 8 5 3 3 7 8 6 9 7 6
2 6 10 5 3 8 0 3 3 7 6 4 3 5 0 9 1 5 6 8 5 8 7 4 6 5 4 8 6 4
9 5 1 5 10 6 9 12 9 8 7 10 11 9 9 0 9 8 4 9 7 7 9 7 3 6 5 1 4 5
1 5 9 6 2 7 2 3 4 6 5 3 3 3 1 9 0 4 6 6 5 6 6 3 6 6 4 8 5 4
3 3 9 8 3 4 5 6 7 2 2 2 5 1 5 8 4 0 5 3 8 3 2 2 6 8 5 8 6 5
5 2 4 5 7 3 6 9 7 5 4 6 8 6 6 4 6 5 0 5 6 4 5 3 2 6 3 3 3 2
5 4 9 9 6 3 8 9 10 1 2 4 7 4 8 9 6 3 5 0 10 2 0 4 7 10 7 9 8 7
6 7 7 2 7 9 4 7 2 10 8 8 8 8 5 7 5 8 6 10 0 9 10 6 4 1 3 6 4 4
6 3 8 8 7 1 8 9 10 2 1 5 8 5 8 7 6 3 4 2 9 0 2 4 6 9 6 7 6 6
5 4 10 9 6 3 8 9 10 0 2 4 7 3 7 9 6 2 5 0 10 2 0 4 7 10 7 9 8 7
2 2 8 6 3 4 4 6 6 4 3 3 5 3 4 7 3 2 3 4 6 4 4 0 5 6 3 7 4 3
6 4 4 3 7 5 6 9 6 7 6 7 9 7 6 3 6 6 2 7 4 6 7 5 0 4 2 2 1 2
6 7 7 1 7 9 5 7 3 9 8 8 8 8 5 6 6 8 6 10 1 9 10 6 4 0 3 5 3 3
4 4 6 2 6 6 4 7 4 7 5 6 7 6 4 5 4 5 3 7 3 6 7 3 2 3 0 4 2 1
8 5 1 4 10 6 8 11 8 8 7 9 11 9 8 1 8 8 3 9 6 7 9 7 2 5 4 0 3 4
6 4 4 2 7 6 6 8 5 7 6 7 8 7 6 4 5 6 3 8 4 6 8 4 1 3 2 3 0 1
4 3 5 3 6 5 4 7 5 6 5 6 7 6 4 5 4 5 2 7 4 6 7 3 2 3 1 4 1 0
,
0 20 47 38 6 31 19 12 22 24 30 9 13 11 14 56 6 13 33 34 18 24 26 9 22 27 18 58 34 19
30 0 44 26 22 12 24 35 43 20 9 31 20 15 28 14 24 9 6 17 49 12 16 7 12 46 25 22 23 11
49 31 0 18 46 39 59 71 30 26 42 33 52 57 68 4 38 62 28 35 23 26 72 42 13 47 37 7 29 27
34 22 26 0 55 29 24 33 25 28 36 28 58 46 23 36 16 37 24 25 9 61 67 33 8 4 16 31 7 8
9 34 46 54 0 26 10 9 27 15 23 12 9 8 21 65 9 23 42 31 23 27 20 11 24 21 22 43 35 34
43 15 26 41 35 0 52 28 36 17 13 34 57 13 47 26 34 19 20 10 32 3 14 25 21 45 38 30 40 35
13 37 64 29 14 56 0 19 18 46 35 30 22 36 2 52 9 22 21 23 23 44 35 28 27 18 14 47 41 23
16 36 56 27 15 42 18 0 21 42 27 32 11 23 13 69 9 42 49 25 35 34 26 22 24 51 40 65 24 31
30 39 48 20 28 24 17 26 0 64 57 24 29 22 22 26 24 45 43 48 11 45 41 15 20 9 20 49 24 31
27 17 43 51 20 17 27 26 56 0 7 15 29 17 38 31 25 12 14 4 29 13 2 24 32 68 28 55 19 38
11 13 54 40 23 7 31 21 41 11 0 10 46 9 22 41 13 6 10 13 27 5 6 15 20 49 29 39 38 21
6 21 40 48 5 33 24 31 51 22 15 0 20 2 26 25 14 12 20 26 52 25 22 15 34 30 36 57 50 22
22 26 39 32 7 29 9 12 43 36 32 13 0 13 22 57 18 26 33 25 20 47 27 18 50 31 47 71 37 30
12 31 33 46 10 22 27 37 39 17 23 2 20 0 32 57 22 6 38 20 37 26 21 10 40 47 18 66 41 27
18 25 38 27 18 28 2 16 12 28 28 29 9 24 0 64 8 29 37 27 24 36 34 15 45 36 24 49 17 19
46 35 4 15 35 33 37 45 59 43 40 31 35 51 67 0 34 34 19 51 29 47 29 32 21 23 17 7 26 13
4 36 46 22 10 37 9 19 30 30 36 13 13 15 10 50 0 17 36 22 34 34 29 17 41 41 19 57 32 13
13 20 59 52 23 20 21 18 54 12 5 5 15 8 36 49 10 0 14 12 44 25 18 13 44 52 38 57 39 32
19 10 27 34 25 13 16 55 44 28 25 27 58 18 26 27 22 13 0 29 22 15 33 16 13 37 14 11 7 14
27 18 36 64 38 9 52 48 34 3 7 18 25 27 54 59 26 11 19 0 52 8 2 31 45 40 23 58 28 42
25 35 28 7 27 65 22 30 13 69 37 34 48 39 29 21 19 28 17 61 0 42 68 40 25 5 17 27 16 22
25 16 53 52 20 4 55 60 40 7 4 14 49 17 36 44 34 24 20 12 49 0 14 18 23 63 36 51 46 25
17 18 36 25 29 16 24 41 56 2 9 16 22 22 32 39 22 14 33 1 46 12 0 20 50 66 43 59 31 41
9 6 44 37 9 10 25 17 36 13 18 18 32 16 13 50 9 12 24 29 27 23 17 0 34 21 14 20 26 19
35 15 12 13 40 32 28 43 25 19 30 43 36 26 34 22 44 45 7 25 20 38 19 31 0 21 8 9 4 5
46 34 43 4 46 24 19 35 14 39 25 48 35 60 13 21 15 40 32 30 3 35 47 16 11 0 19 30 20 17
29 21 24 16 23 20 24 31 29 46 14 40 33 21 26 34 26 34 21 20 10 33 46 18 15 9 0 27 7 4
26 38 4 18 43 16 22 40 27 59 52 26 57 45 46 4 41 59 12 55 19 22 41 30 6 33 30 0 15 12
39 11 13 7 42 19 29 41 37 51 27 25 61 29 24 21 33 42 15 19 19 46 37 12 4 10 8 7 0 6
31 22 14 13 17 37 15 38 24 30 14 41 20 38 33 32 11 18 11 31 16 28 36 9 13 22 3 28 8 0