5
30
,
0 (12.0, 21.0) 13.0
1 (21.0, 40.0) 25.0
2 (50.0, 48.0) 11.0
3 (43.0, 21.0) 25.0
4 (6.0, 16.0) 44.0
5 (17.0, 50.0) 15.0
6 (21.0, 10.0) 45.0
7 (10.0, 2.0) 15.0
8 (33.0, 6.0) 11.0
9 (4.0, 43.0) 12.0
10 (11.0, 42.0) 37.0
11 (4.0, 25.0) 27.0
12 (4.0, 9.0) 14.0
13 (3.0, 28.0) 20.0
14 (19.0, 11.0) 17.0
15 (46.0, 48.0) 28.0
16 (15.0, 17.0) 33.0
17 (7.0, 33.0) 45.0
18 (29.0, 41.0) 38.0
19 (3.0, 46.0) 10.0
20 (42.0, 13.0) 35.0
21 (12.0, 49.0) 11.0
22 (2.0, 44.0) 18.0
23 (16.0, 30.0) 16.0
24 (38.0, 35.0) 31.0
25 (43.0, 16.0) 43.0
26 (32.0, 26.0) 13.0
27 (46.0, 43.0) 14.0
28 (38.0, 32.0) 35.0
29 (32.0, 29.0) 19.0
,
0 4 9 6 2 6 3 4 5 5 4 2 3 2 2 9 1 3 5 5 6 6 5 2 6 6 4 8 6 4
4 0 6 6 6 2 6 8 7 3 2 5 7 4 6 5 5 3 2 4 7 3 4 2 4 7 4 5 4 3
9 6 0 6 11 7 10 12 9 9 8 10 12 10 10 1 9 9 4 9 7 8 10 8 4 7 6 1 4 5
6 6 6 0 7 8 5 8 4 9 8 8 8 8 5 5 6 8 5 9 2 8 9 6 3 1 2 4 2 3
2 6 11 7 0 7 3 3 6 5 5 2 1 2 3 10 2 3 7 6 7 7 6 3 7 7 6 10 7 6
6 2 7 8 7 0 8 10 9 3 2 6 9 5 8 6 7 4 3 3 9 1 3 4 5 9 6 6 6 5
3 6 10 5 3 8 0 3 3 7 7 5 3 5 0 9 2 5 6 8 4 8 8 4 6 5 4 8 6 4
4 8 12 8 3 10 3 0 5 8 8 5 2 5 3 12 3 6 9 9 7 9 9 6 9 7 7 11 8 7
5 7 9 4 6 9 3 5 0 9 8 7 6 7 3 9 4 7 7 10 2 10 10 6 6 3 4 8 5 5
5 3 9 9 5 3 7 8 9 0 1 4 7 3 7 8 6 2 5 1 10 2 0 4 7 9 7 8 7 6
4 2 8 8 5 2 7 8 8 1 0 4 7 3 6 7 5 2 4 2 8 1 2 3 6 8 5 7 6 5
2 5 10 8 2 6 5 5 7 4 4 0 3 1 4 10 3 2 6 4 8 5 4 3 7 8 6 9 7 6
3 7 12 8 1 9 3 2 6 7 7 3 0 4 3 11 3 5 8 7 8 8 7 5 9 8 7 11 8 7
2 4 10 8 2 5 5 5 7 3 3 1 4 0 5 9 3 1 6 4 8 5 3 3 7 8 6 9 7 6
2 6 10 5 3 8 0 3 3 7 6 4 3 5 0 9 1 5 6 8 5 8 7 4 6 5 4 8 6 4
9 5 1 5 10 6 9 12 9 8 7 10 11 9 9 0 9 8 4 9 7 7 9 7 3 6 5 1 4 5
1 5 9 6 2 7 2 3 4 6 5 3 3 3 1 9 0 4 6 6 5 6 6 3 6 6 4 8 5 4
3 3 9 8 3 4 5 6 7 2 2 2 5 1 5 8 4 0 5 3 8 3 2 2 6 8 5 8 6 5
5 2 4 5 7 3 6 9 7 5 4 6 8 6 6 4 6 5 0 5 6 4 5 3 2 6 3 3 3 2
5 4 9 9 6 3 8 9 10 1 2 4 7 4 8 9 6 3 5 0 10 2 0 4 7 10 7 9 8 7
6 7 7 2 7 9 4 7 2 10 8 8 8 8 5 7 5 8 6 10 0 9 10 6 4 1 3 6 4 4
6 3 8 8 7 1 8 9 10 2 1 5 8 5 8 7 6 3 4 2 9 0 2 4 6 9 6 7 6 6
5 4 10 9 6 3 8 9 10 0 2 4 7 3 7 9 6 2 5 0 10 2 0 4 7 10 7 9 8 7
2 2 8 6 3 4 4 6 6 4 3 3 5 3 4 7 3 2 3 4 6 4 4 0 5 6 3 7 4 3
6 4 4 3 7 5 6 9 6 7 6 7 9 7 6 3 6 6 2 7 4 6 7 5 0 4 2 2 1 2
6 7 7 1 7 9 5 7 3 9 8 8 8 8 5 6 6 8 6 10 1 9 10 6 4 0 3 5 3 3
4 4 6 2 6 6 4 7 4 7 5 6 7 6 4 5 4 5 3 7 3 6 7 3 2 3 0 4 2 1
8 5 1 4 10 6 8 11 8 8 7 9 11 9 8 1 8 8 3 9 6 7 9 7 2 5 4 0 3 4
6 4 4 2 7 6 6 8 5 7 6 7 8 7 6 4 5 6 3 8 4 6 8 4 1 3 2 3 0 1
4 3 5 3 6 5 4 7 5 6 5 6 7 6 4 5 4 5 2 7 4 6 7 3 2 3 1 4 1 0
,
0 14 34 29 9 17 18 15 14 31 31 10 16 12 7 31 7 12 37 23 34 32 35 7 16 41 23 44 41 17
21 0 19 25 18 7 39 46 50 15 12 31 26 24 24 16 35 17 6 21 20 8 27 14 21 48 16 25 24 15
25 39 0 22 47 49 46 55 51 26 29 50 52 41 56 4 47 58 25 31 27 44 38 46 23 39 23 8 20 25
44 17 37 0 24 45 13 42 10 23 34 28 37 41 17 20 38 38 35 59 12 52 25 33 21 5 13 19 14 14
5 39 53 37 0 31 14 14 34 30 40 7 9 8 13 58 6 14 43 17 22 29 31 13 52 53 31 41 38 16
28 10 31 24 18 0 43 47 28 9 9 42 48 37 28 18 37 23 10 20 60 6 21 20 19 37 36 30 30 31
13 19 49 27 16 27 0 7 6 46 47 22 19 35 3 51 9 21 26 41 32 39 24 27 45 21 13 30 16 20
22 22 47 27 19 64 9 0 34 27 36 16 10 26 10 69 12 20 55 48 33 36 35 26 48 34 29 45 22 36
22 46 51 27 29 45 18 21 0 69 54 31 30 34 12 44 27 39 23 35 13 39 45 16 21 13 22 56 28 28
34 21 69 67 23 16 28 41 38 0 9 10 47 15 29 42 33 10 30 4 40 12 2 14 22 56 25 58 18 38
28 9 30 47 19 11 27 58 33 4 0 12 50 21 47 33 22 6 18 8 33 7 9 19 39 30 26 34 28 28
9 28 57 53 13 33 24 16 27 17 19 0 10 2 21 42 8 9 31 28 39 23 24 14 37 22 18 33 46 22
21 45 42 39 6 35 23 12 40 44 18 24 0 17 17 29 8 29 31 38 50 33 23 19 49 58 41 59 48 25
14 25 27 32 10 19 18 30 52 9 17 4 21 0 32 27 14 6 25 20 48 18 13 19 34 59 36 30 52 38
16 16 38 14 7 43 3 17 20 41 28 25 17 33 0 53 11 31 23 58 27 28 53 20 17 27 12 41 14 17
44 26 4 38 76 43 60 70 61 47 50 47 59 26 25 0 30 35 25 38 26 38 38 24 21 44 17 3 22 21
5 29 55 37 9 50 8 20 17 29 24 18 14 20 9 41 0 24 39 31 32 19 33 15 31 31 29 58 21 11
11 8 35 37 13 15 24 39 21 8 8 6 17 5 14 26 19 0 26 13 41 14 12 12 29 25 37 40 35 23
28 4 30 24 25 22 27 46 21 34 22 43 44 34 39 16 40 20 0 28 19 12 38 13 7 25 19 14 12 19
35 13 54 61 27 16 29 34 72 4 8 18 29 20 29 55 22 14 24 0 54 8 2 17 53 51 34 64 23 22
18 36 43 7 25 45 24 29 16 36 50 48 36 55 30 37 30 49 19 56 0 34 26 46 27 3 20 41 15 13
32 15 25 26 21 7 28 59 62 8 6 19 27 29 53 17 34 23 25 12 69 0 16 13 39 25 20 36 41 42
37 21 25 46 37 11 55 22 70 1 7 12 24 13 35 37 43 14 36 3 70 9 0 14 23 63 32 50 53 29
14 7 50 32 18 24 13 41 28 21 14 18 29 19 11 26 11 14 16 28 33 22 11 0 26 32 10 38 24 17
38 26 13 17 55 15 45 60 41 22 31 27 52 35 33 10 18 17 16 47 29 34 23 16 0 16 15 9 3 7
31 29 37 3 45 59 23 23 15 70 48 45 26 57 16 38 16 21 38 58 4 47 36 31 27 0 17 30 12 11
31 11 31 12 15 27 22 27 28 23 34 32 31 16 21 25 23 33 11 48 12 21 24 14 12 16 0 29 10 4
50 37 7 29 25 30 33 58 31 24 47 55 42 25 53 6 23 24 17 39 28 41 57 49 15 26 31 0 10 20
29 22 22 9 22 36 40 52 32 22 38 19 29 50 42 10 30 44 8 22 28 26 44 20 3 22 11 11 0 8
13 10 37 13 29 35 29 23 28 34 31 24 40 18 25 12 20 33 10 37 10 32 17 11 11 24 4 28 4 0