5
30
,
0 (12.0, 21.0) 12.0
1 (21.0, 40.0) 12.0
2 (50.0, 48.0) 33.0
3 (43.0, 21.0) 26.0
4 (6.0, 16.0) 14.0
5 (17.0, 50.0) 18.0
6 (21.0, 10.0) 39.0
7 (10.0, 2.0) 29.0
8 (33.0, 6.0) 19.0
9 (4.0, 43.0) 37.0
10 (11.0, 42.0) 24.0
11 (4.0, 25.0) 22.0
12 (4.0, 9.0) 11.0
13 (3.0, 28.0) 17.0
14 (19.0, 11.0) 14.0
15 (46.0, 48.0) 19.0
16 (15.0, 17.0) 13.0
17 (7.0, 33.0) 42.0
18 (29.0, 41.0) 10.0
19 (3.0, 46.0) 27.0
20 (42.0, 13.0) 13.0
21 (12.0, 49.0) 17.0
22 (2.0, 44.0) 29.0
23 (16.0, 30.0) 28.0
24 (38.0, 35.0) 20.0
25 (43.0, 16.0) 20.0
26 (32.0, 26.0) 13.0
27 (46.0, 43.0) 48.0
28 (38.0, 32.0) 10.0
29 (32.0, 29.0) 35.0
,
0 4 9 6 2 6 3 4 5 5 4 2 3 2 2 9 1 3 5 5 6 6 5 2 6 6 4 8 6 4
4 0 6 6 6 2 6 8 7 3 2 5 7 4 6 5 5 3 2 4 7 3 4 2 4 7 4 5 4 3
9 6 0 6 11 7 10 12 9 9 8 10 12 10 10 1 9 9 4 9 7 8 10 8 4 7 6 1 4 5
6 6 6 0 7 8 5 8 4 9 8 8 8 8 5 5 6 8 5 9 2 8 9 6 3 1 2 4 2 3
2 6 11 7 0 7 3 3 6 5 5 2 1 2 3 10 2 3 7 6 7 7 6 3 7 7 6 10 7 6
6 2 7 8 7 0 8 10 9 3 2 6 9 5 8 6 7 4 3 3 9 1 3 4 5 9 6 6 6 5
3 6 10 5 3 8 0 3 3 7 7 5 3 5 0 9 2 5 6 8 4 8 8 4 6 5 4 8 6 4
4 8 12 8 3 10 3 0 5 8 8 5 2 5 3 12 3 6 9 9 7 9 9 6 9 7 7 11 8 7
5 7 9 4 6 9 3 5 0 9 8 7 6 7 3 9 4 7 7 10 2 10 10 6 6 3 4 8 5 5
5 3 9 9 5 3 7 8 9 0 1 4 7 3 7 8 6 2 5 1 10 2 0 4 7 9 7 8 7 6
4 2 8 8 5 2 7 8 8 1 0 4 7 3 6 7 5 2 4 2 8 1 2 3 6 8 5 7 6 5
2 5 10 8 2 6 5 5 7 4 4 0 3 1 4 10 3 2 6 4 8 5 4 3 7 8 6 9 7 6
3 7 12 8 1 9 3 2 6 7 7 3 0 4 3 11 3 5 8 7 8 8 7 5 9 8 7 11 8 7
2 4 10 8 2 5 5 5 7 3 3 1 4 0 5 9 3 1 6 4 8 5 3 3 7 8 6 9 7 6
2 6 10 5 3 8 0 3 3 7 6 4 3 5 0 9 1 5 6 8 5 8 7 4 6 5 4 8 6 4
9 5 1 5 10 6 9 12 9 8 7 10 11 9 9 0 9 8 4 9 7 7 9 7 3 6 5 1 4 5
1 5 9 6 2 7 2 3 4 6 5 3 3 3 1 9 0 4 6 6 5 6 6 3 6 6 4 8 5 4
3 3 9 8 3 4 5 6 7 2 2 2 5 1 5 8 4 0 5 3 8 3 2 2 6 8 5 8 6 5
5 2 4 5 7 3 6 9 7 5 4 6 8 6 6 4 6 5 0 5 6 4 5 3 2 6 3 3 3 2
5 4 9 9 6 3 8 9 10 1 2 4 7 4 8 9 6 3 5 0 10 2 0 4 7 10 7 9 8 7
6 7 7 2 7 9 4 7 2 10 8 8 8 8 5 7 5 8 6 10 0 9 10 6 4 1 3 6 4 4
6 3 8 8 7 1 8 9 10 2 1 5 8 5 8 7 6 3 4 2 9 0 2 4 6 9 6 7 6 6
5 4 10 9 6 3 8 9 10 0 2 4 7 3 7 9 6 2 5 0 10 2 0 4 7 10 7 9 8 7
2 2 8 6 3 4 4 6 6 4 3 3 5 3 4 7 3 2 3 4 6 4 4 0 5 6 3 7 4 3
6 4 4 3 7 5 6 9 6 7 6 7 9 7 6 3 6 6 2 7 4 6 7 5 0 4 2 2 1 2
6 7 7 1 7 9 5 7 3 9 8 8 8 8 5 6 6 8 6 10 1 9 10 6 4 0 3 5 3 3
4 4 6 2 6 6 4 7 4 7 5 6 7 6 4 5 4 5 3 7 3 6 7 3 2 3 0 4 2 1
8 5 1 4 10 6 8 11 8 8 7 9 11 9 8 1 8 8 3 9 6 7 9 7 2 5 4 0 3 4
6 4 4 2 7 6 6 8 5 7 6 7 8 7 6 4 5 6 3 8 4 6 8 4 1 3 2 3 0 1
4 3 5 3 6 5 4 7 5 6 5 6 7 6 4 5 4 5 2 7 4 6 7 3 2 3 1 4 1 0
,
0 27 49 25 8 42 9 11 16 34 16 5 11 15 15 58 6 13 31 26 20 18 26 6 28 23 23 35 41 13
13 0 40 39 34 6 27 54 22 23 13 16 26 12 32 32 14 14 8 23 34 18 20 9 25 35 21 32 28 17
50 21 0 24 74 42 51 40 66 36 23 60 79 43 61 5 49 65 33 34 49 38 70 23 17 26 21 6 27 31
29 27 38 0 27 32 21 25 24 67 30 55 25 24 36 28 19 40 19 45 11 39 62 34 15 6 15 21 18 8
5 15 62 22 0 34 15 16 32 20 32 12 4 16 16 69 12 15 49 24 52 35 17 16 32 23 14 67 25 29
38 9 27 46 39 0 48 26 70 8 11 40 49 39 24 25 34 19 17 21 54 5 20 28 28 37 25 35 31 15
19 20 42 32 16 31 0 10 12 45 21 14 14 25 3 56 6 30 42 26 30 38 51 27 44 27 17 39 17 31
14 34 66 50 13 42 15 0 26 54 39 24 6 14 15 55 10 21 43 25 38 29 22 29 60 27 44 31 32 45
20 46 32 16 27 63 16 17 0 31 52 35 23 44 8 45 19 35 47 52 13 59 53 26 42 20 15 31 23 22
32 15 33 56 19 12 30 52 37 0 9 19 38 22 30 45 27 6 18 3 35 5 1 15 29 42 36 48 30 31
14 15 41 47 35 12 23 56 51 9 0 25 39 19 41 36 29 14 25 5 53 5 13 13 32 26 27 39 41 31
12 15 68 33 10 42 28 32 29 27 18 0 22 2 16 69 8 6 36 20 20 27 23 12 43 51 41 31 48 20
19 34 46 36 8 28 12 13 39 45 46 14 0 18 22 55 20 18 39 23 38 36 20 25 42 29 33 76 53 36
13 26 71 45 16 34 24 21 49 13 16 2 11 0 31 49 21 5 35 17 36 22 14 13 47 22 24 48 38 33
16 39 47 31 14 26 3 15 12 32 25 24 9 19 0 50 6 22 40 51 15 29 23 23 21 19 14 41 33 32
23 23 3 15 46 35 43 54 40 35 31 36 37 70 53 0 42 22 20 33 41 30 36 30 15 16 15 3 25 14
3 22 44 31 6 38 9 11 30 31 26 13 12 12 10 51 0 20 19 27 35 30 18 7 28 37 18 44 15 19
15 23 64 38 22 28 19 17 33 12 14 6 16 4 31 34 22 0 23 12 50 18 14 9 25 59 16 33 43 15
14 8 28 28 41 12 18 61 39 18 20 28 54 38 30 20 14 14 0 17 22 22 39 13 11 38 8 22 19 11
35 23 31 33 35 8 57 35 55 4 9 28 31 17 22 22 27 13 30 0 70 12 3 25 45 72 46 60 36 47
31 47 48 9 26 46 27 33 9 63 23 31 55 48 31 44 25 32 31 42 0 45 63 34 20 4 14 45 10 15
39 12 54 47 45 7 33 47 61 13 8 27 39 19 34 18 30 25 22 14 47 0 13 26 28 26 22 23 34 41
15 20 62 29 17 22 52 35 32 2 5 28 47 10 32 26 26 17 35 3 54 10 0 26 22 28 45 63 57 50
10 11 50 28 21 16 15 33 29 9 10 7 31 15 12 34 16 6 10 21 36 16 20 0 33 37 18 21 22 9
15 10 10 13 48 27 16 45 43 23 23 47 63 21 20 22 32 37 14 51 30 30 40 30 0 21 10 7 4 7
20 28 39 5 39 45 31 35 15 51 36 28 29 29 19 24 17 33 35 31 3 43 73 41 24 0 21 27 16 9
27 18 14 14 17 20 10 45 11 37 17 21 41 25 25 16 23 29 21 47 15 23 23 9 6 9 0 28 8 2
31 29 5 27 66 25 27 33 43 51 41 39 67 27 32 6 37 21 15 57 36 23 23 34 13 33 29 0 19 16
25 15 11 17 38 37 30 24 20 20 26 28 44 24 38 14 28 32 10 55 11 30 50 29 2 16 10 20 0 8
27 20 39 13 18 20 24 32 31 27 33 18 29 28 13 24 15 18 15 27 19 29 36 23 11 17 4 11 8 0