5
30
,
0 (12.0, 21.0) 11.0
1 (21.0, 40.0) 38.0
2 (50.0, 48.0) 31.0
3 (43.0, 21.0) 30.0
4 (6.0, 16.0) 35.0
5 (17.0, 50.0) 31.0
6 (21.0, 10.0) 33.0
7 (10.0, 2.0) 43.0
8 (33.0, 6.0) 19.0
9 (4.0, 43.0) 21.0
10 (11.0, 42.0) 31.0
11 (4.0, 25.0) 36.0
12 (4.0, 9.0) 40.0
13 (3.0, 28.0) 36.0
14 (19.0, 11.0) 31.0
15 (46.0, 48.0) 39.0
16 (15.0, 17.0) 34.0
17 (7.0, 33.0) 34.0
18 (29.0, 41.0) 33.0
19 (3.0, 46.0) 22.0
20 (42.0, 13.0) 14.0
21 (12.0, 49.0) 50.0
22 (2.0, 44.0) 48.0
23 (16.0, 30.0) 18.0
24 (38.0, 35.0) 19.0
25 (43.0, 16.0) 22.0
26 (32.0, 26.0) 26.0
27 (46.0, 43.0) 27.0
28 (38.0, 32.0) 30.0
29 (32.0, 29.0) 18.0
,
0 4 9 6 2 6 3 4 5 5 4 2 3 2 2 9 1 3 5 5 6 6 5 2 6 6 4 8 6 4
4 0 6 6 6 2 6 8 7 3 2 5 7 4 6 5 5 3 2 4 7 3 4 2 4 7 4 5 4 3
9 6 0 6 11 7 10 12 9 9 8 10 12 10 10 1 9 9 4 9 7 8 10 8 4 7 6 1 4 5
6 6 6 0 7 8 5 8 4 9 8 8 8 8 5 5 6 8 5 9 2 8 9 6 3 1 2 4 2 3
2 6 11 7 0 7 3 3 6 5 5 2 1 2 3 10 2 3 7 6 7 7 6 3 7 7 6 10 7 6
6 2 7 8 7 0 8 10 9 3 2 6 9 5 8 6 7 4 3 3 9 1 3 4 5 9 6 6 6 5
3 6 10 5 3 8 0 3 3 7 7 5 3 5 0 9 2 5 6 8 4 8 8 4 6 5 4 8 6 4
4 8 12 8 3 10 3 0 5 8 8 5 2 5 3 12 3 6 9 9 7 9 9 6 9 7 7 11 8 7
5 7 9 4 6 9 3 5 0 9 8 7 6 7 3 9 4 7 7 10 2 10 10 6 6 3 4 8 5 5
5 3 9 9 5 3 7 8 9 0 1 4 7 3 7 8 6 2 5 1 10 2 0 4 7 9 7 8 7 6
4 2 8 8 5 2 7 8 8 1 0 4 7 3 6 7 5 2 4 2 8 1 2 3 6 8 5 7 6 5
2 5 10 8 2 6 5 5 7 4 4 0 3 1 4 10 3 2 6 4 8 5 4 3 7 8 6 9 7 6
3 7 12 8 1 9 3 2 6 7 7 3 0 4 3 11 3 5 8 7 8 8 7 5 9 8 7 11 8 7
2 4 10 8 2 5 5 5 7 3 3 1 4 0 5 9 3 1 6 4 8 5 3 3 7 8 6 9 7 6
2 6 10 5 3 8 0 3 3 7 6 4 3 5 0 9 1 5 6 8 5 8 7 4 6 5 4 8 6 4
9 5 1 5 10 6 9 12 9 8 7 10 11 9 9 0 9 8 4 9 7 7 9 7 3 6 5 1 4 5
1 5 9 6 2 7 2 3 4 6 5 3 3 3 1 9 0 4 6 6 5 6 6 3 6 6 4 8 5 4
3 3 9 8 3 4 5 6 7 2 2 2 5 1 5 8 4 0 5 3 8 3 2 2 6 8 5 8 6 5
5 2 4 5 7 3 6 9 7 5 4 6 8 6 6 4 6 5 0 5 6 4 5 3 2 6 3 3 3 2
5 4 9 9 6 3 8 9 10 1 2 4 7 4 8 9 6 3 5 0 10 2 0 4 7 10 7 9 8 7
6 7 7 2 7 9 4 7 2 10 8 8 8 8 5 7 5 8 6 10 0 9 10 6 4 1 3 6 4 4
6 3 8 8 7 1 8 9 10 2 1 5 8 5 8 7 6 3 4 2 9 0 2 4 6 9 6 7 6 6
5 4 10 9 6 3 8 9 10 0 2 4 7 3 7 9 6 2 5 0 10 2 0 4 7 10 7 9 8 7
2 2 8 6 3 4 4 6 6 4 3 3 5 3 4 7 3 2 3 4 6 4 4 0 5 6 3 7 4 3
6 4 4 3 7 5 6 9 6 7 6 7 9 7 6 3 6 6 2 7 4 6 7 5 0 4 2 2 1 2
6 7 7 1 7 9 5 7 3 9 8 8 8 8 5 6 6 8 6 10 1 9 10 6 4 0 3 5 3 3
4 4 6 2 6 6 4 7 4 7 5 6 7 6 4 5 4 5 3 7 3 6 7 3 2 3 0 4 2 1
8 5 1 4 10 6 8 11 8 8 7 9 11 9 8 1 8 8 3 9 6 7 9 7 2 5 4 0 3 4
6 4 4 2 7 6 6 8 5 7 6 7 8 7 6 4 5 6 3 8 4 6 8 4 1 3 2 3 0 1
4 3 5 3 6 5 4 7 5 6 5 6 7 6 4 5 4 5 2 7 4 6 7 3 2 3 1 4 1 0
,
0 19 65 20 9 39 15 22 37 31 16 11 16 16 10 45 7 8 31 14 45 27 18 11 39 19 12 27 22 21
14 0 20 30 35 7 44 35 31 17 7 19 48 14 30 27 14 8 6 16 32 14 24 16 12 28 10 37 25 16
57 23 0 38 39 37 56 82 47 68 28 52 40 65 42 5 34 38 15 60 25 29 25 36 18 22 27 5 22 15
16 44 35 0 26 24 23 26 13 42 44 29 46 52 24 35 38 48 12 33 10 31 41 42 13 5 18 24 10 15
7 35 64 24 0 19 23 14 37 26 27 11 7 6 17 41 7 23 19 28 26 40 40 14 25 23 30 71 45 34
29 6 37 56 29 0 20 38 64 22 7 33 44 24 32 43 21 26 14 7 39 4 19 10 35 50 42 35 21 21
8 35 60 24 15 26 0 10 11 31 41 27 24 16 1 35 13 18 35 45 18 36 53 23 16 21 28 51 28 30
17 39 33 31 18 67 17 0 12 59 32 31 9 19 18 41 19 20 46 35 32 45 44 40 34 53 19 75 60 21
18 45 50 19 33 60 16 29 0 41 41 26 21 43 19 33 28 34 33 43 10 53 25 34 30 14 21 33 25 31
22 22 64 38 31 20 23 53 50 0 9 16 37 21 23 34 15 9 25 3 64 7 2 13 28 45 33 39 23 33
30 6 44 29 17 11 22 46 29 8 0 15 30 16 32 49 16 6 16 10 57 9 9 9 21 47 31 33 43 31
9 18 48 24 7 40 13 18 41 19 10 0 16 2 23 63 12 9 23 15 50 36 10 19 19 26 40 54 49 25
11 44 50 57 4 44 14 5 28 45 23 23 0 18 14 74 10 21 55 21 30 48 48 32 25 53 26 72 27 31
15 13 52 54 11 19 30 36 48 13 10 4 28 0 21 53 17 5 19 25 26 20 15 7 52 22 37 57 30 33
10 22 48 32 18 23 3 16 11 21 38 23 17 22 0 48 6 28 21 49 18 42 40 27 18 24 13 22 16 32
52 16 5 31 74 15 57 31 58 29 20 43 34 52 45 0 40 42 13 54 50 18 61 49 19 36 23 6 21 30
6 25 62 20 7 34 9 21 28 29 13 16 18 18 10 50 0 15 38 33 26 26 35 15 18 34 15 45 24 15
10 14 23 25 15 29 18 17 41 10 9 11 24 8 25 49 12 0 20 11 31 13 14 8 33 40 33 37 26 35
18 9 33 28 22 19 33 38 20 15 13 19 34 43 35 16 37 16 0 16 27 17 35 25 6 24 14 10 7 14
22 15 40 41 19 15 51 59 55 4 8 12 36 15 21 61 43 20 36 0 56 10 2 19 41 66 51 49 39 32
45 48 45 6 42 37 24 22 14 70 40 52 54 63 12 27 35 44 21 66 0 58 36 25 21 3 15 37 28 10
29 17 51 59 35 7 23 68 55 11 5 25 57 15 51 39 27 16 21 14 25 0 14 21 25 62 33 28 34 33
32 27 31 43 28 16 33 33 64 1 5 25 52 21 28 66 32 15 20 1 33 8 0 13 21 32 47 60 31 44
6 8 36 34 14 28 20 20 43 12 11 10 30 10 10 32 7 13 19 12 23 21 19 0 21 26 17 38 18 9
41 26 16 19 21 35 36 35 36 49 24 45 37 53 27 19 34 33 8 35 24 21 44 13 0 20 12 11 4 9
39 19 36 3 46 60 14 22 20 32 44 21 38 42 26 21 41 35 37 46 4 23 56 27 28 0 15 20 11 11
29 23 26 12 37 25 27 35 18 23 16 18 36 33 10 23 11 28 19 35 20 32 47 17 15 19 0 31 8 4
42 34 7 21 64 35 29 77 49 61 32 28 55 37 57 3 28 30 19 57 20 28 39 46 14 35 19 0 17 27
29 15 19 15 52 30 26 48 29 37 23 45 44 19 40 14 32 25 10 28 21 45 27 18 3 17 5 16 0 6
32 18 24 13 28 36 30 31 16 20 23 15 22 25 17 17 24 38 8 48 12 21 50 15 7 20 2 23 8 0