5
30
,
0 (12.0, 21.0) 30.0
1 (21.0, 40.0) 22.0
2 (50.0, 48.0) 26.0
3 (43.0, 21.0) 14.0
4 (6.0, 16.0) 29.0
5 (17.0, 50.0) 15.0
6 (21.0, 10.0) 34.0
7 (10.0, 2.0) 21.0
8 (33.0, 6.0) 30.0
9 (4.0, 43.0) 10.0
10 (11.0, 42.0) 37.0
11 (4.0, 25.0) 18.0
12 (4.0, 9.0) 10.0
13 (3.0, 28.0) 22.0
14 (19.0, 11.0) 43.0
15 (46.0, 48.0) 22.0
16 (15.0, 17.0) 14.0
17 (7.0, 33.0) 12.0
18 (29.0, 41.0) 12.0
19 (3.0, 46.0) 31.0
20 (42.0, 13.0) 40.0
21 (12.0, 49.0) 49.0
22 (2.0, 44.0) 28.0
23 (16.0, 30.0) 25.0
24 (38.0, 35.0) 37.0
25 (43.0, 16.0) 14.0
26 (32.0, 26.0) 14.0
27 (46.0, 43.0) 20.0
28 (38.0, 32.0) 44.0
29 (32.0, 29.0) 23.0
,
0 4 9 6 2 6 3 4 5 5 4 2 3 2 2 9 1 3 5 5 6 6 5 2 6 6 4 8 6 4
4 0 6 6 6 2 6 8 7 3 2 5 7 4 6 5 5 3 2 4 7 3 4 2 4 7 4 5 4 3
9 6 0 6 11 7 10 12 9 9 8 10 12 10 10 1 9 9 4 9 7 8 10 8 4 7 6 1 4 5
6 6 6 0 7 8 5 8 4 9 8 8 8 8 5 5 6 8 5 9 2 8 9 6 3 1 2 4 2 3
2 6 11 7 0 7 3 3 6 5 5 2 1 2 3 10 2 3 7 6 7 7 6 3 7 7 6 10 7 6
6 2 7 8 7 0 8 10 9 3 2 6 9 5 8 6 7 4 3 3 9 1 3 4 5 9 6 6 6 5
3 6 10 5 3 8 0 3 3 7 7 5 3 5 0 9 2 5 6 8 4 8 8 4 6 5 4 8 6 4
4 8 12 8 3 10 3 0 5 8 8 5 2 5 3 12 3 6 9 9 7 9 9 6 9 7 7 11 8 7
5 7 9 4 6 9 3 5 0 9 8 7 6 7 3 9 4 7 7 10 2 10 10 6 6 3 4 8 5 5
5 3 9 9 5 3 7 8 9 0 1 4 7 3 7 8 6 2 5 1 10 2 0 4 7 9 7 8 7 6
4 2 8 8 5 2 7 8 8 1 0 4 7 3 6 7 5 2 4 2 8 1 2 3 6 8 5 7 6 5
2 5 10 8 2 6 5 5 7 4 4 0 3 1 4 10 3 2 6 4 8 5 4 3 7 8 6 9 7 6
3 7 12 8 1 9 3 2 6 7 7 3 0 4 3 11 3 5 8 7 8 8 7 5 9 8 7 11 8 7
2 4 10 8 2 5 5 5 7 3 3 1 4 0 5 9 3 1 6 4 8 5 3 3 7 8 6 9 7 6
2 6 10 5 3 8 0 3 3 7 6 4 3 5 0 9 1 5 6 8 5 8 7 4 6 5 4 8 6 4
9 5 1 5 10 6 9 12 9 8 7 10 11 9 9 0 9 8 4 9 7 7 9 7 3 6 5 1 4 5
1 5 9 6 2 7 2 3 4 6 5 3 3 3 1 9 0 4 6 6 5 6 6 3 6 6 4 8 5 4
3 3 9 8 3 4 5 6 7 2 2 2 5 1 5 8 4 0 5 3 8 3 2 2 6 8 5 8 6 5
5 2 4 5 7 3 6 9 7 5 4 6 8 6 6 4 6 5 0 5 6 4 5 3 2 6 3 3 3 2
5 4 9 9 6 3 8 9 10 1 2 4 7 4 8 9 6 3 5 0 10 2 0 4 7 10 7 9 8 7
6 7 7 2 7 9 4 7 2 10 8 8 8 8 5 7 5 8 6 10 0 9 10 6 4 1 3 6 4 4
6 3 8 8 7 1 8 9 10 2 1 5 8 5 8 7 6 3 4 2 9 0 2 4 6 9 6 7 6 6
5 4 10 9 6 3 8 9 10 0 2 4 7 3 7 9 6 2 5 0 10 2 0 4 7 10 7 9 8 7
2 2 8 6 3 4 4 6 6 4 3 3 5 3 4 7 3 2 3 4 6 4 4 0 5 6 3 7 4 3
6 4 4 3 7 5 6 9 6 7 6 7 9 7 6 3 6 6 2 7 4 6 7 5 0 4 2 2 1 2
6 7 7 1 7 9 5 7 3 9 8 8 8 8 5 6 6 8 6 10 1 9 10 6 4 0 3 5 3 3
4 4 6 2 6 6 4 7 4 7 5 6 7 6 4 5 4 5 3 7 3 6 7 3 2 3 0 4 2 1
8 5 1 4 10 6 8 11 8 8 7 9 11 9 8 1 8 8 3 9 6 7 9 7 2 5 4 0 3 4
6 4 4 2 7 6 6 8 5 7 6 7 8 7 6 4 5 6 3 8 4 6 8 4 1 3 2 3 0 1
4 3 5 3 6 5 4 7 5 6 5 6 7 6 4 5 4 5 2 7 4 6 7 3 2 3 1 4 1 0
,
0 11 32 16 12 30 15 26 32 34 28 9 9 12 16 45 3 9 28 21 43 38 35 11 35 42 20 40 31 21
27 0 44 22 40 7 19 24 29 19 9 22 36 32 33 25 24 18 10 27 34 11 27 9 13 27 26 18 12 13
63 23 0 32 66 21 48 36 59 62 54 39 38 47 67 2 65 27 21 31 38 54 33 42 14 42 30 9 23 35
34 16 36 0 27 22 27 39 27 63 44 30 49 54 26 18 30 52 35 42 9 25 45 34 9 7 12 14 16 8
9 40 40 21 0 29 20 11 41 33 27 10 8 18 13 65 5 17 32 29 33 28 22 22 23 36 22 26 18 42
41 11 21 50 40 0 24 43 70 19 10 20 64 22 20 32 46 26 9 15 48 5 23 27 28 57 25 34 36 31
10 16 43 13 22 57 0 9 10 51 45 21 22 38 2 36 8 23 35 45 28 43 49 28 40 13 14 57 33 11
24 31 49 27 21 38 17 0 33 59 41 21 5 17 9 48 21 45 41 64 23 31 42 41 33 46 19 30 60 26
28 20 52 18 34 28 15 18 0 34 59 23 28 22 10 63 16 48 48 67 9 58 28 26 37 13 28 47 26 17
31 23 25 41 21 13 55 32 32 0 8 10 46 11 24 39 22 14 22 2 46 13 3 21 49 52 39 29 50 16
24 9 58 57 30 8 17 50 38 10 0 14 18 19 37 43 19 15 26 7 45 7 11 10 22 43 20 28 24 15
8 12 45 37 6 37 12 20 35 15 27 0 23 2 11 42 18 9 19 31 52 24 11 14 28 56 17 54 21 25
12 29 77 47 7 33 17 12 19 31 31 12 0 25 15 32 19 31 35 34 32 43 46 16 56 53 38 44 43 27
13 16 30 37 12 25 25 30 49 18 19 3 27 0 34 50 18 4 16 26 50 23 15 20 37 32 15 54 34 27
10 34 56 39 19 50 3 16 17 36 39 18 19 22 0 37 8 34 30 34 19 35 48 11 18 23 22 23 39 12
51 15 5 15 38 33 24 41 56 34 22 52 42 48 30 0 52 22 15 31 50 19 43 34 10 30 19 7 22 28
7 33 66 28 5 24 13 17 21 35 26 13 14 13 9 30 0 10 36 25 35 32 35 19 31 25 11 44 17 27
18 12 65 22 21 26 18 40 26 7 12 8 28 8 20 48 17 0 32 8 58 12 9 8 16 21 23 33 22 19
37 7 19 35 49 17 43 40 40 36 24 19 52 25 24 23 24 29 0 15 42 21 14 15 10 41 13 16 8 18
15 26 42 43 39 13 35 34 37 4 5 14 52 22 56 59 32 18 36 0 50 13 3 12 23 63 52 64 24 40
17 33 41 9 32 39 25 18 6 70 57 49 47 39 34 46 20 45 24 55 0 39 61 33 22 3 24 44 16 12
33 10 41 48 39 7 41 60 48 9 5 18 55 21 41 32 33 22 23 6 52 0 9 10 26 26 31 31 24 30
26 28 59 30 36 20 48 39 64 2 7 26 24 19 47 54 36 15 14 1 50 11 0 23 31 46 23 65 40 19
7 14 45 25 15 15 20 25 30 26 7 8 25 18 26 49 14 14 21 21 38 19 16 0 25 36 23 18 16 23
19 25 20 22 47 29 45 32 17 25 40 40 51 27 24 11 20 27 8 49 20 15 52 25 0 22 12 9 2 7
28 23 20 6 19 45 14 52 15 28 59 28 27 29 14 44 25 23 41 44 3 56 53 35 12 0 19 35 25 20
30 12 42 10 40 36 25 21 20 35 40 39 37 34 14 36 14 31 15 29 21 23 33 20 9 21 0 29 12 2
42 28 4 14 32 32 51 60 35 43 41 42 33 51 33 5 58 48 23 54 36 44 46 33 7 19 27 0 9 27
21 16 24 18 50 15 19 30 35 49 28 24 28 18 21 26 30 29 15 19 10 38 54 12 4 18 9 20 0 7
24 16 13 8 26 36 27 27 22 16 17 22 34 16 25 35 17 33 8 28 15 39 36 8 6 17 4 14 8 0