2
10
,
0 (33.0, 40.0) 55.0
1 (44.0, 7.0) 40.0
2 (43.0, 19.0) 46.0
3 (6.0, 49.0) 55.0
4 (27.0, 17.0) 31.0
5 (44.0, 27.0) 53.0
6 (37.0, 49.0) 80.0
7 (19.0, 12.0) 34.0
8 (6.0, 22.0) 60.0
9 (26.0, 1.0) 32.0
,
0 26 22 24 25 16 26 31 11 11 13 0
26 0 17 12 14 12 9 5 16 16 20 26
22 17 0 6 28 10 10 21 13 20 9 22
24 12 6 0 24 8 4 15 12 19 12 24
25 14 28 24 0 19 22 16 20 14 26 25
16 12 10 8 19 0 10 17 5 11 8 16
26 9 10 4 22 10 0 12 15 19 16 26
31 5 21 15 16 17 12 0 21 21 25 31
11 16 13 12 20 5 15 21 0 8 7 11
11 16 20 19 14 11 19 21 8 0 14 11
13 20 9 12 26 8 16 25 7 14 0 13
0 26 22 24 25 16 26 31 11 11 13 0
,
0 36 60 62 56 29 56 54 19 17 32 0
41 0 49 13 19 25 17 7 40 35 50 36
33 20 0 17 63 27 22 25 24 48 23 34
56 25 13 0 62 18 8 22 19 23 19 36
65 21 39 63 0 36 22 46 50 38 46 36
45 26 13 16 56 0 25 18 8 17 21 41
46 24 30 12 32 23 0 25 24 45 23 68
90 6 40 24 17 29 33 0 60 41 30 31
23 43 22 19 52 5 29 50 0 24 8 18
23 44 49 51 20 23 25 56 23 0 22 22
27 53 15 32 27 16 44 51 7 24 0 25
0 38 47 45 67 36 29 48 15 30 38 0