2
10
,
0 (33.0, 40.0) 52.0
1 (44.0, 7.0) 66.0
2 (43.0, 19.0) 66.0
3 (6.0, 49.0) 88.0
4 (27.0, 17.0) 47.0
5 (44.0, 27.0) 78.0
6 (37.0, 49.0) 90.0
7 (19.0, 12.0) 34.0
8 (6.0, 22.0) 43.0
9 (26.0, 1.0) 67.0
,
0 26 22 24 25 16 26 31 11 11 13 0
26 0 17 12 14 12 9 5 16 16 20 26
22 17 0 6 28 10 10 21 13 20 9 22
24 12 6 0 24 8 4 15 12 19 12 24
25 14 28 24 0 19 22 16 20 14 26 25
16 12 10 8 19 0 10 17 5 11 8 16
26 9 10 4 22 10 0 12 15 19 16 26
31 5 21 15 16 17 12 0 21 21 25 31
11 16 13 12 20 5 15 21 0 8 7 11
11 16 20 19 14 11 19 21 8 0 14 11
13 20 9 12 26 8 16 25 7 14 0 13
0 26 22 24 25 16 26 31 11 11 13 0
,
0 44 32 50 44 20 47 83 29 33 33 0
62 0 45 26 31 22 18 13 22 30 38 70
37 50 0 7 50 21 21 60 33 29 19 63
48 23 16 0 31 15 5 31 17 25 35 55
43 35 50 45 0 41 29 27 55 17 64 31
39 25 19 11 26 0 29 23 5 27 20 47
39 14 16 9 36 24 0 31 34 30 32 50
88 8 39 21 32 38 33 0 50 23 44 83
24 36 33 21 21 12 17 34 0 14 13 13
15 18 49 50 33 25 31 27 15 0 41 34
38 43 16 32 44 9 31 66 11 25 0 17
0 64 63 47 44 17 70 55 21 32 35 0