2
10
,
0 (33.0, 40.0) 44.0
1 (44.0, 7.0) 77.0
2 (43.0, 19.0) 59.0
3 (6.0, 49.0) 85.0
4 (27.0, 17.0) 37.0
5 (44.0, 27.0) 30.0
6 (37.0, 49.0) 68.0
7 (19.0, 12.0) 64.0
8 (6.0, 22.0) 47.0
9 (26.0, 1.0) 68.0
,
0 26 22 24 25 16 26 31 11 11 13 0
26 0 17 12 14 12 9 5 16 16 20 26
22 17 0 6 28 10 10 21 13 20 9 22
24 12 6 0 24 8 4 15 12 19 12 24
25 14 28 24 0 19 22 16 20 14 26 25
16 12 10 8 19 0 10 17 5 11 8 16
26 9 10 4 22 10 0 12 15 19 16 26
31 5 21 15 16 17 12 0 21 21 25 31
11 16 13 12 20 5 15 21 0 8 7 11
11 16 20 19 14 11 19 21 8 0 14 11
13 20 9 12 26 8 16 25 7 14 0 13
0 26 22 24 25 16 26 31 11 11 13 0
,
0 37 41 45 48 21 48 90 19 16 26 0
42 0 18 34 40 32 21 11 29 19 58 53
28 45 0 10 29 10 15 40 36 35 19 22
59 13 7 0 54 24 9 44 16 45 19 46
47 40 71 56 0 51 32 19 47 32 27 27
20 13 20 10 49 0 22 26 8 28 12 35
42 25 28 5 53 25 0 32 32 39 40 38
36 15 63 23 16 36 18 0 47 23 40 35
13 25 34 15 40 7 27 23 0 18 17 16
26 28 41 42 22 15 38 41 20 0 15 27
28 24 10 36 28 17 40 60 8 35 0 30
0 37 59 26 59 47 48 65 22 12 36 0