2
10
,
0 (33.0, 40.0) 37.0
1 (44.0, 7.0) 58.0
2 (43.0, 19.0) 57.0
3 (6.0, 49.0) 46.0
4 (27.0, 17.0) 69.0
5 (44.0, 27.0) 83.0
6 (37.0, 49.0) 67.0
7 (19.0, 12.0) 34.0
8 (6.0, 22.0) 35.0
9 (26.0, 1.0) 79.0
,
0 26 22 24 25 16 26 31 11 11 13 0
26 0 17 12 14 12 9 5 16 16 20 26
22 17 0 6 28 10 10 21 13 20 9 22
24 12 6 0 24 8 4 15 12 19 12 24
25 14 28 24 0 19 22 16 20 14 26 25
16 12 10 8 19 0 10 17 5 11 8 16
26 9 10 4 22 10 0 12 15 19 16 26
31 5 21 15 16 17 12 0 21 21 25 31
11 16 13 12 20 5 15 21 0 8 7 11
11 16 20 19 14 11 19 21 8 0 14 11
13 20 9 12 26 8 16 25 7 14 0 13
0 26 22 24 25 16 26 31 11 11 13 0
,
0 27 44 55 72 31 59 52 30 20 32 0
32 0 19 30 18 28 16 6 33 27 46 46
46 24 0 16 78 13 13 47 18 22 11 37
49 32 11 0 47 24 6 41 14 46 20 59
73 20 57 54 0 20 32 38 52 34 47 57
31 25 15 14 35 0 22 23 14 25 19 39
76 16 28 10 31 11 0 26 27 51 20 31
79 8 48 19 44 42 13 0 61 34 43 61
32 16 27 21 57 12 29 50 0 11 13 26
32 17 61 29 30 28 33 60 15 0 38 32
24 40 27 33 65 21 24 64 10 20 0 24
0 35 26 45 73 30 54 75 16 31 29 0