2
10
,
0 (33.0, 40.0) 32.0
1 (44.0, 7.0) 44.0
2 (43.0, 19.0) 31.0
3 (6.0, 49.0) 43.0
4 (27.0, 17.0) 40.0
5 (44.0, 27.0) 41.0
6 (37.0, 49.0) 66.0
7 (19.0, 12.0) 68.0
8 (6.0, 22.0) 36.0
9 (26.0, 1.0) 73.0
,
0 26 22 24 25 16 26 31 11 11 13 0
26 0 17 12 14 12 9 5 16 16 20 26
22 17 0 6 28 10 10 21 13 20 9 22
24 12 6 0 24 8 4 15 12 19 12 24
25 14 28 24 0 19 22 16 20 14 26 25
16 12 10 8 19 0 10 17 5 11 8 16
26 9 10 4 22 10 0 12 15 19 16 26
31 5 21 15 16 17 12 0 21 21 25 31
11 16 13 12 20 5 15 21 0 8 7 11
11 16 20 19 14 11 19 21 8 0 14 11
13 20 9 12 26 8 16 25 7 14 0 13
0 26 22 24 25 16 26 31 11 11 13 0
,
0 71 31 38 28 26 56 75 19 17 22 0
54 0 46 32 32 24 17 10 21 40 28 66
65 46 0 14 36 17 25 27 13 34 22 42
70 15 15 0 26 18 9 31 32 40 34 42
48 25 29 34 0 53 30 17 28 31 54 26
36 18 21 9 23 0 29 39 13 18 15 25
33 17 16 5 31 29 0 20 39 37 29 51
32 6 48 16 38 35 25 0 34 30 68 62
19 43 33 27 27 5 21 27 0 23 10 28
24 48 59 51 24 19 28 51 18 0 39 32
28 27 15 24 50 21 24 45 14 24 0 22
0 59 24 70 33 36 60 35 15 27 21 0