2
10
,
0 (33.0, 40.0) 37.0
1 (44.0, 7.0) 87.0
2 (43.0, 19.0) 59.0
3 (6.0, 49.0) 32.0
4 (27.0, 17.0) 69.0
5 (44.0, 27.0) 38.0
6 (37.0, 49.0) 42.0
7 (19.0, 12.0) 66.0
8 (6.0, 22.0) 44.0
9 (26.0, 1.0) 63.0
,
0 26 22 24 25 16 26 31 11 11 13 0
26 0 17 12 14 12 9 5 16 16 20 26
22 17 0 6 28 10 10 21 13 20 9 22
24 12 6 0 24 8 4 15 12 19 12 24
25 14 28 24 0 19 22 16 20 14 26 25
16 12 10 8 19 0 10 17 5 11 8 16
26 9 10 4 22 10 0 12 15 19 16 26
31 5 21 15 16 17 12 0 21 21 25 31
11 16 13 12 20 5 15 21 0 8 7 11
11 16 20 19 14 11 19 21 8 0 14 11
13 20 9 12 26 8 16 25 7 14 0 13
0 26 22 24 25 16 26 31 11 11 13 0
,
0 43 43 60 64 32 51 55 31 21 14 0
75 0 52 34 19 12 13 7 17 22 30 47
44 31 0 8 82 28 12 43 32 33 16 52
34 17 18 0 56 12 10 19 31 39 34 65
54 24 65 62 0 45 36 46 29 30 72 43
43 14 10 18 37 0 20 44 12 16 22 23
28 12 25 6 55 11 0 31 39 44 28 48
44 12 60 23 29 33 16 0 57 61 53 89
19 16 17 27 32 5 42 36 0 24 8 23
16 30 23 47 29 27 34 53 21 0 21 16
29 21 11 21 45 17 32 26 14 27 0 14
0 66 61 47 28 42 66 50 30 28 17 0