2
10
,
0 (33.0, 40.0) 66.0
1 (44.0, 7.0) 61.0
2 (43.0, 19.0) 42.0
3 (6.0, 49.0) 30.0
4 (27.0, 17.0) 79.0
5 (44.0, 27.0) 38.0
6 (37.0, 49.0) 80.0
7 (19.0, 12.0) 36.0
8 (6.0, 22.0) 32.0
9 (26.0, 1.0) 51.0
,
0 26 22 24 25 16 26 31 11 11 13 0
26 0 17 12 14 12 9 5 16 16 20 26
22 17 0 6 28 10 10 21 13 20 9 22
24 12 6 0 24 8 4 15 12 19 12 24
25 14 28 24 0 19 22 16 20 14 26 25
16 12 10 8 19 0 10 17 5 11 8 16
26 9 10 4 22 10 0 12 15 19 16 26
31 5 21 15 16 17 12 0 21 21 25 31
11 16 13 12 20 5 15 21 0 8 7 11
11 16 20 19 14 11 19 21 8 0 14 11
13 20 9 12 26 8 16 25 7 14 0 13
0 26 22 24 25 16 26 31 11 11 13 0
,
0 36 53 63 46 18 41 77 21 29 17 0
37 0 36 28 23 22 19 5 16 20 26 44
25 33 0 13 52 24 11 36 34 53 24 24
58 29 7 0 48 20 9 28 24 19 29 24
50 17 57 51 0 47 23 29 39 28 26 52
26 16 12 23 29 0 16 50 14 22 14 43
34 14 13 10 47 22 0 26 43 22 22 77
35 14 64 45 18 22 13 0 50 29 55 53
15 21 17 33 42 12 26 54 0 12 20 22
23 30 51 27 22 15 30 26 11 0 39 33
24 50 10 24 65 24 22 34 17 30 0 27
0 28 27 30 46 41 50 67 13 28 21 0