2
10
,
0 (38.0, 30.0) 19.0
1 (48.0, 8.0) 41.0
2 (10.0, 33.0) 28.0
3 (1.0, 20.0) 13.0
4 (40.0, 31.0) 46.0
5 (46.0, 15.0) 47.0
6 (10.0, 7.0) 10.0
7 (1.0, 23.0) 11.0
8 (26.0, 29.0) 46.0
9 (47.0, 16.0) 13.0
,
0 5 6 8 0 3 7 8 2 3
5 0 9 10 5 1 8 10 6 2
6 9 0 3 6 8 5 3 3 8
8 10 3 0 8 9 3 1 5 9
0 5 6 8 0 3 8 8 3 3
3 1 8 9 3 0 7 9 5 0
7 8 5 3 8 7 0 4 5 8
8 10 3 1 8 9 4 0 5 9
2 6 3 5 3 5 5 5 0 5
3 2 8 9 3 0 8 9 5 0
,
0 27 30 40 1 12 36 28 8 19
15 0 33 32 31 11 21 73 24 5
16 58 0 16 21 56 24 15 10 39
40 53 13 0 47 27 16 4 22 69
3 19 18 39 0 14 26 23 9 21
22 9 20 29 25 0 40 39 36 1
30 34 18 17 25 50 0 22 20 34
25 61 14 3 26 25 12 0 19 47
6 29 20 20 8 29 25 28 0 20
16 11 33 41 11 2 31 34 28 0