2
10
,
0 (38.0, 30.0) 34.0
1 (48.0, 8.0) 24.0
2 (10.0, 33.0) 12.0
3 (1.0, 20.0) 11.0
4 (40.0, 31.0) 31.0
5 (46.0, 15.0) 40.0
6 (10.0, 7.0) 14.0
7 (1.0, 23.0) 17.0
8 (26.0, 29.0) 14.0
9 (47.0, 16.0) 30.0
,
0 5 6 8 0 3 7 8 2 3
5 0 9 10 5 1 8 10 6 2
6 9 0 3 6 8 5 3 3 8
8 10 3 0 8 9 3 1 5 9
0 5 6 8 0 3 8 8 3 3
3 1 8 9 3 0 7 9 5 0
7 8 5 3 8 7 0 4 5 8
8 10 3 1 8 9 4 0 5 9
2 6 3 5 3 5 5 5 0 5
3 2 8 9 3 0 8 9 5 0
,
0 13 40 39 3 24 24 34 8 11
36 0 53 58 32 7 24 30 28 11
41 56 0 17 29 21 13 19 11 59
30 71 15 0 59 32 21 4 13 34
2 25 24 22 0 21 57 45 19 9
21 4 46 51 13 0 55 52 22 2
49 43 34 8 22 46 0 19 34 53
39 52 15 4 22 52 19 0 22 69
10 43 20 14 19 21 25 19 0 33
21 4 28 36 22 1 56 33 35 0