2
10
,
0 (38.0, 30.0) 35.0
1 (48.0, 8.0) 12.0
2 (10.0, 33.0) 44.0
3 (1.0, 20.0) 12.0
4 (40.0, 31.0) 16.0
5 (46.0, 15.0) 25.0
6 (10.0, 7.0) 31.0
7 (1.0, 23.0) 20.0
8 (26.0, 29.0) 33.0
9 (47.0, 16.0) 24.0
,
0 5 6 8 0 3 7 8 2 3
5 0 9 10 5 1 8 10 6 2
6 9 0 3 6 8 5 3 3 8
8 10 3 0 8 9 3 1 5 9
0 5 6 8 0 3 8 8 3 3
3 1 8 9 3 0 7 9 5 0
7 8 5 3 8 7 0 4 5 8
8 10 3 1 8 9 4 0 5 9
2 6 3 5 3 5 5 5 0 5
3 2 8 9 3 0 8 9 5 0
,
0 31 28 52 2 24 23 29 11 23
13 0 62 34 19 10 37 49 44 8
24 35 0 18 36 54 23 13 24 24
41 65 10 0 28 67 9 3 38 25
3 25 17 22 0 19 46 50 11 21
17 10 37 34 13 0 28 61 28 2
31 39 36 22 32 40 0 15 28 21
47 57 15 2 29 65 26 0 17 36
9 43 9 21 15 20 33 38 0 26
8 4 37 32 15 1 53 25 36 0