2
10
,
0 (38.0, 30.0) 14.0
1 (48.0, 8.0) 11.0
2 (10.0, 33.0) 23.0
3 (1.0, 20.0) 13.0
4 (40.0, 31.0) 11.0
5 (46.0, 15.0) 30.0
6 (10.0, 7.0) 16.0
7 (1.0, 23.0) 36.0
8 (26.0, 29.0) 12.0
9 (47.0, 16.0) 46.0
,
0 5 6 8 0 3 7 8 2 3
5 0 9 10 5 1 8 10 6 2
6 9 0 3 6 8 5 3 3 8
8 10 3 0 8 9 3 1 5 9
0 5 6 8 0 3 8 8 3 3
3 1 8 9 3 0 7 9 5 0
7 8 5 3 8 7 0 4 5 8
8 10 3 1 8 9 4 0 5 9
2 6 3 5 3 5 5 5 0 5
3 2 8 9 3 0 8 9 5 0
,
0 28 26 25 2 25 52 40 12 14
32 0 30 64 31 7 56 30 40 5
40 42 0 12 38 26 25 17 9 24
49 31 13 0 24 58 17 4 25 28
2 21 30 33 0 16 28 28 9 10
22 5 57 29 24 0 26 51 32 1
42 56 27 12 25 23 0 9 35 31
42 69 11 4 26 44 23 0 15 44
17 38 14 31 12 28 35 19 0 26
20 7 39 51 21 1 32 34 26 0