2
10
,
0 (38.0, 30.0) 31.0
1 (48.0, 8.0) 21.0
2 (10.0, 33.0) 48.0
3 (1.0, 20.0) 21.0
4 (40.0, 31.0) 31.0
5 (46.0, 15.0) 10.0
6 (10.0, 7.0) 16.0
7 (1.0, 23.0) 44.0
8 (26.0, 29.0) 21.0
9 (47.0, 16.0) 47.0
,
0 5 6 8 0 3 7 8 2 3
5 0 9 10 5 1 8 10 6 2
6 9 0 3 6 8 5 3 3 8
8 10 3 0 8 9 3 1 5 9
0 5 6 8 0 3 8 8 3 3
3 1 8 9 3 0 7 9 5 0
7 8 5 3 8 7 0 4 5 8
8 10 3 1 8 9 4 0 5 9
2 6 3 5 3 5 5 5 0 5
3 2 8 9 3 0 8 9 5 0
,
0 19 24 54 2 25 49 34 11 23
17 0 28 28 13 10 26 67 39 10
19 47 0 20 29 37 30 18 13 25
25 60 10 0 40 57 11 3 26 38
1 14 37 24 0 25 42 48 12 11
20 4 22 62 18 0 31 54 17 1
34 42 31 20 27 39 0 25 30 35
22 56 10 4 26 60 18 0 26 45
8 30 19 16 16 26 35 14 0 18
17 10 60 66 13 2 49 24 24 0