2
10
,
0 (38.0, 30.0) 10.0
1 (48.0, 8.0) 22.0
2 (10.0, 33.0) 21.0
3 (1.0, 20.0) 11.0
4 (40.0, 31.0) 19.0
5 (46.0, 15.0) 25.0
6 (10.0, 7.0) 19.0
7 (1.0, 23.0) 20.0
8 (26.0, 29.0) 25.0
9 (47.0, 16.0) 42.0
,
0 5 6 8 0 3 7 8 2 3
5 0 9 10 5 1 8 10 6 2
6 9 0 3 6 8 5 3 3 8
8 10 3 0 8 9 3 1 5 9
0 5 6 8 0 3 8 8 3 3
3 1 8 9 3 0 7 9 5 0
7 8 5 3 8 7 0 4 5 8
8 10 3 1 8 9 4 0 5 9
2 6 3 5 3 5 5 5 0 5
3 2 8 9 3 0 8 9 5 0
,
0 15 22 43 2 20 51 39 12 9
17 0 36 28 15 7 41 31 20 10
31 38 0 12 20 25 28 16 18 42
46 33 23 0 40 29 13 3 21 27
1 23 34 56 0 15 54 34 8 21
14 9 21 26 10 0 37 52 34 1
27 26 35 10 51 34 0 10 20 37
27 43 7 2 29 63 19 0 17 57
7 42 11 39 11 32 35 30 0 25
13 10 29 30 13 2 41 26 21 0