2
10
,
0 (38.0, 30.0) 23.0
1 (48.0, 8.0) 15.0
2 (10.0, 33.0) 49.0
3 (1.0, 20.0) 25.0
4 (40.0, 31.0) 11.0
5 (46.0, 15.0) 35.0
6 (10.0, 7.0) 12.0
7 (1.0, 23.0) 32.0
8 (26.0, 29.0) 42.0
9 (47.0, 16.0) 35.0
,
0 5 6 8 0 3 7 8 2 3
5 0 9 10 5 1 8 10 6 2
6 9 0 3 6 8 5 3 3 8
8 10 3 0 8 9 3 1 5 9
0 5 6 8 0 3 8 8 3 3
3 1 8 9 3 0 7 9 5 0
7 8 5 3 8 7 0 4 5 8
8 10 3 1 8 9 4 0 5 9
2 6 3 5 3 5 5 5 0 5
3 2 8 9 3 0 8 9 5 0
,
0 20 26 24 3 14 43 50 7 13
19 0 52 32 24 7 47 30 41 12
35 27 0 12 20 43 27 20 24 41
36 54 11 0 24 52 22 4 27 55
3 23 39 60 0 13 21 53 20 23
14 7 49 27 22 0 28 63 29 2
52 22 17 18 33 20 0 16 29 30
40 58 8 2 28 45 23 0 16 53
12 25 21 35 11 19 17 36 0 32
15 4 61 69 16 1 20 70 32 0