2
10
,
0 (38.0, 30.0) 49.0
1 (48.0, 8.0) 19.0
2 (10.0, 33.0) 38.0
3 (1.0, 20.0) 12.0
4 (40.0, 31.0) 13.0
5 (46.0, 15.0) 19.0
6 (10.0, 7.0) 31.0
7 (1.0, 23.0) 10.0
8 (26.0, 29.0) 26.0
9 (47.0, 16.0) 30.0
,
0 5 6 8 0 3 7 8 2 3
5 0 9 10 5 1 8 10 6 2
6 9 0 3 6 8 5 3 3 8
8 10 3 0 8 9 3 1 5 9
0 5 6 8 0 3 8 8 3 3
3 1 8 9 3 0 7 9 5 0
7 8 5 3 8 7 0 4 5 8
8 10 3 1 8 9 4 0 5 9
2 6 3 5 3 5 5 5 0 5
3 2 8 9 3 0 8 9 5 0
,
0 12 33 19 1 20 27 50 8 13
17 0 45 41 30 7 34 51 21 7
31 63 0 21 44 52 22 11 13 27
29 40 10 0 45 62 16 2 15 32
3 12 36 40 0 15 48 32 11 11
14 9 38 42 23 0 53 36 21 2
24 38 27 14 43 33 0 27 36 51
37 55 19 4 21 62 12 0 34 48
17 34 24 16 16 17 32 19 0 18
11 5 53 25 21 1 49 38 34 0