2
10
,
0 (38.0, 30.0) 42.0
1 (48.0, 8.0) 18.0
2 (10.0, 33.0) 39.0
3 (1.0, 20.0) 36.0
4 (40.0, 31.0) 34.0
5 (46.0, 15.0) 12.0
6 (10.0, 7.0) 24.0
7 (1.0, 23.0) 23.0
8 (26.0, 29.0) 36.0
9 (47.0, 16.0) 10.0
,
0 5 6 8 0 3 7 8 2 3
5 0 9 10 5 1 8 10 6 2
6 9 0 3 6 8 5 3 3 8
8 10 3 0 8 9 3 1 5 9
0 5 6 8 0 3 8 8 3 3
3 1 8 9 3 0 7 9 5 0
7 8 5 3 8 7 0 4 5 8
8 10 3 1 8 9 4 0 5 9
2 6 3 5 3 5 5 5 0 5
3 2 8 9 3 0 8 9 5 0
,
0 31 26 51 3 11 19 51 15 9
26 0 42 61 29 9 47 30 26 7
42 24 0 12 25 32 26 19 14 31
52 72 10 0 42 24 17 2 24 55
3 14 40 45 0 19 45 38 17 9
10 9 21 42 15 0 50 46 22 1
32 47 39 16 53 44 0 27 14 38
36 67 14 3 34 23 14 0 35 41
17 36 18 24 11 13 28 16 0 17
14 7 36 50 16 1 30 62 14 0