5
30
,
0 (6.0, 38.0) 80.0
1 (46.0, 24.0) 60.0
2 (49.0, 35.0) 53.0
3 (3.0, 22.0) 75.0
4 (1.0, 1.0) 49.0
5 (27.0, 33.0) 61.0
6 (7.0, 19.0) 53.0
7 (6.0, 6.0) 77.0
8 (22.0, 21.0) 40.0
9 (26.0, 38.0) 56.0
10 (39.0, 3.0) 54.0
11 (20.0, 8.0) 52.0
12 (36.0, 6.0) 54.0
13 (17.0, 38.0) 64.0
14 (34.0, 19.0) 34.0
15 (35.0, 47.0) 64.0
16 (42.0, 21.0) 71.0
17 (20.0, 27.0) 42.0
18 (36.0, 13.0) 32.0
19 (39.0, 20.0) 37.0
20 (38.0, 44.0) 35.0
21 (10.0, 18.0) 56.0
22 (25.0, 44.0) 55.0
23 (45.0, 12.0) 57.0
24 (2.0, 6.0) 31.0
25 (41.0, 26.0) 38.0
26 (10.0, 29.0) 57.0
27 (33.0, 25.0) 53.0
28 (3.0, 14.0) 65.0
29 (6.0, 22.0) 36.0
,
0 19 26 30 11 1 21 10 4 15 23 20 11 18 21 19 29 23 17 19 22 29 10 25 23 3 24 15 21 7 11 0
19 0 21 22 8 19 11 10 16 12 10 24 17 22 6 17 15 20 9 20 19 16 10 10 23 16 18 5 15 12 8 19
26 21 0 6 22 25 11 20 22 12 12 11 15 10 16 6 13 2 13 7 4 11 18 14 6 24 3 18 7 22 20 26
30 22 6 0 24 29 11 22 26 15 12 17 20 16 16 11 9 8 15 13 9 7 21 13 12 28 6 20 9 25 22 30
11 8 22 24 0 11 13 2 8 10 14 20 11 18 11 16 20 20 9 17 18 21 4 16 22 8 19 5 15 4 2 11
1 19 25 29 11 0 21 9 4 14 22 19 10 18 20 19 29 23 16 18 21 28 10 25 23 3 24 15 20 7 11 1
21 11 11 11 13 21 0 12 17 6 3 16 13 14 6 8 8 10 5 11 9 8 11 6 14 18 8 9 5 15 12 21
10 10 20 22 2 9 12 0 7 8 13 18 9 16 11 14 20 18 8 15 16 20 2 15 19 7 17 5 13 3 2 10
4 16 22 26 8 4 17 7 0 11 19 17 7 15 17 15 25 20 13 15 18 25 6 21 20 2 20 12 17 4 8 4
15 12 12 15 10 14 6 8 11 0 9 12 7 10 9 6 15 10 3 8 9 14 6 12 12 12 10 7 6 10 8 15
23 10 12 12 14 22 3 13 19 9 0 19 15 17 4 10 6 12 6 13 11 7 13 3 16 20 10 9 7 17 13 23
20 24 11 17 20 19 16 18 17 12 19 0 10 2 21 8 22 9 15 5 8 21 16 22 5 19 12 19 11 19 19 20
11 17 15 20 11 10 13 9 7 7 15 10 0 8 15 9 21 13 10 8 11 20 7 18 13 9 14 12 11 9 10 11
18 22 10 16 18 18 14 16 15 10 17 2 8 0 19 7 21 8 13 4 7 19 14 20 5 17 10 17 10 17 17 18
21 6 16 16 11 20 6 11 17 9 4 21 15 19 0 13 10 15 6 16 14 11 11 5 19 18 13 6 10 14 10 21
19 17 6 11 16 19 8 14 15 6 10 8 9 7 13 0 14 4 8 3 3 13 12 13 7 17 5 13 3 16 14 19
29 15 13 9 20 29 8 20 25 15 6 22 21 21 10 14 0 13 12 17 14 2 19 5 18 26 11 15 11 23 19 29
23 20 2 8 20 23 10 18 20 10 12 9 13 8 15 4 13 0 11 5 2 12 16 14 5 21 3 16 5 20 18 23
17 9 13 15 9 16 5 8 13 3 6 15 10 13 6 8 12 11 0 11 10 12 7 9 15 14 11 5 7 11 7 17
19 20 7 13 17 18 11 15 15 8 13 5 8 4 16 3 17 5 11 0 4 16 13 16 5 17 7 15 6 17 16 19
22 19 4 9 18 21 9 16 18 9 11 8 11 7 14 3 14 2 10 4 0 12 15 14 5 20 3 15 4 18 17 22
29 16 11 7 21 28 8 20 25 14 7 21 20 19 11 13 2 12 12 16 12 0 19 6 16 26 9 16 10 23 19 29
10 10 18 21 4 10 11 2 6 6 13 16 7 14 11 12 19 16 7 13 15 19 0 15 18 7 16 6 12 4 3 10
25 10 14 13 16 25 6 15 21 12 3 22 18 20 5 13 5 14 9 16 14 6 15 0 19 22 12 11 10 19 15 25
23 23 6 12 22 23 14 19 20 12 16 5 13 5 19 7 18 5 15 5 5 16 18 19 0 22 7 19 9 21 20 23
3 16 24 28 8 3 18 7 2 12 20 19 9 17 18 17 26 21 14 17 20 26 7 22 22 0 22 12 18 4 8 3
24 18 3 6 19 24 8 17 20 10 10 12 14 10 13 5 11 3 11 7 3 9 16 12 7 22 0 16 4 20 18 24
15 5 18 20 5 15 9 5 12 7 9 19 12 17 6 13 15 16 5 15 15 16 6 11 19 12 16 0 12 8 4 15
21 15 7 9 15 20 5 13 17 6 7 11 11 10 10 3 11 5 7 6 4 10 12 10 9 18 4 12 0 16 14 21
7 12 22 25 4 7 15 3 4 10 17 19 9 17 14 16 23 20 11 17 18 23 4 19 21 4 20 8 16 0 4 7
11 8 20 22 2 11 12 2 8 8 13 19 10 17 10 14 19 18 7 16 17 19 3 15 20 8 18 4 14 4 0 11
0 19 26 30 11 1 21 10 4 15 23 20 11 18 21 19 29 23 17 19 22 29 10 25 23 3 24 15 21 7 11 0
,
0 28 47 56 16 2 35 14 9 21 25 26 25 38 27 50 57 38 32 22 33 35 28 51 43 7 49 16 25 8 14 0
41 0 52 52 11 38 32 28 25 29 15 69 31 64 16 38 25 52 9 57 55 35 27 13 27 41 27 5 30 16 15 45
75 26 0 12 26 50 11 58 35 34 35 20 42 22 20 16 16 6 36 12 5 23 53 38 13 70 6 39 8 64 49 46
57 52 12 0 64 54 33 42 37 15 16 37 46 45 33 14 21 12 20 28 21 15 38 21 16 56 17 27 22 70 59 38
28 11 64 58 0 16 22 7 14 25 25 50 24 49 24 45 39 53 10 41 53 33 5 31 24 14 35 9 38 12 4 25
2 27 49 33 23 0 25 17 6 16 66 32 23 41 44 31 65 48 26 44 30 35 28 69 53 7 43 38 31 10 30 2
28 26 25 31 35 33 0 29 26 7 4 24 29 21 14 19 23 12 7 14 12 18 26 13 24 51 16 20 13 26 20 61
17 16 30 64 5 19 31 0 19 14 31 24 15 45 32 36 31 43 14 34 34 57 3 40 35 17 19 14 23 7 4 23
11 45 46 65 23 8 17 17 0 26 42 17 12 25 26 39 31 26 31 30 25 32 13 51 29 4 47 26 37 8 18 8
23 30 18 36 11 33 8 20 26 0 16 21 18 29 11 12 38 10 7 20 20 28 10 21 36 36 25 16 8 23 9 16
56 12 19 16 36 63 4 35 52 17 0 32 42 17 13 24 9 27 11 15 14 17 15 5 35 31 29 19 18 17 16 31
21 48 24 26 48 29 39 26 50 27 34 0 24 3 46 25 31 17 36 6 22 48 34 34 6 48 20 48 21 28 24 27
18 30 31 45 11 13 31 18 17 12 46 10 0 20 39 18 34 22 11 10 32 33 20 36 32 25 39 26 30 11 23 24
49 63 25 41 35 19 42 46 20 18 42 4 24 0 36 20 54 12 18 9 16 52 30 33 12 46 25 31 13 24 35 54
44 6 25 41 29 50 17 28 20 17 8 54 39 31 0 28 26 25 17 27 19 22 30 13 35 37 35 15 22 31 20 50
56 30 9 32 29 47 18 14 30 8 19 9 21 13 19 0 41 7 10 5 3 25 16 25 10 21 6 28 4 18 37 55
58 44 16 23 60 80 22 42 48 30 9 40 51 45 29 16 0 28 31 36 29 5 43 8 47 78 20 35 11 26 45 32
47 53 3 17 36 68 14 49 30 18 16 20 13 10 34 6 20 0 27 14 3 33 43 43 12 24 6 41 8 31 21 52
34 17 29 17 23 39 9 17 33 8 17 43 27 39 8 24 28 13 0 19 28 31 12 17 25 24 27 9 12 20 16 30
26 58 11 36 42 49 15 24 33 10 23 10 18 7 22 5 47 8 20 0 11 33 35 32 9 40 21 29 15 25 36 46
49 19 11 20 29 37 10 42 22 23 18 24 15 9 40 6 29 4 14 6 0 30 18 34 14 33 5 45 6 54 29 54
38 32 16 8 31 45 19 25 42 23 20 59 23 26 28 29 3 34 22 19 14 0 45 13 28 39 26 33 18 57 20 60
24 28 37 53 5 12 12 4 16 15 20 32 17 40 18 17 20 48 12 34 26 56 0 40 36 21 40 14 21 7 4 27
42 22 15 29 36 49 7 22 53 24 4 37 26 36 14 19 8 33 18 49 30 14 16 0 26 64 23 22 18 49 22 33
45 53 17 26 51 50 33 42 59 30 27 8 29 16 23 18 35 13 29 7 9 24 34 31 0 39 8 52 15 62 27 36
3 48 49 43 10 5 38 9 5 13 55 49 20 19 35 21 66 48 26 50 22 65 11 48 29 0 46 32 45 6 19 9
57 26 6 16 45 42 9 41 27 26 12 29 37 19 34 11 15 8 19 12 5 16 17 13 8 29 0 30 11 22 45 43
17 8 37 21 8 23 19 14 31 11 18 23 31 18 13 34 46 22 7 40 20 26 9 18 32 17 21 0 20 14 8 42
55 35 14 18 31 28 15 24 35 7 22 17 27 12 12 5 21 8 13 6 9 13 35 30 25 41 12 26 0 41 28 23
14 16 51 37 8 9 17 9 10 18 42 33 19 34 26 17 58 54 32 48 28 30 7 42 29 6 40 18 45 0 13 17
18 10 51 33 3 11 18 3 12 11 31 37 19 43 11 29 40 38 9 20 47 49 4 37 51 21 42 4 32 12 0 19
0 49 59 43 27 1 27 27 6 43 40 22 17 51 37 37 74 39 41 40 40 45 21 37 25 9 49 40 53 15 23 0