5
30
,
0 (6.0, 38.0) 34.0
1 (46.0, 24.0) 43.0
2 (49.0, 35.0) 45.0
3 (3.0, 22.0) 43.0
4 (1.0, 1.0) 79.0
5 (27.0, 33.0) 78.0
6 (7.0, 19.0) 66.0
7 (6.0, 6.0) 40.0
8 (22.0, 21.0) 60.0
9 (26.0, 38.0) 80.0
10 (39.0, 3.0) 49.0
11 (20.0, 8.0) 47.0
12 (36.0, 6.0) 80.0
13 (17.0, 38.0) 69.0
14 (34.0, 19.0) 30.0
15 (35.0, 47.0) 38.0
16 (42.0, 21.0) 40.0
17 (20.0, 27.0) 36.0
18 (36.0, 13.0) 42.0
19 (39.0, 20.0) 33.0
20 (38.0, 44.0) 69.0
21 (10.0, 18.0) 38.0
22 (25.0, 44.0) 36.0
23 (45.0, 12.0) 41.0
24 (2.0, 6.0) 86.0
25 (41.0, 26.0) 40.0
26 (10.0, 29.0) 85.0
27 (33.0, 25.0) 47.0
28 (3.0, 14.0) 35.0
29 (6.0, 22.0) 69.0
,
0 19 26 30 11 1 21 10 4 15 23 20 11 18 21 19 29 23 17 19 22 29 10 25 23 3 24 15 21 7 11 0
19 0 21 22 8 19 11 10 16 12 10 24 17 22 6 17 15 20 9 20 19 16 10 10 23 16 18 5 15 12 8 19
26 21 0 6 22 25 11 20 22 12 12 11 15 10 16 6 13 2 13 7 4 11 18 14 6 24 3 18 7 22 20 26
30 22 6 0 24 29 11 22 26 15 12 17 20 16 16 11 9 8 15 13 9 7 21 13 12 28 6 20 9 25 22 30
11 8 22 24 0 11 13 2 8 10 14 20 11 18 11 16 20 20 9 17 18 21 4 16 22 8 19 5 15 4 2 11
1 19 25 29 11 0 21 9 4 14 22 19 10 18 20 19 29 23 16 18 21 28 10 25 23 3 24 15 20 7 11 1
21 11 11 11 13 21 0 12 17 6 3 16 13 14 6 8 8 10 5 11 9 8 11 6 14 18 8 9 5 15 12 21
10 10 20 22 2 9 12 0 7 8 13 18 9 16 11 14 20 18 8 15 16 20 2 15 19 7 17 5 13 3 2 10
4 16 22 26 8 4 17 7 0 11 19 17 7 15 17 15 25 20 13 15 18 25 6 21 20 2 20 12 17 4 8 4
15 12 12 15 10 14 6 8 11 0 9 12 7 10 9 6 15 10 3 8 9 14 6 12 12 12 10 7 6 10 8 15
23 10 12 12 14 22 3 13 19 9 0 19 15 17 4 10 6 12 6 13 11 7 13 3 16 20 10 9 7 17 13 23
20 24 11 17 20 19 16 18 17 12 19 0 10 2 21 8 22 9 15 5 8 21 16 22 5 19 12 19 11 19 19 20
11 17 15 20 11 10 13 9 7 7 15 10 0 8 15 9 21 13 10 8 11 20 7 18 13 9 14 12 11 9 10 11
18 22 10 16 18 18 14 16 15 10 17 2 8 0 19 7 21 8 13 4 7 19 14 20 5 17 10 17 10 17 17 18
21 6 16 16 11 20 6 11 17 9 4 21 15 19 0 13 10 15 6 16 14 11 11 5 19 18 13 6 10 14 10 21
19 17 6 11 16 19 8 14 15 6 10 8 9 7 13 0 14 4 8 3 3 13 12 13 7 17 5 13 3 16 14 19
29 15 13 9 20 29 8 20 25 15 6 22 21 21 10 14 0 13 12 17 14 2 19 5 18 26 11 15 11 23 19 29
23 20 2 8 20 23 10 18 20 10 12 9 13 8 15 4 13 0 11 5 2 12 16 14 5 21 3 16 5 20 18 23
17 9 13 15 9 16 5 8 13 3 6 15 10 13 6 8 12 11 0 11 10 12 7 9 15 14 11 5 7 11 7 17
19 20 7 13 17 18 11 15 15 8 13 5 8 4 16 3 17 5 11 0 4 16 13 16 5 17 7 15 6 17 16 19
22 19 4 9 18 21 9 16 18 9 11 8 11 7 14 3 14 2 10 4 0 12 15 14 5 20 3 15 4 18 17 22
29 16 11 7 21 28 8 20 25 14 7 21 20 19 11 13 2 12 12 16 12 0 19 6 16 26 9 16 10 23 19 29
10 10 18 21 4 10 11 2 6 6 13 16 7 14 11 12 19 16 7 13 15 19 0 15 18 7 16 6 12 4 3 10
25 10 14 13 16 25 6 15 21 12 3 22 18 20 5 13 5 14 9 16 14 6 15 0 19 22 12 11 10 19 15 25
23 23 6 12 22 23 14 19 20 12 16 5 13 5 19 7 18 5 15 5 5 16 18 19 0 22 7 19 9 21 20 23
3 16 24 28 8 3 18 7 2 12 20 19 9 17 18 17 26 21 14 17 20 26 7 22 22 0 22 12 18 4 8 3
24 18 3 6 19 24 8 17 20 10 10 12 14 10 13 5 11 3 11 7 3 9 16 12 7 22 0 16 4 20 18 24
15 5 18 20 5 15 9 5 12 7 9 19 12 17 6 13 15 16 5 15 15 16 6 11 19 12 16 0 12 8 4 15
21 15 7 9 15 20 5 13 17 6 7 11 11 10 10 3 11 5 7 6 4 10 12 10 9 18 4 12 0 16 14 21
7 12 22 25 4 7 15 3 4 10 17 19 9 17 14 16 23 20 11 17 18 23 4 19 21 4 20 8 16 0 4 7
11 8 20 22 2 11 12 2 8 8 13 19 10 17 10 14 19 18 7 16 17 19 3 15 20 8 18 4 14 4 0 11
0 19 26 30 11 1 21 10 4 15 23 20 11 18 21 19 29 23 17 19 22 29 10 25 23 3 24 15 21 7 11 0
,
0 33 67 73 19 2 25 14 7 35 68 55 17 18 36 20 82 53 43 42 53 36 11 55 64 7 36 34 54 13 14 0
54 0 58 54 15 52 13 14 35 13 17 67 39 28 16 50 36 53 10 30 28 40 29 10 61 30 42 13 41 27 18 31
29 32 0 12 22 36 16 51 61 28 15 23 44 21 36 9 33 5 20 18 12 29 22 38 17 67 5 45 19 34 33 60
31 60 16 0 50 32 19 41 71 42 17 38 38 46 45 26 14 17 20 21 14 11 58 24 34 51 7 24 19 30 62 44
14 22 42 58 0 25 26 7 14 27 22 58 27 34 14 28 23 23 13 37 49 43 10 30 26 17 40 10 21 7 2 31
2 47 44 29 29 0 52 24 6 29 37 22 22 51 59 31 44 36 19 26 38 69 14 49 42 7 65 35 27 19 11 1
55 23 30 15 33 25 0 30 40 8 5 25 20 30 10 13 16 15 8 16 26 16 16 13 17 40 10 24 12 17 17 41
26 22 24 38 6 14 29 0 18 9 26 40 9 35 26 29 39 39 16 35 41 28 3 35 27 19 34 14 37 5 3 29
8 24 39 59 14 7 22 16 0 18 45 40 20 18 25 42 39 50 22 34 31 64 18 35 21 3 52 25 38 5 21 5
44 14 23 31 24 33 12 19 22 0 9 22 18 30 12 8 18 27 5 18 22 42 16 19 17 21 16 14 17 19 16 39
60 25 31 33 15 37 5 22 40 23 0 46 19 44 12 12 7 14 11 21 29 16 33 4 38 24 23 23 12 21 28 42
28 29 30 32 37 26 45 35 28 19 44 0 24 5 51 14 44 13 36 13 19 57 39 23 15 33 27 51 15 33 30 24
18 48 45 25 26 27 14 25 20 16 17 13 0 13 40 17 48 14 11 21 15 25 17 51 20 12 38 30 21 16 21 26
27 48 27 45 21 41 15 23 41 24 47 5 14 0 45 7 50 10 35 6 19 55 33 30 9 21 27 41 24 44 27 42
56 6 46 21 31 38 16 17 50 26 5 23 40 40 0 25 16 38 9 29 42 32 26 14 51 29 31 15 16 41 17 39
55 41 19 16 36 38 10 36 25 14 17 17 24 17 29 0 38 6 10 4 6 28 24 25 10 34 11 39 4 25 34 26
70 31 23 23 34 82 23 26 67 22 17 35 29 34 16 30 0 40 15 34 28 6 20 10 26 61 31 40 27 40 56 40
42 24 5 21 37 33 10 53 23 20 25 12 22 12 22 5 22 0 30 11 3 30 44 34 12 32 7 46 8 57 45 24
23 17 22 39 15 38 5 22 30 7 10 37 25 35 10 15 24 12 0 11 13 35 12 20 31 26 26 6 14 18 22 41
32 41 22 19 30 27 19 27 21 18 23 10 21 8 34 9 37 13 29 0 5 38 39 27 13 47 10 20 17 43 25 26
57 24 9 15 31 33 24 35 35 25 21 24 24 13 16 5 18 2 16 8 0 14 39 35 8 31 7 15 10 19 35 42
45 40 31 7 43 37 17 25 36 32 18 50 47 36 30 22 3 23 25 27 18 0 45 16 23 43 9 17 26 62 49 30
23 30 23 59 7 12 16 4 9 14 15 35 16 39 30 21 52 35 20 18 35 30 0 26 22 8 28 11 24 6 8 25
58 20 41 17 17 51 8 39 32 29 4 30 21 41 10 18 6 21 26 19 33 13 17 0 36 24 12 24 15 30 28 44
24 53 13 26 36 30 20 58 36 17 48 11 23 12 33 7 24 14 32 5 14 29 47 21 0 27 14 57 12 40 38 45
6 33 44 66 23 4 51 15 4 25 31 43 15 22 41 33 47 35 15 51 41 56 11 35 26 0 38 36 35 5 9 3
64 44 5 11 48 37 15 24 32 18 12 29 21 14 28 14 28 5 18 17 4 17 23 26 21 43 0 20 7 59 40 39
42 5 33 54 13 29 21 6 34 17 23 47 23 35 11 20 20 21 5 39 26 44 6 16 56 13 46 0 21 19 6 23
51 40 18 12 30 47 7 34 31 11 12 12 20 11 26 5 22 12 19 17 12 24 27 23 19 53 7 29 0 38 34 46
14 15 49 32 8 11 37 9 5 20 44 48 18 21 32 25 43 26 20 40 50 28 5 34 42 5 57 11 40 0 12 15
26 11 24 56 3 18 21 3 14 18 19 47 18 22 27 32 33 38 14 25 19 50 8 19 31 13 50 6 36 12 0 29
0 20 62 35 24 2 61 25 11 30 51 30 29 22 50 49 65 30 21 28 39 43 19 75 55 5 66 19 22 8 29 0