5
30
,
0 (6.0, 38.0) 75.0
1 (46.0, 24.0) 80.0
2 (49.0, 35.0) 48.0
3 (3.0, 22.0) 38.0
4 (1.0, 1.0) 80.0
5 (27.0, 33.0) 68.0
6 (7.0, 19.0) 56.0
7 (6.0, 6.0) 36.0
8 (22.0, 21.0) 54.0
9 (26.0, 38.0) 41.0
10 (39.0, 3.0) 45.0
11 (20.0, 8.0) 58.0
12 (36.0, 6.0) 34.0
13 (17.0, 38.0) 47.0
14 (34.0, 19.0) 55.0
15 (35.0, 47.0) 65.0
16 (42.0, 21.0) 45.0
17 (20.0, 27.0) 38.0
18 (36.0, 13.0) 39.0
19 (39.0, 20.0) 41.0
20 (38.0, 44.0) 37.0
21 (10.0, 18.0) 43.0
22 (25.0, 44.0) 44.0
23 (45.0, 12.0) 74.0
24 (2.0, 6.0) 76.0
25 (41.0, 26.0) 52.0
26 (10.0, 29.0) 32.0
27 (33.0, 25.0) 40.0
28 (3.0, 14.0) 60.0
29 (6.0, 22.0) 84.0
,
0 19 26 30 11 1 21 10 4 15 23 20 11 18 21 19 29 23 17 19 22 29 10 25 23 3 24 15 21 7 11 0
19 0 21 22 8 19 11 10 16 12 10 24 17 22 6 17 15 20 9 20 19 16 10 10 23 16 18 5 15 12 8 19
26 21 0 6 22 25 11 20 22 12 12 11 15 10 16 6 13 2 13 7 4 11 18 14 6 24 3 18 7 22 20 26
30 22 6 0 24 29 11 22 26 15 12 17 20 16 16 11 9 8 15 13 9 7 21 13 12 28 6 20 9 25 22 30
11 8 22 24 0 11 13 2 8 10 14 20 11 18 11 16 20 20 9 17 18 21 4 16 22 8 19 5 15 4 2 11
1 19 25 29 11 0 21 9 4 14 22 19 10 18 20 19 29 23 16 18 21 28 10 25 23 3 24 15 20 7 11 1
21 11 11 11 13 21 0 12 17 6 3 16 13 14 6 8 8 10 5 11 9 8 11 6 14 18 8 9 5 15 12 21
10 10 20 22 2 9 12 0 7 8 13 18 9 16 11 14 20 18 8 15 16 20 2 15 19 7 17 5 13 3 2 10
4 16 22 26 8 4 17 7 0 11 19 17 7 15 17 15 25 20 13 15 18 25 6 21 20 2 20 12 17 4 8 4
15 12 12 15 10 14 6 8 11 0 9 12 7 10 9 6 15 10 3 8 9 14 6 12 12 12 10 7 6 10 8 15
23 10 12 12 14 22 3 13 19 9 0 19 15 17 4 10 6 12 6 13 11 7 13 3 16 20 10 9 7 17 13 23
20 24 11 17 20 19 16 18 17 12 19 0 10 2 21 8 22 9 15 5 8 21 16 22 5 19 12 19 11 19 19 20
11 17 15 20 11 10 13 9 7 7 15 10 0 8 15 9 21 13 10 8 11 20 7 18 13 9 14 12 11 9 10 11
18 22 10 16 18 18 14 16 15 10 17 2 8 0 19 7 21 8 13 4 7 19 14 20 5 17 10 17 10 17 17 18
21 6 16 16 11 20 6 11 17 9 4 21 15 19 0 13 10 15 6 16 14 11 11 5 19 18 13 6 10 14 10 21
19 17 6 11 16 19 8 14 15 6 10 8 9 7 13 0 14 4 8 3 3 13 12 13 7 17 5 13 3 16 14 19
29 15 13 9 20 29 8 20 25 15 6 22 21 21 10 14 0 13 12 17 14 2 19 5 18 26 11 15 11 23 19 29
23 20 2 8 20 23 10 18 20 10 12 9 13 8 15 4 13 0 11 5 2 12 16 14 5 21 3 16 5 20 18 23
17 9 13 15 9 16 5 8 13 3 6 15 10 13 6 8 12 11 0 11 10 12 7 9 15 14 11 5 7 11 7 17
19 20 7 13 17 18 11 15 15 8 13 5 8 4 16 3 17 5 11 0 4 16 13 16 5 17 7 15 6 17 16 19
22 19 4 9 18 21 9 16 18 9 11 8 11 7 14 3 14 2 10 4 0 12 15 14 5 20 3 15 4 18 17 22
29 16 11 7 21 28 8 20 25 14 7 21 20 19 11 13 2 12 12 16 12 0 19 6 16 26 9 16 10 23 19 29
10 10 18 21 4 10 11 2 6 6 13 16 7 14 11 12 19 16 7 13 15 19 0 15 18 7 16 6 12 4 3 10
25 10 14 13 16 25 6 15 21 12 3 22 18 20 5 13 5 14 9 16 14 6 15 0 19 22 12 11 10 19 15 25
23 23 6 12 22 23 14 19 20 12 16 5 13 5 19 7 18 5 15 5 5 16 18 19 0 22 7 19 9 21 20 23
3 16 24 28 8 3 18 7 2 12 20 19 9 17 18 17 26 21 14 17 20 26 7 22 22 0 22 12 18 4 8 3
24 18 3 6 19 24 8 17 20 10 10 12 14 10 13 5 11 3 11 7 3 9 16 12 7 22 0 16 4 20 18 24
15 5 18 20 5 15 9 5 12 7 9 19 12 17 6 13 15 16 5 15 15 16 6 11 19 12 16 0 12 8 4 15
21 15 7 9 15 20 5 13 17 6 7 11 11 10 10 3 11 5 7 6 4 10 12 10 9 18 4 12 0 16 14 21
7 12 22 25 4 7 15 3 4 10 17 19 9 17 14 16 23 20 11 17 18 23 4 19 21 4 20 8 16 0 4 7
11 8 20 22 2 11 12 2 8 8 13 19 10 17 10 14 19 18 7 16 17 19 3 15 20 8 18 4 14 4 0 11
0 19 26 30 11 1 21 10 4 15 23 20 11 18 21 19 29 23 17 19 22 29 10 25 23 3 24 15 21 7 11 0
,
0 51 57 68 11 2 45 19 7 33 24 33 22 25 43 23 88 40 28 39 48 81 18 70 38 7 33 30 50 17 12 0
26 0 29 59 22 47 27 16 20 26 28 55 33 58 12 50 26 50 25 53 51 43 25 21 59 31 34 13 23 29 9 32
45 41 0 9 54 43 19 57 53 34 23 16 25 30 48 17 22 7 16 12 5 28 34 43 13 40 4 52 12 61 24 77
84 44 7 0 34 39 30 63 64 17 20 34 47 34 26 12 18 10 35 31 21 19 63 18 19 70 8 50 21 27 50 82
27 18 43 66 0 23 31 6 17 11 17 43 30 25 17 39 54 34 18 27 52 51 10 35 52 13 38 5 27 12 3 29
1 42 47 39 26 0 22 16 5 40 54 31 15 30 22 22 45 47 21 21 58 47 10 46 32 5 49 44 40 8 20 1
51 26 16 27 34 31 0 16 24 17 4 24 25 37 10 19 17 10 6 12 18 9 23 8 41 21 9 26 15 32 21 56
28 28 38 26 6 13 16 0 10 14 39 25 25 25 28 18 59 46 12 40 44 35 4 30 47 10 52 15 38 4 3 11
5 26 55 30 14 8 43 7 0 12 31 48 20 35 21 16 40 56 14 26 48 26 16 32 32 4 33 19 43 7 19 8
30 35 17 30 26 38 17 18 20 0 15 18 14 19 10 17 40 13 7 9 16 22 16 15 21 33 19 16 9 30 20 31
27 14 29 18 38 58 4 40 42 22 0 20 30 42 13 12 18 12 13 26 21 15 17 4 38 30 23 26 13 23 22 42
37 61 19 49 34 56 31 21 48 12 30 0 12 2 21 10 60 14 40 15 12 22 22 31 11 21 23 38 14 45 51 46
27 34 15 37 30 27 18 17 15 18 40 21 0 18 43 16 30 32 23 23 19 35 15 42 14 19 18 17 20 15 28 18
52 62 22 43 39 51 30 39 27 23 41 4 23 0 26 16 45 17 33 6 8 54 16 51 11 23 19 42 16 18 35 34
38 10 37 33 20 50 15 31 48 23 10 30 21 43 0 26 23 17 14 19 28 22 16 14 19 19 17 14 17 19 15 51
41 51 12 12 16 50 22 35 28 13 26 16 12 7 21 0 33 12 16 5 5 35 12 34 13 47 10 19 5 43 22 21
38 21 24 17 60 77 17 25 54 33 16 33 25 51 23 35 0 25 29 30 39 6 40 10 21 54 32 46 31 69 21 63
48 44 6 13 20 57 23 52 37 30 30 9 20 10 40 11 21 0 21 7 2 27 45 36 10 48 3 44 13 26 49 54
20 12 33 26 15 45 12 13 21 6 18 20 26 27 16 15 32 34 0 29 21 26 16 18 32 33 16 10 13 15 22 27
31 40 11 34 29 47 16 42 24 9 40 9 9 10 44 9 23 11 21 0 6 38 39 38 6 28 9 43 18 21 35 20
38 32 4 19 43 31 19 35 30 17 31 9 22 9 33 6 19 3 27 6 0 26 19 37 15 24 3 26 11 47 26 61
78 37 12 11 56 82 13 35 32 15 19 45 47 33 19 33 4 16 17 32 25 0 35 7 23 49 20 42 13 27 30 81
16 22 19 52 5 14 14 4 15 11 15 20 19 41 15 26 45 45 12 26 15 40 0 26 26 19 22 9 16 8 8 24
65 17 38 18 36 62 6 22 39 30 9 51 48 27 9 14 15 25 9 41 40 15 19 0 22 23 16 22 28 20 41 47
28 46 8 19 23 36 29 32 45 16 23 7 15 6 21 11 52 12 37 12 7 25 27 40 0 41 17 36 11 22 30 43
6 47 38 47 11 5 24 17 4 34 53 43 26 37 28 45 66 57 40 40 43 39 18 55 46 0 54 36 29 6 9 4
54 47 5 18 23 54 14 27 38 25 20 13 31 14 24 7 17 5 12 17 6 24 39 20 18 27 0 28 8 40 51 37
16 12 48 52 9 41 20 13 19 7 19 45 28 29 12 29 40 38 6 30 43 16 11 20 38 13 33 0 25 10 10 18
41 16 12 13 42 24 11 14 30 9 14 24 11 20 13 5 31 14 7 12 7 11 21 14 14 29 6 13 0 37 27 61
8 34 37 48 11 17 20 5 10 17 49 39 10 18 19 45 37 52 18 28 53 60 8 23 56 7 59 10 47 0 12 18
17 19 46 31 3 30 18 4 16 12 19 24 17 35 17 21 57 53 11 31 37 32 5 37 52 13 22 5 25 5 0 24
0 30 70 56 21 2 22 21 10 32 32 48 22 38 36 34 39 65 33 48 36 84 25 38 68 7 68 41 35 12 25 0