5
30
,
0 (6.0, 38.0) 32.0
1 (46.0, 24.0) 54.0
2 (49.0, 35.0) 47.0
3 (3.0, 22.0) 39.0
4 (1.0, 1.0) 34.0
5 (27.0, 33.0) 34.0
6 (7.0, 19.0) 67.0
7 (6.0, 6.0) 41.0
8 (22.0, 21.0) 82.0
9 (26.0, 38.0) 86.0
10 (39.0, 3.0) 53.0
11 (20.0, 8.0) 30.0
12 (36.0, 6.0) 39.0
13 (17.0, 38.0) 52.0
14 (34.0, 19.0) 83.0
15 (35.0, 47.0) 87.0
16 (42.0, 21.0) 53.0
17 (20.0, 27.0) 44.0
18 (36.0, 13.0) 32.0
19 (39.0, 20.0) 36.0
20 (38.0, 44.0) 42.0
21 (10.0, 18.0) 43.0
22 (25.0, 44.0) 82.0
23 (45.0, 12.0) 31.0
24 (2.0, 6.0) 37.0
25 (41.0, 26.0) 34.0
26 (10.0, 29.0) 30.0
27 (33.0, 25.0) 33.0
28 (3.0, 14.0) 76.0
29 (6.0, 22.0) 62.0
,
0 19 26 30 11 1 21 10 4 15 23 20 11 18 21 19 29 23 17 19 22 29 10 25 23 3 24 15 21 7 11 0
19 0 21 22 8 19 11 10 16 12 10 24 17 22 6 17 15 20 9 20 19 16 10 10 23 16 18 5 15 12 8 19
26 21 0 6 22 25 11 20 22 12 12 11 15 10 16 6 13 2 13 7 4 11 18 14 6 24 3 18 7 22 20 26
30 22 6 0 24 29 11 22 26 15 12 17 20 16 16 11 9 8 15 13 9 7 21 13 12 28 6 20 9 25 22 30
11 8 22 24 0 11 13 2 8 10 14 20 11 18 11 16 20 20 9 17 18 21 4 16 22 8 19 5 15 4 2 11
1 19 25 29 11 0 21 9 4 14 22 19 10 18 20 19 29 23 16 18 21 28 10 25 23 3 24 15 20 7 11 1
21 11 11 11 13 21 0 12 17 6 3 16 13 14 6 8 8 10 5 11 9 8 11 6 14 18 8 9 5 15 12 21
10 10 20 22 2 9 12 0 7 8 13 18 9 16 11 14 20 18 8 15 16 20 2 15 19 7 17 5 13 3 2 10
4 16 22 26 8 4 17 7 0 11 19 17 7 15 17 15 25 20 13 15 18 25 6 21 20 2 20 12 17 4 8 4
15 12 12 15 10 14 6 8 11 0 9 12 7 10 9 6 15 10 3 8 9 14 6 12 12 12 10 7 6 10 8 15
23 10 12 12 14 22 3 13 19 9 0 19 15 17 4 10 6 12 6 13 11 7 13 3 16 20 10 9 7 17 13 23
20 24 11 17 20 19 16 18 17 12 19 0 10 2 21 8 22 9 15 5 8 21 16 22 5 19 12 19 11 19 19 20
11 17 15 20 11 10 13 9 7 7 15 10 0 8 15 9 21 13 10 8 11 20 7 18 13 9 14 12 11 9 10 11
18 22 10 16 18 18 14 16 15 10 17 2 8 0 19 7 21 8 13 4 7 19 14 20 5 17 10 17 10 17 17 18
21 6 16 16 11 20 6 11 17 9 4 21 15 19 0 13 10 15 6 16 14 11 11 5 19 18 13 6 10 14 10 21
19 17 6 11 16 19 8 14 15 6 10 8 9 7 13 0 14 4 8 3 3 13 12 13 7 17 5 13 3 16 14 19
29 15 13 9 20 29 8 20 25 15 6 22 21 21 10 14 0 13 12 17 14 2 19 5 18 26 11 15 11 23 19 29
23 20 2 8 20 23 10 18 20 10 12 9 13 8 15 4 13 0 11 5 2 12 16 14 5 21 3 16 5 20 18 23
17 9 13 15 9 16 5 8 13 3 6 15 10 13 6 8 12 11 0 11 10 12 7 9 15 14 11 5 7 11 7 17
19 20 7 13 17 18 11 15 15 8 13 5 8 4 16 3 17 5 11 0 4 16 13 16 5 17 7 15 6 17 16 19
22 19 4 9 18 21 9 16 18 9 11 8 11 7 14 3 14 2 10 4 0 12 15 14 5 20 3 15 4 18 17 22
29 16 11 7 21 28 8 20 25 14 7 21 20 19 11 13 2 12 12 16 12 0 19 6 16 26 9 16 10 23 19 29
10 10 18 21 4 10 11 2 6 6 13 16 7 14 11 12 19 16 7 13 15 19 0 15 18 7 16 6 12 4 3 10
25 10 14 13 16 25 6 15 21 12 3 22 18 20 5 13 5 14 9 16 14 6 15 0 19 22 12 11 10 19 15 25
23 23 6 12 22 23 14 19 20 12 16 5 13 5 19 7 18 5 15 5 5 16 18 19 0 22 7 19 9 21 20 23
3 16 24 28 8 3 18 7 2 12 20 19 9 17 18 17 26 21 14 17 20 26 7 22 22 0 22 12 18 4 8 3
24 18 3 6 19 24 8 17 20 10 10 12 14 10 13 5 11 3 11 7 3 9 16 12 7 22 0 16 4 20 18 24
15 5 18 20 5 15 9 5 12 7 9 19 12 17 6 13 15 16 5 15 15 16 6 11 19 12 16 0 12 8 4 15
21 15 7 9 15 20 5 13 17 6 7 11 11 10 10 3 11 5 7 6 4 10 12 10 9 18 4 12 0 16 14 21
7 12 22 25 4 7 15 3 4 10 17 19 9 17 14 16 23 20 11 17 18 23 4 19 21 4 20 8 16 0 4 7
11 8 20 22 2 11 12 2 8 8 13 19 10 17 10 14 19 18 7 16 17 19 3 15 20 8 18 4 14 4 0 11
0 19 26 30 11 1 21 10 4 15 23 20 11 18 21 19 29 23 17 19 22 29 10 25 23 3 24 15 21 7 11 0
,
0 54 47 59 22 2 52 20 6 30 44 32 17 27 57 39 57 55 23 40 65 51 27 64 47 4 26 33 47 16 31 0
32 0 46 28 10 32 18 12 28 33 11 40 28 61 10 26 16 54 18 56 27 22 25 13 56 33 23 13 21 16 16 30
55 50 0 15 51 70 18 39 26 34 23 18 35 24 36 17 27 6 18 16 7 21 40 38 10 38 4 46 9 40 24 29
73 63 10 0 46 49 20 39 26 43 25 49 50 29 42 22 12 14 29 19 19 18 56 24 12 31 16 21 28 69 23 53
22 12 56 32 0 16 22 7 21 20 31 47 32 23 21 28 58 27 19 49 34 33 6 31 38 22 41 6 22 10 4 24
1 19 62 83 15 0 52 20 10 17 32 51 24 40 49 28 51 48 23 26 60 54 14 63 54 6 43 25 54 11 11 1
52 31 20 21 15 61 0 17 21 13 7 27 33 19 12 10 11 26 11 14 16 23 32 13 30 49 17 20 12 30 36 25
15 26 26 47 3 14 18 0 8 9 20 35 16 40 27 39 33 30 11 34 42 58 3 35 25 10 29 6 32 9 2 13
11 17 58 31 23 8 49 12 0 19 28 22 19 34 25 46 43 43 25 17 23 68 8 42 32 5 48 13 43 9 12 5
25 13 27 32 26 23 18 19 17 0 19 26 7 23 11 8 38 15 9 23 15 32 9 23 26 13 21 16 15 22 18 21
27 25 34 26 33 25 7 31 45 15 0 47 15 18 7 27 14 28 11 37 26 17 26 7 48 52 21 25 12 20 13 40
38 57 28 27 46 31 45 41 25 35 55 0 27 5 49 25 37 18 25 11 10 52 44 62 10 51 32 28 17 45 43 39
24 43 45 47 25 19 36 13 17 11 29 15 0 23 27 15 39 23 10 12 16 29 18 39 26 17 19 34 17 14 17 22
34 30 26 20 21 23 23 19 22 26 34 5 14 0 47 9 29 14 15 5 21 32 31 28 15 47 12 36 15 20 51 54
49 13 34 20 16 52 12 18 37 22 13 37 41 21 0 14 17 34 12 37 29 28 14 13 42 22 28 8 13 17 21 58
20 50 10 30 25 50 18 26 18 8 25 21 13 7 38 0 36 5 12 9 3 14 27 37 16 33 13 30 3 42 20 45
33 26 32 23 46 76 10 49 67 28 13 27 63 35 21 18 0 19 17 31 36 4 31 12 27 68 31 18 11 24 27 32
68 35 5 10 41 47 28 37 29 20 16 20 28 10 41 6 15 0 25 15 2 20 31 30 13 28 5 18 12 38 40 52
17 13 29 20 20 32 7 19 35 6 13 30 27 19 7 24 16 23 0 23 26 29 9 18 40 33 14 13 7 31 21 32
46 37 21 28 40 26 11 20 28 17 23 8 24 4 40 7 45 14 28 0 10 36 33 41 7 23 19 44 18 36 24 28
54 56 6 19 18 51 17 20 47 24 26 14 27 13 35 7 29 3 22 9 0 12 31 25 11 57 6 22 7 20 24 38
53 39 28 15 33 32 20 41 51 32 10 41 23 43 11 14 6 21 20 31 18 0 42 13 30 51 16 43 27 53 49 44
19 22 31 43 4 14 28 3 19 11 29 35 12 27 17 13 28 46 12 29 18 20 0 31 44 7 22 14 29 9 5 28
47 30 26 30 39 71 15 23 30 25 7 30 36 36 7 39 13 17 21 32 38 19 25 0 41 66 28 17 28 55 37 32
40 24 7 16 60 62 22 24 57 24 36 15 34 10 20 12 37 10 37 11 12 18 35 35 0 43 15 33 22 44 54 35
8 28 42 63 15 6 42 14 6 19 51 21 15 40 47 25 70 57 29 30 22 62 16 45 54 0 58 25 41 5 15 9
52 33 7 13 40 51 14 50 57 28 18 13 33 29 19 6 20 7 29 7 5 14 20 19 21 45 0 27 10 44 41 71
27 14 48 36 5 37 25 7 27 21 19 22 24 49 9 36 30 39 8 30 40 44 11 25 37 16 19 0 26 24 8 37
50 39 12 12 17 51 12 29 36 10 21 16 16 13 17 5 22 10 17 11 9 14 31 26 26 21 12 34 0 36 34 42
15 23 29 30 9 17 23 6 10 26 25 54 12 25 33 20 25 34 16 18 41 36 4 33 25 5 55 16 34 0 8 10
22 13 21 25 3 16 18 3 17 11 30 26 15 40 16 27 35 50 21 41 42 21 5 27 47 17 45 5 23 5 0 25
0 38 58 65 24 2 32 22 8 40 36 28 13 50 31 41 80 28 36 21 51 43 17 42 49 7 32 36 54 17 19 0