5
30
,
0 (6.0, 38.0) 45.0
1 (46.0, 24.0) 83.0
2 (49.0, 35.0) 65.0
3 (3.0, 22.0) 30.0
4 (1.0, 1.0) 66.0
5 (27.0, 33.0) 52.0
6 (7.0, 19.0) 72.0
7 (6.0, 6.0) 45.0
8 (22.0, 21.0) 44.0
9 (26.0, 38.0) 85.0
10 (39.0, 3.0) 72.0
11 (20.0, 8.0) 35.0
12 (36.0, 6.0) 76.0
13 (17.0, 38.0) 42.0
14 (34.0, 19.0) 73.0
15 (35.0, 47.0) 76.0
16 (42.0, 21.0) 63.0
17 (20.0, 27.0) 74.0
18 (36.0, 13.0) 85.0
19 (39.0, 20.0) 81.0
20 (38.0, 44.0) 81.0
21 (10.0, 18.0) 60.0
22 (25.0, 44.0) 43.0
23 (45.0, 12.0) 59.0
24 (2.0, 6.0) 39.0
25 (41.0, 26.0) 35.0
26 (10.0, 29.0) 88.0
27 (33.0, 25.0) 62.0
28 (3.0, 14.0) 76.0
29 (6.0, 22.0) 71.0
,
0 19 26 30 11 1 21 10 4 15 23 20 11 18 21 19 29 23 17 19 22 29 10 25 23 3 24 15 21 7 11 0
19 0 21 22 8 19 11 10 16 12 10 24 17 22 6 17 15 20 9 20 19 16 10 10 23 16 18 5 15 12 8 19
26 21 0 6 22 25 11 20 22 12 12 11 15 10 16 6 13 2 13 7 4 11 18 14 6 24 3 18 7 22 20 26
30 22 6 0 24 29 11 22 26 15 12 17 20 16 16 11 9 8 15 13 9 7 21 13 12 28 6 20 9 25 22 30
11 8 22 24 0 11 13 2 8 10 14 20 11 18 11 16 20 20 9 17 18 21 4 16 22 8 19 5 15 4 2 11
1 19 25 29 11 0 21 9 4 14 22 19 10 18 20 19 29 23 16 18 21 28 10 25 23 3 24 15 20 7 11 1
21 11 11 11 13 21 0 12 17 6 3 16 13 14 6 8 8 10 5 11 9 8 11 6 14 18 8 9 5 15 12 21
10 10 20 22 2 9 12 0 7 8 13 18 9 16 11 14 20 18 8 15 16 20 2 15 19 7 17 5 13 3 2 10
4 16 22 26 8 4 17 7 0 11 19 17 7 15 17 15 25 20 13 15 18 25 6 21 20 2 20 12 17 4 8 4
15 12 12 15 10 14 6 8 11 0 9 12 7 10 9 6 15 10 3 8 9 14 6 12 12 12 10 7 6 10 8 15
23 10 12 12 14 22 3 13 19 9 0 19 15 17 4 10 6 12 6 13 11 7 13 3 16 20 10 9 7 17 13 23
20 24 11 17 20 19 16 18 17 12 19 0 10 2 21 8 22 9 15 5 8 21 16 22 5 19 12 19 11 19 19 20
11 17 15 20 11 10 13 9 7 7 15 10 0 8 15 9 21 13 10 8 11 20 7 18 13 9 14 12 11 9 10 11
18 22 10 16 18 18 14 16 15 10 17 2 8 0 19 7 21 8 13 4 7 19 14 20 5 17 10 17 10 17 17 18
21 6 16 16 11 20 6 11 17 9 4 21 15 19 0 13 10 15 6 16 14 11 11 5 19 18 13 6 10 14 10 21
19 17 6 11 16 19 8 14 15 6 10 8 9 7 13 0 14 4 8 3 3 13 12 13 7 17 5 13 3 16 14 19
29 15 13 9 20 29 8 20 25 15 6 22 21 21 10 14 0 13 12 17 14 2 19 5 18 26 11 15 11 23 19 29
23 20 2 8 20 23 10 18 20 10 12 9 13 8 15 4 13 0 11 5 2 12 16 14 5 21 3 16 5 20 18 23
17 9 13 15 9 16 5 8 13 3 6 15 10 13 6 8 12 11 0 11 10 12 7 9 15 14 11 5 7 11 7 17
19 20 7 13 17 18 11 15 15 8 13 5 8 4 16 3 17 5 11 0 4 16 13 16 5 17 7 15 6 17 16 19
22 19 4 9 18 21 9 16 18 9 11 8 11 7 14 3 14 2 10 4 0 12 15 14 5 20 3 15 4 18 17 22
29 16 11 7 21 28 8 20 25 14 7 21 20 19 11 13 2 12 12 16 12 0 19 6 16 26 9 16 10 23 19 29
10 10 18 21 4 10 11 2 6 6 13 16 7 14 11 12 19 16 7 13 15 19 0 15 18 7 16 6 12 4 3 10
25 10 14 13 16 25 6 15 21 12 3 22 18 20 5 13 5 14 9 16 14 6 15 0 19 22 12 11 10 19 15 25
23 23 6 12 22 23 14 19 20 12 16 5 13 5 19 7 18 5 15 5 5 16 18 19 0 22 7 19 9 21 20 23
3 16 24 28 8 3 18 7 2 12 20 19 9 17 18 17 26 21 14 17 20 26 7 22 22 0 22 12 18 4 8 3
24 18 3 6 19 24 8 17 20 10 10 12 14 10 13 5 11 3 11 7 3 9 16 12 7 22 0 16 4 20 18 24
15 5 18 20 5 15 9 5 12 7 9 19 12 17 6 13 15 16 5 15 15 16 6 11 19 12 16 0 12 8 4 15
21 15 7 9 15 20 5 13 17 6 7 11 11 10 10 3 11 5 7 6 4 10 12 10 9 18 4 12 0 16 14 21
7 12 22 25 4 7 15 3 4 10 17 19 9 17 14 16 23 20 11 17 18 23 4 19 21 4 20 8 16 0 4 7
11 8 20 22 2 11 12 2 8 8 13 19 10 17 10 14 19 18 7 16 17 19 3 15 20 8 18 4 14 4 0 11
0 19 26 30 11 1 21 10 4 15 23 20 11 18 21 19 29 23 17 19 22 29 10 25 23 3 24 15 21 7 11 0
,
0 33 45 46 33 2 46 14 6 25 57 39 27 53 58 53 85 43 17 51 30 36 29 37 29 9 39 46 40 9 23 0
55 0 37 37 17 49 23 17 31 24 24 65 37 44 10 17 36 36 20 29 47 18 24 23 56 33 38 13 31 13 18 54
37 29 0 9 34 70 13 34 59 19 17 11 21 15 48 11 17 5 19 22 7 19 19 28 12 44 7 19 18 45 32 36
79 52 17 0 34 42 33 67 41 44 20 18 24 43 29 29 21 19 35 37 10 9 27 19 28 58 14 50 12 61 61 69
14 16 53 51 0 27 18 4 12 27 30 51 22 50 28 44 41 50 19 42 35 33 4 38 55 21 21 10 45 5 3 29
2 52 60 61 11 0 37 12 5 27 67 48 28 42 21 23 59 26 25 39 61 41 13 55 58 7 62 39 55 15 26 1
44 18 28 29 22 59 0 28 46 9 5 28 37 27 16 10 18 11 8 27 21 14 33 12 36 22 13 24 12 42 27 22
28 13 33 30 7 18 33 0 15 9 32 41 23 44 16 27 27 35 11 25 23 44 2 19 33 14 21 14 28 6 2 21
12 27 51 54 13 9 22 8 0 32 50 24 16 38 17 23 49 26 23 33 40 55 15 59 51 5 46 34 49 5 12 9
21 21 36 45 23 42 8 13 14 0 25 19 14 18 9 11 15 29 4 12 22 32 17 15 31 36 21 18 10 17 18 25
49 16 34 20 31 38 7 32 44 15 0 22 20 50 6 14 11 35 12 16 31 15 28 3 43 40 24 20 13 21 21 52
57 72 15 29 51 56 29 24 19 28 28 0 20 5 51 14 61 24 24 13 24 22 24 37 8 39 29 40 33 43 47 48
21 48 21 55 22 12 14 10 14 8 25 23 0 21 15 26 53 13 13 14 21 39 8 30 30 25 40 35 22 12 25 27
32 35 23 21 33 50 42 36 25 20 23 5 13 0 54 19 55 11 37 6 18 26 33 37 14 27 20 24 14 36 50 29
55 10 30 44 13 48 8 14 46 24 6 56 23 53 0 26 25 24 10 38 23 12 13 14 36 44 33 14 23 39 22 23
51 42 11 32 20 44 18 16 27 14 13 16 18 18 32 0 38 5 13 7 4 14 12 26 13 24 6 24 8 40 17 43
72 22 33 27 37 32 23 54 37 34 15 62 51 37 22 23 0 19 35 25 17 6 37 12 34 71 11 27 11 48 32 38
69 29 5 18 47 36 22 38 56 20 13 13 16 10 37 11 29 0 17 12 3 23 36 35 11 40 7 22 12 56 50 66
32 11 25 34 18 40 12 13 32 7 18 42 20 17 7 10 33 29 0 14 21 14 17 9 32 40 24 12 18 20 15 37
40 25 12 29 38 37 26 25 25 20 14 6 15 6 40 5 46 6 30 0 5 21 35 41 11 41 17 28 12 18 42 30
47 54 4 12 22 60 9 40 21 24 27 14 11 9 41 6 41 3 27 9 0 19 22 37 6 54 7 33 5 44 45 55
31 30 21 20 21 66 14 53 25 39 11 53 50 29 31 19 6 31 30 37 31 0 32 19 48 77 16 19 25 58 51 42
18 22 23 62 5 28 17 4 7 13 16 46 12 22 30 19 51 41 14 32 36 36 0 43 46 19 40 16 24 5 7 11
32 26 28 24 30 63 7 39 54 32 4 48 48 46 8 34 12 25 26 44 37 17 24 0 51 47 33 29 14 42 20 58
49 57 13 13 48 38 39 40 51 16 41 14 29 16 23 10 34 10 17 5 6 38 34 27 0 32 16 43 24 32 26 62
7 45 43 57 12 5 51 8 4 23 30 49 22 35 52 21 41 44 38 19 51 48 17 33 65 0 49 33 19 7 21 5
69 19 4 15 46 40 15 26 37 16 23 27 19 17 36 5 15 5 28 8 6 27 35 32 14 63 0 43 8 52 22 51
30 14 44 20 6 28 19 10 15 21 19 22 27 41 10 29 23 19 12 26 33 28 16 14 45 36 35 0 31 9 6 20
23 43 13 24 23 58 12 38 47 17 11 20 23 23 18 4 21 12 16 17 11 14 15 23 22 23 4 28 0 37 17 34
11 34 59 72 7 8 34 4 10 16 48 54 10 41 38 42 47 53 17 17 27 51 5 54 37 9 34 14 46 0 6 19
13 15 24 48 3 32 22 3 10 24 37 42 22 29 20 33 30 53 19 32 34 46 5 41 42 13 33 10 31 7 0 15
0 23 68 40 24 2 50 28 12 31 31 40 18 43 30 28 82 47 25 31 31 84 19 42 65 9 39 38 40 19 29 0