5
30
,
0 (6.0, 38.0) 81.0
1 (46.0, 24.0) 35.0
2 (49.0, 35.0) 32.0
3 (3.0, 22.0) 31.0
4 (1.0, 1.0) 32.0
5 (27.0, 33.0) 36.0
6 (7.0, 19.0) 74.0
7 (6.0, 6.0) 41.0
8 (22.0, 21.0) 51.0
9 (26.0, 38.0) 46.0
10 (39.0, 3.0) 67.0
11 (20.0, 8.0) 64.0
12 (36.0, 6.0) 37.0
13 (17.0, 38.0) 81.0
14 (34.0, 19.0) 32.0
15 (35.0, 47.0) 81.0
16 (42.0, 21.0) 61.0
17 (20.0, 27.0) 46.0
18 (36.0, 13.0) 53.0
19 (39.0, 20.0) 87.0
20 (38.0, 44.0) 69.0
21 (10.0, 18.0) 51.0
22 (25.0, 44.0) 35.0
23 (45.0, 12.0) 46.0
24 (2.0, 6.0) 31.0
25 (41.0, 26.0) 87.0
26 (10.0, 29.0) 61.0
27 (33.0, 25.0) 61.0
28 (3.0, 14.0) 79.0
29 (6.0, 22.0) 82.0
,
0 19 26 30 11 1 21 10 4 15 23 20 11 18 21 19 29 23 17 19 22 29 10 25 23 3 24 15 21 7 11 0
19 0 21 22 8 19 11 10 16 12 10 24 17 22 6 17 15 20 9 20 19 16 10 10 23 16 18 5 15 12 8 19
26 21 0 6 22 25 11 20 22 12 12 11 15 10 16 6 13 2 13 7 4 11 18 14 6 24 3 18 7 22 20 26
30 22 6 0 24 29 11 22 26 15 12 17 20 16 16 11 9 8 15 13 9 7 21 13 12 28 6 20 9 25 22 30
11 8 22 24 0 11 13 2 8 10 14 20 11 18 11 16 20 20 9 17 18 21 4 16 22 8 19 5 15 4 2 11
1 19 25 29 11 0 21 9 4 14 22 19 10 18 20 19 29 23 16 18 21 28 10 25 23 3 24 15 20 7 11 1
21 11 11 11 13 21 0 12 17 6 3 16 13 14 6 8 8 10 5 11 9 8 11 6 14 18 8 9 5 15 12 21
10 10 20 22 2 9 12 0 7 8 13 18 9 16 11 14 20 18 8 15 16 20 2 15 19 7 17 5 13 3 2 10
4 16 22 26 8 4 17 7 0 11 19 17 7 15 17 15 25 20 13 15 18 25 6 21 20 2 20 12 17 4 8 4
15 12 12 15 10 14 6 8 11 0 9 12 7 10 9 6 15 10 3 8 9 14 6 12 12 12 10 7 6 10 8 15
23 10 12 12 14 22 3 13 19 9 0 19 15 17 4 10 6 12 6 13 11 7 13 3 16 20 10 9 7 17 13 23
20 24 11 17 20 19 16 18 17 12 19 0 10 2 21 8 22 9 15 5 8 21 16 22 5 19 12 19 11 19 19 20
11 17 15 20 11 10 13 9 7 7 15 10 0 8 15 9 21 13 10 8 11 20 7 18 13 9 14 12 11 9 10 11
18 22 10 16 18 18 14 16 15 10 17 2 8 0 19 7 21 8 13 4 7 19 14 20 5 17 10 17 10 17 17 18
21 6 16 16 11 20 6 11 17 9 4 21 15 19 0 13 10 15 6 16 14 11 11 5 19 18 13 6 10 14 10 21
19 17 6 11 16 19 8 14 15 6 10 8 9 7 13 0 14 4 8 3 3 13 12 13 7 17 5 13 3 16 14 19
29 15 13 9 20 29 8 20 25 15 6 22 21 21 10 14 0 13 12 17 14 2 19 5 18 26 11 15 11 23 19 29
23 20 2 8 20 23 10 18 20 10 12 9 13 8 15 4 13 0 11 5 2 12 16 14 5 21 3 16 5 20 18 23
17 9 13 15 9 16 5 8 13 3 6 15 10 13 6 8 12 11 0 11 10 12 7 9 15 14 11 5 7 11 7 17
19 20 7 13 17 18 11 15 15 8 13 5 8 4 16 3 17 5 11 0 4 16 13 16 5 17 7 15 6 17 16 19
22 19 4 9 18 21 9 16 18 9 11 8 11 7 14 3 14 2 10 4 0 12 15 14 5 20 3 15 4 18 17 22
29 16 11 7 21 28 8 20 25 14 7 21 20 19 11 13 2 12 12 16 12 0 19 6 16 26 9 16 10 23 19 29
10 10 18 21 4 10 11 2 6 6 13 16 7 14 11 12 19 16 7 13 15 19 0 15 18 7 16 6 12 4 3 10
25 10 14 13 16 25 6 15 21 12 3 22 18 20 5 13 5 14 9 16 14 6 15 0 19 22 12 11 10 19 15 25
23 23 6 12 22 23 14 19 20 12 16 5 13 5 19 7 18 5 15 5 5 16 18 19 0 22 7 19 9 21 20 23
3 16 24 28 8 3 18 7 2 12 20 19 9 17 18 17 26 21 14 17 20 26 7 22 22 0 22 12 18 4 8 3
24 18 3 6 19 24 8 17 20 10 10 12 14 10 13 5 11 3 11 7 3 9 16 12 7 22 0 16 4 20 18 24
15 5 18 20 5 15 9 5 12 7 9 19 12 17 6 13 15 16 5 15 15 16 6 11 19 12 16 0 12 8 4 15
21 15 7 9 15 20 5 13 17 6 7 11 11 10 10 3 11 5 7 6 4 10 12 10 9 18 4 12 0 16 14 21
7 12 22 25 4 7 15 3 4 10 17 19 9 17 14 16 23 20 11 17 18 23 4 19 21 4 20 8 16 0 4 7
11 8 20 22 2 11 12 2 8 8 13 19 10 17 10 14 19 18 7 16 17 19 3 15 20 8 18 4 14 4 0 11
0 19 26 30 11 1 21 10 4 15 23 20 11 18 21 19 29 23 17 19 22 29 10 25 23 3 24 15 21 7 11 0
,
0 33 61 63 13 2 61 15 11 40 44 28 14 31 37 49 38 62 41 43 62 45 15 29 53 5 30 30 49 16 17 0
38 0 39 57 16 52 22 15 36 13 25 59 39 52 12 46 44 34 24 45 39 41 27 12 47 41 42 10 26 35 8 42
64 63 0 15 48 52 27 53 54 16 33 17 20 14 41 11 26 7 17 17 9 32 25 20 14 38 3 19 13 30 53 49
89 56 8 0 62 58 13 42 63 40 12 23 24 23 45 23 25 12 31 17 13 17 40 18 25 64 14 57 26 47 30 64
20 12 48 56 0 19 28 3 17 26 37 24 27 46 26 22 34 49 20 21 21 24 6 17 47 16 27 7 16 8 3 23
1 50 44 53 25 0 53 25 4 21 37 38 12 48 50 50 74 41 26 25 58 43 12 63 34 3 53 40 32 11 24 2
63 12 23 16 14 21 0 19 45 17 5 47 28 22 13 10 18 27 6 25 10 23 32 7 19 45 19 15 7 15 29 63
11 24 41 51 5 14 30 0 9 19 34 21 17 20 30 23 30 24 16 37 22 40 2 29 35 15 33 7 16 8 2 26
9 34 33 37 17 7 18 7 0 24 24 47 17 23 20 41 37 56 26 21 34 34 13 57 33 4 47 31 43 10 22 9
44 28 12 36 28 24 9 15 27 0 20 14 12 15 12 17 30 10 9 17 12 23 7 30 30 25 26 12 6 27 9 43
40 27 26 24 26 65 4 27 21 9 0 25 24 50 8 26 16 32 11 34 31 14 20 8 30 49 10 24 14 40 26 65
55 43 19 35 24 51 33 29 37 31 35 0 27 4 61 13 53 22 40 14 23 27 48 62 14 33 21 28 18 56 47 52
22 17 36 39 13 29 15 21 15 14 39 14 0 20 39 20 37 21 12 12 24 42 18 45 35 11 21 31 14 18 18 21
32 27 11 47 20 37 23 33 41 25 39 4 23 0 45 13 34 22 28 7 18 43 15 56 16 43 30 51 15 50 45 53
35 11 21 19 12 31 9 15 44 26 5 56 37 23 0 36 13 38 12 19 27 16 30 13 56 38 28 17 27 40 24 21
44 36 10 28 19 53 11 22 23 7 30 20 24 9 22 0 24 12 16 5 5 25 20 27 18 28 6 21 5 28 21 41
46 37 32 26 52 34 13 34 63 36 8 46 31 51 18 34 0 27 26 30 34 3 44 14 21 42 29 38 18 59 42 86
32 35 4 12 58 65 14 34 24 30 33 15 27 19 40 11 39 0 15 13 2 34 38 37 9 46 5 40 8 28 29 48
29 24 19 32 25 48 8 15 29 6 15 20 24 30 7 19 32 25 0 23 18 15 13 18 15 19 16 11 20 19 12 24
56 24 10 18 45 19 26 18 42 13 26 7 21 6 27 5 51 9 12 0 11 23 26 36 9 30 7 25 18 49 41 32
40 45 7 25 19 47 10 19 22 18 15 18 22 16 40 6 19 2 12 10 0 18 17 20 7 38 3 24 8 29 17 31
37 32 24 10 34 76 9 55 41 39 18 45 36 54 21 14 6 16 36 16 26 0 50 13 44 68 26 23 13 44 30 46
28 25 41 60 11 10 21 4 11 17 30 27 8 30 28 19 36 34 11 30 19 48 0 16 35 9 39 8 23 12 6 13
41 14 18 22 18 71 6 18 27 15 7 45 38 37 7 13 6 20 19 25 42 14 19 0 44 47 23 21 12 48 15 69
50 31 18 24 51 67 41 40 23 30 26 14 26 13 22 15 31 10 34 8 11 38 42 27 0 63 13 24 17 34 30 63
8 16 61 66 12 6 41 14 4 35 24 42 17 26 23 49 51 46 33 35 27 43 11 27 46 0 37 26 33 5 15 7
72 45 7 18 31 42 19 19 37 13 20 28 20 15 18 10 29 3 17 12 8 16 18 17 11 25 0 22 7 58 18 68
45 6 40 46 7 20 19 14 24 20 18 49 19 37 13 15 16 25 6 43 30 26 7 25 46 17 27 0 19 9 5 20
29 42 15 21 32 29 11 22 41 8 17 22 29 14 14 6 17 9 13 13 11 10 34 22 15 40 5 20 0 25 28 56
13 13 35 62 8 16 24 8 9 16 45 43 10 30 18 28 40 49 19 38 52 60 5 37 27 6 36 10 29 0 7 11
31 21 22 47 4 30 30 4 16 20 23 52 15 33 16 25 32 49 8 38 43 52 6 17 37 21 47 9 20 13 0 21
0 37 49 52 24 1 24 29 12 41 51 41 27 48 58 37 30 52 20 46 24 77 19 25 27 8 27 31 57 11 22 0