5
30
,
0 (6.0, 38.0) 88.0
1 (46.0, 24.0) 32.0
2 (49.0, 35.0) 51.0
3 (3.0, 22.0) 85.0
4 (1.0, 1.0) 52.0
5 (27.0, 33.0) 48.0
6 (7.0, 19.0) 85.0
7 (6.0, 6.0) 46.0
8 (22.0, 21.0) 50.0
9 (26.0, 38.0) 48.0
10 (39.0, 3.0) 73.0
11 (20.0, 8.0) 51.0
12 (36.0, 6.0) 73.0
13 (17.0, 38.0) 66.0
14 (34.0, 19.0) 55.0
15 (35.0, 47.0) 75.0
16 (42.0, 21.0) 33.0
17 (20.0, 27.0) 72.0
18 (36.0, 13.0) 34.0
19 (39.0, 20.0) 55.0
20 (38.0, 44.0) 41.0
21 (10.0, 18.0) 40.0
22 (25.0, 44.0) 65.0
23 (45.0, 12.0) 47.0
24 (2.0, 6.0) 73.0
25 (41.0, 26.0) 32.0
26 (10.0, 29.0) 44.0
27 (33.0, 25.0) 62.0
28 (3.0, 14.0) 54.0
29 (6.0, 22.0) 89.0
,
0 19 26 30 11 1 21 10 4 15 23 20 11 18 21 19 29 23 17 19 22 29 10 25 23 3 24 15 21 7 11 0
19 0 21 22 8 19 11 10 16 12 10 24 17 22 6 17 15 20 9 20 19 16 10 10 23 16 18 5 15 12 8 19
26 21 0 6 22 25 11 20 22 12 12 11 15 10 16 6 13 2 13 7 4 11 18 14 6 24 3 18 7 22 20 26
30 22 6 0 24 29 11 22 26 15 12 17 20 16 16 11 9 8 15 13 9 7 21 13 12 28 6 20 9 25 22 30
11 8 22 24 0 11 13 2 8 10 14 20 11 18 11 16 20 20 9 17 18 21 4 16 22 8 19 5 15 4 2 11
1 19 25 29 11 0 21 9 4 14 22 19 10 18 20 19 29 23 16 18 21 28 10 25 23 3 24 15 20 7 11 1
21 11 11 11 13 21 0 12 17 6 3 16 13 14 6 8 8 10 5 11 9 8 11 6 14 18 8 9 5 15 12 21
10 10 20 22 2 9 12 0 7 8 13 18 9 16 11 14 20 18 8 15 16 20 2 15 19 7 17 5 13 3 2 10
4 16 22 26 8 4 17 7 0 11 19 17 7 15 17 15 25 20 13 15 18 25 6 21 20 2 20 12 17 4 8 4
15 12 12 15 10 14 6 8 11 0 9 12 7 10 9 6 15 10 3 8 9 14 6 12 12 12 10 7 6 10 8 15
23 10 12 12 14 22 3 13 19 9 0 19 15 17 4 10 6 12 6 13 11 7 13 3 16 20 10 9 7 17 13 23
20 24 11 17 20 19 16 18 17 12 19 0 10 2 21 8 22 9 15 5 8 21 16 22 5 19 12 19 11 19 19 20
11 17 15 20 11 10 13 9 7 7 15 10 0 8 15 9 21 13 10 8 11 20 7 18 13 9 14 12 11 9 10 11
18 22 10 16 18 18 14 16 15 10 17 2 8 0 19 7 21 8 13 4 7 19 14 20 5 17 10 17 10 17 17 18
21 6 16 16 11 20 6 11 17 9 4 21 15 19 0 13 10 15 6 16 14 11 11 5 19 18 13 6 10 14 10 21
19 17 6 11 16 19 8 14 15 6 10 8 9 7 13 0 14 4 8 3 3 13 12 13 7 17 5 13 3 16 14 19
29 15 13 9 20 29 8 20 25 15 6 22 21 21 10 14 0 13 12 17 14 2 19 5 18 26 11 15 11 23 19 29
23 20 2 8 20 23 10 18 20 10 12 9 13 8 15 4 13 0 11 5 2 12 16 14 5 21 3 16 5 20 18 23
17 9 13 15 9 16 5 8 13 3 6 15 10 13 6 8 12 11 0 11 10 12 7 9 15 14 11 5 7 11 7 17
19 20 7 13 17 18 11 15 15 8 13 5 8 4 16 3 17 5 11 0 4 16 13 16 5 17 7 15 6 17 16 19
22 19 4 9 18 21 9 16 18 9 11 8 11 7 14 3 14 2 10 4 0 12 15 14 5 20 3 15 4 18 17 22
29 16 11 7 21 28 8 20 25 14 7 21 20 19 11 13 2 12 12 16 12 0 19 6 16 26 9 16 10 23 19 29
10 10 18 21 4 10 11 2 6 6 13 16 7 14 11 12 19 16 7 13 15 19 0 15 18 7 16 6 12 4 3 10
25 10 14 13 16 25 6 15 21 12 3 22 18 20 5 13 5 14 9 16 14 6 15 0 19 22 12 11 10 19 15 25
23 23 6 12 22 23 14 19 20 12 16 5 13 5 19 7 18 5 15 5 5 16 18 19 0 22 7 19 9 21 20 23
3 16 24 28 8 3 18 7 2 12 20 19 9 17 18 17 26 21 14 17 20 26 7 22 22 0 22 12 18 4 8 3
24 18 3 6 19 24 8 17 20 10 10 12 14 10 13 5 11 3 11 7 3 9 16 12 7 22 0 16 4 20 18 24
15 5 18 20 5 15 9 5 12 7 9 19 12 17 6 13 15 16 5 15 15 16 6 11 19 12 16 0 12 8 4 15
21 15 7 9 15 20 5 13 17 6 7 11 11 10 10 3 11 5 7 6 4 10 12 10 9 18 4 12 0 16 14 21
7 12 22 25 4 7 15 3 4 10 17 19 9 17 14 16 23 20 11 17 18 23 4 19 21 4 20 8 16 0 4 7
11 8 20 22 2 11 12 2 8 8 13 19 10 17 10 14 19 18 7 16 17 19 3 15 20 8 18 4 14 4 0 11
0 19 26 30 11 1 21 10 4 15 23 20 11 18 21 19 29 23 17 19 22 29 10 25 23 3 24 15 21 7 11 0
,
0 40 51 78 20 1 22 12 12 35 68 42 11 25 51 31 59 68 47 30 54 53 17 50 65 8 30 36 47 18 27 0
30 0 63 45 22 46 21 17 26 29 18 30 19 49 7 35 38 59 19 27 29 33 28 13 59 48 41 12 15 29 20 33
46 33 0 7 28 54 12 28 39 34 34 28 25 26 40 16 23 6 26 17 7 30 42 30 14 37 5 48 17 56 49 67
43 53 10 0 68 83 31 33 62 31 29 30 35 21 43 22 20 16 39 36 14 13 52 31 33 51 7 37 16 38 44 51
30 16 49 28 0 31 32 5 8 17 20 59 31 53 11 18 60 30 11 28 50 50 9 20 63 23 43 6 43 7 3 21
1 49 58 44 15 0 25 22 9 22 66 51 12 23 55 30 60 26 34 51 22 46 16 59 25 6 59 28 35 18 13 2
61 28 29 22 26 27 0 31 21 17 6 41 29 41 8 16 17 20 8 32 14 17 33 13 29 24 18 22 15 36 22 42
18 26 43 49 5 23 18 0 11 14 34 31 19 24 25 15 41 22 16 44 35 54 3 27 21 9 47 13 22 7 2 15
12 30 60 62 13 9 28 14 0 16 28 34 18 30 25 25 39 54 26 37 42 66 15 52 56 3 52 23 41 9 18 6
28 26 34 28 23 19 19 20 17 0 24 26 12 24 15 9 29 14 8 23 21 28 9 19 17 37 10 13 13 21 9 34
27 27 35 15 33 59 4 15 49 18 0 33 22 23 10 14 8 23 16 34 24 13 17 6 46 45 16 19 8 42 32 63
46 72 14 33 26 55 43 26 35 17 25 0 26 4 36 13 65 16 41 8 21 51 18 64 7 36 17 21 28 41 50 21
20 30 31 20 15 26 36 24 15 11 30 26 0 12 29 18 29 34 25 19 21 35 20 20 26 9 39 20 29 14 23 28
36 53 14 25 37 20 29 26 17 20 32 4 17 0 28 7 52 14 27 7 14 48 24 36 8 36 24 18 22 18 43 54
46 9 44 43 20 44 12 21 20 12 13 43 17 38 0 18 18 45 14 27 32 17 29 6 55 39 36 13 18 24 26 32
53 48 11 32 33 50 21 25 30 7 23 22 20 11 15 0 34 7 11 9 5 15 16 27 19 35 6 16 8 26 26 20
57 40 33 23 42 49 10 26 69 42 16 35 29 33 14 23 0 35 25 27 21 6 20 13 37 35 24 26 26 41 40 74
34 39 6 9 24 40 27 41 20 18 12 18 15 13 38 5 29 0 13 14 3 28 22 23 10 32 8 23 7 21 48 51
49 11 35 43 20 36 13 8 30 6 7 42 23 28 13 21 31 28 0 14 14 15 17 13 28 23 14 5 19 22 15 49
26 51 7 17 21 30 25 15 25 17 35 6 17 5 17 4 18 9 24 0 10 19 27 40 7 26 17 24 9 30 44 36
65 25 6 22 51 40 13 46 29 25 13 11 19 21 24 5 32 2 24 6 0 20 32 24 14 40 9 38 6 41 46 29
35 17 12 17 44 70 10 33 52 17 18 38 34 43 13 26 2 33 17 43 16 0 53 13 23 43 12 32 20 26 47 77
29 27 37 31 4 28 11 4 11 10 22 27 17 43 24 20 47 41 8 27 38 38 0 21 24 19 44 13 14 10 7 29
73 14 43 17 39 67 8 42 35 31 4 63 32 50 5 25 6 17 11 20 35 18 38 0 42 53 26 19 29 28 18 30
32 52 8 33 49 31 16 25 32 24 27 14 26 9 35 16 27 10 25 8 5 19 37 19 0 42 9 42 22 47 38 70
9 31 67 75 13 6 37 9 2 31 38 39 13 38 46 49 46 41 31 21 35 56 17 50 56 0 28 18 31 12 18 5
24 28 3 10 29 24 17 35 23 23 14 13 34 30 15 8 19 5 24 11 4 17 36 25 10 36 0 29 5 28 29 68
33 11 48 23 12 43 10 7 25 14 14 47 26 39 8 23 33 48 7 33 25 42 8 13 36 20 25 0 20 16 12 39
55 32 13 17 29 35 6 40 37 6 13 21 17 23 20 5 30 5 19 9 6 19 22 17 17 53 5 18 0 37 27 40
19 26 63 74 11 14 31 5 8 11 38 51 13 41 19 31 24 24 18 26 51 58 8 21 54 6 51 24 21 0 12 16
27 13 29 56 2 18 33 4 20 10 15 55 29 50 21 32 50 40 8 29 49 34 3 19 35 9 37 4 33 5 0 17
0 19 64 89 12 1 33 15 12 29 52 26 23 47 27 20 63 29 45 22 58 38 15 30 60 5 26 22 22 10 25 0