5
30
,
0 (6.0, 38.0) 34.0
1 (46.0, 24.0) 67.0
2 (49.0, 35.0) 82.0
3 (3.0, 22.0) 33.0
4 (1.0, 1.0) 57.0
5 (27.0, 33.0) 36.0
6 (7.0, 19.0) 56.0
7 (6.0, 6.0) 36.0
8 (22.0, 21.0) 39.0
9 (26.0, 38.0) 71.0
10 (39.0, 3.0) 37.0
11 (20.0, 8.0) 54.0
12 (36.0, 6.0) 63.0
13 (17.0, 38.0) 62.0
14 (34.0, 19.0) 68.0
15 (35.0, 47.0) 71.0
16 (42.0, 21.0) 32.0
17 (20.0, 27.0) 56.0
18 (36.0, 13.0) 61.0
19 (39.0, 20.0) 31.0
20 (38.0, 44.0) 49.0
21 (10.0, 18.0) 36.0
22 (25.0, 44.0) 50.0
23 (45.0, 12.0) 75.0
24 (2.0, 6.0) 42.0
25 (41.0, 26.0) 33.0
26 (10.0, 29.0) 50.0
27 (33.0, 25.0) 78.0
28 (3.0, 14.0) 36.0
29 (6.0, 22.0) 58.0
,
0 19 26 30 11 1 21 10 4 15 23 20 11 18 21 19 29 23 17 19 22 29 10 25 23 3 24 15 21 7 11 0
19 0 21 22 8 19 11 10 16 12 10 24 17 22 6 17 15 20 9 20 19 16 10 10 23 16 18 5 15 12 8 19
26 21 0 6 22 25 11 20 22 12 12 11 15 10 16 6 13 2 13 7 4 11 18 14 6 24 3 18 7 22 20 26
30 22 6 0 24 29 11 22 26 15 12 17 20 16 16 11 9 8 15 13 9 7 21 13 12 28 6 20 9 25 22 30
11 8 22 24 0 11 13 2 8 10 14 20 11 18 11 16 20 20 9 17 18 21 4 16 22 8 19 5 15 4 2 11
1 19 25 29 11 0 21 9 4 14 22 19 10 18 20 19 29 23 16 18 21 28 10 25 23 3 24 15 20 7 11 1
21 11 11 11 13 21 0 12 17 6 3 16 13 14 6 8 8 10 5 11 9 8 11 6 14 18 8 9 5 15 12 21
10 10 20 22 2 9 12 0 7 8 13 18 9 16 11 14 20 18 8 15 16 20 2 15 19 7 17 5 13 3 2 10
4 16 22 26 8 4 17 7 0 11 19 17 7 15 17 15 25 20 13 15 18 25 6 21 20 2 20 12 17 4 8 4
15 12 12 15 10 14 6 8 11 0 9 12 7 10 9 6 15 10 3 8 9 14 6 12 12 12 10 7 6 10 8 15
23 10 12 12 14 22 3 13 19 9 0 19 15 17 4 10 6 12 6 13 11 7 13 3 16 20 10 9 7 17 13 23
20 24 11 17 20 19 16 18 17 12 19 0 10 2 21 8 22 9 15 5 8 21 16 22 5 19 12 19 11 19 19 20
11 17 15 20 11 10 13 9 7 7 15 10 0 8 15 9 21 13 10 8 11 20 7 18 13 9 14 12 11 9 10 11
18 22 10 16 18 18 14 16 15 10 17 2 8 0 19 7 21 8 13 4 7 19 14 20 5 17 10 17 10 17 17 18
21 6 16 16 11 20 6 11 17 9 4 21 15 19 0 13 10 15 6 16 14 11 11 5 19 18 13 6 10 14 10 21
19 17 6 11 16 19 8 14 15 6 10 8 9 7 13 0 14 4 8 3 3 13 12 13 7 17 5 13 3 16 14 19
29 15 13 9 20 29 8 20 25 15 6 22 21 21 10 14 0 13 12 17 14 2 19 5 18 26 11 15 11 23 19 29
23 20 2 8 20 23 10 18 20 10 12 9 13 8 15 4 13 0 11 5 2 12 16 14 5 21 3 16 5 20 18 23
17 9 13 15 9 16 5 8 13 3 6 15 10 13 6 8 12 11 0 11 10 12 7 9 15 14 11 5 7 11 7 17
19 20 7 13 17 18 11 15 15 8 13 5 8 4 16 3 17 5 11 0 4 16 13 16 5 17 7 15 6 17 16 19
22 19 4 9 18 21 9 16 18 9 11 8 11 7 14 3 14 2 10 4 0 12 15 14 5 20 3 15 4 18 17 22
29 16 11 7 21 28 8 20 25 14 7 21 20 19 11 13 2 12 12 16 12 0 19 6 16 26 9 16 10 23 19 29
10 10 18 21 4 10 11 2 6 6 13 16 7 14 11 12 19 16 7 13 15 19 0 15 18 7 16 6 12 4 3 10
25 10 14 13 16 25 6 15 21 12 3 22 18 20 5 13 5 14 9 16 14 6 15 0 19 22 12 11 10 19 15 25
23 23 6 12 22 23 14 19 20 12 16 5 13 5 19 7 18 5 15 5 5 16 18 19 0 22 7 19 9 21 20 23
3 16 24 28 8 3 18 7 2 12 20 19 9 17 18 17 26 21 14 17 20 26 7 22 22 0 22 12 18 4 8 3
24 18 3 6 19 24 8 17 20 10 10 12 14 10 13 5 11 3 11 7 3 9 16 12 7 22 0 16 4 20 18 24
15 5 18 20 5 15 9 5 12 7 9 19 12 17 6 13 15 16 5 15 15 16 6 11 19 12 16 0 12 8 4 15
21 15 7 9 15 20 5 13 17 6 7 11 11 10 10 3 11 5 7 6 4 10 12 10 9 18 4 12 0 16 14 21
7 12 22 25 4 7 15 3 4 10 17 19 9 17 14 16 23 20 11 17 18 23 4 19 21 4 20 8 16 0 4 7
11 8 20 22 2 11 12 2 8 8 13 19 10 17 10 14 19 18 7 16 17 19 3 15 20 8 18 4 14 4 0 11
0 19 26 30 11 1 21 10 4 15 23 20 11 18 21 19 29 23 17 19 22 29 10 25 23 3 24 15 21 7 11 0
,
0 46 58 84 31 1 62 27 11 37 55 43 13 51 22 51 78 37 25 52 34 40 12 46 51 5 43 37 38 18 13 0
23 0 34 39 8 52 29 22 20 21 11 59 20 32 16 47 15 20 9 26 40 46 17 15 45 30 36 11 35 19 19 53
29 23 0 9 50 50 15 20 35 20 15 27 27 20 17 12 37 4 32 11 6 18 52 22 16 55 5 19 18 59 25 33
45 40 8 0 41 58 11 57 37 20 27 30 33 30 20 25 15 23 33 28 26 19 51 16 20 56 9 55 22 48 60 68
23 23 38 47 0 25 35 4 20 22 30 28 14 42 16 16 42 31 24 46 43 48 7 25 62 8 28 14 18 9 2 16
1 53 75 65 24 0 23 11 9 23 30 28 14 42 54 22 47 63 20 49 37 64 10 65 37 3 50 41 45 8 29 1
33 12 16 33 34 50 0 24 31 18 3 38 21 22 6 16 15 11 8 15 21 17 34 11 22 27 22 20 12 36 19 50
26 13 28 36 6 28 34 0 17 10 37 29 25 22 25 28 41 52 8 27 22 36 2 19 32 11 36 12 18 4 3 24
5 46 57 69 21 7 26 7 0 12 56 32 19 39 24 35 72 26 34 17 19 28 8 58 53 2 25 33 22 5 11 8
18 32 29 24 20 21 15 13 18 0 24 22 10 15 25 18 23 26 8 22 24 37 12 18 21 25 21 7 7 19 16 36
31 24 23 28 40 29 3 36 29 25 0 44 23 45 12 11 10 31 15 27 33 10 22 8 30 46 16 20 19 17 29 26
48 66 31 36 27 40 44 46 25 18 53 0 21 5 51 23 28 10 18 10 10 32 22 23 7 19 31 48 13 37 31 50
12 30 43 34 28 20 29 14 11 7 28 22 0 10 29 14 55 32 17 22 24 40 20 46 24 27 22 31 22 26 22 27
22 55 30 18 24 46 33 16 20 12 20 4 14 0 21 12 35 14 38 8 19 48 37 44 8 24 25 21 12 39 23 25
62 8 33 36 32 24 14 32 43 17 13 59 27 55 0 28 27 27 9 35 28 14 17 8 20 27 23 16 22 19 11 25
53 34 13 29 33 42 18 33 24 12 14 17 15 13 30 0 41 10 13 5 4 15 28 18 19 49 9 36 6 27 35 58
78 29 36 25 43 68 20 23 26 38 11 28 48 55 16 39 0 36 34 36 29 4 37 8 29 33 31 20 23 62 20 68
43 46 5 22 35 39 14 37 55 17 24 12 18 10 27 7 30 0 27 6 3 33 22 30 14 58 3 39 10 54 49 30
35 18 15 30 23 45 13 14 21 5 11 42 19 21 10 10 37 14 0 26 26 24 18 22 33 26 28 12 16 12 17 48
57 55 17 13 26 19 14 27 28 15 18 12 18 8 32 8 25 14 30 0 11 21 32 43 6 38 9 29 18 38 17 48
62 24 6 11 31 37 17 21 47 18 29 18 24 13 23 7 18 4 27 4 0 28 37 15 14 28 7 16 9 26 32 32
62 26 20 12 36 74 13 57 53 38 16 42 32 26 16 18 3 28 24 42 20 0 47 14 27 48 16 27 26 35 46 60
28 23 46 40 11 22 17 2 7 10 34 46 9 20 25 18 29 26 16 15 27 20 0 39 29 9 33 11 26 5 8 23
34 30 40 30 33 64 8 26 58 28 8 22 36 56 9 31 11 38 16 36 15 11 17 0 53 38 19 26 19 52 27 49
27 37 7 29 64 51 39 29 59 36 23 13 15 9 50 16 35 10 17 8 10 47 49 48 0 40 16 47 14 62 24 35
6 38 65 48 22 7 30 10 2 30 28 40 17 39 24 49 75 40 22 49 41 46 12 54 41 0 61 32 30 5 14 6
49 19 8 13 35 47 19 34 40 14 14 33 21 29 31 13 28 3 17 14 6 15 30 17 9 49 0 40 7 39 37 66
34 14 52 23 6 36 9 14 22 14 20 53 28 39 15 15 34 36 13 20 31 28 16 20 43 22 20 0 24 10 8 46
45 35 11 28 43 53 6 39 34 12 9 23 31 29 15 4 30 13 16 11 9 21 17 27 26 33 6 15 0 22 14 54
15 34 48 39 9 10 44 6 10 26 36 51 24 50 16 23 29 28 21 17 37 59 5 46 28 10 49 16 20 0 11 15
12 22 25 40 3 29 24 4 20 23 15 41 20 30 15 34 31 52 14 40 31 57 3 34 45 20 22 6 14 5 0 13
0 55 45 57 28 1 23 15 8 22 29 44 19 43 32 43 56 32 22 36 59 46 26 46 60 6 44 38 25 8 21 0