5
30
,
0 (6.0, 38.0) 61.0
1 (46.0, 24.0) 67.0
2 (49.0, 35.0) 59.0
3 (3.0, 22.0) 46.0
4 (1.0, 1.0) 77.0
5 (27.0, 33.0) 65.0
6 (7.0, 19.0) 52.0
7 (6.0, 6.0) 31.0
8 (22.0, 21.0) 52.0
9 (26.0, 38.0) 32.0
10 (39.0, 3.0) 86.0
11 (20.0, 8.0) 41.0
12 (36.0, 6.0) 36.0
13 (17.0, 38.0) 48.0
14 (34.0, 19.0) 63.0
15 (35.0, 47.0) 43.0
16 (42.0, 21.0) 89.0
17 (20.0, 27.0) 34.0
18 (36.0, 13.0) 49.0
19 (39.0, 20.0) 82.0
20 (38.0, 44.0) 72.0
21 (10.0, 18.0) 55.0
22 (25.0, 44.0) 64.0
23 (45.0, 12.0) 50.0
24 (2.0, 6.0) 76.0
25 (41.0, 26.0) 56.0
26 (10.0, 29.0) 32.0
27 (33.0, 25.0) 84.0
28 (3.0, 14.0) 83.0
29 (6.0, 22.0) 57.0
,
0 19 26 30 11 1 21 10 4 15 23 20 11 18 21 19 29 23 17 19 22 29 10 25 23 3 24 15 21 7 11 0
19 0 21 22 8 19 11 10 16 12 10 24 17 22 6 17 15 20 9 20 19 16 10 10 23 16 18 5 15 12 8 19
26 21 0 6 22 25 11 20 22 12 12 11 15 10 16 6 13 2 13 7 4 11 18 14 6 24 3 18 7 22 20 26
30 22 6 0 24 29 11 22 26 15 12 17 20 16 16 11 9 8 15 13 9 7 21 13 12 28 6 20 9 25 22 30
11 8 22 24 0 11 13 2 8 10 14 20 11 18 11 16 20 20 9 17 18 21 4 16 22 8 19 5 15 4 2 11
1 19 25 29 11 0 21 9 4 14 22 19 10 18 20 19 29 23 16 18 21 28 10 25 23 3 24 15 20 7 11 1
21 11 11 11 13 21 0 12 17 6 3 16 13 14 6 8 8 10 5 11 9 8 11 6 14 18 8 9 5 15 12 21
10 10 20 22 2 9 12 0 7 8 13 18 9 16 11 14 20 18 8 15 16 20 2 15 19 7 17 5 13 3 2 10
4 16 22 26 8 4 17 7 0 11 19 17 7 15 17 15 25 20 13 15 18 25 6 21 20 2 20 12 17 4 8 4
15 12 12 15 10 14 6 8 11 0 9 12 7 10 9 6 15 10 3 8 9 14 6 12 12 12 10 7 6 10 8 15
23 10 12 12 14 22 3 13 19 9 0 19 15 17 4 10 6 12 6 13 11 7 13 3 16 20 10 9 7 17 13 23
20 24 11 17 20 19 16 18 17 12 19 0 10 2 21 8 22 9 15 5 8 21 16 22 5 19 12 19 11 19 19 20
11 17 15 20 11 10 13 9 7 7 15 10 0 8 15 9 21 13 10 8 11 20 7 18 13 9 14 12 11 9 10 11
18 22 10 16 18 18 14 16 15 10 17 2 8 0 19 7 21 8 13 4 7 19 14 20 5 17 10 17 10 17 17 18
21 6 16 16 11 20 6 11 17 9 4 21 15 19 0 13 10 15 6 16 14 11 11 5 19 18 13 6 10 14 10 21
19 17 6 11 16 19 8 14 15 6 10 8 9 7 13 0 14 4 8 3 3 13 12 13 7 17 5 13 3 16 14 19
29 15 13 9 20 29 8 20 25 15 6 22 21 21 10 14 0 13 12 17 14 2 19 5 18 26 11 15 11 23 19 29
23 20 2 8 20 23 10 18 20 10 12 9 13 8 15 4 13 0 11 5 2 12 16 14 5 21 3 16 5 20 18 23
17 9 13 15 9 16 5 8 13 3 6 15 10 13 6 8 12 11 0 11 10 12 7 9 15 14 11 5 7 11 7 17
19 20 7 13 17 18 11 15 15 8 13 5 8 4 16 3 17 5 11 0 4 16 13 16 5 17 7 15 6 17 16 19
22 19 4 9 18 21 9 16 18 9 11 8 11 7 14 3 14 2 10 4 0 12 15 14 5 20 3 15 4 18 17 22
29 16 11 7 21 28 8 20 25 14 7 21 20 19 11 13 2 12 12 16 12 0 19 6 16 26 9 16 10 23 19 29
10 10 18 21 4 10 11 2 6 6 13 16 7 14 11 12 19 16 7 13 15 19 0 15 18 7 16 6 12 4 3 10
25 10 14 13 16 25 6 15 21 12 3 22 18 20 5 13 5 14 9 16 14 6 15 0 19 22 12 11 10 19 15 25
23 23 6 12 22 23 14 19 20 12 16 5 13 5 19 7 18 5 15 5 5 16 18 19 0 22 7 19 9 21 20 23
3 16 24 28 8 3 18 7 2 12 20 19 9 17 18 17 26 21 14 17 20 26 7 22 22 0 22 12 18 4 8 3
24 18 3 6 19 24 8 17 20 10 10 12 14 10 13 5 11 3 11 7 3 9 16 12 7 22 0 16 4 20 18 24
15 5 18 20 5 15 9 5 12 7 9 19 12 17 6 13 15 16 5 15 15 16 6 11 19 12 16 0 12 8 4 15
21 15 7 9 15 20 5 13 17 6 7 11 11 10 10 3 11 5 7 6 4 10 12 10 9 18 4 12 0 16 14 21
7 12 22 25 4 7 15 3 4 10 17 19 9 17 14 16 23 20 11 17 18 23 4 19 21 4 20 8 16 0 4 7
11 8 20 22 2 11 12 2 8 8 13 19 10 17 10 14 19 18 7 16 17 19 3 15 20 8 18 4 14 4 0 11
0 19 26 30 11 1 21 10 4 15 23 20 11 18 21 19 29 23 17 19 22 29 10 25 23 3 24 15 21 7 11 0
,
0 19 31 60 13 2 29 25 10 38 61 36 21 25 31 42 83 70 37 44 55 85 23 29 56 5 52 29 31 12 16 0
54 0 60 28 14 38 19 11 40 22 16 72 37 64 15 19 41 21 21 35 28 43 11 16 46 29 30 14 30 32 14 43
35 25 0 17 57 58 25 21 30 15 19 23 20 17 22 18 38 4 15 20 11 18 32 39 12 35 6 29 19 34 46 37
85 60 15 0 57 56 23 64 38 44 17 25 59 36 32 28 22 22 42 16 24 10 27 23 23 29 9 55 18 72 50 36
21 15 32 29 0 28 35 3 17 17 23 37 11 22 13 47 48 58 19 50 49 25 11 22 40 22 19 8 34 6 3 16
1 49 44 41 18 0 58 18 10 37 55 25 11 21 32 29 31 63 33 34 31 47 19 30 26 7 57 38 26 11 31 2
24 21 22 17 27 53 0 27 43 12 4 19 18 28 14 16 15 18 12 12 13 10 15 8 30 39 14 22 13 30 20 36
15 22 51 28 7 12 20 0 7 8 30 33 11 20 19 27 53 19 8 37 27 32 3 38 35 13 23 8 36 6 4 19
7 45 54 33 20 9 49 8 0 20 23 37 16 42 19 35 53 44 36 45 52 44 12 34 36 3 55 33 34 5 22 7
21 14 16 21 12 36 16 11 32 0 13 27 14 15 14 15 24 30 3 18 17 20 11 18 15 29 24 18 14 23 10 34
65 21 18 22 24 24 5 40 50 13 0 37 19 22 8 25 9 29 9 32 22 7 20 3 25 50 25 15 19 48 36 37
24 29 13 33 58 23 43 41 19 19 41 0 17 4 60 18 31 12 17 12 15 53 34 33 7 54 23 24 19 48 48 54
24 24 22 29 27 18 30 11 14 20 34 16 0 10 25 24 25 37 14 25 26 24 16 20 26 19 27 21 16 13 21 26
20 46 27 48 32 21 25 38 36 20 28 5 19 0 21 14 52 21 16 8 20 23 30 22 13 49 21 45 17 28 35 54
22 7 22 47 20 37 15 23 27 10 6 31 33 44 0 36 16 36 10 40 22 28 27 9 46 32 16 8 12 36 20 27
48 29 13 11 27 56 23 33 17 16 22 10 13 15 16 0 36 9 10 8 3 35 23 25 17 51 13 26 5 38 24 22
36 38 37 19 39 46 24 25 40 28 17 52 41 57 15 40 0 22 22 46 34 3 28 15 53 40 19 20 21 39 32 79
34 54 5 23 25 41 12 20 51 30 20 21 34 10 34 12 33 0 25 10 3 20 47 29 11 43 5 17 9 44 24 56
34 13 21 15 19 38 7 14 34 6 14 39 27 14 16 13 17 19 0 23 29 33 13 23 26 40 30 11 19 17 14 47
49 53 11 28 28 50 17 41 20 20 28 8 23 4 31 6 49 5 12 0 11 20 21 46 11 25 10 31 15 45 34 46
57 31 6 21 20 47 18 33 52 14 23 9 12 10 39 5 14 2 11 10 0 15 20 18 13 44 6 44 6 50 35 63
73 32 19 19 58 59 20 49 32 23 9 61 42 44 15 26 6 12 35 34 31 0 44 16 45 59 18 24 13 60 22 58
27 23 22 27 6 22 27 2 7 7 35 22 9 31 30 30 50 29 11 22 29 23 0 32 51 9 38 10 19 9 5 16
62 29 39 22 32 44 11 20 29 32 4 31 19 46 13 17 14 30 20 37 23 10 19 0 49 52 20 14 27 51 18 65
34 61 10 31 52 63 32 24 22 22 48 6 22 11 46 19 33 6 27 11 14 19 51 41 0 63 9 36 18 42 60 37
6 32 37 29 9 5 23 19 4 27 25 30 18 21 46 48 33 63 34 40 50 30 16 44 41 0 44 36 45 5 23 4
63 25 6 13 51 43 22 24 52 11 14 20 16 19 20 7 18 6 30 8 8 20 19 34 11 58 0 44 11 55 39 44
29 9 29 48 10 34 10 12 32 11 16 53 13 31 17 37 35 30 12 39 31 25 16 11 29 17 20 0 25 23 9 28
43 44 13 25 16 31 10 30 44 17 8 31 19 11 22 7 20 13 14 10 10 16 27 11 17 38 12 28 0 42 40 41
8 17 40 60 7 15 22 5 6 16 39 30 26 27 27 19 40 22 22 17 35 38 4 34 43 10 48 17 34 0 7 19
32 22 29 30 3 15 13 4 20 11 34 47 13 47 26 24 53 20 18 42 28 26 5 25 35 14 38 9 37 10 0 34
0 35 50 38 32 2 44 26 12 19 46 40 23 23 40 38 76 68 21 33 45 60 13 72 55 6 38 28 44 16 15 0