5
30
,
0 (6.0, 38.0) 34.0
1 (46.0, 24.0) 39.0
2 (49.0, 35.0) 42.0
3 (3.0, 22.0) 41.0
4 (1.0, 1.0) 31.0
5 (27.0, 33.0) 44.0
6 (7.0, 19.0) 32.0
7 (6.0, 6.0) 54.0
8 (22.0, 21.0) 64.0
9 (26.0, 38.0) 31.0
10 (39.0, 3.0) 40.0
11 (20.0, 8.0) 47.0
12 (36.0, 6.0) 69.0
13 (17.0, 38.0) 37.0
14 (34.0, 19.0) 39.0
15 (35.0, 47.0) 57.0
16 (42.0, 21.0) 82.0
17 (20.0, 27.0) 54.0
18 (36.0, 13.0) 44.0
19 (39.0, 20.0) 64.0
20 (38.0, 44.0) 49.0
21 (10.0, 18.0) 46.0
22 (25.0, 44.0) 40.0
23 (45.0, 12.0) 46.0
24 (2.0, 6.0) 58.0
25 (41.0, 26.0) 35.0
26 (10.0, 29.0) 54.0
27 (33.0, 25.0) 47.0
28 (3.0, 14.0) 38.0
29 (6.0, 22.0) 34.0
,
0 19 26 30 11 1 21 10 4 15 23 20 11 18 21 19 29 23 17 19 22 29 10 25 23 3 24 15 21 7 11 0
19 0 21 22 8 19 11 10 16 12 10 24 17 22 6 17 15 20 9 20 19 16 10 10 23 16 18 5 15 12 8 19
26 21 0 6 22 25 11 20 22 12 12 11 15 10 16 6 13 2 13 7 4 11 18 14 6 24 3 18 7 22 20 26
30 22 6 0 24 29 11 22 26 15 12 17 20 16 16 11 9 8 15 13 9 7 21 13 12 28 6 20 9 25 22 30
11 8 22 24 0 11 13 2 8 10 14 20 11 18 11 16 20 20 9 17 18 21 4 16 22 8 19 5 15 4 2 11
1 19 25 29 11 0 21 9 4 14 22 19 10 18 20 19 29 23 16 18 21 28 10 25 23 3 24 15 20 7 11 1
21 11 11 11 13 21 0 12 17 6 3 16 13 14 6 8 8 10 5 11 9 8 11 6 14 18 8 9 5 15 12 21
10 10 20 22 2 9 12 0 7 8 13 18 9 16 11 14 20 18 8 15 16 20 2 15 19 7 17 5 13 3 2 10
4 16 22 26 8 4 17 7 0 11 19 17 7 15 17 15 25 20 13 15 18 25 6 21 20 2 20 12 17 4 8 4
15 12 12 15 10 14 6 8 11 0 9 12 7 10 9 6 15 10 3 8 9 14 6 12 12 12 10 7 6 10 8 15
23 10 12 12 14 22 3 13 19 9 0 19 15 17 4 10 6 12 6 13 11 7 13 3 16 20 10 9 7 17 13 23
20 24 11 17 20 19 16 18 17 12 19 0 10 2 21 8 22 9 15 5 8 21 16 22 5 19 12 19 11 19 19 20
11 17 15 20 11 10 13 9 7 7 15 10 0 8 15 9 21 13 10 8 11 20 7 18 13 9 14 12 11 9 10 11
18 22 10 16 18 18 14 16 15 10 17 2 8 0 19 7 21 8 13 4 7 19 14 20 5 17 10 17 10 17 17 18
21 6 16 16 11 20 6 11 17 9 4 21 15 19 0 13 10 15 6 16 14 11 11 5 19 18 13 6 10 14 10 21
19 17 6 11 16 19 8 14 15 6 10 8 9 7 13 0 14 4 8 3 3 13 12 13 7 17 5 13 3 16 14 19
29 15 13 9 20 29 8 20 25 15 6 22 21 21 10 14 0 13 12 17 14 2 19 5 18 26 11 15 11 23 19 29
23 20 2 8 20 23 10 18 20 10 12 9 13 8 15 4 13 0 11 5 2 12 16 14 5 21 3 16 5 20 18 23
17 9 13 15 9 16 5 8 13 3 6 15 10 13 6 8 12 11 0 11 10 12 7 9 15 14 11 5 7 11 7 17
19 20 7 13 17 18 11 15 15 8 13 5 8 4 16 3 17 5 11 0 4 16 13 16 5 17 7 15 6 17 16 19
22 19 4 9 18 21 9 16 18 9 11 8 11 7 14 3 14 2 10 4 0 12 15 14 5 20 3 15 4 18 17 22
29 16 11 7 21 28 8 20 25 14 7 21 20 19 11 13 2 12 12 16 12 0 19 6 16 26 9 16 10 23 19 29
10 10 18 21 4 10 11 2 6 6 13 16 7 14 11 12 19 16 7 13 15 19 0 15 18 7 16 6 12 4 3 10
25 10 14 13 16 25 6 15 21 12 3 22 18 20 5 13 5 14 9 16 14 6 15 0 19 22 12 11 10 19 15 25
23 23 6 12 22 23 14 19 20 12 16 5 13 5 19 7 18 5 15 5 5 16 18 19 0 22 7 19 9 21 20 23
3 16 24 28 8 3 18 7 2 12 20 19 9 17 18 17 26 21 14 17 20 26 7 22 22 0 22 12 18 4 8 3
24 18 3 6 19 24 8 17 20 10 10 12 14 10 13 5 11 3 11 7 3 9 16 12 7 22 0 16 4 20 18 24
15 5 18 20 5 15 9 5 12 7 9 19 12 17 6 13 15 16 5 15 15 16 6 11 19 12 16 0 12 8 4 15
21 15 7 9 15 20 5 13 17 6 7 11 11 10 10 3 11 5 7 6 4 10 12 10 9 18 4 12 0 16 14 21
7 12 22 25 4 7 15 3 4 10 17 19 9 17 14 16 23 20 11 17 18 23 4 19 21 4 20 8 16 0 4 7
11 8 20 22 2 11 12 2 8 8 13 19 10 17 10 14 19 18 7 16 17 19 3 15 20 8 18 4 14 4 0 11
0 19 26 30 11 1 21 10 4 15 23 20 11 18 21 19 29 23 17 19 22 29 10 25 23 3 24 15 21 7 11 0
,
0 49 45 34 26 1 55 21 10 33 64 41 15 29 39 53 53 27 49 34 51 75 16 76 54 8 57 39 61 17 12 0
31 0 52 26 11 22 17 28 31 16 27 36 28 43 7 32 19 56 26 46 49 42 18 27 43 41 38 7 33 21 15 27
73 40 0 12 29 69 15 54 47 29 17 12 20 17 36 11 34 3 34 13 10 23 28 30 13 33 6 42 17 33 55 58
40 64 11 0 25 82 13 31 69 21 24 20 24 36 45 13 26 14 45 15 19 17 45 16 13 37 7 37 12 74 29 56
25 19 39 51 0 30 35 5 18 22 33 24 27 39 17 27 50 37 22 26 19 27 12 22 39 18 29 6 31 4 2 31
1 46 50 52 23 0 44 21 6 24 43 21 21 50 60 21 40 51 28 55 42 34 29 30 41 4 62 18 24 14 14 1
40 26 23 16 39 39 0 18 41 14 4 31 30 26 9 14 12 18 6 19 12 19 21 15 33 34 9 14 6 24 16 22
26 10 50 62 5 16 28 0 19 9 29 49 12 36 22 14 39 42 16 41 39 23 4 31 38 18 41 11 26 4 3 19
7 17 35 47 22 5 36 9 0 25 43 28 12 36 50 31 56 55 35 29 53 26 14 31 49 4 38 19 35 8 24 5
32 17 21 43 15 19 14 20 20 0 20 28 16 28 25 6 16 11 4 9 20 15 10 34 15 32 11 10 14 18 18 40
31 27 18 28 16 23 7 14 21 23 0 50 38 38 6 24 12 22 14 16 31 12 18 6 20 47 21 16 17 25 27 67
31 62 18 38 36 23 17 41 42 22 31 0 23 6 60 17 52 12 45 12 9 40 26 40 15 41 24 48 20 55 47 24
12 36 18 46 23 28 15 10 16 14 24 28 0 22 39 21 60 20 27 23 26 39 15 40 27 25 38 14 30 18 23 16
40 31 27 43 36 25 41 22 35 19 22 3 18 0 33 9 26 15 22 9 9 38 26 26 13 27 17 52 11 20 39 31
52 11 45 36 14 41 12 27 50 13 5 45 29 53 0 29 20 27 11 40 30 27 11 9 52 39 20 7 23 17 11 55
32 30 15 29 22 23 11 35 32 14 27 8 14 19 13 0 20 7 15 5 7 24 23 34 11 43 15 21 9 16 40 43
32 19 25 19 44 37 11 28 64 34 8 52 22 32 15 26 0 39 27 27 35 2 32 12 36 72 16 32 16 32 41 80
64 25 3 10 54 33 12 51 30 18 17 18 33 16 40 11 24 0 25 10 4 29 20 20 11 37 6 24 12 35 43 68
17 17 31 19 23 30 8 12 27 5 9 31 22 26 14 15 22 25 0 11 22 16 20 9 33 33 21 13 11 17 20 25
25 28 10 28 40 26 16 34 34 13 31 9 11 7 38 9 46 8 21 0 9 45 34 43 5 23 8 21 10 27 36 56
26 34 8 24 38 43 22 48 47 12 19 25 23 21 28 4 16 4 26 4 0 13 36 33 15 22 3 17 7 21 26 56
85 32 18 9 54 34 18 33 67 26 18 33 41 27 30 26 4 16 24 17 21 0 39 17 37 39 13 21 27 50 33 43
30 18 37 24 6 21 13 3 15 16 13 33 13 26 12 30 57 45 14 16 38 21 0 42 25 13 33 6 32 12 4 14
51 19 42 33 38 34 12 19 23 27 4 61 27 35 9 13 14 42 18 44 26 15 42 0 34 57 24 31 21 25 16 52
67 47 7 13 46 35 16 34 50 33 38 10 34 13 33 13 27 13 39 6 6 24 52 54 0 49 15 23 17 29 28 42
5 33 65 75 8 4 48 10 3 17 31 40 20 31 35 32 42 22 41 48 26 75 12 43 27 0 53 18 38 8 9 8
71 29 7 11 27 65 15 49 57 21 16 18 25 24 38 8 26 5 22 14 9 13 20 36 17 42 0 22 7 41 27 49
21 13 40 50 14 25 20 8 19 21 23 40 27 36 15 15 18 45 14 15 27 30 16 16 25 30 25 0 21 23 5 37
40 42 11 17 30 57 6 30 36 12 17 34 26 22 22 4 17 14 17 10 9 16 19 16 14 22 8 24 0 36 22 54
14 18 31 51 10 11 39 6 11 17 23 46 17 47 39 45 39 39 27 49 44 57 9 19 61 5 54 10 38 0 4 8
33 20 38 50 3 22 19 4 20 17 23 43 22 51 12 38 27 33 21 19 27 51 8 16 44 25 35 11 21 8 0 28
0 39 67 61 25 1 59 13 6 33 59 50 29 40 28 29 34 24 36 55 37 77 12 65 50 4 35 26 48 15 20 0