5
30
,
0 (6.0, 38.0) 30.0
1 (46.0, 24.0) 86.0
2 (49.0, 35.0) 46.0
3 (3.0, 22.0) 57.0
4 (1.0, 1.0) 58.0
5 (27.0, 33.0) 56.0
6 (7.0, 19.0) 31.0
7 (6.0, 6.0) 80.0
8 (22.0, 21.0) 55.0
9 (26.0, 38.0) 57.0
10 (39.0, 3.0) 46.0
11 (20.0, 8.0) 39.0
12 (36.0, 6.0) 73.0
13 (17.0, 38.0) 72.0
14 (34.0, 19.0) 35.0
15 (35.0, 47.0) 74.0
16 (42.0, 21.0) 76.0
17 (20.0, 27.0) 81.0
18 (36.0, 13.0) 37.0
19 (39.0, 20.0) 51.0
20 (38.0, 44.0) 60.0
21 (10.0, 18.0) 74.0
22 (25.0, 44.0) 54.0
23 (45.0, 12.0) 61.0
24 (2.0, 6.0) 50.0
25 (41.0, 26.0) 81.0
26 (10.0, 29.0) 41.0
27 (33.0, 25.0) 67.0
28 (3.0, 14.0) 58.0
29 (6.0, 22.0) 36.0
,
0 19 26 30 11 1 21 10 4 15 23 20 11 18 21 19 29 23 17 19 22 29 10 25 23 3 24 15 21 7 11 0
19 0 21 22 8 19 11 10 16 12 10 24 17 22 6 17 15 20 9 20 19 16 10 10 23 16 18 5 15 12 8 19
26 21 0 6 22 25 11 20 22 12 12 11 15 10 16 6 13 2 13 7 4 11 18 14 6 24 3 18 7 22 20 26
30 22 6 0 24 29 11 22 26 15 12 17 20 16 16 11 9 8 15 13 9 7 21 13 12 28 6 20 9 25 22 30
11 8 22 24 0 11 13 2 8 10 14 20 11 18 11 16 20 20 9 17 18 21 4 16 22 8 19 5 15 4 2 11
1 19 25 29 11 0 21 9 4 14 22 19 10 18 20 19 29 23 16 18 21 28 10 25 23 3 24 15 20 7 11 1
21 11 11 11 13 21 0 12 17 6 3 16 13 14 6 8 8 10 5 11 9 8 11 6 14 18 8 9 5 15 12 21
10 10 20 22 2 9 12 0 7 8 13 18 9 16 11 14 20 18 8 15 16 20 2 15 19 7 17 5 13 3 2 10
4 16 22 26 8 4 17 7 0 11 19 17 7 15 17 15 25 20 13 15 18 25 6 21 20 2 20 12 17 4 8 4
15 12 12 15 10 14 6 8 11 0 9 12 7 10 9 6 15 10 3 8 9 14 6 12 12 12 10 7 6 10 8 15
23 10 12 12 14 22 3 13 19 9 0 19 15 17 4 10 6 12 6 13 11 7 13 3 16 20 10 9 7 17 13 23
20 24 11 17 20 19 16 18 17 12 19 0 10 2 21 8 22 9 15 5 8 21 16 22 5 19 12 19 11 19 19 20
11 17 15 20 11 10 13 9 7 7 15 10 0 8 15 9 21 13 10 8 11 20 7 18 13 9 14 12 11 9 10 11
18 22 10 16 18 18 14 16 15 10 17 2 8 0 19 7 21 8 13 4 7 19 14 20 5 17 10 17 10 17 17 18
21 6 16 16 11 20 6 11 17 9 4 21 15 19 0 13 10 15 6 16 14 11 11 5 19 18 13 6 10 14 10 21
19 17 6 11 16 19 8 14 15 6 10 8 9 7 13 0 14 4 8 3 3 13 12 13 7 17 5 13 3 16 14 19
29 15 13 9 20 29 8 20 25 15 6 22 21 21 10 14 0 13 12 17 14 2 19 5 18 26 11 15 11 23 19 29
23 20 2 8 20 23 10 18 20 10 12 9 13 8 15 4 13 0 11 5 2 12 16 14 5 21 3 16 5 20 18 23
17 9 13 15 9 16 5 8 13 3 6 15 10 13 6 8 12 11 0 11 10 12 7 9 15 14 11 5 7 11 7 17
19 20 7 13 17 18 11 15 15 8 13 5 8 4 16 3 17 5 11 0 4 16 13 16 5 17 7 15 6 17 16 19
22 19 4 9 18 21 9 16 18 9 11 8 11 7 14 3 14 2 10 4 0 12 15 14 5 20 3 15 4 18 17 22
29 16 11 7 21 28 8 20 25 14 7 21 20 19 11 13 2 12 12 16 12 0 19 6 16 26 9 16 10 23 19 29
10 10 18 21 4 10 11 2 6 6 13 16 7 14 11 12 19 16 7 13 15 19 0 15 18 7 16 6 12 4 3 10
25 10 14 13 16 25 6 15 21 12 3 22 18 20 5 13 5 14 9 16 14 6 15 0 19 22 12 11 10 19 15 25
23 23 6 12 22 23 14 19 20 12 16 5 13 5 19 7 18 5 15 5 5 16 18 19 0 22 7 19 9 21 20 23
3 16 24 28 8 3 18 7 2 12 20 19 9 17 18 17 26 21 14 17 20 26 7 22 22 0 22 12 18 4 8 3
24 18 3 6 19 24 8 17 20 10 10 12 14 10 13 5 11 3 11 7 3 9 16 12 7 22 0 16 4 20 18 24
15 5 18 20 5 15 9 5 12 7 9 19 12 17 6 13 15 16 5 15 15 16 6 11 19 12 16 0 12 8 4 15
21 15 7 9 15 20 5 13 17 6 7 11 11 10 10 3 11 5 7 6 4 10 12 10 9 18 4 12 0 16 14 21
7 12 22 25 4 7 15 3 4 10 17 19 9 17 14 16 23 20 11 17 18 23 4 19 21 4 20 8 16 0 4 7
11 8 20 22 2 11 12 2 8 8 13 19 10 17 10 14 19 18 7 16 17 19 3 15 20 8 18 4 14 4 0 11
0 19 26 30 11 1 21 10 4 15 23 20 11 18 21 19 29 23 17 19 22 29 10 25 23 3 24 15 21 7 11 0
,
0 55 69 63 32 2 55 12 9 25 62 48 19 19 50 23 40 38 22 24 25 46 23 29 47 7 61 21 53 15 22 0
55 0 37 47 15 28 22 17 28 25 10 63 32 50 16 50 40 32 24 51 21 27 29 24 63 18 21 14 18 18 18 35
51 48 0 13 41 56 30 52 60 33 21 15 43 21 23 11 33 3 34 20 7 31 36 19 10 46 6 22 7 35 36 67
36 53 15 0 65 34 21 59 59 32 18 18 26 44 36 24 25 15 39 22 14 19 31 30 13 75 18 36 12 48 41 70
22 24 31 37 0 25 33 5 8 13 15 49 29 49 15 38 46 29 15 34 46 43 7 38 53 16 51 12 19 6 4 24
1 46 53 55 18 0 51 21 9 25 51 25 12 32 37 23 68 48 37 49 28 48 24 28 36 6 30 33 37 15 13 2
28 16 18 30 33 44 0 33 33 19 5 33 24 25 9 23 23 21 7 28 9 22 24 17 40 51 9 21 5 18 36 43
27 10 22 52 6 10 31 0 18 8 29 30 11 37 29 33 39 30 14 38 22 50 4 27 29 14 41 11 25 5 3 14
12 31 44 27 17 6 25 15 0 24 23 17 9 37 26 27 58 51 33 45 36 42 11 61 29 6 58 34 22 6 9 11
36 16 23 22 28 29 7 14 26 0 12 27 18 29 16 9 16 17 4 18 24 22 18 17 28 20 27 11 7 26 9 34
54 24 37 27 38 46 5 32 21 20 0 45 21 46 5 16 19 28 9 22 12 8 33 6 22 49 19 24 14 49 33 39
33 71 12 40 20 24 30 29 21 15 30 0 27 6 33 8 39 13 30 7 21 27 34 30 7 53 13 23 32 33 32 20
14 30 45 48 25 20 38 25 10 9 38 22 0 10 17 9 52 33 25 9 13 39 15 22 24 18 25 22 18 16 14 24
21 38 20 38 21 50 33 29 36 18 30 4 11 0 19 12 49 14 28 7 18 57 28 40 11 44 25 34 23 42 23 44
40 8 43 20 16 48 13 30 46 21 12 44 26 36 0 33 29 35 12 32 33 14 11 8 57 45 30 16 19 14 12 33
24 49 12 30 41 43 14 37 16 16 30 14 10 14 33 0 39 11 15 4 5 33 14 37 11 34 5 17 4 42 39 45
64 38 35 11 53 36 10 21 38 38 14 24 58 54 19 27 0 29 37 31 28 4 29 15 37 77 30 39 30 29 22 63
46 28 5 19 43 30 27 35 55 24 17 26 20 23 45 8 25 0 18 12 3 23 18 31 8 24 4 25 13 48 38 41
17 25 28 17 15 28 11 19 16 4 10 17 19 35 13 8 32 14 0 19 15 33 15 26 42 36 11 5 19 19 9 18
48 45 10 36 44 37 20 23 28 16 19 8 16 4 38 8 38 6 25 0 6 44 34 35 10 36 14 30 15 38 42 22
51 30 5 23 28 40 14 29 42 12 25 14 27 9 27 7 17 4 17 8 0 32 26 19 13 39 6 18 4 27 18 43
78 26 28 11 25 79 13 34 68 20 14 55 28 50 12 21 3 25 19 43 22 0 51 15 34 64 14 33 14 41 22 67
22 13 35 39 7 25 23 2 14 13 36 43 9 39 22 24 46 16 16 17 33 30 0 41 26 21 31 13 16 11 3 28
57 13 42 22 36 45 10 39 61 22 7 62 37 20 10 25 11 33 23 39 40 13 19 0 54 38 25 15 28 34 36 74
29 30 13 30 50 34 16 51 52 36 30 15 22 8 45 13 20 12 16 12 12 18 32 27 0 43 13 24 21 57 58 65
7 21 43 30 12 4 30 11 6 33 22 30 15 26 18 50 66 26 40 33 53 51 11 49 36 0 25 35 28 10 17 7
72 52 6 7 35 40 13 44 27 12 23 14 34 19 15 14 24 7 13 11 9 22 37 30 14 34 0 35 11 32 24 62
25 7 47 48 6 30 18 13 35 20 10 49 29 25 14 32 17 23 9 20 40 47 15 15 23 14 34 0 35 13 11 16
22 42 19 20 27 22 15 26 20 8 15 13 28 28 11 8 24 6 11 14 5 23 27 16 25 36 11 25 0 36 38 46
21 30 57 67 6 10 31 8 6 29 46 25 16 33 18 44 55 46 28 35 42 48 12 46 52 8 37 19 45 0 10 11
20 12 33 31 4 27 30 4 12 18 27 42 23 42 17 34 42 40 16 31 30 32 5 39 30 22 41 11 39 12 0 29
0 35 71 39 30 1 31 22 12 45 67 58 25 42 23 40 80 31 22 56 60 34 28 36 49 5 26 31 35 17 27 0