5
30
,
0 (49.0, 21.0) 34.0
1 (16.0, 50.0) 33.0
2 (2.0, 25.0) 28.0
3 (20.0, 31.0) 39.0
4 (33.0, 15.0) 19.0
5 (39.0, 3.0) 31.0
6 (2.0, 41.0) 20.0
7 (36.0, 19.0) 40.0
8 (48.0, 27.0) 27.0
9 (12.0, 32.0) 43.0
10 (48.0, 15.0) 33.0
11 (39.0, 41.0) 23.0
12 (50.0, 25.0) 12.0
13 (17.0, 48.0) 39.0
14 (19.0, 27.0) 30.0
15 (9.0, 20.0) 22.0
16 (1.0, 46.0) 47.0
17 (23.0, 25.0) 14.0
18 (44.0, 1.0) 10.0
19 (34.0, 44.0) 11.0
20 (29.0, 44.0) 11.0
21 (36.0, 26.0) 23.0
22 (45.0, 38.0) 21.0
23 (16.0, 36.0) 20.0
24 (45.0, 41.0) 12.0
25 (29.0, 27.0) 15.0
26 (42.0, 1.0) 15.0
27 (32.0, 21.0) 14.0
28 (22.0, 28.0) 11.0
29 (43.0, 35.0) 18.0
,
0 9 9 6 3 4 10 3 1 8 1 4 1 8 6 8 11 5 4 5 6 3 3 7 4 4 4 3 6 3
9 0 6 4 8 10 3 7 8 4 9 5 8 0 5 6 3 5 11 4 3 6 6 3 6 5 11 7 5 6
9 6 0 4 7 9 3 7 9 2 9 8 10 5 3 2 4 4 10 7 7 7 9 4 9 5 9 6 4 8
6 4 4 0 4 7 4 4 6 2 6 4 6 3 1 3 5 1 8 4 3 3 5 1 5 2 7 3 1 5
3 8 7 4 0 3 8 1 4 5 3 5 4 7 4 5 9 3 4 6 6 2 5 5 6 3 3 1 3 4
4 10 9 7 3 0 11 3 5 8 3 8 5 10 6 7 11 5 1 8 8 5 7 8 8 5 1 4 6 6
10 3 3 4 8 11 0 8 10 3 11 7 10 3 4 4 1 5 12 6 5 7 9 3 9 6 11 7 5 8
3 7 7 4 1 3 8 0 3 5 3 4 3 7 4 5 9 3 4 5 5 1 4 5 5 2 4 1 3 3
1 8 9 6 4 5 10 3 0 7 2 3 1 7 6 8 10 5 5 4 5 2 2 7 3 4 5 3 5 2
8 4 2 2 5 8 3 5 7 0 8 6 8 3 2 2 4 3 9 5 4 5 7 1 7 4 9 5 2 6
1 9 9 6 3 3 11 3 2 8 0 6 2 9 6 8 11 5 3 6 7 3 5 8 5 4 3 3 6 4
4 5 8 4 5 8 7 4 3 6 6 0 4 5 5 7 8 5 8 1 2 3 1 5 1 3 8 4 4 1
1 8 10 6 4 5 10 3 1 8 2 4 0 8 6 8 11 5 5 5 6 3 3 7 3 4 5 4 6 2
8 0 5 3 7 10 3 7 7 3 9 5 8 0 4 6 3 5 11 3 3 6 6 2 6 5 11 6 4 6
6 5 3 1 4 6 4 4 6 2 6 5 6 4 0 2 5 1 7 5 4 3 6 2 6 2 7 3 1 5
8 6 2 3 5 7 4 5 8 2 8 7 8 6 2 0 5 3 8 7 6 6 8 3 8 4 8 5 3 7
11 3 4 5 9 11 1 9 10 4 11 8 11 3 5 5 0 6 12 7 6 8 9 4 9 7 12 8 6 9
5 5 4 1 3 5 5 3 5 3 5 5 5 5 1 3 6 0 6 4 4 3 5 3 5 1 6 2 1 4
4 11 10 8 4 1 12 4 5 9 3 8 5 11 7 8 12 6 0 9 9 5 7 9 8 6 0 5 7 7
5 4 7 4 6 8 6 5 4 5 6 1 5 3 5 7 7 4 9 0 1 4 3 4 2 4 9 5 4 3
6 3 7 3 6 8 5 5 5 4 7 2 6 3 4 6 6 4 9 1 0 4 3 3 3 3 9 5 3 3
3 6 7 3 2 5 7 1 2 5 3 3 3 6 3 6 8 3 5 4 4 0 3 4 3 1 5 1 3 2
3 6 9 5 5 7 9 4 2 7 5 1 3 6 6 8 9 5 7 3 3 3 0 6 1 4 7 4 5 1
7 3 4 1 5 8 3 5 7 1 8 5 7 2 2 3 4 3 9 4 3 4 6 0 6 3 9 4 2 5
4 6 9 5 6 8 9 5 3 7 5 1 3 6 6 8 9 5 8 2 3 3 1 6 0 4 8 5 5 1
4 5 5 2 3 5 6 2 4 4 4 3 4 5 2 4 7 1 6 4 3 1 4 3 4 0 6 1 1 3
4 11 9 7 3 1 11 4 5 9 3 8 5 11 7 8 12 6 0 9 9 5 7 9 8 6 0 4 7 7
3 7 6 3 1 4 7 1 3 5 3 4 4 6 3 5 8 2 5 5 5 1 4 4 5 1 4 0 2 4
6 5 4 1 3 6 5 3 5 2 6 4 6 4 1 3 6 1 7 4 3 3 5 2 5 1 7 2 0 4
3 6 8 5 4 6 8 3 2 6 4 1 2 6 5 7 9 4 7 3 3 2 1 5 1 3 7 4 4 0
,
0 35 67 31 18 17 35 7 6 56 6 19 3 36 35 50 44 30 11 34 41 14 22 42 30 16 22 17 24 8
25 0 28 27 27 72 23 40 52 27 49 20 39 2 31 28 14 16 38 21 9 31 37 15 30 23 76 22 29 19
42 33 0 21 48 23 16 40 34 16 64 37 38 17 14 10 30 27 33 55 30 39 56 16 57 29 61 27 29 45
42 15 18 0 13 43 30 16 25 10 32 29 37 24 6 16 23 6 49 12 21 11 33 6 26 14 53 16 4 35
14 33 23 14 0 12 43 7 27 21 11 15 27 26 16 27 26 15 20 32 23 7 39 18 25 15 20 3 12 32
14 42 56 30 13 0 65 10 26 45 17 43 29 65 26 38 58 28 5 41 38 12 44 32 40 36 3 28 32 35
76 12 21 31 55 78 0 53 51 11 32 46 40 25 26 23 8 36 60 46 27 45 54 16 31 17 36 50 15 32
18 32 43 10 6 15 27 0 11 40 9 25 8 43 17 37 47 9 12 28 33 6 20 37 17 7 18 5 19 25
8 41 38 15 28 33 58 12 0 21 14 24 2 42 31 47 58 30 27 17 34 16 12 32 17 11 37 25 33 13
33 23 15 5 15 39 19 30 35 0 21 29 31 25 6 13 25 16 54 35 11 22 42 8 30 20 45 31 11 26
6 50 60 40 16 14 46 7 8 29 0 19 10 59 39 51 70 24 22 24 28 19 29 50 19 22 11 26 26 31
19 31 29 14 33 25 34 19 14 29 25 0 19 21 29 24 53 21 55 5 12 9 5 24 8 14 60 16 22 9
4 35 67 18 21 32 38 11 2 20 12 25 0 45 40 26 44 29 17 26 41 11 9 39 17 26 18 26 34 11
42 3 34 18 49 71 15 42 47 18 43 26 50 0 20 40 20 21 55 15 13 18 34 15 18 14 62 25 12 36
18 21 20 5 15 16 15 14 22 11 20 29 26 13 0 6 25 2 41 30 17 25 39 8 43 14 35 9 4 36
38 32 8 11 35 41 21 17 45 12 30 51 37 38 11 0 25 16 41 23 37 24 47 21 30 20 35 32 20 46
27 15 26 24 58 50 6 47 69 11 43 40 46 18 16 40 0 38 93 38 32 51 29 21 63 32 72 51 27 38
28 29 22 6 18 31 26 14 37 13 40 21 21 26 6 14 38 0 40 18 20 10 25 10 36 3 27 14 3 13
16 79 70 58 19 6 32 27 24 66 15 57 22 58 36 58 89 42 0 49 51 20 37 58 40 29 3 33 39 45
35 14 44 25 21 48 34 14 31 37 25 9 35 14 28 40 47 18 66 0 7 24 9 14 17 18 41 31 14 9
18 13 22 10 32 31 26 30 13 30 39 12 24 10 18 39 26 17 56 7 0 27 15 17 15 13 61 16 21 13
11 41 48 9 17 12 29 9 9 16 19 18 14 28 9 25 58 11 16 23 15 0 20 21 13 5 22 9 16 8
22 44 57 24 30 30 40 23 16 29 17 10 9 41 23 33 64 23 30 9 16 9 0 23 3 14 54 16 23 4
22 13 22 7 28 49 11 28 33 7 31 15 36 11 9 10 18 19 34 25 17 24 38 0 40 10 33 23 9 21
13 44 46 21 29 52 25 29 19 49 18 6 10 15 25 25 51 25 45 6 21 18 3 25 0 12 49 29 37 6
28 29 38 12 9 15 43 15 21 18 18 14 28 24 13 31 37 6 27 10 13 7 24 22 27 0 39 5 6 18
11 53 36 27 18 3 72 15 20 47 20 54 28 77 34 43 33 24 2 29 51 26 25 42 51 43 0 28 50 50
15 25 37 12 4 22 54 4 17 18 25 21 17 18 20 24 45 15 31 20 17 9 26 27 28 8 17 0 8 12
41 22 18 4 24 24 13 22 14 12 24 23 42 19 2 12 21 4 34 22 13 15 13 12 32 9 38 11 0 14
10 31 30 31 23 38 27 15 10 30 19 5 12 33 13 37 50 27 31 10 9 13 4 21 9 19 22 27 32 0