5
30
,
0 (49.0, 21.0) 18.0
1 (16.0, 50.0) 11.0
2 (2.0, 25.0) 16.0
3 (20.0, 31.0) 23.0
4 (33.0, 15.0) 18.0
5 (39.0, 3.0) 17.0
6 (2.0, 41.0) 36.0
7 (36.0, 19.0) 13.0
8 (48.0, 27.0) 12.0
9 (12.0, 32.0) 39.0
10 (48.0, 15.0) 21.0
11 (39.0, 41.0) 31.0
12 (50.0, 25.0) 44.0
13 (17.0, 48.0) 40.0
14 (19.0, 27.0) 33.0
15 (9.0, 20.0) 10.0
16 (1.0, 46.0) 36.0
17 (23.0, 25.0) 24.0
18 (44.0, 1.0) 33.0
19 (34.0, 44.0) 18.0
20 (29.0, 44.0) 22.0
21 (36.0, 26.0) 48.0
22 (45.0, 38.0) 19.0
23 (16.0, 36.0) 40.0
24 (45.0, 41.0) 31.0
25 (29.0, 27.0) 11.0
26 (42.0, 1.0) 11.0
27 (32.0, 21.0) 46.0
28 (22.0, 28.0) 11.0
29 (43.0, 35.0) 10.0
,
0 9 9 6 3 4 10 3 1 8 1 4 1 8 6 8 11 5 4 5 6 3 3 7 4 4 4 3 6 3
9 0 6 4 8 10 3 7 8 4 9 5 8 0 5 6 3 5 11 4 3 6 6 3 6 5 11 7 5 6
9 6 0 4 7 9 3 7 9 2 9 8 10 5 3 2 4 4 10 7 7 7 9 4 9 5 9 6 4 8
6 4 4 0 4 7 4 4 6 2 6 4 6 3 1 3 5 1 8 4 3 3 5 1 5 2 7 3 1 5
3 8 7 4 0 3 8 1 4 5 3 5 4 7 4 5 9 3 4 6 6 2 5 5 6 3 3 1 3 4
4 10 9 7 3 0 11 3 5 8 3 8 5 10 6 7 11 5 1 8 8 5 7 8 8 5 1 4 6 6
10 3 3 4 8 11 0 8 10 3 11 7 10 3 4 4 1 5 12 6 5 7 9 3 9 6 11 7 5 8
3 7 7 4 1 3 8 0 3 5 3 4 3 7 4 5 9 3 4 5 5 1 4 5 5 2 4 1 3 3
1 8 9 6 4 5 10 3 0 7 2 3 1 7 6 8 10 5 5 4 5 2 2 7 3 4 5 3 5 2
8 4 2 2 5 8 3 5 7 0 8 6 8 3 2 2 4 3 9 5 4 5 7 1 7 4 9 5 2 6
1 9 9 6 3 3 11 3 2 8 0 6 2 9 6 8 11 5 3 6 7 3 5 8 5 4 3 3 6 4
4 5 8 4 5 8 7 4 3 6 6 0 4 5 5 7 8 5 8 1 2 3 1 5 1 3 8 4 4 1
1 8 10 6 4 5 10 3 1 8 2 4 0 8 6 8 11 5 5 5 6 3 3 7 3 4 5 4 6 2
8 0 5 3 7 10 3 7 7 3 9 5 8 0 4 6 3 5 11 3 3 6 6 2 6 5 11 6 4 6
6 5 3 1 4 6 4 4 6 2 6 5 6 4 0 2 5 1 7 5 4 3 6 2 6 2 7 3 1 5
8 6 2 3 5 7 4 5 8 2 8 7 8 6 2 0 5 3 8 7 6 6 8 3 8 4 8 5 3 7
11 3 4 5 9 11 1 9 10 4 11 8 11 3 5 5 0 6 12 7 6 8 9 4 9 7 12 8 6 9
5 5 4 1 3 5 5 3 5 3 5 5 5 5 1 3 6 0 6 4 4 3 5 3 5 1 6 2 1 4
4 11 10 8 4 1 12 4 5 9 3 8 5 11 7 8 12 6 0 9 9 5 7 9 8 6 0 5 7 7
5 4 7 4 6 8 6 5 4 5 6 1 5 3 5 7 7 4 9 0 1 4 3 4 2 4 9 5 4 3
6 3 7 3 6 8 5 5 5 4 7 2 6 3 4 6 6 4 9 1 0 4 3 3 3 3 9 5 3 3
3 6 7 3 2 5 7 1 2 5 3 3 3 6 3 6 8 3 5 4 4 0 3 4 3 1 5 1 3 2
3 6 9 5 5 7 9 4 2 7 5 1 3 6 6 8 9 5 7 3 3 3 0 6 1 4 7 4 5 1
7 3 4 1 5 8 3 5 7 1 8 5 7 2 2 3 4 3 9 4 3 4 6 0 6 3 9 4 2 5
4 6 9 5 6 8 9 5 3 7 5 1 3 6 6 8 9 5 8 2 3 3 1 6 0 4 8 5 5 1
4 5 5 2 3 5 6 2 4 4 4 3 4 5 2 4 7 1 6 4 3 1 4 3 4 0 6 1 1 3
4 11 9 7 3 1 11 4 5 9 3 8 5 11 7 8 12 6 0 9 9 5 7 9 8 6 0 4 7 7
3 7 6 3 1 4 7 1 3 5 3 4 4 6 3 5 8 2 5 5 5 1 4 4 5 1 4 0 2 4
6 5 4 1 3 6 5 3 5 2 6 4 6 4 1 3 6 1 7 4 3 3 5 2 5 1 7 2 0 4
3 6 8 5 4 6 8 3 2 6 4 1 2 6 5 7 9 4 7 3 3 2 1 5 1 3 7 4 4 0
,
0 48 63 22 10 21 50 14 8 29 3 29 3 52 38 21 36 25 29 25 31 15 13 29 19 14 19 11 21 15
56 0 37 13 48 77 18 55 50 18 69 32 54 2 17 19 13 33 46 18 10 17 21 20 44 25 45 25 13 38
61 16 0 22 40 42 16 34 26 7 41 37 38 22 13 9 11 30 55 54 48 33 32 11 33 33 45 44 17 35
40 21 22 0 19 19 15 26 37 9 21 23 29 22 3 9 23 8 24 12 23 11 21 5 14 13 37 23 3 28
25 57 46 15 0 13 53 6 14 25 10 31 13 40 25 21 54 19 19 35 24 8 18 34 42 9 9 3 25 30
10 34 60 30 8 0 27 19 36 53 14 50 17 27 21 40 44 26 3 38 53 14 28 58 41 39 3 16 33 46
40 15 12 28 30 27 0 50 54 15 70 24 36 23 25 24 6 26 81 20 26 49 61 21 45 42 59 21 17 55
8 50 37 23 7 10 26 0 17 37 12 29 19 46 11 36 22 19 15 13 30 5 16 18 29 12 19 3 8 18
5 42 66 42 14 27 66 20 0 52 7 22 2 40 34 23 28 22 18 32 15 16 13 31 16 22 21 11 19 14
28 26 17 7 19 48 18 32 47 0 43 19 21 11 7 9 16 18 25 17 18 22 34 5 20 11 40 29 13 36
6 43 42 22 13 20 44 12 15 27 0 15 6 23 37 37 80 28 17 18 41 9 30 57 36 14 15 19 15 11
33 26 50 16 14 57 55 23 23 34 36 0 13 12 22 44 38 26 24 8 8 23 6 13 8 16 46 26 22 5
2 63 42 33 12 35 40 13 2 34 8 11 0 59 32 28 79 21 22 29 34 20 20 18 17 11 27 11 40 15
38 2 33 20 28 40 17 52 27 13 46 16 31 0 27 33 21 21 62 15 9 41 22 10 42 28 27 44 18 19
25 22 19 5 17 41 19 10 26 13 47 18 27 22 0 17 23 3 39 30 19 18 28 5 40 12 35 11 3 37
22 18 8 21 20 35 21 21 56 10 37 55 28 15 13 0 26 21 51 50 24 15 22 15 53 25 31 30 19 39
39 15 24 34 46 45 5 38 58 10 30 27 30 18 22 27 0 26 57 42 16 44 53 15 48 28 34 40 18 25
35 21 19 7 20 15 15 11 35 13 38 13 28 27 6 12 21 0 20 31 29 11 33 13 31 7 16 7 4 21
21 32 54 25 26 7 39 28 19 55 19 47 33 54 26 46 59 43 0 32 44 39 29 34 60 42 2 32 45 20
23 22 22 11 33 45 35 14 23 34 39 3 30 17 30 45 32 12 35 0 6 27 7 25 13 9 49 27 16 7
27 21 40 13 43 49 34 20 20 29 34 6 26 12 27 19 36 13 52 3 0 13 23 9 11 14 34 24 16 19
12 25 48 16 7 15 42 7 15 18 15 12 7 17 19 40 59 7 34 13 23 0 18 20 20 4 20 3 17 11
21 38 47 34 38 46 46 12 12 18 22 9 14 17 14 33 29 25 33 10 16 11 0 30 3 27 19 26 24 4
51 11 24 8 18 35 13 25 43 5 57 23 50 10 13 11 22 8 28 18 23 15 25 0 15 20 30 31 8 28
13 33 54 15 34 39 37 29 18 41 37 7 18 43 28 27 30 29 33 8 24 9 2 22 0 31 24 13 18 4
27 25 33 7 8 19 23 6 20 13 32 23 15 24 12 24 39 9 29 18 19 7 14 22 31 0 29 6 8 12
19 78 29 32 18 5 78 24 39 47 18 30 15 37 39 50 46 22 3 61 39 36 24 38 21 17 0 13 19 48
20 44 30 17 5 16 28 4 24 21 14 11 16 23 16 25 51 14 19 19 29 4 16 31 25 8 18 0 9 24
38 24 27 5 11 39 34 14 24 14 18 20 42 21 4 17 24 3 50 30 19 14 26 13 37 4 29 13 0 24
11 43 57 20 19 17 22 17 11 41 26 8 7 32 27 24 48 13 26 9 9 15 3 24 6 18 40 16 31 0