5
30
,
0 (49.0, 21.0) 22.0
1 (16.0, 50.0) 14.0
2 (2.0, 25.0) 30.0
3 (20.0, 31.0) 26.0
4 (33.0, 15.0) 25.0
5 (39.0, 3.0) 37.0
6 (2.0, 41.0) 19.0
7 (36.0, 19.0) 16.0
8 (48.0, 27.0) 38.0
9 (12.0, 32.0) 21.0
10 (48.0, 15.0) 20.0
11 (39.0, 41.0) 10.0
12 (50.0, 25.0) 22.0
13 (17.0, 48.0) 30.0
14 (19.0, 27.0) 17.0
15 (9.0, 20.0) 28.0
16 (1.0, 46.0) 26.0
17 (23.0, 25.0) 25.0
18 (44.0, 1.0) 13.0
19 (34.0, 44.0) 12.0
20 (29.0, 44.0) 34.0
21 (36.0, 26.0) 32.0
22 (45.0, 38.0) 27.0
23 (16.0, 36.0) 35.0
24 (45.0, 41.0) 28.0
25 (29.0, 27.0) 34.0
26 (42.0, 1.0) 16.0
27 (32.0, 21.0) 28.0
28 (22.0, 28.0) 11.0
29 (43.0, 35.0) 12.0
,
0 9 9 6 3 4 10 3 1 8 1 4 1 8 6 8 11 5 4 5 6 3 3 7 4 4 4 3 6 3
9 0 6 4 8 10 3 7 8 4 9 5 8 0 5 6 3 5 11 4 3 6 6 3 6 5 11 7 5 6
9 6 0 4 7 9 3 7 9 2 9 8 10 5 3 2 4 4 10 7 7 7 9 4 9 5 9 6 4 8
6 4 4 0 4 7 4 4 6 2 6 4 6 3 1 3 5 1 8 4 3 3 5 1 5 2 7 3 1 5
3 8 7 4 0 3 8 1 4 5 3 5 4 7 4 5 9 3 4 6 6 2 5 5 6 3 3 1 3 4
4 10 9 7 3 0 11 3 5 8 3 8 5 10 6 7 11 5 1 8 8 5 7 8 8 5 1 4 6 6
10 3 3 4 8 11 0 8 10 3 11 7 10 3 4 4 1 5 12 6 5 7 9 3 9 6 11 7 5 8
3 7 7 4 1 3 8 0 3 5 3 4 3 7 4 5 9 3 4 5 5 1 4 5 5 2 4 1 3 3
1 8 9 6 4 5 10 3 0 7 2 3 1 7 6 8 10 5 5 4 5 2 2 7 3 4 5 3 5 2
8 4 2 2 5 8 3 5 7 0 8 6 8 3 2 2 4 3 9 5 4 5 7 1 7 4 9 5 2 6
1 9 9 6 3 3 11 3 2 8 0 6 2 9 6 8 11 5 3 6 7 3 5 8 5 4 3 3 6 4
4 5 8 4 5 8 7 4 3 6 6 0 4 5 5 7 8 5 8 1 2 3 1 5 1 3 8 4 4 1
1 8 10 6 4 5 10 3 1 8 2 4 0 8 6 8 11 5 5 5 6 3 3 7 3 4 5 4 6 2
8 0 5 3 7 10 3 7 7 3 9 5 8 0 4 6 3 5 11 3 3 6 6 2 6 5 11 6 4 6
6 5 3 1 4 6 4 4 6 2 6 5 6 4 0 2 5 1 7 5 4 3 6 2 6 2 7 3 1 5
8 6 2 3 5 7 4 5 8 2 8 7 8 6 2 0 5 3 8 7 6 6 8 3 8 4 8 5 3 7
11 3 4 5 9 11 1 9 10 4 11 8 11 3 5 5 0 6 12 7 6 8 9 4 9 7 12 8 6 9
5 5 4 1 3 5 5 3 5 3 5 5 5 5 1 3 6 0 6 4 4 3 5 3 5 1 6 2 1 4
4 11 10 8 4 1 12 4 5 9 3 8 5 11 7 8 12 6 0 9 9 5 7 9 8 6 0 5 7 7
5 4 7 4 6 8 6 5 4 5 6 1 5 3 5 7 7 4 9 0 1 4 3 4 2 4 9 5 4 3
6 3 7 3 6 8 5 5 5 4 7 2 6 3 4 6 6 4 9 1 0 4 3 3 3 3 9 5 3 3
3 6 7 3 2 5 7 1 2 5 3 3 3 6 3 6 8 3 5 4 4 0 3 4 3 1 5 1 3 2
3 6 9 5 5 7 9 4 2 7 5 1 3 6 6 8 9 5 7 3 3 3 0 6 1 4 7 4 5 1
7 3 4 1 5 8 3 5 7 1 8 5 7 2 2 3 4 3 9 4 3 4 6 0 6 3 9 4 2 5
4 6 9 5 6 8 9 5 3 7 5 1 3 6 6 8 9 5 8 2 3 3 1 6 0 4 8 5 5 1
4 5 5 2 3 5 6 2 4 4 4 3 4 5 2 4 7 1 6 4 3 1 4 3 4 0 6 1 1 3
4 11 9 7 3 1 11 4 5 9 3 8 5 11 7 8 12 6 0 9 9 5 7 9 8 6 0 4 7 7
3 7 6 3 1 4 7 1 3 5 3 4 4 6 3 5 8 2 5 5 5 1 4 4 5 1 4 0 2 4
6 5 4 1 3 6 5 3 5 2 6 4 6 4 1 3 6 1 7 4 3 3 5 2 5 1 7 2 0 4
3 6 8 5 4 6 8 3 2 6 4 1 2 6 5 7 9 4 7 3 3 2 1 5 1 3 7 4 4 0
,
0 66 43 22 13 23 61 18 8 23 8 18 4 51 20 49 62 33 12 14 32 18 26 40 25 30 18 17 14 10
41 0 35 27 29 61 13 25 45 11 64 31 25 3 31 43 9 14 62 14 20 25 30 8 21 30 29 32 25 42
54 33 0 12 45 40 16 47 45 18 67 45 32 16 14 5 23 17 43 46 44 31 28 12 52 40 40 34 13 45
20 10 13 0 22 33 29 16 35 11 32 30 20 10 5 9 16 7 19 14 12 14 28 4 24 13 35 13 4 28
10 28 28 28 0 8 33 7 29 14 21 38 28 35 26 31 33 11 11 15 30 16 36 24 27 17 24 7 25 22
30 73 53 28 18 0 52 21 21 58 10 29 28 47 26 33 40 29 8 49 62 12 23 45 20 15 2 19 42 43
42 19 12 21 33 30 0 39 48 10 54 25 36 18 21 14 5 28 50 33 37 24 54 19 40 34 81 32 33 60
13 31 27 24 4 20 55 0 10 38 9 18 13 48 22 25 45 18 19 28 30 6 31 34 25 13 10 3 17 11
4 40 60 34 22 23 34 15 0 24 14 22 3 41 23 55 29 26 20 22 22 11 9 31 11 17 17 21 17 9
46 15 16 7 29 22 12 38 52 0 52 38 35 21 8 6 10 9 46 15 21 13 21 4 34 26 60 28 13 23
8 48 55 30 12 17 35 9 16 44 0 37 6 57 36 21 45 26 8 44 18 24 22 43 32 29 20 22 37 16
14 16 58 19 15 46 44 26 10 20 26 0 25 21 14 39 47 31 47 7 11 8 6 30 4 23 35 29 12 5
4 33 60 26 21 29 38 8 3 43 6 16 0 53 44 48 35 33 15 28 24 20 15 45 14 16 32 18 40 14
44 2 41 25 47 69 9 40 22 17 31 21 41 0 30 30 16 32 42 20 12 24 22 12 31 36 64 25 16 23
38 25 19 6 13 34 17 25 27 6 35 15 22 17 0 14 16 5 26 20 17 18 21 12 31 8 22 17 3 22
40 21 11 10 33 22 27 29 49 9 29 25 40 27 14 0 28 17 41 19 24 17 42 12 54 11 24 15 14 23
41 9 21 32 46 34 7 49 44 15 68 23 65 22 25 22 0 17 60 20 37 21 36 25 26 40 47 58 20 54
27 36 19 9 9 25 33 16 27 8 28 27 29 32 6 11 41 0 27 17 14 17 22 16 14 8 17 6 3 22
28 59 33 24 23 7 76 18 34 54 15 43 28 59 30 32 77 20 0 37 47 33 22 59 47 25 2 15 39 35
32 27 23 10 38 42 20 25 26 14 42 8 36 26 28 28 34 15 35 0 6 24 18 28 8 12 63 18 17 13
18 11 17 14 20 22 21 25 35 24 37 14 27 7 23 21 19 24 56 3 0 20 24 16 9 17 52 33 24 17
15 47 45 16 12 15 28 7 8 27 16 14 9 22 15 39 45 8 23 16 12 0 21 18 10 5 22 6 16 13
25 44 46 22 38 42 62 27 13 20 17 5 15 22 16 49 30 13 45 14 14 21 0 42 2 15 54 13 19 2
44 17 17 7 40 27 9 37 29 8 45 15 44 8 13 16 11 7 35 13 16 24 18 0 24 17 54 22 12 33
29 31 50 36 21 49 56 17 13 33 37 9 21 38 29 25 23 29 43 13 16 24 4 23 0 26 54 15 24 8
16 38 15 5 10 14 44 8 13 26 13 26 17 23 6 22 36 5 20 14 17 10 21 23 26 0 31 8 6 17
23 71 32 39 17 2 75 22 29 26 22 35 21 43 31 36 89 24 1 53 52 36 40 41 55 19 0 28 21 31
18 32 42 20 6 17 53 4 14 14 9 16 22 28 9 16 39 9 12 31 12 4 25 17 33 6 14 0 8 22
24 25 21 2 10 41 14 21 22 9 34 23 33 20 3 14 20 2 39 16 10 12 18 8 35 4 24 14 0 22
11 27 60 12 33 24 56 19 13 31 26 9 15 33 35 54 41 23 36 10 24 7 3 14 8 16 17 16 13 0