5
30
,
0 (49.0, 21.0) 35.0
1 (16.0, 50.0) 18.0
2 (2.0, 25.0) 22.0
3 (20.0, 31.0) 42.0
4 (33.0, 15.0) 47.0
5 (39.0, 3.0) 19.0
6 (2.0, 41.0) 22.0
7 (36.0, 19.0) 25.0
8 (48.0, 27.0) 13.0
9 (12.0, 32.0) 16.0
10 (48.0, 15.0) 10.0
11 (39.0, 41.0) 12.0
12 (50.0, 25.0) 15.0
13 (17.0, 48.0) 25.0
14 (19.0, 27.0) 32.0
15 (9.0, 20.0) 12.0
16 (1.0, 46.0) 10.0
17 (23.0, 25.0) 13.0
18 (44.0, 1.0) 46.0
19 (34.0, 44.0) 36.0
20 (29.0, 44.0) 22.0
21 (36.0, 26.0) 25.0
22 (45.0, 38.0) 47.0
23 (16.0, 36.0) 39.0
24 (45.0, 41.0) 40.0
25 (29.0, 27.0) 18.0
26 (42.0, 1.0) 14.0
27 (32.0, 21.0) 18.0
28 (22.0, 28.0) 12.0
29 (43.0, 35.0) 22.0
,
0 9 9 6 3 4 10 3 1 8 1 4 1 8 6 8 11 5 4 5 6 3 3 7 4 4 4 3 6 3
9 0 6 4 8 10 3 7 8 4 9 5 8 0 5 6 3 5 11 4 3 6 6 3 6 5 11 7 5 6
9 6 0 4 7 9 3 7 9 2 9 8 10 5 3 2 4 4 10 7 7 7 9 4 9 5 9 6 4 8
6 4 4 0 4 7 4 4 6 2 6 4 6 3 1 3 5 1 8 4 3 3 5 1 5 2 7 3 1 5
3 8 7 4 0 3 8 1 4 5 3 5 4 7 4 5 9 3 4 6 6 2 5 5 6 3 3 1 3 4
4 10 9 7 3 0 11 3 5 8 3 8 5 10 6 7 11 5 1 8 8 5 7 8 8 5 1 4 6 6
10 3 3 4 8 11 0 8 10 3 11 7 10 3 4 4 1 5 12 6 5 7 9 3 9 6 11 7 5 8
3 7 7 4 1 3 8 0 3 5 3 4 3 7 4 5 9 3 4 5 5 1 4 5 5 2 4 1 3 3
1 8 9 6 4 5 10 3 0 7 2 3 1 7 6 8 10 5 5 4 5 2 2 7 3 4 5 3 5 2
8 4 2 2 5 8 3 5 7 0 8 6 8 3 2 2 4 3 9 5 4 5 7 1 7 4 9 5 2 6
1 9 9 6 3 3 11 3 2 8 0 6 2 9 6 8 11 5 3 6 7 3 5 8 5 4 3 3 6 4
4 5 8 4 5 8 7 4 3 6 6 0 4 5 5 7 8 5 8 1 2 3 1 5 1 3 8 4 4 1
1 8 10 6 4 5 10 3 1 8 2 4 0 8 6 8 11 5 5 5 6 3 3 7 3 4 5 4 6 2
8 0 5 3 7 10 3 7 7 3 9 5 8 0 4 6 3 5 11 3 3 6 6 2 6 5 11 6 4 6
6 5 3 1 4 6 4 4 6 2 6 5 6 4 0 2 5 1 7 5 4 3 6 2 6 2 7 3 1 5
8 6 2 3 5 7 4 5 8 2 8 7 8 6 2 0 5 3 8 7 6 6 8 3 8 4 8 5 3 7
11 3 4 5 9 11 1 9 10 4 11 8 11 3 5 5 0 6 12 7 6 8 9 4 9 7 12 8 6 9
5 5 4 1 3 5 5 3 5 3 5 5 5 5 1 3 6 0 6 4 4 3 5 3 5 1 6 2 1 4
4 11 10 8 4 1 12 4 5 9 3 8 5 11 7 8 12 6 0 9 9 5 7 9 8 6 0 5 7 7
5 4 7 4 6 8 6 5 4 5 6 1 5 3 5 7 7 4 9 0 1 4 3 4 2 4 9 5 4 3
6 3 7 3 6 8 5 5 5 4 7 2 6 3 4 6 6 4 9 1 0 4 3 3 3 3 9 5 3 3
3 6 7 3 2 5 7 1 2 5 3 3 3 6 3 6 8 3 5 4 4 0 3 4 3 1 5 1 3 2
3 6 9 5 5 7 9 4 2 7 5 1 3 6 6 8 9 5 7 3 3 3 0 6 1 4 7 4 5 1
7 3 4 1 5 8 3 5 7 1 8 5 7 2 2 3 4 3 9 4 3 4 6 0 6 3 9 4 2 5
4 6 9 5 6 8 9 5 3 7 5 1 3 6 6 8 9 5 8 2 3 3 1 6 0 4 8 5 5 1
4 5 5 2 3 5 6 2 4 4 4 3 4 5 2 4 7 1 6 4 3 1 4 3 4 0 6 1 1 3
4 11 9 7 3 1 11 4 5 9 3 8 5 11 7 8 12 6 0 9 9 5 7 9 8 6 0 4 7 7
3 7 6 3 1 4 7 1 3 5 3 4 4 6 3 5 8 2 5 5 5 1 4 4 5 1 4 0 2 4
6 5 4 1 3 6 5 3 5 2 6 4 6 4 1 3 6 1 7 4 3 3 5 2 5 1 7 2 0 4
3 6 8 5 4 6 8 3 2 6 4 1 2 6 5 7 9 4 7 3 3 2 1 5 1 3 7 4 4 0
,
0 32 68 29 15 25 42 15 8 20 3 28 3 47 42 49 49 22 24 16 41 20 26 48 30 24 30 18 32 21
40 0 22 12 33 70 19 44 37 23 60 21 23 1 28 43 12 27 51 12 15 40 20 12 37 26 77 41 16 20
53 35 0 14 24 38 19 33 68 8 32 48 69 36 22 10 19 30 30 29 20 40 36 9 67 23 67 39 21 25
31 22 16 0 20 39 13 28 23 6 38 15 30 11 3 22 13 4 28 22 19 24 13 8 40 14 51 22 3 15
25 49 30 25 0 12 44 7 21 17 11 30 28 35 20 17 65 12 10 27 23 8 37 25 27 6 12 9 19 19
26 57 28 31 15 0 41 11 20 34 21 39 21 28 39 27 61 35 3 34 58 27 21 51 32 26 5 18 44 38
51 16 15 12 52 77 0 59 54 10 39 34 33 19 25 14 6 31 50 32 35 48 62 15 50 43 47 37 34 58
11 50 31 10 5 23 43 0 12 14 6 17 14 47 16 39 57 14 26 22 37 8 15 33 26 10 18 3 9 26
6 23 69 17 12 35 27 20 0 33 15 24 3 24 19 35 76 26 34 18 14 9 17 38 17 21 31 15 16 10
42 10 8 10 28 34 7 26 19 0 55 22 52 23 6 10 22 7 54 35 13 15 37 8 23 18 46 20 16 36
5 56 52 24 16 18 30 8 7 51 0 28 6 41 45 43 60 27 9 40 46 10 33 24 29 26 12 15 20 16
18 34 25 25 19 27 33 20 18 26 39 0 20 33 16 21 35 30 35 8 12 14 8 23 9 24 53 18 31 6
5 40 71 23 15 22 26 16 4 31 12 16 0 43 32 26 40 34 36 19 16 14 16 45 13 26 18 19 39 18
37 1 23 23 41 35 24 52 29 24 31 32 21 0 30 18 23 22 33 25 8 27 19 12 39 34 77 33 28 21
36 22 17 4 20 30 30 12 30 8 21 36 41 31 0 10 16 6 19 25 19 11 31 9 25 10 40 19 5 23
57 23 8 23 25 49 19 28 35 8 43 20 59 16 15 0 22 19 37 48 26 34 27 15 32 15 38 13 22 23
69 9 18 27 52 42 6 53 56 20 39 39 77 11 33 19 0 43 43 22 29 32 46 10 44 33 84 52 15 36
30 15 11 8 9 38 17 18 35 12 17 28 28 33 2 14 37 0 29 21 17 8 19 12 25 9 35 9 5 33
24 36 30 39 15 4 73 17 22 49 10 42 18 66 19 48 84 38 0 34 66 21 49 49 50 15 2 24 45 32
35 27 26 15 25 30 30 23 20 26 39 3 28 22 12 43 35 12 58 0 7 27 13 11 10 20 38 26 15 12
30 21 46 10 18 37 39 24 22 16 22 9 16 15 23 43 33 14 41 6 0 11 24 22 9 14 31 25 25 25
14 41 28 18 16 21 49 4 16 15 13 17 20 43 10 33 28 18 38 22 19 0 21 16 20 7 36 6 12 17
12 21 67 30 21 24 26 13 14 33 30 8 8 37 16 58 49 22 35 15 23 8 0 31 4 15 49 21 34 5
44 10 12 4 21 35 16 15 35 5 56 13 25 10 9 25 23 17 36 23 16 24 41 0 35 17 38 25 9 21
28 41 57 34 34 26 30 29 12 30 15 5 18 32 22 48 56 15 37 12 18 26 3 25 0 19 47 14 26 9
12 34 36 13 7 34 30 9 28 11 21 22 14 32 10 28 19 7 25 15 24 4 29 16 16 0 39 9 7 8
27 34 46 24 11 3 73 19 22 44 12 59 29 34 34 37 69 38 2 37 46 26 34 29 44 21 0 33 41 39
11 35 28 20 7 10 37 4 21 15 24 25 10 41 10 16 27 6 23 15 24 7 21 14 21 4 30 0 13 13
23 12 21 2 25 26 24 19 24 14 37 12 40 19 2 8 34 3 23 13 16 10 13 8 28 8 25 12 0 13
23 46 63 12 16 45 56 9 12 21 15 8 14 15 32 26 57 27 23 6 15 8 4 38 9 13 44 22 27 0