5
30
,
0 (49.0, 21.0) 31.0
1 (16.0, 50.0) 50.0
2 (2.0, 25.0) 10.0
3 (20.0, 31.0) 24.0
4 (33.0, 15.0) 14.0
5 (39.0, 3.0) 17.0
6 (2.0, 41.0) 13.0
7 (36.0, 19.0) 21.0
8 (48.0, 27.0) 15.0
9 (12.0, 32.0) 13.0
10 (48.0, 15.0) 37.0
11 (39.0, 41.0) 25.0
12 (50.0, 25.0) 25.0
13 (17.0, 48.0) 45.0
14 (19.0, 27.0) 12.0
15 (9.0, 20.0) 36.0
16 (1.0, 46.0) 24.0
17 (23.0, 25.0) 16.0
18 (44.0, 1.0) 27.0
19 (34.0, 44.0) 34.0
20 (29.0, 44.0) 15.0
21 (36.0, 26.0) 10.0
22 (45.0, 38.0) 20.0
23 (16.0, 36.0) 30.0
24 (45.0, 41.0) 23.0
25 (29.0, 27.0) 25.0
26 (42.0, 1.0) 11.0
27 (32.0, 21.0) 28.0
28 (22.0, 28.0) 49.0
29 (43.0, 35.0) 23.0
,
0 9 9 6 3 4 10 3 1 8 1 4 1 8 6 8 11 5 4 5 6 3 3 7 4 4 4 3 6 3
9 0 6 4 8 10 3 7 8 4 9 5 8 0 5 6 3 5 11 4 3 6 6 3 6 5 11 7 5 6
9 6 0 4 7 9 3 7 9 2 9 8 10 5 3 2 4 4 10 7 7 7 9 4 9 5 9 6 4 8
6 4 4 0 4 7 4 4 6 2 6 4 6 3 1 3 5 1 8 4 3 3 5 1 5 2 7 3 1 5
3 8 7 4 0 3 8 1 4 5 3 5 4 7 4 5 9 3 4 6 6 2 5 5 6 3 3 1 3 4
4 10 9 7 3 0 11 3 5 8 3 8 5 10 6 7 11 5 1 8 8 5 7 8 8 5 1 4 6 6
10 3 3 4 8 11 0 8 10 3 11 7 10 3 4 4 1 5 12 6 5 7 9 3 9 6 11 7 5 8
3 7 7 4 1 3 8 0 3 5 3 4 3 7 4 5 9 3 4 5 5 1 4 5 5 2 4 1 3 3
1 8 9 6 4 5 10 3 0 7 2 3 1 7 6 8 10 5 5 4 5 2 2 7 3 4 5 3 5 2
8 4 2 2 5 8 3 5 7 0 8 6 8 3 2 2 4 3 9 5 4 5 7 1 7 4 9 5 2 6
1 9 9 6 3 3 11 3 2 8 0 6 2 9 6 8 11 5 3 6 7 3 5 8 5 4 3 3 6 4
4 5 8 4 5 8 7 4 3 6 6 0 4 5 5 7 8 5 8 1 2 3 1 5 1 3 8 4 4 1
1 8 10 6 4 5 10 3 1 8 2 4 0 8 6 8 11 5 5 5 6 3 3 7 3 4 5 4 6 2
8 0 5 3 7 10 3 7 7 3 9 5 8 0 4 6 3 5 11 3 3 6 6 2 6 5 11 6 4 6
6 5 3 1 4 6 4 4 6 2 6 5 6 4 0 2 5 1 7 5 4 3 6 2 6 2 7 3 1 5
8 6 2 3 5 7 4 5 8 2 8 7 8 6 2 0 5 3 8 7 6 6 8 3 8 4 8 5 3 7
11 3 4 5 9 11 1 9 10 4 11 8 11 3 5 5 0 6 12 7 6 8 9 4 9 7 12 8 6 9
5 5 4 1 3 5 5 3 5 3 5 5 5 5 1 3 6 0 6 4 4 3 5 3 5 1 6 2 1 4
4 11 10 8 4 1 12 4 5 9 3 8 5 11 7 8 12 6 0 9 9 5 7 9 8 6 0 5 7 7
5 4 7 4 6 8 6 5 4 5 6 1 5 3 5 7 7 4 9 0 1 4 3 4 2 4 9 5 4 3
6 3 7 3 6 8 5 5 5 4 7 2 6 3 4 6 6 4 9 1 0 4 3 3 3 3 9 5 3 3
3 6 7 3 2 5 7 1 2 5 3 3 3 6 3 6 8 3 5 4 4 0 3 4 3 1 5 1 3 2
3 6 9 5 5 7 9 4 2 7 5 1 3 6 6 8 9 5 7 3 3 3 0 6 1 4 7 4 5 1
7 3 4 1 5 8 3 5 7 1 8 5 7 2 2 3 4 3 9 4 3 4 6 0 6 3 9 4 2 5
4 6 9 5 6 8 9 5 3 7 5 1 3 6 6 8 9 5 8 2 3 3 1 6 0 4 8 5 5 1
4 5 5 2 3 5 6 2 4 4 4 3 4 5 2 4 7 1 6 4 3 1 4 3 4 0 6 1 1 3
4 11 9 7 3 1 11 4 5 9 3 8 5 11 7 8 12 6 0 9 9 5 7 9 8 6 0 4 7 7
3 7 6 3 1 4 7 1 3 5 3 4 4 6 3 5 8 2 5 5 5 1 4 4 5 1 4 0 2 4
6 5 4 1 3 6 5 3 5 2 6 4 6 4 1 3 6 1 7 4 3 3 5 2 5 1 7 2 0 4
3 6 8 5 4 6 8 3 2 6 4 1 2 6 5 7 9 4 7 3 3 2 1 5 1 3 7 4 4 0
,
0 26 37 39 10 27 33 14 6 49 5 23 6 29 45 36 34 37 29 41 28 17 24 40 18 17 16 21 37 12
51 0 30 11 54 69 24 33 23 14 69 24 24 3 33 31 17 28 29 13 17 18 37 15 22 18 52 25 24 32
58 32 0 20 17 35 23 35 52 15 49 38 34 33 10 8 24 12 50 54 32 37 40 25 40 39 45 18 12 62
19 29 10 0 29 44 29 15 25 9 38 22 37 20 3 14 16 4 49 24 22 24 32 7 24 6 36 10 3 13
13 26 40 20 0 18 26 7 17 31 12 34 25 38 24 26 52 10 21 39 40 14 26 31 30 17 24 9 19 29
13 36 31 25 14 0 56 23 31 44 17 28 36 31 23 51 30 19 8 60 43 34 53 21 23 35 5 17 31 32
70 15 13 18 21 38 0 48 28 17 29 27 59 11 30 13 6 34 67 34 40 29 23 8 24 34 56 24 29 23
18 55 28 17 5 16 43 0 14 38 14 17 23 41 23 33 45 14 13 30 32 10 14 33 17 15 13 6 8 16
5 43 35 41 13 37 38 11 0 35 12 19 2 19 22 45 65 23 15 14 22 7 13 44 14 26 24 12 34 8
21 27 13 8 29 46 17 24 31 0 32 29 37 17 9 17 23 15 62 24 30 14 20 3 34 16 49 25 15 27
7 64 57 26 19 11 50 13 15 46 0 28 9 43 37 34 71 29 12 28 52 16 14 57 26 23 18 25 32 13
32 17 57 24 22 53 29 17 10 36 40 0 10 33 35 36 27 16 45 6 13 20 7 16 5 11 41 14 17 6
5 54 55 20 10 24 70 15 4 45 15 15 0 53 24 26 46 32 22 18 39 11 18 37 21 30 15 10 23 10
34 2 35 11 50 62 9 29 25 21 46 15 53 0 23 43 22 34 49 19 8 39 41 8 33 31 31 37 30 36
44 21 9 3 15 39 23 22 42 13 21 33 44 31 0 17 35 3 21 14 25 19 34 13 37 13 45 11 4 34
48 23 10 23 25 17 25 21 51 8 56 42 46 23 10 0 24 20 23 43 39 17 47 17 57 29 53 26 22 29
60 12 22 30 30 35 5 27 35 21 43 27 63 22 26 29 0 35 80 27 16 35 45 26 33 32 65 43 21 28
20 29 11 5 9 35 29 11 32 8 27 17 23 22 5 13 43 0 39 26 11 19 24 13 31 8 34 14 3 34
29 49 26 42 19 7 78 21 34 61 17 40 18 49 35 30 57 42 0 27 34 26 43 65 55 27 3 33 18 37
29 15 42 12 19 49 47 28 22 17 21 7 24 19 24 51 32 26 57 0 7 13 7 18 14 24 33 15 26 15
44 16 47 11 38 41 29 37 17 19 50 8 24 14 29 16 28 29 58 4 0 10 25 10 12 25 66 24 22 22
14 34 25 11 9 32 31 5 16 25 9 8 16 34 24 36 51 14 13 23 21 0 8 17 13 10 15 6 11 16
22 29 35 30 37 22 54 15 6 38 30 5 17 27 35 50 26 21 35 16 20 22 0 29 3 14 49 15 16 5
45 9 24 5 24 44 14 33 29 5 42 31 44 12 12 22 17 16 36 28 14 14 22 0 18 20 36 32 7 26
18 27 38 17 31 47 63 35 18 33 35 3 24 26 34 43 43 40 40 14 19 15 4 21 0 13 26 19 18 6
16 30 20 11 12 31 17 15 19 13 23 18 15 19 9 32 20 5 42 19 23 7 11 17 13 0 27 8 8 20
25 54 53 45 17 3 83 19 29 48 11 52 14 60 34 57 76 28 1 58 49 16 29 33 23 16 0 18 21 46
16 23 43 17 5 12 37 6 14 31 12 30 24 42 8 23 33 11 33 20 24 3 13 29 26 8 17 0 11 19
29 21 27 4 16 44 36 20 31 13 15 23 40 15 4 18 29 2 19 27 12 20 21 13 19 10 19 7 0 18
19 26 44 34 20 22 42 21 11 41 21 7 9 39 20 55 30 32 18 14 12 6 2 38 8 22 39 24 31 0