5
30
,
0 (49.0, 21.0) 15.0
1 (16.0, 50.0) 21.0
2 (2.0, 25.0) 32.0
3 (20.0, 31.0) 25.0
4 (33.0, 15.0) 40.0
5 (39.0, 3.0) 10.0
6 (2.0, 41.0) 45.0
7 (36.0, 19.0) 16.0
8 (48.0, 27.0) 49.0
9 (12.0, 32.0) 16.0
10 (48.0, 15.0) 16.0
11 (39.0, 41.0) 11.0
12 (50.0, 25.0) 21.0
13 (17.0, 48.0) 46.0
14 (19.0, 27.0) 35.0
15 (9.0, 20.0) 18.0
16 (1.0, 46.0) 17.0
17 (23.0, 25.0) 11.0
18 (44.0, 1.0) 19.0
19 (34.0, 44.0) 30.0
20 (29.0, 44.0) 24.0
21 (36.0, 26.0) 23.0
22 (45.0, 38.0) 24.0
23 (16.0, 36.0) 17.0
24 (45.0, 41.0) 15.0
25 (29.0, 27.0) 27.0
26 (42.0, 1.0) 11.0
27 (32.0, 21.0) 47.0
28 (22.0, 28.0) 28.0
29 (43.0, 35.0) 30.0
,
0 9 9 6 3 4 10 3 1 8 1 4 1 8 6 8 11 5 4 5 6 3 3 7 4 4 4 3 6 3
9 0 6 4 8 10 3 7 8 4 9 5 8 0 5 6 3 5 11 4 3 6 6 3 6 5 11 7 5 6
9 6 0 4 7 9 3 7 9 2 9 8 10 5 3 2 4 4 10 7 7 7 9 4 9 5 9 6 4 8
6 4 4 0 4 7 4 4 6 2 6 4 6 3 1 3 5 1 8 4 3 3 5 1 5 2 7 3 1 5
3 8 7 4 0 3 8 1 4 5 3 5 4 7 4 5 9 3 4 6 6 2 5 5 6 3 3 1 3 4
4 10 9 7 3 0 11 3 5 8 3 8 5 10 6 7 11 5 1 8 8 5 7 8 8 5 1 4 6 6
10 3 3 4 8 11 0 8 10 3 11 7 10 3 4 4 1 5 12 6 5 7 9 3 9 6 11 7 5 8
3 7 7 4 1 3 8 0 3 5 3 4 3 7 4 5 9 3 4 5 5 1 4 5 5 2 4 1 3 3
1 8 9 6 4 5 10 3 0 7 2 3 1 7 6 8 10 5 5 4 5 2 2 7 3 4 5 3 5 2
8 4 2 2 5 8 3 5 7 0 8 6 8 3 2 2 4 3 9 5 4 5 7 1 7 4 9 5 2 6
1 9 9 6 3 3 11 3 2 8 0 6 2 9 6 8 11 5 3 6 7 3 5 8 5 4 3 3 6 4
4 5 8 4 5 8 7 4 3 6 6 0 4 5 5 7 8 5 8 1 2 3 1 5 1 3 8 4 4 1
1 8 10 6 4 5 10 3 1 8 2 4 0 8 6 8 11 5 5 5 6 3 3 7 3 4 5 4 6 2
8 0 5 3 7 10 3 7 7 3 9 5 8 0 4 6 3 5 11 3 3 6 6 2 6 5 11 6 4 6
6 5 3 1 4 6 4 4 6 2 6 5 6 4 0 2 5 1 7 5 4 3 6 2 6 2 7 3 1 5
8 6 2 3 5 7 4 5 8 2 8 7 8 6 2 0 5 3 8 7 6 6 8 3 8 4 8 5 3 7
11 3 4 5 9 11 1 9 10 4 11 8 11 3 5 5 0 6 12 7 6 8 9 4 9 7 12 8 6 9
5 5 4 1 3 5 5 3 5 3 5 5 5 5 1 3 6 0 6 4 4 3 5 3 5 1 6 2 1 4
4 11 10 8 4 1 12 4 5 9 3 8 5 11 7 8 12 6 0 9 9 5 7 9 8 6 0 5 7 7
5 4 7 4 6 8 6 5 4 5 6 1 5 3 5 7 7 4 9 0 1 4 3 4 2 4 9 5 4 3
6 3 7 3 6 8 5 5 5 4 7 2 6 3 4 6 6 4 9 1 0 4 3 3 3 3 9 5 3 3
3 6 7 3 2 5 7 1 2 5 3 3 3 6 3 6 8 3 5 4 4 0 3 4 3 1 5 1 3 2
3 6 9 5 5 7 9 4 2 7 5 1 3 6 6 8 9 5 7 3 3 3 0 6 1 4 7 4 5 1
7 3 4 1 5 8 3 5 7 1 8 5 7 2 2 3 4 3 9 4 3 4 6 0 6 3 9 4 2 5
4 6 9 5 6 8 9 5 3 7 5 1 3 6 6 8 9 5 8 2 3 3 1 6 0 4 8 5 5 1
4 5 5 2 3 5 6 2 4 4 4 3 4 5 2 4 7 1 6 4 3 1 4 3 4 0 6 1 1 3
4 11 9 7 3 1 11 4 5 9 3 8 5 11 7 8 12 6 0 9 9 5 7 9 8 6 0 4 7 7
3 7 6 3 1 4 7 1 3 5 3 4 4 6 3 5 8 2 5 5 5 1 4 4 5 1 4 0 2 4
6 5 4 1 3 6 5 3 5 2 6 4 6 4 1 3 6 1 7 4 3 3 5 2 5 1 7 2 0 4
3 6 8 5 4 6 8 3 2 6 4 1 2 6 5 7 9 4 7 3 3 2 1 5 1 3 7 4 4 0
,
0 61 42 39 11 20 59 18 4 26 9 32 2 38 23 37 70 16 28 35 24 17 13 53 11 27 23 14 25 21
59 0 34 26 44 52 18 25 27 16 50 21 49 1 29 31 20 19 46 24 19 24 22 9 27 39 66 48 18 40
54 42 0 14 44 27 19 49 25 7 35 25 25 25 17 5 22 11 46 50 41 35 41 24 46 20 62 20 23 45
41 24 14 0 13 29 25 20 23 11 20 30 21 10 5 20 32 10 46 12 12 15 36 7 38 12 48 11 3 23
16 47 24 23 0 19 22 4 18 28 17 35 11 21 21 19 52 13 21 35 39 14 30 27 20 6 24 6 9 21
13 51 50 18 17 0 39 19 37 47 20 26 23 60 18 50 81 21 5 36 49 33 27 30 55 18 3 15 22 35
64 23 19 11 22 69 0 36 40 14 39 27 65 11 31 29 4 24 44 28 28 24 30 14 57 17 42 34 13 55
12 51 25 24 4 21 49 0 11 28 13 17 11 36 13 35 41 15 29 18 18 10 16 37 33 7 13 5 16 14
4 23 23 37 17 28 58 14 0 19 6 22 4 28 19 27 48 36 15 13 32 9 8 32 15 28 35 21 34 9
53 16 16 5 17 43 11 24 49 0 48 15 33 13 6 7 24 8 49 14 11 27 40 8 35 14 62 30 14 26
6 29 44 31 13 13 78 7 9 28 0 16 7 29 47 50 74 20 15 34 41 10 31 45 18 20 21 24 25 26
16 24 41 13 32 28 43 33 23 29 27 0 24 16 36 38 26 28 35 3 6 14 4 27 5 11 39 27 14 6
4 40 59 24 14 17 69 21 3 51 12 25 0 46 29 40 43 35 22 23 33 18 11 22 22 19 27 10 38 12
32 2 21 17 53 44 14 31 25 9 32 15 24 0 27 15 17 28 37 23 19 35 36 14 28 18 62 31 18 31
45 33 13 6 24 39 12 17 43 13 34 18 28 29 0 12 37 6 38 33 27 15 33 10 19 5 19 10 4 29
24 21 9 20 20 38 32 14 26 11 30 36 60 36 11 0 40 18 22 24 27 36 49 9 52 14 50 27 18 26
40 11 23 19 31 77 8 30 69 9 52 43 68 15 27 30 0 45 60 38 19 54 47 17 51 34 71 46 19 54
37 29 27 6 10 22 27 21 15 17 21 28 22 31 5 13 17 0 25 27 23 12 37 7 36 9 17 13 4 22
23 56 59 27 15 6 44 15 34 55 18 38 13 49 48 43 51 23 0 41 32 38 24 31 38 24 3 30 18 49
17 16 24 15 40 50 33 22 22 19 35 7 23 11 22 19 25 11 49 0 7 15 8 29 6 11 25 28 24 13
30 11 34 12 20 60 20 19 31 21 22 9 23 18 20 16 20 29 68 7 0 15 16 21 11 14 58 16 21 22
11 27 43 11 14 13 33 10 7 27 12 9 16 26 20 32 54 14 38 15 10 0 12 29 25 4 27 9 21 8
24 34 44 38 31 28 64 20 16 47 34 4 9 24 35 43 44 34 46 11 11 10 0 17 4 27 48 13 23 3
46 7 19 9 28 50 12 34 20 6 21 19 51 8 11 10 23 19 35 17 10 12 22 0 38 12 62 29 9 30
14 35 37 35 27 48 54 31 13 25 37 6 25 39 27 45 33 18 58 11 10 9 3 15 0 27 57 30 22 5
22 18 21 5 9 28 20 15 26 25 22 12 11 36 14 23 46 8 32 17 11 5 27 18 21 0 37 4 5 12
19 77 57 52 21 5 43 17 40 29 13 58 30 50 26 20 67 35 2 22 45 19 44 65 32 38 0 17 23 31
17 24 34 21 3 20 22 4 17 24 22 24 10 21 10 25 50 10 14 27 34 7 25 14 14 10 14 0 6 21
16 26 22 3 24 31 29 21 24 6 17 26 18 17 4 20 18 3 23 20 10 10 25 11 37 6 33 17 0 27
11 18 34 32 24 38 36 21 5 39 16 8 12 28 25 34 51 20 30 7 16 13 5 35 5 22 21 20 15 0