5
30
,
0 (49.0, 21.0) 26.0
1 (16.0, 50.0) 13.0
2 (2.0, 25.0) 11.0
3 (20.0, 31.0) 35.0
4 (33.0, 15.0) 40.0
5 (39.0, 3.0) 34.0
6 (2.0, 41.0) 18.0
7 (36.0, 19.0) 24.0
8 (48.0, 27.0) 12.0
9 (12.0, 32.0) 26.0
10 (48.0, 15.0) 17.0
11 (39.0, 41.0) 13.0
12 (50.0, 25.0) 42.0
13 (17.0, 48.0) 14.0
14 (19.0, 27.0) 21.0
15 (9.0, 20.0) 20.0
16 (1.0, 46.0) 11.0
17 (23.0, 25.0) 41.0
18 (44.0, 1.0) 29.0
19 (34.0, 44.0) 18.0
20 (29.0, 44.0) 11.0
21 (36.0, 26.0) 13.0
22 (45.0, 38.0) 47.0
23 (16.0, 36.0) 41.0
24 (45.0, 41.0) 16.0
25 (29.0, 27.0) 14.0
26 (42.0, 1.0) 26.0
27 (32.0, 21.0) 13.0
28 (22.0, 28.0) 46.0
29 (43.0, 35.0) 14.0
,
0 9 9 6 3 4 10 3 1 8 1 4 1 8 6 8 11 5 4 5 6 3 3 7 4 4 4 3 6 3
9 0 6 4 8 10 3 7 8 4 9 5 8 0 5 6 3 5 11 4 3 6 6 3 6 5 11 7 5 6
9 6 0 4 7 9 3 7 9 2 9 8 10 5 3 2 4 4 10 7 7 7 9 4 9 5 9 6 4 8
6 4 4 0 4 7 4 4 6 2 6 4 6 3 1 3 5 1 8 4 3 3 5 1 5 2 7 3 1 5
3 8 7 4 0 3 8 1 4 5 3 5 4 7 4 5 9 3 4 6 6 2 5 5 6 3 3 1 3 4
4 10 9 7 3 0 11 3 5 8 3 8 5 10 6 7 11 5 1 8 8 5 7 8 8 5 1 4 6 6
10 3 3 4 8 11 0 8 10 3 11 7 10 3 4 4 1 5 12 6 5 7 9 3 9 6 11 7 5 8
3 7 7 4 1 3 8 0 3 5 3 4 3 7 4 5 9 3 4 5 5 1 4 5 5 2 4 1 3 3
1 8 9 6 4 5 10 3 0 7 2 3 1 7 6 8 10 5 5 4 5 2 2 7 3 4 5 3 5 2
8 4 2 2 5 8 3 5 7 0 8 6 8 3 2 2 4 3 9 5 4 5 7 1 7 4 9 5 2 6
1 9 9 6 3 3 11 3 2 8 0 6 2 9 6 8 11 5 3 6 7 3 5 8 5 4 3 3 6 4
4 5 8 4 5 8 7 4 3 6 6 0 4 5 5 7 8 5 8 1 2 3 1 5 1 3 8 4 4 1
1 8 10 6 4 5 10 3 1 8 2 4 0 8 6 8 11 5 5 5 6 3 3 7 3 4 5 4 6 2
8 0 5 3 7 10 3 7 7 3 9 5 8 0 4 6 3 5 11 3 3 6 6 2 6 5 11 6 4 6
6 5 3 1 4 6 4 4 6 2 6 5 6 4 0 2 5 1 7 5 4 3 6 2 6 2 7 3 1 5
8 6 2 3 5 7 4 5 8 2 8 7 8 6 2 0 5 3 8 7 6 6 8 3 8 4 8 5 3 7
11 3 4 5 9 11 1 9 10 4 11 8 11 3 5 5 0 6 12 7 6 8 9 4 9 7 12 8 6 9
5 5 4 1 3 5 5 3 5 3 5 5 5 5 1 3 6 0 6 4 4 3 5 3 5 1 6 2 1 4
4 11 10 8 4 1 12 4 5 9 3 8 5 11 7 8 12 6 0 9 9 5 7 9 8 6 0 5 7 7
5 4 7 4 6 8 6 5 4 5 6 1 5 3 5 7 7 4 9 0 1 4 3 4 2 4 9 5 4 3
6 3 7 3 6 8 5 5 5 4 7 2 6 3 4 6 6 4 9 1 0 4 3 3 3 3 9 5 3 3
3 6 7 3 2 5 7 1 2 5 3 3 3 6 3 6 8 3 5 4 4 0 3 4 3 1 5 1 3 2
3 6 9 5 5 7 9 4 2 7 5 1 3 6 6 8 9 5 7 3 3 3 0 6 1 4 7 4 5 1
7 3 4 1 5 8 3 5 7 1 8 5 7 2 2 3 4 3 9 4 3 4 6 0 6 3 9 4 2 5
4 6 9 5 6 8 9 5 3 7 5 1 3 6 6 8 9 5 8 2 3 3 1 6 0 4 8 5 5 1
4 5 5 2 3 5 6 2 4 4 4 3 4 5 2 4 7 1 6 4 3 1 4 3 4 0 6 1 1 3
4 11 9 7 3 1 11 4 5 9 3 8 5 11 7 8 12 6 0 9 9 5 7 9 8 6 0 4 7 7
3 7 6 3 1 4 7 1 3 5 3 4 4 6 3 5 8 2 5 5 5 1 4 4 5 1 4 0 2 4
6 5 4 1 3 6 5 3 5 2 6 4 6 4 1 3 6 1 7 4 3 3 5 2 5 1 7 2 0 4
3 6 8 5 4 6 8 3 2 6 4 1 2 6 5 7 9 4 7 3 3 2 1 5 1 3 7 4 4 0
,
0 38 48 35 11 29 74 13 3 39 5 30 4 48 21 55 80 17 13 39 32 11 16 43 20 26 19 9 38 10
50 0 19 17 21 71 21 51 24 14 44 16 53 2 24 40 9 30 51 16 12 41 17 13 45 38 63 35 24 36
51 24 0 17 17 64 19 38 61 18 26 46 46 33 20 11 13 19 50 54 17 49 42 18 47 31 29 17 11 63
22 16 11 0 13 50 26 22 38 8 17 17 44 15 5 17 13 5 54 21 14 9 28 9 27 14 37 23 4 14
24 57 17 19 0 14 36 3 11 36 19 22 17 28 28 29 31 13 27 41 37 9 19 27 27 12 23 6 16 17
23 65 47 43 20 0 79 14 25 45 13 21 34 62 29 50 56 29 4 47 63 33 37 23 52 13 3 29 41 20
34 19 11 19 33 71 0 54 64 9 31 33 60 18 18 12 4 15 81 17 30 33 55 12 22 33 68 39 29 23
15 39 43 10 6 22 23 0 16 21 8 29 19 45 12 27 52 18 24 33 27 9 27 30 34 6 23 3 16 16
7 56 57 38 23 23 33 18 0 29 16 18 2 38 17 49 61 19 16 21 15 13 11 48 18 22 18 19 38 13
48 17 18 7 39 30 14 18 22 0 22 25 41 9 8 16 26 19 33 14 21 29 34 8 50 23 55 34 11 32
4 26 38 28 16 19 38 12 16 55 0 30 13 32 40 41 81 39 21 22 24 11 28 43 27 32 21 10 17 22
14 32 29 30 17 39 38 26 22 26 34 0 25 29 29 35 25 31 33 7 5 22 6 29 6 23 37 22 29 10
2 43 31 43 15 16 43 19 3 28 6 18 0 21 42 57 58 29 26 20 40 18 10 40 24 21 27 24 29 16
44 2 40 21 28 43 22 20 51 24 49 32 34 0 16 32 10 28 60 26 17 26 29 15 34 31 64 24 30 31
30 20 10 2 26 22 32 19 41 8 24 12 35 21 0 7 19 6 25 13 14 16 20 11 31 12 18 10 3 20
40 29 11 13 36 31 21 24 25 10 33 36 56 28 9 0 20 12 23 38 37 40 39 14 57 18 41 30 12 25
51 17 27 19 41 63 7 25 27 11 73 43 32 19 16 20 0 27 50 20 39 27 50 16 56 45 68 34 21 61
23 22 22 9 11 20 25 20 21 17 16 16 24 28 2 20 28 0 18 18 26 8 20 19 31 7 39 8 2 12
18 66 66 27 14 5 34 17 23 43 20 29 27 71 30 47 46 39 0 39 62 22 49 50 44 17 2 17 40 26
32 13 51 24 38 22 32 22 12 16 44 5 19 24 30 35 44 22 44 0 5 10 14 19 9 23 50 30 27 13
43 21 26 17 34 36 25 34 29 15 34 10 22 9 14 44 17 16 43 5 0 29 17 15 18 21 50 33 25 13
10 38 38 13 10 16 49 5 13 21 9 13 12 30 25 29 30 13 18 9 29 0 15 18 9 9 31 7 16 14
16 19 54 27 26 22 50 31 16 30 24 7 10 22 19 42 31 14 38 9 22 19 0 33 3 26 39 32 20 3
26 9 21 4 21 43 22 38 31 7 46 20 45 11 12 16 27 14 64 13 16 32 37 0 24 18 39 11 14 25
11 20 63 28 24 28 42 23 14 42 33 5 11 40 27 43 26 27 23 7 10 10 4 22 0 31 52 21 29 7
24 37 27 14 10 32 27 6 14 24 16 20 30 26 13 32 47 9 22 17 15 9 29 23 22 0 29 5 4 13
14 43 66 25 21 4 70 16 36 46 9 27 17 30 51 37 48 31 2 63 56 24 30 57 31 40 0 22 41 44
21 31 38 14 5 16 45 3 16 33 24 25 12 29 19 30 20 7 18 16 13 4 17 23 20 10 23 0 16 14
34 20 28 3 14 33 21 24 13 11 37 13 24 23 3 16 39 2 25 30 22 21 30 9 17 8 35 8 0 12
21 31 52 19 13 18 46 12 6 35 26 4 12 17 21 38 50 19 38 17 24 9 4 39 5 22 38 21 15 0