5
30
,
0 (49.0, 21.0) 12.0
1 (16.0, 50.0) 16.0
2 (2.0, 25.0) 17.0
3 (20.0, 31.0) 28.0
4 (33.0, 15.0) 23.0
5 (39.0, 3.0) 38.0
6 (2.0, 41.0) 32.0
7 (36.0, 19.0) 43.0
8 (48.0, 27.0) 40.0
9 (12.0, 32.0) 40.0
10 (48.0, 15.0) 25.0
11 (39.0, 41.0) 44.0
12 (50.0, 25.0) 23.0
13 (17.0, 48.0) 17.0
14 (19.0, 27.0) 23.0
15 (9.0, 20.0) 27.0
16 (1.0, 46.0) 15.0
17 (23.0, 25.0) 41.0
18 (44.0, 1.0) 15.0
19 (34.0, 44.0) 24.0
20 (29.0, 44.0) 15.0
21 (36.0, 26.0) 24.0
22 (45.0, 38.0) 14.0
23 (16.0, 36.0) 14.0
24 (45.0, 41.0) 33.0
25 (29.0, 27.0) 35.0
26 (42.0, 1.0) 37.0
27 (32.0, 21.0) 40.0
28 (22.0, 28.0) 12.0
29 (43.0, 35.0) 49.0
,
0 9 9 6 3 4 10 3 1 8 1 4 1 8 6 8 11 5 4 5 6 3 3 7 4 4 4 3 6 3
9 0 6 4 8 10 3 7 8 4 9 5 8 0 5 6 3 5 11 4 3 6 6 3 6 5 11 7 5 6
9 6 0 4 7 9 3 7 9 2 9 8 10 5 3 2 4 4 10 7 7 7 9 4 9 5 9 6 4 8
6 4 4 0 4 7 4 4 6 2 6 4 6 3 1 3 5 1 8 4 3 3 5 1 5 2 7 3 1 5
3 8 7 4 0 3 8 1 4 5 3 5 4 7 4 5 9 3 4 6 6 2 5 5 6 3 3 1 3 4
4 10 9 7 3 0 11 3 5 8 3 8 5 10 6 7 11 5 1 8 8 5 7 8 8 5 1 4 6 6
10 3 3 4 8 11 0 8 10 3 11 7 10 3 4 4 1 5 12 6 5 7 9 3 9 6 11 7 5 8
3 7 7 4 1 3 8 0 3 5 3 4 3 7 4 5 9 3 4 5 5 1 4 5 5 2 4 1 3 3
1 8 9 6 4 5 10 3 0 7 2 3 1 7 6 8 10 5 5 4 5 2 2 7 3 4 5 3 5 2
8 4 2 2 5 8 3 5 7 0 8 6 8 3 2 2 4 3 9 5 4 5 7 1 7 4 9 5 2 6
1 9 9 6 3 3 11 3 2 8 0 6 2 9 6 8 11 5 3 6 7 3 5 8 5 4 3 3 6 4
4 5 8 4 5 8 7 4 3 6 6 0 4 5 5 7 8 5 8 1 2 3 1 5 1 3 8 4 4 1
1 8 10 6 4 5 10 3 1 8 2 4 0 8 6 8 11 5 5 5 6 3 3 7 3 4 5 4 6 2
8 0 5 3 7 10 3 7 7 3 9 5 8 0 4 6 3 5 11 3 3 6 6 2 6 5 11 6 4 6
6 5 3 1 4 6 4 4 6 2 6 5 6 4 0 2 5 1 7 5 4 3 6 2 6 2 7 3 1 5
8 6 2 3 5 7 4 5 8 2 8 7 8 6 2 0 5 3 8 7 6 6 8 3 8 4 8 5 3 7
11 3 4 5 9 11 1 9 10 4 11 8 11 3 5 5 0 6 12 7 6 8 9 4 9 7 12 8 6 9
5 5 4 1 3 5 5 3 5 3 5 5 5 5 1 3 6 0 6 4 4 3 5 3 5 1 6 2 1 4
4 11 10 8 4 1 12 4 5 9 3 8 5 11 7 8 12 6 0 9 9 5 7 9 8 6 0 5 7 7
5 4 7 4 6 8 6 5 4 5 6 1 5 3 5 7 7 4 9 0 1 4 3 4 2 4 9 5 4 3
6 3 7 3 6 8 5 5 5 4 7 2 6 3 4 6 6 4 9 1 0 4 3 3 3 3 9 5 3 3
3 6 7 3 2 5 7 1 2 5 3 3 3 6 3 6 8 3 5 4 4 0 3 4 3 1 5 1 3 2
3 6 9 5 5 7 9 4 2 7 5 1 3 6 6 8 9 5 7 3 3 3 0 6 1 4 7 4 5 1
7 3 4 1 5 8 3 5 7 1 8 5 7 2 2 3 4 3 9 4 3 4 6 0 6 3 9 4 2 5
4 6 9 5 6 8 9 5 3 7 5 1 3 6 6 8 9 5 8 2 3 3 1 6 0 4 8 5 5 1
4 5 5 2 3 5 6 2 4 4 4 3 4 5 2 4 7 1 6 4 3 1 4 3 4 0 6 1 1 3
4 11 9 7 3 1 11 4 5 9 3 8 5 11 7 8 12 6 0 9 9 5 7 9 8 6 0 4 7 7
3 7 6 3 1 4 7 1 3 5 3 4 4 6 3 5 8 2 5 5 5 1 4 4 5 1 4 0 2 4
6 5 4 1 3 6 5 3 5 2 6 4 6 4 1 3 6 1 7 4 3 3 5 2 5 1 7 2 0 4
3 6 8 5 4 6 8 3 2 6 4 1 2 6 5 7 9 4 7 3 3 2 1 5 1 3 7 4 4 0
,
0 52 52 24 18 12 28 12 8 33 9 21 5 48 25 31 41 22 26 32 21 16 24 32 11 15 23 18 42 13
25 0 30 18 21 33 25 19 21 17 51 27 23 1 17 19 15 31 60 15 14 38 23 8 22 28 36 40 30 46
66 24 0 14 46 37 21 39 30 9 46 51 37 20 12 7 12 27 41 30 40 36 38 10 28 26 51 20 16 24
16 27 21 0 11 31 21 29 29 7 45 17 45 16 5 23 32 4 33 19 18 21 35 7 18 7 30 14 2 20
17 47 30 19 0 12 28 5 23 16 17 31 16 45 15 36 47 15 16 20 21 13 15 18 34 9 18 5 19 18
10 73 36 33 9 0 75 21 20 59 9 25 13 44 26 20 31 31 4 34 56 15 46 40 26 20 3 24 41 44
37 14 24 12 47 32 0 43 40 11 31 49 48 12 17 13 5 33 44 36 40 55 38 12 62 44 38 43 20 38
19 46 37 11 4 11 24 0 14 21 11 26 15 32 27 22 35 9 26 34 37 6 21 28 33 11 23 5 14 21
9 34 57 28 27 21 31 11 0 50 10 17 3 34 42 22 58 13 27 20 24 9 6 24 20 21 24 14 19 12
48 27 11 11 29 22 11 41 36 0 43 21 58 13 12 17 21 17 31 30 22 14 22 6 38 22 24 12 10 33
7 47 50 23 10 22 34 18 14 30 0 20 7 37 24 25 51 20 13 26 43 23 30 32 29 24 21 12 31 27
29 21 23 17 30 34 35 28 14 31 22 0 21 19 21 36 47 26 27 4 8 20 4 17 6 15 45 21 26 7
4 49 37 39 29 30 73 22 4 30 8 20 0 25 18 41 46 20 19 24 29 16 9 22 11 15 20 23 31 15
61 3 23 9 42 37 11 32 31 18 61 33 60 0 25 43 23 21 48 11 13 33 25 16 27 27 64 22 24 38
25 32 12 3 26 36 21 24 36 11 45 25 38 27 0 6 33 6 22 23 25 15 29 7 35 13 35 11 2 20
30 24 9 21 18 37 18 17 41 16 25 48 49 31 8 0 21 18 33 50 43 31 23 11 55 19 55 24 17 31
34 11 17 36 56 38 5 36 56 23 73 25 69 9 24 15 0 35 49 46 26 58 35 20 34 28 47 48 18 49
31 30 24 9 9 14 15 21 13 19 22 27 28 35 3 20 42 0 32 18 14 14 14 9 18 7 40 9 2 32
11 85 71 30 10 6 37 27 36 49 10 53 34 32 27 48 32 30 0 47 31 38 48 63 24 31 2 22 26 43
34 24 44 13 18 29 32 20 17 32 28 8 13 12 32 26 39 12 36 0 7 10 12 22 6 12 58 19 24 12
45 18 46 21 25 49 36 21 32 25 31 11 35 18 20 20 28 15 57 6 0 29 16 8 17 20 47 34 21 25
10 43 44 10 14 21 22 6 6 27 15 22 13 21 12 26 55 8 30 13 28 0 19 26 19 8 30 4 10 15
10 33 58 26 30 47 25 21 12 44 31 4 12 27 28 29 57 30 46 9 17 9 0 31 3 20 32 21 25 2
39 16 13 9 33 51 17 18 25 8 28 31 37 12 8 16 17 8 26 13 10 31 22 0 41 14 56 24 6 39
17 28 47 29 39 28 57 25 16 40 17 7 17 18 20 33 63 16 25 9 16 21 2 23 0 21 25 23 28 6
15 30 40 13 17 28 38 13 15 10 22 18 21 19 7 19 35 7 39 11 20 5 10 17 27 0 18 8 9 11
23 44 59 44 10 2 56 24 27 50 13 27 17 71 51 51 38 17 3 55 28 23 27 54 55 36 0 28 41 36
19 39 44 22 9 22 21 6 9 21 25 28 14 24 21 22 27 14 31 28 29 7 26 12 32 5 31 0 12 13
31 16 27 4 14 22 14 12 38 9 35 21 18 31 4 20 28 2 45 27 24 20 19 14 39 5 42 11 0 25
17 28 38 12 23 28 61 10 13 16 16 9 17 35 15 55 24 32 30 14 15 14 4 28 9 21 33 26 24 0