5
30
,
0 (49.0, 21.0) 33.0
1 (16.0, 50.0) 33.0
2 (2.0, 25.0) 30.0
3 (20.0, 31.0) 49.0
4 (33.0, 15.0) 22.0
5 (39.0, 3.0) 12.0
6 (2.0, 41.0) 14.0
7 (36.0, 19.0) 28.0
8 (48.0, 27.0) 31.0
9 (12.0, 32.0) 48.0
10 (48.0, 15.0) 16.0
11 (39.0, 41.0) 33.0
12 (50.0, 25.0) 16.0
13 (17.0, 48.0) 16.0
14 (19.0, 27.0) 21.0
15 (9.0, 20.0) 22.0
16 (1.0, 46.0) 42.0
17 (23.0, 25.0) 17.0
18 (44.0, 1.0) 14.0
19 (34.0, 44.0) 35.0
20 (29.0, 44.0) 34.0
21 (36.0, 26.0) 20.0
22 (45.0, 38.0) 47.0
23 (16.0, 36.0) 15.0
24 (45.0, 41.0) 18.0
25 (29.0, 27.0) 15.0
26 (42.0, 1.0) 50.0
27 (32.0, 21.0) 13.0
28 (22.0, 28.0) 49.0
29 (43.0, 35.0) 42.0
,
0 9 9 6 3 4 10 3 1 8 1 4 1 8 6 8 11 5 4 5 6 3 3 7 4 4 4 3 6 3
9 0 6 4 8 10 3 7 8 4 9 5 8 0 5 6 3 5 11 4 3 6 6 3 6 5 11 7 5 6
9 6 0 4 7 9 3 7 9 2 9 8 10 5 3 2 4 4 10 7 7 7 9 4 9 5 9 6 4 8
6 4 4 0 4 7 4 4 6 2 6 4 6 3 1 3 5 1 8 4 3 3 5 1 5 2 7 3 1 5
3 8 7 4 0 3 8 1 4 5 3 5 4 7 4 5 9 3 4 6 6 2 5 5 6 3 3 1 3 4
4 10 9 7 3 0 11 3 5 8 3 8 5 10 6 7 11 5 1 8 8 5 7 8 8 5 1 4 6 6
10 3 3 4 8 11 0 8 10 3 11 7 10 3 4 4 1 5 12 6 5 7 9 3 9 6 11 7 5 8
3 7 7 4 1 3 8 0 3 5 3 4 3 7 4 5 9 3 4 5 5 1 4 5 5 2 4 1 3 3
1 8 9 6 4 5 10 3 0 7 2 3 1 7 6 8 10 5 5 4 5 2 2 7 3 4 5 3 5 2
8 4 2 2 5 8 3 5 7 0 8 6 8 3 2 2 4 3 9 5 4 5 7 1 7 4 9 5 2 6
1 9 9 6 3 3 11 3 2 8 0 6 2 9 6 8 11 5 3 6 7 3 5 8 5 4 3 3 6 4
4 5 8 4 5 8 7 4 3 6 6 0 4 5 5 7 8 5 8 1 2 3 1 5 1 3 8 4 4 1
1 8 10 6 4 5 10 3 1 8 2 4 0 8 6 8 11 5 5 5 6 3 3 7 3 4 5 4 6 2
8 0 5 3 7 10 3 7 7 3 9 5 8 0 4 6 3 5 11 3 3 6 6 2 6 5 11 6 4 6
6 5 3 1 4 6 4 4 6 2 6 5 6 4 0 2 5 1 7 5 4 3 6 2 6 2 7 3 1 5
8 6 2 3 5 7 4 5 8 2 8 7 8 6 2 0 5 3 8 7 6 6 8 3 8 4 8 5 3 7
11 3 4 5 9 11 1 9 10 4 11 8 11 3 5 5 0 6 12 7 6 8 9 4 9 7 12 8 6 9
5 5 4 1 3 5 5 3 5 3 5 5 5 5 1 3 6 0 6 4 4 3 5 3 5 1 6 2 1 4
4 11 10 8 4 1 12 4 5 9 3 8 5 11 7 8 12 6 0 9 9 5 7 9 8 6 0 5 7 7
5 4 7 4 6 8 6 5 4 5 6 1 5 3 5 7 7 4 9 0 1 4 3 4 2 4 9 5 4 3
6 3 7 3 6 8 5 5 5 4 7 2 6 3 4 6 6 4 9 1 0 4 3 3 3 3 9 5 3 3
3 6 7 3 2 5 7 1 2 5 3 3 3 6 3 6 8 3 5 4 4 0 3 4 3 1 5 1 3 2
3 6 9 5 5 7 9 4 2 7 5 1 3 6 6 8 9 5 7 3 3 3 0 6 1 4 7 4 5 1
7 3 4 1 5 8 3 5 7 1 8 5 7 2 2 3 4 3 9 4 3 4 6 0 6 3 9 4 2 5
4 6 9 5 6 8 9 5 3 7 5 1 3 6 6 8 9 5 8 2 3 3 1 6 0 4 8 5 5 1
4 5 5 2 3 5 6 2 4 4 4 3 4 5 2 4 7 1 6 4 3 1 4 3 4 0 6 1 1 3
4 11 9 7 3 1 11 4 5 9 3 8 5 11 7 8 12 6 0 9 9 5 7 9 8 6 0 4 7 7
3 7 6 3 1 4 7 1 3 5 3 4 4 6 3 5 8 2 5 5 5 1 4 4 5 1 4 0 2 4
6 5 4 1 3 6 5 3 5 2 6 4 6 4 1 3 6 1 7 4 3 3 5 2 5 1 7 2 0 4
3 6 8 5 4 6 8 3 2 6 4 1 2 6 5 7 9 4 7 3 3 2 1 5 1 3 7 4 4 0
,
0 50 55 20 23 13 68 11 4 57 5 24 5 39 24 31 44 39 28 37 29 16 24 30 28 16 29 10 34 18
64 0 27 15 31 26 9 45 56 15 57 34 58 2 24 46 21 36 50 24 21 34 34 15 16 27 48 41 31 26
45 27 0 25 25 41 15 28 63 17 66 28 44 27 24 5 13 18 53 29 36 39 53 20 41 38 58 18 23 42
42 16 25 0 27 39 30 11 33 10 21 25 32 9 3 10 12 9 26 17 12 24 33 4 23 10 35 17 2 12
9 35 35 21 0 10 60 6 23 40 16 25 14 49 13 19 29 18 19 19 20 12 17 20 28 12 20 6 24 13
14 38 56 48 10 0 77 20 16 45 15 21 26 52 25 19 69 33 6 33 60 13 24 24 48 37 5 18 29 46
30 16 10 12 51 53 0 24 63 10 66 47 60 16 12 30 6 33 42 46 37 45 24 8 33 16 72 44 18 34
10 45 39 18 5 13 28 0 17 36 8 15 10 31 22 21 65 14 27 37 34 8 12 24 16 14 23 3 24 20
8 45 24 39 23 16 37 9 0 32 8 17 4 29 30 21 69 20 18 24 15 11 7 47 20 22 25 11 35 6
36 18 16 6 25 31 10 28 22 0 38 32 51 17 13 8 16 12 35 14 27 35 49 8 49 21 39 23 16 36
4 38 64 31 13 14 70 15 6 57 0 37 5 58 46 53 80 17 8 44 38 12 19 30 21 33 9 19 37 11
14 33 33 19 22 32 35 16 16 24 27 0 13 23 31 23 26 16 29 8 5 11 7 23 4 21 28 13 26 5
5 52 61 29 13 34 63 10 2 53 15 28 0 55 41 52 60 39 32 23 40 17 9 41 20 22 25 10 40 8
53 2 17 23 51 34 11 23 49 10 54 23 24 0 30 43 16 26 63 14 16 16 25 11 27 15 49 44 24 33
43 32 20 3 22 41 23 25 28 12 27 24 45 14 0 12 37 3 40 32 24 17 19 11 31 6 21 15 4 34
53 43 5 12 34 47 17 21 55 18 32 51 50 23 15 0 37 19 45 23 34 14 21 14 31 28 49 20 19 27
51 22 28 21 52 42 3 28 39 12 59 48 65 9 17 25 0 26 41 36 37 22 44 27 31 32 54 41 23 45
16 29 31 8 9 22 22 20 24 10 28 20 29 23 4 13 18 0 38 21 23 10 24 14 40 8 17 11 4 20
23 45 36 40 13 7 86 26 19 26 21 44 16 27 33 30 58 17 0 22 62 17 46 58 43 41 2 25 21 24
38 14 48 17 22 49 42 22 25 16 33 4 30 13 27 18 28 21 46 0 3 20 10 10 13 17 53 32 10 12
44 17 39 11 30 42 22 27 21 27 45 15 25 12 28 35 39 28 33 5 0 20 17 8 20 10 46 17 15 17
11 24 30 12 6 16 53 9 15 35 12 19 13 28 16 39 59 12 32 17 25 0 22 30 20 5 31 6 17 16
10 31 37 17 15 26 32 17 12 45 17 9 15 23 28 41 61 26 51 16 20 12 0 24 2 12 40 17 34 3
27 15 13 6 31 52 21 32 30 8 23 20 44 11 14 13 10 9 24 27 19 29 33 0 37 13 49 28 10 37
12 43 24 40 17 30 56 26 12 33 14 6 17 29 24 57 35 33 40 12 19 9 2 18 0 29 46 21 37 5
22 17 14 14 12 25 43 8 20 22 25 17 21 19 14 22 29 5 39 21 11 7 26 23 27 0 20 9 5 14
14 50 67 27 13 3 67 22 22 55 10 59 37 52 34 32 51 46 1 59 65 30 48 45 24 26 0 13 40 31
19 20 36 11 8 20 46 3 10 25 23 21 19 33 17 25 44 13 13 14 21 8 25 26 25 4 15 0 12 23
26 29 27 5 17 26 14 16 37 7 39 16 36 26 4 20 40 3 25 13 23 19 24 10 13 6 27 11 0 22
8 27 58 24 32 40 29 14 9 41 29 9 8 42 28 48 45 32 26 8 12 14 5 32 7 18 37 17 18 0