5
30
,
0 (49.0, 21.0) 25.0
1 (16.0, 50.0) 24.0
2 (2.0, 25.0) 11.0
3 (20.0, 31.0) 19.0
4 (33.0, 15.0) 15.0
5 (39.0, 3.0) 32.0
6 (2.0, 41.0) 16.0
7 (36.0, 19.0) 38.0
8 (48.0, 27.0) 26.0
9 (12.0, 32.0) 10.0
10 (48.0, 15.0) 22.0
11 (39.0, 41.0) 21.0
12 (50.0, 25.0) 12.0
13 (17.0, 48.0) 19.0
14 (19.0, 27.0) 25.0
15 (9.0, 20.0) 16.0
16 (1.0, 46.0) 14.0
17 (23.0, 25.0) 49.0
18 (44.0, 1.0) 11.0
19 (34.0, 44.0) 46.0
20 (29.0, 44.0) 24.0
21 (36.0, 26.0) 22.0
22 (45.0, 38.0) 29.0
23 (16.0, 36.0) 45.0
24 (45.0, 41.0) 21.0
25 (29.0, 27.0) 11.0
26 (42.0, 1.0) 12.0
27 (32.0, 21.0) 14.0
28 (22.0, 28.0) 11.0
29 (43.0, 35.0) 12.0
,
0 9 9 6 3 4 10 3 1 8 1 4 1 8 6 8 11 5 4 5 6 3 3 7 4 4 4 3 6 3
9 0 6 4 8 10 3 7 8 4 9 5 8 0 5 6 3 5 11 4 3 6 6 3 6 5 11 7 5 6
9 6 0 4 7 9 3 7 9 2 9 8 10 5 3 2 4 4 10 7 7 7 9 4 9 5 9 6 4 8
6 4 4 0 4 7 4 4 6 2 6 4 6 3 1 3 5 1 8 4 3 3 5 1 5 2 7 3 1 5
3 8 7 4 0 3 8 1 4 5 3 5 4 7 4 5 9 3 4 6 6 2 5 5 6 3 3 1 3 4
4 10 9 7 3 0 11 3 5 8 3 8 5 10 6 7 11 5 1 8 8 5 7 8 8 5 1 4 6 6
10 3 3 4 8 11 0 8 10 3 11 7 10 3 4 4 1 5 12 6 5 7 9 3 9 6 11 7 5 8
3 7 7 4 1 3 8 0 3 5 3 4 3 7 4 5 9 3 4 5 5 1 4 5 5 2 4 1 3 3
1 8 9 6 4 5 10 3 0 7 2 3 1 7 6 8 10 5 5 4 5 2 2 7 3 4 5 3 5 2
8 4 2 2 5 8 3 5 7 0 8 6 8 3 2 2 4 3 9 5 4 5 7 1 7 4 9 5 2 6
1 9 9 6 3 3 11 3 2 8 0 6 2 9 6 8 11 5 3 6 7 3 5 8 5 4 3 3 6 4
4 5 8 4 5 8 7 4 3 6 6 0 4 5 5 7 8 5 8 1 2 3 1 5 1 3 8 4 4 1
1 8 10 6 4 5 10 3 1 8 2 4 0 8 6 8 11 5 5 5 6 3 3 7 3 4 5 4 6 2
8 0 5 3 7 10 3 7 7 3 9 5 8 0 4 6 3 5 11 3 3 6 6 2 6 5 11 6 4 6
6 5 3 1 4 6 4 4 6 2 6 5 6 4 0 2 5 1 7 5 4 3 6 2 6 2 7 3 1 5
8 6 2 3 5 7 4 5 8 2 8 7 8 6 2 0 5 3 8 7 6 6 8 3 8 4 8 5 3 7
11 3 4 5 9 11 1 9 10 4 11 8 11 3 5 5 0 6 12 7 6 8 9 4 9 7 12 8 6 9
5 5 4 1 3 5 5 3 5 3 5 5 5 5 1 3 6 0 6 4 4 3 5 3 5 1 6 2 1 4
4 11 10 8 4 1 12 4 5 9 3 8 5 11 7 8 12 6 0 9 9 5 7 9 8 6 0 5 7 7
5 4 7 4 6 8 6 5 4 5 6 1 5 3 5 7 7 4 9 0 1 4 3 4 2 4 9 5 4 3
6 3 7 3 6 8 5 5 5 4 7 2 6 3 4 6 6 4 9 1 0 4 3 3 3 3 9 5 3 3
3 6 7 3 2 5 7 1 2 5 3 3 3 6 3 6 8 3 5 4 4 0 3 4 3 1 5 1 3 2
3 6 9 5 5 7 9 4 2 7 5 1 3 6 6 8 9 5 7 3 3 3 0 6 1 4 7 4 5 1
7 3 4 1 5 8 3 5 7 1 8 5 7 2 2 3 4 3 9 4 3 4 6 0 6 3 9 4 2 5
4 6 9 5 6 8 9 5 3 7 5 1 3 6 6 8 9 5 8 2 3 3 1 6 0 4 8 5 5 1
4 5 5 2 3 5 6 2 4 4 4 3 4 5 2 4 7 1 6 4 3 1 4 3 4 0 6 1 1 3
4 11 9 7 3 1 11 4 5 9 3 8 5 11 7 8 12 6 0 9 9 5 7 9 8 6 0 4 7 7
3 7 6 3 1 4 7 1 3 5 3 4 4 6 3 5 8 2 5 5 5 1 4 4 5 1 4 0 2 4
6 5 4 1 3 6 5 3 5 2 6 4 6 4 1 3 6 1 7 4 3 3 5 2 5 1 7 2 0 4
3 6 8 5 4 6 8 3 2 6 4 1 2 6 5 7 9 4 7 3 3 2 1 5 1 3 7 4 4 0
,
0 44 42 16 21 20 56 12 4 51 5 13 2 48 23 50 59 15 20 36 23 8 17 36 16 13 27 24 28 16
24 0 42 27 52 43 21 42 33 12 42 31 41 2 16 37 22 21 64 17 8 28 45 11 44 22 76 25 27 22
26 39 0 21 38 56 14 35 48 17 49 44 66 14 12 7 15 12 48 31 21 47 62 17 61 23 60 29 28 37
30 23 15 0 18 44 26 15 27 5 31 24 44 10 3 23 24 8 22 15 22 22 22 8 21 11 49 9 5 31
22 55 42 14 0 12 39 3 11 15 10 39 11 27 15 29 29 10 10 32 28 11 20 22 31 7 10 6 20 31
21 28 22 44 16 0 55 11 38 22 8 41 33 34 29 34 80 18 5 38 53 12 23 39 29 15 3 14 20 44
55 9 16 11 25 48 0 28 45 20 50 52 71 18 22 22 3 37 73 48 20 28 63 19 25 31 56 52 34 28
11 45 25 30 7 18 48 0 16 26 11 30 13 36 16 26 65 10 16 31 15 9 29 25 32 9 25 6 21 12
7 32 33 34 20 31 29 11 0 39 14 15 2 34 23 37 46 37 37 29 22 8 14 40 13 28 38 13 36 9
20 21 13 9 18 46 13 16 40 0 29 38 55 12 10 18 11 14 35 19 29 22 49 4 37 24 33 19 14 19
8 69 58 32 11 20 47 14 7 46 0 31 10 43 40 20 71 26 21 30 41 19 23 26 36 23 16 24 22 25
20 29 45 21 26 44 45 18 9 23 18 0 20 14 13 49 45 20 54 5 7 14 8 13 7 15 49 19 31 10
4 43 63 33 29 37 30 11 4 28 14 11 0 27 38 57 76 17 28 30 32 14 10 22 15 13 26 26 21 18
55 2 22 9 26 37 18 18 36 19 34 34 54 0 19 31 14 18 75 9 18 20 45 18 22 19 29 17 25 38
43 30 16 5 22 16 30 21 19 11 35 26 26 22 0 8 18 6 24 16 21 19 28 11 20 10 26 12 3 29
60 31 11 9 36 38 13 15 23 8 31 36 21 21 13 0 24 8 34 39 44 39 54 16 37 22 56 22 10 45
75 20 21 22 56 35 6 52 44 25 71 20 72 11 25 23 0 36 48 18 26 41 62 25 47 42 31 22 36 44
21 24 25 5 9 29 13 16 32 7 17 19 24 32 4 19 29 0 25 32 23 11 22 8 16 6 45 8 3 25
11 39 34 35 9 7 35 13 19 26 7 35 17 50 19 48 91 30 0 52 50 30 55 25 29 29 3 32 48 25
39 20 41 11 29 56 47 24 24 33 21 4 32 24 33 25 46 29 58 0 5 17 13 11 15 21 39 27 10 11
23 9 46 17 19 59 37 30 18 29 34 11 36 11 14 18 24 19 32 3 0 26 23 14 9 23 35 22 15 11
10 24 38 21 8 14 48 6 15 34 21 17 19 18 21 28 24 16 35 26 22 0 21 24 18 7 38 7 8 11
18 41 56 31 20 34 27 11 11 35 20 5 13 42 42 33 52 31 25 13 20 10 0 28 4 24 56 29 22 5
42 21 25 8 27 40 21 17 22 8 42 26 47 13 10 13 18 11 63 18 18 32 22 0 21 13 53 15 6 40
30 31 39 32 24 23 23 13 12 42 20 4 20 33 19 50 28 27 32 11 22 17 4 23 0 19 38 27 26 6
24 27 17 12 16 19 31 13 18 15 20 22 11 18 7 19 44 4 30 13 20 10 13 16 23 0 29 9 5 8
29 33 69 41 12 3 83 11 16 25 17 57 15 77 33 43 64 30 1 49 54 26 19 23 21 18 0 14 45 30
19 43 25 13 7 22 29 4 14 13 10 31 19 22 8 19 57 7 17 26 31 4 20 19 26 7 11 0 8 11
35 33 16 3 16 17 25 21 24 8 42 14 28 26 4 10 18 3 48 24 20 16 30 14 21 8 27 14 0 28
10 40 47 21 13 27 31 21 8 46 26 6 10 38 13 31 30 31 43 16 20 9 5 28 8 8 47 12 24 0