5
30
,
0 (49.0, 21.0) 20.0
1 (16.0, 50.0) 31.0
2 (2.0, 25.0) 23.0
3 (20.0, 31.0) 20.0
4 (33.0, 15.0) 28.0
5 (39.0, 3.0) 25.0
6 (2.0, 41.0) 10.0
7 (36.0, 19.0) 14.0
8 (48.0, 27.0) 12.0
9 (12.0, 32.0) 13.0
10 (48.0, 15.0) 10.0
11 (39.0, 41.0) 17.0
12 (50.0, 25.0) 13.0
13 (17.0, 48.0) 44.0
14 (19.0, 27.0) 14.0
15 (9.0, 20.0) 40.0
16 (1.0, 46.0) 36.0
17 (23.0, 25.0) 11.0
18 (44.0, 1.0) 28.0
19 (34.0, 44.0) 45.0
20 (29.0, 44.0) 37.0
21 (36.0, 26.0) 16.0
22 (45.0, 38.0) 19.0
23 (16.0, 36.0) 35.0
24 (45.0, 41.0) 23.0
25 (29.0, 27.0) 41.0
26 (42.0, 1.0) 35.0
27 (32.0, 21.0) 18.0
28 (22.0, 28.0) 23.0
29 (43.0, 35.0) 11.0
,
0 9 9 6 3 4 10 3 1 8 1 4 1 8 6 8 11 5 4 5 6 3 3 7 4 4 4 3 6 3
9 0 6 4 8 10 3 7 8 4 9 5 8 0 5 6 3 5 11 4 3 6 6 3 6 5 11 7 5 6
9 6 0 4 7 9 3 7 9 2 9 8 10 5 3 2 4 4 10 7 7 7 9 4 9 5 9 6 4 8
6 4 4 0 4 7 4 4 6 2 6 4 6 3 1 3 5 1 8 4 3 3 5 1 5 2 7 3 1 5
3 8 7 4 0 3 8 1 4 5 3 5 4 7 4 5 9 3 4 6 6 2 5 5 6 3 3 1 3 4
4 10 9 7 3 0 11 3 5 8 3 8 5 10 6 7 11 5 1 8 8 5 7 8 8 5 1 4 6 6
10 3 3 4 8 11 0 8 10 3 11 7 10 3 4 4 1 5 12 6 5 7 9 3 9 6 11 7 5 8
3 7 7 4 1 3 8 0 3 5 3 4 3 7 4 5 9 3 4 5 5 1 4 5 5 2 4 1 3 3
1 8 9 6 4 5 10 3 0 7 2 3 1 7 6 8 10 5 5 4 5 2 2 7 3 4 5 3 5 2
8 4 2 2 5 8 3 5 7 0 8 6 8 3 2 2 4 3 9 5 4 5 7 1 7 4 9 5 2 6
1 9 9 6 3 3 11 3 2 8 0 6 2 9 6 8 11 5 3 6 7 3 5 8 5 4 3 3 6 4
4 5 8 4 5 8 7 4 3 6 6 0 4 5 5 7 8 5 8 1 2 3 1 5 1 3 8 4 4 1
1 8 10 6 4 5 10 3 1 8 2 4 0 8 6 8 11 5 5 5 6 3 3 7 3 4 5 4 6 2
8 0 5 3 7 10 3 7 7 3 9 5 8 0 4 6 3 5 11 3 3 6 6 2 6 5 11 6 4 6
6 5 3 1 4 6 4 4 6 2 6 5 6 4 0 2 5 1 7 5 4 3 6 2 6 2 7 3 1 5
8 6 2 3 5 7 4 5 8 2 8 7 8 6 2 0 5 3 8 7 6 6 8 3 8 4 8 5 3 7
11 3 4 5 9 11 1 9 10 4 11 8 11 3 5 5 0 6 12 7 6 8 9 4 9 7 12 8 6 9
5 5 4 1 3 5 5 3 5 3 5 5 5 5 1 3 6 0 6 4 4 3 5 3 5 1 6 2 1 4
4 11 10 8 4 1 12 4 5 9 3 8 5 11 7 8 12 6 0 9 9 5 7 9 8 6 0 5 7 7
5 4 7 4 6 8 6 5 4 5 6 1 5 3 5 7 7 4 9 0 1 4 3 4 2 4 9 5 4 3
6 3 7 3 6 8 5 5 5 4 7 2 6 3 4 6 6 4 9 1 0 4 3 3 3 3 9 5 3 3
3 6 7 3 2 5 7 1 2 5 3 3 3 6 3 6 8 3 5 4 4 0 3 4 3 1 5 1 3 2
3 6 9 5 5 7 9 4 2 7 5 1 3 6 6 8 9 5 7 3 3 3 0 6 1 4 7 4 5 1
7 3 4 1 5 8 3 5 7 1 8 5 7 2 2 3 4 3 9 4 3 4 6 0 6 3 9 4 2 5
4 6 9 5 6 8 9 5 3 7 5 1 3 6 6 8 9 5 8 2 3 3 1 6 0 4 8 5 5 1
4 5 5 2 3 5 6 2 4 4 4 3 4 5 2 4 7 1 6 4 3 1 4 3 4 0 6 1 1 3
4 11 9 7 3 1 11 4 5 9 3 8 5 11 7 8 12 6 0 9 9 5 7 9 8 6 0 4 7 7
3 7 6 3 1 4 7 1 3 5 3 4 4 6 3 5 8 2 5 5 5 1 4 4 5 1 4 0 2 4
6 5 4 1 3 6 5 3 5 2 6 4 6 4 1 3 6 1 7 4 3 3 5 2 5 1 7 2 0 4
3 6 8 5 4 6 8 3 2 6 4 1 2 6 5 7 9 4 7 3 3 2 1 5 1 3 7 4 4 0
,
0 49 60 43 13 26 62 18 6 53 5 15 4 41 33 24 71 24 16 40 25 21 12 32 21 21 30 13 29 11
44 0 41 22 43 64 20 32 53 23 34 20 55 3 29 36 15 38 67 11 8 32 31 11 41 35 61 45 31 25
54 40 0 11 17 54 8 33 61 12 44 24 60 22 22 11 30 18 39 37 19 49 60 24 57 32 34 16 18 50
44 16 20 0 28 33 13 14 39 6 42 23 27 21 3 16 34 9 20 10 11 22 27 7 27 6 37 23 2 20
10 44 24 26 0 19 45 3 22 25 19 37 17 39 25 25 62 11 23 43 28 15 28 25 20 18 13 4 23 30
29 40 25 48 12 0 48 17 26 53 18 44 32 40 38 47 43 35 3 56 56 31 23 40 26 38 3 12 43 34
65 16 15 31 44 38 0 43 57 17 29 48 54 16 28 19 7 31 53 38 36 29 31 17 40 36 85 27 13 30
9 26 46 22 6 15 29 0 9 16 16 27 12 21 14 34 35 17 26 14 29 4 30 33 22 7 17 5 21 13
4 54 61 20 16 22 45 10 0 46 11 20 3 31 43 31 39 23 16 14 16 11 9 29 10 11 17 20 31 5
38 15 14 11 38 56 11 27 32 0 32 38 49 16 12 14 10 19 36 18 17 24 37 3 33 21 52 28 15 38
8 27 50 30 19 12 58 17 10 44 0 32 7 38 34 44 37 31 13 26 38 9 24 21 15 32 22 13 22 20
22 20 34 25 14 29 28 26 18 20 25 0 28 13 30 20 41 15 36 4 9 14 7 17 7 13 38 18 31 5
3 60 57 38 13 15 39 9 4 44 11 19 0 58 26 25 61 39 23 30 17 15 10 38 16 12 37 12 25 13
23 1 38 10 30 32 20 51 38 19 30 34 52 0 11 19 12 31 35 23 13 41 44 14 35 21 74 41 26 38
41 32 12 6 23 41 15 12 26 10 35 19 40 19 0 8 38 3 32 21 19 14 27 13 31 6 29 21 4 32
45 42 7 21 33 27 15 26 26 16 32 21 59 38 16 0 33 10 23 25 34 15 51 18 29 13 44 24 14 48
80 12 15 32 56 38 6 37 66 10 66 32 57 21 29 39 0 22 81 32 23 39 29 22 35 36 49 50 23 42
15 34 20 7 14 26 34 14 18 16 32 26 39 15 3 10 44 0 45 26 19 13 29 12 15 7 42 12 4 18
16 74 52 38 12 6 69 28 35 24 20 42 13 59 38 35 53 36 0 54 66 31 23 37 40 34 3 17 35 21
20 24 31 26 34 22 46 21 16 35 39 9 19 16 33 47 36 18 31 0 7 22 16 23 6 21 30 22 14 15
30 19 34 10 17 48 23 13 18 27 35 10 20 8 27 20 26 25 49 3 0 22 17 21 20 16 33 30 14 19
10 25 22 25 15 23 30 10 15 17 22 20 10 18 13 24 30 15 25 17 28 0 15 19 23 9 27 5 17 11
15 24 46 35 17 20 38 16 15 45 31 4 8 28 33 51 55 14 48 15 15 21 0 26 3 11 25 27 36 4
23 11 13 4 15 25 16 36 41 6 35 22 24 10 13 13 15 15 60 14 10 14 21 0 33 14 24 11 7 30
24 33 26 14 34 50 30 13 20 43 37 4 12 29 27 53 32 37 58 14 15 13 3 28 0 29 46 31 26 5
25 38 32 11 12 26 29 10 15 16 22 15 17 19 14 28 50 7 32 21 17 9 23 19 20 0 18 9 5 14
31 76 34 54 23 3 36 25 15 29 18 37 25 73 36 26 62 29 2 26 47 15 26 52 23 37 0 12 47 39
18 41 42 21 7 20 45 3 24 17 18 12 26 36 13 30 38 14 26 22 25 9 29 14 32 7 19 0 14 21
38 28 22 5 9 43 18 15 14 16 38 13 29 13 2 22 19 2 19 16 24 7 24 7 18 5 17 15 0 20
20 44 39 29 24 24 52 24 9 46 25 5 9 28 26 20 54 11 49 9 19 8 2 19 4 22 45 26 33 0