5
30
,
0 (49.0, 21.0) 19.0
1 (16.0, 50.0) 23.0
2 (2.0, 25.0) 32.0
3 (20.0, 31.0) 21.0
4 (33.0, 15.0) 16.0
5 (39.0, 3.0) 11.0
6 (2.0, 41.0) 39.0
7 (36.0, 19.0) 39.0
8 (48.0, 27.0) 32.0
9 (12.0, 32.0) 11.0
10 (48.0, 15.0) 27.0
11 (39.0, 41.0) 31.0
12 (50.0, 25.0) 25.0
13 (17.0, 48.0) 32.0
14 (19.0, 27.0) 13.0
15 (9.0, 20.0) 35.0
16 (1.0, 46.0) 39.0
17 (23.0, 25.0) 42.0
18 (44.0, 1.0) 20.0
19 (34.0, 44.0) 10.0
20 (29.0, 44.0) 24.0
21 (36.0, 26.0) 47.0
22 (45.0, 38.0) 32.0
23 (16.0, 36.0) 19.0
24 (45.0, 41.0) 15.0
25 (29.0, 27.0) 10.0
26 (42.0, 1.0) 11.0
27 (32.0, 21.0) 13.0
28 (22.0, 28.0) 12.0
29 (43.0, 35.0) 14.0
,
0 9 9 6 3 4 10 3 1 8 1 4 1 8 6 8 11 5 4 5 6 3 3 7 4 4 4 3 6 3
9 0 6 4 8 10 3 7 8 4 9 5 8 0 5 6 3 5 11 4 3 6 6 3 6 5 11 7 5 6
9 6 0 4 7 9 3 7 9 2 9 8 10 5 3 2 4 4 10 7 7 7 9 4 9 5 9 6 4 8
6 4 4 0 4 7 4 4 6 2 6 4 6 3 1 3 5 1 8 4 3 3 5 1 5 2 7 3 1 5
3 8 7 4 0 3 8 1 4 5 3 5 4 7 4 5 9 3 4 6 6 2 5 5 6 3 3 1 3 4
4 10 9 7 3 0 11 3 5 8 3 8 5 10 6 7 11 5 1 8 8 5 7 8 8 5 1 4 6 6
10 3 3 4 8 11 0 8 10 3 11 7 10 3 4 4 1 5 12 6 5 7 9 3 9 6 11 7 5 8
3 7 7 4 1 3 8 0 3 5 3 4 3 7 4 5 9 3 4 5 5 1 4 5 5 2 4 1 3 3
1 8 9 6 4 5 10 3 0 7 2 3 1 7 6 8 10 5 5 4 5 2 2 7 3 4 5 3 5 2
8 4 2 2 5 8 3 5 7 0 8 6 8 3 2 2 4 3 9 5 4 5 7 1 7 4 9 5 2 6
1 9 9 6 3 3 11 3 2 8 0 6 2 9 6 8 11 5 3 6 7 3 5 8 5 4 3 3 6 4
4 5 8 4 5 8 7 4 3 6 6 0 4 5 5 7 8 5 8 1 2 3 1 5 1 3 8 4 4 1
1 8 10 6 4 5 10 3 1 8 2 4 0 8 6 8 11 5 5 5 6 3 3 7 3 4 5 4 6 2
8 0 5 3 7 10 3 7 7 3 9 5 8 0 4 6 3 5 11 3 3 6 6 2 6 5 11 6 4 6
6 5 3 1 4 6 4 4 6 2 6 5 6 4 0 2 5 1 7 5 4 3 6 2 6 2 7 3 1 5
8 6 2 3 5 7 4 5 8 2 8 7 8 6 2 0 5 3 8 7 6 6 8 3 8 4 8 5 3 7
11 3 4 5 9 11 1 9 10 4 11 8 11 3 5 5 0 6 12 7 6 8 9 4 9 7 12 8 6 9
5 5 4 1 3 5 5 3 5 3 5 5 5 5 1 3 6 0 6 4 4 3 5 3 5 1 6 2 1 4
4 11 10 8 4 1 12 4 5 9 3 8 5 11 7 8 12 6 0 9 9 5 7 9 8 6 0 5 7 7
5 4 7 4 6 8 6 5 4 5 6 1 5 3 5 7 7 4 9 0 1 4 3 4 2 4 9 5 4 3
6 3 7 3 6 8 5 5 5 4 7 2 6 3 4 6 6 4 9 1 0 4 3 3 3 3 9 5 3 3
3 6 7 3 2 5 7 1 2 5 3 3 3 6 3 6 8 3 5 4 4 0 3 4 3 1 5 1 3 2
3 6 9 5 5 7 9 4 2 7 5 1 3 6 6 8 9 5 7 3 3 3 0 6 1 4 7 4 5 1
7 3 4 1 5 8 3 5 7 1 8 5 7 2 2 3 4 3 9 4 3 4 6 0 6 3 9 4 2 5
4 6 9 5 6 8 9 5 3 7 5 1 3 6 6 8 9 5 8 2 3 3 1 6 0 4 8 5 5 1
4 5 5 2 3 5 6 2 4 4 4 3 4 5 2 4 7 1 6 4 3 1 4 3 4 0 6 1 1 3
4 11 9 7 3 1 11 4 5 9 3 8 5 11 7 8 12 6 0 9 9 5 7 9 8 6 0 4 7 7
3 7 6 3 1 4 7 1 3 5 3 4 4 6 3 5 8 2 5 5 5 1 4 4 5 1 4 0 2 4
6 5 4 1 3 6 5 3 5 2 6 4 6 4 1 3 6 1 7 4 3 3 5 2 5 1 7 2 0 4
3 6 8 5 4 6 8 3 2 6 4 1 2 6 5 7 9 4 7 3 3 2 1 5 1 3 7 4 4 0
,
0 59 34 33 15 21 49 19 6 33 6 26 6 29 18 57 62 16 14 23 35 10 14 23 11 29 15 21 20 11
29 0 35 21 38 58 19 24 58 14 41 25 32 1 31 27 16 34 41 25 12 35 29 15 18 31 76 31 17 35
65 34 0 20 21 44 17 51 28 17 37 37 46 23 19 13 20 12 42 42 34 42 60 10 46 24 37 38 22 38
20 21 12 0 14 48 28 13 28 9 23 21 36 11 3 14 15 5 33 18 19 18 29 5 15 6 25 8 3 14
14 28 41 20 0 15 52 7 15 29 12 36 20 54 18 22 59 21 12 30 40 14 22 14 39 11 18 7 14 25
28 35 32 25 8 0 72 24 25 29 20 38 33 48 16 20 45 38 6 36 58 24 48 41 31 17 4 19 40 37
55 24 15 10 22 28 0 26 59 17 75 37 71 22 32 19 4 23 59 34 27 22 63 17 26 15 79 46 30 37
7 51 47 12 5 10 61 0 20 24 14 15 16 27 26 37 48 18 23 17 24 10 19 18 35 15 21 6 18 12
9 54 31 18 15 18 71 12 0 22 13 12 3 46 36 23 45 17 14 18 34 6 15 28 19 20 38 11 30 10
52 28 18 5 40 51 17 28 33 0 48 30 44 16 6 17 17 15 46 22 19 26 44 5 22 13 55 15 13 23
3 45 41 40 22 15 37 9 9 52 0 38 8 64 18 35 60 38 15 40 24 13 18 44 30 31 21 16 19 23
29 24 36 17 35 45 47 14 14 28 29 0 17 28 36 19 21 16 36 4 8 9 7 14 7 15 27 24 13 8
5 24 60 21 13 15 58 8 2 52 6 24 0 35 23 51 50 31 27 35 18 17 21 46 16 15 20 25 17 13
35 2 27 22 23 48 11 35 34 22 44 25 34 0 11 38 19 31 53 21 16 28 33 11 15 35 41 20 16 22
20 20 16 5 20 33 23 16 32 10 37 23 32 18 0 15 23 4 24 29 15 12 31 12 26 12 31 11 2 35
26 20 9 8 27 39 16 37 30 9 40 38 31 20 12 0 31 10 41 21 35 16 57 9 48 26 45 14 18 55
65 9 25 19 63 77 3 32 76 15 61 56 69 19 34 33 0 44 44 17 37 55 27 23 48 31 82 47 37 59
22 25 24 9 9 17 39 9 32 15 26 33 24 26 4 18 40 0 39 32 26 8 38 9 27 7 26 8 2 22
18 37 29 35 19 3 36 28 31 49 21 40 14 70 48 29 64 25 0 48 35 19 22 36 32 25 2 18 34 28
25 17 27 15 18 42 46 19 23 22 24 8 29 20 22 48 23 28 38 0 6 14 7 18 13 26 59 16 29 16
19 16 38 18 20 50 31 31 21 30 44 8 33 8 18 44 36 27 42 4 0 14 23 14 19 13 59 28 13 13
19 36 49 22 15 14 32 7 8 25 10 14 11 34 24 23 41 16 19 11 17 0 14 27 14 5 15 9 20 9
21 47 50 29 33 52 51 19 7 47 31 7 14 26 16 54 38 18 47 7 15 20 0 31 2 21 42 26 14 4
48 17 20 9 28 46 17 30 25 8 46 21 44 17 11 20 23 16 58 19 10 21 38 0 44 9 32 25 9 14
24 18 52 28 16 40 48 24 17 23 36 5 13 34 37 36 24 21 42 8 21 25 3 34 0 19 42 25 17 5
29 17 30 8 7 32 33 6 11 22 26 12 16 19 8 23 40 8 42 15 18 8 14 14 21 0 40 10 7 22
18 34 56 50 13 4 34 11 39 59 12 32 32 28 40 45 70 32 1 56 33 38 28 56 47 15 0 27 18 51
16 31 35 19 5 15 40 6 25 30 22 27 26 37 9 23 48 7 26 29 23 4 11 17 36 7 25 0 17 12
37 26 15 2 10 22 20 16 23 10 21 16 39 17 4 23 22 5 33 30 24 7 19 10 26 8 50 14 0 13
21 38 53 23 12 35 43 19 9 45 27 9 16 17 23 56 28 21 18 10 14 15 4 33 4 14 35 10 30 0