5
30
,
0 (49.0, 21.0) 15.0
1 (16.0, 50.0) 13.0
2 (2.0, 25.0) 26.0
3 (20.0, 31.0) 32.0
4 (33.0, 15.0) 19.0
5 (39.0, 3.0) 29.0
6 (2.0, 41.0) 35.0
7 (36.0, 19.0) 25.0
8 (48.0, 27.0) 20.0
9 (12.0, 32.0) 14.0
10 (48.0, 15.0) 25.0
11 (39.0, 41.0) 12.0
12 (50.0, 25.0) 41.0
13 (17.0, 48.0) 48.0
14 (19.0, 27.0) 22.0
15 (9.0, 20.0) 17.0
16 (1.0, 46.0) 39.0
17 (23.0, 25.0) 13.0
18 (44.0, 1.0) 21.0
19 (34.0, 44.0) 46.0
20 (29.0, 44.0) 13.0
21 (36.0, 26.0) 35.0
22 (45.0, 38.0) 39.0
23 (16.0, 36.0) 19.0
24 (45.0, 41.0) 13.0
25 (29.0, 27.0) 38.0
26 (42.0, 1.0) 14.0
27 (32.0, 21.0) 33.0
28 (22.0, 28.0) 39.0
29 (43.0, 35.0) 17.0
,
0 9 9 6 3 4 10 3 1 8 1 4 1 8 6 8 11 5 4 5 6 3 3 7 4 4 4 3 6 3
9 0 6 4 8 10 3 7 8 4 9 5 8 0 5 6 3 5 11 4 3 6 6 3 6 5 11 7 5 6
9 6 0 4 7 9 3 7 9 2 9 8 10 5 3 2 4 4 10 7 7 7 9 4 9 5 9 6 4 8
6 4 4 0 4 7 4 4 6 2 6 4 6 3 1 3 5 1 8 4 3 3 5 1 5 2 7 3 1 5
3 8 7 4 0 3 8 1 4 5 3 5 4 7 4 5 9 3 4 6 6 2 5 5 6 3 3 1 3 4
4 10 9 7 3 0 11 3 5 8 3 8 5 10 6 7 11 5 1 8 8 5 7 8 8 5 1 4 6 6
10 3 3 4 8 11 0 8 10 3 11 7 10 3 4 4 1 5 12 6 5 7 9 3 9 6 11 7 5 8
3 7 7 4 1 3 8 0 3 5 3 4 3 7 4 5 9 3 4 5 5 1 4 5 5 2 4 1 3 3
1 8 9 6 4 5 10 3 0 7 2 3 1 7 6 8 10 5 5 4 5 2 2 7 3 4 5 3 5 2
8 4 2 2 5 8 3 5 7 0 8 6 8 3 2 2 4 3 9 5 4 5 7 1 7 4 9 5 2 6
1 9 9 6 3 3 11 3 2 8 0 6 2 9 6 8 11 5 3 6 7 3 5 8 5 4 3 3 6 4
4 5 8 4 5 8 7 4 3 6 6 0 4 5 5 7 8 5 8 1 2 3 1 5 1 3 8 4 4 1
1 8 10 6 4 5 10 3 1 8 2 4 0 8 6 8 11 5 5 5 6 3 3 7 3 4 5 4 6 2
8 0 5 3 7 10 3 7 7 3 9 5 8 0 4 6 3 5 11 3 3 6 6 2 6 5 11 6 4 6
6 5 3 1 4 6 4 4 6 2 6 5 6 4 0 2 5 1 7 5 4 3 6 2 6 2 7 3 1 5
8 6 2 3 5 7 4 5 8 2 8 7 8 6 2 0 5 3 8 7 6 6 8 3 8 4 8 5 3 7
11 3 4 5 9 11 1 9 10 4 11 8 11 3 5 5 0 6 12 7 6 8 9 4 9 7 12 8 6 9
5 5 4 1 3 5 5 3 5 3 5 5 5 5 1 3 6 0 6 4 4 3 5 3 5 1 6 2 1 4
4 11 10 8 4 1 12 4 5 9 3 8 5 11 7 8 12 6 0 9 9 5 7 9 8 6 0 5 7 7
5 4 7 4 6 8 6 5 4 5 6 1 5 3 5 7 7 4 9 0 1 4 3 4 2 4 9 5 4 3
6 3 7 3 6 8 5 5 5 4 7 2 6 3 4 6 6 4 9 1 0 4 3 3 3 3 9 5 3 3
3 6 7 3 2 5 7 1 2 5 3 3 3 6 3 6 8 3 5 4 4 0 3 4 3 1 5 1 3 2
3 6 9 5 5 7 9 4 2 7 5 1 3 6 6 8 9 5 7 3 3 3 0 6 1 4 7 4 5 1
7 3 4 1 5 8 3 5 7 1 8 5 7 2 2 3 4 3 9 4 3 4 6 0 6 3 9 4 2 5
4 6 9 5 6 8 9 5 3 7 5 1 3 6 6 8 9 5 8 2 3 3 1 6 0 4 8 5 5 1
4 5 5 2 3 5 6 2 4 4 4 3 4 5 2 4 7 1 6 4 3 1 4 3 4 0 6 1 1 3
4 11 9 7 3 1 11 4 5 9 3 8 5 11 7 8 12 6 0 9 9 5 7 9 8 6 0 4 7 7
3 7 6 3 1 4 7 1 3 5 3 4 4 6 3 5 8 2 5 5 5 1 4 4 5 1 4 0 2 4
6 5 4 1 3 6 5 3 5 2 6 4 6 4 1 3 6 1 7 4 3 3 5 2 5 1 7 2 0 4
3 6 8 5 4 6 8 3 2 6 4 1 2 6 5 7 9 4 7 3 3 2 1 5 1 3 7 4 4 0
,
0 23 34 18 11 21 58 15 4 27 5 30 3 58 42 56 38 31 26 37 43 14 21 44 20 19 24 17 20 9
28 0 24 21 39 73 11 47 22 19 26 22 38 2 12 25 18 19 72 18 21 40 43 9 32 26 61 41 18 23
49 28 0 13 36 24 21 45 53 16 52 46 40 15 11 12 22 17 38 49 38 26 37 23 53 22 26 38 12 51
27 18 11 0 26 44 21 14 36 12 32 23 28 25 3 20 34 4 46 24 8 20 23 5 32 9 30 15 4 22
21 26 45 28 0 8 49 3 24 25 22 31 19 20 10 33 37 8 16 33 16 15 27 24 21 16 15 4 18 31
13 65 51 26 13 0 75 22 33 32 13 28 13 42 17 31 72 41 6 53 56 12 41 28 51 37 4 13 35 24
60 15 13 15 32 78 0 48 37 11 71 39 54 15 28 20 5 26 57 32 23 42 37 19 27 44 57 52 25 60
8 29 47 16 3 8 33 0 16 26 11 15 11 47 18 37 34 16 28 33 14 4 14 19 33 7 15 5 25 9
4 35 47 41 23 37 71 9 0 31 12 14 2 40 41 31 33 30 31 29 20 11 7 20 13 25 39 15 39 7
24 13 12 10 24 35 16 41 30 0 27 34 51 9 8 13 25 10 60 20 28 25 48 8 30 15 38 30 14 23
4 30 69 39 14 15 55 13 16 50 0 40 5 44 27 45 59 30 16 36 27 16 22 25 35 17 19 10 15 19
20 28 55 11 14 20 26 15 19 42 28 0 22 16 13 53 36 23 58 6 13 21 7 25 9 12 24 29 24 5
5 43 33 20 29 18 58 23 2 54 6 21 0 33 30 27 61 17 31 13 28 8 14 23 11 28 17 27 37 7
23 1 30 18 53 44 16 23 51 22 33 18 27 0 31 23 22 27 80 17 7 19 24 14 18 12 59 28 22 42
34 20 16 5 13 20 33 22 26 4 43 20 16 28 0 15 34 5 26 29 22 16 32 8 37 9 24 20 3 17
36 34 12 19 34 32 14 24 27 11 46 48 47 24 9 0 14 12 31 37 45 22 47 22 28 16 57 20 16 21
60 13 14 12 28 36 7 32 32 21 56 29 30 10 16 25 0 23 37 41 19 49 60 19 24 43 68 53 15 54
20 26 19 6 12 31 37 21 33 9 20 16 14 14 5 11 16 0 33 29 25 8 18 10 35 3 20 7 3 22
16 68 26 39 13 4 42 17 17 25 19 50 14 72 19 37 67 29 0 46 60 15 43 43 50 30 1 30 26 23
37 18 47 20 19 42 44 30 21 17 29 7 32 26 25 22 31 31 37 0 4 16 16 28 6 24 64 24 23 19
28 9 20 22 25 30 28 25 28 12 42 14 33 8 19 23 17 13 30 7 0 14 15 12 16 20 32 30 9 20
15 24 51 12 16 12 44 6 10 15 23 21 17 19 13 15 54 15 25 24 25 0 19 24 22 6 34 7 10 14
16 17 41 24 15 39 41 29 16 28 15 9 9 20 39 37 62 18 45 12 25 16 0 38 4 10 49 26 23 3
31 9 23 8 23 38 18 36 19 3 32 24 48 11 6 10 14 18 26 10 22 18 17 0 18 15 23 13 13 19
20 25 55 22 16 38 52 17 19 51 24 5 13 35 18 33 27 30 27 12 14 23 2 23 0 18 56 12 25 3
21 21 25 11 10 27 24 8 25 19 22 20 11 21 13 20 18 9 35 20 18 5 25 18 29 0 28 8 8 18
17 37 38 49 14 2 29 18 31 36 15 37 36 77 18 28 55 19 1 65 61 29 36 39 31 20 0 16 21 17
14 19 45 10 7 23 22 6 15 33 9 21 10 40 18 20 38 13 20 15 33 8 23 12 30 7 23 0 8 12
35 14 18 3 14 28 15 13 27 15 37 30 21 27 3 9 17 4 45 27 15 13 30 15 20 4 46 11 0 18
17 21 34 15 17 18 58 15 8 41 17 5 17 17 17 26 56 25 49 10 9 7 3 19 6 10 49 15 19 0