5
30
,
0 (49.0, 21.0) 13.0
1 (16.0, 50.0) 19.0
2 (2.0, 25.0) 49.0
3 (20.0, 31.0) 25.0
4 (33.0, 15.0) 37.0
5 (39.0, 3.0) 18.0
6 (2.0, 41.0) 12.0
7 (36.0, 19.0) 17.0
8 (48.0, 27.0) 36.0
9 (12.0, 32.0) 10.0
10 (48.0, 15.0) 49.0
11 (39.0, 41.0) 17.0
12 (50.0, 25.0) 23.0
13 (17.0, 48.0) 23.0
14 (19.0, 27.0) 20.0
15 (9.0, 20.0) 10.0
16 (1.0, 46.0) 11.0
17 (23.0, 25.0) 48.0
18 (44.0, 1.0) 10.0
19 (34.0, 44.0) 31.0
20 (29.0, 44.0) 39.0
21 (36.0, 26.0) 18.0
22 (45.0, 38.0) 24.0
23 (16.0, 36.0) 27.0
24 (45.0, 41.0) 31.0
25 (29.0, 27.0) 29.0
26 (42.0, 1.0) 12.0
27 (32.0, 21.0) 13.0
28 (22.0, 28.0) 24.0
29 (43.0, 35.0) 18.0
,
0 9 9 6 3 4 10 3 1 8 1 4 1 8 6 8 11 5 4 5 6 3 3 7 4 4 4 3 6 3
9 0 6 4 8 10 3 7 8 4 9 5 8 0 5 6 3 5 11 4 3 6 6 3 6 5 11 7 5 6
9 6 0 4 7 9 3 7 9 2 9 8 10 5 3 2 4 4 10 7 7 7 9 4 9 5 9 6 4 8
6 4 4 0 4 7 4 4 6 2 6 4 6 3 1 3 5 1 8 4 3 3 5 1 5 2 7 3 1 5
3 8 7 4 0 3 8 1 4 5 3 5 4 7 4 5 9 3 4 6 6 2 5 5 6 3 3 1 3 4
4 10 9 7 3 0 11 3 5 8 3 8 5 10 6 7 11 5 1 8 8 5 7 8 8 5 1 4 6 6
10 3 3 4 8 11 0 8 10 3 11 7 10 3 4 4 1 5 12 6 5 7 9 3 9 6 11 7 5 8
3 7 7 4 1 3 8 0 3 5 3 4 3 7 4 5 9 3 4 5 5 1 4 5 5 2 4 1 3 3
1 8 9 6 4 5 10 3 0 7 2 3 1 7 6 8 10 5 5 4 5 2 2 7 3 4 5 3 5 2
8 4 2 2 5 8 3 5 7 0 8 6 8 3 2 2 4 3 9 5 4 5 7 1 7 4 9 5 2 6
1 9 9 6 3 3 11 3 2 8 0 6 2 9 6 8 11 5 3 6 7 3 5 8 5 4 3 3 6 4
4 5 8 4 5 8 7 4 3 6 6 0 4 5 5 7 8 5 8 1 2 3 1 5 1 3 8 4 4 1
1 8 10 6 4 5 10 3 1 8 2 4 0 8 6 8 11 5 5 5 6 3 3 7 3 4 5 4 6 2
8 0 5 3 7 10 3 7 7 3 9 5 8 0 4 6 3 5 11 3 3 6 6 2 6 5 11 6 4 6
6 5 3 1 4 6 4 4 6 2 6 5 6 4 0 2 5 1 7 5 4 3 6 2 6 2 7 3 1 5
8 6 2 3 5 7 4 5 8 2 8 7 8 6 2 0 5 3 8 7 6 6 8 3 8 4 8 5 3 7
11 3 4 5 9 11 1 9 10 4 11 8 11 3 5 5 0 6 12 7 6 8 9 4 9 7 12 8 6 9
5 5 4 1 3 5 5 3 5 3 5 5 5 5 1 3 6 0 6 4 4 3 5 3 5 1 6 2 1 4
4 11 10 8 4 1 12 4 5 9 3 8 5 11 7 8 12 6 0 9 9 5 7 9 8 6 0 5 7 7
5 4 7 4 6 8 6 5 4 5 6 1 5 3 5 7 7 4 9 0 1 4 3 4 2 4 9 5 4 3
6 3 7 3 6 8 5 5 5 4 7 2 6 3 4 6 6 4 9 1 0 4 3 3 3 3 9 5 3 3
3 6 7 3 2 5 7 1 2 5 3 3 3 6 3 6 8 3 5 4 4 0 3 4 3 1 5 1 3 2
3 6 9 5 5 7 9 4 2 7 5 1 3 6 6 8 9 5 7 3 3 3 0 6 1 4 7 4 5 1
7 3 4 1 5 8 3 5 7 1 8 5 7 2 2 3 4 3 9 4 3 4 6 0 6 3 9 4 2 5
4 6 9 5 6 8 9 5 3 7 5 1 3 6 6 8 9 5 8 2 3 3 1 6 0 4 8 5 5 1
4 5 5 2 3 5 6 2 4 4 4 3 4 5 2 4 7 1 6 4 3 1 4 3 4 0 6 1 1 3
4 11 9 7 3 1 11 4 5 9 3 8 5 11 7 8 12 6 0 9 9 5 7 9 8 6 0 4 7 7
3 7 6 3 1 4 7 1 3 5 3 4 4 6 3 5 8 2 5 5 5 1 4 4 5 1 4 0 2 4
6 5 4 1 3 6 5 3 5 2 6 4 6 4 1 3 6 1 7 4 3 3 5 2 5 1 7 2 0 4
3 6 8 5 4 6 8 3 2 6 4 1 2 6 5 7 9 4 7 3 3 2 1 5 1 3 7 4 4 0
,
0 62 37 34 18 13 72 7 8 42 8 25 4 46 39 33 68 16 25 23 33 10 20 21 16 29 28 11 16 19
50 0 34 22 27 27 13 19 49 23 36 18 32 2 33 31 8 28 47 23 10 45 20 19 40 28 45 42 14 30
54 27 0 12 44 38 17 24 66 16 55 27 42 40 14 5 30 27 51 46 37 28 59 17 64 17 69 19 17 29
27 20 10 0 24 39 27 13 21 7 43 22 43 18 5 11 19 4 37 18 19 24 16 7 27 13 26 17 4 22
16 51 27 17 0 7 43 6 23 14 9 19 15 51 26 19 61 14 23 15 16 13 31 17 26 8 16 7 25 19
11 57 63 27 8 0 33 21 30 21 17 51 16 25 44 21 67 29 5 57 31 13 44 21 39 35 2 28 42 17
61 21 22 29 22 47 0 50 66 7 43 53 41 11 17 11 3 20 78 18 36 47 31 11 48 43 52 21 12 62
7 29 30 22 3 10 43 0 8 16 18 13 17 51 13 29 55 21 10 26 24 4 14 23 12 8 13 5 10 19
4 38 47 15 19 18 33 9 0 22 14 17 3 29 29 32 66 16 30 32 21 11 16 32 18 17 26 19 20 8
57 11 14 9 40 23 16 30 41 0 38 29 32 15 10 13 11 8 49 21 27 27 42 3 40 10 47 28 15 41
7 62 50 48 11 22 48 8 8 59 0 24 9 27 23 50 65 15 13 33 23 14 35 56 28 17 19 9 31 21
29 32 20 18 19 21 53 33 22 42 31 0 11 27 36 20 23 33 28 8 12 22 4 15 6 18 32 12 17 4
3 39 56 28 17 19 44 23 3 30 11 28 0 56 24 22 41 38 25 28 34 20 9 48 22 14 27 11 26 7
23 2 41 23 33 61 24 30 20 16 47 14 51 0 21 43 22 33 43 11 15 18 28 17 31 25 79 41 19 24
22 14 24 2 22 16 13 10 18 12 43 26 23 12 0 15 17 3 52 15 17 11 29 6 19 9 20 13 3 14
37 38 11 18 25 21 22 39 56 16 22 19 38 31 18 0 22 22 44 25 28 17 45 25 51 14 19 34 20 32
50 11 27 20 46 60 4 31 62 23 79 27 54 16 28 33 0 39 76 47 40 47 47 27 57 31 35 24 19 63
29 14 19 9 9 17 24 19 14 13 35 15 28 16 4 21 16 0 46 20 15 11 15 18 35 8 34 10 4 21
12 69 37 46 20 3 65 25 14 35 17 59 34 81 37 42 44 43 0 55 48 38 19 23 44 37 2 20 45 34
29 24 47 13 35 41 41 18 17 19 21 8 18 13 34 28 48 18 42 0 3 15 8 27 16 15 54 20 11 11
34 9 45 14 40 28 17 13 36 11 50 9 38 15 16 29 33 13 57 6 0 21 23 14 9 18 47 21 17 22
12 46 24 18 9 15 19 9 7 22 13 12 14 42 9 31 42 12 30 26 17 0 16 18 11 10 28 7 15 15
22 20 45 27 32 53 43 31 10 28 34 9 17 15 41 54 54 19 52 10 20 16 0 32 4 10 46 27 19 3
43 18 16 3 17 43 15 19 40 5 33 34 34 13 12 10 12 9 28 18 18 24 28 0 23 14 62 14 6 32
11 45 24 23 23 29 28 13 20 31 27 7 9 35 29 29 39 37 35 13 14 14 4 30 0 20 33 13 33 4
30 37 32 11 15 27 37 15 21 13 16 22 18 33 8 25 42 9 33 15 16 5 12 8 18 0 28 4 4 8
23 55 47 53 17 5 46 20 15 47 19 25 24 56 37 56 69 40 3 32 60 24 39 54 59 42 0 27 40 51
12 33 37 21 8 15 28 4 13 26 9 27 12 34 18 18 22 10 22 26 18 6 31 26 26 5 13 0 15 15
21 13 16 5 18 41 25 21 19 11 21 17 34 29 4 14 20 4 41 23 13 19 30 9 34 6 45 9 0 32
20 26 59 17 16 29 36 20 7 26 25 9 11 28 37 33 33 25 43 9 24 17 5 23 4 16 26 20 19 0