5
30
,
0 (49.0, 21.0) 31.0
1 (16.0, 50.0) 18.0
2 (2.0, 25.0) 26.0
3 (20.0, 31.0) 32.0
4 (33.0, 15.0) 33.0
5 (39.0, 3.0) 24.0
6 (2.0, 41.0) 21.0
7 (36.0, 19.0) 19.0
8 (48.0, 27.0) 49.0
9 (12.0, 32.0) 26.0
10 (48.0, 15.0) 34.0
11 (39.0, 41.0) 14.0
12 (50.0, 25.0) 33.0
13 (17.0, 48.0) 25.0
14 (19.0, 27.0) 13.0
15 (9.0, 20.0) 13.0
16 (1.0, 46.0) 11.0
17 (23.0, 25.0) 16.0
18 (44.0, 1.0) 28.0
19 (34.0, 44.0) 43.0
20 (29.0, 44.0) 11.0
21 (36.0, 26.0) 11.0
22 (45.0, 38.0) 21.0
23 (16.0, 36.0) 14.0
24 (45.0, 41.0) 14.0
25 (29.0, 27.0) 34.0
26 (42.0, 1.0) 27.0
27 (32.0, 21.0) 19.0
28 (22.0, 28.0) 46.0
29 (43.0, 35.0) 14.0
,
0 9 9 6 3 4 10 3 1 8 1 4 1 8 6 8 11 5 4 5 6 3 3 7 4 4 4 3 6 3
9 0 6 4 8 10 3 7 8 4 9 5 8 0 5 6 3 5 11 4 3 6 6 3 6 5 11 7 5 6
9 6 0 4 7 9 3 7 9 2 9 8 10 5 3 2 4 4 10 7 7 7 9 4 9 5 9 6 4 8
6 4 4 0 4 7 4 4 6 2 6 4 6 3 1 3 5 1 8 4 3 3 5 1 5 2 7 3 1 5
3 8 7 4 0 3 8 1 4 5 3 5 4 7 4 5 9 3 4 6 6 2 5 5 6 3 3 1 3 4
4 10 9 7 3 0 11 3 5 8 3 8 5 10 6 7 11 5 1 8 8 5 7 8 8 5 1 4 6 6
10 3 3 4 8 11 0 8 10 3 11 7 10 3 4 4 1 5 12 6 5 7 9 3 9 6 11 7 5 8
3 7 7 4 1 3 8 0 3 5 3 4 3 7 4 5 9 3 4 5 5 1 4 5 5 2 4 1 3 3
1 8 9 6 4 5 10 3 0 7 2 3 1 7 6 8 10 5 5 4 5 2 2 7 3 4 5 3 5 2
8 4 2 2 5 8 3 5 7 0 8 6 8 3 2 2 4 3 9 5 4 5 7 1 7 4 9 5 2 6
1 9 9 6 3 3 11 3 2 8 0 6 2 9 6 8 11 5 3 6 7 3 5 8 5 4 3 3 6 4
4 5 8 4 5 8 7 4 3 6 6 0 4 5 5 7 8 5 8 1 2 3 1 5 1 3 8 4 4 1
1 8 10 6 4 5 10 3 1 8 2 4 0 8 6 8 11 5 5 5 6 3 3 7 3 4 5 4 6 2
8 0 5 3 7 10 3 7 7 3 9 5 8 0 4 6 3 5 11 3 3 6 6 2 6 5 11 6 4 6
6 5 3 1 4 6 4 4 6 2 6 5 6 4 0 2 5 1 7 5 4 3 6 2 6 2 7 3 1 5
8 6 2 3 5 7 4 5 8 2 8 7 8 6 2 0 5 3 8 7 6 6 8 3 8 4 8 5 3 7
11 3 4 5 9 11 1 9 10 4 11 8 11 3 5 5 0 6 12 7 6 8 9 4 9 7 12 8 6 9
5 5 4 1 3 5 5 3 5 3 5 5 5 5 1 3 6 0 6 4 4 3 5 3 5 1 6 2 1 4
4 11 10 8 4 1 12 4 5 9 3 8 5 11 7 8 12 6 0 9 9 5 7 9 8 6 0 5 7 7
5 4 7 4 6 8 6 5 4 5 6 1 5 3 5 7 7 4 9 0 1 4 3 4 2 4 9 5 4 3
6 3 7 3 6 8 5 5 5 4 7 2 6 3 4 6 6 4 9 1 0 4 3 3 3 3 9 5 3 3
3 6 7 3 2 5 7 1 2 5 3 3 3 6 3 6 8 3 5 4 4 0 3 4 3 1 5 1 3 2
3 6 9 5 5 7 9 4 2 7 5 1 3 6 6 8 9 5 7 3 3 3 0 6 1 4 7 4 5 1
7 3 4 1 5 8 3 5 7 1 8 5 7 2 2 3 4 3 9 4 3 4 6 0 6 3 9 4 2 5
4 6 9 5 6 8 9 5 3 7 5 1 3 6 6 8 9 5 8 2 3 3 1 6 0 4 8 5 5 1
4 5 5 2 3 5 6 2 4 4 4 3 4 5 2 4 7 1 6 4 3 1 4 3 4 0 6 1 1 3
4 11 9 7 3 1 11 4 5 9 3 8 5 11 7 8 12 6 0 9 9 5 7 9 8 6 0 4 7 7
3 7 6 3 1 4 7 1 3 5 3 4 4 6 3 5 8 2 5 5 5 1 4 4 5 1 4 0 2 4
6 5 4 1 3 6 5 3 5 2 6 4 6 4 1 3 6 1 7 4 3 3 5 2 5 1 7 2 0 4
3 6 8 5 4 6 8 3 2 6 4 1 2 6 5 7 9 4 7 3 3 2 1 5 1 3 7 4 4 0
,
0 36 65 31 18 21 52 16 8 49 5 20 3 42 20 34 64 23 27 16 32 18 14 53 28 29 23 19 32 17
44 0 33 20 31 49 13 29 42 23 39 18 29 2 29 27 20 30 61 11 19 31 17 17 19 17 71 50 31 24
61 19 0 22 45 54 23 18 63 11 65 27 42 22 12 10 21 18 26 49 19 21 26 12 36 38 64 26 14 27
27 27 11 0 27 45 15 27 21 8 33 22 18 24 3 21 19 7 44 19 19 23 36 8 23 9 43 15 4 31
23 56 21 14 0 10 56 5 19 37 21 17 25 25 24 30 44 16 11 35 24 7 23 39 39 11 16 5 19 18
28 59 62 42 17 0 50 11 33 59 9 53 27 53 20 38 46 34 5 47 31 28 34 25 26 19 5 15 36 44
52 21 16 19 22 74 0 29 68 7 51 54 61 23 32 26 3 15 59 40 14 44 51 21 45 35 41 38 31 23
16 41 29 22 7 22 24 0 15 25 19 18 11 49 27 21 59 13 17 16 14 9 18 19 21 7 27 4 17 13
4 51 57 39 24 32 37 16 0 34 8 16 4 27 15 27 56 33 14 20 32 16 14 25 11 25 23 25 28 12
51 13 17 10 37 44 10 32 39 0 30 42 48 18 11 15 21 13 34 31 26 21 39 4 18 19 34 33 9 26
6 40 48 22 12 14 31 17 17 37 0 17 9 68 30 32 52 34 19 38 25 19 15 53 22 19 14 19 40 14
21 35 49 13 34 51 44 11 11 29 24 0 27 21 20 49 54 23 30 6 10 15 4 27 8 21 51 24 16 8
4 48 35 19 28 17 54 12 3 22 15 28 0 43 32 39 50 36 29 31 28 12 9 29 21 28 36 22 26 15
58 3 27 20 43 58 13 30 52 18 42 20 49 0 12 17 24 25 80 17 6 18 21 17 28 12 67 36 22 26
37 15 25 2 16 41 25 28 16 11 31 26 21 18 0 13 18 2 51 27 26 20 36 14 16 9 28 21 3 32
52 30 12 13 21 26 18 38 27 14 34 25 24 21 18 0 40 18 34 48 38 37 56 26 43 26 52 25 19 46
57 17 24 14 24 65 7 55 43 10 82 49 65 16 27 14 0 34 84 20 36 40 35 12 56 22 57 36 33 60
25 34 23 5 19 22 27 12 28 17 36 12 31 13 5 16 26 0 43 16 27 7 22 12 30 8 29 10 4 33
25 69 66 50 20 3 68 28 39 56 19 46 32 51 28 48 53 41 0 51 26 34 47 59 26 16 2 23 48 35
16 19 21 19 15 48 34 18 25 30 45 7 15 14 17 43 23 13 51 0 5 14 7 27 14 26 36 15 24 18
44 11 38 23 16 41 25 35 35 30 27 7 19 14 28 37 37 24 63 3 0 23 16 11 15 16 46 16 22 23
9 38 27 11 7 34 30 6 14 32 11 11 9 16 13 18 31 18 33 23 18 0 15 25 15 7 18 4 13 16
24 43 26 26 16 32 23 12 16 21 13 6 20 44 23 50 56 14 32 17 15 21 0 33 4 14 54 19 13 2
24 16 25 6 25 21 16 29 35 6 53 14 48 10 11 21 10 15 28 27 13 17 31 0 15 21 65 11 14 22
15 34 33 40 23 36 48 12 7 49 15 6 17 37 36 61 64 18 30 7 12 9 3 17 0 11 44 15 26 7
21 14 36 9 12 27 18 9 12 11 16 15 12 16 15 20 33 6 18 15 11 10 15 24 28 0 33 8 10 21
17 35 59 36 16 5 49 19 40 56 18 40 14 51 44 30 74 21 3 43 62 27 31 52 29 16 0 16 39 24
12 42 17 21 5 10 20 5 12 31 12 21 26 34 8 16 52 7 18 14 12 5 11 12 30 9 24 0 13 25
41 26 12 3 12 37 13 14 37 13 37 12 32 29 4 9 17 3 32 20 12 21 37 8 25 9 34 16 0 27
12 42 31 19 13 21 33 25 11 31 22 8 11 34 18 44 27 13 20 9 13 7 4 23 4 20 31 13 13 0