5
30
,
0 (49.0, 21.0) 29.0
1 (16.0, 50.0) 31.0
2 (2.0, 25.0) 18.0
3 (20.0, 31.0) 17.0
4 (33.0, 15.0) 11.0
5 (39.0, 3.0) 41.0
6 (2.0, 41.0) 21.0
7 (36.0, 19.0) 44.0
8 (48.0, 27.0) 20.0
9 (12.0, 32.0) 30.0
10 (48.0, 15.0) 41.0
11 (39.0, 41.0) 20.0
12 (50.0, 25.0) 14.0
13 (17.0, 48.0) 23.0
14 (19.0, 27.0) 17.0
15 (9.0, 20.0) 33.0
16 (1.0, 46.0) 13.0
17 (23.0, 25.0) 36.0
18 (44.0, 1.0) 15.0
19 (34.0, 44.0) 11.0
20 (29.0, 44.0) 20.0
21 (36.0, 26.0) 17.0
22 (45.0, 38.0) 13.0
23 (16.0, 36.0) 14.0
24 (45.0, 41.0) 20.0
25 (29.0, 27.0) 48.0
26 (42.0, 1.0) 26.0
27 (32.0, 21.0) 37.0
28 (22.0, 28.0) 18.0
29 (43.0, 35.0) 12.0
,
0 9 9 6 3 4 10 3 1 8 1 4 1 8 6 8 11 5 4 5 6 3 3 7 4 4 4 3 6 3
9 0 6 4 8 10 3 7 8 4 9 5 8 0 5 6 3 5 11 4 3 6 6 3 6 5 11 7 5 6
9 6 0 4 7 9 3 7 9 2 9 8 10 5 3 2 4 4 10 7 7 7 9 4 9 5 9 6 4 8
6 4 4 0 4 7 4 4 6 2 6 4 6 3 1 3 5 1 8 4 3 3 5 1 5 2 7 3 1 5
3 8 7 4 0 3 8 1 4 5 3 5 4 7 4 5 9 3 4 6 6 2 5 5 6 3 3 1 3 4
4 10 9 7 3 0 11 3 5 8 3 8 5 10 6 7 11 5 1 8 8 5 7 8 8 5 1 4 6 6
10 3 3 4 8 11 0 8 10 3 11 7 10 3 4 4 1 5 12 6 5 7 9 3 9 6 11 7 5 8
3 7 7 4 1 3 8 0 3 5 3 4 3 7 4 5 9 3 4 5 5 1 4 5 5 2 4 1 3 3
1 8 9 6 4 5 10 3 0 7 2 3 1 7 6 8 10 5 5 4 5 2 2 7 3 4 5 3 5 2
8 4 2 2 5 8 3 5 7 0 8 6 8 3 2 2 4 3 9 5 4 5 7 1 7 4 9 5 2 6
1 9 9 6 3 3 11 3 2 8 0 6 2 9 6 8 11 5 3 6 7 3 5 8 5 4 3 3 6 4
4 5 8 4 5 8 7 4 3 6 6 0 4 5 5 7 8 5 8 1 2 3 1 5 1 3 8 4 4 1
1 8 10 6 4 5 10 3 1 8 2 4 0 8 6 8 11 5 5 5 6 3 3 7 3 4 5 4 6 2
8 0 5 3 7 10 3 7 7 3 9 5 8 0 4 6 3 5 11 3 3 6 6 2 6 5 11 6 4 6
6 5 3 1 4 6 4 4 6 2 6 5 6 4 0 2 5 1 7 5 4 3 6 2 6 2 7 3 1 5
8 6 2 3 5 7 4 5 8 2 8 7 8 6 2 0 5 3 8 7 6 6 8 3 8 4 8 5 3 7
11 3 4 5 9 11 1 9 10 4 11 8 11 3 5 5 0 6 12 7 6 8 9 4 9 7 12 8 6 9
5 5 4 1 3 5 5 3 5 3 5 5 5 5 1 3 6 0 6 4 4 3 5 3 5 1 6 2 1 4
4 11 10 8 4 1 12 4 5 9 3 8 5 11 7 8 12 6 0 9 9 5 7 9 8 6 0 5 7 7
5 4 7 4 6 8 6 5 4 5 6 1 5 3 5 7 7 4 9 0 1 4 3 4 2 4 9 5 4 3
6 3 7 3 6 8 5 5 5 4 7 2 6 3 4 6 6 4 9 1 0 4 3 3 3 3 9 5 3 3
3 6 7 3 2 5 7 1 2 5 3 3 3 6 3 6 8 3 5 4 4 0 3 4 3 1 5 1 3 2
3 6 9 5 5 7 9 4 2 7 5 1 3 6 6 8 9 5 7 3 3 3 0 6 1 4 7 4 5 1
7 3 4 1 5 8 3 5 7 1 8 5 7 2 2 3 4 3 9 4 3 4 6 0 6 3 9 4 2 5
4 6 9 5 6 8 9 5 3 7 5 1 3 6 6 8 9 5 8 2 3 3 1 6 0 4 8 5 5 1
4 5 5 2 3 5 6 2 4 4 4 3 4 5 2 4 7 1 6 4 3 1 4 3 4 0 6 1 1 3
4 11 9 7 3 1 11 4 5 9 3 8 5 11 7 8 12 6 0 9 9 5 7 9 8 6 0 4 7 7
3 7 6 3 1 4 7 1 3 5 3 4 4 6 3 5 8 2 5 5 5 1 4 4 5 1 4 0 2 4
6 5 4 1 3 6 5 3 5 2 6 4 6 4 1 3 6 1 7 4 3 3 5 2 5 1 7 2 0 4
3 6 8 5 4 6 8 3 2 6 4 1 2 6 5 7 9 4 7 3 3 2 1 5 1 3 7 4 4 0
,
0 63 36 35 14 30 72 15 3 45 4 14 4 32 38 44 66 14 24 35 39 8 13 40 21 24 27 15 16 22
54 0 39 10 46 34 18 53 47 15 45 23 25 2 25 29 20 36 84 17 10 17 35 18 41 30 47 43 21 46
31 40 0 16 37 32 20 25 58 8 43 34 56 32 25 12 12 27 64 27 23 34 57 16 33 22 42 25 25 42
38 23 23 0 12 18 11 28 37 5 22 12 17 15 4 16 14 10 54 16 21 9 36 4 25 5 50 19 3 15
15 23 30 25 0 13 29 7 23 35 11 36 29 44 19 25 37 12 10 42 33 12 20 35 29 6 10 5 21 29
18 54 58 45 19 0 30 17 25 29 14 29 28 56 18 30 66 27 4 33 50 13 19 50 22 14 3 23 33 35
48 15 22 14 21 31 0 50 48 15 78 44 75 16 20 18 4 31 50 24 14 26 39 18 37 32 30 39 15 39
14 20 49 26 6 15 21 0 10 26 15 30 22 34 23 39 35 20 27 31 21 10 27 21 28 8 25 4 12 15
6 51 40 25 27 24 69 18 0 22 7 16 3 48 23 58 56 18 38 25 25 17 7 44 15 26 19 15 30 11
37 14 17 6 14 34 11 14 19 0 28 14 20 16 7 18 26 8 42 28 15 34 37 7 24 21 22 28 15 18
8 56 60 45 12 11 38 10 8 29 0 36 7 68 27 29 79 16 18 42 28 10 26 19 36 22 15 15 16 25
12 16 53 28 22 37 39 15 10 25 40 0 24 32 18 25 45 15 38 8 8 17 7 13 3 15 53 15 26 10
5 46 49 19 13 30 65 22 3 26 8 29 0 50 33 52 66 39 34 37 22 13 17 29 14 19 31 10 30 13
48 3 33 25 51 52 16 25 47 22 44 30 27 0 16 30 14 17 62 15 12 38 31 12 15 15 66 23 14 41
45 20 18 3 10 40 25 27 17 11 20 13 39 20 0 14 31 4 24 30 21 23 42 6 43 5 30 12 3 28
30 36 11 13 37 50 28 25 41 8 29 47 36 36 14 0 18 15 50 40 41 21 45 22 35 28 33 17 10 51
66 11 26 15 36 53 6 64 41 24 64 26 40 9 25 36 0 16 87 46 38 23 32 10 33 26 55 40 21 44
32 13 21 6 10 24 39 19 16 18 20 21 20 14 4 20 32 0 19 21 28 7 19 17 20 3 35 6 4 30
17 75 43 27 23 4 72 11 14 24 12 37 22 49 31 53 82 38 0 46 41 38 36 65 46 44 2 23 30 32
22 26 28 27 28 24 47 21 20 30 20 3 23 25 26 41 46 17 48 0 3 24 7 26 8 15 57 14 29 18
38 18 32 18 18 47 20 29 27 21 26 11 23 8 12 40 19 30 44 3 0 20 18 10 16 25 37 24 20 24
14 42 18 22 12 32 33 8 7 36 23 9 17 34 22 29 41 11 15 9 15 0 13 30 23 10 25 6 17 7
20 45 48 36 37 21 25 30 11 34 27 9 19 29 31 42 25 32 49 8 22 13 0 40 3 23 52 26 31 3
31 9 18 8 39 23 8 29 28 8 42 29 37 7 7 11 24 8 50 10 19 29 31 0 27 23 31 17 6 29
18 41 50 15 29 27 26 29 15 26 24 9 19 15 35 53 44 34 51 16 16 21 4 27 0 24 41 31 14 7
15 14 25 7 12 22 43 7 26 21 13 10 22 22 7 23 44 9 29 14 20 9 22 22 18 0 32 5 7 17
24 54 66 29 9 3 53 28 32 33 13 40 14 74 41 45 70 33 2 53 42 19 42 44 58 25 0 26 45 36
14 26 23 16 4 19 41 3 17 15 23 31 28 32 12 25 49 5 15 15 21 7 26 26 29 7 32 0 18 23
28 34 22 4 14 34 15 8 38 9 43 25 33 17 3 14 36 5 19 13 26 19 34 9 14 9 19 10 0 23
12 21 35 34 28 22 48 25 10 23 26 9 7 35 15 44 47 33 28 10 21 16 2 35 4 12 48 25 21 0