7
40
,
0 (11.0, 37.0) 72.0
1 (18.0, 36.0) 65.0
2 (34.0, 33.0) 68.0
3 (27.0, 24.0) 60.0
4 (39.0, 7.0) 64.0
5 (46.0, 14.0) 73.0
6 (38.0, 35.0) 74.0
7 (1.0, 1.0) 48.0
8 (26.0, 31.0) 88.0
9 (0.0, 49.0) 68.0
10 (32.0, 14.0) 35.0
11 (45.0, 47.0) 32.0
12 (23.0, 31.0) 64.0
13 (40.0, 33.0) 30.0
14 (31.0, 29.0) 38.0
15 (10.0, 4.0) 70.0
16 (22.0, 46.0) 59.0
17 (42.0, 36.0) 58.0
18 (39.0, 42.0) 54.0
19 (11.0, 16.0) 81.0
20 (43.0, 28.0) 46.0
21 (5.0, 3.0) 61.0
22 (38.0, 45.0) 40.0
23 (5.0, 22.0) 34.0
24 (40.0, 25.0) 41.0
25 (21.0, 24.0) 31.0
26 (25.0, 45.0) 45.0
27 (50.0, 4.0) 67.0
28 (9.0, 44.0) 33.0
29 (10.0, 33.0) 65.0
30 (37.0, 2.0) 43.0
31 (48.0, 17.0) 47.0
32 (46.0, 48.0) 36.0
33 (47.0, 25.0) 31.0
34 (24.0, 49.0) 38.0
35 (29.0, 29.0) 63.0
36 (41.0, 3.0) 44.0
37 (23.0, 11.0) 41.0
38 (43.0, 20.0) 50.0
39 (19.0, 42.0) 34.0
,
0 19 20 24 18 20 24 26 1 20 24 17 33 19 26 21 5 25 28 29 10 26 3 29 11 24 16 26 25 22 17 19 25 33 27 27 21 21 13 24 23 0
19 0 4 12 10 21 21 14 19 8 8 16 18 7 15 11 17 7 16 14 10 17 17 14 8 16 8 8 26 4 2 22 21 18 19 9 10 23 14 18 5 19
20 4 0 8 8 18 18 10 19 5 11 13 15 4 11 7 16 5 12 11 11 13 18 11 10 12 6 6 23 6 4 19 18 15 16 7 7 20 13 15 3 20
24 12 8 0 6 13 11 2 23 4 19 10 9 6 3 2 19 9 4 5 14 5 21 6 16 5 8 8 17 14 12 16 11 10 8 9 3 15 12 8 9 24
18 10 8 6 0 10 11 8 17 4 18 6 15 4 8 3 13 11 10 11 9 8 15 12 11 7 3 11 15 13 10 12 11 15 10 13 3 13 7 8 10 18
20 21 18 13 10 0 5 14 19 14 29 5 20 14 13 12 15 21 15 18 15 11 17 19 19 9 12 20 6 24 19 3 7 21 10 22 12 2 8 7 20 20
24 21 18 11 11 5 0 11 23 13 29 7 17 14 10 11 19 20 11 14 18 7 21 16 21 6 13 19 5 24 20 8 2 17 6 21 11 6 12 3 19 24
26 14 10 2 8 14 11 0 25 6 20 11 7 8 1 5 21 10 2 4 17 4 23 5 18 5 10 8 17 15 14 17 10 8 7 10 5 16 14 8 10 26
1 19 19 23 17 19 23 25 0 20 24 17 32 19 25 21 5 25 27 28 9 25 2 29 11 23 15 25 25 22 17 18 25 33 26 27 20 20 12 23 22 1
20 8 5 4 4 14 13 6 20 0 16 9 12 2 7 3 16 8 8 9 11 9 18 9 11 8 4 7 18 11 8 16 13 13 11 9 2 16 10 10 7 20
24 8 11 19 18 29 29 20 24 16 0 24 23 15 22 18 23 11 22 20 17 24 23 19 14 23 16 13 34 5 9 30 29 23 26 12 18 31 22 26 10 24
17 16 13 10 6 5 7 11 17 9 24 0 18 10 10 8 12 17 12 14 11 9 15 16 14 7 7 16 10 19 15 6 8 18 9 18 8 7 5 6 15 17
33 18 15 9 15 20 17 7 32 12 23 18 0 14 7 11 28 12 6 4 23 10 30 4 24 11 17 10 22 18 19 23 15 1 11 11 12 22 21 14 13 33
19 7 4 6 4 14 14 8 19 2 15 10 14 0 9 4 15 8 10 10 10 10 17 10 10 9 4 7 19 10 7 16 14 14 12 9 3 17 10 11 6 19
26 15 11 3 8 13 10 1 25 7 22 10 7 9 0 5 21 11 2 5 17 3 23 6 18 4 11 10 15 16 15 16 9 8 5 11 6 15 14 7 11 26
21 11 7 2 3 12 11 5 21 3 18 8 11 4 5 0 16 10 7 8 12 6 18 9 13 5 6 9 16 13 11 14 10 12 8 11 1 14 10 8 9 21
5 17 16 19 13 15 19 21 5 16 23 12 28 15 21 16 0 22 23 24 6 20 3 25 9 18 11 22 20 20 14 14 20 28 21 24 16 16 7 18 20 5
25 7 5 9 11 21 20 10 25 8 11 17 12 8 11 10 22 0 11 9 16 14 23 8 15 14 11 2 25 7 9 23 19 12 16 2 9 24 18 17 2 25
28 16 12 4 10 15 11 2 27 8 22 12 6 10 2 7 23 11 0 3 18 4 25 5 20 6 12 10 16 17 16 17 10 6 6 11 7 17 16 8 12 28
29 14 11 5 11 18 14 4 28 9 20 14 4 10 5 8 24 9 3 0 19 7 26 2 20 9 13 7 20 15 15 20 13 5 9 8 8 20 17 11 10 29
10 10 11 14 9 15 18 17 9 11 17 11 23 10 17 12 6 16 18 19 0 17 7 20 4 15 6 16 20 14 9 15 19 24 19 18 11 16 6 16 14 10
26 17 13 5 8 11 7 4 25 9 24 9 10 10 3 6 20 14 4 7 17 0 23 9 19 2 11 12 12 19 17 13 6 10 2 14 7 13 13 4 14 26
3 17 18 21 15 17 21 23 2 18 23 15 30 17 23 18 3 23 25 26 7 23 0 27 10 21 13 23 23 21 15 16 23 30 24 25 18 18 10 21 21 3
29 14 11 6 12 19 16 5 29 9 19 16 4 10 6 9 25 8 5 2 20 9 27 0 20 10 14 6 21 15 15 22 15 4 11 7 9 21 19 13 10 29
11 8 10 16 11 19 21 18 11 11 14 14 24 10 18 13 9 15 20 20 4 19 10 20 0 18 8 15 24 11 6 19 22 24 21 17 12 20 11 19 12 11
24 16 12 5 7 9 6 5 23 8 23 7 11 9 4 5 18 14 6 9 15 2 21 10 18 0 10 12 12 18 16 12 6 12 4 14 6 11 11 3 14 24
16 8 6 8 3 12 13 10 15 4 16 7 17 4 11 6 11 11 12 13 6 11 13 14 8 10 0 11 18 12 7 14 14 17 13 13 5 14 7 11 9 16
26 8 6 8 11 20 19 8 25 7 13 16 10 7 10 9 22 2 10 7 16 12 23 6 15 12 11 0 24 8 10 22 18 11 15 2 8 22 17 15 3 26
25 26 23 17 15 6 5 17 25 18 34 10 22 19 15 16 20 25 16 20 20 12 23 21 24 12 18 24 0 29 25 7 7 22 11 26 16 5 14 9 25 25
22 4 6 14 13 24 24 15 22 11 5 19 18 10 16 13 20 7 17 15 14 19 21 15 11 18 12 8 29 0 6 25 24 19 21 8 12 26 18 21 5 22
17 2 4 12 10 19 20 14 17 8 9 15 19 7 15 11 14 9 16 15 9 17 15 15 6 16 7 10 25 6 0 21 21 20 19 11 10 22 13 18 6 17
19 22 19 16 12 3 8 17 18 16 30 6 23 16 16 14 14 23 17 20 15 13 16 22 19 12 14 22 7 25 21 0 9 23 13 24 14 2 8 9 22 19
25 21 18 11 11 7 2 10 25 13 29 8 15 14 9 10 20 19 10 13 19 6 23 15 22 6 14 18 7 24 21 9 0 16 4 20 11 8 13 3 19 25
33 18 15 10 15 21 17 8 33 13 23 18 1 14 8 12 28 12 6 5 24 10 30 4 24 12 17 11 22 19 20 23 16 0 12 11 13 23 22 14 14 33
27 19 16 8 10 10 6 7 26 11 26 9 11 12 5 8 21 16 6 9 19 2 24 11 21 4 13 15 11 21 19 13 4 12 0 17 9 11 14 3 16 27
27 9 7 9 13 22 21 10 27 9 12 18 11 9 11 11 24 2 11 8 18 14 25 7 17 14 13 2 26 8 11 24 20 11 17 0 10 25 19 17 4 27
21 10 7 3 3 12 11 5 20 2 18 8 12 3 6 1 16 9 7 8 11 7 18 9 12 6 5 8 16 12 10 14 11 13 9 10 0 14 9 8 8 21
21 23 20 15 13 2 6 16 20 16 31 7 22 17 15 14 16 24 17 20 16 13 18 21 20 11 14 22 5 26 22 2 8 23 11 25 14 0 10 9 22 21
13 14 13 12 7 8 12 14 12 10 22 5 21 10 14 10 7 18 16 17 6 13 10 19 11 11 7 17 14 18 13 8 13 22 14 19 9 10 0 11 16 13
24 18 15 8 8 7 3 8 23 10 26 6 14 11 7 8 18 17 8 11 16 4 21 13 19 3 11 15 9 21 18 9 3 14 3 17 8 9 11 0 16 24
23 5 3 9 10 20 19 10 22 7 10 15 13 6 11 9 20 2 12 10 14 14 21 10 12 14 9 3 25 5 6 22 19 14 16 4 8 22 16 16 0 23
0 19 20 24 18 20 24 26 1 20 24 17 33 19 26 21 5 25 28 29 10 26 3 29 11 24 16 26 25 22 17 19 25 33 27 27 21 21 13 24 23 0
,
0 53 49 31 19 29 48 43 2 25 67 19 73 36 29 27 6 43 70 64 27 56 6 87 22 52 48 41 57 43 29 46 60 63 29 75 35 23 36 57 47 0
25 0 7 18 25 38 39 35 38 18 24 27 27 19 24 20 37 21 17 32 11 21 27 16 21 22 9 10 28 6 3 23 45 39 23 22 18 59 37 31 12 43
53 5 0 19 18 45 29 15 42 13 30 21 32 6 16 15 32 6 22 22 29 18 50 12 12 28 8 10 65 10 9 32 20 32 22 19 17 56 19 41 4 34
50 27 23 0 6 26 33 6 48 10 41 23 23 7 5 6 24 22 9 8 18 11 40 9 19 10 11 9 17 35 31 43 11 16 11 15 4 18 15 10 18 45
50 23 18 16 0 14 16 21 29 8 53 16 19 7 23 4 21 19 21 23 11 12 33 25 32 7 7 21 33 23 20 13 30 26 30 24 6 24 7 23 23 48
37 23 38 30 24 0 8 20 55 19 55 8 40 28 35 14 25 55 39 20 24 18 22 40 36 12 27 53 13 43 27 8 13 27 11 39 26 5 22 16 39 22
72 47 44 12 28 8 0 34 64 13 38 17 40 28 16 14 21 56 22 42 46 10 55 24 23 8 30 20 10 47 25 12 5 29 16 54 26 8 26 7 40 28
26 18 21 5 12 31 25 0 74 10 53 13 20 9 3 5 52 17 3 7 19 12 25 5 33 10 28 21 44 31 27 31 25 18 16 16 12 48 33 13 20 77
2 32 56 51 20 51 61 39 0 33 29 36 82 47 34 23 11 29 36 77 20 35 4 37 15 49 43 72 72 25 48 51 69 64 71 63 32 53 13 25 40 1
45 13 14 8 5 28 21 14 55 0 41 14 14 4 17 4 46 21 12 23 18 26 31 14 16 17 11 14 36 17 20 16 36 33 29 24 3 32 16 18 13 26
48 17 25 24 27 54 65 22 61 29 0 66 53 37 46 46 23 18 29 48 25 44 69 23 18 32 42 36 35 5 13 42 43 40 59 27 48 92 63 51 27 38
26 23 20 21 13 8 21 30 39 17 31 0 27 11 29 19 14 23 29 40 31 18 21 44 36 17 8 20 22 50 36 10 15 34 24 24 22 20 11 8 26 24
47 48 27 18 32 29 22 16 58 14 43 24 0 30 18 25 29 14 14 6 62 23 75 11 64 33 39 27 35 21 20 32 23 2 25 11 19 26 22 36 38 76
54 12 10 13 5 32 22 16 20 4 22 20 15 0 14 7 17 11 23 23 10 27 23 25 23 23 6 18 31 24 9 40 42 22 34 24 4 24 26 27 17 48
42 15 17 6 12 22 12 4 59 20 45 11 10 13 0 7 45 21 5 7 25 4 59 6 21 12 13 28 24 23 26 21 26 10 6 22 16 42 19 19 14 32
47 20 20 5 6 13 13 6 22 4 26 13 25 6 11 0 44 18 18 13 30 9 18 24 17 11 13 18 17 26 25 16 16 26 18 28 1 38 15 21 15 38
5 47 46 38 38 33 43 22 5 33 67 20 29 23 22 40 0 23 55 68 12 49 5 67 24 20 23 36 52 23 36 23 39 35 41 59 17 37 9 55 31 10
39 8 6 11 16 49 46 21 37 11 24 19 19 18 30 21 61 0 20 17 30 39 44 15 35 23 13 2 30 14 13 54 32 17 34 3 16 55 43 43 5 38
33 42 22 7 25 36 17 3 81 23 36 21 10 23 5 11 49 11 0 8 19 5 70 10 46 9 20 27 27 37 28 18 24 9 10 22 18 39 30 17 31 55
71 33 18 14 22 23 43 6 57 18 36 39 9 13 8 10 43 14 8 0 33 12 52 3 27 10 14 11 25 29 42 40 19 8 17 19 15 37 30 24 29 33
25 25 22 41 17 26 35 17 18 16 23 17 57 28 48 19 17 25 29 42 0 42 18 40 11 45 14 33 29 18 25 30 27 36 51 31 27 48 13 47 38 18
53 20 14 14 19 28 13 5 41 24 44 14 27 22 7 7 31 19 12 12 22 0 34 11 49 3 29 15 19 54 18 29 17 21 4 38 11 18 36 6 34 41
5 39 24 27 42 47 34 27 6 35 27 18 65 44 45 42 5 46 74 63 21 53 0 69 10 29 36 29 40 26 22 36 59 49 70 54 27 32 25 35 41 7
72 27 13 14 13 51 44 6 47 23 29 42 9 18 7 20 45 15 10 3 46 25 50 0 35 29 16 7 34 25 27 22 28 7 25 13 26 38 21 36 20 44
12 18 23 42 21 22 43 29 29 23 28 37 42 15 27 34 11 25 42 37 12 50 25 52 0 28 20 30 48 28 13 38 27 35 39 34 25 47 14 56 13 26
55 28 36 7 9 16 19 15 23 9 56 7 31 15 9 10 49 30 16 22 31 6 38 26 24 0 20 20 33 31 25 30 15 21 10 23 8 31 17 7 29 29
33 23 8 11 6 21 16 24 19 7 45 9 21 6 29 6 34 28 15 22 14 30 27 22 24 18 0 21 37 33 15 33 40 48 21 20 12 27 9 30 19 28
34 14 13 19 30 58 23 15 54 7 37 36 20 21 28 25 48 2 13 11 42 30 40 9 30 25 17 0 64 13 12 32 47 31 22 4 23 48 32 35 5 76
39 35 63 48 39 14 9 25 62 23 38 28 55 20 36 32 24 53 37 44 27 13 32 47 48 18 29 30 0 71 35 15 9 49 14 46 32 6 16 9 48 28
35 8 16 16 21 43 54 27 27 17 5 35 48 26 17 16 50 14 43 17 34 41 29 34 24 40 28 10 47 0 15 75 39 34 37 9 32 34 47 38 8 67
21 3 8 29 12 26 32 26 19 8 20 41 25 20 25 21 28 26 18 36 11 40 25 42 18 40 11 15 54 13 0 21 50 48 55 31 12 54 28 33 13 29
35 32 21 35 29 3 16 43 26 44 67 13 33 42 35 25 40 58 26 46 17 34 25 49 55 30 16 66 14 30 45 0 28 49 25 31 29 5 22 18 35 44
75 32 40 15 14 17 4 21 38 34 80 24 38 40 10 16 27 50 25 17 49 13 51 22 24 14 37 30 17 34 53 15 0 20 8 24 16 19 26 3 23 26
76 44 21 17 31 60 50 21 59 30 55 20 1 23 11 27 36 29 17 13 61 20 44 5 58 19 31 20 55 48 31 24 44 0 32 31 20 32 34 30 40 48
31 56 38 20 29 19 7 11 77 32 76 26 28 31 8 9 60 42 9 22 29 6 46 20 24 6 35 35 25 47 27 14 9 33 0 42 14 31 30 7 40 37
37 12 9 21 29 46 25 21 56 11 35 43 29 21 33 24 55 3 25 16 46 23 43 11 18 29 21 3 68 9 25 44 51 17 25 0 28 40 32 21 10 44
32 26 7 4 7 16 28 15 50 4 24 13 26 5 6 2 30 18 20 9 26 15 18 20 20 16 12 18 25 27 23 28 17 25 15 23 0 33 26 11 8 30
57 26 36 25 36 2 16 44 47 35 54 7 59 18 18 35 25 40 30 26 40 31 30 23 38 32 39 59 11 58 42 5 12 65 19 40 34 0 20 23 41 53
23 36 27 24 18 13 34 40 17 17 42 12 25 18 16 27 12 25 18 22 19 38 22 19 11 15 12 50 24 51 22 24 22 39 15 56 21 23 0 13 36 37
39 31 20 21 18 17 8 17 44 29 37 15 28 24 18 19 50 47 23 19 32 7 53 29 48 8 33 44 24 53 25 11 7 33 8 43 18 20 23 0 28 49
50 8 9 24 11 38 28 16 52 8 23 38 35 11 18 25 45 6 15 24 35 25 27 22 13 35 16 3 40 11 13 36 45 37 46 9 19 60 32 35 0 60
0 26 54 26 21 32 41 35 2 41 38 19 82 37 76 25 10 40 74 77 29 64 5 53 14 61 40 59 40 47 49 24 30 43 72 50 47 36 38 27 33 0