7
40
,
0 (11.0, 37.0) 38.0
1 (18.0, 36.0) 88.0
2 (34.0, 33.0) 89.0
3 (27.0, 24.0) 77.0
4 (39.0, 7.0) 77.0
5 (46.0, 14.0) 50.0
6 (38.0, 35.0) 34.0
7 (1.0, 1.0) 73.0
8 (26.0, 31.0) 79.0
9 (0.0, 49.0) 60.0
10 (32.0, 14.0) 64.0
11 (45.0, 47.0) 42.0
12 (23.0, 31.0) 53.0
13 (40.0, 33.0) 47.0
14 (31.0, 29.0) 51.0
15 (10.0, 4.0) 41.0
16 (22.0, 46.0) 36.0
17 (42.0, 36.0) 68.0
18 (39.0, 42.0) 44.0
19 (11.0, 16.0) 67.0
20 (43.0, 28.0) 76.0
21 (5.0, 3.0) 36.0
22 (38.0, 45.0) 63.0
23 (5.0, 22.0) 73.0
24 (40.0, 25.0) 42.0
25 (21.0, 24.0) 55.0
26 (25.0, 45.0) 85.0
27 (50.0, 4.0) 78.0
28 (9.0, 44.0) 39.0
29 (10.0, 33.0) 51.0
30 (37.0, 2.0) 55.0
31 (48.0, 17.0) 43.0
32 (46.0, 48.0) 53.0
33 (47.0, 25.0) 33.0
34 (24.0, 49.0) 38.0
35 (29.0, 29.0) 49.0
36 (41.0, 3.0) 45.0
37 (23.0, 11.0) 53.0
38 (43.0, 20.0) 38.0
39 (19.0, 42.0) 46.0
,
0 19 20 24 18 20 24 26 1 20 24 17 33 19 26 21 5 25 28 29 10 26 3 29 11 24 16 26 25 22 17 19 25 33 27 27 21 21 13 24 23 0
19 0 4 12 10 21 21 14 19 8 8 16 18 7 15 11 17 7 16 14 10 17 17 14 8 16 8 8 26 4 2 22 21 18 19 9 10 23 14 18 5 19
20 4 0 8 8 18 18 10 19 5 11 13 15 4 11 7 16 5 12 11 11 13 18 11 10 12 6 6 23 6 4 19 18 15 16 7 7 20 13 15 3 20
24 12 8 0 6 13 11 2 23 4 19 10 9 6 3 2 19 9 4 5 14 5 21 6 16 5 8 8 17 14 12 16 11 10 8 9 3 15 12 8 9 24
18 10 8 6 0 10 11 8 17 4 18 6 15 4 8 3 13 11 10 11 9 8 15 12 11 7 3 11 15 13 10 12 11 15 10 13 3 13 7 8 10 18
20 21 18 13 10 0 5 14 19 14 29 5 20 14 13 12 15 21 15 18 15 11 17 19 19 9 12 20 6 24 19 3 7 21 10 22 12 2 8 7 20 20
24 21 18 11 11 5 0 11 23 13 29 7 17 14 10 11 19 20 11 14 18 7 21 16 21 6 13 19 5 24 20 8 2 17 6 21 11 6 12 3 19 24
26 14 10 2 8 14 11 0 25 6 20 11 7 8 1 5 21 10 2 4 17 4 23 5 18 5 10 8 17 15 14 17 10 8 7 10 5 16 14 8 10 26
1 19 19 23 17 19 23 25 0 20 24 17 32 19 25 21 5 25 27 28 9 25 2 29 11 23 15 25 25 22 17 18 25 33 26 27 20 20 12 23 22 1
20 8 5 4 4 14 13 6 20 0 16 9 12 2 7 3 16 8 8 9 11 9 18 9 11 8 4 7 18 11 8 16 13 13 11 9 2 16 10 10 7 20
24 8 11 19 18 29 29 20 24 16 0 24 23 15 22 18 23 11 22 20 17 24 23 19 14 23 16 13 34 5 9 30 29 23 26 12 18 31 22 26 10 24
17 16 13 10 6 5 7 11 17 9 24 0 18 10 10 8 12 17 12 14 11 9 15 16 14 7 7 16 10 19 15 6 8 18 9 18 8 7 5 6 15 17
33 18 15 9 15 20 17 7 32 12 23 18 0 14 7 11 28 12 6 4 23 10 30 4 24 11 17 10 22 18 19 23 15 1 11 11 12 22 21 14 13 33
19 7 4 6 4 14 14 8 19 2 15 10 14 0 9 4 15 8 10 10 10 10 17 10 10 9 4 7 19 10 7 16 14 14 12 9 3 17 10 11 6 19
26 15 11 3 8 13 10 1 25 7 22 10 7 9 0 5 21 11 2 5 17 3 23 6 18 4 11 10 15 16 15 16 9 8 5 11 6 15 14 7 11 26
21 11 7 2 3 12 11 5 21 3 18 8 11 4 5 0 16 10 7 8 12 6 18 9 13 5 6 9 16 13 11 14 10 12 8 11 1 14 10 8 9 21
5 17 16 19 13 15 19 21 5 16 23 12 28 15 21 16 0 22 23 24 6 20 3 25 9 18 11 22 20 20 14 14 20 28 21 24 16 16 7 18 20 5
25 7 5 9 11 21 20 10 25 8 11 17 12 8 11 10 22 0 11 9 16 14 23 8 15 14 11 2 25 7 9 23 19 12 16 2 9 24 18 17 2 25
28 16 12 4 10 15 11 2 27 8 22 12 6 10 2 7 23 11 0 3 18 4 25 5 20 6 12 10 16 17 16 17 10 6 6 11 7 17 16 8 12 28
29 14 11 5 11 18 14 4 28 9 20 14 4 10 5 8 24 9 3 0 19 7 26 2 20 9 13 7 20 15 15 20 13 5 9 8 8 20 17 11 10 29
10 10 11 14 9 15 18 17 9 11 17 11 23 10 17 12 6 16 18 19 0 17 7 20 4 15 6 16 20 14 9 15 19 24 19 18 11 16 6 16 14 10
26 17 13 5 8 11 7 4 25 9 24 9 10 10 3 6 20 14 4 7 17 0 23 9 19 2 11 12 12 19 17 13 6 10 2 14 7 13 13 4 14 26
3 17 18 21 15 17 21 23 2 18 23 15 30 17 23 18 3 23 25 26 7 23 0 27 10 21 13 23 23 21 15 16 23 30 24 25 18 18 10 21 21 3
29 14 11 6 12 19 16 5 29 9 19 16 4 10 6 9 25 8 5 2 20 9 27 0 20 10 14 6 21 15 15 22 15 4 11 7 9 21 19 13 10 29
11 8 10 16 11 19 21 18 11 11 14 14 24 10 18 13 9 15 20 20 4 19 10 20 0 18 8 15 24 11 6 19 22 24 21 17 12 20 11 19 12 11
24 16 12 5 7 9 6 5 23 8 23 7 11 9 4 5 18 14 6 9 15 2 21 10 18 0 10 12 12 18 16 12 6 12 4 14 6 11 11 3 14 24
16 8 6 8 3 12 13 10 15 4 16 7 17 4 11 6 11 11 12 13 6 11 13 14 8 10 0 11 18 12 7 14 14 17 13 13 5 14 7 11 9 16
26 8 6 8 11 20 19 8 25 7 13 16 10 7 10 9 22 2 10 7 16 12 23 6 15 12 11 0 24 8 10 22 18 11 15 2 8 22 17 15 3 26
25 26 23 17 15 6 5 17 25 18 34 10 22 19 15 16 20 25 16 20 20 12 23 21 24 12 18 24 0 29 25 7 7 22 11 26 16 5 14 9 25 25
22 4 6 14 13 24 24 15 22 11 5 19 18 10 16 13 20 7 17 15 14 19 21 15 11 18 12 8 29 0 6 25 24 19 21 8 12 26 18 21 5 22
17 2 4 12 10 19 20 14 17 8 9 15 19 7 15 11 14 9 16 15 9 17 15 15 6 16 7 10 25 6 0 21 21 20 19 11 10 22 13 18 6 17
19 22 19 16 12 3 8 17 18 16 30 6 23 16 16 14 14 23 17 20 15 13 16 22 19 12 14 22 7 25 21 0 9 23 13 24 14 2 8 9 22 19
25 21 18 11 11 7 2 10 25 13 29 8 15 14 9 10 20 19 10 13 19 6 23 15 22 6 14 18 7 24 21 9 0 16 4 20 11 8 13 3 19 25
33 18 15 10 15 21 17 8 33 13 23 18 1 14 8 12 28 12 6 5 24 10 30 4 24 12 17 11 22 19 20 23 16 0 12 11 13 23 22 14 14 33
27 19 16 8 10 10 6 7 26 11 26 9 11 12 5 8 21 16 6 9 19 2 24 11 21 4 13 15 11 21 19 13 4 12 0 17 9 11 14 3 16 27
27 9 7 9 13 22 21 10 27 9 12 18 11 9 11 11 24 2 11 8 18 14 25 7 17 14 13 2 26 8 11 24 20 11 17 0 10 25 19 17 4 27
21 10 7 3 3 12 11 5 20 2 18 8 12 3 6 1 16 9 7 8 11 7 18 9 12 6 5 8 16 12 10 14 11 13 9 10 0 14 9 8 8 21
21 23 20 15 13 2 6 16 20 16 31 7 22 17 15 14 16 24 17 20 16 13 18 21 20 11 14 22 5 26 22 2 8 23 11 25 14 0 10 9 22 21
13 14 13 12 7 8 12 14 12 10 22 5 21 10 14 10 7 18 16 17 6 13 10 19 11 11 7 17 14 18 13 8 13 22 14 19 9 10 0 11 16 13
24 18 15 8 8 7 3 8 23 10 26 6 14 11 7 8 18 17 8 11 16 4 21 13 19 3 11 15 9 21 18 9 3 14 3 17 8 9 11 0 16 24
23 5 3 9 10 20 19 10 22 7 10 15 13 6 11 9 20 2 12 10 14 14 21 10 12 14 9 3 25 5 6 22 19 14 16 4 8 22 16 16 0 23
0 19 20 24 18 20 24 26 1 20 24 17 33 19 26 21 5 25 28 29 10 26 3 29 11 24 16 26 25 22 17 19 25 33 27 27 21 21 13 24 23 0
,
0 27 37 47 44 49 49 50 1 54 45 43 89 28 59 44 6 58 43 53 20 76 8 51 33 46 36 33 37 56 31 43 62 88 58 61 59 40 37 63 39 0
56 0 5 24 22 24 30 18 32 19 12 43 43 18 39 24 47 21 19 27 12 34 30 24 8 24 14 19 44 10 3 39 57 24 46 10 29 50 29 30 12 29
39 9 0 15 18 24 39 13 52 13 12 20 34 8 13 20 47 12 21 15 29 28 25 21 26 34 6 8 57 11 8 49 35 36 38 21 13 45 31 27 4 45
56 17 22 0 12 27 31 5 30 9 39 26 14 14 7 4 23 15 8 10 19 6 39 14 23 14 11 10 36 39 15 42 28 18 15 19 4 20 28 18 13 68
27 19 22 12 0 22 22 22 45 9 41 6 17 8 16 3 25 17 21 27 25 21 26 26 18 10 8 20 25 38 16 26 14 20 12 36 3 24 19 21 14 28
41 51 53 20 18 0 6 15 39 14 47 13 59 29 36 15 33 49 41 50 25 12 36 29 43 26 31 22 12 45 46 4 12 46 13 28 19 3 15 17 42 43
45 59 20 23 26 12 0 18 68 21 40 12 37 34 24 20 47 53 26 24 40 18 47 19 28 15 33 45 12 47 53 21 4 45 13 36 24 11 30 4 47 60
67 27 25 4 20 19 31 0 36 12 30 20 16 10 3 8 61 16 3 9 45 8 30 15 47 15 25 24 48 34 21 22 11 21 12 26 7 38 21 19 20 71
1 45 37 36 34 38 54 42 0 34 29 34 75 53 72 58 11 66 41 70 27 66 3 56 27 57 29 67 63 43 45 40 52 37 39 55 23 46 23 62 64 1
39 23 11 5 10 18 18 14 45 0 41 26 25 2 12 7 38 12 16 11 14 10 24 17 33 23 11 10 21 13 22 43 13 19 31 26 2 36 11 24 19 37
52 17 22 51 29 59 33 30 29 39 0 61 28 20 51 31 39 30 38 34 29 58 63 30 18 47 36 15 58 9 20 51 54 27 76 29 30 88 51 62 19 38
52 21 39 10 9 14 12 20 44 26 59 0 44 20 21 12 21 30 22 25 31 25 33 44 28 16 10 35 27 29 21 15 13 37 12 45 18 16 12 11 45 37
78 25 32 10 38 30 48 8 80 15 57 26 0 20 17 29 47 20 11 9 26 18 48 7 25 16 23 21 51 35 26 43 31 1 22 15 26 56 32 20 34 68
54 11 9 14 4 37 32 15 32 4 30 25 17 0 20 6 17 15 13 28 21 11 19 14 19 15 5 11 55 15 18 38 31 39 36 25 4 41 24 32 11 55
74 20 26 4 18 27 27 3 55 18 56 11 20 18 0 11 28 30 5 12 25 6 31 15 40 7 28 19 26 42 21 23 23 13 16 19 13 23 35 11 12 39
58 28 10 7 8 12 23 11 45 7 55 22 12 10 13 0 49 27 13 13 29 7 47 10 30 10 7 14 34 33 31 17 29 12 15 32 2 38 10 17 18 45
16 20 49 46 19 16 27 32 12 18 26 12 29 28 56 38 0 45 36 52 6 46 3 65 20 38 30 40 43 37 24 26 52 76 47 71 19 44 13 39 57 12
62 13 11 9 12 29 21 10 53 21 12 46 32 9 32 22 41 0 19 26 24 16 39 16 28 18 13 3 67 8 20 58 52 34 48 3 15 37 46 31 7 68
29 32 12 8 25 24 17 6 59 20 42 31 7 26 3 11 43 26 0 4 35 12 44 11 33 6 14 16 27 48 19 49 17 9 10 17 16 28 28 19 17 81
78 29 18 9 25 41 40 4 83 18 26 33 9 14 7 21 42 14 7 0 54 17 52 3 36 18 28 19 20 41 36 40 21 10 26 17 11 28 25 33 21 64
22 26 18 19 27 16 42 17 14 13 42 18 63 14 32 14 8 17 25 34 0 36 18 39 9 28 9 32 47 20 10 38 27 56 48 27 17 21 12 28 29 15
46 44 16 9 9 32 14 9 30 24 44 26 25 29 6 10 58 25 7 20 26 0 33 22 45 5 30 20 33 42 20 35 17 11 3 23 13 23 17 10 20 56
5 30 34 27 44 32 45 45 3 49 64 38 41 23 24 49 7 43 28 41 19 58 0 50 21 51 23 36 44 48 21 17 37 33 64 39 44 53 29 38 25 4
56 39 26 19 20 57 21 7 69 26 35 28 9 11 9 14 54 21 8 2 37 21 80 0 44 12 39 12 32 35 38 31 28 12 28 10 12 47 48 32 15 87
17 10 15 34 17 24 59 38 22 18 32 21 46 30 38 39 19 33 53 23 12 49 10 50 0 29 16 40 49 28 17 54 29 44 46 36 27 34 28 21 33 26
69 44 24 11 13 25 18 9 62 18 51 8 19 11 11 12 31 19 8 19 22 3 59 19 28 0 10 33 19 40 29 20 9 16 9 42 12 18 32 4 27 66
27 12 11 20 8 14 16 29 35 11 37 12 46 5 29 14 22 14 20 37 13 17 22 35 15 11 0 20 28 21 17 19 31 35 17 27 10 25 18 23 15 39
49 13 17 8 18 39 52 22 52 13 14 28 26 15 18 22 42 4 11 18 29 18 41 16 21 36 13 0 34 24 22 45 51 27 17 6 25 67 23 28 5 72
29 48 54 36 29 12 8 34 48 53 67 23 22 34 16 24 55 34 24 47 56 20 57 62 49 30 49 52 0 83 74 14 7 51 14 51 31 7 31 24 67 51
66 9 18 23 32 59 39 24 29 11 7 56 48 26 27 30 30 19 40 28 28 52 41 34 33 50 24 17 64 0 7 58 28 30 54 15 22 26 37 22 13 31
52 3 12 28 12 53 40 41 27 11 15 33 29 10 15 27 19 18 41 27 18 33 32 37 14 20 14 18 71 12 0 33 47 43 24 12 13 55 31 46 18 22
33 54 53 18 13 3 9 42 47 35 53 15 42 37 27 28 21 55 47 43 42 24 18 22 31 20 32 24 11 55 51 0 10 68 23 51 27 3 12 23 65 39
37 33 43 29 16 15 4 25 47 26 62 18 30 26 10 23 54 44 11 14 22 17 47 32 28 12 40 49 19 52 52 21 0 32 5 27 19 19 21 6 26 28
72 27 31 12 23 30 42 12 69 19 62 33 1 30 23 25 37 26 7 9 31 12 46 6 41 25 25 28 57 33 46 56 19 0 17 13 28 44 23 42 35 85
28 55 32 15 15 17 9 10 62 14 62 22 16 29 6 15 56 33 10 16 37 5 66 28 34 5 24 40 16 58 42 33 12 17 0 37 15 19 34 6 25 51
64 14 19 11 22 34 30 16 48 13 33 48 25 11 18 21 66 5 32 13 47 19 38 11 37 30 17 5 75 18 13 26 60 23 31 0 28 51 39 49 6 52
23 20 14 7 3 19 19 9 40 3 31 23 21 9 6 1 36 18 17 10 15 20 37 17 15 15 11 16 23 36 20 15 12 18 24 24 0 39 14 15 21 59
50 40 57 23 36 6 10 27 52 22 86 17 33 41 43 20 41 49 37 52 28 20 51 44 39 28 15 39 12 77 43 3 14 23 19 27 27 0 22 11 47 29
23 24 17 30 13 13 17 19 13 26 33 12 31 12 15 14 11 28 46 52 10 36 25 44 25 31 15 26 40 42 26 22 38 53 31 42 15 12 0 28 32 23
59 20 32 9 19 13 10 11 56 15 27 14 21 32 15 9 19 28 12 20 22 12 31 38 52 5 19 29 16 22 34 12 8 16 4 21 22 23 15 0 25 35
34 11 8 13 11 51 26 19 35 10 11 37 32 8 34 17 48 7 31 12 23 38 49 27 32 37 15 5 69 13 11 60 46 30 17 12 18 32 40 29 0 28
0 38 37 56 44 55 34 63 1 36 37 31 56 34 28 26 7 70 50 79 17 47 5 46 23 33 24 33 26 29 26 47 63 69 52 56 25 46 28 34 32 0