7
40
,
0 (11.0, 37.0) 61.0
1 (18.0, 36.0) 31.0
2 (34.0, 33.0) 68.0
3 (27.0, 24.0) 35.0
4 (39.0, 7.0) 80.0
5 (46.0, 14.0) 79.0
6 (38.0, 35.0) 36.0
7 (1.0, 1.0) 52.0
8 (26.0, 31.0) 86.0
9 (0.0, 49.0) 30.0
10 (32.0, 14.0) 39.0
11 (45.0, 47.0) 39.0
12 (23.0, 31.0) 52.0
13 (40.0, 33.0) 31.0
14 (31.0, 29.0) 86.0
15 (10.0, 4.0) 56.0
16 (22.0, 46.0) 53.0
17 (42.0, 36.0) 65.0
18 (39.0, 42.0) 52.0
19 (11.0, 16.0) 34.0
20 (43.0, 28.0) 64.0
21 (5.0, 3.0) 30.0
22 (38.0, 45.0) 87.0
23 (5.0, 22.0) 34.0
24 (40.0, 25.0) 80.0
25 (21.0, 24.0) 51.0
26 (25.0, 45.0) 56.0
27 (50.0, 4.0) 63.0
28 (9.0, 44.0) 35.0
29 (10.0, 33.0) 32.0
30 (37.0, 2.0) 61.0
31 (48.0, 17.0) 40.0
32 (46.0, 48.0) 35.0
33 (47.0, 25.0) 31.0
34 (24.0, 49.0) 38.0
35 (29.0, 29.0) 45.0
36 (41.0, 3.0) 62.0
37 (23.0, 11.0) 49.0
38 (43.0, 20.0) 35.0
39 (19.0, 42.0) 56.0
,
0 19 20 24 18 20 24 26 1 20 24 17 33 19 26 21 5 25 28 29 10 26 3 29 11 24 16 26 25 22 17 19 25 33 27 27 21 21 13 24 23 0
19 0 4 12 10 21 21 14 19 8 8 16 18 7 15 11 17 7 16 14 10 17 17 14 8 16 8 8 26 4 2 22 21 18 19 9 10 23 14 18 5 19
20 4 0 8 8 18 18 10 19 5 11 13 15 4 11 7 16 5 12 11 11 13 18 11 10 12 6 6 23 6 4 19 18 15 16 7 7 20 13 15 3 20
24 12 8 0 6 13 11 2 23 4 19 10 9 6 3 2 19 9 4 5 14 5 21 6 16 5 8 8 17 14 12 16 11 10 8 9 3 15 12 8 9 24
18 10 8 6 0 10 11 8 17 4 18 6 15 4 8 3 13 11 10 11 9 8 15 12 11 7 3 11 15 13 10 12 11 15 10 13 3 13 7 8 10 18
20 21 18 13 10 0 5 14 19 14 29 5 20 14 13 12 15 21 15 18 15 11 17 19 19 9 12 20 6 24 19 3 7 21 10 22 12 2 8 7 20 20
24 21 18 11 11 5 0 11 23 13 29 7 17 14 10 11 19 20 11 14 18 7 21 16 21 6 13 19 5 24 20 8 2 17 6 21 11 6 12 3 19 24
26 14 10 2 8 14 11 0 25 6 20 11 7 8 1 5 21 10 2 4 17 4 23 5 18 5 10 8 17 15 14 17 10 8 7 10 5 16 14 8 10 26
1 19 19 23 17 19 23 25 0 20 24 17 32 19 25 21 5 25 27 28 9 25 2 29 11 23 15 25 25 22 17 18 25 33 26 27 20 20 12 23 22 1
20 8 5 4 4 14 13 6 20 0 16 9 12 2 7 3 16 8 8 9 11 9 18 9 11 8 4 7 18 11 8 16 13 13 11 9 2 16 10 10 7 20
24 8 11 19 18 29 29 20 24 16 0 24 23 15 22 18 23 11 22 20 17 24 23 19 14 23 16 13 34 5 9 30 29 23 26 12 18 31 22 26 10 24
17 16 13 10 6 5 7 11 17 9 24 0 18 10 10 8 12 17 12 14 11 9 15 16 14 7 7 16 10 19 15 6 8 18 9 18 8 7 5 6 15 17
33 18 15 9 15 20 17 7 32 12 23 18 0 14 7 11 28 12 6 4 23 10 30 4 24 11 17 10 22 18 19 23 15 1 11 11 12 22 21 14 13 33
19 7 4 6 4 14 14 8 19 2 15 10 14 0 9 4 15 8 10 10 10 10 17 10 10 9 4 7 19 10 7 16 14 14 12 9 3 17 10 11 6 19
26 15 11 3 8 13 10 1 25 7 22 10 7 9 0 5 21 11 2 5 17 3 23 6 18 4 11 10 15 16 15 16 9 8 5 11 6 15 14 7 11 26
21 11 7 2 3 12 11 5 21 3 18 8 11 4 5 0 16 10 7 8 12 6 18 9 13 5 6 9 16 13 11 14 10 12 8 11 1 14 10 8 9 21
5 17 16 19 13 15 19 21 5 16 23 12 28 15 21 16 0 22 23 24 6 20 3 25 9 18 11 22 20 20 14 14 20 28 21 24 16 16 7 18 20 5
25 7 5 9 11 21 20 10 25 8 11 17 12 8 11 10 22 0 11 9 16 14 23 8 15 14 11 2 25 7 9 23 19 12 16 2 9 24 18 17 2 25
28 16 12 4 10 15 11 2 27 8 22 12 6 10 2 7 23 11 0 3 18 4 25 5 20 6 12 10 16 17 16 17 10 6 6 11 7 17 16 8 12 28
29 14 11 5 11 18 14 4 28 9 20 14 4 10 5 8 24 9 3 0 19 7 26 2 20 9 13 7 20 15 15 20 13 5 9 8 8 20 17 11 10 29
10 10 11 14 9 15 18 17 9 11 17 11 23 10 17 12 6 16 18 19 0 17 7 20 4 15 6 16 20 14 9 15 19 24 19 18 11 16 6 16 14 10
26 17 13 5 8 11 7 4 25 9 24 9 10 10 3 6 20 14 4 7 17 0 23 9 19 2 11 12 12 19 17 13 6 10 2 14 7 13 13 4 14 26
3 17 18 21 15 17 21 23 2 18 23 15 30 17 23 18 3 23 25 26 7 23 0 27 10 21 13 23 23 21 15 16 23 30 24 25 18 18 10 21 21 3
29 14 11 6 12 19 16 5 29 9 19 16 4 10 6 9 25 8 5 2 20 9 27 0 20 10 14 6 21 15 15 22 15 4 11 7 9 21 19 13 10 29
11 8 10 16 11 19 21 18 11 11 14 14 24 10 18 13 9 15 20 20 4 19 10 20 0 18 8 15 24 11 6 19 22 24 21 17 12 20 11 19 12 11
24 16 12 5 7 9 6 5 23 8 23 7 11 9 4 5 18 14 6 9 15 2 21 10 18 0 10 12 12 18 16 12 6 12 4 14 6 11 11 3 14 24
16 8 6 8 3 12 13 10 15 4 16 7 17 4 11 6 11 11 12 13 6 11 13 14 8 10 0 11 18 12 7 14 14 17 13 13 5 14 7 11 9 16
26 8 6 8 11 20 19 8 25 7 13 16 10 7 10 9 22 2 10 7 16 12 23 6 15 12 11 0 24 8 10 22 18 11 15 2 8 22 17 15 3 26
25 26 23 17 15 6 5 17 25 18 34 10 22 19 15 16 20 25 16 20 20 12 23 21 24 12 18 24 0 29 25 7 7 22 11 26 16 5 14 9 25 25
22 4 6 14 13 24 24 15 22 11 5 19 18 10 16 13 20 7 17 15 14 19 21 15 11 18 12 8 29 0 6 25 24 19 21 8 12 26 18 21 5 22
17 2 4 12 10 19 20 14 17 8 9 15 19 7 15 11 14 9 16 15 9 17 15 15 6 16 7 10 25 6 0 21 21 20 19 11 10 22 13 18 6 17
19 22 19 16 12 3 8 17 18 16 30 6 23 16 16 14 14 23 17 20 15 13 16 22 19 12 14 22 7 25 21 0 9 23 13 24 14 2 8 9 22 19
25 21 18 11 11 7 2 10 25 13 29 8 15 14 9 10 20 19 10 13 19 6 23 15 22 6 14 18 7 24 21 9 0 16 4 20 11 8 13 3 19 25
33 18 15 10 15 21 17 8 33 13 23 18 1 14 8 12 28 12 6 5 24 10 30 4 24 12 17 11 22 19 20 23 16 0 12 11 13 23 22 14 14 33
27 19 16 8 10 10 6 7 26 11 26 9 11 12 5 8 21 16 6 9 19 2 24 11 21 4 13 15 11 21 19 13 4 12 0 17 9 11 14 3 16 27
27 9 7 9 13 22 21 10 27 9 12 18 11 9 11 11 24 2 11 8 18 14 25 7 17 14 13 2 26 8 11 24 20 11 17 0 10 25 19 17 4 27
21 10 7 3 3 12 11 5 20 2 18 8 12 3 6 1 16 9 7 8 11 7 18 9 12 6 5 8 16 12 10 14 11 13 9 10 0 14 9 8 8 21
21 23 20 15 13 2 6 16 20 16 31 7 22 17 15 14 16 24 17 20 16 13 18 21 20 11 14 22 5 26 22 2 8 23 11 25 14 0 10 9 22 21
13 14 13 12 7 8 12 14 12 10 22 5 21 10 14 10 7 18 16 17 6 13 10 19 11 11 7 17 14 18 13 8 13 22 14 19 9 10 0 11 16 13
24 18 15 8 8 7 3 8 23 10 26 6 14 11 7 8 18 17 8 11 16 4 21 13 19 3 11 15 9 21 18 9 3 14 3 17 8 9 11 0 16 24
23 5 3 9 10 20 19 10 22 7 10 15 13 6 11 9 20 2 12 10 14 14 21 10 12 14 9 3 25 5 6 22 19 14 16 4 8 22 16 16 0 23
0 19 20 24 18 20 24 26 1 20 24 17 33 19 26 21 5 25 28 29 10 26 3 29 11 24 16 26 25 22 17 19 25 33 27 27 21 21 13 24 23 0
,
0 20 24 43 52 53 27 76 1 38 26 28 94 41 67 25 16 63 78 31 25 49 7 71 16 62 41 51 69 50 35 42 57 75 28 78 25 60 33 67 39 0
52 0 9 26 16 54 37 17 30 18 11 27 33 11 37 16 46 20 22 40 22 37 37 29 12 26 23 18 39 9 5 52 26 43 51 16 10 31 17 31 10 35
46 8 0 12 21 30 50 28 35 11 17 18 21 10 29 22 35 16 21 19 22 22 18 23 14 27 16 7 44 14 9 55 35 16 41 7 7 57 29 15 4 25
65 15 21 0 17 39 33 2 46 9 53 12 13 10 5 5 25 9 11 6 23 6 44 17 39 12 9 11 44 20 23 19 25 15 21 18 4 29 23 12 18 67
28 16 9 11 0 25 30 19 42 9 45 6 29 8 20 8 37 21 11 20 14 21 46 24 28 10 7 31 37 21 25 30 33 34 11 14 6 30 14 21 29 24
51 39 54 26 24 0 6 41 40 20 69 14 36 30 29 29 24 27 29 33 18 25 29 20 40 14 27 40 12 54 46 6 14 44 20 64 20 2 11 16 39 54
34 45 37 33 23 8 0 33 60 30 31 20 35 34 16 31 40 33 12 37 50 17 60 41 56 8 29 24 8 39 31 20 2 22 14 44 25 16 15 8 30 30
50 37 16 3 16 15 29 0 26 10 21 13 16 8 2 13 33 27 4 5 38 5 61 9 23 13 23 23 44 24 26 41 11 22 16 18 13 25 38 18 19 32
2 28 41 57 27 26 61 35 0 52 51 41 60 37 74 58 5 70 28 74 25 47 3 78 11 41 15 64 72 49 18 47 53 54 39 55 29 47 31 34 55 2
60 21 12 11 6 36 32 8 30 0 38 25 25 4 7 4 35 12 11 11 23 25 33 18 27 18 8 16 31 16 10 20 27 31 28 18 2 28 17 23 13 31
61 12 12 45 23 40 36 35 25 44 0 71 51 41 51 54 25 31 58 40 27 59 49 20 22 41 29 33 74 14 16 32 73 28 39 16 20 33 34 74 23 33
19 40 32 13 6 15 12 13 37 19 40 0 36 13 20 13 33 30 17 16 24 11 27 26 16 18 12 18 14 21 35 19 21 22 24 23 14 13 11 11 39 18
73 36 41 10 31 22 27 14 52 32 26 34 0 29 18 29 51 19 9 10 42 16 76 7 59 32 34 20 30 33 45 52 17 2 30 18 17 50 39 24 32 57
54 12 10 7 11 35 29 8 50 4 29 26 38 0 19 6 44 18 14 15 19 24 18 15 20 18 6 13 42 27 13 38 27 27 15 24 3 35 17 17 8 35
34 35 23 5 11 27 27 3 62 10 61 19 15 20 0 12 45 16 3 13 31 4 27 14 41 10 23 25 16 29 24 40 21 18 10 21 6 28 16 16 16 75
26 31 16 6 5 16 30 7 47 8 26 9 30 11 9 0 39 21 9 17 15 11 49 21 14 14 14 12 33 15 16 38 26 32 15 16 2 19 30 19 10 43
14 25 22 37 38 16 35 58 10 39 67 27 41 16 60 33 0 30 50 39 7 56 5 27 15 42 20 28 52 28 39 35 57 59 29 36 18 44 14 53 23 7
54 20 15 15 27 29 42 12 38 20 22 36 23 20 17 12 62 0 13 12 29 32 50 8 25 14 16 4 27 16 17 24 54 12 34 5 20 40 26 44 5 48
44 20 33 12 19 42 18 3 68 20 43 25 6 11 4 12 43 21 0 7 25 7 72 6 28 10 32 15 37 40 41 51 16 14 17 24 14 36 22 16 17 70
66 21 31 12 15 25 24 9 31 23 57 27 8 22 9 8 31 26 9 0 28 19 55 3 53 19 22 21 46 24 43 60 35 11 11 23 10 58 18 12 21 65
16 23 25 21 13 34 36 31 14 28 34 12 54 28 30 25 14 25 21 50 0 43 9 44 11 43 11 26 51 28 23 30 19 57 38 25 33 23 7 20 24 27
36 22 31 10 12 26 13 4 52 9 66 18 26 24 7 13 39 21 11 16 19 0 28 26 50 2 21 20 31 45 48 23 12 19 5 16 15 34 25 6 39 71
3 45 27 42 27 44 46 67 3 47 31 31 57 26 48 29 6 56 61 64 21 34 0 38 27 60 37 46 25 21 42 47 57 88 29 43 34 48 23 38 25 5
50 23 13 8 24 31 25 8 49 27 42 33 7 28 13 25 62 18 5 4 51 10 67 0 39 11 21 14 52 36 40 23 22 10 29 18 25 28 44 29 17 34
21 20 28 28 23 19 43 38 20 21 32 23 40 11 53 23 11 25 48 27 5 43 26 42 0 28 8 36 36 32 8 43 24 42 37 38 24 37 22 30 21 30
57 40 24 14 14 17 8 9 47 20 27 18 18 23 5 8 19 17 7 23 25 4 44 19 26 0 25 19 34 25 21 34 11 26 7 38 11 30 14 8 24 69
45 11 13 19 7 25 27 20 40 10 38 12 24 7 16 15 21 30 28 21 15 23 16 28 13 15 0 11 28 30 15 18 33 39 21 16 6 16 11 18 23 42
62 12 9 15 30 35 21 9 71 11 36 34 21 8 25 18 24 2 19 18 17 33 47 13 39 22 29 0 26 12 10 29 52 21 37 2 17 60 43 20 8 73
46 36 54 19 17 8 6 31 45 49 68 14 25 38 34 35 20 66 46 43 56 36 66 57 35 19 39 28 0 40 30 18 15 55 13 54 19 11 41 15 38 73
44 10 15 18 27 39 61 25 58 28 15 40 31 23 49 35 58 16 45 26 31 49 57 21 16 39 19 11 46 0 11 54 44 29 56 18 21 39 32 22 6 29
42 4 9 29 28 20 46 22 36 12 13 24 30 12 33 15 34 23 46 33 12 32 30 20 10 34 13 13 29 6 0 38 42 22 50 19 23 34 15 30 9 44
36 45 37 21 23 3 12 19 52 20 67 10 35 29 27 30 21 66 50 55 37 24 30 29 50 20 18 33 11 25 26 0 27 61 14 44 23 3 25 11 31 46
27 51 40 20 13 15 4 30 45 13 39 18 31 30 17 28 26 49 24 31 31 15 31 24 54 12 39 26 11 66 52 10 0 29 8 26 19 8 20 5 21 28
82 25 16 24 26 54 42 15 59 28 31 36 1 14 21 15 72 33 11 11 50 19 43 12 56 24 31 22 31 49 26 66 44 0 29 16 37 58 27 16 31 92
53 38 39 10 29 12 15 10 34 15 74 27 22 18 10 15 43 48 18 14 41 5 36 13 25 4 19 32 20 61 37 32 5 34 0 49 20 31 28 7 45 52
32 18 16 20 19 40 51 23 60 10 25 33 13 24 17 11 63 3 28 18 23 20 68 13 33 17 27 3 53 22 27 40 41 28 26 0 14 56 55 28 12 78
52 25 15 7 7 25 17 16 28 4 42 11 15 6 13 2 41 14 11 14 31 12 19 23 31 15 6 21 21 22 19 31 22 38 26 18 0 14 17 9 9 31
58 64 39 27 32 5 10 30 46 33 42 18 52 32 21 31 19 42 36 58 17 17 19 35 55 19 32 37 5 31 40 5 13 46 32 71 22 0 11 21 58 30
15 15 30 14 11 10 23 21 25 21 65 6 35 10 15 13 13 49 20 44 19 19 18 42 19 12 9 32 37 28 37 19 35 40 38 23 22 20 0 26 36 16
41 37 37 12 12 12 6 19 64 12 56 9 30 31 7 21 54 37 22 19 26 6 47 20 49 8 27 26 11 30 22 24 6 18 7 48 17 19 12 0 48 24
28 5 9 10 15 58 37 22 32 13 24 46 29 8 15 24 46 6 25 11 22 17 59 20 23 20 17 5 54 6 13 33 44 25 40 9 17 65 40 45 0 65
0 37 28 48 41 21 70 65 2 42 25 31 60 35 57 42 16 50 49 42 16 44 4 38 13 57 29 39 68 34 21 53 76 38 37 35 28 29 33 50 54 0