7
40
,
0 (11.0, 37.0) 32.0
1 (18.0, 36.0) 43.0
2 (34.0, 33.0) 44.0
3 (27.0, 24.0) 49.0
4 (39.0, 7.0) 68.0
5 (46.0, 14.0) 76.0
6 (38.0, 35.0) 47.0
7 (1.0, 1.0) 72.0
8 (26.0, 31.0) 46.0
9 (0.0, 49.0) 86.0
10 (32.0, 14.0) 36.0
11 (45.0, 47.0) 69.0
12 (23.0, 31.0) 51.0
13 (40.0, 33.0) 73.0
14 (31.0, 29.0) 88.0
15 (10.0, 4.0) 77.0
16 (22.0, 46.0) 63.0
17 (42.0, 36.0) 31.0
18 (39.0, 42.0) 41.0
19 (11.0, 16.0) 75.0
20 (43.0, 28.0) 60.0
21 (5.0, 3.0) 50.0
22 (38.0, 45.0) 62.0
23 (5.0, 22.0) 45.0
24 (40.0, 25.0) 58.0
25 (21.0, 24.0) 63.0
26 (25.0, 45.0) 70.0
27 (50.0, 4.0) 50.0
28 (9.0, 44.0) 37.0
29 (10.0, 33.0) 42.0
30 (37.0, 2.0) 71.0
31 (48.0, 17.0) 42.0
32 (46.0, 48.0) 38.0
33 (47.0, 25.0) 38.0
34 (24.0, 49.0) 50.0
35 (29.0, 29.0) 57.0
36 (41.0, 3.0) 79.0
37 (23.0, 11.0) 32.0
38 (43.0, 20.0) 80.0
39 (19.0, 42.0) 38.0
,
0 19 20 24 18 20 24 26 1 20 24 17 33 19 26 21 5 25 28 29 10 26 3 29 11 24 16 26 25 22 17 19 25 33 27 27 21 21 13 24 23 0
19 0 4 12 10 21 21 14 19 8 8 16 18 7 15 11 17 7 16 14 10 17 17 14 8 16 8 8 26 4 2 22 21 18 19 9 10 23 14 18 5 19
20 4 0 8 8 18 18 10 19 5 11 13 15 4 11 7 16 5 12 11 11 13 18 11 10 12 6 6 23 6 4 19 18 15 16 7 7 20 13 15 3 20
24 12 8 0 6 13 11 2 23 4 19 10 9 6 3 2 19 9 4 5 14 5 21 6 16 5 8 8 17 14 12 16 11 10 8 9 3 15 12 8 9 24
18 10 8 6 0 10 11 8 17 4 18 6 15 4 8 3 13 11 10 11 9 8 15 12 11 7 3 11 15 13 10 12 11 15 10 13 3 13 7 8 10 18
20 21 18 13 10 0 5 14 19 14 29 5 20 14 13 12 15 21 15 18 15 11 17 19 19 9 12 20 6 24 19 3 7 21 10 22 12 2 8 7 20 20
24 21 18 11 11 5 0 11 23 13 29 7 17 14 10 11 19 20 11 14 18 7 21 16 21 6 13 19 5 24 20 8 2 17 6 21 11 6 12 3 19 24
26 14 10 2 8 14 11 0 25 6 20 11 7 8 1 5 21 10 2 4 17 4 23 5 18 5 10 8 17 15 14 17 10 8 7 10 5 16 14 8 10 26
1 19 19 23 17 19 23 25 0 20 24 17 32 19 25 21 5 25 27 28 9 25 2 29 11 23 15 25 25 22 17 18 25 33 26 27 20 20 12 23 22 1
20 8 5 4 4 14 13 6 20 0 16 9 12 2 7 3 16 8 8 9 11 9 18 9 11 8 4 7 18 11 8 16 13 13 11 9 2 16 10 10 7 20
24 8 11 19 18 29 29 20 24 16 0 24 23 15 22 18 23 11 22 20 17 24 23 19 14 23 16 13 34 5 9 30 29 23 26 12 18 31 22 26 10 24
17 16 13 10 6 5 7 11 17 9 24 0 18 10 10 8 12 17 12 14 11 9 15 16 14 7 7 16 10 19 15 6 8 18 9 18 8 7 5 6 15 17
33 18 15 9 15 20 17 7 32 12 23 18 0 14 7 11 28 12 6 4 23 10 30 4 24 11 17 10 22 18 19 23 15 1 11 11 12 22 21 14 13 33
19 7 4 6 4 14 14 8 19 2 15 10 14 0 9 4 15 8 10 10 10 10 17 10 10 9 4 7 19 10 7 16 14 14 12 9 3 17 10 11 6 19
26 15 11 3 8 13 10 1 25 7 22 10 7 9 0 5 21 11 2 5 17 3 23 6 18 4 11 10 15 16 15 16 9 8 5 11 6 15 14 7 11 26
21 11 7 2 3 12 11 5 21 3 18 8 11 4 5 0 16 10 7 8 12 6 18 9 13 5 6 9 16 13 11 14 10 12 8 11 1 14 10 8 9 21
5 17 16 19 13 15 19 21 5 16 23 12 28 15 21 16 0 22 23 24 6 20 3 25 9 18 11 22 20 20 14 14 20 28 21 24 16 16 7 18 20 5
25 7 5 9 11 21 20 10 25 8 11 17 12 8 11 10 22 0 11 9 16 14 23 8 15 14 11 2 25 7 9 23 19 12 16 2 9 24 18 17 2 25
28 16 12 4 10 15 11 2 27 8 22 12 6 10 2 7 23 11 0 3 18 4 25 5 20 6 12 10 16 17 16 17 10 6 6 11 7 17 16 8 12 28
29 14 11 5 11 18 14 4 28 9 20 14 4 10 5 8 24 9 3 0 19 7 26 2 20 9 13 7 20 15 15 20 13 5 9 8 8 20 17 11 10 29
10 10 11 14 9 15 18 17 9 11 17 11 23 10 17 12 6 16 18 19 0 17 7 20 4 15 6 16 20 14 9 15 19 24 19 18 11 16 6 16 14 10
26 17 13 5 8 11 7 4 25 9 24 9 10 10 3 6 20 14 4 7 17 0 23 9 19 2 11 12 12 19 17 13 6 10 2 14 7 13 13 4 14 26
3 17 18 21 15 17 21 23 2 18 23 15 30 17 23 18 3 23 25 26 7 23 0 27 10 21 13 23 23 21 15 16 23 30 24 25 18 18 10 21 21 3
29 14 11 6 12 19 16 5 29 9 19 16 4 10 6 9 25 8 5 2 20 9 27 0 20 10 14 6 21 15 15 22 15 4 11 7 9 21 19 13 10 29
11 8 10 16 11 19 21 18 11 11 14 14 24 10 18 13 9 15 20 20 4 19 10 20 0 18 8 15 24 11 6 19 22 24 21 17 12 20 11 19 12 11
24 16 12 5 7 9 6 5 23 8 23 7 11 9 4 5 18 14 6 9 15 2 21 10 18 0 10 12 12 18 16 12 6 12 4 14 6 11 11 3 14 24
16 8 6 8 3 12 13 10 15 4 16 7 17 4 11 6 11 11 12 13 6 11 13 14 8 10 0 11 18 12 7 14 14 17 13 13 5 14 7 11 9 16
26 8 6 8 11 20 19 8 25 7 13 16 10 7 10 9 22 2 10 7 16 12 23 6 15 12 11 0 24 8 10 22 18 11 15 2 8 22 17 15 3 26
25 26 23 17 15 6 5 17 25 18 34 10 22 19 15 16 20 25 16 20 20 12 23 21 24 12 18 24 0 29 25 7 7 22 11 26 16 5 14 9 25 25
22 4 6 14 13 24 24 15 22 11 5 19 18 10 16 13 20 7 17 15 14 19 21 15 11 18 12 8 29 0 6 25 24 19 21 8 12 26 18 21 5 22
17 2 4 12 10 19 20 14 17 8 9 15 19 7 15 11 14 9 16 15 9 17 15 15 6 16 7 10 25 6 0 21 21 20 19 11 10 22 13 18 6 17
19 22 19 16 12 3 8 17 18 16 30 6 23 16 16 14 14 23 17 20 15 13 16 22 19 12 14 22 7 25 21 0 9 23 13 24 14 2 8 9 22 19
25 21 18 11 11 7 2 10 25 13 29 8 15 14 9 10 20 19 10 13 19 6 23 15 22 6 14 18 7 24 21 9 0 16 4 20 11 8 13 3 19 25
33 18 15 10 15 21 17 8 33 13 23 18 1 14 8 12 28 12 6 5 24 10 30 4 24 12 17 11 22 19 20 23 16 0 12 11 13 23 22 14 14 33
27 19 16 8 10 10 6 7 26 11 26 9 11 12 5 8 21 16 6 9 19 2 24 11 21 4 13 15 11 21 19 13 4 12 0 17 9 11 14 3 16 27
27 9 7 9 13 22 21 10 27 9 12 18 11 9 11 11 24 2 11 8 18 14 25 7 17 14 13 2 26 8 11 24 20 11 17 0 10 25 19 17 4 27
21 10 7 3 3 12 11 5 20 2 18 8 12 3 6 1 16 9 7 8 11 7 18 9 12 6 5 8 16 12 10 14 11 13 9 10 0 14 9 8 8 21
21 23 20 15 13 2 6 16 20 16 31 7 22 17 15 14 16 24 17 20 16 13 18 21 20 11 14 22 5 26 22 2 8 23 11 25 14 0 10 9 22 21
13 14 13 12 7 8 12 14 12 10 22 5 21 10 14 10 7 18 16 17 6 13 10 19 11 11 7 17 14 18 13 8 13 22 14 19 9 10 0 11 16 13
24 18 15 8 8 7 3 8 23 10 26 6 14 11 7 8 18 17 8 11 16 4 21 13 19 3 11 15 9 21 18 9 3 14 3 17 8 9 11 0 16 24
23 5 3 9 10 20 19 10 22 7 10 15 13 6 11 9 20 2 12 10 14 14 21 10 12 14 9 3 25 5 6 22 19 14 16 4 8 22 16 16 0 23
0 19 20 24 18 20 24 26 1 20 24 17 33 19 26 21 5 25 28 29 10 26 3 29 11 24 16 26 25 22 17 19 25 33 27 27 21 21 13 24 23 0
,
0 57 45 59 40 21 24 40 2 37 64 49 83 38 62 26 6 33 64 67 17 26 8 31 18 45 17 51 49 42 25 45 52 92 55 82 40 24 24 42 58 0
32 0 6 28 15 54 29 32 21 18 14 24 52 14 35 29 21 12 29 27 15 49 36 31 17 42 13 17 65 10 3 32 25 37 31 22 23 46 36 50 5 46
39 4 0 9 17 31 36 18 44 14 22 30 27 6 23 16 21 7 19 30 14 39 24 18 25 30 17 8 26 13 5 51 31 17 28 15 18 36 26 15 6 23
59 16 11 0 14 30 21 6 24 10 52 25 19 6 8 6 47 24 11 8 32 9 27 13 37 8 22 22 37 16 26 35 12 24 19 27 6 17 27 13 19 61
46 26 19 6 0 11 21 15 51 4 47 14 35 7 18 5 26 20 27 31 25 14 35 18 25 17 5 22 43 19 14 29 16 30 15 16 7 31 20 22 23 30
49 39 50 31 17 0 11 31 37 33 34 7 57 40 30 21 35 36 36 45 22 27 45 34 55 13 31 27 9 25 40 7 20 54 21 61 16 3 25 16 59 44
54 22 21 29 18 14 0 12 42 17 57 15 36 37 28 30 53 20 18 19 42 16 54 26 58 10 26 45 16 66 53 19 5 51 16 21 27 12 22 8 55 67
64 15 13 6 11 27 23 0 30 8 50 32 20 8 2 10 37 27 2 9 45 5 47 9 51 13 19 10 24 16 33 33 25 16 17 20 13 47 30 15 28 43
2 20 58 46 52 24 30 36 0 24 30 43 78 20 52 21 6 40 38 39 16 53 3 57 22 26 34 66 71 50 31 50 27 57 40 29 34 39 35 62 30 1
44 15 10 10 9 38 30 17 37 0 22 16 35 2 19 8 44 23 21 15 26 9 30 15 23 16 10 13 26 29 18 45 22 33 11 14 3 44 30 13 12 36
62 13 29 47 41 61 69 56 25 39 0 36 37 18 48 52 41 25 47 47 43 35 41 54 25 47 40 28 54 9 20 42 31 45 44 32 42 79 44 62 30 51
37 38 14 21 8 10 13 23 25 16 51 0 47 10 21 16 14 26 32 22 30 24 19 18 35 18 16 44 17 38 18 16 16 20 23 45 22 9 10 12 33 49
39 48 25 26 31 54 35 17 94 16 50 19 0 38 18 23 31 28 13 5 52 10 69 9 54 34 30 30 61 25 44 45 23 1 26 20 18 56 24 34 35 76
32 7 5 7 9 41 24 14 21 2 43 27 36 0 18 4 28 8 26 25 19 25 29 17 27 12 7 8 23 27 13 27 24 24 21 22 5 22 29 20 14 47
69 32 15 5 14 31 21 3 71 16 51 14 12 13 0 14 40 30 2 12 47 5 46 15 48 9 20 18 33 26 43 18 15 21 11 18 9 27 17 7 28 40
63 25 16 4 7 24 25 12 48 5 47 17 26 12 15 0 22 14 12 13 30 7 47 18 25 10 11 19 21 30 21 32 28 16 8 18 2 28 25 19 13 41
11 36 18 46 19 21 46 36 5 45 64 34 54 29 56 17 0 37 32 25 14 29 3 54 22 51 14 63 53 41 33 20 29 36 24 42 45 16 19 42 48 8
39 9 10 24 27 60 43 14 69 12 27 47 28 11 24 22 22 0 23 20 44 25 61 20 28 19 23 3 60 15 17 37 58 32 49 3 13 38 52 28 4 65
60 25 25 4 24 25 28 5 37 24 23 24 14 23 5 19 64 21 0 7 46 8 67 14 35 13 28 26 24 40 27 44 16 18 17 17 15 36 43 17 19 34
56 43 13 8 24 41 43 10 48 11 42 42 12 11 12 12 32 13 8 0 20 8 76 3 36 12 23 15 52 15 22 45 27 12 17 18 11 50 28 12 25 82
26 26 28 34 19 18 26 21 20 30 18 27 46 15 18 35 18 35 25 33 0 36 8 31 11 21 8 28 28 26 25 33 31 36 52 38 12 48 17 23 18 18
59 50 18 8 23 30 12 11 39 22 62 14 22 20 8 15 47 25 5 12 42 0 62 23 44 3 30 33 31 45 26 36 17 28 6 34 8 36 30 7 30 71
6 29 31 53 17 29 47 43 4 35 52 29 83 22 55 21 4 46 72 45 15 39 0 51 11 57 17 31 35 45 30 41 60 34 60 52 52 42 22 58 44 9
57 29 11 9 32 24 41 11 81 23 23 20 8 12 14 10 65 14 10 3 52 18 60 0 49 27 30 16 62 24 41 56 17 12 29 8 22 24 53 21 12 31
24 16 15 24 25 43 40 23 30 14 23 28 37 17 23 34 18 43 25 20 6 46 27 44 0 48 10 22 52 25 13 21 32 62 63 22 26 53 21 22 16 16
52 38 29 10 17 10 15 8 57 11 65 14 12 24 6 9 40 17 6 9 22 5 25 15 29 0 28 30 22 47 22 12 8 26 4 28 11 17 30 6 21 40
33 19 18 17 5 36 23 22 35 6 32 15 21 9 22 11 34 25 17 30 9 33 17 27 8 15 0 30 47 34 15 22 25 32 21 13 6 43 9 16 15 45
36 22 10 22 31 50 26 19 73 19 26 32 28 10 15 10 46 4 15 14 29 21 44 13 30 30 21 0 37 9 10 23 34 13 22 3 21 25 31 30 7 43
56 50 24 29 17 13 13 35 66 47 82 27 44 42 38 20 54 39 49 59 59 32 49 57 45 32 40 63 0 67 71 10 12 34 31 66 18 13 17 13 55 71
38 10 6 32 36 53 67 44 58 13 10 26 33 10 22 28 47 18 29 26 19 52 33 16 28 25 32 18 72 0 9 64 65 23 34 23 16 69 25 32 11 53
24 6 6 35 20 58 23 16 40 18 17 42 37 11 34 21 42 9 38 34 22 37 15 33 15 42 10 10 54 9 0 22 26 46 32 12 22 48 20 30 12 45
36 51 42 34 18 8 20 28 32 20 66 18 28 33 30 29 35 39 42 47 34 39 20 57 50 20 29 41 17 53 53 0 20 29 29 40 25 5 23 16 31 38
62 22 51 13 22 19 5 20 59 28 76 17 22 16 10 29 21 32 28 14 29 8 60 23 34 17 31 41 8 48 49 26 0 22 5 59 33 20 31 6 31 42
76 37 29 18 17 61 39 12 41 15 34 41 2 15 21 20 63 29 17 10 66 24 69 9 64 27 18 14 61 33 30 61 19 0 18 21 25 32 59 40 24 58
55 26 29 19 16 16 13 11 51 20 57 12 31 30 6 9 63 42 6 17 37 4 39 31 44 5 17 28 26 63 43 23 5 34 0 19 17 32 27 5 32 32
61 22 10 19 13 29 56 28 57 18 25 29 21 27 28 14 37 2 30 20 51 21 72 12 30 34 24 6 43 11 21 71 43 30 28 0 26 37 22 45 6 78
35 25 8 9 6 23 20 9 40 3 23 19 21 4 14 1 18 22 12 20 28 17 31 24 33 16 10 14 31 21 23 36 21 33 24 30 0 26 24 16 13 27
26 67 48 41 30 3 12 21 50 42 83 15 51 21 29 23 18 49 25 33 18 23 23 48 39 21 26 49 9 43 42 4 17 61 34 48 33 0 24 24 58 36
17 38 29 29 14 21 31 24 24 19 26 11 62 22 26 16 19 33 32 22 7 35 17 31 18 24 17 43 16 49 37 9 27 42 24 33 15 15 0 27 43 15
54 34 23 9 9 15 10 9 69 19 56 17 18 27 18 20 50 27 12 26 29 6 38 38 53 4 21 41 16 26 35 21 8 18 3 40 24 19 26 0 17 52
50 10 5 15 15 38 53 18 41 18 13 43 15 14 17 18 58 4 22 25 28 27 51 17 20 23 12 7 55 12 16 65 30 37 44 12 13 54 26 26 0 48
0 24 20 62 40 35 68 45 1 37 30 22 75 53 34 32 16 69 73 58 23 69 5 63 29 42 31 75 37 35 42 48 54 42 72 36 42 52 20 43 55 0