7
40
,
0 (11.0, 37.0) 87.0
1 (18.0, 36.0) 53.0
2 (34.0, 33.0) 32.0
3 (27.0, 24.0) 58.0
4 (39.0, 7.0) 37.0
5 (46.0, 14.0) 89.0
6 (38.0, 35.0) 31.0
7 (1.0, 1.0) 78.0
8 (26.0, 31.0) 31.0
9 (0.0, 49.0) 32.0
10 (32.0, 14.0) 50.0
11 (45.0, 47.0) 73.0
12 (23.0, 31.0) 38.0
13 (40.0, 33.0) 59.0
14 (31.0, 29.0) 51.0
15 (10.0, 4.0) 44.0
16 (22.0, 46.0) 90.0
17 (42.0, 36.0) 45.0
18 (39.0, 42.0) 73.0
19 (11.0, 16.0) 47.0
20 (43.0, 28.0) 41.0
21 (5.0, 3.0) 32.0
22 (38.0, 45.0) 39.0
23 (5.0, 22.0) 77.0
24 (40.0, 25.0) 75.0
25 (21.0, 24.0) 31.0
26 (25.0, 45.0) 65.0
27 (50.0, 4.0) 68.0
28 (9.0, 44.0) 43.0
29 (10.0, 33.0) 40.0
30 (37.0, 2.0) 70.0
31 (48.0, 17.0) 57.0
32 (46.0, 48.0) 62.0
33 (47.0, 25.0) 37.0
34 (24.0, 49.0) 38.0
35 (29.0, 29.0) 36.0
36 (41.0, 3.0) 84.0
37 (23.0, 11.0) 33.0
38 (43.0, 20.0) 47.0
39 (19.0, 42.0) 43.0
,
0 19 20 24 18 20 24 26 1 20 24 17 33 19 26 21 5 25 28 29 10 26 3 29 11 24 16 26 25 22 17 19 25 33 27 27 21 21 13 24 23 0
19 0 4 12 10 21 21 14 19 8 8 16 18 7 15 11 17 7 16 14 10 17 17 14 8 16 8 8 26 4 2 22 21 18 19 9 10 23 14 18 5 19
20 4 0 8 8 18 18 10 19 5 11 13 15 4 11 7 16 5 12 11 11 13 18 11 10 12 6 6 23 6 4 19 18 15 16 7 7 20 13 15 3 20
24 12 8 0 6 13 11 2 23 4 19 10 9 6 3 2 19 9 4 5 14 5 21 6 16 5 8 8 17 14 12 16 11 10 8 9 3 15 12 8 9 24
18 10 8 6 0 10 11 8 17 4 18 6 15 4 8 3 13 11 10 11 9 8 15 12 11 7 3 11 15 13 10 12 11 15 10 13 3 13 7 8 10 18
20 21 18 13 10 0 5 14 19 14 29 5 20 14 13 12 15 21 15 18 15 11 17 19 19 9 12 20 6 24 19 3 7 21 10 22 12 2 8 7 20 20
24 21 18 11 11 5 0 11 23 13 29 7 17 14 10 11 19 20 11 14 18 7 21 16 21 6 13 19 5 24 20 8 2 17 6 21 11 6 12 3 19 24
26 14 10 2 8 14 11 0 25 6 20 11 7 8 1 5 21 10 2 4 17 4 23 5 18 5 10 8 17 15 14 17 10 8 7 10 5 16 14 8 10 26
1 19 19 23 17 19 23 25 0 20 24 17 32 19 25 21 5 25 27 28 9 25 2 29 11 23 15 25 25 22 17 18 25 33 26 27 20 20 12 23 22 1
20 8 5 4 4 14 13 6 20 0 16 9 12 2 7 3 16 8 8 9 11 9 18 9 11 8 4 7 18 11 8 16 13 13 11 9 2 16 10 10 7 20
24 8 11 19 18 29 29 20 24 16 0 24 23 15 22 18 23 11 22 20 17 24 23 19 14 23 16 13 34 5 9 30 29 23 26 12 18 31 22 26 10 24
17 16 13 10 6 5 7 11 17 9 24 0 18 10 10 8 12 17 12 14 11 9 15 16 14 7 7 16 10 19 15 6 8 18 9 18 8 7 5 6 15 17
33 18 15 9 15 20 17 7 32 12 23 18 0 14 7 11 28 12 6 4 23 10 30 4 24 11 17 10 22 18 19 23 15 1 11 11 12 22 21 14 13 33
19 7 4 6 4 14 14 8 19 2 15 10 14 0 9 4 15 8 10 10 10 10 17 10 10 9 4 7 19 10 7 16 14 14 12 9 3 17 10 11 6 19
26 15 11 3 8 13 10 1 25 7 22 10 7 9 0 5 21 11 2 5 17 3 23 6 18 4 11 10 15 16 15 16 9 8 5 11 6 15 14 7 11 26
21 11 7 2 3 12 11 5 21 3 18 8 11 4 5 0 16 10 7 8 12 6 18 9 13 5 6 9 16 13 11 14 10 12 8 11 1 14 10 8 9 21
5 17 16 19 13 15 19 21 5 16 23 12 28 15 21 16 0 22 23 24 6 20 3 25 9 18 11 22 20 20 14 14 20 28 21 24 16 16 7 18 20 5
25 7 5 9 11 21 20 10 25 8 11 17 12 8 11 10 22 0 11 9 16 14 23 8 15 14 11 2 25 7 9 23 19 12 16 2 9 24 18 17 2 25
28 16 12 4 10 15 11 2 27 8 22 12 6 10 2 7 23 11 0 3 18 4 25 5 20 6 12 10 16 17 16 17 10 6 6 11 7 17 16 8 12 28
29 14 11 5 11 18 14 4 28 9 20 14 4 10 5 8 24 9 3 0 19 7 26 2 20 9 13 7 20 15 15 20 13 5 9 8 8 20 17 11 10 29
10 10 11 14 9 15 18 17 9 11 17 11 23 10 17 12 6 16 18 19 0 17 7 20 4 15 6 16 20 14 9 15 19 24 19 18 11 16 6 16 14 10
26 17 13 5 8 11 7 4 25 9 24 9 10 10 3 6 20 14 4 7 17 0 23 9 19 2 11 12 12 19 17 13 6 10 2 14 7 13 13 4 14 26
3 17 18 21 15 17 21 23 2 18 23 15 30 17 23 18 3 23 25 26 7 23 0 27 10 21 13 23 23 21 15 16 23 30 24 25 18 18 10 21 21 3
29 14 11 6 12 19 16 5 29 9 19 16 4 10 6 9 25 8 5 2 20 9 27 0 20 10 14 6 21 15 15 22 15 4 11 7 9 21 19 13 10 29
11 8 10 16 11 19 21 18 11 11 14 14 24 10 18 13 9 15 20 20 4 19 10 20 0 18 8 15 24 11 6 19 22 24 21 17 12 20 11 19 12 11
24 16 12 5 7 9 6 5 23 8 23 7 11 9 4 5 18 14 6 9 15 2 21 10 18 0 10 12 12 18 16 12 6 12 4 14 6 11 11 3 14 24
16 8 6 8 3 12 13 10 15 4 16 7 17 4 11 6 11 11 12 13 6 11 13 14 8 10 0 11 18 12 7 14 14 17 13 13 5 14 7 11 9 16
26 8 6 8 11 20 19 8 25 7 13 16 10 7 10 9 22 2 10 7 16 12 23 6 15 12 11 0 24 8 10 22 18 11 15 2 8 22 17 15 3 26
25 26 23 17 15 6 5 17 25 18 34 10 22 19 15 16 20 25 16 20 20 12 23 21 24 12 18 24 0 29 25 7 7 22 11 26 16 5 14 9 25 25
22 4 6 14 13 24 24 15 22 11 5 19 18 10 16 13 20 7 17 15 14 19 21 15 11 18 12 8 29 0 6 25 24 19 21 8 12 26 18 21 5 22
17 2 4 12 10 19 20 14 17 8 9 15 19 7 15 11 14 9 16 15 9 17 15 15 6 16 7 10 25 6 0 21 21 20 19 11 10 22 13 18 6 17
19 22 19 16 12 3 8 17 18 16 30 6 23 16 16 14 14 23 17 20 15 13 16 22 19 12 14 22 7 25 21 0 9 23 13 24 14 2 8 9 22 19
25 21 18 11 11 7 2 10 25 13 29 8 15 14 9 10 20 19 10 13 19 6 23 15 22 6 14 18 7 24 21 9 0 16 4 20 11 8 13 3 19 25
33 18 15 10 15 21 17 8 33 13 23 18 1 14 8 12 28 12 6 5 24 10 30 4 24 12 17 11 22 19 20 23 16 0 12 11 13 23 22 14 14 33
27 19 16 8 10 10 6 7 26 11 26 9 11 12 5 8 21 16 6 9 19 2 24 11 21 4 13 15 11 21 19 13 4 12 0 17 9 11 14 3 16 27
27 9 7 9 13 22 21 10 27 9 12 18 11 9 11 11 24 2 11 8 18 14 25 7 17 14 13 2 26 8 11 24 20 11 17 0 10 25 19 17 4 27
21 10 7 3 3 12 11 5 20 2 18 8 12 3 6 1 16 9 7 8 11 7 18 9 12 6 5 8 16 12 10 14 11 13 9 10 0 14 9 8 8 21
21 23 20 15 13 2 6 16 20 16 31 7 22 17 15 14 16 24 17 20 16 13 18 21 20 11 14 22 5 26 22 2 8 23 11 25 14 0 10 9 22 21
13 14 13 12 7 8 12 14 12 10 22 5 21 10 14 10 7 18 16 17 6 13 10 19 11 11 7 17 14 18 13 8 13 22 14 19 9 10 0 11 16 13
24 18 15 8 8 7 3 8 23 10 26 6 14 11 7 8 18 17 8 11 16 4 21 13 19 3 11 15 9 21 18 9 3 14 3 17 8 9 11 0 16 24
23 5 3 9 10 20 19 10 22 7 10 15 13 6 11 9 20 2 12 10 14 14 21 10 12 14 9 3 25 5 6 22 19 14 16 4 8 22 16 16 0 23
0 19 20 24 18 20 24 26 1 20 24 17 33 19 26 21 5 25 28 29 10 26 3 29 11 24 16 26 25 22 17 19 25 33 27 27 21 21 13 24 23 0
,
0 44 33 32 40 56 72 28 1 26 61 21 63 33 73 22 9 29 51 74 11 31 6 32 22 25 45 49 30 27 37 52 31 47 70 30 57 35 28 28 30 0
25 0 7 14 29 40 61 23 53 11 18 18 18 19 29 17 43 13 39 35 18 38 50 34 23 40 12 15 38 10 6 38 48 48 29 18 29 36 29 29 12 47
53 9 0 19 21 35 43 30 41 9 21 37 16 8 29 11 22 14 36 16 27 16 47 24 11 26 18 12 40 10 7 54 21 28 25 8 13 55 37 36 7 45
53 14 20 0 15 21 27 5 32 6 40 26 12 16 5 7 20 22 10 8 38 10 49 18 41 7 9 21 23 31 29 22 12 15 20 24 4 21 17 14 20 29
53 21 15 6 0 26 27 23 50 9 20 7 37 11 15 4 24 27 22 29 16 9 27 30 29 9 8 17 36 25 10 32 13 41 20 28 7 15 13 11 21 49
24 46 19 31 25 0 8 40 57 22 46 5 57 21 38 15 23 29 40 19 26 12 31 37 25 24 29 31 7 50 23 6 11 25 13 48 23 6 23 20 50 54
29 35 31 17 24 11 0 31 29 32 31 11 37 20 24 31 45 27 28 40 33 9 28 28 33 8 29 30 13 43 61 16 5 20 8 38 29 8 33 4 46 68
45 21 22 3 23 19 12 0 60 11 57 14 20 18 4 8 31 10 5 10 31 5 56 14 41 10 21 10 28 42 42 31 15 9 9 14 13 24 21 23 17 75
2 37 49 51 25 55 38 63 0 25 56 31 52 32 56 37 9 66 70 63 22 36 6 32 31 35 42 29 50 53 31 34 35 80 67 40 27 34 19 41 57 1
51 12 12 8 8 38 35 10 58 0 38 14 18 2 15 3 36 19 23 18 17 23 24 25 26 20 5 12 44 28 19 25 30 21 24 17 3 25 20 13 14 52
38 11 26 25 28 30 70 53 67 46 0 51 36 39 52 39 62 29 26 44 31 71 40 48 18 33 17 27 92 12 15 55 54 52 34 25 48 66 62 72 13 42
26 33 21 14 13 12 14 22 46 19 58 0 29 16 11 17 20 34 25 26 11 25 18 39 25 14 14 23 21 25 17 17 17 48 18 24 10 16 11 15 29 42
58 38 30 26 21 43 40 19 48 18 44 23 0 17 17 14 50 12 7 5 55 11 50 4 45 21 32 17 27 43 44 35 16 1 16 20 22 62 40 27 17 76
56 10 6 6 5 26 16 23 32 4 24 16 41 0 18 12 23 10 24 25 12 19 39 21 28 20 7 8 44 27 8 46 36 21 12 21 7 19 14 13 6 31
74 27 11 3 14 25 29 4 40 15 43 20 17 16 0 7 55 23 5 11 25 8 52 10 47 8 15 19 39 18 27 24 12 18 6 14 6 40 32 11 17 53
36 19 21 7 6 15 27 7 35 6 24 17 18 6 9 0 41 18 8 21 24 9 24 10 35 13 14 9 20 22 22 35 15 30 17 22 2 40 15 19 10 34
16 37 44 21 29 31 29 22 9 33 62 15 76 39 35 39 0 45 24 34 8 21 5 64 28 34 26 24 25 29 37 28 27 36 33 54 23 24 17 36 45 15
39 16 5 14 18 52 50 10 30 21 25 37 30 22 14 26 39 0 12 25 26 25 46 16 36 38 25 3 37 15 25 69 44 29 36 5 20 24 18 27 3 37
57 43 12 8 14 25 18 4 62 9 33 21 13 19 2 11 54 28 0 5 48 8 60 5 32 10 22 27 41 39 43 19 23 15 9 31 9 24 46 16 26 69
76 15 21 15 30 27 34 8 56 13 49 21 7 15 12 18 36 23 5 0 27 18 42 3 31 11 14 19 41 37 45 48 37 6 13 8 9 25 27 22 29 32
25 12 15 41 19 22 41 34 17 16 36 28 56 20 48 17 11 30 43 39 0 43 13 22 7 29 9 33 40 29 24 15 23 36 34 43 32 27 17 31 29 25
74 30 21 13 10 24 15 11 26 20 44 23 25 16 6 8 37 17 10 9 45 0 27 23 57 5 28 18 26 22 38 35 10 30 5 36 13 36 33 8 40 56
4 36 30 26 20 50 53 50 6 39 48 40 89 43 47 34 8 29 29 75 18 65 0 56 20 62 16 36 50 48 39 24 42 35 58 59 30 40 21 32 45 8
75 29 19 10 28 45 25 7 48 21 30 47 5 16 14 14 71 12 12 4 30 16 33 0 25 25 36 13 53 22 24 59 41 5 16 21 25 59 52 37 17 64
28 15 13 24 18 45 58 43 17 29 32 30 30 11 19 29 20 18 57 21 5 47 25 36 0 31 13 15 30 32 16 51 64 55 22 28 18 32 25 36 35 21
44 44 16 13 13 17 9 7 60 20 33 14 21 17 5 5 43 35 8 10 24 6 42 25 18 0 29 36 30 21 30 23 14 19 6 36 16 16 13 4 23 41
42 10 6 21 4 13 18 29 35 7 37 12 30 10 31 9 22 18 18 32 9 22 27 39 17 14 0 29 28 24 9 31 18 49 27 35 10 32 7 18 27 19
48 15 16 15 19 37 50 13 67 16 19 17 13 20 20 10 57 3 15 9 40 19 54 8 39 18 30 0 31 18 17 56 30 29 20 3 15 27 44 29 4 31
35 59 58 48 32 14 11 48 70 35 53 16 55 21 23 37 45 75 29 48 52 36 25 42 45 31 53 62 0 41 45 9 11 35 12 58 16 5 33 9 25 74
23 10 18 14 36 52 33 20 42 23 9 42 40 26 31 21 22 10 27 21 17 25 62 24 26 24 22 9 72 0 7 74 62 33 55 19 30 77 44 53 11 23
29 5 11 14 23 25 46 40 42 16 13 28 27 18 21 20 24 18 45 37 13 19 24 32 17 17 20 16 63 10 0 27 28 56 43 28 28 47 16 49 12 35
27 65 39 30 33 3 20 17 50 20 53 8 23 27 32 28 18 62 26 26 24 20 33 44 26 15 22 23 17 44 60 0 23 39 27 72 32 5 18 25 59 23
56 21 49 25 16 11 3 30 47 18 84 17 21 29 16 23 35 26 21 30 50 6 62 28 45 9 15 54 11 29 36 25 0 20 4 38 32 21 32 5 23 52
88 42 29 12 34 45 24 10 39 29 42 48 2 23 22 26 66 17 16 8 29 12 88 13 57 16 47 12 47 42 21 63 21 0 33 19 33 52 42 23 32 39
45 42 24 13 18 10 13 15 29 27 33 12 22 30 11 25 50 36 14 26 35 4 30 14 39 4 18 28 28 54 39 14 8 21 0 33 17 15 19 6 20 32
61 22 7 26 32 42 57 13 77 25 29 37 11 25 32 18 65 3 11 10 52 41 70 16 38 41 21 5 50 19 21 43 34 29 26 0 28 68 32 50 13 27
25 29 16 7 3 32 19 8 40 5 25 10 23 9 6 1 26 27 11 14 24 8 45 24 31 7 10 13 27 26 27 33 15 36 24 27 0 30 21 24 21 61
60 56 39 41 24 4 12 28 59 33 58 12 38 46 20 17 43 44 27 21 42 17 28 51 43 32 19 29 11 58 54 2 23 60 18 73 17 0 17 14 40 50
13 25 14 25 17 12 18 20 14 18 24 13 42 19 40 10 21 49 25 28 11 27 12 21 31 17 19 36 24 24 17 20 28 64 29 50 26 20 0 28 46 33
66 47 28 22 12 16 5 9 49 23 55 13 31 20 14 14 42 44 22 17 36 4 34 30 32 9 23 16 9 36 20 18 4 33 9 49 24 18 16 0 28 39
65 12 9 25 17 58 26 18 46 14 26 28 29 8 19 24 50 5 33 14 29 28 55 28 29 19 15 4 56 6 10 65 56 33 39 5 15 64 35 38 0 63
0 27 35 50 20 45 47 57 2 45 73 19 51 21 60 44 12 38 42 46 22 44 6 39 16 38 24 51 44 42 42 49 71 85 59 46 40 38 29 70 65 0