7
40
,
0 (11.0, 37.0) 38.0
1 (18.0, 36.0) 49.0
2 (34.0, 33.0) 36.0
3 (27.0, 24.0) 59.0
4 (39.0, 7.0) 35.0
5 (46.0, 14.0) 38.0
6 (38.0, 35.0) 75.0
7 (1.0, 1.0) 59.0
8 (26.0, 31.0) 40.0
9 (0.0, 49.0) 59.0
10 (32.0, 14.0) 60.0
11 (45.0, 47.0) 59.0
12 (23.0, 31.0) 43.0
13 (40.0, 33.0) 75.0
14 (31.0, 29.0) 32.0
15 (10.0, 4.0) 47.0
16 (22.0, 46.0) 45.0
17 (42.0, 36.0) 82.0
18 (39.0, 42.0) 33.0
19 (11.0, 16.0) 39.0
20 (43.0, 28.0) 67.0
21 (5.0, 3.0) 34.0
22 (38.0, 45.0) 49.0
23 (5.0, 22.0) 61.0
24 (40.0, 25.0) 38.0
25 (21.0, 24.0) 88.0
26 (25.0, 45.0) 39.0
27 (50.0, 4.0) 50.0
28 (9.0, 44.0) 78.0
29 (10.0, 33.0) 90.0
30 (37.0, 2.0) 38.0
31 (48.0, 17.0) 42.0
32 (46.0, 48.0) 33.0
33 (47.0, 25.0) 62.0
34 (24.0, 49.0) 84.0
35 (29.0, 29.0) 49.0
36 (41.0, 3.0) 59.0
37 (23.0, 11.0) 54.0
38 (43.0, 20.0) 43.0
39 (19.0, 42.0) 40.0
,
0 19 20 24 18 20 24 26 1 20 24 17 33 19 26 21 5 25 28 29 10 26 3 29 11 24 16 26 25 22 17 19 25 33 27 27 21 21 13 24 23 0
19 0 4 12 10 21 21 14 19 8 8 16 18 7 15 11 17 7 16 14 10 17 17 14 8 16 8 8 26 4 2 22 21 18 19 9 10 23 14 18 5 19
20 4 0 8 8 18 18 10 19 5 11 13 15 4 11 7 16 5 12 11 11 13 18 11 10 12 6 6 23 6 4 19 18 15 16 7 7 20 13 15 3 20
24 12 8 0 6 13 11 2 23 4 19 10 9 6 3 2 19 9 4 5 14 5 21 6 16 5 8 8 17 14 12 16 11 10 8 9 3 15 12 8 9 24
18 10 8 6 0 10 11 8 17 4 18 6 15 4 8 3 13 11 10 11 9 8 15 12 11 7 3 11 15 13 10 12 11 15 10 13 3 13 7 8 10 18
20 21 18 13 10 0 5 14 19 14 29 5 20 14 13 12 15 21 15 18 15 11 17 19 19 9 12 20 6 24 19 3 7 21 10 22 12 2 8 7 20 20
24 21 18 11 11 5 0 11 23 13 29 7 17 14 10 11 19 20 11 14 18 7 21 16 21 6 13 19 5 24 20 8 2 17 6 21 11 6 12 3 19 24
26 14 10 2 8 14 11 0 25 6 20 11 7 8 1 5 21 10 2 4 17 4 23 5 18 5 10 8 17 15 14 17 10 8 7 10 5 16 14 8 10 26
1 19 19 23 17 19 23 25 0 20 24 17 32 19 25 21 5 25 27 28 9 25 2 29 11 23 15 25 25 22 17 18 25 33 26 27 20 20 12 23 22 1
20 8 5 4 4 14 13 6 20 0 16 9 12 2 7 3 16 8 8 9 11 9 18 9 11 8 4 7 18 11 8 16 13 13 11 9 2 16 10 10 7 20
24 8 11 19 18 29 29 20 24 16 0 24 23 15 22 18 23 11 22 20 17 24 23 19 14 23 16 13 34 5 9 30 29 23 26 12 18 31 22 26 10 24
17 16 13 10 6 5 7 11 17 9 24 0 18 10 10 8 12 17 12 14 11 9 15 16 14 7 7 16 10 19 15 6 8 18 9 18 8 7 5 6 15 17
33 18 15 9 15 20 17 7 32 12 23 18 0 14 7 11 28 12 6 4 23 10 30 4 24 11 17 10 22 18 19 23 15 1 11 11 12 22 21 14 13 33
19 7 4 6 4 14 14 8 19 2 15 10 14 0 9 4 15 8 10 10 10 10 17 10 10 9 4 7 19 10 7 16 14 14 12 9 3 17 10 11 6 19
26 15 11 3 8 13 10 1 25 7 22 10 7 9 0 5 21 11 2 5 17 3 23 6 18 4 11 10 15 16 15 16 9 8 5 11 6 15 14 7 11 26
21 11 7 2 3 12 11 5 21 3 18 8 11 4 5 0 16 10 7 8 12 6 18 9 13 5 6 9 16 13 11 14 10 12 8 11 1 14 10 8 9 21
5 17 16 19 13 15 19 21 5 16 23 12 28 15 21 16 0 22 23 24 6 20 3 25 9 18 11 22 20 20 14 14 20 28 21 24 16 16 7 18 20 5
25 7 5 9 11 21 20 10 25 8 11 17 12 8 11 10 22 0 11 9 16 14 23 8 15 14 11 2 25 7 9 23 19 12 16 2 9 24 18 17 2 25
28 16 12 4 10 15 11 2 27 8 22 12 6 10 2 7 23 11 0 3 18 4 25 5 20 6 12 10 16 17 16 17 10 6 6 11 7 17 16 8 12 28
29 14 11 5 11 18 14 4 28 9 20 14 4 10 5 8 24 9 3 0 19 7 26 2 20 9 13 7 20 15 15 20 13 5 9 8 8 20 17 11 10 29
10 10 11 14 9 15 18 17 9 11 17 11 23 10 17 12 6 16 18 19 0 17 7 20 4 15 6 16 20 14 9 15 19 24 19 18 11 16 6 16 14 10
26 17 13 5 8 11 7 4 25 9 24 9 10 10 3 6 20 14 4 7 17 0 23 9 19 2 11 12 12 19 17 13 6 10 2 14 7 13 13 4 14 26
3 17 18 21 15 17 21 23 2 18 23 15 30 17 23 18 3 23 25 26 7 23 0 27 10 21 13 23 23 21 15 16 23 30 24 25 18 18 10 21 21 3
29 14 11 6 12 19 16 5 29 9 19 16 4 10 6 9 25 8 5 2 20 9 27 0 20 10 14 6 21 15 15 22 15 4 11 7 9 21 19 13 10 29
11 8 10 16 11 19 21 18 11 11 14 14 24 10 18 13 9 15 20 20 4 19 10 20 0 18 8 15 24 11 6 19 22 24 21 17 12 20 11 19 12 11
24 16 12 5 7 9 6 5 23 8 23 7 11 9 4 5 18 14 6 9 15 2 21 10 18 0 10 12 12 18 16 12 6 12 4 14 6 11 11 3 14 24
16 8 6 8 3 12 13 10 15 4 16 7 17 4 11 6 11 11 12 13 6 11 13 14 8 10 0 11 18 12 7 14 14 17 13 13 5 14 7 11 9 16
26 8 6 8 11 20 19 8 25 7 13 16 10 7 10 9 22 2 10 7 16 12 23 6 15 12 11 0 24 8 10 22 18 11 15 2 8 22 17 15 3 26
25 26 23 17 15 6 5 17 25 18 34 10 22 19 15 16 20 25 16 20 20 12 23 21 24 12 18 24 0 29 25 7 7 22 11 26 16 5 14 9 25 25
22 4 6 14 13 24 24 15 22 11 5 19 18 10 16 13 20 7 17 15 14 19 21 15 11 18 12 8 29 0 6 25 24 19 21 8 12 26 18 21 5 22
17 2 4 12 10 19 20 14 17 8 9 15 19 7 15 11 14 9 16 15 9 17 15 15 6 16 7 10 25 6 0 21 21 20 19 11 10 22 13 18 6 17
19 22 19 16 12 3 8 17 18 16 30 6 23 16 16 14 14 23 17 20 15 13 16 22 19 12 14 22 7 25 21 0 9 23 13 24 14 2 8 9 22 19
25 21 18 11 11 7 2 10 25 13 29 8 15 14 9 10 20 19 10 13 19 6 23 15 22 6 14 18 7 24 21 9 0 16 4 20 11 8 13 3 19 25
33 18 15 10 15 21 17 8 33 13 23 18 1 14 8 12 28 12 6 5 24 10 30 4 24 12 17 11 22 19 20 23 16 0 12 11 13 23 22 14 14 33
27 19 16 8 10 10 6 7 26 11 26 9 11 12 5 8 21 16 6 9 19 2 24 11 21 4 13 15 11 21 19 13 4 12 0 17 9 11 14 3 16 27
27 9 7 9 13 22 21 10 27 9 12 18 11 9 11 11 24 2 11 8 18 14 25 7 17 14 13 2 26 8 11 24 20 11 17 0 10 25 19 17 4 27
21 10 7 3 3 12 11 5 20 2 18 8 12 3 6 1 16 9 7 8 11 7 18 9 12 6 5 8 16 12 10 14 11 13 9 10 0 14 9 8 8 21
21 23 20 15 13 2 6 16 20 16 31 7 22 17 15 14 16 24 17 20 16 13 18 21 20 11 14 22 5 26 22 2 8 23 11 25 14 0 10 9 22 21
13 14 13 12 7 8 12 14 12 10 22 5 21 10 14 10 7 18 16 17 6 13 10 19 11 11 7 17 14 18 13 8 13 22 14 19 9 10 0 11 16 13
24 18 15 8 8 7 3 8 23 10 26 6 14 11 7 8 18 17 8 11 16 4 21 13 19 3 11 15 9 21 18 9 3 14 3 17 8 9 11 0 16 24
23 5 3 9 10 20 19 10 22 7 10 15 13 6 11 9 20 2 12 10 14 14 21 10 12 14 9 3 25 5 6 22 19 14 16 4 8 22 16 16 0 23
0 19 20 24 18 20 24 26 1 20 24 17 33 19 26 21 5 25 28 29 10 26 3 29 11 24 16 26 25 22 17 19 25 33 27 27 21 21 13 24 23 0
,
0 23 20 33 24 50 42 75 1 38 35 51 70 33 58 30 15 57 48 43 18 65 5 71 27 27 30 74 67 47 36 20 46 39 42 76 57 49 29 41 68 0
33 0 6 34 12 35 37 28 20 15 21 41 45 17 31 16 47 16 25 41 30 40 43 16 11 25 18 11 35 6 2 34 43 44 26 13 19 39 21 22 11 28
46 10 0 19 17 42 32 27 53 9 24 15 43 5 31 22 46 7 25 18 15 33 18 17 17 21 15 6 47 13 6 26 53 32 33 13 19 34 36 31 5 32
52 12 15 0 7 27 12 5 36 10 40 17 15 10 4 5 49 9 6 14 21 15 52 12 30 11 21 15 30 20 23 23 22 14 20 26 4 20 21 20 19 63
20 31 9 12 0 15 29 10 33 9 31 13 24 11 16 7 39 24 15 27 19 21 19 25 28 15 5 29 38 20 12 25 33 21 25 26 6 23 7 24 12 48
56 49 21 17 20 0 6 32 33 30 63 14 25 22 31 34 17 27 15 30 24 19 19 54 33 23 15 46 8 53 41 4 17 49 27 60 25 5 21 7 56 47
29 22 24 32 20 7 0 22 57 16 43 21 41 20 29 17 24 33 21 29 20 13 35 25 37 15 33 54 9 30 45 9 5 34 15 36 26 11 25 8 58 64
37 25 11 6 20 22 29 0 51 9 43 22 13 23 2 12 32 21 6 10 43 6 64 13 52 7 21 19 41 24 21 46 12 9 12 19 12 47 14 14 18 59
1 25 28 45 24 45 44 31 0 34 29 39 36 35 45 27 11 66 77 58 27 47 5 58 26 28 22 57 27 45 49 19 65 63 37 43 35 45 31 34 42 2
22 18 12 12 4 32 15 12 55 0 28 24 33 4 20 8 39 12 9 18 27 10 45 13 30 8 6 16 20 20 21 31 39 19 28 11 3 45 15 24 16 26
42 14 26 54 32 65 35 29 60 45 0 60 50 29 55 48 36 22 28 45 24 56 60 21 16 56 34 33 58 12 10 63 69 29 30 28 32 54 65 67 24 55
20 39 17 22 13 14 11 19 19 24 53 0 22 24 30 18 23 21 30 33 27 18 23 31 18 18 10 30 20 29 41 19 24 51 27 20 22 21 7 9 37 44
60 52 34 10 39 46 40 16 52 32 63 20 0 28 21 23 52 21 11 5 61 21 75 5 26 14 46 11 59 36 39 45 18 1 21 30 25 22 24 15 36 89
34 9 8 9 10 34 39 14 25 3 19 26 39 0 23 4 29 11 11 10 29 30 44 17 29 17 10 11 30 18 9 34 22 17 17 25 7 39 25 14 11 44
33 23 26 7 18 22 23 2 58 19 22 21 9 17 0 7 27 25 4 5 35 8 49 11 40 5 24 28 45 19 35 29 12 17 9 17 11 23 37 7 24 66
32 18 8 3 5 23 26 11 27 3 27 8 22 9 12 0 40 26 8 16 18 10 42 12 34 6 11 14 22 36 26 21 13 28 23 25 2 28 12 17 15 30
7 32 40 22 25 16 23 23 7 36 51 22 38 25 23 34 0 57 58 36 11 28 3 67 24 21 30 53 47 45 32 34 26 63 32 27 20 29 19 37 55 16
65 15 10 15 13 29 26 28 28 23 32 19 14 17 12 20 63 0 11 12 38 17 53 22 35 18 29 4 43 19 14 69 31 17 41 5 23 66 32 46 5 44
79 41 28 10 13 43 23 6 52 21 57 28 11 14 4 14 36 19 0 5 34 11 62 11 50 7 14 17 21 28 33 25 17 12 13 16 20 47 22 20 36 43
52 15 15 9 19 37 32 5 35 22 59 22 7 17 13 17 25 26 9 0 48 13 44 2 56 10 35 16 43 40 42 20 23 6 18 18 19 52 42 20 29 33
27 23 25 19 24 36 25 39 25 26 22 20 38 16 30 32 14 18 51 26 0 27 7 50 12 24 16 44 57 20 14 27 54 68 40 51 23 19 15 35 39 20
37 50 15 7 24 28 19 11 56 23 41 20 18 15 4 9 21 26 7 15 39 0 57 14 24 5 22 12 21 48 47 38 11 23 6 29 11 37 31 10 37 65
6 32 53 32 31 30 22 62 6 24 60 41 67 35 35 19 5 58 31 76 14 26 0 78 25 60 14 70 65 57 44 38 35 60 64 35 24 54 19 27 57 7
84 30 30 13 33 44 28 6 56 20 57 42 7 20 14 12 50 17 14 4 46 12 67 0 32 26 38 7 32 22 42 29 42 11 25 18 15 44 44 25 14 65
25 12 23 28 21 36 54 42 26 15 37 21 65 29 55 40 14 15 43 52 11 48 27 30 0 51 12 37 67 28 9 24 28 53 37 21 34 56 11 28 25 14
65 44 36 8 16 10 15 12 27 9 35 15 14 12 5 5 35 17 14 22 16 5 35 17 51 0 11 32 26 29 17 25 15 35 7 42 17 30 25 3 21 70
43 14 11 23 8 20 30 13 19 11 42 13 37 10 13 6 19 27 16 19 13 30 34 36 24 28 0 26 43 14 14 38 16 39 16 23 9 17 10 14 18 27
65 21 7 22 21 54 39 13 37 18 31 34 13 8 18 23 63 5 12 9 34 31 45 10 35 19 25 0 55 23 17 54 53 14 23 4 25 49 22 24 6 26
55 39 63 23 29 16 6 28 73 39 50 27 26 53 28 21 43 46 37 29 45 34 59 32 69 26 43 49 0 66 35 11 11 60 13 73 30 8 14 26 53 55
32 6 14 18 31 71 48 44 58 17 14 25 25 15 45 28 25 9 51 27 16 44 30 17 29 54 13 13 78 0 13 39 64 55 22 12 29 76 32 23 13 32
34 5 7 35 19 43 44 21 41 16 12 16 26 9 16 29 37 18 27 33 16 32 31 27 7 18 12 24 61 11 0 42 54 49 22 25 23 30 26 30 12 31
49 58 55 27 13 3 14 24 43 42 42 16 33 33 21 36 21 32 25 37 21 14 48 36 24 19 33 24 19 73 34 0 12 61 29 35 23 5 12 27 62 42
60 23 21 15 20 20 2 22 66 31 58 10 22 20 15 27 28 28 16 23 28 15 49 28 28 10 19 42 12 60 36 24 0 28 5 49 11 11 13 8 50 61
56 30 31 13 38 58 17 8 88 26 41 37 2 23 14 18 64 15 16 5 45 21 85 8 42 34 31 25 51 24 58 34 18 0 30 28 25 63 32 23 24 34
35 29 45 11 17 21 15 17 77 22 40 18 18 32 9 13 64 22 8 15 37 3 38 22 26 7 19 43 32 38 38 13 8 25 0 24 20 21 22 3 49 71
50 20 17 14 20 58 33 13 36 10 13 39 22 18 16 16 66 5 24 18 26 28 41 8 33 41 29 3 31 10 18 37 29 28 48 0 23 59 50 46 10 48
28 13 16 7 7 26 18 7 44 3 26 9 26 6 14 2 31 26 14 9 26 16 18 17 24 7 8 9 28 18 23 16 23 19 14 14 0 18 16 15 12 52
58 33 44 32 37 6 13 28 32 37 56 21 23 29 30 15 33 52 17 44 33 13 50 52 54 27 16 66 9 77 25 3 14 36 32 61 34 0 26 20 52 38
18 36 18 32 8 23 33 16 16 12 56 14 58 26 22 22 10 47 17 45 12 27 18 50 21 19 18 36 39 21 27 17 17 46 14 23 26 14 0 27 28 30
56 34 44 19 19 11 9 10 41 26 50 8 25 24 14 18 26 37 24 15 21 6 45 25 39 6 18 35 17 39 48 21 6 15 8 28 14 11 20 0 47 54
34 5 8 20 28 34 33 21 57 13 27 23 24 17 26 25 33 4 12 12 28 40 25 19 17 37 9 7 37 5 16 55 42 14 27 7 19 27 44 45 0 41
0 53 55 40 39 55 66 54 1 34 68 48 48 21 46 28 15 50 43 32 26 53 8 54 31 47 28 60 68 39 32 52 33 56 43 54 34 24 21 44 28 0