7
40
,
0 (11.0, 37.0) 87.0
1 (18.0, 36.0) 33.0
2 (34.0, 33.0) 40.0
3 (27.0, 24.0) 39.0
4 (39.0, 7.0) 50.0
5 (46.0, 14.0) 34.0
6 (38.0, 35.0) 82.0
7 (1.0, 1.0) 80.0
8 (26.0, 31.0) 68.0
9 (0.0, 49.0) 64.0
10 (32.0, 14.0) 54.0
11 (45.0, 47.0) 74.0
12 (23.0, 31.0) 60.0
13 (40.0, 33.0) 68.0
14 (31.0, 29.0) 41.0
15 (10.0, 4.0) 61.0
16 (22.0, 46.0) 37.0
17 (42.0, 36.0) 38.0
18 (39.0, 42.0) 51.0
19 (11.0, 16.0) 37.0
20 (43.0, 28.0) 38.0
21 (5.0, 3.0) 40.0
22 (38.0, 45.0) 34.0
23 (5.0, 22.0) 38.0
24 (40.0, 25.0) 72.0
25 (21.0, 24.0) 38.0
26 (25.0, 45.0) 81.0
27 (50.0, 4.0) 48.0
28 (9.0, 44.0) 90.0
29 (10.0, 33.0) 75.0
30 (37.0, 2.0) 76.0
31 (48.0, 17.0) 32.0
32 (46.0, 48.0) 85.0
33 (47.0, 25.0) 35.0
34 (24.0, 49.0) 83.0
35 (29.0, 29.0) 49.0
36 (41.0, 3.0) 83.0
37 (23.0, 11.0) 32.0
38 (43.0, 20.0) 32.0
39 (19.0, 42.0) 57.0
,
0 19 20 24 18 20 24 26 1 20 24 17 33 19 26 21 5 25 28 29 10 26 3 29 11 24 16 26 25 22 17 19 25 33 27 27 21 21 13 24 23 0
19 0 4 12 10 21 21 14 19 8 8 16 18 7 15 11 17 7 16 14 10 17 17 14 8 16 8 8 26 4 2 22 21 18 19 9 10 23 14 18 5 19
20 4 0 8 8 18 18 10 19 5 11 13 15 4 11 7 16 5 12 11 11 13 18 11 10 12 6 6 23 6 4 19 18 15 16 7 7 20 13 15 3 20
24 12 8 0 6 13 11 2 23 4 19 10 9 6 3 2 19 9 4 5 14 5 21 6 16 5 8 8 17 14 12 16 11 10 8 9 3 15 12 8 9 24
18 10 8 6 0 10 11 8 17 4 18 6 15 4 8 3 13 11 10 11 9 8 15 12 11 7 3 11 15 13 10 12 11 15 10 13 3 13 7 8 10 18
20 21 18 13 10 0 5 14 19 14 29 5 20 14 13 12 15 21 15 18 15 11 17 19 19 9 12 20 6 24 19 3 7 21 10 22 12 2 8 7 20 20
24 21 18 11 11 5 0 11 23 13 29 7 17 14 10 11 19 20 11 14 18 7 21 16 21 6 13 19 5 24 20 8 2 17 6 21 11 6 12 3 19 24
26 14 10 2 8 14 11 0 25 6 20 11 7 8 1 5 21 10 2 4 17 4 23 5 18 5 10 8 17 15 14 17 10 8 7 10 5 16 14 8 10 26
1 19 19 23 17 19 23 25 0 20 24 17 32 19 25 21 5 25 27 28 9 25 2 29 11 23 15 25 25 22 17 18 25 33 26 27 20 20 12 23 22 1
20 8 5 4 4 14 13 6 20 0 16 9 12 2 7 3 16 8 8 9 11 9 18 9 11 8 4 7 18 11 8 16 13 13 11 9 2 16 10 10 7 20
24 8 11 19 18 29 29 20 24 16 0 24 23 15 22 18 23 11 22 20 17 24 23 19 14 23 16 13 34 5 9 30 29 23 26 12 18 31 22 26 10 24
17 16 13 10 6 5 7 11 17 9 24 0 18 10 10 8 12 17 12 14 11 9 15 16 14 7 7 16 10 19 15 6 8 18 9 18 8 7 5 6 15 17
33 18 15 9 15 20 17 7 32 12 23 18 0 14 7 11 28 12 6 4 23 10 30 4 24 11 17 10 22 18 19 23 15 1 11 11 12 22 21 14 13 33
19 7 4 6 4 14 14 8 19 2 15 10 14 0 9 4 15 8 10 10 10 10 17 10 10 9 4 7 19 10 7 16 14 14 12 9 3 17 10 11 6 19
26 15 11 3 8 13 10 1 25 7 22 10 7 9 0 5 21 11 2 5 17 3 23 6 18 4 11 10 15 16 15 16 9 8 5 11 6 15 14 7 11 26
21 11 7 2 3 12 11 5 21 3 18 8 11 4 5 0 16 10 7 8 12 6 18 9 13 5 6 9 16 13 11 14 10 12 8 11 1 14 10 8 9 21
5 17 16 19 13 15 19 21 5 16 23 12 28 15 21 16 0 22 23 24 6 20 3 25 9 18 11 22 20 20 14 14 20 28 21 24 16 16 7 18 20 5
25 7 5 9 11 21 20 10 25 8 11 17 12 8 11 10 22 0 11 9 16 14 23 8 15 14 11 2 25 7 9 23 19 12 16 2 9 24 18 17 2 25
28 16 12 4 10 15 11 2 27 8 22 12 6 10 2 7 23 11 0 3 18 4 25 5 20 6 12 10 16 17 16 17 10 6 6 11 7 17 16 8 12 28
29 14 11 5 11 18 14 4 28 9 20 14 4 10 5 8 24 9 3 0 19 7 26 2 20 9 13 7 20 15 15 20 13 5 9 8 8 20 17 11 10 29
10 10 11 14 9 15 18 17 9 11 17 11 23 10 17 12 6 16 18 19 0 17 7 20 4 15 6 16 20 14 9 15 19 24 19 18 11 16 6 16 14 10
26 17 13 5 8 11 7 4 25 9 24 9 10 10 3 6 20 14 4 7 17 0 23 9 19 2 11 12 12 19 17 13 6 10 2 14 7 13 13 4 14 26
3 17 18 21 15 17 21 23 2 18 23 15 30 17 23 18 3 23 25 26 7 23 0 27 10 21 13 23 23 21 15 16 23 30 24 25 18 18 10 21 21 3
29 14 11 6 12 19 16 5 29 9 19 16 4 10 6 9 25 8 5 2 20 9 27 0 20 10 14 6 21 15 15 22 15 4 11 7 9 21 19 13 10 29
11 8 10 16 11 19 21 18 11 11 14 14 24 10 18 13 9 15 20 20 4 19 10 20 0 18 8 15 24 11 6 19 22 24 21 17 12 20 11 19 12 11
24 16 12 5 7 9 6 5 23 8 23 7 11 9 4 5 18 14 6 9 15 2 21 10 18 0 10 12 12 18 16 12 6 12 4 14 6 11 11 3 14 24
16 8 6 8 3 12 13 10 15 4 16 7 17 4 11 6 11 11 12 13 6 11 13 14 8 10 0 11 18 12 7 14 14 17 13 13 5 14 7 11 9 16
26 8 6 8 11 20 19 8 25 7 13 16 10 7 10 9 22 2 10 7 16 12 23 6 15 12 11 0 24 8 10 22 18 11 15 2 8 22 17 15 3 26
25 26 23 17 15 6 5 17 25 18 34 10 22 19 15 16 20 25 16 20 20 12 23 21 24 12 18 24 0 29 25 7 7 22 11 26 16 5 14 9 25 25
22 4 6 14 13 24 24 15 22 11 5 19 18 10 16 13 20 7 17 15 14 19 21 15 11 18 12 8 29 0 6 25 24 19 21 8 12 26 18 21 5 22
17 2 4 12 10 19 20 14 17 8 9 15 19 7 15 11 14 9 16 15 9 17 15 15 6 16 7 10 25 6 0 21 21 20 19 11 10 22 13 18 6 17
19 22 19 16 12 3 8 17 18 16 30 6 23 16 16 14 14 23 17 20 15 13 16 22 19 12 14 22 7 25 21 0 9 23 13 24 14 2 8 9 22 19
25 21 18 11 11 7 2 10 25 13 29 8 15 14 9 10 20 19 10 13 19 6 23 15 22 6 14 18 7 24 21 9 0 16 4 20 11 8 13 3 19 25
33 18 15 10 15 21 17 8 33 13 23 18 1 14 8 12 28 12 6 5 24 10 30 4 24 12 17 11 22 19 20 23 16 0 12 11 13 23 22 14 14 33
27 19 16 8 10 10 6 7 26 11 26 9 11 12 5 8 21 16 6 9 19 2 24 11 21 4 13 15 11 21 19 13 4 12 0 17 9 11 14 3 16 27
27 9 7 9 13 22 21 10 27 9 12 18 11 9 11 11 24 2 11 8 18 14 25 7 17 14 13 2 26 8 11 24 20 11 17 0 10 25 19 17 4 27
21 10 7 3 3 12 11 5 20 2 18 8 12 3 6 1 16 9 7 8 11 7 18 9 12 6 5 8 16 12 10 14 11 13 9 10 0 14 9 8 8 21
21 23 20 15 13 2 6 16 20 16 31 7 22 17 15 14 16 24 17 20 16 13 18 21 20 11 14 22 5 26 22 2 8 23 11 25 14 0 10 9 22 21
13 14 13 12 7 8 12 14 12 10 22 5 21 10 14 10 7 18 16 17 6 13 10 19 11 11 7 17 14 18 13 8 13 22 14 19 9 10 0 11 16 13
24 18 15 8 8 7 3 8 23 10 26 6 14 11 7 8 18 17 8 11 16 4 21 13 19 3 11 15 9 21 18 9 3 14 3 17 8 9 11 0 16 24
23 5 3 9 10 20 19 10 22 7 10 15 13 6 11 9 20 2 12 10 14 14 21 10 12 14 9 3 25 5 6 22 19 14 16 4 8 22 16 16 0 23
0 19 20 24 18 20 24 26 1 20 24 17 33 19 26 21 5 25 28 29 10 26 3 29 11 24 16 26 25 22 17 19 25 33 27 27 21 21 13 24 23 0
,
0 21 45 33 48 56 59 65 2 22 53 31 55 53 33 26 12 72 44 52 10 49 8 55 14 26 29 54 32 64 35 40 47 100 34 32 54 26 15 47 32 0
39 0 6 14 25 52 50 16 25 10 8 47 50 15 40 31 41 13 20 24 26 17 23 17 13 35 19 21 49 10 5 45 30 53 46 22 25 47 36 44 11 49
56 10 0 23 9 53 36 17 55 9 18 34 35 4 31 20 17 13 35 18 18 26 50 20 12 32 9 16 57 7 4 53 44 39 20 17 10 36 22 17 8 44
32 17 19 0 15 32 15 6 31 8 47 25 10 15 5 3 30 11 9 10 23 9 58 17 18 8 10 13 31 16 31 36 27 22 12 17 5 22 31 22 20 46
33 26 14 16 0 23 19 17 27 5 50 9 17 10 17 5 33 21 16 12 24 16 33 16 31 8 4 28 32 15 25 25 24 45 17 31 6 27 18 20 19 39
55 34 26 36 14 0 8 26 42 22 63 10 21 15 26 32 43 45 40 45 35 22 32 52 37 15 29 33 14 33 43 7 8 25 25 39 15 6 21 17 51 52
52 30 29 22 21 6 0 18 34 26 49 8 43 23 22 27 32 58 31 30 48 21 33 32 30 7 25 27 7 56 57 20 4 36 8 38 16 13 34 6 56 47
31 36 29 2 14 25 31 0 35 15 49 21 15 10 2 9 21 24 5 4 26 12 36 8 22 8 14 20 37 17 26 21 18 11 20 23 11 27 36 15 19 39
1 20 27 48 46 42 49 67 0 30 43 43 76 34 31 52 12 52 39 53 10 37 4 41 19 61 25 73 47 56 49 42 57 88 30 44 34 40 22 27 57 1
43 10 9 7 6 39 27 16 46 0 16 27 22 3 19 7 43 17 14 21 30 16 37 15 14 18 11 13 29 27 8 45 39 30 32 17 5 34 23 20 14 60
52 13 24 43 34 84 45 59 69 38 0 61 50 42 22 43 27 29 30 44 19 59 30 47 28 40 47 28 39 7 25 35 51 69 62 21 41 52 54 56 23 29
18 20 33 18 14 9 18 32 49 11 49 0 37 21 16 23 19 22 16 33 13 19 31 26 37 18 11 35 20 36 36 9 13 41 21 35 13 21 13 13 28 25
36 33 43 16 27 46 36 19 82 24 35 18 0 37 13 14 53 24 17 11 50 15 81 9 65 22 25 17 45 44 36 26 41 2 14 24 22 24 56 34 26 68
54 11 8 8 12 25 29 16 25 2 32 13 24 0 21 5 41 10 13 23 28 10 30 31 29 12 11 21 47 14 11 27 19 22 17 11 5 43 14 13 15 20
52 16 23 5 23 29 14 4 60 16 31 13 17 11 0 10 22 18 4 8 34 3 39 13 28 11 11 14 43 18 21 28 17 9 11 18 10 23 39 12 31 59
33 15 11 7 9 24 13 8 60 7 30 16 33 11 8 0 43 24 15 15 29 11 53 11 25 8 6 15 40 18 17 14 21 23 11 24 3 33 19 14 21 51
11 19 45 42 28 34 20 27 7 25 42 16 29 17 56 41 0 35 66 60 16 32 7 41 18 54 17 30 27 24 26 21 55 58 56 62 41 34 13 30 58 15
58 10 11 25 29 45 44 10 48 11 32 33 29 9 16 13 44 0 23 24 25 35 38 21 35 28 24 2 28 7 25 68 23 35 44 3 10 37 26 18 6 44
30 31 21 8 19 26 25 4 27 14 44 35 15 13 4 15 50 32 0 4 28 12 53 6 51 16 31 26 20 47 38 50 27 18 12 18 16 20 36 13 33 45
46 28 14 11 28 23 29 8 76 16 40 21 5 29 8 21 32 25 5 0 56 16 37 2 42 20 35 15 37 31 29 48 25 7 14 19 21 56 21 31 23 64
29 12 21 26 26 27 21 37 12 28 31 16 35 18 21 23 15 43 28 25 0 19 12 45 5 26 15 30 55 29 13 18 32 56 50 20 26 17 14 48 14 19
42 21 29 10 22 24 8 12 33 15 39 20 18 13 8 12 34 16 7 19 31 0 63 20 51 6 33 12 25 20 30 21 14 15 7 22 20 26 35 9 15 69
5 48 30 26 36 19 27 58 3 40 53 36 61 43 33 44 5 24 43 54 11 53 0 68 21 56 28 29 39 53 28 19 45 81 44 52 27 41 15 56 57 4
84 35 15 16 27 40 38 10 49 16 42 31 8 25 15 24 64 16 11 4 26 21 27 0 25 21 14 14 36 34 38 57 21 12 22 18 16 26 40 30 14 69
18 9 16 47 32 39 59 51 25 29 20 40 57 20 29 25 21 16 46 51 6 57 23 58 0 39 21 44 47 20 16 24 34 46 62 42 23 36 13 49 36 15
31 24 22 12 9 27 13 13 40 20 51 15 20 16 9 6 37 25 7 17 43 6 55 15 32 0 13 28 18 37 45 13 15 17 5 33 13 24 20 5 19 47
37 18 18 21 4 27 30 14 28 6 18 16 32 9 13 16 23 16 32 16 14 19 32 15 9 18 0 25 19 16 10 32 20 41 36 20 9 24 12 15 24 46
64 9 14 12 25 44 26 11 29 17 25 27 27 12 25 15 55 3 28 13 38 16 46 13 18 37 27 0 66 20 20 28 20 32 19 4 9 26 29 35 5 55
36 72 31 41 26 10 8 43 50 33 48 12 38 23 32 21 54 27 46 43 29 17 65 25 31 12 30 45 0 72 32 20 10 31 13 72 42 13 15 13 56 65
29 10 6 18 16 33 24 17 62 16 10 51 29 21 22 31 29 13 27 40 21 47 45 17 23 50 23 18 81 0 11 32 61 38 42 23 23 32 22 42 9 47
51 3 9 24 22 33 56 20 29 17 10 31 41 11 20 26 19 10 39 34 22 32 30 45 14 22 12 23 40 16 0 30 42 57 54 20 20 54 31 33 12 39
44 32 39 25 16 5 13 41 28 32 86 10 65 30 33 16 38 46 39 27 19 29 28 59 35 30 34 52 14 56 44 0 18 35 16 37 25 4 19 17 35 46
67 47 52 24 28 11 5 21 63 26 37 20 37 39 23 17 52 44 28 33 27 9 49 42 57 14 36 20 10 36 54 22 0 37 4 28 30 15 25 3 29 48
84 20 26 10 38 23 19 10 59 15 24 53 2 18 19 29 47 30 6 9 44 27 54 9 68 14 27 11 50 44 36 67 42 0 25 26 32 28 35 30 36 83
33 56 28 8 24 28 9 20 40 17 43 24 21 19 10 20 54 21 13 15 22 3 33 23 55 4 15 40 20 40 39 36 12 15 0 24 19 31 27 9 24 29
72 25 9 26 27 30 51 10 34 23 29 49 26 21 26 13 62 5 12 20 27 22 42 12 31 29 15 3 55 9 22 53 59 29 38 0 25 44 37 21 8 39
40 17 7 6 5 34 32 10 52 3 22 10 14 7 10 1 46 12 21 22 17 8 29 18 25 9 9 8 22 27 19 15 15 20 25 17 0 29 19 18 22 28
40 63 48 37 23 6 16 35 30 23 44 19 43 22 33 21 42 25 39 42 23 26 51 41 28 26 25 23 6 67 31 4 8 30 13 38 23 0 23 19 23 50
34 34 18 21 15 11 24 17 30 22 23 11 25 15 18 26 14 26 39 48 11 22 28 50 20 28 19 44 16 44 28 17 23 36 36 53 22 14 0 29 43 25
67 39 25 23 20 14 5 14 37 28 33 16 23 33 17 14 30 35 11 29 39 8 47 16 21 4 33 30 18 56 28 23 9 35 5 32 13 19 14 0 20 42
49 8 8 18 25 32 36 11 44 15 20 31 31 12 32 23 21 3 29 25 23 27 30 14 20 29 12 9 56 6 15 64 41 26 28 11 11 50 35 27 0 65
0 36 26 68 46 28 57 33 1 45 42 26 93 55 40 41 6 57 48 60 26 33 8 40 31 30 44 42 33 61 18 45 50 71 36 77 46 25 23 62 49 0