7
40
,
0 (11.0, 37.0) 37.0
1 (18.0, 36.0) 31.0
2 (34.0, 33.0) 68.0
3 (27.0, 24.0) 35.0
4 (39.0, 7.0) 42.0
5 (46.0, 14.0) 37.0
6 (38.0, 35.0) 57.0
7 (1.0, 1.0) 68.0
8 (26.0, 31.0) 32.0
9 (0.0, 49.0) 64.0
10 (32.0, 14.0) 35.0
11 (45.0, 47.0) 36.0
12 (23.0, 31.0) 85.0
13 (40.0, 33.0) 36.0
14 (31.0, 29.0) 84.0
15 (10.0, 4.0) 54.0
16 (22.0, 46.0) 37.0
17 (42.0, 36.0) 39.0
18 (39.0, 42.0) 36.0
19 (11.0, 16.0) 37.0
20 (43.0, 28.0) 78.0
21 (5.0, 3.0) 90.0
22 (38.0, 45.0) 63.0
23 (5.0, 22.0) 89.0
24 (40.0, 25.0) 34.0
25 (21.0, 24.0) 57.0
26 (25.0, 45.0) 69.0
27 (50.0, 4.0) 77.0
28 (9.0, 44.0) 69.0
29 (10.0, 33.0) 44.0
30 (37.0, 2.0) 38.0
31 (48.0, 17.0) 35.0
32 (46.0, 48.0) 34.0
33 (47.0, 25.0) 31.0
34 (24.0, 49.0) 45.0
35 (29.0, 29.0) 55.0
36 (41.0, 3.0) 35.0
37 (23.0, 11.0) 37.0
38 (43.0, 20.0) 54.0
39 (19.0, 42.0) 69.0
,
0 19 20 24 18 20 24 26 1 20 24 17 33 19 26 21 5 25 28 29 10 26 3 29 11 24 16 26 25 22 17 19 25 33 27 27 21 21 13 24 23 0
19 0 4 12 10 21 21 14 19 8 8 16 18 7 15 11 17 7 16 14 10 17 17 14 8 16 8 8 26 4 2 22 21 18 19 9 10 23 14 18 5 19
20 4 0 8 8 18 18 10 19 5 11 13 15 4 11 7 16 5 12 11 11 13 18 11 10 12 6 6 23 6 4 19 18 15 16 7 7 20 13 15 3 20
24 12 8 0 6 13 11 2 23 4 19 10 9 6 3 2 19 9 4 5 14 5 21 6 16 5 8 8 17 14 12 16 11 10 8 9 3 15 12 8 9 24
18 10 8 6 0 10 11 8 17 4 18 6 15 4 8 3 13 11 10 11 9 8 15 12 11 7 3 11 15 13 10 12 11 15 10 13 3 13 7 8 10 18
20 21 18 13 10 0 5 14 19 14 29 5 20 14 13 12 15 21 15 18 15 11 17 19 19 9 12 20 6 24 19 3 7 21 10 22 12 2 8 7 20 20
24 21 18 11 11 5 0 11 23 13 29 7 17 14 10 11 19 20 11 14 18 7 21 16 21 6 13 19 5 24 20 8 2 17 6 21 11 6 12 3 19 24
26 14 10 2 8 14 11 0 25 6 20 11 7 8 1 5 21 10 2 4 17 4 23 5 18 5 10 8 17 15 14 17 10 8 7 10 5 16 14 8 10 26
1 19 19 23 17 19 23 25 0 20 24 17 32 19 25 21 5 25 27 28 9 25 2 29 11 23 15 25 25 22 17 18 25 33 26 27 20 20 12 23 22 1
20 8 5 4 4 14 13 6 20 0 16 9 12 2 7 3 16 8 8 9 11 9 18 9 11 8 4 7 18 11 8 16 13 13 11 9 2 16 10 10 7 20
24 8 11 19 18 29 29 20 24 16 0 24 23 15 22 18 23 11 22 20 17 24 23 19 14 23 16 13 34 5 9 30 29 23 26 12 18 31 22 26 10 24
17 16 13 10 6 5 7 11 17 9 24 0 18 10 10 8 12 17 12 14 11 9 15 16 14 7 7 16 10 19 15 6 8 18 9 18 8 7 5 6 15 17
33 18 15 9 15 20 17 7 32 12 23 18 0 14 7 11 28 12 6 4 23 10 30 4 24 11 17 10 22 18 19 23 15 1 11 11 12 22 21 14 13 33
19 7 4 6 4 14 14 8 19 2 15 10 14 0 9 4 15 8 10 10 10 10 17 10 10 9 4 7 19 10 7 16 14 14 12 9 3 17 10 11 6 19
26 15 11 3 8 13 10 1 25 7 22 10 7 9 0 5 21 11 2 5 17 3 23 6 18 4 11 10 15 16 15 16 9 8 5 11 6 15 14 7 11 26
21 11 7 2 3 12 11 5 21 3 18 8 11 4 5 0 16 10 7 8 12 6 18 9 13 5 6 9 16 13 11 14 10 12 8 11 1 14 10 8 9 21
5 17 16 19 13 15 19 21 5 16 23 12 28 15 21 16 0 22 23 24 6 20 3 25 9 18 11 22 20 20 14 14 20 28 21 24 16 16 7 18 20 5
25 7 5 9 11 21 20 10 25 8 11 17 12 8 11 10 22 0 11 9 16 14 23 8 15 14 11 2 25 7 9 23 19 12 16 2 9 24 18 17 2 25
28 16 12 4 10 15 11 2 27 8 22 12 6 10 2 7 23 11 0 3 18 4 25 5 20 6 12 10 16 17 16 17 10 6 6 11 7 17 16 8 12 28
29 14 11 5 11 18 14 4 28 9 20 14 4 10 5 8 24 9 3 0 19 7 26 2 20 9 13 7 20 15 15 20 13 5 9 8 8 20 17 11 10 29
10 10 11 14 9 15 18 17 9 11 17 11 23 10 17 12 6 16 18 19 0 17 7 20 4 15 6 16 20 14 9 15 19 24 19 18 11 16 6 16 14 10
26 17 13 5 8 11 7 4 25 9 24 9 10 10 3 6 20 14 4 7 17 0 23 9 19 2 11 12 12 19 17 13 6 10 2 14 7 13 13 4 14 26
3 17 18 21 15 17 21 23 2 18 23 15 30 17 23 18 3 23 25 26 7 23 0 27 10 21 13 23 23 21 15 16 23 30 24 25 18 18 10 21 21 3
29 14 11 6 12 19 16 5 29 9 19 16 4 10 6 9 25 8 5 2 20 9 27 0 20 10 14 6 21 15 15 22 15 4 11 7 9 21 19 13 10 29
11 8 10 16 11 19 21 18 11 11 14 14 24 10 18 13 9 15 20 20 4 19 10 20 0 18 8 15 24 11 6 19 22 24 21 17 12 20 11 19 12 11
24 16 12 5 7 9 6 5 23 8 23 7 11 9 4 5 18 14 6 9 15 2 21 10 18 0 10 12 12 18 16 12 6 12 4 14 6 11 11 3 14 24
16 8 6 8 3 12 13 10 15 4 16 7 17 4 11 6 11 11 12 13 6 11 13 14 8 10 0 11 18 12 7 14 14 17 13 13 5 14 7 11 9 16
26 8 6 8 11 20 19 8 25 7 13 16 10 7 10 9 22 2 10 7 16 12 23 6 15 12 11 0 24 8 10 22 18 11 15 2 8 22 17 15 3 26
25 26 23 17 15 6 5 17 25 18 34 10 22 19 15 16 20 25 16 20 20 12 23 21 24 12 18 24 0 29 25 7 7 22 11 26 16 5 14 9 25 25
22 4 6 14 13 24 24 15 22 11 5 19 18 10 16 13 20 7 17 15 14 19 21 15 11 18 12 8 29 0 6 25 24 19 21 8 12 26 18 21 5 22
17 2 4 12 10 19 20 14 17 8 9 15 19 7 15 11 14 9 16 15 9 17 15 15 6 16 7 10 25 6 0 21 21 20 19 11 10 22 13 18 6 17
19 22 19 16 12 3 8 17 18 16 30 6 23 16 16 14 14 23 17 20 15 13 16 22 19 12 14 22 7 25 21 0 9 23 13 24 14 2 8 9 22 19
25 21 18 11 11 7 2 10 25 13 29 8 15 14 9 10 20 19 10 13 19 6 23 15 22 6 14 18 7 24 21 9 0 16 4 20 11 8 13 3 19 25
33 18 15 10 15 21 17 8 33 13 23 18 1 14 8 12 28 12 6 5 24 10 30 4 24 12 17 11 22 19 20 23 16 0 12 11 13 23 22 14 14 33
27 19 16 8 10 10 6 7 26 11 26 9 11 12 5 8 21 16 6 9 19 2 24 11 21 4 13 15 11 21 19 13 4 12 0 17 9 11 14 3 16 27
27 9 7 9 13 22 21 10 27 9 12 18 11 9 11 11 24 2 11 8 18 14 25 7 17 14 13 2 26 8 11 24 20 11 17 0 10 25 19 17 4 27
21 10 7 3 3 12 11 5 20 2 18 8 12 3 6 1 16 9 7 8 11 7 18 9 12 6 5 8 16 12 10 14 11 13 9 10 0 14 9 8 8 21
21 23 20 15 13 2 6 16 20 16 31 7 22 17 15 14 16 24 17 20 16 13 18 21 20 11 14 22 5 26 22 2 8 23 11 25 14 0 10 9 22 21
13 14 13 12 7 8 12 14 12 10 22 5 21 10 14 10 7 18 16 17 6 13 10 19 11 11 7 17 14 18 13 8 13 22 14 19 9 10 0 11 16 13
24 18 15 8 8 7 3 8 23 10 26 6 14 11 7 8 18 17 8 11 16 4 21 13 19 3 11 15 9 21 18 9 3 14 3 17 8 9 11 0 16 24
23 5 3 9 10 20 19 10 22 7 10 15 13 6 11 9 20 2 12 10 14 14 21 10 12 14 9 3 25 5 6 22 19 14 16 4 8 22 16 16 0 23
0 19 20 24 18 20 24 26 1 20 24 17 33 19 26 21 5 25 28 29 10 26 3 29 11 24 16 26 25 22 17 19 25 33 27 27 21 21 13 24 23 0
,
0 32 43 58 51 21 28 58 2 47 35 31 94 37 39 42 11 37 42 40 18 72 5 52 12 36 21 31 36 51 49 48 47 43 77 61 24 34 30 54 47 0
25 0 4 15 27 30 58 38 29 10 19 21 47 12 26 16 28 7 30 28 30 36 43 23 14 27 16 9 32 7 5 42 56 41 35 16 17 25 38 18 10 41
56 6 0 14 17 31 44 17 47 11 13 22 33 5 32 7 30 15 17 31 11 38 37 20 14 29 11 15 32 14 5 28 35 38 22 12 16 32 13 23 9 40
58 22 11 0 8 38 17 7 41 9 52 29 24 14 6 6 25 26 13 7 30 13 60 14 33 11 8 22 45 20 29 39 16 15 8 18 6 20 17 20 26 51
39 25 15 9 0 18 15 15 24 6 52 14 22 6 12 6 23 16 14 18 13 11 34 14 26 9 8 22 36 16 18 31 14 17 12 21 6 34 20 11 12 43
25 32 19 17 12 0 9 26 52 20 69 8 41 38 31 15 29 37 33 40 19 22 31 29 31 23 17 42 7 53 40 3 11 33 19 24 18 6 15 13 53 26
53 44 32 31 27 14 0 13 42 17 68 13 44 35 17 17 21 50 13 27 41 11 59 33 26 9 18 52 14 27 52 21 2 37 8 50 18 7 21 9 38 40
69 33 26 5 13 37 27 0 63 12 31 33 18 23 3 13 31 12 3 7 45 11 43 10 21 9 22 19 17 17 18 21 21 21 15 25 13 19 30 8 17 40
1 35 45 34 46 31 38 53 0 36 27 50 82 20 49 53 8 51 60 78 13 68 4 36 20 40 25 48 28 51 43 42 32 74 43 32 34 32 19 58 67 1
21 9 10 5 8 30 35 9 38 0 46 19 28 4 13 3 24 14 12 16 17 24 23 9 25 14 10 10 53 16 12 38 23 31 14 22 5 16 23 23 9 22
32 18 32 37 52 69 52 58 49 32 0 70 57 42 41 22 27 28 31 26 30 28 32 43 16 63 41 30 96 7 24 76 35 53 64 31 50 31 32 52 28 66
52 35 24 25 6 7 17 17 49 13 62 0 42 11 11 14 14 39 14 17 24 26 29 38 17 19 15 45 29 50 21 17 19 43 27 43 22 21 11 11 43 41
86 38 35 11 25 35 17 20 43 36 24 44 0 29 10 30 83 12 17 5 49 10 31 6 62 12 35 15 56 34 53 42 28 1 20 16 32 31 31 16 16 82
37 20 10 16 9 24 33 21 32 3 41 23 15 0 11 5 30 21 26 17 14 27 31 14 25 19 5 8 35 28 16 40 31 29 35 23 6 44 20 25 7 44
51 24 26 9 22 18 16 2 53 14 24 13 10 20 0 5 57 24 3 6 24 8 60 9 27 9 31 11 38 34 35 40 21 9 9 31 9 41 23 11 26 29
26 12 22 4 8 27 15 10 35 4 38 10 28 11 13 0 18 27 15 12 21 7 22 24 28 14 6 18 17 24 22 23 12 15 16 11 3 24 13 20 22 35
14 34 21 21 32 25 40 48 10 22 25 35 51 36 51 35 0 49 58 67 11 34 5 47 15 28 21 33 36 41 40 31 21 77 37 51 23 20 11 22 32 14
49 14 14 13 18 26 58 11 40 9 19 49 19 13 30 18 48 0 29 25 18 39 49 14 32 37 32 4 59 11 18 54 28 29 28 2 15 56 21 21 4 59
36 32 25 6 19 37 29 3 54 23 30 34 13 24 5 16 53 21 0 7 23 5 45 11 57 13 14 17 36 21 33 43 26 10 8 26 20 22 30 12 14 49
29 35 30 8 32 38 16 4 35 19 46 42 5 11 6 15 38 15 6 0 33 8 47 4 32 20 31 15 37 25 16 38 38 9 26 18 17 56 32 20 28 72
21 15 25 23 22 39 34 31 19 12 18 19 40 28 19 17 14 38 29 41 0 20 9 37 9 39 12 45 47 30 10 35 48 51 21 23 30 49 7 25 25 10
71 27 17 11 8 24 15 12 64 16 28 15 19 18 3 13 23 25 11 9 32 0 53 16 51 5 13 33 22 41 41 26 14 28 4 16 13 32 20 11 36 72
6 42 39 60 36 31 33 60 2 45 69 37 40 47 38 51 7 39 67 64 14 42 0 27 28 56 27 59 66 47 22 46 63 36 43 25 28 24 29 42 56 5
51 38 24 11 25 40 32 7 52 24 28 21 7 27 10 24 50 16 12 3 42 20 62 0 48 17 28 12 42 43 30 41 30 4 20 10 22 51 36 28 27 52
18 11 12 17 31 30 48 47 29 13 41 41 37 25 53 33 26 22 33 51 8 49 18 36 0 46 16 43 26 33 9 19 47 31 54 34 22 24 16 38 24 29
30 41 34 14 18 11 13 6 52 12 58 12 13 14 10 5 50 39 9 14 34 5 50 16 30 0 22 33 26 24 37 22 16 12 5 40 8 25 17 6 20 30
42 12 11 17 5 24 16 27 26 12 33 15 22 10 19 15 33 15 19 28 8 17 33 32 18 18 0 30 20 14 12 16 40 21 29 35 12 18 16 12 22 39
37 16 16 17 23 59 42 13 60 19 19 34 24 10 17 21 32 3 13 7 18 20 30 16 39 14 21 0 57 11 19 37 44 15 37 5 22 41 24 24 4 33
31 68 35 19 20 8 10 29 41 30 58 11 51 36 30 42 52 63 27 26 33 28 36 37 53 31 19 68 0 43 31 11 10 38 32 34 37 10 39 16 66 31
24 10 15 15 15 67 47 38 43 22 6 32 42 27 49 35 22 15 40 41 30 21 54 23 31 46 23 20 58 0 8 49 60 23 42 20 15 40 40 45 6 41
45 6 11 20 16 45 59 41 47 22 24 29 43 12 16 16 29 16 29 32 18 32 32 44 12 26 14 16 61 12 0 58 29 27 25 13 29 42 33 39 8 43
37 23 37 44 16 5 12 45 29 45 73 8 26 24 34 16 15 45 39 59 21 28 27 36 45 12 28 57 20 32 42 0 15 42 18 60 33 5 12 26 57 31
64 29 45 29 26 11 4 15 30 24 54 14 45 41 26 28 44 53 18 18 36 18 48 31 29 13 27 43 17 33 33 20 0 44 9 57 13 13 22 5 53 48
74 44 41 12 23 48 33 13 80 16 47 22 2 18 16 22 84 28 13 8 30 15 85 8 65 24 39 27 52 51 39 61 43 0 17 15 25 24 25 31 14 93
60 48 28 16 13 24 7 14 55 30 41 16 33 33 14 18 26 29 17 21 33 5 70 28 27 10 13 43 19 60 28 23 9 16 0 25 22 17 30 9 22 79
69 25 19 12 19 63 25 12 57 13 17 38 25 13 28 30 48 5 25 21 26 20 57 12 43 31 14 2 71 19 29 73 43 19 40 0 18 45 38 38 11 30
27 29 7 6 3 19 15 14 59 3 51 8 16 4 9 3 47 16 15 24 28 14 51 23 14 10 12 22 43 31 17 19 17 23 19 10 0 24 10 18 11 29
47 62 39 27 37 6 13 41 35 23 40 10 37 29 29 40 28 46 23 36 46 25 28 60 23 21 31 55 13 75 60 6 23 52 15 26 25 0 27 22 52 22
26 38 23 28 9 17 25 22 26 13 30 12 49 28 34 27 13 52 19 26 14 31 26 53 12 27 10 29 30 25 27 22 18 31 41 56 16 21 0 12 30 31
49 48 30 22 23 17 6 18 32 25 35 10 40 25 19 21 37 37 17 29 41 11 38 17 28 8 27 23 21 53 27 27 7 30 5 33 17 19 18 0 23 25
51 12 4 11 24 60 53 25 40 11 11 23 29 12 17 16 30 6 18 10 32 31 40 21 23 30 12 4 36 11 18 64 46 21 22 10 12 61 26 37 0 26
0 55 50 55 31 22 58 32 1 24 41 52 46 48 61 40 16 60 35 63 14 54 4 58 16 47 24 71 45 67 36 21 29 66 75 74 28 50 28 61 64 0