7
40
,
0 (11.0, 37.0) 39.0
1 (18.0, 36.0) 90.0
2 (34.0, 33.0) 45.0
3 (27.0, 24.0) 56.0
4 (39.0, 7.0) 34.0
5 (46.0, 14.0) 55.0
6 (38.0, 35.0) 34.0
7 (1.0, 1.0) 90.0
8 (26.0, 31.0) 73.0
9 (0.0, 49.0) 60.0
10 (32.0, 14.0) 45.0
11 (45.0, 47.0) 31.0
12 (23.0, 31.0) 59.0
13 (40.0, 33.0) 67.0
14 (31.0, 29.0) 88.0
15 (10.0, 4.0) 37.0
16 (22.0, 46.0) 40.0
17 (42.0, 36.0) 45.0
18 (39.0, 42.0) 76.0
19 (11.0, 16.0) 39.0
20 (43.0, 28.0) 47.0
21 (5.0, 3.0) 69.0
22 (38.0, 45.0) 49.0
23 (5.0, 22.0) 53.0
24 (40.0, 25.0) 50.0
25 (21.0, 24.0) 82.0
26 (25.0, 45.0) 55.0
27 (50.0, 4.0) 37.0
28 (9.0, 44.0) 45.0
29 (10.0, 33.0) 60.0
30 (37.0, 2.0) 39.0
31 (48.0, 17.0) 33.0
32 (46.0, 48.0) 55.0
33 (47.0, 25.0) 33.0
34 (24.0, 49.0) 41.0
35 (29.0, 29.0) 51.0
36 (41.0, 3.0) 41.0
37 (23.0, 11.0) 35.0
38 (43.0, 20.0) 41.0
39 (19.0, 42.0) 36.0
,
0 19 20 24 18 20 24 26 1 20 24 17 33 19 26 21 5 25 28 29 10 26 3 29 11 24 16 26 25 22 17 19 25 33 27 27 21 21 13 24 23 0
19 0 4 12 10 21 21 14 19 8 8 16 18 7 15 11 17 7 16 14 10 17 17 14 8 16 8 8 26 4 2 22 21 18 19 9 10 23 14 18 5 19
20 4 0 8 8 18 18 10 19 5 11 13 15 4 11 7 16 5 12 11 11 13 18 11 10 12 6 6 23 6 4 19 18 15 16 7 7 20 13 15 3 20
24 12 8 0 6 13 11 2 23 4 19 10 9 6 3 2 19 9 4 5 14 5 21 6 16 5 8 8 17 14 12 16 11 10 8 9 3 15 12 8 9 24
18 10 8 6 0 10 11 8 17 4 18 6 15 4 8 3 13 11 10 11 9 8 15 12 11 7 3 11 15 13 10 12 11 15 10 13 3 13 7 8 10 18
20 21 18 13 10 0 5 14 19 14 29 5 20 14 13 12 15 21 15 18 15 11 17 19 19 9 12 20 6 24 19 3 7 21 10 22 12 2 8 7 20 20
24 21 18 11 11 5 0 11 23 13 29 7 17 14 10 11 19 20 11 14 18 7 21 16 21 6 13 19 5 24 20 8 2 17 6 21 11 6 12 3 19 24
26 14 10 2 8 14 11 0 25 6 20 11 7 8 1 5 21 10 2 4 17 4 23 5 18 5 10 8 17 15 14 17 10 8 7 10 5 16 14 8 10 26
1 19 19 23 17 19 23 25 0 20 24 17 32 19 25 21 5 25 27 28 9 25 2 29 11 23 15 25 25 22 17 18 25 33 26 27 20 20 12 23 22 1
20 8 5 4 4 14 13 6 20 0 16 9 12 2 7 3 16 8 8 9 11 9 18 9 11 8 4 7 18 11 8 16 13 13 11 9 2 16 10 10 7 20
24 8 11 19 18 29 29 20 24 16 0 24 23 15 22 18 23 11 22 20 17 24 23 19 14 23 16 13 34 5 9 30 29 23 26 12 18 31 22 26 10 24
17 16 13 10 6 5 7 11 17 9 24 0 18 10 10 8 12 17 12 14 11 9 15 16 14 7 7 16 10 19 15 6 8 18 9 18 8 7 5 6 15 17
33 18 15 9 15 20 17 7 32 12 23 18 0 14 7 11 28 12 6 4 23 10 30 4 24 11 17 10 22 18 19 23 15 1 11 11 12 22 21 14 13 33
19 7 4 6 4 14 14 8 19 2 15 10 14 0 9 4 15 8 10 10 10 10 17 10 10 9 4 7 19 10 7 16 14 14 12 9 3 17 10 11 6 19
26 15 11 3 8 13 10 1 25 7 22 10 7 9 0 5 21 11 2 5 17 3 23 6 18 4 11 10 15 16 15 16 9 8 5 11 6 15 14 7 11 26
21 11 7 2 3 12 11 5 21 3 18 8 11 4 5 0 16 10 7 8 12 6 18 9 13 5 6 9 16 13 11 14 10 12 8 11 1 14 10 8 9 21
5 17 16 19 13 15 19 21 5 16 23 12 28 15 21 16 0 22 23 24 6 20 3 25 9 18 11 22 20 20 14 14 20 28 21 24 16 16 7 18 20 5
25 7 5 9 11 21 20 10 25 8 11 17 12 8 11 10 22 0 11 9 16 14 23 8 15 14 11 2 25 7 9 23 19 12 16 2 9 24 18 17 2 25
28 16 12 4 10 15 11 2 27 8 22 12 6 10 2 7 23 11 0 3 18 4 25 5 20 6 12 10 16 17 16 17 10 6 6 11 7 17 16 8 12 28
29 14 11 5 11 18 14 4 28 9 20 14 4 10 5 8 24 9 3 0 19 7 26 2 20 9 13 7 20 15 15 20 13 5 9 8 8 20 17 11 10 29
10 10 11 14 9 15 18 17 9 11 17 11 23 10 17 12 6 16 18 19 0 17 7 20 4 15 6 16 20 14 9 15 19 24 19 18 11 16 6 16 14 10
26 17 13 5 8 11 7 4 25 9 24 9 10 10 3 6 20 14 4 7 17 0 23 9 19 2 11 12 12 19 17 13 6 10 2 14 7 13 13 4 14 26
3 17 18 21 15 17 21 23 2 18 23 15 30 17 23 18 3 23 25 26 7 23 0 27 10 21 13 23 23 21 15 16 23 30 24 25 18 18 10 21 21 3
29 14 11 6 12 19 16 5 29 9 19 16 4 10 6 9 25 8 5 2 20 9 27 0 20 10 14 6 21 15 15 22 15 4 11 7 9 21 19 13 10 29
11 8 10 16 11 19 21 18 11 11 14 14 24 10 18 13 9 15 20 20 4 19 10 20 0 18 8 15 24 11 6 19 22 24 21 17 12 20 11 19 12 11
24 16 12 5 7 9 6 5 23 8 23 7 11 9 4 5 18 14 6 9 15 2 21 10 18 0 10 12 12 18 16 12 6 12 4 14 6 11 11 3 14 24
16 8 6 8 3 12 13 10 15 4 16 7 17 4 11 6 11 11 12 13 6 11 13 14 8 10 0 11 18 12 7 14 14 17 13 13 5 14 7 11 9 16
26 8 6 8 11 20 19 8 25 7 13 16 10 7 10 9 22 2 10 7 16 12 23 6 15 12 11 0 24 8 10 22 18 11 15 2 8 22 17 15 3 26
25 26 23 17 15 6 5 17 25 18 34 10 22 19 15 16 20 25 16 20 20 12 23 21 24 12 18 24 0 29 25 7 7 22 11 26 16 5 14 9 25 25
22 4 6 14 13 24 24 15 22 11 5 19 18 10 16 13 20 7 17 15 14 19 21 15 11 18 12 8 29 0 6 25 24 19 21 8 12 26 18 21 5 22
17 2 4 12 10 19 20 14 17 8 9 15 19 7 15 11 14 9 16 15 9 17 15 15 6 16 7 10 25 6 0 21 21 20 19 11 10 22 13 18 6 17
19 22 19 16 12 3 8 17 18 16 30 6 23 16 16 14 14 23 17 20 15 13 16 22 19 12 14 22 7 25 21 0 9 23 13 24 14 2 8 9 22 19
25 21 18 11 11 7 2 10 25 13 29 8 15 14 9 10 20 19 10 13 19 6 23 15 22 6 14 18 7 24 21 9 0 16 4 20 11 8 13 3 19 25
33 18 15 10 15 21 17 8 33 13 23 18 1 14 8 12 28 12 6 5 24 10 30 4 24 12 17 11 22 19 20 23 16 0 12 11 13 23 22 14 14 33
27 19 16 8 10 10 6 7 26 11 26 9 11 12 5 8 21 16 6 9 19 2 24 11 21 4 13 15 11 21 19 13 4 12 0 17 9 11 14 3 16 27
27 9 7 9 13 22 21 10 27 9 12 18 11 9 11 11 24 2 11 8 18 14 25 7 17 14 13 2 26 8 11 24 20 11 17 0 10 25 19 17 4 27
21 10 7 3 3 12 11 5 20 2 18 8 12 3 6 1 16 9 7 8 11 7 18 9 12 6 5 8 16 12 10 14 11 13 9 10 0 14 9 8 8 21
21 23 20 15 13 2 6 16 20 16 31 7 22 17 15 14 16 24 17 20 16 13 18 21 20 11 14 22 5 26 22 2 8 23 11 25 14 0 10 9 22 21
13 14 13 12 7 8 12 14 12 10 22 5 21 10 14 10 7 18 16 17 6 13 10 19 11 11 7 17 14 18 13 8 13 22 14 19 9 10 0 11 16 13
24 18 15 8 8 7 3 8 23 10 26 6 14 11 7 8 18 17 8 11 16 4 21 13 19 3 11 15 9 21 18 9 3 14 3 17 8 9 11 0 16 24
23 5 3 9 10 20 19 10 22 7 10 15 13 6 11 9 20 2 12 10 14 14 21 10 12 14 9 3 25 5 6 22 19 14 16 4 8 22 16 16 0 23
0 19 20 24 18 20 24 26 1 20 24 17 33 19 26 21 5 25 28 29 10 26 3 29 11 24 16 26 25 22 17 19 25 33 27 27 21 21 13 24 23 0
,
0 36 24 36 48 36 62 42 2 28 32 36 42 50 52 37 8 30 83 80 23 57 7 69 29 69 31 29 44 49 48 39 30 44 47 44 60 27 19 52 66 0
29 0 6 20 15 57 63 14 34 10 16 24 37 12 37 31 40 9 40 16 18 43 52 21 19 21 17 13 58 4 3 47 39 23 38 13 20 52 20 52 10 52
36 10 0 21 20 52 41 15 20 7 19 26 44 6 24 10 17 15 23 19 11 35 31 18 26 24 18 13 66 6 12 53 51 44 31 11 8 21 37 33 8 29
62 26 24 0 9 28 32 3 39 12 39 13 19 12 6 5 25 22 8 6 36 15 50 7 32 7 14 15 32 37 19 20 26 19 19 22 8 34 26 10 12 40
21 19 15 10 0 17 22 10 30 7 31 8 26 5 8 4 25 32 28 18 24 21 40 25 17 14 8 12 42 18 14 16 31 27 16 17 6 29 15 24 20 24
20 37 20 13 23 0 7 26 32 35 48 8 48 42 26 22 32 61 38 26 41 26 45 49 52 22 31 56 9 63 39 4 12 47 23 28 33 6 20 15 23 54
45 37 22 13 18 8 0 24 45 29 45 18 44 27 16 31 28 21 19 43 51 8 45 43 25 7 21 35 10 59 25 12 5 37 13 34 26 18 31 5 40 60
49 17 18 3 14 32 27 0 27 16 33 19 15 19 4 12 55 26 4 4 28 5 56 6 26 14 17 9 21 33 19 45 30 21 9 11 13 26 20 20 18 56
1 35 49 62 38 25 40 27 0 40 51 21 55 47 31 24 7 39 53 43 22 64 4 84 12 28 33 27 29 37 46 50 53 36 69 37 58 37 19 25 55 1
39 11 13 5 6 40 18 9 44 0 34 18 19 2 10 3 28 8 12 14 21 11 29 19 22 8 5 13 43 14 10 27 32 38 18 12 5 26 29 25 15 30
48 17 19 32 33 32 83 55 55 16 0 33 47 42 41 50 53 18 43 51 47 33 23 32 35 41 45 13 87 9 17 68 42 63 28 34 35 40 30 78 12 39
34 39 18 15 11 5 11 19 18 26 53 0 30 21 23 17 33 28 22 25 25 19 30 43 37 18 11 28 14 34 40 8 24 33 15 38 11 8 12 12 42 52
59 51 26 11 42 22 22 13 74 25 59 21 0 39 19 31 59 20 16 12 44 28 87 11 31 30 34 23 54 30 34 67 23 1 26 25 19 41 44 21 38 85
20 13 7 7 8 26 27 19 41 3 30 25 26 0 18 10 28 21 29 29 17 13 47 30 18 19 6 7 48 18 12 37 29 25 36 17 7 24 24 15 16 40
53 15 13 8 19 17 14 2 60 20 22 11 11 10 0 14 47 27 2 8 40 8 59 9 44 5 25 23 18 35 33 46 22 18 14 12 7 25 40 17 31 67
42 23 11 5 8 34 27 13 25 6 19 20 22 8 6 0 29 27 15 16 24 15 32 25 38 13 10 20 42 14 32 37 12 26 19 21 2 19 14 8 20 24
11 24 34 41 18 42 54 55 7 44 46 34 49 34 38 23 0 59 55 61 13 38 4 70 25 24 28 39 40 27 35 15 31 75 28 49 22 39 12 39 32 7
42 15 10 17 20 23 55 15 29 10 31 41 19 12 28 15 52 0 28 12 33 20 38 17 37 20 18 5 72 8 20 29 46 30 46 3 22 64 48 24 3 55
57 21 15 9 20 35 20 3 63 22 42 18 11 21 3 10 47 13 0 9 27 6 52 5 48 7 25 25 49 34 39 41 29 8 11 14 13 41 21 23 29 80
69 19 30 11 26 23 16 5 35 20 45 19 7 17 5 17 33 24 4 0 46 17 60 3 21 18 27 21 56 42 31 58 24 11 13 10 20 58 24 21 15 81
16 27 13 23 10 33 49 44 24 18 27 15 26 19 47 18 18 25 52 57 0 32 17 33 5 24 9 17 33 17 19 25 41 49 30 18 22 32 17 19 38 27
26 19 27 8 22 26 11 4 33 25 28 19 20 21 3 12 43 41 5 10 24 0 51 24 40 3 22 27 36 50 32 24 17 17 6 26 17 27 33 6 19 65
6 33 46 23 29 47 62 45 3 30 23 22 89 43 56 19 4 34 72 69 17 47 0 33 24 45 22 67 45 38 38 31 41 61 37 27 19 34 11 30 35 4
54 27 15 8 21 46 26 11 63 20 34 43 9 22 8 21 65 18 7 3 37 11 76 0 58 16 29 12 59 16 28 32 21 11 22 12 20 63 49 24 24 61
22 20 21 45 21 34 49 41 15 21 21 29 54 24 20 38 11 23 51 26 8 52 21 51 0 42 20 21 43 24 7 27 24 44 53 31 35 26 21 50 36 29
69 44 19 12 16 23 7 5 46 11 42 12 30 18 9 14 41 21 10 16 39 5 22 17 32 0 13 29 35 37 26 18 15 16 5 31 15 18 14 7 28 57
40 13 13 15 7 17 17 30 35 5 22 19 48 9 15 12 12 13 31 30 10 22 36 17 22 25 0 28 46 16 10 29 33 51 15 36 13 25 14 25 14 27
68 22 16 12 25 54 51 17 71 11 21 18 16 7 20 17 37 2 13 8 42 17 40 17 39 16 29 0 32 8 25 39 54 22 24 2 18 38 51 32 5 43
31 57 40 31 30 7 14 23 64 50 64 30 37 28 17 31 54 60 19 57 38 13 32 25 47 19 24 24 0 55 72 11 11 28 30 74 28 10 31 19 53 60
59 7 8 25 36 43 30 20 39 18 15 46 42 11 17 28 44 13 36 37 34 54 43 38 20 43 19 23 47 0 16 71 48 36 55 20 23 50 35 28 6 62
39 5 5 32 11 27 28 23 31 10 17 24 23 13 27 28 40 25 45 16 17 26 45 17 18 43 14 13 37 14 0 22 46 44 50 22 22 62 28 22 14 35
33 53 41 45 18 7 21 49 36 23 40 11 46 18 32 29 37 25 27 42 44 23 30 29 19 12 32 59 11 52 61 0 13 24 31 52 27 5 23 10 49 50
49 45 50 29 31 15 2 22 30 18 47 14 38 36 26 30 59 45 25 39 39 18 46 38 55 12 21 51 10 63 46 11 0 44 9 43 15 11 35 7 36 36
47 31 17 23 23 32 38 8 54 14 69 55 1 24 19 23 53 16 15 5 24 12 83 11 26 32 46 24 39 53 44 68 34 0 31 18 35 47 49 35 37 50
59 44 29 13 25 21 15 14 48 22 79 17 25 26 8 18 57 46 16 22 21 4 27 30 62 9 14 42 26 37 49 15 8 33 0 38 19 32 29 6 38 62
34 26 18 28 38 42 62 23 48 21 26 30 28 20 18 12 31 2 31 24 44 36 38 17 17 42 22 5 35 11 22 38 22 17 23 0 21 56 47 35 11 31
35 24 11 8 4 25 30 11 21 5 30 19 28 5 15 3 16 15 16 16 20 7 23 19 32 7 5 9 19 29 17 31 28 29 21 16 0 21 25 9 23 35
48 26 26 45 29 5 10 37 21 32 43 19 31 38 34 17 32 38 28 23 34 32 20 58 53 24 30 27 11 26 58 6 11 64 22 44 19 0 27 15 24 49
31 42 27 24 15 23 18 15 24 28 29 13 49 16 31 22 19 48 20 25 11 19 28 47 20 13 13 35 14 43 19 13 28 30 25 37 15 18 0 14 46 31
54 38 33 22 21 13 4 11 56 25 53 14 39 29 16 16 43 27 16 26 39 11 51 34 24 3 30 25 25 49 48 16 8 34 7 43 12 18 32 0 25 63
36 10 8 11 17 41 52 23 66 18 28 20 23 11 34 25 36 5 18 28 37 40 60 10 35 38 12 9 69 6 13 53 31 27 23 11 20 29 23 47 0 34
0 40 33 52 40 54 66 33 1 52 54 18 36 49 73 51 9 33 60 59 20 74 7 36 24 42 29 31 28 25 19 31 46 61 76 72 37 29 38 46 49 0