7
40
,
0 (11.0, 37.0) 38.0
1 (18.0, 36.0) 59.0
2 (34.0, 33.0) 38.0
3 (27.0, 24.0) 79.0
4 (39.0, 7.0) 70.0
5 (46.0, 14.0) 40.0
6 (38.0, 35.0) 87.0
7 (1.0, 1.0) 79.0
8 (26.0, 31.0) 63.0
9 (0.0, 49.0) 33.0
10 (32.0, 14.0) 76.0
11 (45.0, 47.0) 37.0
12 (23.0, 31.0) 36.0
13 (40.0, 33.0) 61.0
14 (31.0, 29.0) 88.0
15 (10.0, 4.0) 70.0
16 (22.0, 46.0) 57.0
17 (42.0, 36.0) 83.0
18 (39.0, 42.0) 63.0
19 (11.0, 16.0) 81.0
20 (43.0, 28.0) 32.0
21 (5.0, 3.0) 31.0
22 (38.0, 45.0) 43.0
23 (5.0, 22.0) 61.0
24 (40.0, 25.0) 77.0
25 (21.0, 24.0) 37.0
26 (25.0, 45.0) 79.0
27 (50.0, 4.0) 38.0
28 (9.0, 44.0) 51.0
29 (10.0, 33.0) 46.0
30 (37.0, 2.0) 52.0
31 (48.0, 17.0) 67.0
32 (46.0, 48.0) 52.0
33 (47.0, 25.0) 51.0
34 (24.0, 49.0) 59.0
35 (29.0, 29.0) 82.0
36 (41.0, 3.0) 73.0
37 (23.0, 11.0) 73.0
38 (43.0, 20.0) 44.0
39 (19.0, 42.0) 66.0
,
0 19 20 24 18 20 24 26 1 20 24 17 33 19 26 21 5 25 28 29 10 26 3 29 11 24 16 26 25 22 17 19 25 33 27 27 21 21 13 24 23 0
19 0 4 12 10 21 21 14 19 8 8 16 18 7 15 11 17 7 16 14 10 17 17 14 8 16 8 8 26 4 2 22 21 18 19 9 10 23 14 18 5 19
20 4 0 8 8 18 18 10 19 5 11 13 15 4 11 7 16 5 12 11 11 13 18 11 10 12 6 6 23 6 4 19 18 15 16 7 7 20 13 15 3 20
24 12 8 0 6 13 11 2 23 4 19 10 9 6 3 2 19 9 4 5 14 5 21 6 16 5 8 8 17 14 12 16 11 10 8 9 3 15 12 8 9 24
18 10 8 6 0 10 11 8 17 4 18 6 15 4 8 3 13 11 10 11 9 8 15 12 11 7 3 11 15 13 10 12 11 15 10 13 3 13 7 8 10 18
20 21 18 13 10 0 5 14 19 14 29 5 20 14 13 12 15 21 15 18 15 11 17 19 19 9 12 20 6 24 19 3 7 21 10 22 12 2 8 7 20 20
24 21 18 11 11 5 0 11 23 13 29 7 17 14 10 11 19 20 11 14 18 7 21 16 21 6 13 19 5 24 20 8 2 17 6 21 11 6 12 3 19 24
26 14 10 2 8 14 11 0 25 6 20 11 7 8 1 5 21 10 2 4 17 4 23 5 18 5 10 8 17 15 14 17 10 8 7 10 5 16 14 8 10 26
1 19 19 23 17 19 23 25 0 20 24 17 32 19 25 21 5 25 27 28 9 25 2 29 11 23 15 25 25 22 17 18 25 33 26 27 20 20 12 23 22 1
20 8 5 4 4 14 13 6 20 0 16 9 12 2 7 3 16 8 8 9 11 9 18 9 11 8 4 7 18 11 8 16 13 13 11 9 2 16 10 10 7 20
24 8 11 19 18 29 29 20 24 16 0 24 23 15 22 18 23 11 22 20 17 24 23 19 14 23 16 13 34 5 9 30 29 23 26 12 18 31 22 26 10 24
17 16 13 10 6 5 7 11 17 9 24 0 18 10 10 8 12 17 12 14 11 9 15 16 14 7 7 16 10 19 15 6 8 18 9 18 8 7 5 6 15 17
33 18 15 9 15 20 17 7 32 12 23 18 0 14 7 11 28 12 6 4 23 10 30 4 24 11 17 10 22 18 19 23 15 1 11 11 12 22 21 14 13 33
19 7 4 6 4 14 14 8 19 2 15 10 14 0 9 4 15 8 10 10 10 10 17 10 10 9 4 7 19 10 7 16 14 14 12 9 3 17 10 11 6 19
26 15 11 3 8 13 10 1 25 7 22 10 7 9 0 5 21 11 2 5 17 3 23 6 18 4 11 10 15 16 15 16 9 8 5 11 6 15 14 7 11 26
21 11 7 2 3 12 11 5 21 3 18 8 11 4 5 0 16 10 7 8 12 6 18 9 13 5 6 9 16 13 11 14 10 12 8 11 1 14 10 8 9 21
5 17 16 19 13 15 19 21 5 16 23 12 28 15 21 16 0 22 23 24 6 20 3 25 9 18 11 22 20 20 14 14 20 28 21 24 16 16 7 18 20 5
25 7 5 9 11 21 20 10 25 8 11 17 12 8 11 10 22 0 11 9 16 14 23 8 15 14 11 2 25 7 9 23 19 12 16 2 9 24 18 17 2 25
28 16 12 4 10 15 11 2 27 8 22 12 6 10 2 7 23 11 0 3 18 4 25 5 20 6 12 10 16 17 16 17 10 6 6 11 7 17 16 8 12 28
29 14 11 5 11 18 14 4 28 9 20 14 4 10 5 8 24 9 3 0 19 7 26 2 20 9 13 7 20 15 15 20 13 5 9 8 8 20 17 11 10 29
10 10 11 14 9 15 18 17 9 11 17 11 23 10 17 12 6 16 18 19 0 17 7 20 4 15 6 16 20 14 9 15 19 24 19 18 11 16 6 16 14 10
26 17 13 5 8 11 7 4 25 9 24 9 10 10 3 6 20 14 4 7 17 0 23 9 19 2 11 12 12 19 17 13 6 10 2 14 7 13 13 4 14 26
3 17 18 21 15 17 21 23 2 18 23 15 30 17 23 18 3 23 25 26 7 23 0 27 10 21 13 23 23 21 15 16 23 30 24 25 18 18 10 21 21 3
29 14 11 6 12 19 16 5 29 9 19 16 4 10 6 9 25 8 5 2 20 9 27 0 20 10 14 6 21 15 15 22 15 4 11 7 9 21 19 13 10 29
11 8 10 16 11 19 21 18 11 11 14 14 24 10 18 13 9 15 20 20 4 19 10 20 0 18 8 15 24 11 6 19 22 24 21 17 12 20 11 19 12 11
24 16 12 5 7 9 6 5 23 8 23 7 11 9 4 5 18 14 6 9 15 2 21 10 18 0 10 12 12 18 16 12 6 12 4 14 6 11 11 3 14 24
16 8 6 8 3 12 13 10 15 4 16 7 17 4 11 6 11 11 12 13 6 11 13 14 8 10 0 11 18 12 7 14 14 17 13 13 5 14 7 11 9 16
26 8 6 8 11 20 19 8 25 7 13 16 10 7 10 9 22 2 10 7 16 12 23 6 15 12 11 0 24 8 10 22 18 11 15 2 8 22 17 15 3 26
25 26 23 17 15 6 5 17 25 18 34 10 22 19 15 16 20 25 16 20 20 12 23 21 24 12 18 24 0 29 25 7 7 22 11 26 16 5 14 9 25 25
22 4 6 14 13 24 24 15 22 11 5 19 18 10 16 13 20 7 17 15 14 19 21 15 11 18 12 8 29 0 6 25 24 19 21 8 12 26 18 21 5 22
17 2 4 12 10 19 20 14 17 8 9 15 19 7 15 11 14 9 16 15 9 17 15 15 6 16 7 10 25 6 0 21 21 20 19 11 10 22 13 18 6 17
19 22 19 16 12 3 8 17 18 16 30 6 23 16 16 14 14 23 17 20 15 13 16 22 19 12 14 22 7 25 21 0 9 23 13 24 14 2 8 9 22 19
25 21 18 11 11 7 2 10 25 13 29 8 15 14 9 10 20 19 10 13 19 6 23 15 22 6 14 18 7 24 21 9 0 16 4 20 11 8 13 3 19 25
33 18 15 10 15 21 17 8 33 13 23 18 1 14 8 12 28 12 6 5 24 10 30 4 24 12 17 11 22 19 20 23 16 0 12 11 13 23 22 14 14 33
27 19 16 8 10 10 6 7 26 11 26 9 11 12 5 8 21 16 6 9 19 2 24 11 21 4 13 15 11 21 19 13 4 12 0 17 9 11 14 3 16 27
27 9 7 9 13 22 21 10 27 9 12 18 11 9 11 11 24 2 11 8 18 14 25 7 17 14 13 2 26 8 11 24 20 11 17 0 10 25 19 17 4 27
21 10 7 3 3 12 11 5 20 2 18 8 12 3 6 1 16 9 7 8 11 7 18 9 12 6 5 8 16 12 10 14 11 13 9 10 0 14 9 8 8 21
21 23 20 15 13 2 6 16 20 16 31 7 22 17 15 14 16 24 17 20 16 13 18 21 20 11 14 22 5 26 22 2 8 23 11 25 14 0 10 9 22 21
13 14 13 12 7 8 12 14 12 10 22 5 21 10 14 10 7 18 16 17 6 13 10 19 11 11 7 17 14 18 13 8 13 22 14 19 9 10 0 11 16 13
24 18 15 8 8 7 3 8 23 10 26 6 14 11 7 8 18 17 8 11 16 4 21 13 19 3 11 15 9 21 18 9 3 14 3 17 8 9 11 0 16 24
23 5 3 9 10 20 19 10 22 7 10 15 13 6 11 9 20 2 12 10 14 14 21 10 12 14 9 3 25 5 6 22 19 14 16 4 8 22 16 16 0 23
0 19 20 24 18 20 24 26 1 20 24 17 33 19 26 21 5 25 28 29 10 26 3 29 11 24 16 26 25 22 17 19 25 33 27 27 21 21 13 24 23 0
,
0 28 50 52 47 40 58 58 2 51 71 24 33 19 47 50 6 38 68 77 14 76 5 48 21 69 27 27 26 40 23 22 58 42 42 80 44 49 16 39 31 0
24 0 9 28 17 23 34 16 52 15 13 35 47 7 16 13 31 8 33 26 18 45 49 28 11 31 15 24 73 5 3 24 43 51 43 21 11 62 34 54 14 45
47 10 0 24 20 34 48 26 28 12 19 15 42 8 25 10 29 6 31 26 14 31 50 29 22 34 12 15 60 11 11 48 53 32 42 11 7 56 23 29 3 46
48 25 16 0 11 38 30 4 38 8 44 12 25 15 5 4 23 16 5 13 42 7 27 13 19 8 19 22 47 19 17 16 21 17 19 20 7 28 14 16 23 57
36 16 8 15 0 26 25 23 27 8 45 17 28 11 12 6 20 13 11 20 10 13 16 29 24 7 4 29 35 17 20 33 32 33 18 20 8 30 8 22 25 24
48 41 34 33 28 0 6 17 34 30 77 14 52 39 27 21 20 53 27 19 24 12 22 45 54 23 21 31 11 45 48 5 8 27 17 66 34 6 19 14 24 48
71 54 21 33 19 12 0 23 40 13 46 11 49 27 20 27 51 53 15 34 52 15 32 28 58 9 34 20 15 44 46 12 2 42 14 26 33 10 34 6 21 60
73 20 26 5 9 32 15 0 75 16 36 26 17 14 3 13 32 23 4 4 49 6 27 8 24 12 20 24 30 45 31 34 17 17 7 21 15 44 35 22 17 61
1 31 22 51 39 50 48 48 0 23 27 34 88 38 36 50 12 28 76 33 10 62 5 52 16 25 31 72 66 58 40 47 32 84 42 68 22 59 34 30 58 2
21 8 9 12 9 37 26 7 50 0 36 23 17 4 19 6 21 9 16 12 26 10 31 19 16 17 5 8 23 31 23 29 30 22 15 17 2 44 26 15 12 43
64 14 29 45 24 84 60 44 53 35 0 39 40 25 64 20 35 23 50 59 46 33 50 36 23 61 20 25 62 10 10 36 51 62 60 28 34 59 41 35 12 27
39 19 34 19 7 10 13 17 32 18 46 0 40 23 24 19 15 21 21 38 25 18 31 25 26 19 14 17 16 46 38 7 12 34 19 24 19 17 9 10 43 25
55 45 27 13 29 35 17 11 54 18 37 24 0 29 12 27 29 16 6 7 27 22 47 4 69 34 35 30 52 49 49 35 17 2 13 24 19 42 33 30 20 42
28 14 6 6 6 19 37 19 47 3 20 23 35 0 10 6 32 18 18 17 27 18 42 23 29 12 8 20 46 13 13 34 25 26 26 18 7 31 15 27 16 47
76 29 25 5 22 30 18 3 36 19 23 29 14 15 0 12 47 28 4 8 26 9 26 17 47 6 15 13 31 25 36 30 21 23 6 29 10 26 15 17 25 66
40 12 20 5 4 31 20 6 60 7 44 18 24 12 13 0 19 25 7 11 27 13 52 24 34 6 8 12 43 27 23 35 19 21 14 25 3 35 17 17 18 58
8 17 42 36 25 38 21 30 7 40 57 18 51 16 53 25 0 63 36 69 11 39 7 67 10 32 20 27 52 35 43 39 29 66 63 70 21 21 20 32 22 13
44 19 9 17 19 35 23 22 52 12 33 48 25 9 19 22 60 0 12 18 32 21 45 12 41 27 16 4 55 14 16 44 49 36 41 5 12 68 38 23 7 76
46 32 35 12 15 38 22 3 34 18 64 21 10 28 2 8 36 11 0 9 44 11 46 7 59 9 26 28 32 25 34 51 18 7 8 20 21 28 17 9 21 69
44 43 26 15 14 41 24 5 72 14 20 26 5 27 6 14 59 9 6 0 54 14 60 3 36 9 29 7 50 28 35 46 24 10 10 10 21 51 34 26 15 70
24 17 12 41 25 19 22 34 21 21 47 31 34 22 41 14 12 19 25 22 0 43 15 34 6 43 10 16 36 38 18 44 51 69 29 19 26 45 15 22 40 13
28 17 35 13 15 17 16 7 37 16 60 16 17 28 3 18 32 24 9 11 44 0 37 15 29 4 13 21 37 54 26 23 16 13 6 21 20 31 24 6 29 49
5 28 43 23 41 30 54 59 5 25 44 15 85 22 25 24 7 29 54 58 21 51 0 47 27 36 38 58 58 58 39 36 24 79 55 46 19 43 16 57 48 7
80 19 19 10 30 50 24 8 52 28 26 41 9 29 15 13 28 14 13 3 45 15 49 0 38 13 19 12 48 27 42 64 28 10 24 12 21 46 21 31 19 69
27 14 11 18 18 46 41 37 30 20 19 32 49 27 31 37 16 18 38 27 10 35 21 50 0 37 18 16 48 26 13 52 54 47 57 18 14 51 26 33 28 14
50 35 17 8 7 25 8 7 32 8 32 17 18 10 9 8 41 41 9 24 26 2 31 16 25 0 25 14 32 26 27 32 12 14 4 42 16 33 22 6 23 68
38 13 11 24 4 29 14 13 19 9 28 10 46 8 12 11 19 30 30 19 10 21 17 30 13 10 0 15 31 18 13 28 21 36 14 31 8 18 9 21 16 33
71 24 6 16 20 28 44 19 37 12 19 31 28 10 14 19 63 3 18 11 31 22 68 15 21 36 12 0 39 14 12 30 23 13 31 3 21 66 29 44 4 68
35 57 61 43 19 8 5 35 54 48 94 13 57 36 25 43 32 48 47 26 29 28 28 64 48 31 47 38 0 41 45 13 8 44 26 27 29 8 26 13 54 57
45 9 9 29 29 53 26 25 63 16 14 54 18 13 29 19 43 10 44 19 22 42 30 19 30 53 21 20 54 0 14 68 68 44 37 12 35 72 43 54 11 30
50 5 11 17 16 25 59 37 50 11 21 29 55 19 34 30 17 24 28 35 19 44 43 31 15 17 12 11 27 7 0 50 59 48 20 26 22 49 35 43 10 46
23 53 55 36 30 4 13 39 47 44 42 15 33 48 42 25 31 36 50 24 37 32 47 28 31 17 35 47 19 72 47 0 11 45 24 41 15 4 17 20 46 43
73 58 42 31 17 19 3 22 73 23 48 12 15 29 12 19 20 43 25 19 21 18 49 19 64 14 25 52 7 61 60 25 0 42 5 51 29 16 20 7 27 42
96 34 37 18 21 58 38 12 79 27 64 24 2 18 17 32 83 27 18 9 54 28 33 7 38 24 32 21 36 30 57 26 22 0 32 16 23 27 55 36 25 85
30 34 31 17 14 19 10 11 62 13 76 23 33 32 10 25 57 47 8 24 30 4 30 25 37 6 29 42 25 27 24 23 11 28 0 27 14 32 21 7 47 67
41 19 17 18 25 34 24 24 53 23 36 26 17 19 23 11 39 3 28 25 44 38 73 16 41 28 31 4 77 16 14 49 28 27 39 0 31 72 21 45 6 41
47 19 11 8 8 32 13 7 50 2 22 20 15 5 9 3 37 19 19 18 28 9 29 17 25 15 8 16 29 29 25 18 15 25 17 21 0 21 21 11 15 46
37 58 30 38 14 4 18 20 32 40 38 14 27 33 27 39 19 29 25 54 22 24 51 33 54 18 26 37 6 40 32 5 18 47 31 60 22 0 19 13 57 38
16 29 27 33 13 12 23 22 15 18 61 9 44 23 36 29 14 37 23 20 13 26 27 47 11 17 14 22 24 41 26 12 31 26 27 20 10 18 0 30 38 33
40 22 15 23 20 8 4 20 43 23 49 7 23 20 11 16 19 18 9 29 36 5 41 17 35 4 27 24 18 32 42 26 6 33 4 20 20 23 23 0 47 24
44 8 5 21 23 57 42 15 25 14 16 38 26 6 12 23 22 6 28 22 28 20 22 24 25 31 20 5 60 14 9 64 45 28 21 7 24 36 27 35 0 42
0 33 27 35 29 30 37 70 1 43 51 37 81 24 53 57 7 73 60 66 19 42 4 40 17 32 22 57 56 42 30 22 55 75 56 50 42 43 15 49 55 0