7
40
,
0 (11.0, 37.0) 70.0
1 (18.0, 36.0) 58.0
2 (34.0, 33.0) 73.0
3 (27.0, 24.0) 83.0
4 (39.0, 7.0) 34.0
5 (46.0, 14.0) 45.0
6 (38.0, 35.0) 50.0
7 (1.0, 1.0) 71.0
8 (26.0, 31.0) 54.0
9 (0.0, 49.0) 62.0
10 (32.0, 14.0) 31.0
11 (45.0, 47.0) 64.0
12 (23.0, 31.0) 72.0
13 (40.0, 33.0) 43.0
14 (31.0, 29.0) 76.0
15 (10.0, 4.0) 54.0
16 (22.0, 46.0) 59.0
17 (42.0, 36.0) 62.0
18 (39.0, 42.0) 87.0
19 (11.0, 16.0) 57.0
20 (43.0, 28.0) 41.0
21 (5.0, 3.0) 40.0
22 (38.0, 45.0) 42.0
23 (5.0, 22.0) 77.0
24 (40.0, 25.0) 54.0
25 (21.0, 24.0) 43.0
26 (25.0, 45.0) 88.0
27 (50.0, 4.0) 36.0
28 (9.0, 44.0) 54.0
29 (10.0, 33.0) 73.0
30 (37.0, 2.0) 44.0
31 (48.0, 17.0) 43.0
32 (46.0, 48.0) 46.0
33 (47.0, 25.0) 52.0
34 (24.0, 49.0) 34.0
35 (29.0, 29.0) 34.0
36 (41.0, 3.0) 45.0
37 (23.0, 11.0) 34.0
38 (43.0, 20.0) 33.0
39 (19.0, 42.0) 57.0
,
0 19 20 24 18 20 24 26 1 20 24 17 33 19 26 21 5 25 28 29 10 26 3 29 11 24 16 26 25 22 17 19 25 33 27 27 21 21 13 24 23 0
19 0 4 12 10 21 21 14 19 8 8 16 18 7 15 11 17 7 16 14 10 17 17 14 8 16 8 8 26 4 2 22 21 18 19 9 10 23 14 18 5 19
20 4 0 8 8 18 18 10 19 5 11 13 15 4 11 7 16 5 12 11 11 13 18 11 10 12 6 6 23 6 4 19 18 15 16 7 7 20 13 15 3 20
24 12 8 0 6 13 11 2 23 4 19 10 9 6 3 2 19 9 4 5 14 5 21 6 16 5 8 8 17 14 12 16 11 10 8 9 3 15 12 8 9 24
18 10 8 6 0 10 11 8 17 4 18 6 15 4 8 3 13 11 10 11 9 8 15 12 11 7 3 11 15 13 10 12 11 15 10 13 3 13 7 8 10 18
20 21 18 13 10 0 5 14 19 14 29 5 20 14 13 12 15 21 15 18 15 11 17 19 19 9 12 20 6 24 19 3 7 21 10 22 12 2 8 7 20 20
24 21 18 11 11 5 0 11 23 13 29 7 17 14 10 11 19 20 11 14 18 7 21 16 21 6 13 19 5 24 20 8 2 17 6 21 11 6 12 3 19 24
26 14 10 2 8 14 11 0 25 6 20 11 7 8 1 5 21 10 2 4 17 4 23 5 18 5 10 8 17 15 14 17 10 8 7 10 5 16 14 8 10 26
1 19 19 23 17 19 23 25 0 20 24 17 32 19 25 21 5 25 27 28 9 25 2 29 11 23 15 25 25 22 17 18 25 33 26 27 20 20 12 23 22 1
20 8 5 4 4 14 13 6 20 0 16 9 12 2 7 3 16 8 8 9 11 9 18 9 11 8 4 7 18 11 8 16 13 13 11 9 2 16 10 10 7 20
24 8 11 19 18 29 29 20 24 16 0 24 23 15 22 18 23 11 22 20 17 24 23 19 14 23 16 13 34 5 9 30 29 23 26 12 18 31 22 26 10 24
17 16 13 10 6 5 7 11 17 9 24 0 18 10 10 8 12 17 12 14 11 9 15 16 14 7 7 16 10 19 15 6 8 18 9 18 8 7 5 6 15 17
33 18 15 9 15 20 17 7 32 12 23 18 0 14 7 11 28 12 6 4 23 10 30 4 24 11 17 10 22 18 19 23 15 1 11 11 12 22 21 14 13 33
19 7 4 6 4 14 14 8 19 2 15 10 14 0 9 4 15 8 10 10 10 10 17 10 10 9 4 7 19 10 7 16 14 14 12 9 3 17 10 11 6 19
26 15 11 3 8 13 10 1 25 7 22 10 7 9 0 5 21 11 2 5 17 3 23 6 18 4 11 10 15 16 15 16 9 8 5 11 6 15 14 7 11 26
21 11 7 2 3 12 11 5 21 3 18 8 11 4 5 0 16 10 7 8 12 6 18 9 13 5 6 9 16 13 11 14 10 12 8 11 1 14 10 8 9 21
5 17 16 19 13 15 19 21 5 16 23 12 28 15 21 16 0 22 23 24 6 20 3 25 9 18 11 22 20 20 14 14 20 28 21 24 16 16 7 18 20 5
25 7 5 9 11 21 20 10 25 8 11 17 12 8 11 10 22 0 11 9 16 14 23 8 15 14 11 2 25 7 9 23 19 12 16 2 9 24 18 17 2 25
28 16 12 4 10 15 11 2 27 8 22 12 6 10 2 7 23 11 0 3 18 4 25 5 20 6 12 10 16 17 16 17 10 6 6 11 7 17 16 8 12 28
29 14 11 5 11 18 14 4 28 9 20 14 4 10 5 8 24 9 3 0 19 7 26 2 20 9 13 7 20 15 15 20 13 5 9 8 8 20 17 11 10 29
10 10 11 14 9 15 18 17 9 11 17 11 23 10 17 12 6 16 18 19 0 17 7 20 4 15 6 16 20 14 9 15 19 24 19 18 11 16 6 16 14 10
26 17 13 5 8 11 7 4 25 9 24 9 10 10 3 6 20 14 4 7 17 0 23 9 19 2 11 12 12 19 17 13 6 10 2 14 7 13 13 4 14 26
3 17 18 21 15 17 21 23 2 18 23 15 30 17 23 18 3 23 25 26 7 23 0 27 10 21 13 23 23 21 15 16 23 30 24 25 18 18 10 21 21 3
29 14 11 6 12 19 16 5 29 9 19 16 4 10 6 9 25 8 5 2 20 9 27 0 20 10 14 6 21 15 15 22 15 4 11 7 9 21 19 13 10 29
11 8 10 16 11 19 21 18 11 11 14 14 24 10 18 13 9 15 20 20 4 19 10 20 0 18 8 15 24 11 6 19 22 24 21 17 12 20 11 19 12 11
24 16 12 5 7 9 6 5 23 8 23 7 11 9 4 5 18 14 6 9 15 2 21 10 18 0 10 12 12 18 16 12 6 12 4 14 6 11 11 3 14 24
16 8 6 8 3 12 13 10 15 4 16 7 17 4 11 6 11 11 12 13 6 11 13 14 8 10 0 11 18 12 7 14 14 17 13 13 5 14 7 11 9 16
26 8 6 8 11 20 19 8 25 7 13 16 10 7 10 9 22 2 10 7 16 12 23 6 15 12 11 0 24 8 10 22 18 11 15 2 8 22 17 15 3 26
25 26 23 17 15 6 5 17 25 18 34 10 22 19 15 16 20 25 16 20 20 12 23 21 24 12 18 24 0 29 25 7 7 22 11 26 16 5 14 9 25 25
22 4 6 14 13 24 24 15 22 11 5 19 18 10 16 13 20 7 17 15 14 19 21 15 11 18 12 8 29 0 6 25 24 19 21 8 12 26 18 21 5 22
17 2 4 12 10 19 20 14 17 8 9 15 19 7 15 11 14 9 16 15 9 17 15 15 6 16 7 10 25 6 0 21 21 20 19 11 10 22 13 18 6 17
19 22 19 16 12 3 8 17 18 16 30 6 23 16 16 14 14 23 17 20 15 13 16 22 19 12 14 22 7 25 21 0 9 23 13 24 14 2 8 9 22 19
25 21 18 11 11 7 2 10 25 13 29 8 15 14 9 10 20 19 10 13 19 6 23 15 22 6 14 18 7 24 21 9 0 16 4 20 11 8 13 3 19 25
33 18 15 10 15 21 17 8 33 13 23 18 1 14 8 12 28 12 6 5 24 10 30 4 24 12 17 11 22 19 20 23 16 0 12 11 13 23 22 14 14 33
27 19 16 8 10 10 6 7 26 11 26 9 11 12 5 8 21 16 6 9 19 2 24 11 21 4 13 15 11 21 19 13 4 12 0 17 9 11 14 3 16 27
27 9 7 9 13 22 21 10 27 9 12 18 11 9 11 11 24 2 11 8 18 14 25 7 17 14 13 2 26 8 11 24 20 11 17 0 10 25 19 17 4 27
21 10 7 3 3 12 11 5 20 2 18 8 12 3 6 1 16 9 7 8 11 7 18 9 12 6 5 8 16 12 10 14 11 13 9 10 0 14 9 8 8 21
21 23 20 15 13 2 6 16 20 16 31 7 22 17 15 14 16 24 17 20 16 13 18 21 20 11 14 22 5 26 22 2 8 23 11 25 14 0 10 9 22 21
13 14 13 12 7 8 12 14 12 10 22 5 21 10 14 10 7 18 16 17 6 13 10 19 11 11 7 17 14 18 13 8 13 22 14 19 9 10 0 11 16 13
24 18 15 8 8 7 3 8 23 10 26 6 14 11 7 8 18 17 8 11 16 4 21 13 19 3 11 15 9 21 18 9 3 14 3 17 8 9 11 0 16 24
23 5 3 9 10 20 19 10 22 7 10 15 13 6 11 9 20 2 12 10 14 14 21 10 12 14 9 3 25 5 6 22 19 14 16 4 8 22 16 16 0 23
0 19 20 24 18 20 24 26 1 20 24 17 33 19 26 21 5 25 28 29 10 26 3 29 11 24 16 26 25 22 17 19 25 33 27 27 21 21 13 24 23 0
,
0 48 55 41 43 57 68 31 1 28 40 40 89 50 62 49 8 74 32 33 14 29 3 75 30 41 25 27 67 31 37 36 68 66 31 34 26 32 38 30 27 0
32 0 8 12 26 22 54 40 21 21 21 43 21 18 25 14 37 12 24 31 16 44 35 37 10 35 23 19 39 7 3 43 57 21 47 14 25 61 16 34 6 30
22 5 0 18 16 29 18 14 53 10 24 30 34 4 14 17 40 12 14 16 12 23 47 19 28 14 10 15 31 9 11 45 45 27 36 10 8 30 16 29 3 30
62 14 24 0 14 23 12 6 42 8 42 22 22 6 8 3 23 9 7 14 41 13 51 17 28 11 8 19 33 27 15 31 18 25 12 18 8 31 28 11 26 27
38 30 13 7 0 11 30 23 45 10 49 16 30 8 11 8 23 23 27 30 14 9 45 19 23 14 6 31 19 27 22 25 23 32 14 33 7 23 9 24 29 38
28 33 48 39 28 0 12 39 38 34 47 11 52 22 19 17 35 40 27 32 41 29 46 50 42 18 28 25 10 32 24 5 19 39 10 60 33 4 17 19 29 54
72 32 46 29 18 13 0 16 36 25 36 10 37 18 10 18 32 50 27 33 38 21 60 24 27 11 31 42 12 54 36 19 5 17 13 29 32 9 32 4 31 35
51 29 16 2 11 19 16 0 70 17 45 20 16 13 3 13 38 15 3 5 39 8 52 8 38 10 28 11 34 20 18 26 26 23 16 28 9 44 34 10 30 72
2 19 38 51 25 45 39 28 0 49 48 31 85 26 57 48 5 62 75 66 27 29 4 47 22 27 42 71 72 56 23 43 30 96 73 37 35 50 34 35 41 1
24 18 13 5 7 31 24 7 46 0 44 26 26 4 9 4 25 19 13 19 11 16 51 15 15 15 11 14 34 12 9 19 19 22 23 13 4 34 26 29 8 34
72 13 25 44 46 59 69 54 49 18 0 49 28 43 61 38 42 32 38 39 21 62 34 47 17 69 47 28 79 15 15 42 57 58 54 33 32 76 65 72 27 28
50 35 31 20 14 14 18 18 33 25 56 0 28 24 27 10 17 40 18 21 22 21 28 30 22 10 15 44 27 25 36 12 16 48 14 25 21 12 11 13 32 18
66 34 35 15 39 31 26 9 57 37 49 18 0 14 18 19 75 22 10 12 47 24 41 6 69 24 30 21 29 39 26 45 18 1 18 14 24 22 46 30 39 89
37 18 9 6 6 34 20 10 23 2 21 25 24 0 14 7 43 22 26 22 11 14 37 26 17 10 4 12 44 25 18 35 31 35 35 15 7 22 17 34 13 34
29 27 20 5 11 15 12 2 52 10 45 13 22 14 0 13 52 17 4 5 31 4 64 15 35 11 12 24 20 20 29 27 17 13 9 28 13 32 23 9 13 33
25 12 13 5 8 15 25 5 21 6 51 19 31 4 8 0 42 15 17 9 28 9 38 17 39 15 13 19 27 39 11 22 13 13 16 30 2 35 27 9 23 49
14 39 48 43 37 38 37 61 5 21 29 19 32 44 55 33 0 44 29 39 17 58 3 42 20 25 22 36 25 59 20 36 51 61 27 57 44 36 21 39 30 13
65 9 7 18 14 53 59 17 45 15 15 44 26 21 13 25 43 0 21 16 36 17 59 10 35 27 24 2 29 7 11 25 50 28 48 3 11 36 34 33 4 72
32 28 23 13 21 34 25 3 45 23 25 26 10 23 4 10 35 17 0 5 38 11 43 5 27 11 35 25 29 43 26 24 28 7 12 25 17 31 46 14 31 54
55 36 18 13 27 25 17 5 66 21 36 37 5 29 7 11 70 17 10 0 40 9 76 2 22 17 19 11 49 27 23 55 16 13 25 21 20 22 33 28 13 35
16 27 26 39 14 16 18 26 14 15 24 25 34 12 23 17 13 19 38 26 0 24 16 44 5 35 8 32 43 24 25 22 26 65 47 23 33 23 12 21 22 15
38 39 27 12 15 14 13 7 38 12 57 19 15 18 7 7 21 20 5 14 25 0 27 10 44 2 14 27 21 33 35 33 17 13 4 41 20 33 36 8 27 71
8 17 24 52 18 25 22 26 3 26 67 31 39 20 24 26 4 67 44 63 10 49 0 53 21 47 29 61 67 57 30 46 51 42 55 60 39 39 22 54 55 7
72 22 11 17 23 46 21 7 35 15 37 20 7 23 14 11 64 17 5 5 26 21 78 0 44 23 39 9 28 24 16 60 27 7 11 13 25 31 46 34 19 72
16 23 16 38 17 54 27 39 24 34 35 40 45 20 54 33 11 28 58 49 11 24 24 54 0 49 13 30 71 19 6 54 53 35 60 40 25 26 16 19 29 22
36 38 20 15 14 24 8 10 24 13 66 20 13 12 12 7 51 36 11 10 45 6 29 22 20 0 19 33 28 28 22 21 12 32 6 23 13 17 23 9 15 43
35 15 13 17 7 24 20 18 37 11 39 8 46 6 14 16 31 27 30 31 14 28 38 34 18 18 0 13 46 27 9 35 34 30 27 22 8 36 16 13 22 33
63 10 13 11 21 23 27 19 44 11 19 25 12 9 14 13 48 4 12 21 31 24 57 19 41 26 12 0 56 9 16 38 43 20 45 6 23 35 26 44 9 71
63 74 35 37 23 14 12 33 58 50 39 26 41 52 20 26 40 53 26 25 30 35 65 32 25 19 19 44 0 63 48 11 13 46 24 39 46 7 18 9 54 63
36 10 14 26 19 67 58 42 29 23 10 40 43 17 35 27 45 18 18 16 34 54 33 44 23 29 33 16 60 0 16 47 69 26 30 14 14 56 48 32 7 30
50 3 7 21 10 25 44 28 18 12 17 22 51 19 26 11 40 11 45 38 15 18 36 29 11 31 9 19 37 11 0 31 47 32 47 28 19 24 19 30 12 48
40 39 53 17 30 5 18 35 29 18 68 17 60 25 32 17 33 62 43 52 31 31 34 36 49 23 40 67 11 43 56 0 14 59 25 61 31 6 14 28 51 19
70 50 25 14 32 18 2 13 69 16 52 8 20 27 21 24 49 25 26 28 53 9 40 42 53 16 26 18 19 32 35 11 0 43 9 57 31 20 29 4 45 56
72 35 44 23 15 22 42 19 78 14 36 42 1 26 8 22 43 14 14 13 39 21 81 12 48 35 51 12 46 43 46 40 21 0 23 32 33 52 29 39 24 36
65 33 21 9 26 20 16 15 30 12 69 14 32 24 14 23 47 19 13 21 37 6 38 28 35 8 20 41 19 47 30 17 9 33 0 23 20 13 28 6 31 43
74 15 13 15 34 43 21 11 62 24 13 26 27 26 14 29 40 3 25 24 48 26 58 10 33 30 31 3 46 11 13 69 42 29 22 0 21 71 42 51 8 38
29 23 17 9 8 21 15 13 25 4 29 13 35 6 6 2 26 16 15 22 24 13 43 20 20 14 10 13 48 13 14 39 32 16 10 16 0 20 23 18 18 26
45 23 23 30 20 6 11 30 45 43 68 18 37 18 42 37 31 27 41 35 47 36 40 22 40 16 17 26 10 76 48 5 11 61 14 47 19 0 26 15 46 38
26 24 17 36 18 13 19 30 15 22 37 8 42 15 41 27 13 34 37 46 14 25 23 43 19 29 12 29 16 49 18 13 38 61 39 21 25 16 0 23 29 13
62 40 24 17 22 10 6 9 58 12 75 18 22 17 15 18 39 28 10 18 28 12 40 21 20 5 32 15 12 48 41 19 5 21 4 31 21 17 21 0 42 30
54 12 9 13 24 39 41 10 53 7 27 36 34 12 12 21 42 3 18 11 28 39 35 17 27 34 19 10 58 12 14 53 52 35 42 10 13 27 39 20 0 68
0 56 30 38 32 21 63 55 1 38 60 26 87 23 75 42 14 26 47 55 26 37 5 53 24 56 27 37 70 31 28 42 69 79 53 80 42 29 29 65 42 0