7
40
,
0 (0.0, 26.0) 44.0
1 (42.0, 48.0) 19.0
2 (5.0, 6.0) 13.0
3 (11.0, 42.0) 17.0
4 (33.0, 48.0) 12.0
5 (42.0, 50.0) 13.0
6 (35.0, 12.0) 41.0
7 (31.0, 4.0) 24.0
8 (31.0, 21.0) 12.0
9 (24.0, 16.0) 20.0
10 (42.0, 20.0) 39.0
11 (5.0, 32.0) 11.0
12 (19.0, 35.0) 18.0
13 (17.0, 8.0) 31.0
14 (21.0, 42.0) 13.0
15 (46.0, 4.0) 35.0
16 (8.0, 10.0) 13.0
17 (9.0, 18.0) 40.0
18 (19.0, 15.0) 47.0
19 (13.0, 32.0) 47.0
20 (43.0, 39.0) 13.0
21 (46.0, 43.0) 46.0
22 (8.0, 12.0) 18.0
23 (24.0, 19.0) 26.0
24 (43.0, 14.0) 20.0
25 (2.0, 3.0) 13.0
26 (40.0, 39.0) 29.0
27 (17.0, 49.0) 12.0
28 (33.0, 16.0) 23.0
29 (32.0, 14.0) 11.0
30 (10.0, 39.0) 21.0
31 (31.0, 13.0) 34.0
32 (1.0, 48.0) 19.0
33 (0.0, 4.0) 11.0
34 (48.0, 12.0) 46.0
35 (37.0, 21.0) 19.0
36 (32.0, 41.0) 26.0
37 (38.0, 21.0) 49.0
38 (49.0, 29.0) 11.0
39 (4.0, 26.0) 10.0
,
0 9 4 4 8 10 8 8 6 5 8 2 4 5 5 10 4 2 4 3 9 10 3 5 9 5 8 6 7 7 3 7 4 4 10 7 7 8 10 1
9 0 11 6 2 0 7 9 6 7 6 8 5 9 4 9 10 9 8 7 2 1 10 7 7 12 2 5 7 7 7 7 8 12 7 5 2 5 4 9
4 11 0 7 10 11 6 5 6 4 8 5 6 2 8 8 1 3 3 5 10 11 1 5 8 1 10 9 6 6 7 5 8 1 9 7 9 7 10 4
4 6 7 0 5 6 8 9 6 6 8 2 2 7 2 10 6 5 6 2 6 7 6 5 9 8 6 2 7 7 1 7 2 8 10 7 4 7 8 3
8 2 10 5 0 2 7 9 5 7 6 6 4 9 3 9 9 8 7 5 3 3 9 6 7 11 2 3 6 7 5 7 6 11 8 5 1 5 5 7
10 0 11 6 2 0 8 9 6 8 6 8 5 10 4 9 10 9 8 7 2 2 10 7 7 12 2 5 7 7 7 8 8 12 8 6 3 6 4 9
8 7 6 8 7 8 0 2 2 2 2 7 6 4 7 3 5 5 3 6 6 7 5 3 2 7 5 8 1 1 7 1 10 7 3 2 6 2 4 7
8 9 5 9 9 9 2 0 3 3 4 8 7 3 8 3 5 5 3 7 7 8 5 3 3 6 7 9 2 2 8 2 11 6 4 4 7 4 6 7
6 6 6 6 5 6 2 3 0 2 2 6 4 4 5 5 5 4 3 4 4 5 5 1 3 7 4 6 1 1 6 2 8 7 4 1 4 1 4 5
5 7 4 6 7 8 2 3 2 0 4 5 4 2 5 5 3 3 1 4 6 7 3 1 4 5 6 7 2 2 5 2 8 5 5 3 5 3 6 4
8 6 8 8 6 6 2 4 2 4 0 8 5 6 6 3 7 7 5 6 4 5 7 4 1 9 4 8 2 2 7 3 10 9 2 1 5 1 2 8
2 8 5 2 6 8 7 8 6 5 8 0 3 5 4 10 4 3 4 2 8 8 4 5 8 6 7 4 6 6 2 6 3 6 9 7 6 7 9 1
4 5 6 2 4 5 6 7 4 4 5 3 0 5 1 8 5 4 4 1 5 6 5 3 6 7 4 3 5 5 2 5 4 7 7 5 3 5 6 3
5 9 2 7 9 10 4 3 4 2 6 5 5 0 7 6 2 3 1 5 8 9 2 3 5 3 8 8 4 3 6 3 9 3 6 5 7 5 8 4
5 4 8 2 3 4 7 8 5 5 6 4 1 7 0 9 7 5 5 3 4 5 7 5 7 9 4 2 6 6 2 6 4 9 8 5 2 5 6 5
10 9 8 10 9 9 3 3 5 5 3 10 8 6 9 0 8 8 6 9 7 8 8 5 2 9 7 11 4 3 10 3 13 9 2 4 8 4 5 9
4 10 1 6 9 10 5 5 5 3 7 4 5 2 7 8 0 2 2 5 9 10 0 4 7 2 9 8 5 5 6 5 8 2 8 6 8 6 9 3
2 9 3 5 8 9 5 5 4 3 7 3 4 3 5 8 2 0 2 3 8 9 1 3 7 3 7 6 5 5 4 5 6 3 8 6 7 6 8 2
4 8 3 6 7 8 3 3 3 1 5 4 4 1 5 6 2 2 0 4 7 8 2 1 5 4 6 7 3 3 5 2 8 4 6 4 6 4 7 4
3 7 5 2 5 7 6 7 4 4 6 2 1 5 3 9 5 3 4 0 6 7 4 3 7 6 6 3 5 5 2 5 4 6 8 5 4 5 7 2
9 2 10 6 3 2 6 7 4 6 4 8 5 8 4 7 9 8 7 6 0 1 9 6 5 11 1 6 5 5 7 6 9 11 5 4 2 4 2 8
10 1 11 7 3 2 7 8 5 7 5 8 6 9 5 8 10 9 8 7 1 0 10 7 6 12 1 6 6 6 7 7 9 12 6 5 3 5 3 9
3 10 1 6 9 10 5 5 5 3 7 4 5 2 7 8 0 1 2 4 9 10 0 3 7 2 8 8 5 5 5 5 7 2 8 6 8 6 9 3
5 7 5 5 6 7 3 3 1 1 4 5 3 3 5 5 4 3 1 3 6 7 3 0 4 5 5 6 2 2 5 2 7 6 5 3 5 3 5 4
9 7 8 9 7 7 2 3 3 4 1 8 6 5 7 2 7 7 5 7 5 6 7 4 0 8 5 9 2 2 8 2 11 9 1 2 6 2 3 8
5 12 1 8 11 12 7 6 7 5 9 6 7 3 9 9 2 3 4 6 11 12 2 5 8 0 10 10 7 6 7 6 9 0 9 8 10 8 11 5
8 2 10 6 2 2 5 7 4 6 4 7 4 8 4 7 9 7 6 6 1 1 8 5 5 10 0 5 5 5 6 6 8 11 6 4 2 4 3 8
6 5 9 2 3 5 8 9 6 7 8 4 3 8 2 11 8 6 7 3 6 6 8 6 9 10 5 0 7 8 2 8 3 10 10 7 3 7 8 5
7 7 6 7 6 7 1 2 1 2 2 6 5 4 6 4 5 5 3 5 5 6 5 2 2 7 5 7 0 0 7 1 9 7 3 1 5 1 4 6
7 7 6 7 7 7 1 2 1 2 2 6 5 3 6 3 5 5 3 5 5 6 5 2 2 6 5 8 0 0 7 0 9 7 3 2 5 2 5 6
3 7 7 1 5 7 7 8 6 5 7 2 2 6 2 10 6 4 5 2 7 7 5 5 8 7 6 2 7 7 0 7 3 7 9 6 4 7 8 3
7 7 5 7 7 8 1 2 2 2 3 6 5 3 6 3 5 5 2 5 6 7 5 2 2 6 6 8 1 0 7 0 9 6 3 2 6 2 5 6
4 8 8 2 6 8 10 11 8 8 10 3 4 9 4 13 8 6 8 4 9 9 7 7 11 9 8 3 9 9 3 9 0 9 12 9 6 9 10 4
4 12 1 8 11 12 7 6 7 5 9 6 7 3 9 9 2 3 4 6 11 12 2 6 9 0 11 10 7 7 7 6 9 0 10 8 10 8 11 4
10 7 9 10 8 8 3 4 4 5 2 9 7 6 8 2 8 8 6 8 5 6 8 5 1 9 6 10 3 3 9 3 12 10 0 3 7 3 3 9
7 5 7 7 5 6 2 4 1 3 1 7 5 5 5 4 6 6 4 5 4 5 6 3 2 8 4 7 1 2 6 2 9 8 3 0 4 0 3 7
7 2 9 4 1 3 6 7 4 5 5 6 3 7 2 8 8 7 6 4 2 3 8 5 6 10 2 3 5 5 4 6 6 10 7 4 0 4 4 6
8 5 7 7 5 6 2 4 1 3 1 7 5 5 5 4 6 6 4 5 4 5 6 3 2 8 4 7 1 2 7 2 9 8 3 0 4 0 3 7
10 4 10 8 5 4 4 6 4 6 2 9 6 8 6 5 9 8 7 7 2 3 9 5 3 11 3 8 4 5 8 5 10 11 3 3 4 3 0 9
1 9 4 3 7 9 7 7 5 4 8 1 3 4 5 9 3 2 4 2 8 9 3 4 8 5 8 5 6 6 3 6 4 4 9 7 6 7 9 0
,
0 49 21 24 48 44 44 45 35 30 50 9 21 13 20 41 22 7 13 15 43 58 12 25 57 13 57 40 25 47 21 24 14 32 61 43 39 24 40 3
26 0 80 35 7 3 36 55 16 38 26 39 17 26 21 62 32 64 54 41 7 3 50 25 40 81 10 16 46 52 49 24 28 47 26 31 8 19 30 44
30 45 0 44 26 29 29 33 27 27 40 14 21 10 56 45 7 7 14 30 74 61 9 13 26 6 70 63 20 17 32 34 47 3 26 32 47 27 68 11
28 46 42 0 33 32 28 48 25 17 42 10 8 51 5 47 31 24 23 10 43 39 40 22 41 54 26 10 40 26 2 48 17 27 61 19 14 46 23 19
48 5 43 11 0 10 51 50 16 47 35 46 26 47 7 57 27 35 51 20 10 10 39 32 26 33 16 22 45 43 22 43 44 32 26 36 6 33 37 52
40 3 81 26 10 0 40 50 16 50 25 49 22 73 25 59 38 25 31 29 13 11 72 47 29 37 11 29 27 54 25 31 36 86 26 20 13 33 28 65
43 33 16 50 48 24 0 7 14 10 7 28 22 24 39 8 28 17 11 22 19 37 23 10 5 25 29 40 6 5 42 4 50 23 12 7 35 14 30 19
31 59 25 62 61 58 11 0 23 9 21 25 23 11 23 8 32 18 9 23 40 51 34 14 16 30 31 61 13 14 40 13 71 36 14 19 47 20 39 39
20 24 26 24 21 38 13 18 0 7 8 39 26 18 27 33 38 18 17 24 20 14 36 4 16 49 19 33 4 9 14 10 50 29 16 4 14 5 21 30
26 30 11 35 27 23 17 12 9 0 11 14 17 14 19 31 13 21 6 20 30 37 16 3 26 30 25 39 6 12 30 5 57 31 19 9 28 14 25 25
39 21 56 41 44 29 13 11 8 13 0 35 14 18 20 21 46 44 31 35 19 19 34 26 3 36 28 56 11 8 36 9 39 35 8 3 19 4 11 44
12 26 37 16 41 56 25 34 23 15 26 0 12 35 22 64 18 12 21 5 43 46 19 18 27 35 47 17 46 36 10 18 15 27 46 31 39 24 46 5
31 18 41 16 11 39 15 26 20 23 17 10 0 25 8 25 35 20 26 7 28 27 31 24 40 27 20 12 23 24 10 29 27 50 41 12 7 25 27 11
16 59 12 20 39 73 23 11 21 15 40 21 29 0 45 20 12 19 7 35 57 37 9 10 34 17 49 32 18 19 20 10 63 12 46 13 27 30 40 15
17 26 27 9 13 12 40 38 33 20 19 24 8 44 0 42 48 35 24 13 32 15 41 25 49 31 11 9 24 30 7 40 13 50 51 32 15 34 46 19
71 59 32 36 42 42 11 13 24 17 11 48 32 18 55 0 24 25 26 32 33 26 39 40 15 51 37 49 15 20 51 18 92 34 7 12 34 24 22 50
22 68 6 37 62 73 30 27 21 17 42 24 22 9 25 39 0 11 8 21 51 54 1 21 37 6 31 26 30 30 31 23 41 6 20 31 54 40 27 25
15 65 10 23 45 28 38 37 31 17 41 10 21 9 24 54 11 0 16 12 24 61 5 21 43 23 29 16 25 28 24 11 28 16 46 21 29 23 51 8
20 45 14 28 43 51 19 12 16 6 12 32 12 9 35 34 15 11 0 17 33 56 13 5 25 30 37 33 8 10 15 11 42 28 19 18 20 20 45 26
21 40 17 13 35 45 41 43 11 19 32 9 8 33 9 45 29 14 9 0 28 49 17 17 46 36 39 12 31 30 10 14 28 45 30 32 24 23 54 11
58 6 57 27 11 6 36 37 23 17 23 35 17 22 21 35 38 60 27 38 0 3 41 29 24 54 2 31 34 36 42 31 32 34 40 11 9 27 16 36
49 9 75 47 16 6 35 44 38 41 29 23 27 35 35 27 53 47 35 27 3 0 63 34 42 33 7 40 23 41 19 28 50 61 43 34 10 21 21 63
15 31 5 26 43 75 19 18 32 21 19 29 21 7 27 33 2 4 13 15 63 56 0 23 46 8 51 33 33 23 17 12 46 16 59 44 50 36 67 10
27 49 15 37 32 25 11 12 5 2 22 12 9 14 18 23 12 19 9 26 41 29 26 0 13 14 38 31 12 10 24 12 37 30 18 12 19 10 23 24
59 39 52 29 25 48 4 14 19 23 8 40 36 17 49 12 52 24 34 27 27 44 26 20 0 52 35 63 14 11 52 7 58 65 8 8 43 7 19 49
15 67 3 33 67 62 24 28 27 21 59 15 50 23 51 53 6 24 14 46 51 51 15 22 55 0 75 45 41 23 47 43 38 3 35 30 47 38 55 32
39 10 32 18 13 16 35 41 12 28 23 50 13 21 19 18 56 54 28 29 4 7 39 15 36 29 0 21 35 25 34 27 51 66 28 10 11 10 19 24
38 14 35 8 9 24 37 63 46 42 23 17 19 50 10 69 26 19 32 20 37 23 24 18 42 69 27 0 22 31 17 58 24 39 40 21 18 51 49 22
22 32 43 42 44 26 5 12 7 8 13 22 16 21 18 24 30 19 12 23 36 36 32 13 8 29 23 49 0 2 21 2 31 19 19 3 29 8 14 23
48 43 16 37 49 40 4 9 8 5 16 27 23 10 22 11 35 31 8 22 17 29 18 6 7 31 33 31 1 0 37 1 56 36 14 5 32 6 17 16
16 28 37 2 29 34 23 49 25 22 44 10 10 35 7 33 41 27 38 11 43 36 14 34 55 48 19 17 17 28 0 43 12 31 63 20 33 44 41 9
39 39 22 20 32 55 4 7 5 8 14 20 15 9 32 11 20 30 16 27 39 30 19 8 13 41 27 41 4 1 20 0 69 32 22 7 26 14 16 44
23 25 28 14 38 53 47 80 31 28 28 18 27 59 27 53 55 18 19 26 53 57 29 22 33 50 24 23 42 43 16 67 0 36 68 51 46 55 31 12
27 36 5 40 68 86 27 27 28 15 38 15 24 25 57 32 11 23 20 33 57 85 10 18 59 2 76 61 31 25 26 27 57 0 25 33 45 53 37 24
69 22 60 47 35 30 12 14 20 30 7 49 32 34 56 12 24 29 28 58 36 38 34 33 5 64 32 49 14 14 67 13 35 41 0 18 38 17 14 47
28 24 28 48 17 27 11 18 4 12 3 35 23 20 23 15 17 36 10 38 26 29 30 8 11 36 11 29 9 10 18 12 40 23 11 0 23 1 8 26
40 9 24 23 6 19 39 39 24 21 20 29 21 53 9 26 39 45 32 23 7 17 27 21 26 32 10 25 33 39 27 28 38 65 20 18 0 24 14 46
31 21 53 40 22 36 8 14 4 15 3 23 30 15 35 26 26 39 16 35 15 24 32 15 11 56 19 47 10 8 34 14 32 61 17 1 21 0 10 29
48 18 58 26 35 24 13 39 29 40 9 33 25 20 28 33 53 33 50 53 17 10 60 21 12 45 8 20 26 33 48 23 41 72 13 11 23 7 0 33
4 64 23 23 45 31 26 36 18 26 32 6 15 24 29 52 16 10 22 12 34 66 18 21 24 30 34 39 36 35 14 45 29 20 38 30 19 23 23 0