7
40
,
0 (0.0, 26.0) 14.0
1 (42.0, 48.0) 13.0
2 (5.0, 6.0) 12.0
3 (11.0, 42.0) 28.0
4 (33.0, 48.0) 28.0
5 (42.0, 50.0) 15.0
6 (35.0, 12.0) 25.0
7 (31.0, 4.0) 26.0
8 (31.0, 21.0) 14.0
9 (24.0, 16.0) 32.0
10 (42.0, 20.0) 16.0
11 (5.0, 32.0) 44.0
12 (19.0, 35.0) 29.0
13 (17.0, 8.0) 15.0
14 (21.0, 42.0) 12.0
15 (46.0, 4.0) 12.0
16 (8.0, 10.0) 13.0
17 (9.0, 18.0) 12.0
18 (19.0, 15.0) 14.0
19 (13.0, 32.0) 15.0
20 (43.0, 39.0) 38.0
21 (46.0, 43.0) 36.0
22 (8.0, 12.0) 17.0
23 (24.0, 19.0) 27.0
24 (43.0, 14.0) 14.0
25 (2.0, 3.0) 13.0
26 (40.0, 39.0) 11.0
27 (17.0, 49.0) 21.0
28 (33.0, 16.0) 12.0
29 (32.0, 14.0) 39.0
30 (10.0, 39.0) 18.0
31 (31.0, 13.0) 12.0
32 (1.0, 48.0) 44.0
33 (0.0, 4.0) 18.0
34 (48.0, 12.0) 22.0
35 (37.0, 21.0) 37.0
36 (32.0, 41.0) 21.0
37 (38.0, 21.0) 18.0
38 (49.0, 29.0) 20.0
39 (4.0, 26.0) 47.0
,
0 9 4 4 8 10 8 8 6 5 8 2 4 5 5 10 4 2 4 3 9 10 3 5 9 5 8 6 7 7 3 7 4 4 10 7 7 8 10 1
9 0 11 6 2 0 7 9 6 7 6 8 5 9 4 9 10 9 8 7 2 1 10 7 7 12 2 5 7 7 7 7 8 12 7 5 2 5 4 9
4 11 0 7 10 11 6 5 6 4 8 5 6 2 8 8 1 3 3 5 10 11 1 5 8 1 10 9 6 6 7 5 8 1 9 7 9 7 10 4
4 6 7 0 5 6 8 9 6 6 8 2 2 7 2 10 6 5 6 2 6 7 6 5 9 8 6 2 7 7 1 7 2 8 10 7 4 7 8 3
8 2 10 5 0 2 7 9 5 7 6 6 4 9 3 9 9 8 7 5 3 3 9 6 7 11 2 3 6 7 5 7 6 11 8 5 1 5 5 7
10 0 11 6 2 0 8 9 6 8 6 8 5 10 4 9 10 9 8 7 2 2 10 7 7 12 2 5 7 7 7 8 8 12 8 6 3 6 4 9
8 7 6 8 7 8 0 2 2 2 2 7 6 4 7 3 5 5 3 6 6 7 5 3 2 7 5 8 1 1 7 1 10 7 3 2 6 2 4 7
8 9 5 9 9 9 2 0 3 3 4 8 7 3 8 3 5 5 3 7 7 8 5 3 3 6 7 9 2 2 8 2 11 6 4 4 7 4 6 7
6 6 6 6 5 6 2 3 0 2 2 6 4 4 5 5 5 4 3 4 4 5 5 1 3 7 4 6 1 1 6 2 8 7 4 1 4 1 4 5
5 7 4 6 7 8 2 3 2 0 4 5 4 2 5 5 3 3 1 4 6 7 3 1 4 5 6 7 2 2 5 2 8 5 5 3 5 3 6 4
8 6 8 8 6 6 2 4 2 4 0 8 5 6 6 3 7 7 5 6 4 5 7 4 1 9 4 8 2 2 7 3 10 9 2 1 5 1 2 8
2 8 5 2 6 8 7 8 6 5 8 0 3 5 4 10 4 3 4 2 8 8 4 5 8 6 7 4 6 6 2 6 3 6 9 7 6 7 9 1
4 5 6 2 4 5 6 7 4 4 5 3 0 5 1 8 5 4 4 1 5 6 5 3 6 7 4 3 5 5 2 5 4 7 7 5 3 5 6 3
5 9 2 7 9 10 4 3 4 2 6 5 5 0 7 6 2 3 1 5 8 9 2 3 5 3 8 8 4 3 6 3 9 3 6 5 7 5 8 4
5 4 8 2 3 4 7 8 5 5 6 4 1 7 0 9 7 5 5 3 4 5 7 5 7 9 4 2 6 6 2 6 4 9 8 5 2 5 6 5
10 9 8 10 9 9 3 3 5 5 3 10 8 6 9 0 8 8 6 9 7 8 8 5 2 9 7 11 4 3 10 3 13 9 2 4 8 4 5 9
4 10 1 6 9 10 5 5 5 3 7 4 5 2 7 8 0 2 2 5 9 10 0 4 7 2 9 8 5 5 6 5 8 2 8 6 8 6 9 3
2 9 3 5 8 9 5 5 4 3 7 3 4 3 5 8 2 0 2 3 8 9 1 3 7 3 7 6 5 5 4 5 6 3 8 6 7 6 8 2
4 8 3 6 7 8 3 3 3 1 5 4 4 1 5 6 2 2 0 4 7 8 2 1 5 4 6 7 3 3 5 2 8 4 6 4 6 4 7 4
3 7 5 2 5 7 6 7 4 4 6 2 1 5 3 9 5 3 4 0 6 7 4 3 7 6 6 3 5 5 2 5 4 6 8 5 4 5 7 2
9 2 10 6 3 2 6 7 4 6 4 8 5 8 4 7 9 8 7 6 0 1 9 6 5 11 1 6 5 5 7 6 9 11 5 4 2 4 2 8
10 1 11 7 3 2 7 8 5 7 5 8 6 9 5 8 10 9 8 7 1 0 10 7 6 12 1 6 6 6 7 7 9 12 6 5 3 5 3 9
3 10 1 6 9 10 5 5 5 3 7 4 5 2 7 8 0 1 2 4 9 10 0 3 7 2 8 8 5 5 5 5 7 2 8 6 8 6 9 3
5 7 5 5 6 7 3 3 1 1 4 5 3 3 5 5 4 3 1 3 6 7 3 0 4 5 5 6 2 2 5 2 7 6 5 3 5 3 5 4
9 7 8 9 7 7 2 3 3 4 1 8 6 5 7 2 7 7 5 7 5 6 7 4 0 8 5 9 2 2 8 2 11 9 1 2 6 2 3 8
5 12 1 8 11 12 7 6 7 5 9 6 7 3 9 9 2 3 4 6 11 12 2 5 8 0 10 10 7 6 7 6 9 0 9 8 10 8 11 5
8 2 10 6 2 2 5 7 4 6 4 7 4 8 4 7 9 7 6 6 1 1 8 5 5 10 0 5 5 5 6 6 8 11 6 4 2 4 3 8
6 5 9 2 3 5 8 9 6 7 8 4 3 8 2 11 8 6 7 3 6 6 8 6 9 10 5 0 7 8 2 8 3 10 10 7 3 7 8 5
7 7 6 7 6 7 1 2 1 2 2 6 5 4 6 4 5 5 3 5 5 6 5 2 2 7 5 7 0 0 7 1 9 7 3 1 5 1 4 6
7 7 6 7 7 7 1 2 1 2 2 6 5 3 6 3 5 5 3 5 5 6 5 2 2 6 5 8 0 0 7 0 9 7 3 2 5 2 5 6
3 7 7 1 5 7 7 8 6 5 7 2 2 6 2 10 6 4 5 2 7 7 5 5 8 7 6 2 7 7 0 7 3 7 9 6 4 7 8 3
7 7 5 7 7 8 1 2 2 2 3 6 5 3 6 3 5 5 2 5 6 7 5 2 2 6 6 8 1 0 7 0 9 6 3 2 6 2 5 6
4 8 8 2 6 8 10 11 8 8 10 3 4 9 4 13 8 6 8 4 9 9 7 7 11 9 8 3 9 9 3 9 0 9 12 9 6 9 10 4
4 12 1 8 11 12 7 6 7 5 9 6 7 3 9 9 2 3 4 6 11 12 2 6 9 0 11 10 7 7 7 6 9 0 10 8 10 8 11 4
10 7 9 10 8 8 3 4 4 5 2 9 7 6 8 2 8 8 6 8 5 6 8 5 1 9 6 10 3 3 9 3 12 10 0 3 7 3 3 9
7 5 7 7 5 6 2 4 1 3 1 7 5 5 5 4 6 6 4 5 4 5 6 3 2 8 4 7 1 2 6 2 9 8 3 0 4 0 3 7
7 2 9 4 1 3 6 7 4 5 5 6 3 7 2 8 8 7 6 4 2 3 8 5 6 10 2 3 5 5 4 6 6 10 7 4 0 4 4 6
8 5 7 7 5 6 2 4 1 3 1 7 5 5 5 4 6 6 4 5 4 5 6 3 2 8 4 7 1 2 7 2 9 8 3 0 4 0 3 7
10 4 10 8 5 4 4 6 4 6 2 9 6 8 6 5 9 8 7 7 2 3 9 5 3 11 3 8 4 5 8 5 10 11 3 3 4 3 0 9
1 9 4 3 7 9 7 7 5 4 8 1 3 4 5 9 3 2 4 2 8 9 3 4 8 5 8 5 6 6 3 6 4 4 9 7 6 7 9 0
,
0 34 17 25 41 30 50 46 17 15 41 8 14 26 14 45 13 13 12 17 23 70 20 35 60 22 55 42 47 29 15 38 31 16 28 55 41 44 26 5
62 0 61 22 7 3 53 52 34 48 41 25 14 51 25 54 74 49 23 25 9 4 32 24 32 52 5 23 48 23 20 35 22 58 47 28 10 29 15 48
24 30 0 44 58 56 44 18 29 23 51 37 28 17 36 52 7 9 11 16 48 65 7 31 46 6 38 51 24 18 34 23 52 5 32 26 28 28 53 18
26 27 48 0 19 23 24 43 37 22 22 17 6 27 13 52 30 13 38 14 21 31 35 34 52 51 28 11 37 49 4 41 12 50 43 42 23 41 48 11
43 9 47 31 0 5 43 50 36 21 16 31 17 56 14 36 56 40 34 30 14 19 34 30 25 67 15 15 25 46 16 24 39 69 50 24 5 20 23 50
59 2 45 19 12 0 55 69 40 53 18 51 19 40 29 36 28 34 35 30 8 5 27 27 37 61 11 24 40 38 17 39 28 83 56 29 11 37 24 30
21 38 34 34 50 26 0 6 12 7 13 41 22 15 27 9 38 32 13 36 28 23 22 12 11 29 34 48 5 3 51 4 52 45 8 9 26 7 24 50
38 65 35 53 57 61 11 0 23 16 26 53 40 8 53 20 12 19 22 19 29 21 19 13 9 30 23 38 9 10 52 7 29 40 17 22 23 26 18 37
37 20 22 16 35 30 13 23 0 6 16 33 18 16 20 34 25 17 9 16 22 14 16 10 17 49 23 27 8 5 39 6 33 22 20 7 27 4 20 33
21 53 21 43 36 35 13 16 7 0 19 16 27 11 14 15 14 9 5 27 36 42 23 3 18 14 15 33 10 10 35 7 21 29 16 16 31 12 18 31
59 34 48 48 38 22 7 18 10 13 0 38 38 23 24 13 42 37 18 18 10 32 50 19 4 54 17 43 9 17 26 15 40 25 14 3 20 5 6 24
11 32 27 6 27 32 41 26 17 17 47 0 10 24 22 50 22 13 28 5 19 33 28 14 53 36 44 29 25 38 11 26 12 31 48 37 33 36 38 5
31 20 18 12 13 20 40 40 16 10 32 19 0 33 10 47 31 10 21 9 29 35 37 20 24 49 19 13 24 36 6 26 19 41 29 28 20 28 30 13
35 57 12 46 45 64 27 19 18 14 34 14 17 0 35 33 8 15 9 33 25 49 7 8 38 18 58 26 12 9 39 8 29 20 40 21 43 30 20 16
17 22 54 13 16 22 44 24 25 22 26 13 11 41 0 43 33 28 19 12 22 28 39 27 44 61 22 8 35 27 8 33 23 62 59 34 6 28 21 15
57 34 44 41 24 41 17 17 14 21 15 65 21 26 50 0 47 29 35 39 18 40 34 32 15 39 34 55 16 22 67 17 66 58 8 25 32 27 27 59
22 72 5 16 46 44 26 13 33 22 38 17 28 7 47 56 0 11 7 29 28 50 3 23 28 12 58 53 29 16 15 34 26 8 35 30 52 22 66 17
9 51 9 13 23 29 26 17 29 14 47 17 28 16 14 29 8 0 10 12 26 51 7 17 22 15 54 34 21 18 27 27 34 10 54 34 41 22 27 12
29 31 17 19 41 45 15 22 7 5 23 13 26 6 25 16 16 12 0 23 45 44 13 9 17 20 40 24 8 19 23 14 23 11 40 26 28 24 36 12
21 21 31 13 35 33 16 18 22 27 27 8 9 18 7 39 30 20 10 0 40 49 11 20 38 25 28 9 31 21 11 21 10 44 39 28 17 27 40 7
60 6 68 44 20 8 30 54 23 18 14 52 25 40 32 35 66 28 18 36 0 3 25 14 28 53 3 21 13 32 41 26 35 29 17 23 9 24 13 47
70 5 78 30 16 10 29 22 15 45 20 59 16 40 31 53 46 40 48 29 4 0 39 19 29 47 6 28 25 39 33 45 63 74 25 35 17 34 9 44
19 45 6 17 28 35 40 30 15 23 45 24 19 5 37 42 3 6 6 22 59 55 0 21 36 8 27 33 29 30 30 18 54 7 30 15 22 33 39 15
23 17 29 24 35 39 10 11 5 3 23 25 12 7 34 22 18 19 5 10 37 31 14 0 14 27 38 28 9 5 17 6 37 28 19 7 17 10 30 19
31 28 50 40 20 19 7 18 21 20 5 51 17 17 41 12 31 21 26 35 15 43 40 28 0 40 18 45 13 13 27 17 63 62 5 11 31 8 24 54
13 72 4 40 81 91 28 37 34 14 58 28 32 14 36 48 13 23 17 20 35 40 14 22 51 0 47 42 47 20 43 19 67 1 27 49 51 39 28 12
49 8 46 17 8 17 21 45 13 14 22 52 30 28 19 34 58 47 25 21 2 6 58 37 37 68 0 17 14 29 18 33 54 38 33 26 5 27 17 44
39 28 33 7 19 36 37 24 16 19 20 23 8 29 7 78 55 34 49 25 14 22 46 25 56 39 14 0 53 24 17 46 9 67 33 35 11 41 20 22
21 43 20 46 25 46 6 17 6 7 11 23 34 14 39 21 28 23 16 30 19 20 31 13 9 42 34 40 0 2 42 5 47 31 16 7 30 6 18 39
37 49 34 44 18 20 5 12 9 9 14 41 15 9 41 23 19 18 18 32 36 43 18 7 11 18 27 37 3 0 17 1 51 33 13 9 17 12 21 39
19 31 38 3 27 29 26 46 27 29 35 7 11 42 7 42 21 27 23 4 19 51 36 14 40 38 21 10 42 44 0 42 13 33 63 32 15 28 22 11
31 46 20 52 30 56 2 6 9 11 10 19 21 8 41 13 26 28 16 31 17 43 12 12 9 45 33 28 4 1 20 0 45 42 16 9 42 7 20 39
26 25 23 11 31 34 42 78 34 36 61 20 13 27 24 79 33 30 37 25 22 48 41 48 63 29 48 9 46 33 16 28 0 62 56 29 32 36 67 22
33 74 8 27 40 74 26 35 36 35 28 37 53 14 43 51 13 21 27 40 45 41 14 21 27 2 29 29 21 45 36 30 27 0 25 42 39 31 43 16
26 48 64 45 41 25 19 13 13 34 9 50 23 46 45 10 20 53 40 52 24 19 43 22 3 32 22 70 14 23 35 12 50 64 0 19 37 19 9 42
46 35 46 50 26 16 5 19 5 10 6 33 32 28 32 10 45 17 11 23 19 14 37 16 8 29 15 46 5 6 35 5 29 51 19 0 17 1 10 33
25 16 66 16 5 19 21 23 17 17 33 18 17 23 15 32 52 19 29 25 7 14 47 32 35 66 6 25 30 40 23 16 18 63 45 27 0 16 18 19
40 36 44 28 22 17 12 22 10 8 5 18 24 25 30 23 38 31 13 33 13 17 21 13 8 60 10 38 4 10 29 8 43 54 7 1 20 0 12 38
70 21 44 26 33 33 28 25 27 38 9 49 43 48 46 18 54 48 47 44 7 17 47 20 13 56 7 47 11 15 25 26 35 78 12 8 23 16 0 50
3 57 15 21 53 37 24 27 31 14 48 8 20 24 32 30 14 12 17 15 38 40 17 16 45 29 20 30 42 28 16 20 22 22 37 20 34 49 36 0