7
40
,
0 (0.0, 26.0) 43.0
1 (42.0, 48.0) 22.0
2 (5.0, 6.0) 11.0
3 (11.0, 42.0) 13.0
4 (33.0, 48.0) 10.0
5 (42.0, 50.0) 12.0
6 (35.0, 12.0) 16.0
7 (31.0, 4.0) 11.0
8 (31.0, 21.0) 17.0
9 (24.0, 16.0) 29.0
10 (42.0, 20.0) 11.0
11 (5.0, 32.0) 12.0
12 (19.0, 35.0) 33.0
13 (17.0, 8.0) 21.0
14 (21.0, 42.0) 27.0
15 (46.0, 4.0) 35.0
16 (8.0, 10.0) 17.0
17 (9.0, 18.0) 10.0
18 (19.0, 15.0) 16.0
19 (13.0, 32.0) 24.0
20 (43.0, 39.0) 32.0
21 (46.0, 43.0) 26.0
22 (8.0, 12.0) 35.0
23 (24.0, 19.0) 41.0
24 (43.0, 14.0) 13.0
25 (2.0, 3.0) 27.0
26 (40.0, 39.0) 38.0
27 (17.0, 49.0) 22.0
28 (33.0, 16.0) 23.0
29 (32.0, 14.0) 31.0
30 (10.0, 39.0) 24.0
31 (31.0, 13.0) 23.0
32 (1.0, 48.0) 19.0
33 (0.0, 4.0) 18.0
34 (48.0, 12.0) 41.0
35 (37.0, 21.0) 27.0
36 (32.0, 41.0) 23.0
37 (38.0, 21.0) 31.0
38 (49.0, 29.0) 31.0
39 (4.0, 26.0) 17.0
,
0 9 4 4 8 10 8 8 6 5 8 2 4 5 5 10 4 2 4 3 9 10 3 5 9 5 8 6 7 7 3 7 4 4 10 7 7 8 10 1
9 0 11 6 2 0 7 9 6 7 6 8 5 9 4 9 10 9 8 7 2 1 10 7 7 12 2 5 7 7 7 7 8 12 7 5 2 5 4 9
4 11 0 7 10 11 6 5 6 4 8 5 6 2 8 8 1 3 3 5 10 11 1 5 8 1 10 9 6 6 7 5 8 1 9 7 9 7 10 4
4 6 7 0 5 6 8 9 6 6 8 2 2 7 2 10 6 5 6 2 6 7 6 5 9 8 6 2 7 7 1 7 2 8 10 7 4 7 8 3
8 2 10 5 0 2 7 9 5 7 6 6 4 9 3 9 9 8 7 5 3 3 9 6 7 11 2 3 6 7 5 7 6 11 8 5 1 5 5 7
10 0 11 6 2 0 8 9 6 8 6 8 5 10 4 9 10 9 8 7 2 2 10 7 7 12 2 5 7 7 7 8 8 12 8 6 3 6 4 9
8 7 6 8 7 8 0 2 2 2 2 7 6 4 7 3 5 5 3 6 6 7 5 3 2 7 5 8 1 1 7 1 10 7 3 2 6 2 4 7
8 9 5 9 9 9 2 0 3 3 4 8 7 3 8 3 5 5 3 7 7 8 5 3 3 6 7 9 2 2 8 2 11 6 4 4 7 4 6 7
6 6 6 6 5 6 2 3 0 2 2 6 4 4 5 5 5 4 3 4 4 5 5 1 3 7 4 6 1 1 6 2 8 7 4 1 4 1 4 5
5 7 4 6 7 8 2 3 2 0 4 5 4 2 5 5 3 3 1 4 6 7 3 1 4 5 6 7 2 2 5 2 8 5 5 3 5 3 6 4
8 6 8 8 6 6 2 4 2 4 0 8 5 6 6 3 7 7 5 6 4 5 7 4 1 9 4 8 2 2 7 3 10 9 2 1 5 1 2 8
2 8 5 2 6 8 7 8 6 5 8 0 3 5 4 10 4 3 4 2 8 8 4 5 8 6 7 4 6 6 2 6 3 6 9 7 6 7 9 1
4 5 6 2 4 5 6 7 4 4 5 3 0 5 1 8 5 4 4 1 5 6 5 3 6 7 4 3 5 5 2 5 4 7 7 5 3 5 6 3
5 9 2 7 9 10 4 3 4 2 6 5 5 0 7 6 2 3 1 5 8 9 2 3 5 3 8 8 4 3 6 3 9 3 6 5 7 5 8 4
5 4 8 2 3 4 7 8 5 5 6 4 1 7 0 9 7 5 5 3 4 5 7 5 7 9 4 2 6 6 2 6 4 9 8 5 2 5 6 5
10 9 8 10 9 9 3 3 5 5 3 10 8 6 9 0 8 8 6 9 7 8 8 5 2 9 7 11 4 3 10 3 13 9 2 4 8 4 5 9
4 10 1 6 9 10 5 5 5 3 7 4 5 2 7 8 0 2 2 5 9 10 0 4 7 2 9 8 5 5 6 5 8 2 8 6 8 6 9 3
2 9 3 5 8 9 5 5 4 3 7 3 4 3 5 8 2 0 2 3 8 9 1 3 7 3 7 6 5 5 4 5 6 3 8 6 7 6 8 2
4 8 3 6 7 8 3 3 3 1 5 4 4 1 5 6 2 2 0 4 7 8 2 1 5 4 6 7 3 3 5 2 8 4 6 4 6 4 7 4
3 7 5 2 5 7 6 7 4 4 6 2 1 5 3 9 5 3 4 0 6 7 4 3 7 6 6 3 5 5 2 5 4 6 8 5 4 5 7 2
9 2 10 6 3 2 6 7 4 6 4 8 5 8 4 7 9 8 7 6 0 1 9 6 5 11 1 6 5 5 7 6 9 11 5 4 2 4 2 8
10 1 11 7 3 2 7 8 5 7 5 8 6 9 5 8 10 9 8 7 1 0 10 7 6 12 1 6 6 6 7 7 9 12 6 5 3 5 3 9
3 10 1 6 9 10 5 5 5 3 7 4 5 2 7 8 0 1 2 4 9 10 0 3 7 2 8 8 5 5 5 5 7 2 8 6 8 6 9 3
5 7 5 5 6 7 3 3 1 1 4 5 3 3 5 5 4 3 1 3 6 7 3 0 4 5 5 6 2 2 5 2 7 6 5 3 5 3 5 4
9 7 8 9 7 7 2 3 3 4 1 8 6 5 7 2 7 7 5 7 5 6 7 4 0 8 5 9 2 2 8 2 11 9 1 2 6 2 3 8
5 12 1 8 11 12 7 6 7 5 9 6 7 3 9 9 2 3 4 6 11 12 2 5 8 0 10 10 7 6 7 6 9 0 9 8 10 8 11 5
8 2 10 6 2 2 5 7 4 6 4 7 4 8 4 7 9 7 6 6 1 1 8 5 5 10 0 5 5 5 6 6 8 11 6 4 2 4 3 8
6 5 9 2 3 5 8 9 6 7 8 4 3 8 2 11 8 6 7 3 6 6 8 6 9 10 5 0 7 8 2 8 3 10 10 7 3 7 8 5
7 7 6 7 6 7 1 2 1 2 2 6 5 4 6 4 5 5 3 5 5 6 5 2 2 7 5 7 0 0 7 1 9 7 3 1 5 1 4 6
7 7 6 7 7 7 1 2 1 2 2 6 5 3 6 3 5 5 3 5 5 6 5 2 2 6 5 8 0 0 7 0 9 7 3 2 5 2 5 6
3 7 7 1 5 7 7 8 6 5 7 2 2 6 2 10 6 4 5 2 7 7 5 5 8 7 6 2 7 7 0 7 3 7 9 6 4 7 8 3
7 7 5 7 7 8 1 2 2 2 3 6 5 3 6 3 5 5 2 5 6 7 5 2 2 6 6 8 1 0 7 0 9 6 3 2 6 2 5 6
4 8 8 2 6 8 10 11 8 8 10 3 4 9 4 13 8 6 8 4 9 9 7 7 11 9 8 3 9 9 3 9 0 9 12 9 6 9 10 4
4 12 1 8 11 12 7 6 7 5 9 6 7 3 9 9 2 3 4 6 11 12 2 6 9 0 11 10 7 7 7 6 9 0 10 8 10 8 11 4
10 7 9 10 8 8 3 4 4 5 2 9 7 6 8 2 8 8 6 8 5 6 8 5 1 9 6 10 3 3 9 3 12 10 0 3 7 3 3 9
7 5 7 7 5 6 2 4 1 3 1 7 5 5 5 4 6 6 4 5 4 5 6 3 2 8 4 7 1 2 6 2 9 8 3 0 4 0 3 7
7 2 9 4 1 3 6 7 4 5 5 6 3 7 2 8 8 7 6 4 2 3 8 5 6 10 2 3 5 5 4 6 6 10 7 4 0 4 4 6
8 5 7 7 5 6 2 4 1 3 1 7 5 5 5 4 6 6 4 5 4 5 6 3 2 8 4 7 1 2 7 2 9 8 3 0 4 0 3 7
10 4 10 8 5 4 4 6 4 6 2 9 6 8 6 5 9 8 7 7 2 3 9 5 3 11 3 8 4 5 8 5 10 11 3 3 4 3 0 9
1 9 4 3 7 9 7 7 5 4 8 1 3 4 5 9 3 2 4 2 8 9 3 4 8 5 8 5 6 6 3 6 4 4 9 7 6 7 9 0
,
0 34 15 23 55 66 53 33 36 20 35 7 15 24 32 27 16 13 27 16 27 53 12 34 37 34 23 22 39 18 19 23 24 13 35 32 53 40 41 4
37 0 65 26 12 2 35 64 35 23 36 40 15 42 29 31 39 46 39 41 9 7 42 21 29 37 6 36 35 38 47 27 32 44 27 15 7 39 23 64
23 77 0 26 71 30 27 13 44 23 27 34 43 6 36 45 7 19 19 14 60 81 4 23 38 3 60 40 32 41 19 38 30 3 62 34 56 28 71 28
10 41 32 0 18 29 42 52 40 15 38 9 10 43 5 28 30 33 23 10 29 18 33 30 24 26 33 13 47 20 3 34 16 29 42 28 15 49 25 22
29 8 31 27 0 11 46 30 16 36 41 32 10 60 20 37 45 43 38 30 10 8 64 23 32 71 8 18 37 33 14 48 26 47 38 30 10 34 32 24
34 1 84 29 13 0 36 27 31 57 40 50 37 33 23 35 43 59 31 29 8 7 27 39 33 42 6 16 40 49 27 22 36 32 32 23 11 19 30 64
42 37 33 27 37 40 0 7 6 7 9 48 22 11 17 18 17 21 12 37 23 29 32 8 10 31 40 58 3 3 23 6 45 38 8 8 15 11 20 40
33 28 32 59 30 48 6 0 10 14 23 28 19 20 45 14 35 27 11 18 48 40 17 11 18 25 46 59 13 13 24 11 34 45 20 15 38 20 17 50
44 43 16 38 31 17 6 15 0 12 9 30 14 23 14 25 13 12 19 23 12 15 32 9 15 39 22 37 7 5 28 11 39 41 24 5 27 5 11 32
16 35 31 35 25 24 7 20 11 0 14 20 12 9 33 14 24 13 7 18 22 22 14 3 13 31 32 22 5 6 17 9 52 39 31 11 38 19 15 21
30 23 50 36 38 45 10 21 16 10 0 32 16 27 30 17 18 33 32 24 17 26 52 14 4 65 17 37 10 11 49 12 57 41 12 6 31 3 11 24
9 51 37 13 21 27 49 23 32 22 52 0 17 22 25 33 19 8 17 11 27 22 21 19 24 43 35 20 44 44 5 45 22 35 25 30 33 47 43 6
23 31 28 8 14 23 25 30 27 22 21 13 0 16 7 46 31 10 30 10 30 24 37 10 36 43 30 20 33 23 9 17 32 36 21 33 13 18 37 12
28 51 12 19 40 57 24 10 23 13 27 17 37 0 33 26 7 7 11 35 42 46 8 8 17 14 39 28 26 11 46 16 43 26 34 27 18 21 45 19
31 30 52 5 19 30 24 35 16 38 42 28 8 31 0 35 48 39 34 8 27 16 20 20 48 38 12 5 30 22 11 44 29 29 24 15 6 33 34 13
68 56 23 52 59 62 18 22 28 26 19 39 50 43 50 0 33 47 43 46 29 57 35 36 10 38 37 68 26 9 66 24 86 63 12 22 39 27 24 62
24 58 6 25 49 68 39 16 38 9 33 16 39 12 32 40 0 12 16 12 39 36 2 19 19 13 33 32 15 36 41 31 35 14 51 34 43 18 44 21
6 34 15 30 43 60 38 33 22 10 44 19 11 16 29 31 6 0 5 8 51 35 7 15 39 16 49 38 29 31 14 26 25 15 40 37 30 42 38 12
23 27 13 17 51 60 24 20 16 6 20 20 19 7 34 41 17 11 0 22 24 54 17 6 28 14 20 38 20 16 29 12 42 19 37 16 29 10 17 15
15 27 33 7 15 41 21 25 25 10 41 8 4 31 17 43 14 10 17 0 45 34 17 10 45 26 39 21 33 36 7 26 25 33 36 22 17 30 22 16
34 9 49 35 10 16 30 40 15 26 12 21 35 41 20 32 29 41 31 28 0 5 59 17 13 35 2 14 36 22 20 25 48 33 24 12 12 28 14 58
36 8 65 51 11 11 28 45 21 18 24 28 40 28 30 35 63 28 50 37 5 0 29 40 15 48 8 22 29 22 32 25 47 89 22 18 19 21 8 51
19 44 4 20 37 36 35 27 13 23 42 15 38 8 22 52 2 7 6 30 41 33 0 16 24 7 27 38 21 30 40 15 49 8 27 17 50 41 63 12
28 22 14 40 29 37 12 23 11 4 15 32 12 12 32 30 10 22 9 18 29 30 26 0 20 21 17 43 10 5 34 11 21 17 35 11 29 7 39 17
56 36 21 29 33 21 6 10 20 23 4 41 31 39 27 10 30 45 14 49 28 24 45 14 0 54 25 64 9 14 38 6 78 25 3 9 30 10 11 42
31 68 2 52 46 53 21 31 45 30 52 20 47 22 51 48 14 15 22 32 39 67 7 16 38 0 66 32 21 17 30 37 61 2 39 37 41 41 32 28
57 7 30 35 10 9 41 34 12 21 19 25 26 34 20 21 28 34 34 18 2 7 41 27 20 74 0 17 29 24 28 38 59 80 35 13 6 24 8 57
41 26 29 8 15 24 35 46 44 34 22 23 19 46 12 68 27 19 39 24 36 40 39 17 46 70 19 0 20 38 8 43 22 41 61 49 9 20 55 18
48 19 25 34 36 34 6 15 3 6 7 47 30 26 20 14 27 18 21 34 19 20 38 8 10 45 20 54 0 3 21 2 66 35 11 7 17 4 26 27
46 30 29 33 31 50 4 9 7 10 14 27 26 17 40 14 36 25 15 31 24 43 20 5 16 34 24 47 2 0 36 2 58 21 14 6 38 9 24 39
24 26 36 4 22 36 24 48 14 14 28 8 6 24 12 68 36 12 14 10 21 23 37 33 44 26 40 15 17 41 0 35 18 20 35 25 20 38 21 16
48 19 14 50 36 32 2 11 7 10 8 30 37 8 36 26 33 19 12 25 40 19 16 11 13 29 15 50 3 1 32 0 45 30 16 14 15 9 20 32
25 53 38 16 45 22 33 31 33 37 70 15 16 36 22 81 47 32 52 22 61 31 45 30 77 58 51 19 41 34 19 65 0 65 44 23 20 65 75 22
19 59 4 43 47 39 22 38 36 19 23 22 46 10 51 51 7 16 25 38 54 77 6 20 52 3 58 46 20 23 22 31 47 0 63 51 54 23 41 28
28 26 63 67 46 28 13 15 21 34 9 59 31 37 43 7 47 45 32 43 28 45 54 27 7 56 32 46 12 12 52 12 43 51 0 16 40 14 22 27
19 33 24 25 35 31 6 18 6 19 3 40 20 22 33 15 23 34 17 38 20 33 41 9 5 54 22 43 5 5 25 9 65 47 15 0 15 1 12 22
44 9 66 23 10 7 28 53 26 16 30 36 8 34 14 23 50 22 28 13 10 8 47 12 31 60 11 14 28 24 29 40 33 41 32 11 0 11 22 22
56 26 20 34 21 37 11 18 4 8 3 37 33 24 33 22 26 25 16 38 10 34 31 12 10 56 17 51 9 6 36 12 30 26 14 1 13 0 8 39
53 22 51 44 32 16 14 39 25 22 11 32 43 46 38 29 35 40 32 23 17 18 31 24 12 48 15 21 17 20 43 15 40 82 20 11 17 8 0 34
6 34 24 13 21 63 50 44 27 25 45 5 20 30 29 46 23 13 26 11 33 50 13 21 34 34 30 30 29 34 14 40 14 33 50 28 28 35 55 0