7
40
,
0 (0.0, 26.0) 41.0
1 (42.0, 48.0) 22.0
2 (5.0, 6.0) 26.0
3 (11.0, 42.0) 25.0
4 (33.0, 48.0) 12.0
5 (42.0, 50.0) 17.0
6 (35.0, 12.0) 17.0
7 (31.0, 4.0) 29.0
8 (31.0, 21.0) 12.0
9 (24.0, 16.0) 12.0
10 (42.0, 20.0) 17.0
11 (5.0, 32.0) 45.0
12 (19.0, 35.0) 18.0
13 (17.0, 8.0) 29.0
14 (21.0, 42.0) 23.0
15 (46.0, 4.0) 21.0
16 (8.0, 10.0) 39.0
17 (9.0, 18.0) 12.0
18 (19.0, 15.0) 21.0
19 (13.0, 32.0) 24.0
20 (43.0, 39.0) 44.0
21 (46.0, 43.0) 26.0
22 (8.0, 12.0) 20.0
23 (24.0, 19.0) 32.0
24 (43.0, 14.0) 31.0
25 (2.0, 3.0) 18.0
26 (40.0, 39.0) 27.0
27 (17.0, 49.0) 10.0
28 (33.0, 16.0) 15.0
29 (32.0, 14.0) 36.0
30 (10.0, 39.0) 11.0
31 (31.0, 13.0) 10.0
32 (1.0, 48.0) 17.0
33 (0.0, 4.0) 12.0
34 (48.0, 12.0) 11.0
35 (37.0, 21.0) 44.0
36 (32.0, 41.0) 11.0
37 (38.0, 21.0) 18.0
38 (49.0, 29.0) 19.0
39 (4.0, 26.0) 22.0
,
0 9 4 4 8 10 8 8 6 5 8 2 4 5 5 10 4 2 4 3 9 10 3 5 9 5 8 6 7 7 3 7 4 4 10 7 7 8 10 1
9 0 11 6 2 0 7 9 6 7 6 8 5 9 4 9 10 9 8 7 2 1 10 7 7 12 2 5 7 7 7 7 8 12 7 5 2 5 4 9
4 11 0 7 10 11 6 5 6 4 8 5 6 2 8 8 1 3 3 5 10 11 1 5 8 1 10 9 6 6 7 5 8 1 9 7 9 7 10 4
4 6 7 0 5 6 8 9 6 6 8 2 2 7 2 10 6 5 6 2 6 7 6 5 9 8 6 2 7 7 1 7 2 8 10 7 4 7 8 3
8 2 10 5 0 2 7 9 5 7 6 6 4 9 3 9 9 8 7 5 3 3 9 6 7 11 2 3 6 7 5 7 6 11 8 5 1 5 5 7
10 0 11 6 2 0 8 9 6 8 6 8 5 10 4 9 10 9 8 7 2 2 10 7 7 12 2 5 7 7 7 8 8 12 8 6 3 6 4 9
8 7 6 8 7 8 0 2 2 2 2 7 6 4 7 3 5 5 3 6 6 7 5 3 2 7 5 8 1 1 7 1 10 7 3 2 6 2 4 7
8 9 5 9 9 9 2 0 3 3 4 8 7 3 8 3 5 5 3 7 7 8 5 3 3 6 7 9 2 2 8 2 11 6 4 4 7 4 6 7
6 6 6 6 5 6 2 3 0 2 2 6 4 4 5 5 5 4 3 4 4 5 5 1 3 7 4 6 1 1 6 2 8 7 4 1 4 1 4 5
5 7 4 6 7 8 2 3 2 0 4 5 4 2 5 5 3 3 1 4 6 7 3 1 4 5 6 7 2 2 5 2 8 5 5 3 5 3 6 4
8 6 8 8 6 6 2 4 2 4 0 8 5 6 6 3 7 7 5 6 4 5 7 4 1 9 4 8 2 2 7 3 10 9 2 1 5 1 2 8
2 8 5 2 6 8 7 8 6 5 8 0 3 5 4 10 4 3 4 2 8 8 4 5 8 6 7 4 6 6 2 6 3 6 9 7 6 7 9 1
4 5 6 2 4 5 6 7 4 4 5 3 0 5 1 8 5 4 4 1 5 6 5 3 6 7 4 3 5 5 2 5 4 7 7 5 3 5 6 3
5 9 2 7 9 10 4 3 4 2 6 5 5 0 7 6 2 3 1 5 8 9 2 3 5 3 8 8 4 3 6 3 9 3 6 5 7 5 8 4
5 4 8 2 3 4 7 8 5 5 6 4 1 7 0 9 7 5 5 3 4 5 7 5 7 9 4 2 6 6 2 6 4 9 8 5 2 5 6 5
10 9 8 10 9 9 3 3 5 5 3 10 8 6 9 0 8 8 6 9 7 8 8 5 2 9 7 11 4 3 10 3 13 9 2 4 8 4 5 9
4 10 1 6 9 10 5 5 5 3 7 4 5 2 7 8 0 2 2 5 9 10 0 4 7 2 9 8 5 5 6 5 8 2 8 6 8 6 9 3
2 9 3 5 8 9 5 5 4 3 7 3 4 3 5 8 2 0 2 3 8 9 1 3 7 3 7 6 5 5 4 5 6 3 8 6 7 6 8 2
4 8 3 6 7 8 3 3 3 1 5 4 4 1 5 6 2 2 0 4 7 8 2 1 5 4 6 7 3 3 5 2 8 4 6 4 6 4 7 4
3 7 5 2 5 7 6 7 4 4 6 2 1 5 3 9 5 3 4 0 6 7 4 3 7 6 6 3 5 5 2 5 4 6 8 5 4 5 7 2
9 2 10 6 3 2 6 7 4 6 4 8 5 8 4 7 9 8 7 6 0 1 9 6 5 11 1 6 5 5 7 6 9 11 5 4 2 4 2 8
10 1 11 7 3 2 7 8 5 7 5 8 6 9 5 8 10 9 8 7 1 0 10 7 6 12 1 6 6 6 7 7 9 12 6 5 3 5 3 9
3 10 1 6 9 10 5 5 5 3 7 4 5 2 7 8 0 1 2 4 9 10 0 3 7 2 8 8 5 5 5 5 7 2 8 6 8 6 9 3
5 7 5 5 6 7 3 3 1 1 4 5 3 3 5 5 4 3 1 3 6 7 3 0 4 5 5 6 2 2 5 2 7 6 5 3 5 3 5 4
9 7 8 9 7 7 2 3 3 4 1 8 6 5 7 2 7 7 5 7 5 6 7 4 0 8 5 9 2 2 8 2 11 9 1 2 6 2 3 8
5 12 1 8 11 12 7 6 7 5 9 6 7 3 9 9 2 3 4 6 11 12 2 5 8 0 10 10 7 6 7 6 9 0 9 8 10 8 11 5
8 2 10 6 2 2 5 7 4 6 4 7 4 8 4 7 9 7 6 6 1 1 8 5 5 10 0 5 5 5 6 6 8 11 6 4 2 4 3 8
6 5 9 2 3 5 8 9 6 7 8 4 3 8 2 11 8 6 7 3 6 6 8 6 9 10 5 0 7 8 2 8 3 10 10 7 3 7 8 5
7 7 6 7 6 7 1 2 1 2 2 6 5 4 6 4 5 5 3 5 5 6 5 2 2 7 5 7 0 0 7 1 9 7 3 1 5 1 4 6
7 7 6 7 7 7 1 2 1 2 2 6 5 3 6 3 5 5 3 5 5 6 5 2 2 6 5 8 0 0 7 0 9 7 3 2 5 2 5 6
3 7 7 1 5 7 7 8 6 5 7 2 2 6 2 10 6 4 5 2 7 7 5 5 8 7 6 2 7 7 0 7 3 7 9 6 4 7 8 3
7 7 5 7 7 8 1 2 2 2 3 6 5 3 6 3 5 5 2 5 6 7 5 2 2 6 6 8 1 0 7 0 9 6 3 2 6 2 5 6
4 8 8 2 6 8 10 11 8 8 10 3 4 9 4 13 8 6 8 4 9 9 7 7 11 9 8 3 9 9 3 9 0 9 12 9 6 9 10 4
4 12 1 8 11 12 7 6 7 5 9 6 7 3 9 9 2 3 4 6 11 12 2 6 9 0 11 10 7 7 7 6 9 0 10 8 10 8 11 4
10 7 9 10 8 8 3 4 4 5 2 9 7 6 8 2 8 8 6 8 5 6 8 5 1 9 6 10 3 3 9 3 12 10 0 3 7 3 3 9
7 5 7 7 5 6 2 4 1 3 1 7 5 5 5 4 6 6 4 5 4 5 6 3 2 8 4 7 1 2 6 2 9 8 3 0 4 0 3 7
7 2 9 4 1 3 6 7 4 5 5 6 3 7 2 8 8 7 6 4 2 3 8 5 6 10 2 3 5 5 4 6 6 10 7 4 0 4 4 6
8 5 7 7 5 6 2 4 1 3 1 7 5 5 5 4 6 6 4 5 4 5 6 3 2 8 4 7 1 2 7 2 9 8 3 0 4 0 3 7
10 4 10 8 5 4 4 6 4 6 2 9 6 8 6 5 9 8 7 7 2 3 9 5 3 11 3 8 4 5 8 5 10 11 3 3 4 3 0 9
1 9 4 3 7 9 7 7 5 4 8 1 3 4 5 9 3 2 4 2 8 9 3 4 8 5 8 5 6 6 3 6 4 4 9 7 6 7 9 0
,
0 70 20 24 23 42 41 50 27 26 63 6 14 33 31 35 22 12 24 11 65 28 15 22 65 18 54 42 37 22 9 38 29 17 71 40 42 27 29 4
30 0 30 30 12 2 47 34 39 24 19 57 22 65 17 33 53 23 48 45 11 3 36 25 19 31 14 30 27 51 17 28 56 87 45 36 16 20 29 35
17 41 0 39 28 67 34 34 23 31 31 19 37 16 23 29 6 14 21 29 38 46 8 18 22 6 49 48 18 37 49 14 62 5 39 51 23 28 55 25
15 37 35 0 12 38 50 40 25 17 47 9 11 42 10 48 35 18 41 6 32 47 21 15 52 27 30 7 22 43 4 20 15 46 38 30 27 29 50 21
22 5 72 21 0 11 41 48 17 48 20 40 25 53 18 26 28 50 23 20 19 13 44 21 27 64 11 24 20 42 32 36 21 42 55 21 7 35 29 48
60 2 53 37 10 0 54 67 34 36 18 42 35 37 15 37 76 57 46 31 16 9 28 42 46 90 12 34 50 37 45 54 48 77 32 43 18 16 19 55
40 38 24 36 23 25 0 11 7 7 13 38 32 21 20 13 26 32 20 15 31 19 36 13 11 44 40 60 3 5 49 3 32 25 12 8 15 14 20 41
31 49 31 57 36 31 12 0 14 16 28 29 47 14 37 19 30 19 18 25 22 48 31 9 12 28 54 49 14 9 38 9 76 33 13 18 25 18 31 23
21 40 39 15 16 43 10 21 0 10 15 27 15 12 23 25 23 22 19 19 12 20 18 6 14 37 14 42 6 10 33 8 55 50 18 8 24 7 19 25
32 50 12 18 34 48 7 7 7 0 22 31 20 9 33 20 23 22 3 18 18 45 24 2 17 30 35 50 5 11 21 10 35 40 18 9 25 22 40 32
56 19 21 57 29 29 11 15 15 26 0 57 16 40 29 23 47 32 29 27 23 31 32 16 4 30 21 24 13 15 31 17 64 25 7 8 15 3 15 31
7 55 22 11 26 28 44 54 22 34 41 0 11 26 17 62 20 20 17 8 28 50 21 24 28 18 22 20 46 48 10 31 15 28 69 19 17 34 24 8
31 15 33 14 12 23 24 48 22 22 22 10 0 25 10 43 19 23 15 7 28 25 37 14 26 35 21 10 16 21 12 36 21 19 26 18 19 12 18 20
18 67 11 24 37 37 21 12 26 6 20 25 20 0 39 18 7 7 10 16 25 49 12 14 37 12 23 55 26 15 39 9 30 10 38 19 48 26 28 33
30 30 45 12 17 20 44 31 29 14 16 19 4 28 0 54 46 29 31 10 23 24 24 14 33 64 27 4 23 19 9 28 27 27 48 36 10 16 19 34
56 25 59 39 63 32 10 9 19 21 17 66 23 35 27 0 35 36 40 26 29 54 45 27 8 40 43 58 12 9 45 23 61 49 11 20 59 24 29 54
16 31 4 20 41 65 35 14 17 23 22 14 16 8 29 57 0 10 7 34 51 62 1 10 43 8 64 29 37 15 31 29 48 6 42 25 20 31 40 14
8 60 17 23 49 36 18 33 13 9 32 12 25 19 37 40 5 0 6 20 32 35 6 15 35 17 44 48 32 18 29 28 41 20 45 25 21 23 52 9
21 23 20 18 25 49 13 23 12 4 29 19 25 7 40 22 8 8 0 23 31 55 12 5 25 15 40 39 20 18 29 16 46 15 15 21 15 21 41 25
12 19 29 11 37 21 22 25 28 29 35 11 9 29 10 33 14 9 11 0 28 48 12 11 30 26 42 14 17 18 8 28 17 29 26 32 13 23 23 9
56 13 33 24 18 8 26 55 16 39 24 37 18 24 33 21 38 31 27 18 0 3 57 33 26 54 2 26 34 33 22 25 43 79 40 22 7 26 9 58
32 8 35 52 20 9 41 39 17 30 30 36 18 67 17 51 25 26 27 29 4 0 51 16 28 50 10 17 25 17 48 21 45 74 25 15 7 29 10 63
10 42 7 34 58 67 36 35 24 11 42 23 29 13 41 52 2 9 13 29 41 34 0 13 23 13 23 51 32 32 22 15 41 14 56 23 56 29 43 8
26 22 30 30 19 50 7 25 7 3 18 29 23 18 32 33 16 13 4 21 26 21 23 0 21 32 31 16 11 5 15 6 38 36 32 14 35 21 31 29
58 32 43 44 26 43 11 11 8 18 6 24 19 16 23 7 27 42 13 47 36 28 31 22 0 47 14 29 15 15 55 9 57 36 8 9 42 5 20 49
21 63 5 42 71 41 28 20 49 32 59 34 28 17 52 63 12 17 24 38 38 52 10 36 36 0 66 42 23 36 42 22 67 1 47 43 72 36 55 13
30 10 39 26 14 8 35 47 29 36 15 31 12 57 12 42 62 36 17 27 3 7 44 32 37 61 0 34 31 17 30 40 60 64 41 9 10 17 19 50
26 19 57 5 9 14 22 42 46 23 29 11 8 46 5 41 40 33 28 14 31 32 49 46 35 47 31 0 20 40 11 52 11 43 35 41 21 33 50 39
49 21 26 30 36 29 3 18 7 8 12 33 15 25 23 20 38 21 12 35 31 27 24 8 12 30 25 49 0 3 28 5 60 51 9 5 24 8 19 16
33 52 25 29 49 25 5 12 9 5 14 47 14 9 17 9 30 15 10 19 17 35 26 6 14 41 32 46 2 0 24 2 56 36 17 5 33 5 33 42
18 34 20 4 26 50 54 29 31 25 29 10 7 20 16 26 17 16 28 7 20 44 16 14 51 51 23 17 32 36 0 22 17 33 47 38 25 28 55 13
28 49 33 41 29 38 6 6 4 11 12 48 23 15 32 13 29 29 11 27 22 49 31 7 17 16 36 44 2 1 28 0 46 18 18 11 32 11 27 43
19 24 43 10 28 35 48 37 53 34 48 24 16 42 12 35 48 21 20 13 30 45 48 28 71 50 59 14 24 40 17 34 0 50 69 31 38 44 54 28
20 58 7 59 74 86 43 40 52 23 58 38 47 19 58 57 14 14 21 28 37 74 15 38 27 1 33 68 46 27 38 19 48 0 42 28 48 50 79 31
49 42 37 39 26 46 18 19 17 13 9 36 49 35 48 12 52 25 40 60 30 44 24 29 4 53 19 64 18 12 41 14 74 53 0 21 26 20 14 62
39 19 23 44 40 35 12 22 7 13 7 44 16 17 16 22 29 25 24 26 16 28 43 19 6 29 26 32 6 9 17 10 38 58 19 0 20 1 10 32
29 16 30 26 8 7 28 35 21 17 18 31 17 30 6 43 58 48 31 25 8 13 53 27 31 64 10 13 28 37 18 39 25 56 40 25 0 11 28 27
48 21 24 28 16 22 7 13 8 17 3 24 25 14 35 11 29 30 14 38 26 31 26 21 5 53 24 23 8 8 33 11 32 41 8 1 31 0 18 29
53 14 40 21 21 33 21 32 22 23 11 34 25 32 33 23 41 35 26 27 16 13 51 37 22 49 8 52 22 24 41 26 69 29 11 18 18 10 0 36
4 40 27 11 23 51 31 21 38 23 27 4 9 26 19 32 20 11 17 15 54 45 12 17 56 21 51 15 29 41 12 32 33 13 55 37 45 29 63 0