7
40
,
0 (0.0, 26.0) 20.0
1 (42.0, 48.0) 40.0
2 (5.0, 6.0) 14.0
3 (11.0, 42.0) 25.0
4 (33.0, 48.0) 15.0
5 (42.0, 50.0) 38.0
6 (35.0, 12.0) 12.0
7 (31.0, 4.0) 13.0
8 (31.0, 21.0) 17.0
9 (24.0, 16.0) 13.0
10 (42.0, 20.0) 45.0
11 (5.0, 32.0) 30.0
12 (19.0, 35.0) 33.0
13 (17.0, 8.0) 21.0
14 (21.0, 42.0) 13.0
15 (46.0, 4.0) 12.0
16 (8.0, 10.0) 47.0
17 (9.0, 18.0) 27.0
18 (19.0, 15.0) 37.0
19 (13.0, 32.0) 32.0
20 (43.0, 39.0) 11.0
21 (46.0, 43.0) 33.0
22 (8.0, 12.0) 34.0
23 (24.0, 19.0) 32.0
24 (43.0, 14.0) 21.0
25 (2.0, 3.0) 26.0
26 (40.0, 39.0) 22.0
27 (17.0, 49.0) 33.0
28 (33.0, 16.0) 25.0
29 (32.0, 14.0) 49.0
30 (10.0, 39.0) 15.0
31 (31.0, 13.0) 12.0
32 (1.0, 48.0) 33.0
33 (0.0, 4.0) 14.0
34 (48.0, 12.0) 24.0
35 (37.0, 21.0) 33.0
36 (32.0, 41.0) 27.0
37 (38.0, 21.0) 48.0
38 (49.0, 29.0) 36.0
39 (4.0, 26.0) 17.0
,
0 9 4 4 8 10 8 8 6 5 8 2 4 5 5 10 4 2 4 3 9 10 3 5 9 5 8 6 7 7 3 7 4 4 10 7 7 8 10 1
9 0 11 6 2 0 7 9 6 7 6 8 5 9 4 9 10 9 8 7 2 1 10 7 7 12 2 5 7 7 7 7 8 12 7 5 2 5 4 9
4 11 0 7 10 11 6 5 6 4 8 5 6 2 8 8 1 3 3 5 10 11 1 5 8 1 10 9 6 6 7 5 8 1 9 7 9 7 10 4
4 6 7 0 5 6 8 9 6 6 8 2 2 7 2 10 6 5 6 2 6 7 6 5 9 8 6 2 7 7 1 7 2 8 10 7 4 7 8 3
8 2 10 5 0 2 7 9 5 7 6 6 4 9 3 9 9 8 7 5 3 3 9 6 7 11 2 3 6 7 5 7 6 11 8 5 1 5 5 7
10 0 11 6 2 0 8 9 6 8 6 8 5 10 4 9 10 9 8 7 2 2 10 7 7 12 2 5 7 7 7 8 8 12 8 6 3 6 4 9
8 7 6 8 7 8 0 2 2 2 2 7 6 4 7 3 5 5 3 6 6 7 5 3 2 7 5 8 1 1 7 1 10 7 3 2 6 2 4 7
8 9 5 9 9 9 2 0 3 3 4 8 7 3 8 3 5 5 3 7 7 8 5 3 3 6 7 9 2 2 8 2 11 6 4 4 7 4 6 7
6 6 6 6 5 6 2 3 0 2 2 6 4 4 5 5 5 4 3 4 4 5 5 1 3 7 4 6 1 1 6 2 8 7 4 1 4 1 4 5
5 7 4 6 7 8 2 3 2 0 4 5 4 2 5 5 3 3 1 4 6 7 3 1 4 5 6 7 2 2 5 2 8 5 5 3 5 3 6 4
8 6 8 8 6 6 2 4 2 4 0 8 5 6 6 3 7 7 5 6 4 5 7 4 1 9 4 8 2 2 7 3 10 9 2 1 5 1 2 8
2 8 5 2 6 8 7 8 6 5 8 0 3 5 4 10 4 3 4 2 8 8 4 5 8 6 7 4 6 6 2 6 3 6 9 7 6 7 9 1
4 5 6 2 4 5 6 7 4 4 5 3 0 5 1 8 5 4 4 1 5 6 5 3 6 7 4 3 5 5 2 5 4 7 7 5 3 5 6 3
5 9 2 7 9 10 4 3 4 2 6 5 5 0 7 6 2 3 1 5 8 9 2 3 5 3 8 8 4 3 6 3 9 3 6 5 7 5 8 4
5 4 8 2 3 4 7 8 5 5 6 4 1 7 0 9 7 5 5 3 4 5 7 5 7 9 4 2 6 6 2 6 4 9 8 5 2 5 6 5
10 9 8 10 9 9 3 3 5 5 3 10 8 6 9 0 8 8 6 9 7 8 8 5 2 9 7 11 4 3 10 3 13 9 2 4 8 4 5 9
4 10 1 6 9 10 5 5 5 3 7 4 5 2 7 8 0 2 2 5 9 10 0 4 7 2 9 8 5 5 6 5 8 2 8 6 8 6 9 3
2 9 3 5 8 9 5 5 4 3 7 3 4 3 5 8 2 0 2 3 8 9 1 3 7 3 7 6 5 5 4 5 6 3 8 6 7 6 8 2
4 8 3 6 7 8 3 3 3 1 5 4 4 1 5 6 2 2 0 4 7 8 2 1 5 4 6 7 3 3 5 2 8 4 6 4 6 4 7 4
3 7 5 2 5 7 6 7 4 4 6 2 1 5 3 9 5 3 4 0 6 7 4 3 7 6 6 3 5 5 2 5 4 6 8 5 4 5 7 2
9 2 10 6 3 2 6 7 4 6 4 8 5 8 4 7 9 8 7 6 0 1 9 6 5 11 1 6 5 5 7 6 9 11 5 4 2 4 2 8
10 1 11 7 3 2 7 8 5 7 5 8 6 9 5 8 10 9 8 7 1 0 10 7 6 12 1 6 6 6 7 7 9 12 6 5 3 5 3 9
3 10 1 6 9 10 5 5 5 3 7 4 5 2 7 8 0 1 2 4 9 10 0 3 7 2 8 8 5 5 5 5 7 2 8 6 8 6 9 3
5 7 5 5 6 7 3 3 1 1 4 5 3 3 5 5 4 3 1 3 6 7 3 0 4 5 5 6 2 2 5 2 7 6 5 3 5 3 5 4
9 7 8 9 7 7 2 3 3 4 1 8 6 5 7 2 7 7 5 7 5 6 7 4 0 8 5 9 2 2 8 2 11 9 1 2 6 2 3 8
5 12 1 8 11 12 7 6 7 5 9 6 7 3 9 9 2 3 4 6 11 12 2 5 8 0 10 10 7 6 7 6 9 0 9 8 10 8 11 5
8 2 10 6 2 2 5 7 4 6 4 7 4 8 4 7 9 7 6 6 1 1 8 5 5 10 0 5 5 5 6 6 8 11 6 4 2 4 3 8
6 5 9 2 3 5 8 9 6 7 8 4 3 8 2 11 8 6 7 3 6 6 8 6 9 10 5 0 7 8 2 8 3 10 10 7 3 7 8 5
7 7 6 7 6 7 1 2 1 2 2 6 5 4 6 4 5 5 3 5 5 6 5 2 2 7 5 7 0 0 7 1 9 7 3 1 5 1 4 6
7 7 6 7 7 7 1 2 1 2 2 6 5 3 6 3 5 5 3 5 5 6 5 2 2 6 5 8 0 0 7 0 9 7 3 2 5 2 5 6
3 7 7 1 5 7 7 8 6 5 7 2 2 6 2 10 6 4 5 2 7 7 5 5 8 7 6 2 7 7 0 7 3 7 9 6 4 7 8 3
7 7 5 7 7 8 1 2 2 2 3 6 5 3 6 3 5 5 2 5 6 7 5 2 2 6 6 8 1 0 7 0 9 6 3 2 6 2 5 6
4 8 8 2 6 8 10 11 8 8 10 3 4 9 4 13 8 6 8 4 9 9 7 7 11 9 8 3 9 9 3 9 0 9 12 9 6 9 10 4
4 12 1 8 11 12 7 6 7 5 9 6 7 3 9 9 2 3 4 6 11 12 2 6 9 0 11 10 7 7 7 6 9 0 10 8 10 8 11 4
10 7 9 10 8 8 3 4 4 5 2 9 7 6 8 2 8 8 6 8 5 6 8 5 1 9 6 10 3 3 9 3 12 10 0 3 7 3 3 9
7 5 7 7 5 6 2 4 1 3 1 7 5 5 5 4 6 6 4 5 4 5 6 3 2 8 4 7 1 2 6 2 9 8 3 0 4 0 3 7
7 2 9 4 1 3 6 7 4 5 5 6 3 7 2 8 8 7 6 4 2 3 8 5 6 10 2 3 5 5 4 6 6 10 7 4 0 4 4 6
8 5 7 7 5 6 2 4 1 3 1 7 5 5 5 4 6 6 4 5 4 5 6 3 2 8 4 7 1 2 7 2 9 8 3 0 4 0 3 7
10 4 10 8 5 4 4 6 4 6 2 9 6 8 6 5 9 8 7 7 2 3 9 5 3 11 3 8 4 5 8 5 10 11 3 3 4 3 0 9
1 9 4 3 7 9 7 7 5 4 8 1 3 4 5 9 3 2 4 2 8 9 3 4 8 5 8 5 6 6 3 6 4 4 9 7 6 7 9 0
,
0 38 16 22 26 44 54 19 41 28 47 5 11 24 30 51 18 16 18 9 64 65 18 31 43 20 25 23 21 45 16 26 15 21 33 32 45 21 43 2
64 0 63 16 7 2 20 58 22 45 16 48 39 45 12 39 67 51 44 26 6 7 58 31 41 90 13 33 32 44 32 48 57 81 46 37 12 16 18 57
12 30 0 50 54 62 28 30 34 17 31 25 17 14 55 47 4 11 21 24 65 66 3 27 29 3 37 38 28 37 42 38 47 3 50 30 31 27 40 12
17 46 30 0 21 42 40 61 43 40 36 14 12 35 13 39 37 24 16 9 48 51 37 21 39 47 43 11 30 48 3 31 7 40 35 27 20 35 36 15
29 5 30 30 0 11 19 48 29 33 31 35 10 37 12 64 35 56 46 38 9 16 40 43 46 51 7 16 20 27 34 49 24 62 32 36 10 14 15 37
58 1 44 27 10 0 28 39 32 22 36 36 28 72 17 55 43 35 56 29 8 9 46 32 48 83 7 28 27 28 22 48 29 80 24 30 7 36 18 53
30 44 37 24 18 46 0 6 11 15 13 53 42 15 35 20 39 30 10 35 23 37 24 18 6 37 18 41 4 5 23 5 30 44 14 13 27 8 28 17
23 41 32 35 23 62 11 0 14 15 16 55 28 8 22 17 27 21 11 28 21 46 23 15 23 25 52 67 12 8 43 5 29 32 17 9 37 26 45 44
23 27 44 23 40 28 11 19 0 8 16 42 10 12 18 16 20 19 16 29 27 31 25 6 7 17 14 44 5 4 15 8 48 50 18 4 18 7 24 31
30 38 31 15 27 28 10 12 8 0 16 37 20 10 13 34 24 13 6 14 21 30 16 4 12 16 26 26 7 5 35 11 50 29 25 13 33 12 31 23
30 42 46 30 43 19 6 19 16 23 0 28 28 24 15 10 26 30 32 33 20 35 19 14 9 39 16 47 8 8 44 10 60 66 14 7 18 5 9 50
10 32 18 16 41 49 45 56 25 28 22 0 15 40 24 45 26 17 28 10 33 36 14 13 25 19 42 17 28 32 13 21 23 26 55 33 21 44 34 8
25 29 40 8 16 30 28 46 11 16 26 20 0 26 10 38 20 24 11 6 21 22 27 16 35 33 17 11 13 20 13 13 14 24 21 21 14 14 19 14
26 59 16 32 56 35 11 20 22 15 26 28 26 0 46 18 5 14 7 16 61 66 10 9 39 10 26 42 14 12 39 18 35 25 19 12 52 31 21 33
32 30 20 14 12 27 28 24 25 20 42 21 6 22 0 29 47 30 19 9 33 13 32 18 29 37 15 10 25 30 9 42 13 45 31 21 13 27 40 32
52 42 25 60 51 65 19 18 28 19 16 66 59 22 44 0 25 44 24 41 50 57 39 16 7 23 42 58 25 15 42 22 81 50 6 25 24 21 30 26
25 69 7 32 63 45 19 12 36 11 49 28 17 10 25 22 0 11 8 30 59 48 1 14 20 10 47 57 38 14 21 12 42 6 44 21 30 36 28 14
13 46 6 33 27 41 28 28 26 21 49 13 24 7 16 48 11 0 11 9 30 31 5 15 39 19 39 40 17 28 22 32 45 20 30 28 35 36 55 11
25 53 17 38 27 48 16 22 18 4 33 32 19 10 35 30 9 12 0 22 24 26 8 7 21 22 26 30 20 15 20 11 44 15 39 26 41 13 29 11
14 24 28 12 13 35 17 20 12 22 16 6 6 33 10 45 23 12 24 0 37 45 21 18 28 26 24 18 29 29 7 15 29 17 37 19 26 31 52 11
66 7 42 31 18 13 31 46 22 34 12 52 14 22 15 46 33 50 22 36 0 4 59 16 18 33 4 25 32 32 24 27 41 74 36 28 16 10 14 30
38 9 38 39 10 4 31 43 36 22 31 36 41 68 15 29 31 63 32 28 5 0 59 44 21 66 8 18 39 30 47 20 46 44 17 20 16 29 17 34
21 28 7 43 32 55 14 27 17 9 45 29 13 11 37 40 2 4 14 20 64 55 0 17 52 14 29 36 16 23 14 27 47 10 23 22 28 22 24 20
32 22 12 38 25 47 8 10 10 3 15 34 19 18 21 37 23 14 7 21 18 44 25 0 11 28 20 42 14 6 23 12 20 34 35 19 20 10 19 11
23 39 31 30 27 52 8 10 11 22 6 58 45 29 45 6 51 26 33 23 26 18 27 24 0 60 30 59 5 8 51 11 55 32 7 12 22 8 13 43
24 59 4 28 41 57 43 18 22 26 31 36 37 12 48 27 8 20 14 31 55 79 13 25 44 0 52 58 33 19 35 17 38 1 63 49 71 27 64 32
27 8 56 24 7 6 33 34 22 33 14 21 27 52 24 37 27 48 29 21 2 6 34 27 33 67 0 30 13 18 41 40 43 47 22 10 10 22 10 35
34 20 47 6 23 23 29 58 16 17 37 17 9 37 8 52 32 20 48 19 41 21 27 37 23 72 22 0 28 46 18 34 24 65 40 30 11 33 29 38
23 44 28 29 33 36 2 11 6 5 13 34 33 21 31 14 38 34 21 28 35 45 13 6 10 47 32 50 0 2 29 3 40 48 15 4 18 10 24 43
30 31 30 50 37 44 3 9 8 6 15 41 20 13 37 23 24 32 19 39 20 24 32 5 8 16 23 38 2 0 43 1 68 25 13 11 34 7 16 41
15 23 30 2 16 24 39 55 26 39 56 12 7 46 8 48 17 20 23 5 41 22 27 15 59 20 44 9 26 44 0 30 9 49 51 28 26 34 31 16
25 44 31 20 30 24 3 6 12 8 13 24 15 15 35 13 34 31 12 29 42 45 20 10 10 17 40 29 4 2 20 0 29 45 11 11 40 7 26 43
17 41 25 8 18 55 66 46 25 54 50 21 17 34 28 34 39 22 46 19 57 40 26 48 43 43 51 20 42 49 10 52 0 57 37 48 43 30 27 20
15 54 5 24 56 81 52 35 40 29 50 24 45 10 39 58 7 11 22 30 61 62 7 23 57 2 64 54 28 20 26 43 40 0 32 25 71 58 48 22
37 44 64 27 31 40 8 21 13 35 7 36 33 35 38 10 53 21 26 29 30 31 25 22 4 54 24 55 12 17 44 15 60 65 0 11 35 14 16 51
53 37 19 25 40 26 7 26 3 10 5 20 24 32 36 25 26 23 21 15 27 13 18 12 5 56 19 29 4 5 25 13 33 23 18 0 27 1 9 19
41 13 46 21 4 12 41 51 22 29 13 15 16 33 15 47 26 41 25 22 13 12 43 21 35 27 11 22 14 14 31 19 34 61 37 13 0 17 22 31
55 18 40 39 26 36 13 21 8 13 2 29 24 32 18 28 26 37 10 19 25 19 23 8 5 37 9 26 5 10 22 6 55 55 12 1 10 0 19 31
27 25 48 55 35 27 16 21 11 23 14 59 38 40 36 14 59 43 21 51 12 21 43 27 10 45 12 54 14 26 45 30 61 38 21 15 30 13 0 34
5 57 27 13 46 36 32 35 24 24 57 6 24 31 34 30 15 5 26 11 57 30 19 19 49 33 39 39 33 25 8 33 28 33 68 30 20 38 25 0