7
40
,
0 (0.0, 26.0) 19.0
1 (42.0, 48.0) 16.0
2 (5.0, 6.0) 14.0
3 (11.0, 42.0) 32.0
4 (33.0, 48.0) 17.0
5 (42.0, 50.0) 26.0
6 (35.0, 12.0) 18.0
7 (31.0, 4.0) 14.0
8 (31.0, 21.0) 23.0
9 (24.0, 16.0) 40.0
10 (42.0, 20.0) 14.0
11 (5.0, 32.0) 48.0
12 (19.0, 35.0) 11.0
13 (17.0, 8.0) 13.0
14 (21.0, 42.0) 41.0
15 (46.0, 4.0) 11.0
16 (8.0, 10.0) 14.0
17 (9.0, 18.0) 44.0
18 (19.0, 15.0) 11.0
19 (13.0, 32.0) 34.0
20 (43.0, 39.0) 24.0
21 (46.0, 43.0) 15.0
22 (8.0, 12.0) 44.0
23 (24.0, 19.0) 17.0
24 (43.0, 14.0) 28.0
25 (2.0, 3.0) 32.0
26 (40.0, 39.0) 48.0
27 (17.0, 49.0) 15.0
28 (33.0, 16.0) 20.0
29 (32.0, 14.0) 48.0
30 (10.0, 39.0) 24.0
31 (31.0, 13.0) 13.0
32 (1.0, 48.0) 12.0
33 (0.0, 4.0) 26.0
34 (48.0, 12.0) 10.0
35 (37.0, 21.0) 12.0
36 (32.0, 41.0) 39.0
37 (38.0, 21.0) 16.0
38 (49.0, 29.0) 15.0
39 (4.0, 26.0) 47.0
,
0 9 4 4 8 10 8 8 6 5 8 2 4 5 5 10 4 2 4 3 9 10 3 5 9 5 8 6 7 7 3 7 4 4 10 7 7 8 10 1
9 0 11 6 2 0 7 9 6 7 6 8 5 9 4 9 10 9 8 7 2 1 10 7 7 12 2 5 7 7 7 7 8 12 7 5 2 5 4 9
4 11 0 7 10 11 6 5 6 4 8 5 6 2 8 8 1 3 3 5 10 11 1 5 8 1 10 9 6 6 7 5 8 1 9 7 9 7 10 4
4 6 7 0 5 6 8 9 6 6 8 2 2 7 2 10 6 5 6 2 6 7 6 5 9 8 6 2 7 7 1 7 2 8 10 7 4 7 8 3
8 2 10 5 0 2 7 9 5 7 6 6 4 9 3 9 9 8 7 5 3 3 9 6 7 11 2 3 6 7 5 7 6 11 8 5 1 5 5 7
10 0 11 6 2 0 8 9 6 8 6 8 5 10 4 9 10 9 8 7 2 2 10 7 7 12 2 5 7 7 7 8 8 12 8 6 3 6 4 9
8 7 6 8 7 8 0 2 2 2 2 7 6 4 7 3 5 5 3 6 6 7 5 3 2 7 5 8 1 1 7 1 10 7 3 2 6 2 4 7
8 9 5 9 9 9 2 0 3 3 4 8 7 3 8 3 5 5 3 7 7 8 5 3 3 6 7 9 2 2 8 2 11 6 4 4 7 4 6 7
6 6 6 6 5 6 2 3 0 2 2 6 4 4 5 5 5 4 3 4 4 5 5 1 3 7 4 6 1 1 6 2 8 7 4 1 4 1 4 5
5 7 4 6 7 8 2 3 2 0 4 5 4 2 5 5 3 3 1 4 6 7 3 1 4 5 6 7 2 2 5 2 8 5 5 3 5 3 6 4
8 6 8 8 6 6 2 4 2 4 0 8 5 6 6 3 7 7 5 6 4 5 7 4 1 9 4 8 2 2 7 3 10 9 2 1 5 1 2 8
2 8 5 2 6 8 7 8 6 5 8 0 3 5 4 10 4 3 4 2 8 8 4 5 8 6 7 4 6 6 2 6 3 6 9 7 6 7 9 1
4 5 6 2 4 5 6 7 4 4 5 3 0 5 1 8 5 4 4 1 5 6 5 3 6 7 4 3 5 5 2 5 4 7 7 5 3 5 6 3
5 9 2 7 9 10 4 3 4 2 6 5 5 0 7 6 2 3 1 5 8 9 2 3 5 3 8 8 4 3 6 3 9 3 6 5 7 5 8 4
5 4 8 2 3 4 7 8 5 5 6 4 1 7 0 9 7 5 5 3 4 5 7 5 7 9 4 2 6 6 2 6 4 9 8 5 2 5 6 5
10 9 8 10 9 9 3 3 5 5 3 10 8 6 9 0 8 8 6 9 7 8 8 5 2 9 7 11 4 3 10 3 13 9 2 4 8 4 5 9
4 10 1 6 9 10 5 5 5 3 7 4 5 2 7 8 0 2 2 5 9 10 0 4 7 2 9 8 5 5 6 5 8 2 8 6 8 6 9 3
2 9 3 5 8 9 5 5 4 3 7 3 4 3 5 8 2 0 2 3 8 9 1 3 7 3 7 6 5 5 4 5 6 3 8 6 7 6 8 2
4 8 3 6 7 8 3 3 3 1 5 4 4 1 5 6 2 2 0 4 7 8 2 1 5 4 6 7 3 3 5 2 8 4 6 4 6 4 7 4
3 7 5 2 5 7 6 7 4 4 6 2 1 5 3 9 5 3 4 0 6 7 4 3 7 6 6 3 5 5 2 5 4 6 8 5 4 5 7 2
9 2 10 6 3 2 6 7 4 6 4 8 5 8 4 7 9 8 7 6 0 1 9 6 5 11 1 6 5 5 7 6 9 11 5 4 2 4 2 8
10 1 11 7 3 2 7 8 5 7 5 8 6 9 5 8 10 9 8 7 1 0 10 7 6 12 1 6 6 6 7 7 9 12 6 5 3 5 3 9
3 10 1 6 9 10 5 5 5 3 7 4 5 2 7 8 0 1 2 4 9 10 0 3 7 2 8 8 5 5 5 5 7 2 8 6 8 6 9 3
5 7 5 5 6 7 3 3 1 1 4 5 3 3 5 5 4 3 1 3 6 7 3 0 4 5 5 6 2 2 5 2 7 6 5 3 5 3 5 4
9 7 8 9 7 7 2 3 3 4 1 8 6 5 7 2 7 7 5 7 5 6 7 4 0 8 5 9 2 2 8 2 11 9 1 2 6 2 3 8
5 12 1 8 11 12 7 6 7 5 9 6 7 3 9 9 2 3 4 6 11 12 2 5 8 0 10 10 7 6 7 6 9 0 9 8 10 8 11 5
8 2 10 6 2 2 5 7 4 6 4 7 4 8 4 7 9 7 6 6 1 1 8 5 5 10 0 5 5 5 6 6 8 11 6 4 2 4 3 8
6 5 9 2 3 5 8 9 6 7 8 4 3 8 2 11 8 6 7 3 6 6 8 6 9 10 5 0 7 8 2 8 3 10 10 7 3 7 8 5
7 7 6 7 6 7 1 2 1 2 2 6 5 4 6 4 5 5 3 5 5 6 5 2 2 7 5 7 0 0 7 1 9 7 3 1 5 1 4 6
7 7 6 7 7 7 1 2 1 2 2 6 5 3 6 3 5 5 3 5 5 6 5 2 2 6 5 8 0 0 7 0 9 7 3 2 5 2 5 6
3 7 7 1 5 7 7 8 6 5 7 2 2 6 2 10 6 4 5 2 7 7 5 5 8 7 6 2 7 7 0 7 3 7 9 6 4 7 8 3
7 7 5 7 7 8 1 2 2 2 3 6 5 3 6 3 5 5 2 5 6 7 5 2 2 6 6 8 1 0 7 0 9 6 3 2 6 2 5 6
4 8 8 2 6 8 10 11 8 8 10 3 4 9 4 13 8 6 8 4 9 9 7 7 11 9 8 3 9 9 3 9 0 9 12 9 6 9 10 4
4 12 1 8 11 12 7 6 7 5 9 6 7 3 9 9 2 3 4 6 11 12 2 6 9 0 11 10 7 7 7 6 9 0 10 8 10 8 11 4
10 7 9 10 8 8 3 4 4 5 2 9 7 6 8 2 8 8 6 8 5 6 8 5 1 9 6 10 3 3 9 3 12 10 0 3 7 3 3 9
7 5 7 7 5 6 2 4 1 3 1 7 5 5 5 4 6 6 4 5 4 5 6 3 2 8 4 7 1 2 6 2 9 8 3 0 4 0 3 7
7 2 9 4 1 3 6 7 4 5 5 6 3 7 2 8 8 7 6 4 2 3 8 5 6 10 2 3 5 5 4 6 6 10 7 4 0 4 4 6
8 5 7 7 5 6 2 4 1 3 1 7 5 5 5 4 6 6 4 5 4 5 6 3 2 8 4 7 1 2 7 2 9 8 3 0 4 0 3 7
10 4 10 8 5 4 4 6 4 6 2 9 6 8 6 5 9 8 7 7 2 3 9 5 3 11 3 8 4 5 8 5 10 11 3 3 4 3 0 9
1 9 4 3 7 9 7 7 5 4 8 1 3 4 5 9 3 2 4 2 8 9 3 4 8 5 8 5 6 6 3 6 4 4 9 7 6 7 9 0
,
0 68 19 15 57 47 42 23 41 28 53 8 25 26 33 33 9 11 16 10 34 48 14 30 34 31 43 26 37 51 12 50 15 31 34 29 39 43 72 5
34 0 80 43 6 2 48 27 16 32 29 21 23 65 19 48 49 65 45 20 6 6 47 19 48 47 14 32 49 19 43 30 56 70 47 20 8 25 14 48
11 70 0 30 26 43 22 37 21 25 58 27 33 14 34 41 5 14 21 19 73 72 10 12 50 4 34 31 28 18 27 38 44 6 44 20 54 50 37 19
24 23 49 0 14 42 29 32 42 33 39 6 10 38 12 52 46 19 39 9 24 39 23 16 53 31 43 13 19 29 3 41 11 58 60 22 12 35 38 19
25 10 71 28 0 10 29 46 20 37 39 46 18 64 7 45 67 28 27 22 10 17 62 33 37 81 12 18 45 48 20 48 31 81 27 30 5 27 20 32
63 2 80 38 12 0 37 68 20 33 43 36 34 71 27 68 77 51 45 31 10 7 45 20 52 42 16 23 33 22 19 35 41 64 42 15 14 22 31 57
21 20 20 41 40 40 0 11 6 16 9 29 21 23 35 7 31 22 15 32 37 18 19 14 12 30 30 21 4 3 44 5 70 45 13 6 39 10 14 24
50 43 32 24 41 50 5 0 16 17 22 30 24 15 56 21 32 36 15 43 47 38 13 18 15 33 45 41 14 5 28 7 49 17 23 14 33 24 38 20
27 17 37 39 26 24 8 13 0 4 7 37 24 22 30 20 34 15 10 29 11 33 35 8 13 44 21 28 4 6 19 10 60 36 18 8 11 8 15 38
25 38 11 16 39 38 9 7 12 0 20 32 22 9 18 35 14 22 6 20 30 44 20 4 21 21 26 45 11 9 38 10 50 14 26 13 37 8 22 18
46 25 23 23 28 28 7 16 12 15 0 48 30 32 32 12 37 36 31 41 12 19 34 9 3 36 22 51 7 16 50 7 71 45 15 6 26 3 12 45
8 28 15 8 32 53 22 52 14 35 39 0 7 39 28 42 15 15 31 9 52 42 11 23 36 16 37 15 16 24 5 40 18 36 71 41 15 30 42 9
25 14 42 10 18 30 27 31 25 27 26 21 0 33 7 38 37 18 25 9 29 20 22 24 29 43 13 14 32 32 12 37 20 35 39 16 18 14 40 18
17 44 9 48 25 70 26 8 24 9 26 28 36 0 43 17 11 17 8 31 30 59 11 12 40 15 42 44 16 9 41 16 34 23 29 24 29 14 44 20
32 31 56 10 13 32 45 42 33 33 32 14 10 31 0 54 49 40 23 13 30 27 48 14 33 33 12 8 22 33 9 43 12 49 41 26 14 28 28 13
51 39 33 38 27 35 20 8 34 24 20 34 29 29 37 0 39 52 39 37 29 22 45 32 12 49 30 28 10 18 40 14 39 35 9 11 50 21 37 44
23 69 7 29 24 60 29 14 26 21 51 28 26 10 37 20 0 4 9 26 65 48 3 23 25 11 24 28 36 18 33 23 52 13 21 45 22 32 66 18
11 65 13 20 25 41 31 33 20 22 24 8 25 7 16 47 11 0 13 19 55 43 7 18 50 14 33 39 22 20 18 23 21 14 27 17 44 21 61 13
15 40 10 24 47 30 19 11 7 5 22 18 17 7 21 25 15 15 0 26 43 42 10 7 35 26 19 23 15 9 29 12 31 14 35 26 42 13 44 11
9 22 37 11 32 28 32 30 12 15 27 6 10 33 13 29 15 9 22 0 32 49 24 16 36 34 25 18 20 16 5 33 23 16 57 32 12 15 45 9
37 10 56 23 11 14 25 42 30 20 23 52 29 29 26 44 28 43 50 27 0 6 23 26 27 77 2 37 30 35 33 15 53 37 28 22 8 24 14 50
39 4 48 49 13 11 24 24 32 26 25 51 33 43 24 45 42 67 52 18 6 0 68 39 37 63 4 30 29 45 22 23 49 38 45 24 7 33 11 47
18 71 9 26 39 57 24 28 26 22 26 12 23 9 47 34 2 4 15 14 53 25 0 26 31 11 31 34 21 20 22 32 34 9 28 32 28 19 44 11
16 51 12 20 24 45 7 25 9 4 16 14 10 12 30 17 25 15 7 22 18 48 25 0 13 28 28 30 9 11 15 9 23 17 18 13 25 17 36 26
61 33 48 38 51 32 6 21 13 18 5 42 21 30 38 7 27 24 28 19 32 40 47 22 0 29 35 42 6 9 37 13 36 41 4 10 32 7 20 35
24 75 6 48 47 50 44 39 38 37 26 28 49 13 39 40 6 20 16 29 37 39 6 39 63 0 66 43 34 26 38 29 42 3 67 59 33 48 59 23
59 5 25 16 14 11 22 29 28 31 19 48 26 20 19 27 63 38 30 37 3 8 34 26 27 60 0 33 29 38 24 39 30 67 30 17 10 25 20 35
24 16 32 11 22 28 56 60 36 32 48 18 9 59 7 34 29 33 41 10 40 29 29 30 38 35 26 0 39 50 8 31 12 37 26 47 15 21 51 20
24 37 16 39 31 29 7 7 4 10 8 45 26 20 29 9 17 32 16 30 22 19 18 9 9 41 30 35 0 2 25 4 32 39 18 8 18 6 25 41
50 29 34 29 51 41 3 15 10 9 13 48 18 22 38 25 18 34 11 20 19 25 21 6 16 43 28 35 1 0 24 2 68 38 22 8 30 12 30 27
17 36 39 2 16 44 27 25 28 20 23 8 11 16 14 41 43 14 13 10 36 38 16 13 31 30 33 11 45 34 0 34 16 34 69 45 29 19 56 16
43 42 27 49 50 22 4 12 9 9 10 26 34 10 26 26 31 24 15 15 15 21 35 9 8 41 30 23 5 1 48 0 51 19 25 8 35 15 25 23
14 21 47 13 43 57 71 64 37 31 41 21 20 45 22 39 49 33 29 11 39 34 23 37 50 35 29 13 27 39 12 61 0 54 70 64 31 26 29 31
23 60 6 53 29 77 40 46 28 39 32 28 23 20 30 63 7 16 11 26 60 62 15 34 51 2 66 63 35 33 46 45 65 0 66 52 67 22 62 28
65 22 59 70 37 33 19 26 10 19 15 24 24 30 37 9 47 54 26 39 14 44 21 19 5 66 33 35 22 16 30 22 41 60 0 11 41 18 19 23
32 27 23 21 25 24 5 12 6 8 3 37 14 33 28 16 26 42 10 37 15 20 42 18 12 41 14 44 5 12 40 12 51 54 11 0 28 1 19 38
19 18 26 23 10 8 37 31 16 16 17 24 20 25 14 22 50 24 30 31 14 15 44 21 43 60 5 12 22 20 23 16 45 61 29 11 0 18 30 18
34 35 24 49 20 22 5 18 7 15 3 51 34 26 24 20 36 31 11 35 15 15 28 21 12 28 26 43 8 12 49 6 67 29 9 1 20 0 11 28
58 12 58 21 20 15 18 20 28 23 9 50 38 31 25 24 58 24 47 22 8 11 57 23 11 65 10 46 19 23 25 31 59 37 11 13 15 15 0 23
2 22 28 18 22 40 21 20 21 22 50 5 14 29 17 53 11 12 10 8 31 58 10 20 25 28 41 36 43 30 19 19 32 26 42 34 44 17 37 0