7
40
,
0 (0.0, 26.0) 25.0
1 (42.0, 48.0) 36.0
2 (5.0, 6.0) 30.0
3 (11.0, 42.0) 19.0
4 (33.0, 48.0) 19.0
5 (42.0, 50.0) 25.0
6 (35.0, 12.0) 25.0
7 (31.0, 4.0) 29.0
8 (31.0, 21.0) 28.0
9 (24.0, 16.0) 22.0
10 (42.0, 20.0) 21.0
11 (5.0, 32.0) 50.0
12 (19.0, 35.0) 28.0
13 (17.0, 8.0) 23.0
14 (21.0, 42.0) 33.0
15 (46.0, 4.0) 23.0
16 (8.0, 10.0) 39.0
17 (9.0, 18.0) 11.0
18 (19.0, 15.0) 18.0
19 (13.0, 32.0) 21.0
20 (43.0, 39.0) 15.0
21 (46.0, 43.0) 26.0
22 (8.0, 12.0) 23.0
23 (24.0, 19.0) 46.0
24 (43.0, 14.0) 23.0
25 (2.0, 3.0) 38.0
26 (40.0, 39.0) 40.0
27 (17.0, 49.0) 31.0
28 (33.0, 16.0) 11.0
29 (32.0, 14.0) 33.0
30 (10.0, 39.0) 11.0
31 (31.0, 13.0) 26.0
32 (1.0, 48.0) 28.0
33 (0.0, 4.0) 23.0
34 (48.0, 12.0) 30.0
35 (37.0, 21.0) 19.0
36 (32.0, 41.0) 43.0
37 (38.0, 21.0) 33.0
38 (49.0, 29.0) 20.0
39 (4.0, 26.0) 32.0
,
0 9 4 4 8 10 8 8 6 5 8 2 4 5 5 10 4 2 4 3 9 10 3 5 9 5 8 6 7 7 3 7 4 4 10 7 7 8 10 1
9 0 11 6 2 0 7 9 6 7 6 8 5 9 4 9 10 9 8 7 2 1 10 7 7 12 2 5 7 7 7 7 8 12 7 5 2 5 4 9
4 11 0 7 10 11 6 5 6 4 8 5 6 2 8 8 1 3 3 5 10 11 1 5 8 1 10 9 6 6 7 5 8 1 9 7 9 7 10 4
4 6 7 0 5 6 8 9 6 6 8 2 2 7 2 10 6 5 6 2 6 7 6 5 9 8 6 2 7 7 1 7 2 8 10 7 4 7 8 3
8 2 10 5 0 2 7 9 5 7 6 6 4 9 3 9 9 8 7 5 3 3 9 6 7 11 2 3 6 7 5 7 6 11 8 5 1 5 5 7
10 0 11 6 2 0 8 9 6 8 6 8 5 10 4 9 10 9 8 7 2 2 10 7 7 12 2 5 7 7 7 8 8 12 8 6 3 6 4 9
8 7 6 8 7 8 0 2 2 2 2 7 6 4 7 3 5 5 3 6 6 7 5 3 2 7 5 8 1 1 7 1 10 7 3 2 6 2 4 7
8 9 5 9 9 9 2 0 3 3 4 8 7 3 8 3 5 5 3 7 7 8 5 3 3 6 7 9 2 2 8 2 11 6 4 4 7 4 6 7
6 6 6 6 5 6 2 3 0 2 2 6 4 4 5 5 5 4 3 4 4 5 5 1 3 7 4 6 1 1 6 2 8 7 4 1 4 1 4 5
5 7 4 6 7 8 2 3 2 0 4 5 4 2 5 5 3 3 1 4 6 7 3 1 4 5 6 7 2 2 5 2 8 5 5 3 5 3 6 4
8 6 8 8 6 6 2 4 2 4 0 8 5 6 6 3 7 7 5 6 4 5 7 4 1 9 4 8 2 2 7 3 10 9 2 1 5 1 2 8
2 8 5 2 6 8 7 8 6 5 8 0 3 5 4 10 4 3 4 2 8 8 4 5 8 6 7 4 6 6 2 6 3 6 9 7 6 7 9 1
4 5 6 2 4 5 6 7 4 4 5 3 0 5 1 8 5 4 4 1 5 6 5 3 6 7 4 3 5 5 2 5 4 7 7 5 3 5 6 3
5 9 2 7 9 10 4 3 4 2 6 5 5 0 7 6 2 3 1 5 8 9 2 3 5 3 8 8 4 3 6 3 9 3 6 5 7 5 8 4
5 4 8 2 3 4 7 8 5 5 6 4 1 7 0 9 7 5 5 3 4 5 7 5 7 9 4 2 6 6 2 6 4 9 8 5 2 5 6 5
10 9 8 10 9 9 3 3 5 5 3 10 8 6 9 0 8 8 6 9 7 8 8 5 2 9 7 11 4 3 10 3 13 9 2 4 8 4 5 9
4 10 1 6 9 10 5 5 5 3 7 4 5 2 7 8 0 2 2 5 9 10 0 4 7 2 9 8 5 5 6 5 8 2 8 6 8 6 9 3
2 9 3 5 8 9 5 5 4 3 7 3 4 3 5 8 2 0 2 3 8 9 1 3 7 3 7 6 5 5 4 5 6 3 8 6 7 6 8 2
4 8 3 6 7 8 3 3 3 1 5 4 4 1 5 6 2 2 0 4 7 8 2 1 5 4 6 7 3 3 5 2 8 4 6 4 6 4 7 4
3 7 5 2 5 7 6 7 4 4 6 2 1 5 3 9 5 3 4 0 6 7 4 3 7 6 6 3 5 5 2 5 4 6 8 5 4 5 7 2
9 2 10 6 3 2 6 7 4 6 4 8 5 8 4 7 9 8 7 6 0 1 9 6 5 11 1 6 5 5 7 6 9 11 5 4 2 4 2 8
10 1 11 7 3 2 7 8 5 7 5 8 6 9 5 8 10 9 8 7 1 0 10 7 6 12 1 6 6 6 7 7 9 12 6 5 3 5 3 9
3 10 1 6 9 10 5 5 5 3 7 4 5 2 7 8 0 1 2 4 9 10 0 3 7 2 8 8 5 5 5 5 7 2 8 6 8 6 9 3
5 7 5 5 6 7 3 3 1 1 4 5 3 3 5 5 4 3 1 3 6 7 3 0 4 5 5 6 2 2 5 2 7 6 5 3 5 3 5 4
9 7 8 9 7 7 2 3 3 4 1 8 6 5 7 2 7 7 5 7 5 6 7 4 0 8 5 9 2 2 8 2 11 9 1 2 6 2 3 8
5 12 1 8 11 12 7 6 7 5 9 6 7 3 9 9 2 3 4 6 11 12 2 5 8 0 10 10 7 6 7 6 9 0 9 8 10 8 11 5
8 2 10 6 2 2 5 7 4 6 4 7 4 8 4 7 9 7 6 6 1 1 8 5 5 10 0 5 5 5 6 6 8 11 6 4 2 4 3 8
6 5 9 2 3 5 8 9 6 7 8 4 3 8 2 11 8 6 7 3 6 6 8 6 9 10 5 0 7 8 2 8 3 10 10 7 3 7 8 5
7 7 6 7 6 7 1 2 1 2 2 6 5 4 6 4 5 5 3 5 5 6 5 2 2 7 5 7 0 0 7 1 9 7 3 1 5 1 4 6
7 7 6 7 7 7 1 2 1 2 2 6 5 3 6 3 5 5 3 5 5 6 5 2 2 6 5 8 0 0 7 0 9 7 3 2 5 2 5 6
3 7 7 1 5 7 7 8 6 5 7 2 2 6 2 10 6 4 5 2 7 7 5 5 8 7 6 2 7 7 0 7 3 7 9 6 4 7 8 3
7 7 5 7 7 8 1 2 2 2 3 6 5 3 6 3 5 5 2 5 6 7 5 2 2 6 6 8 1 0 7 0 9 6 3 2 6 2 5 6
4 8 8 2 6 8 10 11 8 8 10 3 4 9 4 13 8 6 8 4 9 9 7 7 11 9 8 3 9 9 3 9 0 9 12 9 6 9 10 4
4 12 1 8 11 12 7 6 7 5 9 6 7 3 9 9 2 3 4 6 11 12 2 6 9 0 11 10 7 7 7 6 9 0 10 8 10 8 11 4
10 7 9 10 8 8 3 4 4 5 2 9 7 6 8 2 8 8 6 8 5 6 8 5 1 9 6 10 3 3 9 3 12 10 0 3 7 3 3 9
7 5 7 7 5 6 2 4 1 3 1 7 5 5 5 4 6 6 4 5 4 5 6 3 2 8 4 7 1 2 6 2 9 8 3 0 4 0 3 7
7 2 9 4 1 3 6 7 4 5 5 6 3 7 2 8 8 7 6 4 2 3 8 5 6 10 2 3 5 5 4 6 6 10 7 4 0 4 4 6
8 5 7 7 5 6 2 4 1 3 1 7 5 5 5 4 6 6 4 5 4 5 6 3 2 8 4 7 1 2 7 2 9 8 3 0 4 0 3 7
10 4 10 8 5 4 4 6 4 6 2 9 6 8 6 5 9 8 7 7 2 3 9 5 3 11 3 8 4 5 8 5 10 11 3 3 4 3 0 9
1 9 4 3 7 9 7 7 5 4 8 1 3 4 5 9 3 2 4 2 8 9 3 4 8 5 8 5 6 6 3 6 4 4 9 7 6 7 9 0
,
0 24 12 21 30 58 45 52 19 34 52 8 27 21 18 74 22 13 27 12 64 48 15 18 30 21 56 32 39 48 17 24 14 14 27 40 33 27 48 3
40 0 30 46 10 2 21 47 20 36 21 28 32 46 12 27 61 66 59 32 8 6 55 25 31 75 12 32 44 51 30 35 56 76 46 14 11 15 19 52
18 38 0 42 31 86 17 34 42 26 24 16 27 6 37 51 4 19 15 26 39 82 7 29 58 3 39 28 34 25 46 14 47 5 48 26 25 37 69 19
14 34 42 0 22 28 26 24 34 22 55 6 14 45 10 29 45 28 31 15 42 52 35 30 36 56 17 11 36 49 4 22 9 40 67 38 13 20 31 16
30 11 33 29 0 7 46 63 20 25 17 22 25 33 11 43 36 42 26 17 13 18 33 32 30 52 16 15 48 40 17 27 19 40 30 38 5 34 32 47
51 3 80 16 11 0 33 40 27 38 23 51 27 32 17 43 66 32 61 28 6 8 55 44 44 72 14 21 31 32 46 25 43 58 57 35 10 24 24 36
40 35 19 31 42 41 0 5 8 15 13 43 37 13 40 8 16 28 23 38 21 31 36 9 6 35 31 36 4 5 27 6 35 53 17 11 16 6 24 47
50 24 14 41 57 32 8 0 21 14 16 41 31 19 54 18 32 33 13 39 39 49 30 14 21 18 32 46 11 10 26 5 39 30 25 20 19 11 16 29
29 26 36 33 35 27 8 14 0 11 11 18 19 21 19 21 26 30 15 19 14 19 27 5 13 28 30 28 7 10 32 7 31 39 13 6 19 8 26 32
19 24 30 37 23 41 15 10 7 0 21 29 15 13 15 22 17 9 4 13 22 22 19 4 14 17 29 24 10 10 22 6 45 26 34 16 18 17 40 17
31 40 34 53 43 43 11 13 12 14 0 21 39 35 21 22 23 47 19 30 16 28 32 26 8 60 26 57 8 7 34 14 39 31 13 7 26 3 6 29
12 39 38 10 20 35 35 45 17 29 38 0 19 30 20 50 20 19 14 4 58 23 22 30 23 41 39 27 28 26 10 48 18 29 39 24 25 48 52 8
25 25 21 6 28 30 36 37 15 19 30 8 0 18 5 48 32 24 30 7 30 20 22 20 21 28 21 19 13 27 8 37 12 19 54 15 20 31 28 18
23 71 13 45 47 65 11 16 27 7 30 14 28 0 34 25 11 19 9 15 29 50 11 19 26 11 27 44 12 18 17 20 39 17 32 33 47 23 20 31
17 26 26 6 8 30 20 57 32 15 33 14 10 22 0 46 51 20 16 13 31 32 42 18 25 48 27 7 42 28 9 29 31 57 40 31 12 30 24 16
55 38 56 28 36 55 20 8 26 17 11 42 53 20 41 0 27 50 39 43 26 21 34 27 13 63 44 54 23 25 26 15 76 32 12 26 20 25 32 54
9 30 4 25 37 70 25 32 35 24 36 23 38 5 29 19 0 11 6 24 32 34 3 25 37 12 48 29 15 34 20 20 44 9 41 45 52 44 30 17
10 38 6 34 35 37 34 30 19 8 24 21 24 16 39 25 5 0 10 19 47 36 7 9 23 13 46 41 27 26 22 15 34 17 31 39 22 27 43 12
17 21 12 35 31 43 18 18 13 7 18 14 23 7 29 27 14 13 0 11 49 46 14 8 26 11 36 37 11 9 30 12 49 22 17 15 19 28 23 10
8 45 17 6 19 43 26 29 18 11 40 11 8 29 17 39 32 15 17 0 22 51 14 17 21 36 35 21 29 35 4 31 28 46 45 25 20 17 23 6
41 8 45 31 7 12 38 26 20 45 16 26 34 22 28 30 58 34 30 36 0 6 41 37 20 73 3 39 25 30 26 34 27 49 22 17 6 10 16 58
39 10 37 51 15 12 26 43 37 20 21 60 29 62 20 20 62 61 54 39 6 0 60 32 28 61 9 23 19 28 28 31 65 57 29 20 18 20 19 31
21 69 10 36 35 36 26 30 29 18 22 30 13 6 38 29 2 7 6 23 58 50 0 13 50 7 57 27 21 31 24 14 38 14 60 23 54 35 40 17
13 47 21 26 22 24 13 21 6 4 24 25 24 13 23 24 17 20 9 13 19 17 9 0 17 21 37 39 10 14 28 5 22 17 21 14 25 19 23 19
41 27 50 30 44 53 4 9 11 25 8 21 41 39 28 12 51 39 29 35 37 34 18 18 0 50 31 50 10 15 43 16 51 62 3 11 21 9 10 49
16 62 3 43 60 87 17 37 31 37 43 19 31 16 49 24 10 9 28 16 35 39 8 40 58 0 73 50 29 43 19 23 37 2 47 58 40 56 70 30
36 10 28 41 14 12 41 29 24 42 27 52 15 24 26 26 60 19 25 32 2 9 59 30 14 56 0 32 17 29 35 16 28 30 39 12 9 10 13 50
24 19 35 10 14 24 58 44 38 36 41 11 9 59 7 72 57 41 36 12 32 22 55 21 41 69 33 0 31 47 10 29 14 64 45 25 14 44 49 25
32 32 27 44 37 53 5 18 6 6 12 39 32 21 34 15 27 23 17 13 17 19 34 13 10 25 25 52 0 3 21 5 63 36 12 3 13 10 19 20
47 34 18 30 26 36 5 14 7 8 10 33 29 10 25 13 17 29 17 32 38 29 24 12 15 24 30 56 2 0 34 1 54 25 22 10 22 13 19 22
20 48 34 5 24 44 48 47 39 40 47 6 10 18 9 27 27 25 26 4 46 42 20 17 22 44 41 6 36 50 0 41 9 42 34 18 22 23 20 11
19 33 14 35 33 52 5 8 5 11 13 43 14 20 29 14 31 12 16 20 42 27 12 12 8 38 19 46 2 1 35 0 49 39 24 15 21 8 23 19
14 36 62 16 36 43 27 40 24 36 70 24 12 22 16 74 54 29 39 24 61 33 47 25 42 59 26 11 38 33 17 46 0 63 32 58 25 64 39 14
19 88 7 48 44 76 48 36 19 18 61 25 37 25 49 68 9 18 25 27 39 47 11 28 50 2 30 33 19 24 35 18 25 0 62 47 51 56 60 20
41 23 38 37 27 34 10 19 18 18 13 31 24 20 25 9 54 23 27 55 27 29 32 18 6 31 28 43 17 10 31 18 66 41 0 18 48 19 21 33
43 28 44 41 23 25 9 26 7 14 6 22 26 16 24 23 16 23 11 26 23 16 33 14 12 55 19 43 6 5 35 7 58 45 14 0 25 1 15 36
31 16 47 19 10 15 43 43 13 17 17 30 10 20 8 41 50 30 41 20 10 21 48 33 20 41 10 10 29 35 16 24 36 68 29 25 0 11 21 28
34 19 48 49 21 38 6 15 4 15 3 32 22 27 15 18 28 17 18 32 20 12 33 9 12 28 23 49 6 12 20 8 60 28 14 1 16 0 16 21
28 24 48 26 29 16 20 33 15 35 9 52 17 32 18 23 37 26 30 44 9 21 55 36 18 33 7 45 26 17 48 36 55 69 19 12 27 8 0 44
6 35 15 21 34 26 48 45 35 12 35 3 16 12 22 42 13 13 17 13 46 32 20 22 56 30 28 25 24 42 7 15 17 26 45 28 45 37 51 0