7
40
,
0 (0.0, 26.0) 13.0
1 (42.0, 48.0) 11.0
2 (5.0, 6.0) 32.0
3 (11.0, 42.0) 24.0
4 (33.0, 48.0) 47.0
5 (42.0, 50.0) 31.0
6 (35.0, 12.0) 31.0
7 (31.0, 4.0) 26.0
8 (31.0, 21.0) 19.0
9 (24.0, 16.0) 15.0
10 (42.0, 20.0) 13.0
11 (5.0, 32.0) 30.0
12 (19.0, 35.0) 16.0
13 (17.0, 8.0) 23.0
14 (21.0, 42.0) 47.0
15 (46.0, 4.0) 24.0
16 (8.0, 10.0) 28.0
17 (9.0, 18.0) 21.0
18 (19.0, 15.0) 27.0
19 (13.0, 32.0) 37.0
20 (43.0, 39.0) 32.0
21 (46.0, 43.0) 37.0
22 (8.0, 12.0) 26.0
23 (24.0, 19.0) 24.0
24 (43.0, 14.0) 17.0
25 (2.0, 3.0) 13.0
26 (40.0, 39.0) 15.0
27 (17.0, 49.0) 11.0
28 (33.0, 16.0) 20.0
29 (32.0, 14.0) 18.0
30 (10.0, 39.0) 40.0
31 (31.0, 13.0) 43.0
32 (1.0, 48.0) 45.0
33 (0.0, 4.0) 33.0
34 (48.0, 12.0) 18.0
35 (37.0, 21.0) 10.0
36 (32.0, 41.0) 13.0
37 (38.0, 21.0) 11.0
38 (49.0, 29.0) 32.0
39 (4.0, 26.0) 28.0
,
0 9 4 4 8 10 8 8 6 5 8 2 4 5 5 10 4 2 4 3 9 10 3 5 9 5 8 6 7 7 3 7 4 4 10 7 7 8 10 1
9 0 11 6 2 0 7 9 6 7 6 8 5 9 4 9 10 9 8 7 2 1 10 7 7 12 2 5 7 7 7 7 8 12 7 5 2 5 4 9
4 11 0 7 10 11 6 5 6 4 8 5 6 2 8 8 1 3 3 5 10 11 1 5 8 1 10 9 6 6 7 5 8 1 9 7 9 7 10 4
4 6 7 0 5 6 8 9 6 6 8 2 2 7 2 10 6 5 6 2 6 7 6 5 9 8 6 2 7 7 1 7 2 8 10 7 4 7 8 3
8 2 10 5 0 2 7 9 5 7 6 6 4 9 3 9 9 8 7 5 3 3 9 6 7 11 2 3 6 7 5 7 6 11 8 5 1 5 5 7
10 0 11 6 2 0 8 9 6 8 6 8 5 10 4 9 10 9 8 7 2 2 10 7 7 12 2 5 7 7 7 8 8 12 8 6 3 6 4 9
8 7 6 8 7 8 0 2 2 2 2 7 6 4 7 3 5 5 3 6 6 7 5 3 2 7 5 8 1 1 7 1 10 7 3 2 6 2 4 7
8 9 5 9 9 9 2 0 3 3 4 8 7 3 8 3 5 5 3 7 7 8 5 3 3 6 7 9 2 2 8 2 11 6 4 4 7 4 6 7
6 6 6 6 5 6 2 3 0 2 2 6 4 4 5 5 5 4 3 4 4 5 5 1 3 7 4 6 1 1 6 2 8 7 4 1 4 1 4 5
5 7 4 6 7 8 2 3 2 0 4 5 4 2 5 5 3 3 1 4 6 7 3 1 4 5 6 7 2 2 5 2 8 5 5 3 5 3 6 4
8 6 8 8 6 6 2 4 2 4 0 8 5 6 6 3 7 7 5 6 4 5 7 4 1 9 4 8 2 2 7 3 10 9 2 1 5 1 2 8
2 8 5 2 6 8 7 8 6 5 8 0 3 5 4 10 4 3 4 2 8 8 4 5 8 6 7 4 6 6 2 6 3 6 9 7 6 7 9 1
4 5 6 2 4 5 6 7 4 4 5 3 0 5 1 8 5 4 4 1 5 6 5 3 6 7 4 3 5 5 2 5 4 7 7 5 3 5 6 3
5 9 2 7 9 10 4 3 4 2 6 5 5 0 7 6 2 3 1 5 8 9 2 3 5 3 8 8 4 3 6 3 9 3 6 5 7 5 8 4
5 4 8 2 3 4 7 8 5 5 6 4 1 7 0 9 7 5 5 3 4 5 7 5 7 9 4 2 6 6 2 6 4 9 8 5 2 5 6 5
10 9 8 10 9 9 3 3 5 5 3 10 8 6 9 0 8 8 6 9 7 8 8 5 2 9 7 11 4 3 10 3 13 9 2 4 8 4 5 9
4 10 1 6 9 10 5 5 5 3 7 4 5 2 7 8 0 2 2 5 9 10 0 4 7 2 9 8 5 5 6 5 8 2 8 6 8 6 9 3
2 9 3 5 8 9 5 5 4 3 7 3 4 3 5 8 2 0 2 3 8 9 1 3 7 3 7 6 5 5 4 5 6 3 8 6 7 6 8 2
4 8 3 6 7 8 3 3 3 1 5 4 4 1 5 6 2 2 0 4 7 8 2 1 5 4 6 7 3 3 5 2 8 4 6 4 6 4 7 4
3 7 5 2 5 7 6 7 4 4 6 2 1 5 3 9 5 3 4 0 6 7 4 3 7 6 6 3 5 5 2 5 4 6 8 5 4 5 7 2
9 2 10 6 3 2 6 7 4 6 4 8 5 8 4 7 9 8 7 6 0 1 9 6 5 11 1 6 5 5 7 6 9 11 5 4 2 4 2 8
10 1 11 7 3 2 7 8 5 7 5 8 6 9 5 8 10 9 8 7 1 0 10 7 6 12 1 6 6 6 7 7 9 12 6 5 3 5 3 9
3 10 1 6 9 10 5 5 5 3 7 4 5 2 7 8 0 1 2 4 9 10 0 3 7 2 8 8 5 5 5 5 7 2 8 6 8 6 9 3
5 7 5 5 6 7 3 3 1 1 4 5 3 3 5 5 4 3 1 3 6 7 3 0 4 5 5 6 2 2 5 2 7 6 5 3 5 3 5 4
9 7 8 9 7 7 2 3 3 4 1 8 6 5 7 2 7 7 5 7 5 6 7 4 0 8 5 9 2 2 8 2 11 9 1 2 6 2 3 8
5 12 1 8 11 12 7 6 7 5 9 6 7 3 9 9 2 3 4 6 11 12 2 5 8 0 10 10 7 6 7 6 9 0 9 8 10 8 11 5
8 2 10 6 2 2 5 7 4 6 4 7 4 8 4 7 9 7 6 6 1 1 8 5 5 10 0 5 5 5 6 6 8 11 6 4 2 4 3 8
6 5 9 2 3 5 8 9 6 7 8 4 3 8 2 11 8 6 7 3 6 6 8 6 9 10 5 0 7 8 2 8 3 10 10 7 3 7 8 5
7 7 6 7 6 7 1 2 1 2 2 6 5 4 6 4 5 5 3 5 5 6 5 2 2 7 5 7 0 0 7 1 9 7 3 1 5 1 4 6
7 7 6 7 7 7 1 2 1 2 2 6 5 3 6 3 5 5 3 5 5 6 5 2 2 6 5 8 0 0 7 0 9 7 3 2 5 2 5 6
3 7 7 1 5 7 7 8 6 5 7 2 2 6 2 10 6 4 5 2 7 7 5 5 8 7 6 2 7 7 0 7 3 7 9 6 4 7 8 3
7 7 5 7 7 8 1 2 2 2 3 6 5 3 6 3 5 5 2 5 6 7 5 2 2 6 6 8 1 0 7 0 9 6 3 2 6 2 5 6
4 8 8 2 6 8 10 11 8 8 10 3 4 9 4 13 8 6 8 4 9 9 7 7 11 9 8 3 9 9 3 9 0 9 12 9 6 9 10 4
4 12 1 8 11 12 7 6 7 5 9 6 7 3 9 9 2 3 4 6 11 12 2 6 9 0 11 10 7 7 7 6 9 0 10 8 10 8 11 4
10 7 9 10 8 8 3 4 4 5 2 9 7 6 8 2 8 8 6 8 5 6 8 5 1 9 6 10 3 3 9 3 12 10 0 3 7 3 3 9
7 5 7 7 5 6 2 4 1 3 1 7 5 5 5 4 6 6 4 5 4 5 6 3 2 8 4 7 1 2 6 2 9 8 3 0 4 0 3 7
7 2 9 4 1 3 6 7 4 5 5 6 3 7 2 8 8 7 6 4 2 3 8 5 6 10 2 3 5 5 4 6 6 10 7 4 0 4 4 6
8 5 7 7 5 6 2 4 1 3 1 7 5 5 5 4 6 6 4 5 4 5 6 3 2 8 4 7 1 2 7 2 9 8 3 0 4 0 3 7
10 4 10 8 5 4 4 6 4 6 2 9 6 8 6 5 9 8 7 7 2 3 9 5 3 11 3 8 4 5 8 5 10 11 3 3 4 3 0 9
1 9 4 3 7 9 7 7 5 4 8 1 3 4 5 9 3 2 4 2 8 9 3 4 8 5 8 5 6 6 3 6 4 4 9 7 6 7 9 0
,
0 64 17 21 46 54 46 37 37 29 30 5 14 21 16 43 23 12 21 18 45 70 18 16 29 24 38 25 44 37 18 33 23 15 39 49 47 46 54 2
53 0 50 40 12 2 28 43 19 41 29 32 22 49 17 52 63 54 57 24 6 6 51 26 26 60 12 28 32 50 25 20 22 66 24 41 12 23 26 31
22 36 0 27 44 43 22 18 45 31 23 24 21 11 58 31 4 18 22 21 49 48 7 18 25 4 38 63 23 16 31 22 36 4 58 51 57 49 67 30
10 21 52 0 28 31 20 39 21 34 52 13 14 42 5 68 33 16 23 6 16 30 33 19 32 47 43 5 43 51 4 31 10 42 50 29 31 22 39 22
41 13 65 26 0 11 52 44 30 45 36 36 28 33 14 56 44 33 34 18 19 11 31 21 43 46 17 23 25 44 14 34 22 32 39 37 4 41 16 27
70 2 66 38 10 0 35 53 24 55 36 31 27 63 31 24 58 33 42 18 10 10 70 22 53 78 15 33 30 28 47 39 36 52 25 30 7 22 29 48
31 23 44 31 22 31 0 5 7 17 14 43 14 16 24 11 35 22 22 33 30 33 40 11 5 35 18 48 4 4 33 5 50 29 7 5 38 6 31 22
22 23 27 64 62 51 8 0 24 20 26 49 35 20 24 17 14 23 11 21 33 30 34 12 13 28 40 30 17 5 54 7 39 18 11 24 34 17 44 31
19 27 18 42 18 38 7 13 0 13 9 41 22 24 22 24 36 23 14 13 32 39 34 7 11 38 30 33 4 9 25 8 56 32 27 3 22 8 15 14
32 55 31 24 37 29 17 16 5 0 20 19 14 13 38 37 14 10 7 16 30 45 12 3 18 27 15 42 5 12 26 9 52 37 14 12 28 10 18 13
51 18 41 38 19 16 6 13 16 18 0 35 17 17 25 21 28 22 34 19 18 20 31 17 4 33 10 42 10 12 35 18 74 23 11 3 15 5 8 32
10 56 14 6 38 24 30 20 27 25 52 0 15 30 26 38 12 13 30 7 42 63 18 13 58 39 22 23 34 19 12 28 21 15 70 23 32 52 25 6
18 18 22 14 10 35 24 18 10 22 36 20 0 25 9 53 36 20 12 10 15 39 22 10 34 29 20 10 31 24 12 37 22 20 30 22 15 12 21 22
16 59 11 37 46 30 20 19 16 6 17 37 25 0 41 43 8 11 8 18 20 30 10 14 26 19 40 47 16 20 47 14 26 12 37 16 44 27 36 22
34 20 53 5 10 28 31 24 21 30 31 10 8 22 0 49 43 18 23 13 33 23 27 16 36 49 22 7 29 40 17 17 15 45 48 38 6 35 17 21
71 39 42 44 60 61 18 11 13 17 12 55 35 32 45 0 52 54 29 44 20 57 44 18 7 45 39 46 19 10 26 23 83 38 5 12 55 21 23 70
21 64 5 42 28 71 35 25 36 11 31 21 14 9 31 26 0 9 13 19 49 26 3 23 40 9 49 33 32 24 19 33 55 6 22 45 47 19 61 17
12 27 9 14 37 32 16 17 24 10 32 17 22 15 19 57 11 0 15 19 36 52 6 20 26 24 27 22 16 28 14 27 43 24 24 42 47 34 31 13
22 36 20 36 25 42 9 18 13 7 12 21 28 10 26 39 7 7 0 23 17 42 10 9 16 16 24 35 9 10 21 9 48 24 28 20 22 15 27 26
21 35 15 5 31 46 19 24 24 10 32 11 7 20 8 45 19 20 25 0 21 47 17 20 37 33 24 19 26 20 5 21 15 29 55 20 28 16 30 7
47 9 35 29 14 15 23 43 23 39 24 35 19 42 23 42 50 43 41 21 0 3 58 28 22 70 2 26 22 33 41 42 27 28 17 27 11 15 9 43
34 10 64 27 12 10 26 55 27 30 35 24 25 43 22 41 57 66 33 23 3 0 60 42 25 60 10 20 19 27 32 21 30 40 24 18 8 26 18 67
17 60 4 19 48 35 40 30 35 23 32 27 26 9 22 49 2 5 8 22 62 41 0 12 38 7 28 35 18 14 14 28 19 11 42 17 29 29 40 21
20 43 34 31 18 32 18 12 8 2 20 26 16 13 28 18 11 18 4 22 14 32 19 0 20 30 13 30 6 7 27 10 23 35 28 16 18 15 22 26
34 33 47 52 49 21 5 9 17 14 9 29 33 32 26 7 52 46 23 29 20 31 48 17 0 56 26 38 11 14 42 7 31 41 3 14 34 6 16 39
13 61 6 56 35 67 33 22 30 35 53 30 34 11 42 46 5 15 25 25 76 76 13 28 60 0 51 44 42 43 29 25 62 3 66 31 71 34 34 32
58 8 69 31 6 6 31 54 19 31 16 47 23 24 18 43 24 47 46 41 4 10 45 25 21 78 0 34 29 25 30 17 36 65 18 19 9 24 16 37
15 24 28 8 14 22 28 56 25 33 45 22 21 48 12 50 46 31 33 21 31 34 27 45 35 71 30 0 32 50 11 57 20 31 46 47 16 44 22 28
32 50 41 26 24 43 4 10 6 13 7 19 28 21 31 9 27 16 14 16 34 40 17 9 15 47 25 29 0 2 27 4 56 40 19 5 24 6 25 42
17 44 39 40 18 46 5 15 4 12 12 18 26 21 29 18 32 18 14 34 35 26 23 5 8 46 32 26 3 0 39 2 54 33 17 9 21 13 12 25
24 44 32 3 22 29 25 31 38 38 31 8 6 45 15 71 37 30 19 11 18 19 26 25 56 26 18 6 28 37 0 27 8 33 29 28 20 26 33 8
33 46 17 37 29 55 6 13 5 6 12 48 26 9 24 22 31 18 15 24 27 46 24 13 13 24 24 42 4 2 41 0 42 38 12 12 25 16 34 27
11 57 55 14 38 36 47 41 41 55 66 18 27 31 13 94 33 17 26 27 46 25 21 41 35 47 32 10 24 61 16 57 0 39 34 57 16 27 50 12
17 71 7 58 62 89 29 43 28 17 29 15 33 21 33 52 7 23 27 23 32 34 6 19 44 1 72 28 37 41 52 18 59 0 68 24 53 51 62 23
66 19 31 51 20 22 17 12 16 20 11 30 48 28 37 5 43 28 41 57 28 26 38 36 4 60 39 46 19 18 33 20 61 45 0 15 37 13 15 44
30 16 39 50 17 27 8 24 6 9 3 46 24 26 18 25 33 14 18 32 15 32 18 10 13 38 22 23 5 8 21 11 31 54 12 0 23 1 22 42
19 12 42 22 6 12 24 52 27 29 28 17 20 53 12 20 31 21 31 31 13 14 28 12 29 56 10 24 34 23 29 17 38 56 20 12 0 16 13 29
28 32 49 41 41 39 10 9 10 11 4 41 33 35 19 25 42 29 10 30 12 24 27 15 8 33 24 35 8 7 23 10 30 39 10 1 29 0 19 27
67 20 70 33 23 20 19 43 25 14 15 33 42 45 22 19 56 23 37 19 7 14 34 22 17 70 8 35 11 15 52 26 35 63 14 7 31 15 0 24
4 24 18 26 45 44 26 45 28 14 57 6 21 28 23 36 17 7 25 5 34 30 17 22 56 19 31 17 45 33 12 19 24 12 36 45 37 39 25 0