7
40
,
0 (0.0, 26.0) 45.0
1 (42.0, 48.0) 16.0
2 (5.0, 6.0) 14.0
3 (11.0, 42.0) 19.0
4 (33.0, 48.0) 23.0
5 (42.0, 50.0) 28.0
6 (35.0, 12.0) 12.0
7 (31.0, 4.0) 10.0
8 (31.0, 21.0) 35.0
9 (24.0, 16.0) 17.0
10 (42.0, 20.0) 32.0
11 (5.0, 32.0) 49.0
12 (19.0, 35.0) 43.0
13 (17.0, 8.0) 48.0
14 (21.0, 42.0) 29.0
15 (46.0, 4.0) 15.0
16 (8.0, 10.0) 28.0
17 (9.0, 18.0) 39.0
18 (19.0, 15.0) 31.0
19 (13.0, 32.0) 41.0
20 (43.0, 39.0) 25.0
21 (46.0, 43.0) 14.0
22 (8.0, 12.0) 11.0
23 (24.0, 19.0) 14.0
24 (43.0, 14.0) 22.0
25 (2.0, 3.0) 16.0
26 (40.0, 39.0) 37.0
27 (17.0, 49.0) 11.0
28 (33.0, 16.0) 18.0
29 (32.0, 14.0) 23.0
30 (10.0, 39.0) 24.0
31 (31.0, 13.0) 30.0
32 (1.0, 48.0) 11.0
33 (0.0, 4.0) 40.0
34 (48.0, 12.0) 17.0
35 (37.0, 21.0) 48.0
36 (32.0, 41.0) 30.0
37 (38.0, 21.0) 32.0
38 (49.0, 29.0) 44.0
39 (4.0, 26.0) 46.0
,
0 9 4 4 8 10 8 8 6 5 8 2 4 5 5 10 4 2 4 3 9 10 3 5 9 5 8 6 7 7 3 7 4 4 10 7 7 8 10 1
9 0 11 6 2 0 7 9 6 7 6 8 5 9 4 9 10 9 8 7 2 1 10 7 7 12 2 5 7 7 7 7 8 12 7 5 2 5 4 9
4 11 0 7 10 11 6 5 6 4 8 5 6 2 8 8 1 3 3 5 10 11 1 5 8 1 10 9 6 6 7 5 8 1 9 7 9 7 10 4
4 6 7 0 5 6 8 9 6 6 8 2 2 7 2 10 6 5 6 2 6 7 6 5 9 8 6 2 7 7 1 7 2 8 10 7 4 7 8 3
8 2 10 5 0 2 7 9 5 7 6 6 4 9 3 9 9 8 7 5 3 3 9 6 7 11 2 3 6 7 5 7 6 11 8 5 1 5 5 7
10 0 11 6 2 0 8 9 6 8 6 8 5 10 4 9 10 9 8 7 2 2 10 7 7 12 2 5 7 7 7 8 8 12 8 6 3 6 4 9
8 7 6 8 7 8 0 2 2 2 2 7 6 4 7 3 5 5 3 6 6 7 5 3 2 7 5 8 1 1 7 1 10 7 3 2 6 2 4 7
8 9 5 9 9 9 2 0 3 3 4 8 7 3 8 3 5 5 3 7 7 8 5 3 3 6 7 9 2 2 8 2 11 6 4 4 7 4 6 7
6 6 6 6 5 6 2 3 0 2 2 6 4 4 5 5 5 4 3 4 4 5 5 1 3 7 4 6 1 1 6 2 8 7 4 1 4 1 4 5
5 7 4 6 7 8 2 3 2 0 4 5 4 2 5 5 3 3 1 4 6 7 3 1 4 5 6 7 2 2 5 2 8 5 5 3 5 3 6 4
8 6 8 8 6 6 2 4 2 4 0 8 5 6 6 3 7 7 5 6 4 5 7 4 1 9 4 8 2 2 7 3 10 9 2 1 5 1 2 8
2 8 5 2 6 8 7 8 6 5 8 0 3 5 4 10 4 3 4 2 8 8 4 5 8 6 7 4 6 6 2 6 3 6 9 7 6 7 9 1
4 5 6 2 4 5 6 7 4 4 5 3 0 5 1 8 5 4 4 1 5 6 5 3 6 7 4 3 5 5 2 5 4 7 7 5 3 5 6 3
5 9 2 7 9 10 4 3 4 2 6 5 5 0 7 6 2 3 1 5 8 9 2 3 5 3 8 8 4 3 6 3 9 3 6 5 7 5 8 4
5 4 8 2 3 4 7 8 5 5 6 4 1 7 0 9 7 5 5 3 4 5 7 5 7 9 4 2 6 6 2 6 4 9 8 5 2 5 6 5
10 9 8 10 9 9 3 3 5 5 3 10 8 6 9 0 8 8 6 9 7 8 8 5 2 9 7 11 4 3 10 3 13 9 2 4 8 4 5 9
4 10 1 6 9 10 5 5 5 3 7 4 5 2 7 8 0 2 2 5 9 10 0 4 7 2 9 8 5 5 6 5 8 2 8 6 8 6 9 3
2 9 3 5 8 9 5 5 4 3 7 3 4 3 5 8 2 0 2 3 8 9 1 3 7 3 7 6 5 5 4 5 6 3 8 6 7 6 8 2
4 8 3 6 7 8 3 3 3 1 5 4 4 1 5 6 2 2 0 4 7 8 2 1 5 4 6 7 3 3 5 2 8 4 6 4 6 4 7 4
3 7 5 2 5 7 6 7 4 4 6 2 1 5 3 9 5 3 4 0 6 7 4 3 7 6 6 3 5 5 2 5 4 6 8 5 4 5 7 2
9 2 10 6 3 2 6 7 4 6 4 8 5 8 4 7 9 8 7 6 0 1 9 6 5 11 1 6 5 5 7 6 9 11 5 4 2 4 2 8
10 1 11 7 3 2 7 8 5 7 5 8 6 9 5 8 10 9 8 7 1 0 10 7 6 12 1 6 6 6 7 7 9 12 6 5 3 5 3 9
3 10 1 6 9 10 5 5 5 3 7 4 5 2 7 8 0 1 2 4 9 10 0 3 7 2 8 8 5 5 5 5 7 2 8 6 8 6 9 3
5 7 5 5 6 7 3 3 1 1 4 5 3 3 5 5 4 3 1 3 6 7 3 0 4 5 5 6 2 2 5 2 7 6 5 3 5 3 5 4
9 7 8 9 7 7 2 3 3 4 1 8 6 5 7 2 7 7 5 7 5 6 7 4 0 8 5 9 2 2 8 2 11 9 1 2 6 2 3 8
5 12 1 8 11 12 7 6 7 5 9 6 7 3 9 9 2 3 4 6 11 12 2 5 8 0 10 10 7 6 7 6 9 0 9 8 10 8 11 5
8 2 10 6 2 2 5 7 4 6 4 7 4 8 4 7 9 7 6 6 1 1 8 5 5 10 0 5 5 5 6 6 8 11 6 4 2 4 3 8
6 5 9 2 3 5 8 9 6 7 8 4 3 8 2 11 8 6 7 3 6 6 8 6 9 10 5 0 7 8 2 8 3 10 10 7 3 7 8 5
7 7 6 7 6 7 1 2 1 2 2 6 5 4 6 4 5 5 3 5 5 6 5 2 2 7 5 7 0 0 7 1 9 7 3 1 5 1 4 6
7 7 6 7 7 7 1 2 1 2 2 6 5 3 6 3 5 5 3 5 5 6 5 2 2 6 5 8 0 0 7 0 9 7 3 2 5 2 5 6
3 7 7 1 5 7 7 8 6 5 7 2 2 6 2 10 6 4 5 2 7 7 5 5 8 7 6 2 7 7 0 7 3 7 9 6 4 7 8 3
7 7 5 7 7 8 1 2 2 2 3 6 5 3 6 3 5 5 2 5 6 7 5 2 2 6 6 8 1 0 7 0 9 6 3 2 6 2 5 6
4 8 8 2 6 8 10 11 8 8 10 3 4 9 4 13 8 6 8 4 9 9 7 7 11 9 8 3 9 9 3 9 0 9 12 9 6 9 10 4
4 12 1 8 11 12 7 6 7 5 9 6 7 3 9 9 2 3 4 6 11 12 2 6 9 0 11 10 7 7 7 6 9 0 10 8 10 8 11 4
10 7 9 10 8 8 3 4 4 5 2 9 7 6 8 2 8 8 6 8 5 6 8 5 1 9 6 10 3 3 9 3 12 10 0 3 7 3 3 9
7 5 7 7 5 6 2 4 1 3 1 7 5 5 5 4 6 6 4 5 4 5 6 3 2 8 4 7 1 2 6 2 9 8 3 0 4 0 3 7
7 2 9 4 1 3 6 7 4 5 5 6 3 7 2 8 8 7 6 4 2 3 8 5 6 10 2 3 5 5 4 6 6 10 7 4 0 4 4 6
8 5 7 7 5 6 2 4 1 3 1 7 5 5 5 4 6 6 4 5 4 5 6 3 2 8 4 7 1 2 7 2 9 8 3 0 4 0 3 7
10 4 10 8 5 4 4 6 4 6 2 9 6 8 6 5 9 8 7 7 2 3 9 5 3 11 3 8 4 5 8 5 10 11 3 3 4 3 0 9
1 9 4 3 7 9 7 7 5 4 8 1 3 4 5 9 3 2 4 2 8 9 3 4 8 5 8 5 6 6 3 6 4 4 9 7 6 7 9 0
,
0 29 10 25 32 56 29 22 22 14 62 7 15 15 19 63 20 13 27 15 58 44 13 30 67 33 50 27 25 27 8 35 15 14 57 30 19 53 45 3
57 0 34 41 12 1 20 61 18 31 35 30 35 46 13 46 72 38 57 36 13 9 58 32 43 66 6 29 25 26 48 29 59 37 54 21 8 22 15 50
23 53 0 25 29 47 25 28 30 17 39 37 40 13 59 36 6 15 21 35 45 62 6 23 21 6 56 38 19 21 22 21 47 5 39 28 41 51 56 15
16 18 25 0 31 34 36 38 31 43 20 11 5 37 9 50 31 24 22 14 37 28 18 36 31 43 34 5 33 44 4 43 11 59 59 30 26 25 53 18
49 11 39 25 0 5 23 22 22 34 25 42 18 55 8 54 25 57 37 32 17 14 22 34 31 76 16 8 16 42 22 39 44 35 43 19 8 30 36 41
70 2 53 47 10 0 29 26 17 30 41 49 30 65 28 41 72 54 37 37 17 8 44 34 51 32 9 17 20 43 34 28 21 37 56 32 20 18 26 62
19 46 19 24 34 54 0 8 12 16 14 20 29 17 40 11 24 30 14 16 23 35 24 9 12 36 27 34 6 3 46 3 59 41 9 13 35 11 23 44
34 60 19 62 66 25 10 0 24 7 21 45 18 16 20 20 15 30 22 45 43 24 29 22 17 37 30 29 11 6 35 7 46 17 21 20 51 12 27 40
35 42 31 36 31 35 8 19 0 12 16 22 24 28 32 23 21 22 18 24 14 20 12 8 13 43 23 25 4 5 16 6 37 21 29 4 27 9 10 41
32 31 25 30 48 52 12 9 5 0 10 36 24 16 32 29 14 16 6 11 16 45 10 3 10 28 29 36 7 11 23 11 32 16 27 20 36 12 28 23
59 38 45 36 40 30 11 22 9 17 0 39 33 37 39 17 48 49 22 23 14 14 42 18 5 53 13 55 12 7 55 9 36 53 7 3 17 3 13 49
10 38 37 17 41 35 34 37 36 32 29 0 21 26 21 38 23 11 33 5 32 59 30 21 26 33 31 14 28 20 9 36 13 16 34 31 18 26 25 8
13 34 24 7 22 23 22 23 21 26 39 9 0 33 8 39 20 11 13 9 26 39 18 9 19 36 18 20 12 13 12 21 33 35 29 13 19 22 25 12
34 65 7 20 40 62 11 19 19 15 36 27 17 0 22 27 12 18 6 30 28 31 11 10 24 16 26 55 25 16 18 9 63 18 43 16 23 28 31 29
15 15 41 9 17 22 34 35 24 35 30 19 8 36 0 34 43 24 26 15 17 18 17 33 52 64 23 12 22 31 7 27 29 39 47 19 13 15 45 16
27 64 40 60 56 46 12 22 32 13 24 43 35 21 30 0 21 52 31 51 34 49 35 16 8 41 46 61 22 20 27 25 37 60 5 23 33 20 26 45
15 38 5 35 50 59 27 15 31 22 18 21 27 14 20 55 0 5 13 21 44 27 2 19 22 13 45 46 23 35 20 35 37 12 52 32 52 28 65 12
16 59 9 20 28 49 34 37 23 19 26 15 15 12 20 38 6 0 8 14 36 30 4 20 32 12 31 17 32 34 22 17 21 14 40 21 32 41 23 9
27 31 19 30 36 28 18 19 20 6 31 15 15 4 40 21 18 6 0 9 34 46 11 7 13 23 19 37 12 11 19 8 28 27 36 26 23 10 37 14
13 40 35 13 32 19 39 36 20 23 18 5 8 34 17 23 27 19 24 0 43 33 14 19 48 41 33 21 17 37 6 15 29 38 40 16 17 27 33 9
42 9 57 30 7 13 26 47 21 43 23 34 25 45 30 31 39 44 50 27 0 3 56 34 16 51 2 24 23 18 28 33 37 63 19 21 14 12 6 42
40 3 75 48 10 5 45 42 26 50 16 44 35 61 31 53 27 47 20 37 4 0 71 34 29 53 9 20 42 18 42 36 42 69 25 24 9 18 8 24
14 25 9 33 45 76 35 16 24 17 18 14 20 11 39 37 3 8 10 18 30 30 0 16 43 9 27 46 14 25 27 23 27 11 24 30 55 45 54 17
17 37 22 36 19 26 7 25 4 3 17 17 17 9 28 23 16 9 4 11 14 37 12 0 24 39 36 32 12 9 21 12 27 31 21 14 18 16 31 12
61 45 47 33 38 26 12 10 10 19 8 43 28 19 19 11 47 38 14 18 24 41 27 17 0 62 25 50 10 10 31 14 28 52 4 13 20 7 15 42
18 35 6 53 55 53 26 16 38 34 36 18 37 16 26 27 10 16 31 18 28 32 15 39 29 0 29 72 31 46 19 33 24 1 35 32 70 22 59 29
29 13 71 22 16 8 38 25 23 41 10 31 16 20 15 33 24 29 17 27 4 9 58 15 22 71 0 16 31 14 21 38 39 43 38 17 6 23 16 55
43 28 55 6 9 16 33 69 35 46 45 31 12 38 5 80 34 27 26 10 39 22 42 25 43 40 17 0 35 26 13 31 8 52 26 45 20 22 22 29
30 21 36 20 20 30 5 16 5 13 11 40 34 23 29 22 16 17 17 13 36 16 22 11 11 46 26 52 0 2 30 5 49 42 20 5 33 8 20 32
45 40 19 21 44 33 3 10 6 10 16 45 37 9 32 22 24 31 12 38 25 23 24 5 10 19 17 55 3 0 21 1 67 48 11 13 38 10 18 45
23 18 36 2 24 45 50 38 34 32 51 5 10 19 9 75 32 21 27 4 36 30 30 33 55 41 41 12 32 21 0 20 19 36 56 36 13 35 60 12
41 23 21 27 27 30 6 7 6 8 18 25 27 11 39 22 15 14 14 35 16 20 32 13 11 44 25 53 2 1 30 0 45 30 17 8 26 16 23 32
16 54 35 9 38 52 48 54 60 22 38 19 28 34 14 66 36 24 34 29 43 57 34 40 73 46 57 23 61 41 9 60 0 28 33 23 26 58 36 19
13 47 3 52 66 59 54 28 18 35 30 37 40 22 61 26 14 16 15 21 63 77 12 19 48 2 79 41 39 46 33 25 53 0 70 61 63 56 42 31
25 31 46 57 51 57 11 23 27 19 6 37 21 21 45 7 43 25 20 36 27 24 29 22 3 67 39 59 17 20 33 20 61 35 0 13 45 8 19 32
23 20 36 42 21 28 6 19 4 14 4 39 30 15 15 29 36 31 25 39 19 16 28 8 12 51 11 35 8 5 41 10 38 61 13 0 14 1 19 24
18 9 30 18 10 12 19 22 20 15 29 17 19 50 7 23 29 23 25 19 17 21 40 34 36 45 9 21 16 37 24 31 23 57 17 23 0 19 15 34
41 33 36 42 20 39 9 26 6 16 5 28 25 34 19 25 17 26 10 25 26 20 35 15 10 51 13 46 5 7 30 13 29 60 19 1 12 0 17 21
31 17 48 25 26 27 21 39 23 21 7 56 33 49 46 13 56 53 41 41 15 8 30 21 10 35 15 27 13 12 27 13 68 78 13 20 25 9 0 45
5 55 13 14 46 59 35 47 31 23 55 4 26 15 21 38 15 12 20 10 41 45 21 20 21 28 25 22 34 43 11 17 18 26 54 19 16 49 67 0