7
40
,
0 (0.0, 26.0) 18.0
1 (42.0, 48.0) 31.0
2 (5.0, 6.0) 46.0
3 (11.0, 42.0) 20.0
4 (33.0, 48.0) 22.0
5 (42.0, 50.0) 18.0
6 (35.0, 12.0) 13.0
7 (31.0, 4.0) 21.0
8 (31.0, 21.0) 14.0
9 (24.0, 16.0) 39.0
10 (42.0, 20.0) 19.0
11 (5.0, 32.0) 44.0
12 (19.0, 35.0) 41.0
13 (17.0, 8.0) 19.0
14 (21.0, 42.0) 43.0
15 (46.0, 4.0) 14.0
16 (8.0, 10.0) 13.0
17 (9.0, 18.0) 29.0
18 (19.0, 15.0) 28.0
19 (13.0, 32.0) 14.0
20 (43.0, 39.0) 22.0
21 (46.0, 43.0) 11.0
22 (8.0, 12.0) 17.0
23 (24.0, 19.0) 29.0
24 (43.0, 14.0) 29.0
25 (2.0, 3.0) 14.0
26 (40.0, 39.0) 25.0
27 (17.0, 49.0) 31.0
28 (33.0, 16.0) 46.0
29 (32.0, 14.0) 42.0
30 (10.0, 39.0) 34.0
31 (31.0, 13.0) 13.0
32 (1.0, 48.0) 23.0
33 (0.0, 4.0) 20.0
34 (48.0, 12.0) 19.0
35 (37.0, 21.0) 14.0
36 (32.0, 41.0) 17.0
37 (38.0, 21.0) 41.0
38 (49.0, 29.0) 20.0
39 (4.0, 26.0) 13.0
,
0 9 4 4 8 10 8 8 6 5 8 2 4 5 5 10 4 2 4 3 9 10 3 5 9 5 8 6 7 7 3 7 4 4 10 7 7 8 10 1
9 0 11 6 2 0 7 9 6 7 6 8 5 9 4 9 10 9 8 7 2 1 10 7 7 12 2 5 7 7 7 7 8 12 7 5 2 5 4 9
4 11 0 7 10 11 6 5 6 4 8 5 6 2 8 8 1 3 3 5 10 11 1 5 8 1 10 9 6 6 7 5 8 1 9 7 9 7 10 4
4 6 7 0 5 6 8 9 6 6 8 2 2 7 2 10 6 5 6 2 6 7 6 5 9 8 6 2 7 7 1 7 2 8 10 7 4 7 8 3
8 2 10 5 0 2 7 9 5 7 6 6 4 9 3 9 9 8 7 5 3 3 9 6 7 11 2 3 6 7 5 7 6 11 8 5 1 5 5 7
10 0 11 6 2 0 8 9 6 8 6 8 5 10 4 9 10 9 8 7 2 2 10 7 7 12 2 5 7 7 7 8 8 12 8 6 3 6 4 9
8 7 6 8 7 8 0 2 2 2 2 7 6 4 7 3 5 5 3 6 6 7 5 3 2 7 5 8 1 1 7 1 10 7 3 2 6 2 4 7
8 9 5 9 9 9 2 0 3 3 4 8 7 3 8 3 5 5 3 7 7 8 5 3 3 6 7 9 2 2 8 2 11 6 4 4 7 4 6 7
6 6 6 6 5 6 2 3 0 2 2 6 4 4 5 5 5 4 3 4 4 5 5 1 3 7 4 6 1 1 6 2 8 7 4 1 4 1 4 5
5 7 4 6 7 8 2 3 2 0 4 5 4 2 5 5 3 3 1 4 6 7 3 1 4 5 6 7 2 2 5 2 8 5 5 3 5 3 6 4
8 6 8 8 6 6 2 4 2 4 0 8 5 6 6 3 7 7 5 6 4 5 7 4 1 9 4 8 2 2 7 3 10 9 2 1 5 1 2 8
2 8 5 2 6 8 7 8 6 5 8 0 3 5 4 10 4 3 4 2 8 8 4 5 8 6 7 4 6 6 2 6 3 6 9 7 6 7 9 1
4 5 6 2 4 5 6 7 4 4 5 3 0 5 1 8 5 4 4 1 5 6 5 3 6 7 4 3 5 5 2 5 4 7 7 5 3 5 6 3
5 9 2 7 9 10 4 3 4 2 6 5 5 0 7 6 2 3 1 5 8 9 2 3 5 3 8 8 4 3 6 3 9 3 6 5 7 5 8 4
5 4 8 2 3 4 7 8 5 5 6 4 1 7 0 9 7 5 5 3 4 5 7 5 7 9 4 2 6 6 2 6 4 9 8 5 2 5 6 5
10 9 8 10 9 9 3 3 5 5 3 10 8 6 9 0 8 8 6 9 7 8 8 5 2 9 7 11 4 3 10 3 13 9 2 4 8 4 5 9
4 10 1 6 9 10 5 5 5 3 7 4 5 2 7 8 0 2 2 5 9 10 0 4 7 2 9 8 5 5 6 5 8 2 8 6 8 6 9 3
2 9 3 5 8 9 5 5 4 3 7 3 4 3 5 8 2 0 2 3 8 9 1 3 7 3 7 6 5 5 4 5 6 3 8 6 7 6 8 2
4 8 3 6 7 8 3 3 3 1 5 4 4 1 5 6 2 2 0 4 7 8 2 1 5 4 6 7 3 3 5 2 8 4 6 4 6 4 7 4
3 7 5 2 5 7 6 7 4 4 6 2 1 5 3 9 5 3 4 0 6 7 4 3 7 6 6 3 5 5 2 5 4 6 8 5 4 5 7 2
9 2 10 6 3 2 6 7 4 6 4 8 5 8 4 7 9 8 7 6 0 1 9 6 5 11 1 6 5 5 7 6 9 11 5 4 2 4 2 8
10 1 11 7 3 2 7 8 5 7 5 8 6 9 5 8 10 9 8 7 1 0 10 7 6 12 1 6 6 6 7 7 9 12 6 5 3 5 3 9
3 10 1 6 9 10 5 5 5 3 7 4 5 2 7 8 0 1 2 4 9 10 0 3 7 2 8 8 5 5 5 5 7 2 8 6 8 6 9 3
5 7 5 5 6 7 3 3 1 1 4 5 3 3 5 5 4 3 1 3 6 7 3 0 4 5 5 6 2 2 5 2 7 6 5 3 5 3 5 4
9 7 8 9 7 7 2 3 3 4 1 8 6 5 7 2 7 7 5 7 5 6 7 4 0 8 5 9 2 2 8 2 11 9 1 2 6 2 3 8
5 12 1 8 11 12 7 6 7 5 9 6 7 3 9 9 2 3 4 6 11 12 2 5 8 0 10 10 7 6 7 6 9 0 9 8 10 8 11 5
8 2 10 6 2 2 5 7 4 6 4 7 4 8 4 7 9 7 6 6 1 1 8 5 5 10 0 5 5 5 6 6 8 11 6 4 2 4 3 8
6 5 9 2 3 5 8 9 6 7 8 4 3 8 2 11 8 6 7 3 6 6 8 6 9 10 5 0 7 8 2 8 3 10 10 7 3 7 8 5
7 7 6 7 6 7 1 2 1 2 2 6 5 4 6 4 5 5 3 5 5 6 5 2 2 7 5 7 0 0 7 1 9 7 3 1 5 1 4 6
7 7 6 7 7 7 1 2 1 2 2 6 5 3 6 3 5 5 3 5 5 6 5 2 2 6 5 8 0 0 7 0 9 7 3 2 5 2 5 6
3 7 7 1 5 7 7 8 6 5 7 2 2 6 2 10 6 4 5 2 7 7 5 5 8 7 6 2 7 7 0 7 3 7 9 6 4 7 8 3
7 7 5 7 7 8 1 2 2 2 3 6 5 3 6 3 5 5 2 5 6 7 5 2 2 6 6 8 1 0 7 0 9 6 3 2 6 2 5 6
4 8 8 2 6 8 10 11 8 8 10 3 4 9 4 13 8 6 8 4 9 9 7 7 11 9 8 3 9 9 3 9 0 9 12 9 6 9 10 4
4 12 1 8 11 12 7 6 7 5 9 6 7 3 9 9 2 3 4 6 11 12 2 6 9 0 11 10 7 7 7 6 9 0 10 8 10 8 11 4
10 7 9 10 8 8 3 4 4 5 2 9 7 6 8 2 8 8 6 8 5 6 8 5 1 9 6 10 3 3 9 3 12 10 0 3 7 3 3 9
7 5 7 7 5 6 2 4 1 3 1 7 5 5 5 4 6 6 4 5 4 5 6 3 2 8 4 7 1 2 6 2 9 8 3 0 4 0 3 7
7 2 9 4 1 3 6 7 4 5 5 6 3 7 2 8 8 7 6 4 2 3 8 5 6 10 2 3 5 5 4 6 6 10 7 4 0 4 4 6
8 5 7 7 5 6 2 4 1 3 1 7 5 5 5 4 6 6 4 5 4 5 6 3 2 8 4 7 1 2 7 2 9 8 3 0 4 0 3 7
10 4 10 8 5 4 4 6 4 6 2 9 6 8 6 5 9 8 7 7 2 3 9 5 3 11 3 8 4 5 8 5 10 11 3 3 4 3 0 9
1 9 4 3 7 9 7 7 5 4 8 1 3 4 5 9 3 2 4 2 8 9 3 4 8 5 8 5 6 6 3 6 4 4 9 7 6 7 9 0
,
0 45 27 16 35 55 31 49 16 22 33 9 19 33 33 49 18 13 30 8 42 57 21 33 26 29 51 35 21 49 21 23 26 15 28 31 19 20 49 4
57 0 36 35 10 2 51 42 18 53 38 35 27 30 19 65 75 38 29 46 13 7 36 43 22 53 11 31 49 53 19 54 47 57 23 34 18 34 27 27
27 49 0 45 63 64 34 17 32 28 30 22 48 14 36 28 6 16 22 25 63 62 5 29 47 3 41 30 16 24 29 29 47 6 62 42 59 32 59 24
28 40 31 0 17 43 37 24 37 24 56 9 11 48 10 54 44 20 23 10 36 43 35 33 41 33 31 13 19 20 2 44 7 47 36 25 17 32 33 22
51 5 49 23 0 6 23 22 20 17 41 47 25 55 8 26 53 26 35 27 16 9 47 41 38 65 13 12 27 22 20 34 41 56 22 38 7 28 26 40
36 2 51 24 9 0 48 32 41 29 16 23 17 30 12 25 40 50 45 23 11 11 37 36 18 57 12 31 46 39 24 56 44 72 26 27 9 27 24 33
30 29 16 27 34 30 0 9 9 14 8 49 15 10 25 15 25 20 22 26 38 34 34 9 6 23 25 41 3 4 49 3 56 29 15 13 30 13 24 23
28 28 35 53 66 70 11 0 15 12 12 25 36 15 35 14 17 15 20 19 38 37 20 17 15 21 23 52 17 13 42 12 69 33 15 26 21 12 20 45
43 25 34 33 19 16 13 25 0 6 6 18 19 18 31 19 38 30 11 30 15 15 16 7 18 46 28 45 6 9 24 9 21 49 26 5 13 10 26 34
38 27 31 28 19 36 16 8 7 0 14 27 10 12 19 30 19 20 5 10 33 40 13 4 18 28 29 20 8 5 20 8 51 22 20 14 33 17 27 17
30 19 57 35 34 38 14 12 16 10 0 48 40 36 45 16 38 39 18 19 19 19 46 22 5 28 28 37 5 10 43 18 52 34 10 4 12 2 9 50
11 56 24 10 27 61 27 29 37 33 52 0 8 33 19 70 29 9 26 12 33 49 25 17 55 24 53 21 18 28 7 25 11 40 30 21 16 35 38 8
20 19 20 11 17 18 36 18 27 27 25 14 0 34 8 30 36 11 20 5 15 37 28 16 18 48 25 20 23 32 11 37 24 40 28 23 9 14 41 20
17 29 7 43 36 52 26 20 12 10 40 15 22 0 24 31 12 9 11 23 58 30 15 11 26 16 24 61 20 14 24 11 35 23 41 13 35 14 51 32
24 17 53 7 13 31 44 21 21 19 21 21 4 32 0 62 25 14 29 12 12 35 33 22 39 37 25 11 28 21 7 34 30 25 31 29 11 30 30 30
36 31 28 52 24 52 15 9 23 35 15 53 42 23 31 0 39 51 33 27 40 30 48 16 8 43 30 71 23 25 37 26 43 66 10 24 52 28 31 51
18 70 4 22 63 78 22 31 13 21 26 12 39 5 36 28 0 5 11 26 60 33 2 10 44 12 28 45 36 15 32 35 20 7 28 28 36 43 24 25
8 51 13 20 30 63 25 37 19 14 31 9 29 9 32 30 8 0 15 19 34 27 4 15 50 24 35 45 32 22 20 15 19 17 28 19 39 37 27 5
25 22 12 21 43 40 11 23 16 4 33 23 23 10 16 23 10 9 0 18 42 30 11 9 33 15 44 19 9 19 29 17 33 12 39 11 28 25 27 20
12 49 38 6 30 36 32 44 11 18 45 6 6 34 11 65 29 19 18 0 18 36 16 19 51 17 24 15 14 24 6 28 24 37 37 30 23 29 40 14
65 5 44 26 19 16 41 33 11 44 15 54 25 33 21 32 63 31 49 25 0 4 53 24 33 79 2 18 25 34 31 39 31 77 24 12 8 12 12 47
67 6 58 49 19 8 31 21 16 34 13 63 27 30 26 26 63 51 48 49 4 0 70 41 35 75 10 29 16 31 42 35 65 41 30 35 13 28 11 63
23 66 10 17 50 31 15 33 29 17 29 18 21 8 19 55 1 6 9 14 29 27 0 20 19 12 54 32 24 22 33 25 25 9 56 22 40 47 30 17
14 51 26 34 20 35 12 12 6 3 25 14 9 7 29 40 27 21 3 24 40 43 20 0 17 17 27 43 7 12 18 13 48 18 13 12 32 17 33 27
41 33 52 33 24 31 6 22 11 14 7 41 44 20 25 11 43 32 20 42 14 38 50 24 0 40 34 47 6 11 45 12 29 64 5 9 31 9 17 40
18 55 4 44 73 59 45 24 47 24 25 28 28 23 65 55 13 22 15 22 55 31 14 27 30 0 56 35 34 26 19 17 28 3 41 41 59 33 62 18
54 6 44 30 7 16 22 41 13 33 10 23 19 58 22 31 25 21 47 21 2 9 21 31 28 44 0 22 34 28 30 17 38 66 25 18 8 20 13 48
20 33 50 6 21 20 37 41 31 33 42 24 8 58 7 48 26 43 21 19 29 41 22 22 26 52 37 0 35 40 16 33 14 39 42 19 22 50 39 34
35 42 42 35 36 35 3 14 6 8 15 47 25 16 32 26 31 13 18 31 37 23 24 5 12 23 22 50 0 3 34 2 48 32 17 9 14 7 21 28
23 42 41 42 40 25 2 11 10 8 15 38 17 13 35 15 16 23 7 28 28 33 33 9 7 20 22 49 2 0 42 2 50 46 22 11 20 14 17 27
15 47 42 4 28 49 25 24 28 35 42 10 10 37 11 70 32 26 25 10 27 50 24 35 22 47 45 14 42 45 0 46 18 30 41 46 21 25 34 11
18 35 35 36 45 25 2 11 6 10 8 26 18 11 22 25 26 20 9 16 35 23 13 11 17 41 29 49 3 1 47 0 23 38 22 14 28 16 23 39
19 21 29 16 25 38 42 43 28 33 51 16 14 58 10 60 42 21 53 27 25 23 23 45 36 34 26 10 39 36 11 25 0 52 61 64 35 44 52 13
12 44 6 32 36 60 36 18 34 16 27 39 51 11 34 63 6 13 30 30 39 61 16 35 60 2 46 53 49 47 48 36 64 0 49 57 72 54 47 19
72 45 32 62 38 26 13 18 13 24 10 26 28 21 39 6 36 51 39 30 36 44 44 29 4 43 41 42 23 18 68 25 56 69 0 10 46 8 19 42
48 14 46 24 22 30 12 9 7 21 4 43 33 32 17 21 28 33 27 14 23 29 30 15 7 50 10 19 5 8 38 8 44 27 15 0 30 1 21 32
48 15 48 31 4 17 30 24 24 26 30 22 8 41 10 29 34 18 16 26 12 20 22 32 15 67 8 16 32 34 31 41 31 27 42 22 0 23 14 17
34 25 30 42 15 40 5 25 5 18 4 37 16 12 26 17 29 18 23 37 17 21 46 16 11 55 27 50 5 8 17 12 58 24 12 1 13 0 7 48
43 27 38 22 20 30 18 25 13 33 16 41 39 53 27 33 51 58 42 31 13 18 48 17 23 31 17 25 25 17 26 32 46 79 12 14 27 17 0 31
5 42 14 25 52 29 34 25 40 32 46 8 17 22 21 47 12 10 19 13 29 62 9 25 35 13 45 36 35 40 8 21 32 21 42 22 24 27 24 0