7
40
,
0 (0.0, 26.0) 10.0
1 (42.0, 48.0) 20.0
2 (5.0, 6.0) 16.0
3 (11.0, 42.0) 12.0
4 (33.0, 48.0) 16.0
5 (42.0, 50.0) 34.0
6 (35.0, 12.0) 25.0
7 (31.0, 4.0) 32.0
8 (31.0, 21.0) 18.0
9 (24.0, 16.0) 13.0
10 (42.0, 20.0) 17.0
11 (5.0, 32.0) 10.0
12 (19.0, 35.0) 13.0
13 (17.0, 8.0) 35.0
14 (21.0, 42.0) 20.0
15 (46.0, 4.0) 39.0
16 (8.0, 10.0) 45.0
17 (9.0, 18.0) 11.0
18 (19.0, 15.0) 46.0
19 (13.0, 32.0) 10.0
20 (43.0, 39.0) 44.0
21 (46.0, 43.0) 11.0
22 (8.0, 12.0) 25.0
23 (24.0, 19.0) 12.0
24 (43.0, 14.0) 35.0
25 (2.0, 3.0) 16.0
26 (40.0, 39.0) 36.0
27 (17.0, 49.0) 16.0
28 (33.0, 16.0) 12.0
29 (32.0, 14.0) 10.0
30 (10.0, 39.0) 48.0
31 (31.0, 13.0) 35.0
32 (1.0, 48.0) 32.0
33 (0.0, 4.0) 19.0
34 (48.0, 12.0) 20.0
35 (37.0, 21.0) 14.0
36 (32.0, 41.0) 47.0
37 (38.0, 21.0) 12.0
38 (49.0, 29.0) 21.0
39 (4.0, 26.0) 21.0
,
0 9 4 4 8 10 8 8 6 5 8 2 4 5 5 10 4 2 4 3 9 10 3 5 9 5 8 6 7 7 3 7 4 4 10 7 7 8 10 1
9 0 11 6 2 0 7 9 6 7 6 8 5 9 4 9 10 9 8 7 2 1 10 7 7 12 2 5 7 7 7 7 8 12 7 5 2 5 4 9
4 11 0 7 10 11 6 5 6 4 8 5 6 2 8 8 1 3 3 5 10 11 1 5 8 1 10 9 6 6 7 5 8 1 9 7 9 7 10 4
4 6 7 0 5 6 8 9 6 6 8 2 2 7 2 10 6 5 6 2 6 7 6 5 9 8 6 2 7 7 1 7 2 8 10 7 4 7 8 3
8 2 10 5 0 2 7 9 5 7 6 6 4 9 3 9 9 8 7 5 3 3 9 6 7 11 2 3 6 7 5 7 6 11 8 5 1 5 5 7
10 0 11 6 2 0 8 9 6 8 6 8 5 10 4 9 10 9 8 7 2 2 10 7 7 12 2 5 7 7 7 8 8 12 8 6 3 6 4 9
8 7 6 8 7 8 0 2 2 2 2 7 6 4 7 3 5 5 3 6 6 7 5 3 2 7 5 8 1 1 7 1 10 7 3 2 6 2 4 7
8 9 5 9 9 9 2 0 3 3 4 8 7 3 8 3 5 5 3 7 7 8 5 3 3 6 7 9 2 2 8 2 11 6 4 4 7 4 6 7
6 6 6 6 5 6 2 3 0 2 2 6 4 4 5 5 5 4 3 4 4 5 5 1 3 7 4 6 1 1 6 2 8 7 4 1 4 1 4 5
5 7 4 6 7 8 2 3 2 0 4 5 4 2 5 5 3 3 1 4 6 7 3 1 4 5 6 7 2 2 5 2 8 5 5 3 5 3 6 4
8 6 8 8 6 6 2 4 2 4 0 8 5 6 6 3 7 7 5 6 4 5 7 4 1 9 4 8 2 2 7 3 10 9 2 1 5 1 2 8
2 8 5 2 6 8 7 8 6 5 8 0 3 5 4 10 4 3 4 2 8 8 4 5 8 6 7 4 6 6 2 6 3 6 9 7 6 7 9 1
4 5 6 2 4 5 6 7 4 4 5 3 0 5 1 8 5 4 4 1 5 6 5 3 6 7 4 3 5 5 2 5 4 7 7 5 3 5 6 3
5 9 2 7 9 10 4 3 4 2 6 5 5 0 7 6 2 3 1 5 8 9 2 3 5 3 8 8 4 3 6 3 9 3 6 5 7 5 8 4
5 4 8 2 3 4 7 8 5 5 6 4 1 7 0 9 7 5 5 3 4 5 7 5 7 9 4 2 6 6 2 6 4 9 8 5 2 5 6 5
10 9 8 10 9 9 3 3 5 5 3 10 8 6 9 0 8 8 6 9 7 8 8 5 2 9 7 11 4 3 10 3 13 9 2 4 8 4 5 9
4 10 1 6 9 10 5 5 5 3 7 4 5 2 7 8 0 2 2 5 9 10 0 4 7 2 9 8 5 5 6 5 8 2 8 6 8 6 9 3
2 9 3 5 8 9 5 5 4 3 7 3 4 3 5 8 2 0 2 3 8 9 1 3 7 3 7 6 5 5 4 5 6 3 8 6 7 6 8 2
4 8 3 6 7 8 3 3 3 1 5 4 4 1 5 6 2 2 0 4 7 8 2 1 5 4 6 7 3 3 5 2 8 4 6 4 6 4 7 4
3 7 5 2 5 7 6 7 4 4 6 2 1 5 3 9 5 3 4 0 6 7 4 3 7 6 6 3 5 5 2 5 4 6 8 5 4 5 7 2
9 2 10 6 3 2 6 7 4 6 4 8 5 8 4 7 9 8 7 6 0 1 9 6 5 11 1 6 5 5 7 6 9 11 5 4 2 4 2 8
10 1 11 7 3 2 7 8 5 7 5 8 6 9 5 8 10 9 8 7 1 0 10 7 6 12 1 6 6 6 7 7 9 12 6 5 3 5 3 9
3 10 1 6 9 10 5 5 5 3 7 4 5 2 7 8 0 1 2 4 9 10 0 3 7 2 8 8 5 5 5 5 7 2 8 6 8 6 9 3
5 7 5 5 6 7 3 3 1 1 4 5 3 3 5 5 4 3 1 3 6 7 3 0 4 5 5 6 2 2 5 2 7 6 5 3 5 3 5 4
9 7 8 9 7 7 2 3 3 4 1 8 6 5 7 2 7 7 5 7 5 6 7 4 0 8 5 9 2 2 8 2 11 9 1 2 6 2 3 8
5 12 1 8 11 12 7 6 7 5 9 6 7 3 9 9 2 3 4 6 11 12 2 5 8 0 10 10 7 6 7 6 9 0 9 8 10 8 11 5
8 2 10 6 2 2 5 7 4 6 4 7 4 8 4 7 9 7 6 6 1 1 8 5 5 10 0 5 5 5 6 6 8 11 6 4 2 4 3 8
6 5 9 2 3 5 8 9 6 7 8 4 3 8 2 11 8 6 7 3 6 6 8 6 9 10 5 0 7 8 2 8 3 10 10 7 3 7 8 5
7 7 6 7 6 7 1 2 1 2 2 6 5 4 6 4 5 5 3 5 5 6 5 2 2 7 5 7 0 0 7 1 9 7 3 1 5 1 4 6
7 7 6 7 7 7 1 2 1 2 2 6 5 3 6 3 5 5 3 5 5 6 5 2 2 6 5 8 0 0 7 0 9 7 3 2 5 2 5 6
3 7 7 1 5 7 7 8 6 5 7 2 2 6 2 10 6 4 5 2 7 7 5 5 8 7 6 2 7 7 0 7 3 7 9 6 4 7 8 3
7 7 5 7 7 8 1 2 2 2 3 6 5 3 6 3 5 5 2 5 6 7 5 2 2 6 6 8 1 0 7 0 9 6 3 2 6 2 5 6
4 8 8 2 6 8 10 11 8 8 10 3 4 9 4 13 8 6 8 4 9 9 7 7 11 9 8 3 9 9 3 9 0 9 12 9 6 9 10 4
4 12 1 8 11 12 7 6 7 5 9 6 7 3 9 9 2 3 4 6 11 12 2 6 9 0 11 10 7 7 7 6 9 0 10 8 10 8 11 4
10 7 9 10 8 8 3 4 4 5 2 9 7 6 8 2 8 8 6 8 5 6 8 5 1 9 6 10 3 3 9 3 12 10 0 3 7 3 3 9
7 5 7 7 5 6 2 4 1 3 1 7 5 5 5 4 6 6 4 5 4 5 6 3 2 8 4 7 1 2 6 2 9 8 3 0 4 0 3 7
7 2 9 4 1 3 6 7 4 5 5 6 3 7 2 8 8 7 6 4 2 3 8 5 6 10 2 3 5 5 4 6 6 10 7 4 0 4 4 6
8 5 7 7 5 6 2 4 1 3 1 7 5 5 5 4 6 6 4 5 4 5 6 3 2 8 4 7 1 2 7 2 9 8 3 0 4 0 3 7
10 4 10 8 5 4 4 6 4 6 2 9 6 8 6 5 9 8 7 7 2 3 9 5 3 11 3 8 4 5 8 5 10 11 3 3 4 3 0 9
1 9 4 3 7 9 7 7 5 4 8 1 3 4 5 9 3 2 4 2 8 9 3 4 8 5 8 5 6 6 3 6 4 4 9 7 6 7 9 0
,
0 31 12 28 27 44 39 23 46 28 22 8 31 37 30 41 18 15 13 21 40 41 15 13 31 12 46 38 44 47 19 25 20 32 74 22 25 37 71 3
65 0 31 33 6 1 34 26 31 53 38 46 27 40 29 57 60 43 57 19 11 7 65 22 21 60 14 16 26 24 34 55 61 50 27 30 7 31 13 24
22 60 0 45 57 73 37 23 20 12 35 28 23 11 55 27 3 13 9 21 40 52 8 18 31 3 40 43 27 39 47 31 42 3 46 28 60 27 74 28
23 42 28 0 32 45 44 58 22 20 26 15 8 25 6 68 19 22 22 8 41 31 25 36 23 28 39 12 26 27 2 26 12 22 70 25 12 36 34 17
55 10 48 26 0 10 22 59 17 24 31 21 10 53 12 46 39 48 29 26 20 10 44 28 19 69 17 16 27 36 15 47 17 67 32 25 9 36 35 24
34 2 37 28 12 0 51 54 40 26 17 21 23 68 21 69 71 65 36 46 6 6 48 30 35 91 13 31 41 50 48 36 49 58 52 41 8 40 17 45
41 52 36 52 30 52 0 8 5 16 15 27 25 19 20 20 37 34 19 23 33 45 21 13 10 44 39 55 6 4 28 3 34 27 8 6 18 13 12 20
51 37 19 36 66 30 11 0 14 11 20 57 41 18 35 12 17 37 13 39 20 31 26 23 17 25 38 29 14 13 23 5 28 37 11 18 41 14 17 27
31 33 34 41 28 34 12 11 0 5 6 37 25 21 13 16 28 13 9 11 26 22 36 6 11 36 22 40 7 5 32 9 60 41 16 4 20 5 27 23
30 28 12 31 40 37 14 16 12 0 25 19 14 14 34 29 19 16 5 21 35 48 22 4 23 27 26 17 12 8 19 9 30 19 17 8 29 13 32 29
48 16 36 57 21 18 13 18 13 10 0 40 25 30 23 22 51 42 25 17 16 22 36 18 5 57 22 24 15 11 42 19 36 26 10 8 16 5 7 44
6 38 21 8 46 41 22 51 17 16 53 0 15 40 11 67 22 15 23 7 53 40 14 30 32 41 24 24 37 46 9 19 19 27 55 25 28 41 29 7
28 37 36 13 17 37 36 43 16 27 27 21 0 25 7 61 21 10 18 9 22 19 18 14 31 47 31 14 15 13 8 37 28 50 46 21 17 27 31 13
14 46 17 48 26 44 26 12 21 7 27 20 32 0 40 42 8 14 8 34 47 51 8 15 18 12 46 50 26 22 47 18 57 13 20 26 43 33 45 28
22 28 47 8 17 32 49 56 33 22 21 14 9 36 0 31 47 19 22 13 28 26 35 22 25 54 24 12 43 38 9 35 28 51 30 16 10 17 35 18
45 50 39 71 25 55 11 12 17 22 13 43 42 30 39 0 44 22 25 27 19 34 26 17 9 22 24 56 17 20 41 20 84 63 9 19 49 24 17 59
18 63 3 35 24 71 14 23 14 22 21 16 35 10 25 48 0 9 16 31 23 51 2 21 45 6 35 50 22 17 22 21 31 9 52 16 50 37 34 13
14 60 14 26 50 48 30 30 30 16 22 13 15 18 32 42 6 0 12 7 22 51 6 11 24 20 40 46 36 28 25 20 25 21 24 23 19 31 24 11
32 54 8 18 38 57 10 24 14 3 29 30 12 10 21 29 11 12 0 13 45 44 14 5 22 11 41 24 17 9 31 14 49 23 39 28 42 28 48 14
20 21 17 15 17 22 28 47 23 21 36 10 6 31 11 52 22 10 25 0 25 19 11 22 36 34 35 21 38 25 7 18 14 28 28 16 20 33 35 13
53 5 55 29 14 13 18 32 29 15 26 20 30 52 30 37 45 39 45 31 0 6 36 38 13 66 2 28 29 37 28 32 26 31 33 18 9 21 14 54
37 5 34 46 9 6 34 53 20 41 16 40 18 27 14 40 73 27 47 39 4 0 32 40 43 86 10 42 36 38 26 36 25 77 18 20 8 31 9 32
17 59 4 20 40 74 21 14 36 14 26 30 37 11 37 37 1 7 11 20 30 31 0 24 46 11 51 20 33 17 37 13 23 12 55 42 20 21 62 19
16 35 27 39 27 40 11 19 5 3 10 33 19 10 32 17 12 19 8 15 16 33 25 0 17 14 30 31 11 7 29 8 20 28 14 9 14 7 32 26
37 30 32 51 22 52 5 17 16 19 7 41 19 16 31 8 18 19 14 18 33 20 34 20 0 24 31 59 7 10 23 8 76 26 7 6 18 10 9 22
22 37 6 29 72 43 27 26 43 14 31 31 19 16 57 31 9 19 17 17 53 64 8 25 43 0 30 55 36 31 21 23 34 3 51 52 47 48 60 12
61 11 29 42 12 14 31 38 14 35 20 39 14 56 19 31 47 48 43 21 2 5 23 27 16 38 0 17 19 24 26 26 25 76 27 20 5 22 18 42
41 18 60 9 16 31 29 57 36 38 34 17 19 61 10 77 42 18 40 12 15 26 25 33 29 57 20 0 31 34 16 40 23 70 63 29 13 22 24 18
35 33 39 22 24 36 4 18 5 13 13 44 29 12 19 25 31 28 18 19 26 22 23 6 8 36 30 27 0 2 48 2 67 24 17 4 35 4 15 28
30 53 32 52 40 48 2 15 8 12 8 38 27 9 21 15 34 32 9 19 33 48 24 13 15 26 16 53 2 0 47 2 59 50 9 4 19 10 19 28
16 40 46 2 28 35 21 31 14 18 50 5 6 26 9 62 37 11 25 11 22 32 39 33 24 40 28 11 38 39 0 21 14 49 52 18 31 37 44 8
43 27 28 22 36 23 4 5 10 7 13 16 17 9 45 23 16 19 10 33 16 41 33 7 11 25 24 36 4 1 48 0 54 48 24 11 31 5 14 30
20 52 22 16 30 29 59 76 60 44 62 12 22 38 18 63 50 18 56 12 29 29 33 21 39 52 30 23 56 39 13 67 0 27 34 46 25 63 51 21
22 58 3 56 45 50 25 33 28 25 55 34 50 15 60 49 10 22 26 40 32 75 13 28 31 2 55 33 18 43 35 21 48 0 57 46 49 43 34 28
48 33 41 59 30 40 17 24 22 25 6 46 53 43 53 4 38 27 17 48 33 16 57 22 5 28 23 37 23 13 50 18 60 35 0 10 18 19 18 45
28 32 30 48 22 37 8 22 7 7 3 18 27 12 22 14 26 23 19 25 20 13 15 18 6 45 12 35 5 10 42 13 31 50 19 0 26 1 17 45
24 7 38 18 7 14 33 24 26 37 26 40 21 43 16 30 25 31 29 23 15 7 48 24 22 66 9 14 24 25 18 42 35 35 22 28 0 26 11 30
25 15 40 42 16 34 13 26 6 10 4 34 28 23 24 11 22 32 15 20 20 32 45 7 7 22 23 49 10 9 35 6 23 40 17 1 23 0 15 25
42 29 29 36 34 19 24 37 29 28 16 61 26 46 38 29 37 40 20 27 14 16 56 15 17 37 9 46 29 18 42 33 29 32 15 13 19 13 0 28
3 25 25 25 34 25 41 19 37 19 21 9 14 30 22 66 24 7 11 10 55 50 11 22 37 28 51 17 19 31 8 39 18 18 32 29 37 43 60 0