7
40
,
0 (0.0, 26.0) 24.0
1 (42.0, 48.0) 12.0
2 (5.0, 6.0) 25.0
3 (11.0, 42.0) 45.0
4 (33.0, 48.0) 15.0
5 (42.0, 50.0) 26.0
6 (35.0, 12.0) 35.0
7 (31.0, 4.0) 13.0
8 (31.0, 21.0) 27.0
9 (24.0, 16.0) 13.0
10 (42.0, 20.0) 34.0
11 (5.0, 32.0) 11.0
12 (19.0, 35.0) 41.0
13 (17.0, 8.0) 10.0
14 (21.0, 42.0) 15.0
15 (46.0, 4.0) 49.0
16 (8.0, 10.0) 16.0
17 (9.0, 18.0) 42.0
18 (19.0, 15.0) 34.0
19 (13.0, 32.0) 33.0
20 (43.0, 39.0) 28.0
21 (46.0, 43.0) 12.0
22 (8.0, 12.0) 18.0
23 (24.0, 19.0) 27.0
24 (43.0, 14.0) 50.0
25 (2.0, 3.0) 28.0
26 (40.0, 39.0) 25.0
27 (17.0, 49.0) 14.0
28 (33.0, 16.0) 29.0
29 (32.0, 14.0) 14.0
30 (10.0, 39.0) 22.0
31 (31.0, 13.0) 14.0
32 (1.0, 48.0) 40.0
33 (0.0, 4.0) 14.0
34 (48.0, 12.0) 10.0
35 (37.0, 21.0) 24.0
36 (32.0, 41.0) 46.0
37 (38.0, 21.0) 21.0
38 (49.0, 29.0) 24.0
39 (4.0, 26.0) 22.0
,
0 9 4 4 8 10 8 8 6 5 8 2 4 5 5 10 4 2 4 3 9 10 3 5 9 5 8 6 7 7 3 7 4 4 10 7 7 8 10 1
9 0 11 6 2 0 7 9 6 7 6 8 5 9 4 9 10 9 8 7 2 1 10 7 7 12 2 5 7 7 7 7 8 12 7 5 2 5 4 9
4 11 0 7 10 11 6 5 6 4 8 5 6 2 8 8 1 3 3 5 10 11 1 5 8 1 10 9 6 6 7 5 8 1 9 7 9 7 10 4
4 6 7 0 5 6 8 9 6 6 8 2 2 7 2 10 6 5 6 2 6 7 6 5 9 8 6 2 7 7 1 7 2 8 10 7 4 7 8 3
8 2 10 5 0 2 7 9 5 7 6 6 4 9 3 9 9 8 7 5 3 3 9 6 7 11 2 3 6 7 5 7 6 11 8 5 1 5 5 7
10 0 11 6 2 0 8 9 6 8 6 8 5 10 4 9 10 9 8 7 2 2 10 7 7 12 2 5 7 7 7 8 8 12 8 6 3 6 4 9
8 7 6 8 7 8 0 2 2 2 2 7 6 4 7 3 5 5 3 6 6 7 5 3 2 7 5 8 1 1 7 1 10 7 3 2 6 2 4 7
8 9 5 9 9 9 2 0 3 3 4 8 7 3 8 3 5 5 3 7 7 8 5 3 3 6 7 9 2 2 8 2 11 6 4 4 7 4 6 7
6 6 6 6 5 6 2 3 0 2 2 6 4 4 5 5 5 4 3 4 4 5 5 1 3 7 4 6 1 1 6 2 8 7 4 1 4 1 4 5
5 7 4 6 7 8 2 3 2 0 4 5 4 2 5 5 3 3 1 4 6 7 3 1 4 5 6 7 2 2 5 2 8 5 5 3 5 3 6 4
8 6 8 8 6 6 2 4 2 4 0 8 5 6 6 3 7 7 5 6 4 5 7 4 1 9 4 8 2 2 7 3 10 9 2 1 5 1 2 8
2 8 5 2 6 8 7 8 6 5 8 0 3 5 4 10 4 3 4 2 8 8 4 5 8 6 7 4 6 6 2 6 3 6 9 7 6 7 9 1
4 5 6 2 4 5 6 7 4 4 5 3 0 5 1 8 5 4 4 1 5 6 5 3 6 7 4 3 5 5 2 5 4 7 7 5 3 5 6 3
5 9 2 7 9 10 4 3 4 2 6 5 5 0 7 6 2 3 1 5 8 9 2 3 5 3 8 8 4 3 6 3 9 3 6 5 7 5 8 4
5 4 8 2 3 4 7 8 5 5 6 4 1 7 0 9 7 5 5 3 4 5 7 5 7 9 4 2 6 6 2 6 4 9 8 5 2 5 6 5
10 9 8 10 9 9 3 3 5 5 3 10 8 6 9 0 8 8 6 9 7 8 8 5 2 9 7 11 4 3 10 3 13 9 2 4 8 4 5 9
4 10 1 6 9 10 5 5 5 3 7 4 5 2 7 8 0 2 2 5 9 10 0 4 7 2 9 8 5 5 6 5 8 2 8 6 8 6 9 3
2 9 3 5 8 9 5 5 4 3 7 3 4 3 5 8 2 0 2 3 8 9 1 3 7 3 7 6 5 5 4 5 6 3 8 6 7 6 8 2
4 8 3 6 7 8 3 3 3 1 5 4 4 1 5 6 2 2 0 4 7 8 2 1 5 4 6 7 3 3 5 2 8 4 6 4 6 4 7 4
3 7 5 2 5 7 6 7 4 4 6 2 1 5 3 9 5 3 4 0 6 7 4 3 7 6 6 3 5 5 2 5 4 6 8 5 4 5 7 2
9 2 10 6 3 2 6 7 4 6 4 8 5 8 4 7 9 8 7 6 0 1 9 6 5 11 1 6 5 5 7 6 9 11 5 4 2 4 2 8
10 1 11 7 3 2 7 8 5 7 5 8 6 9 5 8 10 9 8 7 1 0 10 7 6 12 1 6 6 6 7 7 9 12 6 5 3 5 3 9
3 10 1 6 9 10 5 5 5 3 7 4 5 2 7 8 0 1 2 4 9 10 0 3 7 2 8 8 5 5 5 5 7 2 8 6 8 6 9 3
5 7 5 5 6 7 3 3 1 1 4 5 3 3 5 5 4 3 1 3 6 7 3 0 4 5 5 6 2 2 5 2 7 6 5 3 5 3 5 4
9 7 8 9 7 7 2 3 3 4 1 8 6 5 7 2 7 7 5 7 5 6 7 4 0 8 5 9 2 2 8 2 11 9 1 2 6 2 3 8
5 12 1 8 11 12 7 6 7 5 9 6 7 3 9 9 2 3 4 6 11 12 2 5 8 0 10 10 7 6 7 6 9 0 9 8 10 8 11 5
8 2 10 6 2 2 5 7 4 6 4 7 4 8 4 7 9 7 6 6 1 1 8 5 5 10 0 5 5 5 6 6 8 11 6 4 2 4 3 8
6 5 9 2 3 5 8 9 6 7 8 4 3 8 2 11 8 6 7 3 6 6 8 6 9 10 5 0 7 8 2 8 3 10 10 7 3 7 8 5
7 7 6 7 6 7 1 2 1 2 2 6 5 4 6 4 5 5 3 5 5 6 5 2 2 7 5 7 0 0 7 1 9 7 3 1 5 1 4 6
7 7 6 7 7 7 1 2 1 2 2 6 5 3 6 3 5 5 3 5 5 6 5 2 2 6 5 8 0 0 7 0 9 7 3 2 5 2 5 6
3 7 7 1 5 7 7 8 6 5 7 2 2 6 2 10 6 4 5 2 7 7 5 5 8 7 6 2 7 7 0 7 3 7 9 6 4 7 8 3
7 7 5 7 7 8 1 2 2 2 3 6 5 3 6 3 5 5 2 5 6 7 5 2 2 6 6 8 1 0 7 0 9 6 3 2 6 2 5 6
4 8 8 2 6 8 10 11 8 8 10 3 4 9 4 13 8 6 8 4 9 9 7 7 11 9 8 3 9 9 3 9 0 9 12 9 6 9 10 4
4 12 1 8 11 12 7 6 7 5 9 6 7 3 9 9 2 3 4 6 11 12 2 6 9 0 11 10 7 7 7 6 9 0 10 8 10 8 11 4
10 7 9 10 8 8 3 4 4 5 2 9 7 6 8 2 8 8 6 8 5 6 8 5 1 9 6 10 3 3 9 3 12 10 0 3 7 3 3 9
7 5 7 7 5 6 2 4 1 3 1 7 5 5 5 4 6 6 4 5 4 5 6 3 2 8 4 7 1 2 6 2 9 8 3 0 4 0 3 7
7 2 9 4 1 3 6 7 4 5 5 6 3 7 2 8 8 7 6 4 2 3 8 5 6 10 2 3 5 5 4 6 6 10 7 4 0 4 4 6
8 5 7 7 5 6 2 4 1 3 1 7 5 5 5 4 6 6 4 5 4 5 6 3 2 8 4 7 1 2 7 2 9 8 3 0 4 0 3 7
10 4 10 8 5 4 4 6 4 6 2 9 6 8 6 5 9 8 7 7 2 3 9 5 3 11 3 8 4 5 8 5 10 11 3 3 4 3 0 9
1 9 4 3 7 9 7 7 5 4 8 1 3 4 5 9 3 2 4 2 8 9 3 4 8 5 8 5 6 6 3 6 4 4 9 7 6 7 9 0
,
0 28 18 11 30 65 21 26 30 34 36 10 28 36 21 60 10 7 19 9 61 69 23 19 37 33 54 16 51 48 9 26 23 30 59 46 42 25 25 5
58 0 47 31 12 2 45 66 37 38 34 53 25 62 14 57 58 35 28 23 5 5 33 21 37 77 5 22 46 40 32 33 36 47 18 17 12 31 17 57
20 69 0 42 29 59 26 21 18 25 42 15 33 18 38 56 3 10 9 35 50 81 7 21 31 6 28 47 21 39 40 32 28 7 44 19 45 23 52 17
13 18 51 0 12 22 28 36 39 25 41 9 9 49 13 27 23 32 32 13 34 50 25 24 59 35 41 5 23 29 2 44 12 49 49 26 27 51 32 20
50 5 58 12 0 11 54 46 28 20 28 20 15 58 8 55 30 50 38 23 10 16 65 44 40 54 13 23 38 32 27 38 37 44 41 16 6 34 21 53
50 2 68 25 12 0 48 41 29 27 45 40 34 34 18 49 66 65 49 24 6 10 53 49 51 41 10 35 27 25 46 24 47 64 25 24 10 40 21 36
28 44 18 53 28 26 0 6 14 11 9 23 26 10 41 12 25 29 20 44 28 49 31 17 9 17 17 31 3 3 51 6 64 37 8 6 16 10 17 25
47 24 16 33 52 56 13 0 15 11 26 29 30 11 29 22 24 22 22 29 53 38 13 21 12 38 40 44 10 5 56 9 66 31 11 17 29 15 25 28
40 17 32 20 26 19 7 15 0 10 6 37 14 20 18 18 19 20 12 14 29 30 16 7 18 30 17 30 5 8 31 9 53 29 12 6 12 8 15 17
25 49 14 28 35 44 8 17 9 0 22 24 25 13 37 31 21 16 4 24 39 39 12 3 16 33 21 25 9 7 19 7 45 18 22 10 29 10 33 30
33 19 24 53 22 33 13 20 9 26 0 48 30 21 35 18 48 32 28 24 24 32 32 9 5 58 22 39 9 15 37 14 64 66 11 5 32 4 11 37
7 33 24 14 21 53 49 54 18 32 46 0 9 23 18 43 13 11 15 11 54 44 22 14 30 22 45 17 31 43 5 34 18 42 68 45 21 25 45 5
13 31 37 8 26 29 26 42 24 27 26 11 0 32 10 56 22 14 13 3 36 33 31 14 28 41 28 16 24 36 11 17 27 37 42 13 7 17 30 14
34 61 17 37 33 46 13 17 24 14 32 37 32 0 34 42 12 15 9 34 36 33 14 7 24 13 35 36 18 19 30 12 35 15 27 24 47 15 23 27
24 30 53 10 17 32 25 24 20 32 40 28 10 47 0 36 34 30 31 7 14 18 20 28 22 45 20 11 20 42 16 33 29 43 35 17 9 29 16 13
75 44 45 67 62 68 8 19 34 24 18 43 37 20 65 0 24 57 25 38 45 34 44 13 9 50 39 47 17 9 55 23 81 25 9 20 35 17 18 40
16 38 5 37 24 73 26 21 27 20 22 19 37 6 27 53 0 9 13 33 63 36 2 10 34 10 55 49 38 13 20 28 45 11 33 25 42 35 64 9
14 33 11 14 34 41 15 21 14 20 47 13 30 18 35 26 7 0 9 9 57 52 3 11 41 18 31 47 32 17 29 13 19 11 43 15 29 33 48 8
27 55 21 30 39 48 9 18 17 5 17 32 16 5 31 33 18 11 0 25 49 29 7 6 22 13 48 41 13 11 36 16 40 20 20 15 16 17 43 14
21 34 39 11 15 29 26 41 32 15 25 4 7 33 10 37 21 14 19 0 39 45 22 12 44 21 41 15 32 15 6 15 16 39 42 25 28 30 21 8
32 10 59 26 17 12 38 26 22 43 10 26 32 46 28 37 54 45 42 23 0 7 45 38 25 65 4 20 15 23 18 31 51 35 21 19 12 15 9 45
43 4 37 37 13 9 25 28 39 29 22 23 19 65 31 51 70 57 39 33 5 0 59 44 26 71 4 23 45 48 36 46 26 65 22 28 12 32 11 39
16 28 7 33 39 72 40 25 15 24 23 26 18 11 24 48 2 6 7 11 36 25 0 12 46 16 51 33 15 18 35 19 50 16 28 17 49 31 31 12
28 28 25 37 36 43 17 24 8 2 25 25 17 19 14 34 21 8 8 18 39 48 23 0 26 34 22 46 12 13 12 11 50 36 36 7 16 13 29 11
63 46 45 58 18 43 9 8 20 28 5 46 17 18 35 15 39 22 20 43 31 15 28 10 0 34 17 46 12 12 57 13 45 27 5 5 30 8 19 42
20 63 5 35 43 47 26 25 18 14 27 21 52 16 48 44 12 13 31 26 37 32 11 23 59 0 65 71 31 20 34 21 27 3 58 29 72 40 42 19
48 9 45 36 13 7 27 36 12 36 26 29 17 56 25 49 53 42 36 39 2 7 62 31 34 58 0 35 20 34 23 31 41 32 33 14 9 12 11 29
24 35 58 10 22 21 54 55 21 24 38 27 17 25 7 58 49 34 24 18 20 31 56 42 31 38 26 0 45 40 8 47 21 65 35 20 19 33 28 40
31 35 23 20 24 50 5 18 5 5 6 36 29 19 16 24 27 20 21 19 18 45 20 10 13 20 14 36 0 2 30 4 61 45 19 5 30 7 16 36
22 43 21 42 24 20 3 9 4 12 15 34 27 22 19 10 34 34 19 14 21 30 26 10 12 37 33 42 3 0 45 1 36 31 23 12 19 8 33 19
11 49 24 3 36 38 39 50 19 36 48 10 14 17 12 71 18 11 13 7 18 44 14 21 53 24 36 18 47 35 0 20 8 47 63 27 27 28 21 19
42 30 31 48 36 50 2 9 6 4 17 45 23 9 33 22 19 22 9 26 16 32 13 7 14 17 14 35 2 2 38 0 36 41 22 12 21 11 23 23
23 23 42 13 36 61 48 76 40 37 71 19 27 27 28 32 37 42 20 22 47 42 26 44 33 46 43 9 42 59 16 64 0 23 35 65 18 43 35 32
13 72 7 48 75 84 50 25 32 24 30 22 49 24 48 48 9 20 16 36 54 55 13 15 28 2 36 64 23 46 48 41 59 0 49 28 37 25 82 15
30 18 43 67 24 19 12 23 16 33 8 28 21 29 34 9 49 53 33 60 31 41 57 21 7 59 26 45 22 19 55 24 30 26 0 15 35 14 23 35
45 34 50 33 24 27 11 26 8 12 7 36 11 25 20 16 37 29 27 35 12 13 35 7 11 46 20 21 7 11 26 12 29 45 20 0 12 1 8 20
25 11 49 24 4 16 18 32 22 23 19 29 19 52 12 54 42 40 25 17 8 11 39 21 39 43 8 17 22 34 13 25 21 43 44 21 0 29 11 31
30 35 41 29 36 40 5 17 4 14 6 30 33 32 15 24 47 27 11 37 12 13 35 9 10 38 25 27 8 13 40 12 32 33 10 1 25 0 8 48
29 25 66 23 17 32 15 35 20 27 8 37 27 41 39 15 58 24 35 51 17 11 61 33 13 30 10 55 21 19 31 20 72 70 15 18 30 14 0 26
6 48 29 14 41 30 50 17 32 15 46 9 18 22 22 51 22 8 27 13 39 50 9 19 25 32 23 20 28 28 20 16 20 30 63 43 34 24 59 0