7
40
,
0 (0.0, 26.0) 27.0
1 (42.0, 48.0) 27.0
2 (5.0, 6.0) 44.0
3 (11.0, 42.0) 28.0
4 (33.0, 48.0) 41.0
5 (42.0, 50.0) 12.0
6 (35.0, 12.0) 26.0
7 (31.0, 4.0) 22.0
8 (31.0, 21.0) 41.0
9 (24.0, 16.0) 15.0
10 (42.0, 20.0) 10.0
11 (5.0, 32.0) 20.0
12 (19.0, 35.0) 29.0
13 (17.0, 8.0) 32.0
14 (21.0, 42.0) 12.0
15 (46.0, 4.0) 20.0
16 (8.0, 10.0) 43.0
17 (9.0, 18.0) 23.0
18 (19.0, 15.0) 22.0
19 (13.0, 32.0) 32.0
20 (43.0, 39.0) 21.0
21 (46.0, 43.0) 36.0
22 (8.0, 12.0) 12.0
23 (24.0, 19.0) 13.0
24 (43.0, 14.0) 25.0
25 (2.0, 3.0) 16.0
26 (40.0, 39.0) 10.0
27 (17.0, 49.0) 21.0
28 (33.0, 16.0) 34.0
29 (32.0, 14.0) 41.0
30 (10.0, 39.0) 20.0
31 (31.0, 13.0) 15.0
32 (1.0, 48.0) 41.0
33 (0.0, 4.0) 15.0
34 (48.0, 12.0) 22.0
35 (37.0, 21.0) 13.0
36 (32.0, 41.0) 21.0
37 (38.0, 21.0) 47.0
38 (49.0, 29.0) 18.0
39 (4.0, 26.0) 43.0
,
0 9 4 4 8 10 8 8 6 5 8 2 4 5 5 10 4 2 4 3 9 10 3 5 9 5 8 6 7 7 3 7 4 4 10 7 7 8 10 1
9 0 11 6 2 0 7 9 6 7 6 8 5 9 4 9 10 9 8 7 2 1 10 7 7 12 2 5 7 7 7 7 8 12 7 5 2 5 4 9
4 11 0 7 10 11 6 5 6 4 8 5 6 2 8 8 1 3 3 5 10 11 1 5 8 1 10 9 6 6 7 5 8 1 9 7 9 7 10 4
4 6 7 0 5 6 8 9 6 6 8 2 2 7 2 10 6 5 6 2 6 7 6 5 9 8 6 2 7 7 1 7 2 8 10 7 4 7 8 3
8 2 10 5 0 2 7 9 5 7 6 6 4 9 3 9 9 8 7 5 3 3 9 6 7 11 2 3 6 7 5 7 6 11 8 5 1 5 5 7
10 0 11 6 2 0 8 9 6 8 6 8 5 10 4 9 10 9 8 7 2 2 10 7 7 12 2 5 7 7 7 8 8 12 8 6 3 6 4 9
8 7 6 8 7 8 0 2 2 2 2 7 6 4 7 3 5 5 3 6 6 7 5 3 2 7 5 8 1 1 7 1 10 7 3 2 6 2 4 7
8 9 5 9 9 9 2 0 3 3 4 8 7 3 8 3 5 5 3 7 7 8 5 3 3 6 7 9 2 2 8 2 11 6 4 4 7 4 6 7
6 6 6 6 5 6 2 3 0 2 2 6 4 4 5 5 5 4 3 4 4 5 5 1 3 7 4 6 1 1 6 2 8 7 4 1 4 1 4 5
5 7 4 6 7 8 2 3 2 0 4 5 4 2 5 5 3 3 1 4 6 7 3 1 4 5 6 7 2 2 5 2 8 5 5 3 5 3 6 4
8 6 8 8 6 6 2 4 2 4 0 8 5 6 6 3 7 7 5 6 4 5 7 4 1 9 4 8 2 2 7 3 10 9 2 1 5 1 2 8
2 8 5 2 6 8 7 8 6 5 8 0 3 5 4 10 4 3 4 2 8 8 4 5 8 6 7 4 6 6 2 6 3 6 9 7 6 7 9 1
4 5 6 2 4 5 6 7 4 4 5 3 0 5 1 8 5 4 4 1 5 6 5 3 6 7 4 3 5 5 2 5 4 7 7 5 3 5 6 3
5 9 2 7 9 10 4 3 4 2 6 5 5 0 7 6 2 3 1 5 8 9 2 3 5 3 8 8 4 3 6 3 9 3 6 5 7 5 8 4
5 4 8 2 3 4 7 8 5 5 6 4 1 7 0 9 7 5 5 3 4 5 7 5 7 9 4 2 6 6 2 6 4 9 8 5 2 5 6 5
10 9 8 10 9 9 3 3 5 5 3 10 8 6 9 0 8 8 6 9 7 8 8 5 2 9 7 11 4 3 10 3 13 9 2 4 8 4 5 9
4 10 1 6 9 10 5 5 5 3 7 4 5 2 7 8 0 2 2 5 9 10 0 4 7 2 9 8 5 5 6 5 8 2 8 6 8 6 9 3
2 9 3 5 8 9 5 5 4 3 7 3 4 3 5 8 2 0 2 3 8 9 1 3 7 3 7 6 5 5 4 5 6 3 8 6 7 6 8 2
4 8 3 6 7 8 3 3 3 1 5 4 4 1 5 6 2 2 0 4 7 8 2 1 5 4 6 7 3 3 5 2 8 4 6 4 6 4 7 4
3 7 5 2 5 7 6 7 4 4 6 2 1 5 3 9 5 3 4 0 6 7 4 3 7 6 6 3 5 5 2 5 4 6 8 5 4 5 7 2
9 2 10 6 3 2 6 7 4 6 4 8 5 8 4 7 9 8 7 6 0 1 9 6 5 11 1 6 5 5 7 6 9 11 5 4 2 4 2 8
10 1 11 7 3 2 7 8 5 7 5 8 6 9 5 8 10 9 8 7 1 0 10 7 6 12 1 6 6 6 7 7 9 12 6 5 3 5 3 9
3 10 1 6 9 10 5 5 5 3 7 4 5 2 7 8 0 1 2 4 9 10 0 3 7 2 8 8 5 5 5 5 7 2 8 6 8 6 9 3
5 7 5 5 6 7 3 3 1 1 4 5 3 3 5 5 4 3 1 3 6 7 3 0 4 5 5 6 2 2 5 2 7 6 5 3 5 3 5 4
9 7 8 9 7 7 2 3 3 4 1 8 6 5 7 2 7 7 5 7 5 6 7 4 0 8 5 9 2 2 8 2 11 9 1 2 6 2 3 8
5 12 1 8 11 12 7 6 7 5 9 6 7 3 9 9 2 3 4 6 11 12 2 5 8 0 10 10 7 6 7 6 9 0 9 8 10 8 11 5
8 2 10 6 2 2 5 7 4 6 4 7 4 8 4 7 9 7 6 6 1 1 8 5 5 10 0 5 5 5 6 6 8 11 6 4 2 4 3 8
6 5 9 2 3 5 8 9 6 7 8 4 3 8 2 11 8 6 7 3 6 6 8 6 9 10 5 0 7 8 2 8 3 10 10 7 3 7 8 5
7 7 6 7 6 7 1 2 1 2 2 6 5 4 6 4 5 5 3 5 5 6 5 2 2 7 5 7 0 0 7 1 9 7 3 1 5 1 4 6
7 7 6 7 7 7 1 2 1 2 2 6 5 3 6 3 5 5 3 5 5 6 5 2 2 6 5 8 0 0 7 0 9 7 3 2 5 2 5 6
3 7 7 1 5 7 7 8 6 5 7 2 2 6 2 10 6 4 5 2 7 7 5 5 8 7 6 2 7 7 0 7 3 7 9 6 4 7 8 3
7 7 5 7 7 8 1 2 2 2 3 6 5 3 6 3 5 5 2 5 6 7 5 2 2 6 6 8 1 0 7 0 9 6 3 2 6 2 5 6
4 8 8 2 6 8 10 11 8 8 10 3 4 9 4 13 8 6 8 4 9 9 7 7 11 9 8 3 9 9 3 9 0 9 12 9 6 9 10 4
4 12 1 8 11 12 7 6 7 5 9 6 7 3 9 9 2 3 4 6 11 12 2 6 9 0 11 10 7 7 7 6 9 0 10 8 10 8 11 4
10 7 9 10 8 8 3 4 4 5 2 9 7 6 8 2 8 8 6 8 5 6 8 5 1 9 6 10 3 3 9 3 12 10 0 3 7 3 3 9
7 5 7 7 5 6 2 4 1 3 1 7 5 5 5 4 6 6 4 5 4 5 6 3 2 8 4 7 1 2 6 2 9 8 3 0 4 0 3 7
7 2 9 4 1 3 6 7 4 5 5 6 3 7 2 8 8 7 6 4 2 3 8 5 6 10 2 3 5 5 4 6 6 10 7 4 0 4 4 6
8 5 7 7 5 6 2 4 1 3 1 7 5 5 5 4 6 6 4 5 4 5 6 3 2 8 4 7 1 2 7 2 9 8 3 0 4 0 3 7
10 4 10 8 5 4 4 6 4 6 2 9 6 8 6 5 9 8 7 7 2 3 9 5 3 11 3 8 4 5 8 5 10 11 3 3 4 3 0 9
1 9 4 3 7 9 7 7 5 4 8 1 3 4 5 9 3 2 4 2 8 9 3 4 8 5 8 5 6 6 3 6 4 4 9 7 6 7 9 0
,
0 57 30 17 42 39 38 54 24 32 42 11 17 32 24 46 13 12 13 16 60 45 18 30 53 23 30 36 39 39 22 31 30 14 73 51 36 44 61 6
50 0 59 29 9 1 41 61 33 51 27 53 31 26 31 44 71 35 54 39 6 5 55 49 42 79 11 18 26 40 43 31 61 39 49 21 16 22 11 61
21 75 0 25 67 85 20 27 16 31 52 35 42 9 47 58 7 14 18 24 75 74 5 23 56 6 26 52 27 21 18 32 56 8 23 50 53 25 51 18
20 38 40 0 29 41 51 57 27 21 47 16 10 49 5 47 40 31 18 6 47 40 19 31 57 31 19 6 29 26 3 47 13 44 68 49 19 48 25 12
33 6 68 33 0 11 52 31 30 19 37 28 16 60 18 45 50 35 41 22 14 16 54 17 38 33 12 23 38 38 26 38 31 69 50 26 8 32 16 37
36 1 85 23 11 0 21 63 16 55 41 52 39 69 23 57 31 36 59 43 8 5 37 35 28 46 10 27 33 51 42 52 41 86 34 28 9 28 24 44
44 26 33 39 39 36 0 11 15 17 6 31 22 21 24 10 28 27 22 26 32 49 29 9 5 41 40 54 6 5 45 3 74 43 18 9 33 6 13 26
28 63 28 37 57 71 6 0 19 18 15 38 29 12 28 16 19 30 9 45 45 41 36 15 20 39 39 25 15 14 37 12 69 28 15 20 35 26 33 31
21 36 42 43 33 17 8 24 0 12 16 20 15 17 31 21 33 27 14 25 26 38 33 4 10 44 17 44 6 6 23 7 38 32 13 6 25 9 20 21
25 33 21 30 38 33 17 7 6 0 20 17 17 9 23 26 12 8 7 25 40 21 22 3 15 26 17 34 12 10 36 5 32 38 33 13 39 19 42 32
42 34 51 22 28 36 14 11 13 24 0 41 32 21 30 19 51 45 18 21 11 13 39 19 9 36 23 36 6 8 19 11 45 50 13 7 32 2 9 47
10 43 16 6 41 26 19 31 30 22 40 0 17 27 12 62 23 19 12 12 54 35 15 13 54 38 36 22 41 36 9 43 12 15 40 34 25 37 29 9
11 17 26 9 27 21 25 46 27 25 21 16 0 24 5 42 37 28 17 6 16 27 31 12 39 36 14 20 19 27 14 25 20 34 45 12 13 30 25 23
14 64 10 34 29 61 21 10 24 7 40 34 32 0 29 33 5 13 4 31 36 44 10 18 37 11 28 47 13 18 28 9 52 16 43 16 24 15 38 29
33 15 31 14 10 33 22 22 16 22 32 17 7 26 0 40 40 20 34 7 13 21 49 13 43 30 15 12 39 29 14 23 14 61 32 27 16 17 29 25
68 33 54 50 68 44 7 19 20 19 11 47 41 41 61 0 24 55 24 52 31 54 30 32 8 44 30 72 9 22 41 21 74 46 7 28 28 12 36 62
15 59 3 32 52 56 20 34 19 11 22 17 28 12 50 45 0 11 16 25 66 75 2 23 36 10 34 25 31 20 31 26 35 15 43 33 20 30 64 20
15 58 8 14 46 42 37 34 25 23 22 20 20 15 24 23 11 0 8 17 36 59 3 18 24 15 28 34 14 31 26 17 36 13 53 36 35 23 31 14
33 54 10 27 35 21 13 17 20 6 21 15 12 10 27 33 11 11 0 25 35 47 6 5 18 25 44 36 8 9 15 10 22 29 41 17 33 14 48 26
17 22 40 11 20 19 16 45 17 29 37 11 8 35 14 45 17 12 19 0 17 19 16 17 28 35 37 22 33 18 10 24 17 45 36 34 22 32 34 12
52 7 64 23 12 8 37 21 14 32 18 48 32 60 30 39 31 25 48 28 0 7 63 36 16 51 4 20 16 37 19 31 35 40 18 25 12 23 16 40
56 5 55 39 15 7 26 34 31 31 21 41 28 60 28 42 28 46 23 19 7 0 45 36 20 67 9 17 31 17 19 47 46 84 25 29 14 21 18 43
16 74 10 28 51 37 27 28 14 13 33 25 37 8 29 46 2 5 6 11 31 47 0 18 36 13 25 26 36 24 18 23 22 9 55 28 53 22 32 17
25 23 33 30 27 45 17 20 8 3 24 32 16 9 18 32 26 13 7 17 40 44 23 0 16 25 22 40 9 6 30 7 28 18 17 17 17 8 30 18
26 34 48 47 29 47 10 11 19 10 4 42 16 33 30 7 40 22 35 44 28 27 19 16 0 27 37 64 6 10 24 6 74 25 4 10 32 8 15 36
30 44 3 34 72 80 34 21 18 24 54 35 39 11 44 57 12 25 29 31 41 64 12 27 32 0 75 58 25 40 21 18 30 2 62 50 71 32 40 25
57 7 43 22 12 11 35 50 24 17 20 40 28 56 24 36 50 30 33 21 3 7 56 36 25 34 0 15 34 39 36 31 22 38 19 26 7 24 19 37
24 28 53 7 14 13 58 39 34 47 41 20 12 45 9 54 45 32 38 21 23 21 37 40 36 40 32 0 44 53 9 46 14 57 61 23 12 37 39 32
49 35 40 20 31 30 2 15 7 8 15 33 32 9 42 10 24 16 19 20 35 28 25 12 9 41 18 24 0 2 19 3 43 40 22 6 35 5 16 27
25 34 34 21 45 49 4 7 10 9 7 39 23 8 35 17 16 33 12 33 22 30 17 11 15 42 39 35 3 0 31 2 41 40 14 11 16 8 12 20
17 33 43 3 23 38 27 40 18 33 19 9 12 23 17 37 43 23 22 7 35 31 38 21 52 19 36 7 42 17 0 42 18 18 30 22 20 32 47 19
48 55 23 19 38 55 5 13 4 6 14 40 26 20 42 21 12 25 15 15 28 36 25 13 11 26 27 29 2 1 24 0 54 17 20 10 21 10 18 22
12 50 25 8 23 62 42 50 52 22 62 17 27 22 11 67 43 17 26 25 28 57 28 34 73 52 23 17 46 57 12 49 0 45 31 49 26 39 63 30
13 39 7 33 79 60 34 25 52 24 35 33 19 25 40 56 10 15 12 20 69 56 15 16 55 2 65 41 31 44 30 28 47 0 69 52 70 59 65 28
55 32 23 61 40 39 11 28 21 30 14 50 43 38 23 10 31 22 39 33 22 26 25 20 7 24 29 25 16 9 37 16 82 54 0 20 31 17 19 66
49 39 26 26 22 24 7 16 4 12 3 41 19 34 27 17 35 21 26 26 14 27 38 19 11 24 18 26 8 11 47 6 41 49 15 0 16 1 11 49
39 7 32 15 4 17 34 54 10 36 25 38 19 36 15 58 48 47 32 17 9 17 32 24 27 62 9 19 20 30 32 22 31 25 19 28 0 16 19 43
41 15 47 33 24 38 13 10 10 15 3 34 13 18 34 15 24 15 21 29 15 13 40 11 12 56 10 43 5 7 34 8 54 60 10 1 14 0 20 51
28 29 30 43 25 30 29 28 14 34 17 32 41 56 26 35 43 37 24 43 12 9 51 22 10 53 13 56 27 28 30 15 48 47 14 9 13 17 0 56
5 39 16 18 42 41 24 24 24 23 21 6 15 19 21 37 12 11 25 13 47 41 8 20 28 26 24 23 19 33 16 27 24 20 50 39 23 36 67 0