7
40
,
0 (0.0, 26.0) 11.0
1 (42.0, 48.0) 34.0
2 (5.0, 6.0) 50.0
3 (11.0, 42.0) 44.0
4 (33.0, 48.0) 13.0
5 (42.0, 50.0) 25.0
6 (35.0, 12.0) 23.0
7 (31.0, 4.0) 35.0
8 (31.0, 21.0) 33.0
9 (24.0, 16.0) 18.0
10 (42.0, 20.0) 14.0
11 (5.0, 32.0) 32.0
12 (19.0, 35.0) 21.0
13 (17.0, 8.0) 12.0
14 (21.0, 42.0) 28.0
15 (46.0, 4.0) 19.0
16 (8.0, 10.0) 22.0
17 (9.0, 18.0) 43.0
18 (19.0, 15.0) 14.0
19 (13.0, 32.0) 20.0
20 (43.0, 39.0) 40.0
21 (46.0, 43.0) 38.0
22 (8.0, 12.0) 13.0
23 (24.0, 19.0) 12.0
24 (43.0, 14.0) 11.0
25 (2.0, 3.0) 31.0
26 (40.0, 39.0) 36.0
27 (17.0, 49.0) 21.0
28 (33.0, 16.0) 11.0
29 (32.0, 14.0) 14.0
30 (10.0, 39.0) 21.0
31 (31.0, 13.0) 22.0
32 (1.0, 48.0) 10.0
33 (0.0, 4.0) 34.0
34 (48.0, 12.0) 12.0
35 (37.0, 21.0) 14.0
36 (32.0, 41.0) 23.0
37 (38.0, 21.0) 22.0
38 (49.0, 29.0) 13.0
39 (4.0, 26.0) 16.0
,
0 9 4 4 8 10 8 8 6 5 8 2 4 5 5 10 4 2 4 3 9 10 3 5 9 5 8 6 7 7 3 7 4 4 10 7 7 8 10 1
9 0 11 6 2 0 7 9 6 7 6 8 5 9 4 9 10 9 8 7 2 1 10 7 7 12 2 5 7 7 7 7 8 12 7 5 2 5 4 9
4 11 0 7 10 11 6 5 6 4 8 5 6 2 8 8 1 3 3 5 10 11 1 5 8 1 10 9 6 6 7 5 8 1 9 7 9 7 10 4
4 6 7 0 5 6 8 9 6 6 8 2 2 7 2 10 6 5 6 2 6 7 6 5 9 8 6 2 7 7 1 7 2 8 10 7 4 7 8 3
8 2 10 5 0 2 7 9 5 7 6 6 4 9 3 9 9 8 7 5 3 3 9 6 7 11 2 3 6 7 5 7 6 11 8 5 1 5 5 7
10 0 11 6 2 0 8 9 6 8 6 8 5 10 4 9 10 9 8 7 2 2 10 7 7 12 2 5 7 7 7 8 8 12 8 6 3 6 4 9
8 7 6 8 7 8 0 2 2 2 2 7 6 4 7 3 5 5 3 6 6 7 5 3 2 7 5 8 1 1 7 1 10 7 3 2 6 2 4 7
8 9 5 9 9 9 2 0 3 3 4 8 7 3 8 3 5 5 3 7 7 8 5 3 3 6 7 9 2 2 8 2 11 6 4 4 7 4 6 7
6 6 6 6 5 6 2 3 0 2 2 6 4 4 5 5 5 4 3 4 4 5 5 1 3 7 4 6 1 1 6 2 8 7 4 1 4 1 4 5
5 7 4 6 7 8 2 3 2 0 4 5 4 2 5 5 3 3 1 4 6 7 3 1 4 5 6 7 2 2 5 2 8 5 5 3 5 3 6 4
8 6 8 8 6 6 2 4 2 4 0 8 5 6 6 3 7 7 5 6 4 5 7 4 1 9 4 8 2 2 7 3 10 9 2 1 5 1 2 8
2 8 5 2 6 8 7 8 6 5 8 0 3 5 4 10 4 3 4 2 8 8 4 5 8 6 7 4 6 6 2 6 3 6 9 7 6 7 9 1
4 5 6 2 4 5 6 7 4 4 5 3 0 5 1 8 5 4 4 1 5 6 5 3 6 7 4 3 5 5 2 5 4 7 7 5 3 5 6 3
5 9 2 7 9 10 4 3 4 2 6 5 5 0 7 6 2 3 1 5 8 9 2 3 5 3 8 8 4 3 6 3 9 3 6 5 7 5 8 4
5 4 8 2 3 4 7 8 5 5 6 4 1 7 0 9 7 5 5 3 4 5 7 5 7 9 4 2 6 6 2 6 4 9 8 5 2 5 6 5
10 9 8 10 9 9 3 3 5 5 3 10 8 6 9 0 8 8 6 9 7 8 8 5 2 9 7 11 4 3 10 3 13 9 2 4 8 4 5 9
4 10 1 6 9 10 5 5 5 3 7 4 5 2 7 8 0 2 2 5 9 10 0 4 7 2 9 8 5 5 6 5 8 2 8 6 8 6 9 3
2 9 3 5 8 9 5 5 4 3 7 3 4 3 5 8 2 0 2 3 8 9 1 3 7 3 7 6 5 5 4 5 6 3 8 6 7 6 8 2
4 8 3 6 7 8 3 3 3 1 5 4 4 1 5 6 2 2 0 4 7 8 2 1 5 4 6 7 3 3 5 2 8 4 6 4 6 4 7 4
3 7 5 2 5 7 6 7 4 4 6 2 1 5 3 9 5 3 4 0 6 7 4 3 7 6 6 3 5 5 2 5 4 6 8 5 4 5 7 2
9 2 10 6 3 2 6 7 4 6 4 8 5 8 4 7 9 8 7 6 0 1 9 6 5 11 1 6 5 5 7 6 9 11 5 4 2 4 2 8
10 1 11 7 3 2 7 8 5 7 5 8 6 9 5 8 10 9 8 7 1 0 10 7 6 12 1 6 6 6 7 7 9 12 6 5 3 5 3 9
3 10 1 6 9 10 5 5 5 3 7 4 5 2 7 8 0 1 2 4 9 10 0 3 7 2 8 8 5 5 5 5 7 2 8 6 8 6 9 3
5 7 5 5 6 7 3 3 1 1 4 5 3 3 5 5 4 3 1 3 6 7 3 0 4 5 5 6 2 2 5 2 7 6 5 3 5 3 5 4
9 7 8 9 7 7 2 3 3 4 1 8 6 5 7 2 7 7 5 7 5 6 7 4 0 8 5 9 2 2 8 2 11 9 1 2 6 2 3 8
5 12 1 8 11 12 7 6 7 5 9 6 7 3 9 9 2 3 4 6 11 12 2 5 8 0 10 10 7 6 7 6 9 0 9 8 10 8 11 5
8 2 10 6 2 2 5 7 4 6 4 7 4 8 4 7 9 7 6 6 1 1 8 5 5 10 0 5 5 5 6 6 8 11 6 4 2 4 3 8
6 5 9 2 3 5 8 9 6 7 8 4 3 8 2 11 8 6 7 3 6 6 8 6 9 10 5 0 7 8 2 8 3 10 10 7 3 7 8 5
7 7 6 7 6 7 1 2 1 2 2 6 5 4 6 4 5 5 3 5 5 6 5 2 2 7 5 7 0 0 7 1 9 7 3 1 5 1 4 6
7 7 6 7 7 7 1 2 1 2 2 6 5 3 6 3 5 5 3 5 5 6 5 2 2 6 5 8 0 0 7 0 9 7 3 2 5 2 5 6
3 7 7 1 5 7 7 8 6 5 7 2 2 6 2 10 6 4 5 2 7 7 5 5 8 7 6 2 7 7 0 7 3 7 9 6 4 7 8 3
7 7 5 7 7 8 1 2 2 2 3 6 5 3 6 3 5 5 2 5 6 7 5 2 2 6 6 8 1 0 7 0 9 6 3 2 6 2 5 6
4 8 8 2 6 8 10 11 8 8 10 3 4 9 4 13 8 6 8 4 9 9 7 7 11 9 8 3 9 9 3 9 0 9 12 9 6 9 10 4
4 12 1 8 11 12 7 6 7 5 9 6 7 3 9 9 2 3 4 6 11 12 2 6 9 0 11 10 7 7 7 6 9 0 10 8 10 8 11 4
10 7 9 10 8 8 3 4 4 5 2 9 7 6 8 2 8 8 6 8 5 6 8 5 1 9 6 10 3 3 9 3 12 10 0 3 7 3 3 9
7 5 7 7 5 6 2 4 1 3 1 7 5 5 5 4 6 6 4 5 4 5 6 3 2 8 4 7 1 2 6 2 9 8 3 0 4 0 3 7
7 2 9 4 1 3 6 7 4 5 5 6 3 7 2 8 8 7 6 4 2 3 8 5 6 10 2 3 5 5 4 6 6 10 7 4 0 4 4 6
8 5 7 7 5 6 2 4 1 3 1 7 5 5 5 4 6 6 4 5 4 5 6 3 2 8 4 7 1 2 7 2 9 8 3 0 4 0 3 7
10 4 10 8 5 4 4 6 4 6 2 9 6 8 6 5 9 8 7 7 2 3 9 5 3 11 3 8 4 5 8 5 10 11 3 3 4 3 0 9
1 9 4 3 7 9 7 7 5 4 8 1 3 4 5 9 3 2 4 2 8 9 3 4 8 5 8 5 6 6 3 6 4 4 9 7 6 7 9 0
,
0 61 24 18 39 40 53 45 45 24 23 7 20 19 26 68 24 6 15 9 45 34 16 21 31 24 26 32 21 47 9 22 18 12 60 44 48 48 61 6
45 0 66 47 6 1 31 47 15 49 31 31 15 38 25 56 32 60 44 45 12 5 40 23 25 72 8 37 44 53 46 29 22 76 29 32 10 33 11 37
17 50 0 51 52 48 24 20 37 17 22 19 17 16 38 51 5 7 20 21 74 58 5 33 28 4 38 59 42 19 24 30 26 3 35 28 33 53 27 28
22 46 41 0 30 46 55 30 26 33 41 13 14 39 8 27 26 32 24 9 42 21 18 15 30 56 26 5 38 26 2 35 15 20 60 35 29 27 34 21
24 10 45 23 0 7 42 59 29 39 30 21 16 22 12 67 58 51 39 24 16 10 57 20 33 43 16 11 17 40 33 35 28 42 56 15 9 27 18 31
25 2 63 32 7 0 21 58 34 30 35 38 36 66 21 54 61 63 33 25 6 10 28 40 46 65 6 25 46 50 44 37 51 75 25 44 13 24 29 23
39 46 29 21 46 55 0 5 8 17 8 42 33 19 19 11 27 18 19 40 33 39 28 17 6 45 36 39 3 5 49 2 42 52 7 6 37 12 13 21
31 45 24 35 37 38 11 0 24 12 14 21 31 9 46 19 31 36 12 46 47 42 14 24 17 26 18 24 10 10 30 12 29 24 13 10 28 24 26 26
45 39 33 33 27 45 12 18 0 12 15 41 24 22 19 18 32 23 18 18 32 26 22 8 10 22 10 46 7 10 32 5 56 37 11 8 12 8 27 19
26 24 20 29 42 50 14 10 12 0 26 32 16 16 28 27 12 19 6 15 26 37 9 4 27 21 29 34 10 5 15 8 38 40 21 16 19 19 24 30
37 16 43 41 36 18 9 27 15 12 0 33 28 28 35 23 28 34 16 25 10 28 29 10 6 50 24 33 6 11 20 18 42 54 6 4 12 2 16 24
6 31 14 17 41 56 45 43 37 29 32 0 11 27 15 47 28 16 22 7 53 34 15 32 22 41 22 23 36 43 8 32 16 21 71 29 18 46 26 8
28 16 43 8 23 39 29 47 11 22 36 9 0 15 8 39 17 26 21 7 22 38 16 21 35 38 11 17 24 30 8 24 32 38 41 23 18 35 21 15
31 51 9 23 61 45 21 20 17 9 14 21 16 0 49 27 9 10 10 29 27 52 10 13 18 9 43 55 26 20 21 13 55 21 46 25 25 22 22 21
22 18 40 14 16 16 47 46 26 27 44 24 9 21 0 30 23 22 26 18 13 14 17 20 25 36 26 10 37 19 12 44 29 38 55 23 7 28 36 27
56 57 47 74 24 25 10 8 34 16 19 44 22 38 67 0 36 39 19 33 31 53 50 32 15 53 25 67 10 23 34 20 54 39 5 15 23 15 34 59
12 31 5 46 47 68 32 18 38 18 41 32 17 5 43 44 0 11 13 33 37 61 1 17 45 11 35 28 16 30 17 17 30 13 22 40 55 26 48 19
8 22 15 16 25 41 17 26 31 15 22 19 14 11 35 31 6 0 16 10 51 48 9 16 28 13 24 40 34 25 15 33 27 18 40 31 46 42 48 7
26 27 21 15 24 49 22 14 17 6 31 20 15 6 27 25 13 12 0 23 31 38 7 4 25 17 38 39 18 9 21 12 38 28 28 21 32 25 28 16
15 27 19 11 25 35 16 31 11 22 37 5 9 33 18 45 24 17 20 0 43 34 22 18 42 35 16 14 33 38 6 31 24 39 24 21 22 24 40 14
54 12 50 38 19 10 24 21 28 29 19 23 22 51 26 18 37 48 51 43 0 4 32 26 29 34 4 30 34 33 33 24 58 63 17 21 15 17 8 36
27 9 50 33 8 5 22 24 21 48 20 57 26 49 13 31 46 26 32 21 7 0 52 37 27 31 9 27 35 32 33 42 57 39 20 26 18 14 21 49
17 46 9 41 48 72 35 25 13 19 46 21 15 13 37 58 1 8 6 25 61 67 0 9 35 15 28 45 21 20 37 14 44 9 35 21 46 30 33 21
14 24 33 22 32 51 13 24 7 2 20 18 19 14 32 20 21 9 7 10 16 30 16 0 24 29 30 27 13 5 22 10 20 17 18 18 23 11 32 12
27 33 23 42 23 35 5 20 20 11 5 29 24 18 19 10 26 22 12 32 31 22 44 10 0 51 22 24 6 7 53 17 57 37 7 10 15 11 17 51
26 44 6 27 39 69 39 23 25 17 41 21 29 21 47 46 8 20 16 25 74 80 7 22 45 0 68 62 31 35 37 21 27 1 35 35 27 22 56 13
43 10 27 42 10 11 36 52 25 26 18 33 22 20 19 29 59 40 42 29 4 5 39 26 29 57 0 16 19 14 40 25 20 42 36 25 11 18 14 40
26 25 23 12 19 14 53 65 34 25 38 11 19 43 9 32 56 48 50 21 16 30 57 17 50 72 27 0 34 49 11 37 16 69 35 47 21 52 32 38
42 39 22 40 30 19 6 8 4 8 14 34 34 22 35 10 23 31 7 18 19 18 35 11 9 21 27 33 0 2 19 3 65 51 21 9 19 10 12 18
24 39 22 40 29 22 2 11 10 7 17 30 35 22 23 9 35 31 13 39 31 17 14 10 15 41 30 49 2 0 35 2 48 32 14 8 39 10 33 24
13 46 38 5 30 28 43 45 28 24 33 13 13 35 11 44 40 17 33 5 22 41 40 20 58 34 22 14 34 40 0 50 13 18 54 40 14 34 42 18
49 25 29 53 39 55 6 9 8 9 14 28 27 8 38 11 25 22 8 32 32 29 31 5 13 24 27 26 5 1 46 0 47 31 14 14 14 6 30 21
15 35 23 13 33 52 51 61 24 35 60 17 30 42 29 42 31 17 39 28 41 51 29 47 52 43 35 22 36 45 12 62 0 29 71 52 27 61 30 14
33 54 7 51 69 80 33 46 50 19 41 18 39 10 54 25 6 23 17 25 55 68 7 33 47 2 72 33 52 19 36 43 34 0 42 37 49 61 32 22
57 48 32 52 40 46 17 13 11 28 8 59 55 21 53 9 29 51 33 32 23 41 21 16 6 51 37 32 8 9 49 20 38 52 0 20 30 7 14 52
26 30 50 17 33 39 10 17 5 14 5 21 24 17 39 18 18 38 11 24 13 27 44 16 13 58 27 36 6 7 48 9 48 49 12 0 15 1 8 27
37 14 58 11 9 9 28 31 19 23 26 42 21 49 13 33 24 21 38 28 12 8 25 26 22 47 8 16 17 39 32 21 41 31 40 18 0 16 21 44
28 19 20 30 17 42 9 14 8 17 4 46 28 23 19 18 44 28 17 22 25 24 29 16 12 25 24 37 8 8 44 7 67 31 7 1 18 0 11 42
35 13 67 28 19 13 16 31 16 29 6 36 30 23 22 37 25 47 18 46 11 9 24 40 12 63 20 34 21 19 28 34 39 52 24 17 19 18 0 65
3 36 19 12 40 44 30 33 39 22 42 6 26 29 23 55 20 13 20 16 31 39 21 11 60 26 31 31 20 44 11 38 22 21 43 22 31 21 52 0