2
10
,
0 (0.0, 27.0) 69.0
1 (17.0, 50.0) 77.0
2 (37.0, 41.0) 55.0
3 (11.0, 19.0) 72.0
4 (41.0, 17.0) 77.0
5 (47.0, 32.0) 53.0
6 (5.0, 13.0) 61.0
7 (5.0, 19.0) 51.0
8 (46.0, 18.0) 60.0
9 (28.0, 2.0) 84.0
,
0 14 26 28 11 22 28 7 10 25 14 0
14 0 14 20 7 21 24 7 5 23 19 14
26 14 0 11 16 20 17 19 17 22 25 26
28 20 11 0 17 12 7 21 19 12 20 28
11 7 16 17 0 15 19 4 3 18 12 11
22 21 20 12 15 0 8 18 18 3 10 22
28 24 17 7 19 8 0 23 22 7 18 28
7 7 19 21 4 18 23 0 3 21 13 7
10 5 17 19 3 18 22 3 0 21 14 10
25 23 22 12 18 3 7 21 21 0 12 25
14 19 25 20 12 10 18 13 14 12 0 14
0 14 26 28 11 22 28 7 10 25 14 0
,
0 28 46 68 23 49 51 15 13 58 35 0
18 0 18 57 10 55 62 13 6 49 27 25
78 41 0 29 17 51 37 35 26 49 43 38
41 42 27 0 44 27 12 21 35 27 26 67
27 10 27 26 0 17 29 4 3 49 26 31
23 40 34 14 23 0 15 43 46 7 21 32
59 47 50 18 22 16 0 58 54 8 27 34
15 13 21 33 6 39 26 0 8 44 23 13
29 7 37 44 6 40 56 7 0 41 32 29
39 44 27 14 37 4 9 59 27 0 20 50
34 39 26 20 18 21 21 33 42 19 0 33
0 31 77 83 31 35 79 19 29 60 28 0