2
10
,
0 (0.0, 27.0) 43.0
1 (17.0, 50.0) 33.0
2 (37.0, 41.0) 52.0
3 (11.0, 19.0) 42.0
4 (41.0, 17.0) 87.0
5 (47.0, 32.0) 71.0
6 (5.0, 13.0) 65.0
7 (5.0, 19.0) 44.0
8 (46.0, 18.0) 55.0
9 (28.0, 2.0) 71.0
,
0 14 26 28 11 22 28 7 10 25 14 0
14 0 14 20 7 21 24 7 5 23 19 14
26 14 0 11 16 20 17 19 17 22 25 26
28 20 11 0 17 12 7 21 19 12 20 28
11 7 16 17 0 15 19 4 3 18 12 11
22 21 20 12 15 0 8 18 18 3 10 22
28 24 17 7 19 8 0 23 22 7 18 28
7 7 19 21 4 18 23 0 3 21 13 7
10 5 17 19 3 18 22 3 0 21 14 10
25 23 22 12 18 3 7 21 21 0 12 25
14 19 25 20 12 10 18 13 14 12 0 14
0 14 26 28 11 22 28 7 10 25 14 0
,
0 28 52 37 11 46 70 16 24 33 37 0
32 0 23 25 15 56 67 16 14 48 29 30
75 39 0 21 22 50 35 53 24 44 60 49
35 29 16 0 48 22 10 52 21 32 43 37
12 11 33 50 0 39 23 9 8 21 22 21
63 60 31 27 20 0 12 53 43 5 23 60
42 48 25 10 32 16 0 67 56 12 36 51
18 19 19 24 11 36 61 0 6 44 28 16
18 5 18 49 4 37 39 4 0 60 28 12
73 70 29 14 18 6 9 41 51 0 32 63
24 28 69 34 20 16 19 21 27 34 0 29
0 37 72 39 30 24 39 14 11 35 42 0