2
10
,
0 (0.0, 27.0) 35.0
1 (17.0, 50.0) 54.0
2 (37.0, 41.0) 67.0
3 (11.0, 19.0) 53.0
4 (41.0, 17.0) 66.0
5 (47.0, 32.0) 31.0
6 (5.0, 13.0) 68.0
7 (5.0, 19.0) 30.0
8 (46.0, 18.0) 40.0
9 (28.0, 2.0) 80.0
,
0 14 26 28 11 22 28 7 10 25 14 0
14 0 14 20 7 21 24 7 5 23 19 14
26 14 0 11 16 20 17 19 17 22 25 26
28 20 11 0 17 12 7 21 19 12 20 28
11 7 16 17 0 15 19 4 3 18 12 11
22 21 20 12 15 0 8 18 18 3 10 22
28 24 17 7 19 8 0 23 22 7 18 28
7 7 19 21 4 18 23 0 3 21 13 7
10 5 17 19 3 18 22 3 0 21 14 10
25 23 22 12 18 3 7 21 21 0 12 25
14 19 25 20 12 10 18 13 14 12 0 14
0 14 26 28 11 22 28 7 10 25 14 0
,
0 25 31 52 21 49 52 19 13 27 41 0
26 0 36 40 14 32 63 21 12 28 45 26
46 40 0 27 17 34 51 42 35 55 26 33
45 59 30 0 32 32 13 29 43 16 26 50
31 7 31 34 0 40 24 9 7 22 22 23
50 38 52 27 43 0 20 35 19 6 11 35
42 56 31 8 20 24 0 57 60 12 34 34
16 21 53 46 12 21 58 0 5 54 23 12
24 12 42 53 8 42 41 3 0 34 38 25
41 70 44 34 31 3 18 43 42 0 21 60
34 55 29 40 21 23 20 23 22 20 0 30
0 16 36 32 23 44 36 8 29 46 18 0