2
10
,
0 (0.0, 27.0) 79.0
1 (17.0, 50.0) 53.0
2 (37.0, 41.0) 77.0
3 (11.0, 19.0) 76.0
4 (41.0, 17.0) 33.0
5 (47.0, 32.0) 71.0
6 (5.0, 13.0) 32.0
7 (5.0, 19.0) 42.0
8 (46.0, 18.0) 43.0
9 (28.0, 2.0) 68.0
,
0 14 26 28 11 22 28 7 10 25 14 0
14 0 14 20 7 21 24 7 5 23 19 14
26 14 0 11 16 20 17 19 17 22 25 26
28 20 11 0 17 12 7 21 19 12 20 28
11 7 16 17 0 15 19 4 3 18 12 11
22 21 20 12 15 0 8 18 18 3 10 22
28 24 17 7 19 8 0 23 22 7 18 28
7 7 19 21 4 18 23 0 3 21 13 7
10 5 17 19 3 18 22 3 0 21 14 10
25 23 22 12 18 3 7 21 21 0 12 25
14 19 25 20 12 10 18 13 14 12 0 14
0 14 26 28 11 22 28 7 10 25 14 0
,
0 28 68 71 32 50 55 19 18 69 23 0
40 0 35 21 18 58 62 17 6 53 51 35
45 38 0 30 33 36 35 51 32 36 63 30
74 47 28 0 28 30 18 43 48 33 44 60
22 19 42 45 0 37 33 10 9 32 17 22
31 26 35 21 31 0 21 45 36 6 26 33
61 43 26 18 42 22 0 59 60 20 46 49
11 20 27 31 8 34 29 0 4 32 16 19
14 7 46 41 7 27 53 7 0 30 39 25
32 33 39 26 23 6 13 52 39 0 25 69
15 56 73 43 12 13 44 36 36 29 0 38
0 16 63 55 16 24 36 11 25 72 32 0