2
10
,
0 (0.0, 27.0) 84.0
1 (17.0, 50.0) 45.0
2 (37.0, 41.0) 61.0
3 (11.0, 19.0) 54.0
4 (41.0, 17.0) 69.0
5 (47.0, 32.0) 75.0
6 (5.0, 13.0) 87.0
7 (5.0, 19.0) 34.0
8 (46.0, 18.0) 34.0
9 (28.0, 2.0) 74.0
,
0 14 26 28 11 22 28 7 10 25 14 0
14 0 14 20 7 21 24 7 5 23 19 14
26 14 0 11 16 20 17 19 17 22 25 26
28 20 11 0 17 12 7 21 19 12 20 28
11 7 16 17 0 15 19 4 3 18 12 11
22 21 20 12 15 0 8 18 18 3 10 22
28 24 17 7 19 8 0 23 22 7 18 28
7 7 19 21 4 18 23 0 3 21 13 7
10 5 17 19 3 18 22 3 0 21 14 10
25 23 22 12 18 3 7 21 21 0 12 25
14 19 25 20 12 10 18 13 14 12 0 14
0 14 26 28 11 22 28 7 10 25 14 0
,
0 31 76 37 18 41 73 12 27 58 38 0
19 0 42 36 19 44 38 8 13 69 33 38
28 25 0 17 19 21 33 49 49 24 45 45
31 42 28 0 21 30 20 45 56 23 26 50
19 10 18 35 0 17 51 9 7 43 22 31
63 42 25 13 20 0 23 26 47 7 21 59
53 26 35 13 57 16 0 26 33 7 26 57
11 17 21 34 11 43 52 0 6 41 37 10
11 12 22 40 4 53 24 7 0 55 16 21
62 36 44 15 25 6 11 32 59 0 13 64
17 53 63 22 19 12 18 34 36 15 0 28
0 33 48 69 21 52 70 20 23 59 32 0