2
10
,
0 (0.0, 27.0) 59.0
1 (17.0, 50.0) 43.0
2 (37.0, 41.0) 37.0
3 (11.0, 19.0) 72.0
4 (41.0, 17.0) 46.0
5 (47.0, 32.0) 31.0
6 (5.0, 13.0) 70.0
7 (5.0, 19.0) 62.0
8 (46.0, 18.0) 76.0
9 (28.0, 2.0) 40.0
,
0 14 26 28 11 22 28 7 10 25 14 0
14 0 14 20 7 21 24 7 5 23 19 14
26 14 0 11 16 20 17 19 17 22 25 26
28 20 11 0 17 12 7 21 19 12 20 28
11 7 16 17 0 15 19 4 3 18 12 11
22 21 20 12 15 0 8 18 18 3 10 22
28 24 17 7 19 8 0 23 22 7 18 28
7 7 19 21 4 18 23 0 3 21 13 7
10 5 17 19 3 18 22 3 0 21 14 10
25 23 22 12 18 3 7 21 21 0 12 25
14 19 25 20 12 10 18 13 14 12 0 14
0 14 26 28 11 22 28 7 10 25 14 0
,
0 17 28 31 13 31 62 7 25 54 36 0
19 0 35 31 18 61 59 13 13 42 40 15
72 23 0 28 38 46 41 33 45 53 34 52
45 37 15 0 47 27 9 53 38 33 22 82
22 8 28 42 0 40 25 9 4 42 21 17
36 32 39 22 29 0 23 28 27 5 15 38
79 29 35 14 48 19 0 36 26 17 22 63
15 22 29 33 5 45 39 0 8 30 29 16
22 14 30 55 9 27 33 7 0 58 27 25
37 48 33 22 18 7 16 47 59 0 27 34
37 49 44 42 27 16 38 25 24 19 0 33
0 14 43 31 14 27 56 16 18 36 28 0