2
10
,
0 (0.0, 27.0) 46.0
1 (17.0, 50.0) 73.0
2 (37.0, 41.0) 42.0
3 (11.0, 19.0) 51.0
4 (41.0, 17.0) 88.0
5 (47.0, 32.0) 62.0
6 (5.0, 13.0) 85.0
7 (5.0, 19.0) 43.0
8 (46.0, 18.0) 49.0
9 (28.0, 2.0) 47.0
,
0 14 26 28 11 22 28 7 10 25 14 0
14 0 14 20 7 21 24 7 5 23 19 14
26 14 0 11 16 20 17 19 17 22 25 26
28 20 11 0 17 12 7 21 19 12 20 28
11 7 16 17 0 15 19 4 3 18 12 11
22 21 20 12 15 0 8 18 18 3 10 22
28 24 17 7 19 8 0 23 22 7 18 28
7 7 19 21 4 18 23 0 3 21 13 7
10 5 17 19 3 18 22 3 0 21 14 10
25 23 22 12 18 3 7 21 21 0 12 25
14 19 25 20 12 10 18 13 14 12 0 14
0 14 26 28 11 22 28 7 10 25 14 0
,
0 23 52 49 29 30 82 11 12 50 30 0
23 0 19 34 20 25 34 18 8 29 23 39
46 21 0 32 31 58 18 40 21 60 53 78
69 40 19 0 33 27 14 60 37 26 56 44
20 7 42 49 0 16 39 11 3 42 30 19
49 24 28 24 27 0 23 18 39 5 12 35
37 44 29 12 45 22 0 58 27 10 35 71
14 20 33 55 5 46 28 0 5 32 33 15
16 7 27 48 8 24 28 5 0 24 16 28
36 44 65 31 39 7 14 61 25 0 16 38
23 55 64 26 20 22 34 14 27 17 0 39
0 29 39 68 17 44 79 9 11 31 36 0