2
10
,
0 (27.0, 18.0) 30.0
1 (26.0, 33.0) 14.0
2 (12.0, 2.0) 45.0
3 (23.0, 10.0) 22.0
4 (16.0, 41.0) 13.0
5 (23.0, 8.0) 13.0
6 (21.0, 24.0) 11.0
7 (26.0, 29.0) 21.0
8 (11.0, 2.0) 13.0
9 (37.0, 41.0) 22.0
,
0 3 4 2 5 2 2 2 5 5
3 0 7 5 3 5 2 1 7 3
4 7 0 3 8 3 5 6 0 9
2 5 3 0 6 0 3 4 3 7
5 3 8 6 0 7 4 3 8 4
2 5 3 0 7 0 3 4 3 7
2 2 5 3 4 3 0 1 5 5
2 1 6 4 3 4 1 0 6 3
5 7 0 3 8 3 5 6 0 9
5 3 9 7 4 7 5 3 9 0
,
0 13 32 12 29 14 11 14 18 28
16 0 36 25 19 16 6 3 30 20
28 48 0 14 46 13 35 43 1 45
10 26 14 0 45 3 8 21 19 25
31 11 46 19 0 47 14 10 46 25
7 29 11 2 36 0 12 11 15 32
7 15 29 12 24 24 0 9 21 22
7 5 19 26 14 27 7 0 35 20
21 22 1 10 29 18 34 30 0 56
26 13 38 47 19 32 33 15 33 0