2
10
,
0 (27.0, 18.0) 15.0
1 (26.0, 33.0) 22.0
2 (12.0, 2.0) 15.0
3 (23.0, 10.0) 27.0
4 (16.0, 41.0) 44.0
5 (23.0, 8.0) 45.0
6 (21.0, 24.0) 11.0
7 (26.0, 29.0) 17.0
8 (11.0, 2.0) 26.0
9 (37.0, 41.0) 37.0
,
0 3 4 2 5 2 2 2 5 5
3 0 7 5 3 5 2 1 7 3
4 7 0 3 8 3 5 6 0 9
2 5 3 0 6 0 3 4 3 7
5 3 8 6 0 7 4 3 8 4
2 5 3 0 7 0 3 4 3 7
2 2 5 3 4 3 0 1 5 5
2 1 6 4 3 4 1 0 6 3
5 7 0 3 8 3 5 6 0 9
5 3 9 7 4 7 5 3 9 0
,
0 22 16 12 15 7 5 6 18 25
22 0 40 26 12 21 12 5 26 17
16 33 0 13 37 8 19 31 1 66
12 14 18 0 21 1 13 22 10 20
23 14 22 31 0 25 21 16 58 14
12 32 16 3 40 0 19 13 16 18
6 10 18 10 25 19 0 5 32 27
7 3 23 11 16 30 9 0 21 15
19 50 1 8 57 13 17 46 0 56
34 10 69 47 27 24 23 16 32 0