2
10
,
0 (27.0, 18.0) 48.0
1 (26.0, 33.0) 31.0
2 (12.0, 2.0) 30.0
3 (23.0, 10.0) 14.0
4 (16.0, 41.0) 16.0
5 (23.0, 8.0) 14.0
6 (21.0, 24.0) 28.0
7 (26.0, 29.0) 23.0
8 (11.0, 2.0) 17.0
9 (37.0, 41.0) 31.0
,
0 3 4 2 5 2 2 2 5 5
3 0 7 5 3 5 2 1 7 3
4 7 0 3 8 3 5 6 0 9
2 5 3 0 6 0 3 4 3 7
5 3 8 6 0 7 4 3 8 4
2 5 3 0 7 0 3 4 3 7
2 2 5 3 4 3 0 1 5 5
2 1 6 4 3 4 1 0 6 3
5 7 0 3 8 3 5 6 0 9
5 3 9 7 4 7 5 3 9 0
,
0 13 32 10 13 7 6 8 30 14
9 0 41 25 7 21 10 4 28 7
30 34 0 7 59 15 22 40 1 24
8 30 7 0 26 1 20 27 11 18
28 16 26 45 0 35 10 17 24 23
9 26 7 2 39 0 24 28 17 43
11 8 12 14 27 22 0 8 30 26
12 4 18 13 12 29 10 0 27 18
32 38 1 17 20 15 13 35 0 69
23 10 36 33 16 36 23 23 43 0