2
10
,
0 (27.0, 18.0) 24.0
1 (26.0, 33.0) 33.0
2 (12.0, 2.0) 12.0
3 (23.0, 10.0) 20.0
4 (16.0, 41.0) 14.0
5 (23.0, 8.0) 14.0
6 (21.0, 24.0) 25.0
7 (26.0, 29.0) 47.0
8 (11.0, 2.0) 13.0
9 (37.0, 41.0) 36.0
,
0 3 4 2 5 2 2 2 5 5
3 0 7 5 3 5 2 1 7 3
4 7 0 3 8 3 5 6 0 9
2 5 3 0 6 0 3 4 3 7
5 3 8 6 0 7 4 3 8 4
2 5 3 0 7 0 3 4 3 7
2 2 5 3 4 3 0 1 5 5
2 1 6 4 3 4 1 0 6 3
5 7 0 3 8 3 5 6 0 9
5 3 9 7 4 7 5 3 9 0
,
0 19 15 9 23 15 8 12 22 17
18 0 25 31 17 31 12 6 35 11
23 34 0 16 46 19 28 18 1 67
11 34 18 0 25 2 20 24 15 31
23 19 24 31 0 45 18 19 50 19
14 23 17 2 48 0 20 23 20 35
9 10 23 20 13 24 0 5 21 25
14 5 32 13 18 24 5 0 42 12
20 44 1 16 50 11 24 46 0 42
18 9 31 31 23 46 31 17 54 0