2
10
,
0 (27.0, 18.0) 39.0
1 (26.0, 33.0) 14.0
2 (12.0, 2.0) 19.0
3 (23.0, 10.0) 39.0
4 (16.0, 41.0) 20.0
5 (23.0, 8.0) 37.0
6 (21.0, 24.0) 36.0
7 (26.0, 29.0) 12.0
8 (11.0, 2.0) 15.0
9 (37.0, 41.0) 13.0
,
0 3 4 2 5 2 2 2 5 5
3 0 7 5 3 5 2 1 7 3
4 7 0 3 8 3 5 6 0 9
2 5 3 0 6 0 3 4 3 7
5 3 8 6 0 7 4 3 8 4
2 5 3 0 7 0 3 4 3 7
2 2 5 3 4 3 0 1 5 5
2 1 6 4 3 4 1 0 6 3
5 7 0 3 8 3 5 6 0 9
5 3 9 7 4 7 5 3 9 0
,
0 21 28 6 32 9 12 7 22 29
15 0 28 23 11 25 15 4 19 8
24 21 0 10 44 16 23 42 1 52
11 20 7 0 47 2 15 20 19 30
38 14 30 32 0 41 26 16 51 24
13 21 12 1 44 0 11 12 8 39
4 14 25 16 18 11 0 10 29 28
14 4 20 18 18 30 6 0 29 9
28 50 1 10 59 20 20 29 0 50
20 20 40 45 28 26 22 21 55 0