2
10
,
0 (27.0, 18.0) 28.0
1 (26.0, 33.0) 28.0
2 (12.0, 2.0) 35.0
3 (23.0, 10.0) 17.0
4 (16.0, 41.0) 22.0
5 (23.0, 8.0) 17.0
6 (21.0, 24.0) 26.0
7 (26.0, 29.0) 41.0
8 (11.0, 2.0) 18.0
9 (37.0, 41.0) 44.0
,
0 3 4 2 5 2 2 2 5 5
3 0 7 5 3 5 2 1 7 3
4 7 0 3 8 3 5 6 0 9
2 5 3 0 6 0 3 4 3 7
5 3 8 6 0 7 4 3 8 4
2 5 3 0 7 0 3 4 3 7
2 2 5 3 4 3 0 1 5 5
2 1 6 4 3 4 1 0 6 3
5 7 0 3 8 3 5 6 0 9
5 3 9 7 4 7 5 3 9 0
,
0 11 20 8 14 15 5 11 13 32
14 0 45 17 17 31 13 6 43 15
17 42 0 19 22 13 16 43 1 26
8 28 9 0 29 2 12 26 14 22
14 16 41 40 0 23 26 8 35 21
7 16 16 2 20 0 17 22 14 48
10 11 27 14 15 13 0 10 25 15
16 3 30 26 20 16 8 0 42 20
15 36 1 20 39 19 17 38 0 40
24 20 46 38 30 44 12 19 39 0