2
10
,
0 (27.0, 18.0) 47.0
1 (26.0, 33.0) 20.0
2 (12.0, 2.0) 43.0
3 (23.0, 10.0) 16.0
4 (16.0, 41.0) 17.0
5 (23.0, 8.0) 42.0
6 (21.0, 24.0) 37.0
7 (26.0, 29.0) 11.0
8 (11.0, 2.0) 14.0
9 (37.0, 41.0) 27.0
,
0 3 4 2 5 2 2 2 5 5
3 0 7 5 3 5 2 1 7 3
4 7 0 3 8 3 5 6 0 9
2 5 3 0 6 0 3 4 3 7
5 3 8 6 0 7 4 3 8 4
2 5 3 0 7 0 3 4 3 7
2 2 5 3 4 3 0 1 5 5
2 1 6 4 3 4 1 0 6 3
5 7 0 3 8 3 5 6 0 9
5 3 9 7 4 7 5 3 9 0
,
0 12 28 7 13 15 5 13 27 13
18 0 33 19 9 14 8 3 22 15
32 23 0 18 20 12 35 42 1 65
5 14 7 0 30 2 15 19 13 39
15 16 39 31 0 30 20 20 51 29
13 13 12 2 29 0 19 17 8 31
13 11 34 19 11 10 0 7 23 27
11 4 44 25 10 15 6 0 24 21
22 26 1 19 47 10 33 25 0 24
26 18 26 17 16 20 19 10 51 0