2
10
,
0 (27.0, 18.0) 15.0
1 (26.0, 33.0) 23.0
2 (12.0, 2.0) 18.0
3 (23.0, 10.0) 34.0
4 (16.0, 41.0) 33.0
5 (23.0, 8.0) 11.0
6 (21.0, 24.0) 47.0
7 (26.0, 29.0) 26.0
8 (11.0, 2.0) 10.0
9 (37.0, 41.0) 23.0
,
0 3 4 2 5 2 2 2 5 5
3 0 7 5 3 5 2 1 7 3
4 7 0 3 8 3 5 6 0 9
2 5 3 0 6 0 3 4 3 7
5 3 8 6 0 7 4 3 8 4
2 5 3 0 7 0 3 4 3 7
2 2 5 3 4 3 0 1 5 5
2 1 6 4 3 4 1 0 6 3
5 7 0 3 8 3 5 6 0 9
5 3 9 7 4 7 5 3 9 0
,
0 10 26 8 25 13 5 10 14 17
21 0 38 18 13 17 11 6 23 19
29 30 0 11 21 18 12 21 1 35
12 28 15 0 21 2 11 14 19 37
34 12 29 29 0 49 25 21 43 25
9 14 7 2 49 0 21 28 18 29
11 6 14 14 20 18 0 10 32 14
6 3 16 14 16 19 4 0 41 20
24 32 1 11 51 19 18 39 0 26
35 11 31 24 16 46 21 9 49 0