2
10
,
0 (27.0, 18.0) 12.0
1 (26.0, 33.0) 37.0
2 (12.0, 2.0) 34.0
3 (23.0, 10.0) 44.0
4 (16.0, 41.0) 22.0
5 (23.0, 8.0) 27.0
6 (21.0, 24.0) 38.0
7 (26.0, 29.0) 32.0
8 (11.0, 2.0) 17.0
9 (37.0, 41.0) 15.0
,
0 3 4 2 5 2 2 2 5 5
3 0 7 5 3 5 2 1 7 3
4 7 0 3 8 3 5 6 0 9
2 5 3 0 6 0 3 4 3 7
5 3 8 6 0 7 4 3 8 4
2 5 3 0 7 0 3 4 3 7
2 2 5 3 4 3 0 1 5 5
2 1 6 4 3 4 1 0 6 3
5 7 0 3 8 3 5 6 0 9
5 3 9 7 4 7 5 3 9 0
,
0 11 26 9 32 8 11 7 24 22
21 0 34 17 13 25 14 4 48 14
31 42 0 19 25 9 14 33 1 38
12 19 7 0 33 2 21 15 9 25
20 8 40 29 0 33 11 13 21 16
12 30 10 2 41 0 21 30 19 46
9 13 13 20 11 20 0 7 23 15
7 3 19 12 17 22 7 0 16 16
19 31 1 9 22 18 32 21 0 70
35 16 48 24 11 25 26 11 57 0