2
10
,
0 (27.0, 18.0) 45.0
1 (26.0, 33.0) 11.0
2 (12.0, 2.0) 11.0
3 (23.0, 10.0) 18.0
4 (16.0, 41.0) 31.0
5 (23.0, 8.0) 16.0
6 (21.0, 24.0) 29.0
7 (26.0, 29.0) 20.0
8 (11.0, 2.0) 42.0
9 (37.0, 41.0) 13.0
,
0 3 4 2 5 2 2 2 5 5
3 0 7 5 3 5 2 1 7 3
4 7 0 3 8 3 5 6 0 9
2 5 3 0 6 0 3 4 3 7
5 3 8 6 0 7 4 3 8 4
2 5 3 0 7 0 3 4 3 7
2 2 5 3 4 3 0 1 5 5
2 1 6 4 3 4 1 0 6 3
5 7 0 3 8 3 5 6 0 9
5 3 9 7 4 7 5 3 9 0
,
0 8 30 5 13 15 12 16 13 17
9 0 43 29 15 21 10 4 39 14
17 50 0 17 52 9 26 44 1 60
5 18 18 0 27 3 8 19 14 21
31 17 39 43 0 20 14 16 25 21
14 22 8 3 46 0 21 32 16 32
6 11 33 18 25 9 0 5 17 30
10 2 40 15 15 18 7 0 29 20
19 31 1 13 39 12 26 20 0 33
37 7 26 18 11 26 26 17 65 0