2
10
,
0 (27.0, 18.0) 16.0
1 (26.0, 33.0) 35.0
2 (12.0, 2.0) 12.0
3 (23.0, 10.0) 31.0
4 (16.0, 41.0) 33.0
5 (23.0, 8.0) 32.0
6 (21.0, 24.0) 30.0
7 (26.0, 29.0) 11.0
8 (11.0, 2.0) 23.0
9 (37.0, 41.0) 18.0
,
0 3 4 2 5 2 2 2 5 5
3 0 7 5 3 5 2 1 7 3
4 7 0 3 8 3 5 6 0 9
2 5 3 0 6 0 3 4 3 7
5 3 8 6 0 7 4 3 8 4
2 5 3 0 7 0 3 4 3 7
2 2 5 3 4 3 0 1 5 5
2 1 6 4 3 4 1 0 6 3
5 7 0 3 8 3 5 6 0 9
5 3 9 7 4 7 5 3 9 0
,
0 13 27 6 26 7 11 8 22 15
16 0 40 17 12 28 9 2 27 10
21 18 0 9 47 17 30 34 1 48
12 14 15 0 28 2 16 17 17 19
18 16 54 30 0 49 12 15 24 21
14 28 19 2 39 0 15 25 18 36
9 6 16 11 26 18 0 4 24 15
16 3 19 15 13 20 4 0 33 19
25 43 1 20 37 8 30 40 0 24
37 9 52 26 16 33 14 22 64 0