2
10
,
0 (27.0, 18.0) 22.0
1 (26.0, 33.0) 43.0
2 (12.0, 2.0) 47.0
3 (23.0, 10.0) 37.0
4 (16.0, 41.0) 15.0
5 (23.0, 8.0) 38.0
6 (21.0, 24.0) 15.0
7 (26.0, 29.0) 38.0
8 (11.0, 2.0) 31.0
9 (37.0, 41.0) 38.0
,
0 3 4 2 5 2 2 2 5 5
3 0 7 5 3 5 2 1 7 3
4 7 0 3 8 3 5 6 0 9
2 5 3 0 6 0 3 4 3 7
5 3 8 6 0 7 4 3 8 4
2 5 3 0 7 0 3 4 3 7
2 2 5 3 4 3 0 1 5 5
2 1 6 4 3 4 1 0 6 3
5 7 0 3 8 3 5 6 0 9
5 3 9 7 4 7 5 3 9 0
,
0 14 21 11 28 13 6 13 24 14
9 0 37 25 7 28 12 6 35 7
28 32 0 18 52 7 14 24 1 59
7 16 15 0 18 2 7 23 9 42
13 16 51 26 0 43 23 20 36 30
11 26 12 1 46 0 22 18 18 44
9 6 15 17 17 21 0 8 27 21
15 5 28 14 11 25 5 0 41 10
12 38 1 14 20 16 22 24 0 48
27 16 36 23 31 35 15 22 44 0