2
10
,
0 (27.0, 18.0) 23.0
1 (26.0, 33.0) 28.0
2 (12.0, 2.0) 11.0
3 (23.0, 10.0) 10.0
4 (16.0, 41.0) 13.0
5 (23.0, 8.0) 22.0
6 (21.0, 24.0) 37.0
7 (26.0, 29.0) 19.0
8 (11.0, 2.0) 49.0
9 (37.0, 41.0) 45.0
,
0 3 4 2 5 2 2 2 5 5
3 0 7 5 3 5 2 1 7 3
4 7 0 3 8 3 5 6 0 9
2 5 3 0 6 0 3 4 3 7
5 3 8 6 0 7 4 3 8 4
2 5 3 0 7 0 3 4 3 7
2 2 5 3 4 3 0 1 5 5
2 1 6 4 3 4 1 0 6 3
5 7 0 3 8 3 5 6 0 9
5 3 9 7 4 7 5 3 9 0
,
0 22 25 8 22 10 13 16 14 24
21 0 51 14 9 33 11 5 19 14
29 45 0 10 37 17 16 23 1 44
9 33 16 0 30 3 21 26 11 27
21 14 59 31 0 26 10 8 27 12
6 15 16 3 50 0 10 17 18 37
5 12 18 16 25 24 0 5 30 14
11 5 45 19 18 30 4 0 45 22
26 38 1 21 36 11 33 21 0 32
36 18 50 49 19 32 33 15 37 0