2
10
,
0 (27.0, 18.0) 11.0
1 (26.0, 33.0) 46.0
2 (12.0, 2.0) 34.0
3 (23.0, 10.0) 17.0
4 (16.0, 41.0) 26.0
5 (23.0, 8.0) 44.0
6 (21.0, 24.0) 17.0
7 (26.0, 29.0) 48.0
8 (11.0, 2.0) 20.0
9 (37.0, 41.0) 30.0
,
0 3 4 2 5 2 2 2 5 5
3 0 7 5 3 5 2 1 7 3
4 7 0 3 8 3 5 6 0 9
2 5 3 0 6 0 3 4 3 7
5 3 8 6 0 7 4 3 8 4
2 5 3 0 7 0 3 4 3 7
2 2 5 3 4 3 0 1 5 5
2 1 6 4 3 4 1 0 6 3
5 7 0 3 8 3 5 6 0 9
5 3 9 7 4 7 5 3 9 0
,
0 17 22 5 37 6 10 16 22 18
18 0 30 31 12 14 10 4 33 18
20 27 0 10 45 10 27 40 1 57
5 31 15 0 34 3 20 22 7 27
26 14 25 23 0 26 18 17 31 29
14 29 17 1 26 0 23 31 11 26
7 14 32 19 25 13 0 6 23 15
16 3 44 10 19 13 10 0 17 19
13 37 1 11 20 18 23 21 0 60
20 8 43 18 16 19 16 19 47 0