2
10
,
0 (27.0, 18.0) 24.0
1 (26.0, 33.0) 14.0
2 (12.0, 2.0) 23.0
3 (23.0, 10.0) 14.0
4 (16.0, 41.0) 41.0
5 (23.0, 8.0) 19.0
6 (21.0, 24.0) 12.0
7 (26.0, 29.0) 27.0
8 (11.0, 2.0) 44.0
9 (37.0, 41.0) 16.0
,
0 3 4 2 5 2 2 2 5 5
3 0 7 5 3 5 2 1 7 3
4 7 0 3 8 3 5 6 0 9
2 5 3 0 6 0 3 4 3 7
5 3 8 6 0 7 4 3 8 4
2 5 3 0 7 0 3 4 3 7
2 2 5 3 4 3 0 1 5 5
2 1 6 4 3 4 1 0 6 3
5 7 0 3 8 3 5 6 0 9
5 3 9 7 4 7 5 3 9 0
,
0 21 25 8 33 11 6 13 19 31
9 0 39 29 16 27 13 5 38 8
12 33 0 20 47 10 25 20 1 49
8 35 14 0 27 2 21 25 13 48
30 15 30 42 0 23 11 17 53 14
11 19 7 1 35 0 18 22 10 48
6 15 16 20 15 24 0 5 16 32
14 5 34 19 16 26 7 0 43 8
14 31 1 15 54 9 33 39 0 66
27 16 36 26 29 30 15 24 51 0