2
10
,
0 (27.0, 18.0) 34.0
1 (26.0, 33.0) 14.0
2 (12.0, 2.0) 31.0
3 (23.0, 10.0) 10.0
4 (16.0, 41.0) 37.0
5 (23.0, 8.0) 41.0
6 (21.0, 24.0) 15.0
7 (26.0, 29.0) 32.0
8 (11.0, 2.0) 41.0
9 (37.0, 41.0) 12.0
,
0 3 4 2 5 2 2 2 5 5
3 0 7 5 3 5 2 1 7 3
4 7 0 3 8 3 5 6 0 9
2 5 3 0 6 0 3 4 3 7
5 3 8 6 0 7 4 3 8 4
2 5 3 0 7 0 3 4 3 7
2 2 5 3 4 3 0 1 5 5
2 1 6 4 3 4 1 0 6 3
5 7 0 3 8 3 5 6 0 9
5 3 9 7 4 7 5 3 9 0
,
0 8 21 10 21 16 8 14 29 18
17 0 18 13 17 21 11 4 43 13
16 32 0 18 24 17 17 18 1 26
5 21 15 0 17 2 18 25 8 30
32 10 26 33 0 31 14 8 44 29
12 23 17 1 30 0 20 30 17 51
7 6 35 20 19 20 0 11 19 16
9 3 36 20 20 17 7 0 25 14
19 41 1 18 22 13 33 34 0 51
13 10 41 35 28 48 22 9 32 0