2
10
,
0 (27.0, 18.0) 12.0
1 (26.0, 33.0) 30.0
2 (12.0, 2.0) 16.0
3 (23.0, 10.0) 36.0
4 (16.0, 41.0) 38.0
5 (23.0, 8.0) 12.0
6 (21.0, 24.0) 22.0
7 (26.0, 29.0) 18.0
8 (11.0, 2.0) 49.0
9 (37.0, 41.0) 34.0
,
0 3 4 2 5 2 2 2 5 5
3 0 7 5 3 5 2 1 7 3
4 7 0 3 8 3 5 6 0 9
2 5 3 0 6 0 3 4 3 7
5 3 8 6 0 7 4 3 8 4
2 5 3 0 7 0 3 4 3 7
2 2 5 3 4 3 0 1 5 5
2 1 6 4 3 4 1 0 6 3
5 7 0 3 8 3 5 6 0 9
5 3 9 7 4 7 5 3 9 0
,
0 13 13 10 32 9 8 11 18 30
18 0 24 25 13 23 5 5 22 18
32 21 0 14 56 10 26 28 1 33
6 34 13 0 29 3 13 23 17 49
22 11 53 19 0 45 19 19 38 18
8 20 7 1 32 0 20 25 19 53
12 14 25 19 18 8 0 4 19 16
11 3 29 18 14 30 8 0 33 11
22 36 1 16 21 13 31 23 0 58
17 16 37 27 24 34 34 20 27 0