2
10
,
0 (27.0, 18.0) 25.0
1 (26.0, 33.0) 17.0
2 (12.0, 2.0) 10.0
3 (23.0, 10.0) 17.0
4 (16.0, 41.0) 37.0
5 (23.0, 8.0) 20.0
6 (21.0, 24.0) 14.0
7 (26.0, 29.0) 23.0
8 (11.0, 2.0) 15.0
9 (37.0, 41.0) 32.0
,
0 3 4 2 5 2 2 2 5 5
3 0 7 5 3 5 2 1 7 3
4 7 0 3 8 3 5 6 0 9
2 5 3 0 6 0 3 4 3 7
5 3 8 6 0 7 4 3 8 4
2 5 3 0 7 0 3 4 3 7
2 2 5 3 4 3 0 1 5 5
2 1 6 4 3 4 1 0 6 3
5 7 0 3 8 3 5 6 0 9
5 3 9 7 4 7 5 3 9 0
,
0 12 31 8 16 12 7 9 15 35
15 0 27 15 12 29 13 2 37 15
27 27 0 11 31 15 32 40 1 40
13 14 10 0 46 2 14 28 14 37
28 7 55 28 0 18 15 10 42 16
14 24 16 3 27 0 16 20 19 37
5 7 18 10 24 16 0 11 34 28
11 3 39 14 10 22 9 0 32 24
21 22 1 12 42 11 31 27 0 68
16 17 48 17 27 27 27 11 52 0