2
10
,
0 (27.0, 18.0) 18.0
1 (26.0, 33.0) 19.0
2 (12.0, 2.0) 17.0
3 (23.0, 10.0) 27.0
4 (16.0, 41.0) 44.0
5 (23.0, 8.0) 13.0
6 (21.0, 24.0) 49.0
7 (26.0, 29.0) 16.0
8 (11.0, 2.0) 17.0
9 (37.0, 41.0) 21.0
,
0 3 4 2 5 2 2 2 5 5
3 0 7 5 3 5 2 1 7 3
4 7 0 3 8 3 5 6 0 9
2 5 3 0 6 0 3 4 3 7
5 3 8 6 0 7 4 3 8 4
2 5 3 0 7 0 3 4 3 7
2 2 5 3 4 3 0 1 5 5
2 1 6 4 3 4 1 0 6 3
5 7 0 3 8 3 5 6 0 9
5 3 9 7 4 7 5 3 9 0
,
0 19 14 5 34 10 5 12 24 15
12 0 33 15 9 17 6 3 24 19
32 37 0 19 52 9 18 29 1 53
12 17 15 0 39 3 21 26 16 35
26 11 57 20 0 48 10 22 26 16
12 24 9 2 27 0 21 18 10 36
5 11 34 17 21 19 0 8 23 31
7 3 34 11 15 14 4 0 18 11
30 43 1 11 47 10 33 20 0 53
34 19 26 29 16 32 29 20 30 0