2
10
,
0 (27.0, 18.0) 12.0
1 (26.0, 33.0) 18.0
2 (12.0, 2.0) 35.0
3 (23.0, 10.0) 12.0
4 (16.0, 41.0) 20.0
5 (23.0, 8.0) 11.0
6 (21.0, 24.0) 31.0
7 (26.0, 29.0) 18.0
8 (11.0, 2.0) 43.0
9 (37.0, 41.0) 14.0
,
0 3 4 2 5 2 2 2 5 5
3 0 7 5 3 5 2 1 7 3
4 7 0 3 8 3 5 6 0 9
2 5 3 0 6 0 3 4 3 7
5 3 8 6 0 7 4 3 8 4
2 5 3 0 7 0 3 4 3 7
2 2 5 3 4 3 0 1 5 5
2 1 6 4 3 4 1 0 6 3
5 7 0 3 8 3 5 6 0 9
5 3 9 7 4 7 5 3 9 0
,
0 20 33 7 16 13 4 13 30 34
13 0 48 12 10 20 6 3 33 9
16 49 0 17 55 11 35 21 1 60
13 20 19 0 19 2 13 15 20 32
22 16 49 18 0 33 16 23 58 27
12 21 19 1 39 0 14 28 10 48
9 5 35 20 17 22 0 6 31 21
13 2 28 20 10 12 4 0 32 19
20 21 1 9 31 13 16 22 0 39
24 19 51 23 26 24 18 20 69 0