2
10
,
0 (27.0, 18.0) 20.0
1 (26.0, 33.0) 18.0
2 (12.0, 2.0) 19.0
3 (23.0, 10.0) 40.0
4 (16.0, 41.0) 17.0
5 (23.0, 8.0) 29.0
6 (21.0, 24.0) 20.0
7 (26.0, 29.0) 13.0
8 (11.0, 2.0) 28.0
9 (37.0, 41.0) 41.0
,
0 3 4 2 5 2 2 2 5 5
3 0 7 5 3 5 2 1 7 3
4 7 0 3 8 3 5 6 0 9
2 5 3 0 6 0 3 4 3 7
5 3 8 6 0 7 4 3 8 4
2 5 3 0 7 0 3 4 3 7
2 2 5 3 4 3 0 1 5 5
2 1 6 4 3 4 1 0 6 3
5 7 0 3 8 3 5 6 0 9
5 3 9 7 4 7 5 3 9 0
,
0 13 31 6 21 8 8 11 32 31
19 0 19 17 14 31 15 3 26 9
32 33 0 11 21 18 33 43 1 59
12 14 9 0 27 2 10 14 14 36
33 14 42 26 0 37 23 23 46 11
14 20 17 3 41 0 10 22 9 40
8 11 17 8 14 21 0 8 14 14
10 5 39 18 21 12 7 0 30 23
33 25 1 19 50 13 19 28 0 25
22 20 34 26 15 31 21 19 40 0