5
30
,
0 (15.0, 8.0) 75.0
1 (14.0, 1.0) 31.0
2 (47.0, 3.0) 67.0
3 (24.0, 13.0) 40.0
4 (0.0, 41.0) 32.0
5 (22.0, 4.0) 78.0
6 (34.0, 3.0) 41.0
7 (5.0, 6.0) 46.0
8 (33.0, 25.0) 33.0
9 (29.0, 18.0) 64.0
10 (27.0, 1.0) 53.0
11 (21.0, 36.0) 39.0
12 (15.0, 6.0) 66.0
13 (28.0, 24.0) 45.0
14 (6.0, 4.0) 47.0
15 (48.0, 5.0) 69.0
16 (48.0, 24.0) 45.0
17 (25.0, 3.0) 67.0
18 (35.0, 10.0) 31.0
19 (45.0, 24.0) 30.0
20 (49.0, 44.0) 31.0
21 (50.0, 5.0) 46.0
22 (16.0, 29.0) 45.0
23 (19.0, 26.0) 43.0
24 (17.0, 45.0) 81.0
25 (5.0, 30.0) 34.0
26 (32.0, 18.0) 46.0
27 (32.0, 37.0) 83.0
28 (2.0, 42.0) 68.0
29 (39.0, 17.0) 70.0
,
0 8 7 24 14 20 11 17 4 21 17 14 21 8 18 4 24 27 13 18 26 33 25 17 16 24 15 18 24 21 21 0
8 0 4 16 5 18 4 10 5 12 9 7 14 1 10 5 17 18 6 10 17 25 18 11 9 19 12 10 17 18 13 8
7 4 0 17 8 21 4 10 5 15 11 6 18 3 13 4 17 21 6 11 19 28 18 14 13 22 15 12 20 21 15 7
24 16 17 0 13 30 13 6 21 13 12 10 21 16 14 21 1 11 11 7 11 21 2 20 18 26 25 11 19 30 8 24
14 5 8 13 0 18 5 7 10 8 4 6 12 6 6 10 13 13 5 6 12 20 14 9 7 16 13 5 13 18 8 14
20 18 21 30 18 0 22 25 18 18 19 24 11 19 16 19 30 25 23 23 24 25 31 10 12 9 6 20 16 1 23 20
11 4 4 13 5 22 0 6 9 12 8 3 16 4 10 8 13 16 2 7 15 24 14 13 11 21 16 9 17 21 11 11
17 10 10 6 7 25 6 0 15 11 8 4 18 10 11 14 7 13 4 4 12 22 8 16 14 23 20 8 17 25 7 17
4 5 5 21 10 18 9 15 0 17 13 11 17 5 15 1 22 23 10 15 22 29 23 13 12 20 12 15 21 18 18 4
21 12 15 13 8 18 12 11 17 0 4 12 8 13 3 17 12 8 12 8 6 12 13 9 7 13 14 4 6 18 5 21
17 9 11 12 4 19 8 8 13 4 0 9 10 9 3 13 12 10 8 5 9 16 12 9 6 15 13 2 10 18 5 17
14 7 6 10 6 24 3 4 11 12 9 0 18 6 12 11 11 16 1 6 15 24 12 15 13 23 18 9 18 24 10 14
21 14 18 21 12 11 16 18 17 8 10 18 0 15 7 18 21 15 17 15 13 15 21 4 5 5 9 11 6 10 13 21
8 1 3 16 6 19 4 10 5 13 9 6 15 0 11 5 17 19 5 10 17 25 18 12 10 20 13 10 18 19 13 8
18 10 13 14 6 16 10 11 15 3 3 12 7 11 0 15 14 10 11 8 8 14 15 6 5 12 12 4 7 16 7 18
4 5 4 21 10 19 8 14 1 17 13 11 18 5 15 0 21 23 10 15 22 29 22 13 13 21 13 15 21 19 18 4
24 17 17 1 13 30 13 7 22 12 12 11 21 17 14 21 0 10 12 7 10 20 1 20 18 25 25 10 18 30 8 24
27 18 21 11 13 25 16 13 23 8 10 16 15 19 10 23 10 0 16 10 2 10 10 16 15 19 22 9 10 25 6 27
13 6 6 11 5 23 2 4 10 12 8 1 17 5 11 10 12 16 0 6 14 24 13 14 12 21 17 8 17 23 10 13
18 10 11 7 6 23 7 4 15 8 5 6 15 10 8 15 7 10 6 0 9 18 8 13 11 20 18 4 14 23 4 18
26 17 19 11 12 24 15 12 22 6 9 15 13 17 8 22 10 2 14 9 0 10 10 15 13 18 20 7 9 23 5 26
33 25 28 21 20 25 24 22 29 12 16 24 15 25 14 29 20 10 24 18 10 0 20 18 17 16 23 16 9 24 14 33
25 18 18 2 14 31 14 8 23 13 12 12 21 18 15 22 1 10 13 8 10 20 0 21 19 26 26 11 18 30 8 25
17 11 14 20 9 10 13 16 13 9 9 15 4 12 6 13 20 16 14 13 15 18 21 0 2 8 6 10 9 10 13 17
16 9 13 18 7 12 11 14 12 7 6 13 5 10 5 13 18 15 12 11 13 17 19 2 0 10 7 8 9 12 11 16
24 19 22 26 16 9 21 23 20 13 15 23 5 20 12 21 25 19 21 20 18 16 26 8 10 0 10 15 8 8 18 24
15 12 15 25 13 6 16 20 12 14 13 18 9 13 12 13 25 22 17 18 20 23 26 6 7 10 0 15 14 6 18 15
18 10 12 11 5 20 9 8 15 4 2 9 11 10 4 15 10 9 8 4 7 16 11 10 8 15 15 0 10 19 4 18
24 17 20 19 13 16 17 17 21 6 10 18 6 18 7 21 18 10 17 14 9 9 18 9 9 8 14 10 0 15 11 24
21 18 21 30 18 1 21 25 18 18 18 24 10 19 16 19 30 25 23 23 23 24 30 10 12 8 6 19 15 0 22 21
21 13 15 8 8 23 11 7 18 5 5 10 13 13 7 18 8 6 10 4 5 14 8 13 11 18 18 4 11 22 0 21
0 8 7 24 14 20 11 17 4 21 17 14 21 8 18 4 24 27 13 18 26 33 25 17 16 24 15 18 24 21 21 0
,
0 17 15 41 16 55 22 21 9 40 31 16 54 22 34 4 52 47 28 44 74 51 26 31 28 51 40 54 42 51 23 0
23 0 8 34 13 41 9 24 8 29 24 19 17 2 19 13 22 38 6 24 37 38 51 28 10 51 27 15 20 20 21 19
13 9 0 39 18 54 7 26 9 15 24 10 32 3 26 9 40 28 8 21 37 80 19 21 26 63 37 32 44 57 34 12
60 47 48 0 17 51 30 18 37 21 17 22 52 39 30 61 2 21 23 13 26 62 4 24 51 54 48 12 34 65 10 46
31 9 14 19 0 44 6 13 13 15 6 14 34 15 7 14 21 25 6 15 35 52 27 25 9 39 13 13 21 26 19 27
42 49 53 82 47 0 51 67 39 27 40 36 12 55 47 28 59 73 67 67 64 69 55 24 23 22 8 39 46 3 28 31
24 11 13 27 6 38 0 16 9 14 20 8 23 9 16 9 38 38 3 11 16 38 33 24 25 44 18 16 42 38 23 27
37 10 12 16 17 35 9 0 43 28 23 9 35 19 19 32 16 28 11 7 33 56 23 20 19 29 52 14 37 33 21 45
6 12 14 31 19 42 11 31 0 23 37 34 39 8 18 3 25 44 14 38 55 37 44 16 30 51 31 40 50 24 52 6
30 36 31 38 11 33 16 20 22 0 12 18 17 28 7 39 28 11 16 21 16 26 34 10 19 14 17 7 11 52 7 49
27 17 13 30 6 31 23 20 26 9 0 16 29 17 3 26 22 11 14 7 21 23 14 25 11 18 18 4 15 34 8 19
18 15 14 27 17 51 3 6 18 20 16 0 47 10 33 27 11 37 4 13 32 37 32 44 20 63 33 26 31 28 15 16
43 38 46 52 13 26 21 50 48 9 28 36 0 39 17 22 47 35 19 44 31 32 51 12 14 5 21 24 9 29 26 47
12 2 4 42 8 27 5 24 15 14 23 19 40 0 20 7 37 52 7 13 26 49 32 27 22 36 19 27 35 30 34 22
44 16 39 38 10 21 12 20 39 3 5 32 12 25 0 17 17 28 28 11 10 39 17 12 7 29 28 5 10 42 8 35
10 6 5 40 25 48 23 40 3 28 40 19 19 13 32 0 49 66 25 18 65 29 47 22 33 54 24 22 54 22 19 4
51 28 51 3 33 83 19 21 44 22 20 27 34 41 32 25 0 14 23 17 23 27 1 50 47 28 54 23 32 75 14 29
47 46 32 30 31 38 24 32 29 13 18 36 37 56 19 33 12 0 36 19 2 30 10 41 32 56 26 11 20 49 8 57
30 15 7 22 13 41 4 5 13 13 12 3 42 12 30 11 22 40 0 13 43 25 13 35 21 49 41 15 42 25 22 20
35 27 32 13 14 55 11 6 17 15 11 15 43 26 10 25 11 26 16 0 16 29 23 32 14 41 49 10 37 67 9 25
66 37 20 29 25 25 18 24 38 16 19 26 33 21 17 23 20 2 17 13 0 15 19 40 30 38 34 17 20 48 14 58
63 28 32 34 30 32 45 46 41 31 48 31 32 64 18 59 46 22 24 19 11 0 39 24 21 38 60 23 12 36 33 39
75 47 45 2 25 62 14 21 62 16 25 30 34 28 38 60 2 16 21 13 24 44 0 56 28 46 56 28 43 32 12 35
35 29 34 24 12 29 23 41 24 16 18 42 13 20 16 14 23 45 17 14 18 43 54 0 5 18 13 11 9 18 29 44
16 17 26 50 10 27 13 40 27 11 18 22 13 22 9 29 33 27 19 14 36 35 24 4 0 12 18 18 20 20 11 35
62 22 56 35 25 9 37 57 50 15 16 45 13 39 20 34 42 25 48 55 43 37 48 17 17 0 10 29 10 10 37 51
25 31 31 68 16 16 46 59 16 19 24 24 11 28 21 38 57 61 17 43 24 39 31 16 9 15 0 25 36 15 29 41
46 19 21 25 7 56 26 10 38 9 2 15 27 28 9 43 23 20 11 11 13 29 27 21 15 43 28 0 25 22 7 38
62 24 40 54 37 24 50 21 33 14 21 48 11 42 14 35 48 30 37 34 11 17 38 24 25 23 32 11 0 20 21 41
47 52 40 45 38 3 56 28 44 33 48 53 25 36 47 50 72 40 39 34 66 31 61 26 21 22 7 32 23 0 38 58
33 23 16 17 19 40 29 20 43 12 9 22 22 25 19 46 12 7 24 12 9 27 22 27 26 18 40 10 21 27 0 59
0 15 18 63 20 24 19 31 6 51 24 33 31 9 32 11 52 56 22 20 66 57 34 24 43 63 42 46 73 27 23 0