5
30
,
0 (15.0, 8.0) 36.0
1 (14.0, 1.0) 88.0
2 (47.0, 3.0) 80.0
3 (24.0, 13.0) 63.0
4 (0.0, 41.0) 76.0
5 (22.0, 4.0) 46.0
6 (34.0, 3.0) 48.0
7 (5.0, 6.0) 35.0
8 (33.0, 25.0) 67.0
9 (29.0, 18.0) 31.0
10 (27.0, 1.0) 85.0
11 (21.0, 36.0) 86.0
12 (15.0, 6.0) 59.0
13 (28.0, 24.0) 88.0
14 (6.0, 4.0) 53.0
15 (48.0, 5.0) 32.0
16 (48.0, 24.0) 79.0
17 (25.0, 3.0) 50.0
18 (35.0, 10.0) 58.0
19 (45.0, 24.0) 56.0
20 (49.0, 44.0) 62.0
21 (50.0, 5.0) 60.0
22 (16.0, 29.0) 76.0
23 (19.0, 26.0) 46.0
24 (17.0, 45.0) 50.0
25 (5.0, 30.0) 40.0
26 (32.0, 18.0) 39.0
27 (32.0, 37.0) 66.0
28 (2.0, 42.0) 44.0
29 (39.0, 17.0) 37.0
,
0 8 7 24 14 20 11 17 4 21 17 14 21 8 18 4 24 27 13 18 26 33 25 17 16 24 15 18 24 21 21 0
8 0 4 16 5 18 4 10 5 12 9 7 14 1 10 5 17 18 6 10 17 25 18 11 9 19 12 10 17 18 13 8
7 4 0 17 8 21 4 10 5 15 11 6 18 3 13 4 17 21 6 11 19 28 18 14 13 22 15 12 20 21 15 7
24 16 17 0 13 30 13 6 21 13 12 10 21 16 14 21 1 11 11 7 11 21 2 20 18 26 25 11 19 30 8 24
14 5 8 13 0 18 5 7 10 8 4 6 12 6 6 10 13 13 5 6 12 20 14 9 7 16 13 5 13 18 8 14
20 18 21 30 18 0 22 25 18 18 19 24 11 19 16 19 30 25 23 23 24 25 31 10 12 9 6 20 16 1 23 20
11 4 4 13 5 22 0 6 9 12 8 3 16 4 10 8 13 16 2 7 15 24 14 13 11 21 16 9 17 21 11 11
17 10 10 6 7 25 6 0 15 11 8 4 18 10 11 14 7 13 4 4 12 22 8 16 14 23 20 8 17 25 7 17
4 5 5 21 10 18 9 15 0 17 13 11 17 5 15 1 22 23 10 15 22 29 23 13 12 20 12 15 21 18 18 4
21 12 15 13 8 18 12 11 17 0 4 12 8 13 3 17 12 8 12 8 6 12 13 9 7 13 14 4 6 18 5 21
17 9 11 12 4 19 8 8 13 4 0 9 10 9 3 13 12 10 8 5 9 16 12 9 6 15 13 2 10 18 5 17
14 7 6 10 6 24 3 4 11 12 9 0 18 6 12 11 11 16 1 6 15 24 12 15 13 23 18 9 18 24 10 14
21 14 18 21 12 11 16 18 17 8 10 18 0 15 7 18 21 15 17 15 13 15 21 4 5 5 9 11 6 10 13 21
8 1 3 16 6 19 4 10 5 13 9 6 15 0 11 5 17 19 5 10 17 25 18 12 10 20 13 10 18 19 13 8
18 10 13 14 6 16 10 11 15 3 3 12 7 11 0 15 14 10 11 8 8 14 15 6 5 12 12 4 7 16 7 18
4 5 4 21 10 19 8 14 1 17 13 11 18 5 15 0 21 23 10 15 22 29 22 13 13 21 13 15 21 19 18 4
24 17 17 1 13 30 13 7 22 12 12 11 21 17 14 21 0 10 12 7 10 20 1 20 18 25 25 10 18 30 8 24
27 18 21 11 13 25 16 13 23 8 10 16 15 19 10 23 10 0 16 10 2 10 10 16 15 19 22 9 10 25 6 27
13 6 6 11 5 23 2 4 10 12 8 1 17 5 11 10 12 16 0 6 14 24 13 14 12 21 17 8 17 23 10 13
18 10 11 7 6 23 7 4 15 8 5 6 15 10 8 15 7 10 6 0 9 18 8 13 11 20 18 4 14 23 4 18
26 17 19 11 12 24 15 12 22 6 9 15 13 17 8 22 10 2 14 9 0 10 10 15 13 18 20 7 9 23 5 26
33 25 28 21 20 25 24 22 29 12 16 24 15 25 14 29 20 10 24 18 10 0 20 18 17 16 23 16 9 24 14 33
25 18 18 2 14 31 14 8 23 13 12 12 21 18 15 22 1 10 13 8 10 20 0 21 19 26 26 11 18 30 8 25
17 11 14 20 9 10 13 16 13 9 9 15 4 12 6 13 20 16 14 13 15 18 21 0 2 8 6 10 9 10 13 17
16 9 13 18 7 12 11 14 12 7 6 13 5 10 5 13 18 15 12 11 13 17 19 2 0 10 7 8 9 12 11 16
24 19 22 26 16 9 21 23 20 13 15 23 5 20 12 21 25 19 21 20 18 16 26 8 10 0 10 15 8 8 18 24
15 12 15 25 13 6 16 20 12 14 13 18 9 13 12 13 25 22 17 18 20 23 26 6 7 10 0 15 14 6 18 15
18 10 12 11 5 20 9 8 15 4 2 9 11 10 4 15 10 9 8 4 7 16 11 10 8 15 15 0 10 19 4 18
24 17 20 19 13 16 17 17 21 6 10 18 6 18 7 21 18 10 17 14 9 9 18 9 9 8 14 10 0 15 11 24
21 18 21 30 18 1 21 25 18 18 18 24 10 19 16 19 30 25 23 23 23 24 30 10 12 8 6 19 15 0 22 21
21 13 15 8 8 23 11 7 18 5 5 10 13 13 7 18 8 6 10 4 5 14 8 13 11 18 18 4 11 22 0 21
0 8 7 24 14 20 11 17 4 21 17 14 21 8 18 4 24 27 13 18 26 33 25 17 16 24 15 18 24 21 21 0
,
0 17 10 31 36 56 14 47 7 52 33 18 55 18 23 9 34 53 15 53 66 79 73 28 35 57 35 19 55 54 55 0
9 0 6 37 8 46 7 12 10 24 11 20 20 1 12 15 24 39 7 19 28 28 44 26 21 40 32 11 49 54 19 24
15 11 0 48 14 30 9 30 15 20 29 10 35 3 32 11 20 55 6 32 19 74 42 24 20 46 38 27 35 53 28 20
33 24 49 0 26 77 15 14 60 30 21 11 46 32 15 21 2 27 16 8 25 24 3 34 31 65 28 23 24 76 14 56
16 10 15 13 0 50 11 16 26 17 10 18 34 8 11 27 37 31 7 14 19 56 14 18 19 22 13 7 32 30 12 29
48 26 41 59 44 0 27 46 30 48 48 35 15 50 36 48 57 71 57 26 65 64 41 12 18 18 11 23 32 1 47 46
14 11 9 27 5 45 0 14 9 15 19 8 45 5 13 9 36 24 2 9 24 59 42 31 29 35 32 24 39 36 11 26
47 22 16 19 13 66 18 0 25 23 11 4 46 12 30 15 14 16 10 6 21 28 20 35 30 51 36 13 46 27 14 19
5 7 10 47 26 29 17 16 0 34 16 24 26 10 30 1 27 48 26 30 65 39 53 23 14 57 16 39 59 35 18 6
50 35 43 19 22 19 22 18 28 0 6 24 17 32 5 24 13 19 29 14 13 31 23 15 16 22 38 6 16 46 13 58
39 18 12 23 4 42 15 12 40 10 0 16 25 16 4 38 27 28 9 11 22 23 15 20 9 40 37 3 16 26 6 47
15 13 19 26 7 67 5 9 30 27 19 0 45 7 29 26 17 46 3 14 29 65 28 34 32 34 48 18 26 66 24 27
39 30 48 40 33 17 32 23 23 12 28 33 0 45 10 49 50 19 27 42 19 21 60 10 14 14 12 27 10 18 39 21
15 2 5 47 12 53 6 12 14 39 24 15 34 0 12 7 44 47 11 22 32 37 30 12 15 31 25 15 21 53 29 21
47 22 32 26 17 17 14 17 23 3 7 14 9 17 0 29 30 14 16 19 11 22 17 9 12 20 25 6 19 25 7 32
11 15 7 59 17 37 15 30 1 46 24 15 19 12 30 0 48 66 26 32 44 44 56 32 27 32 15 35 27 52 27 6
29 19 29 1 15 62 24 14 46 37 21 29 43 30 23 21 0 15 29 15 28 52 3 21 52 48 31 18 28 67 8 56
45 41 48 16 34 32 39 36 37 10 13 36 20 23 30 57 25 0 33 20 3 29 19 40 33 24 34 11 28 39 14 79
37 15 15 23 9 43 3 12 27 18 17 2 28 12 22 20 16 22 0 13 39 61 16 29 29 54 48 13 47 59 12 34
51 14 20 20 10 54 11 4 20 20 10 9 33 22 20 39 14 17 18 0 13 42 21 23 19 34 33 10 37 51 8 31
42 24 37 27 19 57 37 19 26 9 18 40 16 51 22 29 12 2 42 26 0 13 28 17 21 44 53 14 22 67 11 63
91 55 57 22 50 36 67 28 84 23 27 68 26 52 18 43 55 19 32 28 19 0 35 41 52 40 54 33 27 44 18 63
33 52 23 2 28 37 36 16 49 30 24 14 51 22 15 42 1 25 26 13 14 51 0 51 28 69 28 28 22 79 21 75
41 25 34 32 26 30 18 16 27 12 19 42 10 32 10 40 33 35 14 36 15 20 24 0 4 17 11 14 14 25 14 23
45 9 38 22 9 20 22 19 25 18 10 19 10 21 10 31 49 23 13 20 19 36 27 6 0 20 18 19 16 24 13 17
63 24 38 39 23 12 45 54 27 37 23 25 7 24 35 24 44 33 37 28 33 27 53 13 11 0 15 44 19 16 51 48
17 17 35 41 29 15 21 57 19 28 19 25 25 27 12 28 38 43 28 33 54 34 72 11 11 24 0 29 20 17 49 39
37 16 17 29 10 44 24 18 35 8 2 23 19 24 4 27 17 16 22 6 7 20 33 25 8 31 15 0 19 22 8 39
38 49 46 50 26 21 46 33 46 15 24 39 11 36 15 23 31 19 23 17 17 16 38 21 21 18 39 17 0 21 25 41
58 31 64 61 26 1 25 66 34 35 40 72 26 27 17 25 38 60 36 28 47 52 60 19 21 16 16 28 38 0 38 56
54 23 16 23 15 45 16 14 37 13 15 16 24 18 17 28 14 9 10 9 9 33 12 16 15 27 20 7 32 51 0 24
0 13 11 28 21 54 27 24 8 59 29 35 35 13 39 10 47 42 21 26 72 72 27 29 39 29 26 30 31 60 51 0