5
30
,
0 (15.0, 8.0) 89.0
1 (14.0, 1.0) 39.0
2 (47.0, 3.0) 79.0
3 (24.0, 13.0) 52.0
4 (0.0, 41.0) 40.0
5 (22.0, 4.0) 67.0
6 (34.0, 3.0) 78.0
7 (5.0, 6.0) 41.0
8 (33.0, 25.0) 44.0
9 (29.0, 18.0) 71.0
10 (27.0, 1.0) 59.0
11 (21.0, 36.0) 55.0
12 (15.0, 6.0) 61.0
13 (28.0, 24.0) 72.0
14 (6.0, 4.0) 41.0
15 (48.0, 5.0) 31.0
16 (48.0, 24.0) 51.0
17 (25.0, 3.0) 58.0
18 (35.0, 10.0) 82.0
19 (45.0, 24.0) 50.0
20 (49.0, 44.0) 60.0
21 (50.0, 5.0) 33.0
22 (16.0, 29.0) 37.0
23 (19.0, 26.0) 57.0
24 (17.0, 45.0) 87.0
25 (5.0, 30.0) 36.0
26 (32.0, 18.0) 48.0
27 (32.0, 37.0) 32.0
28 (2.0, 42.0) 68.0
29 (39.0, 17.0) 82.0
,
0 8 7 24 14 20 11 17 4 21 17 14 21 8 18 4 24 27 13 18 26 33 25 17 16 24 15 18 24 21 21 0
8 0 4 16 5 18 4 10 5 12 9 7 14 1 10 5 17 18 6 10 17 25 18 11 9 19 12 10 17 18 13 8
7 4 0 17 8 21 4 10 5 15 11 6 18 3 13 4 17 21 6 11 19 28 18 14 13 22 15 12 20 21 15 7
24 16 17 0 13 30 13 6 21 13 12 10 21 16 14 21 1 11 11 7 11 21 2 20 18 26 25 11 19 30 8 24
14 5 8 13 0 18 5 7 10 8 4 6 12 6 6 10 13 13 5 6 12 20 14 9 7 16 13 5 13 18 8 14
20 18 21 30 18 0 22 25 18 18 19 24 11 19 16 19 30 25 23 23 24 25 31 10 12 9 6 20 16 1 23 20
11 4 4 13 5 22 0 6 9 12 8 3 16 4 10 8 13 16 2 7 15 24 14 13 11 21 16 9 17 21 11 11
17 10 10 6 7 25 6 0 15 11 8 4 18 10 11 14 7 13 4 4 12 22 8 16 14 23 20 8 17 25 7 17
4 5 5 21 10 18 9 15 0 17 13 11 17 5 15 1 22 23 10 15 22 29 23 13 12 20 12 15 21 18 18 4
21 12 15 13 8 18 12 11 17 0 4 12 8 13 3 17 12 8 12 8 6 12 13 9 7 13 14 4 6 18 5 21
17 9 11 12 4 19 8 8 13 4 0 9 10 9 3 13 12 10 8 5 9 16 12 9 6 15 13 2 10 18 5 17
14 7 6 10 6 24 3 4 11 12 9 0 18 6 12 11 11 16 1 6 15 24 12 15 13 23 18 9 18 24 10 14
21 14 18 21 12 11 16 18 17 8 10 18 0 15 7 18 21 15 17 15 13 15 21 4 5 5 9 11 6 10 13 21
8 1 3 16 6 19 4 10 5 13 9 6 15 0 11 5 17 19 5 10 17 25 18 12 10 20 13 10 18 19 13 8
18 10 13 14 6 16 10 11 15 3 3 12 7 11 0 15 14 10 11 8 8 14 15 6 5 12 12 4 7 16 7 18
4 5 4 21 10 19 8 14 1 17 13 11 18 5 15 0 21 23 10 15 22 29 22 13 13 21 13 15 21 19 18 4
24 17 17 1 13 30 13 7 22 12 12 11 21 17 14 21 0 10 12 7 10 20 1 20 18 25 25 10 18 30 8 24
27 18 21 11 13 25 16 13 23 8 10 16 15 19 10 23 10 0 16 10 2 10 10 16 15 19 22 9 10 25 6 27
13 6 6 11 5 23 2 4 10 12 8 1 17 5 11 10 12 16 0 6 14 24 13 14 12 21 17 8 17 23 10 13
18 10 11 7 6 23 7 4 15 8 5 6 15 10 8 15 7 10 6 0 9 18 8 13 11 20 18 4 14 23 4 18
26 17 19 11 12 24 15 12 22 6 9 15 13 17 8 22 10 2 14 9 0 10 10 15 13 18 20 7 9 23 5 26
33 25 28 21 20 25 24 22 29 12 16 24 15 25 14 29 20 10 24 18 10 0 20 18 17 16 23 16 9 24 14 33
25 18 18 2 14 31 14 8 23 13 12 12 21 18 15 22 1 10 13 8 10 20 0 21 19 26 26 11 18 30 8 25
17 11 14 20 9 10 13 16 13 9 9 15 4 12 6 13 20 16 14 13 15 18 21 0 2 8 6 10 9 10 13 17
16 9 13 18 7 12 11 14 12 7 6 13 5 10 5 13 18 15 12 11 13 17 19 2 0 10 7 8 9 12 11 16
24 19 22 26 16 9 21 23 20 13 15 23 5 20 12 21 25 19 21 20 18 16 26 8 10 0 10 15 8 8 18 24
15 12 15 25 13 6 16 20 12 14 13 18 9 13 12 13 25 22 17 18 20 23 26 6 7 10 0 15 14 6 18 15
18 10 12 11 5 20 9 8 15 4 2 9 11 10 4 15 10 9 8 4 7 16 11 10 8 15 15 0 10 19 4 18
24 17 20 19 13 16 17 17 21 6 10 18 6 18 7 21 18 10 17 14 9 9 18 9 9 8 14 10 0 15 11 24
21 18 21 30 18 1 21 25 18 18 18 24 10 19 16 19 30 25 23 23 23 24 30 10 12 8 6 19 15 0 22 21
21 13 15 8 8 23 11 7 18 5 5 10 13 13 7 18 8 6 10 4 5 14 8 13 11 18 18 4 11 22 0 21
0 8 7 24 14 20 11 17 4 21 17 14 21 8 18 4 24 27 13 18 26 33 25 17 16 24 15 18 24 21 21 0
,
0 13 13 65 19 34 30 21 9 56 38 28 33 10 36 8 60 40 31 48 35 71 70 22 35 25 16 53 34 31 47 0
15 0 4 34 14 53 6 21 7 24 23 13 27 3 21 10 48 31 16 14 44 51 21 28 21 52 21 10 23 26 15 14
13 8 0 20 18 46 9 17 8 17 17 17 26 5 18 12 42 51 10 32 26 82 18 23 34 62 35 25 29 44 23 21
27 48 26 0 29 88 24 7 60 32 32 22 42 39 36 36 2 21 12 15 13 57 4 31 37 30 40 17 30 65 20 49
39 13 8 23 0 46 11 12 24 15 8 9 29 10 17 20 20 31 13 14 14 60 20 25 12 40 19 5 15 31 11 40
23 52 26 35 19 0 24 62 31 40 28 28 28 25 19 37 63 75 35 51 49 47 88 25 30 11 14 46 32 2 32 39
25 12 12 31 7 44 0 15 14 19 16 3 30 10 12 20 18 19 2 14 22 69 20 20 21 41 17 10 32 24 25 13
19 24 26 12 19 33 7 0 32 19 22 8 47 22 19 29 15 27 9 8 22 55 15 26 33 35 29 12 27 33 19 32
8 6 12 35 19 30 24 40 0 18 17 25 36 6 28 1 40 34 29 27 34 45 48 34 22 53 21 16 59 26 52 9
27 34 40 16 8 19 24 24 35 0 7 18 10 37 7 37 22 12 29 10 16 36 28 16 17 30 17 4 8 35 13 60
18 25 18 34 5 32 8 20 15 5 0 16 14 25 6 16 23 17 14 11 10 29 35 21 13 26 40 2 23 23 13 31
16 9 18 23 14 34 7 10 11 19 23 0 29 10 26 29 15 35 3 9 42 61 21 23 26 54 26 26 27 44 30 28
61 32 52 47 24 20 32 46 24 20 12 21 0 22 13 44 61 26 20 29 21 19 24 13 8 14 24 16 12 10 15 47
17 3 3 31 9 46 6 13 12 27 19 7 20 0 12 6 34 34 13 30 38 73 50 15 15 27 28 16 24 32 18 21
53 23 15 36 13 31 13 23 42 8 6 27 13 21 0 26 19 24 31 8 16 39 39 16 8 24 16 10 20 27 19 47
6 7 5 47 12 35 18 16 3 25 34 21 39 10 32 0 35 42 10 33 57 62 34 39 28 39 30 23 36 21 41 8
43 23 19 2 17 90 30 17 47 37 28 20 50 38 17 27 0 21 20 10 10 35 3 34 48 44 55 22 44 66 21 50
62 39 27 16 23 71 46 35 56 21 13 16 43 19 22 68 12 0 34 12 4 17 14 37 32 54 57 15 22 35 9 77
34 8 15 21 11 63 3 6 25 30 11 2 49 11 27 22 22 27 0 8 24 26 13 18 26 37 29 12 48 64 25 30
31 15 16 15 14 39 12 5 39 12 8 7 26 12 14 22 13 16 7 0 14 39 23 27 29 50 41 11 31 45 11 47
54 45 34 23 25 34 42 32 52 15 17 41 14 22 14 62 17 3 19 14 0 30 17 22 35 47 39 11 26 52 6 42
75 66 42 40 55 63 31 44 61 24 25 50 35 33 39 72 20 17 26 26 24 0 53 32 48 16 48 17 26 67 28 67
55 35 52 5 15 75 36 16 45 36 31 25 42 47 28 25 3 15 14 15 23 37 0 22 30 60 36 29 48 81 17 31
39 28 32 58 15 14 14 46 22 20 23 44 7 32 10 33 54 45 30 40 16 32 43 0 5 14 6 23 18 20 39 22
29 19 32 39 11 23 16 36 13 14 10 14 12 30 7 30 49 42 22 29 16 49 27 4 0 22 13 16 18 14 12 42
31 43 37 34 42 10 50 48 28 31 17 67 11 53 12 28 34 23 45 34 52 19 63 14 28 0 11 29 23 23 26 41
41 18 35 35 24 16 36 21 22 36 27 25 16 24 19 19 34 35 46 35 58 64 56 14 18 12 0 37 21 12 29 25
22 19 14 11 10 47 18 12 17 8 3 10 31 25 4 42 20 15 9 8 14 45 32 11 16 24 24 0 15 40 4 39
63 27 33 29 28 28 19 30 61 8 26 44 15 52 11 59 22 18 20 21 17 14 25 10 21 10 32 24 0 44 14 35
34 49 61 51 39 2 59 37 19 34 21 37 25 25 21 39 87 29 34 42 30 34 61 16 35 11 18 41 35 0 37 43
24 18 41 8 13 25 26 16 52 12 8 13 18 19 15 21 13 10 16 10 10 36 24 17 29 33 33 5 25 43 0 48
0 22 11 38 14 42 32 36 9 44 44 34 28 22 32 10 61 39 34 38 63 54 29 39 42 58 34 38 43 35 33 0