5
30
,
0 (15.0, 8.0) 38.0
1 (14.0, 1.0) 69.0
2 (47.0, 3.0) 39.0
3 (24.0, 13.0) 44.0
4 (0.0, 41.0) 80.0
5 (22.0, 4.0) 63.0
6 (34.0, 3.0) 36.0
7 (5.0, 6.0) 54.0
8 (33.0, 25.0) 43.0
9 (29.0, 18.0) 38.0
10 (27.0, 1.0) 45.0
11 (21.0, 36.0) 39.0
12 (15.0, 6.0) 81.0
13 (28.0, 24.0) 52.0
14 (6.0, 4.0) 58.0
15 (48.0, 5.0) 30.0
16 (48.0, 24.0) 51.0
17 (25.0, 3.0) 66.0
18 (35.0, 10.0) 66.0
19 (45.0, 24.0) 39.0
20 (49.0, 44.0) 68.0
21 (50.0, 5.0) 55.0
22 (16.0, 29.0) 57.0
23 (19.0, 26.0) 33.0
24 (17.0, 45.0) 48.0
25 (5.0, 30.0) 39.0
26 (32.0, 18.0) 33.0
27 (32.0, 37.0) 53.0
28 (2.0, 42.0) 47.0
29 (39.0, 17.0) 64.0
,
0 8 7 24 14 20 11 17 4 21 17 14 21 8 18 4 24 27 13 18 26 33 25 17 16 24 15 18 24 21 21 0
8 0 4 16 5 18 4 10 5 12 9 7 14 1 10 5 17 18 6 10 17 25 18 11 9 19 12 10 17 18 13 8
7 4 0 17 8 21 4 10 5 15 11 6 18 3 13 4 17 21 6 11 19 28 18 14 13 22 15 12 20 21 15 7
24 16 17 0 13 30 13 6 21 13 12 10 21 16 14 21 1 11 11 7 11 21 2 20 18 26 25 11 19 30 8 24
14 5 8 13 0 18 5 7 10 8 4 6 12 6 6 10 13 13 5 6 12 20 14 9 7 16 13 5 13 18 8 14
20 18 21 30 18 0 22 25 18 18 19 24 11 19 16 19 30 25 23 23 24 25 31 10 12 9 6 20 16 1 23 20
11 4 4 13 5 22 0 6 9 12 8 3 16 4 10 8 13 16 2 7 15 24 14 13 11 21 16 9 17 21 11 11
17 10 10 6 7 25 6 0 15 11 8 4 18 10 11 14 7 13 4 4 12 22 8 16 14 23 20 8 17 25 7 17
4 5 5 21 10 18 9 15 0 17 13 11 17 5 15 1 22 23 10 15 22 29 23 13 12 20 12 15 21 18 18 4
21 12 15 13 8 18 12 11 17 0 4 12 8 13 3 17 12 8 12 8 6 12 13 9 7 13 14 4 6 18 5 21
17 9 11 12 4 19 8 8 13 4 0 9 10 9 3 13 12 10 8 5 9 16 12 9 6 15 13 2 10 18 5 17
14 7 6 10 6 24 3 4 11 12 9 0 18 6 12 11 11 16 1 6 15 24 12 15 13 23 18 9 18 24 10 14
21 14 18 21 12 11 16 18 17 8 10 18 0 15 7 18 21 15 17 15 13 15 21 4 5 5 9 11 6 10 13 21
8 1 3 16 6 19 4 10 5 13 9 6 15 0 11 5 17 19 5 10 17 25 18 12 10 20 13 10 18 19 13 8
18 10 13 14 6 16 10 11 15 3 3 12 7 11 0 15 14 10 11 8 8 14 15 6 5 12 12 4 7 16 7 18
4 5 4 21 10 19 8 14 1 17 13 11 18 5 15 0 21 23 10 15 22 29 22 13 13 21 13 15 21 19 18 4
24 17 17 1 13 30 13 7 22 12 12 11 21 17 14 21 0 10 12 7 10 20 1 20 18 25 25 10 18 30 8 24
27 18 21 11 13 25 16 13 23 8 10 16 15 19 10 23 10 0 16 10 2 10 10 16 15 19 22 9 10 25 6 27
13 6 6 11 5 23 2 4 10 12 8 1 17 5 11 10 12 16 0 6 14 24 13 14 12 21 17 8 17 23 10 13
18 10 11 7 6 23 7 4 15 8 5 6 15 10 8 15 7 10 6 0 9 18 8 13 11 20 18 4 14 23 4 18
26 17 19 11 12 24 15 12 22 6 9 15 13 17 8 22 10 2 14 9 0 10 10 15 13 18 20 7 9 23 5 26
33 25 28 21 20 25 24 22 29 12 16 24 15 25 14 29 20 10 24 18 10 0 20 18 17 16 23 16 9 24 14 33
25 18 18 2 14 31 14 8 23 13 12 12 21 18 15 22 1 10 13 8 10 20 0 21 19 26 26 11 18 30 8 25
17 11 14 20 9 10 13 16 13 9 9 15 4 12 6 13 20 16 14 13 15 18 21 0 2 8 6 10 9 10 13 17
16 9 13 18 7 12 11 14 12 7 6 13 5 10 5 13 18 15 12 11 13 17 19 2 0 10 7 8 9 12 11 16
24 19 22 26 16 9 21 23 20 13 15 23 5 20 12 21 25 19 21 20 18 16 26 8 10 0 10 15 8 8 18 24
15 12 15 25 13 6 16 20 12 14 13 18 9 13 12 13 25 22 17 18 20 23 26 6 7 10 0 15 14 6 18 15
18 10 12 11 5 20 9 8 15 4 2 9 11 10 4 15 10 9 8 4 7 16 11 10 8 15 15 0 10 19 4 18
24 17 20 19 13 16 17 17 21 6 10 18 6 18 7 21 18 10 17 14 9 9 18 9 9 8 14 10 0 15 11 24
21 18 21 30 18 1 21 25 18 18 18 24 10 19 16 19 30 25 23 23 23 24 30 10 12 8 6 19 15 0 22 21
21 13 15 8 8 23 11 7 18 5 5 10 13 13 7 18 8 6 10 4 5 14 8 13 11 18 18 4 11 22 0 21
0 8 7 24 14 20 11 17 4 21 17 14 21 8 18 4 24 27 13 18 26 33 25 17 16 24 15 18 24 21 21 0
,
0 18 16 60 29 55 14 28 8 41 29 29 36 15 39 5 69 29 15 24 31 84 70 37 37 58 30 54 28 41 30 0
23 0 7 24 8 43 10 23 10 13 25 12 18 2 11 7 22 53 9 29 34 41 37 22 20 39 13 16 23 37 15 21
8 5 0 24 9 43 6 21 7 30 25 8 30 4 34 9 37 61 9 33 43 83 24 18 21 51 17 24 40 51 20 12
24 45 22 0 31 88 33 19 23 17 34 25 51 25 24 26 1 14 29 17 11 52 4 57 22 38 72 27 55 39 24 46
29 14 21 14 0 41 9 11 27 21 8 8 21 7 6 18 34 32 5 8 28 34 36 23 11 36 37 10 24 32 14 28
33 27 27 57 21 0 58 37 44 26 29 71 17 40 26 20 38 57 34 43 65 52 91 14 34 11 16 39 30 2 36 40
14 11 11 34 5 33 0 8 19 33 17 8 37 9 22 17 25 34 2 13 39 63 34 15 13 24 28 16 32 32 31 22
31 29 30 10 16 64 16 0 43 13 16 9 22 19 19 33 8 35 7 7 16 33 11 23 24 29 52 12 20 46 18 20
10 12 12 25 21 25 17 29 0 35 19 16 40 14 27 1 52 58 11 38 56 48 49 15 24 56 16 39 50 50 52 10
50 29 45 26 13 55 27 29 40 0 8 28 17 21 3 36 28 12 13 9 14 36 16 10 15 34 28 10 14 46 13 37
18 16 25 32 10 41 11 21 38 4 0 13 22 13 4 24 26 12 15 15 22 24 26 17 8 41 34 4 22 30 12 38
14 10 19 30 8 44 9 5 20 17 16 0 37 17 13 21 30 46 4 15 28 70 12 39 19 56 43 11 33 50 26 23
21 16 32 35 19 24 40 46 28 10 15 35 0 43 11 35 52 37 40 40 38 40 35 8 14 13 22 15 8 13 39 43
24 2 4 38 11 21 9 19 9 36 12 18 41 0 20 14 22 34 13 21 22 74 32 24 18 46 27 14 23 47 23 10
33 23 16 38 14 34 12 20 39 4 8 12 10 18 0 25 17 26 26 18 24 16 42 18 11 27 26 7 13 36 14 19
10 14 12 35 28 28 9 16 3 41 36 13 31 8 38 0 54 62 14 32 61 84 45 27 18 43 21 29 40 31 30 7
35 29 48 3 16 70 19 16 44 13 25 21 37 41 41 60 0 19 21 9 13 30 1 48 48 34 68 30 45 36 12 43
64 25 34 26 20 38 28 28 47 19 26 41 20 42 11 31 22 0 16 26 2 17 17 17 35 51 31 10 11 43 7 70
18 9 8 24 9 66 4 5 23 13 13 4 19 14 17 19 14 16 0 8 34 30 28 20 34 23 40 12 21 54 18 28
54 21 34 15 6 69 9 6 24 18 9 8 34 13 14 24 8 19 8 0 11 50 16 38 13 32 20 13 27 56 5 37
44 26 31 21 23 40 44 32 49 9 16 30 29 32 10 62 24 4 28 21 0 16 16 36 15 34 56 20 15 46 9 56
61 56 83 42 60 47 30 33 87 21 40 64 36 36 27 68 34 20 44 27 11 0 54 30 46 24 27 35 11 36 42 53
55 18 28 5 24 74 36 24 67 30 15 13 26 33 37 53 2 21 36 18 15 52 0 30 19 66 53 30 44 47 14 27
45 15 36 30 20 18 36 35 22 13 11 32 9 24 15 31 45 49 21 20 15 18 50 0 4 14 7 11 9 25 21 36
30 12 21 50 19 29 17 17 26 20 8 25 10 19 6 19 52 36 35 21 38 50 41 2 0 28 8 21 16 34 18 20
68 48 38 64 34 24 33 39 54 20 35 31 10 22 20 44 26 32 54 29 28 17 33 11 24 0 18 30 24 16 23 40
19 33 40 68 30 6 31 48 14 27 33 38 15 27 21 33 68 47 28 44 25 61 74 11 20 26 0 42 35 17 25 32
29 29 16 13 9 36 24 21 25 5 2 16 20 25 8 26 22 24 13 5 12 35 29 10 22 21 15 0 16 31 8 45
39 34 39 27 16 32 49 21 45 14 22 51 13 26 14 52 45 19 35 30 23 11 46 14 21 24 34 16 0 18 13 60
29 46 63 30 19 3 58 48 45 27 27 50 20 52 47 55 37 42 66 33 42 54 57 24 26 14 10 20 36 0 41 61
60 29 18 14 13 51 24 17 20 8 15 22 15 32 18 20 16 15 20 10 13 22 20 16 16 40 30 6 13 44 0 38
0 14 17 27 24 61 18 37 9 46 41 27 28 22 45 4 62 38 14 53 44 54 45 38 47 61 20 48 25 31 46 0