5
30
,
0 (15.0, 8.0) 69.0
1 (14.0, 1.0) 47.0
2 (47.0, 3.0) 56.0
3 (24.0, 13.0) 80.0
4 (0.0, 41.0) 60.0
5 (22.0, 4.0) 36.0
6 (34.0, 3.0) 56.0
7 (5.0, 6.0) 72.0
8 (33.0, 25.0) 71.0
9 (29.0, 18.0) 47.0
10 (27.0, 1.0) 71.0
11 (21.0, 36.0) 59.0
12 (15.0, 6.0) 44.0
13 (28.0, 24.0) 39.0
14 (6.0, 4.0) 48.0
15 (48.0, 5.0) 83.0
16 (48.0, 24.0) 72.0
17 (25.0, 3.0) 37.0
18 (35.0, 10.0) 49.0
19 (45.0, 24.0) 59.0
20 (49.0, 44.0) 70.0
21 (50.0, 5.0) 67.0
22 (16.0, 29.0) 71.0
23 (19.0, 26.0) 40.0
24 (17.0, 45.0) 83.0
25 (5.0, 30.0) 45.0
26 (32.0, 18.0) 85.0
27 (32.0, 37.0) 80.0
28 (2.0, 42.0) 38.0
29 (39.0, 17.0) 76.0
,
0 8 7 24 14 20 11 17 4 21 17 14 21 8 18 4 24 27 13 18 26 33 25 17 16 24 15 18 24 21 21 0
8 0 4 16 5 18 4 10 5 12 9 7 14 1 10 5 17 18 6 10 17 25 18 11 9 19 12 10 17 18 13 8
7 4 0 17 8 21 4 10 5 15 11 6 18 3 13 4 17 21 6 11 19 28 18 14 13 22 15 12 20 21 15 7
24 16 17 0 13 30 13 6 21 13 12 10 21 16 14 21 1 11 11 7 11 21 2 20 18 26 25 11 19 30 8 24
14 5 8 13 0 18 5 7 10 8 4 6 12 6 6 10 13 13 5 6 12 20 14 9 7 16 13 5 13 18 8 14
20 18 21 30 18 0 22 25 18 18 19 24 11 19 16 19 30 25 23 23 24 25 31 10 12 9 6 20 16 1 23 20
11 4 4 13 5 22 0 6 9 12 8 3 16 4 10 8 13 16 2 7 15 24 14 13 11 21 16 9 17 21 11 11
17 10 10 6 7 25 6 0 15 11 8 4 18 10 11 14 7 13 4 4 12 22 8 16 14 23 20 8 17 25 7 17
4 5 5 21 10 18 9 15 0 17 13 11 17 5 15 1 22 23 10 15 22 29 23 13 12 20 12 15 21 18 18 4
21 12 15 13 8 18 12 11 17 0 4 12 8 13 3 17 12 8 12 8 6 12 13 9 7 13 14 4 6 18 5 21
17 9 11 12 4 19 8 8 13 4 0 9 10 9 3 13 12 10 8 5 9 16 12 9 6 15 13 2 10 18 5 17
14 7 6 10 6 24 3 4 11 12 9 0 18 6 12 11 11 16 1 6 15 24 12 15 13 23 18 9 18 24 10 14
21 14 18 21 12 11 16 18 17 8 10 18 0 15 7 18 21 15 17 15 13 15 21 4 5 5 9 11 6 10 13 21
8 1 3 16 6 19 4 10 5 13 9 6 15 0 11 5 17 19 5 10 17 25 18 12 10 20 13 10 18 19 13 8
18 10 13 14 6 16 10 11 15 3 3 12 7 11 0 15 14 10 11 8 8 14 15 6 5 12 12 4 7 16 7 18
4 5 4 21 10 19 8 14 1 17 13 11 18 5 15 0 21 23 10 15 22 29 22 13 13 21 13 15 21 19 18 4
24 17 17 1 13 30 13 7 22 12 12 11 21 17 14 21 0 10 12 7 10 20 1 20 18 25 25 10 18 30 8 24
27 18 21 11 13 25 16 13 23 8 10 16 15 19 10 23 10 0 16 10 2 10 10 16 15 19 22 9 10 25 6 27
13 6 6 11 5 23 2 4 10 12 8 1 17 5 11 10 12 16 0 6 14 24 13 14 12 21 17 8 17 23 10 13
18 10 11 7 6 23 7 4 15 8 5 6 15 10 8 15 7 10 6 0 9 18 8 13 11 20 18 4 14 23 4 18
26 17 19 11 12 24 15 12 22 6 9 15 13 17 8 22 10 2 14 9 0 10 10 15 13 18 20 7 9 23 5 26
33 25 28 21 20 25 24 22 29 12 16 24 15 25 14 29 20 10 24 18 10 0 20 18 17 16 23 16 9 24 14 33
25 18 18 2 14 31 14 8 23 13 12 12 21 18 15 22 1 10 13 8 10 20 0 21 19 26 26 11 18 30 8 25
17 11 14 20 9 10 13 16 13 9 9 15 4 12 6 13 20 16 14 13 15 18 21 0 2 8 6 10 9 10 13 17
16 9 13 18 7 12 11 14 12 7 6 13 5 10 5 13 18 15 12 11 13 17 19 2 0 10 7 8 9 12 11 16
24 19 22 26 16 9 21 23 20 13 15 23 5 20 12 21 25 19 21 20 18 16 26 8 10 0 10 15 8 8 18 24
15 12 15 25 13 6 16 20 12 14 13 18 9 13 12 13 25 22 17 18 20 23 26 6 7 10 0 15 14 6 18 15
18 10 12 11 5 20 9 8 15 4 2 9 11 10 4 15 10 9 8 4 7 16 11 10 8 15 15 0 10 19 4 18
24 17 20 19 13 16 17 17 21 6 10 18 6 18 7 21 18 10 17 14 9 9 18 9 9 8 14 10 0 15 11 24
21 18 21 30 18 1 21 25 18 18 18 24 10 19 16 19 30 25 23 23 23 24 30 10 12 8 6 19 15 0 22 21
21 13 15 8 8 23 11 7 18 5 5 10 13 13 7 18 8 6 10 4 5 14 8 13 11 18 18 4 11 22 0 21
0 8 7 24 14 20 11 17 4 21 17 14 21 8 18 4 24 27 13 18 26 33 25 17 16 24 15 18 24 21 21 0
,
0 20 15 47 14 57 15 30 11 24 35 37 39 16 33 9 28 73 19 35 30 75 28 43 32 32 38 22 40 46 49 0
24 0 5 25 11 30 10 22 14 20 10 11 17 3 29 5 43 25 15 23 49 41 34 22 26 50 25 28 41 19 22 23
12 9 0 37 21 22 5 18 14 44 29 13 43 7 35 12 40 48 8 15 55 57 23 25 13 48 45 34 23 52 39 17
61 45 28 0 37 31 34 15 27 25 25 19 60 23 26 58 2 28 23 15 27 49 4 38 21 54 48 12 22 57 12 70
35 6 9 13 0 23 12 9 11 16 10 15 20 9 14 14 13 32 12 11 23 33 27 17 16 26 21 13 25 24 14 37
55 36 44 48 47 0 35 49 33 41 47 49 15 29 43 53 40 56 61 67 27 57 44 19 32 22 17 48 34 3 37 45
24 10 6 28 8 28 0 9 19 20 23 3 40 9 25 11 22 18 2 21 30 39 30 20 17 23 40 15 25 62 18 22
42 27 30 12 20 49 7 0 26 20 23 7 52 16 17 27 20 28 10 9 19 62 9 22 25 38 26 18 29 72 19 36
7 8 10 28 13 38 10 39 0 32 18 31 47 11 24 2 50 52 20 25 29 80 56 31 25 33 31 34 40 50 45 7
27 18 32 17 19 22 21 17 34 0 12 31 15 27 5 43 17 22 21 11 17 20 32 15 17 30 29 4 10 33 9 48
50 22 30 14 5 23 16 20 19 10 0 22 22 23 6 16 20 21 13 6 11 47 16 14 11 21 15 3 11 28 12 46
24 16 8 22 9 47 4 9 15 36 12 0 24 14 22 20 16 18 3 18 24 61 27 37 33 40 36 21 29 36 17 23
44 20 29 22 23 24 30 23 48 24 16 40 0 38 14 28 54 26 36 25 30 20 45 8 9 11 21 22 8 12 35 34
17 1 4 42 11 29 8 19 14 23 17 19 32 0 25 7 46 42 11 22 48 26 41 28 16 28 25 18 29 29 30 21
20 15 18 30 13 45 24 12 22 6 9 31 17 22 0 43 22 30 27 8 21 43 29 19 13 34 17 6 11 18 12 53
8 7 5 60 19 38 11 17 3 49 18 15 41 11 35 0 45 50 22 19 22 30 54 39 15 25 21 29 35 48 25 11
58 49 35 2 24 42 14 13 28 37 22 26 60 49 28 41 0 27 34 10 26 46 1 21 23 28 49 18 19 35 21 43
68 48 37 13 17 33 33 29 45 20 21 19 19 21 12 60 25 0 23 19 4 19 27 40 28 50 30 10 21 61 15 52
36 12 7 27 14 30 3 8 17 30 9 3 34 8 14 16 32 20 0 7 28 56 17 25 20 52 39 24 22 61 15 20
24 15 29 19 9 61 8 5 19 9 8 14 42 15 8 29 19 26 8 0 9 44 10 31 15 32 24 6 38 47 6 39
47 21 55 19 25 67 44 32 29 17 18 18 24 51 18 63 10 2 42 17 0 14 22 31 39 20 22 9 15 43 10 30
62 47 61 53 22 68 61 31 46 33 19 49 25 26 26 87 20 14 62 32 13 0 30 30 49 37 53 40 21 62 24 84
48 31 47 2 30 63 20 10 42 16 16 32 28 39 17 56 3 18 28 20 20 46 0 57 54 41 73 23 42 71 12 63
45 25 32 53 23 25 33 16 18 21 21 17 7 17 11 29 34 19 39 25 43 19 31 0 4 20 14 21 20 24 30 31
40 21 29 36 10 28 16 20 20 16 13 36 14 17 7 31 22 36 19 12 20 23 21 6 0 24 19 19 21 17 17 44
44 22 38 29 28 20 57 48 40 23 25 43 11 49 15 51 75 28 53 56 18 26 59 8 26 0 22 23 9 15 26 27
35 36 34 29 16 14 44 59 15 23 15 47 11 16 24 29 37 59 18 37 46 63 27 15 10 17 0 32 17 9 47 36
37 13 29 13 9 26 18 11 28 6 4 9 15 13 7 43 11 10 22 5 20 29 19 25 14 19 27 0 18 26 7 44
56 39 41 55 33 48 42 48 60 12 21 45 10 18 9 61 34 14 25 23 21 11 24 16 11 18 22 26 0 16 31 38
50 25 40 39 29 3 42 68 26 52 26 65 10 37 17 34 32 48 64 37 57 46 49 15 33 12 14 39 42 0 38 50
30 21 41 18 10 41 26 16 49 14 7 15 38 24 12 27 18 12 10 12 6 38 14 35 25 46 33 5 30 51 0 26
0 21 13 67 41 37 28 33 10 45 26 24 53 21 36 6 39 45 28 50 70 51 28 33 39 70 38 38 45 37 52 0