5
30
,
0 (15.0, 8.0) 56.0
1 (14.0, 1.0) 76.0
2 (47.0, 3.0) 70.0
3 (24.0, 13.0) 33.0
4 (0.0, 41.0) 39.0
5 (22.0, 4.0) 55.0
6 (34.0, 3.0) 63.0
7 (5.0, 6.0) 37.0
8 (33.0, 25.0) 46.0
9 (29.0, 18.0) 71.0
10 (27.0, 1.0) 86.0
11 (21.0, 36.0) 41.0
12 (15.0, 6.0) 55.0
13 (28.0, 24.0) 30.0
14 (6.0, 4.0) 79.0
15 (48.0, 5.0) 72.0
16 (48.0, 24.0) 34.0
17 (25.0, 3.0) 88.0
18 (35.0, 10.0) 56.0
19 (45.0, 24.0) 35.0
20 (49.0, 44.0) 84.0
21 (50.0, 5.0) 61.0
22 (16.0, 29.0) 59.0
23 (19.0, 26.0) 68.0
24 (17.0, 45.0) 62.0
25 (5.0, 30.0) 35.0
26 (32.0, 18.0) 35.0
27 (32.0, 37.0) 57.0
28 (2.0, 42.0) 53.0
29 (39.0, 17.0) 70.0
,
0 8 7 24 14 20 11 17 4 21 17 14 21 8 18 4 24 27 13 18 26 33 25 17 16 24 15 18 24 21 21 0
8 0 4 16 5 18 4 10 5 12 9 7 14 1 10 5 17 18 6 10 17 25 18 11 9 19 12 10 17 18 13 8
7 4 0 17 8 21 4 10 5 15 11 6 18 3 13 4 17 21 6 11 19 28 18 14 13 22 15 12 20 21 15 7
24 16 17 0 13 30 13 6 21 13 12 10 21 16 14 21 1 11 11 7 11 21 2 20 18 26 25 11 19 30 8 24
14 5 8 13 0 18 5 7 10 8 4 6 12 6 6 10 13 13 5 6 12 20 14 9 7 16 13 5 13 18 8 14
20 18 21 30 18 0 22 25 18 18 19 24 11 19 16 19 30 25 23 23 24 25 31 10 12 9 6 20 16 1 23 20
11 4 4 13 5 22 0 6 9 12 8 3 16 4 10 8 13 16 2 7 15 24 14 13 11 21 16 9 17 21 11 11
17 10 10 6 7 25 6 0 15 11 8 4 18 10 11 14 7 13 4 4 12 22 8 16 14 23 20 8 17 25 7 17
4 5 5 21 10 18 9 15 0 17 13 11 17 5 15 1 22 23 10 15 22 29 23 13 12 20 12 15 21 18 18 4
21 12 15 13 8 18 12 11 17 0 4 12 8 13 3 17 12 8 12 8 6 12 13 9 7 13 14 4 6 18 5 21
17 9 11 12 4 19 8 8 13 4 0 9 10 9 3 13 12 10 8 5 9 16 12 9 6 15 13 2 10 18 5 17
14 7 6 10 6 24 3 4 11 12 9 0 18 6 12 11 11 16 1 6 15 24 12 15 13 23 18 9 18 24 10 14
21 14 18 21 12 11 16 18 17 8 10 18 0 15 7 18 21 15 17 15 13 15 21 4 5 5 9 11 6 10 13 21
8 1 3 16 6 19 4 10 5 13 9 6 15 0 11 5 17 19 5 10 17 25 18 12 10 20 13 10 18 19 13 8
18 10 13 14 6 16 10 11 15 3 3 12 7 11 0 15 14 10 11 8 8 14 15 6 5 12 12 4 7 16 7 18
4 5 4 21 10 19 8 14 1 17 13 11 18 5 15 0 21 23 10 15 22 29 22 13 13 21 13 15 21 19 18 4
24 17 17 1 13 30 13 7 22 12 12 11 21 17 14 21 0 10 12 7 10 20 1 20 18 25 25 10 18 30 8 24
27 18 21 11 13 25 16 13 23 8 10 16 15 19 10 23 10 0 16 10 2 10 10 16 15 19 22 9 10 25 6 27
13 6 6 11 5 23 2 4 10 12 8 1 17 5 11 10 12 16 0 6 14 24 13 14 12 21 17 8 17 23 10 13
18 10 11 7 6 23 7 4 15 8 5 6 15 10 8 15 7 10 6 0 9 18 8 13 11 20 18 4 14 23 4 18
26 17 19 11 12 24 15 12 22 6 9 15 13 17 8 22 10 2 14 9 0 10 10 15 13 18 20 7 9 23 5 26
33 25 28 21 20 25 24 22 29 12 16 24 15 25 14 29 20 10 24 18 10 0 20 18 17 16 23 16 9 24 14 33
25 18 18 2 14 31 14 8 23 13 12 12 21 18 15 22 1 10 13 8 10 20 0 21 19 26 26 11 18 30 8 25
17 11 14 20 9 10 13 16 13 9 9 15 4 12 6 13 20 16 14 13 15 18 21 0 2 8 6 10 9 10 13 17
16 9 13 18 7 12 11 14 12 7 6 13 5 10 5 13 18 15 12 11 13 17 19 2 0 10 7 8 9 12 11 16
24 19 22 26 16 9 21 23 20 13 15 23 5 20 12 21 25 19 21 20 18 16 26 8 10 0 10 15 8 8 18 24
15 12 15 25 13 6 16 20 12 14 13 18 9 13 12 13 25 22 17 18 20 23 26 6 7 10 0 15 14 6 18 15
18 10 12 11 5 20 9 8 15 4 2 9 11 10 4 15 10 9 8 4 7 16 11 10 8 15 15 0 10 19 4 18
24 17 20 19 13 16 17 17 21 6 10 18 6 18 7 21 18 10 17 14 9 9 18 9 9 8 14 10 0 15 11 24
21 18 21 30 18 1 21 25 18 18 18 24 10 19 16 19 30 25 23 23 23 24 30 10 12 8 6 19 15 0 22 21
21 13 15 8 8 23 11 7 18 5 5 10 13 13 7 18 8 6 10 4 5 14 8 13 11 18 18 4 11 22 0 21
0 8 7 24 14 20 11 17 4 21 17 14 21 8 18 4 24 27 13 18 26 33 25 17 16 24 15 18 24 21 21 0
,
0 18 10 57 16 37 18 43 7 53 26 39 56 12 44 9 44 71 22 38 48 87 67 27 28 40 45 36 63 52 35 0
13 0 6 40 12 39 6 10 14 17 9 18 21 2 17 7 21 29 13 25 19 69 23 24 18 26 26 28 50 51 28 15
16 8 0 41 15 50 11 22 13 26 16 8 42 4 37 9 45 60 11 18 42 48 35 17 37 53 41 36 30 35 23 11
51 16 29 0 16 83 34 10 47 30 28 23 41 36 33 56 3 22 28 20 17 53 2 58 22 51 71 30 43 89 17 38
21 15 16 28 0 29 5 12 29 17 6 10 30 9 17 28 24 26 10 10 16 34 37 22 10 18 20 8 29 47 20 38
33 22 23 66 36 0 33 62 52 27 43 51 22 51 44 55 83 45 33 31 69 44 75 25 26 23 7 50 24 1 52 48
24 6 12 13 13 54 0 10 13 21 9 6 31 9 19 18 34 20 4 9 41 36 24 21 26 31 39 23 25 36 21 23
20 10 24 14 8 45 17 0 29 12 23 9 24 14 23 38 9 27 6 8 28 37 23 30 20 64 52 14 24 67 16 46
10 15 8 55 20 22 22 18 0 39 22 31 45 5 39 3 38 62 15 28 30 46 51 21 19 57 33 34 36 48 29 11
37 27 16 27 13 20 15 14 42 0 9 28 13 18 5 44 29 17 35 12 17 26 33 12 19 30 35 6 6 33 10 58
50 24 25 28 5 50 9 8 17 6 0 21 15 16 4 26 19 26 10 13 9 44 25 23 15 27 37 4 23 42 9 28
35 8 10 20 12 54 7 4 32 19 9 0 35 15 34 21 20 39 3 7 20 44 33 45 35 66 54 20 20 53 15 21
38 38 35 55 14 31 33 28 30 24 13 47 0 28 15 22 51 27 30 29 18 31 53 6 9 9 20 19 10 21 38 24
15 3 7 18 14 30 8 16 10 30 27 11 37 0 30 8 43 40 5 24 18 44 21 23 27 41 25 19 49 49 30 22
39 11 29 42 13 28 18 19 17 4 3 13 17 22 0 17 22 21 12 18 14 33 16 17 6 29 22 6 11 25 9 44
6 5 9 59 27 53 10 22 3 45 26 27 27 13 37 0 56 70 14 38 62 83 62 35 37 61 39 18 55 21 22 8
53 20 19 3 26 42 28 20 45 15 18 21 35 20 40 23 0 12 18 16 10 57 3 30 19 59 40 16 44 85 13 45
51 39 56 28 23 40 28 24 55 21 21 38 32 51 25 44 17 0 39 28 4 16 24 27 15 36 58 10 30 60 10 55
17 13 12 26 9 53 2 7 13 30 12 2 22 11 25 26 34 31 0 13 32 61 34 15 23 29 34 14 27 42 26 37
25 28 20 12 12 58 9 10 31 9 7 17 18 24 18 24 21 20 9 0 12 37 24 17 17 43 38 8 27 67 9 29
66 37 52 30 22 54 33 22 65 8 13 34 16 18 18 41 27 3 20 15 0 19 20 41 33 43 21 12 15 47 13 53
86 59 51 28 29 27 44 50 33 28 39 70 18 75 15 85 35 22 43 36 10 0 52 20 44 45 39 45 18 64 24 46
28 37 52 2 19 55 22 22 33 39 16 25 43 47 25 37 2 18 37 19 19 25 0 44 29 49 59 25 37 48 12 74
47 30 33 48 10 18 13 29 38 9 18 37 9 34 10 26 51 33 29 23 41 46 25 0 4 16 10 17 26 20 27 45
40 16 31 18 18 28 32 38 28 14 16 39 8 16 9 37 38 24 24 33 25 47 42 5 0 11 19 18 13 29 32 27
45 26 41 61 25 26 24 23 27 27 28 27 13 38 16 49 51 35 44 25 20 21 29 13 22 0 13 26 25 23 29 36
20 14 29 35 28 9 35 42 15 39 31 20 20 21 26 13 54 59 48 44 46 62 43 6 18 14 0 43 34 17 48 36
42 12 21 27 13 27 24 9 40 8 2 24 13 17 5 31 19 11 20 11 20 34 15 13 14 33 23 0 14 47 7 54
44 29 32 44 35 31 37 39 48 9 15 41 12 25 15 41 30 24 19 39 23 16 29 17 25 14 29 22 0 34 15 64
26 26 21 58 46 2 23 32 52 20 26 61 12 41 28 39 60 35 52 68 28 29 33 24 18 17 7 26 24 0 49 46
49 25 31 13 18 26 11 16 36 7 5 20 30 22 7 36 19 12 18 8 13 28 21 30 12 50 33 7 12 41 0 23
0 24 17 55 32 30 20 24 10 27 50 35 51 11 35 9 47 75 36 26 34 75 70 38 31 42 45 38 73 22 51 0