5
30
,
0 (15.0, 8.0) 41.0
1 (14.0, 1.0) 88.0
2 (47.0, 3.0) 74.0
3 (24.0, 13.0) 87.0
4 (0.0, 41.0) 44.0
5 (22.0, 4.0) 85.0
6 (34.0, 3.0) 52.0
7 (5.0, 6.0) 62.0
8 (33.0, 25.0) 85.0
9 (29.0, 18.0) 48.0
10 (27.0, 1.0) 48.0
11 (21.0, 36.0) 42.0
12 (15.0, 6.0) 83.0
13 (28.0, 24.0) 51.0
14 (6.0, 4.0) 81.0
15 (48.0, 5.0) 31.0
16 (48.0, 24.0) 48.0
17 (25.0, 3.0) 70.0
18 (35.0, 10.0) 61.0
19 (45.0, 24.0) 46.0
20 (49.0, 44.0) 44.0
21 (50.0, 5.0) 53.0
22 (16.0, 29.0) 56.0
23 (19.0, 26.0) 67.0
24 (17.0, 45.0) 39.0
25 (5.0, 30.0) 48.0
26 (32.0, 18.0) 57.0
27 (32.0, 37.0) 74.0
28 (2.0, 42.0) 70.0
29 (39.0, 17.0) 56.0
,
0 8 7 24 14 20 11 17 4 21 17 14 21 8 18 4 24 27 13 18 26 33 25 17 16 24 15 18 24 21 21 0
8 0 4 16 5 18 4 10 5 12 9 7 14 1 10 5 17 18 6 10 17 25 18 11 9 19 12 10 17 18 13 8
7 4 0 17 8 21 4 10 5 15 11 6 18 3 13 4 17 21 6 11 19 28 18 14 13 22 15 12 20 21 15 7
24 16 17 0 13 30 13 6 21 13 12 10 21 16 14 21 1 11 11 7 11 21 2 20 18 26 25 11 19 30 8 24
14 5 8 13 0 18 5 7 10 8 4 6 12 6 6 10 13 13 5 6 12 20 14 9 7 16 13 5 13 18 8 14
20 18 21 30 18 0 22 25 18 18 19 24 11 19 16 19 30 25 23 23 24 25 31 10 12 9 6 20 16 1 23 20
11 4 4 13 5 22 0 6 9 12 8 3 16 4 10 8 13 16 2 7 15 24 14 13 11 21 16 9 17 21 11 11
17 10 10 6 7 25 6 0 15 11 8 4 18 10 11 14 7 13 4 4 12 22 8 16 14 23 20 8 17 25 7 17
4 5 5 21 10 18 9 15 0 17 13 11 17 5 15 1 22 23 10 15 22 29 23 13 12 20 12 15 21 18 18 4
21 12 15 13 8 18 12 11 17 0 4 12 8 13 3 17 12 8 12 8 6 12 13 9 7 13 14 4 6 18 5 21
17 9 11 12 4 19 8 8 13 4 0 9 10 9 3 13 12 10 8 5 9 16 12 9 6 15 13 2 10 18 5 17
14 7 6 10 6 24 3 4 11 12 9 0 18 6 12 11 11 16 1 6 15 24 12 15 13 23 18 9 18 24 10 14
21 14 18 21 12 11 16 18 17 8 10 18 0 15 7 18 21 15 17 15 13 15 21 4 5 5 9 11 6 10 13 21
8 1 3 16 6 19 4 10 5 13 9 6 15 0 11 5 17 19 5 10 17 25 18 12 10 20 13 10 18 19 13 8
18 10 13 14 6 16 10 11 15 3 3 12 7 11 0 15 14 10 11 8 8 14 15 6 5 12 12 4 7 16 7 18
4 5 4 21 10 19 8 14 1 17 13 11 18 5 15 0 21 23 10 15 22 29 22 13 13 21 13 15 21 19 18 4
24 17 17 1 13 30 13 7 22 12 12 11 21 17 14 21 0 10 12 7 10 20 1 20 18 25 25 10 18 30 8 24
27 18 21 11 13 25 16 13 23 8 10 16 15 19 10 23 10 0 16 10 2 10 10 16 15 19 22 9 10 25 6 27
13 6 6 11 5 23 2 4 10 12 8 1 17 5 11 10 12 16 0 6 14 24 13 14 12 21 17 8 17 23 10 13
18 10 11 7 6 23 7 4 15 8 5 6 15 10 8 15 7 10 6 0 9 18 8 13 11 20 18 4 14 23 4 18
26 17 19 11 12 24 15 12 22 6 9 15 13 17 8 22 10 2 14 9 0 10 10 15 13 18 20 7 9 23 5 26
33 25 28 21 20 25 24 22 29 12 16 24 15 25 14 29 20 10 24 18 10 0 20 18 17 16 23 16 9 24 14 33
25 18 18 2 14 31 14 8 23 13 12 12 21 18 15 22 1 10 13 8 10 20 0 21 19 26 26 11 18 30 8 25
17 11 14 20 9 10 13 16 13 9 9 15 4 12 6 13 20 16 14 13 15 18 21 0 2 8 6 10 9 10 13 17
16 9 13 18 7 12 11 14 12 7 6 13 5 10 5 13 18 15 12 11 13 17 19 2 0 10 7 8 9 12 11 16
24 19 22 26 16 9 21 23 20 13 15 23 5 20 12 21 25 19 21 20 18 16 26 8 10 0 10 15 8 8 18 24
15 12 15 25 13 6 16 20 12 14 13 18 9 13 12 13 25 22 17 18 20 23 26 6 7 10 0 15 14 6 18 15
18 10 12 11 5 20 9 8 15 4 2 9 11 10 4 15 10 9 8 4 7 16 11 10 8 15 15 0 10 19 4 18
24 17 20 19 13 16 17 17 21 6 10 18 6 18 7 21 18 10 17 14 9 9 18 9 9 8 14 10 0 15 11 24
21 18 21 30 18 1 21 25 18 18 18 24 10 19 16 19 30 25 23 23 23 24 30 10 12 8 6 19 15 0 22 21
21 13 15 8 8 23 11 7 18 5 5 10 13 13 7 18 8 6 10 4 5 14 8 13 11 18 18 4 11 22 0 21
0 8 7 24 14 20 11 17 4 21 17 14 21 8 18 4 24 27 13 18 26 33 25 17 16 24 15 18 24 21 21 0
,
0 21 7 59 27 34 32 18 5 57 33 18 34 16 41 6 42 31 28 35 62 39 52 45 17 36 24 32 47 33 57 0
11 0 8 30 12 52 11 14 14 28 13 12 18 1 21 6 28 48 11 29 20 69 50 26 17 43 13 24 20 30 23 14
8 10 0 48 18 28 4 30 12 19 22 14 28 3 27 11 48 57 13 12 27 58 54 34 18 63 20 21 32 34 42 11
68 45 41 0 26 42 33 15 61 21 17 19 25 27 36 28 3 12 33 19 16 39 4 57 45 36 45 14 55 83 18 53
22 7 9 23 0 46 9 9 11 22 7 13 30 13 11 23 33 18 9 8 25 21 16 26 8 21 29 6 34 41 16 40
39 18 46 72 40 0 39 31 42 30 21 46 16 20 41 47 70 53 54 59 51 51 84 14 34 9 10 20 42 1 64 42
18 10 5 16 8 51 0 10 9 35 20 6 47 10 12 10 26 36 4 12 27 66 25 34 25 46 46 14 39 38 27 17
42 21 24 16 18 62 17 0 23 33 16 8 18 24 12 36 10 30 10 6 31 57 20 40 19 40 31 21 50 28 14 42
12 15 9 25 17 31 21 30 0 37 21 30 27 7 18 2 26 58 22 23 28 45 64 28 22 50 19 23 26 47 22 11
26 32 21 27 16 52 32 27 27 0 8 23 13 23 4 20 36 19 13 19 9 26 36 14 13 19 30 5 9 44 9 27
31 23 28 32 7 20 23 22 30 11 0 14 19 25 4 20 32 18 10 7 24 26 35 13 15 40 38 3 26 38 6 32
25 8 15 27 9 67 6 6 20 32 10 0 41 11 23 15 19 38 2 11 16 36 32 33 27 55 24 17 29 38 11 38
45 28 19 48 24 28 25 37 26 20 23 22 0 24 15 29 31 41 19 34 15 23 52 8 7 13 14 20 7 10 13 51
13 3 5 16 15 42 7 12 8 17 27 11 34 0 26 12 38 54 9 21 30 36 18 22 23 33 35 27 43 50 26 14
42 30 34 21 12 24 19 20 30 6 5 30 14 18 0 40 28 17 17 11 25 21 27 11 12 15 28 7 11 30 15 36
9 12 7 60 15 29 22 19 1 46 14 24 29 13 24 0 28 48 12 36 48 76 34 37 18 60 25 15 56 48 38 7
67 45 37 2 33 52 32 19 38 35 12 29 27 23 37 33 0 24 25 13 23 40 1 38 19 56 43 25 39 35 17 38
70 54 43 30 35 26 23 19 52 22 23 37 27 36 21 60 26 0 41 15 2 16 19 41 29 22 35 11 19 68 11 66
30 16 10 29 7 52 3 12 19 21 22 4 22 12 24 22 34 16 0 11 29 70 21 33 14 28 48 23 36 37 16 22
46 17 26 15 12 28 21 6 21 21 10 6 44 23 22 21 17 11 7 0 15 45 18 25 14 53 52 12 27 28 9 38
34 22 52 31 23 68 43 23 60 12 20 29 33 50 24 52 16 3 33 12 0 21 16 29 37 39 38 7 21 70 14 49
60 73 67 61 26 39 68 64 55 27 46 57 28 58 31 37 22 17 49 27 22 0 57 49 36 44 63 30 22 50 19 90
29 48 37 3 33 89 32 8 45 23 33 31 52 45 16 41 1 21 34 23 22 20 0 44 46 67 70 19 36 69 22 68
49 27 42 57 9 14 29 44 23 20 25 24 7 33 8 37 58 21 39 35 40 24 41 0 6 17 13 24 18 12 38 34
25 23 33 19 20 29 17 19 25 9 9 16 9 27 9 16 29 32 19 32 36 42 33 5 0 17 16 22 20 27 22 27
54 19 54 46 39 16 31 37 51 30 18 32 12 51 19 32 74 32 22 48 49 29 36 20 25 0 22 35 23 8 52 56
38 15 27 59 14 8 32 55 12 14 24 46 15 35 31 18 26 29 46 32 41 56 54 8 12 10 0 27 30 16 50 18
27 24 27 17 7 58 24 21 31 8 3 23 13 13 4 26 13 19 25 8 18 36 32 22 12 46 21 0 11 55 8 43
41 22 23 25 22 45 49 21 50 14 27 48 7 28 20 37 50 16 34 33 18 25 42 11 12 23 31 10 0 41 26 71
39 19 56 31 43 2 26 71 39 48 26 29 23 53 30 31 77 54 44 38 62 41 79 13 22 13 15 30 21 0 23 29
36 18 33 11 14 60 17 8 40 9 15 13 23 19 14 31 20 8 25 9 11 23 17 33 16 51 26 6 31 66 0 37
0 24 17 30 19 46 33 48 9 24 41 26 46 23 25 8 64 59 13 33 58 65 47 27 18 27 28 37 37 37 36 0