5
30
,
0 (43.0, 7.0) 50.0
1 (18.0, 31.0) 20.0
2 (13.0, 23.0) 48.0
3 (43.0, 1.0) 13.0
4 (5.0, 11.0) 24.0
5 (28.0, 1.0) 22.0
6 (16.0, 19.0) 19.0
7 (21.0, 18.0) 30.0
8 (47.0, 45.0) 49.0
9 (24.0, 14.0) 28.0
10 (42.0, 35.0) 49.0
11 (41.0, 30.0) 39.0
12 (3.0, 22.0) 14.0
13 (30.0, 25.0) 37.0
14 (4.0, 8.0) 14.0
15 (17.0, 2.0) 29.0
16 (5.0, 5.0) 19.0
17 (30.0, 17.0) 24.0
18 (34.0, 42.0) 11.0
19 (7.0, 6.0) 30.0
20 (47.0, 29.0) 15.0
21 (23.0, 3.0) 20.0
22 (19.0, 23.0) 11.0
23 (25.0, 8.0) 21.0
24 (48.0, 43.0) 11.0
25 (30.0, 20.0) 19.0
26 (24.0, 41.0) 39.0
27 (38.0, 35.0) 37.0
28 (8.0, 22.0) 34.0
29 (19.0, 5.0) 16.0
,
0 7 7 1 8 3 6 5 8 4 6 5 9 4 8 5 8 3 7 7 4 4 6 4 7 4 8 6 8 5
7 0 2 8 5 6 2 3 6 4 5 5 3 3 5 6 6 4 4 5 6 6 2 5 6 3 2 4 3 5
7 2 0 7 3 5 1 2 8 3 6 6 2 3 3 4 4 4 6 4 7 4 1 4 8 3 4 6 1 4
1 8 7 0 8 3 6 6 9 5 7 6 9 5 8 5 8 4 8 7 6 4 7 4 8 5 9 7 8 5
8 5 3 8 0 5 3 3 11 4 9 8 2 6 1 3 1 5 8 1 9 4 4 4 11 5 7 8 2 3
3 6 5 3 5 0 4 4 10 3 7 6 7 5 5 2 5 3 8 4 7 1 5 2 9 4 8 7 6 2
6 2 1 6 3 4 0 1 8 2 6 5 3 3 3 3 4 3 6 3 7 3 1 3 8 3 5 5 2 3
5 3 2 6 3 4 1 0 7 1 5 5 4 2 4 3 4 2 5 4 6 3 1 2 7 2 5 5 3 3
8 6 8 9 11 10 8 7 0 8 2 3 10 5 11 10 12 7 3 11 3 10 7 9 0 6 5 3 9 10
4 4 3 5 4 3 2 1 8 0 6 5 4 3 4 3 4 1 6 4 5 2 2 1 8 2 5 5 4 2
6 5 6 7 9 7 6 5 2 6 0 1 8 3 9 8 10 4 2 9 2 7 5 6 2 4 4 1 7 8
5 5 6 6 8 6 5 5 3 5 1 0 8 2 9 7 9 3 3 8 1 6 5 5 3 3 4 1 7 7
9 3 2 9 2 7 3 4 10 4 8 8 0 5 3 5 3 5 7 3 9 6 3 5 10 5 6 7 1 5
4 3 3 5 6 5 3 2 5 3 3 2 5 0 6 5 6 2 3 6 3 5 2 4 5 1 3 3 4 5
8 5 3 8 1 5 3 4 11 4 9 9 3 6 0 3 1 6 9 1 10 4 4 4 11 6 8 9 3 3
5 6 4 5 3 2 3 3 10 3 8 7 5 5 3 0 2 4 9 2 8 1 4 2 10 4 8 8 4 1
8 6 4 8 1 5 4 4 12 4 10 9 3 6 1 2 0 6 9 0 10 4 5 4 11 6 8 9 3 3
3 4 4 4 5 3 3 2 7 1 4 3 5 2 6 4 6 0 5 5 4 3 3 2 6 1 5 4 5 3
7 4 6 8 8 8 6 5 3 6 2 3 7 3 9 9 9 5 0 9 4 8 5 7 3 4 2 2 7 8
7 5 4 7 1 4 3 4 11 4 9 8 3 6 1 2 0 5 9 0 9 3 4 4 11 5 8 8 3 2
4 6 7 6 9 7 7 6 3 5 2 1 9 3 10 8 10 4 4 9 0 7 6 6 3 4 5 2 8 7
4 6 4 4 4 1 3 3 10 2 7 6 6 5 4 1 4 3 8 3 7 0 4 1 9 4 8 7 5 1
6 2 1 7 4 5 1 1 7 2 5 5 3 2 4 4 5 3 5 4 6 4 0 3 7 2 4 4 2 4
4 5 4 4 4 2 3 2 9 1 6 5 5 4 4 2 4 2 7 4 6 1 3 0 8 3 7 6 4 1
7 6 8 8 11 9 8 7 0 8 2 3 10 5 11 10 11 6 3 11 3 9 7 8 0 6 5 3 9 10
4 3 3 5 5 4 3 2 6 2 4 3 5 1 6 4 6 1 4 5 4 4 2 3 6 0 4 3 4 4
8 2 4 9 7 8 5 5 5 5 4 4 6 3 8 8 8 5 2 8 5 8 4 7 5 4 0 3 5 7
6 4 6 7 8 7 5 5 3 5 1 1 7 3 9 8 9 4 2 8 2 7 4 6 3 3 3 0 7 7
8 3 1 8 2 6 2 3 9 4 7 7 1 4 3 4 3 5 7 3 8 5 2 4 9 4 5 7 0 4
5 5 4 5 3 2 3 3 10 2 8 7 5 5 3 1 3 3 8 2 7 1 4 1 10 4 7 7 4 0
,
0 18 32 7 41 22 31 13 37 24 36 31 29 18 38 27 25 10 31 18 28 19 32 14 53 17 41 16 36 13
37 0 6 38 21 23 13 15 17 18 34 19 13 18 31 19 30 13 17 28 16 24 7 15 44 24 14 27 12 35
20 7 0 48 8 34 4 6 46 17 25 40 14 25 22 30 11 23 42 25 38 33 8 10 57 23 26 23 4 16
6 23 28 0 41 13 36 15 29 19 27 16 28 31 58 32 55 29 60 50 42 17 32 23 38 27 48 38 36 25
54 19 19 30 0 20 19 12 71 19 54 24 10 23 4 13 7 28 33 4 48 14 28 25 70 18 28 51 7 21
22 39 15 9 34 0 25 18 41 10 28 39 35 34 34 8 24 16 28 15 35 4 17 11 38 27 56 38 17 9
23 8 7 39 12 32 0 4 22 5 26 28 14 11 19 12 22 19 23 19 21 20 5 7 58 8 32 40 10 19
29 10 7 41 12 10 4 0 28 4 37 18 21 14 25 11 25 11 41 12 20 13 7 7 33 11 28 20 16 18
41 39 22 38 65 51 33 52 0 56 13 9 39 16 75 30 31 47 17 60 16 41 35 58 3 18 16 12 45 26
29 24 18 18 17 13 12 3 39 0 37 35 14 15 17 17 11 9 18 13 21 10 6 7 27 8 39 18 12 13
21 32 31 39 34 41 22 38 14 37 0 4 49 14 68 35 28 26 9 61 6 42 33 34 9 28 21 4 41 34
20 20 22 40 25 40 33 19 11 16 6 0 20 8 54 51 25 18 18 43 9 47 29 25 19 9 15 3 49 32
41 26 6 32 14 27 11 9 32 32 59 29 0 35 13 36 20 18 48 22 41 31 20 19 35 40 35 30 6 18
24 13 24 16 20 15 22 14 27 12 8 8 19 0 20 27 23 8 12 17 9 14 16 23 32 7 21 17 16 31
45 37 22 33 4 26 19 14 35 11 44 57 16 30 0 21 4 18 38 4 61 19 19 30 61 20 39 59 11 10
35 15 21 37 19 13 19 14 36 20 37 19 21 33 17 0 14 22 37 10 21 5 22 6 39 31 35 28 30 3
55 35 30 37 8 20 24 19 58 11 47 32 12 30 4 16 0 26 43 2 46 14 19 25 65 44 24 27 22 14
21 9 25 16 18 9 17 6 38 4 31 23 40 5 27 28 25 0 20 13 12 13 13 6 24 2 27 13 16 10
45 28 37 52 50 25 26 30 8 41 12 8 47 22 64 58 25 29 0 45 17 34 22 32 15 22 9 9 20 32
53 26 23 44 6 21 19 26 41 15 64 57 12 23 3 12 2 24 55 0 58 14 25 16 62 18 50 38 15 12
16 23 39 37 50 21 44 24 24 40 10 6 51 24 28 44 30 16 23 50 0 23 18 34 11 25 21 14 22 23
29 22 26 25 16 6 17 21 58 16 52 30 24 31 21 7 14 19 55 23 43 0 15 4 38 22 27 47 22 4
26 11 9 43 12 16 7 7 24 12 13 13 14 15 25 25 16 8 17 27 23 12 0 13 46 12 18 12 10 20
14 30 11 28 11 7 11 16 38 5 30 36 30 14 20 13 13 13 38 13 30 3 10 0 42 14 33 41 31 7
21 23 54 58 72 63 58 53 2 51 10 12 72 19 50 58 32 22 12 31 10 34 45 46 0 25 34 18 48 27
13 10 24 13 35 22 8 8 23 10 29 15 32 4 39 22 36 3 27 22 10 21 8 7 42 0 32 12 21 25
56 6 11 53 53 39 19 34 32 20 24 26 39 18 32 29 46 30 12 23 29 21 14 17 23 19 0 18 20 32
19 30 26 18 35 46 20 29 15 23 4 5 44 13 27 56 25 27 8 61 14 29 14 15 11 16 21 0 45 23
53 15 4 38 14 36 11 20 37 12 38 42 5 20 19 31 21 21 34 16 24 31 13 25 57 31 13 38 0 26
32 39 12 18 12 5 11 10 59 11 28 32 24 30 16 3 14 19 55 18 27 4 22 8 40 16 42 36 16 0