5
30
,
0 (43.0, 7.0) 23.0
1 (18.0, 31.0) 23.0
2 (13.0, 23.0) 24.0
3 (43.0, 1.0) 21.0
4 (5.0, 11.0) 30.0
5 (28.0, 1.0) 26.0
6 (16.0, 19.0) 16.0
7 (21.0, 18.0) 14.0
8 (47.0, 45.0) 12.0
9 (24.0, 14.0) 28.0
10 (42.0, 35.0) 40.0
11 (41.0, 30.0) 26.0
12 (3.0, 22.0) 18.0
13 (30.0, 25.0) 16.0
14 (4.0, 8.0) 14.0
15 (17.0, 2.0) 18.0
16 (5.0, 5.0) 49.0
17 (30.0, 17.0) 38.0
18 (34.0, 42.0) 17.0
19 (7.0, 6.0) 11.0
20 (47.0, 29.0) 28.0
21 (23.0, 3.0) 39.0
22 (19.0, 23.0) 37.0
23 (25.0, 8.0) 16.0
24 (48.0, 43.0) 17.0
25 (30.0, 20.0) 15.0
26 (24.0, 41.0) 30.0
27 (38.0, 35.0) 27.0
28 (8.0, 22.0) 49.0
29 (19.0, 5.0) 10.0
,
0 7 7 1 8 3 6 5 8 4 6 5 9 4 8 5 8 3 7 7 4 4 6 4 7 4 8 6 8 5
7 0 2 8 5 6 2 3 6 4 5 5 3 3 5 6 6 4 4 5 6 6 2 5 6 3 2 4 3 5
7 2 0 7 3 5 1 2 8 3 6 6 2 3 3 4 4 4 6 4 7 4 1 4 8 3 4 6 1 4
1 8 7 0 8 3 6 6 9 5 7 6 9 5 8 5 8 4 8 7 6 4 7 4 8 5 9 7 8 5
8 5 3 8 0 5 3 3 11 4 9 8 2 6 1 3 1 5 8 1 9 4 4 4 11 5 7 8 2 3
3 6 5 3 5 0 4 4 10 3 7 6 7 5 5 2 5 3 8 4 7 1 5 2 9 4 8 7 6 2
6 2 1 6 3 4 0 1 8 2 6 5 3 3 3 3 4 3 6 3 7 3 1 3 8 3 5 5 2 3
5 3 2 6 3 4 1 0 7 1 5 5 4 2 4 3 4 2 5 4 6 3 1 2 7 2 5 5 3 3
8 6 8 9 11 10 8 7 0 8 2 3 10 5 11 10 12 7 3 11 3 10 7 9 0 6 5 3 9 10
4 4 3 5 4 3 2 1 8 0 6 5 4 3 4 3 4 1 6 4 5 2 2 1 8 2 5 5 4 2
6 5 6 7 9 7 6 5 2 6 0 1 8 3 9 8 10 4 2 9 2 7 5 6 2 4 4 1 7 8
5 5 6 6 8 6 5 5 3 5 1 0 8 2 9 7 9 3 3 8 1 6 5 5 3 3 4 1 7 7
9 3 2 9 2 7 3 4 10 4 8 8 0 5 3 5 3 5 7 3 9 6 3 5 10 5 6 7 1 5
4 3 3 5 6 5 3 2 5 3 3 2 5 0 6 5 6 2 3 6 3 5 2 4 5 1 3 3 4 5
8 5 3 8 1 5 3 4 11 4 9 9 3 6 0 3 1 6 9 1 10 4 4 4 11 6 8 9 3 3
5 6 4 5 3 2 3 3 10 3 8 7 5 5 3 0 2 4 9 2 8 1 4 2 10 4 8 8 4 1
8 6 4 8 1 5 4 4 12 4 10 9 3 6 1 2 0 6 9 0 10 4 5 4 11 6 8 9 3 3
3 4 4 4 5 3 3 2 7 1 4 3 5 2 6 4 6 0 5 5 4 3 3 2 6 1 5 4 5 3
7 4 6 8 8 8 6 5 3 6 2 3 7 3 9 9 9 5 0 9 4 8 5 7 3 4 2 2 7 8
7 5 4 7 1 4 3 4 11 4 9 8 3 6 1 2 0 5 9 0 9 3 4 4 11 5 8 8 3 2
4 6 7 6 9 7 7 6 3 5 2 1 9 3 10 8 10 4 4 9 0 7 6 6 3 4 5 2 8 7
4 6 4 4 4 1 3 3 10 2 7 6 6 5 4 1 4 3 8 3 7 0 4 1 9 4 8 7 5 1
6 2 1 7 4 5 1 1 7 2 5 5 3 2 4 4 5 3 5 4 6 4 0 3 7 2 4 4 2 4
4 5 4 4 4 2 3 2 9 1 6 5 5 4 4 2 4 2 7 4 6 1 3 0 8 3 7 6 4 1
7 6 8 8 11 9 8 7 0 8 2 3 10 5 11 10 11 6 3 11 3 9 7 8 0 6 5 3 9 10
4 3 3 5 5 4 3 2 6 2 4 3 5 1 6 4 6 1 4 5 4 4 2 3 6 0 4 3 4 4
8 2 4 9 7 8 5 5 5 5 4 4 6 3 8 8 8 5 2 8 5 8 4 7 5 4 0 3 5 7
6 4 6 7 8 7 5 5 3 5 1 1 7 3 9 8 9 4 2 8 2 7 4 6 3 3 3 0 7 7
8 3 1 8 2 6 2 3 9 4 7 7 1 4 3 4 3 5 7 3 8 5 2 4 9 4 5 7 0 4
5 5 4 5 3 2 3 3 10 2 8 7 5 5 3 1 3 3 8 2 7 1 4 1 10 4 7 7 4 0
,
0 42 47 5 38 12 23 15 54 16 28 17 47 26 24 15 54 14 20 44 27 11 23 16 45 12 36 43 48 30
21 0 5 57 20 44 9 12 44 24 28 29 26 19 38 43 23 12 19 21 30 28 10 33 29 20 6 18 18 26
42 7 0 20 9 38 7 11 29 17 20 20 12 14 10 20 29 11 19 22 20 33 4 20 50 11 12 41 4 16
5 23 33 0 43 11 24 28 38 17 45 19 31 36 34 15 57 27 54 18 25 27 42 26 25 25 57 36 47 21
53 27 9 31 0 16 14 16 28 13 62 22 12 35 2 22 4 35 47 7 43 16 11 10 60 23 31 39 14 16
12 33 38 15 20 0 26 11 59 9 44 25 34 29 16 6 13 14 42 16 29 4 22 8 46 19 23 34 34 5
28 8 7 20 15 25 0 4 57 6 15 15 7 11 17 17 22 8 28 21 35 12 3 13 44 8 16 27 12 12
15 8 9 26 19 14 7 0 35 7 22 24 15 10 20 22 20 9 34 24 23 19 5 14 46 10 20 15 17 9
36 40 53 24 60 57 21 25 0 31 10 10 55 15 46 50 83 27 16 45 16 50 40 26 2 17 21 10 28 51
22 12 20 17 18 18 14 4 23 0 15 17 17 11 29 16 11 4 38 16 21 9 9 7 29 6 30 16 22 12
25 19 45 50 59 42 38 25 8 16 0 6 45 9 26 38 45 31 13 68 10 21 31 38 9 18 15 5 19 25
29 18 42 19 33 16 33 29 11 16 4 0 52 11 26 22 43 21 9 34 5 46 28 25 8 14 14 5 34 21
37 10 5 31 11 39 16 10 70 16 25 57 0 23 17 22 21 35 29 16 46 33 23 15 70 37 17 22 6 30
26 15 19 17 21 29 17 14 24 9 9 9 37 0 16 34 38 5 20 20 20 15 6 17 38 5 18 16 14 31
53 39 15 26 3 21 13 29 58 15 58 34 19 40 0 13 3 14 40 4 46 25 23 14 61 19 27 41 18 13
15 27 11 27 13 12 10 20 67 13 33 31 31 17 10 0 15 23 36 10 60 6 18 15 67 12 27 47 18 4
37 18 16 57 4 20 16 29 77 23 70 28 15 18 2 8 0 40 36 1 44 12 21 17 84 37 37 30 9 10
20 12 10 29 25 12 8 7 20 7 27 17 37 4 37 20 16 0 14 37 22 20 11 9 19 2 13 17 30 12
25 23 24 35 30 32 38 38 13 16 10 7 37 17 29 55 50 38 0 59 20 25 26 22 17 29 6 12 28 57
24 27 21 37 3 14 8 11 38 23 49 55 11 19 2 14 2 31 56 0 45 24 23 15 41 28 23 42 17 15
19 20 34 26 47 29 35 21 9 20 11 6 54 15 28 45 67 31 20 36 0 35 15 36 12 22 25 8 26 20
17 36 25 22 25 8 13 12 41 16 29 42 19 24 18 7 12 15 33 17 27 0 14 4 39 22 53 41 28 3
23 8 6 47 13 34 7 4 53 14 18 28 20 10 20 19 24 18 23 27 30 20 0 24 46 17 23 26 13 13
16 29 28 25 15 4 14 12 50 3 17 18 22 26 25 8 19 15 52 20 24 5 24 0 58 15 49 42 29 4
43 21 38 46 29 60 39 28 3 27 14 10 37 26 48 67 60 46 13 76 8 29 44 36 0 40 23 11 36 71
27 13 26 23 30 22 14 10 35 12 17 11 29 7 20 18 43 4 19 19 22 14 7 9 22 0 18 20 20 16
40 6 17 36 38 40 30 23 30 15 26 14 20 11 38 34 23 37 14 41 20 50 24 47 27 20 0 19 15 22
33 19 41 50 43 27 21 18 15 31 4 4 19 8 60 24 59 15 10 22 12 39 30 29 13 21 20 0 30 52
30 14 7 47 9 41 12 7 46 19 47 37 6 26 11 14 23 18 17 10 51 23 6 24 28 28 20 47 0 26
16 37 16 18 20 9 8 16 36 15 34 34 23 15 9 2 18 11 53 15 19 4 25 4 33 19 25 25 15 0