5
30
,
0 (43.0, 7.0) 17.0
1 (18.0, 31.0) 18.0
2 (13.0, 23.0) 13.0
3 (43.0, 1.0) 39.0
4 (5.0, 11.0) 38.0
5 (28.0, 1.0) 39.0
6 (16.0, 19.0) 12.0
7 (21.0, 18.0) 37.0
8 (47.0, 45.0) 19.0
9 (24.0, 14.0) 25.0
10 (42.0, 35.0) 39.0
11 (41.0, 30.0) 15.0
12 (3.0, 22.0) 21.0
13 (30.0, 25.0) 24.0
14 (4.0, 8.0) 11.0
15 (17.0, 2.0) 10.0
16 (5.0, 5.0) 24.0
17 (30.0, 17.0) 27.0
18 (34.0, 42.0) 37.0
19 (7.0, 6.0) 33.0
20 (47.0, 29.0) 16.0
21 (23.0, 3.0) 23.0
22 (19.0, 23.0) 36.0
23 (25.0, 8.0) 14.0
24 (48.0, 43.0) 30.0
25 (30.0, 20.0) 23.0
26 (24.0, 41.0) 40.0
27 (38.0, 35.0) 25.0
28 (8.0, 22.0) 11.0
29 (19.0, 5.0) 13.0
,
0 7 7 1 8 3 6 5 8 4 6 5 9 4 8 5 8 3 7 7 4 4 6 4 7 4 8 6 8 5
7 0 2 8 5 6 2 3 6 4 5 5 3 3 5 6 6 4 4 5 6 6 2 5 6 3 2 4 3 5
7 2 0 7 3 5 1 2 8 3 6 6 2 3 3 4 4 4 6 4 7 4 1 4 8 3 4 6 1 4
1 8 7 0 8 3 6 6 9 5 7 6 9 5 8 5 8 4 8 7 6 4 7 4 8 5 9 7 8 5
8 5 3 8 0 5 3 3 11 4 9 8 2 6 1 3 1 5 8 1 9 4 4 4 11 5 7 8 2 3
3 6 5 3 5 0 4 4 10 3 7 6 7 5 5 2 5 3 8 4 7 1 5 2 9 4 8 7 6 2
6 2 1 6 3 4 0 1 8 2 6 5 3 3 3 3 4 3 6 3 7 3 1 3 8 3 5 5 2 3
5 3 2 6 3 4 1 0 7 1 5 5 4 2 4 3 4 2 5 4 6 3 1 2 7 2 5 5 3 3
8 6 8 9 11 10 8 7 0 8 2 3 10 5 11 10 12 7 3 11 3 10 7 9 0 6 5 3 9 10
4 4 3 5 4 3 2 1 8 0 6 5 4 3 4 3 4 1 6 4 5 2 2 1 8 2 5 5 4 2
6 5 6 7 9 7 6 5 2 6 0 1 8 3 9 8 10 4 2 9 2 7 5 6 2 4 4 1 7 8
5 5 6 6 8 6 5 5 3 5 1 0 8 2 9 7 9 3 3 8 1 6 5 5 3 3 4 1 7 7
9 3 2 9 2 7 3 4 10 4 8 8 0 5 3 5 3 5 7 3 9 6 3 5 10 5 6 7 1 5
4 3 3 5 6 5 3 2 5 3 3 2 5 0 6 5 6 2 3 6 3 5 2 4 5 1 3 3 4 5
8 5 3 8 1 5 3 4 11 4 9 9 3 6 0 3 1 6 9 1 10 4 4 4 11 6 8 9 3 3
5 6 4 5 3 2 3 3 10 3 8 7 5 5 3 0 2 4 9 2 8 1 4 2 10 4 8 8 4 1
8 6 4 8 1 5 4 4 12 4 10 9 3 6 1 2 0 6 9 0 10 4 5 4 11 6 8 9 3 3
3 4 4 4 5 3 3 2 7 1 4 3 5 2 6 4 6 0 5 5 4 3 3 2 6 1 5 4 5 3
7 4 6 8 8 8 6 5 3 6 2 3 7 3 9 9 9 5 0 9 4 8 5 7 3 4 2 2 7 8
7 5 4 7 1 4 3 4 11 4 9 8 3 6 1 2 0 5 9 0 9 3 4 4 11 5 8 8 3 2
4 6 7 6 9 7 7 6 3 5 2 1 9 3 10 8 10 4 4 9 0 7 6 6 3 4 5 2 8 7
4 6 4 4 4 1 3 3 10 2 7 6 6 5 4 1 4 3 8 3 7 0 4 1 9 4 8 7 5 1
6 2 1 7 4 5 1 1 7 2 5 5 3 2 4 4 5 3 5 4 6 4 0 3 7 2 4 4 2 4
4 5 4 4 4 2 3 2 9 1 6 5 5 4 4 2 4 2 7 4 6 1 3 0 8 3 7 6 4 1
7 6 8 8 11 9 8 7 0 8 2 3 10 5 11 10 11 6 3 11 3 9 7 8 0 6 5 3 9 10
4 3 3 5 5 4 3 2 6 2 4 3 5 1 6 4 6 1 4 5 4 4 2 3 6 0 4 3 4 4
8 2 4 9 7 8 5 5 5 5 4 4 6 3 8 8 8 5 2 8 5 8 4 7 5 4 0 3 5 7
6 4 6 7 8 7 5 5 3 5 1 1 7 3 9 8 9 4 2 8 2 7 4 6 3 3 3 0 7 7
8 3 1 8 2 6 2 3 9 4 7 7 1 4 3 4 3 5 7 3 8 5 2 4 9 4 5 7 0 4
5 5 4 5 3 2 3 3 10 2 8 7 5 5 3 1 3 3 8 2 7 1 4 1 10 4 7 7 4 0
,
0 32 25 5 31 10 37 33 31 12 32 25 33 14 22 33 45 25 34 45 24 30 23 18 28 20 53 16 40 19
26 0 6 20 34 21 10 18 45 12 32 19 12 16 32 42 31 20 16 25 18 20 5 32 40 17 12 21 8 36
51 8 0 36 9 18 4 5 59 15 19 34 14 12 26 11 27 12 23 11 34 32 9 21 38 11 32 25 7 13
5 48 22 0 25 17 27 37 46 34 40 40 60 39 36 28 54 25 44 22 23 20 23 29 36 19 48 27 59 15
29 25 17 37 0 24 12 13 77 10 39 27 6 36 3 14 6 26 53 4 48 22 24 16 30 36 44 37 12 8
14 38 34 15 22 0 30 22 62 10 19 22 20 25 33 10 27 19 27 14 33 6 27 5 32 17 49 41 17 12
42 14 7 31 19 18 0 6 25 11 30 33 8 18 20 16 10 9 41 20 34 15 6 11 42 16 15 35 8 14
30 20 9 33 25 21 7 0 49 6 29 30 17 10 27 18 28 7 19 17 31 16 7 13 21 6 27 23 19 9
44 36 32 53 49 35 26 53 0 42 12 15 44 33 29 59 81 45 19 41 13 31 27 59 1 19 22 20 62 60
11 25 8 34 28 18 7 5 54 0 21 26 29 10 25 21 25 6 26 20 20 7 6 4 23 6 15 32 13 8
38 30 23 33 60 42 39 35 9 34 0 4 24 13 60 32 28 27 6 61 7 35 32 36 14 19 21 4 53 36
26 33 28 32 21 24 24 12 9 20 4 0 54 8 40 32 23 17 12 48 6 16 32 24 11 11 11 3 50 24
59 10 11 27 9 43 19 15 55 24 46 37 0 27 19 21 9 35 24 8 45 23 19 28 68 17 25 51 7 12
17 11 17 36 34 31 9 9 20 13 12 16 29 0 29 38 19 5 16 39 25 19 15 11 32 3 11 7 19 28
43 15 17 27 5 36 14 19 85 16 58 44 11 36 0 14 3 22 67 2 54 18 12 16 53 29 32 25 17 21
26 35 22 25 22 15 23 18 32 18 29 55 21 32 21 0 8 16 27 14 45 4 26 14 75 27 34 51 32 5
53 39 13 22 5 16 13 27 33 25 71 60 12 44 4 13 0 31 27 3 45 16 32 13 62 34 48 34 10 8
9 11 19 15 34 8 8 9 18 9 25 15 27 10 18 17 25 0 22 34 25 14 14 9 38 4 36 25 30 13
24 14 21 56 26 27 17 19 7 36 14 12 35 24 29 34 28 28 0 43 28 32 19 46 9 18 7 6 17 60
32 21 11 52 5 28 11 21 42 10 48 50 18 40 3 9 3 18 66 0 25 12 28 16 58 25 56 62 15 7
23 19 32 41 66 36 48 24 12 40 11 8 46 23 59 35 27 11 24 56 0 53 16 22 19 16 37 12 36 19
23 23 22 21 28 6 20 11 38 15 44 45 38 31 20 3 19 15 40 22 48 0 15 6 28 16 48 27 33 3
26 8 6 41 22 14 4 7 19 14 33 29 19 13 27 12 15 9 31 28 35 21 0 19 32 15 10 15 15 24
14 26 25 23 20 11 13 9 29 8 40 15 34 15 23 12 27 10 44 24 29 8 16 0 32 13 48 35 27 4
53 16 33 52 59 47 56 24 2 46 12 13 59 14 31 32 39 39 10 69 15 43 29 34 0 25 28 17 43 26
24 23 9 22 37 27 12 12 19 7 25 14 28 3 21 18 31 2 23 29 27 24 14 16 31 0 33 20 16 19
50 11 11 52 21 23 31 28 15 33 14 14 22 26 46 31 36 22 7 29 28 48 9 40 12 24 0 14 30 25
15 26 31 34 36 22 20 27 9 14 4 5 26 11 65 49 28 27 9 35 7 42 29 35 19 12 19 0 41 41
40 7 7 22 11 19 11 14 43 13 50 49 4 21 10 18 11 16 43 22 41 27 8 22 53 15 18 41 0 11
31 22 25 29 18 6 14 17 73 15 21 24 15 15 18 4 20 24 59 16 34 5 19 4 57 19 19 53 12 0