5
30
,
0 (43.0, 7.0) 15.0
1 (18.0, 31.0) 22.0
2 (13.0, 23.0) 30.0
3 (43.0, 1.0) 22.0
4 (5.0, 11.0) 22.0
5 (28.0, 1.0) 36.0
6 (16.0, 19.0) 33.0
7 (21.0, 18.0) 11.0
8 (47.0, 45.0) 25.0
9 (24.0, 14.0) 42.0
10 (42.0, 35.0) 26.0
11 (41.0, 30.0) 38.0
12 (3.0, 22.0) 15.0
13 (30.0, 25.0) 11.0
14 (4.0, 8.0) 32.0
15 (17.0, 2.0) 23.0
16 (5.0, 5.0) 18.0
17 (30.0, 17.0) 32.0
18 (34.0, 42.0) 42.0
19 (7.0, 6.0) 48.0
20 (47.0, 29.0) 44.0
21 (23.0, 3.0) 33.0
22 (19.0, 23.0) 26.0
23 (25.0, 8.0) 12.0
24 (48.0, 43.0) 42.0
25 (30.0, 20.0) 17.0
26 (24.0, 41.0) 13.0
27 (38.0, 35.0) 22.0
28 (8.0, 22.0) 11.0
29 (19.0, 5.0) 18.0
,
0 7 7 1 8 3 6 5 8 4 6 5 9 4 8 5 8 3 7 7 4 4 6 4 7 4 8 6 8 5
7 0 2 8 5 6 2 3 6 4 5 5 3 3 5 6 6 4 4 5 6 6 2 5 6 3 2 4 3 5
7 2 0 7 3 5 1 2 8 3 6 6 2 3 3 4 4 4 6 4 7 4 1 4 8 3 4 6 1 4
1 8 7 0 8 3 6 6 9 5 7 6 9 5 8 5 8 4 8 7 6 4 7 4 8 5 9 7 8 5
8 5 3 8 0 5 3 3 11 4 9 8 2 6 1 3 1 5 8 1 9 4 4 4 11 5 7 8 2 3
3 6 5 3 5 0 4 4 10 3 7 6 7 5 5 2 5 3 8 4 7 1 5 2 9 4 8 7 6 2
6 2 1 6 3 4 0 1 8 2 6 5 3 3 3 3 4 3 6 3 7 3 1 3 8 3 5 5 2 3
5 3 2 6 3 4 1 0 7 1 5 5 4 2 4 3 4 2 5 4 6 3 1 2 7 2 5 5 3 3
8 6 8 9 11 10 8 7 0 8 2 3 10 5 11 10 12 7 3 11 3 10 7 9 0 6 5 3 9 10
4 4 3 5 4 3 2 1 8 0 6 5 4 3 4 3 4 1 6 4 5 2 2 1 8 2 5 5 4 2
6 5 6 7 9 7 6 5 2 6 0 1 8 3 9 8 10 4 2 9 2 7 5 6 2 4 4 1 7 8
5 5 6 6 8 6 5 5 3 5 1 0 8 2 9 7 9 3 3 8 1 6 5 5 3 3 4 1 7 7
9 3 2 9 2 7 3 4 10 4 8 8 0 5 3 5 3 5 7 3 9 6 3 5 10 5 6 7 1 5
4 3 3 5 6 5 3 2 5 3 3 2 5 0 6 5 6 2 3 6 3 5 2 4 5 1 3 3 4 5
8 5 3 8 1 5 3 4 11 4 9 9 3 6 0 3 1 6 9 1 10 4 4 4 11 6 8 9 3 3
5 6 4 5 3 2 3 3 10 3 8 7 5 5 3 0 2 4 9 2 8 1 4 2 10 4 8 8 4 1
8 6 4 8 1 5 4 4 12 4 10 9 3 6 1 2 0 6 9 0 10 4 5 4 11 6 8 9 3 3
3 4 4 4 5 3 3 2 7 1 4 3 5 2 6 4 6 0 5 5 4 3 3 2 6 1 5 4 5 3
7 4 6 8 8 8 6 5 3 6 2 3 7 3 9 9 9 5 0 9 4 8 5 7 3 4 2 2 7 8
7 5 4 7 1 4 3 4 11 4 9 8 3 6 1 2 0 5 9 0 9 3 4 4 11 5 8 8 3 2
4 6 7 6 9 7 7 6 3 5 2 1 9 3 10 8 10 4 4 9 0 7 6 6 3 4 5 2 8 7
4 6 4 4 4 1 3 3 10 2 7 6 6 5 4 1 4 3 8 3 7 0 4 1 9 4 8 7 5 1
6 2 1 7 4 5 1 1 7 2 5 5 3 2 4 4 5 3 5 4 6 4 0 3 7 2 4 4 2 4
4 5 4 4 4 2 3 2 9 1 6 5 5 4 4 2 4 2 7 4 6 1 3 0 8 3 7 6 4 1
7 6 8 8 11 9 8 7 0 8 2 3 10 5 11 10 11 6 3 11 3 9 7 8 0 6 5 3 9 10
4 3 3 5 5 4 3 2 6 2 4 3 5 1 6 4 6 1 4 5 4 4 2 3 6 0 4 3 4 4
8 2 4 9 7 8 5 5 5 5 4 4 6 3 8 8 8 5 2 8 5 8 4 7 5 4 0 3 5 7
6 4 6 7 8 7 5 5 3 5 1 1 7 3 9 8 9 4 2 8 2 7 4 6 3 3 3 0 7 7
8 3 1 8 2 6 2 3 9 4 7 7 1 4 3 4 3 5 7 3 8 5 2 4 9 4 5 7 0 4
5 5 4 5 3 2 3 3 10 2 8 7 5 5 3 1 3 3 8 2 7 1 4 1 10 4 7 7 4 0
,
0 26 18 4 36 10 33 35 35 29 33 32 37 16 21 33 48 14 37 51 22 27 39 16 21 25 50 23 20 14
45 0 6 29 21 17 11 9 44 12 35 27 12 19 39 28 30 11 27 36 26 19 4 17 35 22 17 15 9 39
43 5 0 25 14 33 5 12 32 9 17 36 13 25 15 19 12 26 30 9 52 33 7 12 36 24 19 23 6 12
3 55 47 0 32 17 29 35 38 27 36 40 24 35 52 23 24 28 47 42 30 19 24 21 51 29 27 47 55 17
33 16 13 58 0 20 8 19 55 15 62 57 14 20 2 19 8 35 22 4 66 15 22 25 68 35 31 45 9 13
18 20 27 20 14 0 17 20 37 9 44 16 22 16 35 10 19 18 27 24 32 5 33 8 38 22 44 35 41 10
18 14 3 19 16 11 0 3 30 12 38 29 7 10 22 13 17 15 25 17 18 17 7 7 28 11 12 37 11 18
29 13 12 31 16 14 5 0 28 4 38 21 21 13 28 24 29 11 25 14 26 16 3 16 29 10 24 26 19 16
52 26 49 25 43 35 28 50 0 38 10 15 41 17 41 56 55 27 15 55 24 44 29 44 2 29 18 8 28 45
23 11 8 14 27 14 5 4 35 0 36 17 20 17 16 19 22 8 34 21 19 9 5 7 46 8 34 17 15 9
34 25 16 26 38 26 30 21 12 33 0 4 60 19 55 24 58 22 8 45 10 26 33 32 6 20 11 3 51 30
32 18 26 42 48 38 37 27 19 14 5 0 23 15 29 52 59 12 8 32 8 28 20 40 17 19 28 6 46 23
51 12 11 34 13 34 8 19 49 31 39 22 0 20 15 28 17 21 24 9 60 38 11 35 43 26 37 28 6 13
28 7 24 31 30 23 18 17 17 14 21 9 17 0 46 34 32 11 18 36 26 28 15 21 16 6 25 15 27 33
54 39 11 31 3 28 23 28 67 15 47 64 16 45 0 15 3 21 54 4 35 24 14 28 70 15 54 63 11 16
14 23 30 22 10 6 19 15 54 9 57 52 32 27 10 0 18 30 64 9 29 4 30 8 49 23 36 35 28 2
30 28 23 51 9 32 18 28 60 28 55 35 11 31 2 16 0 35 40 3 59 23 18 26 36 20 21 22 21 13
21 22 23 16 19 13 12 8 37 4 18 24 27 5 27 18 15 0 35 35 30 21 15 10 32 3 19 25 18 19
47 19 23 56 61 37 36 32 10 40 6 18 48 10 40 55 48 27 0 28 18 49 23 45 19 12 11 11 33 40
32 32 15 26 8 32 9 14 44 22 29 54 24 32 5 5 2 21 44 0 53 23 26 26 41 25 35 43 21 16
29 26 35 26 58 38 24 33 18 32 8 8 35 13 31 52 52 11 18 35 0 41 23 40 16 23 38 12 49 40
24 43 17 16 18 5 14 22 36 13 25 37 25 23 23 8 17 11 24 18 33 0 23 7 52 27 31 36 13 3
16 8 6 22 18 21 7 3 34 14 38 20 13 11 11 18 21 13 14 22 21 28 0 13 47 9 21 33 15 18
15 20 11 21 27 8 17 6 49 5 42 18 36 11 31 9 20 7 23 19 44 5 19 0 21 16 44 38 24 6
53 48 54 29 77 31 33 51 3 28 7 20 27 27 73 47 52 30 20 61 19 39 50 34 0 43 22 17 54 71
17 23 25 24 33 19 18 13 19 5 13 15 22 5 33 16 17 2 24 34 27 22 13 15 35 0 17 9 12 25
54 16 15 59 53 40 29 28 12 28 28 15 33 16 42 41 60 28 14 36 28 37 21 27 23 20 0 19 29 40
32 21 22 32 52 29 35 13 7 22 3 8 25 13 57 58 61 20 7 33 6 45 18 25 8 9 17 0 30 50
27 19 7 56 12 37 7 20 25 23 31 34 7 26 14 17 22 13 22 9 24 32 9 17 43 22 31 31 0 13
19 29 13 25 16 6 15 10 55 9 48 50 31 17 23 5 10 14 48 8 39 7 11 5 66 24 29 27 14 0