5
30
,
0 (43.0, 7.0) 15.0
1 (18.0, 31.0) 11.0
2 (13.0, 23.0) 39.0
3 (43.0, 1.0) 16.0
4 (5.0, 11.0) 22.0
5 (28.0, 1.0) 37.0
6 (16.0, 19.0) 30.0
7 (21.0, 18.0) 31.0
8 (47.0, 45.0) 50.0
9 (24.0, 14.0) 27.0
10 (42.0, 35.0) 21.0
11 (41.0, 30.0) 21.0
12 (3.0, 22.0) 12.0
13 (30.0, 25.0) 47.0
14 (4.0, 8.0) 46.0
15 (17.0, 2.0) 13.0
16 (5.0, 5.0) 28.0
17 (30.0, 17.0) 14.0
18 (34.0, 42.0) 46.0
19 (7.0, 6.0) 13.0
20 (47.0, 29.0) 24.0
21 (23.0, 3.0) 39.0
22 (19.0, 23.0) 14.0
23 (25.0, 8.0) 12.0
24 (48.0, 43.0) 21.0
25 (30.0, 20.0) 12.0
26 (24.0, 41.0) 11.0
27 (38.0, 35.0) 27.0
28 (8.0, 22.0) 46.0
29 (19.0, 5.0) 49.0
,
0 7 7 1 8 3 6 5 8 4 6 5 9 4 8 5 8 3 7 7 4 4 6 4 7 4 8 6 8 5
7 0 2 8 5 6 2 3 6 4 5 5 3 3 5 6 6 4 4 5 6 6 2 5 6 3 2 4 3 5
7 2 0 7 3 5 1 2 8 3 6 6 2 3 3 4 4 4 6 4 7 4 1 4 8 3 4 6 1 4
1 8 7 0 8 3 6 6 9 5 7 6 9 5 8 5 8 4 8 7 6 4 7 4 8 5 9 7 8 5
8 5 3 8 0 5 3 3 11 4 9 8 2 6 1 3 1 5 8 1 9 4 4 4 11 5 7 8 2 3
3 6 5 3 5 0 4 4 10 3 7 6 7 5 5 2 5 3 8 4 7 1 5 2 9 4 8 7 6 2
6 2 1 6 3 4 0 1 8 2 6 5 3 3 3 3 4 3 6 3 7 3 1 3 8 3 5 5 2 3
5 3 2 6 3 4 1 0 7 1 5 5 4 2 4 3 4 2 5 4 6 3 1 2 7 2 5 5 3 3
8 6 8 9 11 10 8 7 0 8 2 3 10 5 11 10 12 7 3 11 3 10 7 9 0 6 5 3 9 10
4 4 3 5 4 3 2 1 8 0 6 5 4 3 4 3 4 1 6 4 5 2 2 1 8 2 5 5 4 2
6 5 6 7 9 7 6 5 2 6 0 1 8 3 9 8 10 4 2 9 2 7 5 6 2 4 4 1 7 8
5 5 6 6 8 6 5 5 3 5 1 0 8 2 9 7 9 3 3 8 1 6 5 5 3 3 4 1 7 7
9 3 2 9 2 7 3 4 10 4 8 8 0 5 3 5 3 5 7 3 9 6 3 5 10 5 6 7 1 5
4 3 3 5 6 5 3 2 5 3 3 2 5 0 6 5 6 2 3 6 3 5 2 4 5 1 3 3 4 5
8 5 3 8 1 5 3 4 11 4 9 9 3 6 0 3 1 6 9 1 10 4 4 4 11 6 8 9 3 3
5 6 4 5 3 2 3 3 10 3 8 7 5 5 3 0 2 4 9 2 8 1 4 2 10 4 8 8 4 1
8 6 4 8 1 5 4 4 12 4 10 9 3 6 1 2 0 6 9 0 10 4 5 4 11 6 8 9 3 3
3 4 4 4 5 3 3 2 7 1 4 3 5 2 6 4 6 0 5 5 4 3 3 2 6 1 5 4 5 3
7 4 6 8 8 8 6 5 3 6 2 3 7 3 9 9 9 5 0 9 4 8 5 7 3 4 2 2 7 8
7 5 4 7 1 4 3 4 11 4 9 8 3 6 1 2 0 5 9 0 9 3 4 4 11 5 8 8 3 2
4 6 7 6 9 7 7 6 3 5 2 1 9 3 10 8 10 4 4 9 0 7 6 6 3 4 5 2 8 7
4 6 4 4 4 1 3 3 10 2 7 6 6 5 4 1 4 3 8 3 7 0 4 1 9 4 8 7 5 1
6 2 1 7 4 5 1 1 7 2 5 5 3 2 4 4 5 3 5 4 6 4 0 3 7 2 4 4 2 4
4 5 4 4 4 2 3 2 9 1 6 5 5 4 4 2 4 2 7 4 6 1 3 0 8 3 7 6 4 1
7 6 8 8 11 9 8 7 0 8 2 3 10 5 11 10 11 6 3 11 3 9 7 8 0 6 5 3 9 10
4 3 3 5 5 4 3 2 6 2 4 3 5 1 6 4 6 1 4 5 4 4 2 3 6 0 4 3 4 4
8 2 4 9 7 8 5 5 5 5 4 4 6 3 8 8 8 5 2 8 5 8 4 7 5 4 0 3 5 7
6 4 6 7 8 7 5 5 3 5 1 1 7 3 9 8 9 4 2 8 2 7 4 6 3 3 3 0 7 7
8 3 1 8 2 6 2 3 9 4 7 7 1 4 3 4 3 5 7 3 8 5 2 4 9 4 5 7 0 4
5 5 4 5 3 2 3 3 10 2 8 7 5 5 3 1 3 3 8 2 7 1 4 1 10 4 7 7 4 0
,
0 31 45 7 53 13 26 28 49 29 41 31 31 22 58 32 49 19 39 37 29 13 37 27 43 19 36 33 32 13
48 0 12 47 31 47 6 13 43 19 28 31 20 14 26 33 43 11 15 31 24 38 11 29 27 12 13 26 9 19
22 8 0 23 12 30 7 6 28 14 21 15 8 11 21 11 19 10 42 9 30 28 8 15 38 24 19 23 5 25
4 46 29 0 20 18 41 31 63 28 33 24 24 24 20 34 50 31 29 52 26 16 17 12 42 17 32 48 61 26
45 23 19 34 0 25 15 22 30 17 50 22 12 36 3 10 7 24 60 6 68 28 24 15 56 22 25 47 14 13
15 24 29 9 30 0 20 12 68 13 39 46 41 27 25 15 21 18 43 30 35 6 18 4 28 14 43 46 38 7
15 16 3 35 15 28 0 5 39 10 46 36 15 9 15 25 10 15 35 8 24 12 5 10 36 17 13 19 12 12
31 10 9 41 22 16 5 0 31 4 19 33 19 13 13 11 30 13 19 22 38 14 7 12 52 11 15 34 14 8
53 37 49 30 37 71 53 31 0 45 8 21 57 28 62 72 48 39 14 32 21 60 38 47 2 17 15 18 28 69
28 19 11 19 13 17 13 7 22 0 20 28 24 16 11 8 21 8 31 10 20 14 10 4 51 12 39 17 21 11
18 25 33 27 23 44 41 16 9 32 0 5 23 21 57 49 58 31 7 49 8 32 31 18 10 24 27 3 34 22
31 21 19 38 34 28 16 14 8 23 3 0 21 11 45 20 24 10 13 60 8 20 24 39 13 9 25 8 35 47
59 11 13 64 9 26 7 26 52 18 54 24 0 24 21 15 11 14 25 24 61 25 12 15 33 23 20 55 4 26
26 11 11 39 21 13 19 14 29 12 9 9 28 0 20 30 46 5 16 37 10 34 11 17 21 7 23 10 27 34
42 23 16 24 2 19 24 27 34 31 56 64 7 16 0 15 2 29 36 5 49 15 29 15 80 38 19 33 17 12
28 32 21 24 15 9 14 17 59 18 28 22 28 36 14 0 12 13 42 11 29 7 26 6 56 22 28 52 13 2
23 37 27 55 7 17 20 24 56 24 43 32 26 20 4 13 0 27 68 3 34 13 14 23 81 29 55 42 17 9
9 17 26 14 37 11 8 11 42 4 13 14 30 7 21 14 41 0 15 13 23 15 17 6 47 2 23 28 16 15
28 24 16 52 51 51 24 21 11 41 10 14 46 20 26 32 40 23 0 41 25 53 31 39 19 26 12 6 26 43
27 33 11 27 7 23 12 22 69 16 26 46 11 33 3 6 3 15 50 0 29 15 11 17 61 19 22 34 21 18
31 20 51 41 65 28 41 40 12 32 10 9 34 14 67 27 30 18 24 45 0 47 24 19 12 17 15 13 29 27
24 34 24 29 25 4 22 19 36 8 54 29 29 30 19 6 27 15 29 12 19 0 24 6 67 17 29 50 13 4
41 4 6 39 18 12 3 5 37 11 24 14 14 11 11 31 21 14 18 16 19 13 0 23 41 10 17 18 8 23
11 34 26 24 30 6 18 12 34 8 29 21 37 19 17 9 26 11 22 23 26 7 8 0 37 13 31 17 33 6
39 25 50 23 47 40 37 36 1 28 15 18 54 26 61 63 51 47 17 44 20 50 43 37 0 34 22 12 64 31
15 17 22 25 15 13 8 5 16 11 12 20 37 6 38 23 31 3 32 37 17 15 9 7 33 0 27 20 23 27
36 11 28 41 31 53 26 19 30 35 23 24 38 25 38 34 28 32 7 45 24 46 15 49 35 14 0 12 33 46
33 13 15 45 36 50 38 28 10 15 3 6 25 7 49 44 50 15 5 21 15 25 13 43 9 16 12 0 37 39
34 9 6 41 8 15 10 16 29 10 35 18 4 27 9 31 23 22 40 12 45 36 8 29 58 17 21 40 0 21
30 21 11 33 21 7 20 12 29 9 34 37 15 32 23 4 21 18 55 15 29 2 10 6 47 22 21 45 18 0