5
30
,
0 (43.0, 7.0) 16.0
1 (18.0, 31.0) 11.0
2 (13.0, 23.0) 23.0
3 (43.0, 1.0) 13.0
4 (5.0, 11.0) 11.0
5 (28.0, 1.0) 13.0
6 (16.0, 19.0) 28.0
7 (21.0, 18.0) 17.0
8 (47.0, 45.0) 47.0
9 (24.0, 14.0) 14.0
10 (42.0, 35.0) 27.0
11 (41.0, 30.0) 34.0
12 (3.0, 22.0) 31.0
13 (30.0, 25.0) 31.0
14 (4.0, 8.0) 29.0
15 (17.0, 2.0) 16.0
16 (5.0, 5.0) 22.0
17 (30.0, 17.0) 12.0
18 (34.0, 42.0) 34.0
19 (7.0, 6.0) 24.0
20 (47.0, 29.0) 33.0
21 (23.0, 3.0) 35.0
22 (19.0, 23.0) 12.0
23 (25.0, 8.0) 44.0
24 (48.0, 43.0) 15.0
25 (30.0, 20.0) 15.0
26 (24.0, 41.0) 42.0
27 (38.0, 35.0) 14.0
28 (8.0, 22.0) 11.0
29 (19.0, 5.0) 40.0
,
0 7 7 1 8 3 6 5 8 4 6 5 9 4 8 5 8 3 7 7 4 4 6 4 7 4 8 6 8 5
7 0 2 8 5 6 2 3 6 4 5 5 3 3 5 6 6 4 4 5 6 6 2 5 6 3 2 4 3 5
7 2 0 7 3 5 1 2 8 3 6 6 2 3 3 4 4 4 6 4 7 4 1 4 8 3 4 6 1 4
1 8 7 0 8 3 6 6 9 5 7 6 9 5 8 5 8 4 8 7 6 4 7 4 8 5 9 7 8 5
8 5 3 8 0 5 3 3 11 4 9 8 2 6 1 3 1 5 8 1 9 4 4 4 11 5 7 8 2 3
3 6 5 3 5 0 4 4 10 3 7 6 7 5 5 2 5 3 8 4 7 1 5 2 9 4 8 7 6 2
6 2 1 6 3 4 0 1 8 2 6 5 3 3 3 3 4 3 6 3 7 3 1 3 8 3 5 5 2 3
5 3 2 6 3 4 1 0 7 1 5 5 4 2 4 3 4 2 5 4 6 3 1 2 7 2 5 5 3 3
8 6 8 9 11 10 8 7 0 8 2 3 10 5 11 10 12 7 3 11 3 10 7 9 0 6 5 3 9 10
4 4 3 5 4 3 2 1 8 0 6 5 4 3 4 3 4 1 6 4 5 2 2 1 8 2 5 5 4 2
6 5 6 7 9 7 6 5 2 6 0 1 8 3 9 8 10 4 2 9 2 7 5 6 2 4 4 1 7 8
5 5 6 6 8 6 5 5 3 5 1 0 8 2 9 7 9 3 3 8 1 6 5 5 3 3 4 1 7 7
9 3 2 9 2 7 3 4 10 4 8 8 0 5 3 5 3 5 7 3 9 6 3 5 10 5 6 7 1 5
4 3 3 5 6 5 3 2 5 3 3 2 5 0 6 5 6 2 3 6 3 5 2 4 5 1 3 3 4 5
8 5 3 8 1 5 3 4 11 4 9 9 3 6 0 3 1 6 9 1 10 4 4 4 11 6 8 9 3 3
5 6 4 5 3 2 3 3 10 3 8 7 5 5 3 0 2 4 9 2 8 1 4 2 10 4 8 8 4 1
8 6 4 8 1 5 4 4 12 4 10 9 3 6 1 2 0 6 9 0 10 4 5 4 11 6 8 9 3 3
3 4 4 4 5 3 3 2 7 1 4 3 5 2 6 4 6 0 5 5 4 3 3 2 6 1 5 4 5 3
7 4 6 8 8 8 6 5 3 6 2 3 7 3 9 9 9 5 0 9 4 8 5 7 3 4 2 2 7 8
7 5 4 7 1 4 3 4 11 4 9 8 3 6 1 2 0 5 9 0 9 3 4 4 11 5 8 8 3 2
4 6 7 6 9 7 7 6 3 5 2 1 9 3 10 8 10 4 4 9 0 7 6 6 3 4 5 2 8 7
4 6 4 4 4 1 3 3 10 2 7 6 6 5 4 1 4 3 8 3 7 0 4 1 9 4 8 7 5 1
6 2 1 7 4 5 1 1 7 2 5 5 3 2 4 4 5 3 5 4 6 4 0 3 7 2 4 4 2 4
4 5 4 4 4 2 3 2 9 1 6 5 5 4 4 2 4 2 7 4 6 1 3 0 8 3 7 6 4 1
7 6 8 8 11 9 8 7 0 8 2 3 10 5 11 10 11 6 3 11 3 9 7 8 0 6 5 3 9 10
4 3 3 5 5 4 3 2 6 2 4 3 5 1 6 4 6 1 4 5 4 4 2 3 6 0 4 3 4 4
8 2 4 9 7 8 5 5 5 5 4 4 6 3 8 8 8 5 2 8 5 8 4 7 5 4 0 3 5 7
6 4 6 7 8 7 5 5 3 5 1 1 7 3 9 8 9 4 2 8 2 7 4 6 3 3 3 0 7 7
8 3 1 8 2 6 2 3 9 4 7 7 1 4 3 4 3 5 7 3 8 5 2 4 9 4 5 7 0 4
5 5 4 5 3 2 3 3 10 2 8 7 5 5 3 1 3 3 8 2 7 1 4 1 10 4 7 7 4 0
,
0 40 38 7 35 19 27 24 37 28 21 22 51 26 28 39 27 18 49 45 13 31 15 21 47 23 40 25 39 29
39 0 8 29 25 37 11 12 18 13 24 21 12 10 17 39 33 17 26 24 39 42 10 29 20 8 14 21 19 17
24 9 0 39 22 30 7 8 43 15 27 35 14 11 10 16 12 22 29 20 29 18 6 21 26 21 23 23 8 15
7 27 29 0 31 21 18 32 62 16 21 39 60 19 44 29 24 18 49 43 36 29 25 28 34 13 24 20 47 24
56 12 10 53 0 36 12 9 58 26 30 44 6 37 4 9 6 26 52 3 46 22 26 14 70 27 19 57 12 11
14 28 32 15 22 0 12 16 49 7 48 42 33 34 34 8 35 11 47 23 35 7 20 10 31 18 40 47 25 13
42 9 3 25 7 30 0 7 42 7 17 18 8 18 20 26 17 8 20 11 17 23 5 12 40 11 28 16 8 11
16 13 5 16 14 10 7 0 45 6 34 32 26 11 20 24 19 9 37 21 27 16 7 10 44 9 13 22 19 15
44 35 59 24 66 59 57 52 0 45 10 11 33 37 37 45 30 17 8 32 17 35 20 26 2 20 29 18 53 50
21 22 21 26 24 19 8 4 36 0 28 15 28 15 24 15 27 7 42 19 17 15 13 5 26 7 35 25 22 14
26 27 45 25 33 45 32 18 16 22 0 7 27 21 65 52 29 25 11 37 10 31 16 33 7 29 19 4 53 41
32 16 18 37 58 23 31 27 24 15 6 0 39 16 55 43 32 17 9 34 4 45 33 27 11 19 30 7 49 35
26 14 7 46 10 37 15 22 28 13 59 58 0 36 12 36 14 15 34 18 35 36 22 18 50 31 40 46 5 30
13 12 17 37 18 14 10 10 25 10 22 7 38 0 23 37 43 9 24 26 22 21 16 14 33 6 16 9 19 29
43 15 22 51 4 22 19 13 60 13 69 31 17 43 0 7 3 16 47 4 36 19 13 18 77 41 29 50 18 21
31 41 15 24 21 16 22 17 40 16 24 40 35 23 12 0 9 30 35 13 57 5 11 11 42 19 30 55 30 4
46 26 29 34 7 21 13 26 84 16 26 34 10 24 3 6 0 40 58 3 67 12 14 23 31 40 46 23 21 20
8 20 24 11 36 17 8 6 46 8 27 11 29 11 41 17 41 0 31 38 20 9 17 10 29 3 16 13 31 15
27 18 39 51 56 23 35 16 11 43 9 12 26 20 56 25 50 31 0 49 17 33 26 33 15 28 13 9 32 47
35 22 17 45 5 26 14 27 64 15 50 60 19 25 2 10 2 25 25 0 36 18 30 21 67 24 51 59 16 12
31 35 39 32 49 46 49 37 19 26 8 7 48 26 65 23 53 26 12 61 0 26 23 29 10 11 24 10 56 32
13 41 19 23 25 5 19 22 65 9 35 23 19 13 10 6 13 11 35 24 39 0 10 8 25 14 55 44 36 7
21 12 8 47 11 30 5 6 25 5 31 17 11 16 17 28 20 15 13 13 30 19 0 23 21 16 16 25 13 26
24 23 22 15 22 4 16 13 45 5 32 14 38 27 20 7 29 7 38 20 15 7 14 0 29 15 18 21 27 7
20 37 44 41 63 38 36 21 2 28 12 8 41 29 74 34 52 20 19 65 11 51 31 52 0 18 34 16 28 63
12 16 19 27 22 18 16 8 34 9 21 13 32 3 41 16 16 2 32 25 16 25 10 18 16 0 32 15 11 25
39 9 31 62 49 23 33 30 18 20 12 30 27 23 49 32 46 17 13 24 32 54 25 40 23 13 0 21 35 37
34 11 18 19 38 19 32 26 13 13 4 4 24 14 25 52 62 16 9 26 8 20 17 20 7 25 12 0 37 20
56 15 3 34 9 39 5 12 28 22 34 27 4 13 9 28 18 30 34 12 26 27 11 23 28 24 16 32 0 26
15 23 27 14 21 10 8 17 71 15 42 43 14 24 22 5 20 17 54 15 47 6 16 7 56 16 41 51 20 0