5
30
,
0 (43.0, 7.0) 24.0
1 (18.0, 31.0) 48.0
2 (13.0, 23.0) 11.0
3 (43.0, 1.0) 47.0
4 (5.0, 11.0) 33.0
5 (28.0, 1.0) 13.0
6 (16.0, 19.0) 49.0
7 (21.0, 18.0) 20.0
8 (47.0, 45.0) 11.0
9 (24.0, 14.0) 23.0
10 (42.0, 35.0) 37.0
11 (41.0, 30.0) 29.0
12 (3.0, 22.0) 20.0
13 (30.0, 25.0) 21.0
14 (4.0, 8.0) 45.0
15 (17.0, 2.0) 17.0
16 (5.0, 5.0) 24.0
17 (30.0, 17.0) 18.0
18 (34.0, 42.0) 13.0
19 (7.0, 6.0) 20.0
20 (47.0, 29.0) 21.0
21 (23.0, 3.0) 20.0
22 (19.0, 23.0) 28.0
23 (25.0, 8.0) 36.0
24 (48.0, 43.0) 45.0
25 (30.0, 20.0) 13.0
26 (24.0, 41.0) 47.0
27 (38.0, 35.0) 48.0
28 (8.0, 22.0) 13.0
29 (19.0, 5.0) 12.0
,
0 7 7 1 8 3 6 5 8 4 6 5 9 4 8 5 8 3 7 7 4 4 6 4 7 4 8 6 8 5
7 0 2 8 5 6 2 3 6 4 5 5 3 3 5 6 6 4 4 5 6 6 2 5 6 3 2 4 3 5
7 2 0 7 3 5 1 2 8 3 6 6 2 3 3 4 4 4 6 4 7 4 1 4 8 3 4 6 1 4
1 8 7 0 8 3 6 6 9 5 7 6 9 5 8 5 8 4 8 7 6 4 7 4 8 5 9 7 8 5
8 5 3 8 0 5 3 3 11 4 9 8 2 6 1 3 1 5 8 1 9 4 4 4 11 5 7 8 2 3
3 6 5 3 5 0 4 4 10 3 7 6 7 5 5 2 5 3 8 4 7 1 5 2 9 4 8 7 6 2
6 2 1 6 3 4 0 1 8 2 6 5 3 3 3 3 4 3 6 3 7 3 1 3 8 3 5 5 2 3
5 3 2 6 3 4 1 0 7 1 5 5 4 2 4 3 4 2 5 4 6 3 1 2 7 2 5 5 3 3
8 6 8 9 11 10 8 7 0 8 2 3 10 5 11 10 12 7 3 11 3 10 7 9 0 6 5 3 9 10
4 4 3 5 4 3 2 1 8 0 6 5 4 3 4 3 4 1 6 4 5 2 2 1 8 2 5 5 4 2
6 5 6 7 9 7 6 5 2 6 0 1 8 3 9 8 10 4 2 9 2 7 5 6 2 4 4 1 7 8
5 5 6 6 8 6 5 5 3 5 1 0 8 2 9 7 9 3 3 8 1 6 5 5 3 3 4 1 7 7
9 3 2 9 2 7 3 4 10 4 8 8 0 5 3 5 3 5 7 3 9 6 3 5 10 5 6 7 1 5
4 3 3 5 6 5 3 2 5 3 3 2 5 0 6 5 6 2 3 6 3 5 2 4 5 1 3 3 4 5
8 5 3 8 1 5 3 4 11 4 9 9 3 6 0 3 1 6 9 1 10 4 4 4 11 6 8 9 3 3
5 6 4 5 3 2 3 3 10 3 8 7 5 5 3 0 2 4 9 2 8 1 4 2 10 4 8 8 4 1
8 6 4 8 1 5 4 4 12 4 10 9 3 6 1 2 0 6 9 0 10 4 5 4 11 6 8 9 3 3
3 4 4 4 5 3 3 2 7 1 4 3 5 2 6 4 6 0 5 5 4 3 3 2 6 1 5 4 5 3
7 4 6 8 8 8 6 5 3 6 2 3 7 3 9 9 9 5 0 9 4 8 5 7 3 4 2 2 7 8
7 5 4 7 1 4 3 4 11 4 9 8 3 6 1 2 0 5 9 0 9 3 4 4 11 5 8 8 3 2
4 6 7 6 9 7 7 6 3 5 2 1 9 3 10 8 10 4 4 9 0 7 6 6 3 4 5 2 8 7
4 6 4 4 4 1 3 3 10 2 7 6 6 5 4 1 4 3 8 3 7 0 4 1 9 4 8 7 5 1
6 2 1 7 4 5 1 1 7 2 5 5 3 2 4 4 5 3 5 4 6 4 0 3 7 2 4 4 2 4
4 5 4 4 4 2 3 2 9 1 6 5 5 4 4 2 4 2 7 4 6 1 3 0 8 3 7 6 4 1
7 6 8 8 11 9 8 7 0 8 2 3 10 5 11 10 11 6 3 11 3 9 7 8 0 6 5 3 9 10
4 3 3 5 5 4 3 2 6 2 4 3 5 1 6 4 6 1 4 5 4 4 2 3 6 0 4 3 4 4
8 2 4 9 7 8 5 5 5 5 4 4 6 3 8 8 8 5 2 8 5 8 4 7 5 4 0 3 5 7
6 4 6 7 8 7 5 5 3 5 1 1 7 3 9 8 9 4 2 8 2 7 4 6 3 3 3 0 7 7
8 3 1 8 2 6 2 3 9 4 7 7 1 4 3 4 3 5 7 3 8 5 2 4 9 4 5 7 0 4
5 5 4 5 3 2 3 3 10 2 8 7 5 5 3 1 3 3 8 2 7 1 4 1 10 4 7 7 4 0
,
0 34 43 6 42 22 19 35 47 15 26 32 54 17 38 16 41 22 33 46 13 16 35 21 47 11 20 37 25 32
38 0 10 26 27 29 16 8 20 20 34 33 13 10 26 43 20 17 10 36 18 38 11 35 35 18 16 26 8 13
23 8 0 36 21 30 7 10 43 10 43 38 13 25 11 11 24 26 25 24 46 14 8 15 52 25 15 31 5 22
8 51 23 0 52 21 25 14 51 25 23 16 60 22 48 26 37 22 53 39 21 20 24 21 42 13 23 20 55 25
32 22 20 24 0 32 14 20 48 13 29 38 15 18 5 18 8 27 24 3 38 19 16 10 56 23 32 57 14 13
9 34 24 19 31 0 32 10 32 14 43 35 25 33 36 10 22 19 53 29 48 5 34 4 67 21 24 29 30 7
25 15 6 40 17 22 0 6 36 7 37 15 11 9 14 19 21 12 35 13 40 22 7 10 47 11 14 38 6 15
23 8 9 39 22 27 6 0 36 5 34 28 20 12 20 12 19 10 28 20 22 15 4 13 40 14 25 36 14 15
32 27 21 50 35 65 61 28 0 53 9 9 46 33 38 64 61 20 16 73 12 26 29 37 1 24 17 18 31 70
16 19 16 18 14 12 10 6 32 0 15 23 12 18 28 17 16 8 16 12 35 7 15 5 24 11 39 25 19 7
14 34 31 17 34 55 45 31 17 25 0 3 47 9 63 53 69 28 13 44 11 27 15 38 6 12 24 4 47 52
18 27 18 22 41 21 21 15 14 35 7 0 26 7 55 22 56 21 13 31 3 26 13 25 12 18 22 8 31 17
39 13 11 38 9 18 16 14 47 13 61 23 0 22 9 19 15 22 24 14 54 15 16 26 49 15 30 45 7 15
26 12 19 26 36 23 12 8 38 11 16 16 25 0 46 29 39 8 20 36 25 12 8 23 24 5 16 17 32 26
50 22 25 58 3 18 18 23 56 23 52 58 18 24 0 15 3 33 50 2 27 23 24 15 39 32 36 22 21 8
38 29 20 18 8 13 21 13 72 7 48 21 28 26 21 0 13 21 27 10 22 4 11 14 76 24 25 23 19 2
35 39 22 36 6 27 13 22 38 15 39 46 11 32 2 11 0 24 37 1 31 21 13 26 38 33 35 55 12 12
13 18 12 12 16 23 9 6 46 10 28 20 26 12 15 22 35 0 16 22 20 17 7 12 36 4 15 23 29 20
45 10 24 33 46 23 27 15 7 29 7 18 37 15 31 35 48 24 0 43 12 33 32 18 18 19 7 9 41 42
25 32 15 50 5 20 14 20 58 26 68 48 8 21 4 7 3 26 43 0 46 13 15 26 41 30 36 50 24 12
20 31 20 20 26 51 29 19 23 34 4 9 42 15 25 40 29 11 20 63 0 50 20 45 9 10 31 15 52 36
30 42 19 26 15 7 24 17 64 13 47 22 35 31 15 5 20 18 47 19 23 0 12 5 44 24 49 29 25 6
37 9 3 48 18 29 6 4 22 6 22 32 18 8 11 21 31 18 31 12 20 11 0 19 37 16 21 28 13 20
22 33 28 20 27 6 8 11 58 5 27 29 25 24 17 6 10 14 38 15 19 3 24 0 23 18 25 35 16 10
53 48 42 37 49 28 46 36 3 43 8 8 52 18 63 53 35 47 17 73 7 70 28 24 0 18 23 14 65 33
13 19 11 12 15 23 13 6 34 6 22 13 16 4 29 30 42 2 12 37 23 23 7 13 33 0 30 9 21 19
36 14 29 49 51 52 15 13 25 31 14 20 40 10 35 47 42 31 10 54 30 53 27 48 24 12 0 16 33 43
40 18 39 23 31 45 38 34 17 23 4 5 31 10 45 51 41 20 11 43 11 41 24 38 7 10 17 0 25 33
39 9 6 43 14 39 5 14 37 27 49 20 4 30 21 14 15 28 44 12 58 14 7 27 61 17 33 43 0 26
32 15 26 32 22 7 7 16 68 12 37 23 12 33 20 2 8 10 22 11 33 4 22 8 43 27 21 31 12 0