5
30
,
0 (43.0, 7.0) 39.0
1 (18.0, 31.0) 36.0
2 (13.0, 23.0) 14.0
3 (43.0, 1.0) 18.0
4 (5.0, 11.0) 38.0
5 (28.0, 1.0) 43.0
6 (16.0, 19.0) 30.0
7 (21.0, 18.0) 13.0
8 (47.0, 45.0) 47.0
9 (24.0, 14.0) 12.0
10 (42.0, 35.0) 12.0
11 (41.0, 30.0) 16.0
12 (3.0, 22.0) 49.0
13 (30.0, 25.0) 38.0
14 (4.0, 8.0) 23.0
15 (17.0, 2.0) 49.0
16 (5.0, 5.0) 14.0
17 (30.0, 17.0) 27.0
18 (34.0, 42.0) 12.0
19 (7.0, 6.0) 17.0
20 (47.0, 29.0) 27.0
21 (23.0, 3.0) 21.0
22 (19.0, 23.0) 43.0
23 (25.0, 8.0) 18.0
24 (48.0, 43.0) 39.0
25 (30.0, 20.0) 30.0
26 (24.0, 41.0) 24.0
27 (38.0, 35.0) 15.0
28 (8.0, 22.0) 14.0
29 (19.0, 5.0) 11.0
,
0 7 7 1 8 3 6 5 8 4 6 5 9 4 8 5 8 3 7 7 4 4 6 4 7 4 8 6 8 5
7 0 2 8 5 6 2 3 6 4 5 5 3 3 5 6 6 4 4 5 6 6 2 5 6 3 2 4 3 5
7 2 0 7 3 5 1 2 8 3 6 6 2 3 3 4 4 4 6 4 7 4 1 4 8 3 4 6 1 4
1 8 7 0 8 3 6 6 9 5 7 6 9 5 8 5 8 4 8 7 6 4 7 4 8 5 9 7 8 5
8 5 3 8 0 5 3 3 11 4 9 8 2 6 1 3 1 5 8 1 9 4 4 4 11 5 7 8 2 3
3 6 5 3 5 0 4 4 10 3 7 6 7 5 5 2 5 3 8 4 7 1 5 2 9 4 8 7 6 2
6 2 1 6 3 4 0 1 8 2 6 5 3 3 3 3 4 3 6 3 7 3 1 3 8 3 5 5 2 3
5 3 2 6 3 4 1 0 7 1 5 5 4 2 4 3 4 2 5 4 6 3 1 2 7 2 5 5 3 3
8 6 8 9 11 10 8 7 0 8 2 3 10 5 11 10 12 7 3 11 3 10 7 9 0 6 5 3 9 10
4 4 3 5 4 3 2 1 8 0 6 5 4 3 4 3 4 1 6 4 5 2 2 1 8 2 5 5 4 2
6 5 6 7 9 7 6 5 2 6 0 1 8 3 9 8 10 4 2 9 2 7 5 6 2 4 4 1 7 8
5 5 6 6 8 6 5 5 3 5 1 0 8 2 9 7 9 3 3 8 1 6 5 5 3 3 4 1 7 7
9 3 2 9 2 7 3 4 10 4 8 8 0 5 3 5 3 5 7 3 9 6 3 5 10 5 6 7 1 5
4 3 3 5 6 5 3 2 5 3 3 2 5 0 6 5 6 2 3 6 3 5 2 4 5 1 3 3 4 5
8 5 3 8 1 5 3 4 11 4 9 9 3 6 0 3 1 6 9 1 10 4 4 4 11 6 8 9 3 3
5 6 4 5 3 2 3 3 10 3 8 7 5 5 3 0 2 4 9 2 8 1 4 2 10 4 8 8 4 1
8 6 4 8 1 5 4 4 12 4 10 9 3 6 1 2 0 6 9 0 10 4 5 4 11 6 8 9 3 3
3 4 4 4 5 3 3 2 7 1 4 3 5 2 6 4 6 0 5 5 4 3 3 2 6 1 5 4 5 3
7 4 6 8 8 8 6 5 3 6 2 3 7 3 9 9 9 5 0 9 4 8 5 7 3 4 2 2 7 8
7 5 4 7 1 4 3 4 11 4 9 8 3 6 1 2 0 5 9 0 9 3 4 4 11 5 8 8 3 2
4 6 7 6 9 7 7 6 3 5 2 1 9 3 10 8 10 4 4 9 0 7 6 6 3 4 5 2 8 7
4 6 4 4 4 1 3 3 10 2 7 6 6 5 4 1 4 3 8 3 7 0 4 1 9 4 8 7 5 1
6 2 1 7 4 5 1 1 7 2 5 5 3 2 4 4 5 3 5 4 6 4 0 3 7 2 4 4 2 4
4 5 4 4 4 2 3 2 9 1 6 5 5 4 4 2 4 2 7 4 6 1 3 0 8 3 7 6 4 1
7 6 8 8 11 9 8 7 0 8 2 3 10 5 11 10 11 6 3 11 3 9 7 8 0 6 5 3 9 10
4 3 3 5 5 4 3 2 6 2 4 3 5 1 6 4 6 1 4 5 4 4 2 3 6 0 4 3 4 4
8 2 4 9 7 8 5 5 5 5 4 4 6 3 8 8 8 5 2 8 5 8 4 7 5 4 0 3 5 7
6 4 6 7 8 7 5 5 3 5 1 1 7 3 9 8 9 4 2 8 2 7 4 6 3 3 3 0 7 7
8 3 1 8 2 6 2 3 9 4 7 7 1 4 3 4 3 5 7 3 8 5 2 4 9 4 5 7 0 4
5 5 4 5 3 2 3 3 10 2 8 7 5 5 3 1 3 3 8 2 7 1 4 1 10 4 7 7 4 0
,
0 43 38 4 27 15 41 22 26 17 39 15 24 21 42 39 39 20 49 50 31 30 34 9 33 14 44 30 51 34
48 0 10 57 34 31 9 8 35 24 15 19 25 8 21 40 18 10 14 26 36 39 10 17 21 10 12 25 19 18
28 9 0 37 17 20 3 14 58 7 16 31 10 19 23 18 19 14 23 22 36 23 5 19 55 18 20 16 4 24
5 48 34 0 47 12 39 37 47 16 44 38 38 26 39 16 24 14 61 42 25 19 46 28 24 31 29 21 53 22
39 29 12 46 0 21 19 18 42 17 23 28 9 33 2 11 6 24 62 5 38 18 19 17 69 23 50 23 10 15
19 18 24 16 24 0 19 10 32 14 37 40 18 36 24 13 26 15 57 12 28 5 22 6 54 22 33 49 41 10
37 18 5 42 19 25 0 5 23 11 37 15 10 12 19 24 21 14 20 17 39 22 5 13 58 13 20 40 10 17
32 10 5 29 18 24 3 0 47 6 33 20 19 12 24 22 26 11 15 13 38 10 4 6 46 8 16 25 11 17
35 27 60 40 72 63 41 37 0 57 16 16 27 28 38 58 41 31 11 39 16 28 41 40 1 33 18 18 66 60
26 21 11 28 23 20 13 7 23 0 24 28 20 7 21 9 29 4 18 28 29 16 11 8 56 6 36 17 24 11
17 14 42 51 41 32 34 23 16 17 0 3 39 22 69 22 62 20 10 28 6 49 29 37 10 10 28 2 40 57
19 21 35 26 21 22 40 28 10 24 4 0 55 13 22 23 43 17 20 33 3 47 27 33 19 7 18 5 47 42
59 14 7 37 9 48 9 18 42 23 37 28 0 26 21 19 20 21 33 22 28 20 15 32 56 16 26 43 4 14
18 15 11 37 30 28 15 11 21 17 9 7 16 0 45 28 33 5 15 32 9 25 9 22 28 4 15 17 19 15
20 32 17 23 4 21 21 21 30 13 64 36 18 18 0 14 3 38 43 5 40 28 23 28 31 17 21 28 10 16
30 41 12 18 10 14 12 16 27 19 36 31 13 26 21 0 17 28 35 16 31 7 16 12 41 22 54 57 15 4
35 21 22 50 6 25 10 18 59 16 54 61 18 20 5 16 0 26 61 1 35 26 22 28 60 40 50 53 20 18
9 14 25 29 24 24 17 8 32 5 18 15 37 6 15 17 27 0 25 26 26 21 16 8 38 4 18 26 27 18
28 11 15 63 38 31 39 38 12 19 13 13 31 24 41 28 69 23 0 45 26 36 33 28 12 19 14 6 17 58
23 19 11 37 4 12 22 21 39 22 45 48 12 41 5 9 2 23 49 0 25 9 13 17 64 20 28 35 9 8
21 26 28 21 68 46 40 38 22 32 8 3 52 18 25 24 63 27 28 39 0 48 33 17 10 11 29 9 37 38
20 31 26 15 17 6 23 22 28 15 25 44 15 26 11 6 10 12 45 17 32 0 14 4 61 17 41 33 23 5
16 12 7 27 15 28 7 6 40 15 21 16 9 17 22 12 30 18 21 11 35 16 0 18 43 12 22 23 9 24
17 34 13 10 17 5 14 8 59 3 43 17 15 16 17 13 24 7 44 15 23 6 18 0 50 18 19 39 22 7
21 23 40 39 55 44 26 54 3 34 5 21 64 20 70 39 57 23 13 56 15 69 19 45 0 18 13 16 50 50
27 10 24 33 23 21 20 6 32 9 17 22 37 4 17 18 22 3 26 19 17 25 15 12 16 0 18 16 31 19
31 12 21 62 21 39 20 24 33 27 16 12 32 9 57 36 42 17 11 46 23 20 13 29 22 22 0 22 14 53
23 18 24 30 21 25 23 18 8 30 2 6 29 7 54 49 23 25 11 45 14 22 29 19 9 12 12 0 27 21
37 8 4 21 15 35 11 17 45 13 19 38 7 30 13 12 23 31 37 18 56 27 16 28 34 23 36 47 0 18
27 22 20 35 12 5 12 13 55 11 38 18 15 34 17 5 15 23 56 13 34 3 19 10 51 19 47 34 21 0