5
30
,
0 (43.0, 7.0) 11.0
1 (18.0, 31.0) 11.0
2 (13.0, 23.0) 11.0
3 (43.0, 1.0) 13.0
4 (5.0, 11.0) 23.0
5 (28.0, 1.0) 26.0
6 (16.0, 19.0) 35.0
7 (21.0, 18.0) 10.0
8 (47.0, 45.0) 45.0
9 (24.0, 14.0) 19.0
10 (42.0, 35.0) 29.0
11 (41.0, 30.0) 12.0
12 (3.0, 22.0) 32.0
13 (30.0, 25.0) 19.0
14 (4.0, 8.0) 50.0
15 (17.0, 2.0) 19.0
16 (5.0, 5.0) 24.0
17 (30.0, 17.0) 19.0
18 (34.0, 42.0) 50.0
19 (7.0, 6.0) 11.0
20 (47.0, 29.0) 32.0
21 (23.0, 3.0) 19.0
22 (19.0, 23.0) 49.0
23 (25.0, 8.0) 21.0
24 (48.0, 43.0) 24.0
25 (30.0, 20.0) 37.0
26 (24.0, 41.0) 13.0
27 (38.0, 35.0) 14.0
28 (8.0, 22.0) 30.0
29 (19.0, 5.0) 45.0
,
0 7 7 1 8 3 6 5 8 4 6 5 9 4 8 5 8 3 7 7 4 4 6 4 7 4 8 6 8 5
7 0 2 8 5 6 2 3 6 4 5 5 3 3 5 6 6 4 4 5 6 6 2 5 6 3 2 4 3 5
7 2 0 7 3 5 1 2 8 3 6 6 2 3 3 4 4 4 6 4 7 4 1 4 8 3 4 6 1 4
1 8 7 0 8 3 6 6 9 5 7 6 9 5 8 5 8 4 8 7 6 4 7 4 8 5 9 7 8 5
8 5 3 8 0 5 3 3 11 4 9 8 2 6 1 3 1 5 8 1 9 4 4 4 11 5 7 8 2 3
3 6 5 3 5 0 4 4 10 3 7 6 7 5 5 2 5 3 8 4 7 1 5 2 9 4 8 7 6 2
6 2 1 6 3 4 0 1 8 2 6 5 3 3 3 3 4 3 6 3 7 3 1 3 8 3 5 5 2 3
5 3 2 6 3 4 1 0 7 1 5 5 4 2 4 3 4 2 5 4 6 3 1 2 7 2 5 5 3 3
8 6 8 9 11 10 8 7 0 8 2 3 10 5 11 10 12 7 3 11 3 10 7 9 0 6 5 3 9 10
4 4 3 5 4 3 2 1 8 0 6 5 4 3 4 3 4 1 6 4 5 2 2 1 8 2 5 5 4 2
6 5 6 7 9 7 6 5 2 6 0 1 8 3 9 8 10 4 2 9 2 7 5 6 2 4 4 1 7 8
5 5 6 6 8 6 5 5 3 5 1 0 8 2 9 7 9 3 3 8 1 6 5 5 3 3 4 1 7 7
9 3 2 9 2 7 3 4 10 4 8 8 0 5 3 5 3 5 7 3 9 6 3 5 10 5 6 7 1 5
4 3 3 5 6 5 3 2 5 3 3 2 5 0 6 5 6 2 3 6 3 5 2 4 5 1 3 3 4 5
8 5 3 8 1 5 3 4 11 4 9 9 3 6 0 3 1 6 9 1 10 4 4 4 11 6 8 9 3 3
5 6 4 5 3 2 3 3 10 3 8 7 5 5 3 0 2 4 9 2 8 1 4 2 10 4 8 8 4 1
8 6 4 8 1 5 4 4 12 4 10 9 3 6 1 2 0 6 9 0 10 4 5 4 11 6 8 9 3 3
3 4 4 4 5 3 3 2 7 1 4 3 5 2 6 4 6 0 5 5 4 3 3 2 6 1 5 4 5 3
7 4 6 8 8 8 6 5 3 6 2 3 7 3 9 9 9 5 0 9 4 8 5 7 3 4 2 2 7 8
7 5 4 7 1 4 3 4 11 4 9 8 3 6 1 2 0 5 9 0 9 3 4 4 11 5 8 8 3 2
4 6 7 6 9 7 7 6 3 5 2 1 9 3 10 8 10 4 4 9 0 7 6 6 3 4 5 2 8 7
4 6 4 4 4 1 3 3 10 2 7 6 6 5 4 1 4 3 8 3 7 0 4 1 9 4 8 7 5 1
6 2 1 7 4 5 1 1 7 2 5 5 3 2 4 4 5 3 5 4 6 4 0 3 7 2 4 4 2 4
4 5 4 4 4 2 3 2 9 1 6 5 5 4 4 2 4 2 7 4 6 1 3 0 8 3 7 6 4 1
7 6 8 8 11 9 8 7 0 8 2 3 10 5 11 10 11 6 3 11 3 9 7 8 0 6 5 3 9 10
4 3 3 5 5 4 3 2 6 2 4 3 5 1 6 4 6 1 4 5 4 4 2 3 6 0 4 3 4 4
8 2 4 9 7 8 5 5 5 5 4 4 6 3 8 8 8 5 2 8 5 8 4 7 5 4 0 3 5 7
6 4 6 7 8 7 5 5 3 5 1 1 7 3 9 8 9 4 2 8 2 7 4 6 3 3 3 0 7 7
8 3 1 8 2 6 2 3 9 4 7 7 1 4 3 4 3 5 7 3 8 5 2 4 9 4 5 7 0 4
5 5 4 5 3 2 3 3 10 2 8 7 5 5 3 1 3 3 8 2 7 1 4 1 10 4 7 7 4 0
,
0 40 44 5 24 23 29 14 38 12 23 32 57 26 46 24 56 20 21 32 26 17 33 12 36 19 30 29 57 17
39 0 5 50 22 34 17 8 37 10 18 26 15 11 37 16 15 18 25 34 19 19 9 19 38 9 15 27 10 25
44 6 0 19 16 19 7 8 56 13 41 22 8 16 19 27 27 27 23 18 19 20 8 27 59 11 19 32 3 14
5 31 19 0 51 19 48 22 37 24 18 30 66 19 46 16 54 29 52 40 32 21 46 23 24 12 51 25 22 24
40 32 8 30 0 19 16 23 44 26 28 25 9 17 3 8 5 22 52 6 27 21 14 18 47 23 29 50 8 17
22 32 24 19 20 0 17 25 47 13 42 31 26 33 36 14 31 13 55 22 35 7 33 11 32 13 38 38 23 9
33 7 3 34 8 27 0 7 57 5 27 40 12 10 14 16 18 9 23 21 22 20 7 20 41 14 24 39 11 18
31 18 11 27 15 15 4 0 46 6 31 25 23 12 28 12 16 7 31 21 37 16 6 13 38 8 13 25 18 10
23 20 50 23 47 70 46 44 0 38 8 16 62 20 73 37 69 36 8 78 11 60 22 22 2 45 34 14 24 59
15 11 16 25 17 17 8 6 38 0 35 24 24 17 12 15 24 8 28 22 21 14 15 7 41 6 39 17 20 6
32 33 18 39 30 53 24 34 14 37 0 4 39 12 52 51 60 25 14 63 8 21 33 16 7 12 10 3 31 52
27 12 38 21 36 39 19 30 20 15 6 0 45 14 24 38 64 10 17 34 8 37 19 39 8 17 26 5 41 31
50 18 11 60 8 48 8 28 59 31 29 49 0 33 17 30 20 26 50 20 34 23 20 20 66 18 25 20 7 22
12 16 14 37 14 22 14 8 13 10 19 10 38 0 44 30 26 8 23 16 14 28 14 17 32 5 10 15 24 30
33 31 24 55 5 18 21 16 52 31 32 60 17 35 0 14 2 31 54 4 43 26 23 20 39 25 27 59 18 10
25 27 21 32 16 11 18 24 76 7 55 39 15 32 13 0 10 23 31 6 35 5 12 9 41 14 21 48 28 3
37 40 12 40 8 28 18 26 62 27 47 22 10 26 4 15 0 35 60 2 41 11 26 12 80 20 55 45 19 14
9 20 14 16 16 9 14 6 38 6 29 16 26 8 36 15 25 0 28 36 12 18 17 13 34 4 22 21 18 10
19 18 40 51 56 60 33 41 10 26 8 8 24 25 53 34 31 28 0 29 10 31 26 43 10 24 9 4 30 36
44 31 25 27 6 20 18 17 47 10 65 32 12 35 5 12 2 16 51 0 61 14 27 11 60 28 25 58 17 16
32 26 39 17 23 48 47 33 21 38 5 4 51 18 61 28 70 19 11 60 0 42 35 19 11 20 16 16 32 21
20 17 20 21 15 3 16 22 29 7 39 31 32 24 10 7 26 22 55 23 37 0 16 6 43 25 30 30 16 6
35 8 8 43 24 25 3 7 39 14 18 20 18 11 13 18 18 17 18 22 15 26 0 12 29 8 21 29 16 23
15 20 24 29 11 4 13 8 34 5 21 32 15 15 19 10 13 10 52 12 24 3 23 0 61 15 22 33 32 10
20 40 36 24 37 39 30 54 2 22 6 7 63 31 41 37 69 21 9 51 19 30 49 52 0 34 27 10 35 63
14 21 13 33 37 22 11 8 40 7 22 17 31 4 21 19 26 4 20 35 19 15 16 9 43 0 12 14 19 18
37 9 24 29 23 33 14 15 16 30 25 12 33 19 45 35 55 21 10 51 35 25 12 45 19 30 0 21 30 51
42 28 26 41 42 23 21 30 16 17 4 8 22 8 37 54 49 26 10 50 7 25 13 18 17 10 10 0 41 52
30 18 3 41 8 29 12 15 36 9 48 28 5 20 11 32 18 21 48 21 50 19 15 29 51 32 30 47 0 22
33 24 23 34 19 12 20 8 33 15 55 27 24 14 19 4 18 24 33 6 47 4 19 9 31 16 51 21 26 0