5
30
,
0 (43.0, 7.0) 22.0
1 (18.0, 31.0) 40.0
2 (13.0, 23.0) 30.0
3 (43.0, 1.0) 11.0
4 (5.0, 11.0) 38.0
5 (28.0, 1.0) 44.0
6 (16.0, 19.0) 12.0
7 (21.0, 18.0) 24.0
8 (47.0, 45.0) 17.0
9 (24.0, 14.0) 20.0
10 (42.0, 35.0) 17.0
11 (41.0, 30.0) 44.0
12 (3.0, 22.0) 34.0
13 (30.0, 25.0) 44.0
14 (4.0, 8.0) 13.0
15 (17.0, 2.0) 44.0
16 (5.0, 5.0) 38.0
17 (30.0, 17.0) 45.0
18 (34.0, 42.0) 35.0
19 (7.0, 6.0) 14.0
20 (47.0, 29.0) 22.0
21 (23.0, 3.0) 23.0
22 (19.0, 23.0) 33.0
23 (25.0, 8.0) 37.0
24 (48.0, 43.0) 37.0
25 (30.0, 20.0) 40.0
26 (24.0, 41.0) 10.0
27 (38.0, 35.0) 24.0
28 (8.0, 22.0) 16.0
29 (19.0, 5.0) 24.0
,
0 7 7 1 8 3 6 5 8 4 6 5 9 4 8 5 8 3 7 7 4 4 6 4 7 4 8 6 8 5
7 0 2 8 5 6 2 3 6 4 5 5 3 3 5 6 6 4 4 5 6 6 2 5 6 3 2 4 3 5
7 2 0 7 3 5 1 2 8 3 6 6 2 3 3 4 4 4 6 4 7 4 1 4 8 3 4 6 1 4
1 8 7 0 8 3 6 6 9 5 7 6 9 5 8 5 8 4 8 7 6 4 7 4 8 5 9 7 8 5
8 5 3 8 0 5 3 3 11 4 9 8 2 6 1 3 1 5 8 1 9 4 4 4 11 5 7 8 2 3
3 6 5 3 5 0 4 4 10 3 7 6 7 5 5 2 5 3 8 4 7 1 5 2 9 4 8 7 6 2
6 2 1 6 3 4 0 1 8 2 6 5 3 3 3 3 4 3 6 3 7 3 1 3 8 3 5 5 2 3
5 3 2 6 3 4 1 0 7 1 5 5 4 2 4 3 4 2 5 4 6 3 1 2 7 2 5 5 3 3
8 6 8 9 11 10 8 7 0 8 2 3 10 5 11 10 12 7 3 11 3 10 7 9 0 6 5 3 9 10
4 4 3 5 4 3 2 1 8 0 6 5 4 3 4 3 4 1 6 4 5 2 2 1 8 2 5 5 4 2
6 5 6 7 9 7 6 5 2 6 0 1 8 3 9 8 10 4 2 9 2 7 5 6 2 4 4 1 7 8
5 5 6 6 8 6 5 5 3 5 1 0 8 2 9 7 9 3 3 8 1 6 5 5 3 3 4 1 7 7
9 3 2 9 2 7 3 4 10 4 8 8 0 5 3 5 3 5 7 3 9 6 3 5 10 5 6 7 1 5
4 3 3 5 6 5 3 2 5 3 3 2 5 0 6 5 6 2 3 6 3 5 2 4 5 1 3 3 4 5
8 5 3 8 1 5 3 4 11 4 9 9 3 6 0 3 1 6 9 1 10 4 4 4 11 6 8 9 3 3
5 6 4 5 3 2 3 3 10 3 8 7 5 5 3 0 2 4 9 2 8 1 4 2 10 4 8 8 4 1
8 6 4 8 1 5 4 4 12 4 10 9 3 6 1 2 0 6 9 0 10 4 5 4 11 6 8 9 3 3
3 4 4 4 5 3 3 2 7 1 4 3 5 2 6 4 6 0 5 5 4 3 3 2 6 1 5 4 5 3
7 4 6 8 8 8 6 5 3 6 2 3 7 3 9 9 9 5 0 9 4 8 5 7 3 4 2 2 7 8
7 5 4 7 1 4 3 4 11 4 9 8 3 6 1 2 0 5 9 0 9 3 4 4 11 5 8 8 3 2
4 6 7 6 9 7 7 6 3 5 2 1 9 3 10 8 10 4 4 9 0 7 6 6 3 4 5 2 8 7
4 6 4 4 4 1 3 3 10 2 7 6 6 5 4 1 4 3 8 3 7 0 4 1 9 4 8 7 5 1
6 2 1 7 4 5 1 1 7 2 5 5 3 2 4 4 5 3 5 4 6 4 0 3 7 2 4 4 2 4
4 5 4 4 4 2 3 2 9 1 6 5 5 4 4 2 4 2 7 4 6 1 3 0 8 3 7 6 4 1
7 6 8 8 11 9 8 7 0 8 2 3 10 5 11 10 11 6 3 11 3 9 7 8 0 6 5 3 9 10
4 3 3 5 5 4 3 2 6 2 4 3 5 1 6 4 6 1 4 5 4 4 2 3 6 0 4 3 4 4
8 2 4 9 7 8 5 5 5 5 4 4 6 3 8 8 8 5 2 8 5 8 4 7 5 4 0 3 5 7
6 4 6 7 8 7 5 5 3 5 1 1 7 3 9 8 9 4 2 8 2 7 4 6 3 3 3 0 7 7
8 3 1 8 2 6 2 3 9 4 7 7 1 4 3 4 3 5 7 3 8 5 2 4 9 4 5 7 0 4
5 5 4 5 3 2 3 3 10 2 8 7 5 5 3 1 3 3 8 2 7 1 4 1 10 4 7 7 4 0
,
0 49 45 7 43 12 40 19 27 25 29 22 24 15 35 16 50 20 36 49 12 12 25 23 46 15 20 18 41 32
29 0 11 50 31 44 11 11 20 26 21 27 22 15 32 20 36 27 24 33 30 21 8 28 47 21 14 16 13 30
24 10 0 52 16 27 7 10 41 10 35 39 8 15 20 23 18 21 25 15 24 31 4 23 52 21 28 30 4 12
7 33 29 0 48 8 39 32 66 16 19 16 50 15 30 39 43 27 58 39 20 17 38 19 55 15 35 35 60 33
23 22 16 26 0 29 10 16 76 24 33 33 14 24 4 20 4 14 41 6 47 27 13 25 43 31 42 51 8 16
8 22 18 9 13 0 21 24 39 15 25 33 19 21 14 16 22 20 49 21 48 5 13 9 38 13 56 25 18 8
34 15 7 18 11 16 0 5 45 12 35 23 17 20 14 22 17 20 19 18 20 14 6 11 53 19 22 19 9 19
25 13 13 25 25 20 3 0 45 4 28 21 23 9 13 12 14 13 28 12 29 20 8 8 34 8 17 32 12 14
44 37 45 53 52 25 39 51 0 27 9 21 73 17 29 60 56 21 18 37 16 53 23 61 1 32 12 14 43 29
17 27 19 22 18 19 7 7 42 0 35 21 23 17 17 8 31 7 30 28 29 16 7 4 39 8 32 23 23 13
16 30 35 30 30 20 23 16 15 21 0 7 39 16 50 37 53 19 9 40 6 28 16 41 10 14 28 5 19 26
22 29 32 19 45 39 27 15 20 20 4 0 26 7 37 50 26 18 10 24 6 30 15 24 12 13 15 7 39 47
59 10 13 61 10 30 15 25 32 25 49 46 0 32 8 22 17 15 30 13 46 35 23 33 52 19 33 43 4 22
19 18 16 18 22 25 20 7 13 9 22 14 39 0 24 19 30 4 12 35 12 29 12 14 22 7 15 17 23 22
41 26 22 21 4 15 15 16 48 22 68 45 18 21 0 7 4 17 25 5 26 17 30 16 77 33 33 44 18 8
32 38 16 28 19 9 20 22 68 14 27 22 13 16 16 0 17 11 41 13 41 3 26 12 48 22 44 32 22 5
47 36 13 29 4 20 27 23 34 21 59 31 23 26 4 17 0 23 63 3 66 13 29 11 33 26 60 40 24 20
19 13 21 17 30 11 12 7 34 8 17 16 16 6 31 21 40 0 16 18 28 12 13 15 21 2 23 20 14 18
33 13 27 48 37 45 19 38 7 16 15 9 26 12 35 40 27 22 0 50 13 45 20 47 11 18 13 9 40 42
19 39 17 41 4 27 10 24 60 24 44 22 18 27 4 9 2 36 61 0 45 19 26 9 68 20 56 45 20 9
19 39 22 21 57 21 47 25 10 32 10 8 37 18 62 34 53 29 12 32 0 38 20 35 17 11 18 10 38 48
24 42 27 28 13 6 15 10 60 7 41 31 35 26 24 4 19 17 55 20 48 0 27 6 60 12 37 35 20 4
16 5 7 37 25 34 7 5 47 11 30 31 11 9 13 18 14 16 36 28 23 30 0 18 18 12 28 22 8 17
16 33 26 14 21 9 10 9 22 4 30 28 20 18 28 10 26 8 37 23 26 4 17 0 24 10 40 41 32 4
27 29 60 53 78 69 31 46 2 47 5 21 25 29 52 63 74 40 12 31 18 62 23 47 0 32 32 11 33 38
11 19 24 13 22 17 13 8 25 12 21 8 23 6 22 16 36 4 22 23 23 27 11 12 26 0 11 18 14 28
21 17 29 37 34 35 33 24 13 26 23 26 37 25 38 48 51 26 12 43 23 51 23 30 20 29 0 21 24 27
34 29 15 32 29 27 22 14 8 24 6 4 51 14 50 21 62 11 8 26 14 28 31 15 13 24 13 0 45 47
50 11 5 45 14 28 4 9 53 23 21 30 6 24 8 31 23 31 24 20 21 24 12 17 52 22 15 41 0 17
12 19 19 18 10 13 14 18 45 6 47 30 15 30 8 5 13 19 58 14 20 4 15 4 43 13 36 20 19 0