5
30
,
0 (43.0, 7.0) 46.0
1 (18.0, 31.0) 41.0
2 (13.0, 23.0) 45.0
3 (43.0, 1.0) 40.0
4 (5.0, 11.0) 37.0
5 (28.0, 1.0) 13.0
6 (16.0, 19.0) 29.0
7 (21.0, 18.0) 48.0
8 (47.0, 45.0) 13.0
9 (24.0, 14.0) 13.0
10 (42.0, 35.0) 36.0
11 (41.0, 30.0) 16.0
12 (3.0, 22.0) 25.0
13 (30.0, 25.0) 10.0
14 (4.0, 8.0) 14.0
15 (17.0, 2.0) 12.0
16 (5.0, 5.0) 18.0
17 (30.0, 17.0) 26.0
18 (34.0, 42.0) 41.0
19 (7.0, 6.0) 33.0
20 (47.0, 29.0) 22.0
21 (23.0, 3.0) 20.0
22 (19.0, 23.0) 27.0
23 (25.0, 8.0) 44.0
24 (48.0, 43.0) 18.0
25 (30.0, 20.0) 16.0
26 (24.0, 41.0) 11.0
27 (38.0, 35.0) 33.0
28 (8.0, 22.0) 10.0
29 (19.0, 5.0) 26.0
,
0 7 7 1 8 3 6 5 8 4 6 5 9 4 8 5 8 3 7 7 4 4 6 4 7 4 8 6 8 5
7 0 2 8 5 6 2 3 6 4 5 5 3 3 5 6 6 4 4 5 6 6 2 5 6 3 2 4 3 5
7 2 0 7 3 5 1 2 8 3 6 6 2 3 3 4 4 4 6 4 7 4 1 4 8 3 4 6 1 4
1 8 7 0 8 3 6 6 9 5 7 6 9 5 8 5 8 4 8 7 6 4 7 4 8 5 9 7 8 5
8 5 3 8 0 5 3 3 11 4 9 8 2 6 1 3 1 5 8 1 9 4 4 4 11 5 7 8 2 3
3 6 5 3 5 0 4 4 10 3 7 6 7 5 5 2 5 3 8 4 7 1 5 2 9 4 8 7 6 2
6 2 1 6 3 4 0 1 8 2 6 5 3 3 3 3 4 3 6 3 7 3 1 3 8 3 5 5 2 3
5 3 2 6 3 4 1 0 7 1 5 5 4 2 4 3 4 2 5 4 6 3 1 2 7 2 5 5 3 3
8 6 8 9 11 10 8 7 0 8 2 3 10 5 11 10 12 7 3 11 3 10 7 9 0 6 5 3 9 10
4 4 3 5 4 3 2 1 8 0 6 5 4 3 4 3 4 1 6 4 5 2 2 1 8 2 5 5 4 2
6 5 6 7 9 7 6 5 2 6 0 1 8 3 9 8 10 4 2 9 2 7 5 6 2 4 4 1 7 8
5 5 6 6 8 6 5 5 3 5 1 0 8 2 9 7 9 3 3 8 1 6 5 5 3 3 4 1 7 7
9 3 2 9 2 7 3 4 10 4 8 8 0 5 3 5 3 5 7 3 9 6 3 5 10 5 6 7 1 5
4 3 3 5 6 5 3 2 5 3 3 2 5 0 6 5 6 2 3 6 3 5 2 4 5 1 3 3 4 5
8 5 3 8 1 5 3 4 11 4 9 9 3 6 0 3 1 6 9 1 10 4 4 4 11 6 8 9 3 3
5 6 4 5 3 2 3 3 10 3 8 7 5 5 3 0 2 4 9 2 8 1 4 2 10 4 8 8 4 1
8 6 4 8 1 5 4 4 12 4 10 9 3 6 1 2 0 6 9 0 10 4 5 4 11 6 8 9 3 3
3 4 4 4 5 3 3 2 7 1 4 3 5 2 6 4 6 0 5 5 4 3 3 2 6 1 5 4 5 3
7 4 6 8 8 8 6 5 3 6 2 3 7 3 9 9 9 5 0 9 4 8 5 7 3 4 2 2 7 8
7 5 4 7 1 4 3 4 11 4 9 8 3 6 1 2 0 5 9 0 9 3 4 4 11 5 8 8 3 2
4 6 7 6 9 7 7 6 3 5 2 1 9 3 10 8 10 4 4 9 0 7 6 6 3 4 5 2 8 7
4 6 4 4 4 1 3 3 10 2 7 6 6 5 4 1 4 3 8 3 7 0 4 1 9 4 8 7 5 1
6 2 1 7 4 5 1 1 7 2 5 5 3 2 4 4 5 3 5 4 6 4 0 3 7 2 4 4 2 4
4 5 4 4 4 2 3 2 9 1 6 5 5 4 4 2 4 2 7 4 6 1 3 0 8 3 7 6 4 1
7 6 8 8 11 9 8 7 0 8 2 3 10 5 11 10 11 6 3 11 3 9 7 8 0 6 5 3 9 10
4 3 3 5 5 4 3 2 6 2 4 3 5 1 6 4 6 1 4 5 4 4 2 3 6 0 4 3 4 4
8 2 4 9 7 8 5 5 5 5 4 4 6 3 8 8 8 5 2 8 5 8 4 7 5 4 0 3 5 7
6 4 6 7 8 7 5 5 3 5 1 1 7 3 9 8 9 4 2 8 2 7 4 6 3 3 3 0 7 7
8 3 1 8 2 6 2 3 9 4 7 7 1 4 3 4 3 5 7 3 8 5 2 4 9 4 5 7 0 4
5 5 4 5 3 2 3 3 10 2 8 7 5 5 3 1 3 3 8 2 7 1 4 1 10 4 7 7 4 0
,
0 43 23 6 22 20 38 33 23 30 42 16 45 15 43 32 41 23 41 53 30 28 17 18 25 18 48 26 46 26
34 0 7 23 19 17 14 18 17 14 20 28 15 19 38 23 25 18 11 35 43 34 9 30 33 16 16 15 19 22
29 13 0 50 17 18 6 12 30 20 34 20 11 12 21 22 23 20 33 15 40 14 8 17 43 11 21 29 6 10
6 38 27 0 24 14 29 18 59 26 20 18 52 17 57 16 23 20 51 51 15 25 22 23 39 32 44 36 24 18
55 19 21 24 0 18 10 23 34 23 45 44 17 29 3 19 6 20 28 7 33 26 16 14 35 31 29 36 14 23
22 31 17 14 33 0 24 19 69 18 31 46 19 27 35 16 35 14 28 18 49 7 13 11 50 26 24 39 16 11
22 13 6 30 17 23 0 6 31 11 24 21 7 13 20 9 14 13 33 19 20 17 6 9 23 14 26 26 11 12
22 13 5 33 26 13 5 0 54 6 20 21 20 9 26 11 14 9 38 10 39 16 7 7 42 7 18 34 9 7
52 29 29 52 73 39 25 51 0 37 11 19 50 21 38 30 67 34 18 36 16 28 51 43 2 39 33 16 29 29
16 22 11 22 11 11 11 4 20 0 40 31 24 10 15 16 14 6 38 27 20 13 14 5 38 9 36 34 19 6
21 15 21 25 61 53 17 27 15 27 0 6 36 19 25 48 53 32 11 65 11 44 25 45 8 12 28 4 19 46
18 16 22 28 54 35 41 18 11 33 4 0 38 14 29 22 29 21 13 55 5 16 31 30 12 16 29 3 21 48
59 9 9 33 8 40 14 14 47 17 40 33 0 19 13 31 25 16 41 16 62 35 14 14 72 18 20 21 4 27
12 19 19 39 28 27 8 10 38 19 19 7 40 0 35 39 48 9 19 27 13 34 8 22 24 7 13 12 17 12
28 14 18 25 2 35 16 11 36 15 39 30 7 41 0 8 2 40 40 3 48 21 28 16 47 40 44 54 18 9
34 34 17 19 20 14 10 24 59 16 43 46 31 24 10 0 14 11 27 10 47 6 30 10 53 24 49 36 17 4
39 38 10 22 6 20 12 21 56 29 49 48 19 45 4 15 0 40 67 3 47 11 33 13 58 32 28 43 10 18
12 16 24 22 19 23 10 9 42 6 29 23 18 5 15 22 33 0 24 18 26 16 11 13 39 2 35 29 22 22
20 18 16 54 63 59 39 26 13 38 8 8 37 11 53 50 59 25 0 47 13 21 14 48 9 28 14 9 22 35
52 23 24 51 5 22 8 17 37 13 52 59 16 28 5 11 2 17 28 0 29 16 19 16 52 14 41 24 13 6
12 23 51 37 43 38 45 26 20 28 9 4 51 12 66 52 35 22 9 54 0 25 21 31 15 25 36 10 30 41
20 41 29 26 25 3 26 18 24 7 42 20 39 28 24 4 15 22 45 18 32 0 17 8 35 13 22 49 23 4
26 10 5 43 24 32 7 4 26 8 38 30 21 12 20 27 22 15 17 30 36 21 0 22 26 12 16 33 9 17
14 16 21 28 29 8 8 6 56 4 20 29 36 21 17 13 12 13 50 18 38 6 15 0 35 8 27 29 11 9
30 28 38 59 28 36 48 22 2 54 14 12 27 28 73 74 65 23 19 75 18 49 46 55 0 44 29 13 26 46
23 16 10 12 36 18 10 12 27 6 13 18 18 6 22 16 29 4 17 25 15 18 7 18 40 0 15 11 21 11
25 16 21 54 51 47 19 35 29 14 11 30 41 13 54 23 24 36 6 32 35 50 10 48 15 32 0 18 24 41
36 26 36 44 51 24 38 34 15 33 5 3 28 15 46 35 66 25 12 21 12 28 21 19 18 15 18 0 38 21
27 18 4 52 10 29 7 19 51 24 32 47 6 15 15 29 13 21 21 20 42 20 9 28 54 14 33 24 0 15
30 17 23 35 10 9 9 14 38 7 35 32 20 31 15 5 17 19 29 10 48 3 13 6 68 21 28 47 12 0