5
30
,
0 (43.0, 7.0) 37.0
1 (18.0, 31.0) 32.0
2 (13.0, 23.0) 34.0
3 (43.0, 1.0) 18.0
4 (5.0, 11.0) 39.0
5 (28.0, 1.0) 14.0
6 (16.0, 19.0) 33.0
7 (21.0, 18.0) 27.0
8 (47.0, 45.0) 30.0
9 (24.0, 14.0) 22.0
10 (42.0, 35.0) 11.0
11 (41.0, 30.0) 11.0
12 (3.0, 22.0) 12.0
13 (30.0, 25.0) 16.0
14 (4.0, 8.0) 39.0
15 (17.0, 2.0) 18.0
16 (5.0, 5.0) 12.0
17 (30.0, 17.0) 39.0
18 (34.0, 42.0) 43.0
19 (7.0, 6.0) 44.0
20 (47.0, 29.0) 22.0
21 (23.0, 3.0) 17.0
22 (19.0, 23.0) 26.0
23 (25.0, 8.0) 38.0
24 (48.0, 43.0) 15.0
25 (30.0, 20.0) 27.0
26 (24.0, 41.0) 30.0
27 (38.0, 35.0) 40.0
28 (8.0, 22.0) 15.0
29 (19.0, 5.0) 46.0
,
0 7 7 1 8 3 6 5 8 4 6 5 9 4 8 5 8 3 7 7 4 4 6 4 7 4 8 6 8 5
7 0 2 8 5 6 2 3 6 4 5 5 3 3 5 6 6 4 4 5 6 6 2 5 6 3 2 4 3 5
7 2 0 7 3 5 1 2 8 3 6 6 2 3 3 4 4 4 6 4 7 4 1 4 8 3 4 6 1 4
1 8 7 0 8 3 6 6 9 5 7 6 9 5 8 5 8 4 8 7 6 4 7 4 8 5 9 7 8 5
8 5 3 8 0 5 3 3 11 4 9 8 2 6 1 3 1 5 8 1 9 4 4 4 11 5 7 8 2 3
3 6 5 3 5 0 4 4 10 3 7 6 7 5 5 2 5 3 8 4 7 1 5 2 9 4 8 7 6 2
6 2 1 6 3 4 0 1 8 2 6 5 3 3 3 3 4 3 6 3 7 3 1 3 8 3 5 5 2 3
5 3 2 6 3 4 1 0 7 1 5 5 4 2 4 3 4 2 5 4 6 3 1 2 7 2 5 5 3 3
8 6 8 9 11 10 8 7 0 8 2 3 10 5 11 10 12 7 3 11 3 10 7 9 0 6 5 3 9 10
4 4 3 5 4 3 2 1 8 0 6 5 4 3 4 3 4 1 6 4 5 2 2 1 8 2 5 5 4 2
6 5 6 7 9 7 6 5 2 6 0 1 8 3 9 8 10 4 2 9 2 7 5 6 2 4 4 1 7 8
5 5 6 6 8 6 5 5 3 5 1 0 8 2 9 7 9 3 3 8 1 6 5 5 3 3 4 1 7 7
9 3 2 9 2 7 3 4 10 4 8 8 0 5 3 5 3 5 7 3 9 6 3 5 10 5 6 7 1 5
4 3 3 5 6 5 3 2 5 3 3 2 5 0 6 5 6 2 3 6 3 5 2 4 5 1 3 3 4 5
8 5 3 8 1 5 3 4 11 4 9 9 3 6 0 3 1 6 9 1 10 4 4 4 11 6 8 9 3 3
5 6 4 5 3 2 3 3 10 3 8 7 5 5 3 0 2 4 9 2 8 1 4 2 10 4 8 8 4 1
8 6 4 8 1 5 4 4 12 4 10 9 3 6 1 2 0 6 9 0 10 4 5 4 11 6 8 9 3 3
3 4 4 4 5 3 3 2 7 1 4 3 5 2 6 4 6 0 5 5 4 3 3 2 6 1 5 4 5 3
7 4 6 8 8 8 6 5 3 6 2 3 7 3 9 9 9 5 0 9 4 8 5 7 3 4 2 2 7 8
7 5 4 7 1 4 3 4 11 4 9 8 3 6 1 2 0 5 9 0 9 3 4 4 11 5 8 8 3 2
4 6 7 6 9 7 7 6 3 5 2 1 9 3 10 8 10 4 4 9 0 7 6 6 3 4 5 2 8 7
4 6 4 4 4 1 3 3 10 2 7 6 6 5 4 1 4 3 8 3 7 0 4 1 9 4 8 7 5 1
6 2 1 7 4 5 1 1 7 2 5 5 3 2 4 4 5 3 5 4 6 4 0 3 7 2 4 4 2 4
4 5 4 4 4 2 3 2 9 1 6 5 5 4 4 2 4 2 7 4 6 1 3 0 8 3 7 6 4 1
7 6 8 8 11 9 8 7 0 8 2 3 10 5 11 10 11 6 3 11 3 9 7 8 0 6 5 3 9 10
4 3 3 5 5 4 3 2 6 2 4 3 5 1 6 4 6 1 4 5 4 4 2 3 6 0 4 3 4 4
8 2 4 9 7 8 5 5 5 5 4 4 6 3 8 8 8 5 2 8 5 8 4 7 5 4 0 3 5 7
6 4 6 7 8 7 5 5 3 5 1 1 7 3 9 8 9 4 2 8 2 7 4 6 3 3 3 0 7 7
8 3 1 8 2 6 2 3 9 4 7 7 1 4 3 4 3 5 7 3 8 5 2 4 9 4 5 7 0 4
5 5 4 5 3 2 3 3 10 2 8 7 5 5 3 1 3 3 8 2 7 1 4 1 10 4 7 7 4 0
,
0 44 31 6 52 17 23 16 36 16 40 18 54 22 25 25 46 16 52 27 29 16 22 15 50 17 36 41 20 35
27 0 10 52 21 30 13 8 46 17 19 18 23 15 16 19 33 23 25 36 32 31 11 30 32 15 10 27 17 14
22 11 0 49 10 26 7 11 58 9 43 35 15 15 9 31 17 10 34 17 38 18 4 17 55 22 27 27 7 12
7 46 28 0 45 15 40 18 51 17 46 23 39 37 27 23 47 17 34 28 42 30 33 12 61 23 52 31 23 13
23 31 16 47 0 37 18 18 54 11 44 46 14 30 4 18 4 25 41 6 41 20 27 16 79 20 18 32 10 22
17 26 26 13 37 0 31 13 40 9 39 23 24 13 34 15 27 22 40 31 29 8 23 7 51 27 42 28 26 11
32 17 5 20 8 23 0 7 60 8 39 24 9 10 14 17 16 12 15 8 37 26 7 15 55 8 30 37 5 19
21 14 8 28 26 25 7 0 33 5 36 29 20 11 28 19 30 11 31 19 38 19 7 7 50 8 21 16 9 17
52 18 39 52 46 60 40 54 0 53 11 14 34 32 77 68 36 49 15 72 23 70 28 37 2 45 18 12 26 67
20 24 21 32 28 9 12 5 34 0 36 16 30 8 22 8 14 9 34 22 40 8 14 8 37 6 20 37 13 11
18 13 44 35 62 24 21 15 14 18 0 4 22 23 47 40 68 14 13 56 4 53 15 20 8 17 24 4 26 54
13 19 28 22 28 47 36 17 16 16 6 0 35 7 57 23 55 11 9 47 8 43 29 28 18 18 12 6 40 48
44 15 7 35 11 30 15 27 49 31 28 31 0 26 9 15 23 16 45 24 64 21 10 30 47 41 28 32 4 13
22 19 13 35 33 27 15 7 16 19 15 14 27 0 22 33 40 8 14 33 9 13 9 18 15 3 11 12 30 14
55 21 21 34 3 18 9 14 55 16 49 54 13 34 0 20 3 22 24 2 28 17 21 13 49 26 22 60 20 11
32 40 22 32 20 12 19 24 43 14 61 46 36 15 14 0 9 29 23 6 39 7 14 9 39 27 40 28 21 3
49 25 21 29 4 27 16 17 77 24 39 63 20 46 4 10 0 19 61 3 59 11 32 14 69 35 55 29 22 20
17 12 18 21 24 14 15 13 33 9 27 21 18 11 37 22 33 0 14 26 23 18 11 12 28 4 21 22 28 20
34 20 35 22 30 45 37 32 12 38 7 18 48 14 65 29 42 30 0 29 17 32 29 31 21 32 5 4 36 57
36 19 16 50 5 26 11 23 56 15 46 22 15 41 3 14 2 25 42 0 34 20 27 23 33 22 50 59 17 16
15 28 50 27 60 38 20 27 24 32 11 7 27 24 51 51 63 13 24 40 0 42 31 21 7 21 21 6 48 55
17 29 13 28 24 7 20 16 36 16 52 28 18 31 19 3 24 10 40 9 48 0 18 6 51 15 52 37 23 3
15 11 4 27 14 31 3 5 25 14 32 14 15 13 23 21 33 15 13 14 34 19 0 18 49 6 24 28 11 10
23 20 12 28 19 11 13 10 23 8 21 19 31 16 26 5 20 14 46 19 35 4 21 0 53 16 47 17 20 6
49 17 45 32 66 47 26 39 2 23 8 13 49 32 51 70 82 31 15 61 13 65 42 52 0 34 21 16 40 37
10 15 23 13 26 14 14 12 40 10 17 20 38 3 30 33 21 4 28 31 26 16 15 17 41 0 26 15 33 28
38 7 20 60 45 32 31 12 22 16 21 12 39 21 23 31 32 13 8 49 20 48 22 28 16 31 0 18 13 24
24 11 36 32 30 31 18 27 10 14 4 6 31 12 61 42 61 12 7 63 14 36 21 27 9 24 22 0 24 35
33 12 3 42 6 25 4 19 51 17 49 38 3 17 17 20 14 17 22 9 58 26 16 33 64 22 37 40 0 22
18 31 25 20 20 9 17 10 59 8 54 37 12 27 11 2 19 15 24 6 21 6 22 10 60 16 39 40 22 0