5
30
,
0 (43.0, 7.0) 32.0
1 (18.0, 31.0) 26.0
2 (13.0, 23.0) 24.0
3 (43.0, 1.0) 31.0
4 (5.0, 11.0) 38.0
5 (28.0, 1.0) 38.0
6 (16.0, 19.0) 35.0
7 (21.0, 18.0) 27.0
8 (47.0, 45.0) 18.0
9 (24.0, 14.0) 31.0
10 (42.0, 35.0) 40.0
11 (41.0, 30.0) 22.0
12 (3.0, 22.0) 40.0
13 (30.0, 25.0) 34.0
14 (4.0, 8.0) 32.0
15 (17.0, 2.0) 37.0
16 (5.0, 5.0) 39.0
17 (30.0, 17.0) 20.0
18 (34.0, 42.0) 49.0
19 (7.0, 6.0) 29.0
20 (47.0, 29.0) 12.0
21 (23.0, 3.0) 12.0
22 (19.0, 23.0) 40.0
23 (25.0, 8.0) 32.0
24 (48.0, 43.0) 15.0
25 (30.0, 20.0) 33.0
26 (24.0, 41.0) 38.0
27 (38.0, 35.0) 29.0
28 (8.0, 22.0) 18.0
29 (19.0, 5.0) 29.0
,
0 7 7 1 8 3 6 5 8 4 6 5 9 4 8 5 8 3 7 7 4 4 6 4 7 4 8 6 8 5
7 0 2 8 5 6 2 3 6 4 5 5 3 3 5 6 6 4 4 5 6 6 2 5 6 3 2 4 3 5
7 2 0 7 3 5 1 2 8 3 6 6 2 3 3 4 4 4 6 4 7 4 1 4 8 3 4 6 1 4
1 8 7 0 8 3 6 6 9 5 7 6 9 5 8 5 8 4 8 7 6 4 7 4 8 5 9 7 8 5
8 5 3 8 0 5 3 3 11 4 9 8 2 6 1 3 1 5 8 1 9 4 4 4 11 5 7 8 2 3
3 6 5 3 5 0 4 4 10 3 7 6 7 5 5 2 5 3 8 4 7 1 5 2 9 4 8 7 6 2
6 2 1 6 3 4 0 1 8 2 6 5 3 3 3 3 4 3 6 3 7 3 1 3 8 3 5 5 2 3
5 3 2 6 3 4 1 0 7 1 5 5 4 2 4 3 4 2 5 4 6 3 1 2 7 2 5 5 3 3
8 6 8 9 11 10 8 7 0 8 2 3 10 5 11 10 12 7 3 11 3 10 7 9 0 6 5 3 9 10
4 4 3 5 4 3 2 1 8 0 6 5 4 3 4 3 4 1 6 4 5 2 2 1 8 2 5 5 4 2
6 5 6 7 9 7 6 5 2 6 0 1 8 3 9 8 10 4 2 9 2 7 5 6 2 4 4 1 7 8
5 5 6 6 8 6 5 5 3 5 1 0 8 2 9 7 9 3 3 8 1 6 5 5 3 3 4 1 7 7
9 3 2 9 2 7 3 4 10 4 8 8 0 5 3 5 3 5 7 3 9 6 3 5 10 5 6 7 1 5
4 3 3 5 6 5 3 2 5 3 3 2 5 0 6 5 6 2 3 6 3 5 2 4 5 1 3 3 4 5
8 5 3 8 1 5 3 4 11 4 9 9 3 6 0 3 1 6 9 1 10 4 4 4 11 6 8 9 3 3
5 6 4 5 3 2 3 3 10 3 8 7 5 5 3 0 2 4 9 2 8 1 4 2 10 4 8 8 4 1
8 6 4 8 1 5 4 4 12 4 10 9 3 6 1 2 0 6 9 0 10 4 5 4 11 6 8 9 3 3
3 4 4 4 5 3 3 2 7 1 4 3 5 2 6 4 6 0 5 5 4 3 3 2 6 1 5 4 5 3
7 4 6 8 8 8 6 5 3 6 2 3 7 3 9 9 9 5 0 9 4 8 5 7 3 4 2 2 7 8
7 5 4 7 1 4 3 4 11 4 9 8 3 6 1 2 0 5 9 0 9 3 4 4 11 5 8 8 3 2
4 6 7 6 9 7 7 6 3 5 2 1 9 3 10 8 10 4 4 9 0 7 6 6 3 4 5 2 8 7
4 6 4 4 4 1 3 3 10 2 7 6 6 5 4 1 4 3 8 3 7 0 4 1 9 4 8 7 5 1
6 2 1 7 4 5 1 1 7 2 5 5 3 2 4 4 5 3 5 4 6 4 0 3 7 2 4 4 2 4
4 5 4 4 4 2 3 2 9 1 6 5 5 4 4 2 4 2 7 4 6 1 3 0 8 3 7 6 4 1
7 6 8 8 11 9 8 7 0 8 2 3 10 5 11 10 11 6 3 11 3 9 7 8 0 6 5 3 9 10
4 3 3 5 5 4 3 2 6 2 4 3 5 1 6 4 6 1 4 5 4 4 2 3 6 0 4 3 4 4
8 2 4 9 7 8 5 5 5 5 4 4 6 3 8 8 8 5 2 8 5 8 4 7 5 4 0 3 5 7
6 4 6 7 8 7 5 5 3 5 1 1 7 3 9 8 9 4 2 8 2 7 4 6 3 3 3 0 7 7
8 3 1 8 2 6 2 3 9 4 7 7 1 4 3 4 3 5 7 3 8 5 2 4 9 4 5 7 0 4
5 5 4 5 3 2 3 3 10 2 8 7 5 5 3 1 3 3 8 2 7 1 4 1 10 4 7 7 4 0
,
0 40 18 8 43 19 42 34 38 18 24 22 34 30 32 27 50 24 47 48 23 11 26 20 47 16 57 30 39 12
51 0 10 25 34 46 12 7 37 26 19 26 26 17 19 24 24 22 24 29 15 26 4 18 48 21 9 22 13 27
18 9 0 33 9 25 7 10 56 18 42 16 6 19 16 12 10 13 19 11 36 31 5 28 58 12 21 39 6 24
9 31 45 0 52 14 28 26 46 16 49 34 50 41 31 30 48 21 21 40 36 16 44 22 45 15 48 21 25 13
25 12 10 29 0 29 18 14 72 20 36 57 11 21 2 9 8 16 56 3 35 10 20 18 60 13 38 60 6 16
14 21 37 22 21 0 26 10 61 10 43 22 23 33 37 13 15 10 50 17 35 4 31 10 24 26 23 44 40 10
39 17 6 33 18 15 0 7 50 9 39 17 11 22 15 13 18 19 18 16 22 13 7 12 45 10 19 21 6 19
26 11 10 15 10 17 4 0 53 5 20 27 24 9 12 10 20 14 17 23 19 17 3 11 47 7 16 31 15 14
39 29 55 37 34 55 36 22 0 22 9 18 41 17 66 67 67 21 14 34 11 27 23 47 2 30 28 8 31 49
26 9 13 23 17 7 13 7 28 0 36 22 15 14 19 18 24 10 35 12 39 9 10 6 31 10 38 22 19 14
23 14 18 48 26 30 29 39 12 16 0 3 48 11 56 29 50 21 11 50 9 48 34 28 6 13 27 3 49 49
29 19 43 16 44 30 34 20 17 18 3 0 47 9 56 46 38 11 18 50 3 40 22 29 21 21 16 6 38 26
47 26 8 59 17 48 11 16 40 25 25 26 0 28 20 24 12 29 41 23 47 26 16 34 72 19 40 33 4 34
22 8 22 21 37 32 14 9 36 11 10 12 17 0 16 30 26 5 11 23 14 27 14 17 30 4 15 18 23 14
36 36 13 21 3 30 19 29 75 14 36 63 7 31 0 13 4 36 63 4 39 19 11 31 49 43 50 53 15 8
33 21 18 29 15 9 12 11 47 9 51 35 33 28 21 0 11 28 48 10 25 8 28 9 34 24 56 26 25 4
25 42 24 46 9 22 12 12 71 21 31 23 22 17 5 18 0 35 30 3 70 26 15 15 80 21 30 25 14 14
12 26 22 23 25 12 20 8 35 10 25 15 37 6 27 22 36 0 30 36 30 18 13 7 25 3 33 15 31 17
51 23 22 46 44 44 16 26 18 37 5 19 41 25 39 52 66 14 0 64 26 60 12 26 16 16 8 6 34 51
25 33 12 22 7 20 22 19 45 21 38 37 20 19 4 16 3 37 50 0 64 17 21 21 59 38 50 32 10 18
12 27 35 30 42 33 21 16 23 33 9 4 63 13 38 50 32 19 11 67 0 25 24 31 14 17 34 11 57 20
21 39 19 17 13 4 18 15 53 11 22 36 36 24 19 7 17 18 44 20 44 0 16 3 61 25 23 52 23 3
34 12 4 18 24 22 6 7 22 8 34 24 10 12 27 20 12 14 18 13 40 13 0 13 24 14 19 27 16 10
18 25 21 18 22 7 15 13 28 6 38 30 24 25 11 15 26 13 45 13 40 5 24 0 33 13 21 20 20 8
40 30 32 53 75 41 38 24 2 24 10 9 39 13 35 69 62 35 7 43 9 36 48 48 0 31 31 16 62 40
15 23 12 32 35 14 11 5 18 8 22 14 34 5 17 19 20 3 29 34 25 26 14 16 16 0 27 9 28 12
30 14 24 49 52 43 15 29 23 18 19 12 41 10 53 23 58 31 11 45 24 40 14 36 23 31 0 14 17 26
24 29 23 19 47 53 34 21 15 27 2 6 54 14 56 36 60 20 6 55 14 23 17 21 19 19 8 0 36 30
56 9 7 32 7 32 6 14 47 12 44 32 3 33 20 32 9 21 41 16 25 35 14 31 47 28 28 17 0 16
14 20 17 18 13 14 17 20 52 7 19 32 24 21 14 2 16 12 22 12 29 7 14 6 27 23 36 21 24 0