7
40
,
0 (40.0, 31.0) 31.0
1 (40.0, 50.0) 40.0
2 (13.0, 34.0) 52.0
3 (32.0, 28.0) 49.0
4 (45.0, 11.0) 49.0
5 (28.0, 22.0) 69.0
6 (12.0, 49.0) 58.0
7 (28.0, 43.0) 37.0
8 (14.0, 22.0) 66.0
9 (18.0, 5.0) 58.0
10 (16.0, 38.0) 52.0
11 (15.0, 14.0) 79.0
12 (16.0, 47.0) 51.0
13 (16.0, 31.0) 55.0
14 (39.0, 23.0) 60.0
15 (33.0, 37.0) 57.0
16 (9.0, 7.0) 42.0
17 (21.0, 24.0) 55.0
18 (13.0, 2.0) 53.0
19 (6.0, 44.0) 35.0
20 (12.0, 50.0) 56.0
21 (45.0, 13.0) 47.0
22 (39.0, 17.0) 59.0
23 (11.0, 31.0) 52.0
24 (2.0, 11.0) 55.0
25 (9.0, 29.0) 67.0
26 (20.0, 5.0) 80.0
27 (17.0, 50.0) 77.0
28 (40.0, 23.0) 58.0
29 (30.0, 9.0) 63.0
30 (50.0, 7.0) 44.0
31 (29.0, 25.0) 86.0
32 (37.0, 32.0) 50.0
33 (43.0, 0.0) 46.0
34 (4.0, 2.0) 51.0
35 (2.0, 19.0) 47.0
36 (49.0, 40.0) 65.0
37 (44.0, 42.0) 38.0
38 (27.0, 9.0) 44.0
39 (14.0, 39.0) 48.0
,
0 25 32 18 21 23 18 25 26 13 9 21 10 25 17 23 25 6 16 7 22 26 23 21 16 6 15 10 26 23 16 25 19 24 22 2 10 32 30 14 21 0
25 0 10 14 4 10 8 17 8 14 17 12 15 14 12 4 5 20 10 20 18 17 9 7 14 21 16 16 15 4 12 13 6 2 16 23 20 6 6 13 14 25
32 10 0 16 12 20 15 14 7 19 25 13 22 12 15 14 7 27 16 28 17 14 19 17 17 27 19 25 12 14 21 22 14 9 25 30 25 7 4 22 14 32
18 14 16 0 10 20 10 8 9 6 15 2 10 7 2 14 10 14 6 16 6 8 19 16 2 13 3 15 8 15 15 23 9 12 23 17 9 18 16 14 3 18
21 4 12 10 0 11 4 14 8 9 13 9 11 12 8 4 5 16 6 16 15 15 10 7 11 17 12 13 13 5 10 14 2 3 15 19 16 10 9 10 11 21
23 10 20 20 11 0 10 25 18 16 14 20 15 23 18 7 14 18 14 17 26 26 1 4 20 22 20 13 24 6 8 3 11 11 6 21 22 15 16 9 21 23
18 8 15 10 4 10 0 16 10 7 10 10 8 14 8 6 8 12 4 12 16 16 10 6 10 14 10 9 15 6 7 13 2 7 13 16 13 14 13 7 11 18
25 17 14 8 14 25 16 0 9 14 22 6 18 2 9 19 12 21 13 24 4 0 24 21 9 20 10 22 3 19 22 28 15 15 29 24 16 19 16 21 5 25
26 8 7 9 8 18 10 9 0 13 20 6 16 6 8 11 4 20 10 22 11 9 17 14 10 21 12 19 7 12 17 21 9 7 23 24 18 11 8 17 7 26
13 14 19 6 9 16 7 14 13 0 9 8 4 13 5 13 12 8 4 10 12 14 16 13 5 8 4 9 14 13 10 20 8 13 18 11 6 20 18 9 8 13
9 17 25 15 13 14 10 22 20 9 0 17 5 21 13 14 18 5 10 3 20 23 14 12 13 9 13 1 23 14 6 16 11 17 13 7 11 23 23 5 17 9
21 12 13 2 9 20 10 6 6 8 17 0 12 4 4 14 9 16 7 18 6 6 19 16 4 15 6 17 6 14 16 23 9 11 23 19 12 17 14 16 1 21
10 15 22 10 11 15 8 18 16 4 5 12 0 17 9 13 15 5 6 6 16 18 15 12 9 7 8 5 18 13 8 18 9 14 16 8 7 21 20 6 13 10
25 14 12 7 12 23 14 2 6 13 21 4 17 0 8 17 10 20 12 23 5 2 22 19 8 19 10 21 2 17 20 26 13 13 27 23 16 17 14 20 4 25
17 12 15 2 8 18 8 9 8 5 13 4 9 8 0 12 9 12 4 15 8 10 17 13 2 12 4 13 10 13 13 21 7 11 21 16 9 17 15 12 4 17
23 4 14 14 4 7 6 19 11 13 14 14 13 17 12 0 8 17 9 17 20 19 6 3 15 19 15 13 17 0 8 10 5 5 12 20 19 10 10 9 15 23
25 5 7 10 5 14 8 12 4 12 18 9 15 10 9 8 0 19 9 20 14 12 13 10 11 20 13 17 10 8 14 17 6 3 19 23 18 8 6 14 10 25
6 20 27 14 16 18 12 21 20 8 5 16 5 20 12 17 19 0 10 3 19 22 18 16 12 4 11 6 22 17 11 20 13 19 17 4 7 26 25 9 16 6
16 10 16 6 6 14 4 13 10 4 10 7 6 12 4 9 9 10 0 12 12 14 13 10 6 12 6 10 13 10 9 17 4 9 16 14 10 16 15 8 8 16
7 20 28 16 16 17 12 24 22 10 3 18 6 23 15 17 20 3 12 0 21 24 17 15 15 7 14 4 24 17 9 19 14 19 15 4 10 26 25 8 19 7
22 18 17 6 15 26 16 4 11 12 20 6 16 5 8 20 14 19 12 21 0 4 25 21 7 17 8 21 6 20 21 29 15 17 29 21 13 22 19 20 5 22
26 17 14 8 15 26 16 0 9 14 23 6 18 2 10 19 12 22 14 24 4 0 25 21 10 20 11 23 2 19 22 29 15 15 29 24 16 19 16 22 6 26
23 9 19 19 10 1 10 24 17 16 14 19 15 22 17 6 13 18 13 17 25 25 0 4 19 22 20 13 23 6 8 4 10 10 7 21 22 14 15 9 20 23
21 7 17 16 7 4 6 21 14 13 12 16 12 19 13 3 10 16 10 15 21 21 4 0 16 19 16 11 20 3 6 7 6 8 9 19 19 13 13 7 17 21
16 14 17 2 11 20 10 9 10 5 13 4 9 8 2 15 11 12 6 15 7 10 19 16 0 11 1 14 10 15 15 23 9 13 22 15 8 20 17 14 4 16
6 21 27 13 17 22 14 20 21 8 9 15 7 19 12 19 20 4 12 7 17 20 22 19 11 0 10 9 21 20 14 24 15 20 21 5 4 28 26 13 15 6
15 16 19 3 12 20 10 10 12 4 13 6 8 10 4 15 13 11 6 14 8 11 20 16 1 10 0 13 11 16 14 23 10 14 22 14 6 21 19 13 6 15
10 16 25 15 13 13 9 22 19 9 1 17 5 21 13 13 17 6 10 4 21 23 13 11 14 9 13 0 23 13 5 15 11 16 12 8 11 23 22 4 17 10
26 15 12 8 13 24 15 3 7 14 23 6 18 2 10 17 10 22 13 24 6 2 23 20 10 21 11 23 0 18 22 27 14 13 28 25 17 17 14 21 6 26
23 4 14 15 5 6 6 19 12 13 14 14 13 17 13 0 8 17 10 17 20 19 6 3 15 20 16 13 18 0 9 9 6 5 12 21 19 10 10 10 15 23
16 12 21 15 10 8 7 22 17 10 6 16 8 20 13 8 14 11 9 9 21 22 8 6 15 14 14 5 22 9 0 10 8 12 8 13 15 18 18 2 17 16
25 13 22 23 14 3 13 28 21 20 16 23 18 26 21 10 17 20 17 19 29 29 4 7 23 24 23 15 27 9 10 0 14 14 5 23 25 17 18 12 24 25
19 6 14 9 2 11 2 15 9 8 11 9 9 13 7 5 6 13 4 14 15 15 10 6 9 15 10 11 14 6 8 14 0 5 14 17 14 12 11 8 10 19
24 2 9 12 3 11 7 15 7 13 17 11 14 13 11 5 3 19 9 19 17 15 10 8 13 20 14 16 13 5 12 14 5 0 16 22 19 7 6 13 12 24
22 16 25 23 15 6 13 29 23 18 13 23 16 27 21 12 19 17 16 15 29 29 7 9 22 21 22 12 28 12 8 5 14 16 0 20 23 20 21 9 24 22
2 23 30 17 19 21 16 24 24 11 7 19 8 23 16 20 23 4 14 4 21 24 21 19 15 5 14 8 25 21 13 23 17 22 20 0 9 29 28 12 19 2
10 20 25 9 16 22 13 16 18 6 11 12 7 16 9 19 18 7 10 10 13 16 22 19 8 4 6 11 17 19 15 25 14 19 23 9 0 26 24 13 12 10
32 6 7 18 10 15 14 19 11 20 23 17 21 17 17 10 8 26 16 26 22 19 14 13 20 28 21 23 17 10 18 17 12 7 20 29 26 0 3 19 18 32
30 6 4 16 9 16 13 16 8 18 23 14 20 14 15 10 6 25 15 25 19 16 15 13 17 26 19 22 14 10 18 18 11 6 21 28 24 3 0 19 15 30
14 13 22 14 10 9 7 21 17 9 5 16 6 20 12 9 14 9 8 8 20 22 9 7 14 13 13 4 21 10 2 12 8 13 9 12 13 19 19 0 16 14
21 14 14 3 11 21 11 5 7 8 17 1 13 4 4 15 10 16 8 19 5 6 20 17 4 15 6 17 6 15 17 24 10 12 24 19 12 18 15 16 0 21
0 25 32 18 21 23 18 25 26 13 9 21 10 25 17 23 25 6 16 7 22 26 23 21 16 6 15 10 26 23 16 25 19 24 22 2 10 32 30 14 21 0
,
0 27 61 29 48 37 27 74 40 38 11 32 15 47 51 26 50 10 40 8 48 66 33 44 44 6 45 21 36 38 44 34 44 46 42 6 28 83 57 25 58 0
45 0 20 22 12 25 15 28 17 33 42 13 33 18 21 9 13 20 10 40 31 49 13 16 25 39 46 40 41 6 31 37 17 4 34 60 49 10 7 35 30 50
51 15 0 30 15 37 36 42 17 40 42 26 23 14 26 34 17 35 18 74 31 41 40 39 19 35 37 32 34 34 48 39 34 18 70 33 47 19 5 55 25 68
31 38 43 0 13 55 13 16 10 12 23 4 17 15 5 39 22 40 10 25 15 8 32 38 4 20 9 18 21 29 42 24 19 23 32 18 23 54 33 28 4 44
35 6 14 30 0 25 4 39 21 26 15 13 19 20 10 7 11 37 9 43 36 35 25 14 14 23 27 37 19 6 28 37 5 6 45 48 38 15 12 24 24 25
51 27 55 40 21 0 22 63 18 20 24 53 40 64 30 11 42 21 37 44 37 39 3 13 46 31 49 32 59 19 20 7 22 12 6 62 44 30 42 12 44 46
42 21 18 28 10 20 0 28 22 14 27 26 10 33 14 10 9 18 5 32 23 44 20 6 14 39 15 16 44 17 9 16 4 14 14 28 34 15 13 10 24 39
37 21 17 12 42 55 32 0 17 21 28 9 43 6 12 28 33 57 22 53 10 1 59 57 18 38 17 52 6 20 28 44 39 45 35 27 39 50 49 50 10 26
59 25 20 25 9 47 20 18 0 34 20 10 39 8 13 13 4 46 14 44 24 9 40 39 11 36 27 51 11 21 45 35 25 12 45 37 32 14 20 35 18 75
39 17 31 12 20 37 19 30 31 0 16 23 10 16 6 34 25 19 10 12 19 41 38 25 7 18 7 9 25 36 31 46 17 37 53 28 16 55 38 14 18 39
22 33 42 25 21 26 16 64 24 24 0 26 6 43 31 29 48 7 20 7 46 44 33 30 21 11 37 2 29 20 11 43 21 46 32 8 27 62 60 14 39 12
26 29 34 7 15 30 29 17 16 11 27 0 20 10 7 40 11 41 14 45 15 16 51 23 9 24 15 35 8 35 40 45 23 17 26 36 32 48 21 39 3 21
12 33 47 10 23 25 17 47 39 4 14 32 0 43 10 22 35 6 8 9 46 36 19 35 13 8 20 10 52 28 19 43 15 19 26 19 9 25 47 13 30 21
37 37 15 13 32 23 25 4 15 28 53 13 18 0 17 43 10 52 15 47 13 3 36 27 18 38 22 47 2 40 26 41 22 36 39 48 24 32 33 23 6 57
43 27 42 3 15 49 22 13 20 7 27 9 15 23 0 29 26 20 9 15 12 13 28 30 4 13 5 38 27 15 36 49 12 31 23 31 27 22 37 14 8 25
60 5 17 22 12 10 15 30 20 21 17 34 30 23 24 0 18 37 15 25 51 33 8 8 39 20 24 17 36 1 17 21 15 6 28 50 53 28 15 22 34 40
61 9 11 21 8 25 17 24 8 34 42 18 37 19 23 9 0 36 11 41 40 20 21 12 26 28 26 48 18 15 36 24 9 6 19 55 29 23 13 27 12 32
12 20 43 40 21 51 16 31 45 17 8 24 8 57 33 37 34 0 11 3 41 24 52 16 26 8 28 17 25 51 14 52 31 29 18 4 17 49 50 17 46 13
38 24 48 9 9 29 6 32 14 11 18 17 15 16 8 23 19 30 0 25 27 34 20 22 14 19 14 27 37 27 22 25 7 17 41 41 25 44 15 17 21 43
10 47 32 34 25 36 16 34 31 24 5 45 10 40 26 40 59 4 25 0 23 65 18 27 33 8 36 6 70 28 11 48 24 44 25 7 20 62 44 9 51 19
64 48 52 8 28 71 23 11 18 30 40 13 18 6 18 41 21 36 25 37 0 11 40 55 7 22 8 41 18 58 52 39 22 28 60 26 32 51 30 56 7 52
38 35 18 14 43 67 31 1 23 41 38 14 42 6 11 26 18 58 25 56 12 0 65 46 23 46 25 64 7 35 64 77 20 40 30 55 45 57 44 53 7 27
26 25 33 26 28 1 10 70 41 28 23 54 30 40 31 15 28 35 23 28 51 66 0 4 24 33 35 35 45 11 14 7 19 27 13 49 63 27 27 10 37 30
37 13 36 34 13 10 8 32 34 36 19 46 21 52 32 6 28 29 20 18 23 56 8 0 37 47 37 14 52 4 16 14 18 19 21 55 48 26 22 17 33 39
30 36 51 4 24 43 21 24 26 5 15 11 22 23 6 22 29 14 10 27 17 26 28 27 0 13 3 21 11 32 20 36 27 22 39 32 16 56 36 24 11 19
16 61 60 22 44 38 34 49 38 20 25 45 11 44 29 26 26 4 12 14 43 38 40 55 29 0 24 10 45 47 23 37 31 46 26 12 9 57 67 13 26 15
44 20 43 5 12 37 12 25 30 13 36 13 18 16 5 27 28 16 19 26 15 25 35 33 4 26 0 34 14 44 16 48 16 39 65 38 15 62 37 36 10 36
25 48 31 33 32 28 16 56 21 11 2 45 15 44 26 19 19 7 22 7 57 39 20 33 33 24 33 0 28 13 9 44 21 36 25 8 19 53 59 11 31 28
29 38 12 13 37 59 22 6 10 38 30 6 24 4 12 40 22 32 35 66 10 3 55 38 28 31 22 56 0 32 29 37 32 32 84 65 23 49 26 30 6 58
30 10 33 37 12 17 10 21 16 19 29 29 35 45 29 1 20 34 24 39 42 53 8 8 31 35 29 30 33 0 15 13 10 5 24 60 34 23 14 15 42 56
41 32 37 39 19 8 8 57 33 26 11 44 23 50 23 10 42 26 15 11 49 37 15 14 18 33 42 10 42 25 0 27 22 17 22 27 19 34 26 4 31 32
56 25 46 52 23 8 30 65 37 52 34 32 36 44 40 16 32 52 29 54 75 58 9 16 44 58 56 16 76 19 23 0 32 16 6 32 60 36 40 32 24 63
30 10 17 15 4 17 3 39 25 19 31 13 14 33 14 5 11 14 6 34 43 44 17 15 24 33 15 19 34 13 14 23 0 13 19 26 25 33 29 11 11 20
57 2 23 33 6 16 15 44 19 23 46 27 24 23 12 11 5 53 21 30 36 31 12 12 16 40 22 38 29 8 13 34 14 0 38 43 38 16 12 37 16 43
42 19 58 55 28 11 36 69 58 20 35 58 35 66 25 15 31 27 27 42 59 51 13 24 64 29 49 14 70 35 17 15 15 39 0 28 58 57 42 26 30 38
7 53 31 20 51 21 19 31 38 18 13 30 9 34 32 27 33 9 21 12 40 64 22 27 30 9 36 17 42 46 15 62 49 35 30 0 19 70 36 24 48 5
14 44 65 17 28 29 38 24 30 7 25 14 16 29 14 26 18 18 19 25 16 24 44 54 21 10 17 23 27 31 30 42 14 49 49 13 0 41 58 26 33 25
88 17 17 48 16 22 18 28 28 27 60 31 30 20 41 25 9 70 38 74 49 39 27 22 31 72 48 50 21 26 43 33 30 8 30 41 69 0 4 39 38 49
81 8 5 38 10 23 35 23 10 23 52 41 27 32 22 29 12 38 17 48 34 22 33 23 34 62 49 30 40 20 41 27 30 12 48 80 28 7 0 52 34 49
34 27 49 36 24 9 8 46 36 18 7 36 12 31 19 12 34 12 20 17 37 26 23 19 29 15 21 7 54 28 4 28 15 24 14 33 31 27 27 0 25 26
58 26 29 6 20 58 28 7 15 10 23 3 29 5 10 22 21 21 11 19 9 15 54 27 6 41 6 50 17 21 43 50 17 27 71 49 28 41 25 39 0 44
0 32 85 28 23 45 31 31 38 37 25 42 20 59 47 57 45 17 20 7 64 49 63 62 27 9 39 22 42 33 42 38 27 39 53 5 21 37 49 25 21 0