7
40
,
0 (40.0, 31.0) 51.0
1 (40.0, 50.0) 47.0
2 (13.0, 34.0) 51.0
3 (32.0, 28.0) 88.0
4 (45.0, 11.0) 83.0
5 (28.0, 22.0) 86.0
6 (12.0, 49.0) 46.0
7 (28.0, 43.0) 70.0
8 (14.0, 22.0) 39.0
9 (18.0, 5.0) 83.0
10 (16.0, 38.0) 82.0
11 (15.0, 14.0) 66.0
12 (16.0, 47.0) 34.0
13 (16.0, 31.0) 74.0
14 (39.0, 23.0) 46.0
15 (33.0, 37.0) 30.0
16 (9.0, 7.0) 43.0
17 (21.0, 24.0) 87.0
18 (13.0, 2.0) 54.0
19 (6.0, 44.0) 59.0
20 (12.0, 50.0) 39.0
21 (45.0, 13.0) 67.0
22 (39.0, 17.0) 31.0
23 (11.0, 31.0) 58.0
24 (2.0, 11.0) 40.0
25 (9.0, 29.0) 43.0
26 (20.0, 5.0) 33.0
27 (17.0, 50.0) 58.0
28 (40.0, 23.0) 30.0
29 (30.0, 9.0) 34.0
30 (50.0, 7.0) 81.0
31 (29.0, 25.0) 47.0
32 (37.0, 32.0) 60.0
33 (43.0, 0.0) 65.0
34 (4.0, 2.0) 57.0
35 (2.0, 19.0) 39.0
36 (49.0, 40.0) 62.0
37 (44.0, 42.0) 50.0
38 (27.0, 9.0) 83.0
39 (14.0, 39.0) 78.0
,
0 25 32 18 21 23 18 25 26 13 9 21 10 25 17 23 25 6 16 7 22 26 23 21 16 6 15 10 26 23 16 25 19 24 22 2 10 32 30 14 21 0
25 0 10 14 4 10 8 17 8 14 17 12 15 14 12 4 5 20 10 20 18 17 9 7 14 21 16 16 15 4 12 13 6 2 16 23 20 6 6 13 14 25
32 10 0 16 12 20 15 14 7 19 25 13 22 12 15 14 7 27 16 28 17 14 19 17 17 27 19 25 12 14 21 22 14 9 25 30 25 7 4 22 14 32
18 14 16 0 10 20 10 8 9 6 15 2 10 7 2 14 10 14 6 16 6 8 19 16 2 13 3 15 8 15 15 23 9 12 23 17 9 18 16 14 3 18
21 4 12 10 0 11 4 14 8 9 13 9 11 12 8 4 5 16 6 16 15 15 10 7 11 17 12 13 13 5 10 14 2 3 15 19 16 10 9 10 11 21
23 10 20 20 11 0 10 25 18 16 14 20 15 23 18 7 14 18 14 17 26 26 1 4 20 22 20 13 24 6 8 3 11 11 6 21 22 15 16 9 21 23
18 8 15 10 4 10 0 16 10 7 10 10 8 14 8 6 8 12 4 12 16 16 10 6 10 14 10 9 15 6 7 13 2 7 13 16 13 14 13 7 11 18
25 17 14 8 14 25 16 0 9 14 22 6 18 2 9 19 12 21 13 24 4 0 24 21 9 20 10 22 3 19 22 28 15 15 29 24 16 19 16 21 5 25
26 8 7 9 8 18 10 9 0 13 20 6 16 6 8 11 4 20 10 22 11 9 17 14 10 21 12 19 7 12 17 21 9 7 23 24 18 11 8 17 7 26
13 14 19 6 9 16 7 14 13 0 9 8 4 13 5 13 12 8 4 10 12 14 16 13 5 8 4 9 14 13 10 20 8 13 18 11 6 20 18 9 8 13
9 17 25 15 13 14 10 22 20 9 0 17 5 21 13 14 18 5 10 3 20 23 14 12 13 9 13 1 23 14 6 16 11 17 13 7 11 23 23 5 17 9
21 12 13 2 9 20 10 6 6 8 17 0 12 4 4 14 9 16 7 18 6 6 19 16 4 15 6 17 6 14 16 23 9 11 23 19 12 17 14 16 1 21
10 15 22 10 11 15 8 18 16 4 5 12 0 17 9 13 15 5 6 6 16 18 15 12 9 7 8 5 18 13 8 18 9 14 16 8 7 21 20 6 13 10
25 14 12 7 12 23 14 2 6 13 21 4 17 0 8 17 10 20 12 23 5 2 22 19 8 19 10 21 2 17 20 26 13 13 27 23 16 17 14 20 4 25
17 12 15 2 8 18 8 9 8 5 13 4 9 8 0 12 9 12 4 15 8 10 17 13 2 12 4 13 10 13 13 21 7 11 21 16 9 17 15 12 4 17
23 4 14 14 4 7 6 19 11 13 14 14 13 17 12 0 8 17 9 17 20 19 6 3 15 19 15 13 17 0 8 10 5 5 12 20 19 10 10 9 15 23
25 5 7 10 5 14 8 12 4 12 18 9 15 10 9 8 0 19 9 20 14 12 13 10 11 20 13 17 10 8 14 17 6 3 19 23 18 8 6 14 10 25
6 20 27 14 16 18 12 21 20 8 5 16 5 20 12 17 19 0 10 3 19 22 18 16 12 4 11 6 22 17 11 20 13 19 17 4 7 26 25 9 16 6
16 10 16 6 6 14 4 13 10 4 10 7 6 12 4 9 9 10 0 12 12 14 13 10 6 12 6 10 13 10 9 17 4 9 16 14 10 16 15 8 8 16
7 20 28 16 16 17 12 24 22 10 3 18 6 23 15 17 20 3 12 0 21 24 17 15 15 7 14 4 24 17 9 19 14 19 15 4 10 26 25 8 19 7
22 18 17 6 15 26 16 4 11 12 20 6 16 5 8 20 14 19 12 21 0 4 25 21 7 17 8 21 6 20 21 29 15 17 29 21 13 22 19 20 5 22
26 17 14 8 15 26 16 0 9 14 23 6 18 2 10 19 12 22 14 24 4 0 25 21 10 20 11 23 2 19 22 29 15 15 29 24 16 19 16 22 6 26
23 9 19 19 10 1 10 24 17 16 14 19 15 22 17 6 13 18 13 17 25 25 0 4 19 22 20 13 23 6 8 4 10 10 7 21 22 14 15 9 20 23
21 7 17 16 7 4 6 21 14 13 12 16 12 19 13 3 10 16 10 15 21 21 4 0 16 19 16 11 20 3 6 7 6 8 9 19 19 13 13 7 17 21
16 14 17 2 11 20 10 9 10 5 13 4 9 8 2 15 11 12 6 15 7 10 19 16 0 11 1 14 10 15 15 23 9 13 22 15 8 20 17 14 4 16
6 21 27 13 17 22 14 20 21 8 9 15 7 19 12 19 20 4 12 7 17 20 22 19 11 0 10 9 21 20 14 24 15 20 21 5 4 28 26 13 15 6
15 16 19 3 12 20 10 10 12 4 13 6 8 10 4 15 13 11 6 14 8 11 20 16 1 10 0 13 11 16 14 23 10 14 22 14 6 21 19 13 6 15
10 16 25 15 13 13 9 22 19 9 1 17 5 21 13 13 17 6 10 4 21 23 13 11 14 9 13 0 23 13 5 15 11 16 12 8 11 23 22 4 17 10
26 15 12 8 13 24 15 3 7 14 23 6 18 2 10 17 10 22 13 24 6 2 23 20 10 21 11 23 0 18 22 27 14 13 28 25 17 17 14 21 6 26
23 4 14 15 5 6 6 19 12 13 14 14 13 17 13 0 8 17 10 17 20 19 6 3 15 20 16 13 18 0 9 9 6 5 12 21 19 10 10 10 15 23
16 12 21 15 10 8 7 22 17 10 6 16 8 20 13 8 14 11 9 9 21 22 8 6 15 14 14 5 22 9 0 10 8 12 8 13 15 18 18 2 17 16
25 13 22 23 14 3 13 28 21 20 16 23 18 26 21 10 17 20 17 19 29 29 4 7 23 24 23 15 27 9 10 0 14 14 5 23 25 17 18 12 24 25
19 6 14 9 2 11 2 15 9 8 11 9 9 13 7 5 6 13 4 14 15 15 10 6 9 15 10 11 14 6 8 14 0 5 14 17 14 12 11 8 10 19
24 2 9 12 3 11 7 15 7 13 17 11 14 13 11 5 3 19 9 19 17 15 10 8 13 20 14 16 13 5 12 14 5 0 16 22 19 7 6 13 12 24
22 16 25 23 15 6 13 29 23 18 13 23 16 27 21 12 19 17 16 15 29 29 7 9 22 21 22 12 28 12 8 5 14 16 0 20 23 20 21 9 24 22
2 23 30 17 19 21 16 24 24 11 7 19 8 23 16 20 23 4 14 4 21 24 21 19 15 5 14 8 25 21 13 23 17 22 20 0 9 29 28 12 19 2
10 20 25 9 16 22 13 16 18 6 11 12 7 16 9 19 18 7 10 10 13 16 22 19 8 4 6 11 17 19 15 25 14 19 23 9 0 26 24 13 12 10
32 6 7 18 10 15 14 19 11 20 23 17 21 17 17 10 8 26 16 26 22 19 14 13 20 28 21 23 17 10 18 17 12 7 20 29 26 0 3 19 18 32
30 6 4 16 9 16 13 16 8 18 23 14 20 14 15 10 6 25 15 25 19 16 15 13 17 26 19 22 14 10 18 18 11 6 21 28 24 3 0 19 15 30
14 13 22 14 10 9 7 21 17 9 5 16 6 20 12 9 14 9 8 8 20 22 9 7 14 13 13 4 21 10 2 12 8 13 9 12 13 19 19 0 16 14
21 14 14 3 11 21 11 5 7 8 17 1 13 4 4 15 10 16 8 19 5 6 20 17 4 15 6 17 6 15 17 24 10 12 24 19 12 18 15 16 0 21
0 25 32 18 21 23 18 25 26 13 9 21 10 25 17 23 25 6 16 7 22 26 23 21 16 6 15 10 26 23 16 25 19 24 22 2 10 32 30 14 21 0
,
0 46 42 28 36 24 53 45 73 15 13 50 13 43 32 28 42 14 34 12 29 70 46 34 26 6 28 15 65 42 30 48 53 45 61 5 23 36 74 18 28 0
29 0 23 24 12 28 20 26 12 32 38 37 44 40 34 11 9 28 22 57 27 18 20 13 29 46 42 34 27 7 24 36 16 2 46 53 34 7 11 29 29 53
38 19 0 32 25 52 44 22 10 53 62 29 57 28 31 15 10 29 20 34 20 28 53 24 25 64 42 27 28 29 25 55 15 18 41 58 30 14 12 61 42 61
36 26 40 0 26 23 20 20 21 7 26 4 23 15 5 28 16 36 16 24 17 17 51 42 5 14 8 21 9 17 35 36 17 15 25 23 10 21 39 26 5 45
51 9 18 23 0 21 4 25 14 17 20 20 26 31 10 10 10 36 15 23 18 34 16 15 23 48 16 35 24 12 23 35 2 9 35 40 44 14 12 29 18 24
49 30 32 44 20 0 11 27 34 27 16 39 17 31 48 19 41 51 15 21 67 42 1 9 48 62 26 36 42 15 16 6 32 24 10 33 33 37 38 17 58 41
20 19 37 23 4 20 0 27 13 12 21 25 13 20 8 15 19 28 8 18 28 32 15 16 26 38 15 22 31 7 11 15 4 8 37 39 39 39 25 15 20 52
46 19 15 9 31 39 26 0 18 33 54 14 48 5 13 53 33 54 23 68 9 1 70 36 23 50 15 64 4 32 32 40 21 32 43 38 45 30 47 51 14 33
63 23 11 20 11 28 19 18 0 32 44 16 41 9 19 28 7 31 18 31 30 26 42 39 27 36 12 38 18 21 27 24 15 10 27 66 19 26 23 25 19 29
39 25 25 15 17 29 11 14 26 0 23 19 10 24 7 24 31 13 7 27 28 18 39 21 9 10 5 13 16 20 30 30 13 20 25 22 18 27 49 22 21 28
13 21 27 32 29 37 21 51 50 20 0 47 8 30 39 16 26 12 15 6 44 40 41 33 37 22 25 2 67 20 8 37 13 28 19 21 17 51 26 12 27 24
38 20 17 7 21 40 14 8 9 22 45 0 28 11 6 33 17 44 15 52 12 17 52 41 12 28 14 35 18 21 23 54 24 31 69 50 20 29 35 34 2 55
13 44 51 15 32 41 9 44 21 7 13 16 0 22 11 18 36 10 16 9 42 20 20 24 18 16 15 7 19 28 17 27 17 37 17 10 10 34 46 14 18 24
73 43 20 9 32 45 23 3 11 26 29 8 39 0 14 20 20 35 30 40 14 7 29 30 22 33 16 54 2 36 60 34 16 38 34 30 42 23 35 34 10 70
22 18 34 4 17 46 18 13 24 12 26 9 12 24 0 13 16 35 11 24 13 19 28 14 3 34 4 14 17 21 23 61 17 11 29 36 13 21 44 17 7 46
64 8 20 35 7 15 7 32 32 17 33 26 28 37 31 0 13 23 17 25 56 33 9 5 20 46 30 39 33 1 21 25 6 5 29 52 30 23 23 25 40 60
71 11 8 26 12 17 15 27 7 16 34 12 25 13 22 20 0 31 9 39 27 29 27 11 14 45 33 48 29 21 24 28 8 9 46 38 24 16 7 33 22 68
13 39 35 28 38 19 31 30 56 23 10 20 6 61 27 32 54 0 28 6 38 57 30 34 15 11 22 11 55 36 28 44 16 44 21 5 21 49 28 13 46 12
33 13 19 8 8 20 5 36 14 6 18 13 17 23 11 10 18 23 0 15 30 16 17 21 8 30 7 25 36 15 9 48 11 21 17 39 22 29 36 20 10 25
12 43 69 31 25 46 30 40 37 21 6 37 7 47 31 33 52 4 26 0 63 63 31 27 33 18 26 11 65 44 15 42 19 54 20 6 22 55 53 9 29 11
53 25 27 17 42 59 36 8 28 17 47 8 46 10 9 41 37 54 31 37 0 12 63 55 12 40 17 32 16 21 45 50 20 43 52 33 23 44 55 28 10 50
69 46 32 12 16 74 42 1 24 30 26 9 28 6 26 20 34 40 20 29 11 0 59 28 17 51 19 66 5 23 32 67 19 35 51 29 23 51 31 46 12 27
49 9 24 29 26 3 16 54 30 44 17 39 40 48 26 17 35 49 25 22 59 33 0 10 31 41 59 39 45 17 9 11 26 20 9 45 62 36 37 12 39 31
44 8 22 38 16 11 15 46 15 21 24 16 22 27 14 8 31 36 18 22 49 63 10 0 26 21 28 20 26 6 18 15 14 22 22 22 22 36 19 9 22 54
42 18 36 4 29 57 18 18 18 14 16 13 10 13 6 33 21 13 14 29 16 10 51 31 0 21 2 27 29 43 29 30 19 27 37 38 17 46 22 20 10 24
10 26 60 13 52 22 31 31 62 12 15 33 10 42 13 44 58 7 17 10 23 52 60 45 22 0 14 28 57 59 25 52 39 26 43 7 9 30 31 19 15 13
22 34 30 9 13 29 28 23 31 7 32 17 19 12 10 25 25 14 16 28 12 22 29 33 3 14 0 19 33 43 41 47 29 39 33 16 17 38 49 14 16 17
13 23 61 16 29 36 16 35 28 20 2 25 10 47 19 20 38 15 26 4 26 36 14 25 31 13 38 0 36 35 14 20 17 31 26 11 28 51 42 7 32 17
37 16 31 20 36 43 33 6 15 21 49 16 23 2 12 39 23 33 35 47 14 7 50 51 16 50 18 25 0 40 53 50 36 33 31 46 40 21 17 40 12 60
37 7 23 29 7 7 14 51 24 28 25 34 37 48 26 1 10 35 14 31 22 53 6 5 44 32 40 16 34 0 19 21 10 11 32 47 37 24 22 18 20 57
25 14 33 26 16 16 11 22 50 16 15 36 15 23 26 22 21 24 21 10 53 44 22 15 28 35 31 6 40 10 0 17 22 30 11 14 35 28 49 2 43 19
30 22 52 53 23 8 17 81 53 54 25 26 45 62 38 13 51 39 28 33 86 48 11 19 61 40 58 43 43 19 13 0 20 31 15 55 44 30 32 19 70 70
57 18 40 17 5 21 3 23 27 16 15 25 9 33 10 13 12 19 10 30 36 30 14 7 20 16 24 15 23 16 17 21 0 14 16 47 34 28 33 24 28 41
73 3 17 26 9 25 12 30 13 16 33 12 21 24 11 13 4 37 18 37 32 34 26 8 14 30 31 34 39 11 18 17 9 0 23 50 51 21 9 16 33 36
49 24 44 39 43 7 30 42 32 34 26 28 28 42 35 24 46 36 25 20 60 52 11 18 38 22 27 19 34 14 20 13 32 25 0 26 34 44 38 10 58 27
5 36 65 38 35 37 36 31 65 16 12 38 15 38 47 44 51 4 28 6 36 64 32 42 20 12 20 14 74 38 27 28 36 38 30 0 25 76 52 18 55 3
20 55 37 15 24 41 35 18 44 13 30 21 11 46 23 46 22 12 29 22 25 42 26 38 16 6 6 23 51 27 16 64 28 54 55 21 0 50 37 32 18 27
77 7 15 24 20 30 14 23 11 46 55 32 59 43 42 20 22 72 23 43 65 49 17 23 43 43 43 31 39 11 53 46 14 12 41 34 43 0 6 56 42 46
59 9 10 32 19 34 26 40 12 33 67 19 36 39 41 13 6 72 34 54 46 45 39 19 34 74 53 57 40 22 46 53 31 17 55 44 56 7 0 27 35 68
18 33 41 18 25 11 16 25 46 19 10 38 12 48 14 14 29 23 14 22 36 38 16 21 17 36 20 8 53 12 3 29 10 25 27 33 34 24 45 0 23 38
59 29 18 5 19 50 15 12 13 23 20 3 20 12 6 42 14 28 16 47 8 11 52 29 10 31 13 19 16 45 17 31 22 31 43 26 33 44 42 46 0 50
0 67 44 37 60 51 47 66 69 29 16 40 21 65 34 35 45 14 43 17 45 35 40 53 23 10 29 15 76 43 40 69 46 28 28 6 12 37 77 33 61 0