7
40
,
0 (40.0, 31.0) 33.0
1 (40.0, 50.0) 36.0
2 (13.0, 34.0) 48.0
3 (32.0, 28.0) 63.0
4 (45.0, 11.0) 32.0
5 (28.0, 22.0) 66.0
6 (12.0, 49.0) 31.0
7 (28.0, 43.0) 71.0
8 (14.0, 22.0) 37.0
9 (18.0, 5.0) 61.0
10 (16.0, 38.0) 46.0
11 (15.0, 14.0) 61.0
12 (16.0, 47.0) 63.0
13 (16.0, 31.0) 50.0
14 (39.0, 23.0) 48.0
15 (33.0, 37.0) 47.0
16 (9.0, 7.0) 41.0
17 (21.0, 24.0) 68.0
18 (13.0, 2.0) 34.0
19 (6.0, 44.0) 58.0
20 (12.0, 50.0) 67.0
21 (45.0, 13.0) 52.0
22 (39.0, 17.0) 80.0
23 (11.0, 31.0) 78.0
24 (2.0, 11.0) 37.0
25 (9.0, 29.0) 84.0
26 (20.0, 5.0) 32.0
27 (17.0, 50.0) 46.0
28 (40.0, 23.0) 78.0
29 (30.0, 9.0) 56.0
30 (50.0, 7.0) 61.0
31 (29.0, 25.0) 34.0
32 (37.0, 32.0) 49.0
33 (43.0, 0.0) 37.0
34 (4.0, 2.0) 84.0
35 (2.0, 19.0) 41.0
36 (49.0, 40.0) 66.0
37 (44.0, 42.0) 51.0
38 (27.0, 9.0) 33.0
39 (14.0, 39.0) 64.0
,
0 25 32 18 21 23 18 25 26 13 9 21 10 25 17 23 25 6 16 7 22 26 23 21 16 6 15 10 26 23 16 25 19 24 22 2 10 32 30 14 21 0
25 0 10 14 4 10 8 17 8 14 17 12 15 14 12 4 5 20 10 20 18 17 9 7 14 21 16 16 15 4 12 13 6 2 16 23 20 6 6 13 14 25
32 10 0 16 12 20 15 14 7 19 25 13 22 12 15 14 7 27 16 28 17 14 19 17 17 27 19 25 12 14 21 22 14 9 25 30 25 7 4 22 14 32
18 14 16 0 10 20 10 8 9 6 15 2 10 7 2 14 10 14 6 16 6 8 19 16 2 13 3 15 8 15 15 23 9 12 23 17 9 18 16 14 3 18
21 4 12 10 0 11 4 14 8 9 13 9 11 12 8 4 5 16 6 16 15 15 10 7 11 17 12 13 13 5 10 14 2 3 15 19 16 10 9 10 11 21
23 10 20 20 11 0 10 25 18 16 14 20 15 23 18 7 14 18 14 17 26 26 1 4 20 22 20 13 24 6 8 3 11 11 6 21 22 15 16 9 21 23
18 8 15 10 4 10 0 16 10 7 10 10 8 14 8 6 8 12 4 12 16 16 10 6 10 14 10 9 15 6 7 13 2 7 13 16 13 14 13 7 11 18
25 17 14 8 14 25 16 0 9 14 22 6 18 2 9 19 12 21 13 24 4 0 24 21 9 20 10 22 3 19 22 28 15 15 29 24 16 19 16 21 5 25
26 8 7 9 8 18 10 9 0 13 20 6 16 6 8 11 4 20 10 22 11 9 17 14 10 21 12 19 7 12 17 21 9 7 23 24 18 11 8 17 7 26
13 14 19 6 9 16 7 14 13 0 9 8 4 13 5 13 12 8 4 10 12 14 16 13 5 8 4 9 14 13 10 20 8 13 18 11 6 20 18 9 8 13
9 17 25 15 13 14 10 22 20 9 0 17 5 21 13 14 18 5 10 3 20 23 14 12 13 9 13 1 23 14 6 16 11 17 13 7 11 23 23 5 17 9
21 12 13 2 9 20 10 6 6 8 17 0 12 4 4 14 9 16 7 18 6 6 19 16 4 15 6 17 6 14 16 23 9 11 23 19 12 17 14 16 1 21
10 15 22 10 11 15 8 18 16 4 5 12 0 17 9 13 15 5 6 6 16 18 15 12 9 7 8 5 18 13 8 18 9 14 16 8 7 21 20 6 13 10
25 14 12 7 12 23 14 2 6 13 21 4 17 0 8 17 10 20 12 23 5 2 22 19 8 19 10 21 2 17 20 26 13 13 27 23 16 17 14 20 4 25
17 12 15 2 8 18 8 9 8 5 13 4 9 8 0 12 9 12 4 15 8 10 17 13 2 12 4 13 10 13 13 21 7 11 21 16 9 17 15 12 4 17
23 4 14 14 4 7 6 19 11 13 14 14 13 17 12 0 8 17 9 17 20 19 6 3 15 19 15 13 17 0 8 10 5 5 12 20 19 10 10 9 15 23
25 5 7 10 5 14 8 12 4 12 18 9 15 10 9 8 0 19 9 20 14 12 13 10 11 20 13 17 10 8 14 17 6 3 19 23 18 8 6 14 10 25
6 20 27 14 16 18 12 21 20 8 5 16 5 20 12 17 19 0 10 3 19 22 18 16 12 4 11 6 22 17 11 20 13 19 17 4 7 26 25 9 16 6
16 10 16 6 6 14 4 13 10 4 10 7 6 12 4 9 9 10 0 12 12 14 13 10 6 12 6 10 13 10 9 17 4 9 16 14 10 16 15 8 8 16
7 20 28 16 16 17 12 24 22 10 3 18 6 23 15 17 20 3 12 0 21 24 17 15 15 7 14 4 24 17 9 19 14 19 15 4 10 26 25 8 19 7
22 18 17 6 15 26 16 4 11 12 20 6 16 5 8 20 14 19 12 21 0 4 25 21 7 17 8 21 6 20 21 29 15 17 29 21 13 22 19 20 5 22
26 17 14 8 15 26 16 0 9 14 23 6 18 2 10 19 12 22 14 24 4 0 25 21 10 20 11 23 2 19 22 29 15 15 29 24 16 19 16 22 6 26
23 9 19 19 10 1 10 24 17 16 14 19 15 22 17 6 13 18 13 17 25 25 0 4 19 22 20 13 23 6 8 4 10 10 7 21 22 14 15 9 20 23
21 7 17 16 7 4 6 21 14 13 12 16 12 19 13 3 10 16 10 15 21 21 4 0 16 19 16 11 20 3 6 7 6 8 9 19 19 13 13 7 17 21
16 14 17 2 11 20 10 9 10 5 13 4 9 8 2 15 11 12 6 15 7 10 19 16 0 11 1 14 10 15 15 23 9 13 22 15 8 20 17 14 4 16
6 21 27 13 17 22 14 20 21 8 9 15 7 19 12 19 20 4 12 7 17 20 22 19 11 0 10 9 21 20 14 24 15 20 21 5 4 28 26 13 15 6
15 16 19 3 12 20 10 10 12 4 13 6 8 10 4 15 13 11 6 14 8 11 20 16 1 10 0 13 11 16 14 23 10 14 22 14 6 21 19 13 6 15
10 16 25 15 13 13 9 22 19 9 1 17 5 21 13 13 17 6 10 4 21 23 13 11 14 9 13 0 23 13 5 15 11 16 12 8 11 23 22 4 17 10
26 15 12 8 13 24 15 3 7 14 23 6 18 2 10 17 10 22 13 24 6 2 23 20 10 21 11 23 0 18 22 27 14 13 28 25 17 17 14 21 6 26
23 4 14 15 5 6 6 19 12 13 14 14 13 17 13 0 8 17 10 17 20 19 6 3 15 20 16 13 18 0 9 9 6 5 12 21 19 10 10 10 15 23
16 12 21 15 10 8 7 22 17 10 6 16 8 20 13 8 14 11 9 9 21 22 8 6 15 14 14 5 22 9 0 10 8 12 8 13 15 18 18 2 17 16
25 13 22 23 14 3 13 28 21 20 16 23 18 26 21 10 17 20 17 19 29 29 4 7 23 24 23 15 27 9 10 0 14 14 5 23 25 17 18 12 24 25
19 6 14 9 2 11 2 15 9 8 11 9 9 13 7 5 6 13 4 14 15 15 10 6 9 15 10 11 14 6 8 14 0 5 14 17 14 12 11 8 10 19
24 2 9 12 3 11 7 15 7 13 17 11 14 13 11 5 3 19 9 19 17 15 10 8 13 20 14 16 13 5 12 14 5 0 16 22 19 7 6 13 12 24
22 16 25 23 15 6 13 29 23 18 13 23 16 27 21 12 19 17 16 15 29 29 7 9 22 21 22 12 28 12 8 5 14 16 0 20 23 20 21 9 24 22
2 23 30 17 19 21 16 24 24 11 7 19 8 23 16 20 23 4 14 4 21 24 21 19 15 5 14 8 25 21 13 23 17 22 20 0 9 29 28 12 19 2
10 20 25 9 16 22 13 16 18 6 11 12 7 16 9 19 18 7 10 10 13 16 22 19 8 4 6 11 17 19 15 25 14 19 23 9 0 26 24 13 12 10
32 6 7 18 10 15 14 19 11 20 23 17 21 17 17 10 8 26 16 26 22 19 14 13 20 28 21 23 17 10 18 17 12 7 20 29 26 0 3 19 18 32
30 6 4 16 9 16 13 16 8 18 23 14 20 14 15 10 6 25 15 25 19 16 15 13 17 26 19 22 14 10 18 18 11 6 21 28 24 3 0 19 15 30
14 13 22 14 10 9 7 21 17 9 5 16 6 20 12 9 14 9 8 8 20 22 9 7 14 13 13 4 21 10 2 12 8 13 9 12 13 19 19 0 16 14
21 14 14 3 11 21 11 5 7 8 17 1 13 4 4 15 10 16 8 19 5 6 20 17 4 15 6 17 6 15 17 24 10 12 24 19 12 18 15 16 0 21
0 25 32 18 21 23 18 25 26 13 9 21 10 25 17 23 25 6 16 7 22 26 23 21 16 6 15 10 26 23 16 25 19 24 22 2 10 32 30 14 21 0
,
0 30 48 47 49 44 34 33 41 15 27 55 23 36 21 59 67 14 39 9 66 73 66 62 31 9 32 28 30 66 37 74 41 62 43 6 21 65 70 26 30 0
42 0 18 35 11 30 11 33 15 18 39 28 27 43 30 4 10 54 21 44 42 41 10 19 39 39 22 28 38 12 19 26 10 3 20 61 34 12 16 18 29 69
57 17 0 32 24 51 45 31 13 36 61 35 60 19 27 32 10 73 28 76 19 38 46 41 50 60 39 64 16 39 38 24 17 22 45 48 34 17 10 55 18 95
40 34 31 0 13 29 23 17 17 6 21 4 25 20 6 24 22 35 13 36 17 12 39 44 4 38 10 21 17 25 21 53 14 23 35 34 18 42 35 24 3 21
53 12 33 15 0 15 10 15 17 17 32 17 19 33 11 5 12 18 8 44 42 36 11 13 19 32 24 19 25 7 22 22 4 9 38 47 24 27 12 16 30 23
66 19 46 50 32 0 14 36 33 26 22 41 27 54 32 15 22 45 15 21 60 52 1 7 52 32 48 25 65 12 10 5 14 23 7 60 59 15 39 17 27 53
45 13 43 26 8 18 0 26 11 10 16 15 20 36 9 11 12 31 9 23 35 29 27 16 20 19 13 10 36 8 15 19 4 15 36 39 21 21 18 9 23 49
60 40 22 8 33 57 35 0 10 14 45 12 52 4 25 36 24 55 19 67 8 1 39 63 17 57 30 51 5 21 60 39 43 17 83 45 46 19 36 60 9 56
36 16 11 16 9 24 13 25 0 14 58 17 47 18 19 12 8 43 25 65 31 24 44 36 11 34 31 41 9 23 33 31 12 17 39 55 44 19 9 46 13 65
35 26 25 6 15 40 18 33 30 0 24 14 5 25 13 23 36 18 8 16 35 26 47 16 6 17 11 26 15 18 31 25 22 30 24 17 8 51 23 27 24 30
19 43 26 31 17 30 21 55 51 21 0 45 6 39 19 35 53 10 18 3 27 29 19 36 25 22 31 3 65 37 13 17 26 19 23 19 19 37 59 11 36 26
50 30 26 6 11 43 28 10 10 17 22 0 21 10 7 41 22 25 16 35 12 14 50 31 10 24 10 42 8 25 35 66 17 27 46 30 18 23 16 23 2 55
22 23 65 11 12 44 13 43 27 12 9 28 0 40 12 19 39 5 6 8 33 36 40 20 13 8 14 8 22 21 12 49 21 15 18 18 7 63 29 19 15 28
43 18 20 16 26 54 28 4 18 15 44 13 28 0 22 47 19 42 24 46 8 6 66 19 21 37 15 57 2 30 47 40 14 37 49 58 33 21 41 44 9 70
38 30 25 5 17 22 18 14 24 12 36 5 21 23 0 13 25 18 7 40 23 24 21 16 6 22 7 29 16 20 33 41 11 30 57 29 17 46 27 33 8 24
51 6 22 31 13 9 11 54 18 25 41 15 16 23 12 0 12 38 16 36 22 36 14 5 21 30 34 20 19 1 24 27 11 5 25 61 53 23 16 14 30 41
71 10 20 17 13 22 16 32 4 23 45 12 35 17 24 12 0 47 19 34 20 37 18 24 23 43 32 24 19 20 17 47 10 4 53 65 24 21 12 17 13 74
9 26 49 27 30 29 29 25 41 9 6 41 5 56 27 35 42 0 30 4 45 48 49 20 29 8 11 7 26 48 20 33 14 48 40 6 15 55 60 14 37 10
39 28 35 15 11 28 7 27 23 11 17 8 17 18 7 17 22 23 0 23 24 31 25 26 13 12 17 23 15 20 19 26 11 10 20 16 10 23 32 23 11 43
19 36 71 38 40 42 19 51 50 14 7 40 18 37 39 17 46 10 15 0 40 41 45 30 17 8 14 7 61 40 10 52 16 26 15 7 15 67 32 21 31 20
61 46 23 16 17 39 44 7 25 28 33 17 37 6 17 32 23 22 27 63 0 11 64 46 17 31 9 24 15 38 23 32 21 49 47 38 31 28 41 45 8 25
62 29 34 19 26 53 46 1 13 34 50 18 27 4 28 25 28 48 19 71 10 0 27 53 26 45 31 47 6 29 46 64 34 40 85 36 23 39 26 45 11 72
67 18 32 51 14 2 13 52 33 31 22 20 18 47 21 6 36 45 25 41 40 47 0 8 33 53 48 33 54 13 16 11 10 11 7 23 38 17 37 26 33 32
49 14 17 40 18 5 8 39 40 24 20 30 34 27 32 4 15 26 18 31 23 25 5 0 33 51 37 13 26 3 10 11 12 8 15 24 26 14 26 19 42 43
41 24 22 5 23 33 20 23 17 6 26 6 20 16 7 16 34 18 14 24 14 21 25 34 0 26 2 39 23 36 15 31 16 14 28 22 8 34 39 32 5 21
16 22 53 33 36 59 30 44 23 18 25 27 12 23 23 23 30 6 32 16 22 48 43 39 25 0 18 17 37 31 35 35 32 25 45 5 6 29 46 24 44 8
43 26 47 6 16 21 12 24 13 8 37 17 20 25 6 21 28 26 11 15 10 15 44 19 2 21 0 23 12 21 19 66 11 17 43 24 14 38 43 20 8 18
23 25 33 32 23 28 25 44 22 19 1 30 14 45 32 20 42 13 26 7 47 64 23 13 31 27 20 0 34 25 15 23 29 42 29 15 22 23 36 8 29 13
75 21 31 11 32 31 27 6 15 36 28 9 21 2 11 25 23 51 37 46 15 6 49 41 29 33 21 31 0 47 51 49 32 31 31 51 38 43 19 57 6 32
56 7 21 23 11 17 15 28 23 24 23 22 38 27 19 1 21 22 21 29 24 53 10 5 44 38 29 20 48 0 13 20 16 11 30 56 39 29 14 15 28 61
28 26 57 44 21 9 17 38 33 20 14 48 10 57 17 11 41 13 15 13 25 40 8 6 26 31 19 15 38 18 0 23 10 27 18 36 21 46 46 2 37 21
39 35 51 62 35 6 28 68 34 58 18 55 32 78 58 27 26 42 18 30 49 52 11 18 33 72 26 37 78 22 12 0 26 22 7 62 64 18 32 21 63 34
32 17 34 16 4 22 3 28 21 16 28 18 15 38 19 9 13 33 8 20 34 34 19 18 22 36 26 15 38 9 10 27 0 6 37 43 25 31 16 16 11 39
57 3 12 36 4 22 20 21 9 34 33 21 20 27 18 11 7 49 25 21 17 25 13 22 28 39 37 22 14 11 34 42 14 0 43 59 35 8 8 18 24 57
35 34 70 31 36 12 29 65 35 55 20 62 36 74 58 26 39 44 48 15 53 56 19 25 60 55 34 19 65 29 20 7 26 45 0 36 43 26 59 13 28 43
6 69 61 47 42 22 32 29 65 18 19 47 13 52 30 47 44 9 27 5 46 28 26 25 45 10 16 17 38 43 39 28 50 30 24 0 14 86 39 17 34 5
13 44 71 16 29 45 25 47 51 17 22 29 8 25 12 48 45 14 20 26 38 19 60 31 14 5 10 22 45 32 30 63 28 44 26 23 0 62 60 25 18 26
81 17 10 31 21 41 16 39 30 35 25 26 33 22 41 21 20 28 26 56 31 35 22 34 39 76 58 47 47 13 25 48 28 9 22 70 75 0 6 37 18 38
84 6 12 37 21 28 34 44 10 51 47 42 56 25 42 14 10 35 38 27 33 19 40 15 22 50 40 32 24 11 52 28 28 15 33 28 67 5 0 53 37 81
17 37 52 20 25 21 17 55 46 13 8 45 16 32 26 27 20 21 22 16 40 40 26 13 39 28 37 4 61 17 2 33 22 19 12 28 38 57 43 0 30 23
29 24 41 3 21 33 20 9 13 9 48 2 16 5 11 21 10 40 12 40 10 6 48 47 6 44 11 41 8 43 31 60 16 16 44 52 33 36 33 43 0 44
0 50 37 47 21 28 26 73 37 24 12 38 21 49 30 40 64 10 43 9 41 33 70 39 40 10 26 14 57 41 17 50 44 42 40 5 16 82 51 42 61 0