7
40
,
0 (40.0, 31.0) 52.0
1 (40.0, 50.0) 72.0
2 (13.0, 34.0) 44.0
3 (32.0, 28.0) 66.0
4 (45.0, 11.0) 45.0
5 (28.0, 22.0) 75.0
6 (12.0, 49.0) 34.0
7 (28.0, 43.0) 42.0
8 (14.0, 22.0) 34.0
9 (18.0, 5.0) 36.0
10 (16.0, 38.0) 45.0
11 (15.0, 14.0) 56.0
12 (16.0, 47.0) 51.0
13 (16.0, 31.0) 34.0
14 (39.0, 23.0) 69.0
15 (33.0, 37.0) 48.0
16 (9.0, 7.0) 55.0
17 (21.0, 24.0) 58.0
18 (13.0, 2.0) 33.0
19 (6.0, 44.0) 54.0
20 (12.0, 50.0) 50.0
21 (45.0, 13.0) 36.0
22 (39.0, 17.0) 81.0
23 (11.0, 31.0) 66.0
24 (2.0, 11.0) 66.0
25 (9.0, 29.0) 76.0
26 (20.0, 5.0) 35.0
27 (17.0, 50.0) 65.0
28 (40.0, 23.0) 53.0
29 (30.0, 9.0) 62.0
30 (50.0, 7.0) 37.0
31 (29.0, 25.0) 85.0
32 (37.0, 32.0) 38.0
33 (43.0, 0.0) 87.0
34 (4.0, 2.0) 59.0
35 (2.0, 19.0) 44.0
36 (49.0, 40.0) 65.0
37 (44.0, 42.0) 41.0
38 (27.0, 9.0) 80.0
39 (14.0, 39.0) 88.0
,
0 25 32 18 21 23 18 25 26 13 9 21 10 25 17 23 25 6 16 7 22 26 23 21 16 6 15 10 26 23 16 25 19 24 22 2 10 32 30 14 21 0
25 0 10 14 4 10 8 17 8 14 17 12 15 14 12 4 5 20 10 20 18 17 9 7 14 21 16 16 15 4 12 13 6 2 16 23 20 6 6 13 14 25
32 10 0 16 12 20 15 14 7 19 25 13 22 12 15 14 7 27 16 28 17 14 19 17 17 27 19 25 12 14 21 22 14 9 25 30 25 7 4 22 14 32
18 14 16 0 10 20 10 8 9 6 15 2 10 7 2 14 10 14 6 16 6 8 19 16 2 13 3 15 8 15 15 23 9 12 23 17 9 18 16 14 3 18
21 4 12 10 0 11 4 14 8 9 13 9 11 12 8 4 5 16 6 16 15 15 10 7 11 17 12 13 13 5 10 14 2 3 15 19 16 10 9 10 11 21
23 10 20 20 11 0 10 25 18 16 14 20 15 23 18 7 14 18 14 17 26 26 1 4 20 22 20 13 24 6 8 3 11 11 6 21 22 15 16 9 21 23
18 8 15 10 4 10 0 16 10 7 10 10 8 14 8 6 8 12 4 12 16 16 10 6 10 14 10 9 15 6 7 13 2 7 13 16 13 14 13 7 11 18
25 17 14 8 14 25 16 0 9 14 22 6 18 2 9 19 12 21 13 24 4 0 24 21 9 20 10 22 3 19 22 28 15 15 29 24 16 19 16 21 5 25
26 8 7 9 8 18 10 9 0 13 20 6 16 6 8 11 4 20 10 22 11 9 17 14 10 21 12 19 7 12 17 21 9 7 23 24 18 11 8 17 7 26
13 14 19 6 9 16 7 14 13 0 9 8 4 13 5 13 12 8 4 10 12 14 16 13 5 8 4 9 14 13 10 20 8 13 18 11 6 20 18 9 8 13
9 17 25 15 13 14 10 22 20 9 0 17 5 21 13 14 18 5 10 3 20 23 14 12 13 9 13 1 23 14 6 16 11 17 13 7 11 23 23 5 17 9
21 12 13 2 9 20 10 6 6 8 17 0 12 4 4 14 9 16 7 18 6 6 19 16 4 15 6 17 6 14 16 23 9 11 23 19 12 17 14 16 1 21
10 15 22 10 11 15 8 18 16 4 5 12 0 17 9 13 15 5 6 6 16 18 15 12 9 7 8 5 18 13 8 18 9 14 16 8 7 21 20 6 13 10
25 14 12 7 12 23 14 2 6 13 21 4 17 0 8 17 10 20 12 23 5 2 22 19 8 19 10 21 2 17 20 26 13 13 27 23 16 17 14 20 4 25
17 12 15 2 8 18 8 9 8 5 13 4 9 8 0 12 9 12 4 15 8 10 17 13 2 12 4 13 10 13 13 21 7 11 21 16 9 17 15 12 4 17
23 4 14 14 4 7 6 19 11 13 14 14 13 17 12 0 8 17 9 17 20 19 6 3 15 19 15 13 17 0 8 10 5 5 12 20 19 10 10 9 15 23
25 5 7 10 5 14 8 12 4 12 18 9 15 10 9 8 0 19 9 20 14 12 13 10 11 20 13 17 10 8 14 17 6 3 19 23 18 8 6 14 10 25
6 20 27 14 16 18 12 21 20 8 5 16 5 20 12 17 19 0 10 3 19 22 18 16 12 4 11 6 22 17 11 20 13 19 17 4 7 26 25 9 16 6
16 10 16 6 6 14 4 13 10 4 10 7 6 12 4 9 9 10 0 12 12 14 13 10 6 12 6 10 13 10 9 17 4 9 16 14 10 16 15 8 8 16
7 20 28 16 16 17 12 24 22 10 3 18 6 23 15 17 20 3 12 0 21 24 17 15 15 7 14 4 24 17 9 19 14 19 15 4 10 26 25 8 19 7
22 18 17 6 15 26 16 4 11 12 20 6 16 5 8 20 14 19 12 21 0 4 25 21 7 17 8 21 6 20 21 29 15 17 29 21 13 22 19 20 5 22
26 17 14 8 15 26 16 0 9 14 23 6 18 2 10 19 12 22 14 24 4 0 25 21 10 20 11 23 2 19 22 29 15 15 29 24 16 19 16 22 6 26
23 9 19 19 10 1 10 24 17 16 14 19 15 22 17 6 13 18 13 17 25 25 0 4 19 22 20 13 23 6 8 4 10 10 7 21 22 14 15 9 20 23
21 7 17 16 7 4 6 21 14 13 12 16 12 19 13 3 10 16 10 15 21 21 4 0 16 19 16 11 20 3 6 7 6 8 9 19 19 13 13 7 17 21
16 14 17 2 11 20 10 9 10 5 13 4 9 8 2 15 11 12 6 15 7 10 19 16 0 11 1 14 10 15 15 23 9 13 22 15 8 20 17 14 4 16
6 21 27 13 17 22 14 20 21 8 9 15 7 19 12 19 20 4 12 7 17 20 22 19 11 0 10 9 21 20 14 24 15 20 21 5 4 28 26 13 15 6
15 16 19 3 12 20 10 10 12 4 13 6 8 10 4 15 13 11 6 14 8 11 20 16 1 10 0 13 11 16 14 23 10 14 22 14 6 21 19 13 6 15
10 16 25 15 13 13 9 22 19 9 1 17 5 21 13 13 17 6 10 4 21 23 13 11 14 9 13 0 23 13 5 15 11 16 12 8 11 23 22 4 17 10
26 15 12 8 13 24 15 3 7 14 23 6 18 2 10 17 10 22 13 24 6 2 23 20 10 21 11 23 0 18 22 27 14 13 28 25 17 17 14 21 6 26
23 4 14 15 5 6 6 19 12 13 14 14 13 17 13 0 8 17 10 17 20 19 6 3 15 20 16 13 18 0 9 9 6 5 12 21 19 10 10 10 15 23
16 12 21 15 10 8 7 22 17 10 6 16 8 20 13 8 14 11 9 9 21 22 8 6 15 14 14 5 22 9 0 10 8 12 8 13 15 18 18 2 17 16
25 13 22 23 14 3 13 28 21 20 16 23 18 26 21 10 17 20 17 19 29 29 4 7 23 24 23 15 27 9 10 0 14 14 5 23 25 17 18 12 24 25
19 6 14 9 2 11 2 15 9 8 11 9 9 13 7 5 6 13 4 14 15 15 10 6 9 15 10 11 14 6 8 14 0 5 14 17 14 12 11 8 10 19
24 2 9 12 3 11 7 15 7 13 17 11 14 13 11 5 3 19 9 19 17 15 10 8 13 20 14 16 13 5 12 14 5 0 16 22 19 7 6 13 12 24
22 16 25 23 15 6 13 29 23 18 13 23 16 27 21 12 19 17 16 15 29 29 7 9 22 21 22 12 28 12 8 5 14 16 0 20 23 20 21 9 24 22
2 23 30 17 19 21 16 24 24 11 7 19 8 23 16 20 23 4 14 4 21 24 21 19 15 5 14 8 25 21 13 23 17 22 20 0 9 29 28 12 19 2
10 20 25 9 16 22 13 16 18 6 11 12 7 16 9 19 18 7 10 10 13 16 22 19 8 4 6 11 17 19 15 25 14 19 23 9 0 26 24 13 12 10
32 6 7 18 10 15 14 19 11 20 23 17 21 17 17 10 8 26 16 26 22 19 14 13 20 28 21 23 17 10 18 17 12 7 20 29 26 0 3 19 18 32
30 6 4 16 9 16 13 16 8 18 23 14 20 14 15 10 6 25 15 25 19 16 15 13 17 26 19 22 14 10 18 18 11 6 21 28 24 3 0 19 15 30
14 13 22 14 10 9 7 21 17 9 5 16 6 20 12 9 14 9 8 8 20 22 9 7 14 13 13 4 21 10 2 12 8 13 9 12 13 19 19 0 16 14
21 14 14 3 11 21 11 5 7 8 17 1 13 4 4 15 10 16 8 19 5 6 20 17 4 15 6 17 6 15 17 24 10 12 24 19 12 18 15 16 0 21
0 25 32 18 21 23 18 25 26 13 9 21 10 25 17 23 25 6 16 7 22 26 23 21 16 6 15 10 26 23 16 25 19 24 22 2 10 32 30 14 21 0
,
0 73 80 52 34 56 40 65 39 23 22 26 28 27 45 30 46 15 33 17 38 45 36 33 49 9 41 23 68 66 45 40 27 43 33 6 23 63 60 17 35 0
27 0 13 37 8 25 8 28 19 19 37 28 32 18 32 10 6 56 11 54 26 34 16 7 43 38 27 19 16 5 36 31 19 4 23 52 30 13 12 18 37 32
87 10 0 47 29 20 20 32 13 48 74 25 44 20 27 20 18 54 16 59 18 14 45 39 25 64 28 45 17 30 48 26 19 14 53 44 73 10 12 32 23 37
38 27 43 0 13 56 28 8 19 13 27 4 18 14 3 29 29 34 7 40 11 20 25 25 4 21 7 36 18 16 16 39 10 32 32 44 24 29 40 21 7 39
23 11 13 20 0 24 5 35 10 24 31 11 21 27 20 6 10 18 10 34 23 43 14 15 27 42 18 32 35 11 25 21 4 9 20 20 21 20 15 18 30 38
63 21 28 20 30 0 25 48 35 23 19 43 29 30 20 16 25 37 30 36 57 37 2 7 32 44 58 21 70 19 10 6 29 17 9 28 59 21 32 25 23 49
33 20 21 15 7 27 0 42 21 16 12 21 10 17 11 9 11 31 10 34 37 23 27 13 12 29 27 20 28 18 15 36 3 20 25 17 36 26 38 8 29 21
52 40 33 12 27 56 16 0 12 30 32 15 29 5 13 54 20 49 34 51 5 1 45 27 12 40 17 27 7 56 65 82 18 41 68 39 33 52 22 59 12 49
70 13 19 21 16 46 15 17 0 25 45 19 35 18 22 13 8 29 19 30 30 21 36 38 29 50 13 55 19 13 33 23 17 19 47 26 37 11 12 36 21 32
22 36 47 8 17 43 19 37 16 0 16 9 8 25 13 18 24 9 8 12 35 38 48 35 7 10 12 15 17 14 21 46 19 18 34 11 15 47 52 20 22 27
22 20 62 41 19 35 11 40 24 21 0 43 9 26 35 18 52 12 15 7 60 23 34 13 15 9 28 1 62 26 17 45 20 29 17 20 26 67 67 8 27 19
41 21 31 3 27 29 28 16 19 19 36 0 21 8 7 26 19 44 12 49 11 7 33 37 4 21 12 47 8 28 35 48 14 32 57 32 34 32 33 43 1 32
12 21 35 29 16 16 23 23 20 6 8 32 0 37 20 23 23 13 15 15 41 23 33 19 20 7 19 15 50 27 20 54 18 30 37 19 13 51 49 12 27 17
65 27 14 16 15 69 39 5 18 21 48 11 25 0 22 44 29 47 24 52 6 5 61 46 9 38 28 52 3 33 29 65 32 20 72 26 23 25 40 35 8 52
18 17 43 4 16 46 13 10 20 13 15 7 25 13 0 23 18 16 12 22 16 26 41 30 7 35 4 22 18 23 21 62 21 29 59 22 10 29 19 25 11 43
36 11 18 33 5 15 14 36 17 37 25 33 17 34 13 0 13 37 12 32 30 46 7 8 43 44 40 21 48 1 9 11 13 10 21 51 31 27 25 22 31 65
55 11 20 13 12 38 17 20 9 36 24 12 35 26 13 15 0 21 12 33 36 17 36 17 13 33 31 35 22 14 20 20 16 4 57 35 41 22 14 21 18 54
11 54 43 19 32 37 26 38 61 22 8 35 8 33 36 30 40 0 29 5 21 48 21 39 35 5 30 15 26 38 31 48 25 40 18 10 8 47 58 19 29 16
46 28 23 16 8 17 6 13 16 11 12 15 13 16 11 14 23 13 0 16 32 38 19 28 12 20 18 12 34 26 22 26 5 15 20 32 13 36 34 11 15 25
18 31 71 25 18 47 16 48 37 16 8 41 11 29 35 46 42 8 28 0 35 41 17 18 40 15 15 6 70 23 14 22 15 32 33 7 20 66 42 12 47 9
33 41 41 6 27 57 39 5 31 25 45 8 43 7 18 44 25 40 37 47 0 12 25 30 10 35 10 57 11 27 32 37 17 26 51 47 13 49 42 31 5 66
73 45 26 17 43 65 37 1 23 26 55 9 44 6 11 44 27 37 40 46 10 0 59 53 10 46 27 67 4 35 46 35 25 32 37 49 47 33 29 51 14 77
52 21 24 43 12 1 22 42 28 25 30 34 28 37 24 11 20 28 38 18 66 45 0 4 56 36 38 20 55 15 21 10 23 17 13 61 60 30 20 12 22 62
55 14 43 37 19 11 16 33 39 33 34 16 24 46 17 6 18 40 19 35 60 23 10 0 20 39 45 27 43 6 17 20 9 13 23 27 46 29 24 17 36 23
25 40 22 5 14 56 17 24 29 6 35 9 18 19 7 30 23 25 16 35 10 14 50 42 0 16 2 22 17 25 31 32 25 29 23 30 17 27 45 36 12 23
12 26 41 25 38 62 17 38 51 20 19 42 15 52 26 26 49 5 17 12 40 50 56 50 25 0 16 19 33 47 27 70 26 48 37 9 7 32 26 17 39 10
16 19 49 9 31 30 19 16 21 9 22 11 20 17 4 30 35 24 13 27 22 14 53 30 4 19 0 30 18 34 35 66 28 33 65 36 16 46 56 29 6 27
14 32 33 21 18 22 27 47 50 11 3 21 6 50 32 38 48 15 13 6 43 38 18 31 32 13 37 0 41 27 12 36 20 32 27 22 18 38 40 8 41 29
64 35 27 13 26 40 19 7 7 15 44 9 33 4 21 50 18 25 15 40 11 3 69 57 20 49 30 39 0 22 24 52 35 22 47 31 47 47 41 59 14 28
52 7 25 39 9 11 7 52 19 30 34 29 15 34 27 1 10 51 16 36 29 41 10 7 27 39 44 38 48 0 18 18 7 14 27 55 29 21 28 20 40 35
43 22 44 20 10 10 9 49 47 16 19 42 23 58 31 22 42 27 21 14 29 41 9 9 34 41 42 7 29 10 0 18 18 27 13 40 34 54 51 4 33 38
59 37 51 54 25 9 24 42 33 43 21 56 20 50 23 26 43 24 35 49 54 30 7 11 57 63 30 45 59 27 26 0 21 22 7 67 27 25 51 32 56 38
46 16 32 11 3 19 4 36 20 18 22 20 13 34 11 14 12 20 5 20 37 45 29 16 17 29 15 29 35 6 17 21 0 10 20 42 25 30 12 14 13 19
42 4 19 27 5 32 9 37 21 28 25 21 33 15 28 10 9 28 10 28 29 17 12 21 39 57 17 36 20 7 16 40 6 0 39 47 44 8 10 32 26 40
63 35 44 65 29 7 26 42 44 35 38 46 43 73 26 24 54 42 37 41 73 58 7 12 56 44 24 26 29 25 23 12 16 33 0 41 25 23 24 10 51 25
4 30 57 28 44 33 40 31 63 28 11 53 11 69 29 52 61 7 36 11 49 42 31 32 36 12 39 23 31 34 38 59 25 48 33 0 16 77 64 14 47 3
11 54 52 13 19 42 30 36 49 6 13 12 9 22 20 36 25 19 13 26 15 39 61 50 10 10 14 32 42 36 41 52 25 34 56 11 0 55 50 32 21 28
93 14 18 22 13 39 30 28 14 56 28 35 41 50 44 29 9 28 36 46 44 33 18 35 47 49 59 62 24 21 43 19 22 10 31 48 77 0 7 21 23 73
88 11 5 17 20 34 37 21 10 34 47 40 32 41 33 17 14 26 18 26 55 27 41 14 35 46 28 66 14 17 52 23 15 12 61 29 54 7 0 38 40 70
15 15 45 21 17 23 15 39 33 27 10 44 8 26 30 24 37 22 21 12 50 54 14 19 39 22 30 5 28 16 2 33 16 28 23 29 18 34 40 0 21 26
55 39 18 3 26 40 22 7 9 21 28 1 21 5 11 41 24 38 16 28 6 15 44 46 12 37 11 29 13 16 24 54 25 13 52 50 17 44 19 28 0 41
0 54 42 50 38 33 32 54 51 13 9 25 26 48 44 42 47 11 41 15 26 73 48 57 31 9 32 28 43 53 23 41 22 70 24 6 11 39 54 17 36 0