7
40
,
0 (47.0, 12.0) 10.0
1 (35.0, 34.0) 18.0
2 (24.0, 46.0) 25.0
3 (35.0, 6.0) 19.0
4 (40.0, 42.0) 12.0
5 (28.0, 15.0) 16.0
6 (18.0, 19.0) 33.0
7 (12.0, 48.0) 13.0
8 (33.0, 22.0) 12.0
9 (42.0, 15.0) 47.0
10 (24.0, 30.0) 13.0
11 (32.0, 31.0) 14.0
12 (11.0, 30.0) 15.0
13 (10.0, 38.0) 43.0
14 (21.0, 36.0) 30.0
15 (36.0, 18.0) 18.0
16 (6.0, 16.0) 11.0
17 (14.0, 18.0) 47.0
18 (9.0, 19.0) 32.0
19 (3.0, 24.0) 34.0
20 (28.0, 2.0) 36.0
21 (14.0, 46.0) 17.0
22 (9.0, 22.0) 27.0
23 (30.0, 37.0) 39.0
24 (27.0, 24.0) 13.0
25 (4.0, 12.0) 17.0
26 (48.0, 34.0) 35.0
27 (39.0, 13.0) 10.0
28 (7.0, 9.0) 12.0
29 (21.0, 17.0) 18.0
30 (34.0, 24.0) 11.0
31 (31.0, 35.0) 11.0
32 (25.0, 2.0) 41.0
33 (11.0, 32.0) 46.0
34 (10.0, 37.0) 24.0
35 (8.0, 20.0) 20.0
36 (40.0, 4.0) 23.0
37 (36.0, 45.0) 31.0
38 (36.0, 45.0) 27.0
39 (50.0, 3.0) 37.0
,
0 5 8 3 6 4 6 10 3 1 6 5 8 9 7 3 8 7 8 9 4 9 8 6 5 9 4 2 8 5 4 6 5 8 9 8 2 7 7 2
5 0 3 6 2 4 5 5 2 4 2 1 5 5 3 3 7 5 6 7 7 5 6 1 3 8 3 4 8 4 2 1 7 5 5 6 6 2 2 7
8 3 0 8 3 6 6 2 5 7 3 3 4 3 2 6 7 6 6 6 9 2 6 2 4 8 5 7 8 6 5 3 9 4 3 6 9 2 2 10
3 6 8 0 7 2 4 10 3 2 5 5 7 8 7 2 6 5 6 7 2 9 6 6 4 6 6 2 6 4 4 6 2 7 8 6 1 8 8 3
6 2 3 7 0 6 6 6 4 5 4 3 6 6 4 5 9 7 8 8 8 5 7 2 4 9 2 6 9 6 4 2 9 6 6 8 8 1 1 8
4 4 6 2 6 0 2 7 2 3 3 3 5 6 4 2 4 3 4 5 3 7 4 4 2 5 6 2 4 1 2 4 3 5 6 4 3 6 6 5
6 5 6 4 6 2 0 6 3 5 3 4 3 4 3 4 2 1 2 3 4 5 2 4 2 3 7 4 3 1 3 4 4 3 4 2 5 6 6 7
10 5 2 10 6 7 6 0 7 9 4 5 4 2 3 8 7 6 6 5 10 1 5 4 6 7 8 9 8 6 7 5 10 3 2 6 10 5 5 12
3 2 5 3 4 2 3 7 0 2 2 2 5 6 4 1 6 4 5 6 4 6 5 3 1 6 4 2 6 3 0 3 4 5 5 5 4 5 5 5
1 4 7 2 5 3 5 9 2 0 5 4 7 8 6 1 7 6 7 8 4 8 7 5 3 8 4 1 7 4 2 5 4 7 8 7 2 6 6 3
6 2 3 5 4 3 3 4 2 5 0 2 3 3 1 3 5 3 4 4 6 4 3 2 1 5 5 5 5 3 2 2 6 3 3 4 6 4 4 7
5 1 3 5 3 3 4 5 2 4 2 0 4 5 2 3 6 4 5 6 6 5 5 1 2 7 3 4 7 4 1 1 6 4 5 5 6 3 3 7
8 5 4 7 6 5 3 4 5 7 3 4 0 2 2 6 3 2 2 2 7 3 2 4 3 4 7 7 4 3 5 4 6 0 1 2 8 6 6 9
9 5 3 8 6 6 4 2 6 8 3 5 2 0 2 7 4 4 4 3 8 2 3 4 4 5 8 8 6 5 6 4 8 1 0 4 9 5 5 11
7 3 2 7 4 4 3 3 4 6 1 2 2 2 0 5 5 4 4 4 7 2 4 2 3 6 5 6 6 4 4 2 7 2 2 4 7 3 3 9
3 3 6 2 5 2 4 8 1 1 3 3 6 7 5 0 6 4 5 7 4 7 5 4 2 7 4 1 6 3 1 4 4 6 6 6 3 5 5 4
8 7 7 6 9 4 2 7 6 7 5 6 3 4 5 6 0 2 1 2 5 6 1 6 4 1 9 7 1 3 6 6 5 3 4 1 7 8 8 9
7 5 6 5 7 3 1 6 4 6 3 4 2 4 4 4 2 0 1 3 4 6 1 5 3 2 8 5 2 1 4 5 4 3 4 1 6 7 7 8
8 6 6 6 8 4 2 6 5 7 4 5 2 4 4 5 1 1 0 2 5 5 1 6 4 2 8 6 2 2 5 5 5 3 4 0 7 7 7 9
9 7 6 7 8 5 3 5 6 8 4 6 2 3 4 7 2 3 2 0 7 5 1 6 5 2 9 8 3 4 6 6 6 2 3 1 8 8 8 10
4 7 9 2 8 3 4 10 4 4 6 6 7 8 7 4 5 4 5 7 0 9 6 7 4 5 8 3 4 3 5 7 1 7 8 5 2 9 9 4
9 5 2 9 5 7 5 1 6 8 4 5 3 2 2 7 6 6 5 5 9 0 5 4 5 7 7 8 8 6 6 4 9 3 2 5 10 4 4 11
8 6 6 6 7 4 2 5 5 7 3 5 2 3 4 5 1 1 1 1 6 5 0 5 4 2 8 6 3 3 5 5 5 2 3 0 7 7 7 9
6 1 2 6 2 4 4 4 3 5 2 1 4 4 2 4 6 5 6 6 7 4 5 0 3 7 4 5 7 4 3 0 7 4 4 6 7 2 2 8
5 3 4 4 4 2 2 6 1 3 1 2 3 4 3 2 4 3 4 5 4 5 4 3 0 5 5 3 5 2 1 2 4 4 4 4 5 5 5 6
9 8 8 6 9 5 3 7 6 8 5 7 4 5 6 7 1 2 2 2 5 7 2 7 5 0 10 7 1 4 6 7 5 4 5 2 7 9 9 9
4 3 5 6 2 6 7 8 4 4 5 3 7 8 5 4 9 8 8 9 8 7 8 4 5 10 0 5 10 6 3 3 8 7 8 8 6 3 3 6
2 4 7 2 6 2 4 9 2 1 5 4 7 8 6 1 7 5 6 8 3 8 6 5 3 7 5 0 6 4 2 5 4 7 8 6 2 6 6 3
8 8 8 6 9 4 3 8 6 7 5 7 4 6 6 6 1 2 2 3 4 8 3 7 5 1 10 6 0 3 6 7 4 5 6 2 7 9 9 9
5 4 6 4 6 1 1 6 3 4 3 4 3 5 4 3 3 1 2 4 3 6 3 4 2 4 6 4 3 0 3 4 3 4 5 3 5 6 6 6
4 2 5 4 4 2 3 7 0 2 2 1 5 6 4 1 6 4 5 6 5 6 5 3 1 6 3 2 6 3 0 2 5 5 5 5 4 4 4 5
6 1 3 6 2 4 4 5 3 5 2 1 4 4 2 4 6 5 5 6 7 4 5 0 2 7 3 5 7 4 2 0 7 4 4 5 6 2 2 7
5 7 9 2 9 3 4 10 4 4 6 6 6 8 7 4 5 4 5 6 1 9 5 7 4 5 8 4 4 3 5 7 0 7 8 5 3 9 9 5
8 5 4 7 6 5 3 3 5 7 3 4 0 1 2 6 3 3 3 2 7 3 2 4 4 4 7 7 5 4 5 4 7 0 1 2 8 6 6 10
9 5 3 8 6 6 4 2 5 8 3 5 1 0 2 6 4 4 4 3 8 2 3 4 4 5 8 8 6 5 5 4 8 1 0 3 9 5 5 10
8 6 6 6 8 4 2 6 5 7 4 5 2 4 4 6 1 1 0 1 5 5 0 6 4 2 8 6 2 3 5 5 5 2 3 0 7 8 8 9
2 6 9 1 8 3 5 10 4 2 6 6 8 9 7 3 7 6 7 8 2 10 7 7 5 7 6 2 7 5 4 6 3 8 9 7 0 8 8 2
7 2 2 8 1 6 6 5 5 6 4 3 6 5 3 5 8 7 7 8 9 4 7 2 5 9 3 6 9 6 4 2 9 6 5 8 8 0 0 9
7 2 2 8 1 6 6 5 5 6 4 3 6 5 3 5 8 7 7 8 9 4 7 2 5 9 3 6 9 6 4 2 9 6 5 8 8 0 0 9
2 7 10 3 8 5 7 12 5 3 7 7 9 11 9 4 9 8 9 10 4 11 9 8 6 9 6 3 9 6 5 7 5 10 10 9 2 9 9 0
,
0 21 57 9 40 18 42 47 17 3 44 33 44 26 26 10 40 21 41 64 25 61 48 34 12 58 13 11 32 26 10 17 30 49 62 42 10 19 42 10
16 0 19 22 12 11 33 29 14 16 11 6 13 36 13 16 19 26 39 18 21 22 19 8 8 51 13 27 38 20 15 2 25 23 30 21 44 11 15 24
30 17 0 61 13 35 27 11 21 24 11 22 13 22 15 39 51 26 18 32 38 8 17 10 15 50 38 30 37 25 18 19 43 27 15 30 35 18 11 49
12 16 42 0 18 12 18 55 12 13 25 37 24 29 20 14 18 16 20 19 5 26 19 23 25 37 25 6 35 17 15 28 16 49 58 27 5 53 56 21
18 5 21 47 0 19 20 31 21 39 17 14 47 30 27 31 31 36 34 35 39 16 27 6 14 32 8 25 35 25 26 13 27 41 18 29 43 3 7 22
20 27 32 12 42 0 13 29 12 16 13 11 24 36 29 5 15 14 10 33 8 36 16 13 10 14 21 8 28 10 5 19 18 30 26 12 15 42 46 13
29 12 33 12 35 11 0 43 21 13 10 20 8 19 11 19 7 5 11 15 21 21 12 29 11 15 44 30 10 3 17 23 24 22 28 11 28 22 26 37
53 17 13 40 25 28 43 0 33 32 16 16 25 6 11 57 27 40 27 14 70 3 37 31 24 29 32 29 47 44 29 31 68 14 8 24 68 25 32 73
21 16 27 19 12 10 8 28 0 12 12 6 33 17 22 4 22 24 15 38 31 31 15 8 8 22 24 8 25 14 3 17 16 31 16 22 14 23 27 13
6 11 30 11 29 13 16 52 16 0 22 25 51 46 43 4 41 17 40 35 14 38 30 38 24 24 26 3 25 25 15 24 29 52 37 18 16 43 21 20
15 16 21 19 11 21 17 22 8 31 0 5 9 11 4 17 26 17 17 15 30 18 10 12 7 30 19 34 40 17 13 11 38 11 14 18 28 17 14 42
28 2 23 26 20 20 16 36 13 11 12 0 22 24 7 16 28 25 14 44 28 27 15 3 5 38 10 14 38 19 4 5 39 11 34 18 19 18 19 44
52 36 22 36 18 29 15 20 24 36 11 25 0 5 7 21 13 14 11 8 28 13 4 12 14 20 43 41 24 12 17 29 35 1 9 11 55 25 17 66
23 13 20 45 27 34 25 13 26 47 20 27 9 0 10 43 28 20 12 10 60 5 22 15 18 29 52 51 32 22 21 17 28 9 1 12 28 29 28 70
33 14 12 49 13 15 26 19 22 25 6 9 9 9 0 32 35 27 26 15 43 13 27 10 16 41 18 20 45 19 21 11 46 7 11 21 55 21 10 30
8 19 19 18 23 7 9 50 7 8 21 20 39 34 35 0 27 24 17 26 24 53 37 18 8 28 11 9 45 10 3 17 14 34 26 19 10 29 32 30
35 29 27 26 26 21 11 37 16 28 16 45 14 11 24 20 0 11 5 11 37 28 10 19 13 6 66 23 6 15 18 34 13 20 28 6 39 23 58 38
41 14 18 15 44 12 3 42 25 37 23 15 11 21 22 26 9 0 4 11 23 33 9 17 8 13 39 34 11 8 17 26 23 15 20 6 25 29 34 57
40 20 22 29 47 25 11 41 12 20 21 20 11 28 20 39 3 7 0 9 33 41 2 34 19 4 38 21 8 18 33 24 29 16 16 2 41 35 19 38
26 30 28 36 46 19 22 23 26 43 12 16 11 19 13 46 9 8 7 0 34 29 4 23 34 8 41 34 10 22 30 44 38 10 9 5 33 29 44 49
13 35 41 5 41 18 10 44 11 28 20 22 37 25 49 17 24 14 21 48 0 42 17 46 23 17 43 17 23 22 24 24 3 35 36 14 11 23 24 19
43 30 13 39 35 25 28 2 27 23 27 21 13 5 9 49 28 39 17 33 36 0 22 21 32 31 40 32 38 16 42 21 51 17 7 40 26 23 17 43
44 16 17 45 55 23 9 21 25 19 19 18 7 16 21 40 7 7 3 5 20 26 0 23 23 12 35 19 16 16 37 33 36 14 18 2 43 32 24 58
31 4 15 46 13 17 18 31 22 29 8 9 24 27 8 13 35 20 36 23 44 25 18 0 9 25 24 19 23 20 12 2 22 10 17 23 25 12 10 27
25 9 24 20 26 12 11 16 7 26 9 8 18 20 19 8 28 14 13 32 27 16 14 17 0 14 33 11 29 9 4 10 22 23 15 21 30 23 23 20
39 48 36 28 45 12 16 29 23 49 22 20 25 34 17 41 3 15 10 7 24 51 13 47 19 0 49 22 2 16 40 37 22 25 17 12 28 51 27 28
14 9 17 21 9 26 40 20 12 16 20 18 41 38 14 29 56 46 43 29 34 20 51 23 24 65 0 24 32 25 9 25 40 19 47 44 26 20 17 34
11 18 18 4 38 11 31 32 7 5 21 21 17 26 28 7 43 35 45 52 13 37 46 26 22 44 23 0 21 15 16 32 22 39 34 18 5 29 23 10
56 37 57 28 29 30 21 22 41 48 27 19 16 36 28 16 11 13 14 11 32 50 15 45 27 6 40 25 0 23 44 25 22 16 32 7 46 49 47 43
17 19 26 10 44 8 4 20 10 12 11 16 16 29 23 11 20 5 9 15 18 18 13 18 5 11 32 17 10 0 19 13 17 12 12 15 31 45 29 27
14 8 15 20 27 9 17 26 2 15 16 6 20 30 21 5 29 16 33 28 16 32 25 8 7 23 10 17 43 9 0 16 19 29 27 39 24 18 16 21
26 5 15 43 13 22 17 12 8 24 12 5 12 32 13 17 16 35 37 16 36 24 24 3 7 30 19 19 33 22 7 0 30 15 29 29 32 15 12 23
24 28 37 11 55 20 26 31 24 28 16 18 36 43 45 19 29 26 21 28 4 44 31 46 19 22 40 14 21 17 34 38 0 25 47 28 16 35 23 29
26 16 16 49 35 17 21 24 14 19 8 11 1 7 13 40 14 10 15 11 35 12 9 18 26 14 29 32 23 17 12 11 34 0 3 12 26 19 24 71
43 21 9 43 18 40 20 17 19 40 9 28 6 1 6 47 19 29 24 8 42 12 15 13 20 20 38 36 23 23 18 18 28 6 0 23 50 30 17 45
57 38 18 23 27 11 14 39 24 48 13 20 15 18 11 29 4 6 2 9 38 27 1 32 17 7 39 35 8 7 15 35 27 16 21 0 35 23 56 61
15 25 24 5 48 9 27 60 10 12 36 26 54 55 28 15 21 31 48 29 16 32 44 24 24 23 44 9 37 20 16 20 17 21 44 30 0 62 21 9
22 6 8 41 7 36 24 28 14 43 27 16 26 36 20 18 46 37 31 27 33 23 22 6 28 56 12 23 24 26 26 15 24 17 30 42 26 0 0 50
49 15 10 20 4 44 32 21 31 24 11 12 31 28 11 28 24 49 37 28 55 18 30 10 31 46 16 42 54 28 15 14 40 26 24 26 47 0 0 37
6 48 43 20 20 32 46 30 16 21 46 21 38 51 47 30 61 23 50 72 30 43 39 52 34 40 19 12 36 28 19 42 35 28 40 56 8 40 56 0