7
40
,
0 (47.0, 12.0) 12.0
1 (35.0, 34.0) 29.0
2 (24.0, 46.0) 25.0
3 (35.0, 6.0) 10.0
4 (40.0, 42.0) 26.0
5 (28.0, 15.0) 31.0
6 (18.0, 19.0) 45.0
7 (12.0, 48.0) 14.0
8 (33.0, 22.0) 15.0
9 (42.0, 15.0) 16.0
10 (24.0, 30.0) 16.0
11 (32.0, 31.0) 14.0
12 (11.0, 30.0) 16.0
13 (10.0, 38.0) 22.0
14 (21.0, 36.0) 20.0
15 (36.0, 18.0) 10.0
16 (6.0, 16.0) 25.0
17 (14.0, 18.0) 14.0
18 (9.0, 19.0) 11.0
19 (3.0, 24.0) 14.0
20 (28.0, 2.0) 12.0
21 (14.0, 46.0) 21.0
22 (9.0, 22.0) 39.0
23 (30.0, 37.0) 42.0
24 (27.0, 24.0) 48.0
25 (4.0, 12.0) 26.0
26 (48.0, 34.0) 15.0
27 (39.0, 13.0) 13.0
28 (7.0, 9.0) 32.0
29 (21.0, 17.0) 46.0
30 (34.0, 24.0) 44.0
31 (31.0, 35.0) 12.0
32 (25.0, 2.0) 33.0
33 (11.0, 32.0) 12.0
34 (10.0, 37.0) 12.0
35 (8.0, 20.0) 13.0
36 (40.0, 4.0) 42.0
37 (36.0, 45.0) 36.0
38 (36.0, 45.0) 19.0
39 (50.0, 3.0) 14.0
,
0 5 8 3 6 4 6 10 3 1 6 5 8 9 7 3 8 7 8 9 4 9 8 6 5 9 4 2 8 5 4 6 5 8 9 8 2 7 7 2
5 0 3 6 2 4 5 5 2 4 2 1 5 5 3 3 7 5 6 7 7 5 6 1 3 8 3 4 8 4 2 1 7 5 5 6 6 2 2 7
8 3 0 8 3 6 6 2 5 7 3 3 4 3 2 6 7 6 6 6 9 2 6 2 4 8 5 7 8 6 5 3 9 4 3 6 9 2 2 10
3 6 8 0 7 2 4 10 3 2 5 5 7 8 7 2 6 5 6 7 2 9 6 6 4 6 6 2 6 4 4 6 2 7 8 6 1 8 8 3
6 2 3 7 0 6 6 6 4 5 4 3 6 6 4 5 9 7 8 8 8 5 7 2 4 9 2 6 9 6 4 2 9 6 6 8 8 1 1 8
4 4 6 2 6 0 2 7 2 3 3 3 5 6 4 2 4 3 4 5 3 7 4 4 2 5 6 2 4 1 2 4 3 5 6 4 3 6 6 5
6 5 6 4 6 2 0 6 3 5 3 4 3 4 3 4 2 1 2 3 4 5 2 4 2 3 7 4 3 1 3 4 4 3 4 2 5 6 6 7
10 5 2 10 6 7 6 0 7 9 4 5 4 2 3 8 7 6 6 5 10 1 5 4 6 7 8 9 8 6 7 5 10 3 2 6 10 5 5 12
3 2 5 3 4 2 3 7 0 2 2 2 5 6 4 1 6 4 5 6 4 6 5 3 1 6 4 2 6 3 0 3 4 5 5 5 4 5 5 5
1 4 7 2 5 3 5 9 2 0 5 4 7 8 6 1 7 6 7 8 4 8 7 5 3 8 4 1 7 4 2 5 4 7 8 7 2 6 6 3
6 2 3 5 4 3 3 4 2 5 0 2 3 3 1 3 5 3 4 4 6 4 3 2 1 5 5 5 5 3 2 2 6 3 3 4 6 4 4 7
5 1 3 5 3 3 4 5 2 4 2 0 4 5 2 3 6 4 5 6 6 5 5 1 2 7 3 4 7 4 1 1 6 4 5 5 6 3 3 7
8 5 4 7 6 5 3 4 5 7 3 4 0 2 2 6 3 2 2 2 7 3 2 4 3 4 7 7 4 3 5 4 6 0 1 2 8 6 6 9
9 5 3 8 6 6 4 2 6 8 3 5 2 0 2 7 4 4 4 3 8 2 3 4 4 5 8 8 6 5 6 4 8 1 0 4 9 5 5 11
7 3 2 7 4 4 3 3 4 6 1 2 2 2 0 5 5 4 4 4 7 2 4 2 3 6 5 6 6 4 4 2 7 2 2 4 7 3 3 9
3 3 6 2 5 2 4 8 1 1 3 3 6 7 5 0 6 4 5 7 4 7 5 4 2 7 4 1 6 3 1 4 4 6 6 6 3 5 5 4
8 7 7 6 9 4 2 7 6 7 5 6 3 4 5 6 0 2 1 2 5 6 1 6 4 1 9 7 1 3 6 6 5 3 4 1 7 8 8 9
7 5 6 5 7 3 1 6 4 6 3 4 2 4 4 4 2 0 1 3 4 6 1 5 3 2 8 5 2 1 4 5 4 3 4 1 6 7 7 8
8 6 6 6 8 4 2 6 5 7 4 5 2 4 4 5 1 1 0 2 5 5 1 6 4 2 8 6 2 2 5 5 5 3 4 0 7 7 7 9
9 7 6 7 8 5 3 5 6 8 4 6 2 3 4 7 2 3 2 0 7 5 1 6 5 2 9 8 3 4 6 6 6 2 3 1 8 8 8 10
4 7 9 2 8 3 4 10 4 4 6 6 7 8 7 4 5 4 5 7 0 9 6 7 4 5 8 3 4 3 5 7 1 7 8 5 2 9 9 4
9 5 2 9 5 7 5 1 6 8 4 5 3 2 2 7 6 6 5 5 9 0 5 4 5 7 7 8 8 6 6 4 9 3 2 5 10 4 4 11
8 6 6 6 7 4 2 5 5 7 3 5 2 3 4 5 1 1 1 1 6 5 0 5 4 2 8 6 3 3 5 5 5 2 3 0 7 7 7 9
6 1 2 6 2 4 4 4 3 5 2 1 4 4 2 4 6 5 6 6 7 4 5 0 3 7 4 5 7 4 3 0 7 4 4 6 7 2 2 8
5 3 4 4 4 2 2 6 1 3 1 2 3 4 3 2 4 3 4 5 4 5 4 3 0 5 5 3 5 2 1 2 4 4 4 4 5 5 5 6
9 8 8 6 9 5 3 7 6 8 5 7 4 5 6 7 1 2 2 2 5 7 2 7 5 0 10 7 1 4 6 7 5 4 5 2 7 9 9 9
4 3 5 6 2 6 7 8 4 4 5 3 7 8 5 4 9 8 8 9 8 7 8 4 5 10 0 5 10 6 3 3 8 7 8 8 6 3 3 6
2 4 7 2 6 2 4 9 2 1 5 4 7 8 6 1 7 5 6 8 3 8 6 5 3 7 5 0 6 4 2 5 4 7 8 6 2 6 6 3
8 8 8 6 9 4 3 8 6 7 5 7 4 6 6 6 1 2 2 3 4 8 3 7 5 1 10 6 0 3 6 7 4 5 6 2 7 9 9 9
5 4 6 4 6 1 1 6 3 4 3 4 3 5 4 3 3 1 2 4 3 6 3 4 2 4 6 4 3 0 3 4 3 4 5 3 5 6 6 6
4 2 5 4 4 2 3 7 0 2 2 1 5 6 4 1 6 4 5 6 5 6 5 3 1 6 3 2 6 3 0 2 5 5 5 5 4 4 4 5
6 1 3 6 2 4 4 5 3 5 2 1 4 4 2 4 6 5 5 6 7 4 5 0 2 7 3 5 7 4 2 0 7 4 4 5 6 2 2 7
5 7 9 2 9 3 4 10 4 4 6 6 6 8 7 4 5 4 5 6 1 9 5 7 4 5 8 4 4 3 5 7 0 7 8 5 3 9 9 5
8 5 4 7 6 5 3 3 5 7 3 4 0 1 2 6 3 3 3 2 7 3 2 4 4 4 7 7 5 4 5 4 7 0 1 2 8 6 6 10
9 5 3 8 6 6 4 2 5 8 3 5 1 0 2 6 4 4 4 3 8 2 3 4 4 5 8 8 6 5 5 4 8 1 0 3 9 5 5 10
8 6 6 6 8 4 2 6 5 7 4 5 2 4 4 6 1 1 0 1 5 5 0 6 4 2 8 6 2 3 5 5 5 2 3 0 7 8 8 9
2 6 9 1 8 3 5 10 4 2 6 6 8 9 7 3 7 6 7 8 2 10 7 7 5 7 6 2 7 5 4 6 3 8 9 7 0 8 8 2
7 2 2 8 1 6 6 5 5 6 4 3 6 5 3 5 8 7 7 8 9 4 7 2 5 9 3 6 9 6 4 2 9 6 5 8 8 0 0 9
7 2 2 8 1 6 6 5 5 6 4 3 6 5 3 5 8 7 7 8 9 4 7 2 5 9 3 6 9 6 4 2 9 6 5 8 8 0 0 9
2 7 10 3 8 5 7 12 5 3 7 7 9 11 9 4 9 8 9 10 4 11 9 8 6 9 6 3 9 6 5 7 5 10 10 9 2 9 9 0
,
0 37 21 18 26 16 37 74 17 5 26 24 44 47 33 18 58 48 38 30 23 52 23 38 33 63 24 9 39 32 18 20 35 55 38 38 6 25 35 7
23 0 14 17 6 21 32 39 15 24 13 6 14 22 8 19 45 26 21 41 34 36 21 5 16 56 19 22 52 33 11 5 35 32 15 45 26 16 14 33
60 19 0 39 11 23 41 18 36 34 8 12 28 13 13 20 26 29 28 23 44 5 30 9 24 48 30 31 51 15 15 18 43 10 16 35 25 17 11 73
12 19 60 0 42 16 13 43 8 14 23 23 29 40 46 10 29 30 43 39 5 50 44 40 17 38 44 4 29 24 11 24 10 32 20 22 8 50 52 18
35 7 11 38 0 25 44 42 25 22 20 18 39 28 14 31 46 31 42 28 33 33 20 9 30 41 10 21 29 36 27 12 27 39 45 44 39 5 3 45
20 13 41 13 34 0 15 36 12 20 18 16 32 22 24 6 32 21 13 16 15 24 20 25 8 32 28 13 20 8 12 17 19 28 35 23 18 35 36 33
21 19 16 25 39 10 0 34 19 24 9 10 13 16 25 24 14 5 9 12 29 23 6 26 15 10 36 32 20 2 21 11 27 17 20 11 17 17 29 27
55 14 10 68 20 51 27 0 31 51 25 23 19 14 14 36 49 23 16 16 28 3 37 17 36 36 29 44 25 40 23 24 35 21 13 27 53 28 26 64
14 17 30 12 29 11 22 46 0 6 17 9 29 19 16 3 15 29 32 39 26 28 15 21 9 43 18 6 24 13 3 12 19 21 21 37 26 22 29 28
3 22 37 13 31 11 23 26 16 0 20 21 26 25 34 4 21 16 48 44 24 44 47 19 25 52 28 4 52 11 9 15 18 41 28 42 16 37 25 21
30 17 19 36 13 14 13 22 11 25 0 8 10 15 10 15 28 15 14 23 29 25 23 12 9 22 33 14 30 11 17 8 39 17 16 19 19 18 26 26
19 5 24 36 8 15 16 23 5 23 4 0 22 21 13 9 41 16 30 34 38 25 36 9 13 22 18 22 45 13 8 5 31 15 34 27 30 17 11 32
30 18 15 17 46 15 16 12 15 32 19 28 0 11 7 24 9 11 14 13 42 16 4 20 9 11 21 46 23 21 29 20 34 1 4 9 20 23 38 47
41 19 20 42 19 19 22 9 34 23 19 21 4 0 12 36 20 16 15 8 29 10 9 19 12 19 49 39 35 12 35 30 22 9 1 25 67 28 36 40
23 15 14 35 28 30 12 15 15 26 4 11 14 16 0 19 15 16 18 17 32 12 21 11 14 29 37 41 26 28 26 14 45 10 10 29 26 11 22 27
13 10 25 11 14 8 11 22 6 7 14 8 18 35 29 0 41 19 22 36 16 45 35 23 5 25 12 8 26 12 9 18 24 21 24 17 21 19 37 25
43 27 23 28 51 18 11 47 20 33 12 21 15 24 16 39 0 11 4 6 38 29 3 33 20 4 48 49 7 11 42 46 35 19 13 5 36 28 50 65
44 22 28 14 23 12 6 17 14 34 19 13 14 19 12 18 12 0 7 10 21 20 4 20 11 12 33 16 12 6 20 26 14 19 10 4 19 19 30 32
52 41 20 39 56 12 13 38 31 42 10 33 16 16 24 31 3 5 0 5 28 26 4 30 17 6 57 39 9 15 36 36 32 13 15 2 24 55 23 62
39 38 27 30 28 36 10 38 39 55 32 34 12 15 25 19 5 18 9 0 34 32 6 32 19 7 27 39 18 22 20 19 35 14 15 4 43 51 29 60
26 24 45 11 50 17 20 31 13 28 28 38 20 41 52 13 32 26 33 28 0 51 36 37 20 33 32 9 15 21 21 36 2 19 25 25 8 29 26 19
44 15 7 27 39 44 28 2 44 38 26 19 22 9 16 30 31 37 21 25 69 0 23 26 23 34 47 49 50 25 16 25 58 11 12 29 51 27 12 46
22 22 19 35 22 22 5 37 27 44 9 28 12 21 14 23 8 7 4 9 14 12 0 35 25 6 30 16 13 13 15 14 38 12 19 3 34 43 44 44
40 8 7 30 13 31 28 31 17 23 13 4 12 25 6 22 24 36 23 43 21 14 34 0 10 40 11 29 52 12 17 1 49 25 19 36 32 7 15 59
12 12 18 17 21 8 9 23 4 24 8 7 22 14 12 8 25 13 22 23 22 26 16 14 0 38 33 17 35 10 7 12 13 24 11 26 21 14 23 28
34 43 46 22 48 32 22 44 25 51 24 27 28 21 26 31 3 10 10 12 16 20 16 26 30 0 71 27 3 23 30 27 34 30 38 8 43 27 52 37
33 13 19 25 16 26 41 26 11 18 21 23 35 31 38 17 33 31 22 66 41 29 44 19 29 42 0 24 55 18 16 15 24 34 33 48 29 20 9 32
9 31 35 5 41 12 14 31 7 5 15 11 44 53 31 8 22 18 23 56 22 38 44 29 17 31 17 0 25 20 7 31 23 25 43 35 9 25 22 15
54 33 58 21 24 28 11 53 38 37 35 21 19 16 40 39 5 10 8 17 15 21 19 28 13 5 26 22 0 12 25 49 19 22 22 12 38 32 68 31
25 28 17 26 19 10 4 26 17 13 17 11 13 31 25 8 12 10 17 16 17 33 7 20 7 20 28 23 17 0 16 24 16 26 23 13 28 20 39 27
24 7 14 11 15 14 19 21 2 17 12 5 33 30 24 8 38 11 24 45 18 34 33 17 9 38 18 8 29 17 0 7 21 29 20 16 31 13 24 31
28 5 7 23 14 29 24 14 20 19 7 3 24 22 6 15 43 16 20 33 45 20 24 2 15 28 16 26 26 15 12 0 21 29 26 39 44 13 11 30
33 34 55 16 29 9 12 45 22 27 40 42 29 56 42 18 16 13 29 43 3 67 32 48 12 29 49 13 15 18 23 48 0 40 38 20 17 59 32 26
53 24 21 32 25 18 19 17 31 24 10 11 3 9 12 34 19 15 14 7 25 14 7 29 20 30 37 29 32 17 14 12 34 0 4 16 31 31 36 48
59 35 15 39 42 42 19 16 34 34 23 26 6 1 8 20 28 13 27 7 47 11 16 25 15 13 53 35 34 14 14 26 23 7 0 9 56 35 19 30
30 30 37 38 58 22 15 36 21 21 11 14 12 19 12 20 4 7 2 9 28 30 2 22 28 10 29 44 16 17 15 16 27 16 26 0 25 37 50 63
12 25 29 5 34 21 25 66 29 15 16 24 50 40 31 16 29 20 34 62 11 46 33 38 13 34 29 8 35 17 18 31 11 51 44 42 0 58 33 7
28 15 12 30 7 44 46 35 31 36 13 20 16 25 12 28 21 43 49 50 37 20 38 15 25 30 22 20 65 38 23 11 43 33 32 20 41 0 0 49
36 7 9 40 7 46 21 33 20 17 25 16 17 22 13 19 34 33 36 29 47 24 22 14 34 65 15 25 37 22 31 15 51 41 40 47 46 0 0 53
10 22 28 18 59 17 35 78 13 15 36 41 66 27 25 29 49 33 37 73 17 53 29 24 40 36 44 14 40 17 20 36 33 39 65 26 10 26 50 0