7
40
,
0 (47.0, 12.0) 45.0
1 (35.0, 34.0) 44.0
2 (24.0, 46.0) 27.0
3 (35.0, 6.0) 36.0
4 (40.0, 42.0) 28.0
5 (28.0, 15.0) 15.0
6 (18.0, 19.0) 18.0
7 (12.0, 48.0) 13.0
8 (33.0, 22.0) 46.0
9 (42.0, 15.0) 14.0
10 (24.0, 30.0) 30.0
11 (32.0, 31.0) 25.0
12 (11.0, 30.0) 16.0
13 (10.0, 38.0) 32.0
14 (21.0, 36.0) 47.0
15 (36.0, 18.0) 37.0
16 (6.0, 16.0) 35.0
17 (14.0, 18.0) 13.0
18 (9.0, 19.0) 17.0
19 (3.0, 24.0) 30.0
20 (28.0, 2.0) 20.0
21 (14.0, 46.0) 35.0
22 (9.0, 22.0) 33.0
23 (30.0, 37.0) 25.0
24 (27.0, 24.0) 27.0
25 (4.0, 12.0) 31.0
26 (48.0, 34.0) 47.0
27 (39.0, 13.0) 17.0
28 (7.0, 9.0) 18.0
29 (21.0, 17.0) 12.0
30 (34.0, 24.0) 31.0
31 (31.0, 35.0) 47.0
32 (25.0, 2.0) 42.0
33 (11.0, 32.0) 44.0
34 (10.0, 37.0) 25.0
35 (8.0, 20.0) 32.0
36 (40.0, 4.0) 20.0
37 (36.0, 45.0) 31.0
38 (36.0, 45.0) 22.0
39 (50.0, 3.0) 40.0
,
0 5 8 3 6 4 6 10 3 1 6 5 8 9 7 3 8 7 8 9 4 9 8 6 5 9 4 2 8 5 4 6 5 8 9 8 2 7 7 2
5 0 3 6 2 4 5 5 2 4 2 1 5 5 3 3 7 5 6 7 7 5 6 1 3 8 3 4 8 4 2 1 7 5 5 6 6 2 2 7
8 3 0 8 3 6 6 2 5 7 3 3 4 3 2 6 7 6 6 6 9 2 6 2 4 8 5 7 8 6 5 3 9 4 3 6 9 2 2 10
3 6 8 0 7 2 4 10 3 2 5 5 7 8 7 2 6 5 6 7 2 9 6 6 4 6 6 2 6 4 4 6 2 7 8 6 1 8 8 3
6 2 3 7 0 6 6 6 4 5 4 3 6 6 4 5 9 7 8 8 8 5 7 2 4 9 2 6 9 6 4 2 9 6 6 8 8 1 1 8
4 4 6 2 6 0 2 7 2 3 3 3 5 6 4 2 4 3 4 5 3 7 4 4 2 5 6 2 4 1 2 4 3 5 6 4 3 6 6 5
6 5 6 4 6 2 0 6 3 5 3 4 3 4 3 4 2 1 2 3 4 5 2 4 2 3 7 4 3 1 3 4 4 3 4 2 5 6 6 7
10 5 2 10 6 7 6 0 7 9 4 5 4 2 3 8 7 6 6 5 10 1 5 4 6 7 8 9 8 6 7 5 10 3 2 6 10 5 5 12
3 2 5 3 4 2 3 7 0 2 2 2 5 6 4 1 6 4 5 6 4 6 5 3 1 6 4 2 6 3 0 3 4 5 5 5 4 5 5 5
1 4 7 2 5 3 5 9 2 0 5 4 7 8 6 1 7 6 7 8 4 8 7 5 3 8 4 1 7 4 2 5 4 7 8 7 2 6 6 3
6 2 3 5 4 3 3 4 2 5 0 2 3 3 1 3 5 3 4 4 6 4 3 2 1 5 5 5 5 3 2 2 6 3 3 4 6 4 4 7
5 1 3 5 3 3 4 5 2 4 2 0 4 5 2 3 6 4 5 6 6 5 5 1 2 7 3 4 7 4 1 1 6 4 5 5 6 3 3 7
8 5 4 7 6 5 3 4 5 7 3 4 0 2 2 6 3 2 2 2 7 3 2 4 3 4 7 7 4 3 5 4 6 0 1 2 8 6 6 9
9 5 3 8 6 6 4 2 6 8 3 5 2 0 2 7 4 4 4 3 8 2 3 4 4 5 8 8 6 5 6 4 8 1 0 4 9 5 5 11
7 3 2 7 4 4 3 3 4 6 1 2 2 2 0 5 5 4 4 4 7 2 4 2 3 6 5 6 6 4 4 2 7 2 2 4 7 3 3 9
3 3 6 2 5 2 4 8 1 1 3 3 6 7 5 0 6 4 5 7 4 7 5 4 2 7 4 1 6 3 1 4 4 6 6 6 3 5 5 4
8 7 7 6 9 4 2 7 6 7 5 6 3 4 5 6 0 2 1 2 5 6 1 6 4 1 9 7 1 3 6 6 5 3 4 1 7 8 8 9
7 5 6 5 7 3 1 6 4 6 3 4 2 4 4 4 2 0 1 3 4 6 1 5 3 2 8 5 2 1 4 5 4 3 4 1 6 7 7 8
8 6 6 6 8 4 2 6 5 7 4 5 2 4 4 5 1 1 0 2 5 5 1 6 4 2 8 6 2 2 5 5 5 3 4 0 7 7 7 9
9 7 6 7 8 5 3 5 6 8 4 6 2 3 4 7 2 3 2 0 7 5 1 6 5 2 9 8 3 4 6 6 6 2 3 1 8 8 8 10
4 7 9 2 8 3 4 10 4 4 6 6 7 8 7 4 5 4 5 7 0 9 6 7 4 5 8 3 4 3 5 7 1 7 8 5 2 9 9 4
9 5 2 9 5 7 5 1 6 8 4 5 3 2 2 7 6 6 5 5 9 0 5 4 5 7 7 8 8 6 6 4 9 3 2 5 10 4 4 11
8 6 6 6 7 4 2 5 5 7 3 5 2 3 4 5 1 1 1 1 6 5 0 5 4 2 8 6 3 3 5 5 5 2 3 0 7 7 7 9
6 1 2 6 2 4 4 4 3 5 2 1 4 4 2 4 6 5 6 6 7 4 5 0 3 7 4 5 7 4 3 0 7 4 4 6 7 2 2 8
5 3 4 4 4 2 2 6 1 3 1 2 3 4 3 2 4 3 4 5 4 5 4 3 0 5 5 3 5 2 1 2 4 4 4 4 5 5 5 6
9 8 8 6 9 5 3 7 6 8 5 7 4 5 6 7 1 2 2 2 5 7 2 7 5 0 10 7 1 4 6 7 5 4 5 2 7 9 9 9
4 3 5 6 2 6 7 8 4 4 5 3 7 8 5 4 9 8 8 9 8 7 8 4 5 10 0 5 10 6 3 3 8 7 8 8 6 3 3 6
2 4 7 2 6 2 4 9 2 1 5 4 7 8 6 1 7 5 6 8 3 8 6 5 3 7 5 0 6 4 2 5 4 7 8 6 2 6 6 3
8 8 8 6 9 4 3 8 6 7 5 7 4 6 6 6 1 2 2 3 4 8 3 7 5 1 10 6 0 3 6 7 4 5 6 2 7 9 9 9
5 4 6 4 6 1 1 6 3 4 3 4 3 5 4 3 3 1 2 4 3 6 3 4 2 4 6 4 3 0 3 4 3 4 5 3 5 6 6 6
4 2 5 4 4 2 3 7 0 2 2 1 5 6 4 1 6 4 5 6 5 6 5 3 1 6 3 2 6 3 0 2 5 5 5 5 4 4 4 5
6 1 3 6 2 4 4 5 3 5 2 1 4 4 2 4 6 5 5 6 7 4 5 0 2 7 3 5 7 4 2 0 7 4 4 5 6 2 2 7
5 7 9 2 9 3 4 10 4 4 6 6 6 8 7 4 5 4 5 6 1 9 5 7 4 5 8 4 4 3 5 7 0 7 8 5 3 9 9 5
8 5 4 7 6 5 3 3 5 7 3 4 0 1 2 6 3 3 3 2 7 3 2 4 4 4 7 7 5 4 5 4 7 0 1 2 8 6 6 10
9 5 3 8 6 6 4 2 5 8 3 5 1 0 2 6 4 4 4 3 8 2 3 4 4 5 8 8 6 5 5 4 8 1 0 3 9 5 5 10
8 6 6 6 8 4 2 6 5 7 4 5 2 4 4 6 1 1 0 1 5 5 0 6 4 2 8 6 2 3 5 5 5 2 3 0 7 8 8 9
2 6 9 1 8 3 5 10 4 2 6 6 8 9 7 3 7 6 7 8 2 10 7 7 5 7 6 2 7 5 4 6 3 8 9 7 0 8 8 2
7 2 2 8 1 6 6 5 5 6 4 3 6 5 3 5 8 7 7 8 9 4 7 2 5 9 3 6 9 6 4 2 9 6 5 8 8 0 0 9
7 2 2 8 1 6 6 5 5 6 4 3 6 5 3 5 8 7 7 8 9 4 7 2 5 9 3 6 9 6 4 2 9 6 5 8 8 0 0 9
2 7 10 3 8 5 7 12 5 3 7 7 9 11 9 4 9 8 9 10 4 11 9 8 6 9 6 3 9 6 5 7 5 10 10 9 2 9 9 0
,
0 20 23 7 33 20 31 64 11 4 37 19 34 30 52 12 59 22 23 49 28 49 21 21 14 53 27 6 30 20 14 16 12 32 59 29 12 45 39 11
32 0 18 17 13 26 24 20 12 11 18 6 36 22 18 23 33 39 29 37 44 15 27 7 10 55 19 30 43 22 13 3 28 31 35 15 31 12 11 43
56 14 0 26 14 39 26 15 20 36 24 9 30 22 6 29 30 30 41 19 46 14 23 14 15 31 27 20 30 33 34 15 40 23 11 22 38 9 8 45
8 39 43 0 25 8 18 69 23 7 26 17 37 45 19 17 34 29 27 37 8 41 26 26 16 31 28 7 27 26 11 28 15 19 54 31 6 23 44 16
25 7 13 28 0 26 19 32 12 36 26 13 19 38 16 35 25 51 39 39 50 23 20 7 24 57 6 41 32 33 20 14 35 36 20 56 51 5 5 39
14 24 45 17 21 0 8 34 8 10 12 16 32 43 13 11 25 11 11 15 19 24 17 27 8 35 32 9 32 5 14 11 19 35 35 22 20 45 43 25
40 19 30 20 30 12 0 32 14 13 15 25 16 27 9 16 15 3 9 21 20 16 12 22 11 14 20 26 16 4 10 24 22 19 28 13 36 29 30 51
51 19 9 29 24 26 40 0 37 34 12 35 24 11 13 33 28 17 38 13 33 3 38 26 15 46 47 49 56 18 33 29 71 20 15 23 40 35 17 60
11 14 19 19 22 12 19 20 0 7 7 6 15 19 22 4 14 28 34 40 26 44 19 15 4 27 14 16 21 11 1 18 24 24 36 23 10 22 20 19
5 28 28 6 32 13 14 39 7 0 32 22 31 36 44 8 46 40 44 45 19 48 24 13 21 57 13 4 41 28 8 12 22 22 48 45 10 36 15 14
42 13 14 18 10 15 12 27 11 34 0 4 17 9 6 25 18 21 25 21 42 12 19 9 4 32 27 28 14 20 17 5 20 17 17 28 16 15 25 56
13 4 13 17 16 14 23 25 11 14 11 0 31 26 17 17 40 19 34 16 30 29 31 5 12 49 12 22 46 23 5 4 22 19 27 34 18 10 12 50
31 35 26 45 35 16 13 18 28 21 18 30 0 9 8 15 16 10 15 9 41 12 8 18 22 13 51 22 19 22 19 23 33 3 8 15 49 37 39 25
52 22 13 38 38 42 24 9 25 20 22 21 10 0 9 45 17 17 26 22 34 7 23 19 12 31 28 53 28 33 30 22 28 7 1 26 61 35 34 42
47 15 10 29 28 14 19 15 13 40 7 14 15 6 0 22 15 26 27 16 18 15 20 12 18 23 32 22 17 14 14 14 28 13 12 30 30 19 17 49
10 20 32 15 32 12 24 35 6 4 19 9 30 20 21 0 33 26 32 48 23 51 18 17 11 43 22 5 42 10 3 26 24 22 35 40 18 27 26 14
32 28 23 23 35 15 10 46 30 49 32 16 16 15 24 42 0 12 3 12 22 16 5 32 13 6 32 49 9 10 42 42 26 11 24 4 32 29 47 57
27 34 42 21 19 12 3 40 21 20 14 17 18 15 17 24 11 0 5 11 16 14 10 32 16 10 43 19 14 4 31 15 15 16 14 8 42 50 43 44
29 31 40 36 58 22 6 42 28 45 26 38 9 16 14 14 3 3 0 7 13 38 2 40 19 7 24 37 6 10 33 36 23 11 19 1 48 35 55 55
47 44 16 25 37 21 15 32 39 57 27 19 14 12 19 32 7 7 7 0 49 28 9 27 21 14 51 42 8 16 22 41 26 16 7 6 24 28 48 59
16 39 35 7 38 17 14 61 24 22 22 23 27 34 49 11 21 15 19 25 0 54 33 44 17 37 49 12 25 20 29 33 4 38 53 21 14 22 63 14
49 17 13 46 18 43 39 2 43 38 27 22 24 9 7 45 41 38 15 16 39 0 15 18 21 37 41 30 54 40 24 11 43 12 7 33 58 16 29 82
58 31 23 35 21 26 14 29 21 37 15 34 6 21 18 33 5 6 3 5 21 24 0 28 9 12 45 26 18 12 34 34 28 5 10 1 50 48 51 27
25 5 15 32 10 24 24 15 18 21 12 7 26 20 11 16 24 20 32 39 25 24 33 0 9 44 23 17 44 27 20 2 33 27 14 21 29 7 6 53
35 15 27 18 17 7 8 18 4 23 5 6 20 24 15 10 30 11 13 28 11 23 23 12 0 33 19 12 27 11 5 14 12 13 13 17 26 21 28 24
57 27 50 31 27 15 12 46 38 38 19 30 21 25 43 41 3 10 12 16 31 27 7 36 31 0 59 48 4 26 19 35 14 18 36 12 30 66 50 38
25 7 17 40 17 33 25 25 17 25 23 11 25 35 17 13 65 53 34 35 45 49 34 12 32 55 0 29 43 27 10 10 33 55 37 62 33 10 24 20
5 20 23 8 39 7 28 44 14 3 21 15 48 44 19 8 49 26 44 23 11 55 24 37 14 31 17 0 31 16 14 14 21 36 21 32 11 32 46 12
53 33 26 41 59 14 14 22 27 40 19 21 11 29 41 29 4 7 14 10 21 34 9 48 14 3 26 31 0 18 30 47 10 20 36 9 29 44 28 39
39 13 30 10 46 9 2 19 14 23 14 19 13 22 21 19 10 5 16 26 18 18 9 24 7 22 44 27 19 0 19 27 20 12 12 10 17 27 21 39
19 9 30 18 15 11 21 40 3 16 14 5 31 36 18 3 22 21 18 25 17 24 27 8 4 26 21 9 24 16 0 13 26 20 39 30 22 23 14 30
18 6 7 31 13 17 11 28 14 26 5 2 27 21 11 22 22 14 36 28 37 27 17 3 13 28 25 33 43 19 11 0 43 20 18 15 17 16 6 25
26 40 30 7 62 13 26 61 24 22 31 15 26 32 49 10 23 14 29 37 3 32 13 39 24 23 33 16 10 14 19 29 0 42 53 32 20 36 52 16
37 20 26 42 22 22 14 22 31 20 13 26 2 4 16 41 15 15 11 12 21 20 7 29 20 25 20 35 30 12 21 26 33 0 5 12 22 37 40 68
55 15 18 57 44 24 21 6 27 51 21 24 4 1 14 32 30 20 25 13 35 10 20 19 30 16 21 19 29 27 34 23 22 3 0 11 46 14 26 75
28 18 19 27 56 10 9 41 20 47 15 30 11 13 23 38 4 6 1 5 20 24 2 26 20 7 56 16 9 19 35 19 18 8 19 0 51 39 43 59
12 21 67 4 55 23 36 63 22 14 20 27 56 45 52 21 46 44 36 63 6 33 28 47 21 27 17 11 38 16 15 25 17 37 48 32 0 24 21 7
43 10 15 38 7 32 39 13 23 27 24 18 38 28 20 22 21 22 46 26 41 26 51 9 25 35 11 25 35 38 28 8 26 28 33 30 27 0 0 34
19 10 6 29 4 28 16 25 19 40 15 13 30 14 20 16 56 25 54 27 36 32 25 5 14 31 19 25 33 24 17 10 64 36 36 27 46 0 0 55
7 35 49 18 47 37 32 69 13 15 30 18 61 67 38 11 37 49 29 28 20 38 29 55 32 60 37 9 65 47 32 19 35 72 57 59 9 57 45 0