7
40
,
0 (47.0, 12.0) 39.0
1 (35.0, 34.0) 13.0
2 (24.0, 46.0) 14.0
3 (35.0, 6.0) 13.0
4 (40.0, 42.0) 24.0
5 (28.0, 15.0) 32.0
6 (18.0, 19.0) 16.0
7 (12.0, 48.0) 12.0
8 (33.0, 22.0) 44.0
9 (42.0, 15.0) 35.0
10 (24.0, 30.0) 25.0
11 (32.0, 31.0) 26.0
12 (11.0, 30.0) 17.0
13 (10.0, 38.0) 26.0
14 (21.0, 36.0) 11.0
15 (36.0, 18.0) 13.0
16 (6.0, 16.0) 13.0
17 (14.0, 18.0) 12.0
18 (9.0, 19.0) 31.0
19 (3.0, 24.0) 32.0
20 (28.0, 2.0) 49.0
21 (14.0, 46.0) 17.0
22 (9.0, 22.0) 31.0
23 (30.0, 37.0) 27.0
24 (27.0, 24.0) 47.0
25 (4.0, 12.0) 44.0
26 (48.0, 34.0) 12.0
27 (39.0, 13.0) 32.0
28 (7.0, 9.0) 14.0
29 (21.0, 17.0) 14.0
30 (34.0, 24.0) 25.0
31 (31.0, 35.0) 14.0
32 (25.0, 2.0) 13.0
33 (11.0, 32.0) 13.0
34 (10.0, 37.0) 14.0
35 (8.0, 20.0) 11.0
36 (40.0, 4.0) 14.0
37 (36.0, 45.0) 14.0
38 (36.0, 45.0) 43.0
39 (50.0, 3.0) 21.0
,
0 5 8 3 6 4 6 10 3 1 6 5 8 9 7 3 8 7 8 9 4 9 8 6 5 9 4 2 8 5 4 6 5 8 9 8 2 7 7 2
5 0 3 6 2 4 5 5 2 4 2 1 5 5 3 3 7 5 6 7 7 5 6 1 3 8 3 4 8 4 2 1 7 5 5 6 6 2 2 7
8 3 0 8 3 6 6 2 5 7 3 3 4 3 2 6 7 6 6 6 9 2 6 2 4 8 5 7 8 6 5 3 9 4 3 6 9 2 2 10
3 6 8 0 7 2 4 10 3 2 5 5 7 8 7 2 6 5 6 7 2 9 6 6 4 6 6 2 6 4 4 6 2 7 8 6 1 8 8 3
6 2 3 7 0 6 6 6 4 5 4 3 6 6 4 5 9 7 8 8 8 5 7 2 4 9 2 6 9 6 4 2 9 6 6 8 8 1 1 8
4 4 6 2 6 0 2 7 2 3 3 3 5 6 4 2 4 3 4 5 3 7 4 4 2 5 6 2 4 1 2 4 3 5 6 4 3 6 6 5
6 5 6 4 6 2 0 6 3 5 3 4 3 4 3 4 2 1 2 3 4 5 2 4 2 3 7 4 3 1 3 4 4 3 4 2 5 6 6 7
10 5 2 10 6 7 6 0 7 9 4 5 4 2 3 8 7 6 6 5 10 1 5 4 6 7 8 9 8 6 7 5 10 3 2 6 10 5 5 12
3 2 5 3 4 2 3 7 0 2 2 2 5 6 4 1 6 4 5 6 4 6 5 3 1 6 4 2 6 3 0 3 4 5 5 5 4 5 5 5
1 4 7 2 5 3 5 9 2 0 5 4 7 8 6 1 7 6 7 8 4 8 7 5 3 8 4 1 7 4 2 5 4 7 8 7 2 6 6 3
6 2 3 5 4 3 3 4 2 5 0 2 3 3 1 3 5 3 4 4 6 4 3 2 1 5 5 5 5 3 2 2 6 3 3 4 6 4 4 7
5 1 3 5 3 3 4 5 2 4 2 0 4 5 2 3 6 4 5 6 6 5 5 1 2 7 3 4 7 4 1 1 6 4 5 5 6 3 3 7
8 5 4 7 6 5 3 4 5 7 3 4 0 2 2 6 3 2 2 2 7 3 2 4 3 4 7 7 4 3 5 4 6 0 1 2 8 6 6 9
9 5 3 8 6 6 4 2 6 8 3 5 2 0 2 7 4 4 4 3 8 2 3 4 4 5 8 8 6 5 6 4 8 1 0 4 9 5 5 11
7 3 2 7 4 4 3 3 4 6 1 2 2 2 0 5 5 4 4 4 7 2 4 2 3 6 5 6 6 4 4 2 7 2 2 4 7 3 3 9
3 3 6 2 5 2 4 8 1 1 3 3 6 7 5 0 6 4 5 7 4 7 5 4 2 7 4 1 6 3 1 4 4 6 6 6 3 5 5 4
8 7 7 6 9 4 2 7 6 7 5 6 3 4 5 6 0 2 1 2 5 6 1 6 4 1 9 7 1 3 6 6 5 3 4 1 7 8 8 9
7 5 6 5 7 3 1 6 4 6 3 4 2 4 4 4 2 0 1 3 4 6 1 5 3 2 8 5 2 1 4 5 4 3 4 1 6 7 7 8
8 6 6 6 8 4 2 6 5 7 4 5 2 4 4 5 1 1 0 2 5 5 1 6 4 2 8 6 2 2 5 5 5 3 4 0 7 7 7 9
9 7 6 7 8 5 3 5 6 8 4 6 2 3 4 7 2 3 2 0 7 5 1 6 5 2 9 8 3 4 6 6 6 2 3 1 8 8 8 10
4 7 9 2 8 3 4 10 4 4 6 6 7 8 7 4 5 4 5 7 0 9 6 7 4 5 8 3 4 3 5 7 1 7 8 5 2 9 9 4
9 5 2 9 5 7 5 1 6 8 4 5 3 2 2 7 6 6 5 5 9 0 5 4 5 7 7 8 8 6 6 4 9 3 2 5 10 4 4 11
8 6 6 6 7 4 2 5 5 7 3 5 2 3 4 5 1 1 1 1 6 5 0 5 4 2 8 6 3 3 5 5 5 2 3 0 7 7 7 9
6 1 2 6 2 4 4 4 3 5 2 1 4 4 2 4 6 5 6 6 7 4 5 0 3 7 4 5 7 4 3 0 7 4 4 6 7 2 2 8
5 3 4 4 4 2 2 6 1 3 1 2 3 4 3 2 4 3 4 5 4 5 4 3 0 5 5 3 5 2 1 2 4 4 4 4 5 5 5 6
9 8 8 6 9 5 3 7 6 8 5 7 4 5 6 7 1 2 2 2 5 7 2 7 5 0 10 7 1 4 6 7 5 4 5 2 7 9 9 9
4 3 5 6 2 6 7 8 4 4 5 3 7 8 5 4 9 8 8 9 8 7 8 4 5 10 0 5 10 6 3 3 8 7 8 8 6 3 3 6
2 4 7 2 6 2 4 9 2 1 5 4 7 8 6 1 7 5 6 8 3 8 6 5 3 7 5 0 6 4 2 5 4 7 8 6 2 6 6 3
8 8 8 6 9 4 3 8 6 7 5 7 4 6 6 6 1 2 2 3 4 8 3 7 5 1 10 6 0 3 6 7 4 5 6 2 7 9 9 9
5 4 6 4 6 1 1 6 3 4 3 4 3 5 4 3 3 1 2 4 3 6 3 4 2 4 6 4 3 0 3 4 3 4 5 3 5 6 6 6
4 2 5 4 4 2 3 7 0 2 2 1 5 6 4 1 6 4 5 6 5 6 5 3 1 6 3 2 6 3 0 2 5 5 5 5 4 4 4 5
6 1 3 6 2 4 4 5 3 5 2 1 4 4 2 4 6 5 5 6 7 4 5 0 2 7 3 5 7 4 2 0 7 4 4 5 6 2 2 7
5 7 9 2 9 3 4 10 4 4 6 6 6 8 7 4 5 4 5 6 1 9 5 7 4 5 8 4 4 3 5 7 0 7 8 5 3 9 9 5
8 5 4 7 6 5 3 3 5 7 3 4 0 1 2 6 3 3 3 2 7 3 2 4 4 4 7 7 5 4 5 4 7 0 1 2 8 6 6 10
9 5 3 8 6 6 4 2 5 8 3 5 1 0 2 6 4 4 4 3 8 2 3 4 4 5 8 8 6 5 5 4 8 1 0 3 9 5 5 10
8 6 6 6 8 4 2 6 5 7 4 5 2 4 4 6 1 1 0 1 5 5 0 6 4 2 8 6 2 3 5 5 5 2 3 0 7 8 8 9
2 6 9 1 8 3 5 10 4 2 6 6 8 9 7 3 7 6 7 8 2 10 7 7 5 7 6 2 7 5 4 6 3 8 9 7 0 8 8 2
7 2 2 8 1 6 6 5 5 6 4 3 6 5 3 5 8 7 7 8 9 4 7 2 5 9 3 6 9 6 4 2 9 6 5 8 8 0 0 9
7 2 2 8 1 6 6 5 5 6 4 3 6 5 3 5 8 7 7 8 9 4 7 2 5 9 3 6 9 6 4 2 9 6 5 8 8 0 0 9
2 7 10 3 8 5 7 12 5 3 7 7 9 11 9 4 9 8 9 10 4 11 9 8 6 9 6 3 9 6 5 7 5 10 10 9 2 9 9 0
,
0 27 27 17 24 17 26 43 18 4 35 20 22 55 38 11 61 37 28 51 12 70 46 20 13 45 25 10 39 38 21 19 21 47 44 57 11 50 21 14
29 0 15 28 12 28 22 24 9 28 6 5 28 16 17 9 33 37 23 40 19 17 20 6 16 25 8 16 20 32 10 3 20 15 26 42 41 11 8 35
34 19 0 50 17 41 26 10 34 20 16 11 27 11 7 32 34 33 42 16 65 12 30 15 26 53 25 52 55 17 25 12 29 23 13 43 37 13 7 51
15 15 49 0 48 13 28 32 24 9 37 36 21 39 41 18 28 34 27 48 9 55 26 24 28 38 25 10 22 15 26 41 6 48 36 19 4 28 42 16
36 13 18 33 0 37 32 27 32 23 14 13 43 27 23 13 37 30 53 40 60 22 31 10 25 35 7 32 68 34 16 10 44 23 29 48 49 7 7 43
15 14 47 11 41 0 15 26 6 15 12 15 12 32 32 12 27 17 18 39 12 42 20 14 10 30 29 13 31 9 15 24 15 30 34 18 20 17 25 17
44 30 29 28 42 14 0 38 21 32 17 13 13 20 13 15 10 4 6 16 13 24 7 12 13 12 48 31 21 5 14 14 13 11 23 7 38 36 29 22
61 19 13 42 35 40 16 0 20 54 21 27 20 9 9 24 32 18 16 32 68 2 37 25 25 19 35 65 22 35 37 30 43 22 11 23 40 27 20 73
18 12 28 21 22 7 15 31 0 12 10 10 13 27 17 5 26 29 32 37 24 22 35 12 7 35 19 7 38 18 2 13 21 13 16 19 12 20 29 19
5 21 45 12 22 11 34 41 14 0 34 23 28 50 42 8 21 37 34 30 21 30 20 32 20 28 29 3 28 15 16 16 16 19 54 49 10 32 35 9
26 13 10 35 15 19 10 15 8 28 0 9 12 22 5 14 34 13 16 32 31 21 23 9 9 39 13 21 14 18 12 6 41 14 9 13 26 16 15 24
34 5 11 34 19 10 19 35 9 26 5 0 25 21 8 16 19 14 35 27 32 13 18 5 10 26 10 13 31 23 9 4 27 26 15 39 16 10 10 27
40 25 13 30 44 19 12 19 22 19 19 28 0 8 17 27 12 10 11 12 34 24 10 24 16 27 50 25 27 19 35 17 18 3 5 12 32 17 19 53
24 36 11 27 26 20 15 13 30 26 10 16 6 0 16 44 13 29 23 21 60 8 23 19 31 34 28 19 22 15 34 13 22 5 1 17 39 14 33 48
51 20 16 30 15 13 20 13 11 26 6 8 13 9 0 24 34 11 22 32 39 6 24 5 17 32 36 28 18 25 12 9 35 8 14 15 21 25 26 26
9 11 17 8 32 9 22 45 7 9 20 17 22 43 17 0 19 17 23 35 11 42 19 23 14 33 26 7 30 13 5 10 18 31 19 21 13 26 22 11
59 48 26 17 28 18 11 43 33 35 15 34 19 29 31 30 0 12 2 10 21 43 10 39 25 3 50 20 6 13 26 43 25 16 15 6 35 25 54 45
36 15 39 25 26 8 2 32 17 36 12 28 9 18 12 24 11 0 5 18 11 32 6 26 16 6 40 32 7 7 19 20 27 17 18 9 18 50 40 44
20 36 34 36 29 26 12 17 30 17 13 22 10 23 26 24 5 3 0 8 17 38 2 36 26 13 22 39 12 14 31 32 28 19 18 2 42 33 20 32
50 21 16 25 58 26 12 26 23 28 25 24 6 12 20 39 7 12 11 0 21 17 9 35 27 18 59 54 13 21 43 40 39 17 9 6 56 29 20 72
31 49 51 6 29 9 17 46 21 27 37 18 25 45 33 23 19 21 19 35 0 59 17 37 20 34 27 17 15 20 16 46 3 39 38 39 10 29 48 31
46 14 10 41 29 37 34 3 32 53 19 21 8 13 17 23 39 33 18 24 39 0 33 12 13 48 45 36 24 34 37 30 35 11 13 39 37 16 31 32
56 28 26 35 51 16 7 36 21 45 17 34 7 18 20 25 6 4 4 4 20 26 0 28 21 15 49 17 15 17 34 30 27 14 18 3 51 50 25 40
40 6 14 20 10 23 31 19 12 37 9 4 23 21 10 11 44 26 33 26 34 13 29 0 17 29 26 24 51 15 16 3 25 27 18 18 22 7 8 24
17 13 20 23 19 9 10 42 8 22 8 7 16 12 9 8 33 14 11 16 20 14 26 13 0 29 33 10 13 6 8 16 12 14 25 20 24 15 21 24
25 24 38 46 61 13 17 44 43 37 15 21 22 24 37 44 6 7 11 6 17 30 17 45 36 0 36 41 3 25 21 38 23 11 32 6 55 67 52 41
14 10 39 23 15 29 41 28 20 15 16 20 32 27 39 12 25 21 23 40 32 33 22 21 18 30 0 24 49 44 16 14 53 36 44 40 37 22 12 43
6 25 31 8 24 10 29 66 15 4 22 17 40 39 18 5 22 36 39 46 22 62 19 28 10 25 25 0 20 11 12 26 24 50 43 32 7 38 19 19
51 23 56 34 54 22 10 33 22 49 35 34 29 38 17 17 9 7 9 15 31 25 15 33 17 5 31 22 0 20 40 18 15 18 38 10 44 57 30 51
21 20 40 16 21 4 2 43 13 13 12 22 20 22 16 20 21 8 8 12 12 34 9 23 13 15 19 20 16 0 21 19 19 22 25 12 25 47 23 41
15 12 21 20 10 14 24 44 1 13 9 9 34 18 25 7 22 24 36 18 33 27 23 19 9 37 12 11 22 13 0 11 29 12 15 39 28 20 20 35
27 3 18 37 13 15 22 14 12 24 5 5 15 23 15 10 25 20 34 34 47 24 28 3 14 38 19 13 34 24 12 0 22 14 18 38 39 13 15 50
25 36 57 14 61 13 12 24 12 27 41 17 25 39 43 29 27 15 30 27 4 36 26 42 31 34 35 26 16 22 32 20 0 22 25 17 22 33 35 13
29 35 27 49 32 23 18 17 33 48 9 29 1 8 7 34 8 10 8 14 43 20 12 21 27 12 20 48 35 13 26 16 20 0 6 15 44 33 29 47
46 32 14 55 38 18 13 14 35 51 12 33 6 1 10 32 29 15 21 20 46 12 14 17 26 34 21 30 28 27 40 18 52 4 0 11 47 15 41 44
59 32 21 31 51 24 11 27 23 29 26 21 13 16 21 17 2 3 1 7 14 25 2 39 22 9 22 21 14 9 24 16 19 14 22 0 30 48 47 39
11 39 35 4 46 24 27 58 26 6 34 16 58 65 20 11 46 38 44 53 12 40 52 42 19 36 46 11 41 32 25 41 18 23 59 35 0 57 40 8
40 15 18 47 5 18 24 27 34 33 19 17 31 31 18 26 33 52 25 20 62 23 28 7 32 28 10 33 52 26 22 7 25 35 16 47 41 0 0 42
31 15 13 23 3 34 17 31 13 22 20 21 18 39 16 19 24 49 39 42 58 17 28 9 17 68 20 46 59 36 28 12 28 15 18 23 36 0 0 40
14 36 58 20 34 25 53 34 38 7 25 45 52 62 57 25 59 38 32 55 12 58 44 44 18 60 26 14 39 21 19 50 15 44 63 56 10 66 62 0