7
40
,
0 (47.0, 12.0) 19.0
1 (35.0, 34.0) 18.0
2 (24.0, 46.0) 14.0
3 (35.0, 6.0) 10.0
4 (40.0, 42.0) 11.0
5 (28.0, 15.0) 40.0
6 (18.0, 19.0) 33.0
7 (12.0, 48.0) 12.0
8 (33.0, 22.0) 17.0
9 (42.0, 15.0) 18.0
10 (24.0, 30.0) 28.0
11 (32.0, 31.0) 15.0
12 (11.0, 30.0) 31.0
13 (10.0, 38.0) 20.0
14 (21.0, 36.0) 42.0
15 (36.0, 18.0) 31.0
16 (6.0, 16.0) 20.0
17 (14.0, 18.0) 26.0
18 (9.0, 19.0) 27.0
19 (3.0, 24.0) 17.0
20 (28.0, 2.0) 29.0
21 (14.0, 46.0) 20.0
22 (9.0, 22.0) 14.0
23 (30.0, 37.0) 24.0
24 (27.0, 24.0) 17.0
25 (4.0, 12.0) 42.0
26 (48.0, 34.0) 29.0
27 (39.0, 13.0) 14.0
28 (7.0, 9.0) 27.0
29 (21.0, 17.0) 48.0
30 (34.0, 24.0) 44.0
31 (31.0, 35.0) 17.0
32 (25.0, 2.0) 22.0
33 (11.0, 32.0) 13.0
34 (10.0, 37.0) 13.0
35 (8.0, 20.0) 40.0
36 (40.0, 4.0) 10.0
37 (36.0, 45.0) 33.0
38 (36.0, 45.0) 26.0
39 (50.0, 3.0) 18.0
,
0 5 8 3 6 4 6 10 3 1 6 5 8 9 7 3 8 7 8 9 4 9 8 6 5 9 4 2 8 5 4 6 5 8 9 8 2 7 7 2
5 0 3 6 2 4 5 5 2 4 2 1 5 5 3 3 7 5 6 7 7 5 6 1 3 8 3 4 8 4 2 1 7 5 5 6 6 2 2 7
8 3 0 8 3 6 6 2 5 7 3 3 4 3 2 6 7 6 6 6 9 2 6 2 4 8 5 7 8 6 5 3 9 4 3 6 9 2 2 10
3 6 8 0 7 2 4 10 3 2 5 5 7 8 7 2 6 5 6 7 2 9 6 6 4 6 6 2 6 4 4 6 2 7 8 6 1 8 8 3
6 2 3 7 0 6 6 6 4 5 4 3 6 6 4 5 9 7 8 8 8 5 7 2 4 9 2 6 9 6 4 2 9 6 6 8 8 1 1 8
4 4 6 2 6 0 2 7 2 3 3 3 5 6 4 2 4 3 4 5 3 7 4 4 2 5 6 2 4 1 2 4 3 5 6 4 3 6 6 5
6 5 6 4 6 2 0 6 3 5 3 4 3 4 3 4 2 1 2 3 4 5 2 4 2 3 7 4 3 1 3 4 4 3 4 2 5 6 6 7
10 5 2 10 6 7 6 0 7 9 4 5 4 2 3 8 7 6 6 5 10 1 5 4 6 7 8 9 8 6 7 5 10 3 2 6 10 5 5 12
3 2 5 3 4 2 3 7 0 2 2 2 5 6 4 1 6 4 5 6 4 6 5 3 1 6 4 2 6 3 0 3 4 5 5 5 4 5 5 5
1 4 7 2 5 3 5 9 2 0 5 4 7 8 6 1 7 6 7 8 4 8 7 5 3 8 4 1 7 4 2 5 4 7 8 7 2 6 6 3
6 2 3 5 4 3 3 4 2 5 0 2 3 3 1 3 5 3 4 4 6 4 3 2 1 5 5 5 5 3 2 2 6 3 3 4 6 4 4 7
5 1 3 5 3 3 4 5 2 4 2 0 4 5 2 3 6 4 5 6 6 5 5 1 2 7 3 4 7 4 1 1 6 4 5 5 6 3 3 7
8 5 4 7 6 5 3 4 5 7 3 4 0 2 2 6 3 2 2 2 7 3 2 4 3 4 7 7 4 3 5 4 6 0 1 2 8 6 6 9
9 5 3 8 6 6 4 2 6 8 3 5 2 0 2 7 4 4 4 3 8 2 3 4 4 5 8 8 6 5 6 4 8 1 0 4 9 5 5 11
7 3 2 7 4 4 3 3 4 6 1 2 2 2 0 5 5 4 4 4 7 2 4 2 3 6 5 6 6 4 4 2 7 2 2 4 7 3 3 9
3 3 6 2 5 2 4 8 1 1 3 3 6 7 5 0 6 4 5 7 4 7 5 4 2 7 4 1 6 3 1 4 4 6 6 6 3 5 5 4
8 7 7 6 9 4 2 7 6 7 5 6 3 4 5 6 0 2 1 2 5 6 1 6 4 1 9 7 1 3 6 6 5 3 4 1 7 8 8 9
7 5 6 5 7 3 1 6 4 6 3 4 2 4 4 4 2 0 1 3 4 6 1 5 3 2 8 5 2 1 4 5 4 3 4 1 6 7 7 8
8 6 6 6 8 4 2 6 5 7 4 5 2 4 4 5 1 1 0 2 5 5 1 6 4 2 8 6 2 2 5 5 5 3 4 0 7 7 7 9
9 7 6 7 8 5 3 5 6 8 4 6 2 3 4 7 2 3 2 0 7 5 1 6 5 2 9 8 3 4 6 6 6 2 3 1 8 8 8 10
4 7 9 2 8 3 4 10 4 4 6 6 7 8 7 4 5 4 5 7 0 9 6 7 4 5 8 3 4 3 5 7 1 7 8 5 2 9 9 4
9 5 2 9 5 7 5 1 6 8 4 5 3 2 2 7 6 6 5 5 9 0 5 4 5 7 7 8 8 6 6 4 9 3 2 5 10 4 4 11
8 6 6 6 7 4 2 5 5 7 3 5 2 3 4 5 1 1 1 1 6 5 0 5 4 2 8 6 3 3 5 5 5 2 3 0 7 7 7 9
6 1 2 6 2 4 4 4 3 5 2 1 4 4 2 4 6 5 6 6 7 4 5 0 3 7 4 5 7 4 3 0 7 4 4 6 7 2 2 8
5 3 4 4 4 2 2 6 1 3 1 2 3 4 3 2 4 3 4 5 4 5 4 3 0 5 5 3 5 2 1 2 4 4 4 4 5 5 5 6
9 8 8 6 9 5 3 7 6 8 5 7 4 5 6 7 1 2 2 2 5 7 2 7 5 0 10 7 1 4 6 7 5 4 5 2 7 9 9 9
4 3 5 6 2 6 7 8 4 4 5 3 7 8 5 4 9 8 8 9 8 7 8 4 5 10 0 5 10 6 3 3 8 7 8 8 6 3 3 6
2 4 7 2 6 2 4 9 2 1 5 4 7 8 6 1 7 5 6 8 3 8 6 5 3 7 5 0 6 4 2 5 4 7 8 6 2 6 6 3
8 8 8 6 9 4 3 8 6 7 5 7 4 6 6 6 1 2 2 3 4 8 3 7 5 1 10 6 0 3 6 7 4 5 6 2 7 9 9 9
5 4 6 4 6 1 1 6 3 4 3 4 3 5 4 3 3 1 2 4 3 6 3 4 2 4 6 4 3 0 3 4 3 4 5 3 5 6 6 6
4 2 5 4 4 2 3 7 0 2 2 1 5 6 4 1 6 4 5 6 5 6 5 3 1 6 3 2 6 3 0 2 5 5 5 5 4 4 4 5
6 1 3 6 2 4 4 5 3 5 2 1 4 4 2 4 6 5 5 6 7 4 5 0 2 7 3 5 7 4 2 0 7 4 4 5 6 2 2 7
5 7 9 2 9 3 4 10 4 4 6 6 6 8 7 4 5 4 5 6 1 9 5 7 4 5 8 4 4 3 5 7 0 7 8 5 3 9 9 5
8 5 4 7 6 5 3 3 5 7 3 4 0 1 2 6 3 3 3 2 7 3 2 4 4 4 7 7 5 4 5 4 7 0 1 2 8 6 6 10
9 5 3 8 6 6 4 2 5 8 3 5 1 0 2 6 4 4 4 3 8 2 3 4 4 5 8 8 6 5 5 4 8 1 0 3 9 5 5 10
8 6 6 6 8 4 2 6 5 7 4 5 2 4 4 6 1 1 0 1 5 5 0 6 4 2 8 6 2 3 5 5 5 2 3 0 7 8 8 9
2 6 9 1 8 3 5 10 4 2 6 6 8 9 7 3 7 6 7 8 2 10 7 7 5 7 6 2 7 5 4 6 3 8 9 7 0 8 8 2
7 2 2 8 1 6 6 5 5 6 4 3 6 5 3 5 8 7 7 8 9 4 7 2 5 9 3 6 9 6 4 2 9 6 5 8 8 0 0 9
7 2 2 8 1 6 6 5 5 6 4 3 6 5 3 5 8 7 7 8 9 4 7 2 5 9 3 6 9 6 4 2 9 6 5 8 8 0 0 9
2 7 10 3 8 5 7 12 5 3 7 7 9 11 9 4 9 8 9 10 4 11 9 8 6 9 6 3 9 6 5 7 5 10 10 9 2 9 9 0
,
0 14 39 9 45 26 32 52 9 8 15 29 58 50 35 7 60 20 24 54 17 45 24 26 23 41 12 8 40 39 19 19 25 55 56 59 6 43 19 5
31 0 9 38 9 14 27 21 9 28 11 5 34 29 14 10 27 25 21 26 41 35 39 6 9 27 16 16 51 20 10 3 34 29 34 28 32 10 8 40
44 8 0 45 16 16 28 11 16 44 10 18 13 17 13 26 23 16 38 36 34 13 28 11 27 29 18 31 27 39 25 10 60 28 12 45 64 8 10 48
14 25 44 0 41 8 14 68 20 11 28 26 41 21 34 11 16 23 34 24 7 66 40 30 27 31 30 7 19 24 11 29 6 43 55 22 7 54 36 20
21 11 22 37 0 20 44 33 30 15 26 13 44 37 17 22 55 38 24 27 52 34 46 14 29 68 13 30 51 44 21 13 44 22 33 34 33 3 6 26
13 20 24 14 21 0 11 22 7 12 20 17 20 31 17 7 29 17 25 15 8 34 29 20 8 20 35 15 24 10 10 20 8 24 23 20 23 37 34 24
21 33 28 21 21 16 0 22 15 13 14 20 7 17 18 17 12 2 12 13 13 31 6 26 15 18 41 20 16 2 23 20 26 19 14 14 33 30 28 35
31 33 14 64 40 33 28 0 44 38 27 29 27 13 20 24 33 39 28 38 36 3 29 27 33 43 26 65 37 23 40 20 69 8 10 26 42 14 30 37
18 17 37 9 24 9 15 37 0 14 6 10 29 39 21 4 37 10 18 18 22 45 13 22 9 46 26 9 30 10 3 8 23 33 29 36 11 31 25 20
4 27 26 9 19 15 32 26 6 0 13 17 41 27 33 5 31 27 18 46 11 47 37 20 12 50 17 5 26 31 8 27 12 53 54 38 7 23 41 9
34 6 14 28 20 20 13 18 11 30 0 8 15 12 9 20 30 13 14 29 22 23 19 11 9 16 17 14 25 16 11 9 24 19 9 19 17 23 27 20
22 4 16 32 12 15 21 38 13 15 11 0 12 17 10 13 41 30 37 26 18 27 36 6 5 47 18 21 29 14 4 5 32 19 25 32 30 12 21 31
21 31 13 34 29 18 12 18 33 26 15 31 0 7 13 32 9 8 17 11 36 23 6 20 25 16 21 28 28 11 26 13 36 2 8 15 20 30 25 45
44 33 13 31 38 35 20 7 42 58 13 14 9 0 8 23 27 13 26 19 57 8 21 23 15 22 40 29 31 30 24 13 52 4 1 12 27 20 28 28
40 8 14 46 13 16 13 9 17 34 4 11 11 14 0 34 28 15 24 14 42 18 16 6 17 38 29 21 36 25 13 11 26 13 16 24 52 12 10 53
8 17 21 16 26 7 22 35 7 8 19 14 16 26 32 0 43 13 36 41 24 49 26 18 14 43 22 5 41 11 4 13 19 21 22 27 9 26 33 29
50 20 20 44 47 30 8 28 18 52 17 22 16 17 15 30 0 9 5 5 38 32 6 46 26 6 57 31 4 10 23 23 13 23 15 6 44 51 26 44
31 15 19 34 50 11 6 36 24 32 18 32 7 30 23 32 7 0 3 8 21 33 8 24 21 16 51 20 9 7 22 25 13 10 15 5 17 31 42 21
26 42 44 21 57 23 13 27 26 49 14 39 14 26 23 39 3 4 0 11 21 35 2 41 26 5 57 38 8 12 20 18 28 13 23 2 40 35 48 62
49 29 41 51 53 15 15 20 39 34 18 24 13 21 26 37 6 11 8 0 30 35 8 32 20 17 52 54 23 19 37 45 35 11 19 5 26 28 54 39
24 23 33 9 60 7 27 30 12 13 35 40 26 40 19 25 18 19 32 32 0 38 26 30 32 35 51 22 25 23 30 38 3 31 43 33 10 29 33 25
71 23 11 27 33 48 39 4 19 47 15 29 19 5 15 50 31 27 27 26 49 0 25 14 32 24 50 56 54 40 30 11 24 20 11 29 44 30 33 47
55 35 35 34 50 18 6 24 25 30 16 17 9 14 11 22 6 7 3 4 37 22 0 28 13 11 21 23 9 17 20 19 14 15 14 2 52 30 53 63
36 7 9 30 15 16 28 13 12 31 9 4 29 24 5 18 37 18 25 23 24 21 24 0 9 40 16 30 43 15 7 1 27 21 25 15 17 12 12 53
25 15 16 16 21 11 13 15 6 25 6 11 23 13 18 6 30 16 22 22 15 22 18 19 0 37 16 15 30 6 6 17 29 14 14 14 21 33 14 35
30 54 23 43 57 33 15 34 29 51 15 46 14 36 31 42 4 10 6 9 17 23 11 30 35 0 42 39 5 15 21 43 28 26 36 7 25 36 57 40
30 9 31 26 12 15 35 57 19 12 23 13 27 53 28 18 44 40 60 39 51 43 52 20 31 29 0 14 30 40 17 20 20 44 52 49 42 24 17 38
7 22 22 11 42 16 18 28 12 5 22 19 27 21 21 4 18 23 31 31 11 29 46 28 9 30 12 0 39 18 10 16 17 31 29 26 10 43 20 13
54 51 22 19 33 23 17 46 41 40 32 19 22 40 43 42 6 16 14 21 15 22 19 38 21 2 38 37 0 13 45 27 26 28 25 14 29 40 66 59
39 26 38 11 23 6 5 29 12 23 12 23 13 18 15 12 15 5 17 18 13 44 13 16 6 26 26 25 9 0 11 23 11 14 30 20 19 25 17 20
23 11 26 11 26 10 11 39 3 17 8 7 19 37 26 6 42 13 25 18 13 16 18 17 10 46 17 18 41 15 0 6 28 19 15 14 28 19 11 14
23 5 8 29 16 26 30 31 13 31 5 4 17 25 15 15 28 25 16 35 19 26 22 2 14 40 9 25 34 15 10 0 29 18 21 22 29 13 9 41
25 27 51 8 43 18 26 48 16 21 17 29 40 46 34 27 32 18 31 28 3 53 23 24 18 22 49 23 16 18 29 38 0 40 44 25 19 28 35 17
27 21 27 19 40 15 18 11 27 21 11 15 1 7 13 22 23 11 15 8 46 16 6 12 11 32 44 33 29 16 21 14 30 0 8 13 20 27 32 28
40 27 17 34 17 32 25 6 17 56 22 13 8 1 11 18 11 11 22 21 31 10 10 27 28 31 56 53 25 13 22 23 39 3 0 21 53 21 19 61
28 34 40 40 25 22 13 30 18 35 18 16 15 24 12 34 5 7 2 6 21 18 1 19 10 5 30 18 8 16 15 23 23 15 10 0 35 33 45 63
7 27 60 4 23 17 30 70 25 12 45 19 48 43 21 9 28 23 21 62 12 65 29 18 28 20 41 9 39 31 27 34 15 46 63 46 0 53 36 14
24 13 7 23 5 44 39 26 29 46 21 13 25 18 11 35 22 28 37 52 51 23 38 10 22 57 14 34 46 25 19 11 25 39 36 33 25 0 0 63
30 11 14 43 6 19 19 36 26 40 28 13 41 23 23 32 30 18 25 22 57 12 36 10 14 54 14 16 43 21 19 7 40 31 16 41 36 0 0 66
9 42 34 10 27 36 50 72 28 8 51 39 49 64 50 18 40 51 52 53 28 70 47 37 37 57 17 8 46 42 29 49 32 68 77 23 12 37 63 0