7
40
,
0 (47.0, 12.0) 12.0
1 (35.0, 34.0) 41.0
2 (24.0, 46.0) 22.0
3 (35.0, 6.0) 41.0
4 (40.0, 42.0) 12.0
5 (28.0, 15.0) 45.0
6 (18.0, 19.0) 37.0
7 (12.0, 48.0) 19.0
8 (33.0, 22.0) 26.0
9 (42.0, 15.0) 13.0
10 (24.0, 30.0) 21.0
11 (32.0, 31.0) 11.0
12 (11.0, 30.0) 15.0
13 (10.0, 38.0) 21.0
14 (21.0, 36.0) 17.0
15 (36.0, 18.0) 15.0
16 (6.0, 16.0) 19.0
17 (14.0, 18.0) 18.0
18 (9.0, 19.0) 26.0
19 (3.0, 24.0) 34.0
20 (28.0, 2.0) 19.0
21 (14.0, 46.0) 23.0
22 (9.0, 22.0) 11.0
23 (30.0, 37.0) 22.0
24 (27.0, 24.0) 42.0
25 (4.0, 12.0) 10.0
26 (48.0, 34.0) 35.0
27 (39.0, 13.0) 19.0
28 (7.0, 9.0) 10.0
29 (21.0, 17.0) 16.0
30 (34.0, 24.0) 13.0
31 (31.0, 35.0) 39.0
32 (25.0, 2.0) 34.0
33 (11.0, 32.0) 14.0
34 (10.0, 37.0) 33.0
35 (8.0, 20.0) 46.0
36 (40.0, 4.0) 29.0
37 (36.0, 45.0) 42.0
38 (36.0, 45.0) 10.0
39 (50.0, 3.0) 47.0
,
0 5 8 3 6 4 6 10 3 1 6 5 8 9 7 3 8 7 8 9 4 9 8 6 5 9 4 2 8 5 4 6 5 8 9 8 2 7 7 2
5 0 3 6 2 4 5 5 2 4 2 1 5 5 3 3 7 5 6 7 7 5 6 1 3 8 3 4 8 4 2 1 7 5 5 6 6 2 2 7
8 3 0 8 3 6 6 2 5 7 3 3 4 3 2 6 7 6 6 6 9 2 6 2 4 8 5 7 8 6 5 3 9 4 3 6 9 2 2 10
3 6 8 0 7 2 4 10 3 2 5 5 7 8 7 2 6 5 6 7 2 9 6 6 4 6 6 2 6 4 4 6 2 7 8 6 1 8 8 3
6 2 3 7 0 6 6 6 4 5 4 3 6 6 4 5 9 7 8 8 8 5 7 2 4 9 2 6 9 6 4 2 9 6 6 8 8 1 1 8
4 4 6 2 6 0 2 7 2 3 3 3 5 6 4 2 4 3 4 5 3 7 4 4 2 5 6 2 4 1 2 4 3 5 6 4 3 6 6 5
6 5 6 4 6 2 0 6 3 5 3 4 3 4 3 4 2 1 2 3 4 5 2 4 2 3 7 4 3 1 3 4 4 3 4 2 5 6 6 7
10 5 2 10 6 7 6 0 7 9 4 5 4 2 3 8 7 6 6 5 10 1 5 4 6 7 8 9 8 6 7 5 10 3 2 6 10 5 5 12
3 2 5 3 4 2 3 7 0 2 2 2 5 6 4 1 6 4 5 6 4 6 5 3 1 6 4 2 6 3 0 3 4 5 5 5 4 5 5 5
1 4 7 2 5 3 5 9 2 0 5 4 7 8 6 1 7 6 7 8 4 8 7 5 3 8 4 1 7 4 2 5 4 7 8 7 2 6 6 3
6 2 3 5 4 3 3 4 2 5 0 2 3 3 1 3 5 3 4 4 6 4 3 2 1 5 5 5 5 3 2 2 6 3 3 4 6 4 4 7
5 1 3 5 3 3 4 5 2 4 2 0 4 5 2 3 6 4 5 6 6 5 5 1 2 7 3 4 7 4 1 1 6 4 5 5 6 3 3 7
8 5 4 7 6 5 3 4 5 7 3 4 0 2 2 6 3 2 2 2 7 3 2 4 3 4 7 7 4 3 5 4 6 0 1 2 8 6 6 9
9 5 3 8 6 6 4 2 6 8 3 5 2 0 2 7 4 4 4 3 8 2 3 4 4 5 8 8 6 5 6 4 8 1 0 4 9 5 5 11
7 3 2 7 4 4 3 3 4 6 1 2 2 2 0 5 5 4 4 4 7 2 4 2 3 6 5 6 6 4 4 2 7 2 2 4 7 3 3 9
3 3 6 2 5 2 4 8 1 1 3 3 6 7 5 0 6 4 5 7 4 7 5 4 2 7 4 1 6 3 1 4 4 6 6 6 3 5 5 4
8 7 7 6 9 4 2 7 6 7 5 6 3 4 5 6 0 2 1 2 5 6 1 6 4 1 9 7 1 3 6 6 5 3 4 1 7 8 8 9
7 5 6 5 7 3 1 6 4 6 3 4 2 4 4 4 2 0 1 3 4 6 1 5 3 2 8 5 2 1 4 5 4 3 4 1 6 7 7 8
8 6 6 6 8 4 2 6 5 7 4 5 2 4 4 5 1 1 0 2 5 5 1 6 4 2 8 6 2 2 5 5 5 3 4 0 7 7 7 9
9 7 6 7 8 5 3 5 6 8 4 6 2 3 4 7 2 3 2 0 7 5 1 6 5 2 9 8 3 4 6 6 6 2 3 1 8 8 8 10
4 7 9 2 8 3 4 10 4 4 6 6 7 8 7 4 5 4 5 7 0 9 6 7 4 5 8 3 4 3 5 7 1 7 8 5 2 9 9 4
9 5 2 9 5 7 5 1 6 8 4 5 3 2 2 7 6 6 5 5 9 0 5 4 5 7 7 8 8 6 6 4 9 3 2 5 10 4 4 11
8 6 6 6 7 4 2 5 5 7 3 5 2 3 4 5 1 1 1 1 6 5 0 5 4 2 8 6 3 3 5 5 5 2 3 0 7 7 7 9
6 1 2 6 2 4 4 4 3 5 2 1 4 4 2 4 6 5 6 6 7 4 5 0 3 7 4 5 7 4 3 0 7 4 4 6 7 2 2 8
5 3 4 4 4 2 2 6 1 3 1 2 3 4 3 2 4 3 4 5 4 5 4 3 0 5 5 3 5 2 1 2 4 4 4 4 5 5 5 6
9 8 8 6 9 5 3 7 6 8 5 7 4 5 6 7 1 2 2 2 5 7 2 7 5 0 10 7 1 4 6 7 5 4 5 2 7 9 9 9
4 3 5 6 2 6 7 8 4 4 5 3 7 8 5 4 9 8 8 9 8 7 8 4 5 10 0 5 10 6 3 3 8 7 8 8 6 3 3 6
2 4 7 2 6 2 4 9 2 1 5 4 7 8 6 1 7 5 6 8 3 8 6 5 3 7 5 0 6 4 2 5 4 7 8 6 2 6 6 3
8 8 8 6 9 4 3 8 6 7 5 7 4 6 6 6 1 2 2 3 4 8 3 7 5 1 10 6 0 3 6 7 4 5 6 2 7 9 9 9
5 4 6 4 6 1 1 6 3 4 3 4 3 5 4 3 3 1 2 4 3 6 3 4 2 4 6 4 3 0 3 4 3 4 5 3 5 6 6 6
4 2 5 4 4 2 3 7 0 2 2 1 5 6 4 1 6 4 5 6 5 6 5 3 1 6 3 2 6 3 0 2 5 5 5 5 4 4 4 5
6 1 3 6 2 4 4 5 3 5 2 1 4 4 2 4 6 5 5 6 7 4 5 0 2 7 3 5 7 4 2 0 7 4 4 5 6 2 2 7
5 7 9 2 9 3 4 10 4 4 6 6 6 8 7 4 5 4 5 6 1 9 5 7 4 5 8 4 4 3 5 7 0 7 8 5 3 9 9 5
8 5 4 7 6 5 3 3 5 7 3 4 0 1 2 6 3 3 3 2 7 3 2 4 4 4 7 7 5 4 5 4 7 0 1 2 8 6 6 10
9 5 3 8 6 6 4 2 5 8 3 5 1 0 2 6 4 4 4 3 8 2 3 4 4 5 8 8 6 5 5 4 8 1 0 3 9 5 5 10
8 6 6 6 8 4 2 6 5 7 4 5 2 4 4 6 1 1 0 1 5 5 0 6 4 2 8 6 2 3 5 5 5 2 3 0 7 8 8 9
2 6 9 1 8 3 5 10 4 2 6 6 8 9 7 3 7 6 7 8 2 10 7 7 5 7 6 2 7 5 4 6 3 8 9 7 0 8 8 2
7 2 2 8 1 6 6 5 5 6 4 3 6 5 3 5 8 7 7 8 9 4 7 2 5 9 3 6 9 6 4 2 9 6 5 8 8 0 0 9
7 2 2 8 1 6 6 5 5 6 4 3 6 5 3 5 8 7 7 8 9 4 7 2 5 9 3 6 9 6 4 2 9 6 5 8 8 0 0 9
2 7 10 3 8 5 7 12 5 3 7 7 9 11 9 4 9 8 9 10 4 11 9 8 6 9 6 3 9 6 5 7 5 10 10 9 2 9 9 0
,
0 19 48 7 37 13 23 34 24 5 27 12 54 59 49 11 52 23 44 48 31 32 42 22 26 22 13 11 28 38 25 38 34 23 56 20 7 25 43 7
13 0 13 26 11 16 26 26 9 26 15 5 27 14 18 23 38 20 20 39 44 30 25 7 11 25 8 25 43 17 14 4 23 31 23 41 38 16 12 24
35 19 0 55 20 37 21 10 29 31 19 12 17 20 7 45 44 15 25 34 52 9 14 10 24 37 39 28 56 23 22 14 51 18 9 45 32 11 11 49
13 34 35 0 27 16 13 63 10 9 23 36 47 48 33 16 41 32 33 33 11 23 17 37 24 36 27 10 32 24 13 29 8 53 57 26 4 20 24 10
20 9 18 31 0 35 22 39 30 18 23 14 23 39 19 20 22 35 47 28 49 27 26 14 28 37 16 24 35 32 17 9 47 19 18 41 49 7 5 38
27 21 44 15 34 0 10 41 13 14 13 23 18 38 17 8 31 17 29 29 16 26 23 30 11 28 31 14 27 7 10 23 11 32 24 25 9 18 44 25
32 31 23 21 16 15 0 36 22 14 9 20 7 19 17 23 16 2 6 14 14 27 6 11 10 19 24 22 12 5 20 11 28 10 28 15 22 37 40 37
34 27 11 39 21 47 39 0 43 55 17 23 22 15 12 40 20 35 27 19 38 2 26 22 14 24 43 48 30 44 31 13 62 16 8 31 78 35 28 63
15 11 26 22 29 9 21 33 0 16 12 12 25 16 12 7 27 15 28 26 31 26 35 11 5 32 12 6 24 17 2 10 11 34 28 29 22 24 22 32
7 29 23 16 15 9 20 63 13 0 27 17 50 40 44 7 28 30 33 43 20 38 33 23 17 49 27 3 43 19 9 25 31 29 27 43 14 22 41 8
31 17 20 33 14 14 19 23 7 19 0 4 13 17 7 17 14 18 18 31 37 17 21 12 4 18 24 29 19 16 15 5 36 11 21 13 36 17 15 36
23 4 10 15 8 19 13 17 5 20 6 0 24 34 16 9 34 23 20 39 31 22 29 3 4 32 15 12 27 10 5 3 20 23 18 31 23 10 18 27
40 26 12 32 28 16 7 17 31 48 17 20 0 5 9 38 10 13 14 10 34 16 9 28 10 19 48 42 14 18 30 25 45 1 10 6 37 24 20 44
38 33 13 59 23 40 27 10 28 56 20 23 9 0 8 47 26 30 28 23 57 11 22 14 14 27 36 36 40 19 32 25 54 7 1 10 37 23 28 46
49 9 12 47 15 20 12 18 25 17 5 9 15 13 0 30 35 27 19 20 24 15 21 10 14 31 16 24 33 24 11 6 48 8 10 30 21 21 10 53
9 23 23 17 16 8 26 21 3 10 10 10 22 48 16 0 29 32 32 45 24 28 37 26 11 18 19 5 41 16 7 17 17 20 20 23 15 32 29 24
40 40 35 41 39 28 9 18 25 44 13 27 8 15 36 39 0 11 4 8 22 41 6 38 11 5 58 42 5 9 37 44 33 20 22 4 40 24 22 29
24 24 36 35 46 19 5 36 21 30 11 15 15 11 14 20 6 0 7 8 30 19 7 24 8 16 27 28 16 10 20 36 19 21 16 3 18 44 32 32
56 44 25 21 54 14 5 27 17 41 18 22 14 21 21 35 5 8 0 5 28 39 3 30 27 9 53 31 6 15 32 39 19 12 11 1 49 35 38 31
55 30 36 53 21 30 18 34 25 34 26 25 12 17 19 17 5 11 8 0 19 21 6 15 31 14 32 37 14 17 28 43 25 10 12 9 41 52 48 37
22 27 62 11 27 16 29 68 16 23 29 23 27 41 26 25 39 11 21 49 0 36 21 46 20 26 44 23 20 19 14 28 2 21 48 29 8 35 44 32
51 14 12 53 36 29 20 2 28 38 10 24 9 10 15 47 27 39 16 22 46 0 36 16 28 24 43 22 51 27 23 27 26 7 10 32 53 25 17 54
38 20 35 28 31 19 10 30 26 40 24 32 9 21 20 27 3 6 2 8 23 13 0 31 11 8 55 16 10 13 24 31 27 15 18 3 51 24 43 52
27 4 9 27 12 11 27 11 19 27 11 7 26 11 5 15 20 32 41 21 25 20 29 0 8 41 20 19 42 21 16 2 43 15 25 26 31 8 11 49
25 17 11 19 14 10 12 22 6 20 4 8 15 29 13 9 32 14 28 20 28 31 15 17 0 25 16 20 13 13 10 6 24 18 22 11 27 33 31 31
48 27 36 32 24 12 17 48 39 41 26 34 14 31 41 32 5 12 7 7 16 32 15 31 27 0 66 47 3 11 23 40 24 28 14 8 28 68 34 30
16 12 39 22 16 29 32 40 12 25 30 23 51 43 19 15 25 25 34 61 20 25 55 25 15 45 0 16 47 21 12 12 55 41 41 48 43 19 24 22
5 19 42 9 43 8 25 44 7 5 14 23 44 47 21 8 50 26 24 23 20 42 32 19 12 30 22 0 25 15 14 24 21 38 49 42 8 26 23 17
40 42 23 22 52 30 14 25 22 20 33 25 32 34 24 34 5 7 8 14 20 27 10 46 30 2 27 29 0 24 20 30 10 30 15 6 35 38 49 28
30 20 23 12 25 8 5 37 12 13 13 20 12 20 28 14 15 10 18 15 15 27 9 17 12 18 16 24 20 0 17 25 18 12 33 12 27 31 26 34
10 7 21 21 17 7 16 41 2 7 14 6 28 24 11 8 42 11 34 44 32 41 27 18 9 22 13 8 23 9 0 9 16 29 34 35 30 29 22 37
32 4 7 29 15 24 22 30 10 15 10 6 12 19 11 14 42 32 29 17 37 19 14 1 12 32 16 29 51 18 16 0 29 13 26 19 34 11 15 20
35 40 29 16 54 14 16 71 12 11 33 18 43 42 47 25 13 28 15 27 3 58 27 28 24 12 32 14 15 21 21 40 0 47 31 19 21 33 30 25
54 17 15 45 29 36 20 8 31 52 13 23 2 8 7 35 15 18 17 11 30 13 11 28 16 32 49 49 18 22 14 12 30 0 4 14 33 33 38 68
42 38 23 39 41 34 24 7 28 52 8 13 9 1 6 27 21 17 25 12 28 5 11 21 13 37 34 54 16 22 27 18 24 3 0 21 28 37 32 29
53 33 22 30 52 24 13 33 36 22 24 37 15 20 27 21 4 8 1 3 26 28 1 28 24 9 49 21 9 14 16 33 17 14 21 0 29 54 40 66
15 35 50 6 56 22 25 35 17 12 32 26 54 56 50 8 51 29 46 29 11 74 43 51 30 26 38 11 24 31 13 21 19 25 57 29 0 50 44 14
19 13 10 35 6 31 34 15 31 25 21 16 30 32 22 28 35 33 29 54 61 17 35 11 25 68 22 40 58 27 30 10 56 25 40 20 48 0 0 61
35 7 17 20 7 24 25 24 30 45 26 8 24 21 9 24 39 36 27 40 65 31 39 11 14 68 18 29 65 28 12 13 58 42 33 48 29 0 0 38
12 18 40 19 51 37 32 47 15 14 54 40 30 76 57 27 31 51 53 62 20 32 64 22 45 50 28 17 41 22 26 32 16 65 27 39 10 48 38 0