7
40
,
0 (47.0, 12.0) 16.0
1 (35.0, 34.0) 21.0
2 (24.0, 46.0) 28.0
3 (35.0, 6.0) 20.0
4 (40.0, 42.0) 16.0
5 (28.0, 15.0) 20.0
6 (18.0, 19.0) 27.0
7 (12.0, 48.0) 23.0
8 (33.0, 22.0) 28.0
9 (42.0, 15.0) 23.0
10 (24.0, 30.0) 11.0
11 (32.0, 31.0) 32.0
12 (11.0, 30.0) 14.0
13 (10.0, 38.0) 16.0
14 (21.0, 36.0) 15.0
15 (36.0, 18.0) 16.0
16 (6.0, 16.0) 41.0
17 (14.0, 18.0) 36.0
18 (9.0, 19.0) 22.0
19 (3.0, 24.0) 17.0
20 (28.0, 2.0) 29.0
21 (14.0, 46.0) 11.0
22 (9.0, 22.0) 36.0
23 (30.0, 37.0) 14.0
24 (27.0, 24.0) 27.0
25 (4.0, 12.0) 27.0
26 (48.0, 34.0) 49.0
27 (39.0, 13.0) 32.0
28 (7.0, 9.0) 27.0
29 (21.0, 17.0) 21.0
30 (34.0, 24.0) 22.0
31 (31.0, 35.0) 19.0
32 (25.0, 2.0) 17.0
33 (11.0, 32.0) 36.0
34 (10.0, 37.0) 25.0
35 (8.0, 20.0) 39.0
36 (40.0, 4.0) 21.0
37 (36.0, 45.0) 12.0
38 (36.0, 45.0) 11.0
39 (50.0, 3.0) 18.0
,
0 5 8 3 6 4 6 10 3 1 6 5 8 9 7 3 8 7 8 9 4 9 8 6 5 9 4 2 8 5 4 6 5 8 9 8 2 7 7 2
5 0 3 6 2 4 5 5 2 4 2 1 5 5 3 3 7 5 6 7 7 5 6 1 3 8 3 4 8 4 2 1 7 5 5 6 6 2 2 7
8 3 0 8 3 6 6 2 5 7 3 3 4 3 2 6 7 6 6 6 9 2 6 2 4 8 5 7 8 6 5 3 9 4 3 6 9 2 2 10
3 6 8 0 7 2 4 10 3 2 5 5 7 8 7 2 6 5 6 7 2 9 6 6 4 6 6 2 6 4 4 6 2 7 8 6 1 8 8 3
6 2 3 7 0 6 6 6 4 5 4 3 6 6 4 5 9 7 8 8 8 5 7 2 4 9 2 6 9 6 4 2 9 6 6 8 8 1 1 8
4 4 6 2 6 0 2 7 2 3 3 3 5 6 4 2 4 3 4 5 3 7 4 4 2 5 6 2 4 1 2 4 3 5 6 4 3 6 6 5
6 5 6 4 6 2 0 6 3 5 3 4 3 4 3 4 2 1 2 3 4 5 2 4 2 3 7 4 3 1 3 4 4 3 4 2 5 6 6 7
10 5 2 10 6 7 6 0 7 9 4 5 4 2 3 8 7 6 6 5 10 1 5 4 6 7 8 9 8 6 7 5 10 3 2 6 10 5 5 12
3 2 5 3 4 2 3 7 0 2 2 2 5 6 4 1 6 4 5 6 4 6 5 3 1 6 4 2 6 3 0 3 4 5 5 5 4 5 5 5
1 4 7 2 5 3 5 9 2 0 5 4 7 8 6 1 7 6 7 8 4 8 7 5 3 8 4 1 7 4 2 5 4 7 8 7 2 6 6 3
6 2 3 5 4 3 3 4 2 5 0 2 3 3 1 3 5 3 4 4 6 4 3 2 1 5 5 5 5 3 2 2 6 3 3 4 6 4 4 7
5 1 3 5 3 3 4 5 2 4 2 0 4 5 2 3 6 4 5 6 6 5 5 1 2 7 3 4 7 4 1 1 6 4 5 5 6 3 3 7
8 5 4 7 6 5 3 4 5 7 3 4 0 2 2 6 3 2 2 2 7 3 2 4 3 4 7 7 4 3 5 4 6 0 1 2 8 6 6 9
9 5 3 8 6 6 4 2 6 8 3 5 2 0 2 7 4 4 4 3 8 2 3 4 4 5 8 8 6 5 6 4 8 1 0 4 9 5 5 11
7 3 2 7 4 4 3 3 4 6 1 2 2 2 0 5 5 4 4 4 7 2 4 2 3 6 5 6 6 4 4 2 7 2 2 4 7 3 3 9
3 3 6 2 5 2 4 8 1 1 3 3 6 7 5 0 6 4 5 7 4 7 5 4 2 7 4 1 6 3 1 4 4 6 6 6 3 5 5 4
8 7 7 6 9 4 2 7 6 7 5 6 3 4 5 6 0 2 1 2 5 6 1 6 4 1 9 7 1 3 6 6 5 3 4 1 7 8 8 9
7 5 6 5 7 3 1 6 4 6 3 4 2 4 4 4 2 0 1 3 4 6 1 5 3 2 8 5 2 1 4 5 4 3 4 1 6 7 7 8
8 6 6 6 8 4 2 6 5 7 4 5 2 4 4 5 1 1 0 2 5 5 1 6 4 2 8 6 2 2 5 5 5 3 4 0 7 7 7 9
9 7 6 7 8 5 3 5 6 8 4 6 2 3 4 7 2 3 2 0 7 5 1 6 5 2 9 8 3 4 6 6 6 2 3 1 8 8 8 10
4 7 9 2 8 3 4 10 4 4 6 6 7 8 7 4 5 4 5 7 0 9 6 7 4 5 8 3 4 3 5 7 1 7 8 5 2 9 9 4
9 5 2 9 5 7 5 1 6 8 4 5 3 2 2 7 6 6 5 5 9 0 5 4 5 7 7 8 8 6 6 4 9 3 2 5 10 4 4 11
8 6 6 6 7 4 2 5 5 7 3 5 2 3 4 5 1 1 1 1 6 5 0 5 4 2 8 6 3 3 5 5 5 2 3 0 7 7 7 9
6 1 2 6 2 4 4 4 3 5 2 1 4 4 2 4 6 5 6 6 7 4 5 0 3 7 4 5 7 4 3 0 7 4 4 6 7 2 2 8
5 3 4 4 4 2 2 6 1 3 1 2 3 4 3 2 4 3 4 5 4 5 4 3 0 5 5 3 5 2 1 2 4 4 4 4 5 5 5 6
9 8 8 6 9 5 3 7 6 8 5 7 4 5 6 7 1 2 2 2 5 7 2 7 5 0 10 7 1 4 6 7 5 4 5 2 7 9 9 9
4 3 5 6 2 6 7 8 4 4 5 3 7 8 5 4 9 8 8 9 8 7 8 4 5 10 0 5 10 6 3 3 8 7 8 8 6 3 3 6
2 4 7 2 6 2 4 9 2 1 5 4 7 8 6 1 7 5 6 8 3 8 6 5 3 7 5 0 6 4 2 5 4 7 8 6 2 6 6 3
8 8 8 6 9 4 3 8 6 7 5 7 4 6 6 6 1 2 2 3 4 8 3 7 5 1 10 6 0 3 6 7 4 5 6 2 7 9 9 9
5 4 6 4 6 1 1 6 3 4 3 4 3 5 4 3 3 1 2 4 3 6 3 4 2 4 6 4 3 0 3 4 3 4 5 3 5 6 6 6
4 2 5 4 4 2 3 7 0 2 2 1 5 6 4 1 6 4 5 6 5 6 5 3 1 6 3 2 6 3 0 2 5 5 5 5 4 4 4 5
6 1 3 6 2 4 4 5 3 5 2 1 4 4 2 4 6 5 5 6 7 4 5 0 2 7 3 5 7 4 2 0 7 4 4 5 6 2 2 7
5 7 9 2 9 3 4 10 4 4 6 6 6 8 7 4 5 4 5 6 1 9 5 7 4 5 8 4 4 3 5 7 0 7 8 5 3 9 9 5
8 5 4 7 6 5 3 3 5 7 3 4 0 1 2 6 3 3 3 2 7 3 2 4 4 4 7 7 5 4 5 4 7 0 1 2 8 6 6 10
9 5 3 8 6 6 4 2 5 8 3 5 1 0 2 6 4 4 4 3 8 2 3 4 4 5 8 8 6 5 5 4 8 1 0 3 9 5 5 10
8 6 6 6 8 4 2 6 5 7 4 5 2 4 4 6 1 1 0 1 5 5 0 6 4 2 8 6 2 3 5 5 5 2 3 0 7 8 8 9
2 6 9 1 8 3 5 10 4 2 6 6 8 9 7 3 7 6 7 8 2 10 7 7 5 7 6 2 7 5 4 6 3 8 9 7 0 8 8 2
7 2 2 8 1 6 6 5 5 6 4 3 6 5 3 5 8 7 7 8 9 4 7 2 5 9 3 6 9 6 4 2 9 6 5 8 8 0 0 9
7 2 2 8 1 6 6 5 5 6 4 3 6 5 3 5 8 7 7 8 9 4 7 2 5 9 3 6 9 6 4 2 9 6 5 8 8 0 0 9
2 7 10 3 8 5 7 12 5 3 7 7 9 11 9 4 9 8 9 10 4 11 9 8 6 9 6 3 9 6 5 7 5 10 10 9 2 9 9 0
,
0 34 43 17 26 14 24 60 12 8 36 34 44 36 44 18 47 46 31 68 17 40 31 43 16 63 20 11 58 19 26 22 24 43 45 51 15 30 18 14
30 0 12 41 10 12 24 37 12 12 13 3 22 36 15 9 38 28 36 24 30 30 19 4 18 42 19 22 38 26 14 4 50 16 25 23 41 13 9 51
33 18 0 23 11 30 39 11 20 34 11 9 26 19 8 24 50 42 24 20 27 9 41 9 12 22 16 35 44 23 26 10 44 18 16 31 57 9 9 41
19 24 58 0 47 14 12 30 20 16 35 31 25 56 22 12 28 13 39 49 10 43 16 27 24 22 43 7 17 20 12 36 10 34 50 22 3 39 20 19
29 7 22 36 0 16 36 24 13 20 26 14 27 43 26 30 55 46 39 60 49 14 36 7 32 67 15 37 69 17 20 8 29 35 44 52 44 3 3 33
25 23 45 8 16 0 6 37 12 12 10 21 28 16 14 10 24 8 24 30 12 36 16 12 6 34 21 15 32 10 10 30 13 31 30 17 19 37 41 32
44 26 37 18 21 7 0 17 16 23 18 10 7 18 25 26 17 5 11 21 15 18 12 31 8 13 24 16 18 2 25 28 21 15 14 11 36 26 47 30
29 33 13 66 31 38 30 0 44 61 26 14 17 15 20 28 48 40 25 14 58 3 22 23 22 28 55 43 45 22 22 19 42 20 6 37 48 30 20 32
12 17 32 18 17 12 11 26 0 15 11 8 33 36 10 6 31 28 36 16 19 25 19 10 9 46 21 8 29 17 2 19 32 25 39 16 13 20 29 24
5 26 53 7 22 11 16 52 8 0 34 20 38 25 16 7 41 30 46 42 22 35 40 34 12 41 25 3 41 31 15 31 29 27 56 25 10 45 30 7
26 11 22 33 22 20 16 13 9 16 0 11 12 9 4 12 26 20 11 15 37 14 25 10 6 22 13 20 40 9 9 13 41 7 21 14 32 18 21 23
33 2 10 22 14 15 18 19 7 25 7 0 15 26 14 13 43 16 37 27 27 12 14 9 11 39 11 22 46 22 5 3 31 16 22 28 20 14 10 37
35 18 18 19 43 13 16 19 34 50 13 29 0 8 13 15 14 12 8 14 21 22 9 21 9 12 26 18 23 23 22 24 22 1 9 14 54 15 36 66
27 25 19 31 42 23 26 8 39 34 18 23 11 0 7 36 26 13 15 12 29 8 24 29 14 27 33 43 35 19 19 22 34 8 1 15 56 34 32 31
53 11 10 48 25 20 21 20 14 25 8 6 10 7 0 27 33 21 14 15 40 13 25 6 17 43 33 28 20 15 11 6 44 13 6 15 55 13 20 59
14 14 26 16 19 7 11 21 6 4 24 8 16 23 14 0 38 24 40 44 24 26 19 24 9 28 27 6 27 20 7 25 28 30 18 33 13 32 26 12
62 22 25 19 63 18 15 33 36 29 21 22 16 16 20 30 0 5 6 8 34 36 8 23 28 5 51 27 5 17 22 47 23 11 20 3 29 31 55 38
41 27 38 32 51 17 3 19 18 36 16 31 12 29 12 29 5 0 7 18 16 16 8 14 19 9 31 32 10 8 13 23 24 10 28 4 21 41 46 27
40 30 23 42 45 20 10 28 23 22 28 20 16 21 30 17 4 7 0 9 30 17 3 22 16 9 41 27 9 11 16 20 31 17 11 2 34 50 30 63
24 23 26 38 55 20 14 27 34 41 23 25 14 21 14 40 9 7 9 0 30 26 3 26 21 8 31 30 22 20 43 38 43 8 9 6 44 27 23 52
25 26 60 9 51 17 16 30 19 16 37 41 36 40 39 26 14 19 36 46 0 53 37 40 21 24 22 9 16 15 16 34 2 20 59 18 9 35 53 14
68 31 13 39 28 49 23 2 26 62 15 31 18 12 8 34 19 40 22 22 39 0 35 18 20 50 22 46 46 16 21 12 66 16 14 27 52 22 31 40
21 36 41 24 35 16 9 14 25 27 21 24 4 18 24 26 8 6 4 6 34 32 0 15 25 10 61 38 12 9 21 14 20 8 17 2 28 47 29 48
18 5 6 19 8 20 21 28 18 36 11 6 23 16 8 27 43 34 41 15 42 14 19 0 14 27 20 34 33 18 18 2 49 10 12 32 46 5 10 50
21 12 23 15 25 8 11 34 4 21 9 8 24 13 18 11 13 14 17 22 14 29 22 13 0 14 19 23 35 8 7 15 24 23 31 23 31 25 21 46
40 26 49 40 48 29 13 42 41 23 30 41 16 37 41 34 6 9 5 7 21 42 16 31 28 0 67 44 3 17 20 27 29 17 15 7 51 30 57 27
28 16 40 37 6 16 43 40 11 11 28 9 24 55 33 17 58 29 44 23 53 31 36 10 34 28 0 26 54 28 21 16 59 25 44 63 38 20 17 27
5 11 53 10 27 7 14 60 11 3 22 20 22 55 24 7 45 35 31 52 13 23 37 27 18 23 12 0 39 10 12 29 21 19 26 45 6 21 39 15
40 22 26 15 44 25 9 25 22 45 30 17 14 32 32 31 9 8 11 16 18 30 18 22 18 6 54 16 0 20 45 32 22 32 23 12 49 60 36 24
14 29 17 18 33 8 3 34 13 17 13 19 12 29 16 22 21 10 11 15 19 38 17 28 6 18 23 25 14 0 12 12 19 16 33 13 30 23 33 23
26 9 31 10 24 14 11 47 2 15 17 7 24 33 15 6 25 13 36 23 18 20 14 11 8 28 13 8 27 19 0 12 28 22 29 27 18 18 31 19
33 5 8 25 14 15 26 25 10 25 5 5 26 11 14 19 40 30 20 35 32 22 25 2 7 43 15 23 41 25 12 0 29 17 23 20 47 6 6 49
29 31 61 10 29 13 17 69 12 29 21 28 33 28 26 25 28 10 13 45 2 51 32 40 32 29 29 21 20 9 35 44 0 30 49 28 8 36 54 15
44 15 10 20 43 21 21 11 36 20 18 15 2 7 7 29 20 13 8 10 43 12 15 22 9 19 39 50 34 12 25 12 47 0 6 18 23 35 24 58
32 33 12 48 20 21 14 12 38 20 9 13 6 1 9 48 23 27 10 17 34 9 16 16 15 31 21 34 26 14 19 18 52 4 0 18 43 16 28 69
53 19 16 35 39 23 6 30 29 38 18 21 6 15 27 42 5 5 2 7 22 23 2 20 20 8 50 31 12 11 38 31 16 11 16 0 20 30 50 37
10 43 59 6 35 15 26 36 25 12 19 15 22 64 47 13 24 28 39 36 6 59 46 47 14 40 28 13 30 20 27 31 17 41 27 34 0 25 22 14
44 15 8 49 4 17 31 22 19 46 11 14 26 14 25 39 21 41 35 55 57 15 31 10 13 33 20 28 48 17 14 11 33 38 18 30 31 0 0 51
19 13 14 25 7 22 32 29 20 28 20 16 25 40 20 16 24 51 54 33 35 31 33 13 14 53 13 28 32 33 21 11 53 24 30 53 51 0 0 26
6 30 63 11 54 19 32 47 34 17 48 49 56 47 31 26 51 45 25 44 15 47 43 26 19 55 46 11 54 22 21 30 29 69 56 28 7 43 26 0