7
40
,
0 (47.0, 12.0) 42.0
1 (35.0, 34.0) 34.0
2 (24.0, 46.0) 43.0
3 (35.0, 6.0) 31.0
4 (40.0, 42.0) 24.0
5 (28.0, 15.0) 41.0
6 (18.0, 19.0) 23.0
7 (12.0, 48.0) 13.0
8 (33.0, 22.0) 11.0
9 (42.0, 15.0) 30.0
10 (24.0, 30.0) 36.0
11 (32.0, 31.0) 38.0
12 (11.0, 30.0) 14.0
13 (10.0, 38.0) 18.0
14 (21.0, 36.0) 46.0
15 (36.0, 18.0) 28.0
16 (6.0, 16.0) 28.0
17 (14.0, 18.0) 15.0
18 (9.0, 19.0) 21.0
19 (3.0, 24.0) 48.0
20 (28.0, 2.0) 27.0
21 (14.0, 46.0) 15.0
22 (9.0, 22.0) 35.0
23 (30.0, 37.0) 13.0
24 (27.0, 24.0) 15.0
25 (4.0, 12.0) 49.0
26 (48.0, 34.0) 14.0
27 (39.0, 13.0) 43.0
28 (7.0, 9.0) 24.0
29 (21.0, 17.0) 14.0
30 (34.0, 24.0) 11.0
31 (31.0, 35.0) 25.0
32 (25.0, 2.0) 23.0
33 (11.0, 32.0) 44.0
34 (10.0, 37.0) 25.0
35 (8.0, 20.0) 14.0
36 (40.0, 4.0) 24.0
37 (36.0, 45.0) 20.0
38 (36.0, 45.0) 32.0
39 (50.0, 3.0) 12.0
,
0 5 8 3 6 4 6 10 3 1 6 5 8 9 7 3 8 7 8 9 4 9 8 6 5 9 4 2 8 5 4 6 5 8 9 8 2 7 7 2
5 0 3 6 2 4 5 5 2 4 2 1 5 5 3 3 7 5 6 7 7 5 6 1 3 8 3 4 8 4 2 1 7 5 5 6 6 2 2 7
8 3 0 8 3 6 6 2 5 7 3 3 4 3 2 6 7 6 6 6 9 2 6 2 4 8 5 7 8 6 5 3 9 4 3 6 9 2 2 10
3 6 8 0 7 2 4 10 3 2 5 5 7 8 7 2 6 5 6 7 2 9 6 6 4 6 6 2 6 4 4 6 2 7 8 6 1 8 8 3
6 2 3 7 0 6 6 6 4 5 4 3 6 6 4 5 9 7 8 8 8 5 7 2 4 9 2 6 9 6 4 2 9 6 6 8 8 1 1 8
4 4 6 2 6 0 2 7 2 3 3 3 5 6 4 2 4 3 4 5 3 7 4 4 2 5 6 2 4 1 2 4 3 5 6 4 3 6 6 5
6 5 6 4 6 2 0 6 3 5 3 4 3 4 3 4 2 1 2 3 4 5 2 4 2 3 7 4 3 1 3 4 4 3 4 2 5 6 6 7
10 5 2 10 6 7 6 0 7 9 4 5 4 2 3 8 7 6 6 5 10 1 5 4 6 7 8 9 8 6 7 5 10 3 2 6 10 5 5 12
3 2 5 3 4 2 3 7 0 2 2 2 5 6 4 1 6 4 5 6 4 6 5 3 1 6 4 2 6 3 0 3 4 5 5 5 4 5 5 5
1 4 7 2 5 3 5 9 2 0 5 4 7 8 6 1 7 6 7 8 4 8 7 5 3 8 4 1 7 4 2 5 4 7 8 7 2 6 6 3
6 2 3 5 4 3 3 4 2 5 0 2 3 3 1 3 5 3 4 4 6 4 3 2 1 5 5 5 5 3 2 2 6 3 3 4 6 4 4 7
5 1 3 5 3 3 4 5 2 4 2 0 4 5 2 3 6 4 5 6 6 5 5 1 2 7 3 4 7 4 1 1 6 4 5 5 6 3 3 7
8 5 4 7 6 5 3 4 5 7 3 4 0 2 2 6 3 2 2 2 7 3 2 4 3 4 7 7 4 3 5 4 6 0 1 2 8 6 6 9
9 5 3 8 6 6 4 2 6 8 3 5 2 0 2 7 4 4 4 3 8 2 3 4 4 5 8 8 6 5 6 4 8 1 0 4 9 5 5 11
7 3 2 7 4 4 3 3 4 6 1 2 2 2 0 5 5 4 4 4 7 2 4 2 3 6 5 6 6 4 4 2 7 2 2 4 7 3 3 9
3 3 6 2 5 2 4 8 1 1 3 3 6 7 5 0 6 4 5 7 4 7 5 4 2 7 4 1 6 3 1 4 4 6 6 6 3 5 5 4
8 7 7 6 9 4 2 7 6 7 5 6 3 4 5 6 0 2 1 2 5 6 1 6 4 1 9 7 1 3 6 6 5 3 4 1 7 8 8 9
7 5 6 5 7 3 1 6 4 6 3 4 2 4 4 4 2 0 1 3 4 6 1 5 3 2 8 5 2 1 4 5 4 3 4 1 6 7 7 8
8 6 6 6 8 4 2 6 5 7 4 5 2 4 4 5 1 1 0 2 5 5 1 6 4 2 8 6 2 2 5 5 5 3 4 0 7 7 7 9
9 7 6 7 8 5 3 5 6 8 4 6 2 3 4 7 2 3 2 0 7 5 1 6 5 2 9 8 3 4 6 6 6 2 3 1 8 8 8 10
4 7 9 2 8 3 4 10 4 4 6 6 7 8 7 4 5 4 5 7 0 9 6 7 4 5 8 3 4 3 5 7 1 7 8 5 2 9 9 4
9 5 2 9 5 7 5 1 6 8 4 5 3 2 2 7 6 6 5 5 9 0 5 4 5 7 7 8 8 6 6 4 9 3 2 5 10 4 4 11
8 6 6 6 7 4 2 5 5 7 3 5 2 3 4 5 1 1 1 1 6 5 0 5 4 2 8 6 3 3 5 5 5 2 3 0 7 7 7 9
6 1 2 6 2 4 4 4 3 5 2 1 4 4 2 4 6 5 6 6 7 4 5 0 3 7 4 5 7 4 3 0 7 4 4 6 7 2 2 8
5 3 4 4 4 2 2 6 1 3 1 2 3 4 3 2 4 3 4 5 4 5 4 3 0 5 5 3 5 2 1 2 4 4 4 4 5 5 5 6
9 8 8 6 9 5 3 7 6 8 5 7 4 5 6 7 1 2 2 2 5 7 2 7 5 0 10 7 1 4 6 7 5 4 5 2 7 9 9 9
4 3 5 6 2 6 7 8 4 4 5 3 7 8 5 4 9 8 8 9 8 7 8 4 5 10 0 5 10 6 3 3 8 7 8 8 6 3 3 6
2 4 7 2 6 2 4 9 2 1 5 4 7 8 6 1 7 5 6 8 3 8 6 5 3 7 5 0 6 4 2 5 4 7 8 6 2 6 6 3
8 8 8 6 9 4 3 8 6 7 5 7 4 6 6 6 1 2 2 3 4 8 3 7 5 1 10 6 0 3 6 7 4 5 6 2 7 9 9 9
5 4 6 4 6 1 1 6 3 4 3 4 3 5 4 3 3 1 2 4 3 6 3 4 2 4 6 4 3 0 3 4 3 4 5 3 5 6 6 6
4 2 5 4 4 2 3 7 0 2 2 1 5 6 4 1 6 4 5 6 5 6 5 3 1 6 3 2 6 3 0 2 5 5 5 5 4 4 4 5
6 1 3 6 2 4 4 5 3 5 2 1 4 4 2 4 6 5 5 6 7 4 5 0 2 7 3 5 7 4 2 0 7 4 4 5 6 2 2 7
5 7 9 2 9 3 4 10 4 4 6 6 6 8 7 4 5 4 5 6 1 9 5 7 4 5 8 4 4 3 5 7 0 7 8 5 3 9 9 5
8 5 4 7 6 5 3 3 5 7 3 4 0 1 2 6 3 3 3 2 7 3 2 4 4 4 7 7 5 4 5 4 7 0 1 2 8 6 6 10
9 5 3 8 6 6 4 2 5 8 3 5 1 0 2 6 4 4 4 3 8 2 3 4 4 5 8 8 6 5 5 4 8 1 0 3 9 5 5 10
8 6 6 6 8 4 2 6 5 7 4 5 2 4 4 6 1 1 0 1 5 5 0 6 4 2 8 6 2 3 5 5 5 2 3 0 7 8 8 9
2 6 9 1 8 3 5 10 4 2 6 6 8 9 7 3 7 6 7 8 2 10 7 7 5 7 6 2 7 5 4 6 3 8 9 7 0 8 8 2
7 2 2 8 1 6 6 5 5 6 4 3 6 5 3 5 8 7 7 8 9 4 7 2 5 9 3 6 9 6 4 2 9 6 5 8 8 0 0 9
7 2 2 8 1 6 6 5 5 6 4 3 6 5 3 5 8 7 7 8 9 4 7 2 5 9 3 6 9 6 4 2 9 6 5 8 8 0 0 9
2 7 10 3 8 5 7 12 5 3 7 7 9 11 9 4 9 8 9 10 4 11 9 8 6 9 6 3 9 6 5 7 5 10 10 9 2 9 9 0
,
0 25 43 9 18 28 25 52 16 4 32 15 38 67 21 12 47 34 23 68 12 43 55 25 16 47 23 8 51 21 21 22 32 50 57 53 7 50 19 8
20 0 13 14 5 25 22 24 11 22 17 5 32 19 20 10 39 29 34 37 35 35 17 7 13 32 11 21 52 31 13 2 29 23 20 17 23 11 12 46
45 19 0 21 23 38 32 14 32 25 22 12 15 17 14 21 48 20 18 27 47 14 23 9 22 42 20 26 52 25 29 10 47 17 14 36 29 13 12 62
8 29 41 0 29 7 24 31 13 14 24 31 44 54 36 14 27 21 21 26 7 36 20 29 15 29 31 10 31 17 25 29 13 34 42 38 3 26 39 13
29 14 24 54 0 32 34 23 28 23 28 19 35 16 28 28 46 28 56 56 37 26 24 11 18 48 7 37 58 25 13 9 31 26 38 29 26 3 3 48
10 26 41 8 28 0 7 47 9 18 14 17 33 26 31 11 28 19 10 33 7 36 13 24 9 20 18 6 30 8 6 29 10 30 31 27 16 35 45 34
44 24 29 25 32 7 0 17 23 36 17 18 18 25 17 24 17 5 9 13 13 28 13 27 13 13 35 24 18 4 15 10 20 19 20 11 18 16 44 22
73 37 11 29 14 38 16 0 47 38 17 14 26 7 12 57 32 20 28 27 60 2 38 22 29 48 42 47 25 27 32 28 50 19 11 26 62 33 22 69
21 10 24 20 31 12 18 23 0 7 17 8 34 37 23 6 17 18 36 24 20 28 33 21 9 46 12 9 22 17 2 16 20 30 34 23 23 17 24 24
8 11 51 14 19 9 19 49 9 0 17 20 35 23 19 10 18 31 47 28 10 37 49 18 15 57 15 5 27 19 11 18 24 18 35 47 16 42 22 12
18 13 21 31 27 10 8 19 9 30 0 12 14 10 6 16 21 16 27 32 33 16 18 13 6 20 12 28 29 15 6 9 23 19 19 21 40 10 19 53
30 3 14 32 17 10 25 38 8 18 12 0 31 21 13 12 40 18 21 35 29 20 18 9 9 29 10 18 24 10 9 5 27 23 13 30 36 14 8 49
38 31 30 17 17 14 13 14 29 31 18 21 0 11 11 29 18 7 14 7 37 16 4 25 17 19 21 33 25 16 21 17 36 2 4 9 28 38 23 31
64 26 19 55 32 40 28 5 21 24 16 15 5 0 6 39 14 27 11 10 23 8 17 29 27 21 53 40 23 16 27 26 20 6 1 21 56 36 23 36
26 9 13 32 23 15 12 20 19 36 4 14 10 7 0 17 15 17 14 20 23 12 19 8 15 18 39 40 36 25 22 6 44 8 6 13 28 25 18 35
12 14 26 8 35 13 25 29 6 4 19 19 23 44 31 0 28 30 18 17 12 32 29 22 16 30 20 9 27 12 7 19 11 36 42 36 19 14 26 29
24 26 42 40 27 19 14 35 35 54 14 30 8 20 15 21 0 5 5 8 20 28 5 17 13 4 56 29 5 18 28 45 29 17 11 5 21 52 30 33
35 32 26 24 28 18 3 39 29 35 22 16 17 15 11 31 9 0 4 17 11 34 6 32 13 10 30 13 17 7 12 28 15 16 23 9 19 50 38 26
29 33 22 24 57 21 9 22 30 29 26 27 13 10 25 39 6 7 0 11 38 40 2 37 27 12 42 18 10 9 38 28 33 11 16 1 19 31 49 56
44 45 27 36 39 22 17 28 40 33 31 35 14 22 14 44 7 16 8 0 49 14 7 39 16 13 26 36 17 20 18 45 19 13 13 4 45 20 52 57
23 42 47 10 54 9 30 40 23 18 30 19 39 55 17 10 27 31 34 25 0 35 16 32 32 16 46 8 16 12 12 45 2 50 44 35 14 56 36 20
63 25 14 47 18 44 25 3 25 46 20 22 9 6 7 21 22 26 21 15 67 0 29 24 38 31 43 47 20 41 27 15 58 10 10 23 63 22 14 53
49 16 34 42 40 13 8 27 16 25 23 20 9 16 25 24 5 8 4 6 31 15 0 31 23 16 48 41 14 8 26 14 18 10 9 3 51 38 52 54
30 8 13 24 15 23 18 19 20 35 9 7 15 13 13 18 24 16 27 33 41 25 29 0 11 33 26 37 40 24 8 3 41 21 15 16 41 9 13 22
15 7 19 11 19 6 13 16 4 15 8 7 15 13 16 12 18 15 23 22 22 17 17 9 0 32 34 17 24 7 4 11 21 17 12 25 25 21 26 39
45 42 27 29 34 14 12 53 44 34 34 45 12 21 31 25 4 11 5 8 32 44 14 42 32 0 45 36 6 21 39 41 21 12 17 7 45 33 69 39
25 15 36 46 12 40 45 33 16 24 33 9 53 25 17 18 39 45 54 57 37 43 56 9 18 66 0 12 53 45 11 12 58 47 37 49 38 13 18 19
5 27 18 5 34 17 30 39 7 3 24 13 24 41 22 5 43 26 43 39 18 55 21 22 13 49 16 0 44 27 9 32 14 24 21 40 5 17 33 19
58 37 28 28 27 17 11 22 21 33 21 24 31 21 39 17 7 15 12 14 26 22 7 31 37 2 35 40 0 17 31 43 23 30 26 6 24 57 55 43
29 11 35 10 19 5 2 41 15 23 11 9 21 19 19 8 10 11 7 19 23 32 14 24 13 18 17 18 13 0 12 19 12 14 29 10 19 37 22 48
21 6 35 10 15 7 20 19 3 9 14 5 23 41 21 9 18 26 17 28 30 32 21 10 5 28 15 11 26 11 0 15 22 29 33 25 19 11 27 22
32 4 17 30 16 25 27 18 17 22 8 6 20 20 14 9 27 22 20 16 47 29 20 2 7 34 18 31 29 18 15 0 42 27 25 31 22 10 7 38
22 40 28 15 37 16 17 42 13 16 36 42 39 39 41 25 29 23 32 43 2 49 19 47 31 24 35 21 23 13 19 24 0 18 25 20 15 63 43 31
24 33 18 25 19 23 20 17 33 44 18 31 3 6 6 26 12 16 18 14 34 15 13 15 13 30 36 36 25 11 27 23 23 0 4 10 28 18 28 33
34 27 19 37 30 36 19 13 35 51 14 28 4 1 15 46 26 10 14 20 47 11 12 22 18 21 52 25 14 12 35 23 46 7 0 17 67 29 28 76
40 16 45 45 42 28 14 14 34 43 21 29 10 18 24 21 4 3 1 7 33 17 3 35 23 13 23 37 10 20 15 36 20 14 9 0 27 30 52 42
9 36 32 6 48 21 36 65 29 9 46 28 33 66 55 17 34 33 38 35 11 26 51 24 22 51 26 9 42 17 25 21 10 57 59 35 0 44 57 9
19 6 9 51 6 44 42 35 20 40 22 11 26 27 13 18 55 37 22 54 52 31 23 15 12 59 13 43 68 22 22 10 30 23 33 20 57 0 0 35
38 9 9 21 3 16 30 29 25 26 28 10 29 26 24 33 28 18 27 34 35 12 20 5 20 44 23 35 30 22 15 9 35 36 28 39 45 0 0 55
13 30 48 20 46 18 29 56 20 17 45 33 55 78 55 28 67 50 42 76 20 33 36 28 45 48 28 9 64 34 34 56 13 52 44 44 11 26 26 0