7
40
,
0 (47.0, 12.0) 34.0
1 (35.0, 34.0) 11.0
2 (24.0, 46.0) 20.0
3 (35.0, 6.0) 11.0
4 (40.0, 42.0) 45.0
5 (28.0, 15.0) 45.0
6 (18.0, 19.0) 12.0
7 (12.0, 48.0) 16.0
8 (33.0, 22.0) 40.0
9 (42.0, 15.0) 30.0
10 (24.0, 30.0) 21.0
11 (32.0, 31.0) 10.0
12 (11.0, 30.0) 14.0
13 (10.0, 38.0) 22.0
14 (21.0, 36.0) 10.0
15 (36.0, 18.0) 18.0
16 (6.0, 16.0) 14.0
17 (14.0, 18.0) 46.0
18 (9.0, 19.0) 46.0
19 (3.0, 24.0) 47.0
20 (28.0, 2.0) 12.0
21 (14.0, 46.0) 16.0
22 (9.0, 22.0) 50.0
23 (30.0, 37.0) 43.0
24 (27.0, 24.0) 22.0
25 (4.0, 12.0) 13.0
26 (48.0, 34.0) 12.0
27 (39.0, 13.0) 18.0
28 (7.0, 9.0) 16.0
29 (21.0, 17.0) 30.0
30 (34.0, 24.0) 12.0
31 (31.0, 35.0) 18.0
32 (25.0, 2.0) 23.0
33 (11.0, 32.0) 15.0
34 (10.0, 37.0) 11.0
35 (8.0, 20.0) 12.0
36 (40.0, 4.0) 18.0
37 (36.0, 45.0) 17.0
38 (36.0, 45.0) 23.0
39 (50.0, 3.0) 22.0
,
0 5 8 3 6 4 6 10 3 1 6 5 8 9 7 3 8 7 8 9 4 9 8 6 5 9 4 2 8 5 4 6 5 8 9 8 2 7 7 2
5 0 3 6 2 4 5 5 2 4 2 1 5 5 3 3 7 5 6 7 7 5 6 1 3 8 3 4 8 4 2 1 7 5 5 6 6 2 2 7
8 3 0 8 3 6 6 2 5 7 3 3 4 3 2 6 7 6 6 6 9 2 6 2 4 8 5 7 8 6 5 3 9 4 3 6 9 2 2 10
3 6 8 0 7 2 4 10 3 2 5 5 7 8 7 2 6 5 6 7 2 9 6 6 4 6 6 2 6 4 4 6 2 7 8 6 1 8 8 3
6 2 3 7 0 6 6 6 4 5 4 3 6 6 4 5 9 7 8 8 8 5 7 2 4 9 2 6 9 6 4 2 9 6 6 8 8 1 1 8
4 4 6 2 6 0 2 7 2 3 3 3 5 6 4 2 4 3 4 5 3 7 4 4 2 5 6 2 4 1 2 4 3 5 6 4 3 6 6 5
6 5 6 4 6 2 0 6 3 5 3 4 3 4 3 4 2 1 2 3 4 5 2 4 2 3 7 4 3 1 3 4 4 3 4 2 5 6 6 7
10 5 2 10 6 7 6 0 7 9 4 5 4 2 3 8 7 6 6 5 10 1 5 4 6 7 8 9 8 6 7 5 10 3 2 6 10 5 5 12
3 2 5 3 4 2 3 7 0 2 2 2 5 6 4 1 6 4 5 6 4 6 5 3 1 6 4 2 6 3 0 3 4 5 5 5 4 5 5 5
1 4 7 2 5 3 5 9 2 0 5 4 7 8 6 1 7 6 7 8 4 8 7 5 3 8 4 1 7 4 2 5 4 7 8 7 2 6 6 3
6 2 3 5 4 3 3 4 2 5 0 2 3 3 1 3 5 3 4 4 6 4 3 2 1 5 5 5 5 3 2 2 6 3 3 4 6 4 4 7
5 1 3 5 3 3 4 5 2 4 2 0 4 5 2 3 6 4 5 6 6 5 5 1 2 7 3 4 7 4 1 1 6 4 5 5 6 3 3 7
8 5 4 7 6 5 3 4 5 7 3 4 0 2 2 6 3 2 2 2 7 3 2 4 3 4 7 7 4 3 5 4 6 0 1 2 8 6 6 9
9 5 3 8 6 6 4 2 6 8 3 5 2 0 2 7 4 4 4 3 8 2 3 4 4 5 8 8 6 5 6 4 8 1 0 4 9 5 5 11
7 3 2 7 4 4 3 3 4 6 1 2 2 2 0 5 5 4 4 4 7 2 4 2 3 6 5 6 6 4 4 2 7 2 2 4 7 3 3 9
3 3 6 2 5 2 4 8 1 1 3 3 6 7 5 0 6 4 5 7 4 7 5 4 2 7 4 1 6 3 1 4 4 6 6 6 3 5 5 4
8 7 7 6 9 4 2 7 6 7 5 6 3 4 5 6 0 2 1 2 5 6 1 6 4 1 9 7 1 3 6 6 5 3 4 1 7 8 8 9
7 5 6 5 7 3 1 6 4 6 3 4 2 4 4 4 2 0 1 3 4 6 1 5 3 2 8 5 2 1 4 5 4 3 4 1 6 7 7 8
8 6 6 6 8 4 2 6 5 7 4 5 2 4 4 5 1 1 0 2 5 5 1 6 4 2 8 6 2 2 5 5 5 3 4 0 7 7 7 9
9 7 6 7 8 5 3 5 6 8 4 6 2 3 4 7 2 3 2 0 7 5 1 6 5 2 9 8 3 4 6 6 6 2 3 1 8 8 8 10
4 7 9 2 8 3 4 10 4 4 6 6 7 8 7 4 5 4 5 7 0 9 6 7 4 5 8 3 4 3 5 7 1 7 8 5 2 9 9 4
9 5 2 9 5 7 5 1 6 8 4 5 3 2 2 7 6 6 5 5 9 0 5 4 5 7 7 8 8 6 6 4 9 3 2 5 10 4 4 11
8 6 6 6 7 4 2 5 5 7 3 5 2 3 4 5 1 1 1 1 6 5 0 5 4 2 8 6 3 3 5 5 5 2 3 0 7 7 7 9
6 1 2 6 2 4 4 4 3 5 2 1 4 4 2 4 6 5 6 6 7 4 5 0 3 7 4 5 7 4 3 0 7 4 4 6 7 2 2 8
5 3 4 4 4 2 2 6 1 3 1 2 3 4 3 2 4 3 4 5 4 5 4 3 0 5 5 3 5 2 1 2 4 4 4 4 5 5 5 6
9 8 8 6 9 5 3 7 6 8 5 7 4 5 6 7 1 2 2 2 5 7 2 7 5 0 10 7 1 4 6 7 5 4 5 2 7 9 9 9
4 3 5 6 2 6 7 8 4 4 5 3 7 8 5 4 9 8 8 9 8 7 8 4 5 10 0 5 10 6 3 3 8 7 8 8 6 3 3 6
2 4 7 2 6 2 4 9 2 1 5 4 7 8 6 1 7 5 6 8 3 8 6 5 3 7 5 0 6 4 2 5 4 7 8 6 2 6 6 3
8 8 8 6 9 4 3 8 6 7 5 7 4 6 6 6 1 2 2 3 4 8 3 7 5 1 10 6 0 3 6 7 4 5 6 2 7 9 9 9
5 4 6 4 6 1 1 6 3 4 3 4 3 5 4 3 3 1 2 4 3 6 3 4 2 4 6 4 3 0 3 4 3 4 5 3 5 6 6 6
4 2 5 4 4 2 3 7 0 2 2 1 5 6 4 1 6 4 5 6 5 6 5 3 1 6 3 2 6 3 0 2 5 5 5 5 4 4 4 5
6 1 3 6 2 4 4 5 3 5 2 1 4 4 2 4 6 5 5 6 7 4 5 0 2 7 3 5 7 4 2 0 7 4 4 5 6 2 2 7
5 7 9 2 9 3 4 10 4 4 6 6 6 8 7 4 5 4 5 6 1 9 5 7 4 5 8 4 4 3 5 7 0 7 8 5 3 9 9 5
8 5 4 7 6 5 3 3 5 7 3 4 0 1 2 6 3 3 3 2 7 3 2 4 4 4 7 7 5 4 5 4 7 0 1 2 8 6 6 10
9 5 3 8 6 6 4 2 5 8 3 5 1 0 2 6 4 4 4 3 8 2 3 4 4 5 8 8 6 5 5 4 8 1 0 3 9 5 5 10
8 6 6 6 8 4 2 6 5 7 4 5 2 4 4 6 1 1 0 1 5 5 0 6 4 2 8 6 2 3 5 5 5 2 3 0 7 8 8 9
2 6 9 1 8 3 5 10 4 2 6 6 8 9 7 3 7 6 7 8 2 10 7 7 5 7 6 2 7 5 4 6 3 8 9 7 0 8 8 2
7 2 2 8 1 6 6 5 5 6 4 3 6 5 3 5 8 7 7 8 9 4 7 2 5 9 3 6 9 6 4 2 9 6 5 8 8 0 0 9
7 2 2 8 1 6 6 5 5 6 4 3 6 5 3 5 8 7 7 8 9 4 7 2 5 9 3 6 9 6 4 2 9 6 5 8 8 0 0 9
2 7 10 3 8 5 7 12 5 3 7 7 9 11 9 4 9 8 9 10 4 11 9 8 6 9 6 3 9 6 5 7 5 10 10 9 2 9 9 0
,
0 23 54 8 46 16 32 69 17 7 21 33 27 38 20 7 39 49 34 29 30 58 38 39 25 24 31 4 52 38 22 38 18 21 51 22 8 39 48 11
32 0 11 20 11 20 16 38 18 20 6 5 17 24 21 8 35 33 34 35 27 30 16 4 17 37 16 25 36 16 11 3 41 28 37 39 41 15 17 19
58 18 0 22 24 17 18 15 27 28 20 17 25 22 6 40 36 23 22 41 42 8 42 8 16 27 22 33 58 39 32 18 42 13 22 37 32 12 15 39
15 34 37 0 54 9 15 47 17 13 36 23 33 51 39 18 40 20 28 32 9 50 35 26 14 43 20 6 24 23 19 31 6 40 51 44 3 45 30 20
40 6 23 42 0 40 30 31 16 25 19 8 26 22 18 33 61 25 55 50 31 20 36 6 20 35 14 43 30 23 22 13 32 25 42 28 39 3 3 40
22 25 16 10 24 0 9 43 6 13 22 16 30 18 21 9 29 12 11 16 11 33 25 17 5 26 32 11 19 10 6 12 15 34 29 15 20 32 35 34
39 14 16 25 17 16 0 23 19 29 17 27 7 14 18 26 10 6 10 20 17 17 5 28 8 13 29 22 12 3 14 11 17 15 10 13 33 43 24 47
70 34 9 28 28 25 22 0 25 36 32 23 19 9 22 32 21 44 44 17 65 2 33 30 18 23 23 64 33 42 40 24 24 16 11 27 30 26 24 74
16 17 25 22 16 5 12 43 0 13 16 7 30 14 11 3 35 19 23 32 13 31 30 14 8 36 21 8 40 12 3 16 14 21 19 32 17 30 23 31
4 14 25 16 39 8 24 30 16 0 29 26 52 31 39 9 50 19 43 29 15 36 30 37 19 54 23 5 32 26 7 34 15 30 50 49 7 40 31 17
27 8 15 33 12 21 9 23 9 26 0 5 16 13 10 17 31 19 18 12 19 26 16 7 8 15 21 17 37 9 14 10 17 11 9 24 40 21 14 24
22 5 23 27 9 24 21 17 9 27 8 0 30 22 16 10 24 24 25 20 38 23 28 9 8 27 23 28 30 17 8 4 27 21 31 23 17 10 15 36
28 30 17 35 23 13 11 16 21 31 11 20 0 12 6 22 17 11 14 9 39 13 10 28 16 20 33 40 25 12 28 20 44 1 5 13 48 31 23 33
29 13 11 56 25 44 28 9 25 50 21 23 8 0 13 29 23 26 27 9 21 6 18 21 29 15 32 20 31 15 40 25 42 8 1 17 33 31 35 65
52 18 11 47 26 12 23 14 26 41 7 10 16 7 0 29 16 12 24 18 20 8 25 9 8 27 26 28 44 22 9 9 29 13 14 23 20 18 20 62
10 19 35 6 14 4 24 40 5 9 18 7 23 39 14 0 17 25 35 34 13 26 18 22 14 46 22 9 30 13 5 18 19 19 39 20 18 14 15 19
30 50 39 42 58 29 15 41 17 46 12 39 8 33 26 16 0 7 5 9 16 22 8 16 27 4 55 36 5 21 43 43 28 10 18 3 29 44 49 45
22 23 26 36 36 11 3 29 11 16 16 13 14 25 15 20 7 0 4 13 16 22 9 36 19 14 54 23 13 4 22 22 23 18 27 4 44 37 26 23
38 41 20 24 22 19 12 33 24 18 27 19 15 11 22 26 6 6 0 11 36 39 3 20 14 7 37 20 15 13 29 27 12 8 20 2 40 24 31 64
54 36 25 54 61 14 14 14 33 47 32 19 13 17 19 40 11 17 7 0 43 27 8 27 28 11 48 26 17 22 36 33 21 10 10 4 46 26 39 61
21 31 48 9 27 14 19 46 14 17 37 15 35 34 41 20 26 21 19 31 0 65 22 36 28 17 25 22 28 15 34 37 2 27 38 31 11 48 28 12
66 36 5 48 36 50 20 2 35 42 22 18 13 8 15 43 41 29 19 34 30 0 23 18 17 46 49 50 30 25 44 22 58 8 12 30 65 27 23 47
59 34 26 26 52 21 7 26 17 36 25 32 7 14 21 25 8 6 4 4 27 25 0 35 26 10 38 32 13 17 13 35 21 10 15 3 35 46 23 56
42 8 16 19 10 27 22 13 9 28 9 3 28 24 11 19 24 21 34 42 45 15 25 0 7 29 13 19 29 12 11 2 26 15 20 35 24 6 11 58
15 16 22 11 21 10 13 15 5 13 9 4 25 26 15 14 20 11 22 30 16 36 19 8 0 18 28 9 30 8 10 15 21 16 20 11 30 18 21 18
27 20 53 44 37 14 13 50 33 46 27 41 24 36 17 49 6 17 11 9 29 27 12 50 15 0 66 42 5 19 17 24 23 23 30 6 28 35 64 45
16 10 30 29 7 39 22 56 20 18 33 21 25 37 24 21 45 21 26 28 48 20 60 11 16 56 0 31 65 46 24 9 25 24 45 31 16 17 22 37
11 13 50 8 18 12 24 38 13 2 30 26 37 30 37 8 17 33 30 31 18 46 35 21 10 43 29 0 34 25 8 33 10 50 30 36 5 32 46 11
49 39 25 41 66 27 10 25 32 39 25 23 28 16 44 45 9 12 11 16 23 50 12 34 28 2 32 31 0 15 21 37 13 24 36 7 47 65 48 26
15 21 21 19 46 5 2 21 7 12 19 23 10 14 22 8 14 7 6 15 16 22 14 26 8 15 39 23 15 0 20 28 18 25 15 13 12 28 28 35
22 6 20 10 13 11 21 45 2 17 11 10 28 21 11 6 29 21 16 20 33 15 37 9 6 45 21 6 44 21 0 13 18 28 39 23 22 13 18 30
20 6 17 37 11 17 11 29 16 25 5 6 25 27 10 19 40 31 24 41 43 22 27 3 8 45 16 25 24 28 7 0 39 11 13 15 24 14 16 44
25 47 52 9 36 17 27 42 24 21 36 37 31 27 37 25 14 22 33 42 4 31 22 36 26 25 23 13 18 13 19 50 0 22 51 33 21 35 32 36
60 17 20 18 18 26 14 13 12 29 14 26 3 9 15 33 11 15 14 16 18 8 8 25 26 26 31 22 19 23 23 15 17 0 4 14 52 34 24 47
36 29 18 57 43 20 27 10 29 42 22 25 7 1 13 29 15 19 23 19 35 15 11 11 25 15 24 21 41 24 26 23 31 5 0 14 60 35 23 58
31 27 23 34 27 26 15 19 19 44 20 34 9 12 12 27 3 7 2 9 33 37 3 19 23 5 25 33 10 14 26 32 22 10 20 0 26 45 45 39
5 37 26 5 47 13 15 76 16 8 44 42 39 37 32 19 41 20 38 56 16 31 29 30 18 36 35 10 27 21 18 28 14 35 62 47 0 34 50 11
49 7 13 52 5 21 21 23 27 40 20 19 38 35 13 17 61 44 29 35 47 29 47 7 20 50 22 48 45 34 28 9 34 28 16 46 50 0 0 49
40 11 8 37 5 37 32 33 22 38 28 10 15 24 14 33 21 43 24 40 54 18 30 15 14 28 11 16 25 20 12 11 62 20 18 35 61 0 0 43
10 20 63 12 33 35 38 46 19 17 33 31 36 55 35 11 41 23 28 36 15 47 48 33 26 40 37 20 26 31 30 41 25 33 78 33 15 56 60 0