7
40
,
0 (47.0, 12.0) 44.0
1 (35.0, 34.0) 41.0
2 (24.0, 46.0) 11.0
3 (35.0, 6.0) 15.0
4 (40.0, 42.0) 15.0
5 (28.0, 15.0) 38.0
6 (18.0, 19.0) 23.0
7 (12.0, 48.0) 48.0
8 (33.0, 22.0) 15.0
9 (42.0, 15.0) 21.0
10 (24.0, 30.0) 15.0
11 (32.0, 31.0) 11.0
12 (11.0, 30.0) 30.0
13 (10.0, 38.0) 20.0
14 (21.0, 36.0) 12.0
15 (36.0, 18.0) 19.0
16 (6.0, 16.0) 31.0
17 (14.0, 18.0) 40.0
18 (9.0, 19.0) 30.0
19 (3.0, 24.0) 20.0
20 (28.0, 2.0) 14.0
21 (14.0, 46.0) 25.0
22 (9.0, 22.0) 35.0
23 (30.0, 37.0) 50.0
24 (27.0, 24.0) 45.0
25 (4.0, 12.0) 40.0
26 (48.0, 34.0) 11.0
27 (39.0, 13.0) 15.0
28 (7.0, 9.0) 22.0
29 (21.0, 17.0) 33.0
30 (34.0, 24.0) 29.0
31 (31.0, 35.0) 30.0
32 (25.0, 2.0) 43.0
33 (11.0, 32.0) 27.0
34 (10.0, 37.0) 24.0
35 (8.0, 20.0) 32.0
36 (40.0, 4.0) 37.0
37 (36.0, 45.0) 24.0
38 (36.0, 45.0) 38.0
39 (50.0, 3.0) 17.0
,
0 5 8 3 6 4 6 10 3 1 6 5 8 9 7 3 8 7 8 9 4 9 8 6 5 9 4 2 8 5 4 6 5 8 9 8 2 7 7 2
5 0 3 6 2 4 5 5 2 4 2 1 5 5 3 3 7 5 6 7 7 5 6 1 3 8 3 4 8 4 2 1 7 5 5 6 6 2 2 7
8 3 0 8 3 6 6 2 5 7 3 3 4 3 2 6 7 6 6 6 9 2 6 2 4 8 5 7 8 6 5 3 9 4 3 6 9 2 2 10
3 6 8 0 7 2 4 10 3 2 5 5 7 8 7 2 6 5 6 7 2 9 6 6 4 6 6 2 6 4 4 6 2 7 8 6 1 8 8 3
6 2 3 7 0 6 6 6 4 5 4 3 6 6 4 5 9 7 8 8 8 5 7 2 4 9 2 6 9 6 4 2 9 6 6 8 8 1 1 8
4 4 6 2 6 0 2 7 2 3 3 3 5 6 4 2 4 3 4 5 3 7 4 4 2 5 6 2 4 1 2 4 3 5 6 4 3 6 6 5
6 5 6 4 6 2 0 6 3 5 3 4 3 4 3 4 2 1 2 3 4 5 2 4 2 3 7 4 3 1 3 4 4 3 4 2 5 6 6 7
10 5 2 10 6 7 6 0 7 9 4 5 4 2 3 8 7 6 6 5 10 1 5 4 6 7 8 9 8 6 7 5 10 3 2 6 10 5 5 12
3 2 5 3 4 2 3 7 0 2 2 2 5 6 4 1 6 4 5 6 4 6 5 3 1 6 4 2 6 3 0 3 4 5 5 5 4 5 5 5
1 4 7 2 5 3 5 9 2 0 5 4 7 8 6 1 7 6 7 8 4 8 7 5 3 8 4 1 7 4 2 5 4 7 8 7 2 6 6 3
6 2 3 5 4 3 3 4 2 5 0 2 3 3 1 3 5 3 4 4 6 4 3 2 1 5 5 5 5 3 2 2 6 3 3 4 6 4 4 7
5 1 3 5 3 3 4 5 2 4 2 0 4 5 2 3 6 4 5 6 6 5 5 1 2 7 3 4 7 4 1 1 6 4 5 5 6 3 3 7
8 5 4 7 6 5 3 4 5 7 3 4 0 2 2 6 3 2 2 2 7 3 2 4 3 4 7 7 4 3 5 4 6 0 1 2 8 6 6 9
9 5 3 8 6 6 4 2 6 8 3 5 2 0 2 7 4 4 4 3 8 2 3 4 4 5 8 8 6 5 6 4 8 1 0 4 9 5 5 11
7 3 2 7 4 4 3 3 4 6 1 2 2 2 0 5 5 4 4 4 7 2 4 2 3 6 5 6 6 4 4 2 7 2 2 4 7 3 3 9
3 3 6 2 5 2 4 8 1 1 3 3 6 7 5 0 6 4 5 7 4 7 5 4 2 7 4 1 6 3 1 4 4 6 6 6 3 5 5 4
8 7 7 6 9 4 2 7 6 7 5 6 3 4 5 6 0 2 1 2 5 6 1 6 4 1 9 7 1 3 6 6 5 3 4 1 7 8 8 9
7 5 6 5 7 3 1 6 4 6 3 4 2 4 4 4 2 0 1 3 4 6 1 5 3 2 8 5 2 1 4 5 4 3 4 1 6 7 7 8
8 6 6 6 8 4 2 6 5 7 4 5 2 4 4 5 1 1 0 2 5 5 1 6 4 2 8 6 2 2 5 5 5 3 4 0 7 7 7 9
9 7 6 7 8 5 3 5 6 8 4 6 2 3 4 7 2 3 2 0 7 5 1 6 5 2 9 8 3 4 6 6 6 2 3 1 8 8 8 10
4 7 9 2 8 3 4 10 4 4 6 6 7 8 7 4 5 4 5 7 0 9 6 7 4 5 8 3 4 3 5 7 1 7 8 5 2 9 9 4
9 5 2 9 5 7 5 1 6 8 4 5 3 2 2 7 6 6 5 5 9 0 5 4 5 7 7 8 8 6 6 4 9 3 2 5 10 4 4 11
8 6 6 6 7 4 2 5 5 7 3 5 2 3 4 5 1 1 1 1 6 5 0 5 4 2 8 6 3 3 5 5 5 2 3 0 7 7 7 9
6 1 2 6 2 4 4 4 3 5 2 1 4 4 2 4 6 5 6 6 7 4 5 0 3 7 4 5 7 4 3 0 7 4 4 6 7 2 2 8
5 3 4 4 4 2 2 6 1 3 1 2 3 4 3 2 4 3 4 5 4 5 4 3 0 5 5 3 5 2 1 2 4 4 4 4 5 5 5 6
9 8 8 6 9 5 3 7 6 8 5 7 4 5 6 7 1 2 2 2 5 7 2 7 5 0 10 7 1 4 6 7 5 4 5 2 7 9 9 9
4 3 5 6 2 6 7 8 4 4 5 3 7 8 5 4 9 8 8 9 8 7 8 4 5 10 0 5 10 6 3 3 8 7 8 8 6 3 3 6
2 4 7 2 6 2 4 9 2 1 5 4 7 8 6 1 7 5 6 8 3 8 6 5 3 7 5 0 6 4 2 5 4 7 8 6 2 6 6 3
8 8 8 6 9 4 3 8 6 7 5 7 4 6 6 6 1 2 2 3 4 8 3 7 5 1 10 6 0 3 6 7 4 5 6 2 7 9 9 9
5 4 6 4 6 1 1 6 3 4 3 4 3 5 4 3 3 1 2 4 3 6 3 4 2 4 6 4 3 0 3 4 3 4 5 3 5 6 6 6
4 2 5 4 4 2 3 7 0 2 2 1 5 6 4 1 6 4 5 6 5 6 5 3 1 6 3 2 6 3 0 2 5 5 5 5 4 4 4 5
6 1 3 6 2 4 4 5 3 5 2 1 4 4 2 4 6 5 5 6 7 4 5 0 2 7 3 5 7 4 2 0 7 4 4 5 6 2 2 7
5 7 9 2 9 3 4 10 4 4 6 6 6 8 7 4 5 4 5 6 1 9 5 7 4 5 8 4 4 3 5 7 0 7 8 5 3 9 9 5
8 5 4 7 6 5 3 3 5 7 3 4 0 1 2 6 3 3 3 2 7 3 2 4 4 4 7 7 5 4 5 4 7 0 1 2 8 6 6 10
9 5 3 8 6 6 4 2 5 8 3 5 1 0 2 6 4 4 4 3 8 2 3 4 4 5 8 8 6 5 5 4 8 1 0 3 9 5 5 10
8 6 6 6 8 4 2 6 5 7 4 5 2 4 4 6 1 1 0 1 5 5 0 6 4 2 8 6 2 3 5 5 5 2 3 0 7 8 8 9
2 6 9 1 8 3 5 10 4 2 6 6 8 9 7 3 7 6 7 8 2 10 7 7 5 7 6 2 7 5 4 6 3 8 9 7 0 8 8 2
7 2 2 8 1 6 6 5 5 6 4 3 6 5 3 5 8 7 7 8 9 4 7 2 5 9 3 6 9 6 4 2 9 6 5 8 8 0 0 9
7 2 2 8 1 6 6 5 5 6 4 3 6 5 3 5 8 7 7 8 9 4 7 2 5 9 3 6 9 6 4 2 9 6 5 8 8 0 0 9
2 7 10 3 8 5 7 12 5 3 7 7 9 11 9 4 9 8 9 10 4 11 9 8 6 9 6 3 9 6 5 7 5 10 10 9 2 9 9 0
,
0 32 28 14 28 29 23 75 16 4 15 27 58 65 47 16 57 21 40 23 23 47 52 37 24 55 13 9 55 14 17 25 26 29 53 53 11 49 30 6
15 0 16 35 9 29 18 33 13 22 15 3 28 14 21 19 29 23 26 35 34 12 20 5 14 26 10 18 41 33 10 2 21 29 20 37 39 11 16 42
58 12 0 30 17 29 37 14 18 52 12 25 24 24 12 25 19 35 31 17 49 9 27 8 14 20 28 48 53 27 32 18 38 21 19 26 64 17 14 65
13 31 26 0 28 10 15 53 18 13 23 22 34 34 23 10 29 30 40 23 7 44 41 19 10 41 30 5 29 16 11 39 12 33 50 26 5 52 33 10
31 10 12 24 0 27 19 34 29 20 16 10 32 23 10 24 41 43 53 41 42 28 50 13 32 35 10 23 24 25 10 11 24 17 33 35 24 6 5 44
10 15 35 12 28 0 14 30 11 17 15 21 13 24 24 8 18 8 16 17 15 27 15 21 5 16 20 6 17 10 12 20 18 13 29 17 10 40 35 21
24 34 37 16 23 8 0 16 16 18 8 20 12 22 19 27 16 6 8 13 15 31 8 19 13 14 24 12 20 4 22 30 16 21 26 10 31 22 26 34
31 19 12 43 28 53 34 0 24 59 21 19 26 15 13 40 49 38 39 15 32 4 25 31 15 52 40 42 30 20 28 19 57 10 14 17 35 23 30 63
11 7 18 12 14 10 17 47 0 6 14 5 22 27 12 6 14 28 14 43 22 29 16 15 5 46 21 14 42 18 2 20 19 31 35 14 14 15 18 15
8 24 26 15 25 13 20 34 11 0 29 24 36 53 17 9 35 28 45 58 21 50 42 29 13 40 30 5 50 26 16 25 17 47 49 27 11 16 23 8
41 11 10 24 19 11 10 11 9 17 0 9 17 14 4 14 26 18 27 16 31 10 17 9 3 39 28 31 15 20 12 10 15 17 20 12 45 11 22 25
22 4 19 29 18 18 24 14 7 21 10 0 13 14 11 7 38 19 16 30 33 24 17 6 11 51 18 28 44 26 5 6 21 11 30 21 20 14 12 39
40 34 12 22 40 15 20 16 32 42 9 16 0 9 17 17 14 17 7 15 27 15 12 21 20 13 41 21 26 11 29 26 41 2 6 15 30 22 23 56
60 37 18 39 16 37 11 13 22 48 13 14 8 0 7 33 14 18 12 17 37 6 10 15 22 22 42 30 38 14 41 12 38 7 1 15 50 40 25 71
33 15 8 17 23 31 9 16 14 21 10 7 16 13 0 12 30 21 26 27 52 18 20 6 7 20 23 26 21 24 12 11 37 8 11 23 44 15 18 62
7 16 31 15 32 8 24 25 5 7 21 14 27 34 32 0 22 14 33 20 25 31 39 14 8 30 17 7 42 10 5 20 14 28 33 20 7 36 16 12
23 30 22 44 59 18 12 26 31 33 23 38 22 25 17 34 0 12 4 9 26 18 8 24 27 3 45 23 4 11 30 17 18 19 18 2 34 51 56 32
40 22 19 27 35 9 2 18 11 33 8 12 9 23 16 24 9 0 7 16 23 41 4 13 10 11 49 33 9 9 15 30 14 8 22 7 22 49 41 43
25 40 39 24 26 25 7 24 20 48 25 16 15 15 27 19 6 5 0 5 35 34 2 29 9 7 27 37 14 16 30 19 17 15 18 2 35 25 36 24
66 45 29 48 28 23 20 27 38 20 25 17 14 13 21 35 8 17 8 0 18 27 5 25 23 10 49 50 8 15 33 33 21 14 9 6 22 30 42 56
22 18 27 6 57 18 13 29 21 28 30 29 18 47 33 14 23 29 26 49 0 62 20 20 20 25 34 12 26 11 27 40 4 31 40 40 15 37 56 28
39 15 10 64 14 32 40 3 27 27 25 32 18 10 8 39 29 25 20 15 54 0 30 10 33 23 33 47 23 22 34 25 49 21 8 34 52 12 14 71
57 36 20 18 33 29 13 28 24 22 16 29 6 13 25 28 6 8 2 5 17 36 0 13 12 8 27 30 18 17 25 14 17 15 22 3 37 18 38 60
17 4 14 38 10 21 20 24 22 20 10 6 15 13 6 13 33 23 18 44 25 15 22 0 20 23 19 31 34 20 16 2 31 15 27 37 31 6 8 26
12 14 25 29 30 10 9 24 8 19 5 5 23 27 12 13 26 14 26 33 19 18 21 14 0 33 23 16 33 11 5 7 24 23 22 22 17 16 23 30
59 54 26 42 39 14 18 50 43 40 19 47 18 33 37 42 5 17 8 7 15 40 15 37 37 0 28 36 4 18 34 28 24 22 14 12 37 45 34 65
26 9 14 24 13 33 30 25 19 16 22 13 41 35 23 14 36 45 37 52 41 43 41 11 33 46 0 28 43 41 24 17 57 25 20 23 21 14 19 31
7 25 24 5 23 11 26 35 10 3 32 16 18 44 24 5 33 21 36 22 22 28 33 21 24 28 21 0 38 23 7 32 17 40 56 43 9 26 39 13
38 39 58 39 35 31 12 29 36 50 38 42 20 17 17 17 6 15 6 18 31 45 15 26 32 3 36 27 0 23 46 44 10 23 33 13 17 63 62 34
27 16 33 26 44 7 5 18 10 31 14 22 22 15 13 17 14 8 12 27 21 37 12 26 10 10 38 15 15 0 19 30 20 19 12 19 31 37 22 34
22 8 29 12 13 13 15 41 2 18 10 6 15 19 16 7 37 30 26 23 34 31 27 20 9 35 9 7 45 9 0 17 24 31 37 28 23 25 28 22
19 2 8 22 13 27 17 30 15 31 7 3 16 21 7 17 17 14 36 20 21 25 14 2 13 51 20 23 20 14 14 0 36 28 11 30 26 11 7 51
29 31 37 11 49 12 10 63 16 23 36 35 19 22 33 18 35 10 27 20 2 48 34 52 31 31 41 25 18 16 30 26 0 37 48 28 16 37 29 32
32 19 13 32 30 15 20 20 18 31 10 14 1 4 7 23 16 15 20 9 31 13 10 25 18 31 46 28 16 18 34 17 28 0 5 7 53 21 31 64
31 16 12 38 44 41 11 6 38 20 15 26 9 1 10 22 31 10 24 17 47 13 15 23 22 17 36 41 27 23 19 21 34 7 0 18 31 32 28 69
28 36 26 36 50 16 13 18 31 46 15 37 5 24 24 19 5 6 1 7 17 28 3 36 13 11 31 34 11 15 30 25 29 10 14 0 46 32 21 43
7 33 47 4 41 10 16 35 23 8 33 31 45 34 52 15 38 44 24 24 9 72 38 34 13 48 31 12 46 27 22 17 22 44 54 27 0 57 46 13
26 10 9 54 4 44 30 26 28 34 29 9 41 29 19 32 30 18 27 21 49 29 23 12 14 56 15 24 63 38 24 14 34 34 16 25 35 0 0 60
52 10 10 26 6 35 46 31 30 44 10 16 36 33 13 32 23 47 46 40 32 25 46 10 16 32 23 32 39 47 13 14 25 25 14 39 24 0 0 27
7 42 37 21 47 27 36 80 18 19 36 22 25 43 44 27 57 33 24 59 30 63 63 42 20 53 24 21 57 23 22 44 17 57 34 31 13 29 26 0