7
40
,
0 (47.0, 12.0) 12.0
1 (35.0, 34.0) 13.0
2 (24.0, 46.0) 16.0
3 (35.0, 6.0) 12.0
4 (40.0, 42.0) 11.0
5 (28.0, 15.0) 45.0
6 (18.0, 19.0) 18.0
7 (12.0, 48.0) 20.0
8 (33.0, 22.0) 16.0
9 (42.0, 15.0) 13.0
10 (24.0, 30.0) 38.0
11 (32.0, 31.0) 19.0
12 (11.0, 30.0) 11.0
13 (10.0, 38.0) 36.0
14 (21.0, 36.0) 21.0
15 (36.0, 18.0) 10.0
16 (6.0, 16.0) 34.0
17 (14.0, 18.0) 22.0
18 (9.0, 19.0) 43.0
19 (3.0, 24.0) 25.0
20 (28.0, 2.0) 32.0
21 (14.0, 46.0) 14.0
22 (9.0, 22.0) 42.0
23 (30.0, 37.0) 31.0
24 (27.0, 24.0) 13.0
25 (4.0, 12.0) 35.0
26 (48.0, 34.0) 36.0
27 (39.0, 13.0) 22.0
28 (7.0, 9.0) 16.0
29 (21.0, 17.0) 26.0
30 (34.0, 24.0) 21.0
31 (31.0, 35.0) 30.0
32 (25.0, 2.0) 17.0
33 (11.0, 32.0) 32.0
34 (10.0, 37.0) 31.0
35 (8.0, 20.0) 21.0
36 (40.0, 4.0) 11.0
37 (36.0, 45.0) 45.0
38 (36.0, 45.0) 11.0
39 (50.0, 3.0) 14.0
,
0 5 8 3 6 4 6 10 3 1 6 5 8 9 7 3 8 7 8 9 4 9 8 6 5 9 4 2 8 5 4 6 5 8 9 8 2 7 7 2
5 0 3 6 2 4 5 5 2 4 2 1 5 5 3 3 7 5 6 7 7 5 6 1 3 8 3 4 8 4 2 1 7 5 5 6 6 2 2 7
8 3 0 8 3 6 6 2 5 7 3 3 4 3 2 6 7 6 6 6 9 2 6 2 4 8 5 7 8 6 5 3 9 4 3 6 9 2 2 10
3 6 8 0 7 2 4 10 3 2 5 5 7 8 7 2 6 5 6 7 2 9 6 6 4 6 6 2 6 4 4 6 2 7 8 6 1 8 8 3
6 2 3 7 0 6 6 6 4 5 4 3 6 6 4 5 9 7 8 8 8 5 7 2 4 9 2 6 9 6 4 2 9 6 6 8 8 1 1 8
4 4 6 2 6 0 2 7 2 3 3 3 5 6 4 2 4 3 4 5 3 7 4 4 2 5 6 2 4 1 2 4 3 5 6 4 3 6 6 5
6 5 6 4 6 2 0 6 3 5 3 4 3 4 3 4 2 1 2 3 4 5 2 4 2 3 7 4 3 1 3 4 4 3 4 2 5 6 6 7
10 5 2 10 6 7 6 0 7 9 4 5 4 2 3 8 7 6 6 5 10 1 5 4 6 7 8 9 8 6 7 5 10 3 2 6 10 5 5 12
3 2 5 3 4 2 3 7 0 2 2 2 5 6 4 1 6 4 5 6 4 6 5 3 1 6 4 2 6 3 0 3 4 5 5 5 4 5 5 5
1 4 7 2 5 3 5 9 2 0 5 4 7 8 6 1 7 6 7 8 4 8 7 5 3 8 4 1 7 4 2 5 4 7 8 7 2 6 6 3
6 2 3 5 4 3 3 4 2 5 0 2 3 3 1 3 5 3 4 4 6 4 3 2 1 5 5 5 5 3 2 2 6 3 3 4 6 4 4 7
5 1 3 5 3 3 4 5 2 4 2 0 4 5 2 3 6 4 5 6 6 5 5 1 2 7 3 4 7 4 1 1 6 4 5 5 6 3 3 7
8 5 4 7 6 5 3 4 5 7 3 4 0 2 2 6 3 2 2 2 7 3 2 4 3 4 7 7 4 3 5 4 6 0 1 2 8 6 6 9
9 5 3 8 6 6 4 2 6 8 3 5 2 0 2 7 4 4 4 3 8 2 3 4 4 5 8 8 6 5 6 4 8 1 0 4 9 5 5 11
7 3 2 7 4 4 3 3 4 6 1 2 2 2 0 5 5 4 4 4 7 2 4 2 3 6 5 6 6 4 4 2 7 2 2 4 7 3 3 9
3 3 6 2 5 2 4 8 1 1 3 3 6 7 5 0 6 4 5 7 4 7 5 4 2 7 4 1 6 3 1 4 4 6 6 6 3 5 5 4
8 7 7 6 9 4 2 7 6 7 5 6 3 4 5 6 0 2 1 2 5 6 1 6 4 1 9 7 1 3 6 6 5 3 4 1 7 8 8 9
7 5 6 5 7 3 1 6 4 6 3 4 2 4 4 4 2 0 1 3 4 6 1 5 3 2 8 5 2 1 4 5 4 3 4 1 6 7 7 8
8 6 6 6 8 4 2 6 5 7 4 5 2 4 4 5 1 1 0 2 5 5 1 6 4 2 8 6 2 2 5 5 5 3 4 0 7 7 7 9
9 7 6 7 8 5 3 5 6 8 4 6 2 3 4 7 2 3 2 0 7 5 1 6 5 2 9 8 3 4 6 6 6 2 3 1 8 8 8 10
4 7 9 2 8 3 4 10 4 4 6 6 7 8 7 4 5 4 5 7 0 9 6 7 4 5 8 3 4 3 5 7 1 7 8 5 2 9 9 4
9 5 2 9 5 7 5 1 6 8 4 5 3 2 2 7 6 6 5 5 9 0 5 4 5 7 7 8 8 6 6 4 9 3 2 5 10 4 4 11
8 6 6 6 7 4 2 5 5 7 3 5 2 3 4 5 1 1 1 1 6 5 0 5 4 2 8 6 3 3 5 5 5 2 3 0 7 7 7 9
6 1 2 6 2 4 4 4 3 5 2 1 4 4 2 4 6 5 6 6 7 4 5 0 3 7 4 5 7 4 3 0 7 4 4 6 7 2 2 8
5 3 4 4 4 2 2 6 1 3 1 2 3 4 3 2 4 3 4 5 4 5 4 3 0 5 5 3 5 2 1 2 4 4 4 4 5 5 5 6
9 8 8 6 9 5 3 7 6 8 5 7 4 5 6 7 1 2 2 2 5 7 2 7 5 0 10 7 1 4 6 7 5 4 5 2 7 9 9 9
4 3 5 6 2 6 7 8 4 4 5 3 7 8 5 4 9 8 8 9 8 7 8 4 5 10 0 5 10 6 3 3 8 7 8 8 6 3 3 6
2 4 7 2 6 2 4 9 2 1 5 4 7 8 6 1 7 5 6 8 3 8 6 5 3 7 5 0 6 4 2 5 4 7 8 6 2 6 6 3
8 8 8 6 9 4 3 8 6 7 5 7 4 6 6 6 1 2 2 3 4 8 3 7 5 1 10 6 0 3 6 7 4 5 6 2 7 9 9 9
5 4 6 4 6 1 1 6 3 4 3 4 3 5 4 3 3 1 2 4 3 6 3 4 2 4 6 4 3 0 3 4 3 4 5 3 5 6 6 6
4 2 5 4 4 2 3 7 0 2 2 1 5 6 4 1 6 4 5 6 5 6 5 3 1 6 3 2 6 3 0 2 5 5 5 5 4 4 4 5
6 1 3 6 2 4 4 5 3 5 2 1 4 4 2 4 6 5 5 6 7 4 5 0 2 7 3 5 7 4 2 0 7 4 4 5 6 2 2 7
5 7 9 2 9 3 4 10 4 4 6 6 6 8 7 4 5 4 5 6 1 9 5 7 4 5 8 4 4 3 5 7 0 7 8 5 3 9 9 5
8 5 4 7 6 5 3 3 5 7 3 4 0 1 2 6 3 3 3 2 7 3 2 4 4 4 7 7 5 4 5 4 7 0 1 2 8 6 6 10
9 5 3 8 6 6 4 2 5 8 3 5 1 0 2 6 4 4 4 3 8 2 3 4 4 5 8 8 6 5 5 4 8 1 0 3 9 5 5 10
8 6 6 6 8 4 2 6 5 7 4 5 2 4 4 6 1 1 0 1 5 5 0 6 4 2 8 6 2 3 5 5 5 2 3 0 7 8 8 9
2 6 9 1 8 3 5 10 4 2 6 6 8 9 7 3 7 6 7 8 2 10 7 7 5 7 6 2 7 5 4 6 3 8 9 7 0 8 8 2
7 2 2 8 1 6 6 5 5 6 4 3 6 5 3 5 8 7 7 8 9 4 7 2 5 9 3 6 9 6 4 2 9 6 5 8 8 0 0 9
7 2 2 8 1 6 6 5 5 6 4 3 6 5 3 5 8 7 7 8 9 4 7 2 5 9 3 6 9 6 4 2 9 6 5 8 8 0 0 9
2 7 10 3 8 5 7 12 5 3 7 7 9 11 9 4 9 8 9 10 4 11 9 8 6 9 6 3 9 6 5 7 5 10 10 9 2 9 9 0
,
0 37 38 18 27 12 34 50 16 9 29 15 58 36 50 7 52 42 52 46 16 43 28 40 21 46 29 7 43 36 25 36 21 35 38 20 14 44 19 7
28 0 15 41 8 21 26 22 17 21 16 6 17 15 16 14 46 17 32 30 38 15 41 4 18 40 15 28 41 14 14 6 30 12 33 36 21 13 12 40
35 21 0 52 23 32 22 7 29 24 12 9 12 24 7 35 18 30 32 24 40 11 27 10 13 50 20 51 61 30 28 16 41 11 11 24 50 7 10 42
12 24 30 0 44 8 29 53 19 8 26 34 32 54 25 8 17 17 41 32 11 68 42 37 22 19 24 5 36 10 12 27 13 40 28 24 5 24 25 17
33 13 20 23 0 31 42 35 16 35 19 20 38 44 28 17 63 22 22 28 25 30 33 9 28 67 14 31 68 42 26 10 43 17 44 47 52 7 6 33
19 29 31 12 22 0 14 44 12 7 8 10 28 37 20 10 25 13 23 30 16 23 10 24 13 29 24 7 24 8 8 27 11 27 18 27 21 30 30 36
44 20 40 20 45 14 0 37 17 14 12 22 17 15 17 21 13 4 8 23 16 25 8 16 6 11 24 26 16 3 13 14 25 16 10 5 40 46 35 23
72 27 6 24 21 44 40 0 22 30 17 31 23 13 18 54 42 33 26 23 58 3 38 30 16 46 21 65 23 45 26 24 51 10 12 34 37 22 22 65
18 14 27 15 25 8 13 39 0 6 17 8 33 33 19 3 39 16 23 24 29 34 33 22 9 33 19 11 24 9 1 10 12 34 39 36 26 14 18 33
8 19 46 13 39 8 30 61 17 0 25 22 41 39 37 10 43 19 33 31 23 33 47 20 16 42 29 2 43 31 11 16 23 52 41 44 8 25 31 15
23 14 19 23 30 11 17 17 12 16 0 6 15 16 7 24 21 18 21 16 37 10 20 10 10 23 35 20 16 17 13 11 16 10 9 19 32 24 20 41
28 4 22 21 20 24 11 17 8 21 5 0 22 14 7 19 42 16 22 34 17 16 23 8 11 29 16 25 27 19 7 5 26 27 18 26 40 9 20 45
57 18 29 42 37 17 18 14 28 48 7 28 0 7 6 30 19 10 12 11 42 13 10 12 13 12 41 35 12 16 36 16 43 2 4 7 20 21 18 36
46 35 15 21 35 21 13 12 24 44 24 20 8 0 16 38 25 30 14 10 30 5 14 30 19 31 42 29 18 31 18 21 26 3 1 20 45 18 36 62
31 16 9 37 11 21 25 21 12 36 9 11 11 16 0 25 25 23 30 13 29 12 21 9 13 27 38 17 27 26 10 14 39 14 15 24 44 12 13 59
7 10 23 17 23 11 14 26 4 5 13 10 41 30 27 0 42 27 26 35 19 21 33 22 15 44 25 6 38 12 8 18 26 30 24 17 15 17 34 15
31 47 34 17 33 27 11 18 33 53 22 20 9 18 20 26 0 11 5 10 27 32 5 17 22 2 47 32 9 18 32 17 20 13 25 6 39 57 43 50
19 27 35 25 44 19 4 27 20 34 23 32 8 14 27 14 10 0 7 7 26 28 4 36 14 12 51 28 14 7 12 31 22 20 25 3 34 31 36 39
45 16 46 39 24 25 12 23 13 46 25 14 6 17 24 24 5 5 0 5 17 26 2 35 25 12 25 39 12 13 16 31 29 14 22 1 46 25 23 29
27 50 39 44 58 21 20 28 38 26 12 20 8 21 12 19 11 16 10 0 18 26 7 23 32 7 26 34 18 26 20 43 33 17 13 4 44 23 43 57
26 47 39 8 47 13 11 29 18 21 41 33 37 24 35 17 14 22 26 36 0 55 37 26 24 23 52 18 29 10 33 40 2 34 27 28 16 44 48 20
40 24 9 42 29 47 30 3 37 39 28 23 14 5 7 36 45 24 17 33 35 0 19 11 32 43 37 43 36 24 15 28 39 12 12 21 66 30 12 31
43 43 28 31 51 20 6 18 21 20 14 17 8 16 12 34 8 8 3 6 22 35 0 20 20 6 39 21 17 11 37 31 28 11 11 2 38 41 39 40
31 4 16 26 12 13 21 30 13 26 6 7 14 17 5 26 32 35 25 19 34 22 22 0 14 37 16 33 50 33 13 3 42 18 15 22 23 7 13 23
32 10 25 21 12 9 15 36 6 15 8 13 15 31 20 9 30 9 14 29 23 23 24 19 0 17 14 24 26 10 5 8 26 11 11 13 18 17 20 35
57 31 30 47 28 18 12 29 25 37 25 40 25 21 37 17 4 16 11 8 31 18 8 28 15 0 58 46 3 19 24 41 18 11 34 9 25 56 32 68
33 12 28 18 13 41 47 55 16 29 23 17 54 32 24 29 36 52 45 51 27 21 52 14 26 62 0 15 27 43 25 16 49 29 29 21 39 12 17 41
10 27 41 6 31 8 27 45 13 3 24 19 18 24 25 7 27 23 20 33 11 31 27 38 15 52 16 0 18 24 13 19 23 25 50 19 9 37 34 15
34 43 44 23 56 31 13 34 31 31 21 40 17 34 18 25 4 8 6 8 17 48 10 35 24 3 60 29 0 16 19 31 24 30 32 14 30 42 44 32
32 16 31 14 26 6 4 42 17 19 8 25 11 13 23 12 22 10 10 16 23 24 11 22 5 25 26 23 21 0 15 14 12 25 26 7 22 23 19 23
19 5 29 23 28 12 17 44 1 15 13 7 29 29 19 5 43 15 19 17 19 21 14 14 7 31 24 11 35 12 0 16 21 26 27 22 16 17 20 24
30 5 8 42 9 20 15 18 17 14 13 4 13 11 14 26 27 21 24 40 47 16 14 1 10 33 21 21 25 15 9 0 19 15 22 17 29 8 15 20
31 32 37 16 23 7 17 65 22 20 35 38 31 55 43 24 24 12 27 17 2 43 19 32 24 17 42 15 23 10 20 23 0 38 31 19 10 66 35 13
33 21 15 51 40 36 16 17 15 23 16 14 2 4 15 36 16 13 15 8 46 10 10 25 13 13 20 28 23 24 26 30 48 0 3 9 28 32 37 72
23 36 17 40 37 35 28 7 23 29 22 21 10 1 11 26 27 23 26 9 41 15 16 11 31 27 28 48 21 25 36 19 34 5 0 25 48 28 15 44
51 22 18 36 57 18 13 20 28 31 10 26 9 15 23 17 6 4 1 6 17 36 2 31 21 5 53 45 11 20 22 14 20 13 20 0 32 41 29 35
13 18 24 6 25 10 26 55 17 10 22 21 49 39 55 10 21 17 33 37 17 26 29 41 22 26 25 12 43 31 21 26 8 60 55 44 0 23 49 12
30 16 12 52 7 27 32 30 31 23 12 15 42 31 14 16 23 48 50 52 27 24 38 9 28 41 20 39 47 35 27 15 38 19 27 40 37 0 0 56
18 6 16 21 4 44 26 30 13 29 13 11 24 15 26 32 27 33 47 57 40 21 33 12 28 28 16 19 69 42 21 6 52 17 28 47 21 0 0 24
9 30 30 11 26 24 30 52 32 9 38 22 25 50 34 24 38 28 58 59 19 52 52 48 42 30 20 11 65 31 38 51 23 68 41 57 14 25 48 0