7
40
,
0 (47.0, 12.0) 14.0
1 (35.0, 34.0) 36.0
2 (24.0, 46.0) 35.0
3 (35.0, 6.0) 44.0
4 (40.0, 42.0) 25.0
5 (28.0, 15.0) 17.0
6 (18.0, 19.0) 12.0
7 (12.0, 48.0) 25.0
8 (33.0, 22.0) 12.0
9 (42.0, 15.0) 30.0
10 (24.0, 30.0) 22.0
11 (32.0, 31.0) 29.0
12 (11.0, 30.0) 30.0
13 (10.0, 38.0) 12.0
14 (21.0, 36.0) 42.0
15 (36.0, 18.0) 41.0
16 (6.0, 16.0) 15.0
17 (14.0, 18.0) 14.0
18 (9.0, 19.0) 34.0
19 (3.0, 24.0) 12.0
20 (28.0, 2.0) 39.0
21 (14.0, 46.0) 39.0
22 (9.0, 22.0) 20.0
23 (30.0, 37.0) 12.0
24 (27.0, 24.0) 34.0
25 (4.0, 12.0) 19.0
26 (48.0, 34.0) 50.0
27 (39.0, 13.0) 18.0
28 (7.0, 9.0) 47.0
29 (21.0, 17.0) 15.0
30 (34.0, 24.0) 41.0
31 (31.0, 35.0) 23.0
32 (25.0, 2.0) 27.0
33 (11.0, 32.0) 42.0
34 (10.0, 37.0) 39.0
35 (8.0, 20.0) 15.0
36 (40.0, 4.0) 15.0
37 (36.0, 45.0) 21.0
38 (36.0, 45.0) 17.0
39 (50.0, 3.0) 42.0
,
0 5 8 3 6 4 6 10 3 1 6 5 8 9 7 3 8 7 8 9 4 9 8 6 5 9 4 2 8 5 4 6 5 8 9 8 2 7 7 2
5 0 3 6 2 4 5 5 2 4 2 1 5 5 3 3 7 5 6 7 7 5 6 1 3 8 3 4 8 4 2 1 7 5 5 6 6 2 2 7
8 3 0 8 3 6 6 2 5 7 3 3 4 3 2 6 7 6 6 6 9 2 6 2 4 8 5 7 8 6 5 3 9 4 3 6 9 2 2 10
3 6 8 0 7 2 4 10 3 2 5 5 7 8 7 2 6 5 6 7 2 9 6 6 4 6 6 2 6 4 4 6 2 7 8 6 1 8 8 3
6 2 3 7 0 6 6 6 4 5 4 3 6 6 4 5 9 7 8 8 8 5 7 2 4 9 2 6 9 6 4 2 9 6 6 8 8 1 1 8
4 4 6 2 6 0 2 7 2 3 3 3 5 6 4 2 4 3 4 5 3 7 4 4 2 5 6 2 4 1 2 4 3 5 6 4 3 6 6 5
6 5 6 4 6 2 0 6 3 5 3 4 3 4 3 4 2 1 2 3 4 5 2 4 2 3 7 4 3 1 3 4 4 3 4 2 5 6 6 7
10 5 2 10 6 7 6 0 7 9 4 5 4 2 3 8 7 6 6 5 10 1 5 4 6 7 8 9 8 6 7 5 10 3 2 6 10 5 5 12
3 2 5 3 4 2 3 7 0 2 2 2 5 6 4 1 6 4 5 6 4 6 5 3 1 6 4 2 6 3 0 3 4 5 5 5 4 5 5 5
1 4 7 2 5 3 5 9 2 0 5 4 7 8 6 1 7 6 7 8 4 8 7 5 3 8 4 1 7 4 2 5 4 7 8 7 2 6 6 3
6 2 3 5 4 3 3 4 2 5 0 2 3 3 1 3 5 3 4 4 6 4 3 2 1 5 5 5 5 3 2 2 6 3 3 4 6 4 4 7
5 1 3 5 3 3 4 5 2 4 2 0 4 5 2 3 6 4 5 6 6 5 5 1 2 7 3 4 7 4 1 1 6 4 5 5 6 3 3 7
8 5 4 7 6 5 3 4 5 7 3 4 0 2 2 6 3 2 2 2 7 3 2 4 3 4 7 7 4 3 5 4 6 0 1 2 8 6 6 9
9 5 3 8 6 6 4 2 6 8 3 5 2 0 2 7 4 4 4 3 8 2 3 4 4 5 8 8 6 5 6 4 8 1 0 4 9 5 5 11
7 3 2 7 4 4 3 3 4 6 1 2 2 2 0 5 5 4 4 4 7 2 4 2 3 6 5 6 6 4 4 2 7 2 2 4 7 3 3 9
3 3 6 2 5 2 4 8 1 1 3 3 6 7 5 0 6 4 5 7 4 7 5 4 2 7 4 1 6 3 1 4 4 6 6 6 3 5 5 4
8 7 7 6 9 4 2 7 6 7 5 6 3 4 5 6 0 2 1 2 5 6 1 6 4 1 9 7 1 3 6 6 5 3 4 1 7 8 8 9
7 5 6 5 7 3 1 6 4 6 3 4 2 4 4 4 2 0 1 3 4 6 1 5 3 2 8 5 2 1 4 5 4 3 4 1 6 7 7 8
8 6 6 6 8 4 2 6 5 7 4 5 2 4 4 5 1 1 0 2 5 5 1 6 4 2 8 6 2 2 5 5 5 3 4 0 7 7 7 9
9 7 6 7 8 5 3 5 6 8 4 6 2 3 4 7 2 3 2 0 7 5 1 6 5 2 9 8 3 4 6 6 6 2 3 1 8 8 8 10
4 7 9 2 8 3 4 10 4 4 6 6 7 8 7 4 5 4 5 7 0 9 6 7 4 5 8 3 4 3 5 7 1 7 8 5 2 9 9 4
9 5 2 9 5 7 5 1 6 8 4 5 3 2 2 7 6 6 5 5 9 0 5 4 5 7 7 8 8 6 6 4 9 3 2 5 10 4 4 11
8 6 6 6 7 4 2 5 5 7 3 5 2 3 4 5 1 1 1 1 6 5 0 5 4 2 8 6 3 3 5 5 5 2 3 0 7 7 7 9
6 1 2 6 2 4 4 4 3 5 2 1 4 4 2 4 6 5 6 6 7 4 5 0 3 7 4 5 7 4 3 0 7 4 4 6 7 2 2 8
5 3 4 4 4 2 2 6 1 3 1 2 3 4 3 2 4 3 4 5 4 5 4 3 0 5 5 3 5 2 1 2 4 4 4 4 5 5 5 6
9 8 8 6 9 5 3 7 6 8 5 7 4 5 6 7 1 2 2 2 5 7 2 7 5 0 10 7 1 4 6 7 5 4 5 2 7 9 9 9
4 3 5 6 2 6 7 8 4 4 5 3 7 8 5 4 9 8 8 9 8 7 8 4 5 10 0 5 10 6 3 3 8 7 8 8 6 3 3 6
2 4 7 2 6 2 4 9 2 1 5 4 7 8 6 1 7 5 6 8 3 8 6 5 3 7 5 0 6 4 2 5 4 7 8 6 2 6 6 3
8 8 8 6 9 4 3 8 6 7 5 7 4 6 6 6 1 2 2 3 4 8 3 7 5 1 10 6 0 3 6 7 4 5 6 2 7 9 9 9
5 4 6 4 6 1 1 6 3 4 3 4 3 5 4 3 3 1 2 4 3 6 3 4 2 4 6 4 3 0 3 4 3 4 5 3 5 6 6 6
4 2 5 4 4 2 3 7 0 2 2 1 5 6 4 1 6 4 5 6 5 6 5 3 1 6 3 2 6 3 0 2 5 5 5 5 4 4 4 5
6 1 3 6 2 4 4 5 3 5 2 1 4 4 2 4 6 5 5 6 7 4 5 0 2 7 3 5 7 4 2 0 7 4 4 5 6 2 2 7
5 7 9 2 9 3 4 10 4 4 6 6 6 8 7 4 5 4 5 6 1 9 5 7 4 5 8 4 4 3 5 7 0 7 8 5 3 9 9 5
8 5 4 7 6 5 3 3 5 7 3 4 0 1 2 6 3 3 3 2 7 3 2 4 4 4 7 7 5 4 5 4 7 0 1 2 8 6 6 10
9 5 3 8 6 6 4 2 5 8 3 5 1 0 2 6 4 4 4 3 8 2 3 4 4 5 8 8 6 5 5 4 8 1 0 3 9 5 5 10
8 6 6 6 8 4 2 6 5 7 4 5 2 4 4 6 1 1 0 1 5 5 0 6 4 2 8 6 2 3 5 5 5 2 3 0 7 8 8 9
2 6 9 1 8 3 5 10 4 2 6 6 8 9 7 3 7 6 7 8 2 10 7 7 5 7 6 2 7 5 4 6 3 8 9 7 0 8 8 2
7 2 2 8 1 6 6 5 5 6 4 3 6 5 3 5 8 7 7 8 9 4 7 2 5 9 3 6 9 6 4 2 9 6 5 8 8 0 0 9
7 2 2 8 1 6 6 5 5 6 4 3 6 5 3 5 8 7 7 8 9 4 7 2 5 9 3 6 9 6 4 2 9 6 5 8 8 0 0 9
2 7 10 3 8 5 7 12 5 3 7 7 9 11 9 4 9 8 9 10 4 11 9 8 6 9 6 3 9 6 5 7 5 10 10 9 2 9 9 0
,
0 25 53 17 28 25 17 28 13 4 38 23 50 49 37 18 44 17 23 26 24 43 46 45 32 47 15 8 59 25 13 28 14 60 52 42 15 46 18 10
34 0 20 36 6 15 25 21 14 19 7 4 36 19 15 20 44 33 30 21 35 29 40 6 11 32 15 32 43 15 6 3 18 29 32 36 34 12 13 49
35 23 0 22 22 42 39 9 22 30 9 9 15 14 6 20 48 28 18 32 61 8 29 9 28 59 40 49 30 21 16 14 65 16 24 35 55 10 7 68
10 23 35 0 22 17 25 63 23 7 34 19 45 40 45 6 41 19 22 50 5 28 38 32 29 38 31 8 18 17 27 16 11 47 33 41 4 21 39 11
46 8 10 22 0 26 43 43 13 35 29 15 17 19 19 35 48 34 34 52 50 14 38 9 30 26 11 17 68 16 27 8 56 35 19 21 41 5 7 37
14 19 41 17 18 0 12 52 10 13 13 12 19 24 31 6 16 17 20 20 7 35 18 12 7 34 18 14 17 10 6 11 9 19 32 16 9 19 41 17
33 25 31 15 19 6 0 28 17 28 17 25 12 14 24 22 9 5 5 17 20 24 12 13 14 10 28 21 18 4 11 19 12 11 14 14 37 27 16 20
38 21 17 63 16 45 35 0 26 64 19 32 17 7 16 48 31 28 24 17 54 2 33 29 38 43 38 66 49 31 42 25 41 22 16 29 50 36 15 85
9 13 16 8 19 13 10 20 0 6 13 13 18 16 19 3 37 16 34 33 21 36 36 21 8 32 22 8 15 10 2 20 15 26 31 27 24 32 18 32
5 27 43 8 21 21 19 58 7 0 30 25 25 52 41 9 26 37 43 39 12 22 23 22 10 49 11 4 36 25 16 25 17 32 40 47 12 26 17 21
24 17 23 13 27 12 11 22 11 23 0 9 11 18 4 20 25 21 25 25 28 19 11 5 4 16 34 13 33 16 11 11 25 14 18 14 17 11 29 22
35 6 19 26 18 23 14 24 6 10 11 0 21 31 15 10 40 22 26 38 31 18 23 6 5 41 22 19 18 24 7 4 39 17 25 37 31 21 15 19
50 28 22 36 38 29 7 19 29 40 14 29 0 9 14 35 9 7 14 13 36 20 9 15 22 14 25 27 32 16 15 13 39 2 6 12 32 36 18 56
33 26 12 31 41 28 18 6 37 57 15 12 7 0 10 32 30 30 26 11 49 13 10 21 28 26 47 46 25 29 17 16 56 7 1 13 53 39 25 31
22 17 11 29 25 30 9 9 12 29 6 9 14 13 0 17 18 19 26 30 27 17 17 7 20 36 33 26 33 28 12 10 49 14 7 21 29 12 10 46
10 10 35 9 29 8 23 24 4 4 20 13 23 27 19 0 28 24 30 18 23 51 27 25 8 27 22 8 45 18 5 12 15 20 42 16 10 37 30 22
41 51 35 32 57 20 15 46 28 49 26 39 11 31 24 25 0 7 4 12 21 33 6 21 21 3 60 19 7 19 23 21 20 13 13 4 46 24 23 56
48 26 31 14 18 14 4 43 29 42 12 33 12 13 10 17 5 0 3 7 21 24 9 30 14 16 45 24 15 9 25 34 28 14 17 9 17 32 26 32
32 19 27 35 56 26 10 38 35 47 14 28 16 15 11 31 5 4 0 4 16 38 4 29 18 7 39 42 6 15 13 15 17 19 16 1 28 56 31 41
44 48 24 32 54 25 17 33 34 45 24 28 10 20 13 48 4 17 10 0 21 37 5 16 16 15 24 39 18 11 26 36 34 8 22 8 42 49 20 62
21 22 31 7 38 19 22 45 21 18 22 39 29 26 46 13 26 14 34 30 0 67 17 27 30 16 32 12 27 13 14 21 2 48 44 25 10 29 46 29
62 13 12 43 19 29 15 3 20 46 18 26 17 10 11 34 37 33 28 23 29 0 32 12 36 20 22 50 30 32 17 23 27 12 8 40 38 19 14 46
52 28 24 19 43 21 6 22 31 18 25 21 9 21 12 19 7 7 2 5 23 31 0 26 12 15 54 36 10 10 15 30 29 6 19 3 39 32 23 23
30 7 6 42 11 27 30 26 21 36 12 5 29 30 8 14 19 33 22 29 34 23 22 0 18 53 17 21 33 22 18 2 51 12 27 32 20 7 12 46
34 14 24 22 32 5 9 42 4 23 4 5 16 13 15 9 21 17 27 20 17 26 12 19 0 21 28 14 15 7 7 12 14 16 24 13 25 13 15 34
27 52 56 19 34 25 12 55 26 37 31 42 25 39 44 30 6 9 9 14 35 48 15 39 25 0 73 28 3 15 46 36 16 19 25 11 49 65 29 47
27 15 26 23 8 37 50 32 26 11 16 9 22 32 32 30 54 25 62 36 39 47 55 10 31 38 0 22 34 47 17 23 26 35 55 32 22 9 22 27
8 24 45 7 40 8 27 22 15 3 28 27 21 53 18 3 18 23 20 51 23 32 43 16 10 49 14 0 39 24 16 30 26 31 21 26 13 20 23 19
46 45 56 35 43 26 13 33 26 40 15 19 31 19 31 37 9 8 14 10 20 35 12 20 27 5 72 31 0 15 41 38 18 14 41 10 27 24 59 51
25 14 24 15 25 9 4 43 18 13 19 23 20 16 16 19 12 5 15 16 13 19 16 32 6 23 21 22 12 0 21 27 13 14 22 19 16 25 35 24
15 6 31 25 22 8 20 25 2 9 11 11 16 37 22 7 23 28 19 26 26 23 26 15 6 26 10 7 27 20 0 12 13 25 32 15 30 24 17 38
37 4 10 28 8 25 26 28 8 13 5 3 25 26 14 9 32 36 34 30 20 30 30 3 16 35 15 19 37 14 9 0 30 17 21 24 20 13 10 55
36 33 63 6 39 12 19 65 12 27 33 44 43 54 40 19 33 22 16 34 4 24 28 24 26 15 35 9 24 9 28 34 0 17 47 26 15 65 61 15
58 29 25 40 28 16 16 20 35 29 18 14 3 5 11 19 12 15 16 10 19 12 7 12 11 18 29 30 34 20 25 16 33 0 7 8 54 19 39 67
37 23 24 21 44 17 15 11 39 32 18 13 7 1 12 45 28 28 16 14 49 14 9 18 12 24 49 46 14 25 19 26 30 7 0 9 28 38 40 67
28 33 18 38 23 19 13 36 35 47 23 23 8 21 27 19 6 4 2 6 36 38 2 32 28 10 33 47 16 16 27 15 22 18 16 0 27 49 23 62
11 45 45 7 49 19 40 51 22 11 32 24 49 42 26 16 50 43 26 33 9 43 45 28 31 21 20 10 25 12 26 35 13 24 37 30 0 46 35 7
28 12 6 49 6 35 46 32 18 29 27 8 18 30 12 21 27 21 35 55 64 29 38 12 33 24 18 21 33 41 22 8 34 14 33 31 55 0 0 23
50 16 11 27 4 34 22 34 34 36 16 8 26 33 19 26 27 31 28 33 32 25 41 15 23 24 18 28 69 26 20 9 36 27 26 31 40 0 0 49
6 45 72 19 45 34 49 39 32 9 23 23 66 37 37 31 62 39 42 41 23 34 43 26 18 43 30 11 36 22 27 39 23 69 76 53 10 30 56 0