7
40
,
0 (47.0, 12.0) 36.0
1 (35.0, 34.0) 44.0
2 (24.0, 46.0) 30.0
3 (35.0, 6.0) 21.0
4 (40.0, 42.0) 12.0
5 (28.0, 15.0) 33.0
6 (18.0, 19.0) 31.0
7 (12.0, 48.0) 29.0
8 (33.0, 22.0) 32.0
9 (42.0, 15.0) 19.0
10 (24.0, 30.0) 29.0
11 (32.0, 31.0) 42.0
12 (11.0, 30.0) 10.0
13 (10.0, 38.0) 22.0
14 (21.0, 36.0) 15.0
15 (36.0, 18.0) 21.0
16 (6.0, 16.0) 32.0
17 (14.0, 18.0) 15.0
18 (9.0, 19.0) 12.0
19 (3.0, 24.0) 39.0
20 (28.0, 2.0) 43.0
21 (14.0, 46.0) 16.0
22 (9.0, 22.0) 18.0
23 (30.0, 37.0) 14.0
24 (27.0, 24.0) 19.0
25 (4.0, 12.0) 20.0
26 (48.0, 34.0) 16.0
27 (39.0, 13.0) 11.0
28 (7.0, 9.0) 15.0
29 (21.0, 17.0) 26.0
30 (34.0, 24.0) 23.0
31 (31.0, 35.0) 14.0
32 (25.0, 2.0) 15.0
33 (11.0, 32.0) 13.0
34 (10.0, 37.0) 50.0
35 (8.0, 20.0) 26.0
36 (40.0, 4.0) 35.0
37 (36.0, 45.0) 34.0
38 (36.0, 45.0) 15.0
39 (50.0, 3.0) 19.0
,
0 5 8 3 6 4 6 10 3 1 6 5 8 9 7 3 8 7 8 9 4 9 8 6 5 9 4 2 8 5 4 6 5 8 9 8 2 7 7 2
5 0 3 6 2 4 5 5 2 4 2 1 5 5 3 3 7 5 6 7 7 5 6 1 3 8 3 4 8 4 2 1 7 5 5 6 6 2 2 7
8 3 0 8 3 6 6 2 5 7 3 3 4 3 2 6 7 6 6 6 9 2 6 2 4 8 5 7 8 6 5 3 9 4 3 6 9 2 2 10
3 6 8 0 7 2 4 10 3 2 5 5 7 8 7 2 6 5 6 7 2 9 6 6 4 6 6 2 6 4 4 6 2 7 8 6 1 8 8 3
6 2 3 7 0 6 6 6 4 5 4 3 6 6 4 5 9 7 8 8 8 5 7 2 4 9 2 6 9 6 4 2 9 6 6 8 8 1 1 8
4 4 6 2 6 0 2 7 2 3 3 3 5 6 4 2 4 3 4 5 3 7 4 4 2 5 6 2 4 1 2 4 3 5 6 4 3 6 6 5
6 5 6 4 6 2 0 6 3 5 3 4 3 4 3 4 2 1 2 3 4 5 2 4 2 3 7 4 3 1 3 4 4 3 4 2 5 6 6 7
10 5 2 10 6 7 6 0 7 9 4 5 4 2 3 8 7 6 6 5 10 1 5 4 6 7 8 9 8 6 7 5 10 3 2 6 10 5 5 12
3 2 5 3 4 2 3 7 0 2 2 2 5 6 4 1 6 4 5 6 4 6 5 3 1 6 4 2 6 3 0 3 4 5 5 5 4 5 5 5
1 4 7 2 5 3 5 9 2 0 5 4 7 8 6 1 7 6 7 8 4 8 7 5 3 8 4 1 7 4 2 5 4 7 8 7 2 6 6 3
6 2 3 5 4 3 3 4 2 5 0 2 3 3 1 3 5 3 4 4 6 4 3 2 1 5 5 5 5 3 2 2 6 3 3 4 6 4 4 7
5 1 3 5 3 3 4 5 2 4 2 0 4 5 2 3 6 4 5 6 6 5 5 1 2 7 3 4 7 4 1 1 6 4 5 5 6 3 3 7
8 5 4 7 6 5 3 4 5 7 3 4 0 2 2 6 3 2 2 2 7 3 2 4 3 4 7 7 4 3 5 4 6 0 1 2 8 6 6 9
9 5 3 8 6 6 4 2 6 8 3 5 2 0 2 7 4 4 4 3 8 2 3 4 4 5 8 8 6 5 6 4 8 1 0 4 9 5 5 11
7 3 2 7 4 4 3 3 4 6 1 2 2 2 0 5 5 4 4 4 7 2 4 2 3 6 5 6 6 4 4 2 7 2 2 4 7 3 3 9
3 3 6 2 5 2 4 8 1 1 3 3 6 7 5 0 6 4 5 7 4 7 5 4 2 7 4 1 6 3 1 4 4 6 6 6 3 5 5 4
8 7 7 6 9 4 2 7 6 7 5 6 3 4 5 6 0 2 1 2 5 6 1 6 4 1 9 7 1 3 6 6 5 3 4 1 7 8 8 9
7 5 6 5 7 3 1 6 4 6 3 4 2 4 4 4 2 0 1 3 4 6 1 5 3 2 8 5 2 1 4 5 4 3 4 1 6 7 7 8
8 6 6 6 8 4 2 6 5 7 4 5 2 4 4 5 1 1 0 2 5 5 1 6 4 2 8 6 2 2 5 5 5 3 4 0 7 7 7 9
9 7 6 7 8 5 3 5 6 8 4 6 2 3 4 7 2 3 2 0 7 5 1 6 5 2 9 8 3 4 6 6 6 2 3 1 8 8 8 10
4 7 9 2 8 3 4 10 4 4 6 6 7 8 7 4 5 4 5 7 0 9 6 7 4 5 8 3 4 3 5 7 1 7 8 5 2 9 9 4
9 5 2 9 5 7 5 1 6 8 4 5 3 2 2 7 6 6 5 5 9 0 5 4 5 7 7 8 8 6 6 4 9 3 2 5 10 4 4 11
8 6 6 6 7 4 2 5 5 7 3 5 2 3 4 5 1 1 1 1 6 5 0 5 4 2 8 6 3 3 5 5 5 2 3 0 7 7 7 9
6 1 2 6 2 4 4 4 3 5 2 1 4 4 2 4 6 5 6 6 7 4 5 0 3 7 4 5 7 4 3 0 7 4 4 6 7 2 2 8
5 3 4 4 4 2 2 6 1 3 1 2 3 4 3 2 4 3 4 5 4 5 4 3 0 5 5 3 5 2 1 2 4 4 4 4 5 5 5 6
9 8 8 6 9 5 3 7 6 8 5 7 4 5 6 7 1 2 2 2 5 7 2 7 5 0 10 7 1 4 6 7 5 4 5 2 7 9 9 9
4 3 5 6 2 6 7 8 4 4 5 3 7 8 5 4 9 8 8 9 8 7 8 4 5 10 0 5 10 6 3 3 8 7 8 8 6 3 3 6
2 4 7 2 6 2 4 9 2 1 5 4 7 8 6 1 7 5 6 8 3 8 6 5 3 7 5 0 6 4 2 5 4 7 8 6 2 6 6 3
8 8 8 6 9 4 3 8 6 7 5 7 4 6 6 6 1 2 2 3 4 8 3 7 5 1 10 6 0 3 6 7 4 5 6 2 7 9 9 9
5 4 6 4 6 1 1 6 3 4 3 4 3 5 4 3 3 1 2 4 3 6 3 4 2 4 6 4 3 0 3 4 3 4 5 3 5 6 6 6
4 2 5 4 4 2 3 7 0 2 2 1 5 6 4 1 6 4 5 6 5 6 5 3 1 6 3 2 6 3 0 2 5 5 5 5 4 4 4 5
6 1 3 6 2 4 4 5 3 5 2 1 4 4 2 4 6 5 5 6 7 4 5 0 2 7 3 5 7 4 2 0 7 4 4 5 6 2 2 7
5 7 9 2 9 3 4 10 4 4 6 6 6 8 7 4 5 4 5 6 1 9 5 7 4 5 8 4 4 3 5 7 0 7 8 5 3 9 9 5
8 5 4 7 6 5 3 3 5 7 3 4 0 1 2 6 3 3 3 2 7 3 2 4 4 4 7 7 5 4 5 4 7 0 1 2 8 6 6 10
9 5 3 8 6 6 4 2 5 8 3 5 1 0 2 6 4 4 4 3 8 2 3 4 4 5 8 8 6 5 5 4 8 1 0 3 9 5 5 10
8 6 6 6 8 4 2 6 5 7 4 5 2 4 4 6 1 1 0 1 5 5 0 6 4 2 8 6 2 3 5 5 5 2 3 0 7 8 8 9
2 6 9 1 8 3 5 10 4 2 6 6 8 9 7 3 7 6 7 8 2 10 7 7 5 7 6 2 7 5 4 6 3 8 9 7 0 8 8 2
7 2 2 8 1 6 6 5 5 6 4 3 6 5 3 5 8 7 7 8 9 4 7 2 5 9 3 6 9 6 4 2 9 6 5 8 8 0 0 9
7 2 2 8 1 6 6 5 5 6 4 3 6 5 3 5 8 7 7 8 9 4 7 2 5 9 3 6 9 6 4 2 9 6 5 8 8 0 0 9
2 7 10 3 8 5 7 12 5 3 7 7 9 11 9 4 9 8 9 10 4 11 9 8 6 9 6 3 9 6 5 7 5 10 10 9 2 9 9 0
,
0 26 30 13 44 24 18 60 9 7 39 21 59 23 50 17 46 47 29 45 31 69 38 38 14 30 28 9 52 37 17 34 35 23 46 52 16 39 28 6
31 0 15 24 10 20 20 16 11 17 11 5 34 30 15 20 35 33 32 34 29 27 31 9 19 25 15 16 52 27 7 4 27 23 32 25 37 16 7 23
57 21 0 58 13 16 22 11 37 36 8 10 27 12 8 41 23 31 35 43 30 12 39 9 24 41 31 37 35 43 27 8 28 11 13 33 39 18 7 46
14 39 28 0 39 8 20 71 12 17 25 34 47 24 48 8 44 31 44 42 5 32 42 40 18 23 19 11 41 22 11 31 15 43 33 34 6 20 44 10
24 7 11 31 0 19 43 26 13 14 17 8 36 43 14 27 37 50 47 34 35 25 31 13 15 38 11 29 61 24 21 10 62 39 17 54 25 7 3 48
29 23 32 17 26 0 14 49 6 15 21 10 13 24 16 6 32 12 13 24 17 44 16 27 13 21 29 14 16 6 14 29 9 15 35 12 15 30 38 19
40 24 27 11 18 16 0 17 12 17 8 27 10 29 19 12 7 5 11 17 15 29 9 30 12 20 36 26 9 4 22 11 9 18 17 8 33 28 44 25
75 22 6 58 21 19 16 0 40 57 26 23 24 12 16 34 35 20 28 21 59 2 26 16 22 55 48 52 24 34 28 31 70 20 7 38 65 35 32 85
22 11 17 13 31 10 20 48 0 6 13 7 33 18 19 7 25 24 28 29 17 31 13 22 7 19 13 7 19 17 3 19 14 21 39 22 14 15 35 27
4 12 27 9 23 10 30 59 17 0 21 18 37 31 27 6 18 26 35 21 14 37 24 23 23 43 20 5 29 26 12 30 16 46 45 45 10 44 16 10
29 12 14 33 14 8 11 28 10 35 0 9 19 17 10 13 23 13 22 27 34 20 14 9 9 16 16 28 26 7 14 12 26 16 8 21 42 20 19 30
20 4 13 20 10 12 27 15 11 11 7 0 30 28 15 11 22 12 21 20 36 13 32 3 5 34 24 11 36 14 10 4 32 16 27 33 34 14 17 39
56 34 21 22 47 31 9 16 21 19 8 14 0 8 15 32 15 9 12 14 22 20 9 15 24 20 45 26 27 11 23 20 22 2 5 11 58 32 24 67
35 19 20 50 19 35 19 10 33 42 11 33 9 0 16 22 13 13 25 9 58 5 9 18 32 20 37 21 18 13 25 15 43 6 1 17 30 33 29 44
51 13 11 26 20 20 20 17 19 18 8 13 15 7 0 15 35 18 12 19 25 12 17 6 19 35 33 31 30 27 18 10 27 15 14 20 32 25 21 55
16 16 24 13 22 7 14 20 5 5 21 11 26 28 29 0 23 11 14 28 22 37 16 22 6 23 27 4 35 9 9 13 21 31 42 20 11 35 40 27
51 29 52 17 29 28 11 26 30 46 21 23 17 29 31 33 0 8 4 12 35 23 4 39 30 5 37 32 5 21 32 45 25 21 11 5 50 23 48 53
28 31 43 29 40 8 5 35 19 33 13 14 17 29 16 12 12 0 5 7 31 28 6 32 8 8 20 19 9 6 19 29 16 11 10 6 17 22 52 44
39 17 30 36 56 16 5 16 31 46 24 18 10 12 27 24 6 3 0 10 33 39 3 18 26 11 26 20 13 10 14 21 16 18 22 1 39 33 32 35
46 33 30 37 31 26 16 36 27 55 29 42 12 9 30 32 7 12 8 0 37 21 7 23 33 15 28 39 10 27 17 27 39 8 16 8 60 56 38 44
19 24 30 6 48 18 20 29 14 26 28 29 46 27 23 14 36 15 20 36 0 55 37 52 28 33 35 12 18 14 25 48 4 18 54 24 8 29 41 22
57 36 10 56 23 33 29 2 18 21 14 33 23 9 18 40 31 32 30 23 63 0 24 16 37 47 36 44 56 18 44 18 65 12 14 27 60 20 13 78
56 18 16 36 38 14 8 30 25 48 21 29 9 14 26 37 4 8 2 4 38 20 0 18 16 16 48 41 13 13 14 35 37 9 20 3 19 41 22 28
42 4 16 36 15 32 17 13 19 22 8 6 22 20 11 11 26 36 40 43 28 21 25 0 15 19 13 13 52 22 16 3 48 28 18 24 37 14 8 36
29 15 32 22 20 6 14 23 3 19 5 9 10 11 11 8 28 18 22 33 16 23 23 7 0 29 31 16 30 11 8 9 24 14 19 17 29 22 34 23
31 25 36 35 63 16 16 40 35 54 14 34 29 30 33 18 4 14 10 17 27 30 12 44 37 0 28 31 4 17 44 26 26 15 36 6 55 35 25 51
26 13 23 41 15 24 22 50 26 14 13 16 29 56 32 22 58 52 31 48 28 39 45 23 19 69 0 28 54 43 21 25 42 38 57 49 19 16 13 47
9 14 42 11 24 12 21 30 12 3 26 26 30 57 31 5 32 31 33 45 18 61 33 21 16 35 31 0 45 13 11 16 16 22 35 31 10 37 41 20
40 43 52 25 64 15 20 46 19 50 37 43 12 35 17 34 9 13 13 16 15 37 11 51 37 5 55 39 0 24 44 49 24 26 40 7 31 35 63 63
27 28 20 13 27 4 5 34 16 30 12 23 20 27 24 18 16 7 13 14 16 20 9 32 7 15 41 16 12 0 21 23 18 13 17 8 20 34 47 30
23 10 35 24 21 9 10 17 2 15 13 8 18 37 15 5 39 24 20 18 22 38 37 11 4 43 24 17 30 8 0 10 34 34 39 30 30 26 12 34
23 3 14 36 10 10 14 26 11 27 8 4 30 32 12 20 40 27 25 24 50 17 13 2 7 24 10 12 27 25 10 0 40 22 29 39 46 14 12 43
27 22 30 13 28 19 22 60 27 32 26 19 38 54 20 22 17 24 16 19 4 67 22 27 18 29 42 23 24 10 15 44 0 47 56 36 17 47 32 22
26 25 22 19 44 22 17 10 28 30 9 26 2 8 12 36 10 14 20 12 25 12 6 18 10 22 22 38 27 10 36 13 40 0 5 17 55 26 38 59
45 36 9 52 41 40 19 13 20 21 20 34 4 1 16 37 22 14 18 11 34 9 19 10 21 21 39 50 35 34 24 13 29 4 0 23 29 24 40 60
32 46 28 24 39 23 13 32 16 33 18 37 9 17 14 27 6 7 1 6 15 39 2 18 14 10 41 26 7 8 23 24 13 7 25 0 26 51 44 35
13 15 61 4 28 13 31 72 21 9 22 34 34 57 37 18 52 27 47 55 11 42 51 18 19 41 36 9 22 29 18 36 14 45 34 43 0 22 38 11
36 11 7 33 7 16 45 26 21 29 20 8 36 33 10 15 57 40 53 30 27 25 20 6 13 34 8 40 41 34 20 7 49 23 29 31 40 0 0 25
36 15 10 25 6 21 16 30 14 43 22 16 24 38 23 33 39 24 33 20 56 18 19 5 18 45 24 37 62 40 17 6 39 16 21 42 50 0 0 52
13 30 66 19 39 29 35 68 31 11 41 36 54 70 27 17 46 56 31 57 31 84 40 27 23 67 38 22 37 27 39 55 32 72 31 59 13 42 27 0