7
40
,
0 (47.0, 12.0) 30.0
1 (35.0, 34.0) 29.0
2 (24.0, 46.0) 25.0
3 (35.0, 6.0) 13.0
4 (40.0, 42.0) 18.0
5 (28.0, 15.0) 43.0
6 (18.0, 19.0) 25.0
7 (12.0, 48.0) 24.0
8 (33.0, 22.0) 32.0
9 (42.0, 15.0) 44.0
10 (24.0, 30.0) 40.0
11 (32.0, 31.0) 12.0
12 (11.0, 30.0) 27.0
13 (10.0, 38.0) 13.0
14 (21.0, 36.0) 30.0
15 (36.0, 18.0) 32.0
16 (6.0, 16.0) 37.0
17 (14.0, 18.0) 39.0
18 (9.0, 19.0) 44.0
19 (3.0, 24.0) 11.0
20 (28.0, 2.0) 24.0
21 (14.0, 46.0) 34.0
22 (9.0, 22.0) 10.0
23 (30.0, 37.0) 12.0
24 (27.0, 24.0) 20.0
25 (4.0, 12.0) 15.0
26 (48.0, 34.0) 30.0
27 (39.0, 13.0) 24.0
28 (7.0, 9.0) 13.0
29 (21.0, 17.0) 13.0
30 (34.0, 24.0) 30.0
31 (31.0, 35.0) 42.0
32 (25.0, 2.0) 20.0
33 (11.0, 32.0) 49.0
34 (10.0, 37.0) 33.0
35 (8.0, 20.0) 47.0
36 (40.0, 4.0) 34.0
37 (36.0, 45.0) 14.0
38 (36.0, 45.0) 26.0
39 (50.0, 3.0) 38.0
,
0 5 8 3 6 4 6 10 3 1 6 5 8 9 7 3 8 7 8 9 4 9 8 6 5 9 4 2 8 5 4 6 5 8 9 8 2 7 7 2
5 0 3 6 2 4 5 5 2 4 2 1 5 5 3 3 7 5 6 7 7 5 6 1 3 8 3 4 8 4 2 1 7 5 5 6 6 2 2 7
8 3 0 8 3 6 6 2 5 7 3 3 4 3 2 6 7 6 6 6 9 2 6 2 4 8 5 7 8 6 5 3 9 4 3 6 9 2 2 10
3 6 8 0 7 2 4 10 3 2 5 5 7 8 7 2 6 5 6 7 2 9 6 6 4 6 6 2 6 4 4 6 2 7 8 6 1 8 8 3
6 2 3 7 0 6 6 6 4 5 4 3 6 6 4 5 9 7 8 8 8 5 7 2 4 9 2 6 9 6 4 2 9 6 6 8 8 1 1 8
4 4 6 2 6 0 2 7 2 3 3 3 5 6 4 2 4 3 4 5 3 7 4 4 2 5 6 2 4 1 2 4 3 5 6 4 3 6 6 5
6 5 6 4 6 2 0 6 3 5 3 4 3 4 3 4 2 1 2 3 4 5 2 4 2 3 7 4 3 1 3 4 4 3 4 2 5 6 6 7
10 5 2 10 6 7 6 0 7 9 4 5 4 2 3 8 7 6 6 5 10 1 5 4 6 7 8 9 8 6 7 5 10 3 2 6 10 5 5 12
3 2 5 3 4 2 3 7 0 2 2 2 5 6 4 1 6 4 5 6 4 6 5 3 1 6 4 2 6 3 0 3 4 5 5 5 4 5 5 5
1 4 7 2 5 3 5 9 2 0 5 4 7 8 6 1 7 6 7 8 4 8 7 5 3 8 4 1 7 4 2 5 4 7 8 7 2 6 6 3
6 2 3 5 4 3 3 4 2 5 0 2 3 3 1 3 5 3 4 4 6 4 3 2 1 5 5 5 5 3 2 2 6 3 3 4 6 4 4 7
5 1 3 5 3 3 4 5 2 4 2 0 4 5 2 3 6 4 5 6 6 5 5 1 2 7 3 4 7 4 1 1 6 4 5 5 6 3 3 7
8 5 4 7 6 5 3 4 5 7 3 4 0 2 2 6 3 2 2 2 7 3 2 4 3 4 7 7 4 3 5 4 6 0 1 2 8 6 6 9
9 5 3 8 6 6 4 2 6 8 3 5 2 0 2 7 4 4 4 3 8 2 3 4 4 5 8 8 6 5 6 4 8 1 0 4 9 5 5 11
7 3 2 7 4 4 3 3 4 6 1 2 2 2 0 5 5 4 4 4 7 2 4 2 3 6 5 6 6 4 4 2 7 2 2 4 7 3 3 9
3 3 6 2 5 2 4 8 1 1 3 3 6 7 5 0 6 4 5 7 4 7 5 4 2 7 4 1 6 3 1 4 4 6 6 6 3 5 5 4
8 7 7 6 9 4 2 7 6 7 5 6 3 4 5 6 0 2 1 2 5 6 1 6 4 1 9 7 1 3 6 6 5 3 4 1 7 8 8 9
7 5 6 5 7 3 1 6 4 6 3 4 2 4 4 4 2 0 1 3 4 6 1 5 3 2 8 5 2 1 4 5 4 3 4 1 6 7 7 8
8 6 6 6 8 4 2 6 5 7 4 5 2 4 4 5 1 1 0 2 5 5 1 6 4 2 8 6 2 2 5 5 5 3 4 0 7 7 7 9
9 7 6 7 8 5 3 5 6 8 4 6 2 3 4 7 2 3 2 0 7 5 1 6 5 2 9 8 3 4 6 6 6 2 3 1 8 8 8 10
4 7 9 2 8 3 4 10 4 4 6 6 7 8 7 4 5 4 5 7 0 9 6 7 4 5 8 3 4 3 5 7 1 7 8 5 2 9 9 4
9 5 2 9 5 7 5 1 6 8 4 5 3 2 2 7 6 6 5 5 9 0 5 4 5 7 7 8 8 6 6 4 9 3 2 5 10 4 4 11
8 6 6 6 7 4 2 5 5 7 3 5 2 3 4 5 1 1 1 1 6 5 0 5 4 2 8 6 3 3 5 5 5 2 3 0 7 7 7 9
6 1 2 6 2 4 4 4 3 5 2 1 4 4 2 4 6 5 6 6 7 4 5 0 3 7 4 5 7 4 3 0 7 4 4 6 7 2 2 8
5 3 4 4 4 2 2 6 1 3 1 2 3 4 3 2 4 3 4 5 4 5 4 3 0 5 5 3 5 2 1 2 4 4 4 4 5 5 5 6
9 8 8 6 9 5 3 7 6 8 5 7 4 5 6 7 1 2 2 2 5 7 2 7 5 0 10 7 1 4 6 7 5 4 5 2 7 9 9 9
4 3 5 6 2 6 7 8 4 4 5 3 7 8 5 4 9 8 8 9 8 7 8 4 5 10 0 5 10 6 3 3 8 7 8 8 6 3 3 6
2 4 7 2 6 2 4 9 2 1 5 4 7 8 6 1 7 5 6 8 3 8 6 5 3 7 5 0 6 4 2 5 4 7 8 6 2 6 6 3
8 8 8 6 9 4 3 8 6 7 5 7 4 6 6 6 1 2 2 3 4 8 3 7 5 1 10 6 0 3 6 7 4 5 6 2 7 9 9 9
5 4 6 4 6 1 1 6 3 4 3 4 3 5 4 3 3 1 2 4 3 6 3 4 2 4 6 4 3 0 3 4 3 4 5 3 5 6 6 6
4 2 5 4 4 2 3 7 0 2 2 1 5 6 4 1 6 4 5 6 5 6 5 3 1 6 3 2 6 3 0 2 5 5 5 5 4 4 4 5
6 1 3 6 2 4 4 5 3 5 2 1 4 4 2 4 6 5 5 6 7 4 5 0 2 7 3 5 7 4 2 0 7 4 4 5 6 2 2 7
5 7 9 2 9 3 4 10 4 4 6 6 6 8 7 4 5 4 5 6 1 9 5 7 4 5 8 4 4 3 5 7 0 7 8 5 3 9 9 5
8 5 4 7 6 5 3 3 5 7 3 4 0 1 2 6 3 3 3 2 7 3 2 4 4 4 7 7 5 4 5 4 7 0 1 2 8 6 6 10
9 5 3 8 6 6 4 2 5 8 3 5 1 0 2 6 4 4 4 3 8 2 3 4 4 5 8 8 6 5 5 4 8 1 0 3 9 5 5 10
8 6 6 6 8 4 2 6 5 7 4 5 2 4 4 6 1 1 0 1 5 5 0 6 4 2 8 6 2 3 5 5 5 2 3 0 7 8 8 9
2 6 9 1 8 3 5 10 4 2 6 6 8 9 7 3 7 6 7 8 2 10 7 7 5 7 6 2 7 5 4 6 3 8 9 7 0 8 8 2
7 2 2 8 1 6 6 5 5 6 4 3 6 5 3 5 8 7 7 8 9 4 7 2 5 9 3 6 9 6 4 2 9 6 5 8 8 0 0 9
7 2 2 8 1 6 6 5 5 6 4 3 6 5 3 5 8 7 7 8 9 4 7 2 5 9 3 6 9 6 4 2 9 6 5 8 8 0 0 9
2 7 10 3 8 5 7 12 5 3 7 7 9 11 9 4 9 8 9 10 4 11 9 8 6 9 6 3 9 6 5 7 5 10 10 9 2 9 9 0
,
0 17 51 13 24 20 25 45 20 8 36 13 47 34 41 11 29 27 23 28 27 34 39 24 12 24 17 5 58 34 18 37 18 60 42 43 13 20 26 6
23 0 17 25 5 11 28 22 7 22 14 5 17 23 14 10 48 26 28 23 36 31 40 3 8 41 9 18 49 14 9 2 25 24 23 21 34 7 9 21
33 20 0 32 19 19 31 13 25 39 13 13 10 11 5 16 38 31 36 37 27 15 23 7 18 48 25 46 36 19 22 18 30 26 10 38 43 8 7 41
8 29 32 0 42 15 12 41 18 11 27 32 50 48 37 14 32 22 40 30 8 64 16 19 17 20 19 8 39 26 21 27 12 33 55 43 7 45 31 11
26 8 10 46 0 31 37 29 28 33 16 8 18 29 20 29 46 36 48 58 45 25 53 16 21 27 17 32 66 23 10 9 32 23 29 38 32 4 4 26
25 17 31 6 35 0 12 23 6 17 20 15 14 33 26 12 15 21 20 20 10 47 26 24 7 27 28 16 21 4 10 24 11 16 17 26 10 39 42 33
28 28 33 23 44 10 0 41 21 18 11 19 19 29 19 16 17 4 7 16 20 33 6 20 6 21 19 31 9 5 22 23 12 18 18 13 29 31 17 31
27 39 11 31 19 30 17 0 39 67 17 33 20 9 10 45 43 36 15 17 54 4 30 25 27 26 38 51 38 17 42 19 64 20 15 32 43 28 31 55
19 10 38 12 31 4 12 39 0 6 16 13 12 31 27 6 17 22 34 40 15 38 16 10 6 36 10 14 35 14 2 18 21 13 41 28 12 24 15 22
5 12 42 7 30 18 24 34 13 0 27 14 41 33 37 9 20 42 18 28 18 37 28 37 16 38 14 2 31 14 8 28 17 53 41 33 8 28 16 19
30 16 16 27 18 12 15 26 16 24 0 9 8 21 9 23 21 20 13 23 25 28 14 8 9 20 16 15 17 17 14 6 36 10 13 10 39 21 27 34
15 5 21 30 18 14 12 19 11 16 11 0 23 29 14 17 29 27 31 24 25 19 16 7 10 40 21 25 38 26 9 3 42 19 16 18 39 12 20 34
42 34 26 21 22 13 15 24 27 45 11 14 0 11 14 23 9 18 12 5 35 9 11 19 15 20 47 40 15 20 29 18 29 2 8 15 36 27 18 67
24 20 19 41 44 20 30 13 35 53 9 29 4 0 7 21 12 12 16 17 54 13 16 21 30 34 40 35 32 16 16 18 20 7 1 16 45 15 33 39
20 8 6 41 28 33 14 8 14 45 4 15 16 14 0 28 22 21 19 17 26 9 27 5 15 21 40 42 17 28 12 5 27 14 6 19 19 21 17 23
12 24 22 7 17 10 12 53 7 8 24 10 32 43 13 0 40 25 17 26 19 30 21 24 12 18 22 8 38 17 9 20 23 18 43 39 15 32 31 15
45 32 26 43 28 21 13 19 40 28 24 42 15 11 32 29 0 9 3 6 30 18 5 47 15 5 49 21 10 19 38 44 32 9 21 5 50 52 31 59
40 20 41 19 53 16 5 18 18 42 15 31 11 13 23 27 6 0 6 9 29 31 5 28 21 9 42 16 8 9 21 19 20 13 21 7 42 40 18 36
28 32 22 39 23 26 8 34 27 43 11 37 12 13 26 14 6 4 0 6 37 26 2 21 27 8 39 45 10 17 30 27 18 15 11 2 45 50 48 24
66 31 43 38 40 16 15 35 19 22 15 40 5 19 19 48 7 16 6 0 40 29 5 32 16 17 25 46 14 14 17 35 19 11 8 9 45 44 27 68
21 19 45 10 28 9 23 64 29 27 20 32 33 56 36 15 15 11 14 39 0 35 19 18 24 32 38 10 16 21 24 45 2 52 44 23 18 48 24 19
57 26 10 26 25 40 33 4 31 30 15 12 14 10 6 24 27 31 39 24 62 0 28 21 13 23 34 59 29 33 19 30 38 10 10 38 49 32 28 32
33 17 19 19 54 29 13 21 15 47 9 23 6 17 12 25 5 5 3 7 15 25 0 38 18 6 38 40 19 17 31 37 24 9 10 3 42 31 33 51
17 4 13 29 14 29 21 16 19 36 5 5 15 16 5 11 41 13 27 24 42 17 26 0 18 35 14 23 24 13 8 2 43 22 12 35 37 10 15 51
28 15 28 27 25 12 13 31 5 13 4 8 10 28 11 15 27 11 19 24 26 25 26 18 0 23 28 21 32 12 5 17 20 13 15 11 34 19 27 17
55 22 26 33 33 26 21 43 38 31 29 48 20 36 18 44 4 9 5 12 26 51 13 26 22 0 68 48 4 25 30 37 28 27 31 12 50 26 34 43
18 17 25 20 6 34 41 57 13 25 14 23 44 24 20 14 32 46 43 28 24 29 52 11 23 28 0 34 32 20 24 9 20 44 33 42 21 21 19 45
8 15 45 10 30 7 14 40 14 4 16 22 34 30 29 6 34 18 37 27 11 22 40 27 15 32 28 0 45 21 14 26 25 24 29 24 7 43 39 20
22 50 56 39 28 17 18 52 32 19 25 37 22 18 36 15 9 14 11 13 29 52 18 44 15 3 62 46 0 23 39 38 19 14 40 10 20 39 55 57
28 11 39 13 43 4 4 31 16 21 15 26 14 19 22 17 12 4 9 27 13 32 9 21 10 22 46 21 20 0 9 28 11 15 15 12 24 32 20 37
22 12 33 20 20 12 23 19 3 16 10 6 21 22 26 7 22 28 33 34 12 33 36 18 9 23 23 18 32 19 0 16 22 16 25 31 29 14 15 20
40 4 17 43 10 16 27 22 12 25 5 6 22 30 9 25 39 18 27 19 22 14 19 3 6 53 23 16 52 26 17 0 36 14 19 14 42 13 8 30
31 36 27 11 40 9 10 69 17 18 20 42 38 37 47 15 27 28 29 22 4 50 21 41 18 30 30 19 22 17 27 44 0 21 55 12 15 52 37 24
52 18 20 40 34 23 11 22 35 29 7 26 2 4 11 36 10 12 7 11 48 18 7 29 11 19 24 21 30 17 30 22 47 0 7 10 56 31 19 68
57 23 12 33 16 28 28 6 22 36 15 19 5 1 12 36 19 19 22 15 29 15 15 18 28 37 57 25 18 30 35 24 49 7 0 23 57 17 19 41
29 41 31 44 43 13 10 35 23 37 23 21 15 15 14 31 5 6 1 7 24 29 3 21 14 5 42 19 11 19 14 23 37 12 22 0 38 38 47 26
6 31 60 5 52 22 24 28 23 13 41 15 44 29 47 8 32 15 33 51 11 33 37 51 12 50 33 10 35 27 11 42 10 32 23 49 0 47 52 10
40 11 16 22 6 41 16 17 34 30 22 17 20 31 24 38 41 41 43 21 35 24 34 12 24 31 20 35 49 24 13 17 55 17 27 19 53 0 0 35
29 14 17 25 7 18 18 14 17 33 22 22 36 19 19 19 39 48 19 38 26 20 39 10 25 63 15 31 46 40 20 7 34 15 35 30 52 0 0 51
7 22 43 9 27 30 50 41 29 10 46 49 45 44 54 19 53 34 28 44 20 78 24 48 35 37 30 21 51 34 29 22 19 57 77 23 7 63 58 0