7
40
,
0 (47.0, 12.0) 44.0
1 (35.0, 34.0) 12.0
2 (24.0, 46.0) 33.0
3 (35.0, 6.0) 16.0
4 (40.0, 42.0) 24.0
5 (28.0, 15.0) 14.0
6 (18.0, 19.0) 31.0
7 (12.0, 48.0) 42.0
8 (33.0, 22.0) 36.0
9 (42.0, 15.0) 35.0
10 (24.0, 30.0) 20.0
11 (32.0, 31.0) 14.0
12 (11.0, 30.0) 10.0
13 (10.0, 38.0) 13.0
14 (21.0, 36.0) 13.0
15 (36.0, 18.0) 20.0
16 (6.0, 16.0) 15.0
17 (14.0, 18.0) 23.0
18 (9.0, 19.0) 34.0
19 (3.0, 24.0) 33.0
20 (28.0, 2.0) 13.0
21 (14.0, 46.0) 11.0
22 (9.0, 22.0) 12.0
23 (30.0, 37.0) 21.0
24 (27.0, 24.0) 35.0
25 (4.0, 12.0) 13.0
26 (48.0, 34.0) 31.0
27 (39.0, 13.0) 36.0
28 (7.0, 9.0) 25.0
29 (21.0, 17.0) 11.0
30 (34.0, 24.0) 37.0
31 (31.0, 35.0) 26.0
32 (25.0, 2.0) 28.0
33 (11.0, 32.0) 50.0
34 (10.0, 37.0) 15.0
35 (8.0, 20.0) 32.0
36 (40.0, 4.0) 18.0
37 (36.0, 45.0) 10.0
38 (36.0, 45.0) 12.0
39 (50.0, 3.0) 14.0
,
0 5 8 3 6 4 6 10 3 1 6 5 8 9 7 3 8 7 8 9 4 9 8 6 5 9 4 2 8 5 4 6 5 8 9 8 2 7 7 2
5 0 3 6 2 4 5 5 2 4 2 1 5 5 3 3 7 5 6 7 7 5 6 1 3 8 3 4 8 4 2 1 7 5 5 6 6 2 2 7
8 3 0 8 3 6 6 2 5 7 3 3 4 3 2 6 7 6 6 6 9 2 6 2 4 8 5 7 8 6 5 3 9 4 3 6 9 2 2 10
3 6 8 0 7 2 4 10 3 2 5 5 7 8 7 2 6 5 6 7 2 9 6 6 4 6 6 2 6 4 4 6 2 7 8 6 1 8 8 3
6 2 3 7 0 6 6 6 4 5 4 3 6 6 4 5 9 7 8 8 8 5 7 2 4 9 2 6 9 6 4 2 9 6 6 8 8 1 1 8
4 4 6 2 6 0 2 7 2 3 3 3 5 6 4 2 4 3 4 5 3 7 4 4 2 5 6 2 4 1 2 4 3 5 6 4 3 6 6 5
6 5 6 4 6 2 0 6 3 5 3 4 3 4 3 4 2 1 2 3 4 5 2 4 2 3 7 4 3 1 3 4 4 3 4 2 5 6 6 7
10 5 2 10 6 7 6 0 7 9 4 5 4 2 3 8 7 6 6 5 10 1 5 4 6 7 8 9 8 6 7 5 10 3 2 6 10 5 5 12
3 2 5 3 4 2 3 7 0 2 2 2 5 6 4 1 6 4 5 6 4 6 5 3 1 6 4 2 6 3 0 3 4 5 5 5 4 5 5 5
1 4 7 2 5 3 5 9 2 0 5 4 7 8 6 1 7 6 7 8 4 8 7 5 3 8 4 1 7 4 2 5 4 7 8 7 2 6 6 3
6 2 3 5 4 3 3 4 2 5 0 2 3 3 1 3 5 3 4 4 6 4 3 2 1 5 5 5 5 3 2 2 6 3 3 4 6 4 4 7
5 1 3 5 3 3 4 5 2 4 2 0 4 5 2 3 6 4 5 6 6 5 5 1 2 7 3 4 7 4 1 1 6 4 5 5 6 3 3 7
8 5 4 7 6 5 3 4 5 7 3 4 0 2 2 6 3 2 2 2 7 3 2 4 3 4 7 7 4 3 5 4 6 0 1 2 8 6 6 9
9 5 3 8 6 6 4 2 6 8 3 5 2 0 2 7 4 4 4 3 8 2 3 4 4 5 8 8 6 5 6 4 8 1 0 4 9 5 5 11
7 3 2 7 4 4 3 3 4 6 1 2 2 2 0 5 5 4 4 4 7 2 4 2 3 6 5 6 6 4 4 2 7 2 2 4 7 3 3 9
3 3 6 2 5 2 4 8 1 1 3 3 6 7 5 0 6 4 5 7 4 7 5 4 2 7 4 1 6 3 1 4 4 6 6 6 3 5 5 4
8 7 7 6 9 4 2 7 6 7 5 6 3 4 5 6 0 2 1 2 5 6 1 6 4 1 9 7 1 3 6 6 5 3 4 1 7 8 8 9
7 5 6 5 7 3 1 6 4 6 3 4 2 4 4 4 2 0 1 3 4 6 1 5 3 2 8 5 2 1 4 5 4 3 4 1 6 7 7 8
8 6 6 6 8 4 2 6 5 7 4 5 2 4 4 5 1 1 0 2 5 5 1 6 4 2 8 6 2 2 5 5 5 3 4 0 7 7 7 9
9 7 6 7 8 5 3 5 6 8 4 6 2 3 4 7 2 3 2 0 7 5 1 6 5 2 9 8 3 4 6 6 6 2 3 1 8 8 8 10
4 7 9 2 8 3 4 10 4 4 6 6 7 8 7 4 5 4 5 7 0 9 6 7 4 5 8 3 4 3 5 7 1 7 8 5 2 9 9 4
9 5 2 9 5 7 5 1 6 8 4 5 3 2 2 7 6 6 5 5 9 0 5 4 5 7 7 8 8 6 6 4 9 3 2 5 10 4 4 11
8 6 6 6 7 4 2 5 5 7 3 5 2 3 4 5 1 1 1 1 6 5 0 5 4 2 8 6 3 3 5 5 5 2 3 0 7 7 7 9
6 1 2 6 2 4 4 4 3 5 2 1 4 4 2 4 6 5 6 6 7 4 5 0 3 7 4 5 7 4 3 0 7 4 4 6 7 2 2 8
5 3 4 4 4 2 2 6 1 3 1 2 3 4 3 2 4 3 4 5 4 5 4 3 0 5 5 3 5 2 1 2 4 4 4 4 5 5 5 6
9 8 8 6 9 5 3 7 6 8 5 7 4 5 6 7 1 2 2 2 5 7 2 7 5 0 10 7 1 4 6 7 5 4 5 2 7 9 9 9
4 3 5 6 2 6 7 8 4 4 5 3 7 8 5 4 9 8 8 9 8 7 8 4 5 10 0 5 10 6 3 3 8 7 8 8 6 3 3 6
2 4 7 2 6 2 4 9 2 1 5 4 7 8 6 1 7 5 6 8 3 8 6 5 3 7 5 0 6 4 2 5 4 7 8 6 2 6 6 3
8 8 8 6 9 4 3 8 6 7 5 7 4 6 6 6 1 2 2 3 4 8 3 7 5 1 10 6 0 3 6 7 4 5 6 2 7 9 9 9
5 4 6 4 6 1 1 6 3 4 3 4 3 5 4 3 3 1 2 4 3 6 3 4 2 4 6 4 3 0 3 4 3 4 5 3 5 6 6 6
4 2 5 4 4 2 3 7 0 2 2 1 5 6 4 1 6 4 5 6 5 6 5 3 1 6 3 2 6 3 0 2 5 5 5 5 4 4 4 5
6 1 3 6 2 4 4 5 3 5 2 1 4 4 2 4 6 5 5 6 7 4 5 0 2 7 3 5 7 4 2 0 7 4 4 5 6 2 2 7
5 7 9 2 9 3 4 10 4 4 6 6 6 8 7 4 5 4 5 6 1 9 5 7 4 5 8 4 4 3 5 7 0 7 8 5 3 9 9 5
8 5 4 7 6 5 3 3 5 7 3 4 0 1 2 6 3 3 3 2 7 3 2 4 4 4 7 7 5 4 5 4 7 0 1 2 8 6 6 10
9 5 3 8 6 6 4 2 5 8 3 5 1 0 2 6 4 4 4 3 8 2 3 4 4 5 8 8 6 5 5 4 8 1 0 3 9 5 5 10
8 6 6 6 8 4 2 6 5 7 4 5 2 4 4 6 1 1 0 1 5 5 0 6 4 2 8 6 2 3 5 5 5 2 3 0 7 8 8 9
2 6 9 1 8 3 5 10 4 2 6 6 8 9 7 3 7 6 7 8 2 10 7 7 5 7 6 2 7 5 4 6 3 8 9 7 0 8 8 2
7 2 2 8 1 6 6 5 5 6 4 3 6 5 3 5 8 7 7 8 9 4 7 2 5 9 3 6 9 6 4 2 9 6 5 8 8 0 0 9
7 2 2 8 1 6 6 5 5 6 4 3 6 5 3 5 8 7 7 8 9 4 7 2 5 9 3 6 9 6 4 2 9 6 5 8 8 0 0 9
2 7 10 3 8 5 7 12 5 3 7 7 9 11 9 4 9 8 9 10 4 11 9 8 6 9 6 3 9 6 5 7 5 10 10 9 2 9 9 0
,
0 32 51 8 42 11 42 31 17 6 21 23 32 23 46 11 52 49 27 38 13 50 39 36 30 46 30 10 35 16 9 15 21 28 36 26 14 28 27 13
38 0 15 18 13 18 29 18 8 14 15 6 23 38 19 9 24 35 35 20 36 13 23 8 7 20 17 26 30 20 14 3 27 27 33 27 37 14 16 41
50 9 0 51 19 40 34 7 38 52 11 12 28 15 9 15 38 30 42 35 27 8 37 11 24 24 17 45 57 38 14 15 34 12 13 16 40 13 12 30
13 31 45 0 38 15 29 40 22 13 20 23 31 22 29 13 34 20 20 55 9 61 30 22 18 24 30 9 18 22 14 23 9 23 49 28 3 55 20 19
30 14 9 28 0 15 24 21 12 23 10 19 33 16 14 33 24 50 56 43 39 20 42 16 27 43 8 17 40 43 21 11 63 29 43 51 42 4 6 34
15 12 47 14 17 0 15 46 8 17 23 10 17 28 31 7 26 16 10 18 18 38 17 29 9 21 35 15 16 7 9 28 10 34 29 18 24 26 39 24
43 14 27 14 33 16 0 39 13 27 13 17 19 24 23 19 15 6 6 19 25 21 6 29 6 23 26 11 14 3 15 15 15 19 15 10 17 42 35 27
44 39 18 37 40 41 25 0 29 39 32 36 26 7 17 35 36 42 28 19 42 2 20 17 24 24 25 55 57 24 20 18 30 9 9 24 57 29 19 53
9 15 29 13 27 10 14 44 0 16 16 7 20 37 11 3 35 25 13 33 27 33 34 11 5 39 15 12 27 16 2 16 25 15 40 22 24 31 29 30
5 20 29 10 31 13 20 63 7 0 33 12 25 47 30 6 48 25 19 48 21 49 36 24 16 21 26 3 31 31 7 13 17 21 44 39 11 27 32 10
29 7 9 25 28 12 12 32 7 35 0 5 10 9 8 12 28 11 26 26 24 11 23 12 9 29 22 18 26 19 13 8 29 8 8 22 44 10 28 54
35 5 15 21 12 23 21 21 7 13 10 0 19 16 10 7 43 30 31 44 37 16 35 9 7 41 11 28 32 21 10 3 31 30 28 39 18 20 9 35
35 22 19 48 18 34 19 26 34 51 12 21 0 8 16 28 11 18 11 9 35 10 9 23 10 12 49 46 16 10 14 30 44 2 4 8 55 40 22 45
41 23 22 56 34 16 22 11 31 28 10 18 11 0 17 27 25 12 26 17 26 8 17 17 20 15 35 37 21 17 23 29 33 8 1 12 56 21 33 72
52 17 10 22 23 15 12 10 16 16 4 13 8 6 0 13 28 28 16 18 37 12 17 9 9 23 16 24 34 20 9 8 30 7 14 20 19 13 24 66
14 12 31 9 31 12 11 41 3 9 15 11 31 46 18 0 34 14 17 46 15 31 35 21 7 37 10 8 18 12 8 14 18 36 24 24 8 18 14 22
30 30 52 32 29 29 18 36 17 42 33 20 9 26 29 41 0 5 5 12 27 27 9 25 30 5 32 21 8 13 38 47 23 21 15 6 23 33 61 34
24 25 39 15 18 20 5 27 16 14 11 22 12 21 29 31 8 0 6 16 30 30 5 22 16 9 49 23 8 4 28 36 23 8 17 4 37 50 42 48
24 36 19 19 47 23 13 15 19 38 22 25 12 22 25 29 5 6 0 11 20 26 4 32 27 9 46 35 12 17 16 37 21 18 19 1 39 23 41 58
45 32 33 24 39 31 18 31 20 26 21 39 13 21 13 41 6 16 6 0 35 17 5 21 15 13 45 50 17 18 39 21 30 15 21 7 25 36 31 68
16 19 39 11 47 9 10 67 29 13 21 30 43 51 35 16 30 15 23 35 0 42 33 47 12 38 29 13 31 19 25 31 2 27 25 17 16 28 40 21
60 27 14 42 27 24 28 4 15 39 13 14 11 12 7 53 20 28 21 19 27 0 36 22 30 49 38 58 54 34 42 12 50 13 12 18 71 32 17 55
53 41 36 36 34 15 10 34 35 28 9 30 6 11 14 28 10 6 3 5 26 31 0 26 10 7 39 43 19 9 17 14 38 8 14 1 42 18 33 66
17 8 9 20 13 12 28 26 17 27 11 7 20 26 11 19 16 26 21 36 31 16 38 0 11 30 14 20 23 29 11 3 31 18 18 27 44 6 6 37
25 13 23 10 15 11 8 31 3 19 4 12 25 24 20 9 26 15 19 20 20 38 19 15 0 29 12 15 29 13 8 13 15 20 14 27 13 20 24 32
44 40 57 35 49 15 10 22 16 31 28 25 27 35 42 28 5 16 8 9 24 22 11 46 39 0 66 30 6 19 22 44 27 23 21 6 22 59 60 30
27 7 22 44 6 14 26 25 17 16 33 18 28 50 16 23 46 25 56 26 50 37 61 12 30 34 0 25 61 17 15 17 47 36 49 30 44 11 14 27
7 22 32 4 37 14 27 50 6 5 31 17 46 51 23 6 47 21 21 47 11 27 18 36 19 30 17 0 32 27 13 29 19 27 27 26 12 19 22 16
46 41 33 31 28 12 19 36 19 52 24 42 14 22 20 42 6 6 8 18 25 28 9 25 19 4 48 47 0 19 35 18 19 28 35 14 31 25 60 53
21 16 36 16 26 7 5 31 10 22 12 26 18 32 23 13 14 8 7 26 24 41 10 17 6 13 28 24 9 0 17 24 22 11 26 9 18 46 32 27
18 12 24 22 10 7 23 37 3 8 17 7 35 39 21 9 40 24 16 24 33 38 32 14 7 47 21 16 45 21 0 12 17 14 39 32 31 28 24 32
24 6 9 19 8 11 20 24 17 20 8 5 28 13 14 20 46 15 30 29 40 11 29 2 13 35 22 15 23 14 14 0 34 12 22 14 21 15 7 27
19 25 56 11 24 8 19 62 28 30 14 18 42 29 21 11 15 20 33 24 2 64 26 41 32 24 31 21 18 10 34 19 0 23 35 13 12 47 39 29
50 25 28 35 23 17 10 9 24 35 13 24 3 7 14 22 14 14 8 8 36 18 6 10 26 17 29 31 18 16 31 19 27 0 5 8 27 32 18 55
65 27 13 22 29 30 18 8 32 29 19 34 7 1 9 25 15 13 27 21 36 14 13 24 26 15 34 55 30 17 14 24 29 7 0 13 62 31 32 70
47 45 16 43 44 14 10 36 31 38 25 23 9 27 25 17 4 6 2 4 14 26 3 28 14 8 28 22 14 13 36 33 34 13 18 0 19 33 42 26
7 32 37 6 28 24 36 49 11 11 22 18 24 24 49 22 21 27 51 37 13 55 23 22 31 33 36 12 42 19 18 41 15 34 56 24 0 58 37 8
52 14 10 35 6 29 46 33 22 38 21 16 15 32 12 23 59 29 24 24 46 24 28 8 33 24 9 44 69 23 18 16 57 37 24 20 52 0 0 58
22 12 14 57 6 42 45 22 35 32 24 19 20 23 19 34 34 18 22 48 30 32 39 10 27 65 19 28 69 24 17 14 35 16 32 28 48 0 0 33
6 30 31 20 58 28 19 31 31 22 50 19 69 39 25 30 59 24 50 52 24 46 29 27 33 63 45 12 63 30 15 49 22 30 78 55 11 30 63 0