7
40
,
0 (47.0, 12.0) 13.0
1 (35.0, 34.0) 20.0
2 (24.0, 46.0) 11.0
3 (35.0, 6.0) 23.0
4 (40.0, 42.0) 36.0
5 (28.0, 15.0) 22.0
6 (18.0, 19.0) 24.0
7 (12.0, 48.0) 43.0
8 (33.0, 22.0) 39.0
9 (42.0, 15.0) 14.0
10 (24.0, 30.0) 33.0
11 (32.0, 31.0) 26.0
12 (11.0, 30.0) 38.0
13 (10.0, 38.0) 10.0
14 (21.0, 36.0) 28.0
15 (36.0, 18.0) 16.0
16 (6.0, 16.0) 23.0
17 (14.0, 18.0) 21.0
18 (9.0, 19.0) 11.0
19 (3.0, 24.0) 16.0
20 (28.0, 2.0) 35.0
21 (14.0, 46.0) 39.0
22 (9.0, 22.0) 39.0
23 (30.0, 37.0) 16.0
24 (27.0, 24.0) 23.0
25 (4.0, 12.0) 28.0
26 (48.0, 34.0) 36.0
27 (39.0, 13.0) 39.0
28 (7.0, 9.0) 12.0
29 (21.0, 17.0) 22.0
30 (34.0, 24.0) 27.0
31 (31.0, 35.0) 21.0
32 (25.0, 2.0) 42.0
33 (11.0, 32.0) 23.0
34 (10.0, 37.0) 49.0
35 (8.0, 20.0) 46.0
36 (40.0, 4.0) 26.0
37 (36.0, 45.0) 15.0
38 (36.0, 45.0) 23.0
39 (50.0, 3.0) 21.0
,
0 5 8 3 6 4 6 10 3 1 6 5 8 9 7 3 8 7 8 9 4 9 8 6 5 9 4 2 8 5 4 6 5 8 9 8 2 7 7 2
5 0 3 6 2 4 5 5 2 4 2 1 5 5 3 3 7 5 6 7 7 5 6 1 3 8 3 4 8 4 2 1 7 5 5 6 6 2 2 7
8 3 0 8 3 6 6 2 5 7 3 3 4 3 2 6 7 6 6 6 9 2 6 2 4 8 5 7 8 6 5 3 9 4 3 6 9 2 2 10
3 6 8 0 7 2 4 10 3 2 5 5 7 8 7 2 6 5 6 7 2 9 6 6 4 6 6 2 6 4 4 6 2 7 8 6 1 8 8 3
6 2 3 7 0 6 6 6 4 5 4 3 6 6 4 5 9 7 8 8 8 5 7 2 4 9 2 6 9 6 4 2 9 6 6 8 8 1 1 8
4 4 6 2 6 0 2 7 2 3 3 3 5 6 4 2 4 3 4 5 3 7 4 4 2 5 6 2 4 1 2 4 3 5 6 4 3 6 6 5
6 5 6 4 6 2 0 6 3 5 3 4 3 4 3 4 2 1 2 3 4 5 2 4 2 3 7 4 3 1 3 4 4 3 4 2 5 6 6 7
10 5 2 10 6 7 6 0 7 9 4 5 4 2 3 8 7 6 6 5 10 1 5 4 6 7 8 9 8 6 7 5 10 3 2 6 10 5 5 12
3 2 5 3 4 2 3 7 0 2 2 2 5 6 4 1 6 4 5 6 4 6 5 3 1 6 4 2 6 3 0 3 4 5 5 5 4 5 5 5
1 4 7 2 5 3 5 9 2 0 5 4 7 8 6 1 7 6 7 8 4 8 7 5 3 8 4 1 7 4 2 5 4 7 8 7 2 6 6 3
6 2 3 5 4 3 3 4 2 5 0 2 3 3 1 3 5 3 4 4 6 4 3 2 1 5 5 5 5 3 2 2 6 3 3 4 6 4 4 7
5 1 3 5 3 3 4 5 2 4 2 0 4 5 2 3 6 4 5 6 6 5 5 1 2 7 3 4 7 4 1 1 6 4 5 5 6 3 3 7
8 5 4 7 6 5 3 4 5 7 3 4 0 2 2 6 3 2 2 2 7 3 2 4 3 4 7 7 4 3 5 4 6 0 1 2 8 6 6 9
9 5 3 8 6 6 4 2 6 8 3 5 2 0 2 7 4 4 4 3 8 2 3 4 4 5 8 8 6 5 6 4 8 1 0 4 9 5 5 11
7 3 2 7 4 4 3 3 4 6 1 2 2 2 0 5 5 4 4 4 7 2 4 2 3 6 5 6 6 4 4 2 7 2 2 4 7 3 3 9
3 3 6 2 5 2 4 8 1 1 3 3 6 7 5 0 6 4 5 7 4 7 5 4 2 7 4 1 6 3 1 4 4 6 6 6 3 5 5 4
8 7 7 6 9 4 2 7 6 7 5 6 3 4 5 6 0 2 1 2 5 6 1 6 4 1 9 7 1 3 6 6 5 3 4 1 7 8 8 9
7 5 6 5 7 3 1 6 4 6 3 4 2 4 4 4 2 0 1 3 4 6 1 5 3 2 8 5 2 1 4 5 4 3 4 1 6 7 7 8
8 6 6 6 8 4 2 6 5 7 4 5 2 4 4 5 1 1 0 2 5 5 1 6 4 2 8 6 2 2 5 5 5 3 4 0 7 7 7 9
9 7 6 7 8 5 3 5 6 8 4 6 2 3 4 7 2 3 2 0 7 5 1 6 5 2 9 8 3 4 6 6 6 2 3 1 8 8 8 10
4 7 9 2 8 3 4 10 4 4 6 6 7 8 7 4 5 4 5 7 0 9 6 7 4 5 8 3 4 3 5 7 1 7 8 5 2 9 9 4
9 5 2 9 5 7 5 1 6 8 4 5 3 2 2 7 6 6 5 5 9 0 5 4 5 7 7 8 8 6 6 4 9 3 2 5 10 4 4 11
8 6 6 6 7 4 2 5 5 7 3 5 2 3 4 5 1 1 1 1 6 5 0 5 4 2 8 6 3 3 5 5 5 2 3 0 7 7 7 9
6 1 2 6 2 4 4 4 3 5 2 1 4 4 2 4 6 5 6 6 7 4 5 0 3 7 4 5 7 4 3 0 7 4 4 6 7 2 2 8
5 3 4 4 4 2 2 6 1 3 1 2 3 4 3 2 4 3 4 5 4 5 4 3 0 5 5 3 5 2 1 2 4 4 4 4 5 5 5 6
9 8 8 6 9 5 3 7 6 8 5 7 4 5 6 7 1 2 2 2 5 7 2 7 5 0 10 7 1 4 6 7 5 4 5 2 7 9 9 9
4 3 5 6 2 6 7 8 4 4 5 3 7 8 5 4 9 8 8 9 8 7 8 4 5 10 0 5 10 6 3 3 8 7 8 8 6 3 3 6
2 4 7 2 6 2 4 9 2 1 5 4 7 8 6 1 7 5 6 8 3 8 6 5 3 7 5 0 6 4 2 5 4 7 8 6 2 6 6 3
8 8 8 6 9 4 3 8 6 7 5 7 4 6 6 6 1 2 2 3 4 8 3 7 5 1 10 6 0 3 6 7 4 5 6 2 7 9 9 9
5 4 6 4 6 1 1 6 3 4 3 4 3 5 4 3 3 1 2 4 3 6 3 4 2 4 6 4 3 0 3 4 3 4 5 3 5 6 6 6
4 2 5 4 4 2 3 7 0 2 2 1 5 6 4 1 6 4 5 6 5 6 5 3 1 6 3 2 6 3 0 2 5 5 5 5 4 4 4 5
6 1 3 6 2 4 4 5 3 5 2 1 4 4 2 4 6 5 5 6 7 4 5 0 2 7 3 5 7 4 2 0 7 4 4 5 6 2 2 7
5 7 9 2 9 3 4 10 4 4 6 6 6 8 7 4 5 4 5 6 1 9 5 7 4 5 8 4 4 3 5 7 0 7 8 5 3 9 9 5
8 5 4 7 6 5 3 3 5 7 3 4 0 1 2 6 3 3 3 2 7 3 2 4 4 4 7 7 5 4 5 4 7 0 1 2 8 6 6 10
9 5 3 8 6 6 4 2 5 8 3 5 1 0 2 6 4 4 4 3 8 2 3 4 4 5 8 8 6 5 5 4 8 1 0 3 9 5 5 10
8 6 6 6 8 4 2 6 5 7 4 5 2 4 4 6 1 1 0 1 5 5 0 6 4 2 8 6 2 3 5 5 5 2 3 0 7 8 8 9
2 6 9 1 8 3 5 10 4 2 6 6 8 9 7 3 7 6 7 8 2 10 7 7 5 7 6 2 7 5 4 6 3 8 9 7 0 8 8 2
7 2 2 8 1 6 6 5 5 6 4 3 6 5 3 5 8 7 7 8 9 4 7 2 5 9 3 6 9 6 4 2 9 6 5 8 8 0 0 9
7 2 2 8 1 6 6 5 5 6 4 3 6 5 3 5 8 7 7 8 9 4 7 2 5 9 3 6 9 6 4 2 9 6 5 8 8 0 0 9
2 7 10 3 8 5 7 12 5 3 7 7 9 11 9 4 9 8 9 10 4 11 9 8 6 9 6 3 9 6 5 7 5 10 10 9 2 9 9 0
,
0 31 56 19 17 12 31 54 17 6 15 28 42 53 35 11 59 18 34 67 21 48 39 45 16 31 12 10 42 20 21 20 26 44 52 42 11 50 18 14
36 0 24 22 8 26 30 39 16 19 16 6 18 33 17 14 33 34 41 19 27 27 19 9 14 38 9 32 54 29 14 5 34 16 24 37 18 9 9 32
37 23 0 46 12 29 24 8 20 19 23 21 17 21 14 28 39 36 27 20 55 14 18 14 29 46 32 51 47 24 27 9 23 27 19 29 46 12 6 67
9 19 28 0 22 15 31 28 21 7 25 24 20 58 18 16 32 22 20 38 7 56 36 35 26 41 17 11 42 25 22 40 14 39 37 43 6 35 56 21
43 11 20 53 0 35 19 16 21 34 12 18 41 29 18 19 33 19 24 52 26 26 35 12 30 69 9 28 34 38 13 14 26 16 30 53 46 5 4 52
20 26 47 14 37 0 13 44 7 12 15 21 19 16 18 9 19 15 19 37 15 19 11 21 6 14 20 7 13 5 8 23 16 29 41 19 23 42 44 25
44 16 18 27 24 11 0 41 12 15 9 11 8 18 24 9 17 6 7 18 17 30 9 16 9 19 49 20 15 3 9 26 24 13 22 9 16 23 16 39
35 35 18 51 32 36 25 0 26 64 31 34 11 7 19 53 47 43 20 25 57 3 22 27 20 44 30 57 26 42 20 22 52 20 13 41 38 24 35 35
24 15 37 18 23 6 10 43 0 17 8 7 17 17 9 3 26 21 33 35 14 17 28 14 6 44 21 10 21 11 1 13 18 35 27 33 26 12 16 24
5 18 33 7 14 17 27 57 16 0 33 21 36 37 28 8 34 18 38 43 11 60 34 24 21 35 20 2 44 27 11 30 31 30 31 35 17 29 26 8
35 14 14 22 25 14 14 12 6 32 0 5 17 14 5 14 26 19 14 22 42 10 23 7 8 40 36 12 32 8 13 9 30 17 12 20 16 13 10 28
32 4 12 25 10 23 25 25 7 26 6 0 27 13 11 12 35 27 13 31 29 25 14 9 11 44 14 12 47 14 5 4 23 16 15 33 41 12 12 24
42 19 24 22 42 31 10 18 27 41 18 27 0 7 9 42 18 9 11 8 27 8 12 27 20 26 24 21 28 21 14 22 34 1 5 8 44 24 25 29
27 35 12 54 33 33 12 14 38 47 20 21 7 0 10 40 32 29 27 13 53 8 10 18 16 34 49 29 38 31 34 18 22 6 1 13 59 33 18 44
25 17 11 49 27 25 9 18 11 41 10 8 13 14 0 13 13 12 31 31 28 13 19 8 18 24 28 16 34 15 11 8 47 9 6 12 51 15 24 33
18 24 21 7 15 10 11 54 4 8 16 8 20 44 17 0 41 28 22 26 24 36 16 24 12 40 15 5 18 17 6 9 23 23 30 18 15 15 34 24
25 43 25 19 51 18 13 31 25 29 29 37 15 24 23 39 0 12 3 9 35 28 9 23 12 5 50 46 8 17 30 24 20 21 27 6 41 60 22 26
37 29 29 29 25 17 4 27 22 40 18 14 10 13 17 25 5 0 7 12 18 33 5 30 16 7 42 19 10 5 31 27 28 10 10 4 36 46 25 33
26 22 23 34 37 12 5 35 25 19 21 17 14 10 11 28 2 5 0 7 28 38 2 32 17 7 55 29 9 7 14 29 16 12 15 1 51 36 19 24
49 48 28 35 46 16 20 21 36 57 22 44 9 19 32 42 8 15 11 0 25 33 8 31 12 11 25 53 21 15 25 20 25 7 8 8 29 24 32 27
23 49 58 9 28 15 29 65 19 11 17 21 30 53 45 21 30 28 30 31 0 37 38 51 18 34 56 18 29 13 23 29 2 25 34 17 13 52 56 17
61 30 7 62 28 20 16 2 21 57 18 34 11 11 17 35 20 27 33 22 69 0 33 13 35 18 31 62 40 33 42 19 32 21 11 20 30 24 22 73
32 27 33 40 40 28 5 22 27 32 21 36 6 12 26 35 5 8 4 6 31 18 0 24 25 14 45 20 12 19 22 14 13 11 14 3 48 32 37 28
45 8 10 21 10 27 24 21 12 34 10 7 30 18 13 20 37 13 31 37 27 24 24 0 19 36 19 22 45 29 7 3 43 23 22 16 23 6 10 41
24 16 15 28 20 9 6 18 6 17 5 11 12 18 18 15 27 8 20 23 14 28 19 11 0 38 19 11 23 11 10 14 17 11 13 16 30 22 26 43
61 20 27 44 62 34 22 36 17 27 25 21 16 25 15 21 4 6 13 6 19 39 7 42 18 0 53 24 3 16 33 21 33 19 18 8 55 48 58 55
13 14 34 22 15 17 29 50 20 11 28 9 23 43 19 10 54 36 60 32 54 50 26 16 16 27 0 16 63 23 12 23 50 46 45 36 45 10 11 39
5 14 50 7 39 6 14 42 11 4 19 24 17 33 41 4 28 32 26 39 16 25 41 17 17 29 14 0 19 12 16 22 18 32 24 22 13 38 47 9
36 31 39 32 65 32 18 57 37 40 29 28 22 27 16 43 4 10 13 22 18 51 10 42 20 5 35 22 0 18 41 25 18 34 18 14 29 31 51 33
25 23 19 25 45 7 4 44 7 25 13 15 23 13 22 8 12 9 14 29 19 28 15 19 14 27 18 22 22 0 16 24 10 11 13 17 21 36 16 39
21 11 14 21 17 14 20 34 3 14 14 11 35 32 26 7 40 31 13 34 27 33 18 16 6 48 17 18 25 20 0 11 14 26 21 24 15 23 26 22
42 2 17 38 15 13 18 28 13 12 11 2 25 22 13 20 31 14 35 29 38 13 32 2 13 34 15 17 26 30 12 0 27 12 20 38 34 7 10 45
15 44 46 9 35 19 12 46 21 27 23 32 37 51 31 11 19 15 13 29 2 59 23 44 17 21 47 24 13 16 29 48 0 43 29 27 17 43 29 29
54 14 15 32 17 18 14 18 30 47 9 11 2 9 9 33 18 21 7 10 22 8 8 22 12 18 39 45 23 20 31 22 37 0 6 12 24 39 31 69
34 28 13 56 43 27 12 15 31 21 18 33 4 1 8 42 12 18 17 15 46 7 15 25 19 32 43 46 33 23 35 25 41 5 0 23 34 20 38 27
46 43 22 23 53 17 12 37 23 46 20 23 7 24 16 16 4 5 1 7 26 30 1 14 20 5 32 44 11 9 33 25 37 8 16 0 21 54 28 45
11 45 29 7 53 23 30 77 11 12 45 35 54 63 26 16 41 37 32 26 9 53 39 23 24 40 39 9 38 22 23 34 21 29 25 45 0 56 60 10
30 11 17 40 4 26 28 17 22 26 24 14 32 39 16 26 49 46 21 22 54 32 23 7 33 53 22 23 35 22 22 12 26 26 21 26 37 0 0 38
43 9 13 20 6 16 47 13 12 41 21 18 21 17 13 15 47 24 43 32 51 32 31 14 20 64 15 37 44 43 28 14 42 17 18 38 27 0 0 40
5 27 68 16 42 38 44 69 17 10 29 17 58 59 45 26 57 49 41 63 25 31 54 35 23 36 21 22 35 45 30 24 22 35 35 29 10 46 33 0