7
40
,
0 (47.0, 12.0) 15.0
1 (35.0, 34.0) 30.0
2 (24.0, 46.0) 13.0
3 (35.0, 6.0) 12.0
4 (40.0, 42.0) 11.0
5 (28.0, 15.0) 43.0
6 (18.0, 19.0) 29.0
7 (12.0, 48.0) 37.0
8 (33.0, 22.0) 14.0
9 (42.0, 15.0) 11.0
10 (24.0, 30.0) 27.0
11 (32.0, 31.0) 20.0
12 (11.0, 30.0) 16.0
13 (10.0, 38.0) 15.0
14 (21.0, 36.0) 11.0
15 (36.0, 18.0) 41.0
16 (6.0, 16.0) 39.0
17 (14.0, 18.0) 17.0
18 (9.0, 19.0) 22.0
19 (3.0, 24.0) 41.0
20 (28.0, 2.0) 26.0
21 (14.0, 46.0) 45.0
22 (9.0, 22.0) 10.0
23 (30.0, 37.0) 11.0
24 (27.0, 24.0) 18.0
25 (4.0, 12.0) 23.0
26 (48.0, 34.0) 46.0
27 (39.0, 13.0) 29.0
28 (7.0, 9.0) 26.0
29 (21.0, 17.0) 38.0
30 (34.0, 24.0) 49.0
31 (31.0, 35.0) 15.0
32 (25.0, 2.0) 46.0
33 (11.0, 32.0) 16.0
34 (10.0, 37.0) 11.0
35 (8.0, 20.0) 18.0
36 (40.0, 4.0) 34.0
37 (36.0, 45.0) 24.0
38 (36.0, 45.0) 35.0
39 (50.0, 3.0) 15.0
,
0 5 8 3 6 4 6 10 3 1 6 5 8 9 7 3 8 7 8 9 4 9 8 6 5 9 4 2 8 5 4 6 5 8 9 8 2 7 7 2
5 0 3 6 2 4 5 5 2 4 2 1 5 5 3 3 7 5 6 7 7 5 6 1 3 8 3 4 8 4 2 1 7 5 5 6 6 2 2 7
8 3 0 8 3 6 6 2 5 7 3 3 4 3 2 6 7 6 6 6 9 2 6 2 4 8 5 7 8 6 5 3 9 4 3 6 9 2 2 10
3 6 8 0 7 2 4 10 3 2 5 5 7 8 7 2 6 5 6 7 2 9 6 6 4 6 6 2 6 4 4 6 2 7 8 6 1 8 8 3
6 2 3 7 0 6 6 6 4 5 4 3 6 6 4 5 9 7 8 8 8 5 7 2 4 9 2 6 9 6 4 2 9 6 6 8 8 1 1 8
4 4 6 2 6 0 2 7 2 3 3 3 5 6 4 2 4 3 4 5 3 7 4 4 2 5 6 2 4 1 2 4 3 5 6 4 3 6 6 5
6 5 6 4 6 2 0 6 3 5 3 4 3 4 3 4 2 1 2 3 4 5 2 4 2 3 7 4 3 1 3 4 4 3 4 2 5 6 6 7
10 5 2 10 6 7 6 0 7 9 4 5 4 2 3 8 7 6 6 5 10 1 5 4 6 7 8 9 8 6 7 5 10 3 2 6 10 5 5 12
3 2 5 3 4 2 3 7 0 2 2 2 5 6 4 1 6 4 5 6 4 6 5 3 1 6 4 2 6 3 0 3 4 5 5 5 4 5 5 5
1 4 7 2 5 3 5 9 2 0 5 4 7 8 6 1 7 6 7 8 4 8 7 5 3 8 4 1 7 4 2 5 4 7 8 7 2 6 6 3
6 2 3 5 4 3 3 4 2 5 0 2 3 3 1 3 5 3 4 4 6 4 3 2 1 5 5 5 5 3 2 2 6 3 3 4 6 4 4 7
5 1 3 5 3 3 4 5 2 4 2 0 4 5 2 3 6 4 5 6 6 5 5 1 2 7 3 4 7 4 1 1 6 4 5 5 6 3 3 7
8 5 4 7 6 5 3 4 5 7 3 4 0 2 2 6 3 2 2 2 7 3 2 4 3 4 7 7 4 3 5 4 6 0 1 2 8 6 6 9
9 5 3 8 6 6 4 2 6 8 3 5 2 0 2 7 4 4 4 3 8 2 3 4 4 5 8 8 6 5 6 4 8 1 0 4 9 5 5 11
7 3 2 7 4 4 3 3 4 6 1 2 2 2 0 5 5 4 4 4 7 2 4 2 3 6 5 6 6 4 4 2 7 2 2 4 7 3 3 9
3 3 6 2 5 2 4 8 1 1 3 3 6 7 5 0 6 4 5 7 4 7 5 4 2 7 4 1 6 3 1 4 4 6 6 6 3 5 5 4
8 7 7 6 9 4 2 7 6 7 5 6 3 4 5 6 0 2 1 2 5 6 1 6 4 1 9 7 1 3 6 6 5 3 4 1 7 8 8 9
7 5 6 5 7 3 1 6 4 6 3 4 2 4 4 4 2 0 1 3 4 6 1 5 3 2 8 5 2 1 4 5 4 3 4 1 6 7 7 8
8 6 6 6 8 4 2 6 5 7 4 5 2 4 4 5 1 1 0 2 5 5 1 6 4 2 8 6 2 2 5 5 5 3 4 0 7 7 7 9
9 7 6 7 8 5 3 5 6 8 4 6 2 3 4 7 2 3 2 0 7 5 1 6 5 2 9 8 3 4 6 6 6 2 3 1 8 8 8 10
4 7 9 2 8 3 4 10 4 4 6 6 7 8 7 4 5 4 5 7 0 9 6 7 4 5 8 3 4 3 5 7 1 7 8 5 2 9 9 4
9 5 2 9 5 7 5 1 6 8 4 5 3 2 2 7 6 6 5 5 9 0 5 4 5 7 7 8 8 6 6 4 9 3 2 5 10 4 4 11
8 6 6 6 7 4 2 5 5 7 3 5 2 3 4 5 1 1 1 1 6 5 0 5 4 2 8 6 3 3 5 5 5 2 3 0 7 7 7 9
6 1 2 6 2 4 4 4 3 5 2 1 4 4 2 4 6 5 6 6 7 4 5 0 3 7 4 5 7 4 3 0 7 4 4 6 7 2 2 8
5 3 4 4 4 2 2 6 1 3 1 2 3 4 3 2 4 3 4 5 4 5 4 3 0 5 5 3 5 2 1 2 4 4 4 4 5 5 5 6
9 8 8 6 9 5 3 7 6 8 5 7 4 5 6 7 1 2 2 2 5 7 2 7 5 0 10 7 1 4 6 7 5 4 5 2 7 9 9 9
4 3 5 6 2 6 7 8 4 4 5 3 7 8 5 4 9 8 8 9 8 7 8 4 5 10 0 5 10 6 3 3 8 7 8 8 6 3 3 6
2 4 7 2 6 2 4 9 2 1 5 4 7 8 6 1 7 5 6 8 3 8 6 5 3 7 5 0 6 4 2 5 4 7 8 6 2 6 6 3
8 8 8 6 9 4 3 8 6 7 5 7 4 6 6 6 1 2 2 3 4 8 3 7 5 1 10 6 0 3 6 7 4 5 6 2 7 9 9 9
5 4 6 4 6 1 1 6 3 4 3 4 3 5 4 3 3 1 2 4 3 6 3 4 2 4 6 4 3 0 3 4 3 4 5 3 5 6 6 6
4 2 5 4 4 2 3 7 0 2 2 1 5 6 4 1 6 4 5 6 5 6 5 3 1 6 3 2 6 3 0 2 5 5 5 5 4 4 4 5
6 1 3 6 2 4 4 5 3 5 2 1 4 4 2 4 6 5 5 6 7 4 5 0 2 7 3 5 7 4 2 0 7 4 4 5 6 2 2 7
5 7 9 2 9 3 4 10 4 4 6 6 6 8 7 4 5 4 5 6 1 9 5 7 4 5 8 4 4 3 5 7 0 7 8 5 3 9 9 5
8 5 4 7 6 5 3 3 5 7 3 4 0 1 2 6 3 3 3 2 7 3 2 4 4 4 7 7 5 4 5 4 7 0 1 2 8 6 6 10
9 5 3 8 6 6 4 2 5 8 3 5 1 0 2 6 4 4 4 3 8 2 3 4 4 5 8 8 6 5 5 4 8 1 0 3 9 5 5 10
8 6 6 6 8 4 2 6 5 7 4 5 2 4 4 6 1 1 0 1 5 5 0 6 4 2 8 6 2 3 5 5 5 2 3 0 7 8 8 9
2 6 9 1 8 3 5 10 4 2 6 6 8 9 7 3 7 6 7 8 2 10 7 7 5 7 6 2 7 5 4 6 3 8 9 7 0 8 8 2
7 2 2 8 1 6 6 5 5 6 4 3 6 5 3 5 8 7 7 8 9 4 7 2 5 9 3 6 9 6 4 2 9 6 5 8 8 0 0 9
7 2 2 8 1 6 6 5 5 6 4 3 6 5 3 5 8 7 7 8 9 4 7 2 5 9 3 6 9 6 4 2 9 6 5 8 8 0 0 9
2 7 10 3 8 5 7 12 5 3 7 7 9 11 9 4 9 8 9 10 4 11 9 8 6 9 6 3 9 6 5 7 5 10 10 9 2 9 9 0
,
0 19 46 7 20 28 36 41 17 3 16 34 52 37 39 8 53 35 52 52 24 60 48 18 31 33 32 8 46 33 13 18 22 29 37 42 15 19 38 9
25 0 15 17 12 27 24 39 11 11 7 4 22 26 17 8 50 30 17 28 47 16 39 4 18 39 14 19 54 22 11 5 30 13 28 41 40 15 6 26
32 15 0 43 10 38 31 10 18 34 15 24 12 9 15 41 41 20 45 36 37 14 31 8 14 40 38 29 61 44 20 18 56 28 22 20 59 18 13 70
15 23 51 0 25 6 25 65 8 7 17 14 27 46 26 11 21 23 24 49 8 37 27 28 17 19 32 8 39 9 12 20 12 21 20 26 7 23 51 11
26 9 24 32 0 26 41 40 19 25 16 14 22 45 11 12 58 53 37 30 62 35 36 10 25 49 17 28 47 42 26 11 57 19 17 35 32 4 6 43
24 13 23 15 18 0 16 39 8 8 9 22 27 15 25 7 26 21 29 18 7 50 15 24 5 33 41 8 22 5 12 20 9 35 21 25 21 44 42 36
25 15 17 21 39 15 0 41 11 22 18 23 10 14 22 17 8 6 13 22 24 28 6 31 7 16 26 23 12 5 14 27 9 13 10 10 26 42 46 24
34 16 14 58 14 34 43 0 30 32 20 32 17 11 15 51 27 34 18 14 37 2 36 28 30 26 44 51 20 29 33 23 65 15 6 20 64 26 23 31
26 6 21 14 27 11 11 39 0 9 17 12 18 39 25 3 17 14 35 23 21 26 15 19 5 41 18 16 19 13 2 20 22 15 41 37 13 23 13 32
7 17 45 11 18 9 33 44 15 0 26 11 34 30 41 7 40 27 23 39 20 37 32 13 12 35 17 4 50 18 8 12 16 31 24 42 10 29 44 21
27 6 14 38 19 8 16 30 12 21 0 8 7 13 8 17 30 22 19 16 17 25 23 6 6 37 28 24 19 13 14 5 31 18 18 13 28 18 26 55
32 4 23 28 20 23 15 27 13 13 8 0 22 26 14 8 25 30 27 42 35 17 32 4 7 32 21 24 17 14 7 3 36 17 31 36 27 13 22 28
44 30 24 24 47 22 15 16 16 29 11 15 0 8 6 32 17 8 10 11 35 11 5 16 18 20 23 42 14 15 19 23 17 3 9 12 49 28 37 34
42 31 24 33 32 16 24 5 42 45 13 15 9 0 10 38 29 18 23 8 21 13 10 22 24 34 24 52 28 14 14 28 53 9 1 23 36 23 37 66
38 8 11 37 24 18 14 12 18 25 5 11 8 11 0 21 21 20 25 15 47 8 14 7 18 29 39 30 30 16 24 10 28 9 7 11 51 10 10 37
7 8 43 15 20 7 27 36 6 7 11 15 14 23 33 0 42 32 25 45 14 38 14 19 14 38 26 6 20 22 5 20 12 21 31 15 21 28 15 26
47 51 22 40 24 15 8 20 16 47 19 29 15 29 20 25 0 9 5 5 30 29 9 34 14 5 59 17 5 22 34 37 28 13 11 2 28 59 52 25
21 20 39 22 26 17 4 37 23 36 17 32 8 12 13 22 10 0 5 9 28 27 5 32 19 9 45 38 17 10 12 28 18 12 22 8 19 19 27 26
54 23 45 16 34 27 6 28 18 21 16 34 7 19 25 26 3 7 0 4 23 37 3 30 12 10 23 18 14 8 30 35 35 9 21 1 42 29 55 47
49 20 16 29 24 22 14 18 29 42 28 25 9 13 26 45 6 13 4 0 38 21 9 33 25 16 47 26 17 26 25 35 25 6 21 7 57 54 25 28
27 20 53 6 49 18 13 39 12 10 41 20 31 41 45 24 18 24 18 37 0 31 36 20 29 26 41 18 21 20 26 29 3 50 36 21 7 42 54 12
44 13 15 36 19 22 15 1 26 41 27 30 17 5 16 22 41 18 28 20 36 0 27 18 26 22 33 52 19 33 20 30 58 10 15 28 60 11 17 30
45 19 35 39 22 22 10 29 23 35 19 32 6 9 26 33 10 4 4 9 21 33 0 20 11 15 47 30 18 12 34 26 16 14 20 3 43 36 41 47
43 8 12 35 9 28 24 19 15 22 13 9 30 12 6 23 30 33 25 41 45 23 28 0 12 31 20 31 43 29 7 1 41 23 19 39 43 7 5 47
27 17 29 22 22 7 11 24 7 17 10 12 24 28 19 7 15 13 14 12 12 32 16 11 0 30 20 11 23 8 4 9 21 13 32 19 21 22 19 23
52 45 35 27 69 20 20 37 31 53 27 50 17 30 16 43 2 8 6 11 22 35 6 46 36 0 69 28 4 21 36 30 16 25 14 6 53 66 52 38
14 15 25 37 10 17 24 29 25 15 30 22 43 56 14 12 59 19 57 55 51 51 49 11 23 29 0 17 34 45 17 20 48 22 44 58 20 10 11 21
9 32 44 5 27 7 22 64 6 3 15 11 46 27 28 3 27 16 22 30 21 43 24 38 16 45 22 0 29 19 15 29 21 27 35 46 10 42 42 19
39 52 31 25 61 16 18 36 43 21 29 33 18 29 19 21 5 16 11 15 11 53 7 43 19 6 69 33 0 11 45 50 14 33 19 7 36 41 33 27
31 20 27 14 30 6 5 38 7 28 13 19 14 21 16 9 17 8 17 16 20 17 7 22 6 19 41 21 23 0 18 26 15 11 20 18 28 20 35 23
17 7 32 9 18 7 16 26 3 9 16 9 23 28 15 6 34 19 26 17 17 23 34 13 9 41 18 13 21 11 0 6 31 15 33 21 16 18 28 32
32 4 11 29 10 18 28 28 19 28 6 3 17 28 13 16 26 22 37 38 25 14 24 2 8 34 19 34 40 21 12 0 22 10 30 16 39 16 9 40
30 24 54 7 44 8 13 33 16 32 24 19 17 53 31 13 28 22 17 18 2 49 17 41 31 13 50 11 16 12 33 45 0 25 24 26 22 45 64 15
23 18 13 47 24 23 15 14 14 47 17 19 1 5 9 23 9 18 16 16 33 9 15 23 12 31 51 25 27 13 30 21 17 0 3 12 29 36 27 45
61 15 11 25 33 15 22 14 31 20 10 20 7 1 6 27 15 24 16 8 31 14 9 11 29 36 32 33 23 33 27 16 32 5 0 19 37 40 36 49
45 32 24 31 26 26 5 38 21 37 26 19 9 19 21 33 3 7 1 4 37 16 3 19 22 7 30 34 14 13 30 29 26 11 20 0 26 31 52 47
8 30 67 5 29 18 26 55 22 12 26 33 45 37 54 9 40 39 48 61 7 49 51 38 31 48 30 10 33 14 13 26 16 43 64 26 0 23 59 9
22 14 8 24 5 42 27 30 22 38 23 21 29 22 10 37 40 43 49 48 38 30 51 9 14 24 8 22 54 24 16 7 48 21 32 52 58 0 0 28
44 15 17 46 7 27 24 25 27 20 25 22 18 36 22 29 49 51 41 49 46 30 30 11 15 51 23 23 42 47 11 8 36 28 23 39 50 0 0 36
11 27 27 12 56 28 39 78 17 19 27 32 70 45 52 11 56 22 37 32 32 83 41 53 46 34 17 8 30 26 38 42 21 25 53 63 7 33 37 0