5
30
,
0 (20.0, 28.0) 62.0
1 (12.0, 25.0) 52.0
2 (12.0, 0.0) 44.0
3 (11.0, 49.0) 82.0
4 (10.0, 30.0) 57.0
5 (28.0, 15.0) 90.0
6 (46.0, 7.0) 30.0
7 (47.0, 9.0) 84.0
8 (49.0, 35.0) 88.0
9 (32.0, 40.0) 39.0
10 (35.0, 12.0) 84.0
11 (44.0, 37.0) 75.0
12 (18.0, 21.0) 58.0
13 (11.0, 6.0) 41.0
14 (5.0, 21.0) 53.0
15 (8.0, 17.0) 52.0
16 (9.0, 20.0) 77.0
17 (33.0, 47.0) 47.0
18 (50.0, 21.0) 45.0
19 (5.0, 19.0) 84.0
20 (28.0, 5.0) 32.0
21 (35.0, 17.0) 68.0
22 (11.0, 13.0) 43.0
23 (42.0, 7.0) 39.0
24 (31.0, 12.0) 73.0
25 (23.0, 30.0) 71.0
26 (47.0, 27.0) 83.0
27 (4.0, 31.0) 33.0
28 (22.0, 40.0) 77.0
29 (8.0, 34.0) 57.0
,
0 17 14 6 25 16 16 23 24 30 26 18 29 14 6 11 9 11 29 27 10 14 19 9 21 17 19 27 16 23 17 0
17 0 4 15 11 5 8 17 17 15 8 11 13 4 12 8 8 7 12 15 9 12 9 9 15 10 2 14 8 6 7 17
14 4 0 12 12 3 9 19 19 19 12 13 17 4 10 4 4 3 15 19 5 13 12 6 17 12 6 18 5 9 5 14
6 15 12 0 25 15 11 17 18 25 22 13 24 11 3 11 9 10 26 22 10 8 14 7 15 11 16 22 16 21 17 6
25 11 12 25 0 10 19 27 27 20 11 22 18 14 22 14 16 15 11 24 15 24 20 18 26 21 11 21 10 7 8 25
16 5 3 15 10 0 12 21 21 20 12 15 17 6 12 5 7 5 14 20 6 15 14 9 20 14 6 19 3 8 2 16
16 8 9 11 19 12 0 10 10 14 13 4 14 6 10 12 10 10 16 11 12 5 4 9 8 2 8 11 14 13 14 16
23 17 19 17 27 21 10 0 1 14 18 6 15 16 18 22 20 20 21 7 21 9 7 18 2 8 16 10 24 20 23 23
24 17 19 18 27 21 10 1 0 13 17 6 14 16 18 22 20 20 20 6 22 10 7 18 3 8 16 9 24 20 23 24
30 15 19 25 20 20 14 14 13 0 9 13 3 17 24 23 22 21 10 7 23 18 11 22 14 15 13 4 23 14 21 30
26 8 12 22 11 12 13 18 17 9 0 14 6 12 20 17 17 15 4 13 17 18 12 17 17 14 7 10 15 5 12 26
18 11 13 13 22 15 4 6 6 13 14 0 13 10 12 16 14 14 18 9 15 5 2 12 4 2 11 10 18 15 17 18
29 13 17 24 18 17 14 15 14 3 6 13 0 15 23 21 21 19 7 9 21 18 11 20 15 14 11 5 20 11 18 29
14 4 4 11 14 6 6 16 16 17 12 10 15 0 8 6 5 5 15 16 7 9 9 5 14 8 5 15 9 10 8 14
6 12 10 3 22 12 10 18 18 24 20 12 23 8 0 8 6 7 23 21 7 9 13 4 16 10 13 21 13 18 14 6
11 8 4 11 14 5 12 22 22 23 17 16 21 6 8 0 2 2 19 22 1 14 15 5 20 14 10 21 5 13 7 11
9 8 4 9 16 7 10 20 20 22 17 14 21 5 6 2 0 2 20 21 2 12 14 2 18 12 10 20 7 13 8 9
11 7 3 10 15 5 10 20 20 21 15 14 19 5 7 2 2 0 18 21 2 12 13 4 18 12 9 19 6 12 7 11
29 12 15 26 11 14 16 21 20 10 4 18 7 15 23 19 20 18 0 16 20 21 15 20 20 18 10 12 17 7 14 29
27 15 19 22 24 20 11 7 6 7 13 9 9 16 21 22 21 21 16 0 23 14 8 20 8 11 14 3 24 17 22 27
10 9 5 10 15 6 12 21 22 23 17 15 21 7 7 1 2 2 20 23 0 13 15 4 19 13 11 21 6 14 8 10
14 12 13 8 24 15 5 9 10 18 18 5 18 9 9 14 12 12 21 14 13 0 7 9 7 4 13 15 18 18 18 14
19 9 12 14 20 14 4 7 7 11 12 2 11 9 13 15 14 13 15 8 15 7 0 12 6 3 9 8 17 13 16 19
9 9 6 7 18 9 9 18 18 22 17 12 20 5 4 5 2 4 20 20 4 9 12 0 16 10 10 19 10 15 11 9
21 15 17 15 26 20 8 2 3 14 17 4 15 14 16 20 18 18 20 8 19 7 6 16 0 6 15 10 22 19 22 21
17 10 12 11 21 14 2 8 8 15 14 2 14 8 10 14 12 12 18 11 13 4 3 10 6 0 10 11 17 15 16 17
19 2 6 16 11 6 8 16 16 13 7 11 11 5 13 10 10 9 10 14 11 13 9 10 15 10 0 12 10 5 8 19
27 14 18 22 21 19 11 10 9 4 10 10 5 15 21 21 20 19 12 3 21 15 8 19 10 11 12 0 22 14 20 27
16 8 5 16 10 3 14 24 24 23 15 18 20 9 13 5 7 6 17 24 6 18 17 10 22 17 10 22 0 10 2 16
23 6 9 21 7 8 13 20 20 14 5 15 11 10 18 13 13 12 7 17 14 18 13 15 19 15 5 14 10 0 8 23
17 7 5 17 8 2 14 23 23 21 12 17 18 8 14 7 8 7 14 22 8 18 16 11 22 16 8 20 2 8 0 17
0 17 14 6 25 16 16 23 24 30 26 18 29 14 6 11 9 11 29 27 10 14 19 9 21 17 19 27 16 23 17 0
,
0 29 37 15 53 28 16 45 58 84 47 51 65 29 12 25 15 20 67 53 16 30 46 23 58 29 25 41 34 40 36 0
32 0 5 30 26 5 15 40 33 33 23 22 19 10 20 20 15 10 25 29 16 29 17 20 16 24 3 18 15 17 10 35
22 5 0 23 15 7 18 48 55 29 27 14 47 10 22 6 8 4 20 22 11 15 29 11 21 26 17 48 6 25 11 29
18 17 31 0 49 36 27 47 23 62 48 17 68 19 8 16 25 24 48 39 24 23 35 14 37 13 23 28 40 25 43 15
46 23 13 27 0 21 50 56 73 36 32 56 39 36 52 31 19 26 15 41 37 40 51 49 60 51 21 39 19 21 11 51
30 15 5 31 26 0 17 61 33 29 32 20 25 6 26 11 12 6 23 59 11 42 38 14 58 15 7 54 4 19 5 16
16 13 28 13 23 22 0 11 27 19 24 6 16 13 10 35 26 15 47 29 21 8 10 9 19 4 10 23 19 23 31 25
45 32 51 30 51 29 29 0 3 39 19 9 35 37 39 43 36 58 40 21 38 20 12 37 5 9 34 29 39 32 46 42
45 36 40 37 48 34 27 3 0 20 18 17 27 36 49 49 32 30 42 15 46 28 16 36 7 16 36 20 56 46 48 42
67 20 36 56 48 39 23 16 25 0 20 31 3 41 30 66 27 55 14 12 49 35 34 24 37 40 29 8 65 18 23 67
42 24 23 24 29 18 28 38 38 11 0 39 16 31 48 40 29 31 5 31 29 40 18 23 42 18 17 29 35 9 37 51
33 22 39 35 43 16 6 14 10 28 15 0 25 20 24 38 27 40 46 10 44 13 5 25 12 4 15 18 49 16 43 19
41 31 37 59 21 41 19 43 25 4 13 22 0 40 34 33 46 28 21 20 42 42 25 23 36 21 21 5 40 28 50 61
18 6 7 27 18 7 14 37 44 18 27 11 15 0 11 14 10 13 17 27 13 12 22 8 19 15 11 21 22 27 19 27
18 19 26 3 26 34 16 38 42 36 51 23 66 21 0 9 7 16 41 52 13 25 32 7 18 15 13 60 21 20 19 12
13 15 9 27 23 15 19 45 26 52 22 45 38 11 19 0 5 3 21 50 3 22 24 12 31 20 20 32 11 23 17 15
20 11 8 11 35 14 13 50 24 50 21 37 41 6 15 4 0 2 23 46 5 24 33 6 43 27 13 29 16 30 24 19
19 8 7 24 42 8 23 26 21 35 43 36 25 10 16 4 3 0 44 52 5 26 32 8 24 15 14 25 8 27 7 14
60 14 43 43 17 32 44 23 24 25 5 24 11 27 62 57 29 43 0 36 44 33 32 24 46 21 27 27 35 14 41 56
57 34 20 60 31 57 23 20 16 15 29 26 16 31 50 40 24 32 38 0 57 18 17 55 12 29 40 9 70 36 57 58
20 15 14 22 34 13 12 26 30 58 25 21 28 9 15 2 2 3 46 27 0 38 32 10 37 20 18 53 15 18 10 14
20 24 26 13 41 44 6 27 19 30 34 11 33 14 14 38 22 23 29 16 22 0 11 21 9 8 21 39 29 24 23 34
31 18 20 29 44 33 11 16 12 30 34 3 30 22 32 23 28 21 44 8 36 12 0 31 6 4 12 13 44 25 23 27
15 13 13 15 46 13 9 37 38 58 35 29 38 9 4 6 4 8 34 30 8 11 28 0 25 23 12 49 10 19 13 24
46 20 49 37 74 31 12 5 3 43 46 7 25 14 34 39 25 42 47 20 52 21 10 22 0 8 15 20 30 22 43 36
23 21 23 22 34 21 6 20 10 16 23 3 26 12 31 36 23 14 48 26 32 11 5 15 11 0 26 32 39 25 39 34
23 3 12 44 29 14 15 43 32 15 8 14 23 8 18 16 30 14 16 37 19 26 13 11 34 13 0 28 22 11 8 52
81 33 31 26 34 40 24 29 12 6 20 20 7 22 45 50 34 27 36 5 61 33 9 39 13 16 17 0 31 27 56 30
20 11 15 34 19 4 33 61 38 28 20 47 29 10 33 15 14 11 25 51 14 36 36 15 33 45 10 31 0 29 6 36
56 7 22 57 11 13 37 23 35 18 11 25 14 10 42 24 39 33 15 42 31 52 14 31 24 25 14 40 22 0 17 40
36 13 10 26 18 3 32 55 62 34 27 44 46 14 21 12 18 11 16 61 18 35 32 24 60 17 8 57 7 16 0 27
0 22 34 9 40 19 42 36 40 76 31 38 36 24 18 16 14 30 43 55 28 40 56 15 54 22 25 34 32 24 45 0