5
30
,
0 (20.0, 28.0) 71.0
1 (12.0, 25.0) 51.0
2 (12.0, 0.0) 42.0
3 (11.0, 49.0) 62.0
4 (10.0, 30.0) 46.0
5 (28.0, 15.0) 40.0
6 (46.0, 7.0) 43.0
7 (47.0, 9.0) 31.0
8 (49.0, 35.0) 46.0
9 (32.0, 40.0) 53.0
10 (35.0, 12.0) 79.0
11 (44.0, 37.0) 52.0
12 (18.0, 21.0) 33.0
13 (11.0, 6.0) 31.0
14 (5.0, 21.0) 64.0
15 (8.0, 17.0) 51.0
16 (9.0, 20.0) 52.0
17 (33.0, 47.0) 48.0
18 (50.0, 21.0) 82.0
19 (5.0, 19.0) 51.0
20 (28.0, 5.0) 64.0
21 (35.0, 17.0) 59.0
22 (11.0, 13.0) 53.0
23 (42.0, 7.0) 83.0
24 (31.0, 12.0) 88.0
25 (23.0, 30.0) 37.0
26 (47.0, 27.0) 32.0
27 (4.0, 31.0) 36.0
28 (22.0, 40.0) 45.0
29 (8.0, 34.0) 49.0
,
0 17 14 6 25 16 16 23 24 30 26 18 29 14 6 11 9 11 29 27 10 14 19 9 21 17 19 27 16 23 17 0
17 0 4 15 11 5 8 17 17 15 8 11 13 4 12 8 8 7 12 15 9 12 9 9 15 10 2 14 8 6 7 17
14 4 0 12 12 3 9 19 19 19 12 13 17 4 10 4 4 3 15 19 5 13 12 6 17 12 6 18 5 9 5 14
6 15 12 0 25 15 11 17 18 25 22 13 24 11 3 11 9 10 26 22 10 8 14 7 15 11 16 22 16 21 17 6
25 11 12 25 0 10 19 27 27 20 11 22 18 14 22 14 16 15 11 24 15 24 20 18 26 21 11 21 10 7 8 25
16 5 3 15 10 0 12 21 21 20 12 15 17 6 12 5 7 5 14 20 6 15 14 9 20 14 6 19 3 8 2 16
16 8 9 11 19 12 0 10 10 14 13 4 14 6 10 12 10 10 16 11 12 5 4 9 8 2 8 11 14 13 14 16
23 17 19 17 27 21 10 0 1 14 18 6 15 16 18 22 20 20 21 7 21 9 7 18 2 8 16 10 24 20 23 23
24 17 19 18 27 21 10 1 0 13 17 6 14 16 18 22 20 20 20 6 22 10 7 18 3 8 16 9 24 20 23 24
30 15 19 25 20 20 14 14 13 0 9 13 3 17 24 23 22 21 10 7 23 18 11 22 14 15 13 4 23 14 21 30
26 8 12 22 11 12 13 18 17 9 0 14 6 12 20 17 17 15 4 13 17 18 12 17 17 14 7 10 15 5 12 26
18 11 13 13 22 15 4 6 6 13 14 0 13 10 12 16 14 14 18 9 15 5 2 12 4 2 11 10 18 15 17 18
29 13 17 24 18 17 14 15 14 3 6 13 0 15 23 21 21 19 7 9 21 18 11 20 15 14 11 5 20 11 18 29
14 4 4 11 14 6 6 16 16 17 12 10 15 0 8 6 5 5 15 16 7 9 9 5 14 8 5 15 9 10 8 14
6 12 10 3 22 12 10 18 18 24 20 12 23 8 0 8 6 7 23 21 7 9 13 4 16 10 13 21 13 18 14 6
11 8 4 11 14 5 12 22 22 23 17 16 21 6 8 0 2 2 19 22 1 14 15 5 20 14 10 21 5 13 7 11
9 8 4 9 16 7 10 20 20 22 17 14 21 5 6 2 0 2 20 21 2 12 14 2 18 12 10 20 7 13 8 9
11 7 3 10 15 5 10 20 20 21 15 14 19 5 7 2 2 0 18 21 2 12 13 4 18 12 9 19 6 12 7 11
29 12 15 26 11 14 16 21 20 10 4 18 7 15 23 19 20 18 0 16 20 21 15 20 20 18 10 12 17 7 14 29
27 15 19 22 24 20 11 7 6 7 13 9 9 16 21 22 21 21 16 0 23 14 8 20 8 11 14 3 24 17 22 27
10 9 5 10 15 6 12 21 22 23 17 15 21 7 7 1 2 2 20 23 0 13 15 4 19 13 11 21 6 14 8 10
14 12 13 8 24 15 5 9 10 18 18 5 18 9 9 14 12 12 21 14 13 0 7 9 7 4 13 15 18 18 18 14
19 9 12 14 20 14 4 7 7 11 12 2 11 9 13 15 14 13 15 8 15 7 0 12 6 3 9 8 17 13 16 19
9 9 6 7 18 9 9 18 18 22 17 12 20 5 4 5 2 4 20 20 4 9 12 0 16 10 10 19 10 15 11 9
21 15 17 15 26 20 8 2 3 14 17 4 15 14 16 20 18 18 20 8 19 7 6 16 0 6 15 10 22 19 22 21
17 10 12 11 21 14 2 8 8 15 14 2 14 8 10 14 12 12 18 11 13 4 3 10 6 0 10 11 17 15 16 17
19 2 6 16 11 6 8 16 16 13 7 11 11 5 13 10 10 9 10 14 11 13 9 10 15 10 0 12 10 5 8 19
27 14 18 22 21 19 11 10 9 4 10 10 5 15 21 21 20 19 12 3 21 15 8 19 10 11 12 0 22 14 20 27
16 8 5 16 10 3 14 24 24 23 15 18 20 9 13 5 7 6 17 24 6 18 17 10 22 17 10 22 0 10 2 16
23 6 9 21 7 8 13 20 20 14 5 15 11 10 18 13 13 12 7 17 14 18 13 15 19 15 5 14 10 0 8 23
17 7 5 17 8 2 14 23 23 21 12 17 18 8 14 7 8 7 14 22 8 18 16 11 22 16 8 20 2 8 0 17
0 17 14 6 25 16 16 23 24 30 26 18 29 14 6 11 9 11 29 27 10 14 19 9 21 17 19 27 16 23 17 0
,
0 39 17 8 51 33 16 27 71 87 53 19 68 15 11 31 24 22 29 53 25 35 58 13 55 38 55 56 35 52 42 0
38 0 12 24 20 8 14 41 43 19 14 27 29 6 21 9 8 8 21 32 9 20 10 9 23 16 5 23 15 11 8 37
19 9 0 31 22 3 25 44 46 32 35 16 33 7 14 10 11 4 25 29 11 37 31 15 35 20 6 25 9 25 8 17
12 36 18 0 50 29 32 23 49 53 36 20 37 17 8 20 17 12 65 33 27 14 32 19 21 26 30 50 33 31 38 14
58 23 16 40 0 24 44 64 58 48 14 53 43 41 42 15 43 31 31 55 28 59 54 18 68 58 25 34 18 21 15 73
43 7 8 26 14 0 16 23 40 55 19 38 41 15 26 14 13 8 37 28 11 40 16 22 28 25 12 40 3 12 5 39
25 15 18 20 50 14 0 24 28 42 23 10 35 15 18 17 13 17 30 25 31 6 4 22 19 4 22 17 35 34 18 16
43 45 50 25 56 38 23 0 1 29 36 15 36 28 44 43 41 39 41 9 35 20 22 33 3 18 42 19 36 21 66 35
62 27 31 26 80 52 15 3 0 27 18 11 23 37 24 29 47 53 23 9 63 10 16 40 5 18 23 17 47 32 35 29
55 40 42 68 60 53 39 33 30 0 26 14 5 39 58 69 60 56 16 9 59 40 16 53 29 21 18 8 42 16 36 45
52 21 23 47 18 29 36 53 19 17 0 31 8 17 37 30 28 25 5 29 33 26 15 37 42 19 16 18 43 6 34 73
36 30 27 15 53 23 5 15 9 35 35 0 34 28 31 18 39 35 29 10 27 6 4 29 11 6 27 18 42 38 45 24
67 16 21 44 25 44 40 19 24 6 10 26 0 33 29 45 27 20 20 10 50 27 12 24 25 21 18 13 35 29 50 51
27 9 4 25 29 13 14 38 44 33 25 23 36 0 11 7 16 13 36 28 18 14 13 13 30 14 15 41 13 20 16 17
17 34 23 5 48 29 22 43 48 56 57 27 34 25 0 23 12 9 61 22 20 11 21 8 42 19 36 31 36 41 22 11
29 10 10 12 34 9 25 56 23 59 39 20 32 16 8 0 5 2 29 42 2 34 27 10 24 32 16 41 7 27 13 20
24 10 12 19 45 14 21 59 38 44 43 23 34 6 16 7 0 2 39 57 2 31 29 3 44 15 21 40 14 24 12 21
20 8 4 13 43 8 20 24 57 34 23 35 58 12 17 5 3 0 43 44 4 30 21 11 52 15 21 49 16 13 20 29
38 30 23 75 20 38 40 36 28 30 9 47 9 40 57 38 35 28 0 30 43 36 16 37 43 25 18 17 24 15 41 42
36 23 54 62 35 57 33 17 9 16 22 18 24 20 25 34 33 54 24 0 48 26 14 24 10 28 28 7 50 29 39 42
25 25 9 26 25 11 35 31 53 50 34 32 47 10 20 2 3 6 23 42 0 38 27 7 50 33 13 40 10 32 12 24
39 14 16 11 43 26 15 20 26 30 40 8 37 26 25 16 33 20 59 34 27 0 20 27 12 9 19 32 20 50 30 42
43 21 19 38 56 24 10 14 16 17 35 5 30 14 14 31 29 16 43 18 41 15 0 33 11 8 24 15 17 17 28 38
15 16 8 8 34 18 16 38 41 60 34 20 57 11 9 12 5 6 34 58 7 27 28 0 29 26 31 52 21 19 15 20
23 19 47 32 66 41 8 5 4 16 44 7 27 31 36 21 34 23 56 19 58 18 9 43 0 7 30 19 66 23 39 54
19 29 28 27 41 27 4 18 14 31 35 3 35 12 21 24 35 12 46 12 38 5 8 21 7 0 24 30 26 30 22 44
47 4 12 18 16 17 10 49 23 25 8 26 33 12 24 23 19 11 18 35 18 34 17 17 38 24 0 32 16 9 15 46
64 37 41 47 53 37 27 20 21 8 29 15 13 37 46 25 50 36 19 10 25 38 14 54 10 28 36 0 55 22 26 44
45 18 14 26 19 9 20 30 52 30 25 25 51 24 15 10 12 7 17 43 9 51 25 20 32 45 21 47 0 22 7 34
46 14 18 48 12 16 14 54 44 39 12 17 14 28 26 13 22 34 18 33 15 18 36 20 20 27 10 31 25 0 16 42
48 15 6 38 12 5 23 44 45 54 20 42 19 11 19 13 22 16 32 49 10 36 17 11 36 20 23 35 3 19 0 41
0 20 27 9 74 39 28 69 61 90 48 32 45 30 10 17 21 30 45 42 14 22 38 18 36 49 48 75 20 38 24 0