5
30
,
0 (20.0, 28.0) 34.0
1 (12.0, 25.0) 79.0
2 (12.0, 0.0) 74.0
3 (11.0, 49.0) 43.0
4 (10.0, 30.0) 31.0
5 (28.0, 15.0) 89.0
6 (46.0, 7.0) 86.0
7 (47.0, 9.0) 74.0
8 (49.0, 35.0) 87.0
9 (32.0, 40.0) 87.0
10 (35.0, 12.0) 69.0
11 (44.0, 37.0) 66.0
12 (18.0, 21.0) 44.0
13 (11.0, 6.0) 39.0
14 (5.0, 21.0) 76.0
15 (8.0, 17.0) 55.0
16 (9.0, 20.0) 73.0
17 (33.0, 47.0) 31.0
18 (50.0, 21.0) 32.0
19 (5.0, 19.0) 65.0
20 (28.0, 5.0) 38.0
21 (35.0, 17.0) 32.0
22 (11.0, 13.0) 80.0
23 (42.0, 7.0) 81.0
24 (31.0, 12.0) 47.0
25 (23.0, 30.0) 74.0
26 (47.0, 27.0) 52.0
27 (4.0, 31.0) 63.0
28 (22.0, 40.0) 34.0
29 (8.0, 34.0) 36.0
,
0 17 14 6 25 16 16 23 24 30 26 18 29 14 6 11 9 11 29 27 10 14 19 9 21 17 19 27 16 23 17 0
17 0 4 15 11 5 8 17 17 15 8 11 13 4 12 8 8 7 12 15 9 12 9 9 15 10 2 14 8 6 7 17
14 4 0 12 12 3 9 19 19 19 12 13 17 4 10 4 4 3 15 19 5 13 12 6 17 12 6 18 5 9 5 14
6 15 12 0 25 15 11 17 18 25 22 13 24 11 3 11 9 10 26 22 10 8 14 7 15 11 16 22 16 21 17 6
25 11 12 25 0 10 19 27 27 20 11 22 18 14 22 14 16 15 11 24 15 24 20 18 26 21 11 21 10 7 8 25
16 5 3 15 10 0 12 21 21 20 12 15 17 6 12 5 7 5 14 20 6 15 14 9 20 14 6 19 3 8 2 16
16 8 9 11 19 12 0 10 10 14 13 4 14 6 10 12 10 10 16 11 12 5 4 9 8 2 8 11 14 13 14 16
23 17 19 17 27 21 10 0 1 14 18 6 15 16 18 22 20 20 21 7 21 9 7 18 2 8 16 10 24 20 23 23
24 17 19 18 27 21 10 1 0 13 17 6 14 16 18 22 20 20 20 6 22 10 7 18 3 8 16 9 24 20 23 24
30 15 19 25 20 20 14 14 13 0 9 13 3 17 24 23 22 21 10 7 23 18 11 22 14 15 13 4 23 14 21 30
26 8 12 22 11 12 13 18 17 9 0 14 6 12 20 17 17 15 4 13 17 18 12 17 17 14 7 10 15 5 12 26
18 11 13 13 22 15 4 6 6 13 14 0 13 10 12 16 14 14 18 9 15 5 2 12 4 2 11 10 18 15 17 18
29 13 17 24 18 17 14 15 14 3 6 13 0 15 23 21 21 19 7 9 21 18 11 20 15 14 11 5 20 11 18 29
14 4 4 11 14 6 6 16 16 17 12 10 15 0 8 6 5 5 15 16 7 9 9 5 14 8 5 15 9 10 8 14
6 12 10 3 22 12 10 18 18 24 20 12 23 8 0 8 6 7 23 21 7 9 13 4 16 10 13 21 13 18 14 6
11 8 4 11 14 5 12 22 22 23 17 16 21 6 8 0 2 2 19 22 1 14 15 5 20 14 10 21 5 13 7 11
9 8 4 9 16 7 10 20 20 22 17 14 21 5 6 2 0 2 20 21 2 12 14 2 18 12 10 20 7 13 8 9
11 7 3 10 15 5 10 20 20 21 15 14 19 5 7 2 2 0 18 21 2 12 13 4 18 12 9 19 6 12 7 11
29 12 15 26 11 14 16 21 20 10 4 18 7 15 23 19 20 18 0 16 20 21 15 20 20 18 10 12 17 7 14 29
27 15 19 22 24 20 11 7 6 7 13 9 9 16 21 22 21 21 16 0 23 14 8 20 8 11 14 3 24 17 22 27
10 9 5 10 15 6 12 21 22 23 17 15 21 7 7 1 2 2 20 23 0 13 15 4 19 13 11 21 6 14 8 10
14 12 13 8 24 15 5 9 10 18 18 5 18 9 9 14 12 12 21 14 13 0 7 9 7 4 13 15 18 18 18 14
19 9 12 14 20 14 4 7 7 11 12 2 11 9 13 15 14 13 15 8 15 7 0 12 6 3 9 8 17 13 16 19
9 9 6 7 18 9 9 18 18 22 17 12 20 5 4 5 2 4 20 20 4 9 12 0 16 10 10 19 10 15 11 9
21 15 17 15 26 20 8 2 3 14 17 4 15 14 16 20 18 18 20 8 19 7 6 16 0 6 15 10 22 19 22 21
17 10 12 11 21 14 2 8 8 15 14 2 14 8 10 14 12 12 18 11 13 4 3 10 6 0 10 11 17 15 16 17
19 2 6 16 11 6 8 16 16 13 7 11 11 5 13 10 10 9 10 14 11 13 9 10 15 10 0 12 10 5 8 19
27 14 18 22 21 19 11 10 9 4 10 10 5 15 21 21 20 19 12 3 21 15 8 19 10 11 12 0 22 14 20 27
16 8 5 16 10 3 14 24 24 23 15 18 20 9 13 5 7 6 17 24 6 18 17 10 22 17 10 22 0 10 2 16
23 6 9 21 7 8 13 20 20 14 5 15 11 10 18 13 13 12 7 17 14 18 13 15 19 15 5 14 10 0 8 23
17 7 5 17 8 2 14 23 23 21 12 17 18 8 14 7 8 7 14 22 8 18 16 11 22 16 8 20 2 8 0 17
0 17 14 6 25 16 16 23 24 30 26 18 29 14 6 11 9 11 29 27 10 14 19 9 21 17 19 27 16 23 17 0
,
0 43 17 15 70 29 29 57 41 62 76 54 65 15 9 19 10 26 77 78 28 36 23 15 50 35 51 72 26 52 35 0
40 0 9 16 12 7 18 24 19 28 17 13 14 8 25 18 22 15 13 32 10 35 19 25 28 18 5 21 9 18 15 24
26 6 0 22 27 5 14 57 33 39 31 35 48 7 25 11 8 7 33 35 11 16 16 10 27 33 16 27 7 13 11 33
9 18 37 0 55 34 23 25 46 76 59 19 41 14 5 23 26 27 65 52 14 16 23 19 16 19 39 46 30 28 34 14
68 11 36 50 0 17 30 38 40 36 12 22 34 35 49 41 48 19 14 39 28 34 29 40 68 60 27 44 11 13 8 33
27 8 7 34 25 0 28 55 63 47 22 38 37 13 29 5 17 7 22 43 11 23 34 13 47 20 12 32 3 20 4 20
25 13 18 24 24 30 0 24 24 17 22 9 33 8 27 24 19 28 24 25 13 9 10 10 15 3 16 20 24 25 28 38
62 24 53 42 63 57 11 0 2 18 24 15 43 38 42 55 21 51 41 16 43 17 9 34 5 14 20 25 28 50 34 40
38 43 53 38 70 59 30 3 0 29 48 9 19 21 36 65 45 40 28 12 38 15 12 48 7 13 42 12 54 50 53 59
66 19 34 70 28 45 25 14 29 0 16 30 5 35 31 45 43 31 28 8 50 36 24 65 29 28 14 7 37 35 24 55
65 23 33 57 18 27 13 28 51 10 0 31 12 24 58 21 39 43 4 20 33 40 34 51 19 38 14 26 30 11 13 52
44 29 21 35 62 16 10 18 7 17 20 0 37 18 28 30 23 25 39 14 38 8 5 13 9 4 15 24 40 41 26 28
44 15 27 32 24 49 22 26 18 7 13 25 0 37 40 30 58 44 22 16 25 33 27 53 30 38 16 9 21 21 47 31
32 5 8 31 19 9 15 40 18 40 26 28 28 0 19 11 15 11 27 21 17 25 23 8 30 23 13 35 17 26 19 14
7 31 23 8 55 19 26 26 20 26 57 14 33 13 0 24 15 18 62 23 16 25 35 6 16 17 19 51 39 35 16 12
12 20 11 12 25 8 18 33 29 57 42 23 47 14 8 0 5 3 33 32 2 25 17 13 23 27 26 43 12 35 13 22
17 18 11 16 21 15 22 57 54 48 28 22 49 16 6 3 0 5 36 34 5 27 18 5 23 16 11 25 20 25 12 22
11 19 5 25 19 14 20 48 27 29 36 15 37 7 13 5 2 0 31 36 5 34 18 8 43 23 12 57 17 32 17 17
41 22 37 41 17 35 38 27 38 10 7 29 17 40 35 24 30 40 0 37 24 58 37 29 59 36 26 15 42 16 18 78
47 40 39 29 68 36 32 9 9 19 25 15 18 33 48 38 57 40 30 0 48 21 9 56 16 26 18 8 32 32 44 45
19 21 9 12 40 11 15 49 35 33 22 36 27 9 9 2 3 3 45 56 0 21 31 11 27 17 21 49 13 36 10 18
21 25 23 14 44 36 14 10 24 55 24 10 34 11 11 14 17 25 24 17 39 0 14 24 13 9 31 21 31 22 27 32
39 18 34 16 56 28 9 8 13 32 14 4 13 11 27 23 30 15 21 8 30 14 0 20 14 7 21 21 49 28 32 46
21 26 9 12 46 20 23 36 26 23 26 28 33 8 4 8 7 10 26 45 11 26 19 0 38 15 23 50 24 37 28 23
39 43 28 19 72 51 9 4 4 31 50 8 39 31 23 40 20 37 36 21 45 19 13 36 0 12 41 18 43 40 36 37
49 12 23 18 31 27 5 18 10 34 23 5 35 16 31 16 13 30 44 15 20 10 4 11 8 0 15 32 38 35 20 20
38 5 17 25 33 12 23 43 28 16 17 26 15 10 19 20 23 16 16 39 31 26 16 27 41 28 0 27 13 15 16 34
29 18 32 63 33 54 18 24 23 11 20 12 14 38 50 27 48 34 23 5 46 27 21 31 24 27 12 0 40 28 27 46
26 19 14 24 17 8 34 39 50 60 39 24 45 16 29 14 10 12 36 59 16 43 21 19 48 18 28 41 0 16 5 22
68 8 10 54 19 22 27 35 54 31 13 40 20 28 44 26 32 13 15 21 37 49 36 43 41 22 9 35 14 0 15 40
23 9 11 29 13 7 37 30 51 38 17 19 48 9 28 19 22 13 32 61 14 48 25 24 58 19 9 26 3 9 0 28
0 41 23 8 72 39 38 49 71 56 68 52 29 38 11 25 11 30 45 36 27 42 45 14 60 26 51 47 43 28 26 0