5
30
,
0 (20.0, 28.0) 64.0
1 (12.0, 25.0) 67.0
2 (12.0, 0.0) 74.0
3 (11.0, 49.0) 64.0
4 (10.0, 30.0) 78.0
5 (28.0, 15.0) 74.0
6 (46.0, 7.0) 38.0
7 (47.0, 9.0) 36.0
8 (49.0, 35.0) 63.0
9 (32.0, 40.0) 34.0
10 (35.0, 12.0) 30.0
11 (44.0, 37.0) 38.0
12 (18.0, 21.0) 56.0
13 (11.0, 6.0) 76.0
14 (5.0, 21.0) 74.0
15 (8.0, 17.0) 32.0
16 (9.0, 20.0) 33.0
17 (33.0, 47.0) 53.0
18 (50.0, 21.0) 55.0
19 (5.0, 19.0) 76.0
20 (28.0, 5.0) 54.0
21 (35.0, 17.0) 35.0
22 (11.0, 13.0) 55.0
23 (42.0, 7.0) 33.0
24 (31.0, 12.0) 53.0
25 (23.0, 30.0) 51.0
26 (47.0, 27.0) 48.0
27 (4.0, 31.0) 36.0
28 (22.0, 40.0) 48.0
29 (8.0, 34.0) 49.0
,
0 17 14 6 25 16 16 23 24 30 26 18 29 14 6 11 9 11 29 27 10 14 19 9 21 17 19 27 16 23 17 0
17 0 4 15 11 5 8 17 17 15 8 11 13 4 12 8 8 7 12 15 9 12 9 9 15 10 2 14 8 6 7 17
14 4 0 12 12 3 9 19 19 19 12 13 17 4 10 4 4 3 15 19 5 13 12 6 17 12 6 18 5 9 5 14
6 15 12 0 25 15 11 17 18 25 22 13 24 11 3 11 9 10 26 22 10 8 14 7 15 11 16 22 16 21 17 6
25 11 12 25 0 10 19 27 27 20 11 22 18 14 22 14 16 15 11 24 15 24 20 18 26 21 11 21 10 7 8 25
16 5 3 15 10 0 12 21 21 20 12 15 17 6 12 5 7 5 14 20 6 15 14 9 20 14 6 19 3 8 2 16
16 8 9 11 19 12 0 10 10 14 13 4 14 6 10 12 10 10 16 11 12 5 4 9 8 2 8 11 14 13 14 16
23 17 19 17 27 21 10 0 1 14 18 6 15 16 18 22 20 20 21 7 21 9 7 18 2 8 16 10 24 20 23 23
24 17 19 18 27 21 10 1 0 13 17 6 14 16 18 22 20 20 20 6 22 10 7 18 3 8 16 9 24 20 23 24
30 15 19 25 20 20 14 14 13 0 9 13 3 17 24 23 22 21 10 7 23 18 11 22 14 15 13 4 23 14 21 30
26 8 12 22 11 12 13 18 17 9 0 14 6 12 20 17 17 15 4 13 17 18 12 17 17 14 7 10 15 5 12 26
18 11 13 13 22 15 4 6 6 13 14 0 13 10 12 16 14 14 18 9 15 5 2 12 4 2 11 10 18 15 17 18
29 13 17 24 18 17 14 15 14 3 6 13 0 15 23 21 21 19 7 9 21 18 11 20 15 14 11 5 20 11 18 29
14 4 4 11 14 6 6 16 16 17 12 10 15 0 8 6 5 5 15 16 7 9 9 5 14 8 5 15 9 10 8 14
6 12 10 3 22 12 10 18 18 24 20 12 23 8 0 8 6 7 23 21 7 9 13 4 16 10 13 21 13 18 14 6
11 8 4 11 14 5 12 22 22 23 17 16 21 6 8 0 2 2 19 22 1 14 15 5 20 14 10 21 5 13 7 11
9 8 4 9 16 7 10 20 20 22 17 14 21 5 6 2 0 2 20 21 2 12 14 2 18 12 10 20 7 13 8 9
11 7 3 10 15 5 10 20 20 21 15 14 19 5 7 2 2 0 18 21 2 12 13 4 18 12 9 19 6 12 7 11
29 12 15 26 11 14 16 21 20 10 4 18 7 15 23 19 20 18 0 16 20 21 15 20 20 18 10 12 17 7 14 29
27 15 19 22 24 20 11 7 6 7 13 9 9 16 21 22 21 21 16 0 23 14 8 20 8 11 14 3 24 17 22 27
10 9 5 10 15 6 12 21 22 23 17 15 21 7 7 1 2 2 20 23 0 13 15 4 19 13 11 21 6 14 8 10
14 12 13 8 24 15 5 9 10 18 18 5 18 9 9 14 12 12 21 14 13 0 7 9 7 4 13 15 18 18 18 14
19 9 12 14 20 14 4 7 7 11 12 2 11 9 13 15 14 13 15 8 15 7 0 12 6 3 9 8 17 13 16 19
9 9 6 7 18 9 9 18 18 22 17 12 20 5 4 5 2 4 20 20 4 9 12 0 16 10 10 19 10 15 11 9
21 15 17 15 26 20 8 2 3 14 17 4 15 14 16 20 18 18 20 8 19 7 6 16 0 6 15 10 22 19 22 21
17 10 12 11 21 14 2 8 8 15 14 2 14 8 10 14 12 12 18 11 13 4 3 10 6 0 10 11 17 15 16 17
19 2 6 16 11 6 8 16 16 13 7 11 11 5 13 10 10 9 10 14 11 13 9 10 15 10 0 12 10 5 8 19
27 14 18 22 21 19 11 10 9 4 10 10 5 15 21 21 20 19 12 3 21 15 8 19 10 11 12 0 22 14 20 27
16 8 5 16 10 3 14 24 24 23 15 18 20 9 13 5 7 6 17 24 6 18 17 10 22 17 10 22 0 10 2 16
23 6 9 21 7 8 13 20 20 14 5 15 11 10 18 13 13 12 7 17 14 18 13 15 19 15 5 14 10 0 8 23
17 7 5 17 8 2 14 23 23 21 12 17 18 8 14 7 8 7 14 22 8 18 16 11 22 16 8 20 2 8 0 17
0 17 14 6 25 16 16 23 24 30 26 18 29 14 6 11 9 11 29 27 10 14 19 9 21 17 19 27 16 23 17 0
,
0 45 19 9 58 28 47 45 49 81 59 51 43 14 17 25 28 20 80 61 26 31 48 11 53 23 51 41 16 32 48 0
25 0 12 25 22 14 18 25 46 29 10 30 19 7 13 12 10 9 22 42 9 17 23 25 20 29 2 31 23 17 13 40
23 8 0 23 34 3 17 23 36 40 18 33 28 7 12 7 13 7 24 29 10 24 30 13 23 15 10 44 13 21 10 16
10 39 37 0 34 39 20 25 34 43 53 23 39 25 8 21 10 29 28 42 12 25 15 16 38 22 46 40 25 43 26 7
49 22 15 27 0 21 48 68 32 43 24 56 49 18 22 34 23 41 19 52 23 38 50 40 37 36 17 59 27 13 20 32
25 14 3 33 24 0 22 50 44 31 27 34 24 13 14 9 17 7 28 29 17 43 40 25 43 23 17 37 5 12 6 39
35 13 15 19 35 16 0 24 19 18 31 5 36 14 25 27 19 16 48 21 31 11 4 25 24 5 15 14 25 38 37 41
29 18 42 29 42 33 17 0 2 36 19 9 18 34 36 61 46 58 22 21 27 18 9 31 4 8 24 12 60 41 26 39
50 17 27 46 80 42 27 2 0 28 41 6 39 28 45 58 41 33 54 17 23 14 15 28 5 9 38 20 65 39 52 57
57 25 49 35 43 34 23 41 26 0 23 36 7 48 56 59 26 52 27 17 68 47 19 22 15 43 40 12 42 17 25 84
64 19 24 26 29 16 18 37 31 16 0 39 16 19 51 38 21 21 6 28 22 39 22 37 26 28 9 18 41 13 23 71
25 12 38 21 37 41 8 12 15 36 18 0 23 21 18 33 36 29 34 15 41 6 3 32 8 5 12 14 42 30 31 50
64 36 30 30 48 44 33 32 15 6 17 37 0 30 56 32 33 41 14 9 56 47 30 28 36 31 29 14 22 15 27 68
37 8 9 23 25 13 12 46 31 22 18 20 42 0 8 8 12 13 18 27 16 24 17 6 15 13 12 24 21 12 21 29
10 28 11 8 64 32 17 19 22 63 41 15 29 11 0 23 9 15 53 52 20 20 33 7 24 31 40 57 24 41 15 17
23 15 9 25 38 7 22 62 64 27 42 24 33 10 9 0 5 6 27 37 2 36 39 15 53 23 11 56 10 33 12 25
14 15 7 9 44 16 11 31 41 33 36 23 60 10 10 3 0 4 55 38 5 13 21 3 20 29 25 43 15 14 23 27
17 9 3 26 25 11 15 44 56 34 20 40 20 7 11 4 3 0 21 49 6 35 33 6 29 20 18 44 13 35 18 14
63 15 31 30 30 34 23 43 23 16 4 27 20 44 64 50 28 36 0 40 44 41 20 31 23 28 18 20 43 10 32 46
77 46 49 58 31 38 21 11 9 13 33 9 18 36 46 23 23 51 43 0 33 23 16 40 8 13 26 3 55 37 25 73
17 12 5 28 22 10 24 34 47 51 21 45 63 10 17 1 2 3 31 28 0 39 41 5 55 28 20 45 15 37 12 24
34 12 19 22 39 34 7 18 26 26 32 7 46 20 9 24 13 34 24 26 29 0 13 21 10 6 23 18 19 32 28 19
25 17 28 26 43 38 7 18 11 20 31 3 23 11 30 25 15 16 25 23 34 19 0 30 7 4 20 18 32 39 33 45
20 10 11 15 26 14 16 36 25 59 50 36 35 11 9 13 6 5 59 26 11 15 32 0 30 20 28 51 14 33 14 9
56 40 50 25 59 43 21 6 3 35 42 5 33 17 25 31 30 33 44 23 45 21 10 40 0 18 30 26 34 35 31 63
41 19 17 29 24 21 2 16 12 28 26 3 35 23 13 16 29 26 27 27 25 6 9 12 18 0 18 27 20 20 47 49
40 4 8 23 27 13 21 47 44 28 18 27 17 7 18 24 25 18 16 19 27 37 24 14 37 16 0 18 27 13 11 36
81 27 33 29 50 32 21 30 22 10 16 11 11 21 38 47 24 34 29 8 27 28 17 47 21 22 29 0 60 30 21 69
35 14 6 33 26 7 24 31 55 42 28 54 24 13 15 11 11 15 47 62 6 35 22 21 66 20 23 27 0 24 6 23
41 16 14 56 15 16 23 26 37 33 10 36 24 25 24 24 19 16 16 21 20 32 14 43 23 41 7 20 19 0 19 62
34 11 12 17 14 5 33 51 34 60 13 47 46 18 29 15 25 19 42 31 22 35 31 14 32 25 12 38 6 9 0 20
0 48 26 12 68 22 23 43 42 42 60 25 41 35 7 16 24 32 48 61 18 19 40 25 31 23 55 62 45 27 48 0