5
30
,
0 (20.0, 28.0) 49.0
1 (12.0, 25.0) 53.0
2 (12.0, 0.0) 40.0
3 (11.0, 49.0) 71.0
4 (10.0, 30.0) 81.0
5 (28.0, 15.0) 89.0
6 (46.0, 7.0) 90.0
7 (47.0, 9.0) 35.0
8 (49.0, 35.0) 58.0
9 (32.0, 40.0) 68.0
10 (35.0, 12.0) 78.0
11 (44.0, 37.0) 37.0
12 (18.0, 21.0) 56.0
13 (11.0, 6.0) 37.0
14 (5.0, 21.0) 46.0
15 (8.0, 17.0) 45.0
16 (9.0, 20.0) 35.0
17 (33.0, 47.0) 52.0
18 (50.0, 21.0) 51.0
19 (5.0, 19.0) 30.0
20 (28.0, 5.0) 80.0
21 (35.0, 17.0) 66.0
22 (11.0, 13.0) 47.0
23 (42.0, 7.0) 88.0
24 (31.0, 12.0) 64.0
25 (23.0, 30.0) 52.0
26 (47.0, 27.0) 69.0
27 (4.0, 31.0) 34.0
28 (22.0, 40.0) 54.0
29 (8.0, 34.0) 73.0
,
0 17 14 6 25 16 16 23 24 30 26 18 29 14 6 11 9 11 29 27 10 14 19 9 21 17 19 27 16 23 17 0
17 0 4 15 11 5 8 17 17 15 8 11 13 4 12 8 8 7 12 15 9 12 9 9 15 10 2 14 8 6 7 17
14 4 0 12 12 3 9 19 19 19 12 13 17 4 10 4 4 3 15 19 5 13 12 6 17 12 6 18 5 9 5 14
6 15 12 0 25 15 11 17 18 25 22 13 24 11 3 11 9 10 26 22 10 8 14 7 15 11 16 22 16 21 17 6
25 11 12 25 0 10 19 27 27 20 11 22 18 14 22 14 16 15 11 24 15 24 20 18 26 21 11 21 10 7 8 25
16 5 3 15 10 0 12 21 21 20 12 15 17 6 12 5 7 5 14 20 6 15 14 9 20 14 6 19 3 8 2 16
16 8 9 11 19 12 0 10 10 14 13 4 14 6 10 12 10 10 16 11 12 5 4 9 8 2 8 11 14 13 14 16
23 17 19 17 27 21 10 0 1 14 18 6 15 16 18 22 20 20 21 7 21 9 7 18 2 8 16 10 24 20 23 23
24 17 19 18 27 21 10 1 0 13 17 6 14 16 18 22 20 20 20 6 22 10 7 18 3 8 16 9 24 20 23 24
30 15 19 25 20 20 14 14 13 0 9 13 3 17 24 23 22 21 10 7 23 18 11 22 14 15 13 4 23 14 21 30
26 8 12 22 11 12 13 18 17 9 0 14 6 12 20 17 17 15 4 13 17 18 12 17 17 14 7 10 15 5 12 26
18 11 13 13 22 15 4 6 6 13 14 0 13 10 12 16 14 14 18 9 15 5 2 12 4 2 11 10 18 15 17 18
29 13 17 24 18 17 14 15 14 3 6 13 0 15 23 21 21 19 7 9 21 18 11 20 15 14 11 5 20 11 18 29
14 4 4 11 14 6 6 16 16 17 12 10 15 0 8 6 5 5 15 16 7 9 9 5 14 8 5 15 9 10 8 14
6 12 10 3 22 12 10 18 18 24 20 12 23 8 0 8 6 7 23 21 7 9 13 4 16 10 13 21 13 18 14 6
11 8 4 11 14 5 12 22 22 23 17 16 21 6 8 0 2 2 19 22 1 14 15 5 20 14 10 21 5 13 7 11
9 8 4 9 16 7 10 20 20 22 17 14 21 5 6 2 0 2 20 21 2 12 14 2 18 12 10 20 7 13 8 9
11 7 3 10 15 5 10 20 20 21 15 14 19 5 7 2 2 0 18 21 2 12 13 4 18 12 9 19 6 12 7 11
29 12 15 26 11 14 16 21 20 10 4 18 7 15 23 19 20 18 0 16 20 21 15 20 20 18 10 12 17 7 14 29
27 15 19 22 24 20 11 7 6 7 13 9 9 16 21 22 21 21 16 0 23 14 8 20 8 11 14 3 24 17 22 27
10 9 5 10 15 6 12 21 22 23 17 15 21 7 7 1 2 2 20 23 0 13 15 4 19 13 11 21 6 14 8 10
14 12 13 8 24 15 5 9 10 18 18 5 18 9 9 14 12 12 21 14 13 0 7 9 7 4 13 15 18 18 18 14
19 9 12 14 20 14 4 7 7 11 12 2 11 9 13 15 14 13 15 8 15 7 0 12 6 3 9 8 17 13 16 19
9 9 6 7 18 9 9 18 18 22 17 12 20 5 4 5 2 4 20 20 4 9 12 0 16 10 10 19 10 15 11 9
21 15 17 15 26 20 8 2 3 14 17 4 15 14 16 20 18 18 20 8 19 7 6 16 0 6 15 10 22 19 22 21
17 10 12 11 21 14 2 8 8 15 14 2 14 8 10 14 12 12 18 11 13 4 3 10 6 0 10 11 17 15 16 17
19 2 6 16 11 6 8 16 16 13 7 11 11 5 13 10 10 9 10 14 11 13 9 10 15 10 0 12 10 5 8 19
27 14 18 22 21 19 11 10 9 4 10 10 5 15 21 21 20 19 12 3 21 15 8 19 10 11 12 0 22 14 20 27
16 8 5 16 10 3 14 24 24 23 15 18 20 9 13 5 7 6 17 24 6 18 17 10 22 17 10 22 0 10 2 16
23 6 9 21 7 8 13 20 20 14 5 15 11 10 18 13 13 12 7 17 14 18 13 15 19 15 5 14 10 0 8 23
17 7 5 17 8 2 14 23 23 21 12 17 18 8 14 7 8 7 14 22 8 18 16 11 22 16 8 20 2 8 0 17
0 17 14 6 25 16 16 23 24 30 26 18 29 14 6 11 9 11 29 27 10 14 19 9 21 17 19 27 16 23 17 0
,
0 40 19 7 43 23 30 42 53 48 68 34 81 34 14 16 12 17 55 46 24 27 35 21 53 45 44 80 39 56 38 0
25 0 12 35 24 8 18 40 18 40 18 29 36 8 19 16 22 14 13 17 24 25 18 14 15 29 3 34 21 12 18 21
34 7 0 15 13 8 23 57 28 41 35 30 33 4 12 10 9 9 25 32 12 32 14 15 22 31 10 39 11 23 8 20
11 18 23 0 34 41 28 33 37 68 35 28 25 13 9 29 14 25 31 62 25 20 30 10 26 20 45 33 47 41 44 14
51 30 26 45 0 10 55 59 72 29 16 30 21 24 33 39 39 40 18 33 24 33 53 36 57 43 26 61 24 18 8 47
44 12 8 28 26 0 23 32 50 37 31 41 41 12 26 10 11 10 24 39 14 46 16 14 57 39 8 37 6 15 4 37
29 8 26 22 36 31 0 16 29 15 31 8 18 12 27 30 12 28 18 32 14 6 10 22 14 3 12 27 22 31 40 23
58 39 20 43 36 37 24 0 2 25 27 17 31 44 44 37 41 21 28 16 58 18 11 47 6 15 20 22 68 49 44 69
51 34 30 37 60 27 28 2 0 16 35 14 17 37 29 51 39 20 21 7 63 26 13 31 7 11 30 15 24 48 51 42
49 26 21 58 29 59 15 21 33 0 25 20 7 21 41 57 64 29 28 14 36 19 18 61 25 32 19 4 40 30 39 37
68 21 31 52 34 23 38 50 24 10 0 42 15 16 21 50 34 30 10 18 47 25 13 31 50 37 7 17 34 10 12 36
37 12 29 14 58 38 6 13 9 29 40 0 39 22 22 17 25 25 33 13 44 7 6 13 9 2 18 16 26 35 19 26
45 15 39 58 25 19 16 37 42 6 10 35 0 21 51 62 46 43 12 23 52 27 18 27 39 32 28 13 45 21 45 62
35 4 9 22 39 13 12 35 40 22 25 16 20 0 22 11 16 7 36 38 12 10 19 10 19 12 6 19 12 13 12 20
18 19 21 7 44 26 18 26 32 26 34 21 56 17 0 13 15 8 50 31 12 23 33 8 27 15 30 61 27 31 41 14
19 15 5 19 40 15 28 39 60 46 46 33 32 19 23 0 3 2 27 54 3 15 41 13 46 33 27 56 15 19 8 19
25 21 12 24 42 19 14 32 25 57 28 36 56 9 11 7 0 2 54 24 5 13 37 5 53 33 18 30 18 33 22 24
19 19 4 25 15 14 16 35 47 34 23 41 50 10 16 5 2 0 44 42 2 34 34 4 41 21 15 24 16 14 14 23
75 20 19 73 23 30 20 35 29 12 10 21 20 44 42 28 35 19 0 24 33 42 18 40 59 18 28 35 30 10 42 80
66 31 31 42 47 52 15 13 12 17 15 9 11 28 52 35 43 38 16 0 59 17 23 21 17 21 36 9 65 40 50 67
20 13 7 11 40 18 25 46 29 41 24 29 23 13 19 2 4 3 45 30 0 14 35 12 32 17 29 46 15 16 13 21
31 23 17 13 70 40 13 14 21 45 46 13 24 19 10 22 23 29 57 36 25 0 7 23 19 8 23 24 20 28 22 36
53 18 29 23 25 36 5 8 10 23 14 6 13 23 29 37 22 15 41 13 18 19 0 31 11 8 10 21 43 18 18 21
23 18 9 7 48 22 10 22 30 38 50 29 26 12 4 14 7 10 34 44 8 20 24 0 28 16 13 40 24 16 28 17
46 17 29 23 33 32 19 5 8 36 20 6 42 19 31 35 39 53 48 22 36 16 18 31 0 9 43 26 46 53 64 48
19 23 27 25 50 35 4 15 9 22 37 3 31 18 23 22 28 29 30 23 34 10 4 22 11 0 28 30 34 17 45 29
29 2 16 39 27 10 18 47 40 33 10 22 13 9 21 10 18 25 20 15 28 33 26 23 25 26 0 32 13 9 21 30
44 28 51 48 57 34 11 30 13 11 22 14 8 17 45 29 24 50 20 7 52 23 23 45 11 31 14 0 54 18 34 47
41 22 13 33 12 8 36 67 63 44 26 37 40 21 36 7 20 18 25 31 9 44 26 14 32 48 23 42 0 22 6 33
66 15 15 50 10 14 16 53 36 37 12 19 25 16 40 14 31 36 17 19 22 47 23 23 58 26 10 40 29 0 21 63
20 17 7 45 13 5 19 46 26 33 16 45 21 21 20 11 22 19 37 45 9 31 19 19 65 47 17 26 3 21 0 25
0 49 40 14 28 36 34 61 47 72 66 19 58 15 12 27 21 12 82 28 26 20 50 16 56 20 25 47 20 55 21 0