5
30
,
0 (20.0, 28.0) 64.0
1 (12.0, 25.0) 55.0
2 (12.0, 0.0) 82.0
3 (11.0, 49.0) 67.0
4 (10.0, 30.0) 42.0
5 (28.0, 15.0) 39.0
6 (46.0, 7.0) 79.0
7 (47.0, 9.0) 41.0
8 (49.0, 35.0) 45.0
9 (32.0, 40.0) 53.0
10 (35.0, 12.0) 66.0
11 (44.0, 37.0) 55.0
12 (18.0, 21.0) 68.0
13 (11.0, 6.0) 82.0
14 (5.0, 21.0) 40.0
15 (8.0, 17.0) 66.0
16 (9.0, 20.0) 54.0
17 (33.0, 47.0) 31.0
18 (50.0, 21.0) 86.0
19 (5.0, 19.0) 61.0
20 (28.0, 5.0) 36.0
21 (35.0, 17.0) 86.0
22 (11.0, 13.0) 74.0
23 (42.0, 7.0) 64.0
24 (31.0, 12.0) 55.0
25 (23.0, 30.0) 66.0
26 (47.0, 27.0) 50.0
27 (4.0, 31.0) 65.0
28 (22.0, 40.0) 61.0
29 (8.0, 34.0) 69.0
,
0 17 14 6 25 16 16 23 24 30 26 18 29 14 6 11 9 11 29 27 10 14 19 9 21 17 19 27 16 23 17 0
17 0 4 15 11 5 8 17 17 15 8 11 13 4 12 8 8 7 12 15 9 12 9 9 15 10 2 14 8 6 7 17
14 4 0 12 12 3 9 19 19 19 12 13 17 4 10 4 4 3 15 19 5 13 12 6 17 12 6 18 5 9 5 14
6 15 12 0 25 15 11 17 18 25 22 13 24 11 3 11 9 10 26 22 10 8 14 7 15 11 16 22 16 21 17 6
25 11 12 25 0 10 19 27 27 20 11 22 18 14 22 14 16 15 11 24 15 24 20 18 26 21 11 21 10 7 8 25
16 5 3 15 10 0 12 21 21 20 12 15 17 6 12 5 7 5 14 20 6 15 14 9 20 14 6 19 3 8 2 16
16 8 9 11 19 12 0 10 10 14 13 4 14 6 10 12 10 10 16 11 12 5 4 9 8 2 8 11 14 13 14 16
23 17 19 17 27 21 10 0 1 14 18 6 15 16 18 22 20 20 21 7 21 9 7 18 2 8 16 10 24 20 23 23
24 17 19 18 27 21 10 1 0 13 17 6 14 16 18 22 20 20 20 6 22 10 7 18 3 8 16 9 24 20 23 24
30 15 19 25 20 20 14 14 13 0 9 13 3 17 24 23 22 21 10 7 23 18 11 22 14 15 13 4 23 14 21 30
26 8 12 22 11 12 13 18 17 9 0 14 6 12 20 17 17 15 4 13 17 18 12 17 17 14 7 10 15 5 12 26
18 11 13 13 22 15 4 6 6 13 14 0 13 10 12 16 14 14 18 9 15 5 2 12 4 2 11 10 18 15 17 18
29 13 17 24 18 17 14 15 14 3 6 13 0 15 23 21 21 19 7 9 21 18 11 20 15 14 11 5 20 11 18 29
14 4 4 11 14 6 6 16 16 17 12 10 15 0 8 6 5 5 15 16 7 9 9 5 14 8 5 15 9 10 8 14
6 12 10 3 22 12 10 18 18 24 20 12 23 8 0 8 6 7 23 21 7 9 13 4 16 10 13 21 13 18 14 6
11 8 4 11 14 5 12 22 22 23 17 16 21 6 8 0 2 2 19 22 1 14 15 5 20 14 10 21 5 13 7 11
9 8 4 9 16 7 10 20 20 22 17 14 21 5 6 2 0 2 20 21 2 12 14 2 18 12 10 20 7 13 8 9
11 7 3 10 15 5 10 20 20 21 15 14 19 5 7 2 2 0 18 21 2 12 13 4 18 12 9 19 6 12 7 11
29 12 15 26 11 14 16 21 20 10 4 18 7 15 23 19 20 18 0 16 20 21 15 20 20 18 10 12 17 7 14 29
27 15 19 22 24 20 11 7 6 7 13 9 9 16 21 22 21 21 16 0 23 14 8 20 8 11 14 3 24 17 22 27
10 9 5 10 15 6 12 21 22 23 17 15 21 7 7 1 2 2 20 23 0 13 15 4 19 13 11 21 6 14 8 10
14 12 13 8 24 15 5 9 10 18 18 5 18 9 9 14 12 12 21 14 13 0 7 9 7 4 13 15 18 18 18 14
19 9 12 14 20 14 4 7 7 11 12 2 11 9 13 15 14 13 15 8 15 7 0 12 6 3 9 8 17 13 16 19
9 9 6 7 18 9 9 18 18 22 17 12 20 5 4 5 2 4 20 20 4 9 12 0 16 10 10 19 10 15 11 9
21 15 17 15 26 20 8 2 3 14 17 4 15 14 16 20 18 18 20 8 19 7 6 16 0 6 15 10 22 19 22 21
17 10 12 11 21 14 2 8 8 15 14 2 14 8 10 14 12 12 18 11 13 4 3 10 6 0 10 11 17 15 16 17
19 2 6 16 11 6 8 16 16 13 7 11 11 5 13 10 10 9 10 14 11 13 9 10 15 10 0 12 10 5 8 19
27 14 18 22 21 19 11 10 9 4 10 10 5 15 21 21 20 19 12 3 21 15 8 19 10 11 12 0 22 14 20 27
16 8 5 16 10 3 14 24 24 23 15 18 20 9 13 5 7 6 17 24 6 18 17 10 22 17 10 22 0 10 2 16
23 6 9 21 7 8 13 20 20 14 5 15 11 10 18 13 13 12 7 17 14 18 13 15 19 15 5 14 10 0 8 23
17 7 5 17 8 2 14 23 23 21 12 17 18 8 14 7 8 7 14 22 8 18 16 11 22 16 8 20 2 8 0 17
0 17 14 6 25 16 16 23 24 30 26 18 29 14 6 11 9 11 29 27 10 14 19 9 21 17 19 27 16 23 17 0
,
0 49 41 15 30 34 33 68 60 81 69 42 71 31 18 22 10 17 42 52 11 33 40 23 35 47 44 57 32 29 38 0
18 0 8 41 17 14 9 22 22 16 14 18 13 9 13 11 17 19 31 24 25 19 19 10 22 16 3 38 10 17 17 42
15 11 0 34 20 3 14 40 55 44 34 21 30 5 22 6 11 5 39 25 12 25 13 15 49 23 9 41 12 10 6 16
13 25 18 0 66 33 24 32 39 29 55 27 40 25 3 27 17 25 70 30 12 9 35 7 28 22 26 26 43 42 21 13
54 22 18 65 0 16 37 64 46 21 28 64 31 29 33 20 23 42 17 28 20 63 34 25 52 26 23 28 15 17 14 31
34 13 7 45 23 0 31 57 34 38 29 25 37 14 31 7 13 9 29 46 11 31 36 14 36 25 17 40 5 14 5 23
44 20 14 26 53 31 0 23 15 33 22 11 16 13 27 33 27 14 27 26 25 14 4 17 9 4 17 26 27 18 28 27
28 47 32 34 55 47 27 0 2 29 27 9 29 35 18 62 45 47 46 20 52 19 13 18 5 22 39 29 63 55 54 58
42 25 34 26 43 55 18 3 0 28 47 14 16 24 22 52 30 42 23 18 60 23 9 26 6 18 34 14 39 28 36 56
36 31 25 58 58 57 41 36 25 0 15 19 4 50 45 28 31 47 27 14 26 25 30 63 16 34 17 7 44 23 56 63
55 10 18 23 31 12 15 33 29 17 0 20 10 27 31 34 48 36 5 33 17 42 27 47 50 33 10 25 34 12 30 26
32 28 35 31 52 34 6 12 17 36 24 0 19 12 15 27 29 30 40 14 39 9 4 29 9 2 14 27 33 26 46 42
38 32 21 43 28 24 34 43 25 7 7 21 0 22 39 54 35 47 16 12 41 28 18 45 23 29 32 9 49 16 41 73
40 7 9 25 40 18 6 21 36 38 30 28 41 0 25 16 9 8 37 35 16 15 11 6 23 24 8 23 16 20 16 41
8 26 24 4 33 18 13 37 29 54 29 15 48 12 0 12 12 21 47 55 10 23 15 6 27 25 28 33 19 39 15 11
28 14 10 26 15 14 32 39 36 36 42 25 33 11 8 0 7 4 30 45 2 39 26 14 21 26 22 26 15 25 13 31
16 8 9 17 22 15 28 53 32 24 31 23 24 9 9 7 0 2 22 53 5 21 24 3 31 14 29 48 10 37 13 21
16 18 3 11 15 13 11 48 56 50 45 15 48 8 10 6 4 0 27 49 5 14 19 4 24 24 9 58 11 26 18 15
38 12 16 33 25 36 45 32 35 27 5 45 14 36 25 34 31 22 0 31 22 60 23 60 40 49 19 24 37 16 34 48
42 32 28 54 40 47 17 18 13 12 24 19 23 39 41 34 34 22 33 0 36 25 9 31 23 12 39 9 46 40 27 72
20 20 13 14 33 17 20 58 47 60 40 22 40 11 11 3 3 5 50 38 0 28 39 7 47 37 30 60 8 34 12 12
28 22 17 10 39 32 14 12 18 48 28 9 52 25 10 39 13 20 43 22 31 0 8 12 20 9 20 27 33 26 19 43
20 27 36 26 55 32 8 8 13 24 28 4 32 12 26 22 32 34 20 19 19 12 0 23 18 5 21 13 42 32 33 40
17 15 14 19 46 12 15 33 25 30 27 27 35 13 6 10 7 7 59 51 12 23 33 0 20 26 15 37 21 41 21 14
24 20 39 32 65 53 8 3 4 38 39 5 31 32 35 39 19 34 41 17 49 14 7 26 0 9 26 26 61 20 64 22
40 13 32 29 45 25 3 17 13 41 28 4 34 12 15 37 31 18 20 14 25 7 4 23 7 0 23 22 32 38 37 24
46 5 17 34 27 12 10 17 45 16 8 24 28 10 16 26 28 17 20 18 23 35 18 27 38 26 0 17 22 9 17 52
74 35 23 40 38 52 19 14 24 7 24 16 14 36 49 54 22 24 21 5 45 21 19 52 15 19 19 0 34 30 53 49
17 24 8 23 24 8 16 25 41 35 29 36 60 9 38 12 16 15 49 51 12 30 33 22 58 35 10 55 0 18 6 16
41 18 12 27 14 17 31 60 59 39 7 17 32 19 34 37 36 26 13 19 40 41 39 27 57 29 15 41 17 0 17 42
45 12 7 44 8 5 19 31 38 29 26 36 27 10 16 11 10 16 20 38 10 22 39 27 49 43 9 25 5 21 0 19
0 30 30 17 64 30 35 64 58 62 32 49 79 38 11 31 13 15 73 36 10 39 45 11 30 50 39 76 30 54 43 0