5
30
,
0 (20.0, 28.0) 42.0
1 (12.0, 25.0) 57.0
2 (12.0, 0.0) 88.0
3 (11.0, 49.0) 39.0
4 (10.0, 30.0) 34.0
5 (28.0, 15.0) 41.0
6 (46.0, 7.0) 36.0
7 (47.0, 9.0) 55.0
8 (49.0, 35.0) 38.0
9 (32.0, 40.0) 74.0
10 (35.0, 12.0) 39.0
11 (44.0, 37.0) 69.0
12 (18.0, 21.0) 52.0
13 (11.0, 6.0) 86.0
14 (5.0, 21.0) 53.0
15 (8.0, 17.0) 56.0
16 (9.0, 20.0) 69.0
17 (33.0, 47.0) 56.0
18 (50.0, 21.0) 81.0
19 (5.0, 19.0) 54.0
20 (28.0, 5.0) 41.0
21 (35.0, 17.0) 42.0
22 (11.0, 13.0) 45.0
23 (42.0, 7.0) 32.0
24 (31.0, 12.0) 63.0
25 (23.0, 30.0) 37.0
26 (47.0, 27.0) 48.0
27 (4.0, 31.0) 75.0
28 (22.0, 40.0) 64.0
29 (8.0, 34.0) 50.0
,
0 17 14 6 25 16 16 23 24 30 26 18 29 14 6 11 9 11 29 27 10 14 19 9 21 17 19 27 16 23 17 0
17 0 4 15 11 5 8 17 17 15 8 11 13 4 12 8 8 7 12 15 9 12 9 9 15 10 2 14 8 6 7 17
14 4 0 12 12 3 9 19 19 19 12 13 17 4 10 4 4 3 15 19 5 13 12 6 17 12 6 18 5 9 5 14
6 15 12 0 25 15 11 17 18 25 22 13 24 11 3 11 9 10 26 22 10 8 14 7 15 11 16 22 16 21 17 6
25 11 12 25 0 10 19 27 27 20 11 22 18 14 22 14 16 15 11 24 15 24 20 18 26 21 11 21 10 7 8 25
16 5 3 15 10 0 12 21 21 20 12 15 17 6 12 5 7 5 14 20 6 15 14 9 20 14 6 19 3 8 2 16
16 8 9 11 19 12 0 10 10 14 13 4 14 6 10 12 10 10 16 11 12 5 4 9 8 2 8 11 14 13 14 16
23 17 19 17 27 21 10 0 1 14 18 6 15 16 18 22 20 20 21 7 21 9 7 18 2 8 16 10 24 20 23 23
24 17 19 18 27 21 10 1 0 13 17 6 14 16 18 22 20 20 20 6 22 10 7 18 3 8 16 9 24 20 23 24
30 15 19 25 20 20 14 14 13 0 9 13 3 17 24 23 22 21 10 7 23 18 11 22 14 15 13 4 23 14 21 30
26 8 12 22 11 12 13 18 17 9 0 14 6 12 20 17 17 15 4 13 17 18 12 17 17 14 7 10 15 5 12 26
18 11 13 13 22 15 4 6 6 13 14 0 13 10 12 16 14 14 18 9 15 5 2 12 4 2 11 10 18 15 17 18
29 13 17 24 18 17 14 15 14 3 6 13 0 15 23 21 21 19 7 9 21 18 11 20 15 14 11 5 20 11 18 29
14 4 4 11 14 6 6 16 16 17 12 10 15 0 8 6 5 5 15 16 7 9 9 5 14 8 5 15 9 10 8 14
6 12 10 3 22 12 10 18 18 24 20 12 23 8 0 8 6 7 23 21 7 9 13 4 16 10 13 21 13 18 14 6
11 8 4 11 14 5 12 22 22 23 17 16 21 6 8 0 2 2 19 22 1 14 15 5 20 14 10 21 5 13 7 11
9 8 4 9 16 7 10 20 20 22 17 14 21 5 6 2 0 2 20 21 2 12 14 2 18 12 10 20 7 13 8 9
11 7 3 10 15 5 10 20 20 21 15 14 19 5 7 2 2 0 18 21 2 12 13 4 18 12 9 19 6 12 7 11
29 12 15 26 11 14 16 21 20 10 4 18 7 15 23 19 20 18 0 16 20 21 15 20 20 18 10 12 17 7 14 29
27 15 19 22 24 20 11 7 6 7 13 9 9 16 21 22 21 21 16 0 23 14 8 20 8 11 14 3 24 17 22 27
10 9 5 10 15 6 12 21 22 23 17 15 21 7 7 1 2 2 20 23 0 13 15 4 19 13 11 21 6 14 8 10
14 12 13 8 24 15 5 9 10 18 18 5 18 9 9 14 12 12 21 14 13 0 7 9 7 4 13 15 18 18 18 14
19 9 12 14 20 14 4 7 7 11 12 2 11 9 13 15 14 13 15 8 15 7 0 12 6 3 9 8 17 13 16 19
9 9 6 7 18 9 9 18 18 22 17 12 20 5 4 5 2 4 20 20 4 9 12 0 16 10 10 19 10 15 11 9
21 15 17 15 26 20 8 2 3 14 17 4 15 14 16 20 18 18 20 8 19 7 6 16 0 6 15 10 22 19 22 21
17 10 12 11 21 14 2 8 8 15 14 2 14 8 10 14 12 12 18 11 13 4 3 10 6 0 10 11 17 15 16 17
19 2 6 16 11 6 8 16 16 13 7 11 11 5 13 10 10 9 10 14 11 13 9 10 15 10 0 12 10 5 8 19
27 14 18 22 21 19 11 10 9 4 10 10 5 15 21 21 20 19 12 3 21 15 8 19 10 11 12 0 22 14 20 27
16 8 5 16 10 3 14 24 24 23 15 18 20 9 13 5 7 6 17 24 6 18 17 10 22 17 10 22 0 10 2 16
23 6 9 21 7 8 13 20 20 14 5 15 11 10 18 13 13 12 7 17 14 18 13 15 19 15 5 14 10 0 8 23
17 7 5 17 8 2 14 23 23 21 12 17 18 8 14 7 8 7 14 22 8 18 16 11 22 16 8 20 2 8 0 17
0 17 14 6 25 16 16 23 24 30 26 18 29 14 6 11 9 11 29 27 10 14 19 9 21 17 19 27 16 23 17 0
,
0 23 25 10 35 21 16 35 35 82 31 44 50 37 12 16 27 25 55 67 19 22 26 24 43 24 56 78 42 30 51 0
18 0 11 28 26 8 10 30 30 33 14 33 14 9 16 20 10 9 20 18 22 35 16 23 34 24 5 20 13 9 14 18
36 11 0 23 15 7 15 22 24 38 29 39 50 8 27 11 9 6 34 40 6 24 19 18 43 24 18 35 11 20 9 20
9 36 30 0 41 25 19 48 24 71 51 19 69 13 8 32 18 30 33 26 27 9 28 14 24 31 39 39 18 39 24 15
36 26 28 48 0 27 50 56 41 50 32 54 27 30 32 28 33 40 16 31 16 52 48 46 55 42 23 21 20 11 21 56
44 15 4 25 19 0 24 54 33 51 26 18 30 7 14 12 17 11 16 47 13 22 19 25 34 31 9 40 5 20 6 27
34 17 16 24 30 27 0 21 17 22 14 9 27 6 13 17 27 25 27 14 17 9 8 11 9 5 19 25 26 36 22 23
27 50 55 47 36 27 22 0 3 31 47 16 19 39 19 32 27 50 53 20 44 12 10 44 4 12 27 12 43 59 55 67
42 36 27 54 79 55 27 2 0 15 41 15 23 43 37 46 20 33 24 7 47 19 12 30 4 20 28 15 66 35 68 53
89 15 50 32 50 56 42 28 32 0 19 14 7 24 40 62 59 63 14 18 34 48 30 62 19 26 16 11 58 22 28 47
32 13 21 63 29 29 28 19 25 11 0 23 11 23 23 33 19 25 4 14 48 34 24 18 42 32 12 23 31 10 27 26
48 32 32 33 29 28 6 7 9 13 18 0 23 21 33 46 29 21 28 22 33 6 4 19 5 2 18 10 27 27 27 28
35 28 19 32 48 24 19 22 26 6 17 29 0 25 28 54 42 23 12 10 48 42 22 54 37 40 23 12 24 32 33 72
17 8 10 21 41 13 10 32 23 43 26 10 40 0 13 17 9 7 21 28 12 16 25 13 20 14 13 34 20 14 21 23
17 24 26 8 58 15 16 27 46 56 56 15 30 14 0 19 11 17 49 37 8 10 26 8 28 25 28 22 35 36 40 18
32 16 8 24 29 9 15 48 34 25 17 24 49 7 20 0 3 5 39 57 1 17 30 10 59 34 18 27 12 16 18 22
24 14 13 14 34 7 16 35 36 65 24 15 22 8 7 7 0 4 50 40 4 27 33 3 22 29 22 25 12 25 17 13
23 17 5 17 42 5 12 32 47 41 29 31 39 10 19 2 5 0 48 42 3 20 21 7 20 23 22 32 16 19 20 18
76 17 25 61 18 36 47 41 49 24 6 20 8 20 23 31 31 24 0 21 47 46 27 57 55 44 12 32 45 18 34 49
62 21 30 34 69 56 15 10 18 12 14 21 10 42 35 60 31 39 16 0 55 35 10 27 14 27 24 6 35 25 64 51
20 25 7 25 41 18 35 31 47 42 34 30 36 11 16 2 4 6 55 63 0 35 32 12 58 34 13 47 11 14 16 25
26 20 38 20 49 32 6 18 24 33 41 9 34 15 15 32 33 33 42 14 28 0 9 19 12 5 23 18 35 29 42 38
20 16 13 15 24 27 9 8 12 17 34 5 22 15 35 15 32 37 38 20 32 16 0 25 17 4 13 15 48 33 44 32
24 17 15 10 33 17 19 46 34 46 40 27 34 12 7 13 5 4 30 56 6 20 21 0 32 27 15 24 26 24 19 25
50 27 40 41 65 26 21 5 6 26 25 13 44 39 39 55 33 24 51 10 54 8 18 25 0 16 30 14 50 54 28 32
37 26 16 33 31 29 3 11 11 19 26 3 31 13 22 40 17 28 44 22 28 4 7 30 12 0 14 11 18 32 34 31
51 2 7 42 16 12 23 37 21 15 18 28 32 9 39 29 23 13 22 26 29 13 16 18 32 26 0 34 20 6 19 43
33 23 46 35 43 21 27 15 24 6 21 10 8 18 44 61 53 31 26 4 46 24 15 40 12 18 28 0 38 34 43 33
35 11 8 17 14 5 39 58 47 29 25 48 50 21 22 12 10 7 46 25 14 30 43 17 51 39 18 44 0 14 6 42
62 11 26 61 21 22 14 37 28 15 13 40 21 16 50 28 39 24 18 36 35 22 32 42 47 36 9 37 28 0 18 36
44 10 9 49 20 7 28 56 50 22 22 37 21 24 33 17 14 19 22 36 8 49 40 21 49 33 14 21 7 17 0 21
0 23 31 17 45 36 25 64 66 31 53 49 55 35 8 17 23 12 44 66 16 16 37 23 57 32 26 38 17 66 45 0