5
30
,
0 (20.0, 28.0) 47.0
1 (12.0, 25.0) 84.0
2 (12.0, 0.0) 62.0
3 (11.0, 49.0) 52.0
4 (10.0, 30.0) 83.0
5 (28.0, 15.0) 32.0
6 (46.0, 7.0) 66.0
7 (47.0, 9.0) 35.0
8 (49.0, 35.0) 35.0
9 (32.0, 40.0) 66.0
10 (35.0, 12.0) 63.0
11 (44.0, 37.0) 90.0
12 (18.0, 21.0) 44.0
13 (11.0, 6.0) 58.0
14 (5.0, 21.0) 46.0
15 (8.0, 17.0) 89.0
16 (9.0, 20.0) 57.0
17 (33.0, 47.0) 40.0
18 (50.0, 21.0) 78.0
19 (5.0, 19.0) 34.0
20 (28.0, 5.0) 46.0
21 (35.0, 17.0) 75.0
22 (11.0, 13.0) 56.0
23 (42.0, 7.0) 40.0
24 (31.0, 12.0) 73.0
25 (23.0, 30.0) 64.0
26 (47.0, 27.0) 75.0
27 (4.0, 31.0) 61.0
28 (22.0, 40.0) 89.0
29 (8.0, 34.0) 69.0
,
0 17 14 6 25 16 16 23 24 30 26 18 29 14 6 11 9 11 29 27 10 14 19 9 21 17 19 27 16 23 17 0
17 0 4 15 11 5 8 17 17 15 8 11 13 4 12 8 8 7 12 15 9 12 9 9 15 10 2 14 8 6 7 17
14 4 0 12 12 3 9 19 19 19 12 13 17 4 10 4 4 3 15 19 5 13 12 6 17 12 6 18 5 9 5 14
6 15 12 0 25 15 11 17 18 25 22 13 24 11 3 11 9 10 26 22 10 8 14 7 15 11 16 22 16 21 17 6
25 11 12 25 0 10 19 27 27 20 11 22 18 14 22 14 16 15 11 24 15 24 20 18 26 21 11 21 10 7 8 25
16 5 3 15 10 0 12 21 21 20 12 15 17 6 12 5 7 5 14 20 6 15 14 9 20 14 6 19 3 8 2 16
16 8 9 11 19 12 0 10 10 14 13 4 14 6 10 12 10 10 16 11 12 5 4 9 8 2 8 11 14 13 14 16
23 17 19 17 27 21 10 0 1 14 18 6 15 16 18 22 20 20 21 7 21 9 7 18 2 8 16 10 24 20 23 23
24 17 19 18 27 21 10 1 0 13 17 6 14 16 18 22 20 20 20 6 22 10 7 18 3 8 16 9 24 20 23 24
30 15 19 25 20 20 14 14 13 0 9 13 3 17 24 23 22 21 10 7 23 18 11 22 14 15 13 4 23 14 21 30
26 8 12 22 11 12 13 18 17 9 0 14 6 12 20 17 17 15 4 13 17 18 12 17 17 14 7 10 15 5 12 26
18 11 13 13 22 15 4 6 6 13 14 0 13 10 12 16 14 14 18 9 15 5 2 12 4 2 11 10 18 15 17 18
29 13 17 24 18 17 14 15 14 3 6 13 0 15 23 21 21 19 7 9 21 18 11 20 15 14 11 5 20 11 18 29
14 4 4 11 14 6 6 16 16 17 12 10 15 0 8 6 5 5 15 16 7 9 9 5 14 8 5 15 9 10 8 14
6 12 10 3 22 12 10 18 18 24 20 12 23 8 0 8 6 7 23 21 7 9 13 4 16 10 13 21 13 18 14 6
11 8 4 11 14 5 12 22 22 23 17 16 21 6 8 0 2 2 19 22 1 14 15 5 20 14 10 21 5 13 7 11
9 8 4 9 16 7 10 20 20 22 17 14 21 5 6 2 0 2 20 21 2 12 14 2 18 12 10 20 7 13 8 9
11 7 3 10 15 5 10 20 20 21 15 14 19 5 7 2 2 0 18 21 2 12 13 4 18 12 9 19 6 12 7 11
29 12 15 26 11 14 16 21 20 10 4 18 7 15 23 19 20 18 0 16 20 21 15 20 20 18 10 12 17 7 14 29
27 15 19 22 24 20 11 7 6 7 13 9 9 16 21 22 21 21 16 0 23 14 8 20 8 11 14 3 24 17 22 27
10 9 5 10 15 6 12 21 22 23 17 15 21 7 7 1 2 2 20 23 0 13 15 4 19 13 11 21 6 14 8 10
14 12 13 8 24 15 5 9 10 18 18 5 18 9 9 14 12 12 21 14 13 0 7 9 7 4 13 15 18 18 18 14
19 9 12 14 20 14 4 7 7 11 12 2 11 9 13 15 14 13 15 8 15 7 0 12 6 3 9 8 17 13 16 19
9 9 6 7 18 9 9 18 18 22 17 12 20 5 4 5 2 4 20 20 4 9 12 0 16 10 10 19 10 15 11 9
21 15 17 15 26 20 8 2 3 14 17 4 15 14 16 20 18 18 20 8 19 7 6 16 0 6 15 10 22 19 22 21
17 10 12 11 21 14 2 8 8 15 14 2 14 8 10 14 12 12 18 11 13 4 3 10 6 0 10 11 17 15 16 17
19 2 6 16 11 6 8 16 16 13 7 11 11 5 13 10 10 9 10 14 11 13 9 10 15 10 0 12 10 5 8 19
27 14 18 22 21 19 11 10 9 4 10 10 5 15 21 21 20 19 12 3 21 15 8 19 10 11 12 0 22 14 20 27
16 8 5 16 10 3 14 24 24 23 15 18 20 9 13 5 7 6 17 24 6 18 17 10 22 17 10 22 0 10 2 16
23 6 9 21 7 8 13 20 20 14 5 15 11 10 18 13 13 12 7 17 14 18 13 15 19 15 5 14 10 0 8 23
17 7 5 17 8 2 14 23 23 21 12 17 18 8 14 7 8 7 14 22 8 18 16 11 22 16 8 20 2 8 0 17
0 17 14 6 25 16 16 23 24 30 26 18 29 14 6 11 9 11 29 27 10 14 19 9 21 17 19 27 16 23 17 0
,
0 33 24 9 30 41 33 37 48 74 29 30 30 24 15 21 15 18 61 30 10 29 51 12 52 28 32 50 20 54 23 0
40 0 4 18 17 13 9 21 34 15 14 31 28 9 15 13 12 20 18 33 12 28 17 20 22 12 4 28 17 13 19 26
32 5 0 24 25 4 24 36 21 24 19 36 30 8 26 5 10 7 38 38 5 31 18 11 37 13 7 38 11 19 8 22
7 26 37 0 39 43 27 45 49 42 42 20 59 30 6 17 10 26 54 48 15 18 42 19 38 29 44 24 28 39 49 13
65 25 28 67 0 27 24 57 74 41 19 51 34 38 36 24 27 27 25 26 21 26 46 26 60 49 15 28 16 9 11 28
41 9 5 21 18 0 13 47 57 24 26 33 49 13 34 15 17 12 41 24 7 31 28 17 47 18 16 31 4 23 5 32
34 8 17 25 40 26 0 20 23 37 34 10 28 11 22 31 15 20 34 31 32 7 5 9 19 6 18 33 28 30 30 33
33 39 29 33 64 51 24 0 3 40 34 13 28 37 32 59 47 53 36 13 54 18 17 38 3 11 42 16 42 36 37 40
57 23 35 46 50 60 18 2 0 20 29 11 35 45 48 64 41 54 47 7 53 25 7 39 7 12 21 18 61 40 23 69
40 33 27 73 45 35 22 19 33 0 15 28 6 25 36 33 61 27 27 10 57 52 27 62 29 29 20 7 65 15 54 56
53 14 34 34 25 29 15 33 30 26 0 23 10 29 26 35 22 27 8 22 34 44 26 17 21 23 17 21 26 7 27 62
24 23 19 26 38 39 10 15 8 24 22 0 38 24 34 27 17 27 43 12 32 7 6 15 5 3 17 17 47 22 40 28
30 24 28 29 49 29 39 24 30 6 15 39 0 41 31 34 58 42 18 12 48 22 17 38 20 39 16 13 49 26 22 48
37 7 4 17 38 7 14 16 31 34 16 24 34 0 10 19 9 8 22 25 8 16 16 13 37 14 12 25 24 15 8 26
11 29 18 6 39 30 13 28 41 66 46 19 52 8 0 19 14 17 65 37 12 21 21 4 27 29 34 35 34 46 27 18
29 25 11 33 17 10 14 32 54 68 27 21 35 15 18 0 6 6 41 61 2 32 16 5 24 30 17 25 6 24 14 20
17 13 10 25 24 18 14 22 33 62 29 36 23 12 10 4 0 2 55 40 5 34 36 7 50 19 13 58 16 30 10 27
11 7 5 22 22 10 25 25 57 25 29 28 33 5 13 2 4 0 18 34 3 25 21 8 25 28 24 40 10 21 16 26
39 34 39 37 17 20 27 58 22 18 4 23 11 26 68 55 54 45 0 27 34 62 23 54 39 24 11 29 38 12 22 32
59 20 45 63 68 25 13 13 17 13 25 18 20 33 54 35 31 35 20 0 38 14 18 43 11 27 35 6 63 23 26 50
24 23 13 23 24 15 18 32 46 54 35 34 39 15 20 3 4 3 34 36 0 33 36 8 22 14 24 25 13 32 17 15
35 29 15 12 65 19 13 14 28 50 40 14 44 23 17 29 15 24 59 21 36 0 12 15 17 10 25 39 53 47 47 27
50 12 14 23 53 34 4 20 10 17 19 4 13 24 20 38 37 27 34 14 31 21 0 15 10 8 11 19 50 14 22 40
18 20 6 19 30 13 13 52 33 37 40 26 43 15 5 8 3 9 35 56 9 26 22 0 43 23 22 48 10 23 19 12
45 39 30 39 60 22 19 5 5 23 48 6 31 39 32 35 44 51 48 20 40 12 12 36 0 18 36 23 36 44 62 33
48 21 34 27 42 33 6 20 18 24 18 2 25 21 11 32 34 28 29 15 19 11 8 14 18 0 27 24 19 42 37 30
43 5 17 46 28 8 8 42 23 23 12 14 26 12 15 15 25 22 22 34 11 22 9 15 36 17 0 23 12 5 12 41
30 30 20 57 36 34 33 25 15 9 15 18 9 16 59 36 32 23 19 10 59 29 8 51 15 32 24 0 55 40 21 56
33 10 15 39 28 4 16 35 45 42 35 38 49 9 27 7 16 14 38 38 11 25 21 20 42 20 21 23 0 16 7 29
47 8 10 41 19 12 25 51 35 39 11 35 22 12 51 13 36 32 19 37 17 32 32 32 47 24 6 40 28 0 17 27
27 7 6 49 17 3 32 33 31 46 29 52 26 18 39 13 14 19 29 46 11 32 32 21 24 36 17 24 6 21 0 52
0 27 18 10 43 46 18 36 59 58 55 53 67 23 12 16 21 29 61 78 14 16 25 10 50 24 30 52 28 65 36 0