5
30
,
0 (8.0, 25.0) 19.0
1 (32.0, 19.0) 11.0
2 (43.0, 44.0) 19.0
3 (39.0, 17.0) 17.0
4 (5.0, 29.0) 49.0
5 (16.0, 20.0) 30.0
6 (20.0, 38.0) 42.0
7 (37.0, 22.0) 13.0
8 (21.0, 3.0) 12.0
9 (31.0, 27.0) 15.0
10 (10.0, 22.0) 34.0
11 (31.0, 19.0) 25.0
12 (31.0, 47.0) 24.0
13 (36.0, 39.0) 11.0
14 (15.0, 17.0) 16.0
15 (24.0, 32.0) 27.0
16 (13.0, 33.0) 32.0
17 (49.0, 13.0) 21.0
18 (21.0, 24.0) 48.0
19 (45.0, 23.0) 11.0
20 (12.0, 7.0) 33.0
21 (10.0, 8.0) 13.0
22 (7.0, 25.0) 14.0
23 (49.0, 36.0) 30.0
24 (47.0, 35.0) 25.0
25 (30.0, 46.0) 24.0
26 (43.0, 38.0) 21.0
27 (46.0, 40.0) 12.0
28 (43.0, 23.0) 16.0
29 (24.0, 16.0) 32.0
,
0 5 8 6 1 2 4 6 5 5 1 5 6 6 2 3 2 9 3 7 4 3 0 8 8 6 7 8 7 4
5 0 5 1 6 3 4 1 4 2 4 0 6 4 3 3 5 4 2 3 5 5 5 5 4 5 4 5 2 2
8 5 0 5 8 7 5 5 9 4 8 6 2 2 8 4 6 6 6 4 10 10 8 2 2 3 1 1 4 7
6 1 5 0 7 5 6 1 5 3 6 2 6 4 5 4 6 2 4 2 6 6 7 4 4 6 4 5 1 3
1 6 8 7 0 3 3 7 6 5 2 6 6 7 3 4 2 9 3 8 5 4 1 9 8 6 8 8 8 5
2 3 7 5 3 0 4 4 4 3 1 3 6 6 1 3 3 7 1 6 3 3 2 7 7 6 6 7 5 2
4 4 5 6 3 4 0 5 7 3 4 4 3 3 4 1 2 8 3 6 6 6 4 6 5 3 5 5 5 4
6 1 5 1 7 4 5 0 5 2 5 1 5 3 5 3 5 3 3 2 6 6 6 4 3 5 3 4 1 3
5 4 9 5 6 4 7 5 0 5 4 4 9 8 3 6 6 6 4 6 2 2 5 9 8 9 8 9 6 3
5 2 4 3 5 3 3 2 5 0 4 2 4 3 4 2 4 5 2 3 6 6 5 4 4 4 3 4 3 3
1 4 8 6 2 1 4 5 4 4 0 4 7 6 1 3 2 8 2 7 3 3 1 8 8 6 7 8 7 3
5 0 6 2 6 3 4 1 4 2 4 0 6 4 3 3 5 4 2 3 4 5 5 5 5 5 4 5 3 2
6 6 2 6 6 6 3 5 9 4 7 6 0 2 7 3 5 8 5 6 9 9 7 4 4 0 3 3 5 6
6 4 2 4 7 6 3 3 8 3 6 4 2 0 6 3 5 6 4 4 8 8 6 3 2 2 1 2 3 5
2 3 8 5 3 1 4 5 3 4 1 3 7 6 0 3 3 7 2 6 2 2 2 8 7 7 7 8 6 2
3 3 4 4 4 3 1 3 6 2 3 3 3 3 3 0 2 6 2 5 6 6 4 5 5 3 4 5 4 3
2 5 6 6 2 3 2 5 6 4 2 5 5 5 3 2 0 8 2 7 5 5 2 7 7 4 6 7 6 4
9 4 6 2 9 7 8 3 6 5 8 4 8 6 7 6 8 0 6 2 7 8 9 5 4 8 5 5 2 5
3 2 6 4 3 1 3 3 4 2 2 2 5 4 2 2 2 6 0 5 4 4 3 6 6 5 5 6 4 2
7 3 4 2 8 6 6 2 6 3 7 3 6 4 6 5 7 2 5 0 7 8 8 3 2 5 3 3 0 4
4 5 10 6 5 3 6 6 2 6 3 4 9 8 2 6 5 7 4 7 0 0 4 9 9 9 9 9 7 3
3 5 10 6 4 3 6 6 2 6 3 5 9 8 2 6 5 8 4 8 0 0 3 10 9 9 9 10 7 3
0 5 8 7 1 2 4 6 5 5 1 5 7 6 2 4 2 9 3 8 4 3 0 9 8 6 8 8 7 4
8 5 2 4 9 7 6 4 9 4 8 5 4 3 8 5 7 5 6 3 9 10 9 0 0 4 1 1 3 6
8 4 2 4 8 7 5 3 8 4 8 5 4 2 7 5 7 4 6 2 9 9 8 0 0 4 1 1 3 6
6 5 3 6 6 6 3 5 9 4 6 5 0 2 7 3 4 8 5 5 9 9 6 4 4 0 3 3 5 6
7 4 1 4 8 6 5 3 8 3 7 4 3 1 7 4 6 5 5 3 9 9 8 1 1 3 0 1 3 6
8 5 1 5 8 7 5 4 9 4 8 5 3 2 8 5 7 5 6 3 9 10 8 1 1 3 1 0 3 7
7 2 4 1 8 5 5 1 6 3 7 3 5 3 6 4 6 2 4 0 7 7 7 3 3 5 3 3 0 4
4 2 7 3 5 2 4 3 3 3 3 2 6 5 2 3 4 5 2 4 3 3 4 6 6 6 6 7 4 0
,
0 27 39 42 4 9 13 26 15 16 5 21 34 27 14 18 9 50 8 24 13 18 1 24 34 17 46 21 42 15
13 0 34 4 28 11 23 8 22 6 19 1 18 25 9 8 26 23 15 11 12 36 25 30 32 18 27 38 8 7
36 14 0 21 51 40 16 12 31 17 42 25 16 6 24 22 37 44 24 22 56 37 29 13 10 16 4 4 25 42
20 10 40 0 42 19 36 8 14 11 16 6 34 30 26 16 19 12 13 12 42 27 35 32 12 22 29 25 4 10
5 32 45 29 0 8 12 43 17 16 10 22 35 23 9 20 11 60 13 34 16 31 5 37 40 28 29 23 37 22
5 23 51 21 17 0 21 30 23 22 4 11 18 30 2 21 10 50 9 29 20 7 13 21 35 20 32 41 20 8
14 12 27 17 18 15 0 31 26 20 28 26 14 21 13 4 12 44 16 29 28 18 9 37 28 8 24 20 16 28
29 8 22 6 31 29 27 0 25 10 34 6 36 22 20 20 27 22 15 8 41 39 23 22 23 36 17 25 5 11
30 17 54 21 20 26 34 36 0 35 27 19 27 33 18 39 33 35 15 46 13 16 30 54 23 38 21 25 31 10
24 11 15 10 28 10 23 11 27 0 12 8 20 11 17 5 25 27 13 20 30 17 31 23 13 24 19 23 16 7
3 20 20 24 7 9 16 27 32 23 0 13 31 32 5 12 13 45 7 34 18 18 4 56 30 22 30 48 23 9
20 1 17 4 33 17 22 9 12 11 22 0 16 19 21 10 29 15 7 13 28 13 25 24 24 20 13 25 16 7
29 34 18 28 30 24 8 36 48 19 24 36 0 13 38 21 24 27 32 38 27 46 35 13 12 1 13 13 24 16
35 26 13 20 34 39 15 10 22 11 24 18 9 0 27 9 23 16 15 26 46 29 40 9 13 13 7 7 12 34
9 9 55 27 17 3 26 14 13 24 10 20 40 32 0 16 18 22 9 27 11 13 6 50 21 48 39 47 39 12
13 17 17 11 25 17 5 20 29 7 15 15 18 10 21 0 14 45 7 29 25 37 21 16 16 16 20 22 12 9
13 12 32 34 7 17 13 21 25 22 15 12 16 31 23 13 0 46 12 28 34 36 10 29 37 29 35 35 28 11
57 18 40 9 66 42 30 11 44 23 42 23 30 29 37 16 34 0 31 15 39 52 31 32 32 21 25 33 6 33
14 11 19 14 10 7 11 14 18 11 10 10 23 26 6 8 10 21 0 35 28 26 8 39 38 33 18 20 22 9
42 8 22 10 45 28 37 8 46 13 51 13 22 13 27 29 48 6 23 0 27 36 46 13 13 30 19 15 1 32
27 27 56 33 30 15 37 34 6 24 11 14 31 31 10 38 38 36 12 53 0 3 9 52 40 47 33 24 30 10
9 15 37 36 25 17 32 23 9 17 12 32 44 30 11 36 19 41 19 25 3 0 23 60 68 46 32 44 42 12
1 15 38 44 7 7 15 30 29 32 6 17 32 27 7 26 15 33 9 42 10 14 0 51 27 33 36 31 19 12
46 31 15 29 67 36 26 28 27 28 46 34 30 11 34 36 40 24 15 10 59 54 55 0 2 25 3 5 20 28
23 19 9 29 60 19 37 13 52 14 47 12 30 10 26 28 40 24 42 8 42 45 54 2 0 24 7 6 7 26
30 24 11 33 21 31 14 29 65 24 23 37 1 11 26 21 26 30 30 26 51 22 20 19 23 0 17 20 22 41
25 19 8 20 36 17 14 15 33 24 41 18 11 7 46 13 34 38 28 17 26 29 22 5 5 19 0 3 17 28
52 19 4 27 29 38 23 16 59 14 59 31 11 6 22 26 47 37 31 12 59 30 46 6 6 21 4 0 15 21
42 7 11 8 49 24 29 3 31 18 39 7 33 12 28 24 24 7 16 3 33 31 52 14 7 40 17 12 0 30
12 9 28 11 12 11 23 20 15 8 20 8 31 31 6 17 18 38 12 15 9 23 18 38 15 34 26 42 12 0