5
30
,
0 (8.0, 25.0) 29.0
1 (32.0, 19.0) 12.0
2 (43.0, 44.0) 10.0
3 (39.0, 17.0) 21.0
4 (5.0, 29.0) 32.0
5 (16.0, 20.0) 21.0
6 (20.0, 38.0) 22.0
7 (37.0, 22.0) 24.0
8 (21.0, 3.0) 11.0
9 (31.0, 27.0) 10.0
10 (10.0, 22.0) 28.0
11 (31.0, 19.0) 12.0
12 (31.0, 47.0) 11.0
13 (36.0, 39.0) 40.0
14 (15.0, 17.0) 21.0
15 (24.0, 32.0) 11.0
16 (13.0, 33.0) 16.0
17 (49.0, 13.0) 28.0
18 (21.0, 24.0) 12.0
19 (45.0, 23.0) 23.0
20 (12.0, 7.0) 12.0
21 (10.0, 8.0) 16.0
22 (7.0, 25.0) 13.0
23 (49.0, 36.0) 47.0
24 (47.0, 35.0) 15.0
25 (30.0, 46.0) 40.0
26 (43.0, 38.0) 16.0
27 (46.0, 40.0) 49.0
28 (43.0, 23.0) 30.0
29 (24.0, 16.0) 13.0
,
0 5 8 6 1 2 4 6 5 5 1 5 6 6 2 3 2 9 3 7 4 3 0 8 8 6 7 8 7 4
5 0 5 1 6 3 4 1 4 2 4 0 6 4 3 3 5 4 2 3 5 5 5 5 4 5 4 5 2 2
8 5 0 5 8 7 5 5 9 4 8 6 2 2 8 4 6 6 6 4 10 10 8 2 2 3 1 1 4 7
6 1 5 0 7 5 6 1 5 3 6 2 6 4 5 4 6 2 4 2 6 6 7 4 4 6 4 5 1 3
1 6 8 7 0 3 3 7 6 5 2 6 6 7 3 4 2 9 3 8 5 4 1 9 8 6 8 8 8 5
2 3 7 5 3 0 4 4 4 3 1 3 6 6 1 3 3 7 1 6 3 3 2 7 7 6 6 7 5 2
4 4 5 6 3 4 0 5 7 3 4 4 3 3 4 1 2 8 3 6 6 6 4 6 5 3 5 5 5 4
6 1 5 1 7 4 5 0 5 2 5 1 5 3 5 3 5 3 3 2 6 6 6 4 3 5 3 4 1 3
5 4 9 5 6 4 7 5 0 5 4 4 9 8 3 6 6 6 4 6 2 2 5 9 8 9 8 9 6 3
5 2 4 3 5 3 3 2 5 0 4 2 4 3 4 2 4 5 2 3 6 6 5 4 4 4 3 4 3 3
1 4 8 6 2 1 4 5 4 4 0 4 7 6 1 3 2 8 2 7 3 3 1 8 8 6 7 8 7 3
5 0 6 2 6 3 4 1 4 2 4 0 6 4 3 3 5 4 2 3 4 5 5 5 5 5 4 5 3 2
6 6 2 6 6 6 3 5 9 4 7 6 0 2 7 3 5 8 5 6 9 9 7 4 4 0 3 3 5 6
6 4 2 4 7 6 3 3 8 3 6 4 2 0 6 3 5 6 4 4 8 8 6 3 2 2 1 2 3 5
2 3 8 5 3 1 4 5 3 4 1 3 7 6 0 3 3 7 2 6 2 2 2 8 7 7 7 8 6 2
3 3 4 4 4 3 1 3 6 2 3 3 3 3 3 0 2 6 2 5 6 6 4 5 5 3 4 5 4 3
2 5 6 6 2 3 2 5 6 4 2 5 5 5 3 2 0 8 2 7 5 5 2 7 7 4 6 7 6 4
9 4 6 2 9 7 8 3 6 5 8 4 8 6 7 6 8 0 6 2 7 8 9 5 4 8 5 5 2 5
3 2 6 4 3 1 3 3 4 2 2 2 5 4 2 2 2 6 0 5 4 4 3 6 6 5 5 6 4 2
7 3 4 2 8 6 6 2 6 3 7 3 6 4 6 5 7 2 5 0 7 8 8 3 2 5 3 3 0 4
4 5 10 6 5 3 6 6 2 6 3 4 9 8 2 6 5 7 4 7 0 0 4 9 9 9 9 9 7 3
3 5 10 6 4 3 6 6 2 6 3 5 9 8 2 6 5 8 4 8 0 0 3 10 9 9 9 10 7 3
0 5 8 7 1 2 4 6 5 5 1 5 7 6 2 4 2 9 3 8 4 3 0 9 8 6 8 8 7 4
8 5 2 4 9 7 6 4 9 4 8 5 4 3 8 5 7 5 6 3 9 10 9 0 0 4 1 1 3 6
8 4 2 4 8 7 5 3 8 4 8 5 4 2 7 5 7 4 6 2 9 9 8 0 0 4 1 1 3 6
6 5 3 6 6 6 3 5 9 4 6 5 0 2 7 3 4 8 5 5 9 9 6 4 4 0 3 3 5 6
7 4 1 4 8 6 5 3 8 3 7 4 3 1 7 4 6 5 5 3 9 9 8 1 1 3 0 1 3 6
8 5 1 5 8 7 5 4 9 4 8 5 3 2 8 5 7 5 6 3 9 10 8 1 1 3 1 0 3 7
7 2 4 1 8 5 5 1 6 3 7 3 5 3 6 4 6 2 4 0 7 7 7 3 3 5 3 3 0 4
4 2 7 3 5 2 4 3 3 3 3 2 6 5 2 3 4 5 2 4 3 3 4 6 6 6 6 7 4 0
,
0 26 36 17 3 5 16 16 31 30 5 12 26 23 8 12 14 38 14 23 28 20 1 39 42 32 26 60 42 10
31 0 38 7 24 13 25 7 11 8 27 1 40 24 12 11 32 24 7 17 19 37 20 17 26 24 24 19 13 8
42 34 0 23 45 21 16 20 48 13 31 29 7 9 40 27 19 25 29 26 36 64 26 15 10 10 8 5 24 42
46 4 24 0 30 18 33 4 27 14 22 8 34 12 19 22 18 15 13 9 27 24 44 26 20 33 11 28 5 18
7 34 34 34 0 15 21 35 23 34 11 33 16 26 18 24 10 44 25 57 18 25 4 54 31 19 23 36 55 25
6 14 46 26 12 0 20 19 25 19 4 22 45 22 4 18 15 25 6 43 16 15 8 28 50 28 38 33 28 7
24 31 31 26 11 16 0 34 33 8 26 23 16 18 22 8 9 54 15 18 18 28 17 36 29 7 29 14 33 20
43 5 13 6 35 14 24 0 34 6 17 6 14 20 30 18 31 18 23 7 18 29 34 12 21 17 9 25 3 19
20 24 41 33 28 22 27 21 0 36 22 17 42 50 10 28 42 21 25 23 9 18 18 33 27 34 59 39 41 16
34 6 29 13 18 19 15 10 34 0 14 6 13 12 24 10 11 14 6 17 20 30 15 12 19 14 16 21 10 14
5 14 32 37 9 6 17 26 16 31 0 27 42 24 7 23 10 23 7 34 20 9 2 47 35 41 31 52 32 17
28 1 39 6 39 8 20 5 20 4 22 0 15 15 9 17 32 14 12 20 32 28 33 32 32 35 19 16 14 6
41 32 16 38 16 42 17 17 54 13 28 22 0 10 49 18 31 25 28 34 55 38 24 28 27 2 19 16 34 26
20 14 7 12 36 41 22 16 57 8 33 12 10 0 22 19 13 20 26 12 43 53 19 20 17 13 5 8 10 19
12 20 54 18 19 5 13 18 13 28 8 8 32 44 0 17 21 33 12 28 6 6 16 41 49 36 30 50 40 11
15 15 26 14 23 16 5 24 30 6 12 16 17 11 22 0 11 16 10 20 37 15 19 30 29 21 15 30 27 21
7 25 43 38 7 8 11 15 33 16 11 19 19 15 20 13 0 57 10 27 21 32 7 37 30 29 23 48 33 29
63 10 21 7 25 27 35 14 41 24 34 15 22 39 46 32 33 0 35 11 42 51 60 18 23 27 26 41 16 26
13 12 33 29 16 8 18 17 11 6 14 15 16 17 8 13 11 19 0 20 12 20 21 31 21 34 35 24 30 12
50 15 24 5 53 36 30 9 37 11 33 15 17 12 24 31 30 9 16 0 33 22 51 16 9 31 22 10 2 21
10 12 38 42 19 8 25 36 11 39 22 32 61 33 13 18 17 27 27 35 0 2 20 61 34 24 43 37 51 21
14 34 46 41 24 7 46 27 14 37 9 25 27 36 14 21 23 35 14 42 3 0 21 53 35 62 50 72 35 24
1 14 51 44 4 13 16 19 37 15 2 22 36 17 9 18 11 44 13 47 15 24 0 28 61 40 57 51 36 17
50 19 10 31 38 30 44 24 39 26 54 17 13 18 50 18 39 26 25 17 69 29 27 0 2 23 5 6 12 31
55 12 11 26 56 26 35 13 22 23 31 32 21 8 40 34 42 29 29 16 27 28 45 2 0 16 4 3 8 22
25 17 10 38 23 34 15 20 40 20 46 38 2 8 38 11 17 52 31 19 29 53 25 15 18 0 17 19 25 22
33 31 7 31 21 30 33 16 30 15 45 23 19 11 19 19 36 32 20 9 43 25 56 8 3 16 0 2 11 42
39 30 3 34 43 19 31 20 31 23 48 17 16 8 43 22 30 32 42 24 63 57 43 5 6 10 3 0 15 32
22 13 19 9 29 17 40 7 39 8 17 8 34 25 26 11 29 14 22 1 28 54 18 9 9 23 17 21 0 24
15 8 34 13 29 6 21 16 14 13 18 7 29 26 8 9 17 37 12 31 12 9 23 22 21 28 15 19 24 0