5
30
,
0 (8.0, 25.0) 23.0
1 (32.0, 19.0) 17.0
2 (43.0, 44.0) 18.0
3 (39.0, 17.0) 12.0
4 (5.0, 29.0) 16.0
5 (16.0, 20.0) 33.0
6 (20.0, 38.0) 24.0
7 (37.0, 22.0) 13.0
8 (21.0, 3.0) 41.0
9 (31.0, 27.0) 10.0
10 (10.0, 22.0) 12.0
11 (31.0, 19.0) 38.0
12 (31.0, 47.0) 13.0
13 (36.0, 39.0) 16.0
14 (15.0, 17.0) 17.0
15 (24.0, 32.0) 20.0
16 (13.0, 33.0) 49.0
17 (49.0, 13.0) 21.0
18 (21.0, 24.0) 22.0
19 (45.0, 23.0) 13.0
20 (12.0, 7.0) 12.0
21 (10.0, 8.0) 34.0
22 (7.0, 25.0) 37.0
23 (49.0, 36.0) 36.0
24 (47.0, 35.0) 11.0
25 (30.0, 46.0) 28.0
26 (43.0, 38.0) 17.0
27 (46.0, 40.0) 11.0
28 (43.0, 23.0) 11.0
29 (24.0, 16.0) 41.0
,
0 5 8 6 1 2 4 6 5 5 1 5 6 6 2 3 2 9 3 7 4 3 0 8 8 6 7 8 7 4
5 0 5 1 6 3 4 1 4 2 4 0 6 4 3 3 5 4 2 3 5 5 5 5 4 5 4 5 2 2
8 5 0 5 8 7 5 5 9 4 8 6 2 2 8 4 6 6 6 4 10 10 8 2 2 3 1 1 4 7
6 1 5 0 7 5 6 1 5 3 6 2 6 4 5 4 6 2 4 2 6 6 7 4 4 6 4 5 1 3
1 6 8 7 0 3 3 7 6 5 2 6 6 7 3 4 2 9 3 8 5 4 1 9 8 6 8 8 8 5
2 3 7 5 3 0 4 4 4 3 1 3 6 6 1 3 3 7 1 6 3 3 2 7 7 6 6 7 5 2
4 4 5 6 3 4 0 5 7 3 4 4 3 3 4 1 2 8 3 6 6 6 4 6 5 3 5 5 5 4
6 1 5 1 7 4 5 0 5 2 5 1 5 3 5 3 5 3 3 2 6 6 6 4 3 5 3 4 1 3
5 4 9 5 6 4 7 5 0 5 4 4 9 8 3 6 6 6 4 6 2 2 5 9 8 9 8 9 6 3
5 2 4 3 5 3 3 2 5 0 4 2 4 3 4 2 4 5 2 3 6 6 5 4 4 4 3 4 3 3
1 4 8 6 2 1 4 5 4 4 0 4 7 6 1 3 2 8 2 7 3 3 1 8 8 6 7 8 7 3
5 0 6 2 6 3 4 1 4 2 4 0 6 4 3 3 5 4 2 3 4 5 5 5 5 5 4 5 3 2
6 6 2 6 6 6 3 5 9 4 7 6 0 2 7 3 5 8 5 6 9 9 7 4 4 0 3 3 5 6
6 4 2 4 7 6 3 3 8 3 6 4 2 0 6 3 5 6 4 4 8 8 6 3 2 2 1 2 3 5
2 3 8 5 3 1 4 5 3 4 1 3 7 6 0 3 3 7 2 6 2 2 2 8 7 7 7 8 6 2
3 3 4 4 4 3 1 3 6 2 3 3 3 3 3 0 2 6 2 5 6 6 4 5 5 3 4 5 4 3
2 5 6 6 2 3 2 5 6 4 2 5 5 5 3 2 0 8 2 7 5 5 2 7 7 4 6 7 6 4
9 4 6 2 9 7 8 3 6 5 8 4 8 6 7 6 8 0 6 2 7 8 9 5 4 8 5 5 2 5
3 2 6 4 3 1 3 3 4 2 2 2 5 4 2 2 2 6 0 5 4 4 3 6 6 5 5 6 4 2
7 3 4 2 8 6 6 2 6 3 7 3 6 4 6 5 7 2 5 0 7 8 8 3 2 5 3 3 0 4
4 5 10 6 5 3 6 6 2 6 3 4 9 8 2 6 5 7 4 7 0 0 4 9 9 9 9 9 7 3
3 5 10 6 4 3 6 6 2 6 3 5 9 8 2 6 5 8 4 8 0 0 3 10 9 9 9 10 7 3
0 5 8 7 1 2 4 6 5 5 1 5 7 6 2 4 2 9 3 8 4 3 0 9 8 6 8 8 7 4
8 5 2 4 9 7 6 4 9 4 8 5 4 3 8 5 7 5 6 3 9 10 9 0 0 4 1 1 3 6
8 4 2 4 8 7 5 3 8 4 8 5 4 2 7 5 7 4 6 2 9 9 8 0 0 4 1 1 3 6
6 5 3 6 6 6 3 5 9 4 6 5 0 2 7 3 4 8 5 5 9 9 6 4 4 0 3 3 5 6
7 4 1 4 8 6 5 3 8 3 7 4 3 1 7 4 6 5 5 3 9 9 8 1 1 3 0 1 3 6
8 5 1 5 8 7 5 4 9 4 8 5 3 2 8 5 7 5 6 3 9 10 8 1 1 3 1 0 3 7
7 2 4 1 8 5 5 1 6 3 7 3 5 3 6 4 6 2 4 0 7 7 7 3 3 5 3 3 0 4
4 2 7 3 5 2 4 3 3 3 3 2 6 5 2 3 4 5 2 4 3 3 4 6 6 6 6 7 4 0
,
0 28 27 24 4 8 12 32 21 20 3 15 27 24 10 13 10 40 19 35 18 15 1 38 20 34 54 32 44 12
27 0 22 7 40 9 30 8 18 10 28 1 27 23 18 19 33 13 12 20 26 25 17 31 25 36 25 22 15 5
52 31 0 39 37 42 34 29 67 29 33 24 16 11 26 30 26 33 31 15 53 39 32 12 5 15 9 4 25 22
20 6 18 0 49 28 31 4 14 8 30 5 43 12 20 27 27 12 22 5 19 18 42 25 28 28 23 19 5 13
6 31 31 51 0 21 16 22 39 30 12 35 32 30 10 11 10 24 19 46 19 27 6 53 50 30 33 48 36 33
9 18 24 23 8 0 13 27 12 15 3 15 45 18 4 12 14 25 4 39 10 13 14 30 19 16 17 37 20 5
20 26 17 23 11 16 0 14 21 19 12 30 19 8 27 9 12 40 18 41 31 17 24 22 29 12 13 34 21 13
43 8 27 4 36 27 22 0 17 9 16 8 17 20 33 23 26 18 20 7 28 43 37 11 16 26 21 25 5 19
21 21 66 12 25 25 32 21 0 34 20 27 55 53 14 43 25 35 21 17 7 14 38 38 55 26 30 56 40 8
14 9 27 14 28 15 14 6 21 0 15 5 12 11 26 9 28 14 9 12 26 41 13 14 26 13 8 14 7 17
2 12 33 22 12 7 20 26 13 11 0 24 37 25 9 20 6 51 10 40 11 17 3 35 58 19 27 53 37 18
30 1 22 11 36 13 12 6 22 7 23 0 22 16 19 9 33 27 8 16 28 30 34 31 19 20 31 18 15 4
45 20 16 36 42 17 9 22 67 20 27 25 0 13 41 15 32 20 18 20 59 58 29 29 10 1 10 21 25 27
33 27 5 26 40 29 9 16 33 14 27 15 9 0 21 9 24 30 13 18 53 23 41 17 17 5 7 13 13 28
14 21 23 20 8 3 13 28 14 23 7 14 45 16 0 16 11 45 8 26 7 11 15 42 50 48 21 21 14 6
15 21 19 20 26 12 8 16 32 6 10 8 11 17 20 0 7 39 7 16 21 18 15 16 19 9 25 24 19 19
12 25 16 28 6 10 7 31 27 16 7 31 26 15 22 11 0 61 9 41 29 28 14 47 42 21 41 30 30 12
40 18 27 10 63 42 35 11 19 17 43 16 34 26 25 32 49 0 41 8 48 33 47 14 32 35 15 15 7 34
7 13 32 14 22 10 11 21 22 12 8 13 23 29 5 9 10 38 0 33 12 18 9 28 17 22 19 42 26 5
51 18 31 9 58 17 27 10 24 15 22 14 40 14 42 15 45 9 19 0 20 26 48 17 8 20 19 26 2 27
16 31 56 15 25 20 25 21 8 19 14 15 24 43 10 18 35 20 26 50 0 1 25 56 48 30 53 39 27 10
25 31 57 37 20 17 29 15 14 24 18 14 40 29 15 26 34 23 12 53 2 0 11 38 60 22 59 51 26 11
1 17 50 39 3 9 13 45 37 35 5 19 32 34 10 16 11 26 12 46 21 10 0 55 46 23 54 59 23 16
59 28 11 25 40 43 18 14 46 17 38 29 26 14 29 32 25 15 25 10 52 33 34 0 2 30 4 4 14 32
44 12 7 10 56 21 25 16 55 22 42 28 11 13 33 30 49 18 29 13 38 43 54 1 0 21 4 7 15 25
26 28 17 31 22 25 18 24 46 23 16 37 2 13 29 14 20 48 35 29 25 31 18 31 12 0 10 14 36 28
37 16 6 25 42 22 13 16 53 14 47 28 10 9 20 14 26 37 20 14 34 58 21 5 3 21 0 4 22 43
40 35 7 15 45 21 37 30 55 18 48 30 10 11 34 29 29 40 20 22 24 35 49 5 6 19 2 0 20 31
46 12 25 8 37 21 29 4 43 10 31 12 35 22 20 11 47 17 30 2 36 44 50 10 16 36 19 11 0 16
27 12 49 22 15 5 27 21 12 9 9 9 17 28 10 15 17 31 6 31 18 24 11 40 42 27 26 38 18 0