5
30
,
0 (8.0, 25.0) 23.0
1 (32.0, 19.0) 13.0
2 (43.0, 44.0) 31.0
3 (39.0, 17.0) 31.0
4 (5.0, 29.0) 11.0
5 (16.0, 20.0) 38.0
6 (20.0, 38.0) 17.0
7 (37.0, 22.0) 25.0
8 (21.0, 3.0) 28.0
9 (31.0, 27.0) 37.0
10 (10.0, 22.0) 43.0
11 (31.0, 19.0) 13.0
12 (31.0, 47.0) 16.0
13 (36.0, 39.0) 13.0
14 (15.0, 17.0) 17.0
15 (24.0, 32.0) 14.0
16 (13.0, 33.0) 18.0
17 (49.0, 13.0) 35.0
18 (21.0, 24.0) 43.0
19 (45.0, 23.0) 34.0
20 (12.0, 7.0) 49.0
21 (10.0, 8.0) 34.0
22 (7.0, 25.0) 16.0
23 (49.0, 36.0) 12.0
24 (47.0, 35.0) 19.0
25 (30.0, 46.0) 12.0
26 (43.0, 38.0) 22.0
27 (46.0, 40.0) 28.0
28 (43.0, 23.0) 14.0
29 (24.0, 16.0) 27.0
,
0 5 8 6 1 2 4 6 5 5 1 5 6 6 2 3 2 9 3 7 4 3 0 8 8 6 7 8 7 4
5 0 5 1 6 3 4 1 4 2 4 0 6 4 3 3 5 4 2 3 5 5 5 5 4 5 4 5 2 2
8 5 0 5 8 7 5 5 9 4 8 6 2 2 8 4 6 6 6 4 10 10 8 2 2 3 1 1 4 7
6 1 5 0 7 5 6 1 5 3 6 2 6 4 5 4 6 2 4 2 6 6 7 4 4 6 4 5 1 3
1 6 8 7 0 3 3 7 6 5 2 6 6 7 3 4 2 9 3 8 5 4 1 9 8 6 8 8 8 5
2 3 7 5 3 0 4 4 4 3 1 3 6 6 1 3 3 7 1 6 3 3 2 7 7 6 6 7 5 2
4 4 5 6 3 4 0 5 7 3 4 4 3 3 4 1 2 8 3 6 6 6 4 6 5 3 5 5 5 4
6 1 5 1 7 4 5 0 5 2 5 1 5 3 5 3 5 3 3 2 6 6 6 4 3 5 3 4 1 3
5 4 9 5 6 4 7 5 0 5 4 4 9 8 3 6 6 6 4 6 2 2 5 9 8 9 8 9 6 3
5 2 4 3 5 3 3 2 5 0 4 2 4 3 4 2 4 5 2 3 6 6 5 4 4 4 3 4 3 3
1 4 8 6 2 1 4 5 4 4 0 4 7 6 1 3 2 8 2 7 3 3 1 8 8 6 7 8 7 3
5 0 6 2 6 3 4 1 4 2 4 0 6 4 3 3 5 4 2 3 4 5 5 5 5 5 4 5 3 2
6 6 2 6 6 6 3 5 9 4 7 6 0 2 7 3 5 8 5 6 9 9 7 4 4 0 3 3 5 6
6 4 2 4 7 6 3 3 8 3 6 4 2 0 6 3 5 6 4 4 8 8 6 3 2 2 1 2 3 5
2 3 8 5 3 1 4 5 3 4 1 3 7 6 0 3 3 7 2 6 2 2 2 8 7 7 7 8 6 2
3 3 4 4 4 3 1 3 6 2 3 3 3 3 3 0 2 6 2 5 6 6 4 5 5 3 4 5 4 3
2 5 6 6 2 3 2 5 6 4 2 5 5 5 3 2 0 8 2 7 5 5 2 7 7 4 6 7 6 4
9 4 6 2 9 7 8 3 6 5 8 4 8 6 7 6 8 0 6 2 7 8 9 5 4 8 5 5 2 5
3 2 6 4 3 1 3 3 4 2 2 2 5 4 2 2 2 6 0 5 4 4 3 6 6 5 5 6 4 2
7 3 4 2 8 6 6 2 6 3 7 3 6 4 6 5 7 2 5 0 7 8 8 3 2 5 3 3 0 4
4 5 10 6 5 3 6 6 2 6 3 4 9 8 2 6 5 7 4 7 0 0 4 9 9 9 9 9 7 3
3 5 10 6 4 3 6 6 2 6 3 5 9 8 2 6 5 8 4 8 0 0 3 10 9 9 9 10 7 3
0 5 8 7 1 2 4 6 5 5 1 5 7 6 2 4 2 9 3 8 4 3 0 9 8 6 8 8 7 4
8 5 2 4 9 7 6 4 9 4 8 5 4 3 8 5 7 5 6 3 9 10 9 0 0 4 1 1 3 6
8 4 2 4 8 7 5 3 8 4 8 5 4 2 7 5 7 4 6 2 9 9 8 0 0 4 1 1 3 6
6 5 3 6 6 6 3 5 9 4 6 5 0 2 7 3 4 8 5 5 9 9 6 4 4 0 3 3 5 6
7 4 1 4 8 6 5 3 8 3 7 4 3 1 7 4 6 5 5 3 9 9 8 1 1 3 0 1 3 6
8 5 1 5 8 7 5 4 9 4 8 5 3 2 8 5 7 5 6 3 9 10 8 1 1 3 1 0 3 7
7 2 4 1 8 5 5 1 6 3 7 3 5 3 6 4 6 2 4 0 7 7 7 3 3 5 3 3 0 4
4 2 7 3 5 2 4 3 3 3 3 2 6 5 2 3 4 5 2 4 3 3 4 6 6 6 6 7 4 0
,
0 16 55 42 4 7 21 27 35 25 3 31 41 32 10 20 8 60 11 46 9 22 1 37 25 30 23 49 19 27
14 0 17 7 23 10 30 3 19 8 27 1 30 11 26 11 29 24 7 18 24 35 21 32 14 40 28 35 14 4
24 25 0 27 39 38 26 25 59 24 25 16 14 11 58 33 40 23 29 22 41 36 54 10 7 8 5 3 15 38
30 10 32 0 53 17 41 8 14 9 30 5 44 15 26 22 31 11 23 10 41 24 28 19 26 41 16 23 7 22
6 30 41 22 0 8 25 45 36 22 10 20 17 19 9 22 12 57 25 58 23 16 4 45 59 24 36 34 20 25
9 22 29 32 19 0 10 28 24 17 6 14 32 37 4 10 15 33 3 21 20 11 15 41 43 30 24 32 21 10
12 12 18 20 9 26 0 12 27 13 11 13 19 20 28 8 4 24 17 16 31 41 17 38 35 18 20 24 28 28
25 6 26 7 45 11 18 0 14 7 31 7 18 15 20 12 22 21 11 10 33 26 20 9 19 24 21 13 8 10
19 17 68 12 28 14 29 16 0 15 32 15 37 30 17 44 27 41 12 25 5 11 29 47 58 60 45 53 43 8
15 11 15 11 37 21 21 5 27 0 31 7 14 11 13 9 25 18 12 15 26 39 19 12 14 23 15 21 19 18
4 30 59 17 10 7 16 15 16 18 0 26 20 39 4 13 16 58 9 30 17 8 4 54 30 43 28 53 29 22
13 1 33 7 18 18 21 3 20 6 15 0 23 15 21 7 14 18 17 14 32 14 31 15 20 34 26 21 18 6
27 22 9 34 20 16 16 35 63 25 35 28 0 9 46 16 34 36 32 18 55 49 31 29 23 1 14 8 38 28
36 18 11 32 25 33 18 26 50 19 19 31 5 0 29 20 34 16 21 14 21 26 29 16 15 11 7 13 18 32
13 19 32 29 9 2 15 14 15 25 10 18 31 29 0 26 11 41 5 44 8 8 8 52 31 37 22 55 20 10
15 18 28 20 11 20 11 10 37 13 18 19 21 12 24 0 10 32 8 19 38 41 24 37 32 18 12 32 12 16
6 20 40 34 9 16 10 15 35 13 12 33 18 25 18 13 0 42 9 19 28 24 8 45 41 23 21 38 34 14
23 20 37 14 45 24 24 17 37 20 49 20 39 35 36 33 49 0 29 10 40 43 53 17 17 41 16 30 17 36
19 16 18 22 10 6 13 19 28 7 14 6 30 12 7 9 12 26 0 35 25 12 16 35 14 29 37 38 27 6
52 20 18 12 21 36 30 6 29 13 48 14 37 10 37 25 31 10 36 0 28 41 38 8 15 14 20 13 3 24
10 30 60 22 25 12 27 27 6 23 18 21 30 55 15 28 22 51 25 48 0 3 23 31 64 63 34 43 25 10
16 20 64 44 20 9 40 26 14 35 18 25 48 26 6 24 31 44 23 56 2 0 10 69 44 32 43 44 46 12
1 21 27 45 5 7 14 26 29 27 3 23 42 44 13 10 6 56 19 23 24 25 0 23 32 17 52 37 26 24
61 32 12 19 66 51 38 14 28 29 29 26 23 18 57 20 43 13 24 15 44 47 48 0 3 12 5 3 20 21
29 16 12 23 37 32 21 20 36 18 22 20 19 17 55 29 47 31 27 16 47 34 49 1 0 25 3 6 18 40
16 23 16 38 19 19 17 20 28 28 43 35 2 9 36 12 14 54 14 19 58 43 21 14 18 0 10 12 27 25
49 12 5 14 42 29 31 17 28 16 23 20 21 7 45 28 20 17 28 8 63 51 36 7 5 17 0 5 10 18
29 27 7 18 23 27 24 20 25 16 39 31 10 5 21 14 31 29 26 17 44 28 42 4 6 10 3 0 22 48
19 6 29 4 25 34 40 8 34 7 17 9 20 21 16 18 41 13 31 3 19 47 27 21 14 21 16 11 0 14
23 9 46 12 17 12 29 11 18 15 13 10 20 22 13 17 21 29 12 15 11 11 25 38 36 31 28 33 22 0