5
30
,
0 (8.0, 25.0) 12.0
1 (32.0, 19.0) 25.0
2 (43.0, 44.0) 13.0
3 (39.0, 17.0) 26.0
4 (5.0, 29.0) 43.0
5 (16.0, 20.0) 14.0
6 (20.0, 38.0) 14.0
7 (37.0, 22.0) 10.0
8 (21.0, 3.0) 22.0
9 (31.0, 27.0) 31.0
10 (10.0, 22.0) 11.0
11 (31.0, 19.0) 36.0
12 (31.0, 47.0) 46.0
13 (36.0, 39.0) 49.0
14 (15.0, 17.0) 42.0
15 (24.0, 32.0) 11.0
16 (13.0, 33.0) 39.0
17 (49.0, 13.0) 49.0
18 (21.0, 24.0) 21.0
19 (45.0, 23.0) 12.0
20 (12.0, 7.0) 22.0
21 (10.0, 8.0) 14.0
22 (7.0, 25.0) 17.0
23 (49.0, 36.0) 36.0
24 (47.0, 35.0) 30.0
25 (30.0, 46.0) 36.0
26 (43.0, 38.0) 20.0
27 (46.0, 40.0) 29.0
28 (43.0, 23.0) 18.0
29 (24.0, 16.0) 14.0
,
0 5 8 6 1 2 4 6 5 5 1 5 6 6 2 3 2 9 3 7 4 3 0 8 8 6 7 8 7 4
5 0 5 1 6 3 4 1 4 2 4 0 6 4 3 3 5 4 2 3 5 5 5 5 4 5 4 5 2 2
8 5 0 5 8 7 5 5 9 4 8 6 2 2 8 4 6 6 6 4 10 10 8 2 2 3 1 1 4 7
6 1 5 0 7 5 6 1 5 3 6 2 6 4 5 4 6 2 4 2 6 6 7 4 4 6 4 5 1 3
1 6 8 7 0 3 3 7 6 5 2 6 6 7 3 4 2 9 3 8 5 4 1 9 8 6 8 8 8 5
2 3 7 5 3 0 4 4 4 3 1 3 6 6 1 3 3 7 1 6 3 3 2 7 7 6 6 7 5 2
4 4 5 6 3 4 0 5 7 3 4 4 3 3 4 1 2 8 3 6 6 6 4 6 5 3 5 5 5 4
6 1 5 1 7 4 5 0 5 2 5 1 5 3 5 3 5 3 3 2 6 6 6 4 3 5 3 4 1 3
5 4 9 5 6 4 7 5 0 5 4 4 9 8 3 6 6 6 4 6 2 2 5 9 8 9 8 9 6 3
5 2 4 3 5 3 3 2 5 0 4 2 4 3 4 2 4 5 2 3 6 6 5 4 4 4 3 4 3 3
1 4 8 6 2 1 4 5 4 4 0 4 7 6 1 3 2 8 2 7 3 3 1 8 8 6 7 8 7 3
5 0 6 2 6 3 4 1 4 2 4 0 6 4 3 3 5 4 2 3 4 5 5 5 5 5 4 5 3 2
6 6 2 6 6 6 3 5 9 4 7 6 0 2 7 3 5 8 5 6 9 9 7 4 4 0 3 3 5 6
6 4 2 4 7 6 3 3 8 3 6 4 2 0 6 3 5 6 4 4 8 8 6 3 2 2 1 2 3 5
2 3 8 5 3 1 4 5 3 4 1 3 7 6 0 3 3 7 2 6 2 2 2 8 7 7 7 8 6 2
3 3 4 4 4 3 1 3 6 2 3 3 3 3 3 0 2 6 2 5 6 6 4 5 5 3 4 5 4 3
2 5 6 6 2 3 2 5 6 4 2 5 5 5 3 2 0 8 2 7 5 5 2 7 7 4 6 7 6 4
9 4 6 2 9 7 8 3 6 5 8 4 8 6 7 6 8 0 6 2 7 8 9 5 4 8 5 5 2 5
3 2 6 4 3 1 3 3 4 2 2 2 5 4 2 2 2 6 0 5 4 4 3 6 6 5 5 6 4 2
7 3 4 2 8 6 6 2 6 3 7 3 6 4 6 5 7 2 5 0 7 8 8 3 2 5 3 3 0 4
4 5 10 6 5 3 6 6 2 6 3 4 9 8 2 6 5 7 4 7 0 0 4 9 9 9 9 9 7 3
3 5 10 6 4 3 6 6 2 6 3 5 9 8 2 6 5 8 4 8 0 0 3 10 9 9 9 10 7 3
0 5 8 7 1 2 4 6 5 5 1 5 7 6 2 4 2 9 3 8 4 3 0 9 8 6 8 8 7 4
8 5 2 4 9 7 6 4 9 4 8 5 4 3 8 5 7 5 6 3 9 10 9 0 0 4 1 1 3 6
8 4 2 4 8 7 5 3 8 4 8 5 4 2 7 5 7 4 6 2 9 9 8 0 0 4 1 1 3 6
6 5 3 6 6 6 3 5 9 4 6 5 0 2 7 3 4 8 5 5 9 9 6 4 4 0 3 3 5 6
7 4 1 4 8 6 5 3 8 3 7 4 3 1 7 4 6 5 5 3 9 9 8 1 1 3 0 1 3 6
8 5 1 5 8 7 5 4 9 4 8 5 3 2 8 5 7 5 6 3 9 10 8 1 1 3 1 0 3 7
7 2 4 1 8 5 5 1 6 3 7 3 5 3 6 4 6 2 4 0 7 7 7 3 3 5 3 3 0 4
4 2 7 3 5 2 4 3 3 3 3 2 6 5 2 3 4 5 2 4 3 3 4 6 6 6 6 7 4 0
,
0 20 52 20 3 13 20 43 29 17 3 31 36 28 14 12 9 61 12 50 27 20 1 40 37 43 32 26 52 20
30 0 40 6 31 21 23 8 10 11 11 1 26 11 16 13 34 18 8 9 32 28 34 27 31 22 12 27 17 5
35 21 0 36 36 31 16 20 24 11 30 14 8 10 49 14 43 47 41 17 31 35 55 7 6 16 6 5 27 48
45 7 27 0 21 12 38 5 25 10 31 9 46 32 17 27 44 14 29 12 23 25 33 12 24 24 28 34 7 13
3 28 43 25 0 8 23 38 36 35 9 28 34 28 9 12 11 40 25 21 27 22 4 42 60 28 33 28 29 25
8 9 38 32 7 0 22 17 21 22 7 17 24 14 3 13 7 20 7 15 12 19 6 32 49 21 40 50 17 6
19 15 18 17 9 24 0 18 22 8 12 29 17 11 22 11 11 57 13 32 20 19 16 35 36 7 12 21 39 11
27 7 29 4 25 21 17 0 32 6 26 4 20 21 27 16 18 22 21 10 42 22 19 11 20 21 14 26 4 11
22 15 57 18 33 25 36 21 0 25 30 16 61 43 18 23 18 30 23 28 10 9 32 44 27 48 54 47 22 10
14 11 27 9 17 24 12 11 14 0 24 8 23 7 21 12 18 14 6 21 23 21 33 25 10 13 15 14 19 9
2 30 59 18 10 7 17 19 16 21 0 22 35 41 9 12 12 28 12 38 13 9 4 32 41 16 26 50 46 16
14 1 31 6 30 21 18 9 19 10 13 0 28 14 9 19 29 28 13 21 33 12 19 16 27 23 27 31 11 11
16 17 13 41 34 42 19 21 24 18 36 24 0 10 35 13 30 54 19 18 39 42 38 16 27 2 15 14 18 20
40 16 10 28 25 33 18 15 32 14 36 22 6 0 24 14 34 25 12 22 31 22 31 11 6 5 6 14 25 34
11 14 46 18 21 3 23 14 14 25 4 10 21 22 0 15 23 31 10 30 10 14 11 35 48 36 52 26 22 7
18 15 17 25 12 22 10 21 34 7 10 10 15 14 15 0 16 18 6 32 34 14 15 38 32 22 14 32 18 21
6 14 24 34 8 7 11 14 22 11 8 19 33 14 14 12 0 52 13 29 27 36 9 26 33 28 25 25 34 21
58 14 31 10 36 27 50 14 24 16 31 26 44 39 24 36 59 0 15 6 56 43 32 12 22 48 24 28 13 36
18 16 41 15 22 7 15 23 26 15 17 13 21 23 14 7 17 16 0 28 17 25 8 39 17 15 25 36 23 12
33 14 28 7 53 31 41 5 31 22 19 9 24 19 33 20 44 16 27 0 54 57 25 15 10 18 22 15 2 15
23 18 30 16 23 19 33 37 14 24 16 25 31 48 6 26 25 26 15 49 0 3 18 45 65 62 51 36 21 9
12 33 26 15 17 14 29 35 10 32 9 15 47 37 7 32 17 53 26 32 3 0 13 45 45 53 35 62 35 14
1 23 37 43 4 12 15 28 13 33 3 28 24 26 7 26 14 64 8 28 11 12 0 57 43 37 23 56 28 12
36 13 7 30 29 51 36 21 52 15 23 15 26 11 38 32 41 27 32 7 63 45 65 0 3 18 9 3 19 18
58 26 9 10 27 49 19 18 34 19 59 31 15 13 53 20 32 13 42 14 56 37 22 2 0 28 4 3 11 15
25 31 13 35 39 30 8 21 48 24 29 30 2 6 35 10 32 44 15 28 53 32 27 21 20 0 14 16 34 25
39 15 4 32 28 37 23 24 38 12 25 22 22 9 40 12 33 14 37 13 53 43 22 6 3 12 0 2 17 38
22 29 3 18 22 36 22 21 67 12 59 37 23 12 52 19 41 18 44 23 43 31 40 7 4 10 3 0 12 37
48 9 24 8 20 15 24 3 19 17 49 8 36 23 24 28 42 12 17 1 35 41 42 13 10 34 10 9 0 11
24 10 48 11 12 5 33 11 17 11 20 9 29 20 5 17 20 37 9 15 19 13 11 31 29 19 37 27 11 0