5
30
,
0 (8.0, 25.0) 30.0
1 (32.0, 19.0) 41.0
2 (43.0, 44.0) 11.0
3 (39.0, 17.0) 24.0
4 (5.0, 29.0) 37.0
5 (16.0, 20.0) 12.0
6 (20.0, 38.0) 39.0
7 (37.0, 22.0) 40.0
8 (21.0, 3.0) 17.0
9 (31.0, 27.0) 31.0
10 (10.0, 22.0) 18.0
11 (31.0, 19.0) 20.0
12 (31.0, 47.0) 19.0
13 (36.0, 39.0) 36.0
14 (15.0, 17.0) 40.0
15 (24.0, 32.0) 20.0
16 (13.0, 33.0) 35.0
17 (49.0, 13.0) 22.0
18 (21.0, 24.0) 20.0
19 (45.0, 23.0) 16.0
20 (12.0, 7.0) 11.0
21 (10.0, 8.0) 14.0
22 (7.0, 25.0) 20.0
23 (49.0, 36.0) 18.0
24 (47.0, 35.0) 35.0
25 (30.0, 46.0) 16.0
26 (43.0, 38.0) 34.0
27 (46.0, 40.0) 23.0
28 (43.0, 23.0) 42.0
29 (24.0, 16.0) 31.0
,
0 5 8 6 1 2 4 6 5 5 1 5 6 6 2 3 2 9 3 7 4 3 0 8 8 6 7 8 7 4
5 0 5 1 6 3 4 1 4 2 4 0 6 4 3 3 5 4 2 3 5 5 5 5 4 5 4 5 2 2
8 5 0 5 8 7 5 5 9 4 8 6 2 2 8 4 6 6 6 4 10 10 8 2 2 3 1 1 4 7
6 1 5 0 7 5 6 1 5 3 6 2 6 4 5 4 6 2 4 2 6 6 7 4 4 6 4 5 1 3
1 6 8 7 0 3 3 7 6 5 2 6 6 7 3 4 2 9 3 8 5 4 1 9 8 6 8 8 8 5
2 3 7 5 3 0 4 4 4 3 1 3 6 6 1 3 3 7 1 6 3 3 2 7 7 6 6 7 5 2
4 4 5 6 3 4 0 5 7 3 4 4 3 3 4 1 2 8 3 6 6 6 4 6 5 3 5 5 5 4
6 1 5 1 7 4 5 0 5 2 5 1 5 3 5 3 5 3 3 2 6 6 6 4 3 5 3 4 1 3
5 4 9 5 6 4 7 5 0 5 4 4 9 8 3 6 6 6 4 6 2 2 5 9 8 9 8 9 6 3
5 2 4 3 5 3 3 2 5 0 4 2 4 3 4 2 4 5 2 3 6 6 5 4 4 4 3 4 3 3
1 4 8 6 2 1 4 5 4 4 0 4 7 6 1 3 2 8 2 7 3 3 1 8 8 6 7 8 7 3
5 0 6 2 6 3 4 1 4 2 4 0 6 4 3 3 5 4 2 3 4 5 5 5 5 5 4 5 3 2
6 6 2 6 6 6 3 5 9 4 7 6 0 2 7 3 5 8 5 6 9 9 7 4 4 0 3 3 5 6
6 4 2 4 7 6 3 3 8 3 6 4 2 0 6 3 5 6 4 4 8 8 6 3 2 2 1 2 3 5
2 3 8 5 3 1 4 5 3 4 1 3 7 6 0 3 3 7 2 6 2 2 2 8 7 7 7 8 6 2
3 3 4 4 4 3 1 3 6 2 3 3 3 3 3 0 2 6 2 5 6 6 4 5 5 3 4 5 4 3
2 5 6 6 2 3 2 5 6 4 2 5 5 5 3 2 0 8 2 7 5 5 2 7 7 4 6 7 6 4
9 4 6 2 9 7 8 3 6 5 8 4 8 6 7 6 8 0 6 2 7 8 9 5 4 8 5 5 2 5
3 2 6 4 3 1 3 3 4 2 2 2 5 4 2 2 2 6 0 5 4 4 3 6 6 5 5 6 4 2
7 3 4 2 8 6 6 2 6 3 7 3 6 4 6 5 7 2 5 0 7 8 8 3 2 5 3 3 0 4
4 5 10 6 5 3 6 6 2 6 3 4 9 8 2 6 5 7 4 7 0 0 4 9 9 9 9 9 7 3
3 5 10 6 4 3 6 6 2 6 3 5 9 8 2 6 5 8 4 8 0 0 3 10 9 9 9 10 7 3
0 5 8 7 1 2 4 6 5 5 1 5 7 6 2 4 2 9 3 8 4 3 0 9 8 6 8 8 7 4
8 5 2 4 9 7 6 4 9 4 8 5 4 3 8 5 7 5 6 3 9 10 9 0 0 4 1 1 3 6
8 4 2 4 8 7 5 3 8 4 8 5 4 2 7 5 7 4 6 2 9 9 8 0 0 4 1 1 3 6
6 5 3 6 6 6 3 5 9 4 6 5 0 2 7 3 4 8 5 5 9 9 6 4 4 0 3 3 5 6
7 4 1 4 8 6 5 3 8 3 7 4 3 1 7 4 6 5 5 3 9 9 8 1 1 3 0 1 3 6
8 5 1 5 8 7 5 4 9 4 8 5 3 2 8 5 7 5 6 3 9 10 8 1 1 3 1 0 3 7
7 2 4 1 8 5 5 1 6 3 7 3 5 3 6 4 6 2 4 0 7 7 7 3 3 5 3 3 0 4
4 2 7 3 5 2 4 3 3 3 3 2 6 5 2 3 4 5 2 4 3 3 4 6 6 6 6 7 4 0
,
0 20 29 19 3 7 22 44 19 34 4 34 36 42 16 13 13 63 7 26 21 11 1 28 53 33 38 34 24 15
34 0 29 6 15 11 29 5 27 8 27 1 37 26 17 20 12 25 16 7 32 28 17 21 30 25 31 16 7 6
51 36 0 26 46 47 34 18 26 13 21 22 10 9 34 11 47 16 42 15 54 63 48 5 10 7 4 6 20 49
28 6 29 0 37 21 32 7 30 16 21 10 32 13 31 24 37 12 17 7 33 27 46 19 12 45 18 35 7 12
7 22 21 26 0 20 20 19 43 36 6 39 17 42 23 28 10 67 24 43 21 18 3 60 29 23 42 31 19 20
12 20 50 20 13 0 27 18 12 15 6 19 42 24 2 14 15 33 5 19 18 19 10 38 34 24 37 18 21 9
10 21 26 32 19 15 0 26 22 22 26 20 12 9 17 10 12 26 9 25 39 18 27 33 22 13 32 27 26 18
17 3 13 7 38 17 19 0 30 11 22 7 35 12 29 9 17 14 19 8 40 32 35 22 20 21 21 18 9 13
13 16 53 27 34 23 44 28 0 18 13 19 61 29 13 16 21 25 26 25 5 15 23 43 52 60 38 61 35 11
29 6 17 7 29 21 21 9 17 0 32 11 18 16 26 8 10 26 10 12 19 18 34 22 20 24 17 13 8 10
5 27 39 30 7 7 24 15 32 21 0 24 37 23 8 25 8 59 8 47 16 18 6 21 55 17 27 56 19 20
21 1 17 11 27 16 30 6 23 12 29 0 25 11 11 9 27 21 7 13 20 14 16 27 16 26 13 31 10 8
40 40 19 36 30 17 9 16 25 16 39 28 0 11 28 11 34 41 17 24 46 29 39 15 20 2 15 22 30 26
31 17 10 17 16 35 12 13 50 19 27 31 10 0 28 7 32 40 22 18 33 55 32 8 9 8 6 7 20 20
7 24 50 29 13 4 25 30 17 21 7 15 43 24 0 13 24 31 11 16 15 9 12 23 50 18 50 27 42 9
21 8 18 18 25 10 11 15 43 9 16 18 24 14 25 0 12 40 12 18 38 34 26 34 12 14 25 27 12 15
12 26 25 23 6 19 7 15 28 20 11 19 27 13 23 6 0 41 8 45 31 17 10 22 25 25 19 24 31 23
22 12 34 11 67 40 37 15 28 25 22 14 32 33 41 32 45 0 31 8 36 47 27 27 28 34 32 22 16 31
7 7 24 22 16 9 8 19 30 9 14 12 25 15 6 10 8 27 0 31 15 18 8 37 28 24 25 21 32 9
27 13 15 12 28 30 21 6 44 21 31 21 33 25 17 15 19 7 24 0 29 46 25 20 17 21 13 24 1 16
17 28 46 30 23 7 48 21 12 33 12 32 29 26 12 18 21 46 18 44 0 2 21 36 58 48 31 41 38 15
20 20 32 43 24 16 32 43 12 26 17 29 46 54 6 19 19 31 13 49 2 0 16 27 62 55 34 44 39 18
1 23 24 28 3 9 15 15 25 13 2 13 22 36 9 22 11 35 11 43 10 11 0 56 32 35 53 58 31 22
52 18 7 31 33 52 25 13 42 23 58 33 12 14 31 16 37 34 45 18 43 26 52 0 3 32 5 5 17 33
20 24 13 25 39 34 14 22 36 22 30 16 11 11 22 33 27 22 33 13 36 29 47 3 0 16 7 4 16 36
26 28 9 29 20 36 17 33 50 28 16 38 1 9 26 22 20 56 21 39 32 30 33 25 22 0 18 21 39 41
50 24 7 23 47 41 24 16 58 13 41 19 18 7 43 23 20 31 29 10 25 45 36 7 6 13 0 4 12 27
57 36 4 12 60 52 20 27 65 11 50 33 21 15 44 16 43 16 30 18 64 63 38 6 7 14 4 0 12 40
27 13 24 9 34 14 36 4 33 17 31 12 32 9 43 24 47 9 24 2 33 35 22 8 12 29 19 15 0 18
15 5 49 13 17 5 29 18 11 19 17 11 46 34 7 21 22 18 12 14 8 16 12 37 30 43 43 36 14 0