5
30
,
0 (8.0, 25.0) 11.0
1 (32.0, 19.0) 26.0
2 (43.0, 44.0) 10.0
3 (39.0, 17.0) 43.0
4 (5.0, 29.0) 14.0
5 (16.0, 20.0) 26.0
6 (20.0, 38.0) 27.0
7 (37.0, 22.0) 38.0
8 (21.0, 3.0) 30.0
9 (31.0, 27.0) 21.0
10 (10.0, 22.0) 27.0
11 (31.0, 19.0) 34.0
12 (31.0, 47.0) 14.0
13 (36.0, 39.0) 18.0
14 (15.0, 17.0) 20.0
15 (24.0, 32.0) 49.0
16 (13.0, 33.0) 19.0
17 (49.0, 13.0) 38.0
18 (21.0, 24.0) 14.0
19 (45.0, 23.0) 15.0
20 (12.0, 7.0) 27.0
21 (10.0, 8.0) 41.0
22 (7.0, 25.0) 25.0
23 (49.0, 36.0) 20.0
24 (47.0, 35.0) 25.0
25 (30.0, 46.0) 10.0
26 (43.0, 38.0) 21.0
27 (46.0, 40.0) 25.0
28 (43.0, 23.0) 38.0
29 (24.0, 16.0) 34.0
,
0 5 8 6 1 2 4 6 5 5 1 5 6 6 2 3 2 9 3 7 4 3 0 8 8 6 7 8 7 4
5 0 5 1 6 3 4 1 4 2 4 0 6 4 3 3 5 4 2 3 5 5 5 5 4 5 4 5 2 2
8 5 0 5 8 7 5 5 9 4 8 6 2 2 8 4 6 6 6 4 10 10 8 2 2 3 1 1 4 7
6 1 5 0 7 5 6 1 5 3 6 2 6 4 5 4 6 2 4 2 6 6 7 4 4 6 4 5 1 3
1 6 8 7 0 3 3 7 6 5 2 6 6 7 3 4 2 9 3 8 5 4 1 9 8 6 8 8 8 5
2 3 7 5 3 0 4 4 4 3 1 3 6 6 1 3 3 7 1 6 3 3 2 7 7 6 6 7 5 2
4 4 5 6 3 4 0 5 7 3 4 4 3 3 4 1 2 8 3 6 6 6 4 6 5 3 5 5 5 4
6 1 5 1 7 4 5 0 5 2 5 1 5 3 5 3 5 3 3 2 6 6 6 4 3 5 3 4 1 3
5 4 9 5 6 4 7 5 0 5 4 4 9 8 3 6 6 6 4 6 2 2 5 9 8 9 8 9 6 3
5 2 4 3 5 3 3 2 5 0 4 2 4 3 4 2 4 5 2 3 6 6 5 4 4 4 3 4 3 3
1 4 8 6 2 1 4 5 4 4 0 4 7 6 1 3 2 8 2 7 3 3 1 8 8 6 7 8 7 3
5 0 6 2 6 3 4 1 4 2 4 0 6 4 3 3 5 4 2 3 4 5 5 5 5 5 4 5 3 2
6 6 2 6 6 6 3 5 9 4 7 6 0 2 7 3 5 8 5 6 9 9 7 4 4 0 3 3 5 6
6 4 2 4 7 6 3 3 8 3 6 4 2 0 6 3 5 6 4 4 8 8 6 3 2 2 1 2 3 5
2 3 8 5 3 1 4 5 3 4 1 3 7 6 0 3 3 7 2 6 2 2 2 8 7 7 7 8 6 2
3 3 4 4 4 3 1 3 6 2 3 3 3 3 3 0 2 6 2 5 6 6 4 5 5 3 4 5 4 3
2 5 6 6 2 3 2 5 6 4 2 5 5 5 3 2 0 8 2 7 5 5 2 7 7 4 6 7 6 4
9 4 6 2 9 7 8 3 6 5 8 4 8 6 7 6 8 0 6 2 7 8 9 5 4 8 5 5 2 5
3 2 6 4 3 1 3 3 4 2 2 2 5 4 2 2 2 6 0 5 4 4 3 6 6 5 5 6 4 2
7 3 4 2 8 6 6 2 6 3 7 3 6 4 6 5 7 2 5 0 7 8 8 3 2 5 3 3 0 4
4 5 10 6 5 3 6 6 2 6 3 4 9 8 2 6 5 7 4 7 0 0 4 9 9 9 9 9 7 3
3 5 10 6 4 3 6 6 2 6 3 5 9 8 2 6 5 8 4 8 0 0 3 10 9 9 9 10 7 3
0 5 8 7 1 2 4 6 5 5 1 5 7 6 2 4 2 9 3 8 4 3 0 9 8 6 8 8 7 4
8 5 2 4 9 7 6 4 9 4 8 5 4 3 8 5 7 5 6 3 9 10 9 0 0 4 1 1 3 6
8 4 2 4 8 7 5 3 8 4 8 5 4 2 7 5 7 4 6 2 9 9 8 0 0 4 1 1 3 6
6 5 3 6 6 6 3 5 9 4 6 5 0 2 7 3 4 8 5 5 9 9 6 4 4 0 3 3 5 6
7 4 1 4 8 6 5 3 8 3 7 4 3 1 7 4 6 5 5 3 9 9 8 1 1 3 0 1 3 6
8 5 1 5 8 7 5 4 9 4 8 5 3 2 8 5 7 5 6 3 9 10 8 1 1 3 1 0 3 7
7 2 4 1 8 5 5 1 6 3 7 3 5 3 6 4 6 2 4 0 7 7 7 3 3 5 3 3 0 4
4 2 7 3 5 2 4 3 3 3 3 2 6 5 2 3 4 5 2 4 3 3 4 6 6 6 6 7 4 0
,
0 36 35 16 7 7 20 36 26 24 4 13 34 38 9 20 5 29 8 37 13 20 1 50 21 38 54 57 31 17
17 0 36 10 42 24 26 8 17 7 21 1 35 16 15 13 28 22 6 20 24 17 21 28 14 28 13 13 9 12
58 39 0 33 34 53 25 17 51 23 30 17 14 11 23 20 26 25 29 19 36 27 31 11 13 9 4 7 29 41
39 4 21 0 19 28 22 6 17 10 38 6 17 22 35 31 28 16 28 5 21 37 30 11 29 42 19 32 4 11
4 19 57 54 0 12 21 37 42 30 9 33 32 33 13 29 10 69 23 52 34 21 5 44 46 42 55 24 27 21
14 9 54 30 11 0 15 26 16 12 4 22 46 18 3 12 19 50 6 40 12 12 7 26 25 28 26 48 25 11
16 26 18 20 24 17 0 29 44 13 12 31 9 15 20 7 8 37 12 18 35 19 20 19 15 7 31 15 18 29
37 5 17 8 44 20 18 0 25 4 24 7 18 19 24 11 31 22 21 11 15 36 22 10 19 26 17 17 8 19
33 14 62 33 33 9 25 14 0 36 15 25 29 49 18 36 43 17 30 22 8 14 21 41 52 32 52 44 28 19
14 5 26 6 18 19 9 8 21 0 18 9 21 14 14 6 19 18 6 19 32 14 20 19 12 19 17 27 14 17
4 33 55 42 5 9 23 36 27 19 0 14 35 25 9 12 8 46 11 22 21 17 4 60 57 33 54 27 44 21
14 1 32 4 25 20 30 7 18 7 15 0 19 23 14 9 29 19 14 9 23 17 21 30 13 25 20 24 11 8
43 29 7 37 41 23 18 22 38 14 48 36 0 11 39 25 32 56 37 39 23 60 39 20 13 1 19 21 38 41
21 11 11 15 36 38 21 9 41 13 31 28 9 0 40 9 18 32 31 19 29 36 31 20 14 12 10 10 19 18
14 22 52 32 19 3 13 19 17 21 7 20 30 19 0 12 16 32 5 41 14 10 14 20 41 27 47 22 23 9
17 17 18 15 19 18 7 24 20 5 22 15 20 8 26 0 8 25 7 14 20 41 15 18 14 14 22 16 11 15
12 35 19 41 9 19 8 27 40 21 9 25 19 25 10 16 0 25 12 31 17 26 10 34 40 13 29 18 39 17
32 13 17 6 60 39 51 16 42 27 50 19 55 38 22 21 55 0 19 13 21 22 45 22 18 53 24 40 11 21
9 17 17 27 13 3 9 16 22 14 13 15 15 32 8 6 12 16 0 15 28 15 9 31 38 15 22 30 29 6
21 14 17 7 55 21 39 11 32 20 28 10 27 21 25 31 46 13 21 0 42 56 26 9 10 21 11 25 2 28
20 29 49 38 25 17 39 26 8 33 11 29 37 32 8 20 32 31 12 41 0 3 21 55 43 23 41 25 46 16
24 16 32 19 21 8 35 29 8 38 16 18 55 28 8 16 23 46 13 30 2 0 15 37 63 55 46 34 38 24
1 33 35 26 2 6 15 24 17 22 3 23 24 20 14 13 13 56 14 42 11 15 0 44 59 30 21 44 48 10
60 33 14 12 41 52 38 26 28 25 30 37 21 7 45 17 28 24 23 17 26 38 28 0 3 22 7 6 20 29
59 18 10 17 25 35 19 9 42 18 56 34 15 10 24 27 43 16 19 10 29 30 59 2 0 26 3 6 16 30
29 23 19 25 24 30 14 33 41 15 18 18 1 13 21 19 25 37 32 22 37 47 17 25 30 0 14 25 26 43
34 20 8 17 45 44 29 25 27 20 26 31 19 7 38 29 24 16 24 12 58 40 20 6 5 21 0 5 9 30
43 23 7 24 59 34 35 29 43 27 53 30 17 6 20 22 22 22 24 22 45 45 59 6 4 21 2 0 12 28
19 13 17 9 45 23 22 4 28 12 32 15 35 22 34 13 20 14 14 2 33 32 20 13 14 14 11 19 0 28
16 9 47 8 14 10 33 15 19 14 14 5 43 17 8 10 22 23 11 13 22 10 13 33 22 18 29 25 24 0