5
30
,
0 (8.0, 25.0) 22.0
1 (32.0, 19.0) 15.0
2 (43.0, 44.0) 14.0
3 (39.0, 17.0) 49.0
4 (5.0, 29.0) 11.0
5 (16.0, 20.0) 11.0
6 (20.0, 38.0) 13.0
7 (37.0, 22.0) 15.0
8 (21.0, 3.0) 33.0
9 (31.0, 27.0) 44.0
10 (10.0, 22.0) 26.0
11 (31.0, 19.0) 26.0
12 (31.0, 47.0) 14.0
13 (36.0, 39.0) 27.0
14 (15.0, 17.0) 21.0
15 (24.0, 32.0) 17.0
16 (13.0, 33.0) 36.0
17 (49.0, 13.0) 11.0
18 (21.0, 24.0) 21.0
19 (45.0, 23.0) 14.0
20 (12.0, 7.0) 20.0
21 (10.0, 8.0) 30.0
22 (7.0, 25.0) 12.0
23 (49.0, 36.0) 16.0
24 (47.0, 35.0) 13.0
25 (30.0, 46.0) 19.0
26 (43.0, 38.0) 22.0
27 (46.0, 40.0) 26.0
28 (43.0, 23.0) 25.0
29 (24.0, 16.0) 23.0
,
0 5 8 6 1 2 4 6 5 5 1 5 6 6 2 3 2 9 3 7 4 3 0 8 8 6 7 8 7 4
5 0 5 1 6 3 4 1 4 2 4 0 6 4 3 3 5 4 2 3 5 5 5 5 4 5 4 5 2 2
8 5 0 5 8 7 5 5 9 4 8 6 2 2 8 4 6 6 6 4 10 10 8 2 2 3 1 1 4 7
6 1 5 0 7 5 6 1 5 3 6 2 6 4 5 4 6 2 4 2 6 6 7 4 4 6 4 5 1 3
1 6 8 7 0 3 3 7 6 5 2 6 6 7 3 4 2 9 3 8 5 4 1 9 8 6 8 8 8 5
2 3 7 5 3 0 4 4 4 3 1 3 6 6 1 3 3 7 1 6 3 3 2 7 7 6 6 7 5 2
4 4 5 6 3 4 0 5 7 3 4 4 3 3 4 1 2 8 3 6 6 6 4 6 5 3 5 5 5 4
6 1 5 1 7 4 5 0 5 2 5 1 5 3 5 3 5 3 3 2 6 6 6 4 3 5 3 4 1 3
5 4 9 5 6 4 7 5 0 5 4 4 9 8 3 6 6 6 4 6 2 2 5 9 8 9 8 9 6 3
5 2 4 3 5 3 3 2 5 0 4 2 4 3 4 2 4 5 2 3 6 6 5 4 4 4 3 4 3 3
1 4 8 6 2 1 4 5 4 4 0 4 7 6 1 3 2 8 2 7 3 3 1 8 8 6 7 8 7 3
5 0 6 2 6 3 4 1 4 2 4 0 6 4 3 3 5 4 2 3 4 5 5 5 5 5 4 5 3 2
6 6 2 6 6 6 3 5 9 4 7 6 0 2 7 3 5 8 5 6 9 9 7 4 4 0 3 3 5 6
6 4 2 4 7 6 3 3 8 3 6 4 2 0 6 3 5 6 4 4 8 8 6 3 2 2 1 2 3 5
2 3 8 5 3 1 4 5 3 4 1 3 7 6 0 3 3 7 2 6 2 2 2 8 7 7 7 8 6 2
3 3 4 4 4 3 1 3 6 2 3 3 3 3 3 0 2 6 2 5 6 6 4 5 5 3 4 5 4 3
2 5 6 6 2 3 2 5 6 4 2 5 5 5 3 2 0 8 2 7 5 5 2 7 7 4 6 7 6 4
9 4 6 2 9 7 8 3 6 5 8 4 8 6 7 6 8 0 6 2 7 8 9 5 4 8 5 5 2 5
3 2 6 4 3 1 3 3 4 2 2 2 5 4 2 2 2 6 0 5 4 4 3 6 6 5 5 6 4 2
7 3 4 2 8 6 6 2 6 3 7 3 6 4 6 5 7 2 5 0 7 8 8 3 2 5 3 3 0 4
4 5 10 6 5 3 6 6 2 6 3 4 9 8 2 6 5 7 4 7 0 0 4 9 9 9 9 9 7 3
3 5 10 6 4 3 6 6 2 6 3 5 9 8 2 6 5 8 4 8 0 0 3 10 9 9 9 10 7 3
0 5 8 7 1 2 4 6 5 5 1 5 7 6 2 4 2 9 3 8 4 3 0 9 8 6 8 8 7 4
8 5 2 4 9 7 6 4 9 4 8 5 4 3 8 5 7 5 6 3 9 10 9 0 0 4 1 1 3 6
8 4 2 4 8 7 5 3 8 4 8 5 4 2 7 5 7 4 6 2 9 9 8 0 0 4 1 1 3 6
6 5 3 6 6 6 3 5 9 4 6 5 0 2 7 3 4 8 5 5 9 9 6 4 4 0 3 3 5 6
7 4 1 4 8 6 5 3 8 3 7 4 3 1 7 4 6 5 5 3 9 9 8 1 1 3 0 1 3 6
8 5 1 5 8 7 5 4 9 4 8 5 3 2 8 5 7 5 6 3 9 10 8 1 1 3 1 0 3 7
7 2 4 1 8 5 5 1 6 3 7 3 5 3 6 4 6 2 4 0 7 7 7 3 3 5 3 3 0 4
4 2 7 3 5 2 4 3 3 3 3 2 6 5 2 3 4 5 2 4 3 3 4 6 6 6 6 7 4 0
,
0 35 43 36 4 8 14 28 14 33 3 34 42 46 9 12 9 28 14 28 20 15 1 30 60 32 45 55 47 21
20 0 22 8 34 16 19 7 27 5 17 1 16 11 21 19 13 13 16 9 25 22 28 23 23 27 19 14 12 9
23 32 0 14 47 41 32 22 44 20 22 17 17 8 31 32 21 17 26 22 57 61 25 12 11 8 5 5 12 42
29 9 20 0 53 33 28 5 34 15 28 12 16 21 35 25 38 14 19 11 30 35 26 17 25 41 15 22 10 14
6 22 22 35 0 15 26 35 24 21 8 18 36 39 23 26 9 52 12 43 32 19 3 29 63 32 40 26 42 26
7 12 24 14 14 0 11 18 24 10 4 14 22 23 3 8 17 38 4 19 11 9 15 35 51 42 31 26 38 8
15 19 22 29 21 26 0 24 47 17 13 20 10 21 17 10 13 54 11 16 36 26 12 41 14 11 32 26 26 17
37 6 28 3 27 18 22 0 33 10 24 4 28 10 17 13 37 15 10 6 32 28 40 24 21 31 15 10 8 18
33 25 36 29 28 15 48 33 0 25 22 16 44 33 13 39 44 23 23 38 5 17 23 47 40 58 49 32 21 11
31 10 18 13 29 18 17 4 20 0 21 6 28 16 16 4 21 17 15 15 41 22 23 25 9 23 12 17 9 15
4 23 48 29 9 8 28 31 33 15 0 25 45 20 8 10 17 50 17 44 14 15 5 25 22 18 33 42 37 8
16 1 41 10 23 20 21 10 10 7 19 0 28 18 24 15 16 23 10 11 29 22 32 33 17 32 20 29 13 6
38 34 16 27 16 41 21 38 25 28 28 38 0 10 35 18 23 42 34 26 50 47 27 22 25 1 10 21 14 39
28 27 10 19 22 26 23 21 21 18 21 13 6 0 36 14 21 39 30 23 31 27 38 7 15 12 5 9 13 28
15 25 47 21 11 4 29 11 19 27 7 24 27 36 0 21 21 40 9 44 10 11 15 41 23 20 31 23 36 8
20 11 28 31 27 10 6 15 19 12 19 16 17 18 15 0 15 46 6 31 31 22 12 34 24 12 19 22 28 22
11 18 46 33 11 20 11 20 33 23 10 20 20 32 15 11 0 45 9 32 34 17 13 27 18 14 27 37 25 29
37 19 23 11 40 17 31 15 43 20 51 12 33 37 39 44 39 0 26 14 40 20 64 29 18 48 33 34 15 35
13 15 36 14 10 7 10 21 28 15 9 17 25 21 12 7 11 44 0 17 11 14 17 38 21 15 20 16 16 13
45 16 27 12 51 41 38 5 28 8 26 20 19 17 17 20 35 14 16 0 39 54 55 18 8 36 9 20 3 26
16 21 32 22 25 17 46 15 12 19 8 26 47 39 14 20 39 39 13 49 0 3 22 29 62 25 25 69 31 13
23 14 56 23 16 8 32 19 17 23 11 25 36 51 11 38 23 28 12 42 2 0 15 48 44 33 39 32 30 24
1 25 36 32 6 11 22 41 33 35 4 37 45 32 14 25 14 41 18 50 10 13 0 56 52 20 22 29 48 20
54 31 5 15 64 46 42 18 56 13 39 18 28 15 46 19 50 14 24 7 24 27 53 0 3 12 6 5 13 32
37 16 13 14 25 22 39 19 35 22 27 12 29 11 29 27 20 22 30 7 34 24 22 2 0 16 7 3 7 32
32 20 19 19 17 35 9 32 41 24 43 25 1 6 30 18 30 45 18 39 50 62 16 14 22 0 15 22 37 34
47 19 8 30 38 45 25 16 33 16 39 24 22 9 45 16 16 18 39 12 64 64 29 7 3 13 0 4 22 16
53 38 7 33 34 26 31 20 66 24 47 35 18 9 45 32 33 35 33 15 49 37 58 3 4 17 3 0 25 43
38 10 26 6 25 18 18 4 18 14 46 17 35 17 21 30 21 17 31 3 25 40 32 11 18 23 13 24 0 18
24 5 31 16 34 12 24 21 19 10 20 6 33 28 5 21 16 22 10 22 14 17 12 19 40 35 34 44 23 0