5
30
,
0 (8.0, 25.0) 13.0
1 (32.0, 19.0) 11.0
2 (43.0, 44.0) 21.0
3 (39.0, 17.0) 44.0
4 (5.0, 29.0) 45.0
5 (16.0, 20.0) 46.0
6 (20.0, 38.0) 27.0
7 (37.0, 22.0) 32.0
8 (21.0, 3.0) 15.0
9 (31.0, 27.0) 26.0
10 (10.0, 22.0) 12.0
11 (31.0, 19.0) 11.0
12 (31.0, 47.0) 11.0
13 (36.0, 39.0) 49.0
14 (15.0, 17.0) 22.0
15 (24.0, 32.0) 29.0
16 (13.0, 33.0) 18.0
17 (49.0, 13.0) 27.0
18 (21.0, 24.0) 33.0
19 (45.0, 23.0) 11.0
20 (12.0, 7.0) 36.0
21 (10.0, 8.0) 25.0
22 (7.0, 25.0) 46.0
23 (49.0, 36.0) 49.0
24 (47.0, 35.0) 22.0
25 (30.0, 46.0) 26.0
26 (43.0, 38.0) 15.0
27 (46.0, 40.0) 47.0
28 (43.0, 23.0) 34.0
29 (24.0, 16.0) 36.0
,
0 5 8 6 1 2 4 6 5 5 1 5 6 6 2 3 2 9 3 7 4 3 0 8 8 6 7 8 7 4
5 0 5 1 6 3 4 1 4 2 4 0 6 4 3 3 5 4 2 3 5 5 5 5 4 5 4 5 2 2
8 5 0 5 8 7 5 5 9 4 8 6 2 2 8 4 6 6 6 4 10 10 8 2 2 3 1 1 4 7
6 1 5 0 7 5 6 1 5 3 6 2 6 4 5 4 6 2 4 2 6 6 7 4 4 6 4 5 1 3
1 6 8 7 0 3 3 7 6 5 2 6 6 7 3 4 2 9 3 8 5 4 1 9 8 6 8 8 8 5
2 3 7 5 3 0 4 4 4 3 1 3 6 6 1 3 3 7 1 6 3 3 2 7 7 6 6 7 5 2
4 4 5 6 3 4 0 5 7 3 4 4 3 3 4 1 2 8 3 6 6 6 4 6 5 3 5 5 5 4
6 1 5 1 7 4 5 0 5 2 5 1 5 3 5 3 5 3 3 2 6 6 6 4 3 5 3 4 1 3
5 4 9 5 6 4 7 5 0 5 4 4 9 8 3 6 6 6 4 6 2 2 5 9 8 9 8 9 6 3
5 2 4 3 5 3 3 2 5 0 4 2 4 3 4 2 4 5 2 3 6 6 5 4 4 4 3 4 3 3
1 4 8 6 2 1 4 5 4 4 0 4 7 6 1 3 2 8 2 7 3 3 1 8 8 6 7 8 7 3
5 0 6 2 6 3 4 1 4 2 4 0 6 4 3 3 5 4 2 3 4 5 5 5 5 5 4 5 3 2
6 6 2 6 6 6 3 5 9 4 7 6 0 2 7 3 5 8 5 6 9 9 7 4 4 0 3 3 5 6
6 4 2 4 7 6 3 3 8 3 6 4 2 0 6 3 5 6 4 4 8 8 6 3 2 2 1 2 3 5
2 3 8 5 3 1 4 5 3 4 1 3 7 6 0 3 3 7 2 6 2 2 2 8 7 7 7 8 6 2
3 3 4 4 4 3 1 3 6 2 3 3 3 3 3 0 2 6 2 5 6 6 4 5 5 3 4 5 4 3
2 5 6 6 2 3 2 5 6 4 2 5 5 5 3 2 0 8 2 7 5 5 2 7 7 4 6 7 6 4
9 4 6 2 9 7 8 3 6 5 8 4 8 6 7 6 8 0 6 2 7 8 9 5 4 8 5 5 2 5
3 2 6 4 3 1 3 3 4 2 2 2 5 4 2 2 2 6 0 5 4 4 3 6 6 5 5 6 4 2
7 3 4 2 8 6 6 2 6 3 7 3 6 4 6 5 7 2 5 0 7 8 8 3 2 5 3 3 0 4
4 5 10 6 5 3 6 6 2 6 3 4 9 8 2 6 5 7 4 7 0 0 4 9 9 9 9 9 7 3
3 5 10 6 4 3 6 6 2 6 3 5 9 8 2 6 5 8 4 8 0 0 3 10 9 9 9 10 7 3
0 5 8 7 1 2 4 6 5 5 1 5 7 6 2 4 2 9 3 8 4 3 0 9 8 6 8 8 7 4
8 5 2 4 9 7 6 4 9 4 8 5 4 3 8 5 7 5 6 3 9 10 9 0 0 4 1 1 3 6
8 4 2 4 8 7 5 3 8 4 8 5 4 2 7 5 7 4 6 2 9 9 8 0 0 4 1 1 3 6
6 5 3 6 6 6 3 5 9 4 6 5 0 2 7 3 4 8 5 5 9 9 6 4 4 0 3 3 5 6
7 4 1 4 8 6 5 3 8 3 7 4 3 1 7 4 6 5 5 3 9 9 8 1 1 3 0 1 3 6
8 5 1 5 8 7 5 4 9 4 8 5 3 2 8 5 7 5 6 3 9 10 8 1 1 3 1 0 3 7
7 2 4 1 8 5 5 1 6 3 7 3 5 3 6 4 6 2 4 0 7 7 7 3 3 5 3 3 0 4
4 2 7 3 5 2 4 3 3 3 3 2 6 5 2 3 4 5 2 4 3 3 4 6 6 6 6 7 4 0
,
0 23 40 20 3 12 24 31 15 33 4 22 29 42 15 23 11 37 11 52 13 14 1 38 40 23 48 44 38 13
15 0 41 4 40 9 13 8 26 10 18 1 29 21 25 10 17 25 12 9 13 34 33 17 25 28 24 33 8 6
49 34 0 24 45 31 25 28 51 26 28 27 11 10 29 15 23 43 33 25 61 52 37 14 10 17 5 3 14 25
28 8 30 0 39 17 14 8 24 10 19 6 31 15 19 11 16 6 11 5 32 33 26 25 26 17 11 20 7 8
6 38 22 36 0 16 10 31 24 37 8 21 42 31 12 20 8 26 12 41 18 17 4 52 63 24 50 42 35 18
12 15 27 16 10 0 26 16 15 13 9 10 22 37 4 13 12 49 4 37 18 17 8 23 25 41 26 21 39 12
20 23 25 41 18 11 0 30 41 15 21 28 20 10 31 10 5 42 17 19 23 42 27 19 27 8 28 20 37 24
35 3 17 4 26 14 14 0 33 5 16 5 36 24 20 17 21 17 8 10 16 45 20 22 24 15 16 21 5 11
23 21 56 24 37 10 52 34 0 31 13 23 26 50 22 29 46 37 17 36 10 8 30 61 60 35 31 23 34 16
19 5 11 15 22 24 16 9 33 0 17 10 15 18 23 13 21 31 12 15 30 39 24 17 15 22 19 15 15 17
5 17 43 22 8 9 12 15 29 17 0 16 39 27 7 25 16 37 15 40 15 20 5 62 23 28 29 27 39 9
26 1 38 8 41 10 26 6 25 5 13 0 18 23 18 13 28 12 12 11 21 16 34 26 26 25 16 16 9 11
32 34 8 18 31 44 8 20 36 23 23 27 0 12 25 20 18 23 30 21 63 43 26 28 16 1 20 10 36 33
28 13 6 12 42 36 22 19 51 11 45 12 10 0 42 9 24 25 11 9 20 55 34 19 14 10 6 9 21 14
16 17 35 21 22 3 21 32 23 26 5 18 39 43 0 22 9 29 6 29 5 13 8 56 48 47 32 33 43 9
16 12 30 15 22 7 7 14 31 5 16 20 8 10 21 0 14 30 6 23 30 33 17 17 33 14 27 23 20 18
8 35 40 18 7 17 6 16 39 18 14 14 33 29 19 14 0 32 13 39 38 18 10 34 28 23 21 33 24 16
62 18 39 15 65 23 34 15 21 28 58 24 36 39 46 19 21 0 39 6 49 57 59 13 12 56 34 24 13 36
19 10 27 16 14 8 19 9 16 11 16 8 37 24 9 7 9 44 0 23 27 29 10 28 18 22 31 24 21 10
47 16 14 5 41 22 39 10 24 15 52 12 34 17 32 21 18 6 23 0 39 52 35 20 18 37 20 14 2 30
25 22 30 39 15 17 31 16 13 20 20 18 40 21 9 34 38 49 11 20 0 1 11 57 28 52 29 28 43 9
17 20 38 29 15 12 43 35 8 35 10 26 38 58 5 16 21 24 26 21 3 0 23 60 59 26 43 33 30 10
1 19 38 46 6 7 13 35 13 16 3 36 38 20 7 11 14 58 15 25 26 14 0 49 30 35 55 58 26 12
37 29 10 11 55 55 33 23 50 11 21 31 17 11 35 32 44 29 21 8 56 50 35 0 2 23 4 3 21 18
28 21 10 19 55 48 28 24 36 22 47 25 26 16 40 12 29 23 29 12 47 36 23 3 0 13 7 5 10 21
20 23 14 20 19 41 8 26 37 16 17 33 2 7 36 10 27 27 25 29 22 43 41 26 11 0 13 13 19 24
50 19 5 15 53 21 32 11 49 24 33 20 21 4 35 30 23 20 16 17 58 50 35 4 7 22 0 5 8 26
34 37 5 20 61 31 13 12 53 27 24 31 11 8 23 26 36 19 25 24 27 48 62 6 5 25 4 0 15 32
32 11 26 8 50 36 34 8 30 8 38 12 39 19 35 25 19 8 30 1 48 48 27 10 16 26 16 24 0 20
15 10 19 16 28 11 23 13 18 15 12 6 29 29 13 22 19 30 8 30 20 9 12 27 20 30 16 43 27 0