5
30
,
0 (8.0, 25.0) 11.0
1 (32.0, 19.0) 10.0
2 (43.0, 44.0) 19.0
3 (39.0, 17.0) 14.0
4 (5.0, 29.0) 20.0
5 (16.0, 20.0) 49.0
6 (20.0, 38.0) 34.0
7 (37.0, 22.0) 12.0
8 (21.0, 3.0) 22.0
9 (31.0, 27.0) 27.0
10 (10.0, 22.0) 25.0
11 (31.0, 19.0) 32.0
12 (31.0, 47.0) 44.0
13 (36.0, 39.0) 18.0
14 (15.0, 17.0) 24.0
15 (24.0, 32.0) 27.0
16 (13.0, 33.0) 21.0
17 (49.0, 13.0) 18.0
18 (21.0, 24.0) 24.0
19 (45.0, 23.0) 48.0
20 (12.0, 7.0) 12.0
21 (10.0, 8.0) 48.0
22 (7.0, 25.0) 11.0
23 (49.0, 36.0) 26.0
24 (47.0, 35.0) 43.0
25 (30.0, 46.0) 50.0
26 (43.0, 38.0) 12.0
27 (46.0, 40.0) 28.0
28 (43.0, 23.0) 48.0
29 (24.0, 16.0) 18.0
,
0 5 8 6 1 2 4 6 5 5 1 5 6 6 2 3 2 9 3 7 4 3 0 8 8 6 7 8 7 4
5 0 5 1 6 3 4 1 4 2 4 0 6 4 3 3 5 4 2 3 5 5 5 5 4 5 4 5 2 2
8 5 0 5 8 7 5 5 9 4 8 6 2 2 8 4 6 6 6 4 10 10 8 2 2 3 1 1 4 7
6 1 5 0 7 5 6 1 5 3 6 2 6 4 5 4 6 2 4 2 6 6 7 4 4 6 4 5 1 3
1 6 8 7 0 3 3 7 6 5 2 6 6 7 3 4 2 9 3 8 5 4 1 9 8 6 8 8 8 5
2 3 7 5 3 0 4 4 4 3 1 3 6 6 1 3 3 7 1 6 3 3 2 7 7 6 6 7 5 2
4 4 5 6 3 4 0 5 7 3 4 4 3 3 4 1 2 8 3 6 6 6 4 6 5 3 5 5 5 4
6 1 5 1 7 4 5 0 5 2 5 1 5 3 5 3 5 3 3 2 6 6 6 4 3 5 3 4 1 3
5 4 9 5 6 4 7 5 0 5 4 4 9 8 3 6 6 6 4 6 2 2 5 9 8 9 8 9 6 3
5 2 4 3 5 3 3 2 5 0 4 2 4 3 4 2 4 5 2 3 6 6 5 4 4 4 3 4 3 3
1 4 8 6 2 1 4 5 4 4 0 4 7 6 1 3 2 8 2 7 3 3 1 8 8 6 7 8 7 3
5 0 6 2 6 3 4 1 4 2 4 0 6 4 3 3 5 4 2 3 4 5 5 5 5 5 4 5 3 2
6 6 2 6 6 6 3 5 9 4 7 6 0 2 7 3 5 8 5 6 9 9 7 4 4 0 3 3 5 6
6 4 2 4 7 6 3 3 8 3 6 4 2 0 6 3 5 6 4 4 8 8 6 3 2 2 1 2 3 5
2 3 8 5 3 1 4 5 3 4 1 3 7 6 0 3 3 7 2 6 2 2 2 8 7 7 7 8 6 2
3 3 4 4 4 3 1 3 6 2 3 3 3 3 3 0 2 6 2 5 6 6 4 5 5 3 4 5 4 3
2 5 6 6 2 3 2 5 6 4 2 5 5 5 3 2 0 8 2 7 5 5 2 7 7 4 6 7 6 4
9 4 6 2 9 7 8 3 6 5 8 4 8 6 7 6 8 0 6 2 7 8 9 5 4 8 5 5 2 5
3 2 6 4 3 1 3 3 4 2 2 2 5 4 2 2 2 6 0 5 4 4 3 6 6 5 5 6 4 2
7 3 4 2 8 6 6 2 6 3 7 3 6 4 6 5 7 2 5 0 7 8 8 3 2 5 3 3 0 4
4 5 10 6 5 3 6 6 2 6 3 4 9 8 2 6 5 7 4 7 0 0 4 9 9 9 9 9 7 3
3 5 10 6 4 3 6 6 2 6 3 5 9 8 2 6 5 8 4 8 0 0 3 10 9 9 9 10 7 3
0 5 8 7 1 2 4 6 5 5 1 5 7 6 2 4 2 9 3 8 4 3 0 9 8 6 8 8 7 4
8 5 2 4 9 7 6 4 9 4 8 5 4 3 8 5 7 5 6 3 9 10 9 0 0 4 1 1 3 6
8 4 2 4 8 7 5 3 8 4 8 5 4 2 7 5 7 4 6 2 9 9 8 0 0 4 1 1 3 6
6 5 3 6 6 6 3 5 9 4 6 5 0 2 7 3 4 8 5 5 9 9 6 4 4 0 3 3 5 6
7 4 1 4 8 6 5 3 8 3 7 4 3 1 7 4 6 5 5 3 9 9 8 1 1 3 0 1 3 6
8 5 1 5 8 7 5 4 9 4 8 5 3 2 8 5 7 5 6 3 9 10 8 1 1 3 1 0 3 7
7 2 4 1 8 5 5 1 6 3 7 3 5 3 6 4 6 2 4 0 7 7 7 3 3 5 3 3 0 4
4 2 7 3 5 2 4 3 3 3 3 2 6 5 2 3 4 5 2 4 3 3 4 6 6 6 6 7 4 0
,
0 34 48 21 3 10 25 17 33 24 4 13 18 34 16 15 8 61 19 19 20 14 1 62 25 35 21 38 34 13
29 0 36 11 16 22 22 6 12 6 25 1 35 25 22 22 35 21 14 18 16 30 27 20 32 38 13 23 16 11
41 27 0 29 55 49 27 32 65 22 48 26 15 5 41 21 33 45 43 24 26 55 33 15 8 12 7 6 14 20
41 10 40 0 32 23 22 3 16 18 18 11 18 18 25 31 42 10 11 12 23 29 37 22 24 30 24 15 5 21
7 31 58 52 0 13 20 33 35 25 13 25 29 31 19 13 12 50 15 31 20 18 4 33 35 30 32 61 40 12
13 18 50 18 13 0 23 29 16 19 6 12 21 24 4 11 14 19 3 23 16 13 9 23 44 30 36 50 21 7
13 23 21 24 12 20 0 31 44 11 19 26 17 9 27 5 8 23 19 21 29 40 12 25 20 18 19 14 19 19
35 8 27 4 37 15 27 0 30 6 19 6 17 11 32 18 13 9 12 6 15 43 42 13 10 34 12 20 3 9
18 18 57 21 23 19 35 34 0 17 27 14 53 24 14 37 20 35 24 28 7 18 23 44 60 36 38 56 33 15
32 7 15 18 30 24 9 8 17 0 27 12 13 16 24 11 16 25 14 18 28 42 28 26 14 27 21 16 10 10
5 26 36 41 13 5 23 40 16 30 0 27 36 29 5 19 6 57 16 20 22 14 5 54 29 38 52 55 44 16
15 1 38 8 41 8 30 10 23 10 25 0 36 25 16 20 20 23 13 14 21 34 26 14 27 22 22 17 16 5
18 16 10 22 23 29 12 33 63 15 45 35 0 12 21 17 25 44 25 19 62 39 30 14 24 1 18 24 34 42
37 21 8 30 31 27 11 11 27 19 20 17 13 0 38 10 33 16 20 10 32 33 42 14 6 11 8 13 20 17
7 9 39 31 8 2 28 30 16 21 8 10 42 30 0 25 15 45 9 45 15 9 15 54 37 34 48 40 35 12
13 18 31 18 12 14 6 9 31 9 24 16 13 8 15 0 12 27 10 19 28 22 17 24 27 14 11 20 26 19
11 23 41 26 12 20 6 31 35 16 14 26 11 12 13 10 0 39 14 43 34 32 7 38 34 15 35 28 31 29
26 20 28 9 39 34 36 12 20 32 48 13 30 33 33 47 58 0 27 8 47 27 29 30 25 30 30 39 12 15
17 16 33 28 11 9 8 16 16 15 6 6 29 20 13 7 16 43 0 25 14 12 16 33 32 21 25 42 27 11
41 12 18 10 53 30 17 6 22 21 23 9 21 21 16 28 34 12 13 0 35 22 43 14 13 29 20 24 2 17
27 27 36 33 13 10 38 32 14 18 15 22 35 53 10 41 32 54 11 25 0 2 25 31 56 49 31 28 41 8
24 21 32 43 22 16 31 39 17 37 9 15 40 37 9 19 34 42 29 31 1 0 15 35 32 41 43 56 30 11
1 16 24 27 5 8 11 34 39 34 6 29 39 43 15 25 14 38 12 38 20 24 0 49 43 18 52 29 23 14
24 19 9 25 24 41 28 17 53 25 47 21 24 20 37 33 45 33 45 16 65 51 56 0 3 17 6 6 13 21
25 21 6 12 32 18 31 16 41 12 52 34 20 13 47 32 41 14 23 9 52 31 37 2 0 24 7 3 13 30
35 39 14 22 16 17 12 24 29 21 46 14 1 11 32 19 14 40 20 32 34 25 29 27 25 0 15 24 36 18
37 21 5 15 42 23 20 22 32 12 42 25 19 7 45 21 25 29 13 16 40 49 33 4 7 9 0 4 21 34
32 29 3 22 40 40 15 25 59 30 47 35 24 13 47 26 35 34 34 18 50 71 45 7 7 13 4 0 15 40
37 13 14 6 45 30 28 7 41 15 31 7 29 18 34 13 16 11 19 1 27 24 33 15 14 24 17 24 0 25
12 9 42 9 26 13 14 18 10 15 13 6 38 29 11 22 12 19 11 23 13 12 17 46 41 17 43 43 16 0