5
30
,
0 (8.0, 25.0) 15.0
1 (32.0, 19.0) 33.0
2 (43.0, 44.0) 12.0
3 (39.0, 17.0) 11.0
4 (5.0, 29.0) 14.0
5 (16.0, 20.0) 50.0
6 (20.0, 38.0) 29.0
7 (37.0, 22.0) 35.0
8 (21.0, 3.0) 38.0
9 (31.0, 27.0) 33.0
10 (10.0, 22.0) 45.0
11 (31.0, 19.0) 20.0
12 (31.0, 47.0) 38.0
13 (36.0, 39.0) 11.0
14 (15.0, 17.0) 26.0
15 (24.0, 32.0) 24.0
16 (13.0, 33.0) 10.0
17 (49.0, 13.0) 40.0
18 (21.0, 24.0) 35.0
19 (45.0, 23.0) 27.0
20 (12.0, 7.0) 23.0
21 (10.0, 8.0) 20.0
22 (7.0, 25.0) 42.0
23 (49.0, 36.0) 16.0
24 (47.0, 35.0) 17.0
25 (30.0, 46.0) 10.0
26 (43.0, 38.0) 25.0
27 (46.0, 40.0) 26.0
28 (43.0, 23.0) 43.0
29 (24.0, 16.0) 42.0
,
0 5 8 6 1 2 4 6 5 5 1 5 6 6 2 3 2 9 3 7 4 3 0 8 8 6 7 8 7 4
5 0 5 1 6 3 4 1 4 2 4 0 6 4 3 3 5 4 2 3 5 5 5 5 4 5 4 5 2 2
8 5 0 5 8 7 5 5 9 4 8 6 2 2 8 4 6 6 6 4 10 10 8 2 2 3 1 1 4 7
6 1 5 0 7 5 6 1 5 3 6 2 6 4 5 4 6 2 4 2 6 6 7 4 4 6 4 5 1 3
1 6 8 7 0 3 3 7 6 5 2 6 6 7 3 4 2 9 3 8 5 4 1 9 8 6 8 8 8 5
2 3 7 5 3 0 4 4 4 3 1 3 6 6 1 3 3 7 1 6 3 3 2 7 7 6 6 7 5 2
4 4 5 6 3 4 0 5 7 3 4 4 3 3 4 1 2 8 3 6 6 6 4 6 5 3 5 5 5 4
6 1 5 1 7 4 5 0 5 2 5 1 5 3 5 3 5 3 3 2 6 6 6 4 3 5 3 4 1 3
5 4 9 5 6 4 7 5 0 5 4 4 9 8 3 6 6 6 4 6 2 2 5 9 8 9 8 9 6 3
5 2 4 3 5 3 3 2 5 0 4 2 4 3 4 2 4 5 2 3 6 6 5 4 4 4 3 4 3 3
1 4 8 6 2 1 4 5 4 4 0 4 7 6 1 3 2 8 2 7 3 3 1 8 8 6 7 8 7 3
5 0 6 2 6 3 4 1 4 2 4 0 6 4 3 3 5 4 2 3 4 5 5 5 5 5 4 5 3 2
6 6 2 6 6 6 3 5 9 4 7 6 0 2 7 3 5 8 5 6 9 9 7 4 4 0 3 3 5 6
6 4 2 4 7 6 3 3 8 3 6 4 2 0 6 3 5 6 4 4 8 8 6 3 2 2 1 2 3 5
2 3 8 5 3 1 4 5 3 4 1 3 7 6 0 3 3 7 2 6 2 2 2 8 7 7 7 8 6 2
3 3 4 4 4 3 1 3 6 2 3 3 3 3 3 0 2 6 2 5 6 6 4 5 5 3 4 5 4 3
2 5 6 6 2 3 2 5 6 4 2 5 5 5 3 2 0 8 2 7 5 5 2 7 7 4 6 7 6 4
9 4 6 2 9 7 8 3 6 5 8 4 8 6 7 6 8 0 6 2 7 8 9 5 4 8 5 5 2 5
3 2 6 4 3 1 3 3 4 2 2 2 5 4 2 2 2 6 0 5 4 4 3 6 6 5 5 6 4 2
7 3 4 2 8 6 6 2 6 3 7 3 6 4 6 5 7 2 5 0 7 8 8 3 2 5 3 3 0 4
4 5 10 6 5 3 6 6 2 6 3 4 9 8 2 6 5 7 4 7 0 0 4 9 9 9 9 9 7 3
3 5 10 6 4 3 6 6 2 6 3 5 9 8 2 6 5 8 4 8 0 0 3 10 9 9 9 10 7 3
0 5 8 7 1 2 4 6 5 5 1 5 7 6 2 4 2 9 3 8 4 3 0 9 8 6 8 8 7 4
8 5 2 4 9 7 6 4 9 4 8 5 4 3 8 5 7 5 6 3 9 10 9 0 0 4 1 1 3 6
8 4 2 4 8 7 5 3 8 4 8 5 4 2 7 5 7 4 6 2 9 9 8 0 0 4 1 1 3 6
6 5 3 6 6 6 3 5 9 4 6 5 0 2 7 3 4 8 5 5 9 9 6 4 4 0 3 3 5 6
7 4 1 4 8 6 5 3 8 3 7 4 3 1 7 4 6 5 5 3 9 9 8 1 1 3 0 1 3 6
8 5 1 5 8 7 5 4 9 4 8 5 3 2 8 5 7 5 6 3 9 10 8 1 1 3 1 0 3 7
7 2 4 1 8 5 5 1 6 3 7 3 5 3 6 4 6 2 4 0 7 7 7 3 3 5 3 3 0 4
4 2 7 3 5 2 4 3 3 3 3 2 6 5 2 3 4 5 2 4 3 3 4 6 6 6 6 7 4 0
,
0 37 28 16 6 13 26 36 33 34 4 22 47 31 13 13 10 40 9 35 18 18 1 40 21 19 34 42 29 25
22 0 37 11 33 13 24 9 11 10 33 1 30 17 20 13 16 20 10 7 13 17 30 13 22 35 29 14 15 12
55 20 0 17 40 44 15 14 58 18 48 28 14 12 23 13 19 41 32 15 29 66 28 12 13 16 7 4 23 48
43 9 29 0 41 33 29 3 26 14 29 12 30 30 20 14 42 8 20 7 20 35 27 19 14 40 13 16 6 9
6 16 51 40 0 13 14 45 24 14 4 15 38 28 12 11 7 53 12 41 27 13 3 30 57 31 33 48 29 28
6 23 29 25 12 0 18 19 17 22 8 9 19 39 3 17 19 29 7 40 16 10 13 48 22 37 28 46 18 7
12 20 23 16 22 15 0 14 32 13 28 32 9 17 16 6 5 29 8 18 28 37 21 36 22 10 18 21 36 26
35 6 12 6 25 12 16 0 27 4 23 4 25 12 22 22 26 17 12 5 24 26 40 10 18 28 24 20 8 12
17 14 46 28 23 25 31 33 0 32 19 21 26 51 12 35 21 25 16 37 12 17 31 50 43 30 55 59 21 18
29 12 11 9 32 25 16 9 33 0 26 10 30 14 10 12 10 32 6 17 31 28 31 14 16 15 11 26 7 12
3 26 23 16 11 7 28 31 16 26 0 19 35 27 6 15 14 48 10 35 22 16 3 43 38 20 19 55 17 20
14 1 29 12 18 13 23 6 16 11 24 0 26 26 24 11 31 28 15 10 13 24 17 13 25 16 18 33 12 11
42 24 8 34 33 19 20 15 24 14 23 36 0 8 41 17 17 38 15 25 27 60 48 31 11 1 15 23 23 27
18 16 9 26 22 25 8 22 49 13 44 22 5 0 17 15 14 34 30 13 54 30 28 9 12 10 9 10 26 28
13 15 55 22 10 2 32 17 9 19 9 10 45 20 0 16 16 48 9 35 8 11 12 57 29 29 31 54 16 13
21 16 14 17 11 10 4 21 41 10 19 13 21 9 19 0 6 39 7 32 19 17 17 34 21 12 27 29 19 9
14 17 41 19 7 11 12 31 24 25 13 32 27 32 11 7 0 39 11 20 16 37 5 19 22 14 24 39 32 28
45 10 29 13 46 41 27 21 17 20 23 12 39 41 42 39 55 0 23 9 45 30 38 34 23 40 34 36 6 20
9 17 35 27 16 7 8 13 17 7 7 15 32 15 8 9 9 34 0 20 14 28 11 26 35 26 37 26 12 5
54 16 25 10 57 42 25 9 28 12 49 13 20 16 43 30 33 16 20 0 21 25 49 19 11 30 11 10 1 29
13 30 69 35 25 18 37 21 5 17 21 31 60 22 9 20 25 31 16 51 0 1 11 51 42 54 33 48 20 9
15 37 38 21 12 16 21 19 8 29 10 34 31 57 14 23 14 22 13 35 2 0 13 27 68 31 49 63 24 10
1 19 46 18 7 15 21 19 16 21 6 21 33 33 11 26 13 31 13 37 18 17 0 46 60 34 40 61 28 19
31 19 9 13 41 39 15 17 31 22 61 28 21 15 52 16 35 30 23 11 70 45 50 0 3 22 7 3 7 47
59 29 7 10 46 50 32 23 25 27 37 16 16 12 25 12 27 24 16 14 48 40 58 2 0 24 6 3 15 20
40 32 15 22 39 35 8 27 28 20 29 30 2 11 18 19 27 25 21 36 53 37 23 18 29 0 18 20 16 19
26 11 5 31 54 39 26 17 38 15 31 19 13 8 52 20 35 32 32 11 35 47 47 8 7 10 0 5 21 18
31 21 5 28 43 44 24 28 58 23 31 30 17 7 55 14 24 21 22 18 38 64 52 3 8 18 3 0 21 31
36 13 23 5 52 18 40 5 44 17 25 14 24 12 22 23 44 15 31 1 38 42 21 8 18 16 9 25 0 27
24 7 43 11 22 6 33 15 17 15 16 8 31 31 10 23 25 20 8 24 14 12 11 18 27 17 35 31 26 0