5
30
,
0 (8.0, 25.0) 39.0
1 (32.0, 19.0) 24.0
2 (43.0, 44.0) 11.0
3 (39.0, 17.0) 12.0
4 (5.0, 29.0) 11.0
5 (16.0, 20.0) 28.0
6 (20.0, 38.0) 32.0
7 (37.0, 22.0) 11.0
8 (21.0, 3.0) 18.0
9 (31.0, 27.0) 34.0
10 (10.0, 22.0) 21.0
11 (31.0, 19.0) 33.0
12 (31.0, 47.0) 43.0
13 (36.0, 39.0) 26.0
14 (15.0, 17.0) 25.0
15 (24.0, 32.0) 24.0
16 (13.0, 33.0) 40.0
17 (49.0, 13.0) 17.0
18 (21.0, 24.0) 35.0
19 (45.0, 23.0) 11.0
20 (12.0, 7.0) 11.0
21 (10.0, 8.0) 13.0
22 (7.0, 25.0) 17.0
23 (49.0, 36.0) 46.0
24 (47.0, 35.0) 17.0
25 (30.0, 46.0) 13.0
26 (43.0, 38.0) 19.0
27 (46.0, 40.0) 19.0
28 (43.0, 23.0) 39.0
29 (24.0, 16.0) 11.0
,
0 5 8 6 1 2 4 6 5 5 1 5 6 6 2 3 2 9 3 7 4 3 0 8 8 6 7 8 7 4
5 0 5 1 6 3 4 1 4 2 4 0 6 4 3 3 5 4 2 3 5 5 5 5 4 5 4 5 2 2
8 5 0 5 8 7 5 5 9 4 8 6 2 2 8 4 6 6 6 4 10 10 8 2 2 3 1 1 4 7
6 1 5 0 7 5 6 1 5 3 6 2 6 4 5 4 6 2 4 2 6 6 7 4 4 6 4 5 1 3
1 6 8 7 0 3 3 7 6 5 2 6 6 7 3 4 2 9 3 8 5 4 1 9 8 6 8 8 8 5
2 3 7 5 3 0 4 4 4 3 1 3 6 6 1 3 3 7 1 6 3 3 2 7 7 6 6 7 5 2
4 4 5 6 3 4 0 5 7 3 4 4 3 3 4 1 2 8 3 6 6 6 4 6 5 3 5 5 5 4
6 1 5 1 7 4 5 0 5 2 5 1 5 3 5 3 5 3 3 2 6 6 6 4 3 5 3 4 1 3
5 4 9 5 6 4 7 5 0 5 4 4 9 8 3 6 6 6 4 6 2 2 5 9 8 9 8 9 6 3
5 2 4 3 5 3 3 2 5 0 4 2 4 3 4 2 4 5 2 3 6 6 5 4 4 4 3 4 3 3
1 4 8 6 2 1 4 5 4 4 0 4 7 6 1 3 2 8 2 7 3 3 1 8 8 6 7 8 7 3
5 0 6 2 6 3 4 1 4 2 4 0 6 4 3 3 5 4 2 3 4 5 5 5 5 5 4 5 3 2
6 6 2 6 6 6 3 5 9 4 7 6 0 2 7 3 5 8 5 6 9 9 7 4 4 0 3 3 5 6
6 4 2 4 7 6 3 3 8 3 6 4 2 0 6 3 5 6 4 4 8 8 6 3 2 2 1 2 3 5
2 3 8 5 3 1 4 5 3 4 1 3 7 6 0 3 3 7 2 6 2 2 2 8 7 7 7 8 6 2
3 3 4 4 4 3 1 3 6 2 3 3 3 3 3 0 2 6 2 5 6 6 4 5 5 3 4 5 4 3
2 5 6 6 2 3 2 5 6 4 2 5 5 5 3 2 0 8 2 7 5 5 2 7 7 4 6 7 6 4
9 4 6 2 9 7 8 3 6 5 8 4 8 6 7 6 8 0 6 2 7 8 9 5 4 8 5 5 2 5
3 2 6 4 3 1 3 3 4 2 2 2 5 4 2 2 2 6 0 5 4 4 3 6 6 5 5 6 4 2
7 3 4 2 8 6 6 2 6 3 7 3 6 4 6 5 7 2 5 0 7 8 8 3 2 5 3 3 0 4
4 5 10 6 5 3 6 6 2 6 3 4 9 8 2 6 5 7 4 7 0 0 4 9 9 9 9 9 7 3
3 5 10 6 4 3 6 6 2 6 3 5 9 8 2 6 5 8 4 8 0 0 3 10 9 9 9 10 7 3
0 5 8 7 1 2 4 6 5 5 1 5 7 6 2 4 2 9 3 8 4 3 0 9 8 6 8 8 7 4
8 5 2 4 9 7 6 4 9 4 8 5 4 3 8 5 7 5 6 3 9 10 9 0 0 4 1 1 3 6
8 4 2 4 8 7 5 3 8 4 8 5 4 2 7 5 7 4 6 2 9 9 8 0 0 4 1 1 3 6
6 5 3 6 6 6 3 5 9 4 6 5 0 2 7 3 4 8 5 5 9 9 6 4 4 0 3 3 5 6
7 4 1 4 8 6 5 3 8 3 7 4 3 1 7 4 6 5 5 3 9 9 8 1 1 3 0 1 3 6
8 5 1 5 8 7 5 4 9 4 8 5 3 2 8 5 7 5 6 3 9 10 8 1 1 3 1 0 3 7
7 2 4 1 8 5 5 1 6 3 7 3 5 3 6 4 6 2 4 0 7 7 7 3 3 5 3 3 0 4
4 2 7 3 5 2 4 3 3 3 3 2 6 5 2 3 4 5 2 4 3 3 4 6 6 6 6 7 4 0
,
0 33 27 32 6 5 16 26 25 21 2 34 41 40 6 25 5 57 15 39 24 16 1 38 34 25 44 32 36 13
33 0 16 10 35 16 13 4 21 9 12 1 18 14 10 14 19 19 14 13 14 24 26 20 28 19 33 28 9 11
41 34 0 19 48 32 18 33 66 31 28 29 11 4 21 34 41 40 29 20 49 54 39 10 9 12 6 5 27 27
34 7 25 0 39 13 16 7 25 14 27 5 17 22 15 28 40 15 25 11 28 44 25 31 26 34 24 14 6 21
4 23 27 24 0 21 11 48 28 18 13 22 24 37 13 25 5 56 13 44 32 28 5 33 36 28 45 37 32 32
14 12 30 12 18 0 18 30 9 12 9 12 19 23 3 11 13 29 5 21 15 9 15 20 51 43 20 35 15 5
21 33 13 22 11 10 0 29 24 22 25 31 16 21 22 7 10 28 8 21 32 17 10 41 22 11 25 31 15 31
18 5 23 6 45 12 16 0 23 6 21 9 31 11 18 16 33 22 19 7 21 41 40 19 22 16 15 16 6 16
15 24 69 32 43 11 21 13 0 27 22 27 54 53 8 43 37 16 15 30 11 13 29 62 29 58 33 66 26 11
24 6 13 16 38 15 18 5 28 0 31 9 27 12 13 11 23 29 7 7 23 27 17 27 18 18 20 30 11 16
5 19 57 21 5 4 26 15 26 15 0 23 38 30 4 23 15 56 6 50 8 16 3 47 34 18 38 30 17 23
19 1 26 9 22 18 20 4 23 12 17 0 24 12 23 11 18 13 7 13 13 31 31 14 24 22 15 27 15 11
31 22 9 45 26 31 14 17 67 23 48 35 0 7 38 10 27 23 19 24 52 23 30 17 15 1 11 14 26 37
38 12 8 12 25 29 21 11 50 13 37 13 10 0 32 8 17 31 31 21 31 23 19 8 14 12 7 7 25 34
16 16 20 30 21 5 27 28 15 27 5 9 20 42 0 11 22 34 10 43 12 6 10 42 32 48 52 46 27 6
20 12 24 17 24 21 7 14 24 5 19 13 24 19 20 0 11 25 10 31 19 40 22 36 18 15 16 23 17 12
10 31 45 45 11 8 11 19 44 18 16 31 33 25 18 15 0 28 12 43 26 13 12 32 31 31 37 19 43 16
53 26 40 9 33 45 44 9 43 23 26 25 25 42 44 23 58 0 34 15 37 39 26 14 26 31 33 19 7 33
11 14 41 24 13 6 20 23 15 9 13 9 31 18 8 6 6 27 0 23 25 22 11 46 21 23 29 20 24 7
47 16 19 5 43 32 40 6 31 19 43 16 14 17 25 31 24 6 23 0 39 36 53 16 11 25 23 19 2 30
25 33 47 42 22 12 44 38 13 17 8 20 66 59 14 39 21 27 15 42 0 2 13 40 30 58 31 26 24 12
13 27 35 16 11 9 46 38 14 30 14 33 63 55 14 17 35 43 27 40 3 0 10 70 59 59 26 70 49 14
1 38 25 32 5 12 15 26 18 15 6 20 21 31 14 13 6 59 11 22 15 15 0 55 31 34 51 44 29 27
57 17 14 27 56 27 18 26 55 24 27 21 25 14 38 26 46 19 26 19 56 44 23 0 1 17 3 4 16 36
45 23 11 12 40 41 22 15 22 24 46 28 11 7 44 28 25 26 40 17 31 46 28 3 0 27 4 6 10 20
20 26 13 36 42 17 17 17 53 12 35 34 2 6 20 18 27 33 33 23 31 40 44 21 27 0 17 9 31 21
54 17 4 12 22 40 33 23 38 22 18 19 11 9 34 14 25 14 27 15 51 47 54 4 6 14 0 5 18 29
29 17 6 14 48 19 35 24 56 23 57 18 22 13 52 26 27 25 32 15 67 50 48 7 5 17 4 0 14 47
18 14 22 11 22 37 34 8 44 10 39 16 39 11 39 19 39 9 25 2 29 44 36 8 10 25 12 24 0 18
19 11 23 18 34 12 14 21 11 7 9 8 17 18 12 17 12 15 7 26 22 18 17 35 44 20 43 17 13 0