5
30
,
0 (8.0, 25.0) 49.0
1 (32.0, 19.0) 26.0
2 (43.0, 44.0) 29.0
3 (39.0, 17.0) 15.0
4 (5.0, 29.0) 49.0
5 (16.0, 20.0) 26.0
6 (20.0, 38.0) 42.0
7 (37.0, 22.0) 22.0
8 (21.0, 3.0) 33.0
9 (31.0, 27.0) 10.0
10 (10.0, 22.0) 35.0
11 (31.0, 19.0) 11.0
12 (31.0, 47.0) 39.0
13 (36.0, 39.0) 22.0
14 (15.0, 17.0) 21.0
15 (24.0, 32.0) 39.0
16 (13.0, 33.0) 21.0
17 (49.0, 13.0) 29.0
18 (21.0, 24.0) 19.0
19 (45.0, 23.0) 40.0
20 (12.0, 7.0) 13.0
21 (10.0, 8.0) 25.0
22 (7.0, 25.0) 11.0
23 (49.0, 36.0) 23.0
24 (47.0, 35.0) 29.0
25 (30.0, 46.0) 32.0
26 (43.0, 38.0) 22.0
27 (46.0, 40.0) 18.0
28 (43.0, 23.0) 19.0
29 (24.0, 16.0) 21.0
,
0 5 8 6 1 2 4 6 5 5 1 5 6 6 2 3 2 9 3 7 4 3 0 8 8 6 7 8 7 4
5 0 5 1 6 3 4 1 4 2 4 0 6 4 3 3 5 4 2 3 5 5 5 5 4 5 4 5 2 2
8 5 0 5 8 7 5 5 9 4 8 6 2 2 8 4 6 6 6 4 10 10 8 2 2 3 1 1 4 7
6 1 5 0 7 5 6 1 5 3 6 2 6 4 5 4 6 2 4 2 6 6 7 4 4 6 4 5 1 3
1 6 8 7 0 3 3 7 6 5 2 6 6 7 3 4 2 9 3 8 5 4 1 9 8 6 8 8 8 5
2 3 7 5 3 0 4 4 4 3 1 3 6 6 1 3 3 7 1 6 3 3 2 7 7 6 6 7 5 2
4 4 5 6 3 4 0 5 7 3 4 4 3 3 4 1 2 8 3 6 6 6 4 6 5 3 5 5 5 4
6 1 5 1 7 4 5 0 5 2 5 1 5 3 5 3 5 3 3 2 6 6 6 4 3 5 3 4 1 3
5 4 9 5 6 4 7 5 0 5 4 4 9 8 3 6 6 6 4 6 2 2 5 9 8 9 8 9 6 3
5 2 4 3 5 3 3 2 5 0 4 2 4 3 4 2 4 5 2 3 6 6 5 4 4 4 3 4 3 3
1 4 8 6 2 1 4 5 4 4 0 4 7 6 1 3 2 8 2 7 3 3 1 8 8 6 7 8 7 3
5 0 6 2 6 3 4 1 4 2 4 0 6 4 3 3 5 4 2 3 4 5 5 5 5 5 4 5 3 2
6 6 2 6 6 6 3 5 9 4 7 6 0 2 7 3 5 8 5 6 9 9 7 4 4 0 3 3 5 6
6 4 2 4 7 6 3 3 8 3 6 4 2 0 6 3 5 6 4 4 8 8 6 3 2 2 1 2 3 5
2 3 8 5 3 1 4 5 3 4 1 3 7 6 0 3 3 7 2 6 2 2 2 8 7 7 7 8 6 2
3 3 4 4 4 3 1 3 6 2 3 3 3 3 3 0 2 6 2 5 6 6 4 5 5 3 4 5 4 3
2 5 6 6 2 3 2 5 6 4 2 5 5 5 3 2 0 8 2 7 5 5 2 7 7 4 6 7 6 4
9 4 6 2 9 7 8 3 6 5 8 4 8 6 7 6 8 0 6 2 7 8 9 5 4 8 5 5 2 5
3 2 6 4 3 1 3 3 4 2 2 2 5 4 2 2 2 6 0 5 4 4 3 6 6 5 5 6 4 2
7 3 4 2 8 6 6 2 6 3 7 3 6 4 6 5 7 2 5 0 7 8 8 3 2 5 3 3 0 4
4 5 10 6 5 3 6 6 2 6 3 4 9 8 2 6 5 7 4 7 0 0 4 9 9 9 9 9 7 3
3 5 10 6 4 3 6 6 2 6 3 5 9 8 2 6 5 8 4 8 0 0 3 10 9 9 9 10 7 3
0 5 8 7 1 2 4 6 5 5 1 5 7 6 2 4 2 9 3 8 4 3 0 9 8 6 8 8 7 4
8 5 2 4 9 7 6 4 9 4 8 5 4 3 8 5 7 5 6 3 9 10 9 0 0 4 1 1 3 6
8 4 2 4 8 7 5 3 8 4 8 5 4 2 7 5 7 4 6 2 9 9 8 0 0 4 1 1 3 6
6 5 3 6 6 6 3 5 9 4 6 5 0 2 7 3 4 8 5 5 9 9 6 4 4 0 3 3 5 6
7 4 1 4 8 6 5 3 8 3 7 4 3 1 7 4 6 5 5 3 9 9 8 1 1 3 0 1 3 6
8 5 1 5 8 7 5 4 9 4 8 5 3 2 8 5 7 5 6 3 9 10 8 1 1 3 1 0 3 7
7 2 4 1 8 5 5 1 6 3 7 3 5 3 6 4 6 2 4 0 7 7 7 3 3 5 3 3 0 4
4 2 7 3 5 2 4 3 3 3 3 2 6 5 2 3 4 5 2 4 3 3 4 6 6 6 6 7 4 0
,
0 32 44 34 5 13 26 36 38 23 3 34 16 17 15 13 12 52 12 53 26 16 1 41 57 40 47 35 34 10
33 0 40 5 18 18 28 6 25 11 27 1 22 27 18 12 30 10 8 8 31 28 38 25 32 29 32 25 11 11
44 24 0 38 23 30 28 16 67 22 25 23 13 11 46 25 37 43 29 14 66 26 47 11 6 10 7 4 12 18
36 10 27 0 26 13 31 5 31 17 27 7 27 12 19 23 35 9 15 11 19 35 40 21 16 42 28 32 4 12
4 39 55 25 0 7 26 40 18 22 11 41 27 30 8 28 5 47 15 34 25 30 5 56 55 28 30 41 38 29
7 13 26 28 9 0 11 23 16 13 4 11 41 33 4 13 11 33 8 35 8 16 11 47 40 38 26 40 34 8
23 28 25 37 22 15 0 16 28 23 26 29 15 18 11 6 11 20 19 18 27 45 18 36 20 11 26 19 37 16
34 5 20 6 35 16 18 0 32 8 33 4 37 23 19 20 35 16 12 11 20 25 34 14 23 33 15 21 4 11
16 22 60 14 37 13 19 28 0 38 21 25 33 49 22 23 41 36 23 31 9 15 21 30 51 60 50 42 22 7
31 6 21 15 29 12 20 6 19 0 14 6 10 14 13 13 15 13 7 9 14 30 30 12 12 16 18 21 12 13
4 19 41 33 6 7 25 16 31 11 0 15 48 38 8 11 8 29 15 48 18 11 5 32 45 44 34 26 45 12
34 1 39 11 29 18 15 4 17 9 18 0 27 18 18 10 31 20 12 21 33 28 22 29 25 28 20 36 7 6
45 41 11 43 17 34 15 16 34 17 35 35 0 12 32 22 32 54 34 15 50 27 47 22 19 1 14 14 31 18
30 27 9 27 37 39 14 21 56 11 35 19 11 0 41 18 22 41 30 17 28 58 18 8 9 13 10 7 21 18
12 13 41 29 15 3 27 25 23 19 8 19 43 40 0 18 13 50 10 35 10 15 6 54 46 23 20 38 28 6
19 9 13 24 10 12 7 20 33 10 10 21 24 15 22 0 12 26 8 34 26 37 10 35 28 19 17 24 30 23
8 31 37 26 5 13 7 14 44 24 7 12 30 19 11 11 0 44 13 48 18 33 9 42 42 22 27 47 38 20
40 17 21 13 62 35 50 13 16 34 46 21 38 36 38 26 48 0 35 8 22 29 62 28 17 29 18 20 6 20
17 10 29 18 22 4 16 19 18 11 15 9 35 22 12 7 13 24 0 20 23 16 14 29 40 18 23 20 31 8
21 18 19 6 41 22 15 7 18 16 48 8 14 11 40 29 38 7 27 0 44 53 56 15 17 18 14 23 2 12
25 25 31 39 13 19 46 36 6 16 9 18 42 37 10 38 18 52 27 51 0 3 22 37 49 47 26 54 29 21
24 28 71 34 20 19 17 30 9 38 7 26 36 25 5 16 15 54 24 51 2 0 14 41 51 29 43 31 45 18
1 19 42 47 6 9 17 44 27 18 3 32 23 35 12 11 6 42 18 21 27 17 0 59 50 19 21 49 52 23
35 34 9 12 46 51 29 25 44 19 59 15 31 11 30 36 25 15 36 13 58 51 45 0 2 25 6 5 16 25
27 12 10 20 26 39 20 14 23 24 31 18 29 9 35 25 19 17 42 6 55 66 46 3 0 20 5 4 7 30
42 37 10 42 41 32 12 29 49 20 28 25 2 5 22 23 17 39 34 41 54 23 42 30 21 0 11 22 28 31
46 30 4 23 26 23 18 18 22 23 42 27 16 9 52 30 40 37 30 14 43 35 47 8 3 16 0 3 9 25
36 23 7 33 30 31 36 24 50 12 34 29 14 7 21 19 34 14 21 13 61 62 50 6 6 10 4 0 24 40
43 6 19 8 56 28 25 3 32 17 42 17 38 9 33 26 22 9 24 3 20 46 27 17 14 38 10 15 0 26
11 12 38 8 12 12 19 10 19 8 21 11 33 30 6 9 10 16 7 20 16 22 17 46 21 43 15 36 28 0