5
30
,
0 (8.0, 25.0) 21.0
1 (32.0, 19.0) 13.0
2 (43.0, 44.0) 37.0
3 (39.0, 17.0) 37.0
4 (5.0, 29.0) 30.0
5 (16.0, 20.0) 43.0
6 (20.0, 38.0) 37.0
7 (37.0, 22.0) 34.0
8 (21.0, 3.0) 33.0
9 (31.0, 27.0) 18.0
10 (10.0, 22.0) 44.0
11 (31.0, 19.0) 43.0
12 (31.0, 47.0) 20.0
13 (36.0, 39.0) 12.0
14 (15.0, 17.0) 21.0
15 (24.0, 32.0) 12.0
16 (13.0, 33.0) 20.0
17 (49.0, 13.0) 21.0
18 (21.0, 24.0) 11.0
19 (45.0, 23.0) 20.0
20 (12.0, 7.0) 32.0
21 (10.0, 8.0) 10.0
22 (7.0, 25.0) 11.0
23 (49.0, 36.0) 12.0
24 (47.0, 35.0) 31.0
25 (30.0, 46.0) 46.0
26 (43.0, 38.0) 23.0
27 (46.0, 40.0) 38.0
28 (43.0, 23.0) 13.0
29 (24.0, 16.0) 18.0
,
0 5 8 6 1 2 4 6 5 5 1 5 6 6 2 3 2 9 3 7 4 3 0 8 8 6 7 8 7 4
5 0 5 1 6 3 4 1 4 2 4 0 6 4 3 3 5 4 2 3 5 5 5 5 4 5 4 5 2 2
8 5 0 5 8 7 5 5 9 4 8 6 2 2 8 4 6 6 6 4 10 10 8 2 2 3 1 1 4 7
6 1 5 0 7 5 6 1 5 3 6 2 6 4 5 4 6 2 4 2 6 6 7 4 4 6 4 5 1 3
1 6 8 7 0 3 3 7 6 5 2 6 6 7 3 4 2 9 3 8 5 4 1 9 8 6 8 8 8 5
2 3 7 5 3 0 4 4 4 3 1 3 6 6 1 3 3 7 1 6 3 3 2 7 7 6 6 7 5 2
4 4 5 6 3 4 0 5 7 3 4 4 3 3 4 1 2 8 3 6 6 6 4 6 5 3 5 5 5 4
6 1 5 1 7 4 5 0 5 2 5 1 5 3 5 3 5 3 3 2 6 6 6 4 3 5 3 4 1 3
5 4 9 5 6 4 7 5 0 5 4 4 9 8 3 6 6 6 4 6 2 2 5 9 8 9 8 9 6 3
5 2 4 3 5 3 3 2 5 0 4 2 4 3 4 2 4 5 2 3 6 6 5 4 4 4 3 4 3 3
1 4 8 6 2 1 4 5 4 4 0 4 7 6 1 3 2 8 2 7 3 3 1 8 8 6 7 8 7 3
5 0 6 2 6 3 4 1 4 2 4 0 6 4 3 3 5 4 2 3 4 5 5 5 5 5 4 5 3 2
6 6 2 6 6 6 3 5 9 4 7 6 0 2 7 3 5 8 5 6 9 9 7 4 4 0 3 3 5 6
6 4 2 4 7 6 3 3 8 3 6 4 2 0 6 3 5 6 4 4 8 8 6 3 2 2 1 2 3 5
2 3 8 5 3 1 4 5 3 4 1 3 7 6 0 3 3 7 2 6 2 2 2 8 7 7 7 8 6 2
3 3 4 4 4 3 1 3 6 2 3 3 3 3 3 0 2 6 2 5 6 6 4 5 5 3 4 5 4 3
2 5 6 6 2 3 2 5 6 4 2 5 5 5 3 2 0 8 2 7 5 5 2 7 7 4 6 7 6 4
9 4 6 2 9 7 8 3 6 5 8 4 8 6 7 6 8 0 6 2 7 8 9 5 4 8 5 5 2 5
3 2 6 4 3 1 3 3 4 2 2 2 5 4 2 2 2 6 0 5 4 4 3 6 6 5 5 6 4 2
7 3 4 2 8 6 6 2 6 3 7 3 6 4 6 5 7 2 5 0 7 8 8 3 2 5 3 3 0 4
4 5 10 6 5 3 6 6 2 6 3 4 9 8 2 6 5 7 4 7 0 0 4 9 9 9 9 9 7 3
3 5 10 6 4 3 6 6 2 6 3 5 9 8 2 6 5 8 4 8 0 0 3 10 9 9 9 10 7 3
0 5 8 7 1 2 4 6 5 5 1 5 7 6 2 4 2 9 3 8 4 3 0 9 8 6 8 8 7 4
8 5 2 4 9 7 6 4 9 4 8 5 4 3 8 5 7 5 6 3 9 10 9 0 0 4 1 1 3 6
8 4 2 4 8 7 5 3 8 4 8 5 4 2 7 5 7 4 6 2 9 9 8 0 0 4 1 1 3 6
6 5 3 6 6 6 3 5 9 4 6 5 0 2 7 3 4 8 5 5 9 9 6 4 4 0 3 3 5 6
7 4 1 4 8 6 5 3 8 3 7 4 3 1 7 4 6 5 5 3 9 9 8 1 1 3 0 1 3 6
8 5 1 5 8 7 5 4 9 4 8 5 3 2 8 5 7 5 6 3 9 10 8 1 1 3 1 0 3 7
7 2 4 1 8 5 5 1 6 3 7 3 5 3 6 4 6 2 4 0 7 7 7 3 3 5 3 3 0 4
4 2 7 3 5 2 4 3 3 3 3 2 6 5 2 3 4 5 2 4 3 3 4 6 6 6 6 7 4 0
,
0 36 55 35 7 10 20 33 36 17 3 24 36 18 15 15 9 52 10 26 20 17 1 31 54 23 36 47 18 13
27 0 31 10 16 24 17 5 27 7 14 1 37 18 21 9 15 17 9 11 35 27 22 25 30 26 17 26 13 12
45 31 0 19 23 51 27 18 33 29 22 21 15 12 28 14 37 21 32 27 38 65 46 10 13 12 4 4 18 25
34 9 34 0 53 35 14 6 14 17 40 5 20 24 15 16 41 6 15 12 36 36 18 29 13 30 25 30 8 19
7 22 21 44 0 12 21 48 19 16 10 39 42 18 19 25 8 61 23 58 29 26 5 54 39 42 48 24 29 16
5 12 38 17 15 0 14 27 15 21 3 17 39 31 2 10 8 22 7 35 16 8 15 45 30 41 29 20 26 13
11 20 22 38 14 10 0 20 24 21 22 12 7 16 27 8 11 21 17 19 46 31 21 40 30 12 30 37 19 27
28 9 26 4 26 15 13 0 31 10 37 9 29 21 23 10 28 12 21 6 27 37 34 25 22 32 11 21 8 9
29 15 39 18 19 19 22 14 0 29 23 15 59 51 13 35 45 39 17 16 5 8 31 30 50 40 53 59 20 10
15 9 29 12 25 20 15 8 33 0 31 7 27 17 15 7 14 19 11 14 17 40 12 11 20 12 16 20 6 18
3 24 58 32 13 4 27 39 19 26 0 21 47 45 6 16 10 21 8 52 19 20 6 25 55 29 21 23 46 11
35 1 17 4 40 8 33 6 19 5 15 0 33 26 12 15 12 23 12 22 14 18 33 16 33 16 32 14 13 9
43 32 15 41 43 32 20 36 57 13 42 39 0 11 32 8 21 29 26 31 34 57 26 15 26 1 9 13 17 22
33 11 5 15 30 16 23 15 39 10 42 29 8 0 40 12 23 30 21 13 33 32 39 12 17 6 9 8 26 15
11 17 42 26 23 4 32 18 8 10 11 10 28 19 0 17 20 31 12 29 6 9 17 26 28 33 48 34 43 12
21 20 27 16 28 9 7 16 17 5 21 12 23 19 20 0 7 20 7 30 34 23 17 22 26 22 16 24 17 18
8 29 47 45 12 18 13 17 21 21 17 17 16 33 19 11 0 61 15 22 28 30 15 22 38 32 27 40 29 20
22 19 39 8 33 17 54 11 42 13 56 20 50 23 42 21 60 0 44 9 47 49 58 26 12 30 25 24 6 17
17 10 27 19 9 7 19 23 14 15 6 6 22 29 10 4 7 26 0 17 11 13 19 37 15 27 37 37 17 6
31 8 18 8 52 35 25 8 27 17 51 21 36 13 22 23 24 16 14 0 44 45 34 18 14 14 17 22 1 13
12 18 32 39 18 12 47 35 7 17 19 15 25 38 15 32 32 26 26 39 0 3 14 30 50 55 49 54 25 10
10 14 32 40 18 11 39 41 9 22 20 21 43 41 10 28 17 35 12 57 3 0 26 38 60 23 43 55 32 20
1 20 60 36 6 10 12 36 24 29 4 13 42 22 8 13 14 29 10 43 22 13 0 54 22 25 49 40 38 12
24 16 11 30 58 22 38 19 64 16 28 23 26 18 30 37 26 34 37 16 67 34 47 0 2 19 9 6 18 43
53 18 9 11 54 42 25 9 22 16 55 17 25 8 32 15 25 21 19 8 57 24 42 3 0 17 6 4 14 38
17 32 20 17 24 17 7 21 23 19 23 34 2 7 19 14 18 29 22 34 24 30 24 21 24 0 11 26 18 40
54 26 8 30 25 47 25 14 31 11 42 30 14 8 22 20 28 37 21 11 44 31 54 4 4 17 0 5 15 27
24 17 3 27 57 22 34 14 40 29 52 28 25 6 51 29 17 37 35 22 68 67 36 3 3 25 5 0 10 36
48 14 24 8 56 17 23 8 18 11 18 15 37 11 24 20 16 16 14 2 48 34 38 17 11 31 17 24 0 29
11 11 31 18 32 7 20 19 11 16 18 6 31 24 6 17 21 26 8 31 15 21 12 34 18 35 29 46 11 0