5
30
,
0 (8.0, 25.0) 17.0
1 (32.0, 19.0) 10.0
2 (43.0, 44.0) 43.0
3 (39.0, 17.0) 24.0
4 (5.0, 29.0) 24.0
5 (16.0, 20.0) 35.0
6 (20.0, 38.0) 20.0
7 (37.0, 22.0) 20.0
8 (21.0, 3.0) 14.0
9 (31.0, 27.0) 18.0
10 (10.0, 22.0) 49.0
11 (31.0, 19.0) 11.0
12 (31.0, 47.0) 10.0
13 (36.0, 39.0) 14.0
14 (15.0, 17.0) 11.0
15 (24.0, 32.0) 44.0
16 (13.0, 33.0) 19.0
17 (49.0, 13.0) 25.0
18 (21.0, 24.0) 22.0
19 (45.0, 23.0) 23.0
20 (12.0, 7.0) 30.0
21 (10.0, 8.0) 41.0
22 (7.0, 25.0) 35.0
23 (49.0, 36.0) 14.0
24 (47.0, 35.0) 27.0
25 (30.0, 46.0) 19.0
26 (43.0, 38.0) 15.0
27 (46.0, 40.0) 11.0
28 (43.0, 23.0) 27.0
29 (24.0, 16.0) 31.0
,
0 5 8 6 1 2 4 6 5 5 1 5 6 6 2 3 2 9 3 7 4 3 0 8 8 6 7 8 7 4
5 0 5 1 6 3 4 1 4 2 4 0 6 4 3 3 5 4 2 3 5 5 5 5 4 5 4 5 2 2
8 5 0 5 8 7 5 5 9 4 8 6 2 2 8 4 6 6 6 4 10 10 8 2 2 3 1 1 4 7
6 1 5 0 7 5 6 1 5 3 6 2 6 4 5 4 6 2 4 2 6 6 7 4 4 6 4 5 1 3
1 6 8 7 0 3 3 7 6 5 2 6 6 7 3 4 2 9 3 8 5 4 1 9 8 6 8 8 8 5
2 3 7 5 3 0 4 4 4 3 1 3 6 6 1 3 3 7 1 6 3 3 2 7 7 6 6 7 5 2
4 4 5 6 3 4 0 5 7 3 4 4 3 3 4 1 2 8 3 6 6 6 4 6 5 3 5 5 5 4
6 1 5 1 7 4 5 0 5 2 5 1 5 3 5 3 5 3 3 2 6 6 6 4 3 5 3 4 1 3
5 4 9 5 6 4 7 5 0 5 4 4 9 8 3 6 6 6 4 6 2 2 5 9 8 9 8 9 6 3
5 2 4 3 5 3 3 2 5 0 4 2 4 3 4 2 4 5 2 3 6 6 5 4 4 4 3 4 3 3
1 4 8 6 2 1 4 5 4 4 0 4 7 6 1 3 2 8 2 7 3 3 1 8 8 6 7 8 7 3
5 0 6 2 6 3 4 1 4 2 4 0 6 4 3 3 5 4 2 3 4 5 5 5 5 5 4 5 3 2
6 6 2 6 6 6 3 5 9 4 7 6 0 2 7 3 5 8 5 6 9 9 7 4 4 0 3 3 5 6
6 4 2 4 7 6 3 3 8 3 6 4 2 0 6 3 5 6 4 4 8 8 6 3 2 2 1 2 3 5
2 3 8 5 3 1 4 5 3 4 1 3 7 6 0 3 3 7 2 6 2 2 2 8 7 7 7 8 6 2
3 3 4 4 4 3 1 3 6 2 3 3 3 3 3 0 2 6 2 5 6 6 4 5 5 3 4 5 4 3
2 5 6 6 2 3 2 5 6 4 2 5 5 5 3 2 0 8 2 7 5 5 2 7 7 4 6 7 6 4
9 4 6 2 9 7 8 3 6 5 8 4 8 6 7 6 8 0 6 2 7 8 9 5 4 8 5 5 2 5
3 2 6 4 3 1 3 3 4 2 2 2 5 4 2 2 2 6 0 5 4 4 3 6 6 5 5 6 4 2
7 3 4 2 8 6 6 2 6 3 7 3 6 4 6 5 7 2 5 0 7 8 8 3 2 5 3 3 0 4
4 5 10 6 5 3 6 6 2 6 3 4 9 8 2 6 5 7 4 7 0 0 4 9 9 9 9 9 7 3
3 5 10 6 4 3 6 6 2 6 3 5 9 8 2 6 5 8 4 8 0 0 3 10 9 9 9 10 7 3
0 5 8 7 1 2 4 6 5 5 1 5 7 6 2 4 2 9 3 8 4 3 0 9 8 6 8 8 7 4
8 5 2 4 9 7 6 4 9 4 8 5 4 3 8 5 7 5 6 3 9 10 9 0 0 4 1 1 3 6
8 4 2 4 8 7 5 3 8 4 8 5 4 2 7 5 7 4 6 2 9 9 8 0 0 4 1 1 3 6
6 5 3 6 6 6 3 5 9 4 6 5 0 2 7 3 4 8 5 5 9 9 6 4 4 0 3 3 5 6
7 4 1 4 8 6 5 3 8 3 7 4 3 1 7 4 6 5 5 3 9 9 8 1 1 3 0 1 3 6
8 5 1 5 8 7 5 4 9 4 8 5 3 2 8 5 7 5 6 3 9 10 8 1 1 3 1 0 3 7
7 2 4 1 8 5 5 1 6 3 7 3 5 3 6 4 6 2 4 0 7 7 7 3 3 5 3 3 0 4
4 2 7 3 5 2 4 3 3 3 3 2 6 5 2 3 4 5 2 4 3 3 4 6 6 6 6 7 4 0
,
0 34 42 35 5 7 10 34 21 13 3 32 42 42 10 26 12 37 9 50 25 18 1 27 59 19 50 31 50 12
23 0 17 8 30 13 26 6 17 7 30 1 40 18 25 15 23 16 12 20 24 17 15 35 15 32 17 19 7 12
39 16 0 32 26 53 35 14 28 27 24 39 14 8 55 24 46 18 40 22 47 27 51 10 5 18 5 5 15 44
34 10 22 0 32 18 16 7 32 12 38 12 18 16 28 29 39 7 16 8 23 29 47 18 22 45 21 30 6 13
4 29 25 50 0 12 12 48 40 36 11 35 21 25 17 27 10 37 20 25 28 22 3 34 29 16 57 55 33 28
12 10 22 25 16 0 20 31 16 22 4 20 36 28 3 14 9 26 5 39 13 15 5 34 50 28 33 35 40 12
15 15 21 37 11 10 0 14 52 16 21 26 11 9 12 5 5 47 21 22 37 40 21 37 27 13 29 23 38 19
15 4 30 3 30 31 31 0 33 11 15 6 25 12 14 13 24 16 21 8 41 17 44 16 23 36 16 15 6 21
36 22 39 16 41 11 29 33 0 37 15 19 59 28 11 19 26 26 18 23 9 17 31 60 45 53 26 30 36 18
25 6 23 18 31 14 12 10 37 0 24 7 24 9 14 9 14 33 6 10 41 18 22 15 9 13 20 27 17 7
4 14 38 28 11 9 20 29 15 19 0 28 17 23 5 25 16 44 8 33 21 14 6 51 34 39 31 49 25 22
25 1 17 12 32 18 28 4 21 8 18 0 30 27 19 13 14 25 14 18 27 12 35 28 23 34 30 16 11 10
45 31 17 31 42 25 10 26 31 21 44 19 0 12 50 21 28 57 36 27 53 49 46 19 26 1 22 19 22 36
36 13 11 33 42 18 19 18 33 13 39 18 6 0 36 15 29 18 16 27 32 34 43 11 9 13 5 6 20 19
14 20 34 20 13 3 17 15 9 28 8 18 36 35 0 15 22 40 14 26 16 9 12 50 23 37 42 27 27 6
14 12 19 31 10 21 4 13 27 8 20 10 10 15 13 0 16 31 4 21 20 22 19 16 33 8 21 30 28 14
13 14 24 35 7 8 9 38 37 19 15 29 34 18 21 15 0 33 7 43 27 17 8 47 39 28 16 40 18 29
54 24 35 9 66 20 56 14 35 20 41 25 36 40 27 26 29 0 22 11 19 31 28 27 29 22 36 29 13 17
11 9 36 15 20 4 17 16 19 9 11 8 33 14 11 8 10 17 0 14 17 27 21 33 34 24 21 24 24 12
49 18 25 8 44 30 27 7 19 10 22 21 17 20 20 26 33 8 22 0 47 55 27 13 9 36 9 24 3 26
24 28 60 37 13 13 17 21 7 20 14 14 40 37 15 28 15 38 18 46 0 1 23 65 66 36 24 38 39 8
18 27 33 36 17 19 27 35 9 28 20 20 37 41 6 33 35 23 17 56 2 0 10 26 61 47 30 62 52 23
1 28 29 35 5 11 18 41 24 21 2 20 30 21 17 15 15 63 17 43 24 13 0 31 32 25 45 40 48 14
26 29 10 12 55 42 41 25 34 23 39 23 13 11 34 20 29 25 29 8 30 58 29 0 3 26 6 4 18 28
51 13 12 23 64 28 24 19 60 9 27 33 13 14 36 13 48 31 19 7 51 62 22 2 0 18 3 6 13 24
31 25 19 44 44 17 14 30 33 14 45 39 1 5 43 21 23 23 30 35 58 44 46 18 15 0 18 23 31 37
22 14 7 32 46 27 23 14 59 23 45 18 19 7 34 29 31 38 34 16 63 40 36 6 5 10 0 4 13 34
59 15 7 17 23 22 34 20 53 17 31 24 14 12 55 27 44 23 30 18 26 65 32 3 6 17 5 0 11 21
22 15 13 10 27 26 22 4 18 17 36 18 28 14 18 13 37 7 20 1 19 19 45 19 17 35 13 24 0 22
9 9 48 8 21 13 26 15 15 18 13 8 41 24 13 11 22 23 10 25 21 9 21 46 35 20 17 18 25 0