5
30
,
0 (8.0, 25.0) 20.0
1 (32.0, 19.0) 14.0
2 (43.0, 44.0) 18.0
3 (39.0, 17.0) 47.0
4 (5.0, 29.0) 18.0
5 (16.0, 20.0) 14.0
6 (20.0, 38.0) 17.0
7 (37.0, 22.0) 21.0
8 (21.0, 3.0) 40.0
9 (31.0, 27.0) 29.0
10 (10.0, 22.0) 22.0
11 (31.0, 19.0) 47.0
12 (31.0, 47.0) 28.0
13 (36.0, 39.0) 12.0
14 (15.0, 17.0) 12.0
15 (24.0, 32.0) 41.0
16 (13.0, 33.0) 27.0
17 (49.0, 13.0) 38.0
18 (21.0, 24.0) 34.0
19 (45.0, 23.0) 11.0
20 (12.0, 7.0) 15.0
21 (10.0, 8.0) 23.0
22 (7.0, 25.0) 50.0
23 (49.0, 36.0) 37.0
24 (47.0, 35.0) 27.0
25 (30.0, 46.0) 26.0
26 (43.0, 38.0) 35.0
27 (46.0, 40.0) 36.0
28 (43.0, 23.0) 43.0
29 (24.0, 16.0) 42.0
,
0 5 8 6 1 2 4 6 5 5 1 5 6 6 2 3 2 9 3 7 4 3 0 8 8 6 7 8 7 4
5 0 5 1 6 3 4 1 4 2 4 0 6 4 3 3 5 4 2 3 5 5 5 5 4 5 4 5 2 2
8 5 0 5 8 7 5 5 9 4 8 6 2 2 8 4 6 6 6 4 10 10 8 2 2 3 1 1 4 7
6 1 5 0 7 5 6 1 5 3 6 2 6 4 5 4 6 2 4 2 6 6 7 4 4 6 4 5 1 3
1 6 8 7 0 3 3 7 6 5 2 6 6 7 3 4 2 9 3 8 5 4 1 9 8 6 8 8 8 5
2 3 7 5 3 0 4 4 4 3 1 3 6 6 1 3 3 7 1 6 3 3 2 7 7 6 6 7 5 2
4 4 5 6 3 4 0 5 7 3 4 4 3 3 4 1 2 8 3 6 6 6 4 6 5 3 5 5 5 4
6 1 5 1 7 4 5 0 5 2 5 1 5 3 5 3 5 3 3 2 6 6 6 4 3 5 3 4 1 3
5 4 9 5 6 4 7 5 0 5 4 4 9 8 3 6 6 6 4 6 2 2 5 9 8 9 8 9 6 3
5 2 4 3 5 3 3 2 5 0 4 2 4 3 4 2 4 5 2 3 6 6 5 4 4 4 3 4 3 3
1 4 8 6 2 1 4 5 4 4 0 4 7 6 1 3 2 8 2 7 3 3 1 8 8 6 7 8 7 3
5 0 6 2 6 3 4 1 4 2 4 0 6 4 3 3 5 4 2 3 4 5 5 5 5 5 4 5 3 2
6 6 2 6 6 6 3 5 9 4 7 6 0 2 7 3 5 8 5 6 9 9 7 4 4 0 3 3 5 6
6 4 2 4 7 6 3 3 8 3 6 4 2 0 6 3 5 6 4 4 8 8 6 3 2 2 1 2 3 5
2 3 8 5 3 1 4 5 3 4 1 3 7 6 0 3 3 7 2 6 2 2 2 8 7 7 7 8 6 2
3 3 4 4 4 3 1 3 6 2 3 3 3 3 3 0 2 6 2 5 6 6 4 5 5 3 4 5 4 3
2 5 6 6 2 3 2 5 6 4 2 5 5 5 3 2 0 8 2 7 5 5 2 7 7 4 6 7 6 4
9 4 6 2 9 7 8 3 6 5 8 4 8 6 7 6 8 0 6 2 7 8 9 5 4 8 5 5 2 5
3 2 6 4 3 1 3 3 4 2 2 2 5 4 2 2 2 6 0 5 4 4 3 6 6 5 5 6 4 2
7 3 4 2 8 6 6 2 6 3 7 3 6 4 6 5 7 2 5 0 7 8 8 3 2 5 3 3 0 4
4 5 10 6 5 3 6 6 2 6 3 4 9 8 2 6 5 7 4 7 0 0 4 9 9 9 9 9 7 3
3 5 10 6 4 3 6 6 2 6 3 5 9 8 2 6 5 8 4 8 0 0 3 10 9 9 9 10 7 3
0 5 8 7 1 2 4 6 5 5 1 5 7 6 2 4 2 9 3 8 4 3 0 9 8 6 8 8 7 4
8 5 2 4 9 7 6 4 9 4 8 5 4 3 8 5 7 5 6 3 9 10 9 0 0 4 1 1 3 6
8 4 2 4 8 7 5 3 8 4 8 5 4 2 7 5 7 4 6 2 9 9 8 0 0 4 1 1 3 6
6 5 3 6 6 6 3 5 9 4 6 5 0 2 7 3 4 8 5 5 9 9 6 4 4 0 3 3 5 6
7 4 1 4 8 6 5 3 8 3 7 4 3 1 7 4 6 5 5 3 9 9 8 1 1 3 0 1 3 6
8 5 1 5 8 7 5 4 9 4 8 5 3 2 8 5 7 5 6 3 9 10 8 1 1 3 1 0 3 7
7 2 4 1 8 5 5 1 6 3 7 3 5 3 6 4 6 2 4 0 7 7 7 3 3 5 3 3 0 4
4 2 7 3 5 2 4 3 3 3 3 2 6 5 2 3 4 5 2 4 3 3 4 6 6 6 6 7 4 0
,
0 22 59 16 4 11 24 18 23 23 4 26 27 26 8 12 12 41 18 44 22 20 1 32 27 19 37 55 46 21
21 0 32 10 35 12 32 7 26 4 13 1 21 15 16 9 18 27 10 14 23 20 28 16 21 18 26 29 17 6
39 29 0 20 41 33 19 17 48 25 53 31 8 8 45 23 31 20 29 12 56 32 54 9 9 9 4 3 28 46
36 5 23 0 25 20 29 8 15 13 19 12 30 31 13 15 18 10 23 11 22 27 23 14 13 28 26 18 7 10
6 25 36 20 0 20 16 42 24 34 13 26 21 19 11 12 9 29 15 27 32 15 3 55 49 20 55 57 20 22
5 10 31 34 17 0 27 23 11 22 4 9 24 41 3 18 17 48 9 26 11 8 9 26 40 19 32 25 37 11
24 19 23 15 19 26 0 19 42 18 14 26 7 12 11 7 8 37 19 41 44 37 25 40 28 17 17 36 15 27
32 5 33 8 47 12 23 0 17 12 30 4 20 9 30 19 32 13 13 11 18 26 42 26 11 28 10 26 7 14
22 17 47 22 18 15 51 13 0 26 21 23 65 28 18 15 34 44 21 18 13 12 27 49 48 26 38 25 36 14
12 9 18 13 16 15 16 10 30 0 24 9 14 14 22 7 10 15 15 15 33 35 16 25 11 28 10 26 17 10
5 22 21 22 8 9 25 24 17 26 0 28 18 17 8 25 9 58 12 20 11 16 5 29 44 40 36 37 38 20
23 1 25 12 17 11 25 10 28 11 13 0 29 28 22 13 27 26 16 16 21 30 23 37 22 33 29 27 19 7
23 29 9 30 46 44 20 28 43 18 17 29 0 6 18 14 31 31 26 17 52 40 37 13 22 2 19 14 31 20
41 29 13 14 17 28 14 20 43 17 17 14 9 0 21 16 18 22 15 26 56 39 21 16 12 5 5 10 25 18
12 20 40 15 18 2 26 31 10 20 4 16 39 37 0 20 17 29 13 30 9 9 16 44 26 23 19 25 28 9
21 13 26 15 22 19 4 14 18 5 13 13 13 9 11 0 12 46 8 26 26 30 12 24 32 11 14 34 24 14
10 28 47 28 10 10 12 21 21 25 14 34 12 35 23 10 0 43 14 23 33 29 9 27 20 18 19 25 29 13
26 26 18 10 56 43 21 17 29 18 28 22 22 18 37 39 29 0 39 12 41 52 51 30 30 43 22 23 9 13
19 17 29 21 16 5 16 15 22 13 6 11 17 28 11 6 10 45 0 26 23 21 18 39 21 32 27 15 26 12
26 14 12 12 54 17 21 7 16 21 45 10 16 26 21 13 48 11 21 0 30 31 22 11 14 37 11 20 1 17
15 32 49 25 23 11 18 41 11 22 14 27 56 37 8 14 28 34 11 31 0 3 13 63 34 64 65 61 49 22
21 17 51 30 22 12 28 20 8 36 8 26 65 36 12 25 21 42 14 47 2 0 18 61 24 60 52 54 22 18
1 26 45 20 3 12 24 45 36 28 2 27 43 19 8 22 12 23 20 48 28 15 0 35 26 35 29 58 28 15
35 27 6 29 40 34 19 25 59 19 54 34 19 13 37 32 39 24 28 11 40 34 24 0 2 18 5 6 18 42
47 23 15 11 60 50 37 18 52 13 40 23 27 16 37 23 38 27 17 11 46 38 47 2 0 26 5 4 8 44
41 33 15 34 45 38 7 13 30 24 32 26 1 6 33 21 19 43 22 22 42 61 36 32 25 0 22 26 39 15
31 30 6 20 56 25 20 12 55 21 38 33 15 4 22 19 34 28 20 17 41 32 38 9 6 19 0 5 9 43
60 16 5 27 38 45 38 29 54 14 26 35 16 13 20 31 48 23 36 22 40 41 23 5 4 21 5 0 18 20
30 6 17 6 54 16 25 8 24 13 46 14 16 11 22 21 25 17 14 2 24 36 48 14 12 15 14 14 0 21
14 5 35 21 24 12 25 15 18 19 16 10 21 20 6 18 29 24 11 14 12 18 25 17 23 43 38 26 21 0