5
30
,
0 (8.0, 25.0) 31.0
1 (32.0, 19.0) 39.0
2 (43.0, 44.0) 18.0
3 (39.0, 17.0) 25.0
4 (5.0, 29.0) 16.0
5 (16.0, 20.0) 25.0
6 (20.0, 38.0) 11.0
7 (37.0, 22.0) 44.0
8 (21.0, 3.0) 43.0
9 (31.0, 27.0) 17.0
10 (10.0, 22.0) 18.0
11 (31.0, 19.0) 18.0
12 (31.0, 47.0) 13.0
13 (36.0, 39.0) 32.0
14 (15.0, 17.0) 26.0
15 (24.0, 32.0) 26.0
16 (13.0, 33.0) 39.0
17 (49.0, 13.0) 19.0
18 (21.0, 24.0) 12.0
19 (45.0, 23.0) 13.0
20 (12.0, 7.0) 12.0
21 (10.0, 8.0) 48.0
22 (7.0, 25.0) 11.0
23 (49.0, 36.0) 18.0
24 (47.0, 35.0) 36.0
25 (30.0, 46.0) 23.0
26 (43.0, 38.0) 13.0
27 (46.0, 40.0) 43.0
28 (43.0, 23.0) 15.0
29 (24.0, 16.0) 21.0
,
0 5 8 6 1 2 4 6 5 5 1 5 6 6 2 3 2 9 3 7 4 3 0 8 8 6 7 8 7 4
5 0 5 1 6 3 4 1 4 2 4 0 6 4 3 3 5 4 2 3 5 5 5 5 4 5 4 5 2 2
8 5 0 5 8 7 5 5 9 4 8 6 2 2 8 4 6 6 6 4 10 10 8 2 2 3 1 1 4 7
6 1 5 0 7 5 6 1 5 3 6 2 6 4 5 4 6 2 4 2 6 6 7 4 4 6 4 5 1 3
1 6 8 7 0 3 3 7 6 5 2 6 6 7 3 4 2 9 3 8 5 4 1 9 8 6 8 8 8 5
2 3 7 5 3 0 4 4 4 3 1 3 6 6 1 3 3 7 1 6 3 3 2 7 7 6 6 7 5 2
4 4 5 6 3 4 0 5 7 3 4 4 3 3 4 1 2 8 3 6 6 6 4 6 5 3 5 5 5 4
6 1 5 1 7 4 5 0 5 2 5 1 5 3 5 3 5 3 3 2 6 6 6 4 3 5 3 4 1 3
5 4 9 5 6 4 7 5 0 5 4 4 9 8 3 6 6 6 4 6 2 2 5 9 8 9 8 9 6 3
5 2 4 3 5 3 3 2 5 0 4 2 4 3 4 2 4 5 2 3 6 6 5 4 4 4 3 4 3 3
1 4 8 6 2 1 4 5 4 4 0 4 7 6 1 3 2 8 2 7 3 3 1 8 8 6 7 8 7 3
5 0 6 2 6 3 4 1 4 2 4 0 6 4 3 3 5 4 2 3 4 5 5 5 5 5 4 5 3 2
6 6 2 6 6 6 3 5 9 4 7 6 0 2 7 3 5 8 5 6 9 9 7 4 4 0 3 3 5 6
6 4 2 4 7 6 3 3 8 3 6 4 2 0 6 3 5 6 4 4 8 8 6 3 2 2 1 2 3 5
2 3 8 5 3 1 4 5 3 4 1 3 7 6 0 3 3 7 2 6 2 2 2 8 7 7 7 8 6 2
3 3 4 4 4 3 1 3 6 2 3 3 3 3 3 0 2 6 2 5 6 6 4 5 5 3 4 5 4 3
2 5 6 6 2 3 2 5 6 4 2 5 5 5 3 2 0 8 2 7 5 5 2 7 7 4 6 7 6 4
9 4 6 2 9 7 8 3 6 5 8 4 8 6 7 6 8 0 6 2 7 8 9 5 4 8 5 5 2 5
3 2 6 4 3 1 3 3 4 2 2 2 5 4 2 2 2 6 0 5 4 4 3 6 6 5 5 6 4 2
7 3 4 2 8 6 6 2 6 3 7 3 6 4 6 5 7 2 5 0 7 8 8 3 2 5 3 3 0 4
4 5 10 6 5 3 6 6 2 6 3 4 9 8 2 6 5 7 4 7 0 0 4 9 9 9 9 9 7 3
3 5 10 6 4 3 6 6 2 6 3 5 9 8 2 6 5 8 4 8 0 0 3 10 9 9 9 10 7 3
0 5 8 7 1 2 4 6 5 5 1 5 7 6 2 4 2 9 3 8 4 3 0 9 8 6 8 8 7 4
8 5 2 4 9 7 6 4 9 4 8 5 4 3 8 5 7 5 6 3 9 10 9 0 0 4 1 1 3 6
8 4 2 4 8 7 5 3 8 4 8 5 4 2 7 5 7 4 6 2 9 9 8 0 0 4 1 1 3 6
6 5 3 6 6 6 3 5 9 4 6 5 0 2 7 3 4 8 5 5 9 9 6 4 4 0 3 3 5 6
7 4 1 4 8 6 5 3 8 3 7 4 3 1 7 4 6 5 5 3 9 9 8 1 1 3 0 1 3 6
8 5 1 5 8 7 5 4 9 4 8 5 3 2 8 5 7 5 6 3 9 10 8 1 1 3 1 0 3 7
7 2 4 1 8 5 5 1 6 3 7 3 5 3 6 4 6 2 4 0 7 7 7 3 3 5 3 3 0 4
4 2 7 3 5 2 4 3 3 3 3 2 6 5 2 3 4 5 2 4 3 3 4 6 6 6 6 7 4 0
,
0 15 51 17 4 7 19 43 30 12 3 16 18 18 7 14 6 53 9 21 20 11 1 60 30 15 44 57 41 18
32 0 31 10 18 20 13 7 19 5 30 1 18 21 14 17 17 10 17 8 35 22 18 35 11 19 25 33 11 4
21 32 0 33 61 25 22 28 64 27 46 28 9 7 51 16 38 47 37 15 50 63 51 7 8 18 4 7 31 23
39 4 15 0 22 33 38 4 14 15 25 9 34 29 24 23 29 12 20 7 21 27 26 25 16 24 27 23 7 8
7 43 38 36 0 13 26 32 44 27 10 21 39 40 22 25 5 30 11 46 12 28 3 66 46 33 25 33 31 34
11 13 31 18 11 0 16 14 10 11 4 10 34 41 2 13 10 17 9 35 15 9 10 52 32 40 34 31 32 5
12 33 29 30 15 28 0 30 40 22 24 20 8 9 14 8 11 42 14 30 44 25 21 34 15 9 14 31 29 25
34 8 13 6 35 18 31 0 31 9 37 6 21 20 28 10 15 15 18 9 19 38 17 17 24 22 24 13 8 16
29 22 68 31 42 19 26 14 0 16 31 23 54 34 12 28 30 19 23 16 11 17 15 59 47 59 53 48 30 18
29 4 25 17 39 23 23 4 24 0 14 11 16 9 21 11 11 17 6 20 23 33 29 13 23 21 16 16 11 17
5 19 55 16 12 6 23 40 28 21 0 11 24 38 9 12 15 32 12 21 18 8 2 34 35 34 44 32 25 20
12 1 39 12 37 9 17 10 18 5 15 0 15 12 16 9 27 11 8 16 27 33 34 30 25 40 29 21 14 10
18 15 16 24 30 40 13 13 48 25 23 34 0 13 44 19 22 43 27 18 66 48 41 30 27 2 18 14 28 39
40 20 11 23 31 19 14 22 52 13 33 14 7 0 41 14 24 43 26 9 46 43 20 13 11 9 10 10 15 28
6 15 37 30 9 2 20 31 12 22 10 13 42 44 0 18 13 22 11 25 14 13 14 58 33 33 30 54 18 8
22 22 21 30 22 15 4 16 27 9 17 16 10 10 26 0 7 32 12 28 39 21 26 13 34 8 26 22 28 15
12 28 35 34 5 10 9 39 16 11 7 24 27 27 19 14 0 32 6 42 19 27 7 29 27 21 22 34 16 11
62 23 35 11 66 25 32 15 25 31 37 11 48 35 48 25 57 0 27 15 49 24 55 16 30 52 26 18 15 27
13 6 31 19 15 4 16 23 16 11 13 6 35 16 9 6 10 34 0 13 14 20 15 29 18 20 36 38 24 10
39 16 26 6 26 18 18 10 43 16 51 18 15 22 27 30 35 16 16 0 39 27 24 8 8 22 16 13 2 26
19 33 63 30 22 18 17 29 14 15 15 17 50 46 8 41 29 38 19 22 0 3 21 68 41 40 51 61 49 9
10 22 64 30 20 8 36 37 14 39 8 22 26 57 11 29 29 31 18 50 1 0 11 46 56 46 45 54 30 14
1 35 55 29 3 14 16 36 36 22 3 28 35 44 10 26 12 41 13 30 21 25 0 57 47 27 25 62 42 22
38 27 11 25 40 42 28 23 41 30 31 18 30 19 31 15 44 25 22 19 66 37 57 0 2 27 7 3 11 42
51 19 14 23 40 24 38 10 44 9 56 30 21 7 20 34 36 24 35 10 56 38 42 3 0 12 4 3 15 43
46 27 13 33 31 31 15 13 25 19 19 29 1 10 45 15 17 31 32 25 51 23 18 14 19 0 11 15 39 25
32 31 9 21 43 40 17 24 22 16 52 20 20 9 47 18 27 23 16 9 24 34 24 3 6 12 0 5 10 21
59 36 3 21 62 54 34 26 42 13 21 34 11 13 20 19 24 16 39 17 37 68 53 5 4 10 5 0 20 47
38 17 24 6 25 30 27 8 33 8 28 13 24 25 29 29 43 13 16 2 28 40 20 11 6 36 10 13 0 16
17 5 47 21 18 12 29 20 17 17 20 8 28 33 6 9 20 31 10 20 12 15 28 23 41 38 30 24 18 0