5
30
,
0 (8.0, 25.0) 17.0
1 (32.0, 19.0) 22.0
2 (43.0, 44.0) 25.0
3 (39.0, 17.0) 23.0
4 (5.0, 29.0) 10.0
5 (16.0, 20.0) 18.0
6 (20.0, 38.0) 10.0
7 (37.0, 22.0) 16.0
8 (21.0, 3.0) 46.0
9 (31.0, 27.0) 50.0
10 (10.0, 22.0) 36.0
11 (31.0, 19.0) 34.0
12 (31.0, 47.0) 38.0
13 (36.0, 39.0) 37.0
14 (15.0, 17.0) 42.0
15 (24.0, 32.0) 21.0
16 (13.0, 33.0) 21.0
17 (49.0, 13.0) 17.0
18 (21.0, 24.0) 27.0
19 (45.0, 23.0) 48.0
20 (12.0, 7.0) 31.0
21 (10.0, 8.0) 19.0
22 (7.0, 25.0) 37.0
23 (49.0, 36.0) 12.0
24 (47.0, 35.0) 36.0
25 (30.0, 46.0) 31.0
26 (43.0, 38.0) 27.0
27 (46.0, 40.0) 31.0
28 (43.0, 23.0) 20.0
29 (24.0, 16.0) 30.0
,
0 5 8 6 1 2 4 6 5 5 1 5 6 6 2 3 2 9 3 7 4 3 0 8 8 6 7 8 7 4
5 0 5 1 6 3 4 1 4 2 4 0 6 4 3 3 5 4 2 3 5 5 5 5 4 5 4 5 2 2
8 5 0 5 8 7 5 5 9 4 8 6 2 2 8 4 6 6 6 4 10 10 8 2 2 3 1 1 4 7
6 1 5 0 7 5 6 1 5 3 6 2 6 4 5 4 6 2 4 2 6 6 7 4 4 6 4 5 1 3
1 6 8 7 0 3 3 7 6 5 2 6 6 7 3 4 2 9 3 8 5 4 1 9 8 6 8 8 8 5
2 3 7 5 3 0 4 4 4 3 1 3 6 6 1 3 3 7 1 6 3 3 2 7 7 6 6 7 5 2
4 4 5 6 3 4 0 5 7 3 4 4 3 3 4 1 2 8 3 6 6 6 4 6 5 3 5 5 5 4
6 1 5 1 7 4 5 0 5 2 5 1 5 3 5 3 5 3 3 2 6 6 6 4 3 5 3 4 1 3
5 4 9 5 6 4 7 5 0 5 4 4 9 8 3 6 6 6 4 6 2 2 5 9 8 9 8 9 6 3
5 2 4 3 5 3 3 2 5 0 4 2 4 3 4 2 4 5 2 3 6 6 5 4 4 4 3 4 3 3
1 4 8 6 2 1 4 5 4 4 0 4 7 6 1 3 2 8 2 7 3 3 1 8 8 6 7 8 7 3
5 0 6 2 6 3 4 1 4 2 4 0 6 4 3 3 5 4 2 3 4 5 5 5 5 5 4 5 3 2
6 6 2 6 6 6 3 5 9 4 7 6 0 2 7 3 5 8 5 6 9 9 7 4 4 0 3 3 5 6
6 4 2 4 7 6 3 3 8 3 6 4 2 0 6 3 5 6 4 4 8 8 6 3 2 2 1 2 3 5
2 3 8 5 3 1 4 5 3 4 1 3 7 6 0 3 3 7 2 6 2 2 2 8 7 7 7 8 6 2
3 3 4 4 4 3 1 3 6 2 3 3 3 3 3 0 2 6 2 5 6 6 4 5 5 3 4 5 4 3
2 5 6 6 2 3 2 5 6 4 2 5 5 5 3 2 0 8 2 7 5 5 2 7 7 4 6 7 6 4
9 4 6 2 9 7 8 3 6 5 8 4 8 6 7 6 8 0 6 2 7 8 9 5 4 8 5 5 2 5
3 2 6 4 3 1 3 3 4 2 2 2 5 4 2 2 2 6 0 5 4 4 3 6 6 5 5 6 4 2
7 3 4 2 8 6 6 2 6 3 7 3 6 4 6 5 7 2 5 0 7 8 8 3 2 5 3 3 0 4
4 5 10 6 5 3 6 6 2 6 3 4 9 8 2 6 5 7 4 7 0 0 4 9 9 9 9 9 7 3
3 5 10 6 4 3 6 6 2 6 3 5 9 8 2 6 5 8 4 8 0 0 3 10 9 9 9 10 7 3
0 5 8 7 1 2 4 6 5 5 1 5 7 6 2 4 2 9 3 8 4 3 0 9 8 6 8 8 7 4
8 5 2 4 9 7 6 4 9 4 8 5 4 3 8 5 7 5 6 3 9 10 9 0 0 4 1 1 3 6
8 4 2 4 8 7 5 3 8 4 8 5 4 2 7 5 7 4 6 2 9 9 8 0 0 4 1 1 3 6
6 5 3 6 6 6 3 5 9 4 6 5 0 2 7 3 4 8 5 5 9 9 6 4 4 0 3 3 5 6
7 4 1 4 8 6 5 3 8 3 7 4 3 1 7 4 6 5 5 3 9 9 8 1 1 3 0 1 3 6
8 5 1 5 8 7 5 4 9 4 8 5 3 2 8 5 7 5 6 3 9 10 8 1 1 3 1 0 3 7
7 2 4 1 8 5 5 1 6 3 7 3 5 3 6 4 6 2 4 0 7 7 7 3 3 5 3 3 0 4
4 2 7 3 5 2 4 3 3 3 3 2 6 5 2 3 4 5 2 4 3 3 4 6 6 6 6 7 4 0
,
0 20 39 25 4 5 11 21 18 24 2 16 42 17 5 22 14 33 14 54 15 13 1 45 48 19 43 32 21 18
28 0 40 7 24 9 19 4 17 8 28 1 41 11 9 23 35 26 17 13 31 20 16 35 28 21 20 23 9 8
24 23 0 33 60 36 16 11 46 20 59 18 15 12 37 11 46 35 40 27 30 26 21 7 8 16 7 4 12 39
29 7 27 0 41 34 17 6 29 18 41 12 41 30 30 26 37 14 15 12 19 28 49 11 12 35 21 20 11 20
3 23 41 26 0 11 20 33 36 31 4 27 22 34 17 22 12 24 16 30 28 14 3 64 29 17 43 31 45 27
7 15 24 22 18 0 16 24 27 23 6 19 38 17 4 16 10 50 7 20 7 16 10 44 49 40 29 44 32 12
21 17 33 14 17 20 0 29 46 16 20 23 12 23 17 6 11 53 19 28 18 36 15 37 37 11 30 20 21 25
30 5 14 6 22 29 13 0 35 11 38 5 29 16 34 21 25 11 14 9 43 38 26 26 9 27 19 26 5 15
29 11 57 30 21 13 38 27 0 27 13 23 42 50 16 16 21 38 19 28 13 16 21 49 55 41 24 49 32 14
13 7 24 19 24 16 8 10 24 0 22 6 22 7 20 10 17 14 7 15 18 19 34 18 20 15 17 21 9 13
4 31 51 40 9 3 27 22 12 28 0 29 43 16 7 19 6 37 10 51 21 7 6 46 53 17 22 56 24 15
26 1 28 5 19 15 13 8 23 9 21 0 42 12 22 9 33 16 7 10 32 27 14 14 34 15 11 33 18 5
43 39 7 21 34 32 19 35 44 17 24 14 0 5 22 9 12 28 26 36 46 56 37 23 29 2 12 19 14 36
34 24 11 22 25 19 12 13 58 11 29 18 10 0 22 17 33 18 28 17 21 41 20 9 14 9 6 6 9 23
6 26 58 34 11 4 19 14 10 16 5 19 39 18 0 24 23 32 12 34 15 13 12 26 47 19 27 48 38 7
10 16 31 19 17 17 10 10 32 10 17 10 24 15 18 0 10 28 7 27 37 19 15 37 27 12 15 19 28 9
10 28 39 36 10 10 7 39 30 24 15 28 17 25 16 7 0 30 13 31 14 19 11 42 28 11 45 22 20 29
22 21 17 9 27 48 46 10 20 20 26 22 22 41 25 26 22 0 35 7 47 47 37 31 16 29 25 34 11 31
18 12 33 23 9 5 10 10 16 7 8 9 31 15 13 7 11 41 0 19 10 28 17 26 26 19 20 39 32 11
42 13 29 10 34 41 37 12 16 15 34 17 33 19 31 14 17 6 18 0 22 38 49 17 14 41 22 15 2 23
19 27 40 33 30 12 28 21 11 25 22 31 61 24 14 16 15 40 16 32 0 3 20 60 67 46 32 38 29 17
14 21 67 19 13 18 44 32 18 42 11 24 25 23 10 22 19 52 26 57 2 0 17 31 24 35 30 52 21 18
1 15 38 23 6 11 21 23 19 31 5 29 33 20 9 12 11 30 13 26 10 24 0 31 22 26 45 24 43 14
24 18 13 23 58 51 15 23 51 11 52 32 12 7 48 33 21 20 28 16 48 41 63 0 2 12 9 6 20 43
49 22 14 29 24 26 32 13 39 17 47 30 27 13 52 27 47 30 22 13 34 59 46 3 0 25 3 3 13 39
42 18 16 45 28 38 8 13 41 22 31 26 2 6 32 17 30 34 29 17 50 25 26 27 12 0 12 16 37 26
34 14 4 26 32 45 12 15 34 10 41 32 18 9 52 14 34 33 14 8 31 46 27 4 6 16 0 4 14 29
34 28 5 15 60 22 23 11 43 25 50 33 11 7 39 25 44 24 18 18 64 58 55 6 3 9 3 0 16 36
31 13 21 10 41 29 23 6 26 16 34 9 20 10 26 19 34 10 18 3 45 52 41 8 18 20 13 19 0 10
21 7 41 8 25 5 27 16 14 16 18 4 37 30 11 18 23 26 7 11 10 20 26 30 31 22 27 22 27 0