5
30
,
0 (10.0, 41.0) 78.0
1 (47.0, 6.0) 45.0
2 (48.0, 17.0) 38.0
3 (12.0, 16.0) 79.0
4 (15.0, 36.0) 42.0
5 (15.0, 15.0) 56.0
6 (12.0, 35.0) 70.0
7 (17.0, 4.0) 60.0
8 (7.0, 42.0) 69.0
9 (41.0, 34.0) 30.0
10 (14.0, 22.0) 32.0
11 (35.0, 49.0) 59.0
12 (31.0, 26.0) 31.0
13 (14.0, 9.0) 37.0
14 (9.0, 28.0) 76.0
15 (24.0, 28.0) 70.0
16 (10.0, 6.0) 36.0
17 (28.0, 22.0) 48.0
18 (42.0, 14.0) 77.0
19 (7.0, 27.0) 72.0
20 (19.0, 42.0) 51.0
21 (50.0, 36.0) 31.0
22 (43.0, 27.0) 59.0
23 (46.0, 2.0) 32.0
24 (30.0, 28.0) 70.0
25 (9.0, 7.0) 85.0
26 (1.0, 18.0) 55.0
27 (41.0, 37.0) 37.0
28 (49.0, 24.0) 36.0
29 (32.0, 24.0) 70.0
,
0 21 24 25 10 20 11 18 9 21 27 13 30 20 8 15 18 6 18 22 14 23 31 25 23 21 6 9 28 27 20 0
21 0 25 22 13 4 13 3 19 2 16 10 13 13 16 7 10 18 13 21 7 5 20 18 27 12 17 12 16 21 14 21
24 25 0 6 18 22 17 23 15 27 14 18 22 13 17 22 16 18 12 5 23 23 15 11 2 14 19 24 16 9 12 24
25 22 6 0 18 19 17 20 17 24 9 17 17 10 17 20 13 20 10 3 21 19 10 6 8 11 20 24 11 4 9 25
10 13 18 18 0 10 2 10 6 13 17 3 20 11 4 6 8 5 9 15 6 13 21 16 18 11 5 6 18 19 11 10
20 4 22 19 10 0 10 2 16 5 13 7 12 9 14 5 6 15 10 17 6 4 18 15 23 8 15 11 13 18 10 20
11 13 17 17 2 10 0 10 6 14 16 4 20 10 3 7 8 5 7 14 7 14 20 15 17 10 5 7 17 18 10 11
18 3 23 20 10 2 10 0 16 4 15 7 13 11 13 4 7 15 10 18 5 5 19 16 24 10 14 10 15 19 11 18
9 19 15 17 6 16 6 16 0 20 19 9 24 13 3 13 12 4 11 13 13 19 23 17 15 14 4 11 20 19 12 9
21 2 27 24 13 5 14 4 20 0 17 11 14 14 17 7 11 18 14 22 8 6 22 20 28 13 18 12 17 23 15 21
27 16 14 9 17 13 16 15 19 17 0 15 8 6 18 16 9 21 9 10 17 12 5 4 16 6 21 22 2 6 7 27
13 10 18 17 3 7 4 7 9 11 15 0 17 9 6 4 6 8 7 15 4 10 19 15 19 9 8 7 15 18 9 13
30 13 22 17 20 12 20 13 24 14 8 17 0 12 23 17 12 25 14 18 18 9 10 12 24 11 25 23 7 14 13 30
20 13 13 10 11 9 10 11 13 14 6 9 12 0 12 11 4 14 2 8 12 10 11 6 14 1 15 16 7 9 1 20
8 16 17 17 4 14 3 13 3 17 18 6 23 12 0 10 11 2 10 14 10 17 22 17 16 12 3 8 19 19 12 8
15 7 22 20 6 5 7 4 13 7 16 4 17 11 10 0 8 11 10 18 1 9 21 17 23 10 10 6 17 20 12 15
18 10 16 13 8 6 8 7 12 11 9 6 12 4 11 8 0 13 4 11 9 7 14 10 17 3 13 13 10 13 4 18
6 18 18 20 5 15 5 15 4 18 21 8 25 14 2 11 13 0 12 16 11 19 25 20 18 15 1 8 22 21 14 6
18 13 12 10 9 10 7 10 11 14 9 7 14 2 10 10 4 12 0 8 11 11 13 8 13 3 12 14 10 11 2 18
22 21 5 3 15 17 14 18 13 22 10 15 18 8 14 18 11 16 8 0 19 18 12 7 6 9 17 21 12 6 7 22
14 7 23 21 6 6 7 5 13 8 17 4 18 12 10 1 9 11 11 19 0 10 22 18 23 12 10 5 18 21 13 14
23 5 23 19 13 4 14 5 19 6 12 10 9 10 17 9 7 19 11 18 10 0 16 14 24 9 18 15 11 17 11 23
31 20 15 10 21 18 20 19 23 22 5 19 10 11 22 21 14 25 13 12 22 16 0 6 17 11 25 26 5 6 11 31
25 18 11 6 16 15 15 16 17 20 4 15 12 6 17 17 10 20 8 7 18 14 6 0 13 7 20 21 5 3 6 25
23 27 2 8 18 23 17 24 15 28 16 19 24 14 16 23 17 18 13 6 23 24 17 13 0 15 19 24 18 11 13 23
21 12 14 11 11 8 10 10 14 13 6 9 11 1 12 10 3 15 3 9 12 9 11 7 15 0 15 15 7 10 2 21
6 17 19 20 5 15 5 14 4 18 21 8 25 15 3 10 13 1 12 17 10 18 25 20 19 15 0 7 22 22 14 6
9 12 24 24 6 11 7 10 11 12 22 7 23 16 8 6 13 8 14 21 5 15 26 21 24 15 7 0 22 24 16 9
28 16 16 11 18 13 17 15 20 17 2 15 7 7 19 17 10 22 10 12 18 11 5 5 18 7 22 22 0 8 8 28
27 21 9 4 19 18 18 19 19 23 6 18 14 9 19 20 13 21 11 6 21 17 6 3 11 10 22 24 8 0 8 27
20 14 12 9 11 10 10 11 12 15 7 9 13 1 12 12 4 14 2 7 13 11 11 6 13 2 14 16 8 8 0 20
0 21 24 25 10 20 11 18 9 21 27 13 30 20 8 15 18 6 18 22 14 23 31 25 23 21 6 9 28 27 20 0
,
0 27 29 70 24 23 29 32 19 54 59 20 43 26 15 15 38 9 43 56 21 66 81 42 58 60 6 18 76 73 31 0
30 0 53 32 28 6 36 9 39 3 42 17 16 26 38 13 15 28 18 22 10 11 57 32 66 27 41 27 29 52 41 58
47 27 0 14 41 45 44 48 38 40 42 41 45 37 20 27 18 24 30 9 56 57 25 28 3 34 43 55 30 20 28 50
58 55 10 0 50 46 26 59 17 35 25 34 45 21 49 54 18 43 26 7 25 45 16 15 11 30 44 32 18 6 22 50
13 16 34 33 0 29 2 18 19 27 35 6 36 13 7 9 22 14 25 43 14 20 50 19 42 25 6 11 30 52 16 17
41 10 25 34 26 0 14 3 36 8 21 16 30 15 34 9 16 22 21 26 9 10 34 17 58 12 28 24 30 32 30 20
26 20 36 40 4 19 0 13 8 14 21 9 28 17 4 11 10 9 16 21 8 16 54 25 43 19 10 19 37 29 17 18
40 7 61 38 19 5 15 0 33 9 24 9 32 26 32 4 7 40 16 47 12 11 28 18 65 28 31 11 30 36 25 31
13 35 29 29 15 41 13 46 0 58 27 13 71 14 7 19 37 9 19 37 18 56 49 40 25 26 11 12 25 55 35 10
28 4 47 40 22 13 19 6 55 0 44 13 21 42 49 17 23 29 31 58 19 13 63 46 77 32 47 36 25 36 45 48
54 25 32 10 25 29 33 27 55 23 0 23 16 13 47 27 19 41 17 19 49 31 12 8 29 13 34 53 2 8 8 69
17 24 44 39 4 11 4 19 18 17 25 0 43 13 11 9 14 14 17 25 10 17 41 24 44 16 17 7 33 26 10 39
67 25 55 19 53 13 33 21 69 37 21 31 0 27 62 26 16 41 32 41 48 13 29 22 55 19 55 36 17 30 23 68
47 39 13 12 23 10 19 24 37 41 14 13 21 0 24 19 10 25 5 22 14 27 16 9 18 2 43 38 22 27 1 58
16 37 38 31 10 15 9 28 4 46 28 11 51 22 0 25 16 3 21 37 27 32 66 18 28 14 5 11 39 56 20 15
20 17 49 44 10 12 20 10 25 13 32 7 38 29 15 0 21 17 21 40 2 9 44 42 23 18 17 19 30 45 13 39
29 14 37 16 25 9 9 20 27 26 23 7 26 9 25 12 0 29 8 23 24 13 14 15 33 9 27 29 25 23 11 28
16 46 46 32 13 16 9 29 7 22 61 22 48 36 6 13 15 0 32 31 20 53 65 34 29 27 1 19 35 36 21 8
30 15 14 16 12 19 20 14 19 24 19 9 41 6 19 11 6 19 0 9 14 13 34 14 23 4 32 37 13 21 4 24
30 23 9 6 17 18 27 32 33 35 20 23 34 17 34 29 13 46 18 0 40 29 30 10 18 22 43 48 13 12 13 38
34 20 38 53 13 6 8 11 37 14 25 11 52 16 19 2 22 19 31 21 0 27 33 51 56 21 17 10 23 25 34 14
26 8 40 35 28 10 14 9 26 14 18 25 21 26 29 22 13 21 30 30 17 0 40 23 42 12 38 36 15 41 22 45
90 58 41 13 30 37 59 51 34 26 6 33 25 11 61 43 26 27 24 34 61 18 0 13 51 19 46 28 8 12 19 81
47 36 32 9 43 19 32 19 32 52 11 41 20 18 46 39 10 27 11 8 37 31 13 0 30 17 26 37 11 6 14 51
32 44 5 20 34 29 50 32 30 72 21 46 45 41 26 23 46 54 37 8 38 62 34 29 0 34 53 49 42 17 20 33
45 20 33 11 14 24 15 20 32 34 11 17 30 1 32 16 7 40 7 27 14 16 31 13 41 0 24 20 8 10 3 31
8 19 27 55 7 33 15 28 5 38 40 10 31 20 5 20 36 1 27 33 18 38 59 52 46 25 0 12 39 59 30 14
11 15 25 48 9 34 14 29 28 27 54 18 36 40 21 13 14 15 27 55 16 17 62 30 45 33 17 0 43 44 41 25
41 20 25 16 40 22 37 34 36 19 3 27 19 11 33 49 20 42 20 28 36 18 12 8 39 10 64 23 0 19 18 70
33 32 23 4 33 40 51 26 49 66 9 28 25 15 23 31 14 49 31 15 34 47 12 7 18 28 34 48 8 0 14 74
44 25 14 17 18 27 23 26 31 45 13 18 24 1 35 31 11 19 3 16 15 13 19 10 31 3 35 32 17 23 0 35
0 46 27 75 17 55 16 49 19 52 44 13 65 60 19 26 21 12 34 28 36 42 83 71 23 33 9 21 75 77 31 0