5
30
,
0 (10.0, 41.0) 75.0
1 (47.0, 6.0) 78.0
2 (48.0, 17.0) 43.0
3 (12.0, 16.0) 44.0
4 (15.0, 36.0) 58.0
5 (15.0, 15.0) 36.0
6 (12.0, 35.0) 33.0
7 (17.0, 4.0) 42.0
8 (7.0, 42.0) 49.0
9 (41.0, 34.0) 39.0
10 (14.0, 22.0) 31.0
11 (35.0, 49.0) 78.0
12 (31.0, 26.0) 30.0
13 (14.0, 9.0) 66.0
14 (9.0, 28.0) 41.0
15 (24.0, 28.0) 75.0
16 (10.0, 6.0) 76.0
17 (28.0, 22.0) 50.0
18 (42.0, 14.0) 74.0
19 (7.0, 27.0) 80.0
20 (19.0, 42.0) 68.0
21 (50.0, 36.0) 57.0
22 (43.0, 27.0) 38.0
23 (46.0, 2.0) 50.0
24 (30.0, 28.0) 51.0
25 (9.0, 7.0) 67.0
26 (1.0, 18.0) 43.0
27 (41.0, 37.0) 39.0
28 (49.0, 24.0) 39.0
29 (32.0, 24.0) 44.0
,
0 21 24 25 10 20 11 18 9 21 27 13 30 20 8 15 18 6 18 22 14 23 31 25 23 21 6 9 28 27 20 0
21 0 25 22 13 4 13 3 19 2 16 10 13 13 16 7 10 18 13 21 7 5 20 18 27 12 17 12 16 21 14 21
24 25 0 6 18 22 17 23 15 27 14 18 22 13 17 22 16 18 12 5 23 23 15 11 2 14 19 24 16 9 12 24
25 22 6 0 18 19 17 20 17 24 9 17 17 10 17 20 13 20 10 3 21 19 10 6 8 11 20 24 11 4 9 25
10 13 18 18 0 10 2 10 6 13 17 3 20 11 4 6 8 5 9 15 6 13 21 16 18 11 5 6 18 19 11 10
20 4 22 19 10 0 10 2 16 5 13 7 12 9 14 5 6 15 10 17 6 4 18 15 23 8 15 11 13 18 10 20
11 13 17 17 2 10 0 10 6 14 16 4 20 10 3 7 8 5 7 14 7 14 20 15 17 10 5 7 17 18 10 11
18 3 23 20 10 2 10 0 16 4 15 7 13 11 13 4 7 15 10 18 5 5 19 16 24 10 14 10 15 19 11 18
9 19 15 17 6 16 6 16 0 20 19 9 24 13 3 13 12 4 11 13 13 19 23 17 15 14 4 11 20 19 12 9
21 2 27 24 13 5 14 4 20 0 17 11 14 14 17 7 11 18 14 22 8 6 22 20 28 13 18 12 17 23 15 21
27 16 14 9 17 13 16 15 19 17 0 15 8 6 18 16 9 21 9 10 17 12 5 4 16 6 21 22 2 6 7 27
13 10 18 17 3 7 4 7 9 11 15 0 17 9 6 4 6 8 7 15 4 10 19 15 19 9 8 7 15 18 9 13
30 13 22 17 20 12 20 13 24 14 8 17 0 12 23 17 12 25 14 18 18 9 10 12 24 11 25 23 7 14 13 30
20 13 13 10 11 9 10 11 13 14 6 9 12 0 12 11 4 14 2 8 12 10 11 6 14 1 15 16 7 9 1 20
8 16 17 17 4 14 3 13 3 17 18 6 23 12 0 10 11 2 10 14 10 17 22 17 16 12 3 8 19 19 12 8
15 7 22 20 6 5 7 4 13 7 16 4 17 11 10 0 8 11 10 18 1 9 21 17 23 10 10 6 17 20 12 15
18 10 16 13 8 6 8 7 12 11 9 6 12 4 11 8 0 13 4 11 9 7 14 10 17 3 13 13 10 13 4 18
6 18 18 20 5 15 5 15 4 18 21 8 25 14 2 11 13 0 12 16 11 19 25 20 18 15 1 8 22 21 14 6
18 13 12 10 9 10 7 10 11 14 9 7 14 2 10 10 4 12 0 8 11 11 13 8 13 3 12 14 10 11 2 18
22 21 5 3 15 17 14 18 13 22 10 15 18 8 14 18 11 16 8 0 19 18 12 7 6 9 17 21 12 6 7 22
14 7 23 21 6 6 7 5 13 8 17 4 18 12 10 1 9 11 11 19 0 10 22 18 23 12 10 5 18 21 13 14
23 5 23 19 13 4 14 5 19 6 12 10 9 10 17 9 7 19 11 18 10 0 16 14 24 9 18 15 11 17 11 23
31 20 15 10 21 18 20 19 23 22 5 19 10 11 22 21 14 25 13 12 22 16 0 6 17 11 25 26 5 6 11 31
25 18 11 6 16 15 15 16 17 20 4 15 12 6 17 17 10 20 8 7 18 14 6 0 13 7 20 21 5 3 6 25
23 27 2 8 18 23 17 24 15 28 16 19 24 14 16 23 17 18 13 6 23 24 17 13 0 15 19 24 18 11 13 23
21 12 14 11 11 8 10 10 14 13 6 9 11 1 12 10 3 15 3 9 12 9 11 7 15 0 15 15 7 10 2 21
6 17 19 20 5 15 5 14 4 18 21 8 25 15 3 10 13 1 12 17 10 18 25 20 19 15 0 7 22 22 14 6
9 12 24 24 6 11 7 10 11 12 22 7 23 16 8 6 13 8 14 21 5 15 26 21 24 15 7 0 22 24 16 9
28 16 16 11 18 13 17 15 20 17 2 15 7 7 19 17 10 22 10 12 18 11 5 5 18 7 22 22 0 8 8 28
27 21 9 4 19 18 18 19 19 23 6 18 14 9 19 20 13 21 11 6 21 17 6 3 11 10 22 24 8 0 8 27
20 14 12 9 11 10 10 11 12 15 7 9 13 1 12 12 4 14 2 7 13 11 11 6 13 2 14 16 8 8 0 20
0 21 24 25 10 20 11 18 9 21 27 13 30 20 8 15 18 6 18 22 14 23 31 25 23 21 6 9 28 27 20 0
,
0 42 52 75 16 55 31 42 23 40 40 34 46 31 23 36 53 11 50 38 34 35 74 64 60 38 16 16 78 65 47 0
31 0 34 41 25 5 30 5 43 4 29 11 28 17 20 8 23 52 16 36 17 11 34 25 57 24 51 14 45 63 36 45
26 40 0 15 21 49 31 63 43 78 15 37 48 33 48 54 41 21 21 13 56 24 33 13 5 27 55 36 41 13 33 62
56 43 10 0 21 44 49 37 32 66 17 31 28 11 51 22 17 42 13 7 50 23 17 14 8 31 47 66 15 6 14 26
14 24 19 42 0 20 2 20 9 35 32 5 56 18 8 17 11 10 17 26 7 22 58 37 39 31 11 7 35 31 30 11
44 10 54 44 15 0 25 2 33 13 38 19 25 21 19 10 12 15 10 31 12 10 26 36 33 20 39 14 28 51 26 45
15 15 45 21 5 20 0 24 15 31 21 9 27 21 7 18 17 12 10 23 17 22 46 29 21 24 6 14 26 48 12 17
49 4 36 39 26 4 22 0 39 9 30 8 29 19 27 10 11 24 28 34 10 9 48 41 27 11 18 23 18 52 12 21
12 22 41 43 12 23 9 29 0 35 35 19 70 25 6 33 17 7 27 19 30 31 68 30 35 19 11 15 31 45 19 24
22 2 60 33 29 14 41 12 25 0 35 25 16 28 20 20 29 44 26 25 11 16 55 53 37 27 34 30 36 33 34 55
53 23 37 25 50 16 18 32 33 18 0 30 18 9 28 21 18 29 23 22 37 22 9 10 22 8 26 52 2 11 12 41
21 28 37 43 6 13 6 11 22 14 24 0 40 17 18 7 11 14 17 30 9 13 29 19 26 10 14 18 27 51 18 24
80 31 34 40 29 30 20 14 30 33 20 21 0 25 61 45 15 55 35 46 48 19 18 31 53 31 34 68 17 28 33 45
30 34 25 28 12 12 27 16 30 26 8 19 24 0 25 32 9 31 5 15 18 14 21 17 21 2 16 25 21 24 2 30
24 20 36 40 5 37 8 34 6 18 40 16 35 20 0 13 29 3 14 15 12 33 60 43 24 27 3 20 35 34 14 13
42 15 65 34 11 13 19 7 36 9 47 8 33 28 18 0 22 33 18 18 2 19 49 28 26 26 23 12 25 41 29 21
23 16 42 28 9 7 20 17 25 32 17 12 30 6 17 11 0 26 8 24 17 14 17 22 25 4 21 13 18 23 12 34
11 18 26 58 13 44 15 34 8 51 56 16 34 24 4 26 28 0 20 42 17 51 41 28 31 44 2 17 32 45 16 12
28 22 22 24 12 23 13 20 20 27 13 11 20 6 27 27 8 22 0 10 25 13 14 12 14 3 35 19 25 11 7 52
57 57 12 9 33 20 28 28 30 56 21 41 19 22 42 33 26 49 15 0 49 24 34 18 18 18 41 37 34 9 14 51
25 15 45 30 11 16 13 10 27 22 40 9 47 20 19 3 14 31 25 22 0 26 65 33 39 24 15 6 40 30 30 17
38 6 32 49 18 5 20 6 19 13 31 13 10 19 49 13 21 38 28 48 24 0 17 33 60 23 26 20 13 32 30 66
36 20 42 27 61 36 56 30 50 57 13 49 11 15 27 26 26 69 36 29 51 36 0 11 38 16 63 42 7 15 32 60
48 25 19 9 37 39 23 25 49 43 5 28 15 11 50 24 19 40 19 17 44 30 13 0 34 9 50 61 6 4 15 75
65 61 5 8 47 65 35 29 42 84 30 21 30 18 42 49 43 28 36 8 35 46 32 13 0 45 35 57 28 32 18 55
55 34 32 18 25 13 19 28 26 20 7 20 16 1 25 13 4 24 7 14 34 14 29 8 15 0 30 40 21 10 5 26
8 49 47 21 13 30 9 32 9 38 52 13 66 38 8 28 34 1 19 35 30 41 54 33 52 34 0 20 28 49 34 15
16 14 56 46 8 13 19 12 21 26 29 12 33 27 12 12 22 18 29 29 7 44 32 52 70 32 8 0 31 55 19 25
35 37 32 27 48 19 32 32 26 36 2 37 14 9 49 27 18 47 18 31 34 15 11 11 38 11 41 47 0 22 10 56
48 61 26 7 23 35 46 37 40 46 11 40 18 13 57 36 24 22 16 12 46 49 15 6 24 16 41 25 12 0 14 28
43 24 20 26 25 21 25 32 18 35 14 19 13 3 31 14 5 33 5 19 33 22 19 12 29 3 31 29 22 13 0 35
0 40 30 28 22 20 25 30 12 22 76 35 49 24 14 36 26 6 46 23 26 29 45 55 48 45 13 15 70 42 55 0