5
30
,
0 (10.0, 41.0) 47.0
1 (47.0, 6.0) 41.0
2 (48.0, 17.0) 69.0
3 (12.0, 16.0) 41.0
4 (15.0, 36.0) 86.0
5 (15.0, 15.0) 40.0
6 (12.0, 35.0) 82.0
7 (17.0, 4.0) 89.0
8 (7.0, 42.0) 70.0
9 (41.0, 34.0) 37.0
10 (14.0, 22.0) 88.0
11 (35.0, 49.0) 71.0
12 (31.0, 26.0) 51.0
13 (14.0, 9.0) 32.0
14 (9.0, 28.0) 43.0
15 (24.0, 28.0) 40.0
16 (10.0, 6.0) 70.0
17 (28.0, 22.0) 46.0
18 (42.0, 14.0) 77.0
19 (7.0, 27.0) 45.0
20 (19.0, 42.0) 75.0
21 (50.0, 36.0) 80.0
22 (43.0, 27.0) 57.0
23 (46.0, 2.0) 55.0
24 (30.0, 28.0) 51.0
25 (9.0, 7.0) 39.0
26 (1.0, 18.0) 56.0
27 (41.0, 37.0) 31.0
28 (49.0, 24.0) 85.0
29 (32.0, 24.0) 34.0
,
0 21 24 25 10 20 11 18 9 21 27 13 30 20 8 15 18 6 18 22 14 23 31 25 23 21 6 9 28 27 20 0
21 0 25 22 13 4 13 3 19 2 16 10 13 13 16 7 10 18 13 21 7 5 20 18 27 12 17 12 16 21 14 21
24 25 0 6 18 22 17 23 15 27 14 18 22 13 17 22 16 18 12 5 23 23 15 11 2 14 19 24 16 9 12 24
25 22 6 0 18 19 17 20 17 24 9 17 17 10 17 20 13 20 10 3 21 19 10 6 8 11 20 24 11 4 9 25
10 13 18 18 0 10 2 10 6 13 17 3 20 11 4 6 8 5 9 15 6 13 21 16 18 11 5 6 18 19 11 10
20 4 22 19 10 0 10 2 16 5 13 7 12 9 14 5 6 15 10 17 6 4 18 15 23 8 15 11 13 18 10 20
11 13 17 17 2 10 0 10 6 14 16 4 20 10 3 7 8 5 7 14 7 14 20 15 17 10 5 7 17 18 10 11
18 3 23 20 10 2 10 0 16 4 15 7 13 11 13 4 7 15 10 18 5 5 19 16 24 10 14 10 15 19 11 18
9 19 15 17 6 16 6 16 0 20 19 9 24 13 3 13 12 4 11 13 13 19 23 17 15 14 4 11 20 19 12 9
21 2 27 24 13 5 14 4 20 0 17 11 14 14 17 7 11 18 14 22 8 6 22 20 28 13 18 12 17 23 15 21
27 16 14 9 17 13 16 15 19 17 0 15 8 6 18 16 9 21 9 10 17 12 5 4 16 6 21 22 2 6 7 27
13 10 18 17 3 7 4 7 9 11 15 0 17 9 6 4 6 8 7 15 4 10 19 15 19 9 8 7 15 18 9 13
30 13 22 17 20 12 20 13 24 14 8 17 0 12 23 17 12 25 14 18 18 9 10 12 24 11 25 23 7 14 13 30
20 13 13 10 11 9 10 11 13 14 6 9 12 0 12 11 4 14 2 8 12 10 11 6 14 1 15 16 7 9 1 20
8 16 17 17 4 14 3 13 3 17 18 6 23 12 0 10 11 2 10 14 10 17 22 17 16 12 3 8 19 19 12 8
15 7 22 20 6 5 7 4 13 7 16 4 17 11 10 0 8 11 10 18 1 9 21 17 23 10 10 6 17 20 12 15
18 10 16 13 8 6 8 7 12 11 9 6 12 4 11 8 0 13 4 11 9 7 14 10 17 3 13 13 10 13 4 18
6 18 18 20 5 15 5 15 4 18 21 8 25 14 2 11 13 0 12 16 11 19 25 20 18 15 1 8 22 21 14 6
18 13 12 10 9 10 7 10 11 14 9 7 14 2 10 10 4 12 0 8 11 11 13 8 13 3 12 14 10 11 2 18
22 21 5 3 15 17 14 18 13 22 10 15 18 8 14 18 11 16 8 0 19 18 12 7 6 9 17 21 12 6 7 22
14 7 23 21 6 6 7 5 13 8 17 4 18 12 10 1 9 11 11 19 0 10 22 18 23 12 10 5 18 21 13 14
23 5 23 19 13 4 14 5 19 6 12 10 9 10 17 9 7 19 11 18 10 0 16 14 24 9 18 15 11 17 11 23
31 20 15 10 21 18 20 19 23 22 5 19 10 11 22 21 14 25 13 12 22 16 0 6 17 11 25 26 5 6 11 31
25 18 11 6 16 15 15 16 17 20 4 15 12 6 17 17 10 20 8 7 18 14 6 0 13 7 20 21 5 3 6 25
23 27 2 8 18 23 17 24 15 28 16 19 24 14 16 23 17 18 13 6 23 24 17 13 0 15 19 24 18 11 13 23
21 12 14 11 11 8 10 10 14 13 6 9 11 1 12 10 3 15 3 9 12 9 11 7 15 0 15 15 7 10 2 21
6 17 19 20 5 15 5 14 4 18 21 8 25 15 3 10 13 1 12 17 10 18 25 20 19 15 0 7 22 22 14 6
9 12 24 24 6 11 7 10 11 12 22 7 23 16 8 6 13 8 14 21 5 15 26 21 24 15 7 0 22 24 16 9
28 16 16 11 18 13 17 15 20 17 2 15 7 7 19 17 10 22 10 12 18 11 5 5 18 7 22 22 0 8 8 28
27 21 9 4 19 18 18 19 19 23 6 18 14 9 19 20 13 21 11 6 21 17 6 3 11 10 22 24 8 0 8 27
20 14 12 9 11 10 10 11 12 15 7 9 13 1 12 12 4 14 2 7 13 11 11 6 13 2 14 16 8 8 0 20
0 21 24 25 10 20 11 18 9 21 27 13 30 20 8 15 18 6 18 22 14 23 31 25 23 21 6 9 28 27 20 0
,
0 54 58 32 22 54 23 40 23 53 65 26 47 43 11 39 40 10 53 60 22 31 73 54 42 48 8 14 52 73 31 0
53 0 60 46 27 10 32 7 34 3 42 26 15 15 44 13 27 52 25 51 7 12 57 18 78 34 17 21 18 29 21 32
61 54 0 12 34 38 44 29 35 44 39 19 23 17 37 38 45 35 27 13 35 60 41 31 6 20 39 71 19 18 27 69
60 60 10 0 45 20 39 28 25 43 20 19 44 16 51 56 30 54 13 6 46 19 24 8 22 13 39 27 24 5 17 69
12 15 31 30 0 17 5 19 8 13 50 6 55 16 4 15 16 5 15 30 16 33 63 18 47 16 10 8 43 41 11 21
41 5 35 22 17 0 29 3 40 9 25 17 31 12 33 7 7 31 17 51 13 6 19 44 63 14 43 24 15 45 29 57
26 18 47 23 2 15 0 26 12 36 26 9 27 26 7 11 20 14 9 38 21 18 44 22 25 10 13 11 31 44 13 12
34 5 39 45 20 3 17 0 20 8 40 13 34 25 18 4 11 18 20 48 11 9 19 46 67 24 37 26 37 34 12 51
18 41 33 20 14 17 7 39 0 22 35 24 41 25 8 20 33 6 29 26 18 41 46 48 20 35 13 17 25 52 26 12
48 5 32 25 16 12 27 10 53 0 20 28 37 34 19 20 26 51 19 49 11 18 41 37 68 32 21 17 37 59 28 63
34 20 39 25 36 21 26 42 33 30 0 44 16 8 28 24 23 40 19 28 21 21 8 6 39 7 47 54 2 17 13 42
14 14 31 23 9 12 5 16 14 18 43 0 33 18 13 8 8 13 14 20 5 28 30 41 35 22 17 7 21 18 18 23
68 31 24 52 30 28 56 19 24 27 16 28 0 22 29 42 32 41 38 37 45 20 14 20 26 20 44 56 7 35 29 53
38 15 18 13 22 24 10 16 26 43 15 11 24 0 16 22 7 36 4 16 30 28 25 15 26 2 40 44 14 11 3 51
11 24 40 44 5 21 3 20 5 29 36 7 29 23 0 12 32 3 18 41 29 29 39 26 22 37 5 21 29 33 20 11
33 7 38 45 13 12 8 5 34 16 19 11 35 13 15 0 9 23 15 42 3 18 29 24 24 31 28 18 27 33 23 17
50 23 42 34 15 14 21 17 19 26 14 15 32 10 29 9 0 33 4 16 19 9 15 20 49 9 29 25 27 15 9 33
6 32 39 38 12 27 12 37 10 50 50 23 71 32 6 19 26 0 27 21 21 38 56 50 47 28 1 11 26 30 28 8
23 28 14 28 22 23 19 28 13 19 10 10 26 3 26 17 10 29 0 19 22 26 25 11 24 7 16 38 12 16 4 45
58 56 9 6 34 25 38 39 16 67 11 25 54 11 37 30 25 19 10 0 40 43 18 15 7 18 27 51 26 14 9 49
28 12 25 51 8 10 20 13 19 10 50 12 25 21 13 3 22 17 26 41 0 23 36 46 26 23 28 16 48 45 14 26
31 9 44 54 26 4 39 14 24 10 26 22 19 26 24 14 22 22 20 23 22 0 23 21 50 9 19 41 33 38 16 27
74 53 36 28 23 27 54 35 25 28 8 38 14 29 28 44 30 72 25 12 56 25 0 15 37 23 38 27 9 17 30 42
51 43 25 14 44 32 28 29 42 35 8 19 30 8 19 28 24 59 16 10 45 37 16 0 14 11 40 56 12 5 9 37
69 54 5 22 24 35 18 46 37 45 47 20 66 42 21 28 26 27 38 7 24 39 48 32 0 20 28 27 40 13 24 25
22 35 41 14 15 17 28 26 23 34 19 19 21 3 17 20 9 27 4 14 13 12 15 17 43 0 26 42 18 15 6 58
7 29 41 44 8 36 12 19 7 49 34 22 63 26 5 13 31 1 30 46 25 23 70 25 41 34 0 11 26 25 20 8
18 28 35 24 11 24 10 16 17 15 48 20 44 30 21 14 36 9 28 49 16 29 72 62 34 43 7 0 26 60 45 9
40 26 31 16 52 21 27 22 33 43 2 30 13 22 30 19 28 57 18 29 18 14 8 14 48 11 34 52 0 16 20 66
39 54 23 6 24 39 43 25 19 53 17 26 20 14 21 48 33 43 18 18 47 26 9 3 19 26 25 48 18 0 14 72
32 15 28 11 25 11 23 15 19 29 11 12 32 2 20 27 8 22 5 21 31 30 23 14 17 5 30 24 21 19 0 58
0 55 70 29 13 52 25 26 25 57 32 19 35 54 20 29 48 12 21 52 20 31 39 27 68 30 10 14 81 49 57 0