5
30
,
0 (10.0, 41.0) 51.0
1 (47.0, 6.0) 42.0
2 (48.0, 17.0) 60.0
3 (12.0, 16.0) 67.0
4 (15.0, 36.0) 36.0
5 (15.0, 15.0) 45.0
6 (12.0, 35.0) 51.0
7 (17.0, 4.0) 78.0
8 (7.0, 42.0) 37.0
9 (41.0, 34.0) 82.0
10 (14.0, 22.0) 89.0
11 (35.0, 49.0) 48.0
12 (31.0, 26.0) 43.0
13 (14.0, 9.0) 63.0
14 (9.0, 28.0) 68.0
15 (24.0, 28.0) 45.0
16 (10.0, 6.0) 59.0
17 (28.0, 22.0) 59.0
18 (42.0, 14.0) 47.0
19 (7.0, 27.0) 82.0
20 (19.0, 42.0) 50.0
21 (50.0, 36.0) 76.0
22 (43.0, 27.0) 75.0
23 (46.0, 2.0) 49.0
24 (30.0, 28.0) 32.0
25 (9.0, 7.0) 38.0
26 (1.0, 18.0) 67.0
27 (41.0, 37.0) 86.0
28 (49.0, 24.0) 50.0
29 (32.0, 24.0) 39.0
,
0 21 24 25 10 20 11 18 9 21 27 13 30 20 8 15 18 6 18 22 14 23 31 25 23 21 6 9 28 27 20 0
21 0 25 22 13 4 13 3 19 2 16 10 13 13 16 7 10 18 13 21 7 5 20 18 27 12 17 12 16 21 14 21
24 25 0 6 18 22 17 23 15 27 14 18 22 13 17 22 16 18 12 5 23 23 15 11 2 14 19 24 16 9 12 24
25 22 6 0 18 19 17 20 17 24 9 17 17 10 17 20 13 20 10 3 21 19 10 6 8 11 20 24 11 4 9 25
10 13 18 18 0 10 2 10 6 13 17 3 20 11 4 6 8 5 9 15 6 13 21 16 18 11 5 6 18 19 11 10
20 4 22 19 10 0 10 2 16 5 13 7 12 9 14 5 6 15 10 17 6 4 18 15 23 8 15 11 13 18 10 20
11 13 17 17 2 10 0 10 6 14 16 4 20 10 3 7 8 5 7 14 7 14 20 15 17 10 5 7 17 18 10 11
18 3 23 20 10 2 10 0 16 4 15 7 13 11 13 4 7 15 10 18 5 5 19 16 24 10 14 10 15 19 11 18
9 19 15 17 6 16 6 16 0 20 19 9 24 13 3 13 12 4 11 13 13 19 23 17 15 14 4 11 20 19 12 9
21 2 27 24 13 5 14 4 20 0 17 11 14 14 17 7 11 18 14 22 8 6 22 20 28 13 18 12 17 23 15 21
27 16 14 9 17 13 16 15 19 17 0 15 8 6 18 16 9 21 9 10 17 12 5 4 16 6 21 22 2 6 7 27
13 10 18 17 3 7 4 7 9 11 15 0 17 9 6 4 6 8 7 15 4 10 19 15 19 9 8 7 15 18 9 13
30 13 22 17 20 12 20 13 24 14 8 17 0 12 23 17 12 25 14 18 18 9 10 12 24 11 25 23 7 14 13 30
20 13 13 10 11 9 10 11 13 14 6 9 12 0 12 11 4 14 2 8 12 10 11 6 14 1 15 16 7 9 1 20
8 16 17 17 4 14 3 13 3 17 18 6 23 12 0 10 11 2 10 14 10 17 22 17 16 12 3 8 19 19 12 8
15 7 22 20 6 5 7 4 13 7 16 4 17 11 10 0 8 11 10 18 1 9 21 17 23 10 10 6 17 20 12 15
18 10 16 13 8 6 8 7 12 11 9 6 12 4 11 8 0 13 4 11 9 7 14 10 17 3 13 13 10 13 4 18
6 18 18 20 5 15 5 15 4 18 21 8 25 14 2 11 13 0 12 16 11 19 25 20 18 15 1 8 22 21 14 6
18 13 12 10 9 10 7 10 11 14 9 7 14 2 10 10 4 12 0 8 11 11 13 8 13 3 12 14 10 11 2 18
22 21 5 3 15 17 14 18 13 22 10 15 18 8 14 18 11 16 8 0 19 18 12 7 6 9 17 21 12 6 7 22
14 7 23 21 6 6 7 5 13 8 17 4 18 12 10 1 9 11 11 19 0 10 22 18 23 12 10 5 18 21 13 14
23 5 23 19 13 4 14 5 19 6 12 10 9 10 17 9 7 19 11 18 10 0 16 14 24 9 18 15 11 17 11 23
31 20 15 10 21 18 20 19 23 22 5 19 10 11 22 21 14 25 13 12 22 16 0 6 17 11 25 26 5 6 11 31
25 18 11 6 16 15 15 16 17 20 4 15 12 6 17 17 10 20 8 7 18 14 6 0 13 7 20 21 5 3 6 25
23 27 2 8 18 23 17 24 15 28 16 19 24 14 16 23 17 18 13 6 23 24 17 13 0 15 19 24 18 11 13 23
21 12 14 11 11 8 10 10 14 13 6 9 11 1 12 10 3 15 3 9 12 9 11 7 15 0 15 15 7 10 2 21
6 17 19 20 5 15 5 14 4 18 21 8 25 15 3 10 13 1 12 17 10 18 25 20 19 15 0 7 22 22 14 6
9 12 24 24 6 11 7 10 11 12 22 7 23 16 8 6 13 8 14 21 5 15 26 21 24 15 7 0 22 24 16 9
28 16 16 11 18 13 17 15 20 17 2 15 7 7 19 17 10 22 10 12 18 11 5 5 18 7 22 22 0 8 8 28
27 21 9 4 19 18 18 19 19 23 6 18 14 9 19 20 13 21 11 6 21 17 6 3 11 10 22 24 8 0 8 27
20 14 12 9 11 10 10 11 12 15 7 9 13 1 12 12 4 14 2 7 13 11 11 6 13 2 14 16 8 8 0 20
0 21 24 25 10 20 11 18 9 21 27 13 30 20 8 15 18 6 18 22 14 23 31 25 23 21 6 9 28 27 20 0
,
0 54 37 46 21 52 14 47 17 60 48 29 55 56 24 39 49 12 26 41 21 48 64 34 32 46 15 11 82 30 34 0
24 0 42 50 35 10 40 5 48 2 39 21 35 21 21 18 22 20 37 38 17 6 33 42 48 28 46 29 26 41 17 26
57 69 0 11 20 53 47 36 39 43 32 34 42 14 34 37 33 47 20 7 64 52 23 30 4 34 55 55 45 17 19 37
33 49 11 0 33 20 39 29 40 67 20 35 29 25 23 41 29 55 26 5 49 35 13 11 21 29 34 44 23 10 11 35
28 23 27 31 0 19 2 17 9 28 17 8 56 23 4 13 23 14 18 15 16 26 41 41 33 16 11 8 41 27 30 30
20 6 38 26 27 0 18 3 27 12 28 20 21 20 34 9 17 42 20 45 9 4 41 41 39 9 15 27 39 50 25 56
19 38 39 39 3 24 0 30 13 28 45 8 26 11 7 15 10 14 12 22 17 38 48 36 24 13 6 18 45 20 22 12
21 9 63 28 20 3 16 0 22 9 21 19 22 12 17 4 9 19 20 47 13 6 27 20 43 12 26 30 28 21 12 30
12 46 31 33 19 32 11 31 0 39 44 13 68 23 4 31 15 9 29 38 13 29 69 28 18 23 4 29 50 32 31 14
52 2 53 42 28 7 31 7 59 0 31 28 35 34 29 19 19 44 34 31 18 6 31 22 81 36 42 34 21 51 28 25
50 18 20 18 31 31 17 42 29 23 0 18 16 12 36 36 17 60 26 22 33 20 10 4 29 7 49 27 3 8 18 46
15 10 39 21 3 13 9 16 21 11 21 0 48 17 11 11 9 12 8 34 6 13 54 19 54 17 21 12 36 29 18 20
90 34 50 49 47 26 25 24 24 28 10 43 0 27 23 21 19 44 28 18 32 17 14 18 47 19 59 37 15 36 33 36
36 16 24 25 23 28 16 27 18 27 19 22 23 0 16 33 7 32 5 11 15 12 31 15 42 2 35 18 10 25 2 31
8 45 20 30 8 39 5 39 7 31 48 8 51 13 0 17 17 4 27 32 13 18 42 20 28 33 5 11 27 36 13 20
27 12 43 46 7 5 21 5 33 9 16 5 18 29 20 0 21 20 23 50 2 23 51 18 39 12 25 11 22 27 18 20
37 14 27 17 14 14 18 18 35 32 19 11 26 4 28 20 0 16 4 18 15 10 28 15 50 6 26 34 15 23 10 24
6 30 47 39 14 43 12 26 7 51 47 23 52 42 5 27 18 0 30 30 21 20 72 32 37 38 1 8 33 34 29 11
23 26 33 30 19 14 13 18 29 27 15 9 23 3 17 13 9 34 0 13 22 15 29 17 36 3 34 32 15 15 5 28
55 50 13 4 36 46 25 27 32 52 11 38 21 19 23 34 27 21 8 0 28 29 24 18 9 27 24 35 13 13 19 63
15 16 42 24 8 10 11 12 24 9 23 9 48 30 21 3 11 18 31 24 0 11 63 48 35 33 11 16 49 30 13 37
32 6 52 20 32 10 38 14 37 12 34 30 18 10 21 17 14 39 27 49 18 0 33 42 43 22 38 45 19 40 23 31
81 30 41 17 55 51 38 37 34 40 6 52 10 29 33 43 21 70 18 14 50 16 0 11 30 28 32 75 9 6 28 68
64 37 12 11 17 43 30 17 25 23 4 32 23 12 46 51 26 27 9 10 25 33 10 0 13 18 39 23 6 4 11 63
53 33 3 20 40 49 21 60 31 66 44 47 47 40 38 38 21 54 15 17 41 39 27 31 0 41 55 31 32 30 13 28
29 19 41 29 26 13 27 25 20 21 9 15 12 2 13 11 6 22 5 19 33 26 24 8 34 0 37 29 15 16 6 28
16 46 24 58 6 43 10 16 10 40 56 14 35 30 4 25 28 1 13 31 28 24 60 22 37 32 0 20 28 53 35 10
10 23 47 69 11 12 10 17 31 17 25 10 35 17 24 15 22 21 16 49 12 43 46 40 47 45 8 0 45 25 27 19
29 42 42 13 30 14 34 21 46 24 2 24 9 15 30 26 25 42 26 34 39 19 12 15 53 7 23 29 0 14 11 62
76 29 15 8 38 38 31 26 33 64 11 21 26 12 41 34 37 45 13 9 38 21 17 5 31 18 60 26 22 0 9 33
54 15 14 12 28 18 24 31 30 23 8 14 19 2 30 25 10 39 6 20 34 26 22 17 16 6 35 27 10 19 0 53
0 34 47 27 16 35 12 54 13 39 73 21 40 60 11 26 45 12 48 37 19 25 89 69 60 33 13 25 31 33 28 0