5
30
,
0 (10.0, 41.0) 39.0
1 (47.0, 6.0) 36.0
2 (48.0, 17.0) 75.0
3 (12.0, 16.0) 60.0
4 (15.0, 36.0) 80.0
5 (15.0, 15.0) 83.0
6 (12.0, 35.0) 86.0
7 (17.0, 4.0) 70.0
8 (7.0, 42.0) 37.0
9 (41.0, 34.0) 56.0
10 (14.0, 22.0) 52.0
11 (35.0, 49.0) 33.0
12 (31.0, 26.0) 72.0
13 (14.0, 9.0) 71.0
14 (9.0, 28.0) 45.0
15 (24.0, 28.0) 52.0
16 (10.0, 6.0) 40.0
17 (28.0, 22.0) 51.0
18 (42.0, 14.0) 50.0
19 (7.0, 27.0) 42.0
20 (19.0, 42.0) 42.0
21 (50.0, 36.0) 54.0
22 (43.0, 27.0) 39.0
23 (46.0, 2.0) 36.0
24 (30.0, 28.0) 50.0
25 (9.0, 7.0) 71.0
26 (1.0, 18.0) 44.0
27 (41.0, 37.0) 68.0
28 (49.0, 24.0) 87.0
29 (32.0, 24.0) 55.0
,
0 21 24 25 10 20 11 18 9 21 27 13 30 20 8 15 18 6 18 22 14 23 31 25 23 21 6 9 28 27 20 0
21 0 25 22 13 4 13 3 19 2 16 10 13 13 16 7 10 18 13 21 7 5 20 18 27 12 17 12 16 21 14 21
24 25 0 6 18 22 17 23 15 27 14 18 22 13 17 22 16 18 12 5 23 23 15 11 2 14 19 24 16 9 12 24
25 22 6 0 18 19 17 20 17 24 9 17 17 10 17 20 13 20 10 3 21 19 10 6 8 11 20 24 11 4 9 25
10 13 18 18 0 10 2 10 6 13 17 3 20 11 4 6 8 5 9 15 6 13 21 16 18 11 5 6 18 19 11 10
20 4 22 19 10 0 10 2 16 5 13 7 12 9 14 5 6 15 10 17 6 4 18 15 23 8 15 11 13 18 10 20
11 13 17 17 2 10 0 10 6 14 16 4 20 10 3 7 8 5 7 14 7 14 20 15 17 10 5 7 17 18 10 11
18 3 23 20 10 2 10 0 16 4 15 7 13 11 13 4 7 15 10 18 5 5 19 16 24 10 14 10 15 19 11 18
9 19 15 17 6 16 6 16 0 20 19 9 24 13 3 13 12 4 11 13 13 19 23 17 15 14 4 11 20 19 12 9
21 2 27 24 13 5 14 4 20 0 17 11 14 14 17 7 11 18 14 22 8 6 22 20 28 13 18 12 17 23 15 21
27 16 14 9 17 13 16 15 19 17 0 15 8 6 18 16 9 21 9 10 17 12 5 4 16 6 21 22 2 6 7 27
13 10 18 17 3 7 4 7 9 11 15 0 17 9 6 4 6 8 7 15 4 10 19 15 19 9 8 7 15 18 9 13
30 13 22 17 20 12 20 13 24 14 8 17 0 12 23 17 12 25 14 18 18 9 10 12 24 11 25 23 7 14 13 30
20 13 13 10 11 9 10 11 13 14 6 9 12 0 12 11 4 14 2 8 12 10 11 6 14 1 15 16 7 9 1 20
8 16 17 17 4 14 3 13 3 17 18 6 23 12 0 10 11 2 10 14 10 17 22 17 16 12 3 8 19 19 12 8
15 7 22 20 6 5 7 4 13 7 16 4 17 11 10 0 8 11 10 18 1 9 21 17 23 10 10 6 17 20 12 15
18 10 16 13 8 6 8 7 12 11 9 6 12 4 11 8 0 13 4 11 9 7 14 10 17 3 13 13 10 13 4 18
6 18 18 20 5 15 5 15 4 18 21 8 25 14 2 11 13 0 12 16 11 19 25 20 18 15 1 8 22 21 14 6
18 13 12 10 9 10 7 10 11 14 9 7 14 2 10 10 4 12 0 8 11 11 13 8 13 3 12 14 10 11 2 18
22 21 5 3 15 17 14 18 13 22 10 15 18 8 14 18 11 16 8 0 19 18 12 7 6 9 17 21 12 6 7 22
14 7 23 21 6 6 7 5 13 8 17 4 18 12 10 1 9 11 11 19 0 10 22 18 23 12 10 5 18 21 13 14
23 5 23 19 13 4 14 5 19 6 12 10 9 10 17 9 7 19 11 18 10 0 16 14 24 9 18 15 11 17 11 23
31 20 15 10 21 18 20 19 23 22 5 19 10 11 22 21 14 25 13 12 22 16 0 6 17 11 25 26 5 6 11 31
25 18 11 6 16 15 15 16 17 20 4 15 12 6 17 17 10 20 8 7 18 14 6 0 13 7 20 21 5 3 6 25
23 27 2 8 18 23 17 24 15 28 16 19 24 14 16 23 17 18 13 6 23 24 17 13 0 15 19 24 18 11 13 23
21 12 14 11 11 8 10 10 14 13 6 9 11 1 12 10 3 15 3 9 12 9 11 7 15 0 15 15 7 10 2 21
6 17 19 20 5 15 5 14 4 18 21 8 25 15 3 10 13 1 12 17 10 18 25 20 19 15 0 7 22 22 14 6
9 12 24 24 6 11 7 10 11 12 22 7 23 16 8 6 13 8 14 21 5 15 26 21 24 15 7 0 22 24 16 9
28 16 16 11 18 13 17 15 20 17 2 15 7 7 19 17 10 22 10 12 18 11 5 5 18 7 22 22 0 8 8 28
27 21 9 4 19 18 18 19 19 23 6 18 14 9 19 20 13 21 11 6 21 17 6 3 11 10 22 24 8 0 8 27
20 14 12 9 11 10 10 11 12 15 7 9 13 1 12 12 4 14 2 7 13 11 11 6 13 2 14 16 8 8 0 20
0 21 24 25 10 20 11 18 9 21 27 13 30 20 8 15 18 6 18 22 14 23 31 25 23 21 6 9 28 27 20 0
,
0 37 46 58 26 56 13 44 9 32 30 26 72 45 19 34 20 15 45 48 40 40 83 65 37 24 6 11 29 31 41 0
43 0 69 27 30 5 33 9 31 4 28 10 22 34 17 19 28 49 38 46 21 8 27 49 27 15 25 21 21 47 23 49
67 68 0 6 28 57 47 35 21 57 26 49 49 36 35 29 18 34 19 12 62 38 31 21 6 16 56 62 26 16 32 69
68 35 16 0 45 52 18 29 37 65 17 18 19 17 38 22 28 31 17 4 59 24 27 11 17 26 41 66 24 10 23 74
19 33 53 34 0 21 4 28 14 34 25 8 24 31 8 14 18 10 22 37 18 39 55 37 45 21 10 15 22 34 32 24
52 7 45 25 25 0 18 3 46 14 32 16 15 11 16 6 8 25 13 26 9 8 51 16 41 13 16 23 35 44 11 52
28 30 41 36 4 30 0 17 8 15 36 10 34 19 7 9 11 6 13 39 14 37 22 19 36 20 13 8 44 23 16 23
35 9 34 45 16 3 19 0 42 10 29 20 24 21 25 11 15 23 29 50 11 7 25 31 31 29 15 12 38 31 22 32
17 22 29 43 14 16 16 35 0 31 47 21 61 15 4 14 37 7 19 14 18 34 26 19 19 26 6 24 40 52 19 14
33 3 40 53 35 9 14 11 49 0 43 15 26 41 21 13 27 22 36 48 13 10 46 55 68 16 24 14 33 33 38 27
48 26 16 10 29 37 26 25 54 35 0 16 10 7 30 23 25 62 15 22 30 20 5 7 28 9 34 60 3 15 17 49
28 21 26 50 4 14 9 8 13 15 34 0 40 22 9 9 6 19 20 41 11 11 24 24 52 11 11 19 36 41 9 22
48 23 57 42 24 34 45 32 32 25 9 40 0 34 57 22 16 44 38 27 36 13 28 23 30 25 59 40 15 29 31 54
54 17 21 26 14 15 22 28 32 38 17 25 18 0 22 17 7 27 4 24 22 23 30 9 30 1 36 34 13 23 2 21
10 44 17 18 9 19 9 13 7 20 48 8 41 26 0 29 23 4 26 37 20 50 47 44 23 33 3 20 28 36 12 24
25 18 44 32 9 6 16 11 19 10 42 4 47 19 13 0 10 29 19 47 2 24 30 33 43 15 28 8 46 45 18 34
40 27 44 38 13 18 16 15 19 29 10 12 17 11 12 17 0 38 10 21 12 14 29 12 27 3 14 29 22 25 7 21
9 19 43 31 13 40 7 36 6 21 27 23 72 34 6 21 19 0 36 30 18 39 43 54 49 44 1 14 48 22 36 12
18 16 20 24 16 23 18 15 26 18 9 11 23 5 20 22 9 25 0 21 20 32 28 22 31 6 25 38 19 24 6 22
51 51 7 3 29 45 32 35 30 58 26 28 23 20 18 31 16 39 16 0 28 50 30 8 9 19 49 55 16 9 17 24
21 19 32 44 9 12 17 7 29 21 42 8 26 32 18 3 23 15 17 20 0 28 62 39 54 15 20 6 27 46 24 39
67 8 30 51 15 9 24 13 49 11 19 29 16 25 46 10 14 35 32 45 27 0 19 25 47 10 52 30 19 40 29 63
68 28 43 12 22 25 25 21 51 55 5 29 27 26 55 34 27 30 31 23 30 26 0 10 46 14 44 55 8 7 21 41
37 47 23 7 30 41 36 27 38 26 10 16 20 9 35 44 25 34 21 11 52 16 10 0 31 18 52 62 13 6 6 74
62 34 5 19 22 52 20 51 39 51 26 38 53 23 20 32 29 33 27 11 62 60 22 28 0 16 38 54 53 20 33 26
56 34 17 24 15 12 11 24 41 36 9 24 30 3 18 31 3 36 8 11 13 26 32 15 18 0 18 24 13 18 4 22
16 32 41 58 13 37 10 16 5 23 54 24 41 35 7 30 26 2 31 26 26 23 68 50 47 42 0 9 35 31 22 6
21 26 44 49 14 20 14 24 14 14 51 9 42 25 11 12 26 10 26 48 8 33 77 54 32 24 9 0 61 25 43 20
68 18 41 27 19 18 18 30 57 28 3 43 13 14 46 42 13 34 26 23 49 19 9 9 32 9 34 24 0 13 9 52
42 42 22 8 30 44 52 38 56 54 14 49 38 27 31 47 25 28 30 16 49 48 14 4 18 27 30 47 20 0 17 69
43 35 27 13 25 30 14 22 36 46 14 17 28 1 22 19 8 14 6 17 35 29 31 7 15 6 24 17 19 23 0 44
0 52 67 52 29 51 12 55 22 36 79 15 81 47 17 18 24 8 28 56 26 25 49 38 66 26 12 10 82 77 31 0