5
30
,
0 (10.0, 41.0) 44.0
1 (47.0, 6.0) 30.0
2 (48.0, 17.0) 58.0
3 (12.0, 16.0) 36.0
4 (15.0, 36.0) 69.0
5 (15.0, 15.0) 50.0
6 (12.0, 35.0) 83.0
7 (17.0, 4.0) 57.0
8 (7.0, 42.0) 64.0
9 (41.0, 34.0) 60.0
10 (14.0, 22.0) 68.0
11 (35.0, 49.0) 65.0
12 (31.0, 26.0) 56.0
13 (14.0, 9.0) 34.0
14 (9.0, 28.0) 71.0
15 (24.0, 28.0) 88.0
16 (10.0, 6.0) 46.0
17 (28.0, 22.0) 65.0
18 (42.0, 14.0) 82.0
19 (7.0, 27.0) 60.0
20 (19.0, 42.0) 42.0
21 (50.0, 36.0) 54.0
22 (43.0, 27.0) 50.0
23 (46.0, 2.0) 51.0
24 (30.0, 28.0) 52.0
25 (9.0, 7.0) 83.0
26 (1.0, 18.0) 37.0
27 (41.0, 37.0) 36.0
28 (49.0, 24.0) 34.0
29 (32.0, 24.0) 36.0
,
0 21 24 25 10 20 11 18 9 21 27 13 30 20 8 15 18 6 18 22 14 23 31 25 23 21 6 9 28 27 20 0
21 0 25 22 13 4 13 3 19 2 16 10 13 13 16 7 10 18 13 21 7 5 20 18 27 12 17 12 16 21 14 21
24 25 0 6 18 22 17 23 15 27 14 18 22 13 17 22 16 18 12 5 23 23 15 11 2 14 19 24 16 9 12 24
25 22 6 0 18 19 17 20 17 24 9 17 17 10 17 20 13 20 10 3 21 19 10 6 8 11 20 24 11 4 9 25
10 13 18 18 0 10 2 10 6 13 17 3 20 11 4 6 8 5 9 15 6 13 21 16 18 11 5 6 18 19 11 10
20 4 22 19 10 0 10 2 16 5 13 7 12 9 14 5 6 15 10 17 6 4 18 15 23 8 15 11 13 18 10 20
11 13 17 17 2 10 0 10 6 14 16 4 20 10 3 7 8 5 7 14 7 14 20 15 17 10 5 7 17 18 10 11
18 3 23 20 10 2 10 0 16 4 15 7 13 11 13 4 7 15 10 18 5 5 19 16 24 10 14 10 15 19 11 18
9 19 15 17 6 16 6 16 0 20 19 9 24 13 3 13 12 4 11 13 13 19 23 17 15 14 4 11 20 19 12 9
21 2 27 24 13 5 14 4 20 0 17 11 14 14 17 7 11 18 14 22 8 6 22 20 28 13 18 12 17 23 15 21
27 16 14 9 17 13 16 15 19 17 0 15 8 6 18 16 9 21 9 10 17 12 5 4 16 6 21 22 2 6 7 27
13 10 18 17 3 7 4 7 9 11 15 0 17 9 6 4 6 8 7 15 4 10 19 15 19 9 8 7 15 18 9 13
30 13 22 17 20 12 20 13 24 14 8 17 0 12 23 17 12 25 14 18 18 9 10 12 24 11 25 23 7 14 13 30
20 13 13 10 11 9 10 11 13 14 6 9 12 0 12 11 4 14 2 8 12 10 11 6 14 1 15 16 7 9 1 20
8 16 17 17 4 14 3 13 3 17 18 6 23 12 0 10 11 2 10 14 10 17 22 17 16 12 3 8 19 19 12 8
15 7 22 20 6 5 7 4 13 7 16 4 17 11 10 0 8 11 10 18 1 9 21 17 23 10 10 6 17 20 12 15
18 10 16 13 8 6 8 7 12 11 9 6 12 4 11 8 0 13 4 11 9 7 14 10 17 3 13 13 10 13 4 18
6 18 18 20 5 15 5 15 4 18 21 8 25 14 2 11 13 0 12 16 11 19 25 20 18 15 1 8 22 21 14 6
18 13 12 10 9 10 7 10 11 14 9 7 14 2 10 10 4 12 0 8 11 11 13 8 13 3 12 14 10 11 2 18
22 21 5 3 15 17 14 18 13 22 10 15 18 8 14 18 11 16 8 0 19 18 12 7 6 9 17 21 12 6 7 22
14 7 23 21 6 6 7 5 13 8 17 4 18 12 10 1 9 11 11 19 0 10 22 18 23 12 10 5 18 21 13 14
23 5 23 19 13 4 14 5 19 6 12 10 9 10 17 9 7 19 11 18 10 0 16 14 24 9 18 15 11 17 11 23
31 20 15 10 21 18 20 19 23 22 5 19 10 11 22 21 14 25 13 12 22 16 0 6 17 11 25 26 5 6 11 31
25 18 11 6 16 15 15 16 17 20 4 15 12 6 17 17 10 20 8 7 18 14 6 0 13 7 20 21 5 3 6 25
23 27 2 8 18 23 17 24 15 28 16 19 24 14 16 23 17 18 13 6 23 24 17 13 0 15 19 24 18 11 13 23
21 12 14 11 11 8 10 10 14 13 6 9 11 1 12 10 3 15 3 9 12 9 11 7 15 0 15 15 7 10 2 21
6 17 19 20 5 15 5 14 4 18 21 8 25 15 3 10 13 1 12 17 10 18 25 20 19 15 0 7 22 22 14 6
9 12 24 24 6 11 7 10 11 12 22 7 23 16 8 6 13 8 14 21 5 15 26 21 24 15 7 0 22 24 16 9
28 16 16 11 18 13 17 15 20 17 2 15 7 7 19 17 10 22 10 12 18 11 5 5 18 7 22 22 0 8 8 28
27 21 9 4 19 18 18 19 19 23 6 18 14 9 19 20 13 21 11 6 21 17 6 3 11 10 22 24 8 0 8 27
20 14 12 9 11 10 10 11 12 15 7 9 13 1 12 12 4 14 2 7 13 11 11 6 13 2 14 16 8 8 0 20
0 21 24 25 10 20 11 18 9 21 27 13 30 20 8 15 18 6 18 22 14 23 31 25 23 21 6 9 28 27 20 0
,
0 47 66 61 15 45 22 51 15 40 49 24 60 41 23 36 46 7 50 35 21 30 59 45 35 38 12 25 39 73 59 0
46 0 40 36 25 9 20 7 20 4 29 19 20 15 48 9 26 26 37 58 13 5 54 46 62 19 46 21 18 31 31 46
52 41 0 11 29 54 44 26 27 49 40 31 29 18 18 51 45 46 23 13 65 42 18 24 3 26 29 52 26 26 14 63
54 65 13 0 24 26 37 60 24 64 27 18 18 23 21 30 29 52 17 10 31 41 13 16 19 21 26 37 24 8 12 45
18 19 33 41 0 27 2 26 7 16 22 9 57 32 8 15 24 10 21 44 15 33 31 44 21 23 14 13 39 36 30 12
50 9 33 41 27 0 22 2 20 13 34 15 23 19 15 12 14 17 24 33 7 7 25 27 63 13 31 31 27 30 18 52
31 25 32 31 2 17 0 27 7 19 43 7 48 23 6 19 17 7 18 28 15 19 41 21 41 23 12 18 27 37 21 18
33 5 36 29 16 2 10 0 37 10 21 9 24 22 38 7 7 38 12 33 13 13 52 16 50 15 25 30 21 27 13 47
21 33 32 32 8 18 12 47 0 50 30 22 61 13 5 27 19 8 24 35 32 31 49 46 36 22 10 22 33 42 26 15
55 3 72 41 19 6 27 7 53 0 27 23 25 18 39 10 28 48 35 54 11 10 32 32 81 34 39 34 49 23 37 22
48 32 16 10 32 34 24 37 43 25 0 29 17 13 44 29 10 60 22 29 49 16 13 5 24 14 26 34 2 7 11 44
38 21 35 41 4 13 7 18 12 27 15 0 47 23 18 11 11 13 9 15 9 23 49 29 43 18 13 8 33 49 21 19
31 37 32 20 55 13 34 18 39 17 20 50 0 27 49 36 33 51 14 28 32 12 29 35 72 12 70 58 7 15 26 69
45 36 26 20 18 15 29 27 16 31 8 12 12 0 13 12 7 24 7 17 30 27 12 6 30 1 24 34 16 16 1 28
16 27 36 29 10 29 5 13 8 50 34 7 32 17 0 23 29 6 10 25 26 36 62 43 38 14 7 23 40 38 13 24
35 16 65 59 16 14 14 7 36 18 27 9 46 17 12 0 22 22 18 46 3 13 24 43 40 13 18 9 18 20 12 28
35 21 39 37 10 13 23 7 35 16 25 16 21 10 29 8 0 16 8 12 12 19 19 13 27 4 30 31 23 26 7 23
14 29 46 38 11 22 10 20 8 32 47 22 61 34 7 30 20 0 16 27 18 30 61 35 34 27 1 17 58 48 22 13
24 39 37 28 24 24 14 28 15 16 26 12 14 6 17 26 10 22 0 10 15 26 21 12 26 5 23 26 17 29 5 53
45 29 7 4 17 35 36 20 32 35 11 24 28 9 42 25 21 45 12 0 46 47 24 13 14 23 27 25 20 13 20 52
26 18 58 61 18 8 19 11 19 10 45 4 19 14 24 2 24 31 17 22 0 24 48 47 68 12 12 13 36 61 22 33
30 7 30 55 39 5 14 8 22 8 35 21 21 20 45 23 14 25 11 25 18 0 43 40 60 9 20 26 18 33 18 43
73 54 27 26 51 43 41 44 48 57 11 30 18 18 32 56 40 53 28 14 63 22 0 7 23 12 59 52 14 13 17 69
70 39 26 16 22 31 34 43 39 34 6 16 28 14 21 19 23 22 24 8 36 41 15 0 15 14 21 23 14 10 10 57
65 45 4 19 49 60 34 28 35 32 41 31 39 28 45 41 23 48 19 12 40 57 50 29 0 44 20 61 41 21 37 55
60 24 23 12 17 9 20 28 27 19 17 15 19 3 16 24 6 22 7 24 29 21 18 13 39 0 23 32 19 19 7 44
7 20 52 52 13 33 7 38 10 37 30 9 63 33 7 11 30 1 17 23 25 28 49 58 36 28 0 9 50 55 31 12
12 18 49 65 13 31 19 20 26 31 27 8 67 19 19 9 14 10 25 51 9 27 70 58 54 17 11 0 35 35 25 12
38 27 26 25 47 23 44 16 56 26 2 43 13 17 53 32 19 60 11 12 32 15 6 14 32 14 29 46 0 22 21 81
70 57 14 5 34 28 36 23 44 43 10 52 36 12 25 55 25 34 13 9 53 18 10 7 14 28 23 45 15 0 14 34
48 21 28 10 23 11 29 28 27 28 16 18 15 3 19 13 10 41 7 9 33 22 13 7 30 5 39 29 23 22 0 36
0 23 47 56 17 35 28 27 15 26 72 22 32 56 13 43 31 7 20 40 19 24 42 55 25 43 15 23 32 49 45 0