5
30
,
0 (10.0, 41.0) 36.0
1 (47.0, 6.0) 79.0
2 (48.0, 17.0) 46.0
3 (12.0, 16.0) 33.0
4 (15.0, 36.0) 51.0
5 (15.0, 15.0) 44.0
6 (12.0, 35.0) 52.0
7 (17.0, 4.0) 79.0
8 (7.0, 42.0) 37.0
9 (41.0, 34.0) 83.0
10 (14.0, 22.0) 66.0
11 (35.0, 49.0) 36.0
12 (31.0, 26.0) 90.0
13 (14.0, 9.0) 57.0
14 (9.0, 28.0) 68.0
15 (24.0, 28.0) 37.0
16 (10.0, 6.0) 36.0
17 (28.0, 22.0) 89.0
18 (42.0, 14.0) 40.0
19 (7.0, 27.0) 42.0
20 (19.0, 42.0) 68.0
21 (50.0, 36.0) 48.0
22 (43.0, 27.0) 39.0
23 (46.0, 2.0) 52.0
24 (30.0, 28.0) 85.0
25 (9.0, 7.0) 61.0
26 (1.0, 18.0) 41.0
27 (41.0, 37.0) 83.0
28 (49.0, 24.0) 57.0
29 (32.0, 24.0) 31.0
,
0 21 24 25 10 20 11 18 9 21 27 13 30 20 8 15 18 6 18 22 14 23 31 25 23 21 6 9 28 27 20 0
21 0 25 22 13 4 13 3 19 2 16 10 13 13 16 7 10 18 13 21 7 5 20 18 27 12 17 12 16 21 14 21
24 25 0 6 18 22 17 23 15 27 14 18 22 13 17 22 16 18 12 5 23 23 15 11 2 14 19 24 16 9 12 24
25 22 6 0 18 19 17 20 17 24 9 17 17 10 17 20 13 20 10 3 21 19 10 6 8 11 20 24 11 4 9 25
10 13 18 18 0 10 2 10 6 13 17 3 20 11 4 6 8 5 9 15 6 13 21 16 18 11 5 6 18 19 11 10
20 4 22 19 10 0 10 2 16 5 13 7 12 9 14 5 6 15 10 17 6 4 18 15 23 8 15 11 13 18 10 20
11 13 17 17 2 10 0 10 6 14 16 4 20 10 3 7 8 5 7 14 7 14 20 15 17 10 5 7 17 18 10 11
18 3 23 20 10 2 10 0 16 4 15 7 13 11 13 4 7 15 10 18 5 5 19 16 24 10 14 10 15 19 11 18
9 19 15 17 6 16 6 16 0 20 19 9 24 13 3 13 12 4 11 13 13 19 23 17 15 14 4 11 20 19 12 9
21 2 27 24 13 5 14 4 20 0 17 11 14 14 17 7 11 18 14 22 8 6 22 20 28 13 18 12 17 23 15 21
27 16 14 9 17 13 16 15 19 17 0 15 8 6 18 16 9 21 9 10 17 12 5 4 16 6 21 22 2 6 7 27
13 10 18 17 3 7 4 7 9 11 15 0 17 9 6 4 6 8 7 15 4 10 19 15 19 9 8 7 15 18 9 13
30 13 22 17 20 12 20 13 24 14 8 17 0 12 23 17 12 25 14 18 18 9 10 12 24 11 25 23 7 14 13 30
20 13 13 10 11 9 10 11 13 14 6 9 12 0 12 11 4 14 2 8 12 10 11 6 14 1 15 16 7 9 1 20
8 16 17 17 4 14 3 13 3 17 18 6 23 12 0 10 11 2 10 14 10 17 22 17 16 12 3 8 19 19 12 8
15 7 22 20 6 5 7 4 13 7 16 4 17 11 10 0 8 11 10 18 1 9 21 17 23 10 10 6 17 20 12 15
18 10 16 13 8 6 8 7 12 11 9 6 12 4 11 8 0 13 4 11 9 7 14 10 17 3 13 13 10 13 4 18
6 18 18 20 5 15 5 15 4 18 21 8 25 14 2 11 13 0 12 16 11 19 25 20 18 15 1 8 22 21 14 6
18 13 12 10 9 10 7 10 11 14 9 7 14 2 10 10 4 12 0 8 11 11 13 8 13 3 12 14 10 11 2 18
22 21 5 3 15 17 14 18 13 22 10 15 18 8 14 18 11 16 8 0 19 18 12 7 6 9 17 21 12 6 7 22
14 7 23 21 6 6 7 5 13 8 17 4 18 12 10 1 9 11 11 19 0 10 22 18 23 12 10 5 18 21 13 14
23 5 23 19 13 4 14 5 19 6 12 10 9 10 17 9 7 19 11 18 10 0 16 14 24 9 18 15 11 17 11 23
31 20 15 10 21 18 20 19 23 22 5 19 10 11 22 21 14 25 13 12 22 16 0 6 17 11 25 26 5 6 11 31
25 18 11 6 16 15 15 16 17 20 4 15 12 6 17 17 10 20 8 7 18 14 6 0 13 7 20 21 5 3 6 25
23 27 2 8 18 23 17 24 15 28 16 19 24 14 16 23 17 18 13 6 23 24 17 13 0 15 19 24 18 11 13 23
21 12 14 11 11 8 10 10 14 13 6 9 11 1 12 10 3 15 3 9 12 9 11 7 15 0 15 15 7 10 2 21
6 17 19 20 5 15 5 14 4 18 21 8 25 15 3 10 13 1 12 17 10 18 25 20 19 15 0 7 22 22 14 6
9 12 24 24 6 11 7 10 11 12 22 7 23 16 8 6 13 8 14 21 5 15 26 21 24 15 7 0 22 24 16 9
28 16 16 11 18 13 17 15 20 17 2 15 7 7 19 17 10 22 10 12 18 11 5 5 18 7 22 22 0 8 8 28
27 21 9 4 19 18 18 19 19 23 6 18 14 9 19 20 13 21 11 6 21 17 6 3 11 10 22 24 8 0 8 27
20 14 12 9 11 10 10 11 12 15 7 9 13 1 12 12 4 14 2 7 13 11 11 6 13 2 14 16 8 8 0 20
0 21 24 25 10 20 11 18 9 21 27 13 30 20 8 15 18 6 18 22 14 23 31 25 23 21 6 9 28 27 20 0
,
0 48 39 42 11 24 14 45 16 48 57 20 53 25 20 41 28 10 27 43 41 26 47 39 56 53 16 9 75 72 36 0
22 0 70 32 27 10 35 5 23 4 40 29 38 34 38 17 15 48 28 26 20 9 53 37 50 16 40 23 45 37 22 27
43 61 0 6 21 61 32 52 16 70 21 51 56 29 21 56 26 40 25 12 56 34 40 27 2 29 53 57 47 11 16 61
44 59 9 0 34 55 49 56 18 31 11 46 51 10 48 25 26 52 11 5 25 41 10 13 11 24 51 34 12 4 18 57
16 36 24 19 0 18 3 27 10 16 21 5 28 21 4 17 19 11 24 18 12 21 22 29 52 19 14 12 22 21 11 17
48 5 25 23 29 0 29 2 46 11 16 9 23 24 22 7 16 18 25 51 10 5 40 30 53 12 23 20 23 33 13 22
21 26 43 38 3 31 0 28 8 19 30 9 31 20 4 17 8 7 21 35 13 36 38 37 38 26 11 18 33 38 15 22
33 4 45 43 19 4 11 0 17 6 38 11 37 19 25 5 17 24 21 50 5 6 54 34 65 18 22 29 31 39 12 45
18 21 36 48 16 38 15 22 0 27 23 15 49 25 7 34 18 8 29 34 21 43 39 31 29 28 13 25 41 34 32 19
51 4 59 61 38 7 16 9 36 0 42 30 27 38 17 15 26 38 36 67 12 18 60 58 54 15 19 18 41 38 42 32
65 20 22 21 45 17 29 29 48 47 0 34 13 12 40 47 22 26 26 20 29 33 12 8 19 9 25 53 2 18 11 74
35 20 54 31 5 9 4 16 20 21 44 0 24 19 13 12 13 11 9 37 12 29 44 36 43 17 15 9 45 51 22 34
74 37 39 27 41 23 53 35 66 28 16 41 0 32 57 23 32 58 40 35 20 15 28 31 68 25 43 48 18 16 24 63
56 13 18 26 15 27 28 29 25 40 12 14 24 0 30 28 9 19 6 10 13 25 32 18 26 2 35 46 13 18 3 39
17 25 17 44 4 28 5 14 6 41 37 8 25 20 0 27 25 7 14 15 26 29 54 20 34 28 3 17 42 32 12 14
22 14 46 33 16 7 8 8 34 8 24 7 48 12 18 0 8 22 22 50 3 10 57 40 65 25 24 8 35 52 15 17
47 24 20 36 11 6 19 20 25 14 21 13 20 10 25 13 0 33 9 31 11 21 34 13 40 4 32 28 27 16 12 37
13 39 27 40 14 26 6 28 11 25 26 10 60 37 3 28 35 0 24 44 29 35 32 51 45 43 2 11 63 30 16 12
44 29 13 23 10 24 12 19 13 21 18 20 22 3 18 30 6 13 0 21 24 18 16 23 35 9 17 24 15 21 3 18
33 27 8 5 29 22 22 32 25 51 20 29 31 24 39 45 12 42 19 0 54 22 32 16 17 23 28 50 12 15 13 26
31 21 34 56 9 15 19 12 35 17 48 11 25 18 11 3 12 27 31 38 0 29 45 22 49 33 21 9 44 24 19 39
30 8 66 54 16 10 16 14 42 13 30 28 16 27 38 10 19 32 25 40 24 0 28 33 46 13 40 30 25 42 29 45
64 37 18 24 61 29 39 38 38 52 9 33 27 18 45 61 17 54 24 27 44 36 0 8 41 27 30 37 7 7 14 46
32 22 21 11 39 17 42 22 42 38 7 18 14 12 23 31 11 56 15 11 48 37 16 0 23 16 48 26 6 5 8 56
37 66 6 17 28 30 25 59 39 71 20 49 29 41 46 60 17 49 36 8 45 61 24 18 0 16 49 69 36 21 26 67
33 23 20 14 28 18 15 27 35 17 9 11 16 2 15 16 3 37 7 25 19 15 15 11 21 0 28 16 20 27 3 31
10 34 57 20 12 43 10 33 9 39 58 20 71 16 4 24 13 2 25 22 19 39 67 24 36 29 0 17 27 36 29 10
13 17 49 70 12 14 10 13 14 30 36 9 55 28 22 17 24 16 30 46 11 20 69 31 34 42 14 0 24 69 37 21
47 38 40 15 21 39 28 18 30 18 3 46 17 10 40 41 23 48 17 20 22 19 12 14 32 16 35 55 0 12 19 58
35 26 9 7 28 52 18 36 33 57 12 31 16 23 33 60 19 63 26 13 28 18 14 8 11 15 52 26 20 0 15 77
50 24 13 16 30 25 20 23 25 37 16 27 15 1 35 23 12 27 7 11 34 29 31 11 32 5 38 44 9 19 0 23
0 23 34 50 20 36 15 54 12 26 57 17 72 40 15 37 38 6 36 33 32 67 41 74 40 32 12 19 40 52 28 0