5
30
,
0 (10.0, 41.0) 63.0
1 (47.0, 6.0) 64.0
2 (48.0, 17.0) 56.0
3 (12.0, 16.0) 34.0
4 (15.0, 36.0) 70.0
5 (15.0, 15.0) 53.0
6 (12.0, 35.0) 47.0
7 (17.0, 4.0) 43.0
8 (7.0, 42.0) 81.0
9 (41.0, 34.0) 31.0
10 (14.0, 22.0) 70.0
11 (35.0, 49.0) 38.0
12 (31.0, 26.0) 51.0
13 (14.0, 9.0) 75.0
14 (9.0, 28.0) 42.0
15 (24.0, 28.0) 49.0
16 (10.0, 6.0) 41.0
17 (28.0, 22.0) 54.0
18 (42.0, 14.0) 41.0
19 (7.0, 27.0) 38.0
20 (19.0, 42.0) 34.0
21 (50.0, 36.0) 41.0
22 (43.0, 27.0) 35.0
23 (46.0, 2.0) 57.0
24 (30.0, 28.0) 40.0
25 (9.0, 7.0) 41.0
26 (1.0, 18.0) 87.0
27 (41.0, 37.0) 46.0
28 (49.0, 24.0) 45.0
29 (32.0, 24.0) 65.0
,
0 21 24 25 10 20 11 18 9 21 27 13 30 20 8 15 18 6 18 22 14 23 31 25 23 21 6 9 28 27 20 0
21 0 25 22 13 4 13 3 19 2 16 10 13 13 16 7 10 18 13 21 7 5 20 18 27 12 17 12 16 21 14 21
24 25 0 6 18 22 17 23 15 27 14 18 22 13 17 22 16 18 12 5 23 23 15 11 2 14 19 24 16 9 12 24
25 22 6 0 18 19 17 20 17 24 9 17 17 10 17 20 13 20 10 3 21 19 10 6 8 11 20 24 11 4 9 25
10 13 18 18 0 10 2 10 6 13 17 3 20 11 4 6 8 5 9 15 6 13 21 16 18 11 5 6 18 19 11 10
20 4 22 19 10 0 10 2 16 5 13 7 12 9 14 5 6 15 10 17 6 4 18 15 23 8 15 11 13 18 10 20
11 13 17 17 2 10 0 10 6 14 16 4 20 10 3 7 8 5 7 14 7 14 20 15 17 10 5 7 17 18 10 11
18 3 23 20 10 2 10 0 16 4 15 7 13 11 13 4 7 15 10 18 5 5 19 16 24 10 14 10 15 19 11 18
9 19 15 17 6 16 6 16 0 20 19 9 24 13 3 13 12 4 11 13 13 19 23 17 15 14 4 11 20 19 12 9
21 2 27 24 13 5 14 4 20 0 17 11 14 14 17 7 11 18 14 22 8 6 22 20 28 13 18 12 17 23 15 21
27 16 14 9 17 13 16 15 19 17 0 15 8 6 18 16 9 21 9 10 17 12 5 4 16 6 21 22 2 6 7 27
13 10 18 17 3 7 4 7 9 11 15 0 17 9 6 4 6 8 7 15 4 10 19 15 19 9 8 7 15 18 9 13
30 13 22 17 20 12 20 13 24 14 8 17 0 12 23 17 12 25 14 18 18 9 10 12 24 11 25 23 7 14 13 30
20 13 13 10 11 9 10 11 13 14 6 9 12 0 12 11 4 14 2 8 12 10 11 6 14 1 15 16 7 9 1 20
8 16 17 17 4 14 3 13 3 17 18 6 23 12 0 10 11 2 10 14 10 17 22 17 16 12 3 8 19 19 12 8
15 7 22 20 6 5 7 4 13 7 16 4 17 11 10 0 8 11 10 18 1 9 21 17 23 10 10 6 17 20 12 15
18 10 16 13 8 6 8 7 12 11 9 6 12 4 11 8 0 13 4 11 9 7 14 10 17 3 13 13 10 13 4 18
6 18 18 20 5 15 5 15 4 18 21 8 25 14 2 11 13 0 12 16 11 19 25 20 18 15 1 8 22 21 14 6
18 13 12 10 9 10 7 10 11 14 9 7 14 2 10 10 4 12 0 8 11 11 13 8 13 3 12 14 10 11 2 18
22 21 5 3 15 17 14 18 13 22 10 15 18 8 14 18 11 16 8 0 19 18 12 7 6 9 17 21 12 6 7 22
14 7 23 21 6 6 7 5 13 8 17 4 18 12 10 1 9 11 11 19 0 10 22 18 23 12 10 5 18 21 13 14
23 5 23 19 13 4 14 5 19 6 12 10 9 10 17 9 7 19 11 18 10 0 16 14 24 9 18 15 11 17 11 23
31 20 15 10 21 18 20 19 23 22 5 19 10 11 22 21 14 25 13 12 22 16 0 6 17 11 25 26 5 6 11 31
25 18 11 6 16 15 15 16 17 20 4 15 12 6 17 17 10 20 8 7 18 14 6 0 13 7 20 21 5 3 6 25
23 27 2 8 18 23 17 24 15 28 16 19 24 14 16 23 17 18 13 6 23 24 17 13 0 15 19 24 18 11 13 23
21 12 14 11 11 8 10 10 14 13 6 9 11 1 12 10 3 15 3 9 12 9 11 7 15 0 15 15 7 10 2 21
6 17 19 20 5 15 5 14 4 18 21 8 25 15 3 10 13 1 12 17 10 18 25 20 19 15 0 7 22 22 14 6
9 12 24 24 6 11 7 10 11 12 22 7 23 16 8 6 13 8 14 21 5 15 26 21 24 15 7 0 22 24 16 9
28 16 16 11 18 13 17 15 20 17 2 15 7 7 19 17 10 22 10 12 18 11 5 5 18 7 22 22 0 8 8 28
27 21 9 4 19 18 18 19 19 23 6 18 14 9 19 20 13 21 11 6 21 17 6 3 11 10 22 24 8 0 8 27
20 14 12 9 11 10 10 11 12 15 7 9 13 1 12 12 4 14 2 7 13 11 11 6 13 2 14 16 8 8 0 20
0 21 24 25 10 20 11 18 9 21 27 13 30 20 8 15 18 6 18 22 14 23 31 25 23 21 6 9 28 27 20 0
,
0 43 31 38 14 29 27 27 13 58 78 15 52 37 23 29 49 10 47 31 29 56 31 69 35 40 17 16 76 60 55 0
53 0 39 34 32 8 24 4 35 4 23 16 39 14 27 9 20 20 30 31 9 9 43 45 74 25 22 27 19 51 24 56
50 63 0 16 33 59 26 53 25 79 21 29 42 24 42 36 46 41 34 14 64 49 34 18 2 32 28 69 47 27 21 63
47 66 9 0 28 37 23 39 34 69 22 26 32 15 23 43 18 40 21 5 51 23 18 14 14 25 20 34 24 8 23 57
28 26 27 36 0 16 4 22 15 31 33 7 28 32 4 17 19 14 11 33 9 39 25 32 47 27 5 6 42 31 22 19
22 7 47 51 24 0 24 4 29 8 32 17 16 23 20 6 17 36 14 18 9 6 32 22 65 25 22 18 17 28 24 54
15 23 28 19 4 29 0 10 7 28 39 4 48 19 8 15 20 15 21 29 14 15 38 21 37 18 11 15 49 29 14 23
38 7 62 38 23 4 22 0 35 12 31 13 28 16 14 7 19 35 28 19 7 11 32 39 60 25 19 20 21 21 34 40
20 55 36 22 13 42 16 30 0 30 27 17 54 39 8 17 14 4 26 18 35 42 37 30 38 24 9 19 41 45 20 26
23 3 68 25 22 11 16 13 23 0 20 30 22 27 18 16 22 30 35 57 22 7 43 48 70 15 37 17 23 33 28 40
31 34 39 23 32 31 17 29 36 35 0 23 12 7 21 20 23 42 11 14 47 13 7 10 44 17 36 27 2 9 12 29
17 22 46 28 9 14 4 13 12 28 38 0 20 22 7 6 6 22 7 21 6 20 47 35 44 20 22 8 38 51 15 17
40 26 33 25 47 29 50 39 57 26 23 50 0 31 23 40 13 73 26 45 39 24 12 24 53 14 58 39 18 23 19 80
35 23 17 24 13 14 26 21 14 35 10 22 14 0 21 11 6 16 4 21 34 29 15 12 41 3 22 33 14 16 3 46
22 31 43 35 4 27 8 31 6 29 53 7 40 26 0 24 28 4 15 23 15 31 49 24 17 26 6 22 47 39 26 16
33 15 40 28 15 12 20 8 35 9 19 10 47 13 22 0 9 27 18 21 2 20 54 34 24 18 28 17 22 49 30 34
28 19 32 36 12 16 23 19 14 22 21 8 35 9 16 22 0 33 4 22 17 12 34 24 50 5 39 36 10 20 11 24
14 39 34 56 10 33 6 40 8 44 26 16 44 37 3 28 23 0 16 39 31 47 43 42 29 30 2 9 42 41 38 8
34 19 23 15 9 20 18 27 14 28 22 19 31 3 11 25 4 35 0 12 16 27 13 19 27 9 13 15 27 17 4 45
64 46 14 4 21 23 30 45 20 36 21 29 18 24 30 31 28 35 19 0 28 45 15 17 10 16 31 52 32 7 10 47
42 12 57 37 12 7 13 6 32 8 19 5 20 13 18 3 25 12 28 24 0 19 29 23 50 17 26 14 37 35 25 32
35 11 31 55 15 6 15 12 22 18 33 13 16 26 40 23 12 50 26 43 12 0 38 31 69 24 33 33 29 45 19 43
31 28 32 17 63 22 47 45 40 52 9 27 29 23 40 35 37 40 38 15 47 20 0 8 31 14 74 60 8 18 28 42
39 21 27 14 23 30 17 28 43 43 5 38 33 15 39 20 21 21 9 10 44 18 11 0 14 19 24 28 6 10 8 70
30 28 5 11 38 61 19 46 36 33 34 33 25 20 38 54 40 20 37 7 67 45 37 26 0 30 20 64 21 27 20 34
53 34 38 14 11 12 21 17 23 23 11 11 22 3 32 28 8 17 5 27 34 25 25 10 20 0 27 42 17 15 7 52
12 40 45 49 12 39 11 15 10 48 52 8 31 20 7 17 26 1 23 19 25 23 37 35 34 25 0 17 38 33 40 10
26 28 28 58 15 15 15 15 30 32 37 16 42 34 9 7 27 9 26 29 14 39 45 56 49 26 14 0 63 30 20 17
75 20 23 27 49 25 40 22 40 50 2 38 18 11 20 22 19 63 19 21 34 14 13 11 33 9 65 27 0 14 24 47
48 58 11 8 29 20 18 56 25 26 14 35 38 12 50 54 27 63 12 8 54 40 15 7 18 15 40 43 15 0 22 28
47 36 12 11 25 24 15 18 30 34 17 27 37 3 33 19 11 14 6 15 27 15 27 10 28 4 29 46 23 25 0 21
0 47 25 30 11 22 24 19 16 44 34 37 66 24 13 20 30 10 36 63 25 37 75 41 23 27 13 26 82 53 25 0