5
30
,
0 (10.0, 41.0) 53.0
1 (47.0, 6.0) 42.0
2 (48.0, 17.0) 32.0
3 (12.0, 16.0) 87.0
4 (15.0, 36.0) 77.0
5 (15.0, 15.0) 65.0
6 (12.0, 35.0) 42.0
7 (17.0, 4.0) 35.0
8 (7.0, 42.0) 50.0
9 (41.0, 34.0) 50.0
10 (14.0, 22.0) 66.0
11 (35.0, 49.0) 42.0
12 (31.0, 26.0) 51.0
13 (14.0, 9.0) 47.0
14 (9.0, 28.0) 41.0
15 (24.0, 28.0) 35.0
16 (10.0, 6.0) 79.0
17 (28.0, 22.0) 39.0
18 (42.0, 14.0) 47.0
19 (7.0, 27.0) 60.0
20 (19.0, 42.0) 42.0
21 (50.0, 36.0) 74.0
22 (43.0, 27.0) 50.0
23 (46.0, 2.0) 56.0
24 (30.0, 28.0) 57.0
25 (9.0, 7.0) 80.0
26 (1.0, 18.0) 48.0
27 (41.0, 37.0) 58.0
28 (49.0, 24.0) 45.0
29 (32.0, 24.0) 30.0
,
0 21 24 25 10 20 11 18 9 21 27 13 30 20 8 15 18 6 18 22 14 23 31 25 23 21 6 9 28 27 20 0
21 0 25 22 13 4 13 3 19 2 16 10 13 13 16 7 10 18 13 21 7 5 20 18 27 12 17 12 16 21 14 21
24 25 0 6 18 22 17 23 15 27 14 18 22 13 17 22 16 18 12 5 23 23 15 11 2 14 19 24 16 9 12 24
25 22 6 0 18 19 17 20 17 24 9 17 17 10 17 20 13 20 10 3 21 19 10 6 8 11 20 24 11 4 9 25
10 13 18 18 0 10 2 10 6 13 17 3 20 11 4 6 8 5 9 15 6 13 21 16 18 11 5 6 18 19 11 10
20 4 22 19 10 0 10 2 16 5 13 7 12 9 14 5 6 15 10 17 6 4 18 15 23 8 15 11 13 18 10 20
11 13 17 17 2 10 0 10 6 14 16 4 20 10 3 7 8 5 7 14 7 14 20 15 17 10 5 7 17 18 10 11
18 3 23 20 10 2 10 0 16 4 15 7 13 11 13 4 7 15 10 18 5 5 19 16 24 10 14 10 15 19 11 18
9 19 15 17 6 16 6 16 0 20 19 9 24 13 3 13 12 4 11 13 13 19 23 17 15 14 4 11 20 19 12 9
21 2 27 24 13 5 14 4 20 0 17 11 14 14 17 7 11 18 14 22 8 6 22 20 28 13 18 12 17 23 15 21
27 16 14 9 17 13 16 15 19 17 0 15 8 6 18 16 9 21 9 10 17 12 5 4 16 6 21 22 2 6 7 27
13 10 18 17 3 7 4 7 9 11 15 0 17 9 6 4 6 8 7 15 4 10 19 15 19 9 8 7 15 18 9 13
30 13 22 17 20 12 20 13 24 14 8 17 0 12 23 17 12 25 14 18 18 9 10 12 24 11 25 23 7 14 13 30
20 13 13 10 11 9 10 11 13 14 6 9 12 0 12 11 4 14 2 8 12 10 11 6 14 1 15 16 7 9 1 20
8 16 17 17 4 14 3 13 3 17 18 6 23 12 0 10 11 2 10 14 10 17 22 17 16 12 3 8 19 19 12 8
15 7 22 20 6 5 7 4 13 7 16 4 17 11 10 0 8 11 10 18 1 9 21 17 23 10 10 6 17 20 12 15
18 10 16 13 8 6 8 7 12 11 9 6 12 4 11 8 0 13 4 11 9 7 14 10 17 3 13 13 10 13 4 18
6 18 18 20 5 15 5 15 4 18 21 8 25 14 2 11 13 0 12 16 11 19 25 20 18 15 1 8 22 21 14 6
18 13 12 10 9 10 7 10 11 14 9 7 14 2 10 10 4 12 0 8 11 11 13 8 13 3 12 14 10 11 2 18
22 21 5 3 15 17 14 18 13 22 10 15 18 8 14 18 11 16 8 0 19 18 12 7 6 9 17 21 12 6 7 22
14 7 23 21 6 6 7 5 13 8 17 4 18 12 10 1 9 11 11 19 0 10 22 18 23 12 10 5 18 21 13 14
23 5 23 19 13 4 14 5 19 6 12 10 9 10 17 9 7 19 11 18 10 0 16 14 24 9 18 15 11 17 11 23
31 20 15 10 21 18 20 19 23 22 5 19 10 11 22 21 14 25 13 12 22 16 0 6 17 11 25 26 5 6 11 31
25 18 11 6 16 15 15 16 17 20 4 15 12 6 17 17 10 20 8 7 18 14 6 0 13 7 20 21 5 3 6 25
23 27 2 8 18 23 17 24 15 28 16 19 24 14 16 23 17 18 13 6 23 24 17 13 0 15 19 24 18 11 13 23
21 12 14 11 11 8 10 10 14 13 6 9 11 1 12 10 3 15 3 9 12 9 11 7 15 0 15 15 7 10 2 21
6 17 19 20 5 15 5 14 4 18 21 8 25 15 3 10 13 1 12 17 10 18 25 20 19 15 0 7 22 22 14 6
9 12 24 24 6 11 7 10 11 12 22 7 23 16 8 6 13 8 14 21 5 15 26 21 24 15 7 0 22 24 16 9
28 16 16 11 18 13 17 15 20 17 2 15 7 7 19 17 10 22 10 12 18 11 5 5 18 7 22 22 0 8 8 28
27 21 9 4 19 18 18 19 19 23 6 18 14 9 19 20 13 21 11 6 21 17 6 3 11 10 22 24 8 0 8 27
20 14 12 9 11 10 10 11 12 15 7 9 13 1 12 12 4 14 2 7 13 11 11 6 13 2 14 16 8 8 0 20
0 21 24 25 10 20 11 18 9 21 27 13 30 20 8 15 18 6 18 22 14 23 31 25 23 21 6 9 28 27 20 0
,
0 41 25 47 10 41 11 47 12 61 57 21 64 29 23 18 26 6 53 63 21 51 68 41 48 32 16 21 80 73 31 0
25 0 45 56 24 4 17 5 27 2 31 14 25 23 22 14 23 25 33 40 12 12 24 42 34 28 37 24 26 41 32 49
26 72 0 8 33 39 31 32 20 41 36 37 46 17 41 30 18 36 19 12 63 58 42 32 5 34 23 42 43 10 28 38
52 50 12 0 20 27 44 25 36 42 14 34 41 11 34 42 19 57 22 5 45 21 11 12 20 17 23 43 17 10 9 34
27 27 48 42 0 27 3 16 19 39 18 9 32 17 10 14 19 9 24 32 17 35 22 18 32 17 10 9 43 34 11 23
32 8 37 21 26 0 29 2 39 7 15 11 27 16 14 9 11 16 16 24 16 9 48 43 25 11 25 30 26 21 13 48
21 30 44 43 2 31 0 14 11 22 18 10 22 27 7 9 24 9 8 19 8 19 22 43 46 28 11 14 22 34 24 31
33 4 29 27 25 2 23 0 43 10 30 11 18 14 35 9 13 20 14 53 7 8 32 30 61 18 26 21 15 21 33 30
15 26 42 30 17 38 11 25 0 32 36 14 39 24 3 21 25 6 12 29 22 41 47 39 29 29 10 29 44 47 13 24
52 3 44 34 25 10 41 7 22 0 32 25 15 42 41 11 12 40 20 56 9 10 38 53 64 16 38 13 48 52 38 40
80 22 16 14 25 25 26 36 26 51 0 23 13 16 18 40 11 37 21 21 34 17 6 8 21 18 43 61 4 10 10 78
38 18 35 22 7 10 10 10 21 23 44 0 27 13 17 4 15 9 11 29 6 11 38 34 35 21 19 11 35 22 10 33
66 21 45 43 59 32 27 15 72 31 13 36 0 33 25 32 24 45 20 46 42 21 22 30 68 28 30 66 19 26 18 60
48 17 25 10 25 24 23 13 28 28 14 13 21 0 24 20 8 22 3 21 25 28 13 16 23 3 29 33 9 18 2 44
25 46 34 43 4 17 3 15 5 40 33 14 37 28 0 25 29 5 17 41 13 47 33 46 35 20 6 14 28 25 19 22
42 8 57 61 11 13 14 6 19 17 19 11 26 15 11 0 13 21 17 36 3 20 56 39 51 21 16 16 48 57 34 31
35 15 29 29 11 11 13 9 36 26 19 13 19 11 31 10 0 16 10 20 11 10 28 16 18 6 37 23 16 26 8 35
12 21 51 55 10 45 6 36 11 23 27 13 50 36 5 18 34 0 33 22 32 39 71 23 22 39 2 8 35 52 20 6
48 29 23 17 23 11 14 16 30 28 24 11 20 5 26 20 5 26 0 14 31 21 24 19 19 9 12 16 20 26 3 43
60 42 9 4 20 27 33 55 26 62 17 16 50 18 20 39 31 33 17 0 31 42 21 19 18 26 19 35 34 7 16 26
23 14 32 51 15 6 15 6 36 20 21 8 46 20 10 3 22 31 22 33 0 11 27 39 68 25 26 9 49 55 37 21
62 6 32 25 36 7 18 9 30 12 26 17 12 25 46 12 12 49 14 46 22 0 18 41 27 12 50 20 29 32 33 51
50 55 29 26 63 29 60 42 68 64 7 32 27 12 23 53 28 33 19 18 46 21 0 13 24 23 65 67 12 11 31 41
46 42 11 16 22 37 28 37 21 51 5 20 29 6 30 34 17 41 8 16 25 25 12 0 17 7 38 54 12 4 15 32
67 34 3 21 39 53 26 52 25 38 27 53 50 16 40 46 20 52 17 14 33 65 21 23 0 25 21 61 47 29 36 52
34 14 32 12 19 22 16 25 20 38 17 16 11 2 32 16 4 19 8 21 16 18 31 12 32 0 33 33 14 29 6 34
13 21 23 44 12 39 11 18 9 20 56 15 67 36 6 25 38 1 16 29 10 32 55 22 45 19 0 14 49 64 17 16
17 21 27 70 16 29 15 20 14 14 26 14 27 44 18 13 24 10 22 22 12 32 74 27 40 24 18 0 50 59 37 11
30 24 45 16 29 18 23 16 56 49 3 20 16 14 49 23 25 44 28 25 23 12 11 14 26 19 26 41 0 9 10 35
73 55 15 9 22 23 30 38 56 32 16 31 40 14 28 37 28 50 15 13 27 21 15 8 22 14 63 39 18 0 9 61
37 35 35 18 30 30 24 13 36 35 8 26 17 3 22 21 6 25 4 15 23 22 25 8 24 3 29 30 9 10 0 21
0 63 36 34 30 27 22 40 9 26 66 30 68 45 18 22 19 8 20 59 33 64 76 27 46 58 11 19 40 69 46 0