5
30
,
0 (32.0, 4.0) 19.0
1 (18.0, 25.0) 28.0
2 (8.0, 34.0) 26.0
3 (47.0, 36.0) 11.0
4 (38.0, 3.0) 30.0
5 (10.0, 49.0) 14.0
6 (27.0, 18.0) 22.0
7 (46.0, 7.0) 12.0
8 (18.0, 23.0) 31.0
9 (21.0, 20.0) 11.0
10 (23.0, 40.0) 21.0
11 (22.0, 14.0) 28.0
12 (12.0, 9.0) 10.0
13 (41.0, 3.0) 16.0
14 (32.0, 35.0) 41.0
15 (28.0, 27.0) 41.0
16 (39.0, 26.0) 45.0
17 (1.0, 25.0) 38.0
18 (35.0, 13.0) 11.0
19 (44.0, 26.0) 26.0
20 (5.0, 48.0) 13.0
21 (0.0, 49.0) 15.0
22 (24.0, 7.0) 18.0
23 (8.0, 8.0) 30.0
24 (20.0, 6.0) 22.0
25 (34.0, 24.0) 17.0
26 (2.0, 45.0) 13.0
27 (40.0, 25.0) 12.0
28 (22.0, 45.0) 22.0
29 (41.0, 2.0) 32.0
,
0 5 8 7 1 10 3 3 5 4 7 3 4 2 6 5 5 7 2 5 10 11 2 5 2 4 10 4 8 2
5 0 3 6 6 5 2 7 0 1 3 2 3 6 3 2 4 3 4 5 5 6 4 4 4 3 5 4 4 7
8 3 0 8 9 3 5 9 3 4 3 5 5 9 5 4 6 2 7 7 3 3 6 5 6 6 3 7 4 9
7 6 8 0 7 8 5 6 6 6 5 7 9 7 3 4 3 9 5 2 9 10 7 10 8 4 9 3 5 7
1 6 9 7 0 11 4 2 6 5 8 4 5 1 7 5 5 9 2 5 11 12 3 6 4 4 11 4 9 1
10 5 3 8 11 0 7 11 5 6 3 7 8 11 5 6 7 5 9 8 1 2 9 8 9 7 2 8 3 11
3 2 5 5 4 7 0 4 2 1 4 1 3 4 4 2 3 5 2 4 7 8 2 4 3 2 7 3 5 4
3 7 9 6 2 11 4 0 6 6 8 5 7 1 6 5 4 10 3 4 12 12 4 8 5 4 12 4 9 1
5 0 3 6 6 5 2 6 0 1 4 2 3 6 4 2 4 3 4 5 6 6 3 4 3 3 5 4 4 6
4 1 4 6 5 6 1 6 1 0 4 1 3 5 4 2 4 4 3 5 6 7 3 4 3 3 6 4 5 5
7 3 3 5 8 3 4 8 4 4 0 5 7 8 2 3 4 5 6 5 4 5 7 7 7 4 4 5 1 8
3 2 5 7 4 7 1 5 2 1 5 0 2 4 5 3 4 5 3 5 8 8 1 3 2 3 7 4 6 4
4 3 5 9 5 8 3 7 3 3 7 2 0 6 7 5 6 4 5 7 8 8 2 1 2 5 7 6 7 6
2 6 9 7 1 11 4 1 6 5 8 4 6 0 7 5 5 9 2 5 12 12 3 7 4 4 11 4 9 0
6 3 5 3 7 5 4 6 4 4 2 5 7 7 0 2 2 7 4 3 6 7 6 7 6 2 6 3 3 7
5 2 4 4 5 6 2 5 2 2 3 3 5 5 2 0 2 5 3 3 6 7 4 6 4 1 6 2 4 6
5 4 6 3 5 7 3 4 4 4 4 4 6 5 2 2 0 8 3 1 8 9 5 7 6 1 8 0 5 5
7 3 2 9 9 5 5 10 3 4 5 5 4 9 7 5 8 0 7 9 5 5 6 4 5 7 4 8 6 9
2 4 7 5 2 9 2 3 4 3 6 3 5 2 4 3 3 7 0 3 9 10 3 5 3 2 9 3 7 3
5 5 7 2 5 8 4 4 5 5 5 5 7 5 3 3 1 9 3 0 9 10 6 8 6 2 9 1 6 5
10 5 3 9 11 1 7 12 6 6 4 8 8 12 6 6 8 5 9 9 0 1 9 8 9 8 1 8 3 12
11 6 3 10 12 2 8 12 6 7 5 8 8 12 7 7 9 5 10 10 1 0 10 8 9 8 1 9 4 12
2 4 6 7 3 9 2 4 3 3 7 1 2 3 6 4 5 6 3 6 9 10 0 3 1 4 9 5 8 4
5 4 5 10 6 8 4 8 4 4 7 3 1 7 7 6 7 4 5 8 8 8 3 0 2 6 7 7 8 7
2 4 6 8 4 9 3 5 3 3 7 2 2 4 6 4 6 5 3 6 9 9 1 2 0 5 9 6 8 4
4 3 6 4 4 7 2 4 3 3 4 3 5 4 2 1 1 7 2 2 8 8 4 6 5 0 8 1 5 5
10 5 3 9 11 2 7 12 5 6 4 7 7 11 6 6 8 4 9 9 1 1 9 7 9 8 0 9 4 12
4 4 7 3 4 8 3 4 4 4 5 4 6 4 3 2 0 8 3 1 8 9 5 7 6 1 9 0 5 5
8 4 4 5 9 3 5 9 4 5 1 6 7 9 3 4 5 6 7 6 3 4 8 8 8 5 4 5 0 9
2 7 9 7 1 11 4 1 6 5 8 4 6 0 7 6 5 9 3 5 12 12 4 7 4 5 12 5 9 0
,
0 37 48 37 8 62 10 11 18 23 35 18 23 5 23 24 20 24 13 31 26 44 12 21 7 12 47 24 24 9
34 0 8 20 38 21 6 46 1 7 21 11 14 34 18 10 14 17 17 21 30 41 10 19 12 13 36 28 27 39
23 8 0 32 51 12 14 69 8 22 13 35 35 41 15 20 46 11 36 40 7 19 46 24 24 24 9 41 24 31
48 36 41 0 39 53 21 39 17 44 14 48 62 19 17 11 12 50 24 6 55 51 22 52 56 19 34 7 26 23
8 22 40 31 0 39 23 11 38 23 50 27 26 4 24 36 30 23 13 31 72 44 18 15 18 31 63 12 47 4
38 17 10 36 59 0 44 76 27 45 22 33 60 29 15 18 27 15 46 53 6 6 25 56 33 20 11 38 16 79
21 7 15 29 13 39 0 13 6 9 24 9 12 17 9 7 16 15 9 19 43 55 12 14 8 11 23 13 24 21
11 26 60 33 11 32 32 0 37 17 45 35 21 6 24 30 12 32 16 13 51 39 20 21 29 24 52 20 34 9
21 2 17 47 32 27 8 38 0 6 23 10 22 30 20 13 25 13 24 31 18 22 24 20 21 22 32 14 12 46
27 7 15 36 25 28 8 27 2 0 26 7 10 15 13 7 27 25 11 30 45 38 8 15 7 16 16 28 34 39
28 18 15 34 46 13 29 28 25 29 0 23 34 31 15 15 29 15 40 20 17 30 36 51 27 27 21 24 5 32
19 15 36 42 14 36 3 16 6 5 13 0 8 29 15 8 16 27 9 30 32 44 7 15 11 16 25 18 42 16
21 19 38 62 33 23 9 44 15 14 46 17 0 29 17 18 39 28 18 41 26 35 10 3 13 36 44 18 54 24
6 39 47 35 4 37 16 6 43 22 24 14 41 0 20 22 34 50 10 23 49 46 16 39 28 17 57 24 49 1
34 9 24 16 34 19 12 43 12 12 15 19 20 39 0 9 7 39 18 17 44 33 37 53 24 11 35 11 9 21
18 13 32 22 23 24 12 27 8 8 18 9 18 15 12 0 15 21 18 18 19 21 25 19 25 9 24 15 18 28
28 18 44 9 26 39 18 26 18 20 16 25 40 34 12 17 0 41 18 5 40 41 20 44 40 5 35 2 19 36
35 24 8 67 58 17 38 36 20 16 18 20 15 62 45 32 25 0 48 27 15 31 15 9 36 38 26 48 18 57
5 23 25 17 16 50 11 13 15 14 40 10 19 14 26 13 11 28 0 11 48 73 11 37 10 11 38 15 31 14
19 39 39 10 34 27 18 25 33 21 22 18 45 17 14 22 7 30 8 0 60 27 23 46 37 8 55 6 17 31
38 15 19 46 71 4 26 45 19 33 26 26 43 77 41 34 50 34 40 25 0 3 45 46 51 22 6 63 12 50
32 23 21 41 48 11 38 82 46 21 30 34 37 55 42 25 41 32 52 60 7 0 35 52 52 28 7 32 29 63
11 12 42 20 19 31 9 24 14 11 22 11 10 21 15 29 34 31 12 37 37 71 0 14 4 20 52 24 31 17
12 15 13 57 22 22 12 36 16 16 52 14 4 34 45 22 36 25 35 59 59 55 8 0 7 37 50 28 50 24
8 11 33 37 23 36 9 29 25 12 34 7 9 16 39 21 31 14 18 26 38 67 4 10 0 32 26 37 54 17
28 10 15 24 30 23 5 23 11 9 26 23 35 21 6 10 6 26 10 6 28 29 13 26 29 0 50 4 33 12
65 25 9 33 65 11 34 34 40 18 30 36 55 51 29 20 24 25 48 44 5 3 24 22 63 40 0 29 13 44
18 16 20 14 19 29 16 11 19 23 20 27 22 12 9 10 2 33 9 5 38 34 19 37 39 6 58 0 35 33
33 25 18 25 46 17 14 56 20 22 3 39 55 60 14 28 30 28 29 27 12 17 34 36 21 34 16 19 0 46
9 19 68 47 3 74 11 5 44 21 27 14 30 1 49 35 31 34 11 35 44 74 22 44 11 34 51 16 66 0