5
30
,
0 (32.0, 4.0) 23.0
1 (18.0, 25.0) 15.0
2 (8.0, 34.0) 34.0
3 (47.0, 36.0) 21.0
4 (38.0, 3.0) 33.0
5 (10.0, 49.0) 42.0
6 (27.0, 18.0) 10.0
7 (46.0, 7.0) 48.0
8 (18.0, 23.0) 18.0
9 (21.0, 20.0) 14.0
10 (23.0, 40.0) 22.0
11 (22.0, 14.0) 35.0
12 (12.0, 9.0) 22.0
13 (41.0, 3.0) 18.0
14 (32.0, 35.0) 23.0
15 (28.0, 27.0) 39.0
16 (39.0, 26.0) 13.0
17 (1.0, 25.0) 21.0
18 (35.0, 13.0) 17.0
19 (44.0, 26.0) 11.0
20 (5.0, 48.0) 15.0
21 (0.0, 49.0) 14.0
22 (24.0, 7.0) 39.0
23 (8.0, 8.0) 23.0
24 (20.0, 6.0) 17.0
25 (34.0, 24.0) 19.0
26 (2.0, 45.0) 18.0
27 (40.0, 25.0) 14.0
28 (22.0, 45.0) 27.0
29 (41.0, 2.0) 21.0
,
0 5 8 7 1 10 3 3 5 4 7 3 4 2 6 5 5 7 2 5 10 11 2 5 2 4 10 4 8 2
5 0 3 6 6 5 2 7 0 1 3 2 3 6 3 2 4 3 4 5 5 6 4 4 4 3 5 4 4 7
8 3 0 8 9 3 5 9 3 4 3 5 5 9 5 4 6 2 7 7 3 3 6 5 6 6 3 7 4 9
7 6 8 0 7 8 5 6 6 6 5 7 9 7 3 4 3 9 5 2 9 10 7 10 8 4 9 3 5 7
1 6 9 7 0 11 4 2 6 5 8 4 5 1 7 5 5 9 2 5 11 12 3 6 4 4 11 4 9 1
10 5 3 8 11 0 7 11 5 6 3 7 8 11 5 6 7 5 9 8 1 2 9 8 9 7 2 8 3 11
3 2 5 5 4 7 0 4 2 1 4 1 3 4 4 2 3 5 2 4 7 8 2 4 3 2 7 3 5 4
3 7 9 6 2 11 4 0 6 6 8 5 7 1 6 5 4 10 3 4 12 12 4 8 5 4 12 4 9 1
5 0 3 6 6 5 2 6 0 1 4 2 3 6 4 2 4 3 4 5 6 6 3 4 3 3 5 4 4 6
4 1 4 6 5 6 1 6 1 0 4 1 3 5 4 2 4 4 3 5 6 7 3 4 3 3 6 4 5 5
7 3 3 5 8 3 4 8 4 4 0 5 7 8 2 3 4 5 6 5 4 5 7 7 7 4 4 5 1 8
3 2 5 7 4 7 1 5 2 1 5 0 2 4 5 3 4 5 3 5 8 8 1 3 2 3 7 4 6 4
4 3 5 9 5 8 3 7 3 3 7 2 0 6 7 5 6 4 5 7 8 8 2 1 2 5 7 6 7 6
2 6 9 7 1 11 4 1 6 5 8 4 6 0 7 5 5 9 2 5 12 12 3 7 4 4 11 4 9 0
6 3 5 3 7 5 4 6 4 4 2 5 7 7 0 2 2 7 4 3 6 7 6 7 6 2 6 3 3 7
5 2 4 4 5 6 2 5 2 2 3 3 5 5 2 0 2 5 3 3 6 7 4 6 4 1 6 2 4 6
5 4 6 3 5 7 3 4 4 4 4 4 6 5 2 2 0 8 3 1 8 9 5 7 6 1 8 0 5 5
7 3 2 9 9 5 5 10 3 4 5 5 4 9 7 5 8 0 7 9 5 5 6 4 5 7 4 8 6 9
2 4 7 5 2 9 2 3 4 3 6 3 5 2 4 3 3 7 0 3 9 10 3 5 3 2 9 3 7 3
5 5 7 2 5 8 4 4 5 5 5 5 7 5 3 3 1 9 3 0 9 10 6 8 6 2 9 1 6 5
10 5 3 9 11 1 7 12 6 6 4 8 8 12 6 6 8 5 9 9 0 1 9 8 9 8 1 8 3 12
11 6 3 10 12 2 8 12 6 7 5 8 8 12 7 7 9 5 10 10 1 0 10 8 9 8 1 9 4 12
2 4 6 7 3 9 2 4 3 3 7 1 2 3 6 4 5 6 3 6 9 10 0 3 1 4 9 5 8 4
5 4 5 10 6 8 4 8 4 4 7 3 1 7 7 6 7 4 5 8 8 8 3 0 2 6 7 7 8 7
2 4 6 8 4 9 3 5 3 3 7 2 2 4 6 4 6 5 3 6 9 9 1 2 0 5 9 6 8 4
4 3 6 4 4 7 2 4 3 3 4 3 5 4 2 1 1 7 2 2 8 8 4 6 5 0 8 1 5 5
10 5 3 9 11 2 7 12 5 6 4 7 7 11 6 6 8 4 9 9 1 1 9 7 9 8 0 9 4 12
4 4 7 3 4 8 3 4 4 4 5 4 6 4 3 2 0 8 3 1 8 9 5 7 6 1 9 0 5 5
8 4 4 5 9 3 5 9 4 5 1 6 7 9 3 4 5 6 7 6 3 4 8 8 8 5 4 5 0 9
2 7 9 7 1 11 4 1 6 5 8 4 6 0 7 6 5 9 3 5 12 12 4 7 4 5 12 5 9 0
,
0 16 37 19 7 72 19 14 22 16 46 17 23 13 39 24 16 35 6 20 27 35 11 19 9 23 40 27 26 9
37 0 16 25 43 29 11 36 2 7 20 14 20 30 21 12 13 12 15 15 23 17 22 28 15 12 20 24 11 47
57 18 0 44 63 14 15 56 18 13 17 20 30 30 19 18 27 10 41 32 16 16 24 24 20 27 6 35 10 27
42 21 32 0 37 31 15 31 25 29 20 38 52 42 14 21 13 40 20 13 38 50 55 63 31 15 37 10 22 45
6 35 56 43 0 57 10 11 31 32 54 10 23 3 47 32 13 40 6 22 62 68 9 28 16 14 72 13 63 3
66 14 10 49 48 0 44 41 30 20 23 29 54 83 35 22 22 38 45 37 6 7 41 34 64 20 5 21 14 44
10 13 15 18 24 23 0 11 13 8 17 5 24 15 15 8 16 22 12 15 26 49 7 30 8 10 50 21 20 26
13 38 54 17 8 34 14 0 26 39 57 17 46 4 18 20 16 39 9 24 74 75 16 51 37 16 47 19 48 7
17 2 22 33 28 34 15 43 0 3 21 13 16 23 24 10 14 23 12 34 36 21 13 18 15 19 29 25 26 37
24 4 17 40 30 40 7 22 4 0 21 6 13 29 19 15 10 14 16 32 44 35 12 15 13 19 26 24 25 22
20 9 14 16 34 18 27 39 17 21 0 34 48 34 8 20 16 25 43 25 12 19 27 35 45 29 15 19 7 22
7 13 31 23 12 35 7 28 14 4 21 0 7 29 30 16 20 28 13 14 20 59 8 22 12 10 19 31 42 23
14 20 16 62 19 56 10 47 12 13 35 7 0 33 32 28 35 28 21 32 35 37 13 4 9 33 23 17 33 29
5 20 33 31 2 73 26 8 32 31 22 23 29 0 35 33 25 48 9 32 41 89 25 26 30 23 85 30 30 1
17 20 33 18 30 16 17 21 21 27 11 29 35 26 0 8 8 29 18 18 26 30 33 51 16 9 37 11 21 42
16 7 13 27 31 31 11 35 10 7 10 17 25 20 12 0 11 18 14 19 24 36 13 28 32 7 34 14 22 36
23 26 29 9 25 54 15 29 15 17 20 12 23 30 10 8 0 48 20 7 31 41 22 28 41 8 34 1 17 16
30 23 14 68 58 31 15 34 14 25 25 13 18 63 25 39 33 0 41 46 35 33 35 12 37 31 19 34 31 40
8 19 34 31 6 23 9 14 27 18 15 7 31 16 16 18 18 47 0 17 42 53 13 30 9 12 60 10 26 12
33 28 36 7 15 45 26 25 19 15 32 25 34 26 21 9 5 37 12 0 23 35 23 21 19 7 52 2 37 32
44 15 21 55 45 4 44 74 14 21 24 28 27 56 32 26 25 27 55 23 0 3 31 57 57 27 4 53 19 33
73 20 24 71 76 14 55 69 30 49 13 29 22 33 33 41 48 34 71 66 3 0 43 45 69 36 6 26 19 45
11 14 17 45 12 32 13 30 24 17 30 7 8 12 37 14 25 34 17 28 26 69 0 9 5 16 29 28 26 19
30 10 37 31 44 59 27 35 14 11 26 18 2 35 39 33 35 27 34 31 52 43 13 0 14 20 47 26 43 30
12 20 27 28 14 35 17 19 25 16 40 9 11 29 35 22 19 37 15 39 46 51 6 15 0 16 61 20 58 25
11 21 25 11 24 44 8 28 15 16 16 11 20 18 13 7 7 36 8 14 33 51 20 28 23 0 53 5 28 22
30 36 7 35 61 7 23 77 32 33 29 20 55 32 41 46 54 30 40 54 6 4 62 19 48 26 0 27 28 61
26 20 17 13 32 35 14 13 26 14 23 24 19 14 18 17 1 34 11 2 42 62 17 32 38 3 55 0 30 21
26 27 14 20 59 14 23 67 12 21 3 25 44 41 10 20 33 35 52 17 15 30 46 23 23 30 16 19 0 57
11 46 29 23 3 53 14 7 32 26 61 32 29 1 33 19 17 29 7 22 36 59 24 27 22 21 49 21 64 0