5
30
,
0 (32.0, 4.0) 22.0
1 (18.0, 25.0) 19.0
2 (8.0, 34.0) 43.0
3 (47.0, 36.0) 14.0
4 (38.0, 3.0) 13.0
5 (10.0, 49.0) 17.0
6 (27.0, 18.0) 25.0
7 (46.0, 7.0) 15.0
8 (18.0, 23.0) 20.0
9 (21.0, 20.0) 44.0
10 (23.0, 40.0) 11.0
11 (22.0, 14.0) 29.0
12 (12.0, 9.0) 13.0
13 (41.0, 3.0) 26.0
14 (32.0, 35.0) 18.0
15 (28.0, 27.0) 41.0
16 (39.0, 26.0) 17.0
17 (1.0, 25.0) 14.0
18 (35.0, 13.0) 35.0
19 (44.0, 26.0) 24.0
20 (5.0, 48.0) 45.0
21 (0.0, 49.0) 11.0
22 (24.0, 7.0) 28.0
23 (8.0, 8.0) 39.0
24 (20.0, 6.0) 16.0
25 (34.0, 24.0) 15.0
26 (2.0, 45.0) 20.0
27 (40.0, 25.0) 11.0
28 (22.0, 45.0) 33.0
29 (41.0, 2.0) 15.0
,
0 5 8 7 1 10 3 3 5 4 7 3 4 2 6 5 5 7 2 5 10 11 2 5 2 4 10 4 8 2
5 0 3 6 6 5 2 7 0 1 3 2 3 6 3 2 4 3 4 5 5 6 4 4 4 3 5 4 4 7
8 3 0 8 9 3 5 9 3 4 3 5 5 9 5 4 6 2 7 7 3 3 6 5 6 6 3 7 4 9
7 6 8 0 7 8 5 6 6 6 5 7 9 7 3 4 3 9 5 2 9 10 7 10 8 4 9 3 5 7
1 6 9 7 0 11 4 2 6 5 8 4 5 1 7 5 5 9 2 5 11 12 3 6 4 4 11 4 9 1
10 5 3 8 11 0 7 11 5 6 3 7 8 11 5 6 7 5 9 8 1 2 9 8 9 7 2 8 3 11
3 2 5 5 4 7 0 4 2 1 4 1 3 4 4 2 3 5 2 4 7 8 2 4 3 2 7 3 5 4
3 7 9 6 2 11 4 0 6 6 8 5 7 1 6 5 4 10 3 4 12 12 4 8 5 4 12 4 9 1
5 0 3 6 6 5 2 6 0 1 4 2 3 6 4 2 4 3 4 5 6 6 3 4 3 3 5 4 4 6
4 1 4 6 5 6 1 6 1 0 4 1 3 5 4 2 4 4 3 5 6 7 3 4 3 3 6 4 5 5
7 3 3 5 8 3 4 8 4 4 0 5 7 8 2 3 4 5 6 5 4 5 7 7 7 4 4 5 1 8
3 2 5 7 4 7 1 5 2 1 5 0 2 4 5 3 4 5 3 5 8 8 1 3 2 3 7 4 6 4
4 3 5 9 5 8 3 7 3 3 7 2 0 6 7 5 6 4 5 7 8 8 2 1 2 5 7 6 7 6
2 6 9 7 1 11 4 1 6 5 8 4 6 0 7 5 5 9 2 5 12 12 3 7 4 4 11 4 9 0
6 3 5 3 7 5 4 6 4 4 2 5 7 7 0 2 2 7 4 3 6 7 6 7 6 2 6 3 3 7
5 2 4 4 5 6 2 5 2 2 3 3 5 5 2 0 2 5 3 3 6 7 4 6 4 1 6 2 4 6
5 4 6 3 5 7 3 4 4 4 4 4 6 5 2 2 0 8 3 1 8 9 5 7 6 1 8 0 5 5
7 3 2 9 9 5 5 10 3 4 5 5 4 9 7 5 8 0 7 9 5 5 6 4 5 7 4 8 6 9
2 4 7 5 2 9 2 3 4 3 6 3 5 2 4 3 3 7 0 3 9 10 3 5 3 2 9 3 7 3
5 5 7 2 5 8 4 4 5 5 5 5 7 5 3 3 1 9 3 0 9 10 6 8 6 2 9 1 6 5
10 5 3 9 11 1 7 12 6 6 4 8 8 12 6 6 8 5 9 9 0 1 9 8 9 8 1 8 3 12
11 6 3 10 12 2 8 12 6 7 5 8 8 12 7 7 9 5 10 10 1 0 10 8 9 8 1 9 4 12
2 4 6 7 3 9 2 4 3 3 7 1 2 3 6 4 5 6 3 6 9 10 0 3 1 4 9 5 8 4
5 4 5 10 6 8 4 8 4 4 7 3 1 7 7 6 7 4 5 8 8 8 3 0 2 6 7 7 8 7
2 4 6 8 4 9 3 5 3 3 7 2 2 4 6 4 6 5 3 6 9 9 1 2 0 5 9 6 8 4
4 3 6 4 4 7 2 4 3 3 4 3 5 4 2 1 1 7 2 2 8 8 4 6 5 0 8 1 5 5
10 5 3 9 11 2 7 12 5 6 4 7 7 11 6 6 8 4 9 9 1 1 9 7 9 8 0 9 4 12
4 4 7 3 4 8 3 4 4 4 5 4 6 4 3 2 0 8 3 1 8 9 5 7 6 1 9 0 5 5
8 4 4 5 9 3 5 9 4 5 1 6 7 9 3 4 5 6 7 6 3 4 8 8 8 5 4 5 0 9
2 7 9 7 1 11 4 1 6 5 8 4 6 0 7 6 5 9 3 5 12 12 4 7 4 5 12 5 9 0
,
0 17 27 47 6 66 11 21 29 24 20 12 21 9 43 25 18 56 13 31 60 54 13 23 12 20 30 22 59 12
37 0 12 20 32 20 15 37 1 7 10 8 24 37 11 12 16 11 15 23 29 44 13 16 15 17 36 12 20 32
39 8 0 44 37 14 24 44 13 10 14 18 29 58 16 20 18 17 37 47 11 18 42 19 18 16 18 26 20 29
42 30 28 0 43 34 26 33 43 19 30 22 35 38 20 27 7 49 16 12 47 69 33 64 29 17 51 15 27 43
8 19 33 51 0 69 21 6 37 23 26 11 39 4 45 36 19 31 14 34 49 34 18 25 18 28 45 19 25 3
42 36 11 25 73 0 24 54 20 26 14 29 23 75 19 40 19 34 28 21 5 9 60 55 33 45 9 40 15 37
16 9 30 17 22 36 0 19 8 5 22 7 21 28 18 5 10 25 11 11 55 37 13 19 19 13 25 8 39 14
8 39 27 21 10 58 14 0 22 18 56 22 36 4 29 19 14 50 6 22 33 86 27 39 23 17 35 12 67 6
24 3 18 42 19 35 11 31 0 4 23 8 17 43 22 7 18 13 28 28 27 27 16 15 25 20 29 33 20 37
15 3 16 41 13 32 7 33 6 0 16 6 15 39 25 8 15 28 8 13 22 26 10 16 16 15 44 23 16 22
26 15 12 26 31 15 30 35 10 17 0 16 25 23 15 8 25 40 27 14 12 25 46 47 26 27 30 14 3 47
17 10 21 34 27 23 7 13 11 4 28 0 10 27 21 18 20 31 13 17 52 38 6 19 8 11 54 16 17 28
19 18 32 32 36 42 23 31 17 15 19 12 0 31 16 31 45 25 26 54 51 31 10 5 6 18 31 28 42 24
12 35 25 40 4 58 13 9 26 28 27 26 41 0 18 31 23 45 17 16 61 40 23 45 16 27 68 27 48 1
30 25 26 16 22 29 12 20 27 11 11 16 18 46 0 7 10 44 25 19 26 28 35 25 44 15 32 11 16 50
14 15 30 13 31 16 5 18 7 13 13 16 33 28 8 0 14 31 17 18 42 49 21 34 30 9 46 17 15 38
20 18 29 19 20 47 14 17 22 25 28 21 43 27 14 16 0 20 12 3 49 63 35 35 41 3 53 1 30 23
33 12 7 43 59 28 17 50 22 29 18 15 18 52 47 21 29 0 37 44 23 32 32 15 20 26 25 35 41 36
13 26 46 25 6 45 12 17 23 14 22 8 19 12 16 12 18 47 0 18 63 62 16 21 10 10 47 10 24 16
15 35 24 7 21 35 28 18 26 14 37 28 27 25 20 10 7 26 14 0 33 33 15 44 33 9 55 4 38 19
67 14 21 50 47 8 41 42 38 17 27 20 37 58 44 38 21 22 42 63 0 7 54 25 46 29 3 24 23 56
70 19 12 40 50 6 39 83 32 44 33 48 32 50 40 45 42 16 53 64 4 0 60 32 39 46 6 39 25 33
8 28 27 19 8 60 12 29 19 10 28 10 17 16 19 11 22 37 9 25 49 59 0 15 4 10 24 26 27 20
30 29 14 29 32 35 18 38 18 24 23 10 4 18 19 18 37 18 14 33 46 32 23 0 9 32 29 51 29 18
18 25 35 27 15 25 7 16 14 9 37 5 6 16 22 27 39 18 18 24 63 28 5 15 0 15 35 35 21 18
12 11 32 26 20 42 7 22 8 7 14 8 19 13 12 9 5 35 15 8 36 30 30 33 20 0 32 6 32 12
72 30 7 32 33 11 51 72 40 33 25 34 24 30 19 18 28 29 57 58 2 4 32 36 61 43 0 63 19 53
32 30 25 8 21 48 11 15 21 25 29 22 43 24 16 18 1 21 16 6 56 41 27 28 38 5 46 0 34 16
49 21 12 17 61 13 33 56 17 13 4 22 30 30 21 23 28 40 40 24 22 33 53 45 58 24 15 26 0 27
13 48 46 50 4 51 28 8 44 33 44 16 21 1 47 22 22 56 9 34 84 73 12 21 20 23 72 24 57 0