5
30
,
0 (32.0, 4.0) 19.0
1 (18.0, 25.0) 37.0
2 (8.0, 34.0) 13.0
3 (47.0, 36.0) 36.0
4 (38.0, 3.0) 14.0
5 (10.0, 49.0) 17.0
6 (27.0, 18.0) 24.0
7 (46.0, 7.0) 33.0
8 (18.0, 23.0) 13.0
9 (21.0, 20.0) 26.0
10 (23.0, 40.0) 48.0
11 (22.0, 14.0) 37.0
12 (12.0, 9.0) 25.0
13 (41.0, 3.0) 27.0
14 (32.0, 35.0) 47.0
15 (28.0, 27.0) 41.0
16 (39.0, 26.0) 35.0
17 (1.0, 25.0) 32.0
18 (35.0, 13.0) 31.0
19 (44.0, 26.0) 37.0
20 (5.0, 48.0) 14.0
21 (0.0, 49.0) 14.0
22 (24.0, 7.0) 23.0
23 (8.0, 8.0) 47.0
24 (20.0, 6.0) 43.0
25 (34.0, 24.0) 15.0
26 (2.0, 45.0) 14.0
27 (40.0, 25.0) 13.0
28 (22.0, 45.0) 22.0
29 (41.0, 2.0) 11.0
,
0 5 8 7 1 10 3 3 5 4 7 3 4 2 6 5 5 7 2 5 10 11 2 5 2 4 10 4 8 2
5 0 3 6 6 5 2 7 0 1 3 2 3 6 3 2 4 3 4 5 5 6 4 4 4 3 5 4 4 7
8 3 0 8 9 3 5 9 3 4 3 5 5 9 5 4 6 2 7 7 3 3 6 5 6 6 3 7 4 9
7 6 8 0 7 8 5 6 6 6 5 7 9 7 3 4 3 9 5 2 9 10 7 10 8 4 9 3 5 7
1 6 9 7 0 11 4 2 6 5 8 4 5 1 7 5 5 9 2 5 11 12 3 6 4 4 11 4 9 1
10 5 3 8 11 0 7 11 5 6 3 7 8 11 5 6 7 5 9 8 1 2 9 8 9 7 2 8 3 11
3 2 5 5 4 7 0 4 2 1 4 1 3 4 4 2 3 5 2 4 7 8 2 4 3 2 7 3 5 4
3 7 9 6 2 11 4 0 6 6 8 5 7 1 6 5 4 10 3 4 12 12 4 8 5 4 12 4 9 1
5 0 3 6 6 5 2 6 0 1 4 2 3 6 4 2 4 3 4 5 6 6 3 4 3 3 5 4 4 6
4 1 4 6 5 6 1 6 1 0 4 1 3 5 4 2 4 4 3 5 6 7 3 4 3 3 6 4 5 5
7 3 3 5 8 3 4 8 4 4 0 5 7 8 2 3 4 5 6 5 4 5 7 7 7 4 4 5 1 8
3 2 5 7 4 7 1 5 2 1 5 0 2 4 5 3 4 5 3 5 8 8 1 3 2 3 7 4 6 4
4 3 5 9 5 8 3 7 3 3 7 2 0 6 7 5 6 4 5 7 8 8 2 1 2 5 7 6 7 6
2 6 9 7 1 11 4 1 6 5 8 4 6 0 7 5 5 9 2 5 12 12 3 7 4 4 11 4 9 0
6 3 5 3 7 5 4 6 4 4 2 5 7 7 0 2 2 7 4 3 6 7 6 7 6 2 6 3 3 7
5 2 4 4 5 6 2 5 2 2 3 3 5 5 2 0 2 5 3 3 6 7 4 6 4 1 6 2 4 6
5 4 6 3 5 7 3 4 4 4 4 4 6 5 2 2 0 8 3 1 8 9 5 7 6 1 8 0 5 5
7 3 2 9 9 5 5 10 3 4 5 5 4 9 7 5 8 0 7 9 5 5 6 4 5 7 4 8 6 9
2 4 7 5 2 9 2 3 4 3 6 3 5 2 4 3 3 7 0 3 9 10 3 5 3 2 9 3 7 3
5 5 7 2 5 8 4 4 5 5 5 5 7 5 3 3 1 9 3 0 9 10 6 8 6 2 9 1 6 5
10 5 3 9 11 1 7 12 6 6 4 8 8 12 6 6 8 5 9 9 0 1 9 8 9 8 1 8 3 12
11 6 3 10 12 2 8 12 6 7 5 8 8 12 7 7 9 5 10 10 1 0 10 8 9 8 1 9 4 12
2 4 6 7 3 9 2 4 3 3 7 1 2 3 6 4 5 6 3 6 9 10 0 3 1 4 9 5 8 4
5 4 5 10 6 8 4 8 4 4 7 3 1 7 7 6 7 4 5 8 8 8 3 0 2 6 7 7 8 7
2 4 6 8 4 9 3 5 3 3 7 2 2 4 6 4 6 5 3 6 9 9 1 2 0 5 9 6 8 4
4 3 6 4 4 7 2 4 3 3 4 3 5 4 2 1 1 7 2 2 8 8 4 6 5 0 8 1 5 5
10 5 3 9 11 2 7 12 5 6 4 7 7 11 6 6 8 4 9 9 1 1 9 7 9 8 0 9 4 12
4 4 7 3 4 8 3 4 4 4 5 4 6 4 3 2 0 8 3 1 8 9 5 7 6 1 9 0 5 5
8 4 4 5 9 3 5 9 4 5 1 6 7 9 3 4 5 6 7 6 3 4 8 8 8 5 4 5 0 9
2 7 9 7 1 11 4 1 6 5 8 4 6 0 7 6 5 9 3 5 12 12 4 7 4 5 12 5 9 0
,
0 33 44 48 6 72 17 18 27 25 33 18 20 5 24 31 21 26 12 25 26 46 8 29 13 21 47 15 36 13
24 0 11 21 21 19 14 47 2 6 20 6 20 45 23 12 23 18 20 25 38 38 28 14 28 15 22 20 29 45
55 8 0 44 32 9 26 56 17 20 16 25 19 43 16 12 37 14 41 25 20 24 20 27 32 26 14 21 18 56
51 16 32 0 50 22 25 21 23 42 35 23 22 17 12 17 11 54 36 6 56 46 28 27 43 18 44 17 15 46
5 33 26 22 0 76 18 8 41 18 54 11 34 3 44 21 15 56 10 29 49 58 22 19 27 20 34 14 43 2
65 28 8 46 71 0 27 38 40 44 14 39 51 50 28 31 40 30 33 25 7 14 40 58 61 52 10 41 19 70
14 11 27 14 14 30 0 12 8 9 13 5 15 20 22 11 20 30 14 18 49 61 9 17 12 8 50 14 16 12
8 32 29 41 6 80 25 0 47 24 38 19 33 6 25 30 14 39 8 24 56 33 16 34 27 20 40 14 52 8
30 2 20 30 15 25 14 43 0 4 24 9 11 39 15 10 13 19 18 35 36 17 25 15 12 23 14 31 11 39
12 7 23 36 22 38 6 38 3 0 18 8 15 20 27 5 26 28 14 20 40 41 17 12 17 10 26 22 14 31
44 12 24 30 46 14 25 37 25 28 0 36 26 46 13 8 18 33 39 20 17 20 25 33 38 20 21 12 5 57
14 12 33 47 19 45 7 19 10 6 25 0 16 17 33 11 26 32 16 18 20 56 9 14 9 23 38 17 37 12
21 22 28 41 37 49 25 34 19 17 40 9 0 25 19 30 44 23 28 51 21 21 16 3 6 30 29 28 23 21
5 40 50 38 4 30 15 8 37 18 34 32 43 0 32 29 21 40 10 30 55 67 16 44 32 32 65 26 66 1
25 17 32 21 44 31 15 28 11 25 6 17 45 45 0 9 10 34 18 11 31 42 28 32 36 12 38 11 9 41
23 6 25 23 32 29 12 19 9 14 13 21 18 34 7 0 7 19 19 11 32 49 17 26 20 5 17 9 28 16
28 17 37 9 23 37 17 11 26 17 21 16 18 29 16 15 0 25 19 6 42 42 36 24 32 7 48 1 14 19
39 18 11 44 25 30 23 45 24 23 39 28 27 25 17 31 26 0 35 43 21 23 39 26 28 24 22 40 31 29
5 16 21 38 5 52 11 16 12 20 29 10 25 14 32 19 16 35 0 10 63 63 18 23 25 14 43 16 28 16
17 30 50 9 24 59 28 23 20 20 26 26 26 31 9 20 3 49 10 0 44 68 25 27 34 7 31 4 43 15
50 39 19 33 68 6 42 64 28 32 27 23 59 34 22 35 24 25 61 45 0 5 41 44 52 56 3 22 13 42
74 37 20 50 78 7 22 33 21 45 21 28 41 63 43 24 58 22 65 35 5 0 36 56 62 45 4 50 16 68
9 25 31 48 14 58 7 30 16 12 37 6 6 24 18 25 30 27 18 19 28 53 0 22 4 25 41 27 32 12
32 28 29 38 15 36 24 31 11 21 18 15 3 45 44 31 31 17 22 44 41 23 12 0 17 45 35 21 27 41
10 24 38 43 19 48 8 15 23 12 43 11 5 13 38 23 39 20 8 29 59 32 3 13 0 21 50 20 57 16
13 15 28 25 21 32 8 18 23 8 17 10 32 32 13 8 7 44 10 8 55 35 12 43 16 0 31 3 28 34
72 16 9 43 66 8 39 46 37 20 28 20 33 43 29 22 57 21 30 49 4 4 36 43 40 48 0 30 28 49
22 26 39 7 13 36 15 25 32 14 25 26 47 23 10 15 2 30 14 4 25 60 16 31 40 7 55 0 16 29
60 20 14 28 32 8 34 33 28 18 4 41 51 61 13 19 13 19 36 26 24 33 27 28 20 27 24 28 0 30
12 25 34 33 2 31 27 6 17 15 60 23 21 1 40 26 31 34 11 29 41 35 21 39 17 17 69 33 60 0