5
30
,
0 (32.0, 4.0) 13.0
1 (18.0, 25.0) 19.0
2 (8.0, 34.0) 12.0
3 (47.0, 36.0) 33.0
4 (38.0, 3.0) 28.0
5 (10.0, 49.0) 36.0
6 (27.0, 18.0) 35.0
7 (46.0, 7.0) 17.0
8 (18.0, 23.0) 22.0
9 (21.0, 20.0) 45.0
10 (23.0, 40.0) 13.0
11 (22.0, 14.0) 39.0
12 (12.0, 9.0) 43.0
13 (41.0, 3.0) 12.0
14 (32.0, 35.0) 33.0
15 (28.0, 27.0) 38.0
16 (39.0, 26.0) 26.0
17 (1.0, 25.0) 30.0
18 (35.0, 13.0) 18.0
19 (44.0, 26.0) 33.0
20 (5.0, 48.0) 24.0
21 (0.0, 49.0) 15.0
22 (24.0, 7.0) 44.0
23 (8.0, 8.0) 14.0
24 (20.0, 6.0) 13.0
25 (34.0, 24.0) 50.0
26 (2.0, 45.0) 42.0
27 (40.0, 25.0) 46.0
28 (22.0, 45.0) 19.0
29 (41.0, 2.0) 33.0
,
0 5 8 7 1 10 3 3 5 4 7 3 4 2 6 5 5 7 2 5 10 11 2 5 2 4 10 4 8 2
5 0 3 6 6 5 2 7 0 1 3 2 3 6 3 2 4 3 4 5 5 6 4 4 4 3 5 4 4 7
8 3 0 8 9 3 5 9 3 4 3 5 5 9 5 4 6 2 7 7 3 3 6 5 6 6 3 7 4 9
7 6 8 0 7 8 5 6 6 6 5 7 9 7 3 4 3 9 5 2 9 10 7 10 8 4 9 3 5 7
1 6 9 7 0 11 4 2 6 5 8 4 5 1 7 5 5 9 2 5 11 12 3 6 4 4 11 4 9 1
10 5 3 8 11 0 7 11 5 6 3 7 8 11 5 6 7 5 9 8 1 2 9 8 9 7 2 8 3 11
3 2 5 5 4 7 0 4 2 1 4 1 3 4 4 2 3 5 2 4 7 8 2 4 3 2 7 3 5 4
3 7 9 6 2 11 4 0 6 6 8 5 7 1 6 5 4 10 3 4 12 12 4 8 5 4 12 4 9 1
5 0 3 6 6 5 2 6 0 1 4 2 3 6 4 2 4 3 4 5 6 6 3 4 3 3 5 4 4 6
4 1 4 6 5 6 1 6 1 0 4 1 3 5 4 2 4 4 3 5 6 7 3 4 3 3 6 4 5 5
7 3 3 5 8 3 4 8 4 4 0 5 7 8 2 3 4 5 6 5 4 5 7 7 7 4 4 5 1 8
3 2 5 7 4 7 1 5 2 1 5 0 2 4 5 3 4 5 3 5 8 8 1 3 2 3 7 4 6 4
4 3 5 9 5 8 3 7 3 3 7 2 0 6 7 5 6 4 5 7 8 8 2 1 2 5 7 6 7 6
2 6 9 7 1 11 4 1 6 5 8 4 6 0 7 5 5 9 2 5 12 12 3 7 4 4 11 4 9 0
6 3 5 3 7 5 4 6 4 4 2 5 7 7 0 2 2 7 4 3 6 7 6 7 6 2 6 3 3 7
5 2 4 4 5 6 2 5 2 2 3 3 5 5 2 0 2 5 3 3 6 7 4 6 4 1 6 2 4 6
5 4 6 3 5 7 3 4 4 4 4 4 6 5 2 2 0 8 3 1 8 9 5 7 6 1 8 0 5 5
7 3 2 9 9 5 5 10 3 4 5 5 4 9 7 5 8 0 7 9 5 5 6 4 5 7 4 8 6 9
2 4 7 5 2 9 2 3 4 3 6 3 5 2 4 3 3 7 0 3 9 10 3 5 3 2 9 3 7 3
5 5 7 2 5 8 4 4 5 5 5 5 7 5 3 3 1 9 3 0 9 10 6 8 6 2 9 1 6 5
10 5 3 9 11 1 7 12 6 6 4 8 8 12 6 6 8 5 9 9 0 1 9 8 9 8 1 8 3 12
11 6 3 10 12 2 8 12 6 7 5 8 8 12 7 7 9 5 10 10 1 0 10 8 9 8 1 9 4 12
2 4 6 7 3 9 2 4 3 3 7 1 2 3 6 4 5 6 3 6 9 10 0 3 1 4 9 5 8 4
5 4 5 10 6 8 4 8 4 4 7 3 1 7 7 6 7 4 5 8 8 8 3 0 2 6 7 7 8 7
2 4 6 8 4 9 3 5 3 3 7 2 2 4 6 4 6 5 3 6 9 9 1 2 0 5 9 6 8 4
4 3 6 4 4 7 2 4 3 3 4 3 5 4 2 1 1 7 2 2 8 8 4 6 5 0 8 1 5 5
10 5 3 9 11 2 7 12 5 6 4 7 7 11 6 6 8 4 9 9 1 1 9 7 9 8 0 9 4 12
4 4 7 3 4 8 3 4 4 4 5 4 6 4 3 2 0 8 3 1 8 9 5 7 6 1 9 0 5 5
8 4 4 5 9 3 5 9 4 5 1 6 7 9 3 4 5 6 7 6 3 4 8 8 8 5 4 5 0 9
2 7 9 7 1 11 4 1 6 5 8 4 6 0 7 6 5 9 3 5 12 12 4 7 4 5 12 5 9 0
,
0 14 27 36 7 64 14 18 21 19 21 16 13 8 31 22 31 25 11 25 60 60 12 26 10 24 45 20 41 12
28 0 12 41 41 29 16 45 1 8 15 7 10 39 26 13 28 14 30 17 31 32 27 29 25 12 23 12 22 27
33 7 0 37 60 18 24 37 17 19 15 14 36 39 22 26 24 13 38 43 12 18 43 24 38 31 12 21 18 55
42 16 56 0 28 34 16 19 34 36 20 21 26 34 22 30 16 44 15 12 35 38 52 52 47 16 46 9 25 39
5 25 43 22 0 64 20 5 32 19 44 28 19 2 42 30 22 56 14 35 70 31 14 19 19 23 77 14 33 3
43 34 12 37 62 0 40 70 36 18 13 54 46 37 27 39 55 36 32 48 6 9 35 45 40 48 8 34 8 43
18 12 29 30 21 47 0 22 11 6 28 5 24 13 16 10 11 39 5 19 51 60 13 17 12 6 38 11 20 17
9 22 65 34 11 57 17 0 46 25 43 29 31 6 19 22 20 28 13 14 78 77 15 22 27 12 30 23 31 8
27 2 10 28 26 27 12 38 0 6 26 5 21 25 27 14 15 20 12 33 23 22 17 23 22 14 31 31 13 23
14 6 12 30 17 38 3 19 3 0 24 4 17 18 20 12 11 19 19 32 46 38 8 11 8 7 45 29 22 18
54 8 19 35 46 18 19 43 15 27 0 22 17 22 12 12 26 31 20 26 11 16 33 27 45 10 17 26 7 46
20 17 14 24 25 40 4 25 6 7 25 0 6 13 28 17 30 32 15 35 35 26 4 17 10 18 48 22 34 18
17 12 13 65 16 22 23 22 10 15 34 10 0 30 24 26 24 24 32 32 24 32 11 2 9 33 42 30 32 40
13 47 38 20 3 65 11 9 23 35 29 32 16 0 33 15 34 26 16 20 80 33 19 18 19 25 69 33 36 1
39 24 26 8 46 27 12 21 15 10 10 25 18 31 0 11 13 44 15 18 29 38 29 44 26 6 25 14 8 18
32 10 14 23 29 26 8 36 6 5 10 21 29 19 8 0 12 16 9 15 35 24 16 25 19 4 34 18 12 17
26 13 23 17 24 31 11 23 16 14 20 22 18 16 8 6 0 52 10 7 45 29 31 26 36 5 55 2 36 30
33 9 12 64 44 37 38 51 21 30 37 30 24 35 43 24 38 0 41 23 18 28 44 27 23 39 15 35 23 34
14 26 41 23 15 37 10 16 13 9 21 13 22 12 15 12 9 54 0 22 36 26 17 22 14 16 43 15 25 14
26 31 26 13 18 26 12 10 34 25 36 18 50 31 14 10 7 55 17 0 30 72 27 53 26 14 39 4 24 19
60 36 20 61 44 7 35 44 31 28 12 46 37 71 39 39 27 12 25 56 0 4 37 50 27 45 4 27 18 81
50 25 17 39 70 9 35 70 21 39 32 42 43 79 29 37 62 12 42 56 4 0 35 28 28 57 7 60 28 54
11 10 29 31 20 56 10 33 10 16 26 4 11 13 21 13 31 37 15 18 46 57 0 20 3 12 62 26 55 13
20 28 28 37 36 31 29 31 20 21 48 10 3 34 48 14 49 10 16 43 44 33 16 0 14 30 44 37 25 44
16 22 38 46 11 27 13 21 17 20 38 11 6 29 22 31 30 33 17 43 23 50 3 16 0 24 55 36 27 30
18 16 33 24 32 30 13 16 9 8 20 23 28 25 16 6 7 29 16 6 22 28 15 15 25 0 57 3 17 12
30 20 14 67 66 12 36 43 19 35 26 41 43 64 44 26 61 12 53 31 3 3 58 51 27 49 0 31 27 81
28 28 44 17 14 41 16 14 27 26 18 22 20 27 17 17 1 34 16 5 56 49 17 35 17 9 40 0 32 23
58 28 21 40 56 18 20 39 23 25 5 44 54 35 15 16 37 28 48 43 20 25 47 33 40 24 13 16 0 46
10 28 38 43 3 61 11 6 21 20 25 18 25 1 44 32 24 26 17 17 60 81 11 22 29 28 51 13 36 0