5
30
,
0 (32.0, 4.0) 27.0
1 (18.0, 25.0) 21.0
2 (8.0, 34.0) 22.0
3 (47.0, 36.0) 24.0
4 (38.0, 3.0) 41.0
5 (10.0, 49.0) 27.0
6 (27.0, 18.0) 48.0
7 (46.0, 7.0) 22.0
8 (18.0, 23.0) 13.0
9 (21.0, 20.0) 43.0
10 (23.0, 40.0) 11.0
11 (22.0, 14.0) 10.0
12 (12.0, 9.0) 11.0
13 (41.0, 3.0) 23.0
14 (32.0, 35.0) 44.0
15 (28.0, 27.0) 13.0
16 (39.0, 26.0) 16.0
17 (1.0, 25.0) 27.0
18 (35.0, 13.0) 21.0
19 (44.0, 26.0) 29.0
20 (5.0, 48.0) 47.0
21 (0.0, 49.0) 24.0
22 (24.0, 7.0) 49.0
23 (8.0, 8.0) 13.0
24 (20.0, 6.0) 21.0
25 (34.0, 24.0) 12.0
26 (2.0, 45.0) 11.0
27 (40.0, 25.0) 13.0
28 (22.0, 45.0) 27.0
29 (41.0, 2.0) 12.0
,
0 5 8 7 1 10 3 3 5 4 7 3 4 2 6 5 5 7 2 5 10 11 2 5 2 4 10 4 8 2
5 0 3 6 6 5 2 7 0 1 3 2 3 6 3 2 4 3 4 5 5 6 4 4 4 3 5 4 4 7
8 3 0 8 9 3 5 9 3 4 3 5 5 9 5 4 6 2 7 7 3 3 6 5 6 6 3 7 4 9
7 6 8 0 7 8 5 6 6 6 5 7 9 7 3 4 3 9 5 2 9 10 7 10 8 4 9 3 5 7
1 6 9 7 0 11 4 2 6 5 8 4 5 1 7 5 5 9 2 5 11 12 3 6 4 4 11 4 9 1
10 5 3 8 11 0 7 11 5 6 3 7 8 11 5 6 7 5 9 8 1 2 9 8 9 7 2 8 3 11
3 2 5 5 4 7 0 4 2 1 4 1 3 4 4 2 3 5 2 4 7 8 2 4 3 2 7 3 5 4
3 7 9 6 2 11 4 0 6 6 8 5 7 1 6 5 4 10 3 4 12 12 4 8 5 4 12 4 9 1
5 0 3 6 6 5 2 6 0 1 4 2 3 6 4 2 4 3 4 5 6 6 3 4 3 3 5 4 4 6
4 1 4 6 5 6 1 6 1 0 4 1 3 5 4 2 4 4 3 5 6 7 3 4 3 3 6 4 5 5
7 3 3 5 8 3 4 8 4 4 0 5 7 8 2 3 4 5 6 5 4 5 7 7 7 4 4 5 1 8
3 2 5 7 4 7 1 5 2 1 5 0 2 4 5 3 4 5 3 5 8 8 1 3 2 3 7 4 6 4
4 3 5 9 5 8 3 7 3 3 7 2 0 6 7 5 6 4 5 7 8 8 2 1 2 5 7 6 7 6
2 6 9 7 1 11 4 1 6 5 8 4 6 0 7 5 5 9 2 5 12 12 3 7 4 4 11 4 9 0
6 3 5 3 7 5 4 6 4 4 2 5 7 7 0 2 2 7 4 3 6 7 6 7 6 2 6 3 3 7
5 2 4 4 5 6 2 5 2 2 3 3 5 5 2 0 2 5 3 3 6 7 4 6 4 1 6 2 4 6
5 4 6 3 5 7 3 4 4 4 4 4 6 5 2 2 0 8 3 1 8 9 5 7 6 1 8 0 5 5
7 3 2 9 9 5 5 10 3 4 5 5 4 9 7 5 8 0 7 9 5 5 6 4 5 7 4 8 6 9
2 4 7 5 2 9 2 3 4 3 6 3 5 2 4 3 3 7 0 3 9 10 3 5 3 2 9 3 7 3
5 5 7 2 5 8 4 4 5 5 5 5 7 5 3 3 1 9 3 0 9 10 6 8 6 2 9 1 6 5
10 5 3 9 11 1 7 12 6 6 4 8 8 12 6 6 8 5 9 9 0 1 9 8 9 8 1 8 3 12
11 6 3 10 12 2 8 12 6 7 5 8 8 12 7 7 9 5 10 10 1 0 10 8 9 8 1 9 4 12
2 4 6 7 3 9 2 4 3 3 7 1 2 3 6 4 5 6 3 6 9 10 0 3 1 4 9 5 8 4
5 4 5 10 6 8 4 8 4 4 7 3 1 7 7 6 7 4 5 8 8 8 3 0 2 6 7 7 8 7
2 4 6 8 4 9 3 5 3 3 7 2 2 4 6 4 6 5 3 6 9 9 1 2 0 5 9 6 8 4
4 3 6 4 4 7 2 4 3 3 4 3 5 4 2 1 1 7 2 2 8 8 4 6 5 0 8 1 5 5
10 5 3 9 11 2 7 12 5 6 4 7 7 11 6 6 8 4 9 9 1 1 9 7 9 8 0 9 4 12
4 4 7 3 4 8 3 4 4 4 5 4 6 4 3 2 0 8 3 1 8 9 5 7 6 1 9 0 5 5
8 4 4 5 9 3 5 9 4 5 1 6 7 9 3 4 5 6 7 6 3 4 8 8 8 5 4 5 0 9
2 7 9 7 1 11 4 1 6 5 8 4 6 0 7 6 5 9 3 5 12 12 4 7 4 5 12 5 9 0
,
0 37 40 28 6 65 19 14 22 15 38 8 16 6 18 29 31 32 9 32 57 28 4 32 10 26 69 31 54 10
25 0 9 45 43 22 11 24 1 7 10 13 25 26 18 7 12 19 26 33 17 32 19 13 17 23 16 15 28 47
33 15 0 45 35 18 30 29 19 10 8 24 24 53 13 12 18 15 18 30 14 20 43 36 33 31 15 21 24 46
49 28 56 0 32 48 32 19 37 18 21 30 30 44 10 30 18 43 38 12 49 59 42 33 55 21 30 13 37 21
4 16 27 18 0 78 13 6 25 28 33 28 15 3 23 16 34 32 8 26 74 65 9 41 25 18 81 20 37 4
25 24 19 26 61 0 40 53 34 24 21 47 50 57 31 40 46 14 33 23 4 15 47 40 54 26 13 50 9 78
16 13 30 37 16 53 0 15 9 7 33 8 12 16 11 13 9 18 11 25 32 58 9 12 14 11 47 16 28 14
8 40 50 38 10 53 19 0 37 28 56 23 37 4 38 28 14 26 12 22 57 71 30 26 21 13 73 18 64 6
23 2 20 28 36 26 14 34 0 5 16 13 12 23 19 14 11 12 24 24 33 36 14 10 24 18 18 16 23 23
22 8 14 27 27 21 5 25 5 0 25 5 21 18 12 6 18 16 13 14 45 37 19 14 17 7 30 22 30 29
31 9 13 18 24 19 11 39 16 24 0 22 33 31 13 18 25 33 36 33 19 20 17 44 37 22 23 12 5 22
20 14 20 49 22 27 4 20 10 4 14 0 10 30 27 13 30 32 8 22 49 51 8 9 11 10 46 31 45 16
11 11 31 39 29 27 25 42 13 8 28 16 0 24 32 19 31 25 18 34 58 42 10 3 8 27 53 47 19 37
12 34 49 40 3 72 29 3 17 36 29 20 23 0 33 18 34 68 11 13 51 70 15 33 15 22 42 30 38 1
44 20 15 13 18 38 26 38 22 11 13 15 17 24 0 10 12 44 20 16 26 50 15 38 24 9 37 7 16 21
21 8 18 22 14 15 8 33 16 9 17 18 32 26 11 0 8 16 8 11 43 19 17 20 13 4 34 12 26 33
23 26 35 13 16 44 18 28 24 22 14 28 28 28 6 12 0 30 18 4 20 28 15 41 39 6 32 2 30 34
50 14 17 29 56 13 26 50 18 30 34 30 10 33 32 16 22 0 30 48 14 20 35 16 25 19 18 51 28 28
11 20 23 13 7 23 14 13 25 13 41 15 29 8 27 18 10 26 0 23 47 43 11 14 18 10 29 17 38 12
15 21 21 7 25 51 13 18 17 34 31 14 21 22 19 19 3 49 8 0 44 25 25 31 28 8 35 4 17 29
66 19 10 42 39 6 24 64 22 37 15 44 52 86 35 44 21 28 68 57 0 8 30 47 52 31 3 39 9 54
71 36 12 45 73 5 52 76 36 34 25 25 53 74 19 38 33 24 28 58 7 0 44 55 69 59 3 60 11 51
8 20 36 33 16 53 10 20 11 18 48 6 11 21 31 18 24 22 15 18 25 53 0 20 2 18 61 22 26 23
25 22 38 61 35 50 25 30 15 14 41 10 3 23 37 33 50 12 19 31 22 22 21 0 7 34 36 30 37 38
16 18 25 49 20 54 11 23 13 10 32 9 13 26 43 15 17 38 20 26 60 28 6 15 0 22 62 32 39 15
12 21 35 17 23 25 13 31 23 13 11 21 34 15 11 8 3 23 12 7 33 48 17 22 15 0 28 6 28 16
72 19 10 35 64 6 37 44 20 26 25 54 24 71 42 18 25 11 24 48 5 6 29 22 58 22 0 46 15 37
25 21 27 16 32 40 12 28 26 24 23 26 24 14 19 6 1 34 19 5 54 39 19 38 22 4 54 0 31 21
40 20 13 24 25 10 40 48 19 18 5 23 28 36 16 24 27 19 18 41 15 12 45 49 57 21 19 17 0 35
11 37 43 19 2 47 31 7 35 27 46 26 23 1 38 39 25 64 18 12 72 84 21 38 18 18 30 22 47 0