5
30
,
0 (32.0, 4.0) 46.0
1 (18.0, 25.0) 10.0
2 (8.0, 34.0) 10.0
3 (47.0, 36.0) 30.0
4 (38.0, 3.0) 47.0
5 (10.0, 49.0) 28.0
6 (27.0, 18.0) 26.0
7 (46.0, 7.0) 49.0
8 (18.0, 23.0) 48.0
9 (21.0, 20.0) 15.0
10 (23.0, 40.0) 23.0
11 (22.0, 14.0) 37.0
12 (12.0, 9.0) 14.0
13 (41.0, 3.0) 31.0
14 (32.0, 35.0) 30.0
15 (28.0, 27.0) 18.0
16 (39.0, 26.0) 26.0
17 (1.0, 25.0) 12.0
18 (35.0, 13.0) 23.0
19 (44.0, 26.0) 24.0
20 (5.0, 48.0) 11.0
21 (0.0, 49.0) 32.0
22 (24.0, 7.0) 34.0
23 (8.0, 8.0) 41.0
24 (20.0, 6.0) 19.0
25 (34.0, 24.0) 37.0
26 (2.0, 45.0) 20.0
27 (40.0, 25.0) 20.0
28 (22.0, 45.0) 21.0
29 (41.0, 2.0) 11.0
,
0 5 8 7 1 10 3 3 5 4 7 3 4 2 6 5 5 7 2 5 10 11 2 5 2 4 10 4 8 2
5 0 3 6 6 5 2 7 0 1 3 2 3 6 3 2 4 3 4 5 5 6 4 4 4 3 5 4 4 7
8 3 0 8 9 3 5 9 3 4 3 5 5 9 5 4 6 2 7 7 3 3 6 5 6 6 3 7 4 9
7 6 8 0 7 8 5 6 6 6 5 7 9 7 3 4 3 9 5 2 9 10 7 10 8 4 9 3 5 7
1 6 9 7 0 11 4 2 6 5 8 4 5 1 7 5 5 9 2 5 11 12 3 6 4 4 11 4 9 1
10 5 3 8 11 0 7 11 5 6 3 7 8 11 5 6 7 5 9 8 1 2 9 8 9 7 2 8 3 11
3 2 5 5 4 7 0 4 2 1 4 1 3 4 4 2 3 5 2 4 7 8 2 4 3 2 7 3 5 4
3 7 9 6 2 11 4 0 6 6 8 5 7 1 6 5 4 10 3 4 12 12 4 8 5 4 12 4 9 1
5 0 3 6 6 5 2 6 0 1 4 2 3 6 4 2 4 3 4 5 6 6 3 4 3 3 5 4 4 6
4 1 4 6 5 6 1 6 1 0 4 1 3 5 4 2 4 4 3 5 6 7 3 4 3 3 6 4 5 5
7 3 3 5 8 3 4 8 4 4 0 5 7 8 2 3 4 5 6 5 4 5 7 7 7 4 4 5 1 8
3 2 5 7 4 7 1 5 2 1 5 0 2 4 5 3 4 5 3 5 8 8 1 3 2 3 7 4 6 4
4 3 5 9 5 8 3 7 3 3 7 2 0 6 7 5 6 4 5 7 8 8 2 1 2 5 7 6 7 6
2 6 9 7 1 11 4 1 6 5 8 4 6 0 7 5 5 9 2 5 12 12 3 7 4 4 11 4 9 0
6 3 5 3 7 5 4 6 4 4 2 5 7 7 0 2 2 7 4 3 6 7 6 7 6 2 6 3 3 7
5 2 4 4 5 6 2 5 2 2 3 3 5 5 2 0 2 5 3 3 6 7 4 6 4 1 6 2 4 6
5 4 6 3 5 7 3 4 4 4 4 4 6 5 2 2 0 8 3 1 8 9 5 7 6 1 8 0 5 5
7 3 2 9 9 5 5 10 3 4 5 5 4 9 7 5 8 0 7 9 5 5 6 4 5 7 4 8 6 9
2 4 7 5 2 9 2 3 4 3 6 3 5 2 4 3 3 7 0 3 9 10 3 5 3 2 9 3 7 3
5 5 7 2 5 8 4 4 5 5 5 5 7 5 3 3 1 9 3 0 9 10 6 8 6 2 9 1 6 5
10 5 3 9 11 1 7 12 6 6 4 8 8 12 6 6 8 5 9 9 0 1 9 8 9 8 1 8 3 12
11 6 3 10 12 2 8 12 6 7 5 8 8 12 7 7 9 5 10 10 1 0 10 8 9 8 1 9 4 12
2 4 6 7 3 9 2 4 3 3 7 1 2 3 6 4 5 6 3 6 9 10 0 3 1 4 9 5 8 4
5 4 5 10 6 8 4 8 4 4 7 3 1 7 7 6 7 4 5 8 8 8 3 0 2 6 7 7 8 7
2 4 6 8 4 9 3 5 3 3 7 2 2 4 6 4 6 5 3 6 9 9 1 2 0 5 9 6 8 4
4 3 6 4 4 7 2 4 3 3 4 3 5 4 2 1 1 7 2 2 8 8 4 6 5 0 8 1 5 5
10 5 3 9 11 2 7 12 5 6 4 7 7 11 6 6 8 4 9 9 1 1 9 7 9 8 0 9 4 12
4 4 7 3 4 8 3 4 4 4 5 4 6 4 3 2 0 8 3 1 8 9 5 7 6 1 9 0 5 5
8 4 4 5 9 3 5 9 4 5 1 6 7 9 3 4 5 6 7 6 3 4 8 8 8 5 4 5 0 9
2 7 9 7 1 11 4 1 6 5 8 4 6 0 7 6 5 9 3 5 12 12 4 7 4 5 12 5 9 0
,
0 26 52 25 4 55 21 15 29 22 35 9 24 11 40 30 33 27 7 27 62 58 4 20 13 30 47 12 33 6
30 0 10 43 18 34 8 20 2 7 11 10 9 46 13 10 11 22 11 28 21 31 21 28 23 23 26 28 30 35
42 19 0 51 41 21 13 60 21 28 14 13 33 42 27 26 43 14 39 44 9 17 37 15 27 26 14 19 12 52
25 24 57 0 48 51 16 20 23 39 36 24 55 26 17 15 8 28 37 7 34 73 32 36 53 14 43 15 26 43
4 42 40 46 0 48 16 5 22 15 30 10 29 3 25 35 20 43 15 14 62 40 15 23 24 17 82 20 48 4
42 32 21 53 63 0 20 49 29 39 16 34 59 55 24 32 30 13 39 35 5 15 60 22 49 24 11 25 15 67
20 17 15 34 10 49 0 32 7 5 12 6 10 30 24 5 20 16 10 15 41 36 9 31 9 13 33 9 17 30
21 20 27 30 12 44 29 0 35 31 24 13 21 5 27 39 12 56 8 28 68 50 25 49 37 12 45 27 51 4
33 1 20 27 35 30 10 36 0 6 12 7 20 43 13 11 22 9 16 13 36 35 13 10 17 14 30 15 16 28
28 3 20 39 27 27 8 37 4 0 27 6 15 25 14 10 10 25 18 27 25 21 14 15 18 13 28 25 16 32
43 9 12 23 45 9 24 41 17 25 0 17 42 43 6 18 21 26 16 35 20 34 41 36 21 19 17 22 3 57
12 15 21 38 23 52 8 32 10 8 31 0 10 24 14 21 19 19 7 30 47 59 7 12 7 9 26 14 44 20
27 17 18 42 26 24 22 25 22 7 25 11 0 41 22 17 31 17 18 52 52 37 11 5 8 27 23 43 37 44
10 42 34 48 3 42 22 3 32 14 52 25 34 0 31 40 22 34 13 29 49 88 26 36 30 18 59 17 59 1
44 14 30 14 38 20 24 17 20 23 10 31 45 26 0 12 17 31 28 21 32 40 25 54 45 13 23 9 18 38
28 14 27 22 36 23 10 26 8 10 9 20 20 25 11 0 15 31 14 19 33 27 14 24 16 7 27 12 15 35
13 14 35 10 12 32 14 29 25 14 16 11 44 23 17 8 0 47 12 5 38 44 18 33 18 3 36 2 21 32
26 10 8 66 33 32 39 27 19 11 27 35 22 25 32 36 36 0 44 63 29 31 42 15 15 23 26 53 41 27
13 24 24 18 10 47 6 10 29 21 36 18 16 9 31 18 19 43 0 11 34 70 15 28 15 8 35 9 50 10
26 23 54 7 18 23 27 24 17 27 26 24 22 13 19 14 6 47 18 0 39 41 20 54 37 15 45 3 30 31
27 30 21 61 30 5 50 48 42 47 29 48 45 69 27 28 59 30 69 66 0 6 59 49 37 33 5 22 11 76
47 15 16 58 48 7 34 56 45 37 28 47 38 74 27 53 57 12 64 28 5 0 65 31 51 38 4 36 12 66
4 20 25 30 9 38 8 29 16 12 48 7 11 20 37 30 33 44 11 18 24 52 0 21 5 20 37 35 56 20
26 12 34 66 29 39 29 41 12 17 41 22 4 30 30 14 46 19 19 35 50 29 19 0 16 40 53 25 38 19
10 10 32 30 23 24 19 23 12 20 28 12 8 17 23 15 40 28 10 21 31 58 6 11 0 17 63 15 39 27
19 18 37 9 18 27 5 29 10 13 24 10 34 28 11 9 7 23 7 13 42 43 21 35 33 0 42 8 21 32
29 17 15 56 55 13 42 62 38 22 29 27 23 50 45 31 54 27 62 45 5 5 55 24 26 53 0 51 24 47
26 27 44 15 27 31 18 23 20 29 31 26 20 33 18 6 2 29 12 4 35 69 23 22 14 6 42 0 26 31
29 23 27 38 53 10 15 49 15 28 5 35 51 25 10 24 31 34 20 16 20 28 28 44 22 18 16 33 0 42
13 19 37 36 5 44 11 9 40 20 34 17 27 1 46 15 19 53 18 28 66 68 23 39 30 24 30 14 45 0