5
30
,
0 (32.0, 4.0) 22.0
1 (18.0, 25.0) 19.0
2 (8.0, 34.0) 29.0
3 (47.0, 36.0) 19.0
4 (38.0, 3.0) 28.0
5 (10.0, 49.0) 12.0
6 (27.0, 18.0) 30.0
7 (46.0, 7.0) 20.0
8 (18.0, 23.0) 25.0
9 (21.0, 20.0) 34.0
10 (23.0, 40.0) 17.0
11 (22.0, 14.0) 21.0
12 (12.0, 9.0) 19.0
13 (41.0, 3.0) 26.0
14 (32.0, 35.0) 26.0
15 (28.0, 27.0) 14.0
16 (39.0, 26.0) 34.0
17 (1.0, 25.0) 37.0
18 (35.0, 13.0) 21.0
19 (44.0, 26.0) 23.0
20 (5.0, 48.0) 35.0
21 (0.0, 49.0) 12.0
22 (24.0, 7.0) 24.0
23 (8.0, 8.0) 28.0
24 (20.0, 6.0) 48.0
25 (34.0, 24.0) 14.0
26 (2.0, 45.0) 32.0
27 (40.0, 25.0) 21.0
28 (22.0, 45.0) 24.0
29 (41.0, 2.0) 46.0
,
0 5 8 7 1 10 3 3 5 4 7 3 4 2 6 5 5 7 2 5 10 11 2 5 2 4 10 4 8 2
5 0 3 6 6 5 2 7 0 1 3 2 3 6 3 2 4 3 4 5 5 6 4 4 4 3 5 4 4 7
8 3 0 8 9 3 5 9 3 4 3 5 5 9 5 4 6 2 7 7 3 3 6 5 6 6 3 7 4 9
7 6 8 0 7 8 5 6 6 6 5 7 9 7 3 4 3 9 5 2 9 10 7 10 8 4 9 3 5 7
1 6 9 7 0 11 4 2 6 5 8 4 5 1 7 5 5 9 2 5 11 12 3 6 4 4 11 4 9 1
10 5 3 8 11 0 7 11 5 6 3 7 8 11 5 6 7 5 9 8 1 2 9 8 9 7 2 8 3 11
3 2 5 5 4 7 0 4 2 1 4 1 3 4 4 2 3 5 2 4 7 8 2 4 3 2 7 3 5 4
3 7 9 6 2 11 4 0 6 6 8 5 7 1 6 5 4 10 3 4 12 12 4 8 5 4 12 4 9 1
5 0 3 6 6 5 2 6 0 1 4 2 3 6 4 2 4 3 4 5 6 6 3 4 3 3 5 4 4 6
4 1 4 6 5 6 1 6 1 0 4 1 3 5 4 2 4 4 3 5 6 7 3 4 3 3 6 4 5 5
7 3 3 5 8 3 4 8 4 4 0 5 7 8 2 3 4 5 6 5 4 5 7 7 7 4 4 5 1 8
3 2 5 7 4 7 1 5 2 1 5 0 2 4 5 3 4 5 3 5 8 8 1 3 2 3 7 4 6 4
4 3 5 9 5 8 3 7 3 3 7 2 0 6 7 5 6 4 5 7 8 8 2 1 2 5 7 6 7 6
2 6 9 7 1 11 4 1 6 5 8 4 6 0 7 5 5 9 2 5 12 12 3 7 4 4 11 4 9 0
6 3 5 3 7 5 4 6 4 4 2 5 7 7 0 2 2 7 4 3 6 7 6 7 6 2 6 3 3 7
5 2 4 4 5 6 2 5 2 2 3 3 5 5 2 0 2 5 3 3 6 7 4 6 4 1 6 2 4 6
5 4 6 3 5 7 3 4 4 4 4 4 6 5 2 2 0 8 3 1 8 9 5 7 6 1 8 0 5 5
7 3 2 9 9 5 5 10 3 4 5 5 4 9 7 5 8 0 7 9 5 5 6 4 5 7 4 8 6 9
2 4 7 5 2 9 2 3 4 3 6 3 5 2 4 3 3 7 0 3 9 10 3 5 3 2 9 3 7 3
5 5 7 2 5 8 4 4 5 5 5 5 7 5 3 3 1 9 3 0 9 10 6 8 6 2 9 1 6 5
10 5 3 9 11 1 7 12 6 6 4 8 8 12 6 6 8 5 9 9 0 1 9 8 9 8 1 8 3 12
11 6 3 10 12 2 8 12 6 7 5 8 8 12 7 7 9 5 10 10 1 0 10 8 9 8 1 9 4 12
2 4 6 7 3 9 2 4 3 3 7 1 2 3 6 4 5 6 3 6 9 10 0 3 1 4 9 5 8 4
5 4 5 10 6 8 4 8 4 4 7 3 1 7 7 6 7 4 5 8 8 8 3 0 2 6 7 7 8 7
2 4 6 8 4 9 3 5 3 3 7 2 2 4 6 4 6 5 3 6 9 9 1 2 0 5 9 6 8 4
4 3 6 4 4 7 2 4 3 3 4 3 5 4 2 1 1 7 2 2 8 8 4 6 5 0 8 1 5 5
10 5 3 9 11 2 7 12 5 6 4 7 7 11 6 6 8 4 9 9 1 1 9 7 9 8 0 9 4 12
4 4 7 3 4 8 3 4 4 4 5 4 6 4 3 2 0 8 3 1 8 9 5 7 6 1 9 0 5 5
8 4 4 5 9 3 5 9 4 5 1 6 7 9 3 4 5 6 7 6 3 4 8 8 8 5 4 5 0 9
2 7 9 7 1 11 4 1 6 5 8 4 6 0 7 6 5 9 3 5 12 12 4 7 4 5 12 5 9 0
,
0 29 26 52 4 57 8 21 18 13 46 20 18 11 19 19 25 30 5 22 42 37 12 26 8 15 52 23 26 13
18 0 13 41 33 25 16 43 2 3 10 17 15 42 10 6 14 25 15 37 39 40 25 12 17 15 31 19 15 41
41 15 0 43 50 10 31 66 20 20 19 14 20 39 17 29 28 7 49 42 10 25 43 39 45 37 8 22 26 54
29 43 42 0 26 42 16 43 17 45 33 48 35 33 21 24 13 58 32 6 28 61 38 58 35 18 39 17 18 24
6 23 61 43 0 39 20 6 41 20 46 13 21 3 18 22 31 48 14 22 31 58 9 36 15 31 34 13 67 2
36 19 22 48 63 0 34 34 32 41 18 21 23 33 26 39 41 14 42 52 7 12 53 37 41 27 7 25 17 54
14 12 32 39 13 27 0 13 11 7 21 6 18 11 12 6 13 27 14 27 42 45 16 30 14 14 35 13 24 29
13 36 59 43 5 82 32 0 30 28 52 35 21 8 25 19 24 26 15 11 85 41 17 40 35 17 48 22 50 6
29 1 22 47 31 17 10 29 0 2 15 10 9 17 22 5 31 14 17 34 15 29 21 11 19 14 16 20 21 29
25 7 28 30 23 16 4 39 4 0 16 8 20 34 28 15 27 24 13 19 26 39 16 10 16 7 44 25 16 36
47 15 20 33 21 11 27 48 18 27 0 27 33 34 5 13 11 30 26 28 20 34 26 45 26 25 24 28 5 39
14 14 23 46 29 54 4 33 15 6 25 0 9 22 29 21 18 22 7 24 32 55 6 17 8 12 39 27 44 19
22 24 36 48 18 45 22 48 19 20 37 12 0 31 19 31 29 20 16 27 37 34 18 4 6 27 53 33 23 29
12 33 51 49 4 49 13 6 23 14 61 18 38 0 44 22 21 61 11 22 61 44 25 48 27 31 76 33 33 1
37 24 20 11 32 16 17 17 11 27 7 31 34 35 0 10 16 22 14 17 19 26 17 20 39 7 29 9 15 23
13 10 13 15 32 26 11 21 7 10 21 12 29 15 8 0 15 29 14 23 27 43 28 39 26 4 18 6 26 29
26 31 39 11 14 22 14 30 26 15 11 25 37 13 11 6 0 32 13 3 45 67 30 22 32 5 31 2 26 23
45 21 10 46 29 34 36 72 12 21 31 17 11 28 23 30 47 0 24 58 31 29 18 27 35 41 13 23 32 23
10 21 40 24 11 55 11 10 12 8 22 15 19 7 15 21 12 21 0 9 39 60 11 25 11 13 34 14 44 18
32 38 33 9 20 47 23 29 15 32 30 34 22 27 22 16 7 27 17 0 43 30 21 53 20 7 26 6 36 27
50 14 17 25 34 5 24 72 31 21 15 57 29 58 42 26 45 21 31 46 0 5 43 21 33 33 4 49 23 77
55 27 22 63 50 12 28 70 35 34 15 21 36 72 33 36 63 23 34 74 7 0 30 56 39 48 5 41 30 79
5 10 37 46 14 65 11 22 25 19 19 8 16 16 27 25 19 16 14 36 56 31 0 14 5 12 48 14 28 9
16 10 24 39 39 50 24 43 10 17 34 23 6 19 28 24 32 17 40 45 34 36 9 0 18 17 41 18 25 41
16 12 37 35 18 34 10 15 19 19 34 7 9 28 33 25 14 28 17 41 33 49 5 17 0 19 27 16 50 32
15 14 25 23 29 50 5 11 13 18 17 21 29 27 9 6 5 30 6 10 46 40 10 21 34 0 22 5 25 26
29 25 18 43 41 12 30 59 21 17 19 43 36 72 24 18 45 27 39 63 6 3 32 51 46 32 0 59 26 80
31 19 34 12 15 28 12 11 25 17 14 25 30 29 17 10 2 31 19 6 61 40 20 51 19 5 40 0 29 22
56 16 21 39 60 10 21 30 18 18 3 21 47 28 14 17 32 43 45 25 18 14 51 21 33 14 18 26 0 53
9 36 67 25 5 74 20 8 33 28 60 27 23 1 31 31 32 68 15 22 66 79 14 48 22 20 57 18 65 0