5
30
,
0 (32.0, 4.0) 15.0
1 (18.0, 25.0) 16.0
2 (8.0, 34.0) 25.0
3 (47.0, 36.0) 27.0
4 (38.0, 3.0) 12.0
5 (10.0, 49.0) 23.0
6 (27.0, 18.0) 11.0
7 (46.0, 7.0) 16.0
8 (18.0, 23.0) 30.0
9 (21.0, 20.0) 38.0
10 (23.0, 40.0) 41.0
11 (22.0, 14.0) 32.0
12 (12.0, 9.0) 20.0
13 (41.0, 3.0) 31.0
14 (32.0, 35.0) 30.0
15 (28.0, 27.0) 18.0
16 (39.0, 26.0) 11.0
17 (1.0, 25.0) 48.0
18 (35.0, 13.0) 12.0
19 (44.0, 26.0) 25.0
20 (5.0, 48.0) 13.0
21 (0.0, 49.0) 30.0
22 (24.0, 7.0) 14.0
23 (8.0, 8.0) 18.0
24 (20.0, 6.0) 22.0
25 (34.0, 24.0) 24.0
26 (2.0, 45.0) 44.0
27 (40.0, 25.0) 17.0
28 (22.0, 45.0) 48.0
29 (41.0, 2.0) 11.0
,
0 5 8 7 1 10 3 3 5 4 7 3 4 2 6 5 5 7 2 5 10 11 2 5 2 4 10 4 8 2
5 0 3 6 6 5 2 7 0 1 3 2 3 6 3 2 4 3 4 5 5 6 4 4 4 3 5 4 4 7
8 3 0 8 9 3 5 9 3 4 3 5 5 9 5 4 6 2 7 7 3 3 6 5 6 6 3 7 4 9
7 6 8 0 7 8 5 6 6 6 5 7 9 7 3 4 3 9 5 2 9 10 7 10 8 4 9 3 5 7
1 6 9 7 0 11 4 2 6 5 8 4 5 1 7 5 5 9 2 5 11 12 3 6 4 4 11 4 9 1
10 5 3 8 11 0 7 11 5 6 3 7 8 11 5 6 7 5 9 8 1 2 9 8 9 7 2 8 3 11
3 2 5 5 4 7 0 4 2 1 4 1 3 4 4 2 3 5 2 4 7 8 2 4 3 2 7 3 5 4
3 7 9 6 2 11 4 0 6 6 8 5 7 1 6 5 4 10 3 4 12 12 4 8 5 4 12 4 9 1
5 0 3 6 6 5 2 6 0 1 4 2 3 6 4 2 4 3 4 5 6 6 3 4 3 3 5 4 4 6
4 1 4 6 5 6 1 6 1 0 4 1 3 5 4 2 4 4 3 5 6 7 3 4 3 3 6 4 5 5
7 3 3 5 8 3 4 8 4 4 0 5 7 8 2 3 4 5 6 5 4 5 7 7 7 4 4 5 1 8
3 2 5 7 4 7 1 5 2 1 5 0 2 4 5 3 4 5 3 5 8 8 1 3 2 3 7 4 6 4
4 3 5 9 5 8 3 7 3 3 7 2 0 6 7 5 6 4 5 7 8 8 2 1 2 5 7 6 7 6
2 6 9 7 1 11 4 1 6 5 8 4 6 0 7 5 5 9 2 5 12 12 3 7 4 4 11 4 9 0
6 3 5 3 7 5 4 6 4 4 2 5 7 7 0 2 2 7 4 3 6 7 6 7 6 2 6 3 3 7
5 2 4 4 5 6 2 5 2 2 3 3 5 5 2 0 2 5 3 3 6 7 4 6 4 1 6 2 4 6
5 4 6 3 5 7 3 4 4 4 4 4 6 5 2 2 0 8 3 1 8 9 5 7 6 1 8 0 5 5
7 3 2 9 9 5 5 10 3 4 5 5 4 9 7 5 8 0 7 9 5 5 6 4 5 7 4 8 6 9
2 4 7 5 2 9 2 3 4 3 6 3 5 2 4 3 3 7 0 3 9 10 3 5 3 2 9 3 7 3
5 5 7 2 5 8 4 4 5 5 5 5 7 5 3 3 1 9 3 0 9 10 6 8 6 2 9 1 6 5
10 5 3 9 11 1 7 12 6 6 4 8 8 12 6 6 8 5 9 9 0 1 9 8 9 8 1 8 3 12
11 6 3 10 12 2 8 12 6 7 5 8 8 12 7 7 9 5 10 10 1 0 10 8 9 8 1 9 4 12
2 4 6 7 3 9 2 4 3 3 7 1 2 3 6 4 5 6 3 6 9 10 0 3 1 4 9 5 8 4
5 4 5 10 6 8 4 8 4 4 7 3 1 7 7 6 7 4 5 8 8 8 3 0 2 6 7 7 8 7
2 4 6 8 4 9 3 5 3 3 7 2 2 4 6 4 6 5 3 6 9 9 1 2 0 5 9 6 8 4
4 3 6 4 4 7 2 4 3 3 4 3 5 4 2 1 1 7 2 2 8 8 4 6 5 0 8 1 5 5
10 5 3 9 11 2 7 12 5 6 4 7 7 11 6 6 8 4 9 9 1 1 9 7 9 8 0 9 4 12
4 4 7 3 4 8 3 4 4 4 5 4 6 4 3 2 0 8 3 1 8 9 5 7 6 1 9 0 5 5
8 4 4 5 9 3 5 9 4 5 1 6 7 9 3 4 5 6 7 6 3 4 8 8 8 5 4 5 0 9
2 7 9 7 1 11 4 1 6 5 8 4 6 0 7 6 5 9 3 5 12 12 4 7 4 5 12 5 9 0
,
0 37 54 46 7 62 18 9 17 17 42 9 21 13 24 14 21 27 9 27 55 79 6 23 18 24 54 32 48 12
37 0 15 22 19 27 12 26 2 7 20 17 21 31 16 13 30 16 11 28 29 33 14 18 11 17 18 16 30 21
41 10 0 49 62 12 27 64 18 18 14 26 27 58 28 23 43 9 36 31 21 21 47 22 27 27 13 30 25 57
37 36 41 0 19 39 32 35 30 44 24 46 61 36 11 13 12 70 33 12 46 73 37 45 27 15 50 13 39 19
8 29 43 45 0 67 20 5 36 26 20 21 32 3 33 30 13 29 14 21 45 79 15 41 22 20 33 25 42 5
35 17 15 39 69 0 31 38 27 36 8 39 44 76 24 27 34 14 45 51 7 5 33 55 30 22 9 30 7 61
13 11 14 39 14 48 0 25 8 9 33 9 23 22 10 5 14 23 6 15 28 42 11 20 19 12 38 8 34 20
10 44 61 17 12 48 21 0 25 27 50 18 27 9 45 29 11 38 15 22 82 53 14 37 21 14 36 25 31 10
21 2 10 32 17 21 12 39 0 5 26 12 22 40 12 8 18 15 10 16 20 28 23 23 23 18 31 25 23 36
25 5 28 20 20 25 7 42 5 0 18 7 8 38 18 11 19 30 15 32 29 28 17 15 9 11 30 29 13 18
25 11 9 14 43 13 32 36 12 23 0 36 27 59 9 18 21 32 37 21 10 25 46 35 35 24 31 30 7 47
15 17 32 31 15 54 4 17 12 9 27 0 11 23 20 14 11 16 10 30 44 55 8 19 12 14 38 24 27 28
14 15 22 62 29 45 24 19 11 10 26 11 0 44 40 13 42 29 31 39 23 35 18 3 9 38 53 24 43 22
14 48 29 33 2 70 21 4 33 29 40 25 18 0 32 18 18 67 10 32 48 78 13 40 13 18 63 21 25 1
16 21 18 8 25 15 23 19 24 25 11 15 39 33 0 8 14 35 17 14 19 24 33 21 43 10 18 9 9 37
15 10 16 24 25 17 6 21 7 9 10 13 24 17 6 0 15 35 19 22 31 29 21 34 18 9 30 11 28 40
27 28 18 12 14 44 16 21 28 20 25 10 46 12 13 10 0 29 7 3 56 51 18 44 32 3 50 1 31 26
56 10 16 42 25 16 21 63 13 19 26 20 28 49 47 21 28 0 18 33 12 28 19 23 35 46 30 38 21 56
8 14 50 26 14 65 10 18 22 14 38 13 23 8 17 22 9 31 0 13 53 37 8 20 10 8 37 16 51 14
27 13 30 10 12 25 23 16 22 26 28 13 20 34 17 14 7 46 17 0 33 71 31 51 29 8 41 6 36 19
62 17 9 53 43 6 36 68 32 22 20 45 52 48 17 28 47 24 34 65 0 6 42 50 60 44 3 29 24 42
57 20 13 34 67 6 42 56 47 25 29 59 59 82 30 40 32 16 50 49 5 0 36 49 33 23 4 69 24 90
11 17 36 31 19 28 15 33 13 19 24 10 7 25 17 12 34 29 14 40 54 44 0 24 5 25 30 16 22 21
35 27 22 24 17 38 31 33 17 9 47 14 6 46 23 36 22 23 33 56 33 37 12 0 16 30 24 21 27 37
10 22 30 56 18 48 16 29 13 18 46 5 9 15 18 30 28 19 24 40 37 55 5 9 0 26 27 17 51 26
25 12 37 17 27 20 5 25 15 19 27 17 36 27 16 5 5 33 14 6 27 47 15 44 31 0 52 7 24 30
57 30 14 25 63 6 37 45 36 24 15 39 51 69 39 21 46 15 64 34 4 4 49 34 46 23 0 36 17 43
16 33 25 18 27 48 13 17 17 19 24 28 23 16 7 11 2 42 7 6 35 36 31 28 19 6 26 0 24 16
52 14 13 14 51 13 24 34 15 14 6 17 45 57 13 16 18 21 31 31 17 17 54 55 28 29 22 18 0 56
9 38 52 19 3 42 19 10 27 30 28 12 27 1 50 26 20 27 13 34 39 64 16 38 14 20 55 12 66 0