5
30
,
0 (32.0, 4.0) 13.0
1 (18.0, 25.0) 31.0
2 (8.0, 34.0) 25.0
3 (47.0, 36.0) 21.0
4 (38.0, 3.0) 31.0
5 (10.0, 49.0) 39.0
6 (27.0, 18.0) 20.0
7 (46.0, 7.0) 10.0
8 (18.0, 23.0) 23.0
9 (21.0, 20.0) 49.0
10 (23.0, 40.0) 31.0
11 (22.0, 14.0) 11.0
12 (12.0, 9.0) 24.0
13 (41.0, 3.0) 28.0
14 (32.0, 35.0) 16.0
15 (28.0, 27.0) 27.0
16 (39.0, 26.0) 47.0
17 (1.0, 25.0) 43.0
18 (35.0, 13.0) 13.0
19 (44.0, 26.0) 40.0
20 (5.0, 48.0) 38.0
21 (0.0, 49.0) 12.0
22 (24.0, 7.0) 30.0
23 (8.0, 8.0) 18.0
24 (20.0, 6.0) 45.0
25 (34.0, 24.0) 13.0
26 (2.0, 45.0) 29.0
27 (40.0, 25.0) 32.0
28 (22.0, 45.0) 13.0
29 (41.0, 2.0) 17.0
,
0 5 8 7 1 10 3 3 5 4 7 3 4 2 6 5 5 7 2 5 10 11 2 5 2 4 10 4 8 2
5 0 3 6 6 5 2 7 0 1 3 2 3 6 3 2 4 3 4 5 5 6 4 4 4 3 5 4 4 7
8 3 0 8 9 3 5 9 3 4 3 5 5 9 5 4 6 2 7 7 3 3 6 5 6 6 3 7 4 9
7 6 8 0 7 8 5 6 6 6 5 7 9 7 3 4 3 9 5 2 9 10 7 10 8 4 9 3 5 7
1 6 9 7 0 11 4 2 6 5 8 4 5 1 7 5 5 9 2 5 11 12 3 6 4 4 11 4 9 1
10 5 3 8 11 0 7 11 5 6 3 7 8 11 5 6 7 5 9 8 1 2 9 8 9 7 2 8 3 11
3 2 5 5 4 7 0 4 2 1 4 1 3 4 4 2 3 5 2 4 7 8 2 4 3 2 7 3 5 4
3 7 9 6 2 11 4 0 6 6 8 5 7 1 6 5 4 10 3 4 12 12 4 8 5 4 12 4 9 1
5 0 3 6 6 5 2 6 0 1 4 2 3 6 4 2 4 3 4 5 6 6 3 4 3 3 5 4 4 6
4 1 4 6 5 6 1 6 1 0 4 1 3 5 4 2 4 4 3 5 6 7 3 4 3 3 6 4 5 5
7 3 3 5 8 3 4 8 4 4 0 5 7 8 2 3 4 5 6 5 4 5 7 7 7 4 4 5 1 8
3 2 5 7 4 7 1 5 2 1 5 0 2 4 5 3 4 5 3 5 8 8 1 3 2 3 7 4 6 4
4 3 5 9 5 8 3 7 3 3 7 2 0 6 7 5 6 4 5 7 8 8 2 1 2 5 7 6 7 6
2 6 9 7 1 11 4 1 6 5 8 4 6 0 7 5 5 9 2 5 12 12 3 7 4 4 11 4 9 0
6 3 5 3 7 5 4 6 4 4 2 5 7 7 0 2 2 7 4 3 6 7 6 7 6 2 6 3 3 7
5 2 4 4 5 6 2 5 2 2 3 3 5 5 2 0 2 5 3 3 6 7 4 6 4 1 6 2 4 6
5 4 6 3 5 7 3 4 4 4 4 4 6 5 2 2 0 8 3 1 8 9 5 7 6 1 8 0 5 5
7 3 2 9 9 5 5 10 3 4 5 5 4 9 7 5 8 0 7 9 5 5 6 4 5 7 4 8 6 9
2 4 7 5 2 9 2 3 4 3 6 3 5 2 4 3 3 7 0 3 9 10 3 5 3 2 9 3 7 3
5 5 7 2 5 8 4 4 5 5 5 5 7 5 3 3 1 9 3 0 9 10 6 8 6 2 9 1 6 5
10 5 3 9 11 1 7 12 6 6 4 8 8 12 6 6 8 5 9 9 0 1 9 8 9 8 1 8 3 12
11 6 3 10 12 2 8 12 6 7 5 8 8 12 7 7 9 5 10 10 1 0 10 8 9 8 1 9 4 12
2 4 6 7 3 9 2 4 3 3 7 1 2 3 6 4 5 6 3 6 9 10 0 3 1 4 9 5 8 4
5 4 5 10 6 8 4 8 4 4 7 3 1 7 7 6 7 4 5 8 8 8 3 0 2 6 7 7 8 7
2 4 6 8 4 9 3 5 3 3 7 2 2 4 6 4 6 5 3 6 9 9 1 2 0 5 9 6 8 4
4 3 6 4 4 7 2 4 3 3 4 3 5 4 2 1 1 7 2 2 8 8 4 6 5 0 8 1 5 5
10 5 3 9 11 2 7 12 5 6 4 7 7 11 6 6 8 4 9 9 1 1 9 7 9 8 0 9 4 12
4 4 7 3 4 8 3 4 4 4 5 4 6 4 3 2 0 8 3 1 8 9 5 7 6 1 9 0 5 5
8 4 4 5 9 3 5 9 4 5 1 6 7 9 3 4 5 6 7 6 3 4 8 8 8 5 4 5 0 9
2 7 9 7 1 11 4 1 6 5 8 4 6 0 7 6 5 9 3 5 12 12 4 7 4 5 12 5 9 0
,
0 18 53 46 4 53 13 14 12 19 21 13 18 8 19 20 22 37 10 19 73 53 7 33 15 16 55 30 24 12
18 0 11 20 18 22 16 17 1 7 14 16 14 46 12 8 19 20 25 24 26 45 17 13 16 23 35 24 27 22
20 9 0 32 59 11 17 68 20 14 12 36 34 61 32 21 43 9 30 24 19 24 38 17 35 23 9 50 9 53
24 26 26 0 21 36 14 25 39 36 21 33 25 44 22 24 11 58 29 6 48 62 48 70 46 20 67 13 35 19
7 24 26 35 0 68 10 9 40 28 55 25 24 3 25 18 12 26 14 27 28 33 8 23 13 21 48 25 47 3
30 23 16 50 72 0 48 49 25 34 10 26 30 66 31 23 53 17 28 21 4 10 52 27 29 28 12 48 17 42
13 15 30 37 11 30 0 25 6 9 22 4 26 18 22 9 13 35 14 16 44 43 11 16 16 10 44 17 32 11
15 36 39 23 10 42 16 0 38 37 26 20 41 10 44 23 30 56 17 28 57 82 23 22 36 16 57 18 63 8
25 3 20 31 27 20 15 18 0 6 17 11 10 27 25 14 24 16 27 14 28 42 25 10 19 15 15 32 14 42
15 8 25 25 30 42 8 35 2 0 27 6 18 33 14 7 14 20 23 32 27 51 15 9 8 15 23 20 37 19
35 10 18 24 51 10 19 27 11 23 0 20 42 55 12 15 12 15 19 21 25 28 35 43 33 18 19 17 7 35
19 11 29 34 13 49 7 13 9 7 24 0 15 11 15 8 15 22 11 32 47 46 6 12 7 13 50 28 40 27
12 12 28 59 21 44 16 25 16 19 21 14 0 39 49 16 31 13 19 35 33 43 10 3 6 18 25 41 52 43
9 38 26 28 3 29 19 4 41 28 51 22 43 0 32 34 28 48 8 19 55 86 14 34 30 16 70 25 25 1
30 9 18 15 20 33 11 42 15 14 10 14 49 24 0 12 9 23 13 14 44 25 36 52 21 12 43 6 19 31
15 5 21 22 39 30 5 35 7 8 10 19 24 41 6 0 9 28 8 22 16 31 16 39 22 8 18 9 14 20
19 27 36 9 28 52 15 25 23 13 24 12 22 27 6 14 0 49 19 3 61 60 34 42 28 7 55 1 18 27
22 20 7 42 32 28 22 48 17 27 31 21 26 44 31 29 45 0 51 31 27 14 25 12 23 29 13 40 30 47
7 21 51 31 11 42 8 14 13 12 17 11 33 15 29 8 10 28 0 18 34 28 13 40 18 13 60 17 19 6
30 34 27 8 34 38 23 28 24 34 24 21 20 13 22 10 4 61 11 0 44 56 31 31 35 11 45 5 22 17
34 14 11 60 67 7 52 51 26 40 14 39 36 59 26 28 49 33 67 35 0 6 62 27 32 36 3 44 23 56
30 42 20 62 49 9 54 77 37 40 23 21 40 84 21 19 68 27 55 34 6 0 45 22 29 48 6 29 23 87
8 10 32 44 13 66 9 12 19 12 41 10 8 14 15 24 13 43 12 26 44 52 0 9 3 29 56 20 25 25
18 29 31 72 39 40 19 55 15 21 20 15 3 20 31 18 36 26 30 37 32 21 22 0 13 43 38 35 48 38
18 17 40 51 20 56 13 38 24 19 23 4 12 12 18 32 29 31 14 25 41 37 4 14 0 24 58 30 58 14
16 11 22 12 21 22 10 11 23 17 15 18 14 14 14 5 6 27 15 10 39 44 12 45 21 0 53 6 13 12
60 24 9 38 46 13 49 46 18 19 14 38 31 86 44 31 31 25 44 52 4 5 59 52 35 44 0 44 13 40
27 12 44 18 12 40 16 27 24 25 29 28 39 19 8 12 1 37 13 2 23 25 14 23 37 4 46 0 22 16
49 25 13 14 43 16 18 37 19 36 5 34 27 31 19 17 37 35 35 22 21 15 32 48 32 24 20 21 0 40
11 17 28 33 4 52 20 10 21 35 62 21 43 1 35 33 26 48 18 15 35 84 22 44 26 33 48 27 38 0