5
30
,
0 (32.0, 4.0) 33.0
1 (18.0, 25.0) 35.0
2 (8.0, 34.0) 35.0
3 (47.0, 36.0) 34.0
4 (38.0, 3.0) 23.0
5 (10.0, 49.0) 39.0
6 (27.0, 18.0) 32.0
7 (46.0, 7.0) 43.0
8 (18.0, 23.0) 20.0
9 (21.0, 20.0) 17.0
10 (23.0, 40.0) 41.0
11 (22.0, 14.0) 17.0
12 (12.0, 9.0) 20.0
13 (41.0, 3.0) 13.0
14 (32.0, 35.0) 13.0
15 (28.0, 27.0) 44.0
16 (39.0, 26.0) 11.0
17 (1.0, 25.0) 10.0
18 (35.0, 13.0) 16.0
19 (44.0, 26.0) 13.0
20 (5.0, 48.0) 38.0
21 (0.0, 49.0) 18.0
22 (24.0, 7.0) 12.0
23 (8.0, 8.0) 10.0
24 (20.0, 6.0) 28.0
25 (34.0, 24.0) 29.0
26 (2.0, 45.0) 19.0
27 (40.0, 25.0) 39.0
28 (22.0, 45.0) 47.0
29 (41.0, 2.0) 50.0
,
0 5 8 7 1 10 3 3 5 4 7 3 4 2 6 5 5 7 2 5 10 11 2 5 2 4 10 4 8 2
5 0 3 6 6 5 2 7 0 1 3 2 3 6 3 2 4 3 4 5 5 6 4 4 4 3 5 4 4 7
8 3 0 8 9 3 5 9 3 4 3 5 5 9 5 4 6 2 7 7 3 3 6 5 6 6 3 7 4 9
7 6 8 0 7 8 5 6 6 6 5 7 9 7 3 4 3 9 5 2 9 10 7 10 8 4 9 3 5 7
1 6 9 7 0 11 4 2 6 5 8 4 5 1 7 5 5 9 2 5 11 12 3 6 4 4 11 4 9 1
10 5 3 8 11 0 7 11 5 6 3 7 8 11 5 6 7 5 9 8 1 2 9 8 9 7 2 8 3 11
3 2 5 5 4 7 0 4 2 1 4 1 3 4 4 2 3 5 2 4 7 8 2 4 3 2 7 3 5 4
3 7 9 6 2 11 4 0 6 6 8 5 7 1 6 5 4 10 3 4 12 12 4 8 5 4 12 4 9 1
5 0 3 6 6 5 2 6 0 1 4 2 3 6 4 2 4 3 4 5 6 6 3 4 3 3 5 4 4 6
4 1 4 6 5 6 1 6 1 0 4 1 3 5 4 2 4 4 3 5 6 7 3 4 3 3 6 4 5 5
7 3 3 5 8 3 4 8 4 4 0 5 7 8 2 3 4 5 6 5 4 5 7 7 7 4 4 5 1 8
3 2 5 7 4 7 1 5 2 1 5 0 2 4 5 3 4 5 3 5 8 8 1 3 2 3 7 4 6 4
4 3 5 9 5 8 3 7 3 3 7 2 0 6 7 5 6 4 5 7 8 8 2 1 2 5 7 6 7 6
2 6 9 7 1 11 4 1 6 5 8 4 6 0 7 5 5 9 2 5 12 12 3 7 4 4 11 4 9 0
6 3 5 3 7 5 4 6 4 4 2 5 7 7 0 2 2 7 4 3 6 7 6 7 6 2 6 3 3 7
5 2 4 4 5 6 2 5 2 2 3 3 5 5 2 0 2 5 3 3 6 7 4 6 4 1 6 2 4 6
5 4 6 3 5 7 3 4 4 4 4 4 6 5 2 2 0 8 3 1 8 9 5 7 6 1 8 0 5 5
7 3 2 9 9 5 5 10 3 4 5 5 4 9 7 5 8 0 7 9 5 5 6 4 5 7 4 8 6 9
2 4 7 5 2 9 2 3 4 3 6 3 5 2 4 3 3 7 0 3 9 10 3 5 3 2 9 3 7 3
5 5 7 2 5 8 4 4 5 5 5 5 7 5 3 3 1 9 3 0 9 10 6 8 6 2 9 1 6 5
10 5 3 9 11 1 7 12 6 6 4 8 8 12 6 6 8 5 9 9 0 1 9 8 9 8 1 8 3 12
11 6 3 10 12 2 8 12 6 7 5 8 8 12 7 7 9 5 10 10 1 0 10 8 9 8 1 9 4 12
2 4 6 7 3 9 2 4 3 3 7 1 2 3 6 4 5 6 3 6 9 10 0 3 1 4 9 5 8 4
5 4 5 10 6 8 4 8 4 4 7 3 1 7 7 6 7 4 5 8 8 8 3 0 2 6 7 7 8 7
2 4 6 8 4 9 3 5 3 3 7 2 2 4 6 4 6 5 3 6 9 9 1 2 0 5 9 6 8 4
4 3 6 4 4 7 2 4 3 3 4 3 5 4 2 1 1 7 2 2 8 8 4 6 5 0 8 1 5 5
10 5 3 9 11 2 7 12 5 6 4 7 7 11 6 6 8 4 9 9 1 1 9 7 9 8 0 9 4 12
4 4 7 3 4 8 3 4 4 4 5 4 6 4 3 2 0 8 3 1 8 9 5 7 6 1 9 0 5 5
8 4 4 5 9 3 5 9 4 5 1 6 7 9 3 4 5 6 7 6 3 4 8 8 8 5 4 5 0 9
2 7 9 7 1 11 4 1 6 5 8 4 6 0 7 6 5 9 3 5 12 12 4 7 4 5 12 5 9 0
,
0 23 52 46 8 58 13 8 25 16 51 21 21 11 27 26 28 23 5 24 72 35 11 14 14 17 36 28 61 7
32 0 18 28 15 29 11 41 3 7 20 7 19 35 18 14 11 10 29 13 27 22 25 20 19 10 24 24 17 32
44 7 0 56 22 8 23 48 15 12 23 20 14 58 21 31 40 7 47 39 19 14 17 33 29 20 18 29 24 45
44 41 45 0 38 21 27 36 16 41 17 35 29 48 17 14 16 40 15 10 33 49 27 27 39 9 24 17 24 33
7 19 42 38 0 49 26 8 42 31 48 21 22 4 31 33 30 32 7 33 62 72 11 39 26 22 57 27 59 4
72 13 20 20 72 0 37 46 29 34 20 37 35 80 25 29 50 23 61 46 5 9 37 56 46 39 11 37 11 35
15 10 13 15 14 43 0 24 9 3 20 8 9 13 14 5 21 25 10 18 40 21 9 24 14 5 35 19 32 14
14 21 37 16 13 77 28 0 40 34 31 31 28 8 36 38 14 25 16 15 74 44 21 23 24 16 57 25 43 10
33 2 21 28 33 35 6 43 0 5 21 14 17 20 27 14 15 19 22 13 22 24 19 19 21 19 29 12 32 26
27 7 21 21 16 40 7 39 3 0 23 9 16 31 20 9 10 21 16 17 20 29 9 17 8 19 39 19 17 39
19 13 11 18 59 9 19 22 10 12 0 16 42 32 11 13 13 20 16 14 21 23 44 38 38 26 12 13 5 34
10 16 33 34 13 28 9 26 12 3 17 0 7 21 13 13 18 23 12 26 20 59 5 13 8 16 36 26 37 31
11 23 15 41 34 46 15 18 13 19 43 11 0 23 34 27 42 15 34 40 24 28 7 3 11 29 45 39 24 39
13 21 24 41 2 64 23 8 37 36 54 31 15 0 35 23 31 48 12 23 57 41 20 41 19 23 65 18 24 1
17 26 18 11 41 34 12 39 16 9 8 27 18 36 0 11 12 27 15 11 38 38 29 30 45 11 33 19 16 46
17 7 12 31 21 37 6 38 5 13 10 15 19 36 8 0 16 25 23 13 41 52 27 41 11 4 33 13 27 22
31 22 37 16 30 53 16 20 20 25 28 17 16 12 15 13 0 42 19 3 42 33 17 24 38 5 53 1 26 20
41 20 6 43 26 14 32 59 25 23 17 17 19 49 19 27 37 0 21 25 26 36 31 14 19 45 21 52 33 38
10 26 29 25 14 25 13 19 21 19 16 12 22 7 18 9 8 51 0 18 29 38 12 33 11 9 35 13 31 7
21 14 19 5 22 51 15 18 20 27 20 26 54 20 12 17 3 33 10 0 27 66 20 33 26 15 38 5 22 32
54 23 20 22 62 6 25 58 24 46 21 30 34 46 24 25 39 19 39 36 0 6 55 57 43 27 4 55 19 64
67 31 23 30 67 9 42 70 46 36 33 41 33 56 52 49 25 14 58 28 4 0 44 43 47 26 6 55 17 69
6 11 37 37 21 36 16 18 11 18 35 7 15 14 25 25 34 25 15 24 54 33 0 22 4 30 32 29 35 26
30 13 13 65 21 23 14 30 13 13 22 9 5 20 38 16 28 22 15 24 45 53 13 0 14 22 21 25 49 17
8 16 23 26 24 30 20 23 17 9 32 9 11 29 34 23 16 19 19 31 41 31 3 10 0 20 23 34 49 19
22 21 22 21 23 22 5 20 19 18 29 11 28 18 11 10 6 38 9 11 49 48 18 37 25 0 53 8 29 31
48 19 17 38 54 6 55 42 38 44 29 39 44 54 33 46 40 11 57 34 5 7 57 28 22 55 0 58 23 64
21 24 34 9 20 47 12 28 22 23 13 29 17 27 19 11 1 28 10 5 34 31 24 54 35 9 61 0 14 23
23 14 24 25 30 16 26 39 33 37 4 42 25 65 9 25 36 41 32 15 15 13 46 34 58 13 26 21 0 54
12 18 36 51 3 33 20 5 41 22 45 33 42 1 43 16 20 64 18 25 85 59 17 25 29 13 41 29 70 0