5
30
,
0 (32.0, 4.0) 14.0
1 (18.0, 25.0) 19.0
2 (8.0, 34.0) 10.0
3 (47.0, 36.0) 30.0
4 (38.0, 3.0) 21.0
5 (10.0, 49.0) 27.0
6 (27.0, 18.0) 26.0
7 (46.0, 7.0) 26.0
8 (18.0, 23.0) 31.0
9 (21.0, 20.0) 24.0
10 (23.0, 40.0) 17.0
11 (22.0, 14.0) 22.0
12 (12.0, 9.0) 16.0
13 (41.0, 3.0) 46.0
14 (32.0, 35.0) 16.0
15 (28.0, 27.0) 11.0
16 (39.0, 26.0) 17.0
17 (1.0, 25.0) 13.0
18 (35.0, 13.0) 13.0
19 (44.0, 26.0) 11.0
20 (5.0, 48.0) 50.0
21 (0.0, 49.0) 40.0
22 (24.0, 7.0) 27.0
23 (8.0, 8.0) 17.0
24 (20.0, 6.0) 26.0
25 (34.0, 24.0) 45.0
26 (2.0, 45.0) 10.0
27 (40.0, 25.0) 25.0
28 (22.0, 45.0) 11.0
29 (41.0, 2.0) 14.0
,
0 5 8 7 1 10 3 3 5 4 7 3 4 2 6 5 5 7 2 5 10 11 2 5 2 4 10 4 8 2
5 0 3 6 6 5 2 7 0 1 3 2 3 6 3 2 4 3 4 5 5 6 4 4 4 3 5 4 4 7
8 3 0 8 9 3 5 9 3 4 3 5 5 9 5 4 6 2 7 7 3 3 6 5 6 6 3 7 4 9
7 6 8 0 7 8 5 6 6 6 5 7 9 7 3 4 3 9 5 2 9 10 7 10 8 4 9 3 5 7
1 6 9 7 0 11 4 2 6 5 8 4 5 1 7 5 5 9 2 5 11 12 3 6 4 4 11 4 9 1
10 5 3 8 11 0 7 11 5 6 3 7 8 11 5 6 7 5 9 8 1 2 9 8 9 7 2 8 3 11
3 2 5 5 4 7 0 4 2 1 4 1 3 4 4 2 3 5 2 4 7 8 2 4 3 2 7 3 5 4
3 7 9 6 2 11 4 0 6 6 8 5 7 1 6 5 4 10 3 4 12 12 4 8 5 4 12 4 9 1
5 0 3 6 6 5 2 6 0 1 4 2 3 6 4 2 4 3 4 5 6 6 3 4 3 3 5 4 4 6
4 1 4 6 5 6 1 6 1 0 4 1 3 5 4 2 4 4 3 5 6 7 3 4 3 3 6 4 5 5
7 3 3 5 8 3 4 8 4 4 0 5 7 8 2 3 4 5 6 5 4 5 7 7 7 4 4 5 1 8
3 2 5 7 4 7 1 5 2 1 5 0 2 4 5 3 4 5 3 5 8 8 1 3 2 3 7 4 6 4
4 3 5 9 5 8 3 7 3 3 7 2 0 6 7 5 6 4 5 7 8 8 2 1 2 5 7 6 7 6
2 6 9 7 1 11 4 1 6 5 8 4 6 0 7 5 5 9 2 5 12 12 3 7 4 4 11 4 9 0
6 3 5 3 7 5 4 6 4 4 2 5 7 7 0 2 2 7 4 3 6 7 6 7 6 2 6 3 3 7
5 2 4 4 5 6 2 5 2 2 3 3 5 5 2 0 2 5 3 3 6 7 4 6 4 1 6 2 4 6
5 4 6 3 5 7 3 4 4 4 4 4 6 5 2 2 0 8 3 1 8 9 5 7 6 1 8 0 5 5
7 3 2 9 9 5 5 10 3 4 5 5 4 9 7 5 8 0 7 9 5 5 6 4 5 7 4 8 6 9
2 4 7 5 2 9 2 3 4 3 6 3 5 2 4 3 3 7 0 3 9 10 3 5 3 2 9 3 7 3
5 5 7 2 5 8 4 4 5 5 5 5 7 5 3 3 1 9 3 0 9 10 6 8 6 2 9 1 6 5
10 5 3 9 11 1 7 12 6 6 4 8 8 12 6 6 8 5 9 9 0 1 9 8 9 8 1 8 3 12
11 6 3 10 12 2 8 12 6 7 5 8 8 12 7 7 9 5 10 10 1 0 10 8 9 8 1 9 4 12
2 4 6 7 3 9 2 4 3 3 7 1 2 3 6 4 5 6 3 6 9 10 0 3 1 4 9 5 8 4
5 4 5 10 6 8 4 8 4 4 7 3 1 7 7 6 7 4 5 8 8 8 3 0 2 6 7 7 8 7
2 4 6 8 4 9 3 5 3 3 7 2 2 4 6 4 6 5 3 6 9 9 1 2 0 5 9 6 8 4
4 3 6 4 4 7 2 4 3 3 4 3 5 4 2 1 1 7 2 2 8 8 4 6 5 0 8 1 5 5
10 5 3 9 11 2 7 12 5 6 4 7 7 11 6 6 8 4 9 9 1 1 9 7 9 8 0 9 4 12
4 4 7 3 4 8 3 4 4 4 5 4 6 4 3 2 0 8 3 1 8 9 5 7 6 1 9 0 5 5
8 4 4 5 9 3 5 9 4 5 1 6 7 9 3 4 5 6 7 6 3 4 8 8 8 5 4 5 0 9
2 7 9 7 1 11 4 1 6 5 8 4 6 0 7 6 5 9 3 5 12 12 4 7 4 5 12 5 9 0
,
0 24 31 40 3 44 11 13 13 25 20 19 23 5 40 28 32 33 14 17 51 43 10 14 8 14 70 23 50 10
23 0 19 16 20 36 15 30 1 6 15 18 18 31 13 15 22 23 11 31 26 34 28 18 27 24 28 25 19 28
56 10 0 53 59 13 25 52 18 22 20 14 31 66 21 29 29 17 42 44 19 17 46 21 16 20 9 34 9 64
52 29 53 0 33 40 38 38 26 22 13 30 48 25 8 31 18 41 32 10 47 36 41 66 53 22 48 11 34 44
7 19 62 24 0 38 21 6 19 18 56 17 28 3 42 35 13 24 11 32 36 77 12 27 20 23 31 33 61 2
75 31 15 38 63 0 20 62 33 16 21 44 33 60 20 28 40 13 55 23 4 7 48 21 30 43 11 30 14 80
13 13 25 35 24 41 0 14 11 7 17 5 22 13 10 13 18 40 6 16 55 44 11 30 12 7 25 22 39 20
18 18 32 24 13 36 33 0 19 38 50 28 33 5 23 19 26 63 6 16 59 36 23 35 27 12 60 26 50 4
28 1 9 18 20 18 7 43 0 6 22 11 8 37 16 13 18 25 17 18 24 44 15 11 17 20 28 16 23 27
28 5 15 17 15 44 9 36 5 0 12 8 18 37 14 10 17 29 20 27 28 52 18 18 10 18 25 16 25 40
53 11 12 21 23 13 17 40 25 24 0 20 44 22 14 10 16 23 22 26 16 17 47 25 43 16 20 31 7 55
10 7 15 44 28 29 7 21 12 6 14 0 9 30 33 18 13 32 12 35 31 30 6 15 6 12 47 14 46 28
17 14 14 43 37 43 24 42 21 8 28 10 0 23 48 35 25 11 12 22 26 60 8 2 10 36 39 37 22 28
5 47 56 31 4 68 13 5 40 23 43 29 34 0 20 33 34 60 12 15 30 90 20 24 27 29 43 31 40 1
43 19 13 14 45 36 25 35 10 12 14 28 43 46 0 8 13 45 17 18 40 28 25 30 24 10 35 13 18 43
31 9 21 25 29 29 7 15 8 5 8 13 19 15 12 0 8 29 9 14 16 45 12 16 12 9 29 11 10 42
12 25 36 13 33 43 11 24 19 12 11 20 27 21 14 7 0 47 11 4 43 25 26 44 16 8 27 2 28 30
41 19 13 69 48 17 40 66 18 28 23 32 10 68 34 17 20 0 35 57 24 32 40 15 30 29 10 55 25 69
11 29 40 27 7 60 11 10 27 10 33 7 19 11 30 23 7 25 0 20 39 73 19 15 23 6 59 19 25 16
36 31 52 10 12 34 16 18 17 23 29 25 38 30 13 14 7 40 8 0 41 47 32 33 34 12 24 5 30 34
67 20 14 47 39 3 43 31 16 23 27 42 56 46 22 38 37 34 55 62 0 5 42 55 39 31 2 28 9 38
56 28 23 63 68 14 22 88 34 25 21 30 44 72 31 36 48 18 26 67 5 0 64 34 67 25 5 26 33 37
5 16 30 24 10 61 10 19 22 18 35 5 11 24 31 23 34 41 8 36 50 32 0 11 4 16 30 32 38 20
13 14 20 33 24 58 28 45 25 11 19 15 6 22 38 37 19 26 14 43 55 23 13 0 9 20 48 49 56 17
15 15 18 57 19 48 17 28 25 7 37 10 11 23 21 28 19 31 15 46 30 45 2 17 0 30 23 40 54 17
17 8 23 15 28 22 12 27 14 8 13 17 28 19 16 5 8 31 7 14 47 39 22 26 14 0 51 4 35 26
41 24 9 51 60 9 43 41 27 42 19 38 46 73 34 43 28 28 28 63 6 4 31 44 53 57 0 41 27 83
24 25 31 7 26 36 17 21 24 29 32 14 33 22 14 7 2 46 18 5 52 29 28 19 20 4 55 0 27 29
45 11 10 33 45 10 33 23 15 13 6 45 29 58 10 18 14 16 39 20 25 25 39 57 58 33 11 30 0 46
11 20 32 44 3 30 18 5 36 25 48 19 33 1 25 28 29 55 9 27 33 62 19 31 21 32 60 20 40 0