5
30
,
0 (32.0, 4.0) 21.0
1 (18.0, 25.0) 23.0
2 (8.0, 34.0) 27.0
3 (47.0, 36.0) 43.0
4 (38.0, 3.0) 33.0
5 (10.0, 49.0) 38.0
6 (27.0, 18.0) 45.0
7 (46.0, 7.0) 38.0
8 (18.0, 23.0) 24.0
9 (21.0, 20.0) 18.0
10 (23.0, 40.0) 16.0
11 (22.0, 14.0) 25.0
12 (12.0, 9.0) 11.0
13 (41.0, 3.0) 33.0
14 (32.0, 35.0) 19.0
15 (28.0, 27.0) 34.0
16 (39.0, 26.0) 33.0
17 (1.0, 25.0) 16.0
18 (35.0, 13.0) 16.0
19 (44.0, 26.0) 20.0
20 (5.0, 48.0) 26.0
21 (0.0, 49.0) 35.0
22 (24.0, 7.0) 49.0
23 (8.0, 8.0) 12.0
24 (20.0, 6.0) 23.0
25 (34.0, 24.0) 30.0
26 (2.0, 45.0) 15.0
27 (40.0, 25.0) 26.0
28 (22.0, 45.0) 20.0
29 (41.0, 2.0) 26.0
,
0 5 8 7 1 10 3 3 5 4 7 3 4 2 6 5 5 7 2 5 10 11 2 5 2 4 10 4 8 2
5 0 3 6 6 5 2 7 0 1 3 2 3 6 3 2 4 3 4 5 5 6 4 4 4 3 5 4 4 7
8 3 0 8 9 3 5 9 3 4 3 5 5 9 5 4 6 2 7 7 3 3 6 5 6 6 3 7 4 9
7 6 8 0 7 8 5 6 6 6 5 7 9 7 3 4 3 9 5 2 9 10 7 10 8 4 9 3 5 7
1 6 9 7 0 11 4 2 6 5 8 4 5 1 7 5 5 9 2 5 11 12 3 6 4 4 11 4 9 1
10 5 3 8 11 0 7 11 5 6 3 7 8 11 5 6 7 5 9 8 1 2 9 8 9 7 2 8 3 11
3 2 5 5 4 7 0 4 2 1 4 1 3 4 4 2 3 5 2 4 7 8 2 4 3 2 7 3 5 4
3 7 9 6 2 11 4 0 6 6 8 5 7 1 6 5 4 10 3 4 12 12 4 8 5 4 12 4 9 1
5 0 3 6 6 5 2 6 0 1 4 2 3 6 4 2 4 3 4 5 6 6 3 4 3 3 5 4 4 6
4 1 4 6 5 6 1 6 1 0 4 1 3 5 4 2 4 4 3 5 6 7 3 4 3 3 6 4 5 5
7 3 3 5 8 3 4 8 4 4 0 5 7 8 2 3 4 5 6 5 4 5 7 7 7 4 4 5 1 8
3 2 5 7 4 7 1 5 2 1 5 0 2 4 5 3 4 5 3 5 8 8 1 3 2 3 7 4 6 4
4 3 5 9 5 8 3 7 3 3 7 2 0 6 7 5 6 4 5 7 8 8 2 1 2 5 7 6 7 6
2 6 9 7 1 11 4 1 6 5 8 4 6 0 7 5 5 9 2 5 12 12 3 7 4 4 11 4 9 0
6 3 5 3 7 5 4 6 4 4 2 5 7 7 0 2 2 7 4 3 6 7 6 7 6 2 6 3 3 7
5 2 4 4 5 6 2 5 2 2 3 3 5 5 2 0 2 5 3 3 6 7 4 6 4 1 6 2 4 6
5 4 6 3 5 7 3 4 4 4 4 4 6 5 2 2 0 8 3 1 8 9 5 7 6 1 8 0 5 5
7 3 2 9 9 5 5 10 3 4 5 5 4 9 7 5 8 0 7 9 5 5 6 4 5 7 4 8 6 9
2 4 7 5 2 9 2 3 4 3 6 3 5 2 4 3 3 7 0 3 9 10 3 5 3 2 9 3 7 3
5 5 7 2 5 8 4 4 5 5 5 5 7 5 3 3 1 9 3 0 9 10 6 8 6 2 9 1 6 5
10 5 3 9 11 1 7 12 6 6 4 8 8 12 6 6 8 5 9 9 0 1 9 8 9 8 1 8 3 12
11 6 3 10 12 2 8 12 6 7 5 8 8 12 7 7 9 5 10 10 1 0 10 8 9 8 1 9 4 12
2 4 6 7 3 9 2 4 3 3 7 1 2 3 6 4 5 6 3 6 9 10 0 3 1 4 9 5 8 4
5 4 5 10 6 8 4 8 4 4 7 3 1 7 7 6 7 4 5 8 8 8 3 0 2 6 7 7 8 7
2 4 6 8 4 9 3 5 3 3 7 2 2 4 6 4 6 5 3 6 9 9 1 2 0 5 9 6 8 4
4 3 6 4 4 7 2 4 3 3 4 3 5 4 2 1 1 7 2 2 8 8 4 6 5 0 8 1 5 5
10 5 3 9 11 2 7 12 5 6 4 7 7 11 6 6 8 4 9 9 1 1 9 7 9 8 0 9 4 12
4 4 7 3 4 8 3 4 4 4 5 4 6 4 3 2 0 8 3 1 8 9 5 7 6 1 9 0 5 5
8 4 4 5 9 3 5 9 4 5 1 6 7 9 3 4 5 6 7 6 3 4 8 8 8 5 4 5 0 9
2 7 9 7 1 11 4 1 6 5 8 4 6 0 7 6 5 9 3 5 12 12 4 7 4 5 12 5 9 0
,
0 20 33 36 4 44 22 16 18 23 55 19 15 7 43 33 28 45 7 29 46 33 5 31 14 21 34 18 38 11
24 0 10 32 40 30 12 19 3 8 16 9 16 23 13 6 29 24 12 31 37 26 15 18 13 22 36 29 12 42
20 19 0 47 61 20 21 58 12 11 9 19 27 28 33 21 18 12 49 53 8 20 34 21 17 24 10 31 23 50
22 38 20 0 51 45 36 26 18 25 24 29 30 48 22 26 16 49 19 13 39 64 40 51 21 14 30 19 14 44
7 37 64 50 0 64 15 11 17 26 58 22 29 2 35 17 19 33 11 35 44 64 15 45 22 13 37 28 23 3
59 38 10 38 33 0 41 76 23 40 9 41 51 50 31 18 39 33 26 46 7 6 60 57 28 30 6 43 12 38
13 12 19 32 15 44 0 24 11 5 33 5 17 15 11 11 12 16 11 22 27 54 14 30 9 8 43 16 20 22
15 35 57 18 10 72 22 0 28 40 45 33 19 9 28 38 27 53 17 19 63 33 18 48 22 24 73 17 37 5
24 2 10 39 23 18 11 40 0 6 24 9 10 26 17 10 17 19 16 30 39 34 9 17 15 12 27 28 15 20
24 3 22 20 33 33 7 24 6 0 13 4 12 30 15 7 14 30 10 26 25 28 17 26 13 12 35 24 27 35
19 21 12 34 25 20 21 38 20 27 0 35 37 44 10 21 11 15 18 18 25 27 32 42 23 21 15 17 3 62
13 15 15 36 27 35 5 23 8 3 35 0 16 32 19 17 27 30 7 22 51 39 7 10 7 14 51 19 20 18
10 15 25 31 21 44 26 18 17 11 39 7 0 23 27 30 34 22 30 19 24 50 9 2 6 26 29 29 44 42
5 38 50 24 3 82 24 4 28 39 48 16 27 0 34 31 28 57 11 16 44 47 17 21 18 23 48 21 28 1
44 19 21 13 19 20 15 35 25 26 5 12 40 30 0 8 7 31 15 19 23 47 15 45 23 11 41 10 21 24
20 9 11 19 27 34 6 13 9 8 13 19 21 18 11 0 13 40 15 20 20 40 16 16 26 7 25 8 20 41
16 12 42 14 34 31 15 17 28 12 16 18 26 17 8 15 0 35 14 6 58 31 19 33 23 4 55 1 29 35
40 10 12 32 27 38 35 37 13 16 16 15 17 48 40 24 35 0 25 39 33 35 15 27 24 37 17 31 28 45
7 20 47 29 7 57 7 11 11 8 25 7 24 15 19 23 9 41 0 13 43 28 16 23 16 6 68 19 47 18
29 15 36 9 24 36 26 21 25 32 27 30 31 29 10 20 6 36 15 0 64 60 21 23 37 14 63 6 26 16
44 35 17 49 38 5 49 39 31 32 13 48 26 46 16 33 21 17 41 56 0 7 58 45 63 38 2 29 18 81
80 16 14 46 35 11 39 48 34 32 33 28 55 64 41 20 27 29 54 64 4 0 43 47 26 34 3 61 32 56
5 23 18 33 19 42 11 12 10 20 41 6 12 14 25 27 26 36 8 17 64 50 0 16 3 18 47 33 46 19
33 17 19 41 30 28 24 48 19 25 37 14 4 50 50 21 52 11 28 51 23 57 12 0 11 17 42 29 52 43
9 27 22 31 27 26 13 22 15 7 18 12 5 31 30 29 16 30 9 29 62 49 5 16 0 19 49 34 29 14
27 11 18 18 21 31 5 15 9 19 16 11 30 16 16 8 6 32 6 6 52 22 29 40 12 0 19 6 19 26
70 29 8 66 30 6 21 60 23 16 28 25 45 46 32 35 55 12 29 42 3 4 37 30 44 35 0 45 28 38
22 18 44 18 13 28 12 23 28 27 24 26 41 27 18 11 1 27 12 4 25 63 27 36 30 6 32 0 23 32
27 15 12 31 64 8 22 57 25 37 4 30 52 61 17 10 25 42 39 42 23 26 42 52 41 28 27 14 0 28
12 24 28 32 4 77 22 7 34 25 27 24 33 1 42 27 20 55 8 33 57 77 17 48 22 16 34 14 35 0