5
30
,
0 (32.0, 4.0) 15.0
1 (18.0, 25.0) 12.0
2 (8.0, 34.0) 29.0
3 (47.0, 36.0) 18.0
4 (38.0, 3.0) 27.0
5 (10.0, 49.0) 26.0
6 (27.0, 18.0) 19.0
7 (46.0, 7.0) 16.0
8 (18.0, 23.0) 13.0
9 (21.0, 20.0) 35.0
10 (23.0, 40.0) 38.0
11 (22.0, 14.0) 31.0
12 (12.0, 9.0) 29.0
13 (41.0, 3.0) 35.0
14 (32.0, 35.0) 13.0
15 (28.0, 27.0) 28.0
16 (39.0, 26.0) 43.0
17 (1.0, 25.0) 14.0
18 (35.0, 13.0) 31.0
19 (44.0, 26.0) 26.0
20 (5.0, 48.0) 43.0
21 (0.0, 49.0) 11.0
22 (24.0, 7.0) 12.0
23 (8.0, 8.0) 11.0
24 (20.0, 6.0) 33.0
25 (34.0, 24.0) 37.0
26 (2.0, 45.0) 15.0
27 (40.0, 25.0) 13.0
28 (22.0, 45.0) 16.0
29 (41.0, 2.0) 26.0
,
0 5 8 7 1 10 3 3 5 4 7 3 4 2 6 5 5 7 2 5 10 11 2 5 2 4 10 4 8 2
5 0 3 6 6 5 2 7 0 1 3 2 3 6 3 2 4 3 4 5 5 6 4 4 4 3 5 4 4 7
8 3 0 8 9 3 5 9 3 4 3 5 5 9 5 4 6 2 7 7 3 3 6 5 6 6 3 7 4 9
7 6 8 0 7 8 5 6 6 6 5 7 9 7 3 4 3 9 5 2 9 10 7 10 8 4 9 3 5 7
1 6 9 7 0 11 4 2 6 5 8 4 5 1 7 5 5 9 2 5 11 12 3 6 4 4 11 4 9 1
10 5 3 8 11 0 7 11 5 6 3 7 8 11 5 6 7 5 9 8 1 2 9 8 9 7 2 8 3 11
3 2 5 5 4 7 0 4 2 1 4 1 3 4 4 2 3 5 2 4 7 8 2 4 3 2 7 3 5 4
3 7 9 6 2 11 4 0 6 6 8 5 7 1 6 5 4 10 3 4 12 12 4 8 5 4 12 4 9 1
5 0 3 6 6 5 2 6 0 1 4 2 3 6 4 2 4 3 4 5 6 6 3 4 3 3 5 4 4 6
4 1 4 6 5 6 1 6 1 0 4 1 3 5 4 2 4 4 3 5 6 7 3 4 3 3 6 4 5 5
7 3 3 5 8 3 4 8 4 4 0 5 7 8 2 3 4 5 6 5 4 5 7 7 7 4 4 5 1 8
3 2 5 7 4 7 1 5 2 1 5 0 2 4 5 3 4 5 3 5 8 8 1 3 2 3 7 4 6 4
4 3 5 9 5 8 3 7 3 3 7 2 0 6 7 5 6 4 5 7 8 8 2 1 2 5 7 6 7 6
2 6 9 7 1 11 4 1 6 5 8 4 6 0 7 5 5 9 2 5 12 12 3 7 4 4 11 4 9 0
6 3 5 3 7 5 4 6 4 4 2 5 7 7 0 2 2 7 4 3 6 7 6 7 6 2 6 3 3 7
5 2 4 4 5 6 2 5 2 2 3 3 5 5 2 0 2 5 3 3 6 7 4 6 4 1 6 2 4 6
5 4 6 3 5 7 3 4 4 4 4 4 6 5 2 2 0 8 3 1 8 9 5 7 6 1 8 0 5 5
7 3 2 9 9 5 5 10 3 4 5 5 4 9 7 5 8 0 7 9 5 5 6 4 5 7 4 8 6 9
2 4 7 5 2 9 2 3 4 3 6 3 5 2 4 3 3 7 0 3 9 10 3 5 3 2 9 3 7 3
5 5 7 2 5 8 4 4 5 5 5 5 7 5 3 3 1 9 3 0 9 10 6 8 6 2 9 1 6 5
10 5 3 9 11 1 7 12 6 6 4 8 8 12 6 6 8 5 9 9 0 1 9 8 9 8 1 8 3 12
11 6 3 10 12 2 8 12 6 7 5 8 8 12 7 7 9 5 10 10 1 0 10 8 9 8 1 9 4 12
2 4 6 7 3 9 2 4 3 3 7 1 2 3 6 4 5 6 3 6 9 10 0 3 1 4 9 5 8 4
5 4 5 10 6 8 4 8 4 4 7 3 1 7 7 6 7 4 5 8 8 8 3 0 2 6 7 7 8 7
2 4 6 8 4 9 3 5 3 3 7 2 2 4 6 4 6 5 3 6 9 9 1 2 0 5 9 6 8 4
4 3 6 4 4 7 2 4 3 3 4 3 5 4 2 1 1 7 2 2 8 8 4 6 5 0 8 1 5 5
10 5 3 9 11 2 7 12 5 6 4 7 7 11 6 6 8 4 9 9 1 1 9 7 9 8 0 9 4 12
4 4 7 3 4 8 3 4 4 4 5 4 6 4 3 2 0 8 3 1 8 9 5 7 6 1 9 0 5 5
8 4 4 5 9 3 5 9 4 5 1 6 7 9 3 4 5 6 7 6 3 4 8 8 8 5 4 5 0 9
2 7 9 7 1 11 4 1 6 5 8 4 6 0 7 6 5 9 3 5 12 12 4 7 4 5 12 5 9 0
,
0 35 52 34 7 62 10 17 27 13 40 20 25 8 29 18 15 27 7 29 32 34 8 30 17 18 41 34 59 6
15 0 12 38 41 19 10 27 2 3 23 13 13 27 21 6 14 20 18 23 25 18 18 17 21 23 17 33 22 32
21 18 0 55 24 13 22 53 9 19 13 29 29 66 28 21 18 6 37 54 19 15 35 25 38 18 11 19 24 32
36 23 53 0 49 57 30 19 40 27 12 45 46 47 8 30 16 68 25 8 43 31 28 59 39 22 53 9 16 31
8 44 36 41 0 28 23 10 28 15 30 14 28 3 46 22 12 24 14 28 54 41 12 41 21 23 61 21 36 3
28 33 18 43 37 0 31 64 18 37 15 22 25 28 19 21 47 18 47 45 5 6 61 54 63 25 8 50 14 63
20 17 21 15 12 40 0 29 8 5 32 5 22 14 22 5 21 22 9 28 51 32 8 25 16 12 55 10 17 22
20 45 60 20 6 67 30 0 19 22 58 32 39 5 24 34 11 54 14 16 59 69 31 46 36 26 68 24 48 9
34 3 20 23 21 37 7 40 0 3 20 11 21 21 18 12 21 26 15 35 26 38 14 12 14 12 18 33 26 19
21 5 15 28 21 41 8 30 6 0 13 4 18 25 22 6 26 31 23 29 38 42 10 15 13 19 27 16 34 34
55 9 19 34 28 9 27 50 26 15 0 18 17 58 6 8 23 15 16 33 15 29 26 39 24 21 28 17 7 56
11 8 25 48 18 42 9 34 8 6 18 0 10 25 35 20 13 24 9 25 44 35 8 13 12 8 34 22 41 19
15 19 26 57 17 32 11 35 22 13 30 10 0 40 23 22 47 25 26 23 36 38 7 2 12 24 47 20 33 25
12 40 55 50 2 82 24 8 22 30 37 32 22 0 22 29 15 49 11 24 71 48 24 44 30 12 31 25 25 1
30 18 15 10 30 28 10 36 13 23 7 17 32 18 0 9 10 20 15 17 39 21 26 25 22 15 34 10 15 49
31 8 27 28 39 19 14 33 15 9 9 21 34 28 10 0 8 24 11 16 30 20 14 35 22 5 35 17 14 36
25 12 19 18 32 49 11 30 27 28 12 14 20 30 8 6 0 21 18 5 34 43 12 45 35 5 48 2 17 36
35 25 17 56 59 31 33 56 23 24 21 30 21 28 21 27 48 0 30 41 15 25 40 17 21 35 27 50 43 64
12 21 48 32 7 44 10 9 25 16 19 14 27 9 25 17 19 49 0 12 65 67 11 23 14 13 48 18 45 11
17 36 27 8 12 38 21 14 35 19 38 32 32 34 18 15 3 30 17 0 45 66 16 59 21 13 40 2 43 15
34 39 17 61 72 3 25 40 42 36 18 54 58 54 21 32 24 17 64 26 0 6 45 38 57 42 3 23 10 79
52 32 21 64 83 11 39 87 19 51 16 39 42 37 32 23 52 22 66 66 3 0 48 55 33 30 4 60 28 75
6 24 46 55 20 59 8 28 17 18 28 9 12 20 19 14 27 40 9 24 57 50 0 9 3 12 64 13 21 21
31 28 18 31 22 44 20 35 12 13 30 19 5 30 30 23 52 23 39 28 45 34 14 0 10 40 44 32 43 18
16 10 26 50 14 40 8 15 19 17 40 10 8 28 44 32 21 21 25 22 42 61 5 12 0 20 29 17 40 14
28 11 41 24 14 19 10 21 9 11 23 19 26 25 9 10 7 23 16 14 37 30 12 41 24 0 52 8 17 13
34 24 7 32 29 6 28 52 17 39 25 21 41 81 42 43 59 14 55 30 5 3 37 42 40 42 0 32 26 33
28 25 42 14 30 45 17 23 22 11 20 17 42 25 16 18 2 56 15 3 26 31 24 22 32 9 61 0 30 25
37 28 21 20 36 8 36 58 22 26 4 43 37 64 19 24 19 24 34 43 19 26 45 31 25 35 26 16 0 31
7 27 27 31 3 48 18 9 25 17 54 27 39 1 34 36 29 52 18 22 74 82 11 29 27 24 76 29 36 0