4
20
,
0 (48.0, 24.0) 35.0
1 (15.0, 34.0) 67.0
2 (27.0, 5.0) 58.0
3 (45.0, 43.0) 54.0
4 (3.0, 32.0) 47.0
5 (22.0, 19.0) 68.0
6 (16.0, 25.0) 36.0
7 (14.0, 2.0) 71.0
8 (1.0, 49.0) 57.0
9 (24.0, 25.0) 32.0
10 (25.0, 25.0) 54.0
11 (16.0, 13.0) 33.0
12 (24.0, 42.0) 49.0
13 (1.0, 42.0) 41.0
14 (12.0, 1.0) 72.0
15 (44.0, 1.0) 48.0
16 (5.0, 41.0) 44.0
17 (34.0, 33.0) 50.0
18 (10.0, 3.0) 66.0
19 (40.0, 40.0) 74.0
,
0 27 19 14 31 16 15 15 7 25 17 18 10 24 21 6 22 21 24 5 28 0
27 0 17 14 10 23 13 16 20 27 12 12 17 15 25 21 12 23 8 22 9 27
19 17 0 16 16 6 8 5 16 10 6 7 11 6 8 17 22 6 10 16 13 19
14 14 16 0 21 18 7 11 7 26 10 10 7 19 23 8 9 21 14 9 19 14
31 10 16 21 0 22 17 17 26 22 14 13 21 11 22 27 21 20 7 27 3 31
16 23 6 18 22 0 12 7 16 9 11 12 12 12 5 16 26 5 16 15 19 16
15 13 8 7 17 12 0 4 9 18 3 3 4 12 16 10 14 14 9 10 14 15
15 16 5 11 17 7 4 0 12 14 4 4 6 9 11 12 18 10 10 11 14 15
7 20 16 7 26 16 9 12 0 24 13 13 6 21 21 1 15 20 18 2 23 7
25 27 10 26 22 9 18 14 24 0 17 17 20 12 4 25 32 4 18 23 20 25
17 12 6 10 14 11 3 4 13 17 0 0 7 8 14 13 16 12 6 13 11 17
18 12 7 10 13 12 3 4 13 17 0 0 8 9 15 14 15 13 6 13 11 18
10 17 11 7 21 12 4 6 6 20 7 8 0 15 16 6 15 15 13 6 18 10
24 15 6 19 11 12 12 9 21 12 8 9 15 0 12 21 23 10 7 21 8 24
21 25 8 23 22 5 16 11 21 4 14 15 16 12 0 21 30 2 17 20 20 21
6 21 17 8 27 16 10 12 1 25 13 14 6 21 21 0 16 20 19 1 24 6
22 12 22 9 21 26 14 18 15 32 16 15 15 23 30 16 0 28 17 17 20 22
21 23 6 21 20 5 14 10 20 4 12 13 15 10 2 20 28 0 15 19 18 21
24 8 10 14 7 16 9 10 18 18 6 6 13 7 17 19 17 15 0 19 5 24
5 22 16 9 27 15 10 11 2 23 13 13 6 21 20 1 17 19 19 0 24 5
28 9 13 19 3 19 14 14 23 20 11 11 18 8 20 24 20 18 5 24 0 28
0 27 19 14 31 16 15 15 7 25 17 18 10 24 21 6 22 21 24 5 28 0
,
0 54 47 28 81 38 35 20 19 56 40 43 16 66 26 10 41 47 39 12 72 0
56 0 45 28 23 35 31 41 41 45 13 19 37 17 38 51 22 34 18 33 12 73
27 32 0 38 37 15 22 13 34 11 7 16 27 18 18 42 30 14 13 32 24 32
38 30 16 0 49 22 10 19 8 41 18 20 19 51 47 18 13 61 40 16 48 40
51 21 22 26 0 53 42 27 56 22 18 17 62 19 49 31 35 46 15 35 9 57
22 58 12 39 33 0 28 18 24 23 22 19 22 27 14 24 58 11 26 38 53 31
38 15 11 18 21 27 0 6 18 38 5 9 5 22 28 12 32 33 23 14 24 27
27 20 6 32 33 21 8 0 20 25 10 7 6 24 29 26 35 18 15 12 22 44
16 47 46 18 40 19 14 29 0 47 20 21 6 33 60 2 26 31 29 6 63 9
36 77 21 27 43 22 33 31 59 0 47 42 34 27 8 55 83 12 29 55 23 52
18 15 13 12 39 29 8 5 32 39 0 1 10 18 34 30 35 33 7 29 26 45
39 20 9 19 20 27 4 7 27 38 1 0 21 13 28 36 28 27 9 30 11 33
31 24 21 15 51 17 7 10 8 24 8 17 0 22 32 18 38 26 30 12 24 12
49 17 16 43 15 24 18 15 56 35 11 17 35 0 18 23 33 20 8 61 23 44
53 45 13 33 27 8 20 13 49 5 36 39 22 13 0 29 85 4 37 55 30 33
14 60 36 18 49 39 10 24 2 47 27 39 13 32 23 0 16 34 58 4 64 14
36 19 39 16 57 27 29 26 37 91 41 20 37 25 76 28 0 45 30 42 21 63
48 65 17 36 33 8 37 28 49 6 28 23 34 21 3 56 37 0 24 52 47 55
70 21 14 20 8 37 15 14 52 48 19 10 33 16 42 29 29 32 0 27 8 36
8 41 19 10 43 41 29 14 6 49 19 37 11 42 55 3 38 31 46 0 44 9
77 13 25 47 8 50 16 38 35 48 33 25 53 9 52 69 25 32 9 46 0 29
0 49 24 30 55 35 15 27 12 60 50 33 20 54 36 12 65 59 45 9 56 0