4
20
,
0 (48.0, 24.0) 87.0
1 (15.0, 34.0) 39.0
2 (27.0, 5.0) 55.0
3 (45.0, 43.0) 67.0
4 (3.0, 32.0) 64.0
5 (22.0, 19.0) 62.0
6 (16.0, 25.0) 35.0
7 (14.0, 2.0) 37.0
8 (1.0, 49.0) 74.0
9 (24.0, 25.0) 75.0
10 (25.0, 25.0) 66.0
11 (16.0, 13.0) 39.0
12 (24.0, 42.0) 32.0
13 (1.0, 42.0) 71.0
14 (12.0, 1.0) 56.0
15 (44.0, 1.0) 51.0
16 (5.0, 41.0) 31.0
17 (34.0, 33.0) 47.0
18 (10.0, 3.0) 46.0
19 (40.0, 40.0) 31.0
,
0 27 19 14 31 16 15 15 7 25 17 18 10 24 21 6 22 21 24 5 28 0
27 0 17 14 10 23 13 16 20 27 12 12 17 15 25 21 12 23 8 22 9 27
19 17 0 16 16 6 8 5 16 10 6 7 11 6 8 17 22 6 10 16 13 19
14 14 16 0 21 18 7 11 7 26 10 10 7 19 23 8 9 21 14 9 19 14
31 10 16 21 0 22 17 17 26 22 14 13 21 11 22 27 21 20 7 27 3 31
16 23 6 18 22 0 12 7 16 9 11 12 12 12 5 16 26 5 16 15 19 16
15 13 8 7 17 12 0 4 9 18 3 3 4 12 16 10 14 14 9 10 14 15
15 16 5 11 17 7 4 0 12 14 4 4 6 9 11 12 18 10 10 11 14 15
7 20 16 7 26 16 9 12 0 24 13 13 6 21 21 1 15 20 18 2 23 7
25 27 10 26 22 9 18 14 24 0 17 17 20 12 4 25 32 4 18 23 20 25
17 12 6 10 14 11 3 4 13 17 0 0 7 8 14 13 16 12 6 13 11 17
18 12 7 10 13 12 3 4 13 17 0 0 8 9 15 14 15 13 6 13 11 18
10 17 11 7 21 12 4 6 6 20 7 8 0 15 16 6 15 15 13 6 18 10
24 15 6 19 11 12 12 9 21 12 8 9 15 0 12 21 23 10 7 21 8 24
21 25 8 23 22 5 16 11 21 4 14 15 16 12 0 21 30 2 17 20 20 21
6 21 17 8 27 16 10 12 1 25 13 14 6 21 21 0 16 20 19 1 24 6
22 12 22 9 21 26 14 18 15 32 16 15 15 23 30 16 0 28 17 17 20 22
21 23 6 21 20 5 14 10 20 4 12 13 15 10 2 20 28 0 15 19 18 21
24 8 10 14 7 16 9 10 18 18 6 6 13 7 17 19 17 15 0 19 5 24
5 22 16 9 27 15 10 11 2 23 13 13 6 21 20 1 17 19 19 0 24 5
28 9 13 19 3 19 14 14 23 20 11 11 18 8 20 24 20 18 5 24 0 28
0 27 19 14 31 16 15 15 7 25 17 18 10 24 21 6 22 21 24 5 28 0
,
0 79 49 22 34 30 18 24 17 66 25 49 31 61 59 8 64 59 51 12 58 0
29 0 36 42 18 40 14 37 35 55 34 17 21 17 52 36 22 27 18 58 17 63
38 40 0 44 29 8 11 5 18 11 16 17 17 7 14 41 59 17 25 38 38 48
34 32 44 0 53 35 11 30 7 28 23 20 20 34 29 16 13 40 28 11 20 31
42 21 36 31 0 54 44 35 65 53 29 37 22 12 64 71 55 39 14 35 4 87
34 35 16 50 49 0 24 21 47 22 18 15 15 15 15 17 39 14 37 43 46 22
20 26 19 12 45 19 0 5 24 19 4 8 9 20 30 28 28 37 15 13 16 42
33 19 12 19 39 14 12 0 33 19 7 8 17 23 34 36 52 13 12 30 27 25
10 50 31 11 26 29 19 19 0 49 18 24 16 34 41 2 43 32 35 4 42 7
41 76 26 66 26 18 19 36 66 0 20 49 28 16 8 74 78 9 51 27 40 25
51 15 9 14 32 23 8 7 34 45 0 1 15 16 22 22 45 31 7 21 13 30
41 14 17 27 23 26 10 7 20 17 1 0 11 11 32 34 31 35 15 33 12 31
31 20 22 11 48 19 9 12 11 33 12 15 0 43 39 17 40 20 35 16 25 27
63 30 12 44 25 26 18 15 37 29 18 12 36 0 14 30 50 10 14 21 13 34
61 50 18 58 23 14 18 28 42 4 32 25 49 15 0 36 33 5 48 48 32 26
12 36 29 11 67 21 25 26 2 26 26 27 7 24 30 0 35 30 44 4 61 10
50 25 54 24 31 63 36 38 30 52 24 30 28 32 43 43 0 55 47 46 24 26
36 26 7 30 33 13 37 18 24 9 16 36 38 20 6 28 44 0 17 42 51 54
48 8 22 43 22 33 24 14 38 51 13 14 21 11 33 21 27 41 0 46 11 38
10 49 20 16 42 20 12 24 6 30 15 37 13 57 59 4 29 45 47 0 67 6
79 22 31 47 4 56 34 18 30 54 21 18 38 14 24 25 42 45 11 65 0 74
0 66 33 22 52 43 38 35 14 31 36 46 29 50 56 13 56 53 64 10 34 0