4
20
,
0 (48.0, 24.0) 39.0
1 (15.0, 34.0) 61.0
2 (27.0, 5.0) 83.0
3 (45.0, 43.0) 36.0
4 (3.0, 32.0) 61.0
5 (22.0, 19.0) 32.0
6 (16.0, 25.0) 57.0
7 (14.0, 2.0) 81.0
8 (1.0, 49.0) 42.0
9 (24.0, 25.0) 73.0
10 (25.0, 25.0) 56.0
11 (16.0, 13.0) 73.0
12 (24.0, 42.0) 35.0
13 (1.0, 42.0) 52.0
14 (12.0, 1.0) 31.0
15 (44.0, 1.0) 52.0
16 (5.0, 41.0) 70.0
17 (34.0, 33.0) 37.0
18 (10.0, 3.0) 31.0
19 (40.0, 40.0) 74.0
,
0 27 19 14 31 16 15 15 7 25 17 18 10 24 21 6 22 21 24 5 28 0
27 0 17 14 10 23 13 16 20 27 12 12 17 15 25 21 12 23 8 22 9 27
19 17 0 16 16 6 8 5 16 10 6 7 11 6 8 17 22 6 10 16 13 19
14 14 16 0 21 18 7 11 7 26 10 10 7 19 23 8 9 21 14 9 19 14
31 10 16 21 0 22 17 17 26 22 14 13 21 11 22 27 21 20 7 27 3 31
16 23 6 18 22 0 12 7 16 9 11 12 12 12 5 16 26 5 16 15 19 16
15 13 8 7 17 12 0 4 9 18 3 3 4 12 16 10 14 14 9 10 14 15
15 16 5 11 17 7 4 0 12 14 4 4 6 9 11 12 18 10 10 11 14 15
7 20 16 7 26 16 9 12 0 24 13 13 6 21 21 1 15 20 18 2 23 7
25 27 10 26 22 9 18 14 24 0 17 17 20 12 4 25 32 4 18 23 20 25
17 12 6 10 14 11 3 4 13 17 0 0 7 8 14 13 16 12 6 13 11 17
18 12 7 10 13 12 3 4 13 17 0 0 8 9 15 14 15 13 6 13 11 18
10 17 11 7 21 12 4 6 6 20 7 8 0 15 16 6 15 15 13 6 18 10
24 15 6 19 11 12 12 9 21 12 8 9 15 0 12 21 23 10 7 21 8 24
21 25 8 23 22 5 16 11 21 4 14 15 16 12 0 21 30 2 17 20 20 21
6 21 17 8 27 16 10 12 1 25 13 14 6 21 21 0 16 20 19 1 24 6
22 12 22 9 21 26 14 18 15 32 16 15 15 23 30 16 0 28 17 17 20 22
21 23 6 21 20 5 14 10 20 4 12 13 15 10 2 20 28 0 15 19 18 21
24 8 10 14 7 16 9 10 18 18 6 6 13 7 17 19 17 15 0 19 5 24
5 22 16 9 27 15 10 11 2 23 13 13 6 21 20 1 17 19 19 0 24 5
28 9 13 19 3 19 14 14 23 20 11 11 18 8 20 24 20 18 5 24 0 28
0 27 19 14 31 16 15 15 7 25 17 18 10 24 21 6 22 21 24 5 28 0
,
0 28 33 21 54 45 21 36 8 64 37 41 16 56 35 6 37 31 43 7 46 0
37 0 35 31 28 58 28 41 24 29 14 31 24 43 58 42 15 41 19 38 14 59
31 34 0 23 44 12 8 5 28 25 8 9 23 16 13 22 49 17 21 30 27 43
35 19 40 0 27 34 10 33 8 61 17 12 8 49 27 12 23 30 36 25 52 41
79 24 33 53 0 44 21 50 54 47 19 17 53 26 29 50 58 50 11 62 4 51
27 25 17 48 45 0 24 18 21 25 12 24 30 28 8 25 47 11 42 30 46 46
40 32 14 17 38 16 0 5 23 34 5 4 11 18 22 16 41 39 12 20 19 15
42 47 13 21 19 9 6 0 18 35 7 8 15 18 26 14 41 24 22 25 29 30
12 21 46 20 31 37 26 32 0 58 16 16 6 36 34 1 35 22 55 5 58 21
67 64 27 53 29 23 39 15 71 0 39 28 52 21 6 50 88 11 37 33 41 29
18 26 12 30 25 24 7 11 20 17 0 1 21 10 40 28 22 20 8 38 25 49
48 17 11 16 33 31 8 5 14 36 1 0 11 21 17 20 16 31 7 14 26 40
29 24 12 10 48 14 5 7 13 43 11 14 0 29 17 15 21 20 21 16 47 12
62 44 17 33 24 27 19 25 31 30 9 19 15 0 26 37 67 22 18 38 22 62
47 26 15 54 26 8 27 12 51 6 28 39 33 32 0 36 61 3 46 27 37 33
12 34 22 21 35 39 12 17 2 55 24 31 9 53 51 0 34 25 27 3 64 9
29 15 62 12 47 45 29 33 39 49 20 31 43 35 67 45 0 73 26 37 34 31
33 54 9 24 30 8 36 23 21 11 36 16 33 20 3 29 59 0 18 42 27 32
68 21 26 40 14 46 14 18 43 29 13 10 18 15 42 50 48 16 0 49 7 65
8 56 41 10 38 41 18 30 3 51 32 21 7 54 31 2 35 31 52 0 39 14
39 15 22 33 5 26 37 21 30 31 27 22 45 9 25 47 31 39 12 67 0 70
0 74 27 24 31 36 21 19 9 33 41 27 14 25 59 10 48 46 66 8 77 0