4
20
,
0 (48.0, 24.0) 71.0
1 (15.0, 34.0) 60.0
2 (27.0, 5.0) 86.0
3 (45.0, 43.0) 73.0
4 (3.0, 32.0) 83.0
5 (22.0, 19.0) 63.0
6 (16.0, 25.0) 86.0
7 (14.0, 2.0) 66.0
8 (1.0, 49.0) 43.0
9 (24.0, 25.0) 52.0
10 (25.0, 25.0) 41.0
11 (16.0, 13.0) 62.0
12 (24.0, 42.0) 31.0
13 (1.0, 42.0) 52.0
14 (12.0, 1.0) 47.0
15 (44.0, 1.0) 44.0
16 (5.0, 41.0) 73.0
17 (34.0, 33.0) 39.0
18 (10.0, 3.0) 34.0
19 (40.0, 40.0) 31.0
,
0 27 19 14 31 16 15 15 7 25 17 18 10 24 21 6 22 21 24 5 28 0
27 0 17 14 10 23 13 16 20 27 12 12 17 15 25 21 12 23 8 22 9 27
19 17 0 16 16 6 8 5 16 10 6 7 11 6 8 17 22 6 10 16 13 19
14 14 16 0 21 18 7 11 7 26 10 10 7 19 23 8 9 21 14 9 19 14
31 10 16 21 0 22 17 17 26 22 14 13 21 11 22 27 21 20 7 27 3 31
16 23 6 18 22 0 12 7 16 9 11 12 12 12 5 16 26 5 16 15 19 16
15 13 8 7 17 12 0 4 9 18 3 3 4 12 16 10 14 14 9 10 14 15
15 16 5 11 17 7 4 0 12 14 4 4 6 9 11 12 18 10 10 11 14 15
7 20 16 7 26 16 9 12 0 24 13 13 6 21 21 1 15 20 18 2 23 7
25 27 10 26 22 9 18 14 24 0 17 17 20 12 4 25 32 4 18 23 20 25
17 12 6 10 14 11 3 4 13 17 0 0 7 8 14 13 16 12 6 13 11 17
18 12 7 10 13 12 3 4 13 17 0 0 8 9 15 14 15 13 6 13 11 18
10 17 11 7 21 12 4 6 6 20 7 8 0 15 16 6 15 15 13 6 18 10
24 15 6 19 11 12 12 9 21 12 8 9 15 0 12 21 23 10 7 21 8 24
21 25 8 23 22 5 16 11 21 4 14 15 16 12 0 21 30 2 17 20 20 21
6 21 17 8 27 16 10 12 1 25 13 14 6 21 21 0 16 20 19 1 24 6
22 12 22 9 21 26 14 18 15 32 16 15 15 23 30 16 0 28 17 17 20 22
21 23 6 21 20 5 14 10 20 4 12 13 15 10 2 20 28 0 15 19 18 21
24 8 10 14 7 16 9 10 18 18 6 6 13 7 17 19 17 15 0 19 5 24
5 22 16 9 27 15 10 11 2 23 13 13 6 21 20 1 17 19 19 0 24 5
28 9 13 19 3 19 14 14 23 20 11 11 18 8 20 24 20 18 5 24 0 28
0 27 19 14 31 16 15 15 7 25 17 18 10 24 21 6 22 21 24 5 28 0
,
0 37 22 27 32 37 25 35 10 52 32 41 27 67 60 11 46 22 53 14 72 0
75 0 28 33 12 35 19 28 39 73 30 23 24 20 71 58 15 33 21 64 21 38
39 38 0 45 37 9 8 12 42 10 9 15 26 15 18 36 30 9 19 36 27 51
21 41 35 0 23 46 13 27 15 48 19 16 18 34 63 9 19 51 29 10 22 37
78 18 22 50 0 41 24 22 49 26 39 30 46 22 54 35 52 31 13 40 3 48
43 64 15 44 38 0 15 11 27 18 20 29 24 25 13 41 53 11 23 19 25 17
17 39 13 14 19 18 0 6 21 33 6 4 7 16 35 29 33 39 16 23 20 32
25 40 5 16 50 17 10 0 34 36 10 7 17 25 33 16 43 23 22 26 31 42
18 49 32 20 62 41 20 33 0 70 23 15 14 48 26 3 24 32 54 5 43 15
32 55 26 49 28 25 28 22 34 0 21 23 22 19 7 52 73 10 48 50 43 49
43 20 12 30 31 14 7 12 26 49 0 1 15 21 32 23 29 26 15 13 23 50
40 32 7 23 37 33 4 5 26 42 1 0 15 10 15 23 42 31 13 34 23 52
20 50 15 14 53 13 10 11 10 57 13 19 0 25 39 10 16 16 25 8 50 14
46 25 10 44 17 25 31 21 34 28 23 12 32 0 33 33 48 20 12 26 17 71
26 71 19 57 61 11 25 14 44 8 40 21 24 29 0 41 67 4 33 42 55 49
18 26 41 14 28 23 16 27 2 25 27 22 16 46 33 0 32 42 29 4 57 15
34 33 42 22 30 63 23 33 18 45 24 20 44 49 52 35 0 59 22 35 29 52
40 40 12 26 58 9 24 20 21 6 28 15 39 25 2 30 53 0 33 39 49 29
60 22 11 29 12 26 26 12 45 44 18 12 22 15 34 21 35 30 0 40 5 29
6 41 32 18 61 27 12 15 6 42 24 30 17 57 28 3 30 28 33 0 27 10
47 10 38 45 7 26 24 40 60 21 12 13 47 12 51 63 24 19 11 38 0 68
0 71 36 28 61 36 40 44 10 64 22 45 24 61 56 8 56 62 59 5 69 0