4
20
,
0 (48.0, 24.0) 62.0
1 (15.0, 34.0) 88.0
2 (27.0, 5.0) 55.0
3 (45.0, 43.0) 56.0
4 (3.0, 32.0) 74.0
5 (22.0, 19.0) 37.0
6 (16.0, 25.0) 78.0
7 (14.0, 2.0) 87.0
8 (1.0, 49.0) 62.0
9 (24.0, 25.0) 54.0
10 (25.0, 25.0) 48.0
11 (16.0, 13.0) 59.0
12 (24.0, 42.0) 82.0
13 (1.0, 42.0) 88.0
14 (12.0, 1.0) 33.0
15 (44.0, 1.0) 35.0
16 (5.0, 41.0) 66.0
17 (34.0, 33.0) 35.0
18 (10.0, 3.0) 57.0
19 (40.0, 40.0) 40.0
,
0 27 19 14 31 16 15 15 7 25 17 18 10 24 21 6 22 21 24 5 28 0
27 0 17 14 10 23 13 16 20 27 12 12 17 15 25 21 12 23 8 22 9 27
19 17 0 16 16 6 8 5 16 10 6 7 11 6 8 17 22 6 10 16 13 19
14 14 16 0 21 18 7 11 7 26 10 10 7 19 23 8 9 21 14 9 19 14
31 10 16 21 0 22 17 17 26 22 14 13 21 11 22 27 21 20 7 27 3 31
16 23 6 18 22 0 12 7 16 9 11 12 12 12 5 16 26 5 16 15 19 16
15 13 8 7 17 12 0 4 9 18 3 3 4 12 16 10 14 14 9 10 14 15
15 16 5 11 17 7 4 0 12 14 4 4 6 9 11 12 18 10 10 11 14 15
7 20 16 7 26 16 9 12 0 24 13 13 6 21 21 1 15 20 18 2 23 7
25 27 10 26 22 9 18 14 24 0 17 17 20 12 4 25 32 4 18 23 20 25
17 12 6 10 14 11 3 4 13 17 0 0 7 8 14 13 16 12 6 13 11 17
18 12 7 10 13 12 3 4 13 17 0 0 8 9 15 14 15 13 6 13 11 18
10 17 11 7 21 12 4 6 6 20 7 8 0 15 16 6 15 15 13 6 18 10
24 15 6 19 11 12 12 9 21 12 8 9 15 0 12 21 23 10 7 21 8 24
21 25 8 23 22 5 16 11 21 4 14 15 16 12 0 21 30 2 17 20 20 21
6 21 17 8 27 16 10 12 1 25 13 14 6 21 21 0 16 20 19 1 24 6
22 12 22 9 21 26 14 18 15 32 16 15 15 23 30 16 0 28 17 17 20 22
21 23 6 21 20 5 14 10 20 4 12 13 15 10 2 20 28 0 15 19 18 21
24 8 10 14 7 16 9 10 18 18 6 6 13 7 17 19 17 15 0 19 5 24
5 22 16 9 27 15 10 11 2 23 13 13 6 21 20 1 17 19 19 0 24 5
28 9 13 19 3 19 14 14 23 20 11 11 18 8 20 24 20 18 5 24 0 28
0 27 19 14 31 16 15 15 7 25 17 18 10 24 21 6 22 21 24 5 28 0
,
0 43 21 36 35 21 24 40 13 52 29 30 21 39 26 13 59 47 37 12 39 0
31 0 36 23 25 43 37 44 52 66 25 16 41 42 31 53 30 46 19 55 19 33
19 33 0 43 22 15 9 11 42 30 13 17 31 10 12 47 57 10 27 21 29 36
19 38 32 0 52 51 17 33 9 27 13 27 14 36 35 21 22 59 38 12 40 32
65 17 44 23 0 26 25 50 56 27 29 23 34 12 38 78 49 22 19 63 8 42
30 29 16 43 32 0 21 13 19 14 15 32 13 34 8 35 27 11 39 24 33 45
40 34 24 9 32 16 0 5 26 32 5 6 12 18 36 30 36 15 20 29 26 19
40 19 10 30 36 15 8 0 33 18 10 5 9 10 29 21 44 16 18 20 36 21
18 39 32 11 67 41 17 23 0 30 13 24 13 37 35 3 19 50 52 5 46 10
62 49 18 54 30 10 52 31 54 0 28 27 48 21 4 70 81 12 43 44 51 64
37 19 15 23 29 32 6 4 18 36 0 1 11 21 37 36 34 25 7 31 16 52
21 32 9 17 14 15 10 7 26 31 1 0 9 24 15 29 41 23 10 24 20 20
20 21 19 13 32 13 8 12 16 35 14 21 0 22 25 15 34 33 37 7 53 23
41 26 15 54 30 26 27 21 40 26 11 20 32 0 17 37 47 21 15 43 14 37
50 33 15 39 61 10 40 25 36 9 34 41 24 16 0 42 70 5 49 50 40 56
6 51 46 12 28 24 22 15 3 70 36 26 18 47 60 0 24 42 47 2 39 17
27 27 63 16 46 35 35 29 23 34 46 33 44 59 54 47 0 29 29 38 44 29
31 49 16 55 56 13 37 18 36 7 35 23 34 15 5 53 71 0 24 54 40 46
45 13 18 38 10 28 26 23 31 35 18 15 38 16 40 49 38 19 0 29 11 35
15 48 29 11 48 30 18 19 2 61 20 29 14 37 36 3 43 43 48 0 36 10
49 26 31 48 6 28 37 27 45 37 25 21 48 22 30 67 49 42 10 45 0 55
0 76 32 41 88 24 37 34 9 30 33 25 18 50 41 13 29 25 69 15 73 0