4
20
,
0 (48.0, 24.0) 36.0
1 (15.0, 34.0) 86.0
2 (27.0, 5.0) 63.0
3 (45.0, 43.0) 54.0
4 (3.0, 32.0) 42.0
5 (22.0, 19.0) 53.0
6 (16.0, 25.0) 70.0
7 (14.0, 2.0) 59.0
8 (1.0, 49.0) 56.0
9 (24.0, 25.0) 77.0
10 (25.0, 25.0) 52.0
11 (16.0, 13.0) 56.0
12 (24.0, 42.0) 56.0
13 (1.0, 42.0) 64.0
14 (12.0, 1.0) 77.0
15 (44.0, 1.0) 83.0
16 (5.0, 41.0) 32.0
17 (34.0, 33.0) 42.0
18 (10.0, 3.0) 83.0
19 (40.0, 40.0) 80.0
,
0 27 19 14 31 16 15 15 7 25 17 18 10 24 21 6 22 21 24 5 28 0
27 0 17 14 10 23 13 16 20 27 12 12 17 15 25 21 12 23 8 22 9 27
19 17 0 16 16 6 8 5 16 10 6 7 11 6 8 17 22 6 10 16 13 19
14 14 16 0 21 18 7 11 7 26 10 10 7 19 23 8 9 21 14 9 19 14
31 10 16 21 0 22 17 17 26 22 14 13 21 11 22 27 21 20 7 27 3 31
16 23 6 18 22 0 12 7 16 9 11 12 12 12 5 16 26 5 16 15 19 16
15 13 8 7 17 12 0 4 9 18 3 3 4 12 16 10 14 14 9 10 14 15
15 16 5 11 17 7 4 0 12 14 4 4 6 9 11 12 18 10 10 11 14 15
7 20 16 7 26 16 9 12 0 24 13 13 6 21 21 1 15 20 18 2 23 7
25 27 10 26 22 9 18 14 24 0 17 17 20 12 4 25 32 4 18 23 20 25
17 12 6 10 14 11 3 4 13 17 0 0 7 8 14 13 16 12 6 13 11 17
18 12 7 10 13 12 3 4 13 17 0 0 8 9 15 14 15 13 6 13 11 18
10 17 11 7 21 12 4 6 6 20 7 8 0 15 16 6 15 15 13 6 18 10
24 15 6 19 11 12 12 9 21 12 8 9 15 0 12 21 23 10 7 21 8 24
21 25 8 23 22 5 16 11 21 4 14 15 16 12 0 21 30 2 17 20 20 21
6 21 17 8 27 16 10 12 1 25 13 14 6 21 21 0 16 20 19 1 24 6
22 12 22 9 21 26 14 18 15 32 16 15 15 23 30 16 0 28 17 17 20 22
21 23 6 21 20 5 14 10 20 4 12 13 15 10 2 20 28 0 15 19 18 21
24 8 10 14 7 16 9 10 18 18 6 6 13 7 17 19 17 15 0 19 5 24
5 22 16 9 27 15 10 11 2 23 13 13 6 21 20 1 17 19 19 0 24 5
28 9 13 19 3 19 14 14 23 20 11 11 18 8 20 24 20 18 5 24 0 28
0 27 19 14 31 16 15 15 7 25 17 18 10 24 21 6 22 21 24 5 28 0
,
0 33 19 18 77 25 33 31 14 48 37 35 30 65 46 11 55 30 30 14 44 0
51 0 22 31 27 48 31 23 42 29 24 27 22 31 40 35 17 44 9 59 24 47
48 48 0 45 28 8 22 11 35 28 12 19 22 17 12 31 28 13 19 42 26 53
18 36 35 0 50 29 18 31 8 57 16 25 9 26 41 14 10 50 32 14 50 15
89 18 28 29 0 47 40 20 35 57 28 27 54 26 29 58 32 53 8 59 5 69
44 33 14 46 56 0 23 17 35 21 12 34 28 30 11 48 54 12 16 23 31 17
35 14 20 15 34 31 0 12 21 23 4 6 9 29 30 27 24 29 26 10 17 21
39 21 7 12 45 19 10 0 29 28 10 8 17 25 20 30 54 12 16 32 35 20
13 48 16 9 33 22 21 29 0 37 22 29 8 36 35 2 20 25 50 6 33 14
44 59 23 45 38 10 48 23 36 0 37 45 31 29 5 58 61 9 21 62 38 48
27 21 14 19 37 22 5 6 29 25 0 1 15 20 29 14 23 28 9 36 21 43
46 19 10 11 33 13 6 12 25 28 1 0 17 24 23 25 19 29 16 36 23 28
13 41 20 8 35 19 12 15 16 23 19 14 0 39 37 15 26 43 40 11 32 17
34 18 11 23 12 32 23 25 59 27 15 9 20 0 21 61 32 18 14 36 19 35
32 51 22 52 51 5 24 34 38 10 18 29 17 20 0 55 35 4 37 24 23 44
18 44 17 15 44 29 11 26 1 42 36 20 15 25 26 0 24 28 58 4 63 7
42 13 25 19 56 35 22 37 41 94 43 40 41 59 73 37 0 37 23 19 32 66
26 61 11 43 49 5 30 10 31 6 18 19 27 23 5 42 62 0 18 22 49 21
57 22 20 26 16 41 24 19 46 24 16 17 27 19 29 43 36 29 0 33 7 36
9 22 30 22 32 32 24 21 4 61 36 20 17 22 57 4 40 26 44 0 33 13
43 25 37 20 8 35 34 39 34 54 29 22 43 24 36 69 20 45 12 49 0 55
0 54 34 38 45 42 41 20 17 61 44 32 28 57 52 6 52 34 61 13 47 0