4
20
,
0 (48.0, 24.0) 38.0
1 (15.0, 34.0) 63.0
2 (27.0, 5.0) 80.0
3 (45.0, 43.0) 67.0
4 (3.0, 32.0) 40.0
5 (22.0, 19.0) 44.0
6 (16.0, 25.0) 31.0
7 (14.0, 2.0) 39.0
8 (1.0, 49.0) 54.0
9 (24.0, 25.0) 75.0
10 (25.0, 25.0) 61.0
11 (16.0, 13.0) 63.0
12 (24.0, 42.0) 68.0
13 (1.0, 42.0) 55.0
14 (12.0, 1.0) 45.0
15 (44.0, 1.0) 46.0
16 (5.0, 41.0) 70.0
17 (34.0, 33.0) 65.0
18 (10.0, 3.0) 48.0
19 (40.0, 40.0) 49.0
,
0 27 19 14 31 16 15 15 7 25 17 18 10 24 21 6 22 21 24 5 28 0
27 0 17 14 10 23 13 16 20 27 12 12 17 15 25 21 12 23 8 22 9 27
19 17 0 16 16 6 8 5 16 10 6 7 11 6 8 17 22 6 10 16 13 19
14 14 16 0 21 18 7 11 7 26 10 10 7 19 23 8 9 21 14 9 19 14
31 10 16 21 0 22 17 17 26 22 14 13 21 11 22 27 21 20 7 27 3 31
16 23 6 18 22 0 12 7 16 9 11 12 12 12 5 16 26 5 16 15 19 16
15 13 8 7 17 12 0 4 9 18 3 3 4 12 16 10 14 14 9 10 14 15
15 16 5 11 17 7 4 0 12 14 4 4 6 9 11 12 18 10 10 11 14 15
7 20 16 7 26 16 9 12 0 24 13 13 6 21 21 1 15 20 18 2 23 7
25 27 10 26 22 9 18 14 24 0 17 17 20 12 4 25 32 4 18 23 20 25
17 12 6 10 14 11 3 4 13 17 0 0 7 8 14 13 16 12 6 13 11 17
18 12 7 10 13 12 3 4 13 17 0 0 8 9 15 14 15 13 6 13 11 18
10 17 11 7 21 12 4 6 6 20 7 8 0 15 16 6 15 15 13 6 18 10
24 15 6 19 11 12 12 9 21 12 8 9 15 0 12 21 23 10 7 21 8 24
21 25 8 23 22 5 16 11 21 4 14 15 16 12 0 21 30 2 17 20 20 21
6 21 17 8 27 16 10 12 1 25 13 14 6 21 21 0 16 20 19 1 24 6
22 12 22 9 21 26 14 18 15 32 16 15 15 23 30 16 0 28 17 17 20 22
21 23 6 21 20 5 14 10 20 4 12 13 15 10 2 20 28 0 15 19 18 21
24 8 10 14 7 16 9 10 18 18 6 6 13 7 17 19 17 15 0 19 5 24
5 22 16 9 27 15 10 11 2 23 13 13 6 21 20 1 17 19 19 0 24 5
28 9 13 19 3 19 14 14 23 20 11 11 18 8 20 24 20 18 5 24 0 28
0 27 19 14 31 16 15 15 7 25 17 18 10 24 21 6 22 21 24 5 28 0
,
0 59 41 35 69 19 26 28 16 45 29 36 18 46 22 7 53 30 29 12 63 0
31 0 46 20 11 24 25 35 51 62 16 17 39 21 28 31 31 29 17 27 17 29
24 42 0 34 20 11 23 9 42 19 7 8 21 8 9 23 36 13 17 44 14 25
40 36 30 0 58 52 9 19 17 28 11 23 18 45 57 8 20 22 20 15 48 23
64 20 26 57 0 35 29 25 45 42 25 19 60 26 44 44 31 23 13 74 6 90
29 29 12 38 34 0 20 15 27 11 21 12 20 22 14 28 61 12 24 37 30 20
24 23 20 10 26 18 0 5 27 41 9 7 12 15 41 14 21 18 21 14 33 18
18 28 8 19 19 12 10 0 34 28 11 11 7 26 13 17 38 27 21 12 23 24
21 54 23 16 42 27 12 23 0 58 30 25 14 37 30 3 29 26 51 4 54 8
58 75 17 66 34 9 54 28 34 0 32 48 31 19 9 53 63 8 31 55 34 34
40 22 15 11 41 27 8 4 37 39 0 1 7 18 30 38 17 13 16 36 30 51
28 16 8 29 21 18 5 8 14 38 1 0 17 19 26 19 30 31 16 18 26 36
21 18 18 13 47 34 8 7 10 30 14 18 0 22 39 9 40 38 30 8 43 15
39 25 14 45 28 19 15 27 55 22 20 22 24 0 29 45 37 13 14 22 20 64
44 45 17 38 41 15 31 31 32 4 28 21 18 29 0 41 73 6 42 54 31 23
16 51 18 12 73 41 28 13 2 61 27 30 8 50 42 0 19 24 45 2 66 16
27 23 65 15 60 49 29 39 33 43 36 34 43 55 71 29 0 33 21 38 37 38
40 30 18 50 52 6 20 27 57 5 24 23 40 16 4 28 40 0 43 28 33 32
54 11 24 35 16 20 19 16 21 55 18 9 15 18 23 21 36 38 0 36 7 51
8 53 29 21 53 43 16 18 6 49 27 21 8 54 53 2 43 25 45 0 24 15
64 13 25 24 7 22 31 30 51 36 31 17 34 20 45 53 48 24 8 33 0 68
0 64 53 30 57 36 43 35 13 65 17 49 13 64 28 6 37 61 41 10 77 0