4
20
,
0 (47.0, 16.0) 40.0
1 (6.0, 42.0) 48.0
2 (47.0, 48.0) 23.0
3 (2.0, 48.0) 16.0
4 (25.0, 31.0) 15.0
5 (49.0, 20.0) 37.0
6 (13.0, 14.0) 36.0
7 (3.0, 13.0) 47.0
8 (31.0, 34.0) 34.0
9 (45.0, 9.0) 42.0
10 (24.0, 46.0) 19.0
11 (41.0, 26.0) 10.0
12 (42.0, 10.0) 17.0
13 (43.0, 43.0) 30.0
14 (10.0, 23.0) 38.0
15 (42.0, 22.0) 11.0
16 (38.0, 48.0) 16.0
17 (11.0, 25.0) 30.0
18 (10.0, 29.0) 35.0
19 (38.0, 22.0) 42.0
,
0 10 6 11 5 1 7 9 5 1 8 2 2 5 8 2 7 7 8 2
10 0 8 1 4 10 6 6 5 10 4 8 10 7 4 8 7 4 3 8
6 8 0 9 6 6 10 11 4 8 5 5 8 1 9 5 2 9 8 6
11 1 9 0 6 11 7 7 6 12 4 9 11 8 5 10 7 5 4 9
5 4 6 6 0 5 4 6 1 6 3 3 5 4 3 4 4 3 3 3
1 10 6 11 5 0 7 9 5 2 7 2 2 5 8 1 6 8 8 2
7 6 10 7 4 7 0 2 5 6 7 6 6 8 2 6 8 2 3 5
9 6 11 7 6 9 2 0 7 8 8 8 8 10 2 8 10 3 3 7
5 5 4 6 1 5 5 7 0 6 3 3 5 3 5 3 3 4 4 3
1 10 8 12 6 2 6 8 6 0 9 3 1 7 8 3 8 8 8 3
8 4 5 4 3 7 7 8 3 9 0 5 8 4 5 6 3 5 4 6
2 8 5 9 3 2 6 8 3 3 5 0 3 3 6 1 4 6 6 1
2 10 8 11 5 2 6 8 5 1 8 3 0 7 7 2 8 7 7 3
5 7 1 8 4 5 8 10 3 7 4 3 7 0 8 4 1 7 7 4
8 4 9 5 3 8 2 2 5 8 5 6 7 8 0 6 8 0 1 6
2 8 5 10 4 1 6 8 3 3 6 1 2 4 6 0 5 6 7 1
7 7 2 7 4 6 8 10 3 8 3 4 8 1 8 5 0 7 7 5
7 4 9 5 3 8 2 3 4 8 5 6 7 7 0 6 7 0 1 5
8 3 8 4 3 8 3 3 4 8 4 6 7 7 1 7 7 1 0 6
2 8 6 9 3 2 5 7 3 3 6 1 3 4 6 1 5 5 6 0
,
0 33 26 55 30 6 46 48 32 9 53 7 5 22 28 5 44 52 46 15
33 0 41 4 21 59 33 18 29 30 21 21 41 50 17 41 41 23 12 27
46 60 0 26 17 30 62 37 21 28 22 19 40 8 56 25 10 27 45 36
55 7 40 0 42 72 25 44 19 68 11 41 58 52 38 25 35 15 14 42
26 16 30 37 0 22 31 15 8 15 9 13 22 19 12 26 26 15 21 21
2 48 22 71 25 0 50 45 21 13 36 12 9 18 49 4 38 26 35 15
32 34 63 45 29 47 0 9 22 31 24 43 18 21 9 27 51 9 14 26
36 26 55 48 29 49 9 0 22 50 20 30 46 57 18 42 28 9 19 23
32 29 27 46 8 13 35 25 0 23 14 16 22 12 31 18 13 31 12 21
5 60 43 36 24 16 38 29 28 0 29 23 2 20 33 11 33 49 46 10
33 20 15 27 10 49 23 28 11 60 0 37 48 17 34 26 19 24 19 21
8 31 32 23 18 13 31 60 11 9 36 0 17 14 31 6 31 41 19 3
7 51 43 62 37 14 23 39 16 4 34 16 0 26 44 15 30 18 43 18
17 30 6 45 18 35 27 40 12 19 11 9 49 0 47 28 10 44 31 18
34 17 65 38 11 39 5 13 27 46 21 39 24 24 0 26 45 3 8 24
8 38 30 45 29 9 38 53 22 18 44 6 11 27 45 0 27 39 39 2
32 22 11 26 29 25 53 70 22 45 15 13 54 8 25 30 0 23 25 18
20 12 27 31 13 33 16 8 17 56 30 36 49 25 3 37 43 0 5 38
58 10 36 25 17 23 21 16 15 32 22 26 37 19 4 31 18 4 0 26
12 43 38 63 17 10 38 38 7 11 30 7 16 31 32 5 14 26 22 0