4
20
,
0 (47.0, 16.0) 39.0
1 (6.0, 42.0) 11.0
2 (47.0, 48.0) 16.0
3 (2.0, 48.0) 11.0
4 (25.0, 31.0) 21.0
5 (49.0, 20.0) 13.0
6 (13.0, 14.0) 18.0
7 (3.0, 13.0) 13.0
8 (31.0, 34.0) 36.0
9 (45.0, 9.0) 33.0
10 (24.0, 46.0) 13.0
11 (41.0, 26.0) 17.0
12 (42.0, 10.0) 36.0
13 (43.0, 43.0) 19.0
14 (10.0, 23.0) 35.0
15 (42.0, 22.0) 23.0
16 (38.0, 48.0) 41.0
17 (11.0, 25.0) 44.0
18 (10.0, 29.0) 11.0
19 (38.0, 22.0) 15.0
,
0 10 6 11 5 1 7 9 5 1 8 2 2 5 8 2 7 7 8 2
10 0 8 1 4 10 6 6 5 10 4 8 10 7 4 8 7 4 3 8
6 8 0 9 6 6 10 11 4 8 5 5 8 1 9 5 2 9 8 6
11 1 9 0 6 11 7 7 6 12 4 9 11 8 5 10 7 5 4 9
5 4 6 6 0 5 4 6 1 6 3 3 5 4 3 4 4 3 3 3
1 10 6 11 5 0 7 9 5 2 7 2 2 5 8 1 6 8 8 2
7 6 10 7 4 7 0 2 5 6 7 6 6 8 2 6 8 2 3 5
9 6 11 7 6 9 2 0 7 8 8 8 8 10 2 8 10 3 3 7
5 5 4 6 1 5 5 7 0 6 3 3 5 3 5 3 3 4 4 3
1 10 8 12 6 2 6 8 6 0 9 3 1 7 8 3 8 8 8 3
8 4 5 4 3 7 7 8 3 9 0 5 8 4 5 6 3 5 4 6
2 8 5 9 3 2 6 8 3 3 5 0 3 3 6 1 4 6 6 1
2 10 8 11 5 2 6 8 5 1 8 3 0 7 7 2 8 7 7 3
5 7 1 8 4 5 8 10 3 7 4 3 7 0 8 4 1 7 7 4
8 4 9 5 3 8 2 2 5 8 5 6 7 8 0 6 8 0 1 6
2 8 5 10 4 1 6 8 3 3 6 1 2 4 6 0 5 6 7 1
7 7 2 7 4 6 8 10 3 8 3 4 8 1 8 5 0 7 7 5
7 4 9 5 3 8 2 3 4 8 5 6 7 7 0 6 7 0 1 5
8 3 8 4 3 8 3 3 4 8 4 6 7 7 1 7 7 1 0 6
2 8 6 9 3 2 5 7 3 3 6 1 3 4 6 1 5 5 6 0
,
0 34 28 60 38 5 24 55 14 6 30 8 5 18 25 11 22 52 45 9
54 0 37 4 21 69 24 30 29 76 27 21 41 27 14 59 33 19 16 57
45 49 0 58 39 29 49 71 12 44 19 24 27 6 64 39 6 59 43 33
30 4 60 0 16 71 42 37 27 37 29 65 52 27 36 34 48 15 21 32
21 13 25 18 0 14 26 37 5 20 13 12 16 12 24 25 27 11 12 14
6 60 21 58 16 0 21 54 22 11 38 15 12 33 25 4 22 47 37 14
17 21 39 39 24 23 0 10 34 22 46 33 29 56 13 26 28 11 12 38
35 22 46 24 18 46 9 0 27 40 23 44 32 39 6 23 71 21 14 49
19 28 13 25 7 22 27 31 0 18 17 10 15 22 35 18 15 15 13 15
7 74 23 73 44 7 25 47 17 0 41 25 2 34 44 17 59 42 29 15
23 17 18 11 16 48 43 25 9 26 0 19 50 26 18 32 13 33 31 23
13 48 34 40 9 10 35 22 14 16 33 0 15 13 30 5 24 20 44 5
7 52 40 50 23 12 29 34 28 5 42 22 0 49 39 6 24 32 25 18
29 46 7 35 28 13 33 49 15 40 18 15 29 0 44 23 4 36 43 32
31 14 30 20 15 40 5 16 17 27 40 18 38 34 0 20 28 3 7 42
12 21 28 60 21 8 15 46 22 12 26 5 13 28 22 0 39 27 19 4
27 45 8 37 28 20 27 71 9 45 14 26 42 6 40 30 0 23 32 20
33 25 42 17 15 24 13 13 25 55 18 30 21 25 1 45 38 0 2 40
43 10 27 26 20 46 18 24 17 40 12 21 32 34 5 25 40 6 0 40
6 29 29 39 16 15 23 37 10 21 20 7 14 15 21 3 18 29 33 0