4
20
,
0 (47.0, 16.0) 14.0
1 (6.0, 42.0) 37.0
2 (47.0, 48.0) 23.0
3 (2.0, 48.0) 15.0
4 (25.0, 31.0) 44.0
5 (49.0, 20.0) 34.0
6 (13.0, 14.0) 13.0
7 (3.0, 13.0) 42.0
8 (31.0, 34.0) 16.0
9 (45.0, 9.0) 20.0
10 (24.0, 46.0) 22.0
11 (41.0, 26.0) 21.0
12 (42.0, 10.0) 37.0
13 (43.0, 43.0) 14.0
14 (10.0, 23.0) 43.0
15 (42.0, 22.0) 19.0
16 (38.0, 48.0) 33.0
17 (11.0, 25.0) 44.0
18 (10.0, 29.0) 15.0
19 (38.0, 22.0) 14.0
,
0 10 6 11 5 1 7 9 5 1 8 2 2 5 8 2 7 7 8 2
10 0 8 1 4 10 6 6 5 10 4 8 10 7 4 8 7 4 3 8
6 8 0 9 6 6 10 11 4 8 5 5 8 1 9 5 2 9 8 6
11 1 9 0 6 11 7 7 6 12 4 9 11 8 5 10 7 5 4 9
5 4 6 6 0 5 4 6 1 6 3 3 5 4 3 4 4 3 3 3
1 10 6 11 5 0 7 9 5 2 7 2 2 5 8 1 6 8 8 2
7 6 10 7 4 7 0 2 5 6 7 6 6 8 2 6 8 2 3 5
9 6 11 7 6 9 2 0 7 8 8 8 8 10 2 8 10 3 3 7
5 5 4 6 1 5 5 7 0 6 3 3 5 3 5 3 3 4 4 3
1 10 8 12 6 2 6 8 6 0 9 3 1 7 8 3 8 8 8 3
8 4 5 4 3 7 7 8 3 9 0 5 8 4 5 6 3 5 4 6
2 8 5 9 3 2 6 8 3 3 5 0 3 3 6 1 4 6 6 1
2 10 8 11 5 2 6 8 5 1 8 3 0 7 7 2 8 7 7 3
5 7 1 8 4 5 8 10 3 7 4 3 7 0 8 4 1 7 7 4
8 4 9 5 3 8 2 2 5 8 5 6 7 8 0 6 8 0 1 6
2 8 5 10 4 1 6 8 3 3 6 1 2 4 6 0 5 6 7 1
7 7 2 7 4 6 8 10 3 8 3 4 8 1 8 5 0 7 7 5
7 4 9 5 3 8 2 3 4 8 5 6 7 7 0 6 7 0 1 5
8 3 8 4 3 8 3 3 4 8 4 6 7 7 1 7 7 1 0 6
2 8 6 9 3 2 5 7 3 3 6 1 3 4 6 1 5 5 6 0
,
0 41 32 47 18 7 44 43 20 7 52 16 10 33 21 7 46 44 52 8
33 0 52 7 17 68 26 30 27 44 17 35 50 38 23 35 32 23 9 44
36 31 0 44 25 29 66 40 21 31 24 26 33 5 41 29 11 41 41 31
36 8 46 0 39 40 37 37 34 81 13 58 65 53 33 56 39 22 13 49
20 26 28 22 0 36 23 28 7 37 16 12 17 14 10 16 17 22 15 17
5 24 34 74 28 0 21 35 34 15 48 13 13 21 36 8 32 20 47 11
32 39 30 45 27 32 0 12 21 43 32 29 33 51 10 25 40 10 23 32
47 37 64 44 24 41 9 0 51 41 34 32 29 67 16 45 38 13 21 19
17 19 27 27 8 21 25 41 0 16 17 9 40 17 20 21 12 20 11 16
4 38 43 61 19 16 25 55 15 0 33 17 3 49 48 14 27 45 45 21
43 14 23 18 16 19 22 45 11 62 0 17 22 22 34 34 12 30 24 15
17 36 21 43 9 10 35 40 11 17 14 0 17 25 17 2 27 31 28 7
7 37 29 58 20 12 35 38 33 3 26 24 0 38 34 17 30 23 39 10
37 41 3 45 31 13 59 58 16 44 19 21 45 0 36 19 6 20 40 26
37 19 44 21 16 43 8 13 28 33 23 38 33 38 0 20 55 3 7 39
9 28 33 71 26 7 31 56 23 13 25 5 17 16 20 0 35 40 34 4
18 47 9 30 24 27 34 36 9 53 21 24 49 8 36 31 0 27 23 20
52 21 63 26 8 43 17 13 30 48 26 38 28 21 3 43 53 0 3 17
49 16 31 23 11 23 19 18 29 23 13 43 56 31 5 43 30 4 0 19
16 26 17 63 19 17 21 24 15 16 18 6 12 28 31 4 16 39 40 0