4
20
,
0 (47.0, 16.0) 39.0
1 (6.0, 42.0) 39.0
2 (47.0, 48.0) 13.0
3 (2.0, 48.0) 10.0
4 (25.0, 31.0) 32.0
5 (49.0, 20.0) 29.0
6 (13.0, 14.0) 18.0
7 (3.0, 13.0) 17.0
8 (31.0, 34.0) 15.0
9 (45.0, 9.0) 25.0
10 (24.0, 46.0) 12.0
11 (41.0, 26.0) 23.0
12 (42.0, 10.0) 49.0
13 (43.0, 43.0) 47.0
14 (10.0, 23.0) 11.0
15 (42.0, 22.0) 25.0
16 (38.0, 48.0) 11.0
17 (11.0, 25.0) 11.0
18 (10.0, 29.0) 47.0
19 (38.0, 22.0) 16.0
,
0 10 6 11 5 1 7 9 5 1 8 2 2 5 8 2 7 7 8 2
10 0 8 1 4 10 6 6 5 10 4 8 10 7 4 8 7 4 3 8
6 8 0 9 6 6 10 11 4 8 5 5 8 1 9 5 2 9 8 6
11 1 9 0 6 11 7 7 6 12 4 9 11 8 5 10 7 5 4 9
5 4 6 6 0 5 4 6 1 6 3 3 5 4 3 4 4 3 3 3
1 10 6 11 5 0 7 9 5 2 7 2 2 5 8 1 6 8 8 2
7 6 10 7 4 7 0 2 5 6 7 6 6 8 2 6 8 2 3 5
9 6 11 7 6 9 2 0 7 8 8 8 8 10 2 8 10 3 3 7
5 5 4 6 1 5 5 7 0 6 3 3 5 3 5 3 3 4 4 3
1 10 8 12 6 2 6 8 6 0 9 3 1 7 8 3 8 8 8 3
8 4 5 4 3 7 7 8 3 9 0 5 8 4 5 6 3 5 4 6
2 8 5 9 3 2 6 8 3 3 5 0 3 3 6 1 4 6 6 1
2 10 8 11 5 2 6 8 5 1 8 3 0 7 7 2 8 7 7 3
5 7 1 8 4 5 8 10 3 7 4 3 7 0 8 4 1 7 7 4
8 4 9 5 3 8 2 2 5 8 5 6 7 8 0 6 8 0 1 6
2 8 5 10 4 1 6 8 3 3 6 1 2 4 6 0 5 6 7 1
7 7 2 7 4 6 8 10 3 8 3 4 8 1 8 5 0 7 7 5
7 4 9 5 3 8 2 3 4 8 5 6 7 7 0 6 7 0 1 5
8 3 8 4 3 8 3 3 4 8 4 6 7 7 1 7 7 1 0 6
2 8 6 9 3 2 5 7 3 3 6 1 3 4 6 1 5 5 6 0
,
0 56 44 57 19 6 20 64 18 7 34 17 9 15 34 10 35 48 33 13
36 0 32 4 22 39 30 22 15 53 10 41 52 55 27 55 24 16 19 50
20 43 0 56 32 19 26 53 32 49 30 17 37 5 61 34 5 54 59 18
61 6 40 0 42 48 24 21 26 44 29 37 44 39 28 54 31 26 12 51
40 18 41 18 0 16 28 21 7 41 19 15 16 21 21 19 20 15 17 17
3 39 42 40 32 0 33 62 26 13 18 13 15 18 31 4 23 45 23 12
47 19 28 44 13 32 0 15 34 26 44 18 39 22 6 39 61 7 8 14
30 28 79 20 39 66 14 0 40 44 30 38 40 41 18 41 38 8 12 46
24 24 18 18 9 22 25 52 0 37 13 10 38 15 25 8 16 28 17 20
11 66 52 58 21 10 35 51 41 0 35 14 2 32 33 15 43 34 37 17
38 18 28 16 8 22 18 34 13 36 0 26 28 28 32 32 15 36 21 22
14 42 26 40 14 7 15 37 6 12 33 0 23 18 40 5 25 31 24 3
4 53 52 74 21 16 30 58 30 4 59 21 0 45 47 15 36 30 43 12
15 28 5 38 23 26 22 61 16 22 24 19 25 0 48 25 6 22 33 26
37 28 45 36 18 23 9 9 30 55 16 36 45 42 0 42 24 1 7 40
11 53 36 32 18 9 19 52 10 7 38 4 9 27 29 0 23 41 46 3
31 25 7 40 18 38 52 55 11 20 15 13 20 5 38 29 0 25 38 32
30 22 57 14 16 32 16 14 28 46 25 18 20 45 3 26 40 0 4 22
24 16 32 17 10 35 16 25 17 44 29 16 31 42 4 17 37 6 0 30
13 51 33 55 15 8 21 25 19 13 22 3 13 19 27 5 37 30 29 0