4
20
,
0 (47.0, 16.0) 13.0
1 (6.0, 42.0) 21.0
2 (47.0, 48.0) 25.0
3 (2.0, 48.0) 18.0
4 (25.0, 31.0) 34.0
5 (49.0, 20.0) 42.0
6 (13.0, 14.0) 41.0
7 (3.0, 13.0) 25.0
8 (31.0, 34.0) 13.0
9 (45.0, 9.0) 11.0
10 (24.0, 46.0) 14.0
11 (41.0, 26.0) 50.0
12 (42.0, 10.0) 21.0
13 (43.0, 43.0) 12.0
14 (10.0, 23.0) 33.0
15 (42.0, 22.0) 34.0
16 (38.0, 48.0) 26.0
17 (11.0, 25.0) 25.0
18 (10.0, 29.0) 20.0
19 (38.0, 22.0) 33.0
,
0 10 6 11 5 1 7 9 5 1 8 2 2 5 8 2 7 7 8 2
10 0 8 1 4 10 6 6 5 10 4 8 10 7 4 8 7 4 3 8
6 8 0 9 6 6 10 11 4 8 5 5 8 1 9 5 2 9 8 6
11 1 9 0 6 11 7 7 6 12 4 9 11 8 5 10 7 5 4 9
5 4 6 6 0 5 4 6 1 6 3 3 5 4 3 4 4 3 3 3
1 10 6 11 5 0 7 9 5 2 7 2 2 5 8 1 6 8 8 2
7 6 10 7 4 7 0 2 5 6 7 6 6 8 2 6 8 2 3 5
9 6 11 7 6 9 2 0 7 8 8 8 8 10 2 8 10 3 3 7
5 5 4 6 1 5 5 7 0 6 3 3 5 3 5 3 3 4 4 3
1 10 8 12 6 2 6 8 6 0 9 3 1 7 8 3 8 8 8 3
8 4 5 4 3 7 7 8 3 9 0 5 8 4 5 6 3 5 4 6
2 8 5 9 3 2 6 8 3 3 5 0 3 3 6 1 4 6 6 1
2 10 8 11 5 2 6 8 5 1 8 3 0 7 7 2 8 7 7 3
5 7 1 8 4 5 8 10 3 7 4 3 7 0 8 4 1 7 7 4
8 4 9 5 3 8 2 2 5 8 5 6 7 8 0 6 8 0 1 6
2 8 5 10 4 1 6 8 3 3 6 1 2 4 6 0 5 6 7 1
7 7 2 7 4 6 8 10 3 8 3 4 8 1 8 5 0 7 7 5
7 4 9 5 3 8 2 3 4 8 5 6 7 7 0 6 7 0 1 5
8 3 8 4 3 8 3 3 4 8 4 6 7 7 1 7 7 1 0 6
2 8 6 9 3 2 5 7 3 3 6 1 3 4 6 1 5 5 6 0
,
0 49 16 43 36 4 50 24 29 8 23 14 10 22 35 5 24 54 38 8
66 0 32 5 23 35 16 41 38 28 13 36 25 34 27 39 28 22 16 52
19 59 0 35 18 17 26 32 11 31 32 16 45 9 30 28 13 24 58 38
73 9 61 0 20 55 50 31 23 41 32 63 63 37 36 41 37 36 28 61
21 31 15 20 0 32 13 38 6 20 15 11 24 20 9 20 22 19 13 21
3 36 21 38 26 0 31 69 24 16 47 6 6 23 29 10 34 29 57 13
39 15 38 26 11 23 0 6 27 25 42 46 16 38 10 36 50 10 11 19
38 42 45 18 28 58 9 0 41 59 46 56 52 31 17 27 59 19 20 18
14 23 23 30 8 30 27 33 0 26 8 10 21 13 15 23 21 20 22 14
10 53 42 68 36 14 37 22 20 0 24 20 2 21 28 11 40 29 51 22
43 19 32 30 14 27 31 33 12 53 0 31 23 18 38 30 14 15 31 33
15 27 22 55 11 9 19 52 8 18 21 0 14 13 41 6 30 19 17 7
11 37 37 54 20 8 21 45 20 5 47 13 0 19 42 12 56 28 47 9
19 38 8 37 11 17 39 45 14 38 14 14 36 0 42 24 8 19 42 16
38 27 24 21 17 35 13 13 26 23 22 33 19 32 0 25 31 3 4 39
6 41 33 40 13 10 17 35 10 9 25 4 8 25 25 0 29 41 22 6
20 41 6 20 24 43 46 45 22 44 16 11 28 9 33 23 0 35 42 36
48 23 35 16 17 45 11 12 20 30 13 29 42 35 1 40 48 0 4 17
23 20 60 27 10 37 20 22 22 45 14 30 41 22 4 48 42 3 0 42
8 57 39 50 20 10 21 36 19 15 33 6 10 28 31 4 26 16 16 0