4
20
,
0 (47.0, 16.0) 37.0
1 (6.0, 42.0) 31.0
2 (47.0, 48.0) 35.0
3 (2.0, 48.0) 20.0
4 (25.0, 31.0) 15.0
5 (49.0, 20.0) 26.0
6 (13.0, 14.0) 30.0
7 (3.0, 13.0) 13.0
8 (31.0, 34.0) 46.0
9 (45.0, 9.0) 19.0
10 (24.0, 46.0) 16.0
11 (41.0, 26.0) 27.0
12 (42.0, 10.0) 12.0
13 (43.0, 43.0) 27.0
14 (10.0, 23.0) 31.0
15 (42.0, 22.0) 29.0
16 (38.0, 48.0) 12.0
17 (11.0, 25.0) 14.0
18 (10.0, 29.0) 24.0
19 (38.0, 22.0) 32.0
,
0 10 6 11 5 1 7 9 5 1 8 2 2 5 8 2 7 7 8 2
10 0 8 1 4 10 6 6 5 10 4 8 10 7 4 8 7 4 3 8
6 8 0 9 6 6 10 11 4 8 5 5 8 1 9 5 2 9 8 6
11 1 9 0 6 11 7 7 6 12 4 9 11 8 5 10 7 5 4 9
5 4 6 6 0 5 4 6 1 6 3 3 5 4 3 4 4 3 3 3
1 10 6 11 5 0 7 9 5 2 7 2 2 5 8 1 6 8 8 2
7 6 10 7 4 7 0 2 5 6 7 6 6 8 2 6 8 2 3 5
9 6 11 7 6 9 2 0 7 8 8 8 8 10 2 8 10 3 3 7
5 5 4 6 1 5 5 7 0 6 3 3 5 3 5 3 3 4 4 3
1 10 8 12 6 2 6 8 6 0 9 3 1 7 8 3 8 8 8 3
8 4 5 4 3 7 7 8 3 9 0 5 8 4 5 6 3 5 4 6
2 8 5 9 3 2 6 8 3 3 5 0 3 3 6 1 4 6 6 1
2 10 8 11 5 2 6 8 5 1 8 3 0 7 7 2 8 7 7 3
5 7 1 8 4 5 8 10 3 7 4 3 7 0 8 4 1 7 7 4
8 4 9 5 3 8 2 2 5 8 5 6 7 8 0 6 8 0 1 6
2 8 5 10 4 1 6 8 3 3 6 1 2 4 6 0 5 6 7 1
7 7 2 7 4 6 8 10 3 8 3 4 8 1 8 5 0 7 7 5
7 4 9 5 3 8 2 3 4 8 5 6 7 7 0 6 7 0 1 5
8 3 8 4 3 8 3 3 4 8 4 6 7 7 1 7 7 1 0 6
2 8 6 9 3 2 5 7 3 3 6 1 3 4 6 1 5 5 6 0
,
0 29 20 56 16 3 21 45 20 8 28 16 12 25 29 5 45 47 57 12
47 0 28 10 29 32 35 28 32 74 19 46 61 40 24 26 45 25 11 30
31 50 0 24 16 29 26 41 11 38 24 24 37 7 55 29 13 41 43 24
44 6 52 0 22 35 43 42 40 47 27 60 64 36 18 62 41 37 13 50
20 31 15 28 0 34 13 38 9 44 21 25 23 30 18 17 19 21 12 17
3 27 23 73 39 0 53 44 19 12 22 8 14 31 56 9 26 49 28 16
25 43 30 25 30 24 0 14 37 27 37 27 42 56 9 22 63 16 8 19
40 33 70 29 32 61 9 0 35 41 27 37 52 37 17 40 69 10 13 52
35 16 15 44 5 30 36 31 0 40 11 7 19 18 18 14 15 30 27 20
4 30 23 66 44 14 39 47 32 0 30 14 3 21 20 19 32 26 36 14
45 21 27 30 17 49 45 32 7 34 0 36 48 24 22 43 11 26 24 14
8 40 23 28 14 9 34 35 19 11 27 0 16 14 34 3 30 27 42 5
8 42 31 37 30 14 19 30 35 4 59 9 0 29 45 16 29 25 55 13
25 41 8 61 24 13 60 40 17 31 22 14 33 0 53 23 6 54 36 14
31 18 64 16 15 26 13 10 28 54 23 21 25 26 0 45 32 3 9 29
9 45 28 57 22 7 17 56 14 11 42 2 10 15 32 0 38 31 35 6
27 19 7 28 21 37 27 61 15 22 19 23 22 8 42 22 0 28 20 14
30 24 37 17 11 39 10 17 19 36 17 15 35 31 2 47 44 0 4 26
47 14 30 22 14 58 12 15 28 54 19 22 42 35 6 28 46 3 0 29
15 20 24 42 13 9 36 40 11 16 22 3 13 16 19 2 25 38 41 0