4
20
,
0 (47.0, 16.0) 26.0
1 (6.0, 42.0) 38.0
2 (47.0, 48.0) 42.0
3 (2.0, 48.0) 43.0
4 (25.0, 31.0) 17.0
5 (49.0, 20.0) 15.0
6 (13.0, 14.0) 21.0
7 (3.0, 13.0) 13.0
8 (31.0, 34.0) 49.0
9 (45.0, 9.0) 12.0
10 (24.0, 46.0) 32.0
11 (41.0, 26.0) 14.0
12 (42.0, 10.0) 18.0
13 (43.0, 43.0) 10.0
14 (10.0, 23.0) 14.0
15 (42.0, 22.0) 12.0
16 (38.0, 48.0) 24.0
17 (11.0, 25.0) 36.0
18 (10.0, 29.0) 31.0
19 (38.0, 22.0) 33.0
,
0 10 6 11 5 1 7 9 5 1 8 2 2 5 8 2 7 7 8 2
10 0 8 1 4 10 6 6 5 10 4 8 10 7 4 8 7 4 3 8
6 8 0 9 6 6 10 11 4 8 5 5 8 1 9 5 2 9 8 6
11 1 9 0 6 11 7 7 6 12 4 9 11 8 5 10 7 5 4 9
5 4 6 6 0 5 4 6 1 6 3 3 5 4 3 4 4 3 3 3
1 10 6 11 5 0 7 9 5 2 7 2 2 5 8 1 6 8 8 2
7 6 10 7 4 7 0 2 5 6 7 6 6 8 2 6 8 2 3 5
9 6 11 7 6 9 2 0 7 8 8 8 8 10 2 8 10 3 3 7
5 5 4 6 1 5 5 7 0 6 3 3 5 3 5 3 3 4 4 3
1 10 8 12 6 2 6 8 6 0 9 3 1 7 8 3 8 8 8 3
8 4 5 4 3 7 7 8 3 9 0 5 8 4 5 6 3 5 4 6
2 8 5 9 3 2 6 8 3 3 5 0 3 3 6 1 4 6 6 1
2 10 8 11 5 2 6 8 5 1 8 3 0 7 7 2 8 7 7 3
5 7 1 8 4 5 8 10 3 7 4 3 7 0 8 4 1 7 7 4
8 4 9 5 3 8 2 2 5 8 5 6 7 8 0 6 8 0 1 6
2 8 5 10 4 1 6 8 3 3 6 1 2 4 6 0 5 6 7 1
7 7 2 7 4 6 8 10 3 8 3 4 8 1 8 5 0 7 7 5
7 4 9 5 3 8 2 3 4 8 5 6 7 7 0 6 7 0 1 5
8 3 8 4 3 8 3 3 4 8 4 6 7 7 1 7 7 1 0 6
2 8 6 9 3 2 5 7 3 3 6 1 3 4 6 1 5 5 6 0
,
0 28 47 34 21 5 25 40 24 10 21 11 6 32 44 10 41 38 20 6
50 0 60 5 14 30 34 16 34 66 15 56 33 19 11 60 29 21 16 49
48 54 0 33 18 35 40 34 21 22 34 13 39 7 52 26 10 26 43 38
57 7 56 0 34 72 37 31 43 54 29 56 60 25 32 62 46 35 21 55
36 26 37 22 0 32 13 30 6 30 8 25 21 18 21 11 31 10 16 14
7 40 36 62 29 0 53 55 16 16 39 10 8 14 32 7 19 51 28 13
46 24 61 29 30 28 0 9 30 20 32 43 32 33 8 40 53 11 17 23
44 22 58 41 22 68 9 0 34 26 47 53 34 68 10 35 35 16 11 32
24 25 24 43 7 20 20 32 0 25 14 9 17 14 25 15 10 28 16 8
6 60 41 44 36 11 16 31 33 0 48 19 3 34 51 12 34 28 40 15
26 16 20 28 20 34 26 47 20 38 0 38 45 24 22 25 7 32 30 38
13 34 25 55 24 14 35 41 18 17 24 0 16 18 18 3 28 18 23 6
5 62 57 46 28 9 33 23 33 5 33 9 0 48 41 7 54 33 48 11
15 48 9 55 30 15 62 73 10 22 17 22 44 0 36 18 8 21 46 16
51 17 67 26 21 27 11 14 20 36 20 26 35 52 0 23 52 3 6 28
11 51 38 43 21 11 31 56 8 11 29 4 9 19 32 0 39 38 46 3
42 34 12 49 20 19 27 28 19 53 18 27 39 9 30 18 0 26 29 34
28 16 59 22 8 53 9 9 12 40 35 38 48 52 2 21 53 0 5 21
26 10 34 28 22 31 11 23 19 41 30 23 46 40 4 24 24 2 0 29
6 38 15 33 18 10 21 51 14 9 25 3 7 17 26 5 21 28 34 0