4
20
,
0 (47.0, 16.0) 34.0
1 (6.0, 42.0) 14.0
2 (47.0, 48.0) 26.0
3 (2.0, 48.0) 29.0
4 (25.0, 31.0) 26.0
5 (49.0, 20.0) 28.0
6 (13.0, 14.0) 35.0
7 (3.0, 13.0) 16.0
8 (31.0, 34.0) 18.0
9 (45.0, 9.0) 34.0
10 (24.0, 46.0) 37.0
11 (41.0, 26.0) 10.0
12 (42.0, 10.0) 25.0
13 (43.0, 43.0) 31.0
14 (10.0, 23.0) 10.0
15 (42.0, 22.0) 23.0
16 (38.0, 48.0) 28.0
17 (11.0, 25.0) 25.0
18 (10.0, 29.0) 14.0
19 (38.0, 22.0) 24.0
,
0 10 6 11 5 1 7 9 5 1 8 2 2 5 8 2 7 7 8 2
10 0 8 1 4 10 6 6 5 10 4 8 10 7 4 8 7 4 3 8
6 8 0 9 6 6 10 11 4 8 5 5 8 1 9 5 2 9 8 6
11 1 9 0 6 11 7 7 6 12 4 9 11 8 5 10 7 5 4 9
5 4 6 6 0 5 4 6 1 6 3 3 5 4 3 4 4 3 3 3
1 10 6 11 5 0 7 9 5 2 7 2 2 5 8 1 6 8 8 2
7 6 10 7 4 7 0 2 5 6 7 6 6 8 2 6 8 2 3 5
9 6 11 7 6 9 2 0 7 8 8 8 8 10 2 8 10 3 3 7
5 5 4 6 1 5 5 7 0 6 3 3 5 3 5 3 3 4 4 3
1 10 8 12 6 2 6 8 6 0 9 3 1 7 8 3 8 8 8 3
8 4 5 4 3 7 7 8 3 9 0 5 8 4 5 6 3 5 4 6
2 8 5 9 3 2 6 8 3 3 5 0 3 3 6 1 4 6 6 1
2 10 8 11 5 2 6 8 5 1 8 3 0 7 7 2 8 7 7 3
5 7 1 8 4 5 8 10 3 7 4 3 7 0 8 4 1 7 7 4
8 4 9 5 3 8 2 2 5 8 5 6 7 8 0 6 8 0 1 6
2 8 5 10 4 1 6 8 3 3 6 1 2 4 6 0 5 6 7 1
7 7 2 7 4 6 8 10 3 8 3 4 8 1 8 5 0 7 7 5
7 4 9 5 3 8 2 3 4 8 5 6 7 7 0 6 7 0 1 5
8 3 8 4 3 8 3 3 4 8 4 6 7 7 1 7 7 1 0 6
2 8 6 9 3 2 5 7 3 3 6 1 3 4 6 1 5 5 6 0
,
0 52 40 67 27 5 47 24 28 9 39 17 4 35 55 7 22 40 52 14
54 0 56 11 26 65 18 15 19 72 27 20 51 38 26 41 26 13 19 45
28 56 0 48 22 20 63 56 31 23 22 15 44 4 66 16 9 48 27 28
59 9 41 0 17 53 49 40 48 39 17 35 51 44 20 55 43 17 27 53
14 22 15 27 0 26 31 36 5 25 19 12 38 18 20 26 31 18 13 10
6 49 14 38 25 0 49 54 23 14 39 15 11 26 33 7 20 57 24 9
47 21 52 38 19 45 0 14 27 31 45 29 25 55 6 23 48 13 11 35
66 17 76 21 27 57 12 0 19 58 46 57 46 73 14 29 56 13 13 33
25 33 19 48 6 33 40 39 0 17 19 11 18 20 28 19 16 27 32 19
9 69 24 31 25 7 34 35 26 0 29 24 4 37 19 19 43 31 42 14
20 10 20 11 15 40 18 42 13 24 0 26 29 18 17 22 13 23 19 21
13 51 26 47 25 9 27 35 19 21 26 0 17 13 42 3 29 34 31 6
7 45 52 44 28 10 16 22 27 4 32 13 0 20 39 12 40 47 47 9
30 55 8 46 21 30 42 64 13 26 10 11 38 0 27 21 5 45 24 19
49 16 24 38 10 46 13 11 22 26 29 26 21 28 0 25 36 3 9 24
7 48 30 41 25 8 42 51 22 12 32 2 6 22 42 0 21 34 40 3
44 19 9 50 26 43 22 50 19 50 18 11 33 4 39 24 0 34 38 16
27 10 23 16 19 42 11 16 14 35 17 25 36 42 3 33 51 0 5 21
32 19 23 28 18 58 20 16 23 31 18 16 52 48 8 37 46 3 0 29
7 48 15 41 17 11 26 37 12 15 19 6 17 16 31 5 23 35 26 0