4
20
,
0 (47.0, 16.0) 21.0
1 (6.0, 42.0) 19.0
2 (47.0, 48.0) 13.0
3 (2.0, 48.0) 15.0
4 (25.0, 31.0) 38.0
5 (49.0, 20.0) 11.0
6 (13.0, 14.0) 49.0
7 (3.0, 13.0) 41.0
8 (31.0, 34.0) 31.0
9 (45.0, 9.0) 35.0
10 (24.0, 46.0) 43.0
11 (41.0, 26.0) 35.0
12 (42.0, 10.0) 47.0
13 (43.0, 43.0) 25.0
14 (10.0, 23.0) 40.0
15 (42.0, 22.0) 13.0
16 (38.0, 48.0) 20.0
17 (11.0, 25.0) 24.0
18 (10.0, 29.0) 13.0
19 (38.0, 22.0) 21.0
,
0 10 6 11 5 1 7 9 5 1 8 2 2 5 8 2 7 7 8 2
10 0 8 1 4 10 6 6 5 10 4 8 10 7 4 8 7 4 3 8
6 8 0 9 6 6 10 11 4 8 5 5 8 1 9 5 2 9 8 6
11 1 9 0 6 11 7 7 6 12 4 9 11 8 5 10 7 5 4 9
5 4 6 6 0 5 4 6 1 6 3 3 5 4 3 4 4 3 3 3
1 10 6 11 5 0 7 9 5 2 7 2 2 5 8 1 6 8 8 2
7 6 10 7 4 7 0 2 5 6 7 6 6 8 2 6 8 2 3 5
9 6 11 7 6 9 2 0 7 8 8 8 8 10 2 8 10 3 3 7
5 5 4 6 1 5 5 7 0 6 3 3 5 3 5 3 3 4 4 3
1 10 8 12 6 2 6 8 6 0 9 3 1 7 8 3 8 8 8 3
8 4 5 4 3 7 7 8 3 9 0 5 8 4 5 6 3 5 4 6
2 8 5 9 3 2 6 8 3 3 5 0 3 3 6 1 4 6 6 1
2 10 8 11 5 2 6 8 5 1 8 3 0 7 7 2 8 7 7 3
5 7 1 8 4 5 8 10 3 7 4 3 7 0 8 4 1 7 7 4
8 4 9 5 3 8 2 2 5 8 5 6 7 8 0 6 8 0 1 6
2 8 5 10 4 1 6 8 3 3 6 1 2 4 6 0 5 6 7 1
7 7 2 7 4 6 8 10 3 8 3 4 8 1 8 5 0 7 7 5
7 4 9 5 3 8 2 3 4 8 5 6 7 7 0 6 7 0 1 5
8 3 8 4 3 8 3 3 4 8 4 6 7 7 1 7 7 1 0 6
2 8 6 9 3 2 5 7 3 3 6 1 3 4 6 1 5 5 6 0
,
0 61 34 62 28 4 33 50 36 6 20 11 10 23 24 5 17 22 33 9
33 0 57 7 30 51 30 15 21 44 22 29 70 22 17 44 22 26 9 28
48 23 0 58 16 20 28 40 29 32 19 25 37 3 63 16 8 53 59 27
30 6 49 0 32 59 29 40 18 77 12 34 74 40 33 63 24 35 15 31
20 17 22 42 0 29 28 40 5 19 18 18 17 24 11 18 14 22 15 18
4 62 16 75 13 0 29 67 25 12 47 10 17 19 20 5 21 34 48 6
34 18 57 39 15 24 0 11 31 26 23 39 27 21 13 29 46 16 23 20
49 32 58 33 24 40 5 0 46 33 38 24 39 69 8 36 31 22 26 41
25 31 13 17 9 19 24 51 0 26 17 7 15 8 26 11 22 28 19 10
5 76 49 71 42 9 44 57 39 0 36 19 3 29 26 14 41 27 47 9
40 15 15 20 16 42 28 21 8 50 0 34 59 27 37 34 15 26 29 24
8 54 31 34 10 9 45 39 12 21 36 0 8 23 41 4 24 35 31 3
6 39 48 82 25 11 42 32 34 2 33 22 0 43 40 14 43 43 35 13
22 54 7 45 20 22 52 46 17 27 15 10 34 0 39 31 11 25 45 19
21 15 45 20 10 21 12 10 34 55 39 33 23 23 0 26 43 2 9 17
5 41 17 42 20 8 36 32 20 14 31 3 11 19 37 0 30 33 45 3
38 46 6 28 18 39 23 26 21 50 9 17 54 7 29 15 0 42 32 29
52 19 52 34 13 29 11 9 29 32 24 39 44 40 3 17 25 0 4 29
52 20 53 25 12 23 17 15 12 44 30 31 35 35 3 40 25 5 0 39
11 47 23 54 22 9 27 41 12 17 25 4 17 23 37 2 33 24 33 0