4
20
,
0 (47.0, 16.0) 19.0
1 (6.0, 42.0) 12.0
2 (47.0, 48.0) 11.0
3 (2.0, 48.0) 17.0
4 (25.0, 31.0) 40.0
5 (49.0, 20.0) 42.0
6 (13.0, 14.0) 20.0
7 (3.0, 13.0) 12.0
8 (31.0, 34.0) 38.0
9 (45.0, 9.0) 21.0
10 (24.0, 46.0) 26.0
11 (41.0, 26.0) 36.0
12 (42.0, 10.0) 14.0
13 (43.0, 43.0) 19.0
14 (10.0, 23.0) 27.0
15 (42.0, 22.0) 30.0
16 (38.0, 48.0) 17.0
17 (11.0, 25.0) 10.0
18 (10.0, 29.0) 43.0
19 (38.0, 22.0) 14.0
,
0 10 6 11 5 1 7 9 5 1 8 2 2 5 8 2 7 7 8 2
10 0 8 1 4 10 6 6 5 10 4 8 10 7 4 8 7 4 3 8
6 8 0 9 6 6 10 11 4 8 5 5 8 1 9 5 2 9 8 6
11 1 9 0 6 11 7 7 6 12 4 9 11 8 5 10 7 5 4 9
5 4 6 6 0 5 4 6 1 6 3 3 5 4 3 4 4 3 3 3
1 10 6 11 5 0 7 9 5 2 7 2 2 5 8 1 6 8 8 2
7 6 10 7 4 7 0 2 5 6 7 6 6 8 2 6 8 2 3 5
9 6 11 7 6 9 2 0 7 8 8 8 8 10 2 8 10 3 3 7
5 5 4 6 1 5 5 7 0 6 3 3 5 3 5 3 3 4 4 3
1 10 8 12 6 2 6 8 6 0 9 3 1 7 8 3 8 8 8 3
8 4 5 4 3 7 7 8 3 9 0 5 8 4 5 6 3 5 4 6
2 8 5 9 3 2 6 8 3 3 5 0 3 3 6 1 4 6 6 1
2 10 8 11 5 2 6 8 5 1 8 3 0 7 7 2 8 7 7 3
5 7 1 8 4 5 8 10 3 7 4 3 7 0 8 4 1 7 7 4
8 4 9 5 3 8 2 2 5 8 5 6 7 8 0 6 8 0 1 6
2 8 5 10 4 1 6 8 3 3 6 1 2 4 6 0 5 6 7 1
7 7 2 7 4 6 8 10 3 8 3 4 8 1 8 5 0 7 7 5
7 4 9 5 3 8 2 3 4 8 5 6 7 7 0 6 7 0 1 5
8 3 8 4 3 8 3 3 4 8 4 6 7 7 1 7 7 1 0 6
2 8 6 9 3 2 5 7 3 3 6 1 3 4 6 1 5 5 6 0
,
0 31 31 33 25 3 18 30 36 9 49 10 9 14 29 9 23 32 23 9
48 0 51 5 15 63 31 21 36 60 21 26 37 35 19 33 42 21 12 48
19 35 0 60 20 26 53 41 29 22 29 28 39 9 62 19 5 49 59 28
50 9 60 0 20 31 47 23 47 42 23 34 81 41 35 64 35 21 10 27
15 20 25 33 0 29 24 28 5 21 16 13 27 11 11 17 31 22 19 9
6 40 30 78 18 0 24 41 30 11 37 15 15 12 24 11 19 51 46 12
30 28 71 44 24 22 0 13 32 38 41 27 26 34 8 42 48 8 12 23
31 34 62 50 18 47 10 0 49 34 58 41 23 26 7 27 61 11 11 53
23 24 27 45 9 12 36 46 0 26 10 14 34 19 31 17 13 18 12 18
5 39 57 36 26 9 40 56 31 0 28 12 4 51 44 9 36 30 39 10
32 15 14 32 8 49 50 49 19 55 0 18 23 19 37 33 13 30 14 21
17 40 20 37 19 8 31 46 10 9 26 0 22 17 43 3 30 24 25 3
9 37 57 57 36 12 39 27 25 4 30 14 0 21 32 13 24 23 27 14
37 26 5 36 13 14 38 37 22 30 21 25 28 0 23 22 6 31 32 26
53 26 50 24 20 22 11 14 14 24 16 36 18 30 0 42 54 1 3 19
7 23 32 68 19 10 16 38 18 13 41 4 7 26 40 0 22 39 33 5
26 24 10 33 20 17 55 73 10 50 20 31 21 4 50 17 0 44 30 22
41 26 46 26 8 50 6 12 27 32 27 31 24 21 1 38 31 0 4 39
21 16 45 17 18 20 9 20 19 60 18 46 34 21 7 27 30 6 0 33
7 40 26 58 16 15 29 39 8 8 15 5 11 16 15 3 27 20 42 0