4
20
,
0 (47.0, 16.0) 50.0
1 (6.0, 42.0) 26.0
2 (47.0, 48.0) 37.0
3 (2.0, 48.0) 41.0
4 (25.0, 31.0) 13.0
5 (49.0, 20.0) 17.0
6 (13.0, 14.0) 22.0
7 (3.0, 13.0) 38.0
8 (31.0, 34.0) 20.0
9 (45.0, 9.0) 16.0
10 (24.0, 46.0) 45.0
11 (41.0, 26.0) 25.0
12 (42.0, 10.0) 19.0
13 (43.0, 43.0) 25.0
14 (10.0, 23.0) 26.0
15 (42.0, 22.0) 15.0
16 (38.0, 48.0) 15.0
17 (11.0, 25.0) 20.0
18 (10.0, 29.0) 29.0
19 (38.0, 22.0) 26.0
,
0 10 6 11 5 1 7 9 5 1 8 2 2 5 8 2 7 7 8 2
10 0 8 1 4 10 6 6 5 10 4 8 10 7 4 8 7 4 3 8
6 8 0 9 6 6 10 11 4 8 5 5 8 1 9 5 2 9 8 6
11 1 9 0 6 11 7 7 6 12 4 9 11 8 5 10 7 5 4 9
5 4 6 6 0 5 4 6 1 6 3 3 5 4 3 4 4 3 3 3
1 10 6 11 5 0 7 9 5 2 7 2 2 5 8 1 6 8 8 2
7 6 10 7 4 7 0 2 5 6 7 6 6 8 2 6 8 2 3 5
9 6 11 7 6 9 2 0 7 8 8 8 8 10 2 8 10 3 3 7
5 5 4 6 1 5 5 7 0 6 3 3 5 3 5 3 3 4 4 3
1 10 8 12 6 2 6 8 6 0 9 3 1 7 8 3 8 8 8 3
8 4 5 4 3 7 7 8 3 9 0 5 8 4 5 6 3 5 4 6
2 8 5 9 3 2 6 8 3 3 5 0 3 3 6 1 4 6 6 1
2 10 8 11 5 2 6 8 5 1 8 3 0 7 7 2 8 7 7 3
5 7 1 8 4 5 8 10 3 7 4 3 7 0 8 4 1 7 7 4
8 4 9 5 3 8 2 2 5 8 5 6 7 8 0 6 8 0 1 6
2 8 5 10 4 1 6 8 3 3 6 1 2 4 6 0 5 6 7 1
7 7 2 7 4 6 8 10 3 8 3 4 8 1 8 5 0 7 7 5
7 4 9 5 3 8 2 3 4 8 5 6 7 7 0 6 7 0 1 5
8 3 8 4 3 8 3 3 4 8 4 6 7 7 1 7 7 1 0 6
2 8 6 9 3 2 5 7 3 3 6 1 3 4 6 1 5 5 6 0
,
0 39 17 30 21 5 49 52 36 4 37 9 7 29 53 9 18 42 36 11
37 0 50 7 27 70 30 17 27 63 13 23 40 31 17 62 46 21 19 23
36 29 0 55 28 36 69 29 17 26 16 30 34 5 54 25 7 51 53 15
43 6 45 0 22 60 32 35 33 48 30 30 74 32 20 40 24 24 10 28
36 32 25 41 0 16 14 31 8 25 18 22 33 20 20 24 21 12 19 13
4 37 37 55 16 0 35 64 18 6 40 8 16 30 44 6 15 29 51 13
23 40 24 18 28 28 0 7 20 19 43 31 17 28 7 42 58 6 21 24
46 27 44 29 20 45 15 0 28 31 32 53 43 29 18 31 66 9 22 41
19 25 22 19 8 20 15 19 0 22 14 17 31 8 21 9 22 25 29 12
11 47 58 55 35 13 39 25 30 0 59 17 4 31 28 15 32 28 25 11
43 24 30 23 16 38 49 53 13 40 0 38 44 18 33 16 17 34 19 38
15 22 29 58 16 5 40 42 17 15 36 0 15 9 44 3 31 24 21 3
10 49 37 81 24 14 42 48 23 4 56 11 0 35 47 17 38 51 33 7
31 42 4 25 11 32 46 32 9 36 24 9 21 0 32 13 7 55 52 28
37 28 34 36 25 55 11 9 28 55 27 37 27 44 0 39 44 3 6 23
6 51 40 70 28 10 41 31 21 19 31 6 17 16 18 0 22 30 39 3
21 21 9 50 17 41 37 40 22 49 19 16 35 8 23 17 0 27 33 25
39 15 54 14 8 52 8 18 30 51 29 38 46 53 2 28 32 0 3 18
31 18 42 27 9 27 16 25 14 49 26 38 45 34 6 47 40 5 0 43
10 49 40 25 10 11 13 27 17 13 42 4 17 22 31 5 37 20 34 0