4
20
,
0 (47.0, 16.0) 41.0
1 (6.0, 42.0) 28.0
2 (47.0, 48.0) 45.0
3 (2.0, 48.0) 35.0
4 (25.0, 31.0) 23.0
5 (49.0, 20.0) 23.0
6 (13.0, 14.0) 34.0
7 (3.0, 13.0) 32.0
8 (31.0, 34.0) 13.0
9 (45.0, 9.0) 24.0
10 (24.0, 46.0) 11.0
11 (41.0, 26.0) 15.0
12 (42.0, 10.0) 36.0
13 (43.0, 43.0) 12.0
14 (10.0, 23.0) 21.0
15 (42.0, 22.0) 23.0
16 (38.0, 48.0) 29.0
17 (11.0, 25.0) 29.0
18 (10.0, 29.0) 27.0
19 (38.0, 22.0) 45.0
,
0 10 6 11 5 1 7 9 5 1 8 2 2 5 8 2 7 7 8 2
10 0 8 1 4 10 6 6 5 10 4 8 10 7 4 8 7 4 3 8
6 8 0 9 6 6 10 11 4 8 5 5 8 1 9 5 2 9 8 6
11 1 9 0 6 11 7 7 6 12 4 9 11 8 5 10 7 5 4 9
5 4 6 6 0 5 4 6 1 6 3 3 5 4 3 4 4 3 3 3
1 10 6 11 5 0 7 9 5 2 7 2 2 5 8 1 6 8 8 2
7 6 10 7 4 7 0 2 5 6 7 6 6 8 2 6 8 2 3 5
9 6 11 7 6 9 2 0 7 8 8 8 8 10 2 8 10 3 3 7
5 5 4 6 1 5 5 7 0 6 3 3 5 3 5 3 3 4 4 3
1 10 8 12 6 2 6 8 6 0 9 3 1 7 8 3 8 8 8 3
8 4 5 4 3 7 7 8 3 9 0 5 8 4 5 6 3 5 4 6
2 8 5 9 3 2 6 8 3 3 5 0 3 3 6 1 4 6 6 1
2 10 8 11 5 2 6 8 5 1 8 3 0 7 7 2 8 7 7 3
5 7 1 8 4 5 8 10 3 7 4 3 7 0 8 4 1 7 7 4
8 4 9 5 3 8 2 2 5 8 5 6 7 8 0 6 8 0 1 6
2 8 5 10 4 1 6 8 3 3 6 1 2 4 6 0 5 6 7 1
7 7 2 7 4 6 8 10 3 8 3 4 8 1 8 5 0 7 7 5
7 4 9 5 3 8 2 3 4 8 5 6 7 7 0 6 7 0 1 5
8 3 8 4 3 8 3 3 4 8 4 6 7 7 1 7 7 1 0 6
2 8 6 9 3 2 5 7 3 3 6 1 3 4 6 1 5 5 6 0
,
0 33 33 82 16 4 48 43 26 4 21 14 9 40 30 9 34 26 48 11
41 0 32 10 16 36 19 19 21 45 12 32 49 26 17 50 33 14 11 51
39 40 0 39 15 26 40 59 29 47 27 30 57 6 49 34 13 28 61 38
78 6 57 0 23 42 38 50 16 55 11 55 48 51 20 60 29 24 13 24
40 27 30 25 0 33 17 39 9 26 20 24 29 22 24 20 29 8 9 14
6 66 31 39 30 0 54 54 17 9 31 14 15 22 23 10 38 54 40 11
32 18 63 32 28 44 0 6 37 30 24 15 22 44 6 29 55 7 10 28
54 32 44 18 22 24 8 0 51 60 30 48 32 26 13 34 49 21 16 53
24 33 27 18 8 22 25 45 0 38 13 18 28 22 13 12 11 27 29 8
6 53 50 51 18 11 19 63 34 0 40 15 3 32 32 18 25 22 34 13
33 24 33 19 19 52 44 27 21 38 0 23 34 10 30 31 18 20 22 40
15 37 22 50 15 9 36 59 11 17 36 0 9 18 28 2 27 44 37 5
4 64 50 54 22 13 25 30 34 2 40 23 0 32 24 10 27 29 54 14
17 43 5 31 30 27 46 31 21 46 27 23 34 0 30 13 7 41 33 27
38 19 43 23 14 40 10 8 35 55 32 36 47 47 0 37 27 2 6 18
10 22 26 67 28 10 28 50 12 19 30 2 15 13 29 0 27 16 37 4
27 31 9 44 14 19 45 35 17 23 9 32 26 9 52 25 0 25 44 22
25 12 45 34 20 27 13 18 18 27 37 45 25 50 2 41 30 0 4 40
48 11 39 28 15 40 19 20 13 23 24 45 19 20 8 46 47 5 0 34
14 53 26 37 23 7 24 39 8 20 23 3 10 22 28 5 37 36 31 0