4
20
,
0 (47.0, 16.0) 25.0
1 (6.0, 42.0) 28.0
2 (47.0, 48.0) 43.0
3 (2.0, 48.0) 13.0
4 (25.0, 31.0) 17.0
5 (49.0, 20.0) 12.0
6 (13.0, 14.0) 43.0
7 (3.0, 13.0) 40.0
8 (31.0, 34.0) 48.0
9 (45.0, 9.0) 48.0
10 (24.0, 46.0) 19.0
11 (41.0, 26.0) 12.0
12 (42.0, 10.0) 37.0
13 (43.0, 43.0) 16.0
14 (10.0, 23.0) 22.0
15 (42.0, 22.0) 13.0
16 (38.0, 48.0) 11.0
17 (11.0, 25.0) 16.0
18 (10.0, 29.0) 15.0
19 (38.0, 22.0) 28.0
,
0 10 6 11 5 1 7 9 5 1 8 2 2 5 8 2 7 7 8 2
10 0 8 1 4 10 6 6 5 10 4 8 10 7 4 8 7 4 3 8
6 8 0 9 6 6 10 11 4 8 5 5 8 1 9 5 2 9 8 6
11 1 9 0 6 11 7 7 6 12 4 9 11 8 5 10 7 5 4 9
5 4 6 6 0 5 4 6 1 6 3 3 5 4 3 4 4 3 3 3
1 10 6 11 5 0 7 9 5 2 7 2 2 5 8 1 6 8 8 2
7 6 10 7 4 7 0 2 5 6 7 6 6 8 2 6 8 2 3 5
9 6 11 7 6 9 2 0 7 8 8 8 8 10 2 8 10 3 3 7
5 5 4 6 1 5 5 7 0 6 3 3 5 3 5 3 3 4 4 3
1 10 8 12 6 2 6 8 6 0 9 3 1 7 8 3 8 8 8 3
8 4 5 4 3 7 7 8 3 9 0 5 8 4 5 6 3 5 4 6
2 8 5 9 3 2 6 8 3 3 5 0 3 3 6 1 4 6 6 1
2 10 8 11 5 2 6 8 5 1 8 3 0 7 7 2 8 7 7 3
5 7 1 8 4 5 8 10 3 7 4 3 7 0 8 4 1 7 7 4
8 4 9 5 3 8 2 2 5 8 5 6 7 8 0 6 8 0 1 6
2 8 5 10 4 1 6 8 3 3 6 1 2 4 6 0 5 6 7 1
7 7 2 7 4 6 8 10 3 8 3 4 8 1 8 5 0 7 7 5
7 4 9 5 3 8 2 3 4 8 5 6 7 7 0 6 7 0 1 5
8 3 8 4 3 8 3 3 4 8 4 6 7 7 1 7 7 1 0 6
2 8 6 9 3 2 5 7 3 3 6 1 3 4 6 1 5 5 6 0
,
0 44 47 82 39 3 45 36 26 8 33 11 5 33 37 7 22 50 57 9
48 0 61 9 25 35 24 41 25 31 21 43 43 41 29 56 38 16 13 39
18 30 0 66 28 26 27 84 17 35 27 25 27 5 31 20 6 59 28 17
80 6 40 0 23 38 48 44 34 81 17 46 64 60 15 44 53 24 22 66
31 29 32 37 0 28 24 19 6 16 18 17 19 16 23 26 28 14 21 14
7 61 16 59 27 0 35 33 24 6 38 12 7 27 35 9 22 20 37 7
43 39 36 45 19 46 0 12 26 34 45 35 37 42 8 28 59 12 8 38
45 21 81 43 25 42 7 0 34 42 48 46 53 64 10 40 25 16 9 48
33 32 25 18 5 27 37 37 0 31 8 18 38 20 16 13 12 26 31 14
9 61 36 67 41 7 28 49 27 0 51 10 4 18 42 9 36 24 32 22
55 17 21 25 9 24 23 39 19 37 0 25 26 14 25 43 14 34 24 34
8 45 26 27 12 11 26 37 14 24 14 0 16 20 39 3 31 36 20 7
11 30 37 55 20 11 24 41 25 2 32 20 0 50 48 7 37 27 47 18
22 26 5 44 30 31 30 38 18 39 10 19 36 0 53 17 9 38 52 21
22 28 51 32 19 28 12 15 35 19 25 18 29 54 0 21 53 2 7 26
7 58 22 55 19 4 36 51 12 13 22 5 10 13 31 0 25 32 22 4
18 29 10 47 17 34 21 69 15 39 11 15 50 7 32 30 0 37 49 27
21 12 48 12 10 49 14 22 27 21 27 32 31 30 2 16 45 0 2 31
36 19 38 12 17 56 13 9 26 44 15 43 44 53 4 32 50 5 0 18
15 51 35 66 12 14 27 19 20 19 33 3 11 28 28 5 16 28 21 0