4
20
,
0 (47.0, 16.0) 11.0
1 (6.0, 42.0) 29.0
2 (47.0, 48.0) 43.0
3 (2.0, 48.0) 49.0
4 (25.0, 31.0) 15.0
5 (49.0, 20.0) 48.0
6 (13.0, 14.0) 31.0
7 (3.0, 13.0) 38.0
8 (31.0, 34.0) 15.0
9 (45.0, 9.0) 27.0
10 (24.0, 46.0) 31.0
11 (41.0, 26.0) 43.0
12 (42.0, 10.0) 13.0
13 (43.0, 43.0) 24.0
14 (10.0, 23.0) 23.0
15 (42.0, 22.0) 14.0
16 (38.0, 48.0) 13.0
17 (11.0, 25.0) 36.0
18 (10.0, 29.0) 20.0
19 (38.0, 22.0) 23.0
,
0 10 6 11 5 1 7 9 5 1 8 2 2 5 8 2 7 7 8 2
10 0 8 1 4 10 6 6 5 10 4 8 10 7 4 8 7 4 3 8
6 8 0 9 6 6 10 11 4 8 5 5 8 1 9 5 2 9 8 6
11 1 9 0 6 11 7 7 6 12 4 9 11 8 5 10 7 5 4 9
5 4 6 6 0 5 4 6 1 6 3 3 5 4 3 4 4 3 3 3
1 10 6 11 5 0 7 9 5 2 7 2 2 5 8 1 6 8 8 2
7 6 10 7 4 7 0 2 5 6 7 6 6 8 2 6 8 2 3 5
9 6 11 7 6 9 2 0 7 8 8 8 8 10 2 8 10 3 3 7
5 5 4 6 1 5 5 7 0 6 3 3 5 3 5 3 3 4 4 3
1 10 8 12 6 2 6 8 6 0 9 3 1 7 8 3 8 8 8 3
8 4 5 4 3 7 7 8 3 9 0 5 8 4 5 6 3 5 4 6
2 8 5 9 3 2 6 8 3 3 5 0 3 3 6 1 4 6 6 1
2 10 8 11 5 2 6 8 5 1 8 3 0 7 7 2 8 7 7 3
5 7 1 8 4 5 8 10 3 7 4 3 7 0 8 4 1 7 7 4
8 4 9 5 3 8 2 2 5 8 5 6 7 8 0 6 8 0 1 6
2 8 5 10 4 1 6 8 3 3 6 1 2 4 6 0 5 6 7 1
7 7 2 7 4 6 8 10 3 8 3 4 8 1 8 5 0 7 7 5
7 4 9 5 3 8 2 3 4 8 5 6 7 7 0 6 7 0 1 5
8 3 8 4 3 8 3 3 4 8 4 6 7 7 1 7 7 1 0 6
2 8 6 9 3 2 5 7 3 3 6 1 3 4 6 1 5 5 6 0
,
0 73 39 52 36 4 48 28 36 6 56 8 10 28 41 11 41 26 24 16
36 0 62 6 23 35 24 35 22 47 16 25 54 51 21 29 38 14 9 27
46 50 0 65 21 29 68 59 31 22 27 27 34 4 37 33 12 27 55 16
42 6 49 0 43 58 48 33 17 31 15 49 80 41 34 49 54 13 23 25
36 29 37 22 0 37 22 21 5 27 13 23 23 20 18 25 21 12 22 16
5 49 19 30 19 0 46 67 22 17 44 10 7 27 55 9 38 46 47 8
25 27 32 22 24 51 0 11 30 43 35 37 16 22 7 25 46 12 11 39
39 25 33 38 39 52 14 0 20 46 39 35 27 28 7 27 32 17 14 22
19 20 22 44 8 26 25 32 0 33 15 8 17 14 17 21 8 18 21 19
6 62 41 55 21 9 21 36 28 0 53 25 2 39 42 18 51 24 43 21
53 20 24 29 14 40 38 53 10 32 0 24 46 16 36 17 17 17 18 39
12 54 28 62 9 13 16 52 8 25 17 0 16 25 45 2 26 33 20 4
10 51 35 29 30 8 24 58 36 2 24 9 0 28 51 12 28 36 23 8
15 53 3 25 14 13 58 42 18 37 10 25 36 0 22 18 8 32 38 25
21 11 24 35 15 52 13 13 29 24 39 17 41 44 0 26 21 3 6 40
5 43 39 27 13 5 27 56 18 10 17 2 12 22 35 0 28 19 42 2
45 18 8 43 11 27 28 26 18 21 18 31 28 9 54 16 0 18 26 38
39 10 26 36 18 41 13 14 30 55 24 29 23 20 2 25 27 0 6 14
55 19 45 13 9 24 8 9 14 35 21 37 42 44 3 29 20 3 0 24
13 34 19 46 23 16 28 35 15 14 31 7 15 25 26 6 23 26 34 0