4
20
,
0 (47.0, 16.0) 32.0
1 (6.0, 42.0) 20.0
2 (47.0, 48.0) 32.0
3 (2.0, 48.0) 33.0
4 (25.0, 31.0) 23.0
5 (49.0, 20.0) 41.0
6 (13.0, 14.0) 41.0
7 (3.0, 13.0) 24.0
8 (31.0, 34.0) 44.0
9 (45.0, 9.0) 14.0
10 (24.0, 46.0) 34.0
11 (41.0, 26.0) 36.0
12 (42.0, 10.0) 33.0
13 (43.0, 43.0) 12.0
14 (10.0, 23.0) 23.0
15 (42.0, 22.0) 36.0
16 (38.0, 48.0) 24.0
17 (11.0, 25.0) 48.0
18 (10.0, 29.0) 15.0
19 (38.0, 22.0) 11.0
,
0 10 6 11 5 1 7 9 5 1 8 2 2 5 8 2 7 7 8 2
10 0 8 1 4 10 6 6 5 10 4 8 10 7 4 8 7 4 3 8
6 8 0 9 6 6 10 11 4 8 5 5 8 1 9 5 2 9 8 6
11 1 9 0 6 11 7 7 6 12 4 9 11 8 5 10 7 5 4 9
5 4 6 6 0 5 4 6 1 6 3 3 5 4 3 4 4 3 3 3
1 10 6 11 5 0 7 9 5 2 7 2 2 5 8 1 6 8 8 2
7 6 10 7 4 7 0 2 5 6 7 6 6 8 2 6 8 2 3 5
9 6 11 7 6 9 2 0 7 8 8 8 8 10 2 8 10 3 3 7
5 5 4 6 1 5 5 7 0 6 3 3 5 3 5 3 3 4 4 3
1 10 8 12 6 2 6 8 6 0 9 3 1 7 8 3 8 8 8 3
8 4 5 4 3 7 7 8 3 9 0 5 8 4 5 6 3 5 4 6
2 8 5 9 3 2 6 8 3 3 5 0 3 3 6 1 4 6 6 1
2 10 8 11 5 2 6 8 5 1 8 3 0 7 7 2 8 7 7 3
5 7 1 8 4 5 8 10 3 7 4 3 7 0 8 4 1 7 7 4
8 4 9 5 3 8 2 2 5 8 5 6 7 8 0 6 8 0 1 6
2 8 5 10 4 1 6 8 3 3 6 1 2 4 6 0 5 6 7 1
7 7 2 7 4 6 8 10 3 8 3 4 8 1 8 5 0 7 7 5
7 4 9 5 3 8 2 3 4 8 5 6 7 7 0 6 7 0 1 5
8 3 8 4 3 8 3 3 4 8 4 6 7 7 1 7 7 1 0 6
2 8 6 9 3 2 5 7 3 3 6 1 3 4 6 1 5 5 6 0
,
0 69 30 36 30 4 40 49 36 6 34 10 4 40 37 5 32 55 25 6
49 0 62 10 12 41 28 31 23 51 12 52 57 47 13 33 34 16 7 25
33 56 0 53 21 25 42 73 17 57 25 23 37 6 44 36 7 33 28 32
70 8 64 0 33 28 25 50 30 48 31 40 42 53 19 30 44 17 19 43
32 24 33 30 0 24 15 39 8 26 14 20 21 26 12 16 24 20 21 15
6 67 32 64 21 0 22 52 34 17 53 5 10 20 23 4 43 42 48 15
21 23 65 18 21 28 0 8 15 35 30 37 33 42 6 42 41 6 16 21
65 37 65 24 42 24 14 0 51 36 30 25 45 72 12 41 28 9 10 48
23 29 20 37 8 27 22 23 0 28 16 10 25 18 35 18 8 21 30 19
6 37 46 65 43 11 40 25 23 0 57 16 4 38 34 9 41 44 46 11
25 23 29 17 15 49 30 51 8 38 0 33 26 26 38 30 16 21 23 24
13 21 24 47 12 10 23 49 12 24 28 0 16 22 37 4 12 20 26 7
9 28 33 72 29 11 40 50 18 4 54 14 0 29 29 7 30 37 47 12
40 35 4 21 24 25 49 74 18 42 21 9 46 0 50 27 4 22 36 32
40 12 50 29 14 42 7 17 34 44 15 40 51 33 0 37 27 2 8 28
11 24 31 33 18 4 40 24 22 15 37 5 17 26 29 0 30 18 44 4
30 39 12 35 18 20 26 65 15 23 18 28 57 8 32 20 0 24 20 20
19 20 24 26 19 42 10 19 28 51 24 28 48 41 1 29 48 0 3 16
28 16 28 27 8 31 11 16 11 36 27 31 29 34 4 45 25 2 0 40
10 23 14 55 21 12 18 50 14 8 40 6 15 16 23 4 31 38 35 0