4
20
,
0 (47.0, 16.0) 11.0
1 (6.0, 42.0) 15.0
2 (47.0, 48.0) 43.0
3 (2.0, 48.0) 50.0
4 (25.0, 31.0) 32.0
5 (49.0, 20.0) 47.0
6 (13.0, 14.0) 23.0
7 (3.0, 13.0) 17.0
8 (31.0, 34.0) 46.0
9 (45.0, 9.0) 25.0
10 (24.0, 46.0) 48.0
11 (41.0, 26.0) 50.0
12 (42.0, 10.0) 19.0
13 (43.0, 43.0) 49.0
14 (10.0, 23.0) 27.0
15 (42.0, 22.0) 28.0
16 (38.0, 48.0) 38.0
17 (11.0, 25.0) 36.0
18 (10.0, 29.0) 29.0
19 (38.0, 22.0) 10.0
,
0 10 6 11 5 1 7 9 5 1 8 2 2 5 8 2 7 7 8 2
10 0 8 1 4 10 6 6 5 10 4 8 10 7 4 8 7 4 3 8
6 8 0 9 6 6 10 11 4 8 5 5 8 1 9 5 2 9 8 6
11 1 9 0 6 11 7 7 6 12 4 9 11 8 5 10 7 5 4 9
5 4 6 6 0 5 4 6 1 6 3 3 5 4 3 4 4 3 3 3
1 10 6 11 5 0 7 9 5 2 7 2 2 5 8 1 6 8 8 2
7 6 10 7 4 7 0 2 5 6 7 6 6 8 2 6 8 2 3 5
9 6 11 7 6 9 2 0 7 8 8 8 8 10 2 8 10 3 3 7
5 5 4 6 1 5 5 7 0 6 3 3 5 3 5 3 3 4 4 3
1 10 8 12 6 2 6 8 6 0 9 3 1 7 8 3 8 8 8 3
8 4 5 4 3 7 7 8 3 9 0 5 8 4 5 6 3 5 4 6
2 8 5 9 3 2 6 8 3 3 5 0 3 3 6 1 4 6 6 1
2 10 8 11 5 2 6 8 5 1 8 3 0 7 7 2 8 7 7 3
5 7 1 8 4 5 8 10 3 7 4 3 7 0 8 4 1 7 7 4
8 4 9 5 3 8 2 2 5 8 5 6 7 8 0 6 8 0 1 6
2 8 5 10 4 1 6 8 3 3 6 1 2 4 6 0 5 6 7 1
7 7 2 7 4 6 8 10 3 8 3 4 8 1 8 5 0 7 7 5
7 4 9 5 3 8 2 3 4 8 5 6 7 7 0 6 7 0 1 5
8 3 8 4 3 8 3 3 4 8 4 6 7 7 1 7 7 1 0 6
2 8 6 9 3 2 5 7 3 3 6 1 3 4 6 1 5 5 6 0
,
0 40 20 75 36 2 24 66 12 8 55 8 8 32 28 7 39 56 20 13
36 0 35 5 28 72 19 38 26 34 23 23 53 29 26 50 35 26 15 41
42 51 0 40 23 32 46 65 31 38 33 17 42 9 39 19 9 50 37 23
78 7 59 0 18 30 32 48 34 70 16 43 51 28 22 59 22 34 20 46
19 16 26 27 0 17 24 24 6 21 22 9 40 22 25 14 21 18 16 9
5 68 26 52 30 0 27 61 22 14 28 6 17 25 40 4 44 46 38 6
38 20 51 35 25 49 0 12 21 36 41 39 35 37 11 28 60 16 12 26
64 33 81 26 16 53 13 0 24 25 55 53 48 25 17 47 31 20 21 50
18 17 20 37 5 34 37 51 0 26 19 14 33 19 28 13 12 20 29 9
5 71 20 67 21 12 47 31 17 0 50 15 5 21 31 17 54 51 43 19
31 11 31 32 22 46 32 34 15 34 0 35 59 22 27 38 19 22 22 34
9 53 13 57 23 8 27 59 14 14 36 0 20 21 30 3 14 43 36 7
8 60 28 53 22 16 42 45 19 4 40 21 0 49 36 7 38 46 27 12
33 23 8 24 12 26 29 41 10 31 21 25 40 0 56 14 7 43 47 16
29 27 62 24 15 42 14 11 20 23 21 23 34 37 0 36 35 3 8 42
6 24 29 39 25 10 37 56 23 19 34 3 17 21 47 0 39 35 37 4
26 49 6 21 18 43 25 41 9 36 17 22 23 9 49 18 0 39 50 17
20 10 46 36 14 34 9 21 23 20 23 35 22 34 3 45 19 0 4 38
46 10 32 29 20 40 19 15 16 25 31 17 53 36 5 47 38 5 0 20
8 34 33 45 8 8 27 54 14 8 32 7 18 26 40 2 33 29 35 0