4
20
,
0 (47.0, 16.0) 43.0
1 (6.0, 42.0) 31.0
2 (47.0, 48.0) 12.0
3 (2.0, 48.0) 17.0
4 (25.0, 31.0) 14.0
5 (49.0, 20.0) 18.0
6 (13.0, 14.0) 35.0
7 (3.0, 13.0) 39.0
8 (31.0, 34.0) 20.0
9 (45.0, 9.0) 35.0
10 (24.0, 46.0) 13.0
11 (41.0, 26.0) 25.0
12 (42.0, 10.0) 18.0
13 (43.0, 43.0) 35.0
14 (10.0, 23.0) 36.0
15 (42.0, 22.0) 31.0
16 (38.0, 48.0) 11.0
17 (11.0, 25.0) 24.0
18 (10.0, 29.0) 44.0
19 (38.0, 22.0) 21.0
,
0 10 6 11 5 1 7 9 5 1 8 2 2 5 8 2 7 7 8 2
10 0 8 1 4 10 6 6 5 10 4 8 10 7 4 8 7 4 3 8
6 8 0 9 6 6 10 11 4 8 5 5 8 1 9 5 2 9 8 6
11 1 9 0 6 11 7 7 6 12 4 9 11 8 5 10 7 5 4 9
5 4 6 6 0 5 4 6 1 6 3 3 5 4 3 4 4 3 3 3
1 10 6 11 5 0 7 9 5 2 7 2 2 5 8 1 6 8 8 2
7 6 10 7 4 7 0 2 5 6 7 6 6 8 2 6 8 2 3 5
9 6 11 7 6 9 2 0 7 8 8 8 8 10 2 8 10 3 3 7
5 5 4 6 1 5 5 7 0 6 3 3 5 3 5 3 3 4 4 3
1 10 8 12 6 2 6 8 6 0 9 3 1 7 8 3 8 8 8 3
8 4 5 4 3 7 7 8 3 9 0 5 8 4 5 6 3 5 4 6
2 8 5 9 3 2 6 8 3 3 5 0 3 3 6 1 4 6 6 1
2 10 8 11 5 2 6 8 5 1 8 3 0 7 7 2 8 7 7 3
5 7 1 8 4 5 8 10 3 7 4 3 7 0 8 4 1 7 7 4
8 4 9 5 3 8 2 2 5 8 5 6 7 8 0 6 8 0 1 6
2 8 5 10 4 1 6 8 3 3 6 1 2 4 6 0 5 6 7 1
7 7 2 7 4 6 8 10 3 8 3 4 8 1 8 5 0 7 7 5
7 4 9 5 3 8 2 3 4 8 5 6 7 7 0 6 7 0 1 5
8 3 8 4 3 8 3 3 4 8 4 6 7 7 1 7 7 1 0 6
2 8 6 9 3 2 5 7 3 3 6 1 3 4 6 1 5 5 6 0
,
0 51 26 66 32 6 20 26 20 8 53 12 7 20 44 8 28 27 20 12
58 0 32 10 28 35 32 44 26 76 11 57 35 54 14 29 24 11 13 27
31 30 0 60 29 27 41 34 19 42 23 27 45 8 63 32 13 46 28 27
41 6 62 0 25 62 38 24 17 60 22 33 53 55 24 41 48 30 16 49
18 22 34 39 0 18 11 28 10 39 20 13 24 12 16 21 19 16 21 14
7 25 34 82 21 0 23 50 26 8 40 8 11 30 49 10 34 33 47 15
51 36 59 35 20 51 0 5 28 30 38 35 31 35 10 24 34 14 18 18
32 39 62 26 28 66 12 0 26 41 28 26 24 67 13 29 68 20 12 28
30 38 12 27 6 22 40 29 0 36 19 11 19 18 15 10 13 29 31 17
8 51 33 79 42 8 45 57 22 0 57 13 2 28 24 7 39 41 43 14
41 26 13 21 12 39 49 31 16 46 0 36 52 11 29 34 8 19 18 18
7 57 32 63 9 8 26 54 13 20 28 0 18 25 30 4 20 41 41 7
6 50 52 58 26 14 32 29 27 2 38 10 0 18 27 13 54 44 23 18
17 23 5 61 30 31 29 51 13 40 23 13 26 0 35 12 6 39 31 23
56 25 50 25 20 43 5 12 16 22 35 27 36 20 0 45 39 2 6 26
5 36 35 28 13 4 18 24 15 10 39 3 9 13 47 0 36 20 48 6
19 40 13 26 14 40 52 64 16 22 13 16 43 8 37 14 0 51 43 38
24 24 46 23 19 27 12 14 16 36 31 35 31 48 2 27 51 0 5 24
45 16 37 10 14 29 22 10 25 43 33 46 29 20 7 36 24 4 0 25
13 40 32 30 11 10 32 53 16 14 25 5 16 30 15 5 38 25 31 0