4
20
,
0 (47.0, 16.0) 35.0
1 (6.0, 42.0) 10.0
2 (47.0, 48.0) 12.0
3 (2.0, 48.0) 10.0
4 (25.0, 31.0) 33.0
5 (49.0, 20.0) 33.0
6 (13.0, 14.0) 13.0
7 (3.0, 13.0) 25.0
8 (31.0, 34.0) 15.0
9 (45.0, 9.0) 29.0
10 (24.0, 46.0) 45.0
11 (41.0, 26.0) 17.0
12 (42.0, 10.0) 22.0
13 (43.0, 43.0) 16.0
14 (10.0, 23.0) 20.0
15 (42.0, 22.0) 46.0
16 (38.0, 48.0) 12.0
17 (11.0, 25.0) 23.0
18 (10.0, 29.0) 43.0
19 (38.0, 22.0) 27.0
,
0 10 6 11 5 1 7 9 5 1 8 2 2 5 8 2 7 7 8 2
10 0 8 1 4 10 6 6 5 10 4 8 10 7 4 8 7 4 3 8
6 8 0 9 6 6 10 11 4 8 5 5 8 1 9 5 2 9 8 6
11 1 9 0 6 11 7 7 6 12 4 9 11 8 5 10 7 5 4 9
5 4 6 6 0 5 4 6 1 6 3 3 5 4 3 4 4 3 3 3
1 10 6 11 5 0 7 9 5 2 7 2 2 5 8 1 6 8 8 2
7 6 10 7 4 7 0 2 5 6 7 6 6 8 2 6 8 2 3 5
9 6 11 7 6 9 2 0 7 8 8 8 8 10 2 8 10 3 3 7
5 5 4 6 1 5 5 7 0 6 3 3 5 3 5 3 3 4 4 3
1 10 8 12 6 2 6 8 6 0 9 3 1 7 8 3 8 8 8 3
8 4 5 4 3 7 7 8 3 9 0 5 8 4 5 6 3 5 4 6
2 8 5 9 3 2 6 8 3 3 5 0 3 3 6 1 4 6 6 1
2 10 8 11 5 2 6 8 5 1 8 3 0 7 7 2 8 7 7 3
5 7 1 8 4 5 8 10 3 7 4 3 7 0 8 4 1 7 7 4
8 4 9 5 3 8 2 2 5 8 5 6 7 8 0 6 8 0 1 6
2 8 5 10 4 1 6 8 3 3 6 1 2 4 6 0 5 6 7 1
7 7 2 7 4 6 8 10 3 8 3 4 8 1 8 5 0 7 7 5
7 4 9 5 3 8 2 3 4 8 5 6 7 7 0 6 7 0 1 5
8 3 8 4 3 8 3 3 4 8 4 6 7 7 1 7 7 1 0 6
2 8 6 9 3 2 5 7 3 3 6 1 3 4 6 1 5 5 6 0
,
0 48 23 67 24 6 27 54 20 9 40 13 11 24 31 9 28 43 52 8
65 0 40 8 30 56 27 20 27 30 27 57 46 24 11 44 43 13 18 56
47 42 0 41 41 28 64 84 11 58 20 31 46 5 28 21 11 56 23 30
45 8 43 0 27 68 27 32 48 67 17 34 54 61 29 36 30 19 11 43
32 16 41 23 0 31 30 40 4 28 17 22 28 22 20 26 23 12 13 24
3 35 20 51 17 0 41 46 32 15 44 12 9 12 29 9 39 24 46 7
31 17 61 24 29 50 0 9 17 43 45 45 33 29 14 37 41 13 12 26
52 26 37 43 19 33 8 0 52 25 31 25 55 46 14 29 70 15 13 35
17 17 19 29 9 23 23 19 0 38 18 8 16 21 21 9 16 26 12 14
10 56 41 70 32 13 41 42 38 0 58 21 2 47 28 17 33 39 29 20
26 27 24 29 8 18 31 35 13 24 0 37 36 16 32 23 17 36 14 31
10 25 33 43 22 10 40 28 17 25 18 0 15 14 33 2 29 38 22 7
7 58 35 62 22 8 38 20 22 3 34 8 0 18 29 17 45 26 39 8
39 31 4 23 18 17 25 49 21 45 20 12 18 0 49 24 4 25 35 25
30 14 49 17 12 41 13 17 28 33 24 39 28 47 0 26 51 2 6 20
5 47 29 35 25 7 32 59 20 9 19 2 11 21 43 0 36 22 48 4
41 24 6 20 28 39 41 28 12 58 10 28 56 9 20 20 0 21 46 32
27 10 33 14 12 20 8 8 31 44 13 21 29 29 3 43 46 0 5 15
30 8 31 14 20 26 11 16 24 55 25 35 42 46 7 20 40 4 0 27
12 33 30 47 21 8 20 50 19 19 41 7 18 22 39 3 15 37 19 0