4
20
,
0 (47.0, 16.0) 12.0
1 (6.0, 42.0) 11.0
2 (47.0, 48.0) 12.0
3 (2.0, 48.0) 10.0
4 (25.0, 31.0) 35.0
5 (49.0, 20.0) 21.0
6 (13.0, 14.0) 19.0
7 (3.0, 13.0) 41.0
8 (31.0, 34.0) 11.0
9 (45.0, 9.0) 21.0
10 (24.0, 46.0) 23.0
11 (41.0, 26.0) 42.0
12 (42.0, 10.0) 13.0
13 (43.0, 43.0) 15.0
14 (10.0, 23.0) 20.0
15 (42.0, 22.0) 14.0
16 (38.0, 48.0) 12.0
17 (11.0, 25.0) 17.0
18 (10.0, 29.0) 35.0
19 (38.0, 22.0) 21.0
,
0 10 6 11 5 1 7 9 5 1 8 2 2 5 8 2 7 7 8 2
10 0 8 1 4 10 6 6 5 10 4 8 10 7 4 8 7 4 3 8
6 8 0 9 6 6 10 11 4 8 5 5 8 1 9 5 2 9 8 6
11 1 9 0 6 11 7 7 6 12 4 9 11 8 5 10 7 5 4 9
5 4 6 6 0 5 4 6 1 6 3 3 5 4 3 4 4 3 3 3
1 10 6 11 5 0 7 9 5 2 7 2 2 5 8 1 6 8 8 2
7 6 10 7 4 7 0 2 5 6 7 6 6 8 2 6 8 2 3 5
9 6 11 7 6 9 2 0 7 8 8 8 8 10 2 8 10 3 3 7
5 5 4 6 1 5 5 7 0 6 3 3 5 3 5 3 3 4 4 3
1 10 8 12 6 2 6 8 6 0 9 3 1 7 8 3 8 8 8 3
8 4 5 4 3 7 7 8 3 9 0 5 8 4 5 6 3 5 4 6
2 8 5 9 3 2 6 8 3 3 5 0 3 3 6 1 4 6 6 1
2 10 8 11 5 2 6 8 5 1 8 3 0 7 7 2 8 7 7 3
5 7 1 8 4 5 8 10 3 7 4 3 7 0 8 4 1 7 7 4
8 4 9 5 3 8 2 2 5 8 5 6 7 8 0 6 8 0 1 6
2 8 5 10 4 1 6 8 3 3 6 1 2 4 6 0 5 6 7 1
7 7 2 7 4 6 8 10 3 8 3 4 8 1 8 5 0 7 7 5
7 4 9 5 3 8 2 3 4 8 5 6 7 7 0 6 7 0 1 5
8 3 8 4 3 8 3 3 4 8 4 6 7 7 1 7 7 1 0 6
2 8 6 9 3 2 5 7 3 3 6 1 3 4 6 1 5 5 6 0
,
0 46 31 64 22 5 46 40 33 5 52 16 5 27 51 7 20 33 36 15
46 0 49 6 25 67 36 42 30 66 12 56 38 31 24 30 19 17 11 46
17 38 0 50 19 19 59 80 22 45 18 27 37 4 38 18 12 31 21 24
73 4 24 0 37 31 30 22 36 46 30 55 42 52 29 47 40 27 20 66
33 19 21 33 0 31 26 22 10 29 9 17 32 16 25 18 23 22 14 17
7 55 36 71 17 0 21 29 17 10 27 14 14 32 50 7 40 44 34 8
40 27 54 38 14 42 0 6 24 21 50 21 36 27 10 36 43 13 22 34
49 28 84 26 17 25 5 0 26 56 51 53 44 30 8 37 40 12 22 46
26 35 27 25 7 14 30 43 0 26 15 19 20 8 25 18 12 31 15 17
10 63 58 75 31 8 45 36 30 0 40 22 2 42 47 20 40 42 53 14
34 18 17 21 13 41 35 56 10 51 0 17 53 29 16 32 15 23 25 14
9 33 18 65 20 9 39 54 13 22 22 0 19 20 44 5 29 15 45 5
10 72 39 66 33 7 19 56 30 3 43 10 0 17 42 10 52 22 29 12
23 19 4 57 23 18 33 33 12 27 27 9 24 0 24 17 5 37 37 25
33 27 58 26 17 21 8 13 21 26 14 26 39 41 0 36 23 3 6 29
10 29 36 41 20 10 30 37 16 17 35 4 11 15 22 0 34 42 30 5
18 45 7 45 23 31 40 65 18 55 13 32 56 8 55 35 0 19 38 18
37 24 31 31 20 55 15 12 29 23 34 36 18 51 2 27 45 0 6 34
30 20 24 17 8 23 15 20 18 46 12 43 24 39 7 42 44 3 0 42
6 53 31 30 19 11 37 35 11 14 29 6 8 28 30 5 37 25 35 0