7
40
,
0 (42.0, 28.0) 75.0
1 (17.0, 33.0) 34.0
2 (19.0, 15.0) 34.0
3 (32.0, 44.0) 33.0
4 (27.0, 16.0) 75.0
5 (38.0, 4.0) 70.0
6 (8.0, 29.0) 72.0
7 (46.0, 33.0) 50.0
8 (5.0, 20.0) 66.0
9 (43.0, 40.0) 32.0
10 (5.0, 16.0) 57.0
11 (6.0, 45.0) 47.0
12 (31.0, 45.0) 81.0
13 (37.0, 45.0) 31.0
14 (45.0, 6.0) 46.0
15 (42.0, 42.0) 64.0
16 (21.0, 18.0) 44.0
17 (29.0, 21.0) 75.0
18 (24.0, 9.0) 46.0
19 (24.0, 43.0) 65.0
20 (7.0, 49.0) 60.0
21 (34.0, 30.0) 76.0
22 (35.0, 19.0) 65.0
23 (50.0, 19.0) 74.0
24 (0.0, 19.0) 83.0
25 (22.0, 37.0) 72.0
26 (23.0, 7.0) 35.0
27 (43.0, 15.0) 40.0
28 (42.0, 8.0) 84.0
29 (15.0, 17.0) 35.0
30 (43.0, 13.0) 46.0
31 (27.0, 27.0) 78.0
32 (21.0, 7.0) 64.0
33 (0.0, 47.0) 70.0
34 (18.0, 38.0) 40.0
35 (37.0, 40.0) 88.0
36 (22.0, 4.0) 45.0
37 (36.0, 25.0) 81.0
38 (21.0, 45.0) 33.0
39 (24.0, 19.0) 69.0
,
0 25 19 12 27 16 19 15 28 10 29 8 23 27 29 23 30 14 18 13 25 25 23 20 27 10 22 12 23 21 11 22 19 11 24 21 27 11 22 25 15 0
25 0 13 13 9 10 12 17 3 19 6 19 20 10 9 11 7 12 7 13 12 20 4 6 6 21 11 14 7 10 15 8 8 15 23 13 6 16 3 14 10 25
19 13 0 9 9 10 18 5 14 9 13 10 8 9 12 19 13 8 8 12 6 9 9 11 18 11 3 13 16 18 8 16 6 13 11 3 11 15 10 6 8 19
12 13 9 0 16 4 11 9 16 7 17 7 16 16 17 14 18 2 6 4 14 18 11 8 16 10 11 4 12 12 2 12 7 4 19 12 15 6 10 15 3 12
27 9 9 16 0 14 20 14 9 18 6 19 13 1 3 20 5 14 12 18 4 13 7 13 15 20 6 19 16 19 16 16 9 19 16 8 3 21 10 6 13 27
16 10 10 4 14 0 8 12 13 11 14 11 18 15 15 10 15 3 3 4 14 19 8 4 12 14 11 5 8 8 6 8 6 5 21 12 13 6 6 15 2 16
19 12 18 11 20 8 0 20 15 18 18 18 26 21 21 4 19 11 10 7 21 27 13 8 10 20 18 8 6 3 13 5 13 9 29 20 18 8 11 22 10 19
15 17 5 9 14 12 20 0 19 5 18 7 8 14 17 22 18 9 11 13 11 10 13 14 22 6 8 13 19 20 7 19 10 13 10 7 16 14 14 10 9 15
28 3 14 16 9 13 15 19 0 22 4 22 21 10 8 14 5 15 10 16 12 21 6 9 7 24 12 17 9 13 17 10 10 18 24 14 6 19 6 14 13 28
10 19 9 7 18 11 18 5 22 0 21 2 13 18 20 21 22 8 12 11 15 15 15 15 23 3 12 11 19 19 5 19 12 10 14 11 19 12 16 15 10 10
29 6 13 17 6 14 18 18 4 21 0 22 19 6 4 17 1 16 12 18 10 19 7 11 11 24 11 19 12 16 18 14 10 20 22 13 3 21 8 11 14 29
8 19 10 7 19 11 18 7 22 2 22 0 15 19 22 21 23 8 12 10 17 17 16 15 23 3 14 10 19 19 5 19 12 9 16 13 20 10 16 17 10 8
23 20 8 16 13 18 26 8 21 13 19 15 0 12 16 28 18 15 17 20 9 2 16 19 26 13 9 21 24 26 15 24 14 20 3 7 16 22 18 8 16 23
27 10 9 16 1 15 21 14 10 18 6 19 12 0 3 21 6 14 12 18 4 12 8 13 16 20 6 19 16 19 16 17 9 20 16 7 4 21 10 5 13 27
29 9 12 17 3 15 21 17 8 20 4 22 16 3 0 20 3 16 13 19 7 15 8 13 15 23 8 20 15 19 18 16 10 21 19 10 2 22 10 8 15 29
23 11 19 14 20 10 4 22 14 21 17 21 28 21 20 0 18 13 11 11 21 29 13 8 7 23 19 11 5 2 16 4 14 12 30 21 17 12 11 23 12 23
30 7 13 18 5 15 19 18 5 22 1 23 18 6 3 18 0 16 12 19 9 18 7 12 12 24 10 20 14 17 18 15 11 20 21 12 3 21 9 11 15 30
14 12 8 2 14 3 11 9 15 8 16 8 15 14 16 13 16 0 4 5 13 17 9 7 15 11 10 6 11 12 3 11 5 6 18 10 14 7 8 14 2 14
18 7 8 6 12 3 10 11 10 12 12 12 17 12 13 11 12 4 0 6 11 18 5 3 11 15 9 8 8 9 7 8 3 8 19 10 10 9 4 13 3 18
13 13 12 4 18 4 7 13 16 11 18 10 20 18 19 11 19 5 6 0 17 22 12 7 14 13 14 1 10 9 6 10 9 2 22 15 17 3 10 18 5 13
25 12 6 14 4 14 21 11 12 15 10 17 9 4 7 21 9 13 11 17 0 9 8 13 18 17 3 18 17 20 14 18 8 18 12 4 7 20 11 2 12 25
25 20 9 18 13 19 27 10 21 15 19 17 2 12 15 29 18 17 18 22 9 0 17 21 26 15 10 22 25 27 16 25 15 22 4 8 16 24 19 7 17 25
23 4 9 11 7 8 13 13 6 15 7 16 16 8 8 13 7 9 5 12 8 17 0 6 10 18 7 13 9 12 12 10 4 13 19 9 5 14 3 10 7 23
20 6 11 8 13 4 8 14 9 15 11 15 19 13 13 8 12 7 3 7 13 21 6 0 8 18 11 8 4 7 10 5 6 9 22 13 11 10 3 15 6 20
27 6 18 16 15 12 10 22 7 23 11 23 26 16 15 7 12 15 11 14 18 26 10 8 0 25 17 15 4 7 18 5 12 16 29 19 12 16 8 19 13 27
10 21 11 10 20 14 20 6 24 3 24 3 13 20 23 23 24 11 15 13 17 15 18 18 25 0 14 13 22 22 8 22 14 12 14 13 21 13 18 17 12 10
22 11 3 11 6 11 18 8 12 12 11 14 9 6 8 19 10 10 9 14 3 10 7 11 17 14 0 15 15 18 11 16 6 15 12 2 8 16 9 4 9 22
12 14 13 4 19 5 8 13 17 11 19 10 21 19 20 11 20 6 8 1 18 22 13 8 15 13 15 0 11 10 6 10 10 1 23 16 18 2 11 19 6 12
23 7 16 12 16 8 6 19 9 19 12 19 24 16 15 5 14 11 8 10 17 25 9 4 4 22 15 11 0 4 14 1 10 12 27 17 13 12 6 19 10 23
21 10 18 12 19 8 3 20 13 19 16 19 26 19 19 2 17 12 9 9 20 27 12 7 7 22 18 10 4 0 14 3 12 11 29 19 16 10 9 21 11 21
11 15 8 2 16 6 13 7 17 5 18 5 15 16 18 16 18 3 7 6 14 16 12 10 18 8 11 6 14 14 0 14 8 6 17 11 16 7 11 14 5 11
22 8 16 12 16 8 5 19 10 19 14 19 24 17 16 4 15 11 8 10 18 25 10 5 5 22 16 10 1 3 14 0 11 11 27 18 14 11 7 19 10 22
19 8 6 7 9 6 13 10 10 12 10 12 14 9 10 14 11 5 3 9 8 15 4 6 12 14 6 10 10 12 8 11 0 10 17 7 8 12 5 9 4 19
11 15 13 4 19 5 9 13 18 10 20 9 20 20 21 12 20 6 8 2 18 22 13 9 16 12 15 1 12 11 6 11 10 0 23 16 18 2 12 19 6 11
24 23 11 19 16 21 29 10 24 14 22 16 3 16 19 30 21 18 19 22 12 4 19 22 29 14 12 23 27 29 17 27 17 23 0 10 19 24 21 11 18 24
21 13 3 12 8 12 20 7 14 11 13 13 7 7 10 21 12 10 10 15 4 8 9 13 19 13 2 16 17 19 11 18 7 16 10 0 10 17 11 4 10 21
27 6 11 15 3 13 18 16 6 19 3 20 16 4 2 17 3 14 10 17 7 16 5 11 12 21 8 18 13 16 16 14 8 18 19 10 0 20 8 8 12 27
11 16 15 6 21 6 8 14 19 12 21 10 22 21 22 12 21 7 9 3 20 24 14 10 16 13 16 2 12 10 7 11 12 2 24 17 20 0 13 21 8 11
22 3 10 10 10 6 11 14 6 16 8 16 18 10 10 11 9 8 4 10 11 19 3 3 8 18 9 11 6 9 11 7 5 12 21 11 8 13 0 12 7 22
25 14 6 15 6 15 22 10 14 15 11 17 8 5 8 23 11 14 13 18 2 7 10 15 19 17 4 19 19 21 14 19 9 19 11 4 8 21 12 0 13 25
15 10 8 3 13 2 10 9 13 10 14 10 16 13 15 12 15 2 3 5 12 17 7 6 13 12 9 6 10 11 5 10 4 6 18 10 12 8 7 13 0 15
0 25 19 12 27 16 19 15 28 10 29 8 23 27 29 23 30 14 18 13 25 25 23 20 27 10 22 12 23 21 11 22 19 11 24 21 27 11 22 25 15 0
,
0 48 19 16 45 18 27 41 58 21 86 21 32 50 59 55 78 24 30 36 67 60 67 32 34 18 23 17 61 35 26 65 51 25 43 60 81 19 58 44 35 0
58 0 23 20 27 26 17 22 7 51 16 39 50 24 24 29 15 19 21 18 16 55 12 7 9 56 15 17 18 22 27 13 12 20 60 25 14 36 6 39 23 57
22 21 0 27 22 15 37 12 21 14 39 13 13 15 18 26 31 19 14 32 16 24 26 29 23 17 7 39 30 25 16 36 15 17 15 6 14 43 27 7 14 51
23 16 21 0 41 9 12 12 39 9 52 15 42 24 42 27 39 2 9 5 29 52 25 22 30 11 29 9 19 19 4 24 9 7 27 17 28 10 26 19 8 35
42 24 21 23 0 18 33 23 13 48 14 49 25 1 6 39 10 22 16 19 10 16 8 18 25 58 6 48 46 23 40 22 15 34 35 10 5 46 23 14 20 77
20 17 26 6 21 0 24 18 16 13 42 28 18 38 34 25 36 3 6 6 32 56 9 10 28 31 12 8 16 21 14 21 12 6 52 27 14 18 16 32 4 19
49 35 45 21 32 22 0 56 17 44 24 52 49 22 60 8 55 19 25 18 39 80 20 22 21 46 33 15 11 6 29 6 36 24 85 40 32 15 28 63 11 52
24 30 10 17 35 33 56 0 40 12 19 15 14 35 19 53 29 18 34 27 14 28 34 22 63 19 13 26 21 31 8 45 22 32 11 8 35 28 22 25 26 16
55 8 24 36 22 34 35 27 0 56 10 42 42 20 12 27 8 21 16 36 29 23 10 20 21 57 18 33 21 25 45 23 11 41 55 31 10 54 17 35 28 64
12 35 24 19 50 12 23 14 52 0 34 4 36 21 35 30 38 10 22 25 26 24 18 16 58 3 35 15 40 53 10 29 15 17 30 20 39 26 26 38 22 28
50 12 31 52 16 22 22 27 7 52 0 52 22 10 11 26 1 19 19 34 28 50 10 22 19 54 21 25 32 46 50 36 19 20 42 13 4 47 15 28 18 51
15 51 26 18 30 27 48 11 34 5 67 0 40 23 35 33 51 11 31 23 22 33 31 29 30 4 18 20 22 31 13 57 18 19 17 21 52 28 16 29 24 17
50 49 9 22 13 22 69 15 25 19 22 30 0 36 27 76 48 32 26 43 14 3 29 21 66 30 12 33 63 65 31 60 29 25 9 17 22 28 31 19 46 68
61 24 18 48 1 43 23 17 13 29 14 49 25 0 8 55 7 25 31 31 5 14 9 36 32 44 8 39 17 48 37 33 19 23 19 13 11 58 16 13 31 32
37 14 29 48 6 40 25 17 19 34 6 31 18 5 0 54 4 46 30 40 18 43 22 27 20 63 12 53 26 46 35 22 25 37 48 19 6 38 30 15 38 86
34 17 25 27 20 21 6 33 14 40 46 31 73 56 54 0 22 23 27 18 38 29 31 13 20 40 30 18 12 5 27 8 15 28 61 27 33 16 13 33 14 56
84 9 32 42 14 31 52 37 9 37 2 52 36 7 7 46 0 18 18 40 12 41 12 26 13 48 13 39 16 46 23 36 17 36 63 24 5 59 21 17 27 39
15 21 18 4 19 8 15 24 43 13 39 9 18 23 45 38 30 0 9 8 36 32 15 12 41 28 27 6 25 19 6 28 16 15 53 19 17 13 16 27 3 35
43 12 18 16 16 6 26 18 24 19 17 28 33 33 37 13 25 6 0 14 18 33 7 4 26 37 10 16 16 23 14 9 4 12 26 17 16 18 6 37 8 36
15 28 17 6 27 9 8 16 34 31 19 26 25 25 55 30 29 8 10 0 29 30 28 12 20 25 16 3 29 21 11 29 13 3 44 39 37 4 21 53 13 14
65 23 11 31 5 27 62 30 20 35 28 18 14 8 9 27 15 35 17 37 0 25 13 19 40 31 6 44 30 21 21 23 12 54 32 10 11 29 18 4 12 28
42 53 19 47 37 21 27 23 28 23 24 43 5 32 23 83 20 42 53 27 14 0 18 31 41 28 15 46 41 70 37 73 39 66 7 12 46 60 35 11 48 35
37 6 18 20 13 18 33 17 17 17 18 23 37 22 13 27 21 22 7 27 19 44 0 13 17 41 19 18 25 29 17 23 11 24 48 20 10 28 4 17 9 37
43 14 26 19 15 12 18 37 25 16 22 27 40 35 36 19 32 21 5 16 31 23 9 0 13 21 32 20 13 8 10 6 15 12 46 13 27 19 7 22 15 58
54 17 41 45 18 33 25 59 22 65 20 34 46 44 25 9 16 21 18 41 25 74 29 12 0 71 23 15 11 11 42 8 14 31 41 28 20 22 8 33 35 48
20 37 26 11 46 22 24 12 26 5 42 6 33 21 66 29 37 25 23 16 23 30 29 47 37 0 22 13 64 52 11 43 39 31 30 21 46 15 23 43 28 26
39 31 9 18 16 13 37 20 14 35 25 30 19 7 23 46 17 19 10 35 4 16 17 13 36 36 0 36 43 49 15 32 17 36 18 3 10 33 19 11 26 28
26 28 37 9 37 6 9 24 19 26 57 19 36 51 49 18 52 15 12 3 26 59 34 11 44 23 35 0 27 21 12 23 30 3 69 25 25 3 15 35 11 27
55 15 32 17 41 8 7 27 17 55 16 46 40 41 43 6 22 33 22 28 45 26 21 13 6 29 28 18 0 5 31 2 11 17 44 47 33 26 11 54 21 33
51 23 46 16 37 14 7 30 33 30 44 20 64 57 32 5 40 14 25 16 33 33 35 16 15 64 34 19 6 0 19 4 31 30 37 57 27 13 12 48 12 51
32 27 10 2 34 7 39 17 36 6 42 11 28 29 18 37 21 5 19 17 36 43 23 24 34 21 19 18 20 27 0 20 22 7 37 20 43 12 12 20 12 25
46 19 45 13 42 23 8 53 29 53 33 33 25 45 43 9 40 26 8 28 52 49 22 10 13 53 41 21 2 6 20 0 27 19 65 24 27 13 13 23 27 64
24 12 6 11 14 10 32 28 26 14 28 37 29 23 28 16 30 15 8 15 22 35 4 16 31 23 14 19 13 22 14 23 0 20 21 10 16 32 12 27 9 20
12 23 33 10 27 5 20 35 34 19 25 25 37 46 55 19 40 16 19 2 34 27 22 17 28 35 29 1 26 21 7 14 14 0 35 39 49 4 14 42 15 19
61 58 32 53 44 33 61 17 41 22 22 24 4 46 43 87 49 49 25 63 21 4 24 57 53 28 18 61 57 66 45 73 20 59 0 16 51 69 41 21 40 59
30 37 4 26 21 29 54 10 39 27 18 35 20 21 14 61 12 27 16 32 9 9 16 23 44 18 2 32 18 25 19 52 11 25 24 0 16 50 29 6 21 40
80 8 16 19 7 18 19 21 9 52 6 22 40 8 5 37 4 32 11 19 20 16 8 27 32 32 23 51 24 35 24 36 16 35 42 19 0 39 13 15 27 59
15 39 16 14 21 8 23 38 40 34 49 20 29 29 45 30 54 8 25 5 52 61 36 10 47 35 23 4 14 17 13 31 23 4 54 35 49 0 28 31 15 21
41 10 13 26 12 8 23 27 10 46 15 37 22 22 25 22 9 21 6 23 23 43 6 8 11 37 14 18 17 27 31 15 7 22 34 17 8 25 0 33 13 49
73 36 19 18 7 22 61 29 36 38 32 19 11 13 17 45 18 22 37 32 3 13 17 33 20 18 11 45 40 35 18 20 26 30 30 6 15 55 35 0 34 38
32 10 17 8 15 6 12 12 27 13 24 17 30 16 31 22 26 3 8 6 23 29 19 6 31 19 12 10 22 13 5 28 8 12 47 19 29 15 9 20 0 17
0 28 33 28 55 29 49 15 69 10 66 24 50 33 78 48 85 18 38 13 48 56 39 54 33 26 58 34 58 47 13 23 20 27 46 23 50 17 43 50 30 0