7
40
,
0 (42.0, 28.0) 33.0
1 (17.0, 33.0) 62.0
2 (19.0, 15.0) 34.0
3 (32.0, 44.0) 83.0
4 (27.0, 16.0) 30.0
5 (38.0, 4.0) 66.0
6 (8.0, 29.0) 49.0
7 (46.0, 33.0) 36.0
8 (5.0, 20.0) 42.0
9 (43.0, 40.0) 39.0
10 (5.0, 16.0) 66.0
11 (6.0, 45.0) 60.0
12 (31.0, 45.0) 88.0
13 (37.0, 45.0) 49.0
14 (45.0, 6.0) 44.0
15 (42.0, 42.0) 31.0
16 (21.0, 18.0) 37.0
17 (29.0, 21.0) 88.0
18 (24.0, 9.0) 62.0
19 (24.0, 43.0) 67.0
20 (7.0, 49.0) 59.0
21 (34.0, 30.0) 63.0
22 (35.0, 19.0) 43.0
23 (50.0, 19.0) 53.0
24 (0.0, 19.0) 88.0
25 (22.0, 37.0) 88.0
26 (23.0, 7.0) 32.0
27 (43.0, 15.0) 41.0
28 (42.0, 8.0) 57.0
29 (15.0, 17.0) 46.0
30 (43.0, 13.0) 34.0
31 (27.0, 27.0) 47.0
32 (21.0, 7.0) 40.0
33 (0.0, 47.0) 47.0
34 (18.0, 38.0) 47.0
35 (37.0, 40.0) 56.0
36 (22.0, 4.0) 47.0
37 (36.0, 25.0) 51.0
38 (21.0, 45.0) 37.0
39 (24.0, 19.0) 87.0
,
0 25 19 12 27 16 19 15 28 10 29 8 23 27 29 23 30 14 18 13 25 25 23 20 27 10 22 12 23 21 11 22 19 11 24 21 27 11 22 25 15 0
25 0 13 13 9 10 12 17 3 19 6 19 20 10 9 11 7 12 7 13 12 20 4 6 6 21 11 14 7 10 15 8 8 15 23 13 6 16 3 14 10 25
19 13 0 9 9 10 18 5 14 9 13 10 8 9 12 19 13 8 8 12 6 9 9 11 18 11 3 13 16 18 8 16 6 13 11 3 11 15 10 6 8 19
12 13 9 0 16 4 11 9 16 7 17 7 16 16 17 14 18 2 6 4 14 18 11 8 16 10 11 4 12 12 2 12 7 4 19 12 15 6 10 15 3 12
27 9 9 16 0 14 20 14 9 18 6 19 13 1 3 20 5 14 12 18 4 13 7 13 15 20 6 19 16 19 16 16 9 19 16 8 3 21 10 6 13 27
16 10 10 4 14 0 8 12 13 11 14 11 18 15 15 10 15 3 3 4 14 19 8 4 12 14 11 5 8 8 6 8 6 5 21 12 13 6 6 15 2 16
19 12 18 11 20 8 0 20 15 18 18 18 26 21 21 4 19 11 10 7 21 27 13 8 10 20 18 8 6 3 13 5 13 9 29 20 18 8 11 22 10 19
15 17 5 9 14 12 20 0 19 5 18 7 8 14 17 22 18 9 11 13 11 10 13 14 22 6 8 13 19 20 7 19 10 13 10 7 16 14 14 10 9 15
28 3 14 16 9 13 15 19 0 22 4 22 21 10 8 14 5 15 10 16 12 21 6 9 7 24 12 17 9 13 17 10 10 18 24 14 6 19 6 14 13 28
10 19 9 7 18 11 18 5 22 0 21 2 13 18 20 21 22 8 12 11 15 15 15 15 23 3 12 11 19 19 5 19 12 10 14 11 19 12 16 15 10 10
29 6 13 17 6 14 18 18 4 21 0 22 19 6 4 17 1 16 12 18 10 19 7 11 11 24 11 19 12 16 18 14 10 20 22 13 3 21 8 11 14 29
8 19 10 7 19 11 18 7 22 2 22 0 15 19 22 21 23 8 12 10 17 17 16 15 23 3 14 10 19 19 5 19 12 9 16 13 20 10 16 17 10 8
23 20 8 16 13 18 26 8 21 13 19 15 0 12 16 28 18 15 17 20 9 2 16 19 26 13 9 21 24 26 15 24 14 20 3 7 16 22 18 8 16 23
27 10 9 16 1 15 21 14 10 18 6 19 12 0 3 21 6 14 12 18 4 12 8 13 16 20 6 19 16 19 16 17 9 20 16 7 4 21 10 5 13 27
29 9 12 17 3 15 21 17 8 20 4 22 16 3 0 20 3 16 13 19 7 15 8 13 15 23 8 20 15 19 18 16 10 21 19 10 2 22 10 8 15 29
23 11 19 14 20 10 4 22 14 21 17 21 28 21 20 0 18 13 11 11 21 29 13 8 7 23 19 11 5 2 16 4 14 12 30 21 17 12 11 23 12 23
30 7 13 18 5 15 19 18 5 22 1 23 18 6 3 18 0 16 12 19 9 18 7 12 12 24 10 20 14 17 18 15 11 20 21 12 3 21 9 11 15 30
14 12 8 2 14 3 11 9 15 8 16 8 15 14 16 13 16 0 4 5 13 17 9 7 15 11 10 6 11 12 3 11 5 6 18 10 14 7 8 14 2 14
18 7 8 6 12 3 10 11 10 12 12 12 17 12 13 11 12 4 0 6 11 18 5 3 11 15 9 8 8 9 7 8 3 8 19 10 10 9 4 13 3 18
13 13 12 4 18 4 7 13 16 11 18 10 20 18 19 11 19 5 6 0 17 22 12 7 14 13 14 1 10 9 6 10 9 2 22 15 17 3 10 18 5 13
25 12 6 14 4 14 21 11 12 15 10 17 9 4 7 21 9 13 11 17 0 9 8 13 18 17 3 18 17 20 14 18 8 18 12 4 7 20 11 2 12 25
25 20 9 18 13 19 27 10 21 15 19 17 2 12 15 29 18 17 18 22 9 0 17 21 26 15 10 22 25 27 16 25 15 22 4 8 16 24 19 7 17 25
23 4 9 11 7 8 13 13 6 15 7 16 16 8 8 13 7 9 5 12 8 17 0 6 10 18 7 13 9 12 12 10 4 13 19 9 5 14 3 10 7 23
20 6 11 8 13 4 8 14 9 15 11 15 19 13 13 8 12 7 3 7 13 21 6 0 8 18 11 8 4 7 10 5 6 9 22 13 11 10 3 15 6 20
27 6 18 16 15 12 10 22 7 23 11 23 26 16 15 7 12 15 11 14 18 26 10 8 0 25 17 15 4 7 18 5 12 16 29 19 12 16 8 19 13 27
10 21 11 10 20 14 20 6 24 3 24 3 13 20 23 23 24 11 15 13 17 15 18 18 25 0 14 13 22 22 8 22 14 12 14 13 21 13 18 17 12 10
22 11 3 11 6 11 18 8 12 12 11 14 9 6 8 19 10 10 9 14 3 10 7 11 17 14 0 15 15 18 11 16 6 15 12 2 8 16 9 4 9 22
12 14 13 4 19 5 8 13 17 11 19 10 21 19 20 11 20 6 8 1 18 22 13 8 15 13 15 0 11 10 6 10 10 1 23 16 18 2 11 19 6 12
23 7 16 12 16 8 6 19 9 19 12 19 24 16 15 5 14 11 8 10 17 25 9 4 4 22 15 11 0 4 14 1 10 12 27 17 13 12 6 19 10 23
21 10 18 12 19 8 3 20 13 19 16 19 26 19 19 2 17 12 9 9 20 27 12 7 7 22 18 10 4 0 14 3 12 11 29 19 16 10 9 21 11 21
11 15 8 2 16 6 13 7 17 5 18 5 15 16 18 16 18 3 7 6 14 16 12 10 18 8 11 6 14 14 0 14 8 6 17 11 16 7 11 14 5 11
22 8 16 12 16 8 5 19 10 19 14 19 24 17 16 4 15 11 8 10 18 25 10 5 5 22 16 10 1 3 14 0 11 11 27 18 14 11 7 19 10 22
19 8 6 7 9 6 13 10 10 12 10 12 14 9 10 14 11 5 3 9 8 15 4 6 12 14 6 10 10 12 8 11 0 10 17 7 8 12 5 9 4 19
11 15 13 4 19 5 9 13 18 10 20 9 20 20 21 12 20 6 8 2 18 22 13 9 16 12 15 1 12 11 6 11 10 0 23 16 18 2 12 19 6 11
24 23 11 19 16 21 29 10 24 14 22 16 3 16 19 30 21 18 19 22 12 4 19 22 29 14 12 23 27 29 17 27 17 23 0 10 19 24 21 11 18 24
21 13 3 12 8 12 20 7 14 11 13 13 7 7 10 21 12 10 10 15 4 8 9 13 19 13 2 16 17 19 11 18 7 16 10 0 10 17 11 4 10 21
27 6 11 15 3 13 18 16 6 19 3 20 16 4 2 17 3 14 10 17 7 16 5 11 12 21 8 18 13 16 16 14 8 18 19 10 0 20 8 8 12 27
11 16 15 6 21 6 8 14 19 12 21 10 22 21 22 12 21 7 9 3 20 24 14 10 16 13 16 2 12 10 7 11 12 2 24 17 20 0 13 21 8 11
22 3 10 10 10 6 11 14 6 16 8 16 18 10 10 11 9 8 4 10 11 19 3 3 8 18 9 11 6 9 11 7 5 12 21 11 8 13 0 12 7 22
25 14 6 15 6 15 22 10 14 15 11 17 8 5 8 23 11 14 13 18 2 7 10 15 19 17 4 19 19 21 14 19 9 19 11 4 8 21 12 0 13 25
15 10 8 3 13 2 10 9 13 10 14 10 16 13 15 12 15 2 3 5 12 17 7 6 13 12 9 6 10 11 5 10 4 6 18 10 12 8 7 13 0 15
0 25 19 12 27 16 19 15 28 10 29 8 23 27 29 23 30 14 18 13 25 25 23 20 27 10 22 12 23 21 11 22 19 11 24 21 27 11 22 25 15 0
,
0 42 28 36 36 43 41 44 75 22 70 15 23 38 33 34 59 22 38 14 38 49 33 47 27 15 55 17 37 60 26 42 22 25 58 23 61 19 56 50 28 0
40 0 23 20 21 10 32 20 9 47 15 53 52 28 21 21 20 27 12 34 23 41 10 9 9 57 17 28 13 22 38 22 16 16 56 36 13 31 8 14 22 57
31 31 0 25 12 26 40 12 31 21 20 24 21 18 29 57 36 11 22 27 11 12 10 13 26 18 5 24 39 50 11 21 13 15 31 5 25 27 11 15 18 25
32 19 17 0 19 10 16 10 44 14 19 9 39 31 19 38 48 5 6 5 38 24 31 17 35 28 22 10 28 13 3 21 12 5 26 21 27 15 21 45 4 24
38 11 25 21 0 29 23 32 27 43 8 36 25 2 5 25 6 15 28 47 5 32 20 31 33 49 13 54 35 39 46 31 18 47 24 12 5 36 12 13 14 42
26 23 20 10 26 0 23 24 18 32 39 25 28 36 29 30 39 9 3 6 22 53 8 7 15 38 20 5 12 12 11 10 14 15 21 32 18 9 19 24 3 31
41 29 26 27 49 14 0 21 20 42 21 53 35 31 46 9 33 17 16 9 58 28 39 21 13 22 51 20 10 4 35 11 23 23 75 50 19 15 30 31 11 24
19 48 8 12 28 20 30 0 33 8 27 17 10 36 21 38 36 18 31 16 26 14 18 42 45 11 14 32 21 26 16 37 28 33 26 19 26 20 27 27 17 20
48 3 40 22 25 15 29 49 0 47 4 50 25 15 22 38 12 27 17 31 26 32 16 17 18 43 16 49 9 38 41 11 14 39 25 33 12 36 11 34 22 70
29 37 15 18 21 25 49 10 62 0 45 4 30 21 38 43 39 18 25 33 44 35 39 31 45 5 19 24 42 48 15 27 25 13 26 14 44 34 18 22 26 19
59 7 32 18 13 30 40 52 8 53 0 28 43 18 7 49 3 44 30 47 13 30 12 12 15 30 17 44 18 37 45 37 19 26 44 18 3 56 10 15 40 63
18 36 14 9 25 22 34 18 29 5 67 0 16 23 47 43 65 13 20 23 31 41 18 31 23 8 38 25 40 46 10 33 22 25 28 31 47 16 27 39 12 13
49 38 9 30 27 35 26 9 52 29 42 19 0 28 18 83 47 18 33 36 26 3 47 32 66 26 20 47 41 31 32 40 27 30 8 15 27 40 19 14 40 54
54 20 23 29 1 25 38 30 26 22 18 48 15 0 8 35 16 18 20 33 8 22 16 39 26 26 14 23 27 42 17 38 21 53 25 16 9 60 16 15 38 66
65 16 23 36 4 38 24 21 18 24 10 45 45 3 0 54 7 24 34 53 11 37 22 33 20 40 23 25 43 54 41 19 14 52 29 21 6 55 19 20 28 80
51 30 50 21 51 12 5 36 35 58 42 22 68 45 20 0 32 15 16 11 22 34 19 16 7 51 52 13 6 3 45 8 33 33 39 54 42 16 16 35 37 67
72 15 18 52 6 23 25 27 13 43 3 25 26 15 8 31 0 30 30 28 17 27 12 23 33 43 22 28 31 26 49 24 24 21 43 33 4 41 16 21 16 87
16 31 17 4 40 7 28 14 22 12 27 12 17 37 46 27 24 0 7 14 22 39 14 16 31 14 10 15 18 19 6 16 15 12 45 20 14 8 17 30 4 37
28 11 9 6 32 6 24 11 20 36 32 14 29 24 13 29 27 6 0 10 25 44 11 6 23 18 23 22 23 26 18 19 8 11 24 12 27 17 11 33 4 43
16 36 32 10 45 5 13 37 19 32 39 16 59 37 24 14 21 9 10 0 22 61 34 13 18 27 37 3 22 19 12 16 20 3 54 23 35 5 15 28 9 30
51 21 15 14 11 15 46 19 19 31 11 48 19 10 12 44 17 13 27 35 0 22 12 38 27 24 3 21 21 25 28 28 17 19 32 11 14 31 21 5 20 62
60 49 27 39 25 44 69 18 59 22 20 42 2 25 19 55 28 34 38 53 25 0 46 38 51 39 14 52 62 67 45 71 24 24 8 11 36 30 56 16 47 30
27 6 23 12 15 16 24 17 10 27 14 46 16 10 10 19 13 17 10 32 21 46 0 13 24 39 19 13 13 21 22 11 5 33 21 18 13 33 6 18 22 53
59 16 31 14 14 11 22 38 9 35 24 24 36 28 17 16 29 11 6 13 16 45 13 0 18 29 26 17 10 9 16 8 9 16 63 34 21 11 4 34 11 49
44 12 32 24 31 14 19 22 18 67 29 62 28 21 19 13 25 41 17 30 41 30 17 14 0 59 23 20 4 10 37 11 25 34 41 31 15 29 17 28 34 47
21 45 26 24 50 16 21 12 61 7 40 6 39 31 26 68 61 30 27 29 38 30 34 50 54 0 30 28 34 34 12 58 34 17 16 29 42 27 29 26 24 26
37 17 4 32 11 26 43 12 17 31 21 30 16 18 9 56 25 11 26 22 6 25 17 17 40 35 0 40 37 25 16 20 10 25 19 2 17 48 21 6 12 47
15 28 38 8 51 8 22 38 37 12 29 13 37 24 48 18 53 14 23 2 35 27 16 20 37 14 44 0 17 23 17 20 27 1 39 45 32 3 20 21 12 26
68 11 28 28 35 10 14 46 11 24 13 32 70 41 29 13 29 14 11 24 50 41 15 5 5 62 26 27 0 9 38 2 14 16 64 29 25 18 11 27 27 24
42 28 35 22 20 18 4 30 27 51 46 54 73 29 47 4 31 29 23 12 48 32 20 10 9 51 31 27 7 0 24 6 29 22 49 24 21 27 13 60 26 34
29 22 24 5 40 16 19 20 42 12 28 11 30 17 22 25 26 8 15 11 35 25 21 30 45 21 28 7 18 19 0 24 17 11 33 15 23 14 33 18 10 23
48 10 32 23 26 9 8 47 16 32 39 42 54 33 29 6 24 24 9 14 29 26 17 8 7 38 47 23 1 4 35 0 28 31 41 22 35 13 7 21 16 60
21 15 15 21 19 10 35 20 22 16 13 34 26 18 13 15 14 12 5 26 16 30 9 12 19 22 14 12 21 21 14 17 0 17 46 19 24 30 13 26 5 35
31 41 23 10 23 14 25 34 52 30 57 11 60 38 27 15 33 7 15 3 45 55 16 15 26 26 24 2 15 11 17 19 25 0 55 23 39 2 24 38 8 17
24 51 32 28 34 23 79 20 52 18 59 20 7 18 25 91 43 49 42 48 30 8 33 39 62 27 31 34 76 56 49 45 22 32 0 19 43 33 49 19 19 31
38 23 3 29 18 12 22 13 39 11 26 33 10 22 28 62 32 23 26 31 11 9 25 38 19 21 2 41 21 25 15 41 21 35 26 0 28 24 25 5 19 35
71 19 24 22 5 30 27 44 11 55 7 33 19 7 7 42 5 35 10 21 10 38 12 25 31 22 15 19 34 41 16 38 17 40 54 22 0 58 16 22 13 81
16 43 40 17 53 11 9 42 23 26 21 17 25 27 54 29 46 16 9 6 37 28 32 25 20 24 48 2 23 14 16 22 28 2 33 26 51 0 18 58 21 15
36 10 19 11 20 16 16 25 16 16 21 36 18 31 22 27 9 8 8 21 15 28 8 9 17 42 11 17 7 21 31 14 8 25 50 17 11 27 0 15 15 64
64 40 13 15 7 44 25 23 28 41 23 49 20 6 20 53 13 36 24 40 2 11 15 28 47 36 6 43 35 45 36 26 12 46 20 9 15 59 30 0 24 52
22 28 22 6 34 2 11 22 33 28 37 24 39 22 25 22 41 2 6 11 34 22 8 12 18 21 18 7 29 12 11 17 8 9 51 17 19 20 9 25 0 27
0 37 53 34 65 32 53 16 67 26 31 25 41 34 61 25 36 35 49 29 70 49 53 37 51 25 46 27 50 41 24 30 46 27 39 62 81 33 43 26 23 0