7
40
,
0 (42.0, 28.0) 89.0
1 (17.0, 33.0) 31.0
2 (19.0, 15.0) 40.0
3 (32.0, 44.0) 32.0
4 (27.0, 16.0) 35.0
5 (38.0, 4.0) 50.0
6 (8.0, 29.0) 67.0
7 (46.0, 33.0) 64.0
8 (5.0, 20.0) 58.0
9 (43.0, 40.0) 80.0
10 (5.0, 16.0) 43.0
11 (6.0, 45.0) 48.0
12 (31.0, 45.0) 30.0
13 (37.0, 45.0) 31.0
14 (45.0, 6.0) 75.0
15 (42.0, 42.0) 86.0
16 (21.0, 18.0) 66.0
17 (29.0, 21.0) 55.0
18 (24.0, 9.0) 75.0
19 (24.0, 43.0) 52.0
20 (7.0, 49.0) 66.0
21 (34.0, 30.0) 60.0
22 (35.0, 19.0) 36.0
23 (50.0, 19.0) 87.0
24 (0.0, 19.0) 42.0
25 (22.0, 37.0) 81.0
26 (23.0, 7.0) 33.0
27 (43.0, 15.0) 36.0
28 (42.0, 8.0) 47.0
29 (15.0, 17.0) 62.0
30 (43.0, 13.0) 36.0
31 (27.0, 27.0) 87.0
32 (21.0, 7.0) 48.0
33 (0.0, 47.0) 45.0
34 (18.0, 38.0) 35.0
35 (37.0, 40.0) 31.0
36 (22.0, 4.0) 61.0
37 (36.0, 25.0) 84.0
38 (21.0, 45.0) 84.0
39 (24.0, 19.0) 65.0
,
0 25 19 12 27 16 19 15 28 10 29 8 23 27 29 23 30 14 18 13 25 25 23 20 27 10 22 12 23 21 11 22 19 11 24 21 27 11 22 25 15 0
25 0 13 13 9 10 12 17 3 19 6 19 20 10 9 11 7 12 7 13 12 20 4 6 6 21 11 14 7 10 15 8 8 15 23 13 6 16 3 14 10 25
19 13 0 9 9 10 18 5 14 9 13 10 8 9 12 19 13 8 8 12 6 9 9 11 18 11 3 13 16 18 8 16 6 13 11 3 11 15 10 6 8 19
12 13 9 0 16 4 11 9 16 7 17 7 16 16 17 14 18 2 6 4 14 18 11 8 16 10 11 4 12 12 2 12 7 4 19 12 15 6 10 15 3 12
27 9 9 16 0 14 20 14 9 18 6 19 13 1 3 20 5 14 12 18 4 13 7 13 15 20 6 19 16 19 16 16 9 19 16 8 3 21 10 6 13 27
16 10 10 4 14 0 8 12 13 11 14 11 18 15 15 10 15 3 3 4 14 19 8 4 12 14 11 5 8 8 6 8 6 5 21 12 13 6 6 15 2 16
19 12 18 11 20 8 0 20 15 18 18 18 26 21 21 4 19 11 10 7 21 27 13 8 10 20 18 8 6 3 13 5 13 9 29 20 18 8 11 22 10 19
15 17 5 9 14 12 20 0 19 5 18 7 8 14 17 22 18 9 11 13 11 10 13 14 22 6 8 13 19 20 7 19 10 13 10 7 16 14 14 10 9 15
28 3 14 16 9 13 15 19 0 22 4 22 21 10 8 14 5 15 10 16 12 21 6 9 7 24 12 17 9 13 17 10 10 18 24 14 6 19 6 14 13 28
10 19 9 7 18 11 18 5 22 0 21 2 13 18 20 21 22 8 12 11 15 15 15 15 23 3 12 11 19 19 5 19 12 10 14 11 19 12 16 15 10 10
29 6 13 17 6 14 18 18 4 21 0 22 19 6 4 17 1 16 12 18 10 19 7 11 11 24 11 19 12 16 18 14 10 20 22 13 3 21 8 11 14 29
8 19 10 7 19 11 18 7 22 2 22 0 15 19 22 21 23 8 12 10 17 17 16 15 23 3 14 10 19 19 5 19 12 9 16 13 20 10 16 17 10 8
23 20 8 16 13 18 26 8 21 13 19 15 0 12 16 28 18 15 17 20 9 2 16 19 26 13 9 21 24 26 15 24 14 20 3 7 16 22 18 8 16 23
27 10 9 16 1 15 21 14 10 18 6 19 12 0 3 21 6 14 12 18 4 12 8 13 16 20 6 19 16 19 16 17 9 20 16 7 4 21 10 5 13 27
29 9 12 17 3 15 21 17 8 20 4 22 16 3 0 20 3 16 13 19 7 15 8 13 15 23 8 20 15 19 18 16 10 21 19 10 2 22 10 8 15 29
23 11 19 14 20 10 4 22 14 21 17 21 28 21 20 0 18 13 11 11 21 29 13 8 7 23 19 11 5 2 16 4 14 12 30 21 17 12 11 23 12 23
30 7 13 18 5 15 19 18 5 22 1 23 18 6 3 18 0 16 12 19 9 18 7 12 12 24 10 20 14 17 18 15 11 20 21 12 3 21 9 11 15 30
14 12 8 2 14 3 11 9 15 8 16 8 15 14 16 13 16 0 4 5 13 17 9 7 15 11 10 6 11 12 3 11 5 6 18 10 14 7 8 14 2 14
18 7 8 6 12 3 10 11 10 12 12 12 17 12 13 11 12 4 0 6 11 18 5 3 11 15 9 8 8 9 7 8 3 8 19 10 10 9 4 13 3 18
13 13 12 4 18 4 7 13 16 11 18 10 20 18 19 11 19 5 6 0 17 22 12 7 14 13 14 1 10 9 6 10 9 2 22 15 17 3 10 18 5 13
25 12 6 14 4 14 21 11 12 15 10 17 9 4 7 21 9 13 11 17 0 9 8 13 18 17 3 18 17 20 14 18 8 18 12 4 7 20 11 2 12 25
25 20 9 18 13 19 27 10 21 15 19 17 2 12 15 29 18 17 18 22 9 0 17 21 26 15 10 22 25 27 16 25 15 22 4 8 16 24 19 7 17 25
23 4 9 11 7 8 13 13 6 15 7 16 16 8 8 13 7 9 5 12 8 17 0 6 10 18 7 13 9 12 12 10 4 13 19 9 5 14 3 10 7 23
20 6 11 8 13 4 8 14 9 15 11 15 19 13 13 8 12 7 3 7 13 21 6 0 8 18 11 8 4 7 10 5 6 9 22 13 11 10 3 15 6 20
27 6 18 16 15 12 10 22 7 23 11 23 26 16 15 7 12 15 11 14 18 26 10 8 0 25 17 15 4 7 18 5 12 16 29 19 12 16 8 19 13 27
10 21 11 10 20 14 20 6 24 3 24 3 13 20 23 23 24 11 15 13 17 15 18 18 25 0 14 13 22 22 8 22 14 12 14 13 21 13 18 17 12 10
22 11 3 11 6 11 18 8 12 12 11 14 9 6 8 19 10 10 9 14 3 10 7 11 17 14 0 15 15 18 11 16 6 15 12 2 8 16 9 4 9 22
12 14 13 4 19 5 8 13 17 11 19 10 21 19 20 11 20 6 8 1 18 22 13 8 15 13 15 0 11 10 6 10 10 1 23 16 18 2 11 19 6 12
23 7 16 12 16 8 6 19 9 19 12 19 24 16 15 5 14 11 8 10 17 25 9 4 4 22 15 11 0 4 14 1 10 12 27 17 13 12 6 19 10 23
21 10 18 12 19 8 3 20 13 19 16 19 26 19 19 2 17 12 9 9 20 27 12 7 7 22 18 10 4 0 14 3 12 11 29 19 16 10 9 21 11 21
11 15 8 2 16 6 13 7 17 5 18 5 15 16 18 16 18 3 7 6 14 16 12 10 18 8 11 6 14 14 0 14 8 6 17 11 16 7 11 14 5 11
22 8 16 12 16 8 5 19 10 19 14 19 24 17 16 4 15 11 8 10 18 25 10 5 5 22 16 10 1 3 14 0 11 11 27 18 14 11 7 19 10 22
19 8 6 7 9 6 13 10 10 12 10 12 14 9 10 14 11 5 3 9 8 15 4 6 12 14 6 10 10 12 8 11 0 10 17 7 8 12 5 9 4 19
11 15 13 4 19 5 9 13 18 10 20 9 20 20 21 12 20 6 8 2 18 22 13 9 16 12 15 1 12 11 6 11 10 0 23 16 18 2 12 19 6 11
24 23 11 19 16 21 29 10 24 14 22 16 3 16 19 30 21 18 19 22 12 4 19 22 29 14 12 23 27 29 17 27 17 23 0 10 19 24 21 11 18 24
21 13 3 12 8 12 20 7 14 11 13 13 7 7 10 21 12 10 10 15 4 8 9 13 19 13 2 16 17 19 11 18 7 16 10 0 10 17 11 4 10 21
27 6 11 15 3 13 18 16 6 19 3 20 16 4 2 17 3 14 10 17 7 16 5 11 12 21 8 18 13 16 16 14 8 18 19 10 0 20 8 8 12 27
11 16 15 6 21 6 8 14 19 12 21 10 22 21 22 12 21 7 9 3 20 24 14 10 16 13 16 2 12 10 7 11 12 2 24 17 20 0 13 21 8 11
22 3 10 10 10 6 11 14 6 16 8 16 18 10 10 11 9 8 4 10 11 19 3 3 8 18 9 11 6 9 11 7 5 12 21 11 8 13 0 12 7 22
25 14 6 15 6 15 22 10 14 15 11 17 8 5 8 23 11 14 13 18 2 7 10 15 19 17 4 19 19 21 14 19 9 19 11 4 8 21 12 0 13 25
15 10 8 3 13 2 10 9 13 10 14 10 16 13 15 12 15 2 3 5 12 17 7 6 13 12 9 6 10 11 5 10 4 6 18 10 12 8 7 13 0 15
0 25 19 12 27 16 19 15 28 10 29 8 23 27 29 23 30 14 18 13 25 25 23 20 27 10 22 12 23 21 11 22 19 11 24 21 27 11 22 25 15 0
,
0 58 33 35 80 36 57 21 54 12 81 18 27 47 54 25 47 18 31 19 44 28 41 31 29 10 36 16 43 36 34 66 38 23 47 62 72 18 65 58 31 0
38 0 20 35 14 20 21 46 9 39 16 30 47 30 21 25 13 26 14 23 14 49 11 8 18 43 13 34 7 29 35 21 8 44 26 31 13 29 9 16 20 28
21 27 0 23 17 19 46 10 39 17 32 17 17 16 32 34 38 8 13 29 16 24 12 13 50 30 8 14 46 37 13 25 15 24 26 3 24 39 24 9 9 47
27 21 13 0 39 7 19 21 41 16 22 11 19 48 43 22 30 2 15 11 26 49 23 17 32 24 14 9 32 17 5 34 17 9 36 20 18 17 17 38 9 22
42 21 20 25 0 33 56 27 20 37 10 50 26 2 7 41 15 25 20 44 12 21 13 14 24 28 15 49 33 43 35 25 21 46 36 11 9 39 14 15 13 54
21 13 22 8 23 0 19 17 19 22 31 31 24 21 22 28 40 4 5 6 28 37 20 10 30 39 24 14 20 21 15 20 10 8 54 23 17 8 11 19 4 24
40 34 26 28 25 8 0 55 29 27 33 25 63 62 35 6 39 30 18 20 23 71 35 11 27 56 35 19 18 3 25 8 22 14 34 46 44 11 12 24 19 24
18 43 7 16 38 33 36 0 55 11 18 8 23 15 32 64 52 16 12 25 26 18 24 28 38 14 23 38 28 34 12 23 11 22 25 9 23 39 38 16 16 40
29 9 40 36 21 33 23 51 0 50 5 30 30 22 12 29 9 44 14 37 16 56 14 20 20 52 25 38 19 13 43 20 23 36 43 32 6 37 14 15 20 34
15 25 15 9 44 20 43 5 59 0 46 5 35 31 33 38 37 8 33 20 32 24 31 37 28 6 15 28 47 23 7 26 31 13 29 33 50 14 44 35 21 22
54 15 14 50 17 39 29 42 7 40 0 67 22 16 6 42 2 40 19 49 24 41 8 23 16 70 14 24 24 29 23 16 30 48 61 14 3 28 25 29 36 79
12 29 31 9 26 26 49 19 28 6 23 0 20 29 40 32 47 20 29 30 36 30 37 20 23 7 38 15 45 42 13 56 27 23 32 26 55 19 45 40 23 20
67 34 13 24 16 23 32 22 23 33 51 27 0 16 23 56 24 19 38 31 25 6 21 22 68 18 22 30 28 29 16 49 33 46 5 13 39 54 27 21 39 38
46 27 21 47 1 26 46 32 28 54 11 31 36 0 7 48 7 40 21 51 5 25 22 22 46 47 9 38 18 23 46 46 19 50 16 19 11 48 24 7 24 34
45 13 16 45 3 45 55 48 20 57 7 59 32 8 0 43 5 27 31 49 14 22 9 15 43 49 14 41 33 37 26 26 14 43 45 12 4 61 13 14 27 55
63 18 28 24 32 13 6 42 17 35 41 31 63 56 46 0 52 18 29 26 26 85 17 11 12 36 35 23 5 2 25 5 26 27 31 43 21 18 23 36 30 33
63 18 36 34 15 22 44 25 12 26 2 42 34 15 4 46 0 47 33 22 9 29 16 35 18 68 15 55 35 37 39 32 31 37 58 12 5 64 9 25 33 32
34 26 20 2 27 9 18 12 23 16 28 22 35 15 37 19 26 0 7 7 32 35 16 14 21 18 16 7 23 14 6 15 7 16 30 12 40 16 16 29 4 29
29 20 21 10 28 3 28 20 27 19 29 26 28 30 28 15 21 6 0 12 27 26 14 5 31 38 21 21 19 26 8 11 8 22 40 27 18 23 6 17 7 38
32 34 36 6 37 10 8 35 36 32 50 23 53 55 50 19 31 14 14 0 34 60 26 10 17 38 15 2 11 20 12 25 23 4 44 26 37 8 21 25 13 16
57 31 8 17 10 19 51 17 33 26 13 43 19 10 12 53 26 17 13 47 0 19 18 15 36 23 6 54 41 34 34 24 22 33 14 8 9 43 14 3 35 69
58 36 14 39 37 45 71 18 49 24 28 21 2 22 34 31 32 24 38 60 13 0 39 55 62 21 13 25 44 78 34 66 16 59 8 8 19 36 48 16 34 59
32 5 22 21 14 14 32 17 15 37 7 25 25 13 8 18 14 22 15 23 12 21 0 10 24 45 14 26 16 21 29 13 5 19 41 14 14 29 8 22 19 34
31 12 12 13 35 7 15 28 18 42 13 27 42 36 27 19 33 9 8 12 38 40 15 0 15 19 11 22 9 16 25 8 12 17 64 36 12 18 8 18 6 28
32 16 18 39 25 28 20 25 16 55 14 67 40 43 40 11 19 42 16 31 47 53 11 9 0 71 41 40 12 12 51 11 35 26 86 48 30 32 8 30 23 77
24 49 33 25 26 28 60 15 67 4 54 7 20 42 46 39 37 21 41 23 21 20 49 43 49 0 29 33 25 42 13 36 38 23 36 22 57 33 34 47 14 18
52 31 8 19 12 19 51 22 35 27 27 37 25 9 25 23 11 24 11 30 5 23 15 31 18 35 0 39 38 44 26 30 6 20 20 3 17 41 24 8 11 41
15 19 19 8 22 14 18 36 36 20 52 11 31 36 52 29 49 6 19 1 25 52 38 21 19 15 44 0 24 26 10 27 11 3 57 18 27 5 17 29 7 18
39 13 18 24 20 16 15 32 20 27 24 29 25 17 19 11 15 26 8 18 38 72 19 10 6 45 45 12 0 11 17 1 26 20 58 23 32 35 14 25 18 48
39 11 51 12 48 19 4 53 36 41 46 45 72 29 55 5 37 25 24 18 47 76 22 19 12 60 52 11 9 0 22 6 14 30 58 38 35 30 10 34 14 55
25 25 20 5 30 12 32 7 43 11 35 12 17 26 53 34 35 6 16 15 29 19 29 13 26 11 20 12 27 24 0 21 15 7 17 13 24 14 19 24 5 32
54 20 31 28 18 11 10 45 27 33 16 35 69 26 26 7 33 15 20 21 33 69 14 12 8 39 33 23 2 5 40 0 17 24 39 28 23 24 18 56 19 23
47 17 16 12 18 8 37 27 26 33 17 32 36 21 13 26 13 10 4 14 19 38 8 12 21 24 11 12 12 16 21 25 0 28 17 15 13 32 10 22 10 50
13 28 25 5 53 9 26 24 18 19 30 16 42 21 35 33 56 15 16 2 25 57 28 17 35 19 43 2 22 15 12 14 14 0 33 46 20 3 28 46 15 27
33 55 17 53 20 49 65 16 34 30 50 46 6 18 55 61 61 42 26 43 36 9 47 58 58 22 32 46 76 53 49 46 35 35 0 30 55 44 33 21 20 24
45 30 3 14 19 34 54 20 33 17 15 38 9 7 27 34 27 24 23 38 8 16 24 33 33 17 6 33 43 33 30 44 21 21 27 0 19 30 31 11 18 34
45 13 28 17 8 14 46 28 11 22 4 60 47 5 5 48 7 25 13 48 17 33 6 31 31 49 23 18 25 28 16 14 21 21 48 14 0 58 13 12 22 73
14 18 36 11 42 17 21 37 19 23 34 16 59 31 50 34 49 16 21 6 38 54 27 10 32 36 46 3 13 23 13 17 21 2 69 28 57 0 30 37 21 15
46 4 18 22 10 16 29 25 17 19 11 28 49 25 25 26 12 13 11 21 16 51 6 3 19 34 12 23 8 21 32 8 9 25 22 19 17 32 0 25 13 44
70 16 18 38 10 42 26 28 36 40 18 28 22 13 17 30 31 15 26 32 5 11 21 36 20 49 9 33 20 47 35 47 27 30 17 8 23 27 17 0 21 68
33 18 10 7 21 2 28 12 19 24 15 27 41 28 33 33 17 3 4 14 19 35 20 14 21 17 19 11 17 27 10 19 12 11 32 24 35 10 16 25 0 30
0 48 20 36 38 21 31 21 47 25 53 20 52 53 64 25 74 22 49 35 61 73 66 41 57 20 27 34 27 42 11 44 51 24 54 61 75 18 48 64 32 0