7
40
,
0 (42.0, 28.0) 52.0
1 (17.0, 33.0) 33.0
2 (19.0, 15.0) 75.0
3 (32.0, 44.0) 57.0
4 (27.0, 16.0) 63.0
5 (38.0, 4.0) 47.0
6 (8.0, 29.0) 31.0
7 (46.0, 33.0) 35.0
8 (5.0, 20.0) 90.0
9 (43.0, 40.0) 38.0
10 (5.0, 16.0) 48.0
11 (6.0, 45.0) 58.0
12 (31.0, 45.0) 45.0
13 (37.0, 45.0) 35.0
14 (45.0, 6.0) 89.0
15 (42.0, 42.0) 32.0
16 (21.0, 18.0) 85.0
17 (29.0, 21.0) 35.0
18 (24.0, 9.0) 77.0
19 (24.0, 43.0) 44.0
20 (7.0, 49.0) 57.0
21 (34.0, 30.0) 69.0
22 (35.0, 19.0) 80.0
23 (50.0, 19.0) 73.0
24 (0.0, 19.0) 71.0
25 (22.0, 37.0) 63.0
26 (23.0, 7.0) 64.0
27 (43.0, 15.0) 82.0
28 (42.0, 8.0) 76.0
29 (15.0, 17.0) 43.0
30 (43.0, 13.0) 36.0
31 (27.0, 27.0) 38.0
32 (21.0, 7.0) 48.0
33 (0.0, 47.0) 38.0
34 (18.0, 38.0) 50.0
35 (37.0, 40.0) 34.0
36 (22.0, 4.0) 84.0
37 (36.0, 25.0) 30.0
38 (21.0, 45.0) 82.0
39 (24.0, 19.0) 90.0
,
0 25 19 12 27 16 19 15 28 10 29 8 23 27 29 23 30 14 18 13 25 25 23 20 27 10 22 12 23 21 11 22 19 11 24 21 27 11 22 25 15 0
25 0 13 13 9 10 12 17 3 19 6 19 20 10 9 11 7 12 7 13 12 20 4 6 6 21 11 14 7 10 15 8 8 15 23 13 6 16 3 14 10 25
19 13 0 9 9 10 18 5 14 9 13 10 8 9 12 19 13 8 8 12 6 9 9 11 18 11 3 13 16 18 8 16 6 13 11 3 11 15 10 6 8 19
12 13 9 0 16 4 11 9 16 7 17 7 16 16 17 14 18 2 6 4 14 18 11 8 16 10 11 4 12 12 2 12 7 4 19 12 15 6 10 15 3 12
27 9 9 16 0 14 20 14 9 18 6 19 13 1 3 20 5 14 12 18 4 13 7 13 15 20 6 19 16 19 16 16 9 19 16 8 3 21 10 6 13 27
16 10 10 4 14 0 8 12 13 11 14 11 18 15 15 10 15 3 3 4 14 19 8 4 12 14 11 5 8 8 6 8 6 5 21 12 13 6 6 15 2 16
19 12 18 11 20 8 0 20 15 18 18 18 26 21 21 4 19 11 10 7 21 27 13 8 10 20 18 8 6 3 13 5 13 9 29 20 18 8 11 22 10 19
15 17 5 9 14 12 20 0 19 5 18 7 8 14 17 22 18 9 11 13 11 10 13 14 22 6 8 13 19 20 7 19 10 13 10 7 16 14 14 10 9 15
28 3 14 16 9 13 15 19 0 22 4 22 21 10 8 14 5 15 10 16 12 21 6 9 7 24 12 17 9 13 17 10 10 18 24 14 6 19 6 14 13 28
10 19 9 7 18 11 18 5 22 0 21 2 13 18 20 21 22 8 12 11 15 15 15 15 23 3 12 11 19 19 5 19 12 10 14 11 19 12 16 15 10 10
29 6 13 17 6 14 18 18 4 21 0 22 19 6 4 17 1 16 12 18 10 19 7 11 11 24 11 19 12 16 18 14 10 20 22 13 3 21 8 11 14 29
8 19 10 7 19 11 18 7 22 2 22 0 15 19 22 21 23 8 12 10 17 17 16 15 23 3 14 10 19 19 5 19 12 9 16 13 20 10 16 17 10 8
23 20 8 16 13 18 26 8 21 13 19 15 0 12 16 28 18 15 17 20 9 2 16 19 26 13 9 21 24 26 15 24 14 20 3 7 16 22 18 8 16 23
27 10 9 16 1 15 21 14 10 18 6 19 12 0 3 21 6 14 12 18 4 12 8 13 16 20 6 19 16 19 16 17 9 20 16 7 4 21 10 5 13 27
29 9 12 17 3 15 21 17 8 20 4 22 16 3 0 20 3 16 13 19 7 15 8 13 15 23 8 20 15 19 18 16 10 21 19 10 2 22 10 8 15 29
23 11 19 14 20 10 4 22 14 21 17 21 28 21 20 0 18 13 11 11 21 29 13 8 7 23 19 11 5 2 16 4 14 12 30 21 17 12 11 23 12 23
30 7 13 18 5 15 19 18 5 22 1 23 18 6 3 18 0 16 12 19 9 18 7 12 12 24 10 20 14 17 18 15 11 20 21 12 3 21 9 11 15 30
14 12 8 2 14 3 11 9 15 8 16 8 15 14 16 13 16 0 4 5 13 17 9 7 15 11 10 6 11 12 3 11 5 6 18 10 14 7 8 14 2 14
18 7 8 6 12 3 10 11 10 12 12 12 17 12 13 11 12 4 0 6 11 18 5 3 11 15 9 8 8 9 7 8 3 8 19 10 10 9 4 13 3 18
13 13 12 4 18 4 7 13 16 11 18 10 20 18 19 11 19 5 6 0 17 22 12 7 14 13 14 1 10 9 6 10 9 2 22 15 17 3 10 18 5 13
25 12 6 14 4 14 21 11 12 15 10 17 9 4 7 21 9 13 11 17 0 9 8 13 18 17 3 18 17 20 14 18 8 18 12 4 7 20 11 2 12 25
25 20 9 18 13 19 27 10 21 15 19 17 2 12 15 29 18 17 18 22 9 0 17 21 26 15 10 22 25 27 16 25 15 22 4 8 16 24 19 7 17 25
23 4 9 11 7 8 13 13 6 15 7 16 16 8 8 13 7 9 5 12 8 17 0 6 10 18 7 13 9 12 12 10 4 13 19 9 5 14 3 10 7 23
20 6 11 8 13 4 8 14 9 15 11 15 19 13 13 8 12 7 3 7 13 21 6 0 8 18 11 8 4 7 10 5 6 9 22 13 11 10 3 15 6 20
27 6 18 16 15 12 10 22 7 23 11 23 26 16 15 7 12 15 11 14 18 26 10 8 0 25 17 15 4 7 18 5 12 16 29 19 12 16 8 19 13 27
10 21 11 10 20 14 20 6 24 3 24 3 13 20 23 23 24 11 15 13 17 15 18 18 25 0 14 13 22 22 8 22 14 12 14 13 21 13 18 17 12 10
22 11 3 11 6 11 18 8 12 12 11 14 9 6 8 19 10 10 9 14 3 10 7 11 17 14 0 15 15 18 11 16 6 15 12 2 8 16 9 4 9 22
12 14 13 4 19 5 8 13 17 11 19 10 21 19 20 11 20 6 8 1 18 22 13 8 15 13 15 0 11 10 6 10 10 1 23 16 18 2 11 19 6 12
23 7 16 12 16 8 6 19 9 19 12 19 24 16 15 5 14 11 8 10 17 25 9 4 4 22 15 11 0 4 14 1 10 12 27 17 13 12 6 19 10 23
21 10 18 12 19 8 3 20 13 19 16 19 26 19 19 2 17 12 9 9 20 27 12 7 7 22 18 10 4 0 14 3 12 11 29 19 16 10 9 21 11 21
11 15 8 2 16 6 13 7 17 5 18 5 15 16 18 16 18 3 7 6 14 16 12 10 18 8 11 6 14 14 0 14 8 6 17 11 16 7 11 14 5 11
22 8 16 12 16 8 5 19 10 19 14 19 24 17 16 4 15 11 8 10 18 25 10 5 5 22 16 10 1 3 14 0 11 11 27 18 14 11 7 19 10 22
19 8 6 7 9 6 13 10 10 12 10 12 14 9 10 14 11 5 3 9 8 15 4 6 12 14 6 10 10 12 8 11 0 10 17 7 8 12 5 9 4 19
11 15 13 4 19 5 9 13 18 10 20 9 20 20 21 12 20 6 8 2 18 22 13 9 16 12 15 1 12 11 6 11 10 0 23 16 18 2 12 19 6 11
24 23 11 19 16 21 29 10 24 14 22 16 3 16 19 30 21 18 19 22 12 4 19 22 29 14 12 23 27 29 17 27 17 23 0 10 19 24 21 11 18 24
21 13 3 12 8 12 20 7 14 11 13 13 7 7 10 21 12 10 10 15 4 8 9 13 19 13 2 16 17 19 11 18 7 16 10 0 10 17 11 4 10 21
27 6 11 15 3 13 18 16 6 19 3 20 16 4 2 17 3 14 10 17 7 16 5 11 12 21 8 18 13 16 16 14 8 18 19 10 0 20 8 8 12 27
11 16 15 6 21 6 8 14 19 12 21 10 22 21 22 12 21 7 9 3 20 24 14 10 16 13 16 2 12 10 7 11 12 2 24 17 20 0 13 21 8 11
22 3 10 10 10 6 11 14 6 16 8 16 18 10 10 11 9 8 4 10 11 19 3 3 8 18 9 11 6 9 11 7 5 12 21 11 8 13 0 12 7 22
25 14 6 15 6 15 22 10 14 15 11 17 8 5 8 23 11 14 13 18 2 7 10 15 19 17 4 19 19 21 14 19 9 19 11 4 8 21 12 0 13 25
15 10 8 3 13 2 10 9 13 10 14 10 16 13 15 12 15 2 3 5 12 17 7 6 13 12 9 6 10 11 5 10 4 6 18 10 12 8 7 13 0 15
0 25 19 12 27 16 19 15 28 10 29 8 23 27 29 23 30 14 18 13 25 25 23 20 27 10 22 12 23 21 11 22 19 11 24 21 27 11 22 25 15 0
,
0 63 23 26 72 45 33 30 58 27 87 19 34 30 65 54 66 38 42 35 41 44 57 36 30 26 26 26 56 43 24 40 41 23 26 31 49 19 61 63 21 0
52 0 23 34 24 17 35 41 6 40 17 36 57 22 21 14 21 25 13 16 21 43 6 15 9 50 32 28 12 10 42 19 15 22 66 30 17 32 8 31 19 55
46 15 0 17 13 20 35 10 40 26 16 23 21 13 26 23 29 13 25 28 14 28 19 14 46 22 9 21 27 44 11 17 17 23 23 8 18 16 29 7 11 38
28 22 18 0 17 6 31 12 45 14 40 18 47 34 41 36 43 3 15 4 18 27 13 22 23 11 20 8 17 31 6 21 14 12 22 19 28 6 15 28 4 31
44 26 23 37 0 20 45 35 12 32 6 30 33 1 7 23 15 14 32 48 10 17 10 20 34 36 9 21 39 30 33 42 13 42 44 19 8 25 17 10 37 34
40 28 23 5 25 0 18 32 17 13 30 11 49 34 19 22 21 4 6 6 33 58 22 10 32 28 15 9 13 24 14 16 11 7 38 15 22 10 8 21 3 39
40 26 46 27 56 15 0 51 19 40 28 50 62 26 49 6 29 26 21 8 24 65 30 10 25 33 52 9 13 5 31 14 24 20 46 35 34 21 19 32 26 21
18 51 6 10 35 15 21 0 56 13 31 9 20 25 43 41 29 11 21 28 18 18 26 21 36 12 8 35 26 47 11 50 28 29 28 15 19 17 28 14 26 36
53 6 22 19 15 37 36 40 0 28 5 50 42 13 11 30 9 30 11 28 16 22 10 12 21 64 28 20 23 19 46 23 18 46 61 42 9 49 9 29 27 62
16 55 20 14 33 33 42 5 53 0 55 4 28 45 33 51 43 11 18 11 22 31 27 40 63 5 22 31 45 42 15 20 21 20 41 19 48 22 28 33 19 12
44 12 32 20 12 40 32 43 8 55 0 36 38 19 7 41 3 42 29 34 11 38 18 24 16 33 27 52 13 47 52 37 26 25 28 29 4 56 23 12 29 30
14 36 27 12 33 26 18 19 27 2 62 0 16 49 32 45 53 9 20 11 49 25 25 25 60 3 31 22 34 34 13 29 17 13 44 35 30 25 45 28 12 24
51 30 16 41 15 50 43 16 60 37 40 27 0 31 46 72 21 22 47 24 17 4 45 35 50 26 25 29 45 69 34 61 25 28 7 17 32 29 32 16 45 41
71 23 12 20 1 26 61 21 26 40 17 40 24 0 6 34 16 35 19 42 6 20 14 20 46 52 7 34 42 23 36 23 18 25 17 18 5 22 18 13 19 48
78 21 14 26 4 29 35 40 10 55 4 28 30 4 0 47 7 25 22 42 20 39 18 39 27 62 14 48 31 35 37 22 11 47 28 17 3 27 21 13 43 41
41 24 37 30 50 23 7 36 34 63 29 40 72 22 42 0 49 31 24 29 48 30 23 24 11 55 49 12 5 5 26 7 38 19 41 45 32 13 29 25 20 64
47 14 27 32 13 33 41 27 11 51 2 24 29 14 6 51 0 26 13 39 15 26 20 23 22 40 12 43 34 37 21 16 29 31 39 15 3 24 14 22 31 73
23 24 9 3 34 8 16 18 19 16 37 12 28 43 27 39 36 0 11 8 32 44 21 13 30 28 15 11 24 22 6 33 11 10 26 19 36 13 19 40 3 32
24 10 14 12 13 5 20 25 27 35 32 18 43 24 21 14 34 12 0 11 19 25 13 9 23 37 10 15 10 18 21 19 5 24 29 26 22 14 5 30 3 26
22 16 16 8 24 8 17 29 22 24 54 10 30 31 26 18 51 12 19 0 46 36 15 21 17 19 38 2 17 11 9 20 18 4 29 17 45 6 24 52 7 38
34 33 17 15 11 31 61 15 26 26 26 36 15 11 14 38 25 31 33 29 0 14 12 27 37 38 9 41 39 58 16 30 21 49 20 9 8 55 22 5 28 62
69 45 21 31 26 20 31 27 62 31 45 24 3 35 27 62 31 43 31 54 25 0 32 53 69 20 17 32 65 67 20 50 26 36 5 8 22 69 21 11 25 60
66 8 25 14 15 15 31 33 13 36 13 42 21 19 17 14 19 26 7 13 13 40 0 12 22 41 18 31 16 22 33 22 7 29 47 15 5 26 4 20 11 24
56 10 32 11 14 10 21 15 20 18 32 37 45 19 30 19 21 9 3 9 26 46 12 0 11 25 14 20 12 17 18 9 14 13 29 31 21 26 8 22 13 56
53 10 43 29 41 16 21 46 13 30 22 48 36 47 37 13 22 18 24 31 28 47 27 12 0 54 39 35 4 13 51 12 24 29 66 35 16 23 8 40 26 70
11 23 29 16 45 15 53 18 70 7 60 8 29 21 59 42 37 20 30 37 34 32 49 25 49 0 40 16 23 61 17 26 16 13 22 38 57 21 33 19 14 11
40 25 4 13 15 26 33 14 22 33 21 38 14 7 22 46 30 17 9 22 5 27 18 26 19 42 0 34 29 48 26 23 16 19 28 3 15 32 12 6 10 27
22 28 31 9 31 10 22 38 50 28 46 24 33 48 48 17 34 12 18 2 39 56 37 20 17 26 31 0 11 28 11 27 30 2 26 35 44 2 26 34 16 32
44 15 40 22 32 12 11 33 21 49 28 42 28 43 44 10 32 25 17 18 21 43 13 12 11 52 36 25 0 4 16 1 14 34 31 48 35 17 18 19 29 53
39 15 51 35 34 23 6 32 16 50 17 36 38 34 36 4 51 24 19 20 56 78 12 17 20 60 27 16 10 0 17 5 14 17 58 46 31 28 16 49 30 62
32 27 22 4 45 6 38 9 29 9 36 10 25 34 39 39 48 5 17 10 37 39 21 18 33 12 27 18 24 29 0 32 14 9 41 15 20 17 12 27 9 25
50 17 27 29 23 21 8 25 24 33 27 46 72 24 17 5 37 29 9 29 35 36 14 15 5 50 24 26 2 3 28 0 16 15 42 39 36 16 18 21 28 64
53 14 14 19 12 12 19 20 23 13 21 13 24 27 14 33 28 10 8 12 11 20 8 11 28 33 8 13 10 18 13 13 0 22 50 9 21 19 12 22 8 35
15 40 35 5 49 10 15 14 25 30 52 20 31 30 45 20 36 12 22 4 37 50 31 14 34 13 20 2 22 16 13 23 29 0 34 33 32 3 35 27 16 28
30 56 18 49 20 53 65 25 29 30 24 44 5 35 36 89 41 46 39 29 31 7 35 29 45 35 29 42 70 38 19 32 28 46 0 17 56 40 51 28 47 38
44 16 6 28 12 30 31 19 19 11 25 19 13 9 19 61 17 20 24 40 9 16 25 36 36 35 5 22 22 38 30 24 21 34 13 0 12 21 19 7 25 63
74 18 29 31 8 31 30 37 12 30 3 52 24 7 3 42 4 20 31 50 16 47 6 15 31 45 21 39 32 30 30 31 12 33 32 13 0 55 14 15 25 42
27 26 36 8 35 14 16 17 50 13 38 20 55 55 40 34 42 20 25 6 47 41 43 10 44 25 19 3 35 29 17 12 26 4 34 43 21 0 29 58 17 19
62 4 15 13 24 19 21 20 12 33 17 42 35 16 21 19 10 9 6 29 27 37 6 7 10 41 19 24 17 22 31 16 6 28 25 19 16 30 0 32 13 61
47 31 13 42 7 23 43 14 38 43 17 32 13 10 19 46 18 23 35 23 2 18 11 24 49 26 10 20 33 37 23 54 11 41 20 6 10 40 23 0 21 58
45 19 8 4 34 4 12 24 34 14 19 27 39 33 34 17 23 2 5 12 24 31 15 11 20 32 16 14 26 30 11 23 5 9 50 10 15 9 17 20 0 43
0 56 24 35 80 43 28 22 85 16 55 14 57 30 62 62 65 41 37 34 72 67 58 24 32 15 28 36 37 42 33 40 41 29 53 63 44 32 51 51 36 0