7
40
,
0 (42.0, 28.0) 79.0
1 (17.0, 33.0) 35.0
2 (19.0, 15.0) 47.0
3 (32.0, 44.0) 36.0
4 (27.0, 16.0) 56.0
5 (38.0, 4.0) 57.0
6 (8.0, 29.0) 40.0
7 (46.0, 33.0) 52.0
8 (5.0, 20.0) 81.0
9 (43.0, 40.0) 77.0
10 (5.0, 16.0) 39.0
11 (6.0, 45.0) 81.0
12 (31.0, 45.0) 44.0
13 (37.0, 45.0) 84.0
14 (45.0, 6.0) 41.0
15 (42.0, 42.0) 55.0
16 (21.0, 18.0) 61.0
17 (29.0, 21.0) 72.0
18 (24.0, 9.0) 36.0
19 (24.0, 43.0) 53.0
20 (7.0, 49.0) 70.0
21 (34.0, 30.0) 56.0
22 (35.0, 19.0) 60.0
23 (50.0, 19.0) 43.0
24 (0.0, 19.0) 34.0
25 (22.0, 37.0) 32.0
26 (23.0, 7.0) 34.0
27 (43.0, 15.0) 41.0
28 (42.0, 8.0) 63.0
29 (15.0, 17.0) 48.0
30 (43.0, 13.0) 36.0
31 (27.0, 27.0) 71.0
32 (21.0, 7.0) 41.0
33 (0.0, 47.0) 61.0
34 (18.0, 38.0) 58.0
35 (37.0, 40.0) 41.0
36 (22.0, 4.0) 39.0
37 (36.0, 25.0) 82.0
38 (21.0, 45.0) 59.0
39 (24.0, 19.0) 34.0
,
0 25 19 12 27 16 19 15 28 10 29 8 23 27 29 23 30 14 18 13 25 25 23 20 27 10 22 12 23 21 11 22 19 11 24 21 27 11 22 25 15 0
25 0 13 13 9 10 12 17 3 19 6 19 20 10 9 11 7 12 7 13 12 20 4 6 6 21 11 14 7 10 15 8 8 15 23 13 6 16 3 14 10 25
19 13 0 9 9 10 18 5 14 9 13 10 8 9 12 19 13 8 8 12 6 9 9 11 18 11 3 13 16 18 8 16 6 13 11 3 11 15 10 6 8 19
12 13 9 0 16 4 11 9 16 7 17 7 16 16 17 14 18 2 6 4 14 18 11 8 16 10 11 4 12 12 2 12 7 4 19 12 15 6 10 15 3 12
27 9 9 16 0 14 20 14 9 18 6 19 13 1 3 20 5 14 12 18 4 13 7 13 15 20 6 19 16 19 16 16 9 19 16 8 3 21 10 6 13 27
16 10 10 4 14 0 8 12 13 11 14 11 18 15 15 10 15 3 3 4 14 19 8 4 12 14 11 5 8 8 6 8 6 5 21 12 13 6 6 15 2 16
19 12 18 11 20 8 0 20 15 18 18 18 26 21 21 4 19 11 10 7 21 27 13 8 10 20 18 8 6 3 13 5 13 9 29 20 18 8 11 22 10 19
15 17 5 9 14 12 20 0 19 5 18 7 8 14 17 22 18 9 11 13 11 10 13 14 22 6 8 13 19 20 7 19 10 13 10 7 16 14 14 10 9 15
28 3 14 16 9 13 15 19 0 22 4 22 21 10 8 14 5 15 10 16 12 21 6 9 7 24 12 17 9 13 17 10 10 18 24 14 6 19 6 14 13 28
10 19 9 7 18 11 18 5 22 0 21 2 13 18 20 21 22 8 12 11 15 15 15 15 23 3 12 11 19 19 5 19 12 10 14 11 19 12 16 15 10 10
29 6 13 17 6 14 18 18 4 21 0 22 19 6 4 17 1 16 12 18 10 19 7 11 11 24 11 19 12 16 18 14 10 20 22 13 3 21 8 11 14 29
8 19 10 7 19 11 18 7 22 2 22 0 15 19 22 21 23 8 12 10 17 17 16 15 23 3 14 10 19 19 5 19 12 9 16 13 20 10 16 17 10 8
23 20 8 16 13 18 26 8 21 13 19 15 0 12 16 28 18 15 17 20 9 2 16 19 26 13 9 21 24 26 15 24 14 20 3 7 16 22 18 8 16 23
27 10 9 16 1 15 21 14 10 18 6 19 12 0 3 21 6 14 12 18 4 12 8 13 16 20 6 19 16 19 16 17 9 20 16 7 4 21 10 5 13 27
29 9 12 17 3 15 21 17 8 20 4 22 16 3 0 20 3 16 13 19 7 15 8 13 15 23 8 20 15 19 18 16 10 21 19 10 2 22 10 8 15 29
23 11 19 14 20 10 4 22 14 21 17 21 28 21 20 0 18 13 11 11 21 29 13 8 7 23 19 11 5 2 16 4 14 12 30 21 17 12 11 23 12 23
30 7 13 18 5 15 19 18 5 22 1 23 18 6 3 18 0 16 12 19 9 18 7 12 12 24 10 20 14 17 18 15 11 20 21 12 3 21 9 11 15 30
14 12 8 2 14 3 11 9 15 8 16 8 15 14 16 13 16 0 4 5 13 17 9 7 15 11 10 6 11 12 3 11 5 6 18 10 14 7 8 14 2 14
18 7 8 6 12 3 10 11 10 12 12 12 17 12 13 11 12 4 0 6 11 18 5 3 11 15 9 8 8 9 7 8 3 8 19 10 10 9 4 13 3 18
13 13 12 4 18 4 7 13 16 11 18 10 20 18 19 11 19 5 6 0 17 22 12 7 14 13 14 1 10 9 6 10 9 2 22 15 17 3 10 18 5 13
25 12 6 14 4 14 21 11 12 15 10 17 9 4 7 21 9 13 11 17 0 9 8 13 18 17 3 18 17 20 14 18 8 18 12 4 7 20 11 2 12 25
25 20 9 18 13 19 27 10 21 15 19 17 2 12 15 29 18 17 18 22 9 0 17 21 26 15 10 22 25 27 16 25 15 22 4 8 16 24 19 7 17 25
23 4 9 11 7 8 13 13 6 15 7 16 16 8 8 13 7 9 5 12 8 17 0 6 10 18 7 13 9 12 12 10 4 13 19 9 5 14 3 10 7 23
20 6 11 8 13 4 8 14 9 15 11 15 19 13 13 8 12 7 3 7 13 21 6 0 8 18 11 8 4 7 10 5 6 9 22 13 11 10 3 15 6 20
27 6 18 16 15 12 10 22 7 23 11 23 26 16 15 7 12 15 11 14 18 26 10 8 0 25 17 15 4 7 18 5 12 16 29 19 12 16 8 19 13 27
10 21 11 10 20 14 20 6 24 3 24 3 13 20 23 23 24 11 15 13 17 15 18 18 25 0 14 13 22 22 8 22 14 12 14 13 21 13 18 17 12 10
22 11 3 11 6 11 18 8 12 12 11 14 9 6 8 19 10 10 9 14 3 10 7 11 17 14 0 15 15 18 11 16 6 15 12 2 8 16 9 4 9 22
12 14 13 4 19 5 8 13 17 11 19 10 21 19 20 11 20 6 8 1 18 22 13 8 15 13 15 0 11 10 6 10 10 1 23 16 18 2 11 19 6 12
23 7 16 12 16 8 6 19 9 19 12 19 24 16 15 5 14 11 8 10 17 25 9 4 4 22 15 11 0 4 14 1 10 12 27 17 13 12 6 19 10 23
21 10 18 12 19 8 3 20 13 19 16 19 26 19 19 2 17 12 9 9 20 27 12 7 7 22 18 10 4 0 14 3 12 11 29 19 16 10 9 21 11 21
11 15 8 2 16 6 13 7 17 5 18 5 15 16 18 16 18 3 7 6 14 16 12 10 18 8 11 6 14 14 0 14 8 6 17 11 16 7 11 14 5 11
22 8 16 12 16 8 5 19 10 19 14 19 24 17 16 4 15 11 8 10 18 25 10 5 5 22 16 10 1 3 14 0 11 11 27 18 14 11 7 19 10 22
19 8 6 7 9 6 13 10 10 12 10 12 14 9 10 14 11 5 3 9 8 15 4 6 12 14 6 10 10 12 8 11 0 10 17 7 8 12 5 9 4 19
11 15 13 4 19 5 9 13 18 10 20 9 20 20 21 12 20 6 8 2 18 22 13 9 16 12 15 1 12 11 6 11 10 0 23 16 18 2 12 19 6 11
24 23 11 19 16 21 29 10 24 14 22 16 3 16 19 30 21 18 19 22 12 4 19 22 29 14 12 23 27 29 17 27 17 23 0 10 19 24 21 11 18 24
21 13 3 12 8 12 20 7 14 11 13 13 7 7 10 21 12 10 10 15 4 8 9 13 19 13 2 16 17 19 11 18 7 16 10 0 10 17 11 4 10 21
27 6 11 15 3 13 18 16 6 19 3 20 16 4 2 17 3 14 10 17 7 16 5 11 12 21 8 18 13 16 16 14 8 18 19 10 0 20 8 8 12 27
11 16 15 6 21 6 8 14 19 12 21 10 22 21 22 12 21 7 9 3 20 24 14 10 16 13 16 2 12 10 7 11 12 2 24 17 20 0 13 21 8 11
22 3 10 10 10 6 11 14 6 16 8 16 18 10 10 11 9 8 4 10 11 19 3 3 8 18 9 11 6 9 11 7 5 12 21 11 8 13 0 12 7 22
25 14 6 15 6 15 22 10 14 15 11 17 8 5 8 23 11 14 13 18 2 7 10 15 19 17 4 19 19 21 14 19 9 19 11 4 8 21 12 0 13 25
15 10 8 3 13 2 10 9 13 10 14 10 16 13 15 12 15 2 3 5 12 17 7 6 13 12 9 6 10 11 5 10 4 6 18 10 12 8 7 13 0 15
0 25 19 12 27 16 19 15 28 10 29 8 23 27 29 23 30 14 18 13 25 25 23 20 27 10 22 12 23 21 11 22 19 11 24 21 27 11 22 25 15 0
,
0 28 26 19 56 30 38 29 77 18 79 25 31 55 71 39 55 27 24 30 26 27 63 51 40 17 35 12 46 46 21 27 44 15 37 27 60 22 48 45 29 0
54 0 19 27 11 16 29 29 6 53 6 40 42 20 14 32 10 31 13 33 19 24 12 15 11 60 25 24 13 19 26 17 22 21 24 23 12 34 10 29 23 44
26 31 0 20 18 30 32 12 17 14 36 11 20 11 30 48 33 12 20 23 8 19 21 18 36 23 4 40 23 33 13 48 14 28 31 6 18 17 31 17 12 34
34 14 19 0 30 6 28 21 24 16 21 18 47 34 49 24 49 3 13 4 36 44 26 13 35 28 20 6 16 23 4 14 21 6 52 32 22 13 17 40 6 24
54 10 25 30 0 27 51 16 20 48 12 42 28 1 3 30 11 30 28 38 4 21 14 26 36 53 6 39 32 56 44 35 16 47 25 20 5 29 25 8 38 53
41 25 24 6 23 0 12 26 34 24 39 22 34 42 20 15 30 8 4 5 39 23 13 8 15 26 13 10 9 9 8 21 12 11 37 24 24 18 10 16 4 43
30 19 27 29 28 21 0 20 26 27 40 24 28 52 60 10 26 31 18 15 52 76 25 22 20 49 40 22 6 7 28 11 37 13 72 46 19 13 22 30 18 50
26 44 8 15 20 15 46 0 32 10 44 18 14 35 34 23 54 17 16 20 13 21 20 15 63 6 19 29 44 51 7 37 13 27 20 8 25 27 36 18 16 25
73 8 17 31 14 33 33 47 0 64 9 62 38 27 16 36 7 27 19 27 26 61 15 14 19 48 15 24 19 25 52 14 19 49 33 35 16 49 18 30 29 66
26 50 17 13 31 26 39 8 46 0 30 4 36 42 26 54 48 22 16 26 29 35 44 36 65 8 20 29 31 33 13 39 24 26 15 27 43 13 19 38 24 28
37 18 17 27 16 20 48 38 11 51 0 37 22 15 9 34 2 29 22 22 24 35 9 22 20 58 19 27 17 39 46 19 26 56 34 24 3 32 13 33 40 84
11 27 27 9 58 28 27 8 58 4 52 0 42 39 24 48 36 19 23 28 32 31 44 43 42 8 29 17 21 26 5 38 32 25 32 18 57 23 44 22 22 22
67 56 9 36 38 34 60 21 53 14 38 41 0 29 19 62 31 17 18 32 12 4 30 52 54 37 17 30 42 27 41 49 32 31 5 20 32 57 28 9 24 54
82 15 23 43 2 23 47 25 28 38 14 24 16 0 4 40 16 31 20 24 4 36 18 18 40 21 18 33 33 19 21 23 24 21 34 13 11 56 28 11 20 39
43 13 23 45 4 40 30 29 12 22 4 26 36 4 0 58 5 30 31 33 19 22 22 35 26 25 17 58 26 33 26 48 18 60 52 24 7 52 30 18 18 52
60 32 53 38 50 29 6 51 26 60 47 50 36 29 31 0 33 20 29 19 43 65 21 22 19 40 34 13 8 4 37 5 18 30 91 55 42 14 21 58 26 38
55 20 32 30 11 40 22 40 8 63 2 37 41 16 8 49 0 45 31 32 14 40 11 14 31 57 26 22 26 24 32 38 11 48 47 31 8 53 21 31 21 48
29 16 10 3 17 5 22 12 38 18 33 20 22 27 32 34 29 0 11 6 25 28 12 20 22 18 14 10 20 25 9 26 14 12 23 30 28 9 23 37 4 14
24 17 13 9 12 7 16 16 17 25 23 32 24 22 14 21 21 9 0 19 12 51 15 4 23 38 12 13 20 18 21 15 7 19 51 17 27 27 9 25 4 33
38 28 18 4 21 8 15 27 44 17 38 27 59 44 31 25 23 6 7 0 33 40 26 22 28 23 22 1 15 14 8 11 26 4 62 27 41 4 28 43 15 15
40 17 10 40 11 32 55 17 30 19 27 38 15 11 7 34 9 25 27 48 0 24 8 37 18 42 9 33 25 25 39 28 13 46 29 9 18 40 27 5 27 65
32 30 26 46 29 29 66 20 47 32 50 38 6 26 22 49 37 32 25 25 21 0 33 23 75 25 14 59 55 41 48 32 19 39 11 21 17 70 54 8 44 59
57 7 14 18 9 15 17 31 10 16 12 24 18 15 10 25 19 13 9 22 10 33 0 9 29 50 15 38 18 23 34 17 7 29 39 18 6 27 5 26 12 38
32 7 23 21 24 6 15 23 12 25 27 24 42 23 31 12 33 13 4 19 29 27 7 0 12 39 13 11 7 13 11 14 12 16 32 32 26 27 7 24 14 45
66 16 35 27 32 28 20 49 9 48 17 57 52 21 18 8 26 16 22 26 38 52 11 13 0 36 24 32 6 20 26 10 33 38 53 41 23 43 14 51 36 48
14 29 11 26 57 15 22 18 41 5 55 7 32 21 34 46 31 28 27 37 40 17 39 41 33 0 36 19 41 49 19 29 17 13 22 15 40 17 51 47 27 25
54 23 5 24 15 13 36 23 20 24 20 23 18 12 11 51 20 23 16 33 7 25 19 17 23 33 0 17 35 52 20 39 13 19 22 6 20 31 20 8 24 40
23 34 31 8 21 10 9 31 33 13 34 12 47 32 43 25 54 16 19 2 26 62 29 12 43 25 23 0 20 21 9 26 15 2 56 23 29 3 30 51 9 33
41 9 37 30 32 11 10 20 25 23 37 40 53 28 25 13 17 17 17 29 35 52 16 13 9 51 43 28 0 9 40 3 14 13 58 36 18 34 8 44 16 32
27 16 38 32 19 23 5 26 14 47 27 31 67 46 51 3 26 29 12 23 50 32 34 9 13 45 44 19 7 0 36 7 17 19 30 51 44 21 15 31 21 59
18 35 20 6 31 8 35 19 25 13 24 11 28 17 21 39 26 5 10 9 26 20 23 16 37 19 25 17 33 20 0 35 21 10 38 30 29 19 30 21 6 18
51 18 20 15 34 22 14 46 30 20 15 29 67 39 39 10 22 25 17 24 50 26 24 12 12 39 38 11 3 6 39 0 23 26 30 27 19 26 7 45 22 64
21 17 17 11 9 13 29 17 21 18 23 28 33 27 21 16 18 10 5 23 12 21 10 17 25 31 6 28 13 17 8 14 0 24 32 11 11 14 5 14 12 51
12 39 30 10 53 8 15 34 49 28 50 18 49 44 44 19 47 7 16 4 27 52 23 12 20 15 21 2 13 26 7 25 26 0 40 20 51 3 19 30 7 22
39 32 13 54 17 37 60 24 27 29 62 20 4 44 27 49 33 23 47 67 33 6 20 23 79 35 33 29 66 72 26 66 28 24 0 30 26 71 30 14 22 56
34 18 5 27 17 32 20 13 31 13 18 16 13 21 11 31 26 29 12 24 5 16 15 34 25 25 4 22 49 32 14 36 7 46 25 0 19 39 17 9 13 52
42 18 26 30 3 23 29 32 15 54 8 29 46 8 4 42 4 32 11 30 14 17 9 20 34 35 13 23 14 32 31 35 8 51 46 16 0 33 14 14 32 35
32 25 31 13 43 7 18 30 36 22 26 26 35 41 52 22 34 16 24 4 22 24 19 25 19 37 48 4 35 29 20 29 20 3 67 37 31 0 17 36 17 19
29 7 29 30 14 13 19 30 12 16 22 19 32 25 17 20 25 24 4 27 16 34 3 5 23 24 10 24 7 26 34 18 7 29 63 32 13 36 0 15 14 47
48 26 11 21 9 26 45 11 16 19 25 42 22 6 24 48 22 23 32 54 4 14 10 15 54 20 12 28 24 35 26 41 26 22 11 4 25 42 14 0 35 32
29 23 21 8 31 5 25 18 29 18 27 25 42 33 43 28 18 2 5 9 29 48 14 9 27 23 18 16 24 15 10 22 5 13 21 10 17 13 10 25 0 21
0 65 20 33 61 41 42 19 73 23 77 9 26 29 37 51 61 18 31 27 64 49 42 48 75 25 30 17 67 39 26 57 39 31 49 35 32 25 64 39 39 0