7
40
,
0 (42.0, 28.0) 37.0
1 (17.0, 33.0) 46.0
2 (19.0, 15.0) 39.0
3 (32.0, 44.0) 55.0
4 (27.0, 16.0) 46.0
5 (38.0, 4.0) 40.0
6 (8.0, 29.0) 55.0
7 (46.0, 33.0) 30.0
8 (5.0, 20.0) 47.0
9 (43.0, 40.0) 74.0
10 (5.0, 16.0) 48.0
11 (6.0, 45.0) 86.0
12 (31.0, 45.0) 81.0
13 (37.0, 45.0) 57.0
14 (45.0, 6.0) 32.0
15 (42.0, 42.0) 53.0
16 (21.0, 18.0) 79.0
17 (29.0, 21.0) 51.0
18 (24.0, 9.0) 48.0
19 (24.0, 43.0) 82.0
20 (7.0, 49.0) 52.0
21 (34.0, 30.0) 61.0
22 (35.0, 19.0) 31.0
23 (50.0, 19.0) 44.0
24 (0.0, 19.0) 63.0
25 (22.0, 37.0) 45.0
26 (23.0, 7.0) 80.0
27 (43.0, 15.0) 44.0
28 (42.0, 8.0) 88.0
29 (15.0, 17.0) 36.0
30 (43.0, 13.0) 39.0
31 (27.0, 27.0) 84.0
32 (21.0, 7.0) 41.0
33 (0.0, 47.0) 44.0
34 (18.0, 38.0) 67.0
35 (37.0, 40.0) 47.0
36 (22.0, 4.0) 63.0
37 (36.0, 25.0) 78.0
38 (21.0, 45.0) 67.0
39 (24.0, 19.0) 41.0
,
0 25 19 12 27 16 19 15 28 10 29 8 23 27 29 23 30 14 18 13 25 25 23 20 27 10 22 12 23 21 11 22 19 11 24 21 27 11 22 25 15 0
25 0 13 13 9 10 12 17 3 19 6 19 20 10 9 11 7 12 7 13 12 20 4 6 6 21 11 14 7 10 15 8 8 15 23 13 6 16 3 14 10 25
19 13 0 9 9 10 18 5 14 9 13 10 8 9 12 19 13 8 8 12 6 9 9 11 18 11 3 13 16 18 8 16 6 13 11 3 11 15 10 6 8 19
12 13 9 0 16 4 11 9 16 7 17 7 16 16 17 14 18 2 6 4 14 18 11 8 16 10 11 4 12 12 2 12 7 4 19 12 15 6 10 15 3 12
27 9 9 16 0 14 20 14 9 18 6 19 13 1 3 20 5 14 12 18 4 13 7 13 15 20 6 19 16 19 16 16 9 19 16 8 3 21 10 6 13 27
16 10 10 4 14 0 8 12 13 11 14 11 18 15 15 10 15 3 3 4 14 19 8 4 12 14 11 5 8 8 6 8 6 5 21 12 13 6 6 15 2 16
19 12 18 11 20 8 0 20 15 18 18 18 26 21 21 4 19 11 10 7 21 27 13 8 10 20 18 8 6 3 13 5 13 9 29 20 18 8 11 22 10 19
15 17 5 9 14 12 20 0 19 5 18 7 8 14 17 22 18 9 11 13 11 10 13 14 22 6 8 13 19 20 7 19 10 13 10 7 16 14 14 10 9 15
28 3 14 16 9 13 15 19 0 22 4 22 21 10 8 14 5 15 10 16 12 21 6 9 7 24 12 17 9 13 17 10 10 18 24 14 6 19 6 14 13 28
10 19 9 7 18 11 18 5 22 0 21 2 13 18 20 21 22 8 12 11 15 15 15 15 23 3 12 11 19 19 5 19 12 10 14 11 19 12 16 15 10 10
29 6 13 17 6 14 18 18 4 21 0 22 19 6 4 17 1 16 12 18 10 19 7 11 11 24 11 19 12 16 18 14 10 20 22 13 3 21 8 11 14 29
8 19 10 7 19 11 18 7 22 2 22 0 15 19 22 21 23 8 12 10 17 17 16 15 23 3 14 10 19 19 5 19 12 9 16 13 20 10 16 17 10 8
23 20 8 16 13 18 26 8 21 13 19 15 0 12 16 28 18 15 17 20 9 2 16 19 26 13 9 21 24 26 15 24 14 20 3 7 16 22 18 8 16 23
27 10 9 16 1 15 21 14 10 18 6 19 12 0 3 21 6 14 12 18 4 12 8 13 16 20 6 19 16 19 16 17 9 20 16 7 4 21 10 5 13 27
29 9 12 17 3 15 21 17 8 20 4 22 16 3 0 20 3 16 13 19 7 15 8 13 15 23 8 20 15 19 18 16 10 21 19 10 2 22 10 8 15 29
23 11 19 14 20 10 4 22 14 21 17 21 28 21 20 0 18 13 11 11 21 29 13 8 7 23 19 11 5 2 16 4 14 12 30 21 17 12 11 23 12 23
30 7 13 18 5 15 19 18 5 22 1 23 18 6 3 18 0 16 12 19 9 18 7 12 12 24 10 20 14 17 18 15 11 20 21 12 3 21 9 11 15 30
14 12 8 2 14 3 11 9 15 8 16 8 15 14 16 13 16 0 4 5 13 17 9 7 15 11 10 6 11 12 3 11 5 6 18 10 14 7 8 14 2 14
18 7 8 6 12 3 10 11 10 12 12 12 17 12 13 11 12 4 0 6 11 18 5 3 11 15 9 8 8 9 7 8 3 8 19 10 10 9 4 13 3 18
13 13 12 4 18 4 7 13 16 11 18 10 20 18 19 11 19 5 6 0 17 22 12 7 14 13 14 1 10 9 6 10 9 2 22 15 17 3 10 18 5 13
25 12 6 14 4 14 21 11 12 15 10 17 9 4 7 21 9 13 11 17 0 9 8 13 18 17 3 18 17 20 14 18 8 18 12 4 7 20 11 2 12 25
25 20 9 18 13 19 27 10 21 15 19 17 2 12 15 29 18 17 18 22 9 0 17 21 26 15 10 22 25 27 16 25 15 22 4 8 16 24 19 7 17 25
23 4 9 11 7 8 13 13 6 15 7 16 16 8 8 13 7 9 5 12 8 17 0 6 10 18 7 13 9 12 12 10 4 13 19 9 5 14 3 10 7 23
20 6 11 8 13 4 8 14 9 15 11 15 19 13 13 8 12 7 3 7 13 21 6 0 8 18 11 8 4 7 10 5 6 9 22 13 11 10 3 15 6 20
27 6 18 16 15 12 10 22 7 23 11 23 26 16 15 7 12 15 11 14 18 26 10 8 0 25 17 15 4 7 18 5 12 16 29 19 12 16 8 19 13 27
10 21 11 10 20 14 20 6 24 3 24 3 13 20 23 23 24 11 15 13 17 15 18 18 25 0 14 13 22 22 8 22 14 12 14 13 21 13 18 17 12 10
22 11 3 11 6 11 18 8 12 12 11 14 9 6 8 19 10 10 9 14 3 10 7 11 17 14 0 15 15 18 11 16 6 15 12 2 8 16 9 4 9 22
12 14 13 4 19 5 8 13 17 11 19 10 21 19 20 11 20 6 8 1 18 22 13 8 15 13 15 0 11 10 6 10 10 1 23 16 18 2 11 19 6 12
23 7 16 12 16 8 6 19 9 19 12 19 24 16 15 5 14 11 8 10 17 25 9 4 4 22 15 11 0 4 14 1 10 12 27 17 13 12 6 19 10 23
21 10 18 12 19 8 3 20 13 19 16 19 26 19 19 2 17 12 9 9 20 27 12 7 7 22 18 10 4 0 14 3 12 11 29 19 16 10 9 21 11 21
11 15 8 2 16 6 13 7 17 5 18 5 15 16 18 16 18 3 7 6 14 16 12 10 18 8 11 6 14 14 0 14 8 6 17 11 16 7 11 14 5 11
22 8 16 12 16 8 5 19 10 19 14 19 24 17 16 4 15 11 8 10 18 25 10 5 5 22 16 10 1 3 14 0 11 11 27 18 14 11 7 19 10 22
19 8 6 7 9 6 13 10 10 12 10 12 14 9 10 14 11 5 3 9 8 15 4 6 12 14 6 10 10 12 8 11 0 10 17 7 8 12 5 9 4 19
11 15 13 4 19 5 9 13 18 10 20 9 20 20 21 12 20 6 8 2 18 22 13 9 16 12 15 1 12 11 6 11 10 0 23 16 18 2 12 19 6 11
24 23 11 19 16 21 29 10 24 14 22 16 3 16 19 30 21 18 19 22 12 4 19 22 29 14 12 23 27 29 17 27 17 23 0 10 19 24 21 11 18 24
21 13 3 12 8 12 20 7 14 11 13 13 7 7 10 21 12 10 10 15 4 8 9 13 19 13 2 16 17 19 11 18 7 16 10 0 10 17 11 4 10 21
27 6 11 15 3 13 18 16 6 19 3 20 16 4 2 17 3 14 10 17 7 16 5 11 12 21 8 18 13 16 16 14 8 18 19 10 0 20 8 8 12 27
11 16 15 6 21 6 8 14 19 12 21 10 22 21 22 12 21 7 9 3 20 24 14 10 16 13 16 2 12 10 7 11 12 2 24 17 20 0 13 21 8 11
22 3 10 10 10 6 11 14 6 16 8 16 18 10 10 11 9 8 4 10 11 19 3 3 8 18 9 11 6 9 11 7 5 12 21 11 8 13 0 12 7 22
25 14 6 15 6 15 22 10 14 15 11 17 8 5 8 23 11 14 13 18 2 7 10 15 19 17 4 19 19 21 14 19 9 19 11 4 8 21 12 0 13 25
15 10 8 3 13 2 10 9 13 10 14 10 16 13 15 12 15 2 3 5 12 17 7 6 13 12 9 6 10 11 5 10 4 6 18 10 12 8 7 13 0 15
0 25 19 12 27 16 19 15 28 10 29 8 23 27 29 23 30 14 18 13 25 25 23 20 27 10 22 12 23 21 11 22 19 11 24 21 27 11 22 25 15 0
,
0 47 32 32 48 44 55 26 55 23 38 10 26 80 63 60 47 37 28 25 30 44 29 50 40 19 61 18 51 24 19 57 50 13 46 45 55 21 42 72 38 0
75 0 18 15 22 18 15 31 9 53 16 23 57 20 15 14 9 22 13 26 25 60 11 13 8 63 18 17 12 25 19 13 20 15 60 26 8 21 8 23 17 66
33 19 0 18 22 14 45 13 40 19 19 24 18 10 31 55 14 18 13 35 9 15 9 32 42 30 8 18 19 24 11 21 9 38 29 5 26 31 27 13 10 19
23 29 26 0 34 7 14 14 22 11 26 19 33 19 42 20 41 5 10 8 36 20 30 9 24 12 21 7 20 28 2 21 10 9 56 21 19 11 12 42 9 18
71 27 12 37 0 31 28 24 11 39 6 48 14 1 3 41 5 32 34 51 11 29 15 29 18 58 14 42 32 28 45 48 11 27 29 21 8 30 13 11 38 57
31 10 14 6 34 0 22 15 16 27 37 19 53 41 27 23 28 5 4 9 35 50 12 13 20 32 12 5 18 20 9 16 9 16 38 25 20 14 12 35 5 42
32 14 41 13 59 23 0 41 38 33 47 49 49 28 55 11 32 16 25 20 37 62 17 12 27 46 20 11 10 8 39 11 31 20 81 25 19 11 23 34 28 29
29 46 13 17 31 32 20 0 23 8 34 18 20 17 25 30 37 23 30 22 14 24 15 19 30 8 17 21 31 48 21 36 14 16 12 11 43 40 31 16 13 39
70 6 43 22 21 19 28 37 0 51 11 52 57 19 19 26 12 38 23 28 32 33 15 21 13 66 13 18 27 32 22 17 22 42 25 27 16 56 11 40 13 84
12 56 11 12 41 22 31 9 62 0 33 6 19 39 28 32 50 8 23 33 40 26 20 40 62 5 20 28 27 39 12 30 32 12 30 13 51 34 27 44 27 11
48 13 36 50 14 27 36 37 11 47 0 49 24 17 10 17 2 34 12 37 20 41 10 15 17 29 29 47 13 20 48 27 28 40 22 22 6 41 13 15 35 79
25 38 15 8 27 18 44 16 29 2 24 0 36 33 52 58 57 21 16 18 44 42 29 41 46 7 19 23 31 53 9 33 19 13 43 34 42 26 24 38 13 9
25 55 9 24 31 18 33 20 26 26 35 40 0 19 26 38 54 38 23 39 14 6 17 47 31 35 18 50 37 26 26 70 17 34 9 11 35 33 21 11 29 51
59 17 20 22 2 27 36 25 27 29 13 46 13 0 3 45 7 25 16 20 4 21 20 26 25 46 16 40 44 40 44 49 27 30 42 12 7 53 26 8 24 61
59 22 13 31 6 45 35 46 15 59 12 55 42 7 0 49 8 17 38 48 13 29 17 26 35 68 24 28 16 36 38 48 26 43 31 23 4 53 18 24 26 60
23 23 56 31 27 30 10 31 20 55 41 57 52 40 44 0 26 22 32 23 36 73 27 18 11 45 31 14 12 3 19 10 30 31 41 45 45 32 17 52 30 31
63 9 19 27 15 33 29 43 5 49 3 54 31 16 5 38 0 32 16 19 20 24 11 19 21 24 23 56 34 32 38 36 30 48 58 25 4 23 24 19 31 68
31 30 8 3 29 5 21 24 40 18 24 9 28 31 21 25 46 0 11 5 24 48 12 8 19 26 25 12 12 16 7 30 14 7 52 19 21 7 23 22 2 36
21 8 19 14 15 3 11 28 28 19 33 30 41 19 13 22 28 8 0 19 29 34 12 7 16 37 19 13 12 12 9 9 7 22 33 21 19 20 6 18 8 47
18 39 35 11 35 8 21 20 47 31 23 28 55 29 38 12 54 9 11 0 39 33 12 15 18 25 15 3 22 24 18 23 9 3 56 28 40 5 26 35 15 32
69 21 11 28 8 37 48 21 34 33 28 18 11 9 20 52 13 19 29 39 0 19 9 33 46 33 5 47 32 21 28 36 9 45 30 9 7 55 18 4 14 70
27 55 13 38 34 36 37 29 37 28 46 43 3 16 19 35 21 31 48 28 18 0 42 46 60 41 12 48 63 35 35 75 16 36 11 10 37 53 33 18 24 58
55 8 26 13 16 22 35 26 18 40 13 28 20 8 21 24 21 12 11 22 14 45 0 6 13 20 14 30 14 22 32 23 8 22 49 21 12 25 5 12 18 50
34 9 22 19 37 10 14 35 13 39 31 29 24 34 32 24 21 21 4 10 30 33 12 0 18 20 16 19 7 13 19 8 12 22 37 35 13 15 3 18 7 44
63 17 34 24 46 20 22 55 17 40 17 48 27 43 23 10 15 29 31 27 49 54 25 11 0 45 32 27 7 18 43 6 32 22 60 33 31 44 8 34 22 37
16 25 12 26 21 32 33 12 24 6 32 4 34 48 30 59 25 30 17 32 26 30 32 34 71 0 35 30 27 44 8 54 22 14 25 24 32 37 20 42 27 10
64 33 5 31 10 32 34 22 33 21 27 31 26 16 11 33 16 19 18 41 4 29 18 22 35 16 0 18 31 41 20 41 12 19 31 2 23 28 11 10 22 65
26 15 34 9 34 9 9 17 24 15 38 23 52 22 32 27 35 14 12 2 38 67 14 11 27 33 22 0 14 18 16 23 27 2 35 44 37 4 23 47 10 26
35 16 26 27 34 11 8 40 15 52 24 20 35 33 41 7 30 32 11 16 33 62 10 6 7 55 21 18 0 7 28 1 19 22 51 18 32 21 7 25 21 51
24 13 50 21 23 18 5 23 32 55 21 56 40 52 36 3 39 18 20 17 47 42 16 18 18 40 42 22 5 0 30 5 26 11 44 51 30 24 16 31 32 57
13 19 21 5 23 11 38 8 51 9 51 9 32 38 25 47 49 8 22 15 29 40 22 23 46 13 20 16 30 24 0 20 22 17 43 31 38 11 20 41 12 32
31 10 29 24 33 19 13 27 23 43 16 25 60 35 24 4 22 22 18 15 25 74 24 6 5 63 18 12 2 7 21 0 25 13 48 18 22 20 20 41 26 36
36 9 6 11 20 7 13 18 23 26 20 28 22 14 10 31 18 6 7 17 12 40 7 7 14 26 7 19 15 14 22 26 0 22 33 7 18 22 9 26 5 46
26 41 29 8 47 9 13 26 52 20 57 21 41 45 50 20 44 11 8 3 40 37 23 27 40 35 16 1 12 19 12 15 23 0 35 34 30 4 12 47 7 24
32 69 15 50 17 38 56 12 39 40 57 19 5 35 52 80 55 40 33 50 16 7 39 31 45 40 28 56 38 50 24 49 38 39 0 25 46 37 47 19 48 25
50 35 5 26 13 34 37 16 17 33 16 28 17 16 26 43 29 28 28 27 9 11 27 16 40 26 2 34 43 35 21 19 17 23 22 0 25 42 12 7 28 54
40 15 21 28 4 37 45 43 13 34 3 58 20 9 3 45 6 35 16 17 15 43 14 12 21 61 11 41 17 23 34 34 10 47 31 23 0 47 13 20 14 33
13 44 22 8 26 11 9 33 30 24 33 15 56 27 31 33 45 20 18 4 23 37 20 23 34 36 29 3 24 16 12 22 19 5 52 21 37 0 28 46 15 16
52 4 17 20 19 12 14 33 16 21 24 20 27 20 28 29 9 14 12 17 32 19 5 8 15 48 13 33 17 18 26 13 11 28 58 24 12 35 0 36 13 26
55 38 15 23 12 29 59 11 21 37 31 32 9 15 19 36 12 26 24 18 3 11 27 24 45 32 4 54 23 48 24 54 12 31 30 6 18 52 34 0 15 41
17 30 20 9 29 5 13 19 18 13 18 21 35 24 24 14 31 4 6 5 24 30 19 12 18 30 13 18 20 25 13 14 5 10 36 26 29 22 12 23 0 16
0 36 40 17 42 36 32 44 33 13 42 15 52 53 44 43 47 39 26 32 49 41 51 50 67 12 61 32 54 57 31 55 32 32 45 41 68 13 59 43 32 0