7
40
,
0 (42.0, 28.0) 55.0
1 (17.0, 33.0) 49.0
2 (19.0, 15.0) 51.0
3 (32.0, 44.0) 34.0
4 (27.0, 16.0) 88.0
5 (38.0, 4.0) 64.0
6 (8.0, 29.0) 66.0
7 (46.0, 33.0) 33.0
8 (5.0, 20.0) 61.0
9 (43.0, 40.0) 45.0
10 (5.0, 16.0) 44.0
11 (6.0, 45.0) 51.0
12 (31.0, 45.0) 33.0
13 (37.0, 45.0) 38.0
14 (45.0, 6.0) 31.0
15 (42.0, 42.0) 33.0
16 (21.0, 18.0) 63.0
17 (29.0, 21.0) 39.0
18 (24.0, 9.0) 81.0
19 (24.0, 43.0) 50.0
20 (7.0, 49.0) 53.0
21 (34.0, 30.0) 60.0
22 (35.0, 19.0) 41.0
23 (50.0, 19.0) 50.0
24 (0.0, 19.0) 63.0
25 (22.0, 37.0) 46.0
26 (23.0, 7.0) 79.0
27 (43.0, 15.0) 86.0
28 (42.0, 8.0) 53.0
29 (15.0, 17.0) 57.0
30 (43.0, 13.0) 76.0
31 (27.0, 27.0) 35.0
32 (21.0, 7.0) 64.0
33 (0.0, 47.0) 64.0
34 (18.0, 38.0) 68.0
35 (37.0, 40.0) 33.0
36 (22.0, 4.0) 86.0
37 (36.0, 25.0) 60.0
38 (21.0, 45.0) 41.0
39 (24.0, 19.0) 47.0
,
0 25 19 12 27 16 19 15 28 10 29 8 23 27 29 23 30 14 18 13 25 25 23 20 27 10 22 12 23 21 11 22 19 11 24 21 27 11 22 25 15 0
25 0 13 13 9 10 12 17 3 19 6 19 20 10 9 11 7 12 7 13 12 20 4 6 6 21 11 14 7 10 15 8 8 15 23 13 6 16 3 14 10 25
19 13 0 9 9 10 18 5 14 9 13 10 8 9 12 19 13 8 8 12 6 9 9 11 18 11 3 13 16 18 8 16 6 13 11 3 11 15 10 6 8 19
12 13 9 0 16 4 11 9 16 7 17 7 16 16 17 14 18 2 6 4 14 18 11 8 16 10 11 4 12 12 2 12 7 4 19 12 15 6 10 15 3 12
27 9 9 16 0 14 20 14 9 18 6 19 13 1 3 20 5 14 12 18 4 13 7 13 15 20 6 19 16 19 16 16 9 19 16 8 3 21 10 6 13 27
16 10 10 4 14 0 8 12 13 11 14 11 18 15 15 10 15 3 3 4 14 19 8 4 12 14 11 5 8 8 6 8 6 5 21 12 13 6 6 15 2 16
19 12 18 11 20 8 0 20 15 18 18 18 26 21 21 4 19 11 10 7 21 27 13 8 10 20 18 8 6 3 13 5 13 9 29 20 18 8 11 22 10 19
15 17 5 9 14 12 20 0 19 5 18 7 8 14 17 22 18 9 11 13 11 10 13 14 22 6 8 13 19 20 7 19 10 13 10 7 16 14 14 10 9 15
28 3 14 16 9 13 15 19 0 22 4 22 21 10 8 14 5 15 10 16 12 21 6 9 7 24 12 17 9 13 17 10 10 18 24 14 6 19 6 14 13 28
10 19 9 7 18 11 18 5 22 0 21 2 13 18 20 21 22 8 12 11 15 15 15 15 23 3 12 11 19 19 5 19 12 10 14 11 19 12 16 15 10 10
29 6 13 17 6 14 18 18 4 21 0 22 19 6 4 17 1 16 12 18 10 19 7 11 11 24 11 19 12 16 18 14 10 20 22 13 3 21 8 11 14 29
8 19 10 7 19 11 18 7 22 2 22 0 15 19 22 21 23 8 12 10 17 17 16 15 23 3 14 10 19 19 5 19 12 9 16 13 20 10 16 17 10 8
23 20 8 16 13 18 26 8 21 13 19 15 0 12 16 28 18 15 17 20 9 2 16 19 26 13 9 21 24 26 15 24 14 20 3 7 16 22 18 8 16 23
27 10 9 16 1 15 21 14 10 18 6 19 12 0 3 21 6 14 12 18 4 12 8 13 16 20 6 19 16 19 16 17 9 20 16 7 4 21 10 5 13 27
29 9 12 17 3 15 21 17 8 20 4 22 16 3 0 20 3 16 13 19 7 15 8 13 15 23 8 20 15 19 18 16 10 21 19 10 2 22 10 8 15 29
23 11 19 14 20 10 4 22 14 21 17 21 28 21 20 0 18 13 11 11 21 29 13 8 7 23 19 11 5 2 16 4 14 12 30 21 17 12 11 23 12 23
30 7 13 18 5 15 19 18 5 22 1 23 18 6 3 18 0 16 12 19 9 18 7 12 12 24 10 20 14 17 18 15 11 20 21 12 3 21 9 11 15 30
14 12 8 2 14 3 11 9 15 8 16 8 15 14 16 13 16 0 4 5 13 17 9 7 15 11 10 6 11 12 3 11 5 6 18 10 14 7 8 14 2 14
18 7 8 6 12 3 10 11 10 12 12 12 17 12 13 11 12 4 0 6 11 18 5 3 11 15 9 8 8 9 7 8 3 8 19 10 10 9 4 13 3 18
13 13 12 4 18 4 7 13 16 11 18 10 20 18 19 11 19 5 6 0 17 22 12 7 14 13 14 1 10 9 6 10 9 2 22 15 17 3 10 18 5 13
25 12 6 14 4 14 21 11 12 15 10 17 9 4 7 21 9 13 11 17 0 9 8 13 18 17 3 18 17 20 14 18 8 18 12 4 7 20 11 2 12 25
25 20 9 18 13 19 27 10 21 15 19 17 2 12 15 29 18 17 18 22 9 0 17 21 26 15 10 22 25 27 16 25 15 22 4 8 16 24 19 7 17 25
23 4 9 11 7 8 13 13 6 15 7 16 16 8 8 13 7 9 5 12 8 17 0 6 10 18 7 13 9 12 12 10 4 13 19 9 5 14 3 10 7 23
20 6 11 8 13 4 8 14 9 15 11 15 19 13 13 8 12 7 3 7 13 21 6 0 8 18 11 8 4 7 10 5 6 9 22 13 11 10 3 15 6 20
27 6 18 16 15 12 10 22 7 23 11 23 26 16 15 7 12 15 11 14 18 26 10 8 0 25 17 15 4 7 18 5 12 16 29 19 12 16 8 19 13 27
10 21 11 10 20 14 20 6 24 3 24 3 13 20 23 23 24 11 15 13 17 15 18 18 25 0 14 13 22 22 8 22 14 12 14 13 21 13 18 17 12 10
22 11 3 11 6 11 18 8 12 12 11 14 9 6 8 19 10 10 9 14 3 10 7 11 17 14 0 15 15 18 11 16 6 15 12 2 8 16 9 4 9 22
12 14 13 4 19 5 8 13 17 11 19 10 21 19 20 11 20 6 8 1 18 22 13 8 15 13 15 0 11 10 6 10 10 1 23 16 18 2 11 19 6 12
23 7 16 12 16 8 6 19 9 19 12 19 24 16 15 5 14 11 8 10 17 25 9 4 4 22 15 11 0 4 14 1 10 12 27 17 13 12 6 19 10 23
21 10 18 12 19 8 3 20 13 19 16 19 26 19 19 2 17 12 9 9 20 27 12 7 7 22 18 10 4 0 14 3 12 11 29 19 16 10 9 21 11 21
11 15 8 2 16 6 13 7 17 5 18 5 15 16 18 16 18 3 7 6 14 16 12 10 18 8 11 6 14 14 0 14 8 6 17 11 16 7 11 14 5 11
22 8 16 12 16 8 5 19 10 19 14 19 24 17 16 4 15 11 8 10 18 25 10 5 5 22 16 10 1 3 14 0 11 11 27 18 14 11 7 19 10 22
19 8 6 7 9 6 13 10 10 12 10 12 14 9 10 14 11 5 3 9 8 15 4 6 12 14 6 10 10 12 8 11 0 10 17 7 8 12 5 9 4 19
11 15 13 4 19 5 9 13 18 10 20 9 20 20 21 12 20 6 8 2 18 22 13 9 16 12 15 1 12 11 6 11 10 0 23 16 18 2 12 19 6 11
24 23 11 19 16 21 29 10 24 14 22 16 3 16 19 30 21 18 19 22 12 4 19 22 29 14 12 23 27 29 17 27 17 23 0 10 19 24 21 11 18 24
21 13 3 12 8 12 20 7 14 11 13 13 7 7 10 21 12 10 10 15 4 8 9 13 19 13 2 16 17 19 11 18 7 16 10 0 10 17 11 4 10 21
27 6 11 15 3 13 18 16 6 19 3 20 16 4 2 17 3 14 10 17 7 16 5 11 12 21 8 18 13 16 16 14 8 18 19 10 0 20 8 8 12 27
11 16 15 6 21 6 8 14 19 12 21 10 22 21 22 12 21 7 9 3 20 24 14 10 16 13 16 2 12 10 7 11 12 2 24 17 20 0 13 21 8 11
22 3 10 10 10 6 11 14 6 16 8 16 18 10 10 11 9 8 4 10 11 19 3 3 8 18 9 11 6 9 11 7 5 12 21 11 8 13 0 12 7 22
25 14 6 15 6 15 22 10 14 15 11 17 8 5 8 23 11 14 13 18 2 7 10 15 19 17 4 19 19 21 14 19 9 19 11 4 8 21 12 0 13 25
15 10 8 3 13 2 10 9 13 10 14 10 16 13 15 12 15 2 3 5 12 17 7 6 13 12 9 6 10 11 5 10 4 6 18 10 12 8 7 13 0 15
0 25 19 12 27 16 19 15 28 10 29 8 23 27 29 23 30 14 18 13 25 25 23 20 27 10 22 12 23 21 11 22 19 11 24 21 27 11 22 25 15 0
,
0 33 28 28 42 39 25 43 68 22 67 9 61 59 59 36 76 30 34 15 68 42 60 56 78 15 40 25 53 61 20 48 34 30 55 58 29 14 63 59 44 0
34 0 20 28 26 22 16 23 4 29 17 52 48 12 22 16 8 12 16 18 15 22 11 16 7 61 17 32 15 28 41 17 20 38 50 23 18 20 8 40 12 29
35 31 0 13 20 18 37 5 33 11 33 29 10 14 13 29 33 12 9 25 14 27 25 21 32 20 4 36 32 32 10 42 15 18 29 5 16 27 26 18 13 38
30 14 18 0 18 10 14 17 22 15 32 21 27 32 35 17 27 5 7 8 17 48 14 11 43 26 18 10 34 16 3 25 12 12 30 18 15 13 12 23 6 15
31 28 15 30 0 22 31 19 15 43 8 47 16 1 4 58 12 36 19 54 5 26 15 14 16 39 11 49 45 19 33 42 14 53 45 17 8 45 15 7 28 79
28 10 18 8 41 0 16 16 18 31 38 23 52 40 34 14 25 5 8 6 29 33 9 8 28 29 13 11 18 25 18 11 14 15 61 33 17 15 14 23 5 39
50 28 46 18 54 11 0 52 30 33 35 21 33 51 61 4 32 15 18 15 29 32 34 14 24 48 23 18 16 6 21 12 15 19 34 44 44 22 17 30 27 34
24 23 14 21 31 24 49 0 23 13 26 18 11 25 45 46 21 23 32 25 27 24 32 15 35 10 21 17 22 28 11 33 28 28 24 18 20 15 17 17 13 30
52 4 36 41 26 14 30 48 0 62 9 49 61 24 8 16 13 33 26 34 27 31 11 14 13 25 24 50 13 30 49 29 26 41 42 34 13 24 19 16 39 34
30 28 11 9 19 32 24 14 55 0 43 4 37 27 35 46 24 11 27 12 27 37 29 41 45 5 25 30 34 57 9 26 15 31 15 29 23 26 36 43 12 18
71 12 39 43 16 37 33 26 10 24 0 40 49 18 9 32 3 27 21 43 19 37 7 14 31 53 14 48 31 20 53 25 29 41 42 24 5 30 24 33 14 84
14 35 27 18 20 16 34 19 58 2 36 0 43 57 55 28 24 24 25 19 26 25 43 39 47 6 19 11 25 40 10 49 14 14 40 18 51 27 48 33 17 10
52 57 14 26 28 48 37 22 61 29 35 42 0 17 20 36 35 44 43 37 10 3 20 43 42 32 15 25 56 43 31 42 27 37 6 17 30 27 47 12 37 68
30 28 13 33 1 42 51 18 24 26 10 48 30 0 8 44 15 21 36 53 4 35 11 36 22 28 10 43 34 38 47 27 15 44 37 16 11 48 21 10 15 72
69 11 30 32 6 24 45 32 11 37 6 49 21 7 0 48 4 33 24 26 19 23 16 24 23 55 23 26 17 27 30 25 27 32 45 23 7 43 14 23 38 37
23 15 57 40 57 27 7 62 40 23 51 39 50 30 27 0 25 40 15 22 42 42 24 11 10 70 24 20 11 3 16 5 19 20 49 40 22 28 30 27 34 24
87 15 22 31 13 19 43 36 6 24 2 61 38 14 7 40 0 43 30 22 11 50 14 26 17 44 25 31 24 31 38 42 25 22 41 30 7 45 12 30 30 43
23 19 16 3 31 5 11 25 20 17 33 14 25 26 24 27 20 0 8 10 18 46 24 8 43 29 24 12 33 25 8 16 12 6 20 27 38 19 20 27 2 24
22 8 22 7 21 4 28 15 30 34 23 27 36 30 19 33 29 5 0 9 30 26 6 8 24 26 18 18 22 24 21 20 5 9 49 27 27 24 10 30 3 50
34 17 27 9 35 11 17 36 45 17 29 14 32 52 29 16 51 11 13 0 49 61 14 21 26 27 37 1 28 17 9 28 12 4 41 34 45 7 15 30 7 32
27 17 12 29 5 17 52 24 32 29 21 48 25 6 12 60 23 34 17 22 0 21 11 36 22 18 9 25 46 57 36 53 14 43 16 12 17 53 30 5 24 73
29 49 17 40 29 37 64 27 34 36 34 20 4 24 32 65 48 18 52 24 23 0 44 46 42 28 28 41 43 77 23 59 33 25 11 15 33 39 39 15 39 56
36 6 22 20 10 19 29 19 10 29 18 34 20 13 18 26 14 25 14 13 8 17 0 9 10 41 10 15 10 31 14 20 8 16 32 12 6 33 5 15 16 53
56 16 30 21 21 8 23 18 20 29 33 18 42 22 36 8 21 8 8 12 27 60 8 0 13 24 22 22 10 14 30 10 6 11 36 21 20 16 6 30 15 32
48 15 26 25 35 18 27 31 10 34 31 50 69 17 17 12 17 17 18 16 41 58 15 15 0 29 25 36 9 8 29 7 36 40 46 48 32 35 18 39 27 29
13 30 24 18 33 37 60 12 67 6 66 4 40 51 66 64 45 25 30 28 38 25 53 52 61 0 18 32 35 49 15 42 19 19 17 17 28 19 19 28 17 27
47 15 9 14 15 30 20 19 23 32 16 16 12 7 24 35 29 19 16 35 5 12 19 16 31 38 0 22 35 46 25 42 14 44 12 6 9 42 12 11 14 38
18 29 15 13 52 14 22 21 43 17 39 11 32 38 53 13 54 7 13 3 21 33 16 15 24 29 39 0 23 16 14 20 13 3 25 38 33 5 24 46 13 20
47 18 38 24 22 17 13 34 10 29 34 52 43 35 25 10 30 29 22 15 25 41 26 7 5 36 38 18 0 7 24 2 28 22 38 31 26 21 11 36 18 27
43 25 53 29 29 15 6 31 18 29 30 27 54 49 28 3 21 14 18 16 56 64 31 11 12 65 32 22 5 0 29 3 15 30 83 34 19 27 20 40 18 25
19 42 9 6 21 11 38 12 21 6 41 10 41 43 41 43 24 6 21 8 20 38 14 16 49 20 15 17 19 27 0 20 16 12 50 14 39 22 16 31 12 15
53 15 36 35 46 22 10 52 13 35 33 45 61 28 35 5 33 19 24 20 21 34 21 14 10 27 27 19 2 6 37 0 14 13 60 30 38 34 11 31 25 63
50 10 15 12 16 9 34 24 20 29 27 15 32 27 13 32 11 10 7 13 13 29 10 14 18 35 9 26 11 22 15 20 0 20 36 8 17 18 14 12 11 49
32 17 30 11 53 6 19 35 51 20 35 22 34 53 25 22 51 8 23 2 38 66 30 13 30 16 39 1 17 18 8 15 28 0 25 46 54 4 33 56 16 27
36 46 15 49 42 28 43 25 72 19 34 28 9 19 38 39 50 44 20 35 15 8 27 29 52 20 18 57 33 53 49 80 35 60 0 14 51 53 28 22 23 46
60 31 4 13 18 25 54 16 33 29 31 32 12 19 16 41 16 21 14 19 10 18 12 15 20 26 4 29 34 29 25 50 17 39 13 0 18 21 22 7 24 35
33 11 13 24 9 39 49 45 16 30 7 31 41 8 4 30 4 38 16 34 12 26 12 20 24 28 10 19 36 25 46 24 17 39 49 16 0 55 12 17 29 50
26 26 37 9 36 15 22 30 20 24 28 16 48 33 55 32 46 11 14 6 52 45 41 13 36 22 22 5 30 29 19 33 26 3 53 30 46 0 22 44 10 23
45 8 20 12 22 13 13 29 17 21 17 22 44 13 27 14 16 12 4 25 32 39 4 5 12 36 25 29 11 22 11 12 12 27 47 26 18 24 0 22 8 64
33 21 10 45 7 30 50 17 32 29 17 32 10 10 13 31 32 27 30 34 4 12 18 33 44 34 9 24 40 49 40 57 16 56 14 5 21 51 16 0 13 29
41 27 20 3 30 4 22 14 22 12 19 12 24 30 33 20 19 2 3 6 33 20 18 10 15 23 17 17 25 21 10 18 5 14 55 24 36 19 11 18 0 33
0 61 37 31 45 35 43 19 57 27 32 22 48 69 77 33 57 39 52 26 52 38 25 30 45 19 38 26 53 25 22 63 25 32 31 60 80 24 50 29 34 0