7
40
,
0 (42.0, 28.0) 38.0
1 (17.0, 33.0) 79.0
2 (19.0, 15.0) 89.0
3 (32.0, 44.0) 40.0
4 (27.0, 16.0) 78.0
5 (38.0, 4.0) 78.0
6 (8.0, 29.0) 73.0
7 (46.0, 33.0) 34.0
8 (5.0, 20.0) 32.0
9 (43.0, 40.0) 43.0
10 (5.0, 16.0) 72.0
11 (6.0, 45.0) 47.0
12 (31.0, 45.0) 65.0
13 (37.0, 45.0) 46.0
14 (45.0, 6.0) 64.0
15 (42.0, 42.0) 58.0
16 (21.0, 18.0) 43.0
17 (29.0, 21.0) 33.0
18 (24.0, 9.0) 58.0
19 (24.0, 43.0) 34.0
20 (7.0, 49.0) 73.0
21 (34.0, 30.0) 89.0
22 (35.0, 19.0) 34.0
23 (50.0, 19.0) 43.0
24 (0.0, 19.0) 65.0
25 (22.0, 37.0) 83.0
26 (23.0, 7.0) 38.0
27 (43.0, 15.0) 31.0
28 (42.0, 8.0) 49.0
29 (15.0, 17.0) 88.0
30 (43.0, 13.0) 70.0
31 (27.0, 27.0) 81.0
32 (21.0, 7.0) 41.0
33 (0.0, 47.0) 49.0
34 (18.0, 38.0) 46.0
35 (37.0, 40.0) 40.0
36 (22.0, 4.0) 40.0
37 (36.0, 25.0) 86.0
38 (21.0, 45.0) 43.0
39 (24.0, 19.0) 48.0
,
0 25 19 12 27 16 19 15 28 10 29 8 23 27 29 23 30 14 18 13 25 25 23 20 27 10 22 12 23 21 11 22 19 11 24 21 27 11 22 25 15 0
25 0 13 13 9 10 12 17 3 19 6 19 20 10 9 11 7 12 7 13 12 20 4 6 6 21 11 14 7 10 15 8 8 15 23 13 6 16 3 14 10 25
19 13 0 9 9 10 18 5 14 9 13 10 8 9 12 19 13 8 8 12 6 9 9 11 18 11 3 13 16 18 8 16 6 13 11 3 11 15 10 6 8 19
12 13 9 0 16 4 11 9 16 7 17 7 16 16 17 14 18 2 6 4 14 18 11 8 16 10 11 4 12 12 2 12 7 4 19 12 15 6 10 15 3 12
27 9 9 16 0 14 20 14 9 18 6 19 13 1 3 20 5 14 12 18 4 13 7 13 15 20 6 19 16 19 16 16 9 19 16 8 3 21 10 6 13 27
16 10 10 4 14 0 8 12 13 11 14 11 18 15 15 10 15 3 3 4 14 19 8 4 12 14 11 5 8 8 6 8 6 5 21 12 13 6 6 15 2 16
19 12 18 11 20 8 0 20 15 18 18 18 26 21 21 4 19 11 10 7 21 27 13 8 10 20 18 8 6 3 13 5 13 9 29 20 18 8 11 22 10 19
15 17 5 9 14 12 20 0 19 5 18 7 8 14 17 22 18 9 11 13 11 10 13 14 22 6 8 13 19 20 7 19 10 13 10 7 16 14 14 10 9 15
28 3 14 16 9 13 15 19 0 22 4 22 21 10 8 14 5 15 10 16 12 21 6 9 7 24 12 17 9 13 17 10 10 18 24 14 6 19 6 14 13 28
10 19 9 7 18 11 18 5 22 0 21 2 13 18 20 21 22 8 12 11 15 15 15 15 23 3 12 11 19 19 5 19 12 10 14 11 19 12 16 15 10 10
29 6 13 17 6 14 18 18 4 21 0 22 19 6 4 17 1 16 12 18 10 19 7 11 11 24 11 19 12 16 18 14 10 20 22 13 3 21 8 11 14 29
8 19 10 7 19 11 18 7 22 2 22 0 15 19 22 21 23 8 12 10 17 17 16 15 23 3 14 10 19 19 5 19 12 9 16 13 20 10 16 17 10 8
23 20 8 16 13 18 26 8 21 13 19 15 0 12 16 28 18 15 17 20 9 2 16 19 26 13 9 21 24 26 15 24 14 20 3 7 16 22 18 8 16 23
27 10 9 16 1 15 21 14 10 18 6 19 12 0 3 21 6 14 12 18 4 12 8 13 16 20 6 19 16 19 16 17 9 20 16 7 4 21 10 5 13 27
29 9 12 17 3 15 21 17 8 20 4 22 16 3 0 20 3 16 13 19 7 15 8 13 15 23 8 20 15 19 18 16 10 21 19 10 2 22 10 8 15 29
23 11 19 14 20 10 4 22 14 21 17 21 28 21 20 0 18 13 11 11 21 29 13 8 7 23 19 11 5 2 16 4 14 12 30 21 17 12 11 23 12 23
30 7 13 18 5 15 19 18 5 22 1 23 18 6 3 18 0 16 12 19 9 18 7 12 12 24 10 20 14 17 18 15 11 20 21 12 3 21 9 11 15 30
14 12 8 2 14 3 11 9 15 8 16 8 15 14 16 13 16 0 4 5 13 17 9 7 15 11 10 6 11 12 3 11 5 6 18 10 14 7 8 14 2 14
18 7 8 6 12 3 10 11 10 12 12 12 17 12 13 11 12 4 0 6 11 18 5 3 11 15 9 8 8 9 7 8 3 8 19 10 10 9 4 13 3 18
13 13 12 4 18 4 7 13 16 11 18 10 20 18 19 11 19 5 6 0 17 22 12 7 14 13 14 1 10 9 6 10 9 2 22 15 17 3 10 18 5 13
25 12 6 14 4 14 21 11 12 15 10 17 9 4 7 21 9 13 11 17 0 9 8 13 18 17 3 18 17 20 14 18 8 18 12 4 7 20 11 2 12 25
25 20 9 18 13 19 27 10 21 15 19 17 2 12 15 29 18 17 18 22 9 0 17 21 26 15 10 22 25 27 16 25 15 22 4 8 16 24 19 7 17 25
23 4 9 11 7 8 13 13 6 15 7 16 16 8 8 13 7 9 5 12 8 17 0 6 10 18 7 13 9 12 12 10 4 13 19 9 5 14 3 10 7 23
20 6 11 8 13 4 8 14 9 15 11 15 19 13 13 8 12 7 3 7 13 21 6 0 8 18 11 8 4 7 10 5 6 9 22 13 11 10 3 15 6 20
27 6 18 16 15 12 10 22 7 23 11 23 26 16 15 7 12 15 11 14 18 26 10 8 0 25 17 15 4 7 18 5 12 16 29 19 12 16 8 19 13 27
10 21 11 10 20 14 20 6 24 3 24 3 13 20 23 23 24 11 15 13 17 15 18 18 25 0 14 13 22 22 8 22 14 12 14 13 21 13 18 17 12 10
22 11 3 11 6 11 18 8 12 12 11 14 9 6 8 19 10 10 9 14 3 10 7 11 17 14 0 15 15 18 11 16 6 15 12 2 8 16 9 4 9 22
12 14 13 4 19 5 8 13 17 11 19 10 21 19 20 11 20 6 8 1 18 22 13 8 15 13 15 0 11 10 6 10 10 1 23 16 18 2 11 19 6 12
23 7 16 12 16 8 6 19 9 19 12 19 24 16 15 5 14 11 8 10 17 25 9 4 4 22 15 11 0 4 14 1 10 12 27 17 13 12 6 19 10 23
21 10 18 12 19 8 3 20 13 19 16 19 26 19 19 2 17 12 9 9 20 27 12 7 7 22 18 10 4 0 14 3 12 11 29 19 16 10 9 21 11 21
11 15 8 2 16 6 13 7 17 5 18 5 15 16 18 16 18 3 7 6 14 16 12 10 18 8 11 6 14 14 0 14 8 6 17 11 16 7 11 14 5 11
22 8 16 12 16 8 5 19 10 19 14 19 24 17 16 4 15 11 8 10 18 25 10 5 5 22 16 10 1 3 14 0 11 11 27 18 14 11 7 19 10 22
19 8 6 7 9 6 13 10 10 12 10 12 14 9 10 14 11 5 3 9 8 15 4 6 12 14 6 10 10 12 8 11 0 10 17 7 8 12 5 9 4 19
11 15 13 4 19 5 9 13 18 10 20 9 20 20 21 12 20 6 8 2 18 22 13 9 16 12 15 1 12 11 6 11 10 0 23 16 18 2 12 19 6 11
24 23 11 19 16 21 29 10 24 14 22 16 3 16 19 30 21 18 19 22 12 4 19 22 29 14 12 23 27 29 17 27 17 23 0 10 19 24 21 11 18 24
21 13 3 12 8 12 20 7 14 11 13 13 7 7 10 21 12 10 10 15 4 8 9 13 19 13 2 16 17 19 11 18 7 16 10 0 10 17 11 4 10 21
27 6 11 15 3 13 18 16 6 19 3 20 16 4 2 17 3 14 10 17 7 16 5 11 12 21 8 18 13 16 16 14 8 18 19 10 0 20 8 8 12 27
11 16 15 6 21 6 8 14 19 12 21 10 22 21 22 12 21 7 9 3 20 24 14 10 16 13 16 2 12 10 7 11 12 2 24 17 20 0 13 21 8 11
22 3 10 10 10 6 11 14 6 16 8 16 18 10 10 11 9 8 4 10 11 19 3 3 8 18 9 11 6 9 11 7 5 12 21 11 8 13 0 12 7 22
25 14 6 15 6 15 22 10 14 15 11 17 8 5 8 23 11 14 13 18 2 7 10 15 19 17 4 19 19 21 14 19 9 19 11 4 8 21 12 0 13 25
15 10 8 3 13 2 10 9 13 10 14 10 16 13 15 12 15 2 3 5 12 17 7 6 13 12 9 6 10 11 5 10 4 6 18 10 12 8 7 13 0 15
0 25 19 12 27 16 19 15 28 10 29 8 23 27 29 23 30 14 18 13 25 25 23 20 27 10 22 12 23 21 11 22 19 11 24 21 27 11 22 25 15 0
,
0 32 23 13 59 31 20 20 35 27 49 23 37 55 68 62 36 15 28 38 53 55 28 57 73 26 33 25 55 27 23 28 47 18 67 47 38 22 31 65 35 0
46 0 26 21 17 22 24 37 9 49 13 54 32 29 10 28 9 18 19 24 16 57 5 7 15 52 18 17 12 24 37 17 11 22 46 14 7 31 8 30 26 59
23 15 0 10 27 17 42 14 28 10 14 11 17 24 16 40 25 13 24 23 15 27 21 16 47 30 7 23 41 40 20 49 16 37 16 6 14 31 12 14 16 39
13 31 22 0 39 6 31 15 24 17 45 11 18 40 24 33 37 4 9 5 40 51 23 9 22 25 33 12 16 31 5 13 11 9 19 21 37 6 27 23 8 13
61 15 23 39 0 29 50 38 9 42 14 43 16 1 6 58 12 23 16 48 10 35 7 21 18 36 11 57 22 29 26 36 13 41 41 20 7 57 24 13 28 47
23 14 16 10 32 0 8 30 28 14 39 20 36 40 36 25 22 6 3 11 29 58 17 12 21 33 11 6 10 25 16 9 7 8 44 14 30 13 12 21 3 33
44 35 44 23 25 24 0 46 19 51 32 25 50 61 60 10 23 11 10 8 45 54 23 10 11 59 28 17 13 4 39 12 29 14 51 54 18 17 29 30 29 41
24 23 12 14 21 34 38 0 30 8 46 13 8 40 30 26 19 25 25 37 18 15 14 21 28 16 17 22 33 43 13 30 20 35 29 18 40 23 14 16 21 38
43 4 30 23 19 14 39 40 0 43 10 37 52 24 20 39 5 39 12 41 25 23 18 13 21 28 17 27 12 33 31 11 22 22 54 34 17 56 12 31 24 34
17 53 18 21 30 13 46 5 37 0 61 3 35 52 30 28 34 16 19 24 23 40 34 31 37 5 17 23 48 56 6 53 24 20 37 21 45 27 40 25 23 26
75 16 33 26 12 36 38 39 8 60 0 30 51 12 9 36 3 24 32 44 11 51 20 14 12 42 31 43 15 45 52 19 24 42 64 29 6 47 25 27 17 43
12 34 14 18 43 26 38 12 33 4 53 0 19 43 60 47 51 9 31 29 47 44 46 38 48 4 21 24 21 34 9 50 21 14 21 17 37 26 36 48 11 10
44 45 21 43 33 22 77 16 48 13 40 16 0 13 43 68 41 30 31 29 27 5 40 52 37 18 25 35 52 32 30 48 19 34 5 18 40 43 42 22 18 31
41 24 25 44 2 33 39 35 24 21 15 39 21 0 5 25 7 36 18 34 8 16 19 33 31 22 17 47 38 54 44 50 18 26 40 10 9 59 23 9 34 36
62 16 29 25 7 25 51 39 9 29 8 54 36 3 0 25 6 37 15 20 10 23 15 18 15 43 9 22 42 51 31 35 18 41 26 17 7 58 17 21 35 41
23 28 47 35 60 14 7 28 19 46 31 30 29 27 31 0 52 33 16 30 55 34 30 21 9 68 26 15 6 4 18 5 35 26 70 32 47 12 12 39 25 51
85 16 31 23 9 44 49 44 13 41 1 31 41 16 6 45 0 44 14 46 21 24 19 26 14 40 28 25 17 44 44 39 27 44 46 20 6 59 16 30 43 87
37 20 15 4 40 9 14 23 19 19 32 8 23 31 34 33 32 0 12 8 31 29 24 18 31 24 18 15 30 18 8 29 13 11 51 11 37 9 12 31 4 40
21 18 16 17 22 7 25 23 17 32 23 36 41 21 35 28 35 9 0 14 16 44 13 6 19 30 25 23 21 19 21 22 4 11 28 15 30 17 10 20 5 31
23 37 26 5 26 9 18 22 20 29 22 20 27 46 56 15 52 12 11 0 32 34 17 10 34 32 33 1 14 11 10 20 18 4 39 42 32 4 26 31 11 26
40 14 13 38 11 17 29 17 24 32 14 22 17 11 7 37 23 30 25 32 0 22 20 36 27 35 4 25 28 31 19 46 9 47 15 7 11 38 30 2 33 61
36 28 21 19 28 22 39 14 44 25 22 40 4 21 45 76 26 37 46 37 15 0 19 31 53 34 22 37 73 38 46 58 34 23 6 14 16 59 38 8 36 52
42 11 17 14 8 12 34 16 16 30 11 18 30 17 14 22 19 22 6 30 24 18 0 6 25 34 10 18 16 29 22 22 5 37 48 24 11 40 3 12 15 24
54 17 32 16 28 10 9 26 12 27 21 22 42 27 17 13 30 13 3 20 36 49 6 0 11 21 12 11 9 15 25 8 16 10 53 27 22 26 5 42 13 40
60 17 47 41 44 13 12 57 15 67 27 57 39 44 34 18 18 22 28 16 50 54 11 21 0 56 42 43 6 12 36 9 22 28 63 23 26 21 19 32 28 66
11 56 17 14 41 30 56 11 28 5 38 7 34 26 41 42 69 14 32 35 48 41 19 44 51 0 15 27 54 54 21 33 15 33 33 32 38 22 33 38 32 24
33 16 3 19 6 31 38 12 16 13 14 33 11 16 11 33 27 26 26 42 7 21 20 25 23 34 0 19 33 51 32 23 8 33 26 4 18 48 17 11 13 25
23 41 14 5 19 13 18 22 25 20 23 30 24 31 57 14 55 7 19 2 31 46 20 11 43 32 18 0 16 25 7 29 13 2 67 36 46 4 23 54 17 15
59 8 30 22 20 8 17 50 22 44 35 19 51 28 20 8 39 26 12 10 34 31 22 5 9 24 37 14 0 5 37 1 25 15 56 45 35 34 8 42 20 49
27 25 20 19 46 17 6 31 29 52 39 40 55 46 28 3 36 28 18 11 41 51 34 19 18 49 34 26 10 0 37 4 27 25 45 24 42 12 25 24 27 31
16 31 10 6 35 10 26 10 25 9 31 9 36 34 48 40 49 4 9 12 25 30 25 17 20 9 18 18 32 28 0 42 12 11 21 22 17 15 15 16 6 20
42 13 49 21 43 12 6 28 26 48 31 43 47 42 31 10 30 33 17 25 20 58 15 9 7 57 43 12 1 7 35 0 12 25 60 28 38 12 13 44 10 27
34 17 12 8 25 16 19 14 17 16 31 13 31 20 11 24 13 9 6 23 12 43 9 12 28 18 11 25 29 24 14 21 0 24 25 18 14 13 8 21 8 29
31 34 13 8 44 8 24 18 34 19 53 19 51 31 33 26 40 13 12 2 49 55 33 20 18 23 22 3 19 30 12 19 22 0 64 18 25 3 25 19 18 17
41 25 17 32 47 31 64 22 40 40 60 33 6 24 46 61 56 51 43 65 15 7 30 47 45 38 28 29 57 75 25 77 48 54 0 28 24 50 40 21 41 43
59 34 4 18 15 32 33 20 30 20 16 16 8 11 26 37 33 21 11 17 6 16 13 31 25 18 3 39 23 50 24 41 17 27 24 0 28 42 33 7 16 42
46 18 28 38 7 24 24 40 13 21 5 55 19 6 4 37 4 28 29 40 14 31 6 21 13 36 20 27 33 33 39 15 16 36 22 20 0 32 15 17 17 38
33 29 23 7 47 12 17 31 35 17 38 29 45 53 38 33 53 14 19 6 55 53 28 24 17 14 24 4 30 20 16 29 14 2 60 39 43 0 37 40 16 28
42 4 24 29 16 18 29 24 14 19 10 31 48 11 17 11 9 19 6 22 32 29 3 3 16 52 17 32 9 26 20 10 5 17 21 20 17 33 0 25 18 29
42 29 17 21 9 30 34 10 26 28 29 47 8 12 13 41 12 32 29 24 2 17 11 36 42 25 7 29 55 56 21 23 20 54 24 6 9 45 24 0 29 43
31 28 15 4 31 5 18 26 17 26 37 12 33 23 23 24 15 3 5 8 21 38 20 6 27 33 26 10 26 32 6 29 7 9 29 11 19 19 15 33 0 17
0 68 55 15 35 36 25 38 33 16 55 8 40 36 47 29 85 32 40 34 29 52 47 47 31 26 28 14 29 50 18 35 46 26 58 47 28 26 49 71 34 0