7
40
,
0 (42.0, 28.0) 36.0
1 (17.0, 33.0) 64.0
2 (19.0, 15.0) 42.0
3 (32.0, 44.0) 48.0
4 (27.0, 16.0) 50.0
5 (38.0, 4.0) 45.0
6 (8.0, 29.0) 32.0
7 (46.0, 33.0) 86.0
8 (5.0, 20.0) 33.0
9 (43.0, 40.0) 69.0
10 (5.0, 16.0) 41.0
11 (6.0, 45.0) 73.0
12 (31.0, 45.0) 44.0
13 (37.0, 45.0) 50.0
14 (45.0, 6.0) 67.0
15 (42.0, 42.0) 31.0
16 (21.0, 18.0) 38.0
17 (29.0, 21.0) 34.0
18 (24.0, 9.0) 81.0
19 (24.0, 43.0) 66.0
20 (7.0, 49.0) 33.0
21 (34.0, 30.0) 42.0
22 (35.0, 19.0) 46.0
23 (50.0, 19.0) 45.0
24 (0.0, 19.0) 59.0
25 (22.0, 37.0) 41.0
26 (23.0, 7.0) 68.0
27 (43.0, 15.0) 59.0
28 (42.0, 8.0) 59.0
29 (15.0, 17.0) 81.0
30 (43.0, 13.0) 78.0
31 (27.0, 27.0) 43.0
32 (21.0, 7.0) 68.0
33 (0.0, 47.0) 62.0
34 (18.0, 38.0) 47.0
35 (37.0, 40.0) 30.0
36 (22.0, 4.0) 36.0
37 (36.0, 25.0) 85.0
38 (21.0, 45.0) 35.0
39 (24.0, 19.0) 56.0
,
0 25 19 12 27 16 19 15 28 10 29 8 23 27 29 23 30 14 18 13 25 25 23 20 27 10 22 12 23 21 11 22 19 11 24 21 27 11 22 25 15 0
25 0 13 13 9 10 12 17 3 19 6 19 20 10 9 11 7 12 7 13 12 20 4 6 6 21 11 14 7 10 15 8 8 15 23 13 6 16 3 14 10 25
19 13 0 9 9 10 18 5 14 9 13 10 8 9 12 19 13 8 8 12 6 9 9 11 18 11 3 13 16 18 8 16 6 13 11 3 11 15 10 6 8 19
12 13 9 0 16 4 11 9 16 7 17 7 16 16 17 14 18 2 6 4 14 18 11 8 16 10 11 4 12 12 2 12 7 4 19 12 15 6 10 15 3 12
27 9 9 16 0 14 20 14 9 18 6 19 13 1 3 20 5 14 12 18 4 13 7 13 15 20 6 19 16 19 16 16 9 19 16 8 3 21 10 6 13 27
16 10 10 4 14 0 8 12 13 11 14 11 18 15 15 10 15 3 3 4 14 19 8 4 12 14 11 5 8 8 6 8 6 5 21 12 13 6 6 15 2 16
19 12 18 11 20 8 0 20 15 18 18 18 26 21 21 4 19 11 10 7 21 27 13 8 10 20 18 8 6 3 13 5 13 9 29 20 18 8 11 22 10 19
15 17 5 9 14 12 20 0 19 5 18 7 8 14 17 22 18 9 11 13 11 10 13 14 22 6 8 13 19 20 7 19 10 13 10 7 16 14 14 10 9 15
28 3 14 16 9 13 15 19 0 22 4 22 21 10 8 14 5 15 10 16 12 21 6 9 7 24 12 17 9 13 17 10 10 18 24 14 6 19 6 14 13 28
10 19 9 7 18 11 18 5 22 0 21 2 13 18 20 21 22 8 12 11 15 15 15 15 23 3 12 11 19 19 5 19 12 10 14 11 19 12 16 15 10 10
29 6 13 17 6 14 18 18 4 21 0 22 19 6 4 17 1 16 12 18 10 19 7 11 11 24 11 19 12 16 18 14 10 20 22 13 3 21 8 11 14 29
8 19 10 7 19 11 18 7 22 2 22 0 15 19 22 21 23 8 12 10 17 17 16 15 23 3 14 10 19 19 5 19 12 9 16 13 20 10 16 17 10 8
23 20 8 16 13 18 26 8 21 13 19 15 0 12 16 28 18 15 17 20 9 2 16 19 26 13 9 21 24 26 15 24 14 20 3 7 16 22 18 8 16 23
27 10 9 16 1 15 21 14 10 18 6 19 12 0 3 21 6 14 12 18 4 12 8 13 16 20 6 19 16 19 16 17 9 20 16 7 4 21 10 5 13 27
29 9 12 17 3 15 21 17 8 20 4 22 16 3 0 20 3 16 13 19 7 15 8 13 15 23 8 20 15 19 18 16 10 21 19 10 2 22 10 8 15 29
23 11 19 14 20 10 4 22 14 21 17 21 28 21 20 0 18 13 11 11 21 29 13 8 7 23 19 11 5 2 16 4 14 12 30 21 17 12 11 23 12 23
30 7 13 18 5 15 19 18 5 22 1 23 18 6 3 18 0 16 12 19 9 18 7 12 12 24 10 20 14 17 18 15 11 20 21 12 3 21 9 11 15 30
14 12 8 2 14 3 11 9 15 8 16 8 15 14 16 13 16 0 4 5 13 17 9 7 15 11 10 6 11 12 3 11 5 6 18 10 14 7 8 14 2 14
18 7 8 6 12 3 10 11 10 12 12 12 17 12 13 11 12 4 0 6 11 18 5 3 11 15 9 8 8 9 7 8 3 8 19 10 10 9 4 13 3 18
13 13 12 4 18 4 7 13 16 11 18 10 20 18 19 11 19 5 6 0 17 22 12 7 14 13 14 1 10 9 6 10 9 2 22 15 17 3 10 18 5 13
25 12 6 14 4 14 21 11 12 15 10 17 9 4 7 21 9 13 11 17 0 9 8 13 18 17 3 18 17 20 14 18 8 18 12 4 7 20 11 2 12 25
25 20 9 18 13 19 27 10 21 15 19 17 2 12 15 29 18 17 18 22 9 0 17 21 26 15 10 22 25 27 16 25 15 22 4 8 16 24 19 7 17 25
23 4 9 11 7 8 13 13 6 15 7 16 16 8 8 13 7 9 5 12 8 17 0 6 10 18 7 13 9 12 12 10 4 13 19 9 5 14 3 10 7 23
20 6 11 8 13 4 8 14 9 15 11 15 19 13 13 8 12 7 3 7 13 21 6 0 8 18 11 8 4 7 10 5 6 9 22 13 11 10 3 15 6 20
27 6 18 16 15 12 10 22 7 23 11 23 26 16 15 7 12 15 11 14 18 26 10 8 0 25 17 15 4 7 18 5 12 16 29 19 12 16 8 19 13 27
10 21 11 10 20 14 20 6 24 3 24 3 13 20 23 23 24 11 15 13 17 15 18 18 25 0 14 13 22 22 8 22 14 12 14 13 21 13 18 17 12 10
22 11 3 11 6 11 18 8 12 12 11 14 9 6 8 19 10 10 9 14 3 10 7 11 17 14 0 15 15 18 11 16 6 15 12 2 8 16 9 4 9 22
12 14 13 4 19 5 8 13 17 11 19 10 21 19 20 11 20 6 8 1 18 22 13 8 15 13 15 0 11 10 6 10 10 1 23 16 18 2 11 19 6 12
23 7 16 12 16 8 6 19 9 19 12 19 24 16 15 5 14 11 8 10 17 25 9 4 4 22 15 11 0 4 14 1 10 12 27 17 13 12 6 19 10 23
21 10 18 12 19 8 3 20 13 19 16 19 26 19 19 2 17 12 9 9 20 27 12 7 7 22 18 10 4 0 14 3 12 11 29 19 16 10 9 21 11 21
11 15 8 2 16 6 13 7 17 5 18 5 15 16 18 16 18 3 7 6 14 16 12 10 18 8 11 6 14 14 0 14 8 6 17 11 16 7 11 14 5 11
22 8 16 12 16 8 5 19 10 19 14 19 24 17 16 4 15 11 8 10 18 25 10 5 5 22 16 10 1 3 14 0 11 11 27 18 14 11 7 19 10 22
19 8 6 7 9 6 13 10 10 12 10 12 14 9 10 14 11 5 3 9 8 15 4 6 12 14 6 10 10 12 8 11 0 10 17 7 8 12 5 9 4 19
11 15 13 4 19 5 9 13 18 10 20 9 20 20 21 12 20 6 8 2 18 22 13 9 16 12 15 1 12 11 6 11 10 0 23 16 18 2 12 19 6 11
24 23 11 19 16 21 29 10 24 14 22 16 3 16 19 30 21 18 19 22 12 4 19 22 29 14 12 23 27 29 17 27 17 23 0 10 19 24 21 11 18 24
21 13 3 12 8 12 20 7 14 11 13 13 7 7 10 21 12 10 10 15 4 8 9 13 19 13 2 16 17 19 11 18 7 16 10 0 10 17 11 4 10 21
27 6 11 15 3 13 18 16 6 19 3 20 16 4 2 17 3 14 10 17 7 16 5 11 12 21 8 18 13 16 16 14 8 18 19 10 0 20 8 8 12 27
11 16 15 6 21 6 8 14 19 12 21 10 22 21 22 12 21 7 9 3 20 24 14 10 16 13 16 2 12 10 7 11 12 2 24 17 20 0 13 21 8 11
22 3 10 10 10 6 11 14 6 16 8 16 18 10 10 11 9 8 4 10 11 19 3 3 8 18 9 11 6 9 11 7 5 12 21 11 8 13 0 12 7 22
25 14 6 15 6 15 22 10 14 15 11 17 8 5 8 23 11 14 13 18 2 7 10 15 19 17 4 19 19 21 14 19 9 19 11 4 8 21 12 0 13 25
15 10 8 3 13 2 10 9 13 10 14 10 16 13 15 12 15 2 3 5 12 17 7 6 13 12 9 6 10 11 5 10 4 6 18 10 12 8 7 13 0 15
0 25 19 12 27 16 19 15 28 10 29 8 23 27 29 23 30 14 18 13 25 25 23 20 27 10 22 12 23 21 11 22 19 11 24 21 27 11 22 25 15 0
,
0 32 40 24 54 26 22 18 62 14 80 11 32 31 31 36 62 37 29 17 26 51 29 21 45 19 36 22 29 25 22 30 50 18 61 45 67 27 61 54 17 0
75 0 27 39 28 22 21 28 8 31 9 48 33 26 22 25 13 26 20 31 19 49 4 11 14 34 30 41 8 16 19 14 17 29 56 20 13 44 5 23 17 61
32 31 0 18 22 11 47 13 31 15 25 30 23 23 19 53 22 22 14 21 16 19 23 12 26 14 9 34 32 40 14 20 13 36 22 4 30 41 30 17 17 36
27 20 19 0 24 4 18 24 47 20 27 16 33 17 52 29 31 2 17 11 16 45 17 20 39 24 19 9 13 29 4 18 17 9 34 31 37 8 16 30 6 19
56 17 18 34 0 22 30 33 26 28 14 55 18 1 6 24 14 14 30 42 10 35 9 18 27 46 9 34 39 45 28 28 17 44 48 18 9 49 20 14 35 42
37 28 19 7 18 0 11 19 13 18 32 23 28 21 33 23 42 4 4 9 24 50 10 9 21 17 15 12 15 13 13 18 15 14 62 29 30 19 14 33 2 31
27 25 43 33 23 21 0 57 29 53 18 41 36 44 40 5 22 30 11 21 34 40 34 22 26 60 49 13 11 7 35 13 15 14 86 40 48 14 28 38 12 53
26 47 9 16 21 17 20 0 27 10 28 7 17 29 40 65 34 22 17 25 17 11 34 36 54 11 11 15 39 28 20 28 19 13 13 17 34 29 40 12 25 37
72 8 33 41 20 35 18 22 0 47 11 46 31 23 13 34 9 25 13 46 33 50 19 11 19 60 30 45 25 34 33 22 21 21 33 18 15 32 17 27 33 67
28 49 25 17 52 23 46 13 62 0 62 5 19 29 31 62 29 23 17 29 41 37 41 15 53 5 25 16 46 34 15 52 33 12 40 12 46 32 31 16 13 21
38 9 23 33 16 42 53 51 8 40 0 44 21 18 11 33 3 16 23 53 13 39 10 24 11 26 19 56 29 23 50 30 27 32 37 16 8 35 15 26 22 31
15 19 15 14 38 17 20 13 54 5 55 0 41 32 30 22 59 10 14 15 27 29 44 24 57 8 23 14 31 23 12 46 32 20 32 31 26 24 47 26 10 20
41 47 15 36 32 49 42 14 50 28 39 21 0 37 40 45 39 24 25 20 23 4 42 46 70 16 18 58 64 41 26 31 34 47 7 17 42 57 26 21 25 24
57 23 17 30 2 30 54 30 16 54 16 39 26 0 6 37 12 41 15 34 9 21 16 37 17 46 17 30 37 29 48 36 11 20 21 12 4 53 24 14 20 46
36 19 29 33 5 30 23 24 10 53 7 24 19 3 0 44 5 17 26 22 7 43 14 33 25 43 14 31 16 35 23 33 15 24 55 17 5 64 13 9 31 39
56 30 35 33 35 28 7 31 26 52 34 36 63 41 54 0 32 36 18 24 53 71 21 21 14 37 32 26 8 4 31 7 20 35 56 51 48 27 18 66 32 50
81 18 15 31 10 40 47 30 10 32 3 46 32 16 8 23 0 16 25 36 20 45 21 27 29 71 26 45 32 25 55 22 31 50 22 14 8 54 24 24 17 66
14 19 15 3 40 8 29 13 21 17 31 19 16 25 25 18 16 0 6 11 18 32 24 10 18 17 26 15 16 32 4 34 11 11 41 13 32 16 22 30 2 26
30 20 22 15 30 4 13 28 14 22 34 21 43 29 20 14 23 13 0 10 13 51 14 7 12 43 10 21 20 22 10 17 4 17 29 26 18 9 11 33 7 28
21 31 14 8 36 8 20 37 42 16 29 17 60 48 20 23 26 5 14 0 36 23 22 11 20 38 17 1 17 18 6 27 12 2 58 17 47 3 20 39 7 29
65 31 16 16 9 39 53 16 27 27 23 35 19 10 11 53 17 34 20 18 0 19 11 34 49 30 9 45 18 55 33 26 11 44 24 8 7 41 28 2 18 38
40 54 19 51 15 57 33 14 44 21 50 42 3 22 23 59 30 23 29 37 22 0 20 53 36 18 28 47 57 58 28 58 30 51 10 23 35 60 36 14 21 53
52 5 24 30 15 23 22 26 11 17 20 33 44 9 14 31 9 16 14 35 20 27 0 10 29 52 20 20 11 27 18 13 11 18 38 26 8 26 7 22 15 27
41 13 21 12 28 7 9 39 24 38 19 37 53 19 23 24 12 19 5 20 32 46 16 0 16 22 13 11 4 11 22 7 10 18 26 30 27 21 3 16 8 45
58 12 38 27 33 20 15 45 11 48 22 39 69 17 32 20 14 17 12 25 41 57 19 19 0 70 19 21 6 15 32 11 29 40 74 23 25 40 13 39 36 76
14 59 33 12 49 22 57 17 24 7 66 7 15 60 49 35 65 25 16 18 21 30 32 32 41 0 29 38 37 46 11 32 23 19 33 15 40 21 28 17 23 26
49 13 6 31 9 17 52 10 26 16 18 16 14 9 16 52 11 21 17 32 5 27 10 14 32 27 0 33 32 29 19 20 13 19 17 2 18 47 14 8 26 55
13 36 34 10 33 11 23 15 18 19 22 20 40 24 49 30 42 11 20 3 48 33 37 17 43 34 37 0 15 14 12 28 15 2 26 45 44 4 26 31 9 20
60 9 38 14 19 11 12 47 19 23 28 26 66 42 36 14 34 20 17 28 48 41 23 6 8 58 28 19 0 9 18 3 14 17 28 48 37 27 8 52 16 61
39 13 31 13 55 17 3 25 22 23 43 55 68 24 42 4 19 25 15 26 43 46 21 18 9 54 41 28 6 0 32 5 26 21 35 40 40 23 14 37 30 42
24 18 15 4 19 14 38 13 22 13 34 14 37 30 53 36 24 4 21 11 17 36 14 14 44 9 27 10 35 17 0 24 21 10 44 13 21 10 18 16 8 16
49 9 43 29 30 22 6 28 28 53 15 27 62 19 24 5 35 30 21 13 42 32 19 14 13 37 21 17 2 7 24 0 24 29 71 45 31 22 15 21 22 40
36 20 11 21 12 6 35 16 12 22 11 32 27 26 17 34 19 13 9 12 22 36 10 8 31 20 6 17 22 35 22 16 0 13 27 20 18 16 13 16 9 39
26 15 14 5 25 9 10 14 32 30 45 21 61 36 58 34 21 9 20 5 35 39 17 18 42 32 21 3 17 20 17 12 24 0 53 19 26 3 30 43 8 19
33 35 15 39 38 28 35 28 43 21 25 26 9 37 28 83 35 24 52 34 21 10 56 24 36 41 20 50 45 38 42 31 29 59 0 12 45 27 63 13 21 51
42 36 3 15 8 14 34 20 24 12 18 29 14 15 18 56 30 12 12 44 10 13 27 28 48 37 3 43 44 44 27 33 20 33 25 0 26 18 15 5 24 47
48 10 20 36 4 26 44 35 12 26 4 32 27 10 3 28 7 38 12 24 13 46 12 23 32 41 16 48 19 27 18 29 14 47 43 26 0 29 21 13 19 35
33 31 27 15 21 17 24 35 33 18 47 29 35 57 28 13 34 11 10 6 45 36 36 22 34 28 17 3 35 14 19 31 31 3 46 41 42 0 18 56 18 24
50 8 25 10 23 13 12 24 10 20 15 23 22 13 23 12 14 22 5 25 12 25 4 6 10 19 21 18 11 11 13 15 8 18 61 17 16 22 0 21 18 28
70 36 7 36 13 17 64 30 24 16 32 27 13 13 8 28 13 39 36 29 4 11 25 35 49 45 11 39 25 52 34 22 20 30 30 6 14 28 13 0 26 35
25 10 23 9 29 4 17 16 27 26 40 25 20 25 27 32 30 3 7 14 16 35 20 13 39 21 20 6 26 31 14 15 7 11 24 11 14 12 11 28 0 23
0 54 33 33 44 39 45 21 83 11 52 24 48 37 74 45 85 40 34 29 62 49 68 27 80 11 28 23 26 59 28 46 31 14 64 26 35 14 54 70 39 0