7
40
,
0 (42.0, 28.0) 46.0
1 (17.0, 33.0) 53.0
2 (19.0, 15.0) 72.0
3 (32.0, 44.0) 33.0
4 (27.0, 16.0) 69.0
5 (38.0, 4.0) 67.0
6 (8.0, 29.0) 35.0
7 (46.0, 33.0) 56.0
8 (5.0, 20.0) 36.0
9 (43.0, 40.0) 61.0
10 (5.0, 16.0) 32.0
11 (6.0, 45.0) 64.0
12 (31.0, 45.0) 34.0
13 (37.0, 45.0) 31.0
14 (45.0, 6.0) 31.0
15 (42.0, 42.0) 77.0
16 (21.0, 18.0) 45.0
17 (29.0, 21.0) 39.0
18 (24.0, 9.0) 80.0
19 (24.0, 43.0) 31.0
20 (7.0, 49.0) 87.0
21 (34.0, 30.0) 45.0
22 (35.0, 19.0) 64.0
23 (50.0, 19.0) 59.0
24 (0.0, 19.0) 39.0
25 (22.0, 37.0) 38.0
26 (23.0, 7.0) 88.0
27 (43.0, 15.0) 45.0
28 (42.0, 8.0) 60.0
29 (15.0, 17.0) 70.0
30 (43.0, 13.0) 39.0
31 (27.0, 27.0) 31.0
32 (21.0, 7.0) 49.0
33 (0.0, 47.0) 68.0
34 (18.0, 38.0) 53.0
35 (37.0, 40.0) 34.0
36 (22.0, 4.0) 86.0
37 (36.0, 25.0) 56.0
38 (21.0, 45.0) 51.0
39 (24.0, 19.0) 65.0
,
0 25 19 12 27 16 19 15 28 10 29 8 23 27 29 23 30 14 18 13 25 25 23 20 27 10 22 12 23 21 11 22 19 11 24 21 27 11 22 25 15 0
25 0 13 13 9 10 12 17 3 19 6 19 20 10 9 11 7 12 7 13 12 20 4 6 6 21 11 14 7 10 15 8 8 15 23 13 6 16 3 14 10 25
19 13 0 9 9 10 18 5 14 9 13 10 8 9 12 19 13 8 8 12 6 9 9 11 18 11 3 13 16 18 8 16 6 13 11 3 11 15 10 6 8 19
12 13 9 0 16 4 11 9 16 7 17 7 16 16 17 14 18 2 6 4 14 18 11 8 16 10 11 4 12 12 2 12 7 4 19 12 15 6 10 15 3 12
27 9 9 16 0 14 20 14 9 18 6 19 13 1 3 20 5 14 12 18 4 13 7 13 15 20 6 19 16 19 16 16 9 19 16 8 3 21 10 6 13 27
16 10 10 4 14 0 8 12 13 11 14 11 18 15 15 10 15 3 3 4 14 19 8 4 12 14 11 5 8 8 6 8 6 5 21 12 13 6 6 15 2 16
19 12 18 11 20 8 0 20 15 18 18 18 26 21 21 4 19 11 10 7 21 27 13 8 10 20 18 8 6 3 13 5 13 9 29 20 18 8 11 22 10 19
15 17 5 9 14 12 20 0 19 5 18 7 8 14 17 22 18 9 11 13 11 10 13 14 22 6 8 13 19 20 7 19 10 13 10 7 16 14 14 10 9 15
28 3 14 16 9 13 15 19 0 22 4 22 21 10 8 14 5 15 10 16 12 21 6 9 7 24 12 17 9 13 17 10 10 18 24 14 6 19 6 14 13 28
10 19 9 7 18 11 18 5 22 0 21 2 13 18 20 21 22 8 12 11 15 15 15 15 23 3 12 11 19 19 5 19 12 10 14 11 19 12 16 15 10 10
29 6 13 17 6 14 18 18 4 21 0 22 19 6 4 17 1 16 12 18 10 19 7 11 11 24 11 19 12 16 18 14 10 20 22 13 3 21 8 11 14 29
8 19 10 7 19 11 18 7 22 2 22 0 15 19 22 21 23 8 12 10 17 17 16 15 23 3 14 10 19 19 5 19 12 9 16 13 20 10 16 17 10 8
23 20 8 16 13 18 26 8 21 13 19 15 0 12 16 28 18 15 17 20 9 2 16 19 26 13 9 21 24 26 15 24 14 20 3 7 16 22 18 8 16 23
27 10 9 16 1 15 21 14 10 18 6 19 12 0 3 21 6 14 12 18 4 12 8 13 16 20 6 19 16 19 16 17 9 20 16 7 4 21 10 5 13 27
29 9 12 17 3 15 21 17 8 20 4 22 16 3 0 20 3 16 13 19 7 15 8 13 15 23 8 20 15 19 18 16 10 21 19 10 2 22 10 8 15 29
23 11 19 14 20 10 4 22 14 21 17 21 28 21 20 0 18 13 11 11 21 29 13 8 7 23 19 11 5 2 16 4 14 12 30 21 17 12 11 23 12 23
30 7 13 18 5 15 19 18 5 22 1 23 18 6 3 18 0 16 12 19 9 18 7 12 12 24 10 20 14 17 18 15 11 20 21 12 3 21 9 11 15 30
14 12 8 2 14 3 11 9 15 8 16 8 15 14 16 13 16 0 4 5 13 17 9 7 15 11 10 6 11 12 3 11 5 6 18 10 14 7 8 14 2 14
18 7 8 6 12 3 10 11 10 12 12 12 17 12 13 11 12 4 0 6 11 18 5 3 11 15 9 8 8 9 7 8 3 8 19 10 10 9 4 13 3 18
13 13 12 4 18 4 7 13 16 11 18 10 20 18 19 11 19 5 6 0 17 22 12 7 14 13 14 1 10 9 6 10 9 2 22 15 17 3 10 18 5 13
25 12 6 14 4 14 21 11 12 15 10 17 9 4 7 21 9 13 11 17 0 9 8 13 18 17 3 18 17 20 14 18 8 18 12 4 7 20 11 2 12 25
25 20 9 18 13 19 27 10 21 15 19 17 2 12 15 29 18 17 18 22 9 0 17 21 26 15 10 22 25 27 16 25 15 22 4 8 16 24 19 7 17 25
23 4 9 11 7 8 13 13 6 15 7 16 16 8 8 13 7 9 5 12 8 17 0 6 10 18 7 13 9 12 12 10 4 13 19 9 5 14 3 10 7 23
20 6 11 8 13 4 8 14 9 15 11 15 19 13 13 8 12 7 3 7 13 21 6 0 8 18 11 8 4 7 10 5 6 9 22 13 11 10 3 15 6 20
27 6 18 16 15 12 10 22 7 23 11 23 26 16 15 7 12 15 11 14 18 26 10 8 0 25 17 15 4 7 18 5 12 16 29 19 12 16 8 19 13 27
10 21 11 10 20 14 20 6 24 3 24 3 13 20 23 23 24 11 15 13 17 15 18 18 25 0 14 13 22 22 8 22 14 12 14 13 21 13 18 17 12 10
22 11 3 11 6 11 18 8 12 12 11 14 9 6 8 19 10 10 9 14 3 10 7 11 17 14 0 15 15 18 11 16 6 15 12 2 8 16 9 4 9 22
12 14 13 4 19 5 8 13 17 11 19 10 21 19 20 11 20 6 8 1 18 22 13 8 15 13 15 0 11 10 6 10 10 1 23 16 18 2 11 19 6 12
23 7 16 12 16 8 6 19 9 19 12 19 24 16 15 5 14 11 8 10 17 25 9 4 4 22 15 11 0 4 14 1 10 12 27 17 13 12 6 19 10 23
21 10 18 12 19 8 3 20 13 19 16 19 26 19 19 2 17 12 9 9 20 27 12 7 7 22 18 10 4 0 14 3 12 11 29 19 16 10 9 21 11 21
11 15 8 2 16 6 13 7 17 5 18 5 15 16 18 16 18 3 7 6 14 16 12 10 18 8 11 6 14 14 0 14 8 6 17 11 16 7 11 14 5 11
22 8 16 12 16 8 5 19 10 19 14 19 24 17 16 4 15 11 8 10 18 25 10 5 5 22 16 10 1 3 14 0 11 11 27 18 14 11 7 19 10 22
19 8 6 7 9 6 13 10 10 12 10 12 14 9 10 14 11 5 3 9 8 15 4 6 12 14 6 10 10 12 8 11 0 10 17 7 8 12 5 9 4 19
11 15 13 4 19 5 9 13 18 10 20 9 20 20 21 12 20 6 8 2 18 22 13 9 16 12 15 1 12 11 6 11 10 0 23 16 18 2 12 19 6 11
24 23 11 19 16 21 29 10 24 14 22 16 3 16 19 30 21 18 19 22 12 4 19 22 29 14 12 23 27 29 17 27 17 23 0 10 19 24 21 11 18 24
21 13 3 12 8 12 20 7 14 11 13 13 7 7 10 21 12 10 10 15 4 8 9 13 19 13 2 16 17 19 11 18 7 16 10 0 10 17 11 4 10 21
27 6 11 15 3 13 18 16 6 19 3 20 16 4 2 17 3 14 10 17 7 16 5 11 12 21 8 18 13 16 16 14 8 18 19 10 0 20 8 8 12 27
11 16 15 6 21 6 8 14 19 12 21 10 22 21 22 12 21 7 9 3 20 24 14 10 16 13 16 2 12 10 7 11 12 2 24 17 20 0 13 21 8 11
22 3 10 10 10 6 11 14 6 16 8 16 18 10 10 11 9 8 4 10 11 19 3 3 8 18 9 11 6 9 11 7 5 12 21 11 8 13 0 12 7 22
25 14 6 15 6 15 22 10 14 15 11 17 8 5 8 23 11 14 13 18 2 7 10 15 19 17 4 19 19 21 14 19 9 19 11 4 8 21 12 0 13 25
15 10 8 3 13 2 10 9 13 10 14 10 16 13 15 12 15 2 3 5 12 17 7 6 13 12 9 6 10 11 5 10 4 6 18 10 12 8 7 13 0 15
0 25 19 12 27 16 19 15 28 10 29 8 23 27 29 23 30 14 18 13 25 25 23 20 27 10 22 12 23 21 11 22 19 11 24 21 27 11 22 25 15 0
,
0 29 55 23 31 27 46 36 65 19 43 18 45 46 86 38 31 33 38 29 54 29 54 24 63 19 59 22 64 46 21 58 21 32 68 50 77 22 48 34 29 0
74 0 17 34 22 24 18 21 7 28 10 21 39 11 26 32 13 19 11 34 13 45 9 11 8 31 18 26 10 13 36 20 20 43 46 27 13 29 9 30 12 58
34 27 0 19 22 18 43 11 34 12 21 22 20 19 13 57 17 17 24 15 13 15 21 22 53 25 7 34 39 27 20 49 15 21 20 3 19 23 25 8 20 51
33 19 25 0 35 10 11 9 31 20 45 8 34 36 46 33 30 5 14 4 38 41 15 21 20 29 23 5 35 18 6 20 17 11 38 25 30 16 20 23 7 34
61 23 27 40 0 28 22 40 22 34 15 52 37 1 5 21 13 29 27 52 8 36 8 13 35 53 6 50 34 39 31 29 11 48 36 21 8 61 12 14 16 27
22 14 26 12 22 0 24 18 38 26 31 19 35 35 17 24 37 5 3 7 16 22 15 8 20 39 23 7 9 10 10 11 12 14 41 12 38 17 13 24 6 38
32 26 34 23 28 18 0 42 32 20 22 24 62 51 22 5 47 14 22 18 61 52 33 12 27 30 54 18 16 6 40 7 36 24 63 24 54 23 17 40 25 55
37 28 6 26 30 14 28 0 32 8 19 15 11 18 17 64 20 25 28 35 23 19 21 31 41 13 15 23 51 35 20 28 27 38 23 16 28 27 23 26 12 25
73 5 36 25 26 23 23 28 0 35 9 26 34 28 21 21 10 37 27 19 24 37 16 16 12 52 18 33 13 26 37 25 20 39 39 35 10 23 7 29 25 64
11 49 26 8 25 30 28 13 52 0 24 4 22 35 43 47 42 15 23 26 17 22 17 37 52 7 28 17 36 39 13 28 28 11 19 21 21 31 45 20 17 14
30 14 19 47 10 21 31 25 7 58 0 40 42 14 10 32 3 30 29 30 24 29 14 16 12 37 16 45 15 42 44 30 23 39 62 24 8 62 14 34 42 38
17 30 28 10 20 22 25 12 35 6 51 0 20 23 47 23 37 23 22 10 33 44 17 34 46 5 33 21 30 30 10 22 18 13 24 23 50 14 19 24 28 10
28 47 21 22 16 48 50 23 43 13 51 22 0 14 23 73 22 38 26 51 13 3 36 54 64 38 10 28 47 67 44 31 35 41 9 20 35 27 48 17 46 46
72 19 10 29 1 20 56 22 11 35 14 47 27 0 6 21 14 34 33 50 9 32 11 27 28 54 10 41 34 22 43 33 10 58 27 16 9 53 15 11 21 78
73 16 20 36 7 25 24 40 10 38 10 51 46 3 0 47 4 31 14 26 7 17 8 15 35 36 21 35 20 37 37 44 27 21 31 20 4 57 30 16 43 77
66 21 25 28 22 18 9 56 24 51 18 47 57 49 28 0 52 27 16 25 53 31 26 23 20 43 32 28 13 3 26 10 20 32 83 50 37 21 25 63 27 43
60 12 32 39 10 34 22 50 12 37 1 51 32 8 5 29 0 37 35 42 15 34 15 28 17 40 21 36 21 31 29 22 11 27 37 16 5 28 12 22 19 46
31 25 15 5 28 8 31 12 33 23 43 23 26 31 20 22 30 0 10 5 29 31 12 15 37 12 17 16 33 21 7 13 13 15 51 28 21 17 13 26 3 17
20 13 13 12 29 6 12 32 14 19 20 34 26 35 30 14 18 12 0 13 28 48 14 6 29 33 14 8 20 21 8 24 9 15 30 13 13 25 9 30 7 46
24 38 26 10 54 10 11 30 30 32 26 16 30 54 57 23 47 13 12 0 18 52 20 8 36 35 38 2 25 12 16 21 15 4 50 27 28 3 24 42 5 36
56 20 7 27 11 41 39 30 18 33 23 46 26 11 12 34 14 15 25 32 0 17 9 37 52 35 4 41 24 20 22 46 22 26 32 11 19 20 29 4 30 70
57 32 13 52 21 40 34 24 33 17 44 33 3 25 36 67 35 47 47 55 16 0 24 39 41 17 18 31 56 41 23 46 32 60 5 8 28 48 30 17 29 71
26 12 18 18 18 14 16 17 7 43 11 43 37 19 21 19 19 13 9 34 16 31 0 13 26 48 15 23 9 34 22 10 11 30 50 23 9 35 7 22 17 44
46 12 13 13 26 11 20 20 14 15 28 29 45 23 30 13 19 12 6 12 20 60 8 0 12 51 21 9 8 10 20 5 11 27 63 17 12 13 5 26 10 57
28 14 43 38 33 14 22 25 20 39 16 64 74 30 20 17 18 25 15 39 28 68 26 19 0 45 23 37 12 16 51 7 13 21 49 23 15 41 15 57 36 28
13 21 16 10 36 36 32 10 48 6 70 5 28 28 60 40 54 29 43 22 18 18 49 36 27 0 16 33 58 57 14 29 19 27 31 22 61 23 46 39 16 27
58 25 9 31 18 26 47 24 12 22 19 27 19 12 19 54 18 20 16 16 4 12 19 22 35 23 0 38 23 41 31 31 12 37 25 4 19 22 25 4 15 50
23 31 20 10 26 14 11 20 33 22 32 26 40 44 53 25 55 12 11 2 50 49 24 23 18 20 39 0 15 25 19 15 27 2 47 45 28 3 11 27 14 21
24 15 21 20 46 17 16 28 12 39 15 19 31 28 36 11 40 17 23 26 41 60 17 8 11 29 19 30 0 10 31 2 18 25 32 38 18 34 13 30 29 53
46 29 49 13 40 24 3 48 21 44 42 26 34 52 53 5 34 16 20 20 27 70 19 10 12 41 39 11 6 0 42 7 18 21 34 32 34 22 13 27 14 59
34 30 19 3 36 11 23 9 52 8 39 8 23 19 30 37 53 4 14 8 38 46 14 12 34 14 23 13 25 41 0 39 10 13 41 32 33 16 20 40 11 34
47 11 46 20 47 11 14 58 21 51 14 31 65 23 42 7 25 21 12 28 25 50 17 12 7 27 34 29 1 3 39 0 32 28 82 39 34 17 10 48 13 31
45 17 9 21 22 14 22 12 16 24 20 29 27 21 14 29 19 10 5 25 13 40 9 11 14 25 6 28 23 29 17 22 0 15 24 16 22 28 5 17 12 26
16 15 14 9 50 15 26 20 38 14 23 16 49 25 31 14 51 9 21 2 45 57 16 16 41 23 32 1 17 16 6 29 21 0 43 22 53 4 28 31 11 19
60 69 13 21 27 55 84 24 36 17 24 17 3 39 22 90 49 42 44 45 23 10 48 60 54 14 17 69 78 58 41 69 21 52 0 16 45 59 51 24 21 32
39 13 6 23 15 22 39 10 23 14 32 22 9 12 20 50 27 15 22 25 9 14 9 28 37 21 3 30 19 24 25 24 13 44 28 0 24 40 31 11 13 44
35 16 14 24 8 28 44 35 8 35 5 20 19 9 5 21 4 30 22 24 12 36 7 24 19 23 22 28 22 17 31 36 11 24 49 28 0 31 11 18 20 28
26 41 15 6 42 11 9 43 31 34 32 16 55 21 44 32 63 20 21 3 25 48 33 16 47 17 30 4 33 28 14 23 15 3 44 23 29 0 25 53 10 17
23 10 19 24 28 8 28 14 9 36 12 32 34 16 20 18 23 14 12 14 18 49 3 5 16 46 12 28 8 21 20 12 5 32 51 18 12 28 0 21 12 29
68 33 10 22 9 39 66 18 38 41 32 46 22 7 24 36 18 37 34 29 2 11 20 31 43 37 7 22 19 53 20 24 11 33 14 7 23 35 33 0 16 40
35 24 17 5 21 2 18 24 14 27 15 13 41 20 17 28 26 5 5 11 34 47 15 15 16 33 14 11 22 31 8 29 5 12 53 28 22 15 9 35 0 33
0 61 41 20 44 39 42 21 34 15 53 20 57 33 77 61 77 19 53 26 25 66 34 33 38 13 49 26 61 43 21 42 52 13 41 31 57 18 56 33 24 0