7
40
,
0 (0.0, 44.0) 21.0
1 (24.0, 14.0) 42.0
2 (42.0, 37.0) 45.0
3 (0.0, 17.0) 30.0
4 (11.0, 43.0) 37.0
5 (11.0, 8.0) 16.0
6 (46.0, 44.0) 14.0
7 (41.0, 14.0) 19.0
8 (11.0, 16.0) 30.0
9 (38.0, 29.0) 25.0
10 (12.0, 13.0) 39.0
11 (11.0, 43.0) 30.0
12 (2.0, 20.0) 18.0
13 (24.0, 3.0) 17.0
14 (25.0, 39.0) 47.0
15 (11.0, 47.0) 16.0
16 (38.0, 10.0) 28.0
17 (14.0, 32.0) 11.0
18 (7.0, 19.0) 41.0
19 (8.0, 23.0) 13.0
20 (27.0, 40.0) 13.0
21 (30.0, 9.0) 27.0
22 (6.0, 33.0) 22.0
23 (21.0, 4.0) 50.0
24 (47.0, 47.0) 10.0
25 (43.0, 43.0) 42.0
26 (17.0, 19.0) 14.0
27 (35.0, 45.0) 43.0
28 (13.0, 31.0) 29.0
29 (41.0, 43.0) 15.0
30 (4.0, 5.0) 23.0
31 (20.0, 14.0) 33.0
32 (41.0, 29.0) 12.0
33 (30.0, 31.0) 25.0
34 (38.0, 22.0) 20.0
35 (19.0, 21.0) 18.0
36 (46.0, 35.0) 12.0
37 (23.0, 20.0) 30.0
38 (44.0, 35.0) 45.0
39 (11.0, 5.0) 10.0
,
0 8 9 5 2 8 9 10 6 8 7 2 5 10 5 2 10 4 5 4 5 9 3 9 9 9 6 7 4 8 8 7 9 7 9 6 9 7 9 8
8 0 6 5 6 3 7 3 3 4 2 6 5 2 5 7 3 4 4 4 5 2 5 2 8 7 2 7 4 7 4 1 5 4 3 2 6 1 6 3
9 6 0 9 6 8 2 5 7 2 8 6 9 8 3 7 5 6 8 7 3 6 7 8 2 1 6 2 6 1 10 6 2 3 3 6 1 5 1 9
5 5 9 0 6 3 11 8 2 8 3 6 1 6 7 6 8 4 1 2 7 6 3 5 11 10 3 9 4 10 3 4 9 7 8 4 10 5 10 3
2 6 6 6 0 7 7 8 5 6 6 0 5 8 3 1 9 2 5 4 3 8 2 8 7 6 5 5 2 6 8 6 7 4 7 5 7 5 7 8
8 3 8 3 7 0 10 6 2 7 1 7 3 3 7 8 5 5 2 3 7 4 5 2 11 9 3 9 5 9 2 2 7 6 6 3 9 3 9 1
9 7 2 11 7 10 0 6 9 3 9 7 10 9 4 7 7 7 9 9 4 8 8 9 1 1 8 2 7 1 11 8 3 4 5 7 2 7 2 10
10 3 5 8 8 6 6 0 6 3 6 8 8 4 6 9 1 6 7 7 6 2 8 4 7 6 5 6 7 6 8 4 3 4 2 5 4 4 4 6
6 3 7 2 5 2 9 6 0 6 1 5 2 4 5 6 6 3 1 2 6 4 4 3 10 8 1 8 3 8 3 2 7 5 6 2 8 3 8 2
8 4 2 8 6 7 3 3 6 0 6 6 7 6 3 6 4 5 7 6 3 4 6 6 4 3 5 3 5 3 8 5 1 2 1 4 2 3 2 7
7 2 8 3 6 1 9 6 1 6 0 6 2 3 6 7 5 4 2 2 6 4 4 3 10 9 2 8 4 8 2 2 7 5 6 2 8 3 8 2
2 6 6 6 0 7 7 8 5 6 6 0 5 8 3 1 9 2 5 4 3 8 2 8 7 6 5 5 2 6 8 6 7 4 7 5 7 5 7 8
5 5 9 1 5 3 10 8 2 7 2 5 0 6 6 6 7 3 1 1 6 6 3 5 10 9 3 8 3 9 3 4 8 6 7 3 9 4 9 3
10 2 8 6 8 3 9 4 4 6 3 8 6 0 7 9 3 6 5 5 7 2 7 1 10 9 3 9 6 9 4 2 6 6 5 4 8 3 8 3
5 5 3 7 3 7 4 6 5 3 6 3 6 7 0 3 6 3 5 5 0 6 4 7 5 4 4 2 3 3 8 5 4 2 4 4 4 4 4 7
2 7 7 6 1 8 7 9 6 6 7 1 6 9 3 0 9 3 6 5 3 8 3 9 7 6 6 5 3 6 9 7 7 5 7 5 7 6 7 8
10 3 5 8 9 5 7 1 6 4 5 9 7 3 6 9 0 7 6 7 6 2 8 4 8 7 5 7 7 7 7 4 4 4 2 4 5 4 5 5
4 4 6 4 2 5 7 6 3 5 4 2 3 6 3 3 7 0 3 2 3 6 2 6 7 6 3 5 0 6 6 4 5 3 5 2 6 3 6 5
5 4 8 1 5 2 9 7 1 7 2 5 1 5 5 6 6 3 0 1 6 5 3 4 10 9 2 8 3 8 3 3 7 5 6 2 8 3 8 3
4 4 7 2 4 3 9 7 2 6 2 4 1 5 5 5 7 2 1 0 5 5 2 5 9 8 2 7 2 8 4 3 7 5 6 2 8 3 8 4
5 5 3 7 3 7 4 6 6 3 6 3 6 7 0 3 6 3 6 5 0 6 4 7 4 3 5 2 3 3 8 5 4 2 4 4 4 4 4 8
9 2 6 6 8 4 8 2 4 4 4 8 6 2 6 8 2 6 5 5 6 0 7 2 8 7 3 7 6 7 5 2 5 4 3 3 6 3 6 4
3 5 7 3 2 5 8 8 4 6 4 2 3 7 4 3 8 2 3 2 4 7 0 7 9 8 4 6 1 7 6 5 7 5 7 4 8 4 8 6
9 2 8 5 8 2 9 4 3 6 3 8 5 1 7 9 4 6 4 5 7 2 7 0 10 9 3 9 6 9 3 2 6 6 5 3 8 3 8 2
9 8 2 11 7 11 1 7 10 4 10 7 10 10 5 7 8 7 10 9 4 8 9 10 0 1 8 2 8 1 12 9 4 5 5 8 2 7 2 11
9 7 1 10 6 9 1 6 8 3 9 6 9 9 4 6 7 6 9 8 3 7 8 9 1 0 7 2 6 0 11 7 3 4 4 7 2 6 2 10
6 2 6 3 5 3 8 5 1 5 2 5 3 3 4 6 5 3 2 2 5 3 4 3 8 7 0 6 3 7 4 1 5 4 4 1 7 1 6 3
7 7 2 9 5 9 2 6 8 3 8 5 8 9 2 5 7 5 8 7 2 7 6 9 2 2 6 0 5 1 10 7 3 3 5 6 3 6 3 9
4 4 6 4 2 5 7 7 3 5 4 2 3 6 3 3 7 0 3 2 3 6 1 6 8 6 3 5 0 6 6 4 6 3 5 2 7 3 6 5
8 7 1 10 6 9 1 6 8 3 8 6 9 9 3 6 7 6 8 8 3 7 7 9 1 0 7 1 6 0 11 7 3 3 4 6 2 6 2 10
8 4 10 3 8 2 11 8 3 8 2 8 3 4 8 9 7 6 3 4 8 5 6 3 12 11 4 10 6 11 0 4 9 7 8 4 10 5 10 1
7 1 6 4 6 2 8 4 2 5 2 6 4 2 5 7 4 4 3 3 5 2 5 2 9 7 1 7 4 7 4 0 5 4 4 1 7 1 6 3
9 5 2 9 7 7 3 3 7 1 7 7 8 6 4 7 4 5 7 7 4 5 7 6 4 3 5 3 6 3 9 5 0 2 2 5 2 4 1 8
7 4 3 7 4 6 4 4 5 2 5 4 6 6 2 5 4 3 5 5 2 4 5 6 5 4 4 3 3 3 7 4 2 0 2 3 3 3 3 6
9 3 3 8 7 6 5 2 6 1 6 7 7 5 4 7 2 5 6 6 4 3 7 5 5 4 4 5 5 4 8 4 2 2 0 4 3 3 3 6
6 2 6 4 5 3 7 5 2 4 2 5 3 4 4 5 4 2 2 2 4 3 4 3 8 7 1 6 2 6 4 1 5 3 4 0 6 1 6 4
9 6 1 10 7 9 2 4 8 2 8 7 9 8 4 7 5 6 8 8 4 6 8 8 2 2 7 3 7 2 10 7 2 3 3 6 0 5 0 9
7 1 5 5 5 3 7 4 3 3 3 5 4 3 4 6 4 3 3 3 4 3 4 3 7 6 1 6 3 6 5 1 4 3 3 1 5 0 5 4
9 6 1 10 7 9 2 4 8 2 8 7 9 8 4 7 5 6 8 8 4 6 8 8 2 2 6 3 6 2 10 6 1 3 3 6 0 5 0 9
8 3 9 3 8 1 10 6 2 7 2 8 3 3 7 8 5 5 3 4 8 4 6 2 11 10 3 9 5 10 1 3 8 6 6 4 9 4 9 0
,
0 44 30 19 15 48 64 51 43 23 50 12 29 48 28 16 26 11 18 18 20 32 9 54 69 39 45 43 25 32 36 50 49 27 59 38 29 44 31 57
41 0 29 27 35 8 38 12 13 15 14 44 26 16 18 44 12 20 20 16 37 7 24 11 21 43 5 30 29 32 31 3 24 15 21 12 31 5 42 20
30 30 0 69 25 58 9 12 52 7 25 19 23 54 16 27 15 31 57 25 11 26 39 52 6 9 30 7 25 5 37 22 8 10 15 30 4 36 3 33
36 20 50 0 35 14 65 23 11 50 17 36 3 18 48 26 42 24 8 8 33 32 20 21 50 34 16 67 16 59 18 30 53 26 24 17 47 23 63 8
8 18 32 25 0 52 36 42 16 16 42 0 29 53 20 3 31 7 20 15 18 57 13 34 25 45 23 31 13 26 43 34 40 23 23 26 37 19 25 31
21 14 39 12 29 0 66 33 12 21 3 42 17 12 50 46 21 33 12 16 39 20 29 6 71 41 8 29 22 57 6 9 32 19 41 13 24 17 63 3
68 38 4 37 35 31 0 23 44 13 66 32 73 44 27 51 45 47 52 28 21 57 35 48 2 2 38 11 22 4 30 31 16 20 34 18 7 49 6 27
48 24 31 39 36 40 45 0 37 8 26 50 25 27 16 48 7 35 41 38 18 7 46 30 22 37 19 33 22 36 48 27 21 12 8 31 11 28 22 26
25 10 25 6 40 5 43 19 0 25 3 35 15 16 17 37 33 13 5 10 18 14 23 18 50 34 5 43 15 40 10 8 36 29 23 8 49 7 30 11
31 24 5 43 22 26 12 18 28 0 40 22 21 25 18 20 15 28 17 24 9 15 34 29 12 14 15 24 21 14 62 16 3 6 10 14 11 16 9 48
31 13 42 17 22 6 66 16 5 17 0 16 13 17 28 41 38 21 8 10 21 16 28 18 32 38 8 50 12 30 16 8 20 24 37 15 42 17 30 6
12 37 41 26 0 23 24 21 29 45 41 0 17 36 12 5 44 17 20 27 10 55 13 50 39 16 22 27 9 27 55 29 35 16 49 21 26 21 39 46
20 21 24 4 31 12 42 46 8 40 18 31 0 18 27 25 43 14 4 8 20 19 18 25 44 62 13 30 9 65 17 23 22 31 30 18 44 18 40 10
43 11 34 19 56 18 30 16 11 22 16 49 34 0 24 26 19 38 34 37 26 6 39 4 48 26 14 64 37 42 30 16 21 15 22 28 48 10 23 7
16 15 23 49 11 27 28 38 35 23 18 15 23 43 0 17 46 13 22 20 3 26 17 28 13 23 25 10 11 23 57 21 22 5 23 23 12 10 28 32
6 18 29 47 2 57 48 28 31 26 19 3 34 50 19 0 62 12 22 27 9 48 14 51 48 19 23 30 18 33 22 43 36 22 42 17 33 17 52 34
73 11 15 24 61 36 27 4 36 18 36 32 44 22 39 24 0 17 23 28 37 5 39 16 40 50 23 32 44 42 32 14 16 27 12 20 25 16 27 38
10 13 41 30 13 27 33 46 24 18 17 7 19 17 8 18 37 0 15 13 12 23 12 21 41 23 10 24 2 40 36 21 14 18 25 11 19 11 20 39
31 21 39 8 19 10 33 28 4 45 6 13 4 16 22 16 36 11 0 3 29 32 21 27 50 29 14 25 8 40 18 9 35 23 19 16 45 16 50 10
31 16 54 7 13 20 25 40 8 42 9 23 7 28 16 25 45 8 4 0 33 35 8 17 66 27 13 40 14 49 25 21 18 33 39 15 22 10 29 22
25 21 19 46 19 30 13 28 33 22 45 22 18 47 3 14 19 21 17 15 0 31 24 42 28 22 23 8 22 11 57 25 13 9 17 14 14 29 19 41
59 11 39 16 38 29 19 9 21 17 14 37 30 11 29 28 8 23 18 30 39 0 41 14 47 51 18 23 30 30 27 12 20 31 15 18 21 13 19 20
17 29 35 13 11 16 51 21 13 25 20 6 8 40 27 10 24 7 8 10 14 25 0 48 32 29 23 33 10 48 26 27 28 18 49 20 27 29 24 21
31 10 54 20 40 16 42 12 23 24 7 51 20 4 41 50 13 42 10 21 34 15 38 0 59 65 13 52 36 54 18 9 28 15 32 15 57 21 50 14
45 41 8 59 22 72 3 18 50 17 31 48 55 42 20 30 52 38 59 48 29 53 24 36 0 7 32 7 47 5 50 50 18 35 15 24 10 48 11 68
32 20 5 62 24 43 3 35 46 19 23 39 62 36 23 41 35 43 47 55 21 32 29 38 5 0 36 6 17 2 64 33 8 18 21 46 11 24 9 53
20 6 32 23 29 11 46 36 7 25 7 31 13 11 30 17 27 13 5 13 21 18 24 9 36 22 0 22 13 23 28 7 26 21 14 3 20 5 28 9
28 49 13 50 35 54 16 17 19 12 33 15 62 28 13 35 44 13 47 42 5 25 29 64 8 11 20 0 20 5 38 23 25 13 17 31 11 39 16 38
11 24 39 21 15 24 35 33 15 18 23 17 14 32 14 20 29 2 8 12 18 31 8 31 27 46 12 29 0 38 26 16 39 23 19 17 26 16 19 29
34 50 8 26 30 26 5 19 25 13 40 28 30 53 15 45 44 30 26 45 11 54 32 51 8 2 46 9 43 0 33 47 16 19 11 36 10 24 8 37
46 11 27 15 31 10 79 35 12 43 8 20 17 12 53 24 35 19 9 15 27 30 22 14 83 31 19 48 33 52 0 20 24 29 38 20 33 22 45 6
19 3 22 29 32 10 24 14 13 27 4 34 18 9 34 45 12 28 15 15 21 13 32 5 43 23 6 46 16 46 12 0 18 29 28 7 50 6 29 9
23 18 11 29 21 53 17 14 36 2 48 27 33 33 23 21 11 23 46 33 16 20 39 30 21 21 24 24 34 9 32 26 0 15 6 30 10 20 5 42
38 16 8 20 28 16 18 26 16 6 18 13 43 30 11 13 33 8 32 29 10 15 12 34 14 25 14 20 15 23 48 11 8 0 15 13 21 11 18 18
64 16 18 24 49 42 25 9 38 7 18 50 20 13 17 29 6 28 44 16 21 14 19 25 23 29 20 34 25 19 45 18 10 11 0 20 11 18 8 38
40 4 21 23 16 15 39 14 5 23 8 35 13 16 11 34 31 8 16 7 21 15 14 10 57 36 2 38 8 32 16 7 25 10 21 0 32 5 16 23
39 41 4 29 45 58 6 22 49 14 58 18 37 27 11 21 21 42 53 33 10 22 58 32 11 9 41 8 29 12 39 31 9 15 15 21 0 22 2 39
40 3 23 27 23 9 24 23 13 13 7 33 30 13 15 37 11 18 21 12 17 10 11 15 48 30 6 37 11 36 26 4 17 18 21 6 38 0 36 14
58 26 3 31 27 28 6 26 45 11 48 45 52 27 20 51 16 19 35 50 24 27 51 32 11 9 45 9 35 7 29 26 8 8 13 15 1 34 0 40
51 20 46 22 32 2 78 43 15 33 6 37 23 13 46 22 14 26 17 22 22 16 30 13 81 37 20 59 15 47 4 14 52 42 17 12 26 21 65 0