7
40
,
0 (0.0, 44.0) 14.0
1 (24.0, 14.0) 28.0
2 (42.0, 37.0) 35.0
3 (0.0, 17.0) 41.0
4 (11.0, 43.0) 15.0
5 (11.0, 8.0) 15.0
6 (46.0, 44.0) 35.0
7 (41.0, 14.0) 10.0
8 (11.0, 16.0) 16.0
9 (38.0, 29.0) 22.0
10 (12.0, 13.0) 11.0
11 (11.0, 43.0) 16.0
12 (2.0, 20.0) 17.0
13 (24.0, 3.0) 40.0
14 (25.0, 39.0) 25.0
15 (11.0, 47.0) 14.0
16 (38.0, 10.0) 37.0
17 (14.0, 32.0) 43.0
18 (7.0, 19.0) 22.0
19 (8.0, 23.0) 36.0
20 (27.0, 40.0) 11.0
21 (30.0, 9.0) 30.0
22 (6.0, 33.0) 13.0
23 (21.0, 4.0) 34.0
24 (47.0, 47.0) 22.0
25 (43.0, 43.0) 21.0
26 (17.0, 19.0) 10.0
27 (35.0, 45.0) 41.0
28 (13.0, 31.0) 39.0
29 (41.0, 43.0) 26.0
30 (4.0, 5.0) 15.0
31 (20.0, 14.0) 49.0
32 (41.0, 29.0) 35.0
33 (30.0, 31.0) 13.0
34 (38.0, 22.0) 13.0
35 (19.0, 21.0) 13.0
36 (46.0, 35.0) 46.0
37 (23.0, 20.0) 42.0
38 (44.0, 35.0) 37.0
39 (11.0, 5.0) 13.0
,
0 8 9 5 2 8 9 10 6 8 7 2 5 10 5 2 10 4 5 4 5 9 3 9 9 9 6 7 4 8 8 7 9 7 9 6 9 7 9 8
8 0 6 5 6 3 7 3 3 4 2 6 5 2 5 7 3 4 4 4 5 2 5 2 8 7 2 7 4 7 4 1 5 4 3 2 6 1 6 3
9 6 0 9 6 8 2 5 7 2 8 6 9 8 3 7 5 6 8 7 3 6 7 8 2 1 6 2 6 1 10 6 2 3 3 6 1 5 1 9
5 5 9 0 6 3 11 8 2 8 3 6 1 6 7 6 8 4 1 2 7 6 3 5 11 10 3 9 4 10 3 4 9 7 8 4 10 5 10 3
2 6 6 6 0 7 7 8 5 6 6 0 5 8 3 1 9 2 5 4 3 8 2 8 7 6 5 5 2 6 8 6 7 4 7 5 7 5 7 8
8 3 8 3 7 0 10 6 2 7 1 7 3 3 7 8 5 5 2 3 7 4 5 2 11 9 3 9 5 9 2 2 7 6 6 3 9 3 9 1
9 7 2 11 7 10 0 6 9 3 9 7 10 9 4 7 7 7 9 9 4 8 8 9 1 1 8 2 7 1 11 8 3 4 5 7 2 7 2 10
10 3 5 8 8 6 6 0 6 3 6 8 8 4 6 9 1 6 7 7 6 2 8 4 7 6 5 6 7 6 8 4 3 4 2 5 4 4 4 6
6 3 7 2 5 2 9 6 0 6 1 5 2 4 5 6 6 3 1 2 6 4 4 3 10 8 1 8 3 8 3 2 7 5 6 2 8 3 8 2
8 4 2 8 6 7 3 3 6 0 6 6 7 6 3 6 4 5 7 6 3 4 6 6 4 3 5 3 5 3 8 5 1 2 1 4 2 3 2 7
7 2 8 3 6 1 9 6 1 6 0 6 2 3 6 7 5 4 2 2 6 4 4 3 10 9 2 8 4 8 2 2 7 5 6 2 8 3 8 2
2 6 6 6 0 7 7 8 5 6 6 0 5 8 3 1 9 2 5 4 3 8 2 8 7 6 5 5 2 6 8 6 7 4 7 5 7 5 7 8
5 5 9 1 5 3 10 8 2 7 2 5 0 6 6 6 7 3 1 1 6 6 3 5 10 9 3 8 3 9 3 4 8 6 7 3 9 4 9 3
10 2 8 6 8 3 9 4 4 6 3 8 6 0 7 9 3 6 5 5 7 2 7 1 10 9 3 9 6 9 4 2 6 6 5 4 8 3 8 3
5 5 3 7 3 7 4 6 5 3 6 3 6 7 0 3 6 3 5 5 0 6 4 7 5 4 4 2 3 3 8 5 4 2 4 4 4 4 4 7
2 7 7 6 1 8 7 9 6 6 7 1 6 9 3 0 9 3 6 5 3 8 3 9 7 6 6 5 3 6 9 7 7 5 7 5 7 6 7 8
10 3 5 8 9 5 7 1 6 4 5 9 7 3 6 9 0 7 6 7 6 2 8 4 8 7 5 7 7 7 7 4 4 4 2 4 5 4 5 5
4 4 6 4 2 5 7 6 3 5 4 2 3 6 3 3 7 0 3 2 3 6 2 6 7 6 3 5 0 6 6 4 5 3 5 2 6 3 6 5
5 4 8 1 5 2 9 7 1 7 2 5 1 5 5 6 6 3 0 1 6 5 3 4 10 9 2 8 3 8 3 3 7 5 6 2 8 3 8 3
4 4 7 2 4 3 9 7 2 6 2 4 1 5 5 5 7 2 1 0 5 5 2 5 9 8 2 7 2 8 4 3 7 5 6 2 8 3 8 4
5 5 3 7 3 7 4 6 6 3 6 3 6 7 0 3 6 3 6 5 0 6 4 7 4 3 5 2 3 3 8 5 4 2 4 4 4 4 4 8
9 2 6 6 8 4 8 2 4 4 4 8 6 2 6 8 2 6 5 5 6 0 7 2 8 7 3 7 6 7 5 2 5 4 3 3 6 3 6 4
3 5 7 3 2 5 8 8 4 6 4 2 3 7 4 3 8 2 3 2 4 7 0 7 9 8 4 6 1 7 6 5 7 5 7 4 8 4 8 6
9 2 8 5 8 2 9 4 3 6 3 8 5 1 7 9 4 6 4 5 7 2 7 0 10 9 3 9 6 9 3 2 6 6 5 3 8 3 8 2
9 8 2 11 7 11 1 7 10 4 10 7 10 10 5 7 8 7 10 9 4 8 9 10 0 1 8 2 8 1 12 9 4 5 5 8 2 7 2 11
9 7 1 10 6 9 1 6 8 3 9 6 9 9 4 6 7 6 9 8 3 7 8 9 1 0 7 2 6 0 11 7 3 4 4 7 2 6 2 10
6 2 6 3 5 3 8 5 1 5 2 5 3 3 4 6 5 3 2 2 5 3 4 3 8 7 0 6 3 7 4 1 5 4 4 1 7 1 6 3
7 7 2 9 5 9 2 6 8 3 8 5 8 9 2 5 7 5 8 7 2 7 6 9 2 2 6 0 5 1 10 7 3 3 5 6 3 6 3 9
4 4 6 4 2 5 7 7 3 5 4 2 3 6 3 3 7 0 3 2 3 6 1 6 8 6 3 5 0 6 6 4 6 3 5 2 7 3 6 5
8 7 1 10 6 9 1 6 8 3 8 6 9 9 3 6 7 6 8 8 3 7 7 9 1 0 7 1 6 0 11 7 3 3 4 6 2 6 2 10
8 4 10 3 8 2 11 8 3 8 2 8 3 4 8 9 7 6 3 4 8 5 6 3 12 11 4 10 6 11 0 4 9 7 8 4 10 5 10 1
7 1 6 4 6 2 8 4 2 5 2 6 4 2 5 7 4 4 3 3 5 2 5 2 9 7 1 7 4 7 4 0 5 4 4 1 7 1 6 3
9 5 2 9 7 7 3 3 7 1 7 7 8 6 4 7 4 5 7 7 4 5 7 6 4 3 5 3 6 3 9 5 0 2 2 5 2 4 1 8
7 4 3 7 4 6 4 4 5 2 5 4 6 6 2 5 4 3 5 5 2 4 5 6 5 4 4 3 3 3 7 4 2 0 2 3 3 3 3 6
9 3 3 8 7 6 5 2 6 1 6 7 7 5 4 7 2 5 6 6 4 3 7 5 5 4 4 5 5 4 8 4 2 2 0 4 3 3 3 6
6 2 6 4 5 3 7 5 2 4 2 5 3 4 4 5 4 2 2 2 4 3 4 3 8 7 1 6 2 6 4 1 5 3 4 0 6 1 6 4
9 6 1 10 7 9 2 4 8 2 8 7 9 8 4 7 5 6 8 8 4 6 8 8 2 2 7 3 7 2 10 7 2 3 3 6 0 5 0 9
7 1 5 5 5 3 7 4 3 3 3 5 4 3 4 6 4 3 3 3 4 3 4 3 7 6 1 6 3 6 5 1 4 3 3 1 5 0 5 4
9 6 1 10 7 9 2 4 8 2 8 7 9 8 4 7 5 6 8 8 4 6 8 8 2 2 6 3 6 2 10 6 1 3 3 6 0 5 0 9
8 3 9 3 8 1 10 6 2 7 2 8 3 3 7 8 5 5 3 4 8 4 6 2 11 10 3 9 5 10 1 3 8 6 6 4 9 4 9 0
,
0 56 42 29 15 29 41 73 33 32 23 16 34 57 25 10 66 19 29 12 24 47 13 68 28 63 38 20 23 54 26 41 44 20 36 43 56 24 60 29
48 0 30 13 18 16 19 19 18 12 9 40 14 13 21 19 15 28 11 27 33 6 39 14 32 39 5 41 14 17 13 3 31 23 23 11 15 8 39 10
63 39 0 24 43 45 12 13 20 13 40 28 57 55 21 29 30 23 40 30 11 41 30 44 16 6 40 9 44 6 45 19 6 13 15 28 6 33 2 44
20 23 42 0 24 8 65 49 6 53 10 27 5 30 40 21 27 28 10 11 28 20 25 30 28 60 12 36 21 51 10 10 39 49 49 17 30 31 46 10
16 36 39 29 0 49 37 63 20 45 31 0 26 33 21 3 51 9 17 28 11 21 15 27 53 20 15 15 9 33 50 44 25 32 34 30 25 22 35 55
25 13 53 21 48 0 55 40 8 47 3 50 13 18 44 42 40 28 16 10 36 13 19 15 55 57 14 43 33 31 5 14 47 26 32 8 56 11 32 2
60 25 11 34 22 45 0 41 40 16 60 48 37 68 30 34 38 22 24 56 10 26 51 69 2 4 31 9 50 5 42 56 9 15 13 41 8 48 12 42
36 20 22 28 22 16 35 0 25 10 26 46 51 17 32 35 7 38 23 24 18 12 49 19 50 34 35 18 19 29 30 26 20 23 9 13 27 19 29 28
44 8 19 12 14 8 46 21 0 20 2 17 7 25 22 23 22 8 5 7 17 25 16 14 66 30 4 39 14 39 12 13 45 20 14 14 29 18 27 11
51 17 8 33 22 23 9 18 22 0 45 31 52 25 10 39 13 31 43 35 9 12 24 28 12 12 18 10 21 14 55 26 2 9 9 28 11 19 6 43
21 9 26 11 27 3 27 18 2 21 0 28 7 9 20 31 17 10 10 7 19 22 14 8 72 49 6 34 25 57 8 7 19 36 22 13 44 13 33 8
7 32 26 24 0 31 32 26 25 31 26 0 27 43 16 6 40 10 36 24 10 48 11 38 28 22 32 34 16 21 54 44 26 20 20 13 52 34 42 21
21 34 53 3 37 19 44 59 9 27 12 33 0 26 25 30 32 11 6 6 35 37 13 31 73 58 9 55 21 52 17 20 52 45 49 13 53 25 47 26
36 16 48 37 43 19 61 16 27 41 10 47 25 0 23 48 13 35 22 13 35 9 22 4 42 46 22 27 29 55 29 8 30 38 20 15 26 16 32 12
31 32 23 25 19 30 14 41 16 23 16 9 20 41 0 20 35 7 24 16 2 26 15 32 32 19 27 15 9 18 43 30 27 13 17 14 26 11 24 30
16 31 35 35 6 21 43 55 31 32 27 4 35 35 19 0 55 15 38 28 18 33 9 49 51 21 22 20 21 38 30 36 39 16 33 14 45 23 53 33
65 12 27 57 27 30 48 3 38 16 24 39 37 18 16 63 0 38 29 35 28 4 43 12 44 26 29 49 27 34 49 23 21 31 18 20 32 21 34 25
12 28 19 28 13 14 19 28 12 36 19 9 17 21 19 9 46 0 16 6 12 19 11 43 26 22 17 22 1 27 28 22 15 8 31 14 43 22 16 18
27 21 24 4 16 13 42 36 5 27 6 29 5 24 18 35 21 10 0 4 36 34 19 13 46 40 6 29 19 47 20 17 52 24 34 18 29 12 41 18
18 16 36 9 15 9 41 50 9 42 16 12 6 14 29 23 22 6 6 0 28 32 9 30 35 56 5 30 11 30 12 14 38 19 38 13 24 21 45 26
15 15 22 45 23 47 22 27 35 16 29 23 24 53 2 21 22 18 36 23 0 17 20 30 21 17 14 11 22 12 41 36 23 12 30 10 15 26 25 55
66 11 32 24 32 26 28 14 29 18 24 41 32 11 37 26 7 26 17 16 16 0 47 9 34 44 12 51 26 25 20 9 15 16 17 12 30 11 25 10
11 15 46 23 11 35 35 32 14 19 26 7 19 32 13 17 29 11 9 13 27 41 0 48 32 56 23 33 5 26 21 26 31 25 24 16 59 25 36 21
27 8 32 22 28 7 56 29 16 39 12 60 34 4 24 55 24 29 30 21 43 12 41 0 69 44 22 31 29 58 13 10 25 37 31 13 27 18 54 8
27 51 9 71 31 29 2 38 28 16 34 25 33 27 31 31 40 36 63 29 15 56 24 25 0 8 47 10 28 6 88 60 14 19 30 40 12 43 16 78
32 46 8 35 24 29 2 32 44 12 29 24 26 24 16 31 44 27 42 51 13 19 56 31 4 0 36 11 24 2 58 26 16 16 19 42 10 23 5 26
33 9 42 25 27 17 45 26 10 31 4 16 15 25 13 41 21 16 5 9 31 10 25 22 56 47 0 20 18 17 10 3 37 17 26 2 48 9 40 22
43 28 9 48 15 49 9 37 38 9 42 16 48 45 13 29 48 23 30 21 13 33 30 38 8 9 42 0 18 4 63 39 25 9 30 23 16 25 13 63
12 22 18 24 7 20 37 33 20 28 17 7 14 17 9 14 44 1 13 13 9 25 7 15 56 28 17 18 0 18 28 17 14 10 14 9 41 15 28 34
23 45 8 58 34 43 3 17 52 15 56 29 45 31 22 40 49 33 50 40 21 35 47 43 6 2 18 8 29 0 48 23 14 24 13 40 6 40 11 32
46 26 45 7 31 6 54 39 15 25 9 44 14 15 21 34 30 22 8 15 45 25 31 18 69 52 13 40 25 64 0 16 26 42 21 29 48 25 49 4
49 6 21 18 44 9 31 17 12 28 8 36 17 12 35 45 27 22 14 21 15 11 28 8 55 53 6 29 13 23 26 0 14 12 20 6 39 4 34 17
33 19 11 25 29 55 12 14 39 2 24 27 49 22 28 33 26 31 33 17 16 31 37 24 23 20 38 15 40 18 31 21 0 16 11 18 5 15 6 53
49 23 13 37 14 20 11 30 24 10 17 31 19 33 9 33 17 10 16 30 6 29 30 19 24 13 15 8 23 22 25 24 17 0 10 9 22 7 21 27
61 23 12 40 32 41 18 11 41 6 23 36 43 28 24 54 17 38 17 41 11 21 27 29 21 20 29 28 37 16 44 15 8 13 0 20 22 15 15 21
18 8 34 12 25 21 31 20 7 16 15 33 15 19 10 32 20 17 9 15 14 22 21 15 26 37 2 26 7 23 15 7 34 22 26 0 44 5 21 11
35 21 4 71 53 54 7 20 26 11 43 36 33 24 25 36 38 36 46 48 22 21 31 43 12 9 30 21 32 10 64 47 9 11 20 18 0 29 1 50
30 8 22 35 19 24 26 13 14 13 7 31 23 16 13 42 24 13 19 20 11 18 22 8 32 31 7 38 10 43 31 4 14 10 8 5 32 0 23 13
35 32 2 36 38 38 10 21 26 11 37 46 62 29 13 26 25 41 50 40 12 34 55 30 7 8 20 17 28 5 67 22 9 14 15 43 2 22 0 52
30 10 61 18 22 2 67 40 15 23 11 46 23 17 40 56 34 17 22 22 47 17 30 9 39 51 20 54 28 43 6 9 51 19 32 17 60 17 64 0