7
40
,
0 (0.0, 44.0) 19.0
1 (24.0, 14.0) 27.0
2 (42.0, 37.0) 44.0
3 (0.0, 17.0) 33.0
4 (11.0, 43.0) 48.0
5 (11.0, 8.0) 11.0
6 (46.0, 44.0) 25.0
7 (41.0, 14.0) 44.0
8 (11.0, 16.0) 10.0
9 (38.0, 29.0) 13.0
10 (12.0, 13.0) 40.0
11 (11.0, 43.0) 12.0
12 (2.0, 20.0) 20.0
13 (24.0, 3.0) 22.0
14 (25.0, 39.0) 20.0
15 (11.0, 47.0) 32.0
16 (38.0, 10.0) 47.0
17 (14.0, 32.0) 32.0
18 (7.0, 19.0) 21.0
19 (8.0, 23.0) 21.0
20 (27.0, 40.0) 50.0
21 (30.0, 9.0) 36.0
22 (6.0, 33.0) 47.0
23 (21.0, 4.0) 48.0
24 (47.0, 47.0) 10.0
25 (43.0, 43.0) 22.0
26 (17.0, 19.0) 36.0
27 (35.0, 45.0) 10.0
28 (13.0, 31.0) 16.0
29 (41.0, 43.0) 31.0
30 (4.0, 5.0) 49.0
31 (20.0, 14.0) 18.0
32 (41.0, 29.0) 39.0
33 (30.0, 31.0) 10.0
34 (38.0, 22.0) 50.0
35 (19.0, 21.0) 19.0
36 (46.0, 35.0) 19.0
37 (23.0, 20.0) 23.0
38 (44.0, 35.0) 20.0
39 (11.0, 5.0) 31.0
,
0 8 9 5 2 8 9 10 6 8 7 2 5 10 5 2 10 4 5 4 5 9 3 9 9 9 6 7 4 8 8 7 9 7 9 6 9 7 9 8
8 0 6 5 6 3 7 3 3 4 2 6 5 2 5 7 3 4 4 4 5 2 5 2 8 7 2 7 4 7 4 1 5 4 3 2 6 1 6 3
9 6 0 9 6 8 2 5 7 2 8 6 9 8 3 7 5 6 8 7 3 6 7 8 2 1 6 2 6 1 10 6 2 3 3 6 1 5 1 9
5 5 9 0 6 3 11 8 2 8 3 6 1 6 7 6 8 4 1 2 7 6 3 5 11 10 3 9 4 10 3 4 9 7 8 4 10 5 10 3
2 6 6 6 0 7 7 8 5 6 6 0 5 8 3 1 9 2 5 4 3 8 2 8 7 6 5 5 2 6 8 6 7 4 7 5 7 5 7 8
8 3 8 3 7 0 10 6 2 7 1 7 3 3 7 8 5 5 2 3 7 4 5 2 11 9 3 9 5 9 2 2 7 6 6 3 9 3 9 1
9 7 2 11 7 10 0 6 9 3 9 7 10 9 4 7 7 7 9 9 4 8 8 9 1 1 8 2 7 1 11 8 3 4 5 7 2 7 2 10
10 3 5 8 8 6 6 0 6 3 6 8 8 4 6 9 1 6 7 7 6 2 8 4 7 6 5 6 7 6 8 4 3 4 2 5 4 4 4 6
6 3 7 2 5 2 9 6 0 6 1 5 2 4 5 6 6 3 1 2 6 4 4 3 10 8 1 8 3 8 3 2 7 5 6 2 8 3 8 2
8 4 2 8 6 7 3 3 6 0 6 6 7 6 3 6 4 5 7 6 3 4 6 6 4 3 5 3 5 3 8 5 1 2 1 4 2 3 2 7
7 2 8 3 6 1 9 6 1 6 0 6 2 3 6 7 5 4 2 2 6 4 4 3 10 9 2 8 4 8 2 2 7 5 6 2 8 3 8 2
2 6 6 6 0 7 7 8 5 6 6 0 5 8 3 1 9 2 5 4 3 8 2 8 7 6 5 5 2 6 8 6 7 4 7 5 7 5 7 8
5 5 9 1 5 3 10 8 2 7 2 5 0 6 6 6 7 3 1 1 6 6 3 5 10 9 3 8 3 9 3 4 8 6 7 3 9 4 9 3
10 2 8 6 8 3 9 4 4 6 3 8 6 0 7 9 3 6 5 5 7 2 7 1 10 9 3 9 6 9 4 2 6 6 5 4 8 3 8 3
5 5 3 7 3 7 4 6 5 3 6 3 6 7 0 3 6 3 5 5 0 6 4 7 5 4 4 2 3 3 8 5 4 2 4 4 4 4 4 7
2 7 7 6 1 8 7 9 6 6 7 1 6 9 3 0 9 3 6 5 3 8 3 9 7 6 6 5 3 6 9 7 7 5 7 5 7 6 7 8
10 3 5 8 9 5 7 1 6 4 5 9 7 3 6 9 0 7 6 7 6 2 8 4 8 7 5 7 7 7 7 4 4 4 2 4 5 4 5 5
4 4 6 4 2 5 7 6 3 5 4 2 3 6 3 3 7 0 3 2 3 6 2 6 7 6 3 5 0 6 6 4 5 3 5 2 6 3 6 5
5 4 8 1 5 2 9 7 1 7 2 5 1 5 5 6 6 3 0 1 6 5 3 4 10 9 2 8 3 8 3 3 7 5 6 2 8 3 8 3
4 4 7 2 4 3 9 7 2 6 2 4 1 5 5 5 7 2 1 0 5 5 2 5 9 8 2 7 2 8 4 3 7 5 6 2 8 3 8 4
5 5 3 7 3 7 4 6 6 3 6 3 6 7 0 3 6 3 6 5 0 6 4 7 4 3 5 2 3 3 8 5 4 2 4 4 4 4 4 8
9 2 6 6 8 4 8 2 4 4 4 8 6 2 6 8 2 6 5 5 6 0 7 2 8 7 3 7 6 7 5 2 5 4 3 3 6 3 6 4
3 5 7 3 2 5 8 8 4 6 4 2 3 7 4 3 8 2 3 2 4 7 0 7 9 8 4 6 1 7 6 5 7 5 7 4 8 4 8 6
9 2 8 5 8 2 9 4 3 6 3 8 5 1 7 9 4 6 4 5 7 2 7 0 10 9 3 9 6 9 3 2 6 6 5 3 8 3 8 2
9 8 2 11 7 11 1 7 10 4 10 7 10 10 5 7 8 7 10 9 4 8 9 10 0 1 8 2 8 1 12 9 4 5 5 8 2 7 2 11
9 7 1 10 6 9 1 6 8 3 9 6 9 9 4 6 7 6 9 8 3 7 8 9 1 0 7 2 6 0 11 7 3 4 4 7 2 6 2 10
6 2 6 3 5 3 8 5 1 5 2 5 3 3 4 6 5 3 2 2 5 3 4 3 8 7 0 6 3 7 4 1 5 4 4 1 7 1 6 3
7 7 2 9 5 9 2 6 8 3 8 5 8 9 2 5 7 5 8 7 2 7 6 9 2 2 6 0 5 1 10 7 3 3 5 6 3 6 3 9
4 4 6 4 2 5 7 7 3 5 4 2 3 6 3 3 7 0 3 2 3 6 1 6 8 6 3 5 0 6 6 4 6 3 5 2 7 3 6 5
8 7 1 10 6 9 1 6 8 3 8 6 9 9 3 6 7 6 8 8 3 7 7 9 1 0 7 1 6 0 11 7 3 3 4 6 2 6 2 10
8 4 10 3 8 2 11 8 3 8 2 8 3 4 8 9 7 6 3 4 8 5 6 3 12 11 4 10 6 11 0 4 9 7 8 4 10 5 10 1
7 1 6 4 6 2 8 4 2 5 2 6 4 2 5 7 4 4 3 3 5 2 5 2 9 7 1 7 4 7 4 0 5 4 4 1 7 1 6 3
9 5 2 9 7 7 3 3 7 1 7 7 8 6 4 7 4 5 7 7 4 5 7 6 4 3 5 3 6 3 9 5 0 2 2 5 2 4 1 8
7 4 3 7 4 6 4 4 5 2 5 4 6 6 2 5 4 3 5 5 2 4 5 6 5 4 4 3 3 3 7 4 2 0 2 3 3 3 3 6
9 3 3 8 7 6 5 2 6 1 6 7 7 5 4 7 2 5 6 6 4 3 7 5 5 4 4 5 5 4 8 4 2 2 0 4 3 3 3 6
6 2 6 4 5 3 7 5 2 4 2 5 3 4 4 5 4 2 2 2 4 3 4 3 8 7 1 6 2 6 4 1 5 3 4 0 6 1 6 4
9 6 1 10 7 9 2 4 8 2 8 7 9 8 4 7 5 6 8 8 4 6 8 8 2 2 7 3 7 2 10 7 2 3 3 6 0 5 0 9
7 1 5 5 5 3 7 4 3 3 3 5 4 3 4 6 4 3 3 3 4 3 4 3 7 6 1 6 3 6 5 1 4 3 3 1 5 0 5 4
9 6 1 10 7 9 2 4 8 2 8 7 9 8 4 7 5 6 8 8 4 6 8 8 2 2 6 3 6 2 10 6 1 3 3 6 0 5 0 9
8 3 9 3 8 1 10 6 2 7 2 8 3 3 7 8 5 5 3 4 8 4 6 2 11 10 3 9 5 10 1 3 8 6 6 4 9 4 9 0
,
0 39 38 25 9 26 35 30 32 31 32 9 33 48 33 8 51 25 32 24 21 46 7 53 47 37 30 29 11 23 34 28 57 29 37 34 48 26 58 30
36 0 35 32 37 10 40 13 12 23 10 43 18 12 19 31 16 15 15 27 28 11 20 9 38 42 4 31 23 29 20 3 29 12 18 8 36 6 32 14
23 28 0 27 27 40 9 34 27 5 23 34 55 24 16 17 32 37 32 53 13 23 36 57 17 6 36 7 30 4 71 41 6 9 14 22 6 37 4 34
32 34 49 0 24 10 44 59 12 41 8 17 3 20 32 28 34 14 7 12 28 35 25 22 32 62 9 60 24 48 11 30 29 26 28 29 38 29 65 16
16 20 36 17 0 41 34 38 35 40 27 0 17 61 10 2 56 9 25 26 9 34 6 37 30 33 30 19 15 25 29 31 31 21 21 34 24 29 44 27
47 8 27 20 39 0 32 21 11 36 4 29 10 15 48 35 36 23 9 11 34 12 15 10 32 52 13 65 28 55 9 11 48 34 24 21 30 20 45 4
60 39 6 34 26 58 0 42 63 12 67 51 67 56 29 39 39 21 29 38 28 48 47 46 4 3 24 12 53 5 82 33 17 29 23 40 7 33 8 65
42 10 18 43 27 26 22 0 27 9 23 40 35 17 19 37 6 47 49 46 40 15 53 32 27 15 20 38 46 43 31 15 22 14 4 15 15 25 14 47
40 13 38 6 17 10 54 16 0 18 3 32 7 25 35 20 17 10 7 9 37 16 20 12 39 35 5 29 9 34 19 11 24 31 27 8 41 12 23 12
21 28 9 27 20 34 11 14 17 0 34 32 40 32 12 40 19 25 36 18 18 24 45 37 25 13 15 24 29 21 52 26 2 11 10 21 13 22 10 51
35 14 45 10 36 3 34 42 3 40 0 31 14 14 18 22 23 24 10 10 31 20 20 16 73 50 10 36 26 50 6 5 36 22 41 13 42 18 28 5
7 31 21 17 0 45 30 42 20 36 25 0 20 61 8 3 25 17 34 12 22 43 15 52 51 26 24 15 15 27 23 35 48 15 51 14 21 29 37 30
14 32 25 2 19 10 65 31 13 27 15 25 0 20 16 15 45 14 3 8 23 15 18 33 75 30 8 27 19 53 19 28 32 43 41 19 34 17 44 9
51 14 34 37 33 20 50 22 26 23 23 47 24 0 45 33 20 44 29 31 34 10 29 2 32 51 10 49 34 30 22 14 21 35 34 25 28 10 41 15
19 23 23 47 16 50 19 32 40 20 26 9 38 37 0 8 38 15 17 27 2 21 18 39 24 25 24 10 11 9 41 35 14 7 15 21 20 22 22 38
7 29 36 43 3 56 23 43 33 31 36 3 37 54 12 0 51 21 34 26 11 31 11 64 23 45 33 31 22 27 43 19 36 20 47 36 33 43 30 21
41 8 16 56 44 15 30 7 39 16 28 54 55 9 22 28 0 19 31 19 26 8 58 11 32 23 28 22 43 34 20 13 16 20 9 30 33 16 29 14
14 17 39 20 12 32 41 18 21 17 15 17 19 26 12 18 46 0 18 12 22 17 9 24 28 36 13 37 1 21 39 24 29 14 24 7 27 15 18 21
36 22 53 5 17 8 39 51 5 37 6 25 7 16 26 20 47 19 0 3 37 21 14 19 59 36 6 23 18 48 16 13 41 37 32 18 31 20 26 10
16 22 54 8 15 9 44 26 7 30 11 15 4 29 22 22 43 11 3 0 32 16 6 14 68 49 12 24 11 47 22 16 34 29 30 8 53 8 44 12
22 33 16 21 21 39 16 23 29 9 37 9 35 19 3 10 47 18 20 15 0 31 32 23 28 20 13 11 23 21 44 26 23 11 22 22 23 26 22 19
61 9 30 41 47 25 33 13 25 21 17 54 16 12 23 53 5 37 29 34 35 0 41 10 49 30 12 36 30 30 30 12 29 27 15 11 19 13 18 23
16 23 51 21 11 20 28 24 20 45 28 11 20 52 16 8 58 11 10 6 33 46 0 43 44 26 16 20 7 34 27 22 30 14 30 9 31 31 33 18
26 6 30 16 31 9 44 16 19 38 15 29 18 3 37 56 27 24 15 16 27 9 19 0 30 63 12 43 40 31 12 9 33 35 35 10 28 22 39 11
30 35 6 78 31 70 4 23 65 24 40 47 54 42 29 29 21 54 59 37 23 23 27 33 0 7 48 11 27 5 77 23 24 26 36 21 12 42 15 71
46 46 9 56 28 29 2 35 28 16 48 36 64 35 15 21 29 28 40 55 11 24 45 33 8 0 41 12 18 2 27 24 15 16 15 34 12 37 5 48
17 6 20 16 31 14 43 27 5 34 9 28 21 12 11 28 21 13 8 5 17 24 22 23 36 24 0 42 14 27 20 5 32 9 17 2 38 6 33 10
21 44 9 61 36 33 9 27 39 16 24 27 59 47 9 13 41 31 26 33 8 31 32 53 13 8 26 0 29 9 66 22 18 21 22 33 20 21 13 53
19 19 27 22 15 32 36 39 14 25 17 7 21 17 19 14 43 1 12 8 24 38 8 37 52 39 11 15 0 42 41 25 15 18 31 11 30 19 24 15
36 38 6 62 36 42 7 31 57 12 48 22 34 25 21 18 21 17 62 49 14 24 49 44 7 2 30 8 26 0 74 22 13 18 15 44 14 41 5 39
25 31 56 7 26 8 32 27 16 51 9 31 18 29 22 54 46 27 19 18 56 29 36 20 35 59 12 32 24 60 0 15 60 41 31 21 73 24 73 9
45 4 34 26 20 14 35 24 7 14 12 20 22 15 15 42 27 16 7 19 21 6 35 11 28 27 8 22 18 36 15 0 27 15 16 4 31 10 32 14
44 18 9 37 29 55 22 9 48 4 21 33 48 42 26 30 20 39 33 40 11 15 52 24 17 12 33 12 15 11 49 19 0 13 7 34 4 28 10 54
30 20 17 39 20 38 20 23 32 5 19 23 27 34 8 15 33 13 14 33 8 18 20 24 20 16 15 14 22 17 49 21 6 0 13 9 24 17 13 44
37 22 8 53 44 27 17 8 22 7 34 42 37 16 22 37 12 14 33 26 32 20 39 37 36 15 15 25 32 16 31 17 6 13 0 23 10 19 10 46
29 7 38 21 35 14 29 28 14 27 12 14 16 19 23 36 16 9 15 7 23 21 9 23 37 48 4 17 9 18 30 9 14 10 22 0 31 4 21 15
56 29 6 25 52 36 12 15 47 8 30 22 40 51 13 30 14 38 38 24 16 30 28 42 10 11 44 15 48 8 58 42 9 12 10 38 0 33 2 44
29 3 16 21 22 16 20 24 18 20 16 28 24 21 19 37 19 17 10 17 12 8 25 19 46 43 3 21 9 41 29 5 24 20 13 3 31 0 31 16
23 16 2 54 51 30 11 30 40 5 40 48 51 28 22 29 19 29 23 32 24 19 49 42 10 9 41 13 41 11 56 35 7 19 19 39 3 37 0 62
43 11 55 16 52 2 71 38 8 47 6 29 9 10 33 43 17 36 12 24 41 14 20 6 51 32 19 26 35 35 8 16 41 40 27 11 38 11 30 0