7
40
,
0 (0.0, 44.0) 36.0
1 (24.0, 14.0) 15.0
2 (42.0, 37.0) 15.0
3 (0.0, 17.0) 13.0
4 (11.0, 43.0) 17.0
5 (11.0, 8.0) 16.0
6 (46.0, 44.0) 42.0
7 (41.0, 14.0) 35.0
8 (11.0, 16.0) 50.0
9 (38.0, 29.0) 24.0
10 (12.0, 13.0) 30.0
11 (11.0, 43.0) 16.0
12 (2.0, 20.0) 29.0
13 (24.0, 3.0) 19.0
14 (25.0, 39.0) 32.0
15 (11.0, 47.0) 36.0
16 (38.0, 10.0) 39.0
17 (14.0, 32.0) 11.0
18 (7.0, 19.0) 32.0
19 (8.0, 23.0) 18.0
20 (27.0, 40.0) 12.0
21 (30.0, 9.0) 14.0
22 (6.0, 33.0) 46.0
23 (21.0, 4.0) 32.0
24 (47.0, 47.0) 15.0
25 (43.0, 43.0) 12.0
26 (17.0, 19.0) 10.0
27 (35.0, 45.0) 33.0
28 (13.0, 31.0) 17.0
29 (41.0, 43.0) 18.0
30 (4.0, 5.0) 12.0
31 (20.0, 14.0) 27.0
32 (41.0, 29.0) 28.0
33 (30.0, 31.0) 35.0
34 (38.0, 22.0) 19.0
35 (19.0, 21.0) 23.0
36 (46.0, 35.0) 22.0
37 (23.0, 20.0) 15.0
38 (44.0, 35.0) 47.0
39 (11.0, 5.0) 33.0
,
0 8 9 5 2 8 9 10 6 8 7 2 5 10 5 2 10 4 5 4 5 9 3 9 9 9 6 7 4 8 8 7 9 7 9 6 9 7 9 8
8 0 6 5 6 3 7 3 3 4 2 6 5 2 5 7 3 4 4 4 5 2 5 2 8 7 2 7 4 7 4 1 5 4 3 2 6 1 6 3
9 6 0 9 6 8 2 5 7 2 8 6 9 8 3 7 5 6 8 7 3 6 7 8 2 1 6 2 6 1 10 6 2 3 3 6 1 5 1 9
5 5 9 0 6 3 11 8 2 8 3 6 1 6 7 6 8 4 1 2 7 6 3 5 11 10 3 9 4 10 3 4 9 7 8 4 10 5 10 3
2 6 6 6 0 7 7 8 5 6 6 0 5 8 3 1 9 2 5 4 3 8 2 8 7 6 5 5 2 6 8 6 7 4 7 5 7 5 7 8
8 3 8 3 7 0 10 6 2 7 1 7 3 3 7 8 5 5 2 3 7 4 5 2 11 9 3 9 5 9 2 2 7 6 6 3 9 3 9 1
9 7 2 11 7 10 0 6 9 3 9 7 10 9 4 7 7 7 9 9 4 8 8 9 1 1 8 2 7 1 11 8 3 4 5 7 2 7 2 10
10 3 5 8 8 6 6 0 6 3 6 8 8 4 6 9 1 6 7 7 6 2 8 4 7 6 5 6 7 6 8 4 3 4 2 5 4 4 4 6
6 3 7 2 5 2 9 6 0 6 1 5 2 4 5 6 6 3 1 2 6 4 4 3 10 8 1 8 3 8 3 2 7 5 6 2 8 3 8 2
8 4 2 8 6 7 3 3 6 0 6 6 7 6 3 6 4 5 7 6 3 4 6 6 4 3 5 3 5 3 8 5 1 2 1 4 2 3 2 7
7 2 8 3 6 1 9 6 1 6 0 6 2 3 6 7 5 4 2 2 6 4 4 3 10 9 2 8 4 8 2 2 7 5 6 2 8 3 8 2
2 6 6 6 0 7 7 8 5 6 6 0 5 8 3 1 9 2 5 4 3 8 2 8 7 6 5 5 2 6 8 6 7 4 7 5 7 5 7 8
5 5 9 1 5 3 10 8 2 7 2 5 0 6 6 6 7 3 1 1 6 6 3 5 10 9 3 8 3 9 3 4 8 6 7 3 9 4 9 3
10 2 8 6 8 3 9 4 4 6 3 8 6 0 7 9 3 6 5 5 7 2 7 1 10 9 3 9 6 9 4 2 6 6 5 4 8 3 8 3
5 5 3 7 3 7 4 6 5 3 6 3 6 7 0 3 6 3 5 5 0 6 4 7 5 4 4 2 3 3 8 5 4 2 4 4 4 4 4 7
2 7 7 6 1 8 7 9 6 6 7 1 6 9 3 0 9 3 6 5 3 8 3 9 7 6 6 5 3 6 9 7 7 5 7 5 7 6 7 8
10 3 5 8 9 5 7 1 6 4 5 9 7 3 6 9 0 7 6 7 6 2 8 4 8 7 5 7 7 7 7 4 4 4 2 4 5 4 5 5
4 4 6 4 2 5 7 6 3 5 4 2 3 6 3 3 7 0 3 2 3 6 2 6 7 6 3 5 0 6 6 4 5 3 5 2 6 3 6 5
5 4 8 1 5 2 9 7 1 7 2 5 1 5 5 6 6 3 0 1 6 5 3 4 10 9 2 8 3 8 3 3 7 5 6 2 8 3 8 3
4 4 7 2 4 3 9 7 2 6 2 4 1 5 5 5 7 2 1 0 5 5 2 5 9 8 2 7 2 8 4 3 7 5 6 2 8 3 8 4
5 5 3 7 3 7 4 6 6 3 6 3 6 7 0 3 6 3 6 5 0 6 4 7 4 3 5 2 3 3 8 5 4 2 4 4 4 4 4 8
9 2 6 6 8 4 8 2 4 4 4 8 6 2 6 8 2 6 5 5 6 0 7 2 8 7 3 7 6 7 5 2 5 4 3 3 6 3 6 4
3 5 7 3 2 5 8 8 4 6 4 2 3 7 4 3 8 2 3 2 4 7 0 7 9 8 4 6 1 7 6 5 7 5 7 4 8 4 8 6
9 2 8 5 8 2 9 4 3 6 3 8 5 1 7 9 4 6 4 5 7 2 7 0 10 9 3 9 6 9 3 2 6 6 5 3 8 3 8 2
9 8 2 11 7 11 1 7 10 4 10 7 10 10 5 7 8 7 10 9 4 8 9 10 0 1 8 2 8 1 12 9 4 5 5 8 2 7 2 11
9 7 1 10 6 9 1 6 8 3 9 6 9 9 4 6 7 6 9 8 3 7 8 9 1 0 7 2 6 0 11 7 3 4 4 7 2 6 2 10
6 2 6 3 5 3 8 5 1 5 2 5 3 3 4 6 5 3 2 2 5 3 4 3 8 7 0 6 3 7 4 1 5 4 4 1 7 1 6 3
7 7 2 9 5 9 2 6 8 3 8 5 8 9 2 5 7 5 8 7 2 7 6 9 2 2 6 0 5 1 10 7 3 3 5 6 3 6 3 9
4 4 6 4 2 5 7 7 3 5 4 2 3 6 3 3 7 0 3 2 3 6 1 6 8 6 3 5 0 6 6 4 6 3 5 2 7 3 6 5
8 7 1 10 6 9 1 6 8 3 8 6 9 9 3 6 7 6 8 8 3 7 7 9 1 0 7 1 6 0 11 7 3 3 4 6 2 6 2 10
8 4 10 3 8 2 11 8 3 8 2 8 3 4 8 9 7 6 3 4 8 5 6 3 12 11 4 10 6 11 0 4 9 7 8 4 10 5 10 1
7 1 6 4 6 2 8 4 2 5 2 6 4 2 5 7 4 4 3 3 5 2 5 2 9 7 1 7 4 7 4 0 5 4 4 1 7 1 6 3
9 5 2 9 7 7 3 3 7 1 7 7 8 6 4 7 4 5 7 7 4 5 7 6 4 3 5 3 6 3 9 5 0 2 2 5 2 4 1 8
7 4 3 7 4 6 4 4 5 2 5 4 6 6 2 5 4 3 5 5 2 4 5 6 5 4 4 3 3 3 7 4 2 0 2 3 3 3 3 6
9 3 3 8 7 6 5 2 6 1 6 7 7 5 4 7 2 5 6 6 4 3 7 5 5 4 4 5 5 4 8 4 2 2 0 4 3 3 3 6
6 2 6 4 5 3 7 5 2 4 2 5 3 4 4 5 4 2 2 2 4 3 4 3 8 7 1 6 2 6 4 1 5 3 4 0 6 1 6 4
9 6 1 10 7 9 2 4 8 2 8 7 9 8 4 7 5 6 8 8 4 6 8 8 2 2 7 3 7 2 10 7 2 3 3 6 0 5 0 9
7 1 5 5 5 3 7 4 3 3 3 5 4 3 4 6 4 3 3 3 4 3 4 3 7 6 1 6 3 6 5 1 4 3 3 1 5 0 5 4
9 6 1 10 7 9 2 4 8 2 8 7 9 8 4 7 5 6 8 8 4 6 8 8 2 2 6 3 6 2 10 6 1 3 3 6 0 5 0 9
8 3 9 3 8 1 10 6 2 7 2 8 3 3 7 8 5 5 3 4 8 4 6 2 11 10 3 9 5 10 1 3 8 6 6 4 9 4 9 0
,
0 26 47 32 11 28 48 33 42 52 40 14 29 31 14 11 52 16 16 24 32 44 12 49 40 41 35 21 11 23 44 19 28 49 43 39 51 43 43 20
24 0 39 14 27 17 26 22 17 18 17 29 22 15 31 41 9 30 14 13 16 11 34 14 27 42 7 48 10 43 23 6 13 11 19 6 39 7 22 14
47 38 0 65 39 38 6 14 25 11 23 34 44 30 17 35 15 27 45 34 9 17 52 45 16 9 29 8 31 3 72 39 5 13 23 37 5 34 3 34
16 18 51 0 41 11 28 30 6 25 8 23 4 33 24 46 24 14 6 6 28 19 11 20 30 47 18 61 26 31 15 11 63 44 53 12 64 17 68 18
11 30 44 19 0 52 20 38 16 40 22 0 31 35 19 5 57 10 29 28 13 56 13 33 51 28 12 28 10 16 31 34 35 13 29 18 19 25 29 36
32 16 39 8 46 0 62 23 6 33 6 30 14 14 28 51 18 23 15 22 48 21 35 11 37 62 15 61 15 38 10 15 19 28 28 23 24 23 29 4
68 27 9 72 21 40 0 39 38 12 50 48 61 30 20 18 36 36 27 50 27 30 53 62 3 5 23 11 27 7 44 59 21 12 26 29 5 29 8 27
68 19 23 47 27 46 22 0 22 11 38 50 41 25 37 64 5 44 30 41 29 13 35 22 28 22 31 45 21 24 22 18 10 21 13 13 26 23 16 36
26 11 29 14 37 8 50 34 0 21 2 15 14 23 32 20 30 21 4 10 37 18 12 14 58 52 7 47 23 52 14 12 16 27 31 8 20 7 27 11
44 16 5 29 34 39 14 10 22 0 30 41 37 31 12 24 15 22 32 35 18 22 18 34 11 17 17 18 20 19 47 17 3 12 9 16 8 10 10 32
28 15 53 14 27 6 35 36 3 20 0 26 7 15 39 35 25 11 6 12 18 12 18 10 47 58 6 52 18 59 16 7 45 23 18 10 54 10 20 9
16 30 45 39 0 45 41 42 24 26 43 0 36 46 10 4 22 8 28 22 20 55 9 33 20 36 13 29 9 39 49 35 35 21 44 32 22 35 45 46
26 24 56 2 17 19 52 48 11 37 14 34 0 25 24 29 33 13 7 7 21 30 14 31 63 33 22 51 12 63 22 22 26 37 21 11 50 21 34 25
26 12 50 18 57 12 34 16 28 27 17 28 33 0 52 30 13 33 20 32 55 12 19 5 44 58 15 30 32 59 21 9 21 42 27 12 24 16 33 17
32 34 13 20 16 44 20 26 25 17 34 9 25 33 0 8 20 7 27 24 3 26 20 49 25 15 17 11 7 11 29 14 21 7 11 21 22 18 26 54
8 41 45 35 5 35 36 53 29 30 40 6 26 54 11 0 43 20 42 36 18 54 12 46 43 43 34 34 9 38 46 45 33 20 25 16 26 32 25 50
44 10 18 29 41 27 33 4 36 19 27 35 42 13 19 48 0 19 31 31 25 9 50 16 55 43 28 27 19 26 32 12 28 23 13 11 21 13 28 16
20 26 27 19 7 34 38 24 21 25 21 17 24 21 7 18 26 0 16 7 14 20 6 17 25 34 7 32 1 30 25 28 19 10 29 17 42 15 26 17
18 9 34 10 16 7 31 51 5 31 7 28 4 24 15 18 22 16 0 2 30 36 8 13 61 41 14 39 14 31 18 8 22 20 28 7 32 13 28 18
24 24 36 8 14 19 53 28 11 40 10 22 8 15 30 26 48 11 4 0 20 36 9 30 50 46 9 23 5 51 12 8 48 31 25 15 28 18 41 18
18 19 18 41 13 30 17 43 17 21 32 9 17 38 2 21 23 14 43 20 0 29 30 27 23 17 16 13 12 9 50 32 20 6 18 26 20 18 26 24
62 8 40 25 50 27 24 9 11 21 14 25 29 11 25 36 5 14 18 25 18 0 31 12 42 53 19 29 25 37 27 7 28 28 17 19 17 19 23 16
14 13 47 10 10 31 37 58 26 43 20 11 9 41 21 16 50 7 10 6 14 39 0 42 32 53 25 44 7 24 28 20 22 32 23 15 21 21 29 21
59 11 37 21 22 8 43 26 18 26 12 55 21 3 39 53 14 29 20 28 33 7 47 0 45 38 22 29 33 57 16 12 27 19 22 16 28 21 40 8
29 39 7 78 45 28 2 31 48 20 25 46 78 30 20 32 47 36 71 61 12 59 48 74 0 5 23 13 26 4 63 38 23 25 20 38 8 24 9 64
49 28 8 57 32 24 2 20 31 19 24 32 59 25 21 46 23 37 49 51 22 41 32 37 4 0 22 10 40 3 71 31 14 23 20 43 10 23 6 26
35 6 31 9 26 16 20 14 9 28 11 30 12 9 25 20 13 16 13 7 15 18 23 16 39 52 0 16 14 23 17 8 15 11 31 2 26 7 40 9
44 17 11 60 32 58 17 31 34 9 38 21 39 39 7 33 50 13 20 44 12 23 46 42 11 10 34 0 36 8 61 48 11 22 13 19 12 28 8 46
22 19 37 25 8 13 22 32 21 29 25 8 13 20 8 17 19 2 7 11 9 17 7 40 47 24 17 23 0 16 35 14 18 23 26 7 21 13 43 26
21 28 5 51 36 45 5 39 53 14 49 32 35 32 23 38 43 39 22 25 14 48 19 62 4 1 43 4 26 0 29 22 13 11 32 23 7 44 6 48
22 16 50 10 24 6 31 27 16 30 8 51 14 27 27 26 46 20 19 16 62 29 37 24 52 65 27 55 40 64 0 11 61 34 42 17 62 36 33 8
19 4 20 19 36 6 32 13 13 35 6 41 18 16 21 41 11 22 16 17 17 9 29 9 59 44 5 41 12 51 26 0 21 26 13 5 45 7 24 14
50 18 11 46 46 19 16 18 37 4 46 45 21 45 23 42 19 34 23 29 24 13 45 28 25 13 16 15 29 18 24 20 0 9 5 19 8 17 4 47
24 22 15 26 26 24 19 20 28 6 14 25 19 37 8 14 24 23 29 14 6 20 18 28 31 10 16 20 24 12 34 28 14 0 12 19 14 13 21 19
54 17 13 40 22 33 18 8 16 4 19 33 34 14 27 51 6 24 33 25 15 10 29 35 20 20 21 24 20 27 28 12 5 11 0 10 9 11 11 18
41 8 26 15 30 18 33 16 11 26 9 24 18 24 12 26 12 12 8 6 21 11 13 24 25 39 3 41 6 45 31 6 16 20 17 0 39 2 42 24
60 41 3 34 43 37 12 32 39 12 25 49 36 37 19 28 37 28 35 32 18 36 55 47 8 9 26 11 45 6 36 45 5 24 20 17 0 17 2 30
24 6 26 23 32 18 35 16 13 18 13 22 23 10 26 19 11 11 11 16 22 17 23 20 25 39 3 18 21 28 13 5 25 12 10 6 23 0 22 28
57 40 3 44 23 53 9 19 44 7 31 48 32 29 19 37 37 19 59 35 13 38 33 21 15 5 21 13 21 12 27 18 10 12 16 42 2 15 0 56
56 16 26 18 44 3 43 17 6 19 7 43 9 18 22 37 35 18 13 12 29 20 37 13 47 45 8 62 31 40 6 14 45 28 39 25 37 17 51 0