7
40
,
0 (0.0, 44.0) 37.0
1 (24.0, 14.0) 27.0
2 (42.0, 37.0) 36.0
3 (0.0, 17.0) 13.0
4 (11.0, 43.0) 41.0
5 (11.0, 8.0) 31.0
6 (46.0, 44.0) 29.0
7 (41.0, 14.0) 41.0
8 (11.0, 16.0) 45.0
9 (38.0, 29.0) 10.0
10 (12.0, 13.0) 37.0
11 (11.0, 43.0) 12.0
12 (2.0, 20.0) 22.0
13 (24.0, 3.0) 11.0
14 (25.0, 39.0) 41.0
15 (11.0, 47.0) 13.0
16 (38.0, 10.0) 17.0
17 (14.0, 32.0) 13.0
18 (7.0, 19.0) 40.0
19 (8.0, 23.0) 38.0
20 (27.0, 40.0) 25.0
21 (30.0, 9.0) 27.0
22 (6.0, 33.0) 13.0
23 (21.0, 4.0) 34.0
24 (47.0, 47.0) 11.0
25 (43.0, 43.0) 42.0
26 (17.0, 19.0) 44.0
27 (35.0, 45.0) 29.0
28 (13.0, 31.0) 29.0
29 (41.0, 43.0) 30.0
30 (4.0, 5.0) 47.0
31 (20.0, 14.0) 31.0
32 (41.0, 29.0) 19.0
33 (30.0, 31.0) 22.0
34 (38.0, 22.0) 22.0
35 (19.0, 21.0) 29.0
36 (46.0, 35.0) 30.0
37 (23.0, 20.0) 19.0
38 (44.0, 35.0) 30.0
39 (11.0, 5.0) 36.0
,
0 8 9 5 2 8 9 10 6 8 7 2 5 10 5 2 10 4 5 4 5 9 3 9 9 9 6 7 4 8 8 7 9 7 9 6 9 7 9 8
8 0 6 5 6 3 7 3 3 4 2 6 5 2 5 7 3 4 4 4 5 2 5 2 8 7 2 7 4 7 4 1 5 4 3 2 6 1 6 3
9 6 0 9 6 8 2 5 7 2 8 6 9 8 3 7 5 6 8 7 3 6 7 8 2 1 6 2 6 1 10 6 2 3 3 6 1 5 1 9
5 5 9 0 6 3 11 8 2 8 3 6 1 6 7 6 8 4 1 2 7 6 3 5 11 10 3 9 4 10 3 4 9 7 8 4 10 5 10 3
2 6 6 6 0 7 7 8 5 6 6 0 5 8 3 1 9 2 5 4 3 8 2 8 7 6 5 5 2 6 8 6 7 4 7 5 7 5 7 8
8 3 8 3 7 0 10 6 2 7 1 7 3 3 7 8 5 5 2 3 7 4 5 2 11 9 3 9 5 9 2 2 7 6 6 3 9 3 9 1
9 7 2 11 7 10 0 6 9 3 9 7 10 9 4 7 7 7 9 9 4 8 8 9 1 1 8 2 7 1 11 8 3 4 5 7 2 7 2 10
10 3 5 8 8 6 6 0 6 3 6 8 8 4 6 9 1 6 7 7 6 2 8 4 7 6 5 6 7 6 8 4 3 4 2 5 4 4 4 6
6 3 7 2 5 2 9 6 0 6 1 5 2 4 5 6 6 3 1 2 6 4 4 3 10 8 1 8 3 8 3 2 7 5 6 2 8 3 8 2
8 4 2 8 6 7 3 3 6 0 6 6 7 6 3 6 4 5 7 6 3 4 6 6 4 3 5 3 5 3 8 5 1 2 1 4 2 3 2 7
7 2 8 3 6 1 9 6 1 6 0 6 2 3 6 7 5 4 2 2 6 4 4 3 10 9 2 8 4 8 2 2 7 5 6 2 8 3 8 2
2 6 6 6 0 7 7 8 5 6 6 0 5 8 3 1 9 2 5 4 3 8 2 8 7 6 5 5 2 6 8 6 7 4 7 5 7 5 7 8
5 5 9 1 5 3 10 8 2 7 2 5 0 6 6 6 7 3 1 1 6 6 3 5 10 9 3 8 3 9 3 4 8 6 7 3 9 4 9 3
10 2 8 6 8 3 9 4 4 6 3 8 6 0 7 9 3 6 5 5 7 2 7 1 10 9 3 9 6 9 4 2 6 6 5 4 8 3 8 3
5 5 3 7 3 7 4 6 5 3 6 3 6 7 0 3 6 3 5 5 0 6 4 7 5 4 4 2 3 3 8 5 4 2 4 4 4 4 4 7
2 7 7 6 1 8 7 9 6 6 7 1 6 9 3 0 9 3 6 5 3 8 3 9 7 6 6 5 3 6 9 7 7 5 7 5 7 6 7 8
10 3 5 8 9 5 7 1 6 4 5 9 7 3 6 9 0 7 6 7 6 2 8 4 8 7 5 7 7 7 7 4 4 4 2 4 5 4 5 5
4 4 6 4 2 5 7 6 3 5 4 2 3 6 3 3 7 0 3 2 3 6 2 6 7 6 3 5 0 6 6 4 5 3 5 2 6 3 6 5
5 4 8 1 5 2 9 7 1 7 2 5 1 5 5 6 6 3 0 1 6 5 3 4 10 9 2 8 3 8 3 3 7 5 6 2 8 3 8 3
4 4 7 2 4 3 9 7 2 6 2 4 1 5 5 5 7 2 1 0 5 5 2 5 9 8 2 7 2 8 4 3 7 5 6 2 8 3 8 4
5 5 3 7 3 7 4 6 6 3 6 3 6 7 0 3 6 3 6 5 0 6 4 7 4 3 5 2 3 3 8 5 4 2 4 4 4 4 4 8
9 2 6 6 8 4 8 2 4 4 4 8 6 2 6 8 2 6 5 5 6 0 7 2 8 7 3 7 6 7 5 2 5 4 3 3 6 3 6 4
3 5 7 3 2 5 8 8 4 6 4 2 3 7 4 3 8 2 3 2 4 7 0 7 9 8 4 6 1 7 6 5 7 5 7 4 8 4 8 6
9 2 8 5 8 2 9 4 3 6 3 8 5 1 7 9 4 6 4 5 7 2 7 0 10 9 3 9 6 9 3 2 6 6 5 3 8 3 8 2
9 8 2 11 7 11 1 7 10 4 10 7 10 10 5 7 8 7 10 9 4 8 9 10 0 1 8 2 8 1 12 9 4 5 5 8 2 7 2 11
9 7 1 10 6 9 1 6 8 3 9 6 9 9 4 6 7 6 9 8 3 7 8 9 1 0 7 2 6 0 11 7 3 4 4 7 2 6 2 10
6 2 6 3 5 3 8 5 1 5 2 5 3 3 4 6 5 3 2 2 5 3 4 3 8 7 0 6 3 7 4 1 5 4 4 1 7 1 6 3
7 7 2 9 5 9 2 6 8 3 8 5 8 9 2 5 7 5 8 7 2 7 6 9 2 2 6 0 5 1 10 7 3 3 5 6 3 6 3 9
4 4 6 4 2 5 7 7 3 5 4 2 3 6 3 3 7 0 3 2 3 6 1 6 8 6 3 5 0 6 6 4 6 3 5 2 7 3 6 5
8 7 1 10 6 9 1 6 8 3 8 6 9 9 3 6 7 6 8 8 3 7 7 9 1 0 7 1 6 0 11 7 3 3 4 6 2 6 2 10
8 4 10 3 8 2 11 8 3 8 2 8 3 4 8 9 7 6 3 4 8 5 6 3 12 11 4 10 6 11 0 4 9 7 8 4 10 5 10 1
7 1 6 4 6 2 8 4 2 5 2 6 4 2 5 7 4 4 3 3 5 2 5 2 9 7 1 7 4 7 4 0 5 4 4 1 7 1 6 3
9 5 2 9 7 7 3 3 7 1 7 7 8 6 4 7 4 5 7 7 4 5 7 6 4 3 5 3 6 3 9 5 0 2 2 5 2 4 1 8
7 4 3 7 4 6 4 4 5 2 5 4 6 6 2 5 4 3 5 5 2 4 5 6 5 4 4 3 3 3 7 4 2 0 2 3 3 3 3 6
9 3 3 8 7 6 5 2 6 1 6 7 7 5 4 7 2 5 6 6 4 3 7 5 5 4 4 5 5 4 8 4 2 2 0 4 3 3 3 6
6 2 6 4 5 3 7 5 2 4 2 5 3 4 4 5 4 2 2 2 4 3 4 3 8 7 1 6 2 6 4 1 5 3 4 0 6 1 6 4
9 6 1 10 7 9 2 4 8 2 8 7 9 8 4 7 5 6 8 8 4 6 8 8 2 2 7 3 7 2 10 7 2 3 3 6 0 5 0 9
7 1 5 5 5 3 7 4 3 3 3 5 4 3 4 6 4 3 3 3 4 3 4 3 7 6 1 6 3 6 5 1 4 3 3 1 5 0 5 4
9 6 1 10 7 9 2 4 8 2 8 7 9 8 4 7 5 6 8 8 4 6 8 8 2 2 6 3 6 2 10 6 1 3 3 6 0 5 0 9
8 3 9 3 8 1 10 6 2 7 2 8 3 3 7 8 5 5 3 4 8 4 6 2 11 10 3 9 5 10 1 3 8 6 6 4 9 4 9 0
,
0 38 26 25 16 55 49 37 35 26 35 9 12 30 38 13 46 14 15 14 36 55 14 34 68 50 43 40 21 53 36 22 51 19 58 22 68 33 39 59
35 0 28 33 34 8 56 25 13 15 14 41 25 9 28 43 14 26 13 23 25 4 33 14 47 47 11 39 12 46 27 2 18 11 10 6 42 5 43 15
39 34 0 52 28 39 7 31 28 8 57 33 50 28 18 37 34 25 59 25 22 24 40 41 9 4 44 14 33 4 74 20 4 11 17 33 4 35 3 32
40 16 60 0 31 14 73 55 11 60 14 34 3 15 21 36 36 21 11 9 46 38 11 37 33 51 21 56 11 56 12 15 26 32 32 27 43 19 38 24
11 43 30 18 0 49 21 39 34 41 22 0 34 45 16 6 58 14 13 25 20 30 9 58 40 17 20 35 17 35 29 40 29 32 21 34 30 25 43 41
44 17 54 13 50 0 60 36 8 34 3 25 9 8 21 43 26 25 9 13 23 22 25 9 56 57 8 44 14 36 10 8 34 35 28 21 47 19 56 2
59 45 11 76 29 65 0 22 26 22 41 32 33 28 14 47 40 29 34 57 23 35 33 44 4 2 51 16 40 4 64 23 21 12 21 23 11 32 12 67
44 19 23 30 25 24 22 0 17 14 29 35 39 24 16 64 3 38 39 45 26 15 28 32 48 40 21 41 49 41 54 12 21 16 7 20 21 24 16 27
30 19 24 6 25 11 46 36 0 43 3 26 9 18 21 33 30 18 6 7 16 23 14 16 57 43 8 44 17 51 7 8 45 18 20 5 24 12 48 12
35 24 5 37 24 40 11 8 37 0 20 35 33 25 16 43 23 35 36 39 13 30 31 36 19 17 12 23 22 20 22 18 4 8 6 27 13 26 8 35
36 9 31 7 41 6 23 18 4 23 0 16 14 10 23 35 35 11 5 14 43 16 24 11 47 22 7 34 17 42 9 8 20 22 37 6 35 18 28 5
13 47 23 42 0 43 37 39 22 38 35 0 20 24 10 2 64 7 27 18 17 49 11 43 47 45 15 16 16 29 47 40 31 20 32 35 32 19 40 51
16 27 60 3 29 8 33 22 10 46 8 31 0 27 43 38 22 21 8 7 30 17 8 14 65 47 10 49 10 53 18 18 36 35 49 24 35 31 39 10
50 11 29 23 62 10 41 18 23 32 13 39 24 0 30 52 23 36 32 31 51 12 26 4 62 27 15 50 31 22 30 8 43 21 13 17 48 25 55 11
34 33 13 19 13 18 28 42 28 20 36 14 35 48 0 19 30 16 37 17 3 25 29 29 29 18 19 12 16 9 58 18 10 6 14 16 19 15 10 37
11 49 46 34 2 42 51 34 36 17 19 3 36 57 17 0 30 19 27 28 19 23 20 51 39 42 16 15 19 22 28 49 51 22 25 30 33 19 43 61
27 11 39 47 63 20 24 7 24 11 33 24 20 21 18 32 0 35 29 35 39 9 37 19 27 23 27 21 30 38 27 20 15 16 15 24 30 11 24 24
23 24 21 19 11 23 28 29 22 35 17 15 9 39 15 23 49 0 21 6 22 42 6 31 27 21 12 18 1 37 23 14 18 21 31 15 41 16 20 26
29 21 28 5 20 13 47 28 4 23 5 23 6 32 26 33 39 20 0 2 31 36 18 27 56 33 13 32 14 33 17 13 35 30 26 16 39 10 31 7
32 11 40 11 27 13 48 38 9 26 6 16 8 23 32 33 22 11 5 0 14 38 15 31 44 40 9 33 12 35 14 21 25 14 35 8 52 16 50 21
32 27 16 42 11 44 10 42 33 21 30 19 30 25 2 12 44 11 27 16 0 45 15 33 29 10 25 10 22 16 39 20 20 14 25 20 16 19 13 34
45 5 25 33 40 12 37 7 18 31 11 38 21 9 36 37 4 14 24 29 26 0 21 15 33 23 23 32 34 27 31 13 32 11 9 20 22 7 32 20
13 26 37 14 15 24 39 37 9 28 27 11 17 31 16 13 43 10 8 14 22 48 0 43 60 28 10 29 6 36 35 14 22 31 27 11 30 27 26 18
40 6 35 17 24 8 26 19 22 43 14 57 30 2 26 41 9 31 27 14 37 12 21 0 75 50 19 32 17 54 20 15 45 38 28 24 38 22 21 13
39 27 7 72 22 51 2 30 55 18 67 18 50 30 35 53 43 41 54 53 31 42 64 68 0 8 58 18 47 9 81 50 23 25 16 37 8 42 12 62
41 50 5 57 48 51 4 22 31 9 41 25 29 52 25 37 25 26 58 51 21 48 48 29 7 0 19 6 28 1 49 20 7 11 20 23 7 22 7 36
18 5 22 20 16 12 33 20 4 15 7 34 9 16 30 35 17 16 11 14 19 18 23 11 56 48 0 30 14 48 25 5 23 17 27 4 40 5 32 20
47 36 14 60 21 52 12 46 50 16 36 29 39 41 15 18 46 33 35 26 11 24 16 32 18 8 36 0 28 9 49 31 20 17 21 30 17 33 12 24
13 23 18 21 17 14 31 43 12 17 14 12 18 38 19 12 34 1 14 14 13 35 5 20 28 20 19 29 0 44 37 15 38 24 19 17 24 16 20 33
26 33 8 70 36 63 7 21 28 20 45 21 51 65 20 40 39 16 42 55 11 22 51 35 9 1 50 9 35 0 49 29 21 10 14 33 7 37 13 60
21 25 38 17 24 9 43 33 10 49 14 45 14 22 42 36 51 31 21 26 42 34 20 23 70 46 28 76 21 66 0 11 32 25 23 29 48 12 68 9
38 6 33 29 37 8 56 11 6 12 4 36 13 7 32 37 19 14 11 8 18 6 21 15 58 43 5 27 10 28 10 0 34 19 28 8 40 6 23 16
36 16 4 50 40 30 17 15 18 3 34 23 37 39 28 26 17 38 30 24 24 23 32 38 17 13 18 25 40 21 36 37 0 6 9 30 5 21 9 36
49 10 7 31 27 23 25 23 28 10 21 27 31 38 9 18 16 19 39 28 14 20 12 29 35 11 10 11 22 11 21 16 7 0 17 16 16 14 18 20
35 9 14 44 48 15 15 10 38 5 32 44 38 26 16 43 14 36 39 16 11 14 31 21 21 11 22 19 38 17 36 15 5 17 0 10 13 18 16 30
22 9 38 17 33 13 48 34 6 25 9 22 16 17 11 40 27 12 11 15 18 23 10 18 26 19 2 24 12 17 27 9 21 9 24 0 19 6 25 21
43 44 6 26 29 42 13 21 58 8 54 34 24 29 23 49 28 38 32 60 12 35 35 46 17 12 44 19 30 8 47 36 11 12 22 18 0 17 2 39
22 3 30 31 35 14 39 11 15 24 10 35 16 14 17 21 24 17 16 20 30 9 16 19 30 26 9 16 19 37 15 6 21 14 9 5 34 0 36 14
51 24 3 46 44 25 11 11 24 7 24 20 39 36 22 22 25 31 50 25 14 20 52 35 9 8 45 13 44 12 39 39 6 11 12 21 2 15 0 55
21 19 57 9 50 4 73 19 9 36 4 32 20 7 54 30 15 22 18 18 33 19 32 9 67 27 10 51 27 34 4 11 35 43 47 17 55 12 31 0