7
40
,
0 (0.0, 44.0) 11.0
1 (24.0, 14.0) 13.0
2 (42.0, 37.0) 15.0
3 (0.0, 17.0) 23.0
4 (11.0, 43.0) 15.0
5 (11.0, 8.0) 22.0
6 (46.0, 44.0) 19.0
7 (41.0, 14.0) 13.0
8 (11.0, 16.0) 21.0
9 (38.0, 29.0) 29.0
10 (12.0, 13.0) 36.0
11 (11.0, 43.0) 32.0
12 (2.0, 20.0) 23.0
13 (24.0, 3.0) 39.0
14 (25.0, 39.0) 29.0
15 (11.0, 47.0) 39.0
16 (38.0, 10.0) 26.0
17 (14.0, 32.0) 22.0
18 (7.0, 19.0) 35.0
19 (8.0, 23.0) 28.0
20 (27.0, 40.0) 45.0
21 (30.0, 9.0) 36.0
22 (6.0, 33.0) 48.0
23 (21.0, 4.0) 35.0
24 (47.0, 47.0) 11.0
25 (43.0, 43.0) 42.0
26 (17.0, 19.0) 19.0
27 (35.0, 45.0) 40.0
28 (13.0, 31.0) 49.0
29 (41.0, 43.0) 37.0
30 (4.0, 5.0) 49.0
31 (20.0, 14.0) 13.0
32 (41.0, 29.0) 49.0
33 (30.0, 31.0) 17.0
34 (38.0, 22.0) 11.0
35 (19.0, 21.0) 17.0
36 (46.0, 35.0) 40.0
37 (23.0, 20.0) 21.0
38 (44.0, 35.0) 41.0
39 (11.0, 5.0) 12.0
,
0 8 9 5 2 8 9 10 6 8 7 2 5 10 5 2 10 4 5 4 5 9 3 9 9 9 6 7 4 8 8 7 9 7 9 6 9 7 9 8
8 0 6 5 6 3 7 3 3 4 2 6 5 2 5 7 3 4 4 4 5 2 5 2 8 7 2 7 4 7 4 1 5 4 3 2 6 1 6 3
9 6 0 9 6 8 2 5 7 2 8 6 9 8 3 7 5 6 8 7 3 6 7 8 2 1 6 2 6 1 10 6 2 3 3 6 1 5 1 9
5 5 9 0 6 3 11 8 2 8 3 6 1 6 7 6 8 4 1 2 7 6 3 5 11 10 3 9 4 10 3 4 9 7 8 4 10 5 10 3
2 6 6 6 0 7 7 8 5 6 6 0 5 8 3 1 9 2 5 4 3 8 2 8 7 6 5 5 2 6 8 6 7 4 7 5 7 5 7 8
8 3 8 3 7 0 10 6 2 7 1 7 3 3 7 8 5 5 2 3 7 4 5 2 11 9 3 9 5 9 2 2 7 6 6 3 9 3 9 1
9 7 2 11 7 10 0 6 9 3 9 7 10 9 4 7 7 7 9 9 4 8 8 9 1 1 8 2 7 1 11 8 3 4 5 7 2 7 2 10
10 3 5 8 8 6 6 0 6 3 6 8 8 4 6 9 1 6 7 7 6 2 8 4 7 6 5 6 7 6 8 4 3 4 2 5 4 4 4 6
6 3 7 2 5 2 9 6 0 6 1 5 2 4 5 6 6 3 1 2 6 4 4 3 10 8 1 8 3 8 3 2 7 5 6 2 8 3 8 2
8 4 2 8 6 7 3 3 6 0 6 6 7 6 3 6 4 5 7 6 3 4 6 6 4 3 5 3 5 3 8 5 1 2 1 4 2 3 2 7
7 2 8 3 6 1 9 6 1 6 0 6 2 3 6 7 5 4 2 2 6 4 4 3 10 9 2 8 4 8 2 2 7 5 6 2 8 3 8 2
2 6 6 6 0 7 7 8 5 6 6 0 5 8 3 1 9 2 5 4 3 8 2 8 7 6 5 5 2 6 8 6 7 4 7 5 7 5 7 8
5 5 9 1 5 3 10 8 2 7 2 5 0 6 6 6 7 3 1 1 6 6 3 5 10 9 3 8 3 9 3 4 8 6 7 3 9 4 9 3
10 2 8 6 8 3 9 4 4 6 3 8 6 0 7 9 3 6 5 5 7 2 7 1 10 9 3 9 6 9 4 2 6 6 5 4 8 3 8 3
5 5 3 7 3 7 4 6 5 3 6 3 6 7 0 3 6 3 5 5 0 6 4 7 5 4 4 2 3 3 8 5 4 2 4 4 4 4 4 7
2 7 7 6 1 8 7 9 6 6 7 1 6 9 3 0 9 3 6 5 3 8 3 9 7 6 6 5 3 6 9 7 7 5 7 5 7 6 7 8
10 3 5 8 9 5 7 1 6 4 5 9 7 3 6 9 0 7 6 7 6 2 8 4 8 7 5 7 7 7 7 4 4 4 2 4 5 4 5 5
4 4 6 4 2 5 7 6 3 5 4 2 3 6 3 3 7 0 3 2 3 6 2 6 7 6 3 5 0 6 6 4 5 3 5 2 6 3 6 5
5 4 8 1 5 2 9 7 1 7 2 5 1 5 5 6 6 3 0 1 6 5 3 4 10 9 2 8 3 8 3 3 7 5 6 2 8 3 8 3
4 4 7 2 4 3 9 7 2 6 2 4 1 5 5 5 7 2 1 0 5 5 2 5 9 8 2 7 2 8 4 3 7 5 6 2 8 3 8 4
5 5 3 7 3 7 4 6 6 3 6 3 6 7 0 3 6 3 6 5 0 6 4 7 4 3 5 2 3 3 8 5 4 2 4 4 4 4 4 8
9 2 6 6 8 4 8 2 4 4 4 8 6 2 6 8 2 6 5 5 6 0 7 2 8 7 3 7 6 7 5 2 5 4 3 3 6 3 6 4
3 5 7 3 2 5 8 8 4 6 4 2 3 7 4 3 8 2 3 2 4 7 0 7 9 8 4 6 1 7 6 5 7 5 7 4 8 4 8 6
9 2 8 5 8 2 9 4 3 6 3 8 5 1 7 9 4 6 4 5 7 2 7 0 10 9 3 9 6 9 3 2 6 6 5 3 8 3 8 2
9 8 2 11 7 11 1 7 10 4 10 7 10 10 5 7 8 7 10 9 4 8 9 10 0 1 8 2 8 1 12 9 4 5 5 8 2 7 2 11
9 7 1 10 6 9 1 6 8 3 9 6 9 9 4 6 7 6 9 8 3 7 8 9 1 0 7 2 6 0 11 7 3 4 4 7 2 6 2 10
6 2 6 3 5 3 8 5 1 5 2 5 3 3 4 6 5 3 2 2 5 3 4 3 8 7 0 6 3 7 4 1 5 4 4 1 7 1 6 3
7 7 2 9 5 9 2 6 8 3 8 5 8 9 2 5 7 5 8 7 2 7 6 9 2 2 6 0 5 1 10 7 3 3 5 6 3 6 3 9
4 4 6 4 2 5 7 7 3 5 4 2 3 6 3 3 7 0 3 2 3 6 1 6 8 6 3 5 0 6 6 4 6 3 5 2 7 3 6 5
8 7 1 10 6 9 1 6 8 3 8 6 9 9 3 6 7 6 8 8 3 7 7 9 1 0 7 1 6 0 11 7 3 3 4 6 2 6 2 10
8 4 10 3 8 2 11 8 3 8 2 8 3 4 8 9 7 6 3 4 8 5 6 3 12 11 4 10 6 11 0 4 9 7 8 4 10 5 10 1
7 1 6 4 6 2 8 4 2 5 2 6 4 2 5 7 4 4 3 3 5 2 5 2 9 7 1 7 4 7 4 0 5 4 4 1 7 1 6 3
9 5 2 9 7 7 3 3 7 1 7 7 8 6 4 7 4 5 7 7 4 5 7 6 4 3 5 3 6 3 9 5 0 2 2 5 2 4 1 8
7 4 3 7 4 6 4 4 5 2 5 4 6 6 2 5 4 3 5 5 2 4 5 6 5 4 4 3 3 3 7 4 2 0 2 3 3 3 3 6
9 3 3 8 7 6 5 2 6 1 6 7 7 5 4 7 2 5 6 6 4 3 7 5 5 4 4 5 5 4 8 4 2 2 0 4 3 3 3 6
6 2 6 4 5 3 7 5 2 4 2 5 3 4 4 5 4 2 2 2 4 3 4 3 8 7 1 6 2 6 4 1 5 3 4 0 6 1 6 4
9 6 1 10 7 9 2 4 8 2 8 7 9 8 4 7 5 6 8 8 4 6 8 8 2 2 7 3 7 2 10 7 2 3 3 6 0 5 0 9
7 1 5 5 5 3 7 4 3 3 3 5 4 3 4 6 4 3 3 3 4 3 4 3 7 6 1 6 3 6 5 1 4 3 3 1 5 0 5 4
9 6 1 10 7 9 2 4 8 2 8 7 9 8 4 7 5 6 8 8 4 6 8 8 2 2 6 3 6 2 10 6 1 3 3 6 0 5 0 9
8 3 9 3 8 1 10 6 2 7 2 8 3 3 7 8 5 5 3 4 8 4 6 2 11 10 3 9 5 10 1 3 8 6 6 4 9 4 9 0
,
0 57 27 17 6 21 25 56 33 48 33 9 19 31 34 12 57 18 25 23 22 67 18 29 39 33 19 42 24 46 42 50 33 40 29 33 30 20 28 59
22 0 34 30 47 21 31 25 11 28 8 22 15 9 36 28 17 23 18 21 18 7 30 7 56 40 8 33 17 24 29 5 33 20 14 10 22 3 36 23
33 35 0 49 21 51 5 30 24 11 53 42 34 56 16 18 28 22 44 29 21 30 46 28 15 4 32 9 23 5 36 23 10 17 19 36 6 21 3 30
30 28 28 0 41 16 29 56 7 44 8 21 4 33 27 34 43 25 11 8 34 36 25 30 42 34 15 65 19 65 17 29 30 29 24 29 31 28 52 13
12 19 30 18 0 29 38 45 21 34 44 0 18 41 11 4 45 15 27 24 20 39 15 31 34 24 35 33 11 20 47 42 36 25 49 24 32 29 39 51
24 8 35 12 22 0 49 36 10 50 7 23 9 13 25 30 18 18 13 19 29 26 29 15 29 41 8 63 32 49 11 11 47 43 19 10 27 20 30 2
27 55 9 57 23 31 0 32 35 9 57 48 39 35 24 40 39 38 53 24 20 50 33 62 4 4 40 10 42 3 44 51 13 18 16 33 11 17 10 66
65 22 19 21 49 34 33 0 34 12 35 56 47 12 25 54 5 27 41 49 30 14 24 17 22 28 33 27 41 25 20 27 9 26 10 20 20 11 31 38
22 18 47 9 28 7 59 28 0 37 2 30 6 26 34 46 39 11 7 4 42 20 21 11 63 52 4 21 11 35 19 11 26 29 36 8 28 15 47 6
31 10 10 29 17 31 11 11 18 0 17 24 23 21 23 25 22 12 23 26 12 20 47 23 29 21 28 21 14 19 54 16 4 10 4 25 7 11 7 52
29 10 24 11 21 6 26 20 4 32 0 39 16 16 23 38 38 22 6 14 27 13 21 13 70 31 10 39 24 45 15 8 45 38 39 10 29 11 23 10
6 25 34 15 0 37 50 55 26 35 17 0 32 59 18 5 43 15 29 21 16 40 7 52 41 35 17 13 18 25 29 20 47 29 28 20 31 35 43 39
30 29 32 3 36 13 58 30 11 51 18 34 0 17 31 17 48 14 5 6 22 42 15 18 54 61 10 35 13 68 9 10 59 44 28 21 30 21 47 19
67 8 24 38 61 19 36 18 11 41 13 42 19 0 37 38 11 30 26 20 45 9 45 4 56 53 9 54 39 53 26 8 42 38 32 19 54 25 55 17
20 23 12 29 9 31 11 25 31 21 16 22 27 33 0 14 26 13 17 20 2 25 24 21 14 25 30 11 17 11 34 30 12 11 17 22 30 22 14 41
12 18 27 45 4 49 27 23 24 18 37 3 40 59 12 0 33 21 40 26 21 40 8 66 41 26 30 34 10 38 52 30 34 28 45 33 54 23 40 43
58 14 18 24 54 38 26 5 32 25 30 57 54 8 29 38 0 31 42 22 44 6 24 11 50 27 31 21 18 43 50 22 27 31 18 32 35 21 25 33
22 23 38 22 17 15 50 25 18 28 24 12 16 23 8 14 19 0 10 9 20 31 5 35 47 46 19 15 2 26 23 23 26 23 36 10 34 15 18 21
14 19 35 5 19 13 53 25 7 30 8 22 4 18 14 35 47 20 0 5 34 18 14 12 27 37 9 54 18 31 14 16 49 33 39 16 58 17 36 22
30 18 53 12 22 10 28 21 10 30 6 26 10 31 29 14 22 15 3 0 19 16 11 34 28 36 8 32 9 35 12 20 19 24 33 11 47 16 45 18
21 37 11 45 23 52 27 43 37 16 43 13 30 54 2 26 20 16 21 26 0 46 17 34 22 23 20 14 16 19 37 26 25 9 23 16 21 16 27 33
67 8 37 45 20 15 23 8 28 21 22 45 24 10 40 49 12 14 25 25 32 0 41 6 32 51 9 24 38 31 20 13 20 25 23 23 16 18 15 22
17 25 48 22 8 32 40 59 14 46 17 15 17 48 22 21 51 6 20 6 15 29 0 45 24 51 17 29 8 52 36 16 47 13 44 10 60 29 48 20
59 9 56 34 58 15 33 32 13 23 7 52 19 3 40 42 20 43 16 25 41 13 32 0 66 30 18 40 35 57 19 9 40 27 20 18 51 9 41 9
24 33 14 59 46 51 4 42 58 17 58 24 37 63 18 24 25 46 51 61 21 56 58 40 0 8 35 15 51 10 62 28 17 30 20 44 17 38 18 69
44 36 5 32 48 54 3 22 39 16 31 25 66 25 10 23 32 25 55 52 15 45 47 35 8 0 41 9 35 2 75 22 21 11 26 33 10 43 10 61
34 6 27 15 17 15 52 24 9 33 5 25 22 10 24 28 23 19 8 13 19 23 16 15 43 30 0 42 15 31 20 7 36 18 12 4 46 5 42 17
36 42 6 23 27 55 15 27 24 10 42 31 47 60 15 28 35 21 31 23 8 47 43 32 11 6 46 0 29 5 34 48 21 8 24 23 18 31 15 37
14 20 44 16 13 33 50 19 9 17 25 10 15 33 19 19 36 1 18 12 18 32 10 28 47 29 8 14 0 43 36 14 23 16 36 6 20 12 44 36
53 28 4 56 26 64 4 37 37 14 32 20 41 65 23 36 35 23 56 32 21 37 46 34 7 1 35 5 44 0 52 35 16 14 30 29 13 29 11 63
22 13 34 19 57 10 41 41 11 40 11 46 22 28 56 48 34 22 16 12 34 24 24 18 47 57 25 47 15 72 0 10 59 30 33 24 57 16 26 8
32 6 22 11 36 8 51 13 11 29 10 24 10 6 29 21 15 10 11 15 19 11 14 6 26 54 9 23 12 50 24 0 22 16 15 9 39 4 39 13
25 19 5 49 25 25 8 18 18 4 23 40 57 38 21 23 17 39 40 31 14 32 44 27 16 17 20 15 18 13 31 31 0 13 11 17 4 28 7 24
38 25 8 40 15 20 26 27 35 8 26 29 22 18 14 36 22 18 24 29 5 20 21 38 34 19 18 14 12 21 54 28 8 0 17 15 16 10 14 48
41 20 21 32 42 21 13 7 17 4 37 30 31 15 12 19 15 16 30 25 29 11 41 25 34 22 25 17 25 23 21 29 8 13 0 10 9 9 13 26
16 10 20 28 35 19 45 28 8 29 9 24 14 27 20 27 30 8 17 9 18 16 19 9 54 26 4 26 10 40 22 10 32 9 28 0 28 4 23 14
56 31 7 47 52 54 9 12 34 15 38 35 26 50 20 27 23 16 43 26 20 26 23 55 16 5 20 15 43 6 59 48 7 15 13 36 0 15 3 41
21 6 28 22 23 11 39 12 9 12 9 22 31 19 25 21 17 20 10 14 13 11 17 21 44 22 9 15 18 28 22 10 28 13 18 6 30 0 24 28
51 34 4 27 20 36 11 14 34 5 21 44 60 37 14 27 19 36 57 28 23 19 23 32 9 9 32 9 16 12 60 18 7 12 7 34 2 14 0 35
51 24 39 18 30 4 29 21 6 50 10 55 15 18 21 24 31 27 14 11 40 28 25 10 71 29 20 33 24 31 7 10 35 16 29 20 54 21 41 0