7
40
,
0 (0.0, 44.0) 12.0
1 (24.0, 14.0) 35.0
2 (42.0, 37.0) 11.0
3 (0.0, 17.0) 12.0
4 (11.0, 43.0) 11.0
5 (11.0, 8.0) 21.0
6 (46.0, 44.0) 34.0
7 (41.0, 14.0) 25.0
8 (11.0, 16.0) 17.0
9 (38.0, 29.0) 38.0
10 (12.0, 13.0) 23.0
11 (11.0, 43.0) 37.0
12 (2.0, 20.0) 13.0
13 (24.0, 3.0) 32.0
14 (25.0, 39.0) 21.0
15 (11.0, 47.0) 43.0
16 (38.0, 10.0) 28.0
17 (14.0, 32.0) 44.0
18 (7.0, 19.0) 16.0
19 (8.0, 23.0) 18.0
20 (27.0, 40.0) 21.0
21 (30.0, 9.0) 25.0
22 (6.0, 33.0) 22.0
23 (21.0, 4.0) 14.0
24 (47.0, 47.0) 14.0
25 (43.0, 43.0) 13.0
26 (17.0, 19.0) 47.0
27 (35.0, 45.0) 42.0
28 (13.0, 31.0) 29.0
29 (41.0, 43.0) 19.0
30 (4.0, 5.0) 26.0
31 (20.0, 14.0) 44.0
32 (41.0, 29.0) 24.0
33 (30.0, 31.0) 26.0
34 (38.0, 22.0) 50.0
35 (19.0, 21.0) 45.0
36 (46.0, 35.0) 43.0
37 (23.0, 20.0) 20.0
38 (44.0, 35.0) 17.0
39 (11.0, 5.0) 40.0
,
0 8 9 5 2 8 9 10 6 8 7 2 5 10 5 2 10 4 5 4 5 9 3 9 9 9 6 7 4 8 8 7 9 7 9 6 9 7 9 8
8 0 6 5 6 3 7 3 3 4 2 6 5 2 5 7 3 4 4 4 5 2 5 2 8 7 2 7 4 7 4 1 5 4 3 2 6 1 6 3
9 6 0 9 6 8 2 5 7 2 8 6 9 8 3 7 5 6 8 7 3 6 7 8 2 1 6 2 6 1 10 6 2 3 3 6 1 5 1 9
5 5 9 0 6 3 11 8 2 8 3 6 1 6 7 6 8 4 1 2 7 6 3 5 11 10 3 9 4 10 3 4 9 7 8 4 10 5 10 3
2 6 6 6 0 7 7 8 5 6 6 0 5 8 3 1 9 2 5 4 3 8 2 8 7 6 5 5 2 6 8 6 7 4 7 5 7 5 7 8
8 3 8 3 7 0 10 6 2 7 1 7 3 3 7 8 5 5 2 3 7 4 5 2 11 9 3 9 5 9 2 2 7 6 6 3 9 3 9 1
9 7 2 11 7 10 0 6 9 3 9 7 10 9 4 7 7 7 9 9 4 8 8 9 1 1 8 2 7 1 11 8 3 4 5 7 2 7 2 10
10 3 5 8 8 6 6 0 6 3 6 8 8 4 6 9 1 6 7 7 6 2 8 4 7 6 5 6 7 6 8 4 3 4 2 5 4 4 4 6
6 3 7 2 5 2 9 6 0 6 1 5 2 4 5 6 6 3 1 2 6 4 4 3 10 8 1 8 3 8 3 2 7 5 6 2 8 3 8 2
8 4 2 8 6 7 3 3 6 0 6 6 7 6 3 6 4 5 7 6 3 4 6 6 4 3 5 3 5 3 8 5 1 2 1 4 2 3 2 7
7 2 8 3 6 1 9 6 1 6 0 6 2 3 6 7 5 4 2 2 6 4 4 3 10 9 2 8 4 8 2 2 7 5 6 2 8 3 8 2
2 6 6 6 0 7 7 8 5 6 6 0 5 8 3 1 9 2 5 4 3 8 2 8 7 6 5 5 2 6 8 6 7 4 7 5 7 5 7 8
5 5 9 1 5 3 10 8 2 7 2 5 0 6 6 6 7 3 1 1 6 6 3 5 10 9 3 8 3 9 3 4 8 6 7 3 9 4 9 3
10 2 8 6 8 3 9 4 4 6 3 8 6 0 7 9 3 6 5 5 7 2 7 1 10 9 3 9 6 9 4 2 6 6 5 4 8 3 8 3
5 5 3 7 3 7 4 6 5 3 6 3 6 7 0 3 6 3 5 5 0 6 4 7 5 4 4 2 3 3 8 5 4 2 4 4 4 4 4 7
2 7 7 6 1 8 7 9 6 6 7 1 6 9 3 0 9 3 6 5 3 8 3 9 7 6 6 5 3 6 9 7 7 5 7 5 7 6 7 8
10 3 5 8 9 5 7 1 6 4 5 9 7 3 6 9 0 7 6 7 6 2 8 4 8 7 5 7 7 7 7 4 4 4 2 4 5 4 5 5
4 4 6 4 2 5 7 6 3 5 4 2 3 6 3 3 7 0 3 2 3 6 2 6 7 6 3 5 0 6 6 4 5 3 5 2 6 3 6 5
5 4 8 1 5 2 9 7 1 7 2 5 1 5 5 6 6 3 0 1 6 5 3 4 10 9 2 8 3 8 3 3 7 5 6 2 8 3 8 3
4 4 7 2 4 3 9 7 2 6 2 4 1 5 5 5 7 2 1 0 5 5 2 5 9 8 2 7 2 8 4 3 7 5 6 2 8 3 8 4
5 5 3 7 3 7 4 6 6 3 6 3 6 7 0 3 6 3 6 5 0 6 4 7 4 3 5 2 3 3 8 5 4 2 4 4 4 4 4 8
9 2 6 6 8 4 8 2 4 4 4 8 6 2 6 8 2 6 5 5 6 0 7 2 8 7 3 7 6 7 5 2 5 4 3 3 6 3 6 4
3 5 7 3 2 5 8 8 4 6 4 2 3 7 4 3 8 2 3 2 4 7 0 7 9 8 4 6 1 7 6 5 7 5 7 4 8 4 8 6
9 2 8 5 8 2 9 4 3 6 3 8 5 1 7 9 4 6 4 5 7 2 7 0 10 9 3 9 6 9 3 2 6 6 5 3 8 3 8 2
9 8 2 11 7 11 1 7 10 4 10 7 10 10 5 7 8 7 10 9 4 8 9 10 0 1 8 2 8 1 12 9 4 5 5 8 2 7 2 11
9 7 1 10 6 9 1 6 8 3 9 6 9 9 4 6 7 6 9 8 3 7 8 9 1 0 7 2 6 0 11 7 3 4 4 7 2 6 2 10
6 2 6 3 5 3 8 5 1 5 2 5 3 3 4 6 5 3 2 2 5 3 4 3 8 7 0 6 3 7 4 1 5 4 4 1 7 1 6 3
7 7 2 9 5 9 2 6 8 3 8 5 8 9 2 5 7 5 8 7 2 7 6 9 2 2 6 0 5 1 10 7 3 3 5 6 3 6 3 9
4 4 6 4 2 5 7 7 3 5 4 2 3 6 3 3 7 0 3 2 3 6 1 6 8 6 3 5 0 6 6 4 6 3 5 2 7 3 6 5
8 7 1 10 6 9 1 6 8 3 8 6 9 9 3 6 7 6 8 8 3 7 7 9 1 0 7 1 6 0 11 7 3 3 4 6 2 6 2 10
8 4 10 3 8 2 11 8 3 8 2 8 3 4 8 9 7 6 3 4 8 5 6 3 12 11 4 10 6 11 0 4 9 7 8 4 10 5 10 1
7 1 6 4 6 2 8 4 2 5 2 6 4 2 5 7 4 4 3 3 5 2 5 2 9 7 1 7 4 7 4 0 5 4 4 1 7 1 6 3
9 5 2 9 7 7 3 3 7 1 7 7 8 6 4 7 4 5 7 7 4 5 7 6 4 3 5 3 6 3 9 5 0 2 2 5 2 4 1 8
7 4 3 7 4 6 4 4 5 2 5 4 6 6 2 5 4 3 5 5 2 4 5 6 5 4 4 3 3 3 7 4 2 0 2 3 3 3 3 6
9 3 3 8 7 6 5 2 6 1 6 7 7 5 4 7 2 5 6 6 4 3 7 5 5 4 4 5 5 4 8 4 2 2 0 4 3 3 3 6
6 2 6 4 5 3 7 5 2 4 2 5 3 4 4 5 4 2 2 2 4 3 4 3 8 7 1 6 2 6 4 1 5 3 4 0 6 1 6 4
9 6 1 10 7 9 2 4 8 2 8 7 9 8 4 7 5 6 8 8 4 6 8 8 2 2 7 3 7 2 10 7 2 3 3 6 0 5 0 9
7 1 5 5 5 3 7 4 3 3 3 5 4 3 4 6 4 3 3 3 4 3 4 3 7 6 1 6 3 6 5 1 4 3 3 1 5 0 5 4
9 6 1 10 7 9 2 4 8 2 8 7 9 8 4 7 5 6 8 8 4 6 8 8 2 2 6 3 6 2 10 6 1 3 3 6 0 5 0 9
8 3 9 3 8 1 10 6 2 7 2 8 3 3 7 8 5 5 3 4 8 4 6 2 11 10 3 9 5 10 1 3 8 6 6 4 9 4 9 0
,
0 54 40 14 10 35 24 46 32 26 29 7 35 35 36 6 67 11 34 21 24 26 18 46 66 55 42 18 13 25 32 23 61 40 33 38 25 40 39 55
37 0 33 21 46 7 44 22 10 11 17 23 26 13 21 51 9 12 17 12 34 8 15 8 52 38 9 40 23 22 15 5 18 26 14 5 15 9 16 18
57 32 0 30 36 36 8 30 48 9 43 16 37 20 22 41 16 39 34 22 14 17 38 32 8 4 16 8 20 5 50 20 11 12 16 34 3 16 2 27
23 21 67 0 40 21 63 30 10 26 19 25 4 18 47 41 21 22 4 11 30 26 13 30 35 70 25 44 22 72 14 22 63 25 35 13 45 21 30 18
7 24 41 38 0 49 25 62 27 35 24 0 28 47 10 3 46 6 13 20 8 57 11 38 36 41 27 32 14 26 54 30 30 21 50 25 44 14 35 43
43 19 44 7 47 0 26 37 6 45 3 44 12 14 48 47 25 35 13 10 45 27 20 14 59 30 18 22 20 56 9 8 54 25 45 11 60 10 32 2
40 26 4 44 32 54 0 17 48 19 25 19 35 29 13 22 38 48 41 58 10 48 33 40 4 2 46 11 32 3 64 48 21 21 13 28 10 19 5 38
66 16 22 56 25 20 22 0 20 17 41 59 29 26 37 31 7 34 22 33 34 15 34 25 40 40 35 18 47 22 44 24 22 11 8 14 21 12 27 36
17 18 31 10 25 9 41 24 0 16 2 20 11 22 33 20 23 13 6 11 16 22 19 15 36 46 8 53 18 44 14 9 23 36 31 11 47 16 55 15
40 29 11 50 18 27 18 18 43 0 16 29 50 42 12 48 12 21 31 27 17 32 38 33 19 11 26 17 17 12 35 21 4 6 10 25 13 26 5 43
45 14 43 13 42 4 26 15 3 43 0 39 7 15 16 47 34 10 4 14 23 13 15 9 69 41 11 52 19 50 15 4 33 28 33 12 26 9 20 4
6 46 19 21 0 34 48 26 16 21 17 0 14 38 11 6 55 8 15 18 15 55 14 55 51 38 13 23 14 16 57 25 18 30 20 17 24 19 37 33
33 34 47 4 19 20 27 23 11 31 9 26 0 41 42 40 28 14 7 7 19 43 20 29 41 61 11 46 17 35 8 12 30 43 31 17 69 19 25 22
36 12 43 28 54 16 66 28 18 24 13 35 26 0 54 34 18 27 24 16 27 11 40 4 37 62 20 35 44 52 17 14 37 37 13 16 41 14 39 9
22 34 9 37 22 35 13 28 26 20 32 15 29 22 0 21 16 16 39 12 1 32 24 43 16 22 18 15 21 23 34 25 10 14 22 21 22 19 19 33
9 50 44 26 4 28 39 39 39 28 33 3 24 33 9 0 27 12 28 31 20 52 14 44 40 18 32 29 9 24 23 22 34 16 42 20 31 37 50 62
57 19 14 25 25 36 30 4 37 18 39 38 23 17 28 50 0 24 17 31 40 10 46 20 49 31 11 31 17 36 39 11 24 31 14 15 33 21 26 35
21 27 36 10 14 27 43 42 13 18 23 13 9 34 14 12 30 0 16 11 17 23 5 35 21 43 7 33 1 37 16 27 17 10 20 10 35 20 16 26
17 18 37 5 36 6 66 33 4 40 8 32 5 30 21 27 32 12 0 2 17 21 10 19 56 31 13 33 10 34 15 17 49 19 34 9 53 16 42 20
14 13 28 14 14 8 27 34 4 25 12 14 8 32 13 25 39 6 5 0 25 38 6 34 67 27 9 22 6 47 26 10 37 22 17 15 21 16 29 16
25 36 10 37 13 53 14 35 17 17 25 19 45 49 1 18 45 17 15 13 0 43 33 25 17 9 15 9 22 10 62 18 24 12 11 13 21 31 17 26
55 12 32 35 53 24 28 17 27 29 27 40 28 8 18 52 11 30 16 32 36 0 35 14 50 23 16 36 41 42 30 12 26 32 15 20 31 11 43 21
13 26 18 9 11 16 57 36 20 19 17 9 8 19 21 18 50 5 13 10 22 31 0 43 57 37 14 46 8 47 22 35 35 35 19 10 39 29 45 39
39 15 37 27 55 6 36 20 19 45 11 48 26 4 21 43 24 26 14 13 18 7 43 0 35 39 13 45 17 26 22 14 24 25 23 21 53 9 20 14
35 22 12 49 21 35 4 39 67 20 50 47 73 28 25 20 31 36 40 63 21 29 39 36 0 6 56 18 49 4 65 38 28 31 32 44 11 44 18 34
59 35 3 28 20 64 3 34 42 15 53 33 67 55 19 32 34 41 51 28 21 36 48 60 8 0 33 5 25 3 81 31 9 16 17 23 6 17 10 29
17 5 31 17 34 17 45 33 4 17 5 25 21 21 20 16 17 11 13 8 19 19 11 16 45 31 0 22 14 21 22 5 23 20 25 3 37 9 17 13
40 31 5 35 34 34 11 45 23 14 39 20 41 57 12 22 43 14 56 19 6 43 40 29 13 11 36 0 21 7 62 27 14 11 16 37 14 29 13 62
16 13 32 12 12 12 40 48 9 32 10 18 18 35 18 16 23 2 12 9 16 15 6 17 22 23 8 37 0 28 36 10 33 24 33 15 43 11 22 35
28 50 4 27 36 27 6 33 35 13 23 23 64 38 20 42 39 22 62 26 20 39 30 60 7 3 40 3 36 0 27 34 19 11 31 43 12 29 11 30
54 25 58 15 40 6 78 54 11 49 6 28 13 21 24 28 45 26 18 12 58 30 41 16 54 59 13 72 37 42 0 22 60 32 50 20 68 29 49 7
45 3 19 29 25 9 39 14 6 23 11 37 24 15 22 32 25 28 19 22 28 13 21 5 45 42 6 36 17 25 11 0 38 24 16 10 48 5 20 13
65 28 7 51 31 48 9 19 28 3 31 29 39 22 21 34 15 17 28 39 24 31 32 35 25 20 22 12 33 17 66 14 0 16 7 25 6 10 5 48
33 12 17 37 26 19 11 24 17 9 21 24 34 17 9 14 29 12 28 33 5 31 22 25 29 9 26 18 10 16 29 13 10 0 17 11 18 13 18 22
58 16 21 53 18 39 19 6 22 10 28 24 42 17 27 38 12 31 38 19 18 10 38 29 35 31 23 19 30 13 31 22 5 17 0 23 18 19 21 33
27 9 17 22 33 16 23 20 8 25 7 24 16 10 11 26 20 7 11 16 29 19 24 21 37 25 3 30 16 16 12 6 34 20 18 0 37 4 40 19
59 41 6 61 27 45 6 25 52 12 39 48 37 28 24 28 32 21 38 42 15 22 57 35 9 11 38 16 17 9 73 39 6 12 13 18 0 26 1 31
42 8 32 31 14 9 21 23 18 10 16 21 23 19 20 24 11 19 21 19 15 12 30 21 23 32 5 21 14 27 31 3 14 13 21 3 25 0 13 27
55 40 3 31 46 41 8 26 55 10 53 44 32 33 12 51 35 17 42 20 23 25 27 33 17 11 25 14 35 10 60 22 4 11 19 18 2 38 0 61
21 17 41 17 22 2 37 36 7 42 9 53 11 11 33 55 36 14 16 26 29 12 27 8 82 26 8 43 36 39 7 17 42 34 36 10 49 13 35 0