7
40
,
0 (0.0, 44.0) 24.0
1 (24.0, 14.0) 34.0
2 (42.0, 37.0) 41.0
3 (0.0, 17.0) 17.0
4 (11.0, 43.0) 41.0
5 (11.0, 8.0) 23.0
6 (46.0, 44.0) 25.0
7 (41.0, 14.0) 17.0
8 (11.0, 16.0) 39.0
9 (38.0, 29.0) 10.0
10 (12.0, 13.0) 21.0
11 (11.0, 43.0) 49.0
12 (2.0, 20.0) 35.0
13 (24.0, 3.0) 23.0
14 (25.0, 39.0) 20.0
15 (11.0, 47.0) 45.0
16 (38.0, 10.0) 25.0
17 (14.0, 32.0) 12.0
18 (7.0, 19.0) 39.0
19 (8.0, 23.0) 14.0
20 (27.0, 40.0) 14.0
21 (30.0, 9.0) 36.0
22 (6.0, 33.0) 16.0
23 (21.0, 4.0) 19.0
24 (47.0, 47.0) 29.0
25 (43.0, 43.0) 14.0
26 (17.0, 19.0) 32.0
27 (35.0, 45.0) 13.0
28 (13.0, 31.0) 10.0
29 (41.0, 43.0) 40.0
30 (4.0, 5.0) 24.0
31 (20.0, 14.0) 26.0
32 (41.0, 29.0) 21.0
33 (30.0, 31.0) 23.0
34 (38.0, 22.0) 34.0
35 (19.0, 21.0) 14.0
36 (46.0, 35.0) 44.0
37 (23.0, 20.0) 42.0
38 (44.0, 35.0) 45.0
39 (11.0, 5.0) 19.0
,
0 8 9 5 2 8 9 10 6 8 7 2 5 10 5 2 10 4 5 4 5 9 3 9 9 9 6 7 4 8 8 7 9 7 9 6 9 7 9 8
8 0 6 5 6 3 7 3 3 4 2 6 5 2 5 7 3 4 4 4 5 2 5 2 8 7 2 7 4 7 4 1 5 4 3 2 6 1 6 3
9 6 0 9 6 8 2 5 7 2 8 6 9 8 3 7 5 6 8 7 3 6 7 8 2 1 6 2 6 1 10 6 2 3 3 6 1 5 1 9
5 5 9 0 6 3 11 8 2 8 3 6 1 6 7 6 8 4 1 2 7 6 3 5 11 10 3 9 4 10 3 4 9 7 8 4 10 5 10 3
2 6 6 6 0 7 7 8 5 6 6 0 5 8 3 1 9 2 5 4 3 8 2 8 7 6 5 5 2 6 8 6 7 4 7 5 7 5 7 8
8 3 8 3 7 0 10 6 2 7 1 7 3 3 7 8 5 5 2 3 7 4 5 2 11 9 3 9 5 9 2 2 7 6 6 3 9 3 9 1
9 7 2 11 7 10 0 6 9 3 9 7 10 9 4 7 7 7 9 9 4 8 8 9 1 1 8 2 7 1 11 8 3 4 5 7 2 7 2 10
10 3 5 8 8 6 6 0 6 3 6 8 8 4 6 9 1 6 7 7 6 2 8 4 7 6 5 6 7 6 8 4 3 4 2 5 4 4 4 6
6 3 7 2 5 2 9 6 0 6 1 5 2 4 5 6 6 3 1 2 6 4 4 3 10 8 1 8 3 8 3 2 7 5 6 2 8 3 8 2
8 4 2 8 6 7 3 3 6 0 6 6 7 6 3 6 4 5 7 6 3 4 6 6 4 3 5 3 5 3 8 5 1 2 1 4 2 3 2 7
7 2 8 3 6 1 9 6 1 6 0 6 2 3 6 7 5 4 2 2 6 4 4 3 10 9 2 8 4 8 2 2 7 5 6 2 8 3 8 2
2 6 6 6 0 7 7 8 5 6 6 0 5 8 3 1 9 2 5 4 3 8 2 8 7 6 5 5 2 6 8 6 7 4 7 5 7 5 7 8
5 5 9 1 5 3 10 8 2 7 2 5 0 6 6 6 7 3 1 1 6 6 3 5 10 9 3 8 3 9 3 4 8 6 7 3 9 4 9 3
10 2 8 6 8 3 9 4 4 6 3 8 6 0 7 9 3 6 5 5 7 2 7 1 10 9 3 9 6 9 4 2 6 6 5 4 8 3 8 3
5 5 3 7 3 7 4 6 5 3 6 3 6 7 0 3 6 3 5 5 0 6 4 7 5 4 4 2 3 3 8 5 4 2 4 4 4 4 4 7
2 7 7 6 1 8 7 9 6 6 7 1 6 9 3 0 9 3 6 5 3 8 3 9 7 6 6 5 3 6 9 7 7 5 7 5 7 6 7 8
10 3 5 8 9 5 7 1 6 4 5 9 7 3 6 9 0 7 6 7 6 2 8 4 8 7 5 7 7 7 7 4 4 4 2 4 5 4 5 5
4 4 6 4 2 5 7 6 3 5 4 2 3 6 3 3 7 0 3 2 3 6 2 6 7 6 3 5 0 6 6 4 5 3 5 2 6 3 6 5
5 4 8 1 5 2 9 7 1 7 2 5 1 5 5 6 6 3 0 1 6 5 3 4 10 9 2 8 3 8 3 3 7 5 6 2 8 3 8 3
4 4 7 2 4 3 9 7 2 6 2 4 1 5 5 5 7 2 1 0 5 5 2 5 9 8 2 7 2 8 4 3 7 5 6 2 8 3 8 4
5 5 3 7 3 7 4 6 6 3 6 3 6 7 0 3 6 3 6 5 0 6 4 7 4 3 5 2 3 3 8 5 4 2 4 4 4 4 4 8
9 2 6 6 8 4 8 2 4 4 4 8 6 2 6 8 2 6 5 5 6 0 7 2 8 7 3 7 6 7 5 2 5 4 3 3 6 3 6 4
3 5 7 3 2 5 8 8 4 6 4 2 3 7 4 3 8 2 3 2 4 7 0 7 9 8 4 6 1 7 6 5 7 5 7 4 8 4 8 6
9 2 8 5 8 2 9 4 3 6 3 8 5 1 7 9 4 6 4 5 7 2 7 0 10 9 3 9 6 9 3 2 6 6 5 3 8 3 8 2
9 8 2 11 7 11 1 7 10 4 10 7 10 10 5 7 8 7 10 9 4 8 9 10 0 1 8 2 8 1 12 9 4 5 5 8 2 7 2 11
9 7 1 10 6 9 1 6 8 3 9 6 9 9 4 6 7 6 9 8 3 7 8 9 1 0 7 2 6 0 11 7 3 4 4 7 2 6 2 10
6 2 6 3 5 3 8 5 1 5 2 5 3 3 4 6 5 3 2 2 5 3 4 3 8 7 0 6 3 7 4 1 5 4 4 1 7 1 6 3
7 7 2 9 5 9 2 6 8 3 8 5 8 9 2 5 7 5 8 7 2 7 6 9 2 2 6 0 5 1 10 7 3 3 5 6 3 6 3 9
4 4 6 4 2 5 7 7 3 5 4 2 3 6 3 3 7 0 3 2 3 6 1 6 8 6 3 5 0 6 6 4 6 3 5 2 7 3 6 5
8 7 1 10 6 9 1 6 8 3 8 6 9 9 3 6 7 6 8 8 3 7 7 9 1 0 7 1 6 0 11 7 3 3 4 6 2 6 2 10
8 4 10 3 8 2 11 8 3 8 2 8 3 4 8 9 7 6 3 4 8 5 6 3 12 11 4 10 6 11 0 4 9 7 8 4 10 5 10 1
7 1 6 4 6 2 8 4 2 5 2 6 4 2 5 7 4 4 3 3 5 2 5 2 9 7 1 7 4 7 4 0 5 4 4 1 7 1 6 3
9 5 2 9 7 7 3 3 7 1 7 7 8 6 4 7 4 5 7 7 4 5 7 6 4 3 5 3 6 3 9 5 0 2 2 5 2 4 1 8
7 4 3 7 4 6 4 4 5 2 5 4 6 6 2 5 4 3 5 5 2 4 5 6 5 4 4 3 3 3 7 4 2 0 2 3 3 3 3 6
9 3 3 8 7 6 5 2 6 1 6 7 7 5 4 7 2 5 6 6 4 3 7 5 5 4 4 5 5 4 8 4 2 2 0 4 3 3 3 6
6 2 6 4 5 3 7 5 2 4 2 5 3 4 4 5 4 2 2 2 4 3 4 3 8 7 1 6 2 6 4 1 5 3 4 0 6 1 6 4
9 6 1 10 7 9 2 4 8 2 8 7 9 8 4 7 5 6 8 8 4 6 8 8 2 2 7 3 7 2 10 7 2 3 3 6 0 5 0 9
7 1 5 5 5 3 7 4 3 3 3 5 4 3 4 6 4 3 3 3 4 3 4 3 7 6 1 6 3 6 5 1 4 3 3 1 5 0 5 4
9 6 1 10 7 9 2 4 8 2 8 7 9 8 4 7 5 6 8 8 4 6 8 8 2 2 6 3 6 2 10 6 1 3 3 6 0 5 0 9
8 3 9 3 8 1 10 6 2 7 2 8 3 3 7 8 5 5 3 4 8 4 6 2 11 10 3 9 5 10 1 3 8 6 6 4 9 4 9 0
,
0 36 53 21 9 42 39 49 42 28 19 14 32 55 27 17 55 18 20 24 33 57 14 51 45 26 27 46 16 27 53 53 40 46 55 36 67 33 63 28
42 0 27 19 20 16 55 18 14 25 10 36 32 7 32 50 8 20 26 17 36 11 36 10 45 23 5 46 17 36 25 2 12 17 9 5 36 4 33 22
23 42 0 55 39 22 7 25 41 9 27 21 27 26 11 26 24 37 41 28 20 20 31 52 13 3 45 7 17 7 74 35 6 8 8 19 7 22 4 32
33 22 45 0 23 15 45 21 16 55 11 32 4 36 47 39 33 17 8 12 49 23 15 14 42 33 25 45 22 38 7 14 53 44 54 23 56 14 32 17
9 35 39 25 0 26 19 28 21 31 40 0 27 45 17 4 23 16 30 16 22 49 12 39 25 19 28 33 8 43 39 39 29 16 22 34 29 19 20 52
20 15 24 21 37 0 46 43 4 38 5 22 18 15 19 57 38 21 14 17 43 11 13 16 47 56 14 31 31 26 5 7 41 45 38 12 35 12 58 4
28 45 6 45 29 74 0 38 55 21 58 28 59 66 29 33 46 24 40 37 23 42 22 30 4 2 30 6 44 4 86 59 11 19 35 31 10 33 11 50
47 16 30 46 40 27 37 0 43 9 20 35 46 28 20 51 7 45 31 29 15 15 59 27 22 24 23 20 30 23 56 16 22 16 9 15 25 24 12 38
38 19 39 6 30 8 46 44 0 42 2 32 6 12 15 38 30 20 7 11 36 10 13 22 57 49 6 38 10 48 11 10 48 23 30 13 39 15 35 13
23 15 13 39 35 23 12 20 25 0 30 33 49 21 16 43 19 31 45 21 18 28 26 17 25 9 19 15 18 16 28 13 2 10 7 18 9 20 9 41
26 6 25 11 15 6 55 39 3 26 0 39 16 18 43 19 21 25 5 15 40 21 12 16 49 39 8 44 16 50 15 8 27 36 21 12 44 19 50 6
14 41 47 32 0 47 50 41 14 45 42 0 27 35 21 3 27 12 25 25 19 50 15 24 39 33 28 22 15 17 54 19 27 16 42 33 26 37 39 42
27 25 61 5 15 10 57 47 5 39 18 33 0 41 19 38 43 23 6 9 37 18 9 13 54 47 18 55 19 27 19 11 22 31 41 22 26 16 24 15
45 10 41 34 34 8 56 15 19 18 22 61 34 0 40 41 20 45 18 20 39 11 39 3 51 45 10 24 40 25 20 12 20 20 21 25 45 14 35 9
33 13 24 26 11 24 14 25 27 18 25 19 40 52 0 17 44 18 15 31 2 21 15 51 14 10 26 7 13 18 34 27 24 9 17 24 18 12 10 38
14 46 41 21 3 23 40 45 41 25 22 3 28 26 8 0 27 22 17 22 17 47 18 62 26 27 40 19 18 37 50 20 19 30 32 14 25 41 49 26
54 16 40 52 63 38 36 7 20 12 34 47 34 13 20 58 0 19 22 36 23 10 35 14 28 18 25 19 45 25 39 16 16 24 9 11 33 26 26 21
10 28 33 22 8 23 39 18 8 32 21 16 22 37 16 23 45 0 9 8 16 25 8 18 32 28 12 19 1 40 32 27 25 16 21 7 33 10 28 18
26 26 43 7 26 9 52 25 7 37 8 28 4 20 15 38 17 19 0 6 24 36 20 29 61 60 5 20 11 37 12 19 21 36 29 15 24 13 60 9
24 27 23 5 29 16 27 39 9 17 9 24 4 15 16 33 48 8 3 0 31 27 12 16 24 32 9 48 7 41 19 8 35 29 25 15 46 13 54 23
14 33 17 40 13 47 16 34 18 15 23 21 47 35 3 19 23 22 37 18 0 18 12 20 18 17 22 8 23 13 54 15 9 13 22 28 25 19 16 31
37 6 37 40 51 15 32 15 23 14 21 54 33 11 20 61 8 38 31 26 26 0 28 15 50 21 15 28 29 28 16 14 21 14 22 10 34 11 36 25
11 37 24 15 11 25 54 26 14 28 24 6 20 30 11 21 20 8 19 6 22 31 0 48 26 23 15 47 9 25 17 26 52 14 21 17 42 29 44 34
46 8 45 36 26 14 46 31 17 35 17 26 17 2 21 37 26 19 31 34 36 9 38 0 49 37 22 55 24 65 13 9 37 35 23 18 30 17 38 7
62 47 14 36 29 52 4 18 68 29 70 24 63 47 12 44 23 44 65 44 22 36 30 67 0 8 50 10 44 6 87 43 15 30 19 21 15 46 15 37
55 23 4 74 28 25 3 42 28 21 39 37 56 44 21 38 18 19 63 50 16 32 25 49 7 0 24 9 25 2 45 24 14 16 19 35 10 45 9 62
32 10 46 24 12 10 28 34 9 29 11 14 15 24 21 30 16 9 11 10 17 21 18 10 27 42 0 42 12 37 27 8 37 26 18 3 49 8 22 20
37 28 10 26 31 42 10 18 26 11 29 30 62 28 10 29 36 28 20 51 12 42 31 35 13 5 28 0 19 4 46 38 16 13 12 22 9 17 15 48
21 22 30 25 13 25 29 32 9 34 18 17 9 33 19 23 48 1 10 5 9 18 9 41 35 24 8 35 0 37 40 11 23 12 34 14 23 21 40 33
30 23 7 46 31 59 5 25 60 9 43 18 41 52 17 30 28 21 49 31 7 37 49 51 8 3 47 5 26 0 66 42 7 21 25 18 12 37 9 54
45 19 71 10 20 11 36 45 13 53 11 34 13 23 28 26 20 15 9 22 36 22 14 24 82 42 12 74 35 45 0 27 25 20 53 32 31 29 34 10
25 2 24 21 37 15 31 24 11 16 6 36 10 11 19 43 22 20 18 17 25 9 32 9 38 51 7 26 19 48 10 0 23 19 26 8 30 8 47 7
50 30 6 34 44 47 23 12 22 4 24 37 39 22 23 52 27 39 30 45 18 15 24 18 15 18 20 19 26 11 42 31 0 15 8 15 5 15 9 25
21 21 17 47 15 24 16 28 21 6 21 16 24 37 7 33 29 21 22 33 12 14 22 41 16 12 10 10 20 10 46 20 14 0 9 12 13 9 17 30
26 8 14 31 43 45 18 11 24 6 18 39 33 27 26 22 9 31 16 35 26 23 17 19 35 22 27 29 32 12 49 17 6 8 0 26 17 19 11 24
23 6 37 18 23 22 52 28 13 22 7 12 11 23 16 37 32 8 12 8 15 14 16 10 24 22 2 33 16 36 31 7 24 10 18 0 17 3 23 22
27 20 5 48 25 59 13 13 57 13 37 29 45 48 31 44 31 41 58 50 24 25 32 36 16 7 34 10 25 13 35 40 7 8 13 38 0 36 1 31
49 3 37 16 14 11 37 10 14 10 14 22 12 22 19 23 11 14 17 11 18 12 22 10 24 23 8 31 20 40 14 6 11 14 14 4 22 0 15 19
39 35 4 53 42 24 9 28 46 7 37 21 49 55 11 35 21 44 28 44 21 33 44 28 11 8 31 9 46 7 55 32 8 15 20 37 2 18 0 49
60 21 64 14 32 4 65 46 10 21 4 50 18 11 51 32 18 25 15 12 52 18 34 14 45 69 8 26 24 33 5 18 42 30 42 22 40 14 59 0