7
40
,
0 (0.0, 44.0) 24.0
1 (24.0, 14.0) 30.0
2 (42.0, 37.0) 15.0
3 (0.0, 17.0) 28.0
4 (11.0, 43.0) 46.0
5 (11.0, 8.0) 15.0
6 (46.0, 44.0) 10.0
7 (41.0, 14.0) 33.0
8 (11.0, 16.0) 46.0
9 (38.0, 29.0) 15.0
10 (12.0, 13.0) 30.0
11 (11.0, 43.0) 22.0
12 (2.0, 20.0) 45.0
13 (24.0, 3.0) 36.0
14 (25.0, 39.0) 25.0
15 (11.0, 47.0) 34.0
16 (38.0, 10.0) 22.0
17 (14.0, 32.0) 11.0
18 (7.0, 19.0) 31.0
19 (8.0, 23.0) 38.0
20 (27.0, 40.0) 31.0
21 (30.0, 9.0) 11.0
22 (6.0, 33.0) 28.0
23 (21.0, 4.0) 22.0
24 (47.0, 47.0) 14.0
25 (43.0, 43.0) 48.0
26 (17.0, 19.0) 14.0
27 (35.0, 45.0) 18.0
28 (13.0, 31.0) 12.0
29 (41.0, 43.0) 20.0
30 (4.0, 5.0) 10.0
31 (20.0, 14.0) 23.0
32 (41.0, 29.0) 13.0
33 (30.0, 31.0) 13.0
34 (38.0, 22.0) 28.0
35 (19.0, 21.0) 35.0
36 (46.0, 35.0) 45.0
37 (23.0, 20.0) 48.0
38 (44.0, 35.0) 40.0
39 (11.0, 5.0) 21.0
,
0 8 9 5 2 8 9 10 6 8 7 2 5 10 5 2 10 4 5 4 5 9 3 9 9 9 6 7 4 8 8 7 9 7 9 6 9 7 9 8
8 0 6 5 6 3 7 3 3 4 2 6 5 2 5 7 3 4 4 4 5 2 5 2 8 7 2 7 4 7 4 1 5 4 3 2 6 1 6 3
9 6 0 9 6 8 2 5 7 2 8 6 9 8 3 7 5 6 8 7 3 6 7 8 2 1 6 2 6 1 10 6 2 3 3 6 1 5 1 9
5 5 9 0 6 3 11 8 2 8 3 6 1 6 7 6 8 4 1 2 7 6 3 5 11 10 3 9 4 10 3 4 9 7 8 4 10 5 10 3
2 6 6 6 0 7 7 8 5 6 6 0 5 8 3 1 9 2 5 4 3 8 2 8 7 6 5 5 2 6 8 6 7 4 7 5 7 5 7 8
8 3 8 3 7 0 10 6 2 7 1 7 3 3 7 8 5 5 2 3 7 4 5 2 11 9 3 9 5 9 2 2 7 6 6 3 9 3 9 1
9 7 2 11 7 10 0 6 9 3 9 7 10 9 4 7 7 7 9 9 4 8 8 9 1 1 8 2 7 1 11 8 3 4 5 7 2 7 2 10
10 3 5 8 8 6 6 0 6 3 6 8 8 4 6 9 1 6 7 7 6 2 8 4 7 6 5 6 7 6 8 4 3 4 2 5 4 4 4 6
6 3 7 2 5 2 9 6 0 6 1 5 2 4 5 6 6 3 1 2 6 4 4 3 10 8 1 8 3 8 3 2 7 5 6 2 8 3 8 2
8 4 2 8 6 7 3 3 6 0 6 6 7 6 3 6 4 5 7 6 3 4 6 6 4 3 5 3 5 3 8 5 1 2 1 4 2 3 2 7
7 2 8 3 6 1 9 6 1 6 0 6 2 3 6 7 5 4 2 2 6 4 4 3 10 9 2 8 4 8 2 2 7 5 6 2 8 3 8 2
2 6 6 6 0 7 7 8 5 6 6 0 5 8 3 1 9 2 5 4 3 8 2 8 7 6 5 5 2 6 8 6 7 4 7 5 7 5 7 8
5 5 9 1 5 3 10 8 2 7 2 5 0 6 6 6 7 3 1 1 6 6 3 5 10 9 3 8 3 9 3 4 8 6 7 3 9 4 9 3
10 2 8 6 8 3 9 4 4 6 3 8 6 0 7 9 3 6 5 5 7 2 7 1 10 9 3 9 6 9 4 2 6 6 5 4 8 3 8 3
5 5 3 7 3 7 4 6 5 3 6 3 6 7 0 3 6 3 5 5 0 6 4 7 5 4 4 2 3 3 8 5 4 2 4 4 4 4 4 7
2 7 7 6 1 8 7 9 6 6 7 1 6 9 3 0 9 3 6 5 3 8 3 9 7 6 6 5 3 6 9 7 7 5 7 5 7 6 7 8
10 3 5 8 9 5 7 1 6 4 5 9 7 3 6 9 0 7 6 7 6 2 8 4 8 7 5 7 7 7 7 4 4 4 2 4 5 4 5 5
4 4 6 4 2 5 7 6 3 5 4 2 3 6 3 3 7 0 3 2 3 6 2 6 7 6 3 5 0 6 6 4 5 3 5 2 6 3 6 5
5 4 8 1 5 2 9 7 1 7 2 5 1 5 5 6 6 3 0 1 6 5 3 4 10 9 2 8 3 8 3 3 7 5 6 2 8 3 8 3
4 4 7 2 4 3 9 7 2 6 2 4 1 5 5 5 7 2 1 0 5 5 2 5 9 8 2 7 2 8 4 3 7 5 6 2 8 3 8 4
5 5 3 7 3 7 4 6 6 3 6 3 6 7 0 3 6 3 6 5 0 6 4 7 4 3 5 2 3 3 8 5 4 2 4 4 4 4 4 8
9 2 6 6 8 4 8 2 4 4 4 8 6 2 6 8 2 6 5 5 6 0 7 2 8 7 3 7 6 7 5 2 5 4 3 3 6 3 6 4
3 5 7 3 2 5 8 8 4 6 4 2 3 7 4 3 8 2 3 2 4 7 0 7 9 8 4 6 1 7 6 5 7 5 7 4 8 4 8 6
9 2 8 5 8 2 9 4 3 6 3 8 5 1 7 9 4 6 4 5 7 2 7 0 10 9 3 9 6 9 3 2 6 6 5 3 8 3 8 2
9 8 2 11 7 11 1 7 10 4 10 7 10 10 5 7 8 7 10 9 4 8 9 10 0 1 8 2 8 1 12 9 4 5 5 8 2 7 2 11
9 7 1 10 6 9 1 6 8 3 9 6 9 9 4 6 7 6 9 8 3 7 8 9 1 0 7 2 6 0 11 7 3 4 4 7 2 6 2 10
6 2 6 3 5 3 8 5 1 5 2 5 3 3 4 6 5 3 2 2 5 3 4 3 8 7 0 6 3 7 4 1 5 4 4 1 7 1 6 3
7 7 2 9 5 9 2 6 8 3 8 5 8 9 2 5 7 5 8 7 2 7 6 9 2 2 6 0 5 1 10 7 3 3 5 6 3 6 3 9
4 4 6 4 2 5 7 7 3 5 4 2 3 6 3 3 7 0 3 2 3 6 1 6 8 6 3 5 0 6 6 4 6 3 5 2 7 3 6 5
8 7 1 10 6 9 1 6 8 3 8 6 9 9 3 6 7 6 8 8 3 7 7 9 1 0 7 1 6 0 11 7 3 3 4 6 2 6 2 10
8 4 10 3 8 2 11 8 3 8 2 8 3 4 8 9 7 6 3 4 8 5 6 3 12 11 4 10 6 11 0 4 9 7 8 4 10 5 10 1
7 1 6 4 6 2 8 4 2 5 2 6 4 2 5 7 4 4 3 3 5 2 5 2 9 7 1 7 4 7 4 0 5 4 4 1 7 1 6 3
9 5 2 9 7 7 3 3 7 1 7 7 8 6 4 7 4 5 7 7 4 5 7 6 4 3 5 3 6 3 9 5 0 2 2 5 2 4 1 8
7 4 3 7 4 6 4 4 5 2 5 4 6 6 2 5 4 3 5 5 2 4 5 6 5 4 4 3 3 3 7 4 2 0 2 3 3 3 3 6
9 3 3 8 7 6 5 2 6 1 6 7 7 5 4 7 2 5 6 6 4 3 7 5 5 4 4 5 5 4 8 4 2 2 0 4 3 3 3 6
6 2 6 4 5 3 7 5 2 4 2 5 3 4 4 5 4 2 2 2 4 3 4 3 8 7 1 6 2 6 4 1 5 3 4 0 6 1 6 4
9 6 1 10 7 9 2 4 8 2 8 7 9 8 4 7 5 6 8 8 4 6 8 8 2 2 7 3 7 2 10 7 2 3 3 6 0 5 0 9
7 1 5 5 5 3 7 4 3 3 3 5 4 3 4 6 4 3 3 3 4 3 4 3 7 6 1 6 3 6 5 1 4 3 3 1 5 0 5 4
9 6 1 10 7 9 2 4 8 2 8 7 9 8 4 7 5 6 8 8 4 6 8 8 2 2 6 3 6 2 10 6 1 3 3 6 0 5 0 9
8 3 9 3 8 1 10 6 2 7 2 8 3 3 7 8 5 5 3 4 8 4 6 2 11 10 3 9 5 10 1 3 8 6 6 4 9 4 9 0
,
0 42 62 24 16 47 39 71 44 52 26 10 34 57 33 15 53 25 29 25 33 65 16 23 63 43 27 31 10 56 31 53 48 27 56 20 65 45 25 26
19 0 44 29 46 10 44 25 10 12 10 21 20 15 13 24 20 19 16 22 23 6 24 7 23 19 8 17 24 19 16 4 12 21 13 6 21 6 16 15
43 30 0 55 40 50 11 24 44 13 23 33 24 38 18 40 39 31 25 39 21 23 30 50 12 5 32 11 28 4 37 19 11 8 14 14 5 33 3 29
16 29 36 0 27 19 47 29 15 25 13 34 4 28 25 43 57 29 5 15 41 40 24 17 78 47 17 49 25 29 12 18 62 27 27 19 27 34 26 22
14 30 44 22 0 43 45 44 32 31 18 0 18 44 18 3 30 11 27 25 20 56 9 38 46 21 30 36 14 22 46 19 44 26 19 31 51 30 34 57
44 14 44 14 48 0 32 25 11 46 7 33 12 13 31 45 25 21 15 9 40 16 29 9 59 38 17 60 33 69 7 6 36 40 38 21 61 12 59 2
56 55 7 51 46 55 0 34 54 18 44 36 63 43 31 34 44 42 60 39 16 32 41 39 3 4 47 10 29 5 66 28 22 30 23 24 7 49 11 50
38 22 17 23 36 28 39 0 34 8 39 29 39 12 39 62 7 46 49 45 26 13 38 31 36 21 32 16 33 40 31 12 21 16 6 21 21 15 27 28
43 11 36 16 37 10 30 36 0 41 2 21 13 14 24 45 20 12 7 7 30 15 18 17 55 36 5 35 18 26 8 11 33 20 37 8 55 17 47 7
46 24 8 23 25 26 11 11 17 0 25 37 20 24 24 45 20 22 18 29 19 15 46 38 26 20 12 19 31 10 29 30 3 4 9 15 10 24 5 31
19 14 25 15 29 7 45 20 2 17 0 31 10 21 36 32 18 11 9 16 34 20 11 17 47 61 6 47 20 46 8 7 24 21 33 16 21 18 30 11
6 24 46 23 0 28 30 53 28 44 28 0 14 24 17 4 24 7 27 21 11 56 6 34 30 39 24 23 9 37 32 34 31 25 42 35 39 38 39 21
22 22 54 5 22 12 63 37 14 27 12 18 0 38 17 17 55 10 6 8 28 41 11 27 33 65 11 62 21 49 12 21 24 44 41 23 70 12 62 21
54 15 27 33 24 20 53 23 26 42 21 33 28 0 27 25 18 22 12 25 47 10 49 5 49 57 24 51 30 37 14 17 34 23 21 12 38 19 36 18
24 34 24 45 20 33 30 18 16 19 40 15 31 37 0 13 29 18 14 18 2 45 14 36 19 11 26 17 21 13 31 18 21 8 31 10 26 13 13 20
10 38 21 42 3 32 44 28 18 35 28 4 42 60 16 0 57 21 34 30 20 47 16 61 33 41 29 14 21 28 44 21 22 24 19 15 49 16 49 32
66 13 22 55 23 14 50 7 28 21 37 42 32 20 45 59 0 24 18 40 37 5 52 23 28 36 29 28 26 20 19 24 16 32 13 12 26 16 18 41
21 23 40 15 14 34 28 30 16 15 12 11 17 16 11 14 30 0 13 10 10 27 12 22 33 17 13 16 2 27 41 10 25 10 16 7 44 13 31 29
25 15 51 8 23 14 58 45 5 20 8 22 7 23 37 19 43 21 0 5 38 16 11 22 47 54 6 26 16 31 14 10 44 18 30 13 61 12 51 13
26 10 43 14 16 20 43 23 6 24 10 28 9 35 34 14 45 12 4 0 34 37 9 30 52 23 14 29 13 27 15 12 39 20 24 13 53 20 31 21
15 33 17 43 12 45 23 21 19 15 38 18 32 35 3 11 36 19 15 19 0 22 30 41 18 24 18 8 25 17 57 23 25 13 23 13 27 17 14 42
29 7 16 20 41 23 44 8 23 30 25 24 30 11 21 33 4 33 25 27 31 0 35 7 25 25 11 35 27 33 36 8 28 16 9 20 43 15 34 16
19 37 26 16 8 15 61 55 26 28 30 16 8 38 14 16 49 4 8 13 14 26 0 37 50 39 21 24 7 22 28 24 28 15 33 12 54 25 29 26
45 13 44 16 56 6 36 19 14 43 16 28 25 3 39 30 23 15 11 27 44 12 23 0 58 28 14 55 30 49 25 7 28 33 24 22 44 13 57 10
29 54 6 70 29 61 2 44 54 12 28 41 34 56 29 35 24 42 58 61 22 39 63 60 0 5 51 11 38 5 78 44 21 14 20 41 17 41 13 69
47 41 3 63 24 29 3 35 45 11 52 38 51 40 23 24 21 23 58 58 24 25 47 51 7 0 31 9 48 2 63 29 8 23 15 29 7 41 10 39
19 11 30 14 28 15 22 32 8 24 12 20 10 23 15 37 21 16 8 12 28 15 25 23 45 21 0 39 6 37 26 7 17 9 14 3 35 5 35 21
32 32 10 42 25 35 7 26 37 14 38 32 34 61 15 15 45 35 38 21 13 34 43 30 14 10 27 0 31 4 48 47 24 8 17 15 9 20 19 66
24 24 16 25 10 32 49 25 13 22 25 10 21 22 9 9 28 2 16 5 16 30 5 35 39 20 7 28 0 25 37 12 22 23 36 16 38 10 47 19
25 40 7 26 33 44 5 31 51 13 35 21 27 47 24 40 29 30 38 45 13 22 35 30 4 2 48 9 24 0 48 32 15 24 19 40 9 40 7 37
29 16 33 13 36 10 37 30 8 47 16 46 20 10 33 56 32 18 7 16 42 14 24 12 76 65 23 67 38 59 0 25 36 27 41 25 47 13 35 8
22 5 23 24 19 8 40 27 13 27 11 26 12 9 22 25 13 28 18 18 38 13 32 11 59 33 5 34 14 19 19 0 26 23 26 8 43 6 20 9
42 18 8 26 32 53 16 21 41 2 40 40 57 43 14 40 25 27 27 24 19 33 26 36 16 15 28 23 34 7 27 35 0 6 8 15 10 29 5 30
29 18 11 30 20 31 16 27 28 5 21 17 19 19 14 16 24 15 14 22 5 12 19 21 25 11 22 7 20 16 27 26 13 0 16 12 19 9 14 42
38 12 11 53 46 17 23 11 26 7 35 35 22 35 26 29 13 27 25 37 26 15 36 15 37 18 24 18 38 11 56 26 7 11 0 16 9 17 18 42
17 6 38 13 18 13 27 12 13 14 9 21 11 27 10 15 29 17 17 12 27 11 25 24 44 44 3 22 6 27 32 9 19 10 11 0 18 5 42 12
29 35 5 71 31 52 8 12 28 12 40 43 51 53 27 41 19 28 52 25 20 35 35 55 18 9 50 8 35 13 65 24 9 19 22 16 0 31 3 33
40 5 22 21 37 10 50 20 15 23 8 39 29 17 11 19 22 19 9 18 11 12 13 10 41 17 8 19 16 36 31 10 22 10 19 3 18 0 26 13
63 35 3 49 48 36 6 18 42 8 30 23 50 21 27 28 23 25 38 56 26 37 35 41 14 8 33 19 21 8 62 22 7 8 11 36 2 33 0 55
58 11 47 23 24 4 57 34 6 43 10 24 9 13 26 61 31 23 12 22 47 21 29 11 71 73 18 54 34 51 5 17 28 47 36 14 46 15 48 0