7
40
,
0 (0.0, 44.0) 40.0
1 (24.0, 14.0) 23.0
2 (42.0, 37.0) 11.0
3 (0.0, 17.0) 12.0
4 (11.0, 43.0) 19.0
5 (11.0, 8.0) 15.0
6 (46.0, 44.0) 20.0
7 (41.0, 14.0) 37.0
8 (11.0, 16.0) 19.0
9 (38.0, 29.0) 13.0
10 (12.0, 13.0) 10.0
11 (11.0, 43.0) 39.0
12 (2.0, 20.0) 12.0
13 (24.0, 3.0) 27.0
14 (25.0, 39.0) 12.0
15 (11.0, 47.0) 20.0
16 (38.0, 10.0) 19.0
17 (14.0, 32.0) 49.0
18 (7.0, 19.0) 15.0
19 (8.0, 23.0) 27.0
20 (27.0, 40.0) 28.0
21 (30.0, 9.0) 26.0
22 (6.0, 33.0) 45.0
23 (21.0, 4.0) 19.0
24 (47.0, 47.0) 48.0
25 (43.0, 43.0) 10.0
26 (17.0, 19.0) 12.0
27 (35.0, 45.0) 13.0
28 (13.0, 31.0) 17.0
29 (41.0, 43.0) 10.0
30 (4.0, 5.0) 21.0
31 (20.0, 14.0) 30.0
32 (41.0, 29.0) 31.0
33 (30.0, 31.0) 43.0
34 (38.0, 22.0) 30.0
35 (19.0, 21.0) 28.0
36 (46.0, 35.0) 13.0
37 (23.0, 20.0) 44.0
38 (44.0, 35.0) 12.0
39 (11.0, 5.0) 49.0
,
0 8 9 5 2 8 9 10 6 8 7 2 5 10 5 2 10 4 5 4 5 9 3 9 9 9 6 7 4 8 8 7 9 7 9 6 9 7 9 8
8 0 6 5 6 3 7 3 3 4 2 6 5 2 5 7 3 4 4 4 5 2 5 2 8 7 2 7 4 7 4 1 5 4 3 2 6 1 6 3
9 6 0 9 6 8 2 5 7 2 8 6 9 8 3 7 5 6 8 7 3 6 7 8 2 1 6 2 6 1 10 6 2 3 3 6 1 5 1 9
5 5 9 0 6 3 11 8 2 8 3 6 1 6 7 6 8 4 1 2 7 6 3 5 11 10 3 9 4 10 3 4 9 7 8 4 10 5 10 3
2 6 6 6 0 7 7 8 5 6 6 0 5 8 3 1 9 2 5 4 3 8 2 8 7 6 5 5 2 6 8 6 7 4 7 5 7 5 7 8
8 3 8 3 7 0 10 6 2 7 1 7 3 3 7 8 5 5 2 3 7 4 5 2 11 9 3 9 5 9 2 2 7 6 6 3 9 3 9 1
9 7 2 11 7 10 0 6 9 3 9 7 10 9 4 7 7 7 9 9 4 8 8 9 1 1 8 2 7 1 11 8 3 4 5 7 2 7 2 10
10 3 5 8 8 6 6 0 6 3 6 8 8 4 6 9 1 6 7 7 6 2 8 4 7 6 5 6 7 6 8 4 3 4 2 5 4 4 4 6
6 3 7 2 5 2 9 6 0 6 1 5 2 4 5 6 6 3 1 2 6 4 4 3 10 8 1 8 3 8 3 2 7 5 6 2 8 3 8 2
8 4 2 8 6 7 3 3 6 0 6 6 7 6 3 6 4 5 7 6 3 4 6 6 4 3 5 3 5 3 8 5 1 2 1 4 2 3 2 7
7 2 8 3 6 1 9 6 1 6 0 6 2 3 6 7 5 4 2 2 6 4 4 3 10 9 2 8 4 8 2 2 7 5 6 2 8 3 8 2
2 6 6 6 0 7 7 8 5 6 6 0 5 8 3 1 9 2 5 4 3 8 2 8 7 6 5 5 2 6 8 6 7 4 7 5 7 5 7 8
5 5 9 1 5 3 10 8 2 7 2 5 0 6 6 6 7 3 1 1 6 6 3 5 10 9 3 8 3 9 3 4 8 6 7 3 9 4 9 3
10 2 8 6 8 3 9 4 4 6 3 8 6 0 7 9 3 6 5 5 7 2 7 1 10 9 3 9 6 9 4 2 6 6 5 4 8 3 8 3
5 5 3 7 3 7 4 6 5 3 6 3 6 7 0 3 6 3 5 5 0 6 4 7 5 4 4 2 3 3 8 5 4 2 4 4 4 4 4 7
2 7 7 6 1 8 7 9 6 6 7 1 6 9 3 0 9 3 6 5 3 8 3 9 7 6 6 5 3 6 9 7 7 5 7 5 7 6 7 8
10 3 5 8 9 5 7 1 6 4 5 9 7 3 6 9 0 7 6 7 6 2 8 4 8 7 5 7 7 7 7 4 4 4 2 4 5 4 5 5
4 4 6 4 2 5 7 6 3 5 4 2 3 6 3 3 7 0 3 2 3 6 2 6 7 6 3 5 0 6 6 4 5 3 5 2 6 3 6 5
5 4 8 1 5 2 9 7 1 7 2 5 1 5 5 6 6 3 0 1 6 5 3 4 10 9 2 8 3 8 3 3 7 5 6 2 8 3 8 3
4 4 7 2 4 3 9 7 2 6 2 4 1 5 5 5 7 2 1 0 5 5 2 5 9 8 2 7 2 8 4 3 7 5 6 2 8 3 8 4
5 5 3 7 3 7 4 6 6 3 6 3 6 7 0 3 6 3 6 5 0 6 4 7 4 3 5 2 3 3 8 5 4 2 4 4 4 4 4 8
9 2 6 6 8 4 8 2 4 4 4 8 6 2 6 8 2 6 5 5 6 0 7 2 8 7 3 7 6 7 5 2 5 4 3 3 6 3 6 4
3 5 7 3 2 5 8 8 4 6 4 2 3 7 4 3 8 2 3 2 4 7 0 7 9 8 4 6 1 7 6 5 7 5 7 4 8 4 8 6
9 2 8 5 8 2 9 4 3 6 3 8 5 1 7 9 4 6 4 5 7 2 7 0 10 9 3 9 6 9 3 2 6 6 5 3 8 3 8 2
9 8 2 11 7 11 1 7 10 4 10 7 10 10 5 7 8 7 10 9 4 8 9 10 0 1 8 2 8 1 12 9 4 5 5 8 2 7 2 11
9 7 1 10 6 9 1 6 8 3 9 6 9 9 4 6 7 6 9 8 3 7 8 9 1 0 7 2 6 0 11 7 3 4 4 7 2 6 2 10
6 2 6 3 5 3 8 5 1 5 2 5 3 3 4 6 5 3 2 2 5 3 4 3 8 7 0 6 3 7 4 1 5 4 4 1 7 1 6 3
7 7 2 9 5 9 2 6 8 3 8 5 8 9 2 5 7 5 8 7 2 7 6 9 2 2 6 0 5 1 10 7 3 3 5 6 3 6 3 9
4 4 6 4 2 5 7 7 3 5 4 2 3 6 3 3 7 0 3 2 3 6 1 6 8 6 3 5 0 6 6 4 6 3 5 2 7 3 6 5
8 7 1 10 6 9 1 6 8 3 8 6 9 9 3 6 7 6 8 8 3 7 7 9 1 0 7 1 6 0 11 7 3 3 4 6 2 6 2 10
8 4 10 3 8 2 11 8 3 8 2 8 3 4 8 9 7 6 3 4 8 5 6 3 12 11 4 10 6 11 0 4 9 7 8 4 10 5 10 1
7 1 6 4 6 2 8 4 2 5 2 6 4 2 5 7 4 4 3 3 5 2 5 2 9 7 1 7 4 7 4 0 5 4 4 1 7 1 6 3
9 5 2 9 7 7 3 3 7 1 7 7 8 6 4 7 4 5 7 7 4 5 7 6 4 3 5 3 6 3 9 5 0 2 2 5 2 4 1 8
7 4 3 7 4 6 4 4 5 2 5 4 6 6 2 5 4 3 5 5 2 4 5 6 5 4 4 3 3 3 7 4 2 0 2 3 3 3 3 6
9 3 3 8 7 6 5 2 6 1 6 7 7 5 4 7 2 5 6 6 4 3 7 5 5 4 4 5 5 4 8 4 2 2 0 4 3 3 3 6
6 2 6 4 5 3 7 5 2 4 2 5 3 4 4 5 4 2 2 2 4 3 4 3 8 7 1 6 2 6 4 1 5 3 4 0 6 1 6 4
9 6 1 10 7 9 2 4 8 2 8 7 9 8 4 7 5 6 8 8 4 6 8 8 2 2 7 3 7 2 10 7 2 3 3 6 0 5 0 9
7 1 5 5 5 3 7 4 3 3 3 5 4 3 4 6 4 3 3 3 4 3 4 3 7 6 1 6 3 6 5 1 4 3 3 1 5 0 5 4
9 6 1 10 7 9 2 4 8 2 8 7 9 8 4 7 5 6 8 8 4 6 8 8 2 2 6 3 6 2 10 6 1 3 3 6 0 5 0 9
8 3 9 3 8 1 10 6 2 7 2 8 3 3 7 8 5 5 3 4 8 4 6 2 11 10 3 9 5 10 1 3 8 6 6 4 9 4 9 0
,
0 47 27 20 14 45 36 26 39 56 46 15 18 58 15 8 52 15 18 18 15 69 13 44 54 59 18 44 21 43 44 48 61 18 32 32 52 26 35 56
34 0 39 32 22 8 49 19 12 14 16 23 12 7 15 33 12 21 14 13 29 5 15 14 25 41 9 29 13 27 27 4 32 26 15 10 36 8 34 20
53 42 0 51 21 43 4 16 43 7 31 23 22 56 21 36 17 18 49 39 22 35 47 48 6 6 19 6 17 4 47 48 6 14 12 40 4 23 3 27
24 35 61 0 24 21 62 29 16 25 18 20 5 39 42 27 49 24 4 9 30 29 14 30 74 58 21 59 28 52 10 15 64 29 34 20 32 19 60 10
8 33 34 40 0 51 25 55 16 20 21 0 25 56 10 4 54 15 24 20 14 50 12 51 31 39 35 34 6 15 54 25 23 23 36 12 29 38 45 39
30 11 64 20 31 0 29 42 11 33 4 43 10 10 30 25 23 28 14 21 21 22 29 15 70 33 8 55 32 27 11 15 48 19 41 21 65 20 53 3
46 47 11 73 49 64 0 26 65 22 51 28 43 35 31 25 38 35 60 29 21 23 42 56 5 4 21 9 50 3 76 57 18 29 20 46 13 35 12 37
45 25 13 52 26 17 40 0 33 21 36 23 46 13 37 38 6 30 31 49 19 15 37 23 44 18 33 44 19 39 32 26 13 12 9 26 13 28 29 16
22 8 53 14 36 6 49 33 0 34 5 18 15 24 19 45 37 20 6 6 26 27 26 17 42 35 5 55 16 31 12 12 41 13 30 10 42 10 43 12
24 16 5 21 31 50 19 18 34 0 24 43 50 18 20 46 10 20 28 41 20 15 37 24 16 9 15 16 31 17 28 15 4 9 6 30 14 26 11 52
29 9 50 13 38 4 46 40 2 43 0 41 16 21 33 19 32 18 4 12 22 24 14 13 43 36 5 49 20 60 8 5 25 17 24 5 52 10 39 5
14 21 30 30 0 20 50 61 30 43 16 0 23 47 20 5 60 8 20 15 8 25 6 23 48 25 37 14 11 17 26 21 20 16 39 27 19 18 47 48
16 30 33 3 19 13 66 38 7 41 16 25 0 20 28 38 53 22 7 10 31 41 17 26 62 35 22 23 8 42 16 18 40 38 22 24 49 20 39 23
28 13 28 37 26 11 24 12 25 27 16 38 33 0 43 36 17 45 15 30 46 11 34 4 49 27 10 44 44 63 22 14 22 17 31 18 51 22 22 19
31 25 17 36 14 19 28 36 25 9 29 8 23 40 0 19 17 17 30 22 2 41 15 25 33 19 14 10 13 16 24 32 16 14 28 24 12 28 11 30
12 45 36 27 2 36 36 32 26 22 41 6 27 52 20 0 45 22 27 15 18 50 8 59 43 19 26 21 15 22 46 26 50 16 40 21 33 36 18 51
66 11 26 32 50 17 40 5 22 14 37 32 25 21 35 46 0 40 30 22 31 7 53 14 20 21 31 24 42 37 51 25 22 26 16 31 17 12 34 18
20 23 21 15 12 26 22 18 14 21 23 12 20 19 9 8 29 0 7 11 20 31 5 15 32 25 8 26 2 28 34 27 30 9 15 14 18 10 19 22
33 18 48 11 27 15 28 18 5 30 4 18 7 13 20 22 35 10 0 6 39 35 16 23 57 23 13 44 7 27 19 21 30 26 18 16 62 16 22 13
27 23 40 12 12 16 41 19 11 17 7 20 9 18 20 26 33 10 3 0 36 25 14 34 46 48 7 23 5 30 24 20 40 29 20 15 58 9 27 21
24 15 23 36 13 21 13 44 19 9 43 10 42 40 2 17 18 17 38 21 0 22 20 39 21 19 13 10 21 21 35 31 10 9 21 30 27 27 20 55
43 9 29 24 56 27 21 17 28 30 24 48 24 9 31 59 4 24 21 26 43 0 44 10 42 21 24 53 22 26 28 16 22 23 13 10 29 18 19 21
9 25 46 23 14 16 41 33 18 27 12 17 17 34 12 15 24 10 8 15 14 47 0 48 58 42 11 29 7 52 35 28 50 18 36 24 51 21 26 34
36 10 56 24 31 7 61 26 20 31 10 37 25 3 28 60 21 35 17 21 25 7 45 0 38 33 12 28 26 63 15 8 22 25 34 11 38 24 32 9
32 40 12 63 48 43 4 39 45 25 45 28 73 37 33 54 40 44 29 45 20 29 49 59 0 6 35 17 37 5 84 40 13 15 14 22 14 18 15 54
45 44 7 72 31 31 2 36 61 8 60 37 29 31 16 25 23 22 41 43 18 30 44 43 4 0 41 8 38 3 41 24 19 15 17 26 7 15 5 46
23 11 25 22 12 8 41 17 9 22 11 24 21 17 21 26 25 8 8 7 24 19 14 15 44 31 0 35 11 43 28 9 27 16 25 3 34 8 27 21
44 18 9 57 14 43 16 46 38 14 45 17 56 50 9 23 30 29 40 31 13 37 27 37 12 12 18 0 33 5 47 25 14 10 17 25 11 41 16 55
10 27 39 24 16 26 26 42 9 27 12 12 22 25 15 20 31 1 18 7 11 41 7 33 50 47 9 31 0 15 29 18 31 13 24 16 22 14 18 37
47 41 7 30 37 24 5 23 43 7 50 17 40 22 12 20 29 35 49 20 21 19 21 37 9 3 26 6 19 0 63 30 7 15 14 40 10 21 5 29
40 21 72 7 37 8 47 38 15 40 8 57 20 27 24 55 51 35 17 10 49 16 29 10 86 38 19 75 15 64 0 12 50 24 35 31 74 32 39 4
22 5 30 27 24 9 46 21 10 33 8 45 21 9 17 21 19 28 20 22 14 7 31 10 32 29 4 42 23 53 25 0 25 22 17 9 26 3 34 10
41 25 5 52 30 24 21 17 37 4 30 44 27 36 23 49 22 32 45 21 13 16 37 31 21 8 20 14 37 9 36 13 0 11 11 17 6 14 4 54
32 17 11 33 19 30 15 20 18 10 15 14 33 28 11 26 20 17 38 16 12 30 29 27 22 10 23 8 25 10 35 25 7 0 16 21 14 15 9 22
30 19 21 52 48 37 23 12 41 9 30 24 24 22 25 38 6 30 34 20 12 14 35 17 24 21 30 16 28 14 49 16 6 16 0 14 20 13 16 27
42 11 18 10 24 21 50 28 9 25 5 18 13 20 19 22 31 16 9 10 30 15 22 22 33 43 4 23 17 38 27 7 23 13 28 0 39 3 35 20
26 27 4 60 22 60 10 19 24 6 54 41 36 31 11 29 26 33 46 57 14 32 47 46 9 6 32 13 25 9 41 20 5 15 13 30 0 34 1 25
22 9 19 25 26 12 44 28 16 9 10 36 31 23 25 38 11 8 18 9 11 14 11 20 22 23 7 28 16 26 32 9 25 16 21 4 24 0 31 26
67 25 2 52 43 48 8 17 32 12 35 42 43 56 11 28 37 17 59 40 12 43 41 47 7 12 23 19 35 6 68 34 4 15 16 37 1 17 0 41
25 17 64 16 28 2 51 32 16 53 10 55 9 13 23 45 16 17 15 14 32 11 17 14 43 51 11 67 30 69 9 8 23 23 18 10 66 29 41 0