7
40
,
0 (0.0, 44.0) 17.0
1 (24.0, 14.0) 47.0
2 (42.0, 37.0) 13.0
3 (0.0, 17.0) 28.0
4 (11.0, 43.0) 42.0
5 (11.0, 8.0) 11.0
6 (46.0, 44.0) 39.0
7 (41.0, 14.0) 24.0
8 (11.0, 16.0) 43.0
9 (38.0, 29.0) 26.0
10 (12.0, 13.0) 32.0
11 (11.0, 43.0) 22.0
12 (2.0, 20.0) 31.0
13 (24.0, 3.0) 12.0
14 (25.0, 39.0) 14.0
15 (11.0, 47.0) 23.0
16 (38.0, 10.0) 15.0
17 (14.0, 32.0) 19.0
18 (7.0, 19.0) 44.0
19 (8.0, 23.0) 27.0
20 (27.0, 40.0) 11.0
21 (30.0, 9.0) 25.0
22 (6.0, 33.0) 11.0
23 (21.0, 4.0) 47.0
24 (47.0, 47.0) 27.0
25 (43.0, 43.0) 19.0
26 (17.0, 19.0) 40.0
27 (35.0, 45.0) 49.0
28 (13.0, 31.0) 40.0
29 (41.0, 43.0) 10.0
30 (4.0, 5.0) 26.0
31 (20.0, 14.0) 11.0
32 (41.0, 29.0) 28.0
33 (30.0, 31.0) 16.0
34 (38.0, 22.0) 15.0
35 (19.0, 21.0) 12.0
36 (46.0, 35.0) 20.0
37 (23.0, 20.0) 22.0
38 (44.0, 35.0) 27.0
39 (11.0, 5.0) 19.0
,
0 8 9 5 2 8 9 10 6 8 7 2 5 10 5 2 10 4 5 4 5 9 3 9 9 9 6 7 4 8 8 7 9 7 9 6 9 7 9 8
8 0 6 5 6 3 7 3 3 4 2 6 5 2 5 7 3 4 4 4 5 2 5 2 8 7 2 7 4 7 4 1 5 4 3 2 6 1 6 3
9 6 0 9 6 8 2 5 7 2 8 6 9 8 3 7 5 6 8 7 3 6 7 8 2 1 6 2 6 1 10 6 2 3 3 6 1 5 1 9
5 5 9 0 6 3 11 8 2 8 3 6 1 6 7 6 8 4 1 2 7 6 3 5 11 10 3 9 4 10 3 4 9 7 8 4 10 5 10 3
2 6 6 6 0 7 7 8 5 6 6 0 5 8 3 1 9 2 5 4 3 8 2 8 7 6 5 5 2 6 8 6 7 4 7 5 7 5 7 8
8 3 8 3 7 0 10 6 2 7 1 7 3 3 7 8 5 5 2 3 7 4 5 2 11 9 3 9 5 9 2 2 7 6 6 3 9 3 9 1
9 7 2 11 7 10 0 6 9 3 9 7 10 9 4 7 7 7 9 9 4 8 8 9 1 1 8 2 7 1 11 8 3 4 5 7 2 7 2 10
10 3 5 8 8 6 6 0 6 3 6 8 8 4 6 9 1 6 7 7 6 2 8 4 7 6 5 6 7 6 8 4 3 4 2 5 4 4 4 6
6 3 7 2 5 2 9 6 0 6 1 5 2 4 5 6 6 3 1 2 6 4 4 3 10 8 1 8 3 8 3 2 7 5 6 2 8 3 8 2
8 4 2 8 6 7 3 3 6 0 6 6 7 6 3 6 4 5 7 6 3 4 6 6 4 3 5 3 5 3 8 5 1 2 1 4 2 3 2 7
7 2 8 3 6 1 9 6 1 6 0 6 2 3 6 7 5 4 2 2 6 4 4 3 10 9 2 8 4 8 2 2 7 5 6 2 8 3 8 2
2 6 6 6 0 7 7 8 5 6 6 0 5 8 3 1 9 2 5 4 3 8 2 8 7 6 5 5 2 6 8 6 7 4 7 5 7 5 7 8
5 5 9 1 5 3 10 8 2 7 2 5 0 6 6 6 7 3 1 1 6 6 3 5 10 9 3 8 3 9 3 4 8 6 7 3 9 4 9 3
10 2 8 6 8 3 9 4 4 6 3 8 6 0 7 9 3 6 5 5 7 2 7 1 10 9 3 9 6 9 4 2 6 6 5 4 8 3 8 3
5 5 3 7 3 7 4 6 5 3 6 3 6 7 0 3 6 3 5 5 0 6 4 7 5 4 4 2 3 3 8 5 4 2 4 4 4 4 4 7
2 7 7 6 1 8 7 9 6 6 7 1 6 9 3 0 9 3 6 5 3 8 3 9 7 6 6 5 3 6 9 7 7 5 7 5 7 6 7 8
10 3 5 8 9 5 7 1 6 4 5 9 7 3 6 9 0 7 6 7 6 2 8 4 8 7 5 7 7 7 7 4 4 4 2 4 5 4 5 5
4 4 6 4 2 5 7 6 3 5 4 2 3 6 3 3 7 0 3 2 3 6 2 6 7 6 3 5 0 6 6 4 5 3 5 2 6 3 6 5
5 4 8 1 5 2 9 7 1 7 2 5 1 5 5 6 6 3 0 1 6 5 3 4 10 9 2 8 3 8 3 3 7 5 6 2 8 3 8 3
4 4 7 2 4 3 9 7 2 6 2 4 1 5 5 5 7 2 1 0 5 5 2 5 9 8 2 7 2 8 4 3 7 5 6 2 8 3 8 4
5 5 3 7 3 7 4 6 6 3 6 3 6 7 0 3 6 3 6 5 0 6 4 7 4 3 5 2 3 3 8 5 4 2 4 4 4 4 4 8
9 2 6 6 8 4 8 2 4 4 4 8 6 2 6 8 2 6 5 5 6 0 7 2 8 7 3 7 6 7 5 2 5 4 3 3 6 3 6 4
3 5 7 3 2 5 8 8 4 6 4 2 3 7 4 3 8 2 3 2 4 7 0 7 9 8 4 6 1 7 6 5 7 5 7 4 8 4 8 6
9 2 8 5 8 2 9 4 3 6 3 8 5 1 7 9 4 6 4 5 7 2 7 0 10 9 3 9 6 9 3 2 6 6 5 3 8 3 8 2
9 8 2 11 7 11 1 7 10 4 10 7 10 10 5 7 8 7 10 9 4 8 9 10 0 1 8 2 8 1 12 9 4 5 5 8 2 7 2 11
9 7 1 10 6 9 1 6 8 3 9 6 9 9 4 6 7 6 9 8 3 7 8 9 1 0 7 2 6 0 11 7 3 4 4 7 2 6 2 10
6 2 6 3 5 3 8 5 1 5 2 5 3 3 4 6 5 3 2 2 5 3 4 3 8 7 0 6 3 7 4 1 5 4 4 1 7 1 6 3
7 7 2 9 5 9 2 6 8 3 8 5 8 9 2 5 7 5 8 7 2 7 6 9 2 2 6 0 5 1 10 7 3 3 5 6 3 6 3 9
4 4 6 4 2 5 7 7 3 5 4 2 3 6 3 3 7 0 3 2 3 6 1 6 8 6 3 5 0 6 6 4 6 3 5 2 7 3 6 5
8 7 1 10 6 9 1 6 8 3 8 6 9 9 3 6 7 6 8 8 3 7 7 9 1 0 7 1 6 0 11 7 3 3 4 6 2 6 2 10
8 4 10 3 8 2 11 8 3 8 2 8 3 4 8 9 7 6 3 4 8 5 6 3 12 11 4 10 6 11 0 4 9 7 8 4 10 5 10 1
7 1 6 4 6 2 8 4 2 5 2 6 4 2 5 7 4 4 3 3 5 2 5 2 9 7 1 7 4 7 4 0 5 4 4 1 7 1 6 3
9 5 2 9 7 7 3 3 7 1 7 7 8 6 4 7 4 5 7 7 4 5 7 6 4 3 5 3 6 3 9 5 0 2 2 5 2 4 1 8
7 4 3 7 4 6 4 4 5 2 5 4 6 6 2 5 4 3 5 5 2 4 5 6 5 4 4 3 3 3 7 4 2 0 2 3 3 3 3 6
9 3 3 8 7 6 5 2 6 1 6 7 7 5 4 7 2 5 6 6 4 3 7 5 5 4 4 5 5 4 8 4 2 2 0 4 3 3 3 6
6 2 6 4 5 3 7 5 2 4 2 5 3 4 4 5 4 2 2 2 4 3 4 3 8 7 1 6 2 6 4 1 5 3 4 0 6 1 6 4
9 6 1 10 7 9 2 4 8 2 8 7 9 8 4 7 5 6 8 8 4 6 8 8 2 2 7 3 7 2 10 7 2 3 3 6 0 5 0 9
7 1 5 5 5 3 7 4 3 3 3 5 4 3 4 6 4 3 3 3 4 3 4 3 7 6 1 6 3 6 5 1 4 3 3 1 5 0 5 4
9 6 1 10 7 9 2 4 8 2 8 7 9 8 4 7 5 6 8 8 4 6 8 8 2 2 6 3 6 2 10 6 1 3 3 6 0 5 0 9
8 3 9 3 8 1 10 6 2 7 2 8 3 3 7 8 5 5 3 4 8 4 6 2 11 10 3 9 5 10 1 3 8 6 6 4 9 4 9 0
,
0 27 39 34 10 40 62 35 26 42 31 7 21 29 21 14 75 27 34 33 16 65 11 51 67 24 17 29 25 22 20 44 44 38 30 41 53 19 40 21
43 0 20 32 22 12 42 17 16 20 13 23 12 14 16 22 20 29 25 24 35 10 29 9 36 29 5 47 19 19 28 4 15 18 17 11 17 6 25 19
37 43 0 37 39 49 5 20 25 13 48 22 24 40 18 25 38 37 20 49 16 33 44 35 7 8 27 7 17 9 27 24 4 10 9 38 2 24 4 25
21 34 52 0 32 9 61 47 16 46 11 26 5 14 21 31 48 27 8 6 27 27 26 35 58 60 16 55 16 58 8 12 33 46 23 19 27 34 63 24
16 37 43 33 0 30 48 33 36 41 35 0 20 59 12 2 38 13 16 11 22 37 15 58 48 18 28 16 8 37 28 34 30 21 41 28 19 18 18 42
30 10 49 9 41 0 46 46 10 49 6 24 11 16 34 38 38 19 17 15 23 15 20 15 62 36 12 61 13 50 9 13 30 43 31 22 45 24 41 4
36 30 8 71 51 66 0 41 58 24 42 26 70 35 14 42 22 26 47 38 29 55 29 35 5 4 28 8 27 4 44 47 11 17 31 52 7 39 10 47
30 24 17 37 47 29 20 0 20 16 15 42 52 28 33 23 4 46 28 20 23 8 52 18 47 36 33 17 38 39 41 31 18 11 6 26 26 26 11 19
27 7 43 7 39 10 29 35 0 28 2 16 15 20 36 40 24 14 6 8 15 19 13 19 41 50 8 26 13 21 19 9 29 22 36 14 30 19 33 8
57 15 11 32 45 37 23 18 21 0 22 20 45 41 11 36 23 18 35 17 12 28 29 32 24 18 26 24 13 11 54 22 3 11 5 14 11 16 11 20
23 10 53 8 44 5 33 38 3 44 0 36 8 9 21 34 32 13 4 9 18 16 19 18 40 57 6 34 10 40 16 11 41 29 37 15 46 18 39 5
10 25 41 25 0 29 32 54 38 17 18 0 29 48 11 3 51 7 14 24 11 38 13 57 40 47 27 23 15 19 28 24 44 12 32 15 34 38 37 55
15 14 51 4 22 10 52 24 12 55 9 14 0 42 41 31 41 15 6 4 32 44 14 17 63 45 13 41 17 49 20 14 47 26 30 17 63 17 30 17
63 11 52 22 22 15 55 21 10 27 19 41 24 0 48 59 20 27 24 20 22 11 25 4 45 40 19 52 30 53 12 14 22 20 26 28 29 21 53 12
30 19 16 20 17 44 31 38 37 16 27 9 24 50 0 22 23 18 17 31 1 29 24 50 17 15 25 14 9 23 26 38 24 8 11 16 15 20 13 40
10 45 38 39 4 49 33 56 20 30 31 2 27 49 10 0 23 18 24 15 9 61 14 60 34 42 36 21 23 43 41 34 24 14 36 24 44 36 24 48
26 8 31 32 51 16 38 3 32 28 33 23 26 12 28 43 0 44 20 39 47 9 45 24 46 48 29 37 30 48 37 12 19 29 11 18 34 23 25 19
21 24 15 21 11 30 51 46 13 29 18 10 12 38 18 20 26 0 20 16 21 30 6 20 33 25 18 20 2 16 34 10 38 10 36 13 26 10 16 36
15 12 32 10 26 14 45 22 5 46 6 14 6 19 32 37 27 11 0 6 31 37 9 21 44 54 12 26 19 58 16 12 38 15 45 17 63 9 30 16
28 13 53 6 18 16 54 21 4 22 10 28 8 27 28 20 23 8 3 0 33 27 7 27 34 22 13 29 7 56 15 10 23 29 38 15 46 22 25 26
18 25 17 23 21 28 12 29 42 9 33 22 20 22 3 9 29 21 19 36 0 41 31 34 22 16 32 8 22 20 39 14 14 9 27 16 17 23 19 38
39 9 27 33 51 27 20 9 18 29 24 22 33 10 20 27 8 30 18 34 16 0 30 15 34 36 19 26 38 36 19 12 25 25 20 15 23 18 18 23
15 28 25 24 7 38 32 51 23 32 21 17 12 31 21 17 43 8 16 6 23 36 0 21 63 30 17 33 7 41 28 33 50 12 27 19 31 22 21 42
29 9 59 16 34 13 58 22 12 22 18 53 21 4 40 56 17 24 27 19 47 13 35 0 39 37 19 61 19 30 9 8 27 35 14 11 58 10 50 12
44 34 12 82 19 55 3 50 28 15 44 50 70 38 12 22 44 47 46 56 29 23 34 33 0 7 50 8 43 5 64 60 12 16 14 41 15 19 11 50
40 18 6 38 35 26 3 21 60 12 44 38 47 31 12 44 22 41 65 56 20 46 24 51 8 0 46 7 30 3 66 30 7 14 17 20 11 23 12 31
20 13 44 11 33 17 32 28 6 15 7 24 21 20 30 33 31 17 8 11 24 17 11 12 37 34 0 37 18 24 18 4 18 26 17 3 21 7 27 8
38 44 6 54 34 64 7 31 42 10 44 20 56 61 7 16 49 35 49 39 13 37 27 27 6 5 41 0 22 8 50 32 14 11 26 15 14 33 13 26
24 25 30 21 18 12 26 21 13 25 20 16 10 15 9 11 39 1 18 10 12 34 10 36 38 21 7 17 0 26 35 16 20 23 39 14 20 21 33 21
40 37 9 52 30 65 4 20 56 21 43 25 66 56 21 19 47 38 49 45 13 19 37 58 6 1 25 5 42 0 53 34 14 12 13 30 12 32 10 54
33 23 60 17 53 5 32 23 12 26 16 24 20 15 25 47 36 24 11 16 61 29 32 25 33 54 10 43 41 46 0 27 62 54 56 21 35 26 26 8
19 4 22 21 34 9 36 30 5 21 5 38 24 8 17 42 23 19 17 20 29 10 22 5 28 50 9 34 25 35 20 0 31 10 16 7 22 4 44 10
50 18 11 31 43 24 8 11 38 4 23 40 43 31 19 42 12 17 36 49 16 13 49 19 15 20 26 18 22 16 35 20 0 14 7 16 11 23 7 38
35 19 17 22 28 41 30 23 14 10 23 24 30 27 11 21 15 18 26 26 6 23 16 25 14 14 10 17 12 11 21 24 11 0 8 20 17 16 8 30
47 23 8 20 24 42 30 7 25 6 18 46 49 16 17 24 18 36 32 35 21 15 20 37 35 18 13 21 38 25 55 29 6 8 0 13 9 13 17 46
35 5 27 18 14 10 22 27 7 11 5 15 9 15 10 22 23 8 12 7 13 17 25 25 56 36 4 20 9 16 13 10 30 8 20 0 25 4 41 12
51 36 5 27 32 50 7 13 45 10 37 29 67 20 13 52 37 42 39 33 17 29 22 28 13 7 40 12 18 10 26 46 6 15 14 41 0 31 2 52
48 5 26 27 31 14 20 12 9 13 17 38 13 16 11 20 20 12 16 23 11 17 17 19 21 30 8 16 19 18 33 6 22 18 20 5 19 0 24 29
23 29 2 29 35 52 12 11 39 5 27 29 41 38 22 23 14 20 22 29 12 18 27 48 17 5 27 14 17 6 48 46 7 16 13 41 3 20 0 38
31 21 54 22 43 2 74 18 15 32 9 52 16 16 40 23 20 26 20 19 48 21 42 14 33 64 23 62 33 45 4 12 26 44 29 12 27 13 62 0