7
40
,
0 (0.0, 44.0) 31.0
1 (24.0, 14.0) 17.0
2 (42.0, 37.0) 29.0
3 (0.0, 17.0) 11.0
4 (11.0, 43.0) 26.0
5 (11.0, 8.0) 11.0
6 (46.0, 44.0) 35.0
7 (41.0, 14.0) 12.0
8 (11.0, 16.0) 28.0
9 (38.0, 29.0) 43.0
10 (12.0, 13.0) 23.0
11 (11.0, 43.0) 25.0
12 (2.0, 20.0) 35.0
13 (24.0, 3.0) 13.0
14 (25.0, 39.0) 26.0
15 (11.0, 47.0) 12.0
16 (38.0, 10.0) 19.0
17 (14.0, 32.0) 26.0
18 (7.0, 19.0) 12.0
19 (8.0, 23.0) 44.0
20 (27.0, 40.0) 21.0
21 (30.0, 9.0) 38.0
22 (6.0, 33.0) 49.0
23 (21.0, 4.0) 32.0
24 (47.0, 47.0) 14.0
25 (43.0, 43.0) 29.0
26 (17.0, 19.0) 27.0
27 (35.0, 45.0) 26.0
28 (13.0, 31.0) 18.0
29 (41.0, 43.0) 36.0
30 (4.0, 5.0) 31.0
31 (20.0, 14.0) 34.0
32 (41.0, 29.0) 32.0
33 (30.0, 31.0) 28.0
34 (38.0, 22.0) 27.0
35 (19.0, 21.0) 12.0
36 (46.0, 35.0) 21.0
37 (23.0, 20.0) 15.0
38 (44.0, 35.0) 38.0
39 (11.0, 5.0) 25.0
,
0 8 9 5 2 8 9 10 6 8 7 2 5 10 5 2 10 4 5 4 5 9 3 9 9 9 6 7 4 8 8 7 9 7 9 6 9 7 9 8
8 0 6 5 6 3 7 3 3 4 2 6 5 2 5 7 3 4 4 4 5 2 5 2 8 7 2 7 4 7 4 1 5 4 3 2 6 1 6 3
9 6 0 9 6 8 2 5 7 2 8 6 9 8 3 7 5 6 8 7 3 6 7 8 2 1 6 2 6 1 10 6 2 3 3 6 1 5 1 9
5 5 9 0 6 3 11 8 2 8 3 6 1 6 7 6 8 4 1 2 7 6 3 5 11 10 3 9 4 10 3 4 9 7 8 4 10 5 10 3
2 6 6 6 0 7 7 8 5 6 6 0 5 8 3 1 9 2 5 4 3 8 2 8 7 6 5 5 2 6 8 6 7 4 7 5 7 5 7 8
8 3 8 3 7 0 10 6 2 7 1 7 3 3 7 8 5 5 2 3 7 4 5 2 11 9 3 9 5 9 2 2 7 6 6 3 9 3 9 1
9 7 2 11 7 10 0 6 9 3 9 7 10 9 4 7 7 7 9 9 4 8 8 9 1 1 8 2 7 1 11 8 3 4 5 7 2 7 2 10
10 3 5 8 8 6 6 0 6 3 6 8 8 4 6 9 1 6 7 7 6 2 8 4 7 6 5 6 7 6 8 4 3 4 2 5 4 4 4 6
6 3 7 2 5 2 9 6 0 6 1 5 2 4 5 6 6 3 1 2 6 4 4 3 10 8 1 8 3 8 3 2 7 5 6 2 8 3 8 2
8 4 2 8 6 7 3 3 6 0 6 6 7 6 3 6 4 5 7 6 3 4 6 6 4 3 5 3 5 3 8 5 1 2 1 4 2 3 2 7
7 2 8 3 6 1 9 6 1 6 0 6 2 3 6 7 5 4 2 2 6 4 4 3 10 9 2 8 4 8 2 2 7 5 6 2 8 3 8 2
2 6 6 6 0 7 7 8 5 6 6 0 5 8 3 1 9 2 5 4 3 8 2 8 7 6 5 5 2 6 8 6 7 4 7 5 7 5 7 8
5 5 9 1 5 3 10 8 2 7 2 5 0 6 6 6 7 3 1 1 6 6 3 5 10 9 3 8 3 9 3 4 8 6 7 3 9 4 9 3
10 2 8 6 8 3 9 4 4 6 3 8 6 0 7 9 3 6 5 5 7 2 7 1 10 9 3 9 6 9 4 2 6 6 5 4 8 3 8 3
5 5 3 7 3 7 4 6 5 3 6 3 6 7 0 3 6 3 5 5 0 6 4 7 5 4 4 2 3 3 8 5 4 2 4 4 4 4 4 7
2 7 7 6 1 8 7 9 6 6 7 1 6 9 3 0 9 3 6 5 3 8 3 9 7 6 6 5 3 6 9 7 7 5 7 5 7 6 7 8
10 3 5 8 9 5 7 1 6 4 5 9 7 3 6 9 0 7 6 7 6 2 8 4 8 7 5 7 7 7 7 4 4 4 2 4 5 4 5 5
4 4 6 4 2 5 7 6 3 5 4 2 3 6 3 3 7 0 3 2 3 6 2 6 7 6 3 5 0 6 6 4 5 3 5 2 6 3 6 5
5 4 8 1 5 2 9 7 1 7 2 5 1 5 5 6 6 3 0 1 6 5 3 4 10 9 2 8 3 8 3 3 7 5 6 2 8 3 8 3
4 4 7 2 4 3 9 7 2 6 2 4 1 5 5 5 7 2 1 0 5 5 2 5 9 8 2 7 2 8 4 3 7 5 6 2 8 3 8 4
5 5 3 7 3 7 4 6 6 3 6 3 6 7 0 3 6 3 6 5 0 6 4 7 4 3 5 2 3 3 8 5 4 2 4 4 4 4 4 8
9 2 6 6 8 4 8 2 4 4 4 8 6 2 6 8 2 6 5 5 6 0 7 2 8 7 3 7 6 7 5 2 5 4 3 3 6 3 6 4
3 5 7 3 2 5 8 8 4 6 4 2 3 7 4 3 8 2 3 2 4 7 0 7 9 8 4 6 1 7 6 5 7 5 7 4 8 4 8 6
9 2 8 5 8 2 9 4 3 6 3 8 5 1 7 9 4 6 4 5 7 2 7 0 10 9 3 9 6 9 3 2 6 6 5 3 8 3 8 2
9 8 2 11 7 11 1 7 10 4 10 7 10 10 5 7 8 7 10 9 4 8 9 10 0 1 8 2 8 1 12 9 4 5 5 8 2 7 2 11
9 7 1 10 6 9 1 6 8 3 9 6 9 9 4 6 7 6 9 8 3 7 8 9 1 0 7 2 6 0 11 7 3 4 4 7 2 6 2 10
6 2 6 3 5 3 8 5 1 5 2 5 3 3 4 6 5 3 2 2 5 3 4 3 8 7 0 6 3 7 4 1 5 4 4 1 7 1 6 3
7 7 2 9 5 9 2 6 8 3 8 5 8 9 2 5 7 5 8 7 2 7 6 9 2 2 6 0 5 1 10 7 3 3 5 6 3 6 3 9
4 4 6 4 2 5 7 7 3 5 4 2 3 6 3 3 7 0 3 2 3 6 1 6 8 6 3 5 0 6 6 4 6 3 5 2 7 3 6 5
8 7 1 10 6 9 1 6 8 3 8 6 9 9 3 6 7 6 8 8 3 7 7 9 1 0 7 1 6 0 11 7 3 3 4 6 2 6 2 10
8 4 10 3 8 2 11 8 3 8 2 8 3 4 8 9 7 6 3 4 8 5 6 3 12 11 4 10 6 11 0 4 9 7 8 4 10 5 10 1
7 1 6 4 6 2 8 4 2 5 2 6 4 2 5 7 4 4 3 3 5 2 5 2 9 7 1 7 4 7 4 0 5 4 4 1 7 1 6 3
9 5 2 9 7 7 3 3 7 1 7 7 8 6 4 7 4 5 7 7 4 5 7 6 4 3 5 3 6 3 9 5 0 2 2 5 2 4 1 8
7 4 3 7 4 6 4 4 5 2 5 4 6 6 2 5 4 3 5 5 2 4 5 6 5 4 4 3 3 3 7 4 2 0 2 3 3 3 3 6
9 3 3 8 7 6 5 2 6 1 6 7 7 5 4 7 2 5 6 6 4 3 7 5 5 4 4 5 5 4 8 4 2 2 0 4 3 3 3 6
6 2 6 4 5 3 7 5 2 4 2 5 3 4 4 5 4 2 2 2 4 3 4 3 8 7 1 6 2 6 4 1 5 3 4 0 6 1 6 4
9 6 1 10 7 9 2 4 8 2 8 7 9 8 4 7 5 6 8 8 4 6 8 8 2 2 7 3 7 2 10 7 2 3 3 6 0 5 0 9
7 1 5 5 5 3 7 4 3 3 3 5 4 3 4 6 4 3 3 3 4 3 4 3 7 6 1 6 3 6 5 1 4 3 3 1 5 0 5 4
9 6 1 10 7 9 2 4 8 2 8 7 9 8 4 7 5 6 8 8 4 6 8 8 2 2 6 3 6 2 10 6 1 3 3 6 0 5 0 9
8 3 9 3 8 1 10 6 2 7 2 8 3 3 7 8 5 5 3 4 8 4 6 2 11 10 3 9 5 10 1 3 8 6 6 4 9 4 9 0
,
0 22 30 18 14 48 38 63 35 61 40 10 30 50 38 10 44 14 16 12 21 44 11 49 58 58 22 34 16 45 43 24 48 41 34 33 63 47 61 34
33 0 28 35 23 9 19 17 13 19 7 21 22 9 35 42 22 29 25 19 21 6 23 7 21 27 9 24 11 37 22 6 27 11 11 11 16 8 26 23
36 17 0 24 42 59 5 22 35 7 48 41 46 52 14 27 20 37 43 43 12 24 35 58 16 6 21 7 30 8 31 41 8 8 12 26 5 35 2 26
20 12 38 0 18 8 37 40 15 46 10 39 5 17 25 46 39 19 6 13 19 45 16 16 63 35 25 37 13 51 18 14 58 46 51 21 65 28 35 16
17 42 43 27 0 44 42 34 23 17 22 0 14 29 20 2 44 11 30 29 24 25 8 49 38 20 29 34 17 26 43 18 41 29 21 12 53 29 28 44
35 20 25 20 23 0 42 45 7 47 5 52 15 15 38 41 28 33 11 10 20 15 29 11 53 54 11 63 15 25 6 10 24 34 37 11 58 25 58 4
61 23 11 64 43 68 0 42 44 22 41 52 43 27 28 19 25 20 42 43 26 31 60 25 2 2 20 14 21 5 69 23 9 12 25 44 9 17 6 65
38 24 20 30 43 24 41 0 34 8 27 26 59 16 39 45 3 33 32 41 23 16 59 30 22 40 24 35 28 34 25 27 11 11 5 23 21 22 31 26
37 10 52 17 40 8 36 22 0 37 2 24 14 25 32 24 34 18 7 10 17 15 16 18 32 47 9 33 8 38 8 5 20 27 29 7 43 12 50 16
27 11 6 36 25 27 24 22 21 0 27 21 19 43 21 42 10 20 38 43 19 20 33 24 25 21 26 12 24 16 46 17 3 7 9 16 11 25 6 26
24 13 52 7 29 4 33 35 4 36 0 24 14 10 30 37 17 24 9 8 35 16 13 15 28 56 4 57 17 39 15 12 48 20 36 9 33 7 32 6
12 43 38 22 0 39 48 57 21 36 24 0 14 47 19 2 50 7 23 25 22 35 13 43 31 25 21 31 10 31 41 35 39 13 45 13 47 28 17 50
31 19 31 4 30 22 34 35 9 52 17 14 0 27 27 30 45 19 5 8 39 38 18 15 63 38 19 43 17 33 18 10 34 27 38 11 47 26 24 11
48 12 26 30 53 14 24 29 21 43 20 52 15 0 32 68 20 21 34 22 32 4 20 4 27 52 11 25 39 32 13 10 43 23 14 17 23 11 36 18
33 37 25 31 21 49 20 39 32 11 26 15 43 18 0 23 17 8 16 13 1 44 23 49 17 25 23 7 13 22 39 15 20 8 16 10 16 20 18 34
10 36 31 19 6 37 47 62 42 28 39 3 27 44 10 0 65 10 21 27 25 40 21 47 37 24 19 31 20 16 21 23 43 22 49 19 32 19 39 48
35 14 21 37 63 40 47 4 38 23 39 54 26 11 31 30 0 30 22 17 25 9 28 23 32 40 17 47 28 39 28 18 15 26 8 13 26 15 19 25
27 29 35 17 17 34 26 41 12 33 13 12 20 32 7 21 34 0 16 12 10 30 12 19 39 41 16 32 1 34 42 18 40 14 35 17 44 13 42 19
22 21 41 7 27 14 31 44 3 17 10 36 3 33 22 24 20 19 0 4 23 28 13 30 61 26 12 37 10 28 12 15 39 14 46 17 55 16 57 15
24 26 31 11 12 9 44 27 8 30 10 16 9 14 14 35 32 16 2 0 26 35 6 23 36 52 5 29 8 36 11 8 40 25 25 11 60 21 25 22
36 16 11 50 23 25 24 21 17 10 19 12 21 49 2 10 46 21 25 36 0 21 31 29 22 11 15 5 16 18 37 34 11 14 14 15 17 19 16 56
68 8 41 41 37 22 55 13 21 32 25 53 33 9 26 60 11 16 28 29 28 0 21 13 33 49 11 21 23 39 32 8 17 29 17 20 29 16 22 11
11 37 49 9 16 31 36 49 25 33 13 12 15 19 21 22 34 9 18 7 26 44 0 17 45 38 12 40 5 31 31 21 42 31 46 16 43 29 57 26
53 14 36 20 21 8 30 28 22 36 11 25 36 5 32 22 13 15 25 18 19 12 35 0 46 58 10 39 30 45 20 7 33 19 27 20 22 24 41 9
70 58 9 57 19 37 3 33 62 20 45 47 60 65 31 44 45 42 60 51 27 27 44 36 0 4 48 8 45 7 73 26 27 15 40 31 11 20 18 69
30 50 4 45 27 25 4 33 29 18 49 24 62 61 13 30 30 45 52 44 9 28 45 67 7 0 26 10 39 2 68 27 14 25 30 29 7 26 4 74
24 7 41 16 17 17 46 24 7 32 4 24 16 16 20 36 12 17 9 7 13 24 10 19 47 42 0 26 16 32 14 5 15 18 17 3 40 7 24 23
41 17 8 32 22 51 6 32 47 24 55 31 22 30 7 34 30 28 24 43 12 31 23 47 9 9 18 0 26 9 28 32 9 9 24 41 14 30 19 27
12 21 32 14 17 35 36 37 13 24 14 17 22 23 7 16 46 2 15 8 14 16 4 33 51 38 15 18 0 29 24 17 27 23 14 15 40 16 17 14
53 38 6 32 43 43 7 32 27 14 48 40 49 26 20 42 34 15 50 58 11 40 51 46 5 2 25 6 35 0 56 33 18 10 21 43 6 27 7 38
57 26 25 14 44 11 72 22 7 29 13 37 22 13 57 40 22 41 17 26 43 21 33 10 51 32 18 63 32 66 0 27 32 37 49 23 39 22 73 5
51 3 40 25 17 10 55 15 5 21 9 32 16 9 35 37 23 27 18 15 33 17 33 11 46 43 7 33 21 46 18 0 14 11 15 7 22 9 32 8
46 33 5 34 34 36 13 14 25 3 38 41 21 20 11 33 17 33 30 24 10 31 23 34 19 17 36 20 41 13 25 36 0 15 5 35 9 22 9 26
23 17 10 47 18 29 26 17 26 6 18 29 44 20 7 33 19 23 17 30 11 18 20 30 30 15 13 17 17 13 24 14 8 0 16 14 15 17 12 27
48 18 14 31 51 26 32 6 37 8 37 48 27 22 22 35 17 13 39 21 31 9 32 22 17 19 16 25 16 11 57 21 11 13 0 15 11 9 19 39
32 9 35 15 21 22 43 12 6 14 13 34 23 24 26 20 25 7 10 11 17 17 11 15 24 21 3 41 7 31 24 10 24 15 14 0 35 5 37 26
29 38 6 47 18 27 8 29 24 14 40 45 55 55 26 49 24 22 50 53 16 20 50 27 17 12 39 19 28 10 39 35 10 11 21 45 0 28 2 37
18 8 30 17 16 24 33 10 18 15 14 23 22 23 18 18 14 17 21 8 11 16 30 11 46 40 6 32 19 16 30 3 30 15 10 2 18 0 16 22
38 22 2 36 22 64 6 24 38 12 30 37 50 26 22 31 33 17 58 26 13 20 34 51 18 6 40 15 27 8 49 36 5 10 8 24 3 21 0 49
44 13 54 18 54 3 73 26 15 36 9 26 10 19 52 26 16 32 21 23 21 25 36 13 47 58 15 50 28 67 8 15 56 43 27 20 39 18 60 0