7
40
,
0 (0.0, 44.0) 35.0
1 (24.0, 14.0) 43.0
2 (42.0, 37.0) 32.0
3 (0.0, 17.0) 47.0
4 (11.0, 43.0) 39.0
5 (11.0, 8.0) 12.0
6 (46.0, 44.0) 20.0
7 (41.0, 14.0) 26.0
8 (11.0, 16.0) 11.0
9 (38.0, 29.0) 31.0
10 (12.0, 13.0) 50.0
11 (11.0, 43.0) 16.0
12 (2.0, 20.0) 27.0
13 (24.0, 3.0) 15.0
14 (25.0, 39.0) 12.0
15 (11.0, 47.0) 31.0
16 (38.0, 10.0) 46.0
17 (14.0, 32.0) 10.0
18 (7.0, 19.0) 14.0
19 (8.0, 23.0) 32.0
20 (27.0, 40.0) 46.0
21 (30.0, 9.0) 12.0
22 (6.0, 33.0) 21.0
23 (21.0, 4.0) 23.0
24 (47.0, 47.0) 39.0
25 (43.0, 43.0) 18.0
26 (17.0, 19.0) 18.0
27 (35.0, 45.0) 30.0
28 (13.0, 31.0) 34.0
29 (41.0, 43.0) 28.0
30 (4.0, 5.0) 11.0
31 (20.0, 14.0) 18.0
32 (41.0, 29.0) 14.0
33 (30.0, 31.0) 12.0
34 (38.0, 22.0) 13.0
35 (19.0, 21.0) 33.0
36 (46.0, 35.0) 39.0
37 (23.0, 20.0) 10.0
38 (44.0, 35.0) 46.0
39 (11.0, 5.0) 28.0
,
0 8 9 5 2 8 9 10 6 8 7 2 5 10 5 2 10 4 5 4 5 9 3 9 9 9 6 7 4 8 8 7 9 7 9 6 9 7 9 8
8 0 6 5 6 3 7 3 3 4 2 6 5 2 5 7 3 4 4 4 5 2 5 2 8 7 2 7 4 7 4 1 5 4 3 2 6 1 6 3
9 6 0 9 6 8 2 5 7 2 8 6 9 8 3 7 5 6 8 7 3 6 7 8 2 1 6 2 6 1 10 6 2 3 3 6 1 5 1 9
5 5 9 0 6 3 11 8 2 8 3 6 1 6 7 6 8 4 1 2 7 6 3 5 11 10 3 9 4 10 3 4 9 7 8 4 10 5 10 3
2 6 6 6 0 7 7 8 5 6 6 0 5 8 3 1 9 2 5 4 3 8 2 8 7 6 5 5 2 6 8 6 7 4 7 5 7 5 7 8
8 3 8 3 7 0 10 6 2 7 1 7 3 3 7 8 5 5 2 3 7 4 5 2 11 9 3 9 5 9 2 2 7 6 6 3 9 3 9 1
9 7 2 11 7 10 0 6 9 3 9 7 10 9 4 7 7 7 9 9 4 8 8 9 1 1 8 2 7 1 11 8 3 4 5 7 2 7 2 10
10 3 5 8 8 6 6 0 6 3 6 8 8 4 6 9 1 6 7 7 6 2 8 4 7 6 5 6 7 6 8 4 3 4 2 5 4 4 4 6
6 3 7 2 5 2 9 6 0 6 1 5 2 4 5 6 6 3 1 2 6 4 4 3 10 8 1 8 3 8 3 2 7 5 6 2 8 3 8 2
8 4 2 8 6 7 3 3 6 0 6 6 7 6 3 6 4 5 7 6 3 4 6 6 4 3 5 3 5 3 8 5 1 2 1 4 2 3 2 7
7 2 8 3 6 1 9 6 1 6 0 6 2 3 6 7 5 4 2 2 6 4 4 3 10 9 2 8 4 8 2 2 7 5 6 2 8 3 8 2
2 6 6 6 0 7 7 8 5 6 6 0 5 8 3 1 9 2 5 4 3 8 2 8 7 6 5 5 2 6 8 6 7 4 7 5 7 5 7 8
5 5 9 1 5 3 10 8 2 7 2 5 0 6 6 6 7 3 1 1 6 6 3 5 10 9 3 8 3 9 3 4 8 6 7 3 9 4 9 3
10 2 8 6 8 3 9 4 4 6 3 8 6 0 7 9 3 6 5 5 7 2 7 1 10 9 3 9 6 9 4 2 6 6 5 4 8 3 8 3
5 5 3 7 3 7 4 6 5 3 6 3 6 7 0 3 6 3 5 5 0 6 4 7 5 4 4 2 3 3 8 5 4 2 4 4 4 4 4 7
2 7 7 6 1 8 7 9 6 6 7 1 6 9 3 0 9 3 6 5 3 8 3 9 7 6 6 5 3 6 9 7 7 5 7 5 7 6 7 8
10 3 5 8 9 5 7 1 6 4 5 9 7 3 6 9 0 7 6 7 6 2 8 4 8 7 5 7 7 7 7 4 4 4 2 4 5 4 5 5
4 4 6 4 2 5 7 6 3 5 4 2 3 6 3 3 7 0 3 2 3 6 2 6 7 6 3 5 0 6 6 4 5 3 5 2 6 3 6 5
5 4 8 1 5 2 9 7 1 7 2 5 1 5 5 6 6 3 0 1 6 5 3 4 10 9 2 8 3 8 3 3 7 5 6 2 8 3 8 3
4 4 7 2 4 3 9 7 2 6 2 4 1 5 5 5 7 2 1 0 5 5 2 5 9 8 2 7 2 8 4 3 7 5 6 2 8 3 8 4
5 5 3 7 3 7 4 6 6 3 6 3 6 7 0 3 6 3 6 5 0 6 4 7 4 3 5 2 3 3 8 5 4 2 4 4 4 4 4 8
9 2 6 6 8 4 8 2 4 4 4 8 6 2 6 8 2 6 5 5 6 0 7 2 8 7 3 7 6 7 5 2 5 4 3 3 6 3 6 4
3 5 7 3 2 5 8 8 4 6 4 2 3 7 4 3 8 2 3 2 4 7 0 7 9 8 4 6 1 7 6 5 7 5 7 4 8 4 8 6
9 2 8 5 8 2 9 4 3 6 3 8 5 1 7 9 4 6 4 5 7 2 7 0 10 9 3 9 6 9 3 2 6 6 5 3 8 3 8 2
9 8 2 11 7 11 1 7 10 4 10 7 10 10 5 7 8 7 10 9 4 8 9 10 0 1 8 2 8 1 12 9 4 5 5 8 2 7 2 11
9 7 1 10 6 9 1 6 8 3 9 6 9 9 4 6 7 6 9 8 3 7 8 9 1 0 7 2 6 0 11 7 3 4 4 7 2 6 2 10
6 2 6 3 5 3 8 5 1 5 2 5 3 3 4 6 5 3 2 2 5 3 4 3 8 7 0 6 3 7 4 1 5 4 4 1 7 1 6 3
7 7 2 9 5 9 2 6 8 3 8 5 8 9 2 5 7 5 8 7 2 7 6 9 2 2 6 0 5 1 10 7 3 3 5 6 3 6 3 9
4 4 6 4 2 5 7 7 3 5 4 2 3 6 3 3 7 0 3 2 3 6 1 6 8 6 3 5 0 6 6 4 6 3 5 2 7 3 6 5
8 7 1 10 6 9 1 6 8 3 8 6 9 9 3 6 7 6 8 8 3 7 7 9 1 0 7 1 6 0 11 7 3 3 4 6 2 6 2 10
8 4 10 3 8 2 11 8 3 8 2 8 3 4 8 9 7 6 3 4 8 5 6 3 12 11 4 10 6 11 0 4 9 7 8 4 10 5 10 1
7 1 6 4 6 2 8 4 2 5 2 6 4 2 5 7 4 4 3 3 5 2 5 2 9 7 1 7 4 7 4 0 5 4 4 1 7 1 6 3
9 5 2 9 7 7 3 3 7 1 7 7 8 6 4 7 4 5 7 7 4 5 7 6 4 3 5 3 6 3 9 5 0 2 2 5 2 4 1 8
7 4 3 7 4 6 4 4 5 2 5 4 6 6 2 5 4 3 5 5 2 4 5 6 5 4 4 3 3 3 7 4 2 0 2 3 3 3 3 6
9 3 3 8 7 6 5 2 6 1 6 7 7 5 4 7 2 5 6 6 4 3 7 5 5 4 4 5 5 4 8 4 2 2 0 4 3 3 3 6
6 2 6 4 5 3 7 5 2 4 2 5 3 4 4 5 4 2 2 2 4 3 4 3 8 7 1 6 2 6 4 1 5 3 4 0 6 1 6 4
9 6 1 10 7 9 2 4 8 2 8 7 9 8 4 7 5 6 8 8 4 6 8 8 2 2 7 3 7 2 10 7 2 3 3 6 0 5 0 9
7 1 5 5 5 3 7 4 3 3 3 5 4 3 4 6 4 3 3 3 4 3 4 3 7 6 1 6 3 6 5 1 4 3 3 1 5 0 5 4
9 6 1 10 7 9 2 4 8 2 8 7 9 8 4 7 5 6 8 8 4 6 8 8 2 2 6 3 6 2 10 6 1 3 3 6 0 5 0 9
8 3 9 3 8 1 10 6 2 7 2 8 3 3 7 8 5 5 3 4 8 4 6 2 11 10 3 9 5 10 1 3 8 6 6 4 9 4 9 0
,
0 39 59 32 10 38 65 46 31 46 37 14 31 64 13 9 35 20 25 21 36 50 8 24 44 58 29 48 23 24 23 49 24 20 39 23 68 37 53 44
34 0 43 28 44 20 48 23 13 15 12 35 30 16 25 28 7 12 22 15 24 7 19 12 25 33 10 18 26 50 16 6 27 24 15 5 37 7 35 11
59 32 0 62 24 45 10 28 42 6 39 43 50 21 25 35 18 20 27 33 15 40 22 37 9 8 37 5 23 8 70 18 10 15 15 39 6 14 2 31
35 34 50 0 16 9 38 54 9 41 14 31 4 35 43 34 34 24 8 9 33 36 11 32 63 52 21 38 27 68 14 27 45 33 26 25 46 26 39 15
14 38 35 22 0 27 45 45 15 23 35 0 31 42 12 5 22 7 16 23 12 53 7 52 37 45 19 32 17 44 32 25 48 22 50 34 47 32 46 39
20 16 32 11 30 0 33 46 4 26 4 48 8 13 20 29 32 27 15 22 44 28 28 11 30 33 14 30 22 58 8 6 54 20 40 11 55 16 58 3
61 54 8 58 31 53 0 18 63 11 26 34 55 27 32 29 49 35 39 23 20 54 55 64 4 2 41 6 32 4 70 33 13 13 14 40 7 20 6 77
25 9 13 58 40 19 37 0 32 23 32 36 24 19 24 61 6 42 24 35 23 9 45 12 28 18 26 20 22 24 35 12 22 30 13 16 15 23 26 23
39 13 38 7 39 7 48 43 0 29 2 18 15 16 29 40 24 11 4 8 22 22 13 16 50 38 9 45 17 27 10 6 38 18 20 5 44 18 24 6
53 24 9 37 38 26 21 19 25 0 38 37 22 20 16 21 14 31 42 31 15 29 26 42 29 11 17 14 13 19 31 22 4 11 8 11 8 19 6 35
32 17 39 17 28 4 68 39 5 31 0 25 11 17 35 45 14 15 11 15 25 26 22 17 44 59 6 27 11 26 9 7 37 34 19 9 26 18 30 9
14 26 38 19 0 48 44 43 36 32 24 0 36 63 12 4 36 13 30 26 10 24 7 43 31 42 14 15 14 28 37 45 39 19 48 18 20 32 38 37
27 13 51 3 21 9 50 44 5 48 13 37 0 34 34 39 22 15 5 5 41 28 14 21 62 63 9 34 9 43 12 17 38 40 27 9 46 28 40 18
44 14 24 36 22 8 67 12 26 43 22 37 16 0 36 35 14 42 15 37 54 8 39 2 31 34 15 60 26 32 21 14 42 34 35 17 28 18 36 19
37 32 19 21 20 43 31 21 35 20 35 17 36 45 0 16 31 16 35 14 3 45 21 24 29 18 31 15 17 19 25 33 11 11 19 16 25 25 19 25
12 41 46 25 5 49 35 52 34 32 51 5 14 25 24 0 32 22 23 22 18 54 20 40 33 28 36 17 22 31 54 30 25 17 27 25 39 20 41 54
46 12 15 50 27 16 35 6 39 12 23 33 45 10 46 66 0 27 33 22 27 10 30 9 30 28 24 41 36 50 35 26 18 28 9 20 34 12 28 28
13 30 25 18 15 36 20 46 18 17 28 8 20 25 17 9 42 0 11 8 21 21 6 43 40 24 12 29 1 28 15 13 36 22 13 12 37 10 20 14
24 11 49 7 13 8 38 29 6 40 11 18 4 32 23 42 45 12 0 5 20 26 10 23 54 65 7 42 19 43 18 9 26 21 46 12 39 14 33 12
30 24 47 6 26 15 36 20 5 23 14 22 9 20 15 16 38 7 6 0 22 28 15 23 42 59 6 37 13 42 27 16 42 15 25 8 53 17 23 25
25 33 9 26 9 26 13 31 28 23 30 18 19 21 1 18 17 16 24 17 0 34 28 35 31 18 16 11 12 14 55 17 11 7 19 12 25 11 17 50
39 12 33 28 46 15 31 11 22 14 16 48 27 7 39 45 11 21 24 36 45 0 27 12 23 33 20 49 26 38 20 7 23 17 11 17 44 10 37 10
8 19 28 23 13 34 49 42 16 43 19 12 15 25 19 8 52 6 20 7 13 36 0 26 52 30 13 46 7 41 37 21 53 24 50 9 39 21 47 41
51 10 56 17 37 15 26 33 14 39 12 47 33 4 42 39 16 21 21 32 27 8 45 0 54 37 23 50 23 47 10 8 22 37 24 13 47 16 34 7
41 36 12 50 44 76 3 32 32 21 61 52 39 66 33 36 24 36 34 59 30 29 34 64 0 5 42 11 41 8 69 46 10 16 36 50 18 25 12 80
32 44 4 47 27 47 2 43 26 8 35 45 39 44 17 36 37 27 43 36 12 19 47 29 4 0 47 5 36 1 27 23 8 26 29 32 8 40 10 70
23 12 29 13 31 11 45 18 9 19 11 23 12 11 26 25 29 11 9 13 33 13 20 18 50 24 0 40 12 22 10 8 38 24 27 3 28 3 25 13
23 48 13 31 30 35 16 27 48 14 42 24 60 33 7 24 29 21 46 36 6 34 21 47 7 12 25 0 15 5 54 51 19 12 21 21 10 23 19 48
11 18 16 21 14 26 20 29 14 20 12 15 12 31 11 24 24 2 13 10 17 33 11 22 41 44 13 29 0 21 35 25 41 25 14 17 25 15 21 17
49 45 6 52 24 32 7 32 21 21 30 31 53 48 15 45 32 24 40 50 7 35 35 59 9 3 35 9 39 0 50 34 13 20 23 27 8 39 7 71
34 15 67 18 20 10 73 54 15 33 14 57 11 24 21 24 35 24 10 23 22 24 26 19 66 65 21 54 17 31 0 23 59 54 38 19 68 36 55 10
28 4 21 19 39 10 45 16 11 16 9 40 25 6 31 35 22 26 17 17 14 9 19 14 62 20 6 38 19 48 14 0 20 10 19 7 27 8 44 15
48 30 4 36 29 31 16 15 43 4 21 49 24 33 26 52 19 17 20 18 14 23 26 40 26 20 31 20 20 13 41 14 0 14 9 23 9 12 8 49
26 26 10 46 17 15 27 18 22 6 35 28 23 40 8 27 30 11 36 16 14 27 15 34 25 19 26 22 10 9 28 10 14 0 10 8 23 14 8 24
39 22 8 41 49 32 34 6 41 8 29 26 29 15 11 38 11 29 28 39 13 11 34 15 21 13 13 14 29 15 44 25 10 7 0 23 14 10 18 22
20 6 32 21 25 17 21 28 10 10 8 27 9 18 15 36 17 8 15 12 17 22 20 19 41 35 2 33 8 38 12 4 15 14 14 0 19 4 32 10
28 16 3 36 19 60 13 16 50 8 22 49 35 44 17 49 32 48 58 28 25 27 26 29 17 8 20 10 38 10 61 21 7 21 17 36 0 38 2 39
19 7 16 31 20 20 19 14 15 21 8 30 29 11 19 34 25 19 21 17 19 10 31 10 24 39 4 34 21 36 15 9 23 13 13 5 19 0 33 15
49 21 2 32 38 59 7 11 20 12 52 22 42 35 27 40 38 25 27 55 13 21 38 38 9 10 20 9 46 9 27 36 4 11 9 26 2 24 0 60
27 18 63 11 32 4 57 30 7 18 4 23 26 9 32 40 27 38 18 18 56 13 40 14 50 57 13 52 28 51 7 12 27 35 26 14 34 17 63 0