7
40
,
0 (0.0, 44.0) 20.0
1 (24.0, 14.0) 24.0
2 (42.0, 37.0) 23.0
3 (0.0, 17.0) 17.0
4 (11.0, 43.0) 43.0
5 (11.0, 8.0) 36.0
6 (46.0, 44.0) 16.0
7 (41.0, 14.0) 13.0
8 (11.0, 16.0) 14.0
9 (38.0, 29.0) 24.0
10 (12.0, 13.0) 16.0
11 (11.0, 43.0) 37.0
12 (2.0, 20.0) 37.0
13 (24.0, 3.0) 10.0
14 (25.0, 39.0) 25.0
15 (11.0, 47.0) 16.0
16 (38.0, 10.0) 25.0
17 (14.0, 32.0) 38.0
18 (7.0, 19.0) 13.0
19 (8.0, 23.0) 22.0
20 (27.0, 40.0) 26.0
21 (30.0, 9.0) 20.0
22 (6.0, 33.0) 41.0
23 (21.0, 4.0) 12.0
24 (47.0, 47.0) 13.0
25 (43.0, 43.0) 33.0
26 (17.0, 19.0) 38.0
27 (35.0, 45.0) 33.0
28 (13.0, 31.0) 22.0
29 (41.0, 43.0) 17.0
30 (4.0, 5.0) 37.0
31 (20.0, 14.0) 49.0
32 (41.0, 29.0) 14.0
33 (30.0, 31.0) 41.0
34 (38.0, 22.0) 29.0
35 (19.0, 21.0) 29.0
36 (46.0, 35.0) 14.0
37 (23.0, 20.0) 22.0
38 (44.0, 35.0) 21.0
39 (11.0, 5.0) 15.0
,
0 8 9 5 2 8 9 10 6 8 7 2 5 10 5 2 10 4 5 4 5 9 3 9 9 9 6 7 4 8 8 7 9 7 9 6 9 7 9 8
8 0 6 5 6 3 7 3 3 4 2 6 5 2 5 7 3 4 4 4 5 2 5 2 8 7 2 7 4 7 4 1 5 4 3 2 6 1 6 3
9 6 0 9 6 8 2 5 7 2 8 6 9 8 3 7 5 6 8 7 3 6 7 8 2 1 6 2 6 1 10 6 2 3 3 6 1 5 1 9
5 5 9 0 6 3 11 8 2 8 3 6 1 6 7 6 8 4 1 2 7 6 3 5 11 10 3 9 4 10 3 4 9 7 8 4 10 5 10 3
2 6 6 6 0 7 7 8 5 6 6 0 5 8 3 1 9 2 5 4 3 8 2 8 7 6 5 5 2 6 8 6 7 4 7 5 7 5 7 8
8 3 8 3 7 0 10 6 2 7 1 7 3 3 7 8 5 5 2 3 7 4 5 2 11 9 3 9 5 9 2 2 7 6 6 3 9 3 9 1
9 7 2 11 7 10 0 6 9 3 9 7 10 9 4 7 7 7 9 9 4 8 8 9 1 1 8 2 7 1 11 8 3 4 5 7 2 7 2 10
10 3 5 8 8 6 6 0 6 3 6 8 8 4 6 9 1 6 7 7 6 2 8 4 7 6 5 6 7 6 8 4 3 4 2 5 4 4 4 6
6 3 7 2 5 2 9 6 0 6 1 5 2 4 5 6 6 3 1 2 6 4 4 3 10 8 1 8 3 8 3 2 7 5 6 2 8 3 8 2
8 4 2 8 6 7 3 3 6 0 6 6 7 6 3 6 4 5 7 6 3 4 6 6 4 3 5 3 5 3 8 5 1 2 1 4 2 3 2 7
7 2 8 3 6 1 9 6 1 6 0 6 2 3 6 7 5 4 2 2 6 4 4 3 10 9 2 8 4 8 2 2 7 5 6 2 8 3 8 2
2 6 6 6 0 7 7 8 5 6 6 0 5 8 3 1 9 2 5 4 3 8 2 8 7 6 5 5 2 6 8 6 7 4 7 5 7 5 7 8
5 5 9 1 5 3 10 8 2 7 2 5 0 6 6 6 7 3 1 1 6 6 3 5 10 9 3 8 3 9 3 4 8 6 7 3 9 4 9 3
10 2 8 6 8 3 9 4 4 6 3 8 6 0 7 9 3 6 5 5 7 2 7 1 10 9 3 9 6 9 4 2 6 6 5 4 8 3 8 3
5 5 3 7 3 7 4 6 5 3 6 3 6 7 0 3 6 3 5 5 0 6 4 7 5 4 4 2 3 3 8 5 4 2 4 4 4 4 4 7
2 7 7 6 1 8 7 9 6 6 7 1 6 9 3 0 9 3 6 5 3 8 3 9 7 6 6 5 3 6 9 7 7 5 7 5 7 6 7 8
10 3 5 8 9 5 7 1 6 4 5 9 7 3 6 9 0 7 6 7 6 2 8 4 8 7 5 7 7 7 7 4 4 4 2 4 5 4 5 5
4 4 6 4 2 5 7 6 3 5 4 2 3 6 3 3 7 0 3 2 3 6 2 6 7 6 3 5 0 6 6 4 5 3 5 2 6 3 6 5
5 4 8 1 5 2 9 7 1 7 2 5 1 5 5 6 6 3 0 1 6 5 3 4 10 9 2 8 3 8 3 3 7 5 6 2 8 3 8 3
4 4 7 2 4 3 9 7 2 6 2 4 1 5 5 5 7 2 1 0 5 5 2 5 9 8 2 7 2 8 4 3 7 5 6 2 8 3 8 4
5 5 3 7 3 7 4 6 6 3 6 3 6 7 0 3 6 3 6 5 0 6 4 7 4 3 5 2 3 3 8 5 4 2 4 4 4 4 4 8
9 2 6 6 8 4 8 2 4 4 4 8 6 2 6 8 2 6 5 5 6 0 7 2 8 7 3 7 6 7 5 2 5 4 3 3 6 3 6 4
3 5 7 3 2 5 8 8 4 6 4 2 3 7 4 3 8 2 3 2 4 7 0 7 9 8 4 6 1 7 6 5 7 5 7 4 8 4 8 6
9 2 8 5 8 2 9 4 3 6 3 8 5 1 7 9 4 6 4 5 7 2 7 0 10 9 3 9 6 9 3 2 6 6 5 3 8 3 8 2
9 8 2 11 7 11 1 7 10 4 10 7 10 10 5 7 8 7 10 9 4 8 9 10 0 1 8 2 8 1 12 9 4 5 5 8 2 7 2 11
9 7 1 10 6 9 1 6 8 3 9 6 9 9 4 6 7 6 9 8 3 7 8 9 1 0 7 2 6 0 11 7 3 4 4 7 2 6 2 10
6 2 6 3 5 3 8 5 1 5 2 5 3 3 4 6 5 3 2 2 5 3 4 3 8 7 0 6 3 7 4 1 5 4 4 1 7 1 6 3
7 7 2 9 5 9 2 6 8 3 8 5 8 9 2 5 7 5 8 7 2 7 6 9 2 2 6 0 5 1 10 7 3 3 5 6 3 6 3 9
4 4 6 4 2 5 7 7 3 5 4 2 3 6 3 3 7 0 3 2 3 6 1 6 8 6 3 5 0 6 6 4 6 3 5 2 7 3 6 5
8 7 1 10 6 9 1 6 8 3 8 6 9 9 3 6 7 6 8 8 3 7 7 9 1 0 7 1 6 0 11 7 3 3 4 6 2 6 2 10
8 4 10 3 8 2 11 8 3 8 2 8 3 4 8 9 7 6 3 4 8 5 6 3 12 11 4 10 6 11 0 4 9 7 8 4 10 5 10 1
7 1 6 4 6 2 8 4 2 5 2 6 4 2 5 7 4 4 3 3 5 2 5 2 9 7 1 7 4 7 4 0 5 4 4 1 7 1 6 3
9 5 2 9 7 7 3 3 7 1 7 7 8 6 4 7 4 5 7 7 4 5 7 6 4 3 5 3 6 3 9 5 0 2 2 5 2 4 1 8
7 4 3 7 4 6 4 4 5 2 5 4 6 6 2 5 4 3 5 5 2 4 5 6 5 4 4 3 3 3 7 4 2 0 2 3 3 3 3 6
9 3 3 8 7 6 5 2 6 1 6 7 7 5 4 7 2 5 6 6 4 3 7 5 5 4 4 5 5 4 8 4 2 2 0 4 3 3 3 6
6 2 6 4 5 3 7 5 2 4 2 5 3 4 4 5 4 2 2 2 4 3 4 3 8 7 1 6 2 6 4 1 5 3 4 0 6 1 6 4
9 6 1 10 7 9 2 4 8 2 8 7 9 8 4 7 5 6 8 8 4 6 8 8 2 2 7 3 7 2 10 7 2 3 3 6 0 5 0 9
7 1 5 5 5 3 7 4 3 3 3 5 4 3 4 6 4 3 3 3 4 3 4 3 7 6 1 6 3 6 5 1 4 3 3 1 5 0 5 4
9 6 1 10 7 9 2 4 8 2 8 7 9 8 4 7 5 6 8 8 4 6 8 8 2 2 6 3 6 2 10 6 1 3 3 6 0 5 0 9
8 3 9 3 8 1 10 6 2 7 2 8 3 3 7 8 5 5 3 4 8 4 6 2 11 10 3 9 5 10 1 3 8 6 6 4 9 4 9 0
,
0 55 60 15 6 30 60 69 31 51 35 10 19 42 22 17 37 19 36 25 28 52 17 23 65 59 38 47 13 59 44 27 49 19 47 37 63 36 42 47
42 0 34 21 40 13 43 12 14 24 8 42 17 13 25 47 12 30 15 20 35 10 33 10 31 44 13 38 18 27 32 5 34 25 11 10 22 5 27 19
22 43 0 41 41 63 10 25 33 10 26 25 27 54 17 33 30 17 21 40 16 23 35 39 13 6 45 9 21 5 68 32 4 18 15 26 3 36 2 43
16 25 69 0 31 9 69 33 6 27 18 16 5 19 40 16 54 27 9 11 47 24 14 16 50 60 13 43 22 39 13 30 42 28 31 22 38 30 47 17
6 20 19 41 0 19 20 61 18 21 23 0 35 62 16 6 56 14 21 18 23 52 16 22 30 31 21 17 10 38 22 35 24 30 49 20 29 18 41 56
24 17 23 20 46 0 44 32 10 32 4 50 12 12 48 20 32 23 16 15 24 11 13 13 47 58 8 25 27 52 4 12 21 32 24 17 65 18 52 3
36 28 7 30 25 71 0 31 45 14 27 24 68 34 22 39 29 19 43 29 21 36 24 70 5 4 26 13 43 6 58 35 22 17 30 29 13 47 14 69
32 19 31 38 21 20 38 0 39 18 20 21 50 21 35 57 4 44 25 22 43 11 54 23 33 38 15 33 34 25 56 15 11 28 9 24 27 23 13 35
16 12 22 16 24 12 33 35 0 43 3 14 8 18 31 16 22 15 5 4 27 28 13 9 37 58 9 40 11 22 18 12 38 34 31 11 25 7 41 13
61 14 12 39 36 51 11 16 41 0 44 25 54 40 22 42 27 17 30 40 12 24 33 21 20 18 18 10 16 7 49 13 2 10 9 20 8 11 6 25
30 16 38 8 30 3 27 28 2 24 0 28 9 15 15 19 28 13 5 12 41 18 21 16 60 28 8 22 24 39 15 9 39 23 15 8 55 8 25 11
15 42 22 15 0 50 49 54 33 41 30 0 20 27 20 4 52 16 25 30 13 21 11 52 52 41 14 15 15 44 54 31 41 31 37 32 34 19 29 50
19 31 63 5 20 21 41 26 10 19 15 20 0 15 31 16 51 14 6 10 39 36 15 14 67 59 22 48 10 64 18 22 24 17 53 9 56 27 52 17
55 6 22 37 60 12 34 10 23 33 13 31 30 0 50 64 18 31 31 17 49 12 28 2 46 51 18 28 20 60 14 8 20 22 23 24 35 18 39 11
32 28 19 20 13 31 11 31 30 19 21 15 19 39 0 24 33 16 25 21 3 34 22 25 26 16 23 10 13 11 37 37 22 6 31 26 26 25 22 36
7 46 46 26 4 34 43 67 41 37 29 3 33 54 9 0 31 17 22 18 25 61 11 38 35 18 40 30 11 39 64 32 32 26 47 33 23 16 27 24
47 13 22 34 47 33 47 7 35 14 21 23 28 9 47 41 0 38 37 31 40 10 41 21 49 34 13 27 41 20 17 25 18 27 10 21 18 12 36 28
12 26 18 19 13 25 27 27 20 35 18 10 20 20 18 18 38 0 16 6 13 41 6 37 38 25 12 25 2 37 27 27 22 23 30 12 24 16 21 19
19 10 27 5 25 10 35 29 5 48 10 32 3 22 39 21 46 13 0 6 33 36 16 11 59 25 9 43 15 60 19 11 49 14 41 11 54 19 27 20
28 26 41 12 14 18 38 25 11 34 10 20 10 19 32 34 29 15 6 0 33 32 15 12 43 32 9 28 5 42 19 19 37 13 30 12 38 19 37 13
22 25 13 20 8 26 12 39 14 14 44 23 42 29 3 21 44 17 43 32 0 37 12 51 31 8 20 12 16 15 33 38 19 11 18 30 20 14 22 20
62 6 35 29 34 14 48 14 19 22 12 30 22 8 28 54 9 18 35 24 42 0 48 8 24 54 19 21 38 42 18 8 33 28 14 9 30 19 38 21
8 27 38 25 12 30 55 45 15 36 24 6 11 26 13 15 37 4 9 9 18 49 0 34 23 50 21 39 10 34 24 34 26 31 46 18 59 23 32 28
54 13 30 21 54 9 43 14 17 44 14 51 35 4 43 43 22 24 16 30 39 5 17 0 40 55 13 24 39 56 13 10 27 17 25 20 57 11 58 14
39 31 9 83 50 65 3 45 55 16 58 42 42 54 17 41 38 47 44 41 31 26 57 43 0 4 33 18 34 11 80 38 23 18 32 55 12 29 18 37
27 29 5 59 34 47 4 25 44 18 64 43 61 43 14 21 44 25 39 54 22 27 22 49 8 0 47 12 25 2 66 26 8 15 25 40 12 28 6 55
38 11 42 23 16 16 44 36 8 15 5 33 16 16 18 16 13 12 8 14 22 18 9 9 36 30 0 40 16 20 24 8 34 26 23 3 24 8 38 20
46 28 12 42 14 31 14 22 52 10 41 14 32 43 17 14 24 15 20 20 8 50 42 25 8 8 32 0 14 9 39 38 10 21 21 26 14 35 18 42
24 27 17 24 18 14 37 19 12 27 10 8 19 29 11 22 19 1 8 12 17 41 6 20 29 31 12 35 0 20 19 25 35 19 19 10 27 9 36 31
22 29 7 60 17 49 3 16 32 12 24 38 26 38 18 35 45 22 39 40 11 23 50 54 5 3 22 4 39 0 49 46 14 22 14 30 10 35 9 37
45 21 38 15 24 10 52 51 14 22 16 23 22 14 57 44 29 37 17 16 28 39 18 9 33 37 16 37 16 58 0 12 28 26 55 15 70 32 40 7
21 2 45 28 18 16 46 25 9 21 10 29 25 11 22 23 26 25 16 14 26 16 19 10 59 50 6 32 15 30 26 0 34 10 24 7 43 7 45 11
57 32 7 30 32 41 11 22 32 4 18 33 47 16 27 40 12 20 34 36 21 25 25 21 27 17 20 13 42 17 28 15 0 16 6 15 9 21 9 24
21 10 8 19 19 22 22 20 14 7 25 29 21 16 13 25 27 18 25 31 11 17 16 34 20 9 10 16 18 24 49 15 8 0 13 22 20 15 12 23
55 17 8 51 42 37 16 12 21 7 41 42 35 29 27 37 9 19 26 44 27 18 50 35 39 19 20 32 16 25 31 21 4 15 0 18 15 22 12 32
40 8 31 27 28 18 39 17 12 22 13 23 17 26 24 31 12 17 17 12 28 13 17 10 51 48 1 35 7 38 26 7 23 12 25 0 19 6 24 19
25 25 6 50 46 44 5 13 55 8 32 18 30 50 30 34 17 30 22 38 18 28 57 44 14 7 45 10 24 5 65 19 4 20 17 26 0 38 1 35
21 7 34 21 19 10 28 11 10 16 7 27 15 14 15 36 9 21 18 22 18 15 14 11 49 41 7 25 17 21 19 5 12 7 16 3 20 0 28 14
58 22 3 44 44 49 6 22 47 6 46 45 52 32 17 30 21 43 37 32 20 37 48 46 15 5 25 9 42 8 45 43 7 8 15 28 3 24 0 42
45 18 46 19 29 4 31 32 8 21 12 33 18 7 53 49 30 33 14 15 41 13 23 15 56 59 9 62 34 70 6 7 20 23 22 21 51 13 53 0