7
40
,
0 (0.0, 44.0) 19.0
1 (24.0, 14.0) 37.0
2 (42.0, 37.0) 41.0
3 (0.0, 17.0) 45.0
4 (11.0, 43.0) 17.0
5 (11.0, 8.0) 38.0
6 (46.0, 44.0) 28.0
7 (41.0, 14.0) 36.0
8 (11.0, 16.0) 14.0
9 (38.0, 29.0) 19.0
10 (12.0, 13.0) 11.0
11 (11.0, 43.0) 49.0
12 (2.0, 20.0) 10.0
13 (24.0, 3.0) 49.0
14 (25.0, 39.0) 18.0
15 (11.0, 47.0) 49.0
16 (38.0, 10.0) 36.0
17 (14.0, 32.0) 16.0
18 (7.0, 19.0) 17.0
19 (8.0, 23.0) 16.0
20 (27.0, 40.0) 15.0
21 (30.0, 9.0) 44.0
22 (6.0, 33.0) 14.0
23 (21.0, 4.0) 17.0
24 (47.0, 47.0) 17.0
25 (43.0, 43.0) 21.0
26 (17.0, 19.0) 36.0
27 (35.0, 45.0) 37.0
28 (13.0, 31.0) 12.0
29 (41.0, 43.0) 23.0
30 (4.0, 5.0) 10.0
31 (20.0, 14.0) 49.0
32 (41.0, 29.0) 20.0
33 (30.0, 31.0) 48.0
34 (38.0, 22.0) 12.0
35 (19.0, 21.0) 12.0
36 (46.0, 35.0) 13.0
37 (23.0, 20.0) 12.0
38 (44.0, 35.0) 16.0
39 (11.0, 5.0) 49.0
,
0 8 9 5 2 8 9 10 6 8 7 2 5 10 5 2 10 4 5 4 5 9 3 9 9 9 6 7 4 8 8 7 9 7 9 6 9 7 9 8
8 0 6 5 6 3 7 3 3 4 2 6 5 2 5 7 3 4 4 4 5 2 5 2 8 7 2 7 4 7 4 1 5 4 3 2 6 1 6 3
9 6 0 9 6 8 2 5 7 2 8 6 9 8 3 7 5 6 8 7 3 6 7 8 2 1 6 2 6 1 10 6 2 3 3 6 1 5 1 9
5 5 9 0 6 3 11 8 2 8 3 6 1 6 7 6 8 4 1 2 7 6 3 5 11 10 3 9 4 10 3 4 9 7 8 4 10 5 10 3
2 6 6 6 0 7 7 8 5 6 6 0 5 8 3 1 9 2 5 4 3 8 2 8 7 6 5 5 2 6 8 6 7 4 7 5 7 5 7 8
8 3 8 3 7 0 10 6 2 7 1 7 3 3 7 8 5 5 2 3 7 4 5 2 11 9 3 9 5 9 2 2 7 6 6 3 9 3 9 1
9 7 2 11 7 10 0 6 9 3 9 7 10 9 4 7 7 7 9 9 4 8 8 9 1 1 8 2 7 1 11 8 3 4 5 7 2 7 2 10
10 3 5 8 8 6 6 0 6 3 6 8 8 4 6 9 1 6 7 7 6 2 8 4 7 6 5 6 7 6 8 4 3 4 2 5 4 4 4 6
6 3 7 2 5 2 9 6 0 6 1 5 2 4 5 6 6 3 1 2 6 4 4 3 10 8 1 8 3 8 3 2 7 5 6 2 8 3 8 2
8 4 2 8 6 7 3 3 6 0 6 6 7 6 3 6 4 5 7 6 3 4 6 6 4 3 5 3 5 3 8 5 1 2 1 4 2 3 2 7
7 2 8 3 6 1 9 6 1 6 0 6 2 3 6 7 5 4 2 2 6 4 4 3 10 9 2 8 4 8 2 2 7 5 6 2 8 3 8 2
2 6 6 6 0 7 7 8 5 6 6 0 5 8 3 1 9 2 5 4 3 8 2 8 7 6 5 5 2 6 8 6 7 4 7 5 7 5 7 8
5 5 9 1 5 3 10 8 2 7 2 5 0 6 6 6 7 3 1 1 6 6 3 5 10 9 3 8 3 9 3 4 8 6 7 3 9 4 9 3
10 2 8 6 8 3 9 4 4 6 3 8 6 0 7 9 3 6 5 5 7 2 7 1 10 9 3 9 6 9 4 2 6 6 5 4 8 3 8 3
5 5 3 7 3 7 4 6 5 3 6 3 6 7 0 3 6 3 5 5 0 6 4 7 5 4 4 2 3 3 8 5 4 2 4 4 4 4 4 7
2 7 7 6 1 8 7 9 6 6 7 1 6 9 3 0 9 3 6 5 3 8 3 9 7 6 6 5 3 6 9 7 7 5 7 5 7 6 7 8
10 3 5 8 9 5 7 1 6 4 5 9 7 3 6 9 0 7 6 7 6 2 8 4 8 7 5 7 7 7 7 4 4 4 2 4 5 4 5 5
4 4 6 4 2 5 7 6 3 5 4 2 3 6 3 3 7 0 3 2 3 6 2 6 7 6 3 5 0 6 6 4 5 3 5 2 6 3 6 5
5 4 8 1 5 2 9 7 1 7 2 5 1 5 5 6 6 3 0 1 6 5 3 4 10 9 2 8 3 8 3 3 7 5 6 2 8 3 8 3
4 4 7 2 4 3 9 7 2 6 2 4 1 5 5 5 7 2 1 0 5 5 2 5 9 8 2 7 2 8 4 3 7 5 6 2 8 3 8 4
5 5 3 7 3 7 4 6 6 3 6 3 6 7 0 3 6 3 6 5 0 6 4 7 4 3 5 2 3 3 8 5 4 2 4 4 4 4 4 8
9 2 6 6 8 4 8 2 4 4 4 8 6 2 6 8 2 6 5 5 6 0 7 2 8 7 3 7 6 7 5 2 5 4 3 3 6 3 6 4
3 5 7 3 2 5 8 8 4 6 4 2 3 7 4 3 8 2 3 2 4 7 0 7 9 8 4 6 1 7 6 5 7 5 7 4 8 4 8 6
9 2 8 5 8 2 9 4 3 6 3 8 5 1 7 9 4 6 4 5 7 2 7 0 10 9 3 9 6 9 3 2 6 6 5 3 8 3 8 2
9 8 2 11 7 11 1 7 10 4 10 7 10 10 5 7 8 7 10 9 4 8 9 10 0 1 8 2 8 1 12 9 4 5 5 8 2 7 2 11
9 7 1 10 6 9 1 6 8 3 9 6 9 9 4 6 7 6 9 8 3 7 8 9 1 0 7 2 6 0 11 7 3 4 4 7 2 6 2 10
6 2 6 3 5 3 8 5 1 5 2 5 3 3 4 6 5 3 2 2 5 3 4 3 8 7 0 6 3 7 4 1 5 4 4 1 7 1 6 3
7 7 2 9 5 9 2 6 8 3 8 5 8 9 2 5 7 5 8 7 2 7 6 9 2 2 6 0 5 1 10 7 3 3 5 6 3 6 3 9
4 4 6 4 2 5 7 7 3 5 4 2 3 6 3 3 7 0 3 2 3 6 1 6 8 6 3 5 0 6 6 4 6 3 5 2 7 3 6 5
8 7 1 10 6 9 1 6 8 3 8 6 9 9 3 6 7 6 8 8 3 7 7 9 1 0 7 1 6 0 11 7 3 3 4 6 2 6 2 10
8 4 10 3 8 2 11 8 3 8 2 8 3 4 8 9 7 6 3 4 8 5 6 3 12 11 4 10 6 11 0 4 9 7 8 4 10 5 10 1
7 1 6 4 6 2 8 4 2 5 2 6 4 2 5 7 4 4 3 3 5 2 5 2 9 7 1 7 4 7 4 0 5 4 4 1 7 1 6 3
9 5 2 9 7 7 3 3 7 1 7 7 8 6 4 7 4 5 7 7 4 5 7 6 4 3 5 3 6 3 9 5 0 2 2 5 2 4 1 8
7 4 3 7 4 6 4 4 5 2 5 4 6 6 2 5 4 3 5 5 2 4 5 6 5 4 4 3 3 3 7 4 2 0 2 3 3 3 3 6
9 3 3 8 7 6 5 2 6 1 6 7 7 5 4 7 2 5 6 6 4 3 7 5 5 4 4 5 5 4 8 4 2 2 0 4 3 3 3 6
6 2 6 4 5 3 7 5 2 4 2 5 3 4 4 5 4 2 2 2 4 3 4 3 8 7 1 6 2 6 4 1 5 3 4 0 6 1 6 4
9 6 1 10 7 9 2 4 8 2 8 7 9 8 4 7 5 6 8 8 4 6 8 8 2 2 7 3 7 2 10 7 2 3 3 6 0 5 0 9
7 1 5 5 5 3 7 4 3 3 3 5 4 3 4 6 4 3 3 3 4 3 4 3 7 6 1 6 3 6 5 1 4 3 3 1 5 0 5 4
9 6 1 10 7 9 2 4 8 2 8 7 9 8 4 7 5 6 8 8 4 6 8 8 2 2 6 3 6 2 10 6 1 3 3 6 0 5 0 9
8 3 9 3 8 1 10 6 2 7 2 8 3 3 7 8 5 5 3 4 8 4 6 2 11 10 3 9 5 10 1 3 8 6 6 4 9 4 9 0
,
0 38 48 15 7 35 61 27 25 40 47 12 14 34 23 17 76 23 13 14 28 63 14 28 63 35 30 34 22 32 53 47 31 22 41 40 68 42 23 45
49 0 43 33 29 21 29 18 13 13 12 37 12 10 30 52 16 30 26 18 24 11 39 10 55 41 10 31 28 46 16 2 28 16 18 13 36 7 31 21
43 33 0 52 45 37 9 22 47 7 49 32 28 36 24 21 19 25 37 43 16 19 20 30 9 8 29 8 30 9 62 21 12 16 21 26 2 23 3 48
23 16 38 0 40 13 52 46 14 37 14 15 4 27 17 32 33 16 7 14 35 44 25 19 73 34 17 62 24 53 10 13 63 45 57 27 26 22 53 19
8 20 27 32 0 45 49 38 39 43 34 0 34 55 15 2 34 7 29 25 22 57 11 49 32 23 23 22 9 36 44 36 20 28 20 33 49 19 35 48
23 21 39 9 38 0 52 18 8 42 7 21 9 18 47 55 18 14 15 15 21 26 33 11 63 55 17 46 29 50 4 12 33 28 23 19 52 24 38 3
53 42 8 77 18 70 0 34 31 10 69 51 57 46 31 29 33 23 62 60 21 46 47 37 2 3 28 10 27 5 80 22 17 19 25 37 7 20 8 73
61 13 13 29 27 45 17 0 34 20 19 42 22 18 36 53 3 37 49 24 33 15 42 15 23 25 23 29 38 25 53 26 8 21 12 31 17 16 27 32
40 10 24 10 39 10 65 45 0 23 2 21 12 17 18 44 33 15 4 10 31 16 25 10 41 22 4 56 15 36 13 11 41 16 34 13 49 9 41 6
52 13 5 52 20 46 10 16 44 0 22 45 38 38 9 40 22 28 40 19 20 31 47 26 19 18 18 11 23 12 57 20 4 7 10 17 8 16 5 35
40 12 32 13 27 7 36 33 2 43 0 27 16 18 33 35 25 20 9 10 25 14 30 9 64 44 10 50 12 35 11 9 33 36 36 8 26 10 47 11
7 36 31 33 0 51 47 27 27 31 37 0 22 51 15 5 46 11 33 17 19 43 14 60 54 45 14 34 7 27 24 31 36 23 33 14 23 26 33 34
15 31 30 4 25 20 33 29 6 25 15 32 0 15 39 29 54 11 7 8 31 25 12 28 57 57 9 48 17 43 9 11 20 30 46 11 47 18 39 10
51 16 42 29 36 19 46 14 14 42 16 38 21 0 40 66 20 25 16 19 36 6 33 2 26 29 22 32 22 29 22 15 33 33 26 16 46 24 41 19
31 37 17 28 19 35 27 26 19 17 15 19 33 28 0 12 44 19 17 31 1 28 20 21 18 22 21 13 8 10 50 34 23 9 12 17 26 15 16 53
8 38 19 39 4 56 39 33 25 38 43 4 18 36 23 0 45 17 28 35 14 31 14 60 36 31 14 27 17 40 51 50 33 22 42 25 48 34 28 35
72 14 17 42 43 27 52 6 40 27 37 64 55 9 29 52 0 30 43 43 42 7 30 20 28 26 21 46 46 47 19 11 24 33 14 15 34 16 15 17
12 27 26 16 8 16 33 30 23 31 28 7 20 43 19 13 44 0 12 14 17 22 9 31 28 20 19 23 1 39 41 12 38 11 34 10 38 22 21 23
25 23 22 10 28 9 48 49 5 33 8 17 6 31 21 42 43 10 0 4 21 28 16 16 61 52 10 53 8 33 11 18 47 32 22 7 22 12 40 14
34 10 24 13 26 8 58 40 5 36 15 26 9 33 22 33 48 7 4 0 22 22 7 13 57 53 14 36 8 21 13 9 26 26 44 6 45 22 53 15
15 38 13 32 15 19 25 41 35 17 29 18 46 22 1 20 30 16 37 29 0 29 27 37 29 9 21 10 20 19 45 15 19 13 23 12 26 27 12 37
28 6 32 23 48 25 40 11 22 26 19 33 20 6 37 33 7 39 29 16 19 0 30 7 23 51 9 25 40 26 21 7 29 29 20 19 28 15 17 10
17 18 37 24 11 21 55 50 16 34 16 6 20 50 17 13 37 10 12 14 24 28 0 46 42 43 20 26 8 38 24 22 35 35 25 21 23 13 56 20
23 11 29 16 36 8 33 24 19 28 8 33 24 5 41 36 13 16 26 24 48 11 30 0 60 63 13 59 33 60 15 9 26 25 23 24 23 15 38 6
48 30 8 83 24 50 2 34 31 27 61 42 75 61 22 48 37 19 33 54 12 60 32 30 0 8 52 12 55 6 45 50 23 12 26 20 7 34 14 66
58 26 6 45 36 48 3 17 56 18 54 19 39 56 24 31 40 35 33 23 16 24 28 28 4 0 42 8 18 2 36 29 13 25 22 38 10 20 8 56
17 11 29 12 31 10 22 20 5 22 9 21 16 25 15 22 31 18 8 13 24 22 18 23 24 52 0 47 17 28 20 9 26 13 21 2 40 7 19 21
27 33 6 49 35 54 9 33 44 14 31 21 62 64 11 34 18 26 41 43 12 40 32 58 8 11 23 0 14 5 52 21 19 12 29 30 18 18 16 66
12 11 27 24 7 13 26 28 9 23 20 9 19 39 17 10 44 2 11 14 13 40 7 35 52 20 15 26 0 40 23 10 21 10 26 7 26 12 37 36
27 47 8 48 24 57 3 34 38 15 27 26 24 35 12 28 22 19 55 38 17 52 22 38 5 2 36 9 17 0 47 49 18 19 13 22 8 37 12 44
37 29 55 8 36 7 52 55 16 34 9 34 20 22 39 45 40 19 15 22 37 18 42 19 86 47 18 30 25 49 0 21 58 53 33 28 37 24 41 8
30 2 29 30 39 14 20 27 6 35 6 41 11 8 30 27 24 20 13 14 26 7 18 14 53 35 4 51 23 52 19 0 15 19 19 5 27 7 40 9
29 27 6 37 37 20 17 21 27 2 24 28 40 34 19 32 17 30 31 33 26 31 49 21 22 20 25 12 30 13 45 38 0 15 4 32 7 23 9 39
34 12 10 37 32 28 29 17 23 11 23 31 39 40 13 26 28 19 36 34 6 21 35 39 18 12 9 21 20 20 32 19 11 0 13 8 15 19 18 41
33 17 8 42 29 42 22 8 34 7 35 37 50 22 25 42 13 36 38 18 25 16 44 31 23 21 15 31 26 15 45 15 9 16 0 17 17 14 10 24
33 13 21 21 26 13 21 21 5 29 12 29 23 26 25 25 29 12 7 16 28 18 26 17 27 44 3 20 9 34 20 9 16 11 19 0 23 4 25 19
59 42 6 65 24 49 8 13 42 10 47 37 31 23 23 53 24 31 42 58 22 22 43 26 8 7 29 21 36 8 55 23 11 23 17 41 0 34 1 66
20 5 36 32 19 22 27 27 15 10 8 33 16 15 24 23 18 13 22 12 15 8 27 12 28 35 7 23 21 27 34 5 20 11 13 3 17 0 32 12
61 40 4 37 24 40 11 14 35 6 40 43 49 36 29 26 14 20 33 24 21 20 20 41 16 8 16 11 33 5 38 33 6 12 19 38 2 29 0 67
58 17 45 9 20 4 30 32 11 37 7 31 11 18 38 53 35 27 18 11 33 20 17 6 41 44 16 61 38 64 9 13 33 31 25 15 39 16 38 0