7
40
,
0 (0.0, 44.0) 23.0
1 (24.0, 14.0) 22.0
2 (42.0, 37.0) 12.0
3 (0.0, 17.0) 37.0
4 (11.0, 43.0) 27.0
5 (11.0, 8.0) 42.0
6 (46.0, 44.0) 11.0
7 (41.0, 14.0) 28.0
8 (11.0, 16.0) 48.0
9 (38.0, 29.0) 12.0
10 (12.0, 13.0) 29.0
11 (11.0, 43.0) 37.0
12 (2.0, 20.0) 12.0
13 (24.0, 3.0) 14.0
14 (25.0, 39.0) 24.0
15 (11.0, 47.0) 30.0
16 (38.0, 10.0) 25.0
17 (14.0, 32.0) 23.0
18 (7.0, 19.0) 27.0
19 (8.0, 23.0) 36.0
20 (27.0, 40.0) 49.0
21 (30.0, 9.0) 30.0
22 (6.0, 33.0) 18.0
23 (21.0, 4.0) 49.0
24 (47.0, 47.0) 24.0
25 (43.0, 43.0) 34.0
26 (17.0, 19.0) 43.0
27 (35.0, 45.0) 14.0
28 (13.0, 31.0) 11.0
29 (41.0, 43.0) 39.0
30 (4.0, 5.0) 15.0
31 (20.0, 14.0) 44.0
32 (41.0, 29.0) 13.0
33 (30.0, 31.0) 36.0
34 (38.0, 22.0) 49.0
35 (19.0, 21.0) 19.0
36 (46.0, 35.0) 40.0
37 (23.0, 20.0) 16.0
38 (44.0, 35.0) 23.0
39 (11.0, 5.0) 30.0
,
0 8 9 5 2 8 9 10 6 8 7 2 5 10 5 2 10 4 5 4 5 9 3 9 9 9 6 7 4 8 8 7 9 7 9 6 9 7 9 8
8 0 6 5 6 3 7 3 3 4 2 6 5 2 5 7 3 4 4 4 5 2 5 2 8 7 2 7 4 7 4 1 5 4 3 2 6 1 6 3
9 6 0 9 6 8 2 5 7 2 8 6 9 8 3 7 5 6 8 7 3 6 7 8 2 1 6 2 6 1 10 6 2 3 3 6 1 5 1 9
5 5 9 0 6 3 11 8 2 8 3 6 1 6 7 6 8 4 1 2 7 6 3 5 11 10 3 9 4 10 3 4 9 7 8 4 10 5 10 3
2 6 6 6 0 7 7 8 5 6 6 0 5 8 3 1 9 2 5 4 3 8 2 8 7 6 5 5 2 6 8 6 7 4 7 5 7 5 7 8
8 3 8 3 7 0 10 6 2 7 1 7 3 3 7 8 5 5 2 3 7 4 5 2 11 9 3 9 5 9 2 2 7 6 6 3 9 3 9 1
9 7 2 11 7 10 0 6 9 3 9 7 10 9 4 7 7 7 9 9 4 8 8 9 1 1 8 2 7 1 11 8 3 4 5 7 2 7 2 10
10 3 5 8 8 6 6 0 6 3 6 8 8 4 6 9 1 6 7 7 6 2 8 4 7 6 5 6 7 6 8 4 3 4 2 5 4 4 4 6
6 3 7 2 5 2 9 6 0 6 1 5 2 4 5 6 6 3 1 2 6 4 4 3 10 8 1 8 3 8 3 2 7 5 6 2 8 3 8 2
8 4 2 8 6 7 3 3 6 0 6 6 7 6 3 6 4 5 7 6 3 4 6 6 4 3 5 3 5 3 8 5 1 2 1 4 2 3 2 7
7 2 8 3 6 1 9 6 1 6 0 6 2 3 6 7 5 4 2 2 6 4 4 3 10 9 2 8 4 8 2 2 7 5 6 2 8 3 8 2
2 6 6 6 0 7 7 8 5 6 6 0 5 8 3 1 9 2 5 4 3 8 2 8 7 6 5 5 2 6 8 6 7 4 7 5 7 5 7 8
5 5 9 1 5 3 10 8 2 7 2 5 0 6 6 6 7 3 1 1 6 6 3 5 10 9 3 8 3 9 3 4 8 6 7 3 9 4 9 3
10 2 8 6 8 3 9 4 4 6 3 8 6 0 7 9 3 6 5 5 7 2 7 1 10 9 3 9 6 9 4 2 6 6 5 4 8 3 8 3
5 5 3 7 3 7 4 6 5 3 6 3 6 7 0 3 6 3 5 5 0 6 4 7 5 4 4 2 3 3 8 5 4 2 4 4 4 4 4 7
2 7 7 6 1 8 7 9 6 6 7 1 6 9 3 0 9 3 6 5 3 8 3 9 7 6 6 5 3 6 9 7 7 5 7 5 7 6 7 8
10 3 5 8 9 5 7 1 6 4 5 9 7 3 6 9 0 7 6 7 6 2 8 4 8 7 5 7 7 7 7 4 4 4 2 4 5 4 5 5
4 4 6 4 2 5 7 6 3 5 4 2 3 6 3 3 7 0 3 2 3 6 2 6 7 6 3 5 0 6 6 4 5 3 5 2 6 3 6 5
5 4 8 1 5 2 9 7 1 7 2 5 1 5 5 6 6 3 0 1 6 5 3 4 10 9 2 8 3 8 3 3 7 5 6 2 8 3 8 3
4 4 7 2 4 3 9 7 2 6 2 4 1 5 5 5 7 2 1 0 5 5 2 5 9 8 2 7 2 8 4 3 7 5 6 2 8 3 8 4
5 5 3 7 3 7 4 6 6 3 6 3 6 7 0 3 6 3 6 5 0 6 4 7 4 3 5 2 3 3 8 5 4 2 4 4 4 4 4 8
9 2 6 6 8 4 8 2 4 4 4 8 6 2 6 8 2 6 5 5 6 0 7 2 8 7 3 7 6 7 5 2 5 4 3 3 6 3 6 4
3 5 7 3 2 5 8 8 4 6 4 2 3 7 4 3 8 2 3 2 4 7 0 7 9 8 4 6 1 7 6 5 7 5 7 4 8 4 8 6
9 2 8 5 8 2 9 4 3 6 3 8 5 1 7 9 4 6 4 5 7 2 7 0 10 9 3 9 6 9 3 2 6 6 5 3 8 3 8 2
9 8 2 11 7 11 1 7 10 4 10 7 10 10 5 7 8 7 10 9 4 8 9 10 0 1 8 2 8 1 12 9 4 5 5 8 2 7 2 11
9 7 1 10 6 9 1 6 8 3 9 6 9 9 4 6 7 6 9 8 3 7 8 9 1 0 7 2 6 0 11 7 3 4 4 7 2 6 2 10
6 2 6 3 5 3 8 5 1 5 2 5 3 3 4 6 5 3 2 2 5 3 4 3 8 7 0 6 3 7 4 1 5 4 4 1 7 1 6 3
7 7 2 9 5 9 2 6 8 3 8 5 8 9 2 5 7 5 8 7 2 7 6 9 2 2 6 0 5 1 10 7 3 3 5 6 3 6 3 9
4 4 6 4 2 5 7 7 3 5 4 2 3 6 3 3 7 0 3 2 3 6 1 6 8 6 3 5 0 6 6 4 6 3 5 2 7 3 6 5
8 7 1 10 6 9 1 6 8 3 8 6 9 9 3 6 7 6 8 8 3 7 7 9 1 0 7 1 6 0 11 7 3 3 4 6 2 6 2 10
8 4 10 3 8 2 11 8 3 8 2 8 3 4 8 9 7 6 3 4 8 5 6 3 12 11 4 10 6 11 0 4 9 7 8 4 10 5 10 1
7 1 6 4 6 2 8 4 2 5 2 6 4 2 5 7 4 4 3 3 5 2 5 2 9 7 1 7 4 7 4 0 5 4 4 1 7 1 6 3
9 5 2 9 7 7 3 3 7 1 7 7 8 6 4 7 4 5 7 7 4 5 7 6 4 3 5 3 6 3 9 5 0 2 2 5 2 4 1 8
7 4 3 7 4 6 4 4 5 2 5 4 6 6 2 5 4 3 5 5 2 4 5 6 5 4 4 3 3 3 7 4 2 0 2 3 3 3 3 6
9 3 3 8 7 6 5 2 6 1 6 7 7 5 4 7 2 5 6 6 4 3 7 5 5 4 4 5 5 4 8 4 2 2 0 4 3 3 3 6
6 2 6 4 5 3 7 5 2 4 2 5 3 4 4 5 4 2 2 2 4 3 4 3 8 7 1 6 2 6 4 1 5 3 4 0 6 1 6 4
9 6 1 10 7 9 2 4 8 2 8 7 9 8 4 7 5 6 8 8 4 6 8 8 2 2 7 3 7 2 10 7 2 3 3 6 0 5 0 9
7 1 5 5 5 3 7 4 3 3 3 5 4 3 4 6 4 3 3 3 4 3 4 3 7 6 1 6 3 6 5 1 4 3 3 1 5 0 5 4
9 6 1 10 7 9 2 4 8 2 8 7 9 8 4 7 5 6 8 8 4 6 8 8 2 2 6 3 6 2 10 6 1 3 3 6 0 5 0 9
8 3 9 3 8 1 10 6 2 7 2 8 3 3 7 8 5 5 3 4 8 4 6 2 11 10 3 9 5 10 1 3 8 6 6 4 9 4 9 0
,
0 40 41 32 12 56 40 47 44 21 48 7 19 49 38 12 67 15 29 23 31 47 7 30 67 56 32 52 18 45 31 37 65 43 51 30 56 49 53 44
46 0 15 33 32 10 23 24 14 24 11 44 18 8 28 42 19 27 24 23 28 12 26 12 56 37 5 25 15 36 26 3 16 24 9 7 27 7 32 16
57 41 0 68 19 36 4 30 54 7 33 19 61 21 22 40 15 34 40 39 21 45 24 20 7 7 18 10 22 8 70 37 4 13 19 25 3 19 4 46
22 25 32 0 30 13 60 30 11 32 16 20 5 21 24 39 53 16 5 14 28 21 21 21 58 54 18 46 22 29 15 12 39 20 50 17 56 22 43 18
12 22 23 37 0 31 29 55 16 45 17 0 23 61 17 3 55 10 25 15 23 33 9 40 26 32 17 27 12 42 42 17 31 26 46 22 30 27 30 33
47 8 49 17 46 0 35 33 7 19 3 21 10 10 47 34 14 19 10 12 26 24 37 16 32 51 10 29 24 46 7 16 21 25 41 20 55 9 32 4
55 50 11 51 29 53 0 17 55 22 63 31 70 55 27 23 33 32 24 44 13 56 54 68 3 2 22 11 33 3 70 50 11 23 28 24 9 18 9 75
43 25 29 28 48 34 19 0 28 21 33 42 31 13 17 59 4 25 20 19 42 17 28 19 42 29 31 38 46 25 38 31 16 30 7 22 26 13 15 33
43 20 26 15 32 7 51 27 0 29 4 28 9 24 29 46 26 9 4 8 25 11 25 14 45 42 7 24 22 51 18 8 30 24 39 13 51 17 56 11
35 12 6 57 45 42 10 14 33 0 23 19 54 28 15 37 16 32 36 28 10 15 17 37 28 14 16 16 24 20 24 25 2 8 4 24 6 24 6 39
36 11 24 15 33 7 27 22 4 29 0 20 6 10 37 19 19 12 9 5 26 11 30 7 36 61 9 43 14 61 17 6 44 28 41 11 35 15 52 5
6 24 17 21 0 32 28 45 29 21 20 0 20 55 12 3 63 10 32 24 22 21 10 54 26 21 16 25 9 38 56 30 46 25 38 25 51 14 46 21
32 18 59 3 25 8 69 56 9 19 15 34 0 37 32 25 23 11 3 5 43 39 17 34 48 57 17 49 16 43 14 11 27 33 48 15 32 26 52 26
61 14 37 34 41 20 37 23 26 38 13 25 25 0 24 23 19 43 18 29 39 9 40 4 58 56 17 46 21 62 26 16 27 37 24 17 53 25 41 15
28 30 16 48 11 35 24 28 19 15 24 9 30 21 0 23 23 19 19 26 1 23 16 43 17 25 17 16 9 17 35 30 22 14 27 28 11 16 25 52
12 36 29 32 4 53 21 46 44 32 22 3 41 52 22 0 67 22 24 23 13 49 19 40 31 34 27 31 22 40 57 38 30 26 47 33 49 42 35 54
34 11 18 26 39 19 20 7 18 19 16 40 40 18 29 62 0 39 23 34 28 6 48 15 54 41 22 51 23 45 21 26 27 29 12 22 25 15 15 19
25 16 33 21 11 34 28 39 12 24 15 7 13 19 17 16 23 0 15 15 9 34 6 41 26 41 14 29 2 27 17 22 22 14 30 10 47 12 38 33
38 15 40 10 16 10 58 30 7 23 9 22 5 29 36 16 22 13 0 2 38 30 19 15 49 45 10 54 10 47 17 19 47 34 22 9 54 11 50 13
34 11 43 12 13 17 25 28 4 37 15 26 7 31 27 32 19 9 6 0 26 32 7 22 34 55 6 20 12 42 26 14 32 33 26 9 21 11 34 27
18 22 11 25 17 37 19 31 21 19 40 9 20 42 1 26 17 9 31 19 0 17 32 40 18 16 34 10 25 13 54 22 11 10 18 24 17 27 10 45
32 10 30 39 43 23 26 14 13 22 19 58 28 6 22 36 10 26 32 19 44 0 25 7 22 34 20 18 40 30 39 11 21 13 20 12 22 19 33 13
7 38 34 11 12 17 58 38 24 17 16 10 8 43 19 17 21 5 20 8 18 50 0 46 59 46 12 38 11 28 20 30 41 28 26 15 30 25 38 31
28 11 52 28 50 13 26 17 14 23 8 23 16 2 37 42 14 37 27 26 50 6 25 0 64 48 12 53 26 41 25 8 26 22 16 10 55 9 55 14
34 41 13 52 30 49 3 37 24 24 28 29 68 56 31 36 48 34 60 40 13 53 63 59 0 7 27 16 43 4 87 24 19 18 27 24 7 20 18 56
28 31 4 60 30 68 3 25 50 8 61 17 60 59 25 19 21 41 30 34 21 32 46 46 8 0 43 10 39 1 53 50 19 16 12 32 11 37 5 50
29 5 28 15 33 16 36 20 6 15 6 17 8 18 24 19 25 10 10 12 26 16 17 19 59 31 0 44 7 40 11 7 15 20 22 2 24 6 29 13
26 30 6 39 19 36 14 17 31 24 38 13 45 24 11 24 52 33 47 36 9 29 37 34 13 7 30 0 28 4 57 42 19 17 34 40 14 18 10 55
23 22 26 22 9 31 50 30 17 21 20 12 10 22 8 14 43 2 16 13 19 31 4 40 38 38 14 20 0 32 34 24 25 19 34 14 42 9 38 32
27 23 8 33 34 32 3 16 48 14 60 22 33 22 24 34 44 40 22 52 20 31 49 56 9 3 50 9 24 0 76 25 13 19 32 38 6 38 10 32
43 26 28 16 46 7 71 51 17 52 8 35 16 19 59 37 38 31 16 20 45 38 17 13 51 44 27 52 34 46 0 9 23 51 27 19 29 14 54 9
30 3 47 23 22 7 52 31 5 18 6 27 12 12 20 23 10 12 12 15 36 16 17 6 24 25 5 33 13 35 13 0 36 15 28 5 49 9 24 15
26 16 11 60 48 27 15 10 42 3 30 45 56 34 23 32 15 35 42 40 17 19 46 32 23 10 14 21 26 12 42 20 0 7 10 20 4 17 9 41
37 12 13 35 19 22 28 19 29 8 29 24 31 16 9 17 27 23 19 20 9 30 31 31 15 21 18 20 10 10 28 27 13 0 16 12 8 10 14 22
44 9 14 34 35 37 31 5 37 4 29 41 39 20 16 37 8 19 17 16 15 19 28 16 17 11 11 25 14 16 29 16 11 11 0 17 15 14 10 25
20 12 16 20 14 15 22 20 12 24 7 26 13 14 26 35 13 14 17 12 11 14 12 22 20 43 2 17 12 28 22 6 24 19 28 0 41 4 40 13
37 24 5 45 19 59 5 22 50 10 38 33 24 43 12 33 23 31 21 35 26 40 35 47 8 4 20 20 49 11 65 30 9 11 13 20 0 38 2 27
35 7 35 12 30 15 25 16 18 13 10 14 31 19 27 32 16 11 18 15 25 12 18 16 31 40 3 34 20 25 20 4 19 19 20 3 16 0 17 21
38 39 3 69 50 63 13 23 33 10 25 51 56 39 26 51 30 17 56 48 22 37 25 51 8 8 46 13 40 6 44 20 3 17 13 30 2 19 0 56
60 17 46 15 44 3 40 33 10 38 9 41 24 7 20 34 37 21 16 19 50 14 33 14 28 39 12 55 28 29 6 15 45 22 32 12 61 17 58 0