7
40
,
0 (30.0, 1.0) 37.0
1 (20.0, 47.0) 81.0
2 (39.0, 2.0) 60.0
3 (48.0, 2.0) 35.0
4 (45.0, 4.0) 89.0
5 (38.0, 14.0) 33.0
6 (3.0, 37.0) 47.0
7 (35.0, 38.0) 48.0
8 (13.0, 6.0) 70.0
9 (12.0, 10.0) 71.0
10 (46.0, 47.0) 68.0
11 (31.0, 45.0) 46.0
12 (14.0, 33.0) 82.0
13 (16.0, 24.0) 48.0
14 (50.0, 49.0) 86.0
15 (5.0, 43.0) 75.0
16 (35.0, 4.0) 50.0
17 (50.0, 14.0) 59.0
18 (13.0, 12.0) 46.0
19 (25.0, 14.0) 74.0
20 (13.0, 39.0) 74.0
21 (15.0, 21.0) 42.0
22 (29.0, 2.0) 64.0
23 (17.0, 15.0) 81.0
24 (45.0, 39.0) 63.0
25 (19.0, 49.0) 67.0
26 (39.0, 31.0) 34.0
27 (9.0, 9.0) 73.0
28 (41.0, 45.0) 49.0
29 (10.0, 18.0) 42.0
30 (38.0, 32.0) 30.0
31 (23.0, 4.0) 78.0
32 (16.0, 50.0) 59.0
33 (7.0, 28.0) 40.0
34 (41.0, 47.0) 34.0
35 (18.0, 28.0) 43.0
36 (40.0, 31.0) 31.0
37 (36.0, 10.0) 75.0
38 (12.0, 10.0) 37.0
39 (39.0, 7.0) 55.0
,
0 15 26 20 24 23 20 19 26 7 8 33 27 18 14 35 22 18 26 9 14 21 13 15 11 30 26 25 6 30 10 25 12 26 14 31 17 25 19 8 20 0
15 0 24 5 9 8 8 22 19 9 10 24 22 18 13 26 24 3 12 10 7 21 12 1 10 20 25 16 11 23 13 16 4 25 18 24 15 16 5 10 5 15
26 24 0 24 26 25 19 10 9 21 19 13 6 8 12 15 8 23 22 18 17 5 13 23 16 13 1 12 20 11 15 12 22 2 12 10 10 13 20 19 22 26
20 5 24 0 4 3 6 25 18 13 14 23 22 20 16 24 27 2 8 14 9 23 15 5 13 19 26 14 15 22 17 15 8 27 21 23 17 15 4 14 2 20
24 9 26 4 0 2 8 29 19 18 18 23 23 23 19 24 30 7 6 18 13 25 19 10 17 19 28 15 20 22 21 16 13 29 24 23 20 15 7 18 5 24
23 8 25 3 2 0 6 27 18 16 17 22 22 21 18 23 28 5 6 16 11 24 17 8 15 18 26 14 18 21 19 14 11 27 22 22 18 14 5 17 3 23
20 8 19 6 8 6 0 21 12 13 13 17 16 15 12 18 22 5 6 13 6 18 12 8 11 13 20 9 15 16 14 9 9 21 17 17 12 9 2 13 4 20
19 22 10 25 29 27 21 0 16 16 14 22 15 6 9 24 3 23 26 13 16 5 10 22 13 21 10 18 14 19 10 18 19 9 5 20 9 19 21 14 23 19
26 19 9 18 19 18 12 16 0 19 18 7 4 11 12 9 15 17 14 17 13 11 13 18 15 5 10 4 19 5 16 3 18 11 15 5 10 4 14 18 16 26
7 9 21 13 18 16 13 16 19 0 2 26 21 14 9 28 19 11 19 3 7 16 8 8 5 23 22 18 2 24 6 18 5 22 11 25 11 18 12 2 13 7
8 10 19 14 18 17 13 14 18 2 0 25 20 12 7 27 17 12 19 1 7 15 6 9 4 22 20 17 2 23 4 17 6 20 9 24 9 18 12 0 14 8
33 24 13 23 23 22 17 22 7 26 25 0 8 17 19 2 21 22 17 24 20 17 20 24 22 4 14 9 27 3 23 8 24 15 22 2 17 9 19 25 20 33
27 22 6 22 23 22 16 15 4 21 20 8 0 10 13 10 13 21 18 19 16 9 14 22 17 8 6 8 21 5 17 7 21 8 15 5 11 8 18 20 19 27
18 18 8 20 23 21 15 6 11 14 12 17 10 0 5 20 7 18 20 11 11 3 6 17 9 16 8 13 12 15 8 12 15 9 4 15 3 13 16 12 18 18
14 13 12 16 19 18 12 9 12 9 7 19 13 5 0 21 11 14 18 6 7 8 2 13 5 16 13 12 8 16 4 12 11 13 5 17 2 12 12 7 14 14
35 26 15 24 24 23 18 24 9 28 27 2 10 20 21 0 23 24 18 26 22 19 22 26 24 6 16 11 29 5 25 10 26 17 24 5 19 10 21 27 22 35
22 24 8 27 30 28 22 3 15 19 17 21 13 7 11 23 0 25 27 16 18 4 12 24 15 20 8 18 17 18 13 17 21 7 8 18 10 18 23 17 25 22
18 3 23 2 7 5 5 23 17 11 12 22 21 18 14 24 25 0 9 12 7 21 13 3 11 18 24 14 13 21 14 14 6 25 18 22 15 14 3 12 2 18
26 12 22 8 6 6 6 26 14 19 19 17 18 20 18 18 27 9 0 19 12 22 18 12 17 13 23 10 21 16 20 11 14 25 23 17 17 10 7 19 7 26
9 10 18 14 18 16 13 13 17 3 1 24 19 11 6 26 16 12 19 0 6 14 5 9 2 21 19 16 2 22 3 16 6 19 9 22 8 17 12 1 13 9
14 7 17 9 13 11 6 16 13 7 7 20 16 11 7 22 18 7 12 6 0 14 6 6 4 16 18 11 8 17 8 11 5 19 11 18 8 11 6 7 8 14
21 21 5 23 25 24 18 5 11 16 15 17 9 3 8 19 4 21 22 14 14 0 9 20 12 16 6 14 15 14 11 13 18 6 6 15 6 14 19 15 21 21
13 12 13 15 19 17 12 10 13 8 6 20 14 6 2 22 12 13 18 5 6 9 0 12 3 17 14 13 7 18 3 13 9 15 5 18 4 13 12 6 14 13
15 1 23 5 10 8 8 22 18 8 9 24 22 17 13 26 24 3 12 9 6 20 12 0 9 20 24 15 11 22 12 16 3 25 17 23 14 16 5 9 6 15
11 10 16 13 17 15 11 13 15 5 4 22 17 9 5 24 15 11 17 2 4 12 3 9 0 18 17 14 5 19 4 14 6 18 8 20 7 14 10 4 12 11
30 20 13 19 19 18 13 21 5 23 22 4 8 16 16 6 20 18 13 21 16 16 17 20 18 0 14 5 23 4 20 5 21 16 20 4 15 5 15 22 16 30
26 25 1 26 28 26 20 10 10 22 20 14 6 8 13 16 8 24 23 19 18 6 14 24 17 14 0 13 21 11 16 13 23 2 12 11 11 14 21 20 23 26
25 16 12 14 15 14 9 18 4 18 17 9 8 13 12 11 18 14 10 16 11 14 13 15 14 5 13 0 19 7 16 1 16 15 16 8 11 0 11 17 12 25
6 11 20 15 20 18 15 14 19 2 2 27 21 12 8 29 17 13 21 2 8 15 7 11 5 23 21 19 0 24 5 19 7 21 10 25 11 19 14 2 15 6
30 23 11 22 22 21 16 19 5 24 23 3 5 15 16 5 18 21 16 22 17 14 18 22 19 4 11 7 24 0 21 7 22 13 19 1 14 7 18 23 19 30
10 13 15 17 21 19 14 10 16 6 4 23 17 8 4 25 13 14 20 3 8 11 3 12 4 20 16 16 5 21 0 16 10 16 5 21 6 16 14 4 16 10
25 16 12 15 16 14 9 18 3 18 17 8 7 12 12 10 17 14 11 16 11 13 13 16 14 5 13 1 19 7 16 0 16 14 16 8 10 1 11 17 13 25
12 4 22 8 13 11 9 19 18 5 6 24 21 15 11 26 21 6 14 6 5 18 9 3 6 21 23 16 7 22 10 16 0 23 14 23 12 16 7 6 8 12
26 25 2 27 29 27 21 9 11 22 20 15 8 9 13 17 7 25 25 19 19 6 15 25 18 16 2 15 21 13 16 14 23 0 12 13 11 15 22 20 24 26
14 18 12 21 24 22 17 5 15 11 9 22 15 4 5 24 8 18 23 9 11 6 5 17 8 20 12 16 10 19 5 16 14 12 0 19 6 17 17 9 19 14
31 24 10 23 23 22 17 20 5 25 24 2 5 15 17 5 18 22 17 22 18 15 18 23 20 4 11 8 25 1 21 8 23 13 19 0 15 8 19 24 20 31
17 15 10 17 20 18 12 9 10 11 9 17 11 3 2 19 10 15 17 8 8 6 4 14 7 15 11 11 11 14 6 10 12 11 6 15 0 11 13 9 15 17
25 16 13 15 15 14 9 19 4 18 18 9 8 13 12 10 18 14 10 17 11 14 13 16 14 5 14 0 19 7 16 1 16 15 17 8 11 0 11 18 12 25
19 5 20 4 7 5 2 21 14 12 12 19 18 16 12 21 23 3 7 12 6 19 12 5 10 15 21 11 14 18 14 11 7 22 17 19 13 11 0 12 2 19
8 10 19 14 18 17 13 14 18 2 0 25 20 12 7 27 17 12 19 1 7 15 6 9 4 22 20 17 2 23 4 17 6 20 9 24 9 18 12 0 14 8
20 5 22 2 5 3 4 23 16 13 14 20 19 18 14 22 25 2 7 13 8 21 14 6 12 16 23 12 15 19 16 13 8 24 19 20 15 12 2 14 0 20
0 15 26 20 24 23 20 19 26 7 8 33 27 18 14 35 22 18 26 9 14 21 13 15 11 30 26 25 6 30 10 25 12 26 14 31 17 25 19 8 20 0
,
0 19 59 35 65 47 39 47 68 16 14 87 30 21 15 39 44 52 59 10 20 55 30 42 11 53 28 33 7 67 23 40 34 79 42 36 32 73 28 21 54 0
15 0 41 13 12 10 9 46 48 24 21 29 53 49 16 28 52 5 31 16 9 62 26 2 16 29 51 36 23 54 24 44 5 42 21 59 41 38 12 19 8 24
37 37 0 69 36 47 32 21 21 45 19 38 16 21 20 29 17 27 54 30 41 12 33 39 38 26 2 31 36 17 33 29 27 3 18 12 21 18 27 26 40 44
40 11 71 0 6 7 11 49 31 25 17 47 58 47 43 40 72 3 12 29 22 34 24 10 15 22 60 22 26 48 31 38 23 76 35 23 47 19 8 31 4 56
60 21 62 9 0 3 14 52 53 40 53 62 66 48 23 37 58 9 18 43 30 28 19 15 41 44 31 32 25 31 44 20 33 70 62 45 30 26 9 46 7 40
59 14 65 3 2 0 18 54 19 21 50 25 34 43 25 24 52 11 11 23 30 43 38 15 32 46 78 14 28 34 35 18 26 27 41 43 39 21 14 23 8 43
51 10 27 9 17 17 0 50 31 20 24 17 44 19 35 40 58 15 17 16 7 44 22 12 26 25 24 22 31 20 35 22 9 52 33 49 15 12 6 26 8 24
46 37 18 36 66 36 27 0 25 25 41 29 29 14 26 65 6 47 43 18 42 11 26 44 38 51 19 38 41 56 26 47 45 13 8 47 24 25 40 24 30 25
61 54 18 21 28 38 18 33 0 38 21 20 7 26 30 23 21 26 30 47 30 22 20 42 36 15 14 9 53 8 43 6 19 31 15 8 17 10 19 42 18 59
20 10 32 14 50 41 36 45 34 0 6 37 48 23 19 64 51 19 21 4 10 43 18 11 12 41 59 28 6 59 12 43 15 29 15 30 13 21 14 5 29 20
14 29 48 37 52 37 28 43 34 4 0 30 43 13 8 69 43 33 49 3 9 35 9 27 5 40 38 19 2 26 11 34 14 25 26 39 12 23 17 0 17 18
75 59 26 31 53 41 49 48 12 49 72 0 14 39 52 3 21 36 19 44 57 20 39 24 47 6 40 22 60 6 23 19 26 32 46 3 39 12 34 60 22 58
34 54 15 40 23 46 42 39 12 35 58 19 0 13 17 28 33 34 35 41 28 19 16 31 31 20 9 13 56 6 22 8 30 10 24 6 18 12 36 37 35 46
50 40 23 47 45 39 38 13 30 39 13 36 12 0 7 25 20 45 37 12 23 3 7 37 11 18 12 30 20 35 23 26 22 25 7 34 3 19 27 15 31 30
22 29 27 40 27 38 26 19 14 17 11 55 16 11 0 37 29 30 39 16 14 13 2 13 9 28 27 27 18 37 7 23 22 14 13 29 6 37 13 18 17 31
75 54 38 63 27 33 55 31 21 33 61 6 22 41 61 0 57 50 28 59 33 50 29 40 48 13 30 22 71 13 66 16 57 27 29 8 25 23 22 28 30 74
38 72 17 68 40 81 51 4 23 27 44 36 21 14 29 39 0 63 34 32 31 8 21 47 27 30 23 25 22 37 34 38 35 10 18 51 29 34 61 45 62 43
20 3 60 6 19 10 7 36 33 32 14 58 38 23 16 53 59 0 13 22 20 60 15 7 14 34 56 16 25 24 17 31 8 36 18 40 40 18 6 30 3 32
63 15 61 17 12 11 16 76 22 30 33 32 40 48 23 45 28 19 0 55 31 45 39 31 27 17 59 12 29 35 44 20 16 66 27 51 28 23 11 41 17 31
13 22 51 16 41 36 37 37 21 7 2 30 52 23 14 35 20 24 28 0 17 32 12 26 4 27 32 37 7 31 7 23 17 44 19 54 19 17 30 3 27 11
29 21 50 13 31 13 15 17 16 15 19 44 45 27 12 49 50 10 18 9 0 33 15 9 7 39 53 24 9 21 20 33 15 23 19 53 14 33 16 13 15 32
55 55 9 26 72 58 49 12 20 26 37 42 15 4 21 27 10 45 47 38 35 0 18 21 30 19 15 20 26 23 13 22 49 15 12 27 11 39 44 18 47 57
29 13 37 21 47 20 29 20 24 19 14 60 16 14 5 64 26 37 26 8 10 13 0 17 7 27 21 39 19 39 8 20 12 32 13 44 5 15 22 10 38 30
43 1 65 12 11 22 13 50 19 18 26 58 42 32 35 63 51 7 25 23 7 38 35 0 17 58 55 34 23 47 30 18 4 61 21 60 34 40 13 21 9 40
14 13 20 14 30 30 29 36 43 8 6 40 29 16 12 66 46 12 20 6 11 28 7 23 0 52 39 24 7 54 11 18 8 31 11 54 16 18 10 5 34 26
65 59 35 41 38 38 36 59 14 40 52 12 8 22 31 16 41 29 27 50 19 39 25 53 25 0 37 8 62 10 29 7 26 43 28 8 22 11 36 35 26 44
75 41 2 51 30 33 54 28 21 36 36 17 15 25 23 17 13 39 41 22 24 9 32 51 44 22 0 36 40 22 25 29 55 5 21 13 30 20 39 44 59 38
46 16 31 34 27 41 19 46 6 36 45 17 21 24 31 14 23 22 27 26 16 34 38 33 30 15 16 0 19 12 43 1 20 33 28 17 16 1 16 42 14 37
19 30 24 40 54 27 18 40 29 3 5 64 34 27 19 62 27 40 36 5 22 34 13 25 10 70 54 40 0 62 11 38 21 53 18 39 27 47 27 4 31 13
39 64 17 31 29 31 38 20 9 51 67 7 6 17 31 13 32 44 30 62 24 31 25 32 56 4 15 14 57 0 46 8 34 17 44 2 37 11 33 38 55 77
29 19 35 26 59 37 40 18 44 7 11 23 34 12 4 61 22 22 24 4 20 18 6 32 6 48 25 44 12 36 0 29 22 43 10 63 17 34 28 6 44 20
31 26 31 35 17 42 21 42 7 47 42 18 21 35 14 29 48 31 16 41 21 32 21 42 38 15 16 1 37 14 45 0 39 42 47 12 19 2 22 37 29 42
14 5 41 12 27 25 11 24 28 8 13 55 37 21 26 61 39 12 21 12 6 23 10 5 13 55 26 36 21 46 13 47 0 61 38 52 19 38 15 14 14 15
57 73 5 35 46 63 52 15 30 65 60 34 18 14 13 26 8 38 48 19 19 6 17 59 43 32 3 40 27 25 31 31 63 0 29 23 31 23 39 32 70 34
24 27 17 44 32 39 20 10 16 15 20 26 42 7 11 67 16 48 38 19 24 18 13 28 15 53 13 19 19 33 10 17 32 21 0 37 9 45 30 17 23 23
80 39 12 38 56 43 32 20 9 74 62 7 6 33 35 6 52 54 37 61 44 43 42 24 37 13 18 10 34 3 58 22 69 32 20 0 22 11 42 68 47 82
19 22 21 17 51 23 31 16 14 19 11 46 19 4 5 56 13 40 20 19 8 12 6 31 9 18 28 29 24 37 10 12 35 28 12 26 0 26 31 28 27 31
56 31 22 18 43 32 13 50 9 34 30 19 23 24 18 25 35 31 20 17 14 36 33 26 17 10 16 1 31 9 40 1 32 40 18 21 30 0 22 20 31 48
54 12 29 11 11 6 3 44 25 25 13 35 49 37 16 53 44 5 8 31 11 42 14 6 10 43 29 12 22 47 41 11 17 30 23 36 27 28 0 25 3 27
21 11 31 38 31 35 15 28 54 5 0 37 22 33 8 30 23 32 36 1 7 16 11 21 4 34 51 38 3 46 6 19 16 34 14 35 19 40 35 0 22 9
46 7 32 4 10 10 9 31 25 29 28 41 44 46 39 56 67 6 17 26 17 33 35 14 32 19 54 15 21 26 28 22 9 69 36 25 15 15 4 30 0 53
0 21 54 40 67 55 24 55 50 10 20 79 81 40 15 70 40 39 28 19 42 61 15 25 24 77 49 48 14 78 13 48 33 50 39 52 47 57 24 16 55 0