7
40
,
0 (30.0, 1.0) 85.0
1 (20.0, 47.0) 56.0
2 (39.0, 2.0) 46.0
3 (48.0, 2.0) 45.0
4 (45.0, 4.0) 64.0
5 (38.0, 14.0) 53.0
6 (3.0, 37.0) 36.0
7 (35.0, 38.0) 52.0
8 (13.0, 6.0) 61.0
9 (12.0, 10.0) 32.0
10 (46.0, 47.0) 73.0
11 (31.0, 45.0) 36.0
12 (14.0, 33.0) 72.0
13 (16.0, 24.0) 45.0
14 (50.0, 49.0) 49.0
15 (5.0, 43.0) 40.0
16 (35.0, 4.0) 43.0
17 (50.0, 14.0) 32.0
18 (13.0, 12.0) 50.0
19 (25.0, 14.0) 51.0
20 (13.0, 39.0) 75.0
21 (15.0, 21.0) 59.0
22 (29.0, 2.0) 39.0
23 (17.0, 15.0) 71.0
24 (45.0, 39.0) 50.0
25 (19.0, 49.0) 40.0
26 (39.0, 31.0) 63.0
27 (9.0, 9.0) 41.0
28 (41.0, 45.0) 33.0
29 (10.0, 18.0) 48.0
30 (38.0, 32.0) 44.0
31 (23.0, 4.0) 40.0
32 (16.0, 50.0) 39.0
33 (7.0, 28.0) 58.0
34 (41.0, 47.0) 33.0
35 (18.0, 28.0) 51.0
36 (40.0, 31.0) 57.0
37 (36.0, 10.0) 57.0
38 (12.0, 10.0) 35.0
39 (39.0, 7.0) 40.0
,
0 15 26 20 24 23 20 19 26 7 8 33 27 18 14 35 22 18 26 9 14 21 13 15 11 30 26 25 6 30 10 25 12 26 14 31 17 25 19 8 20 0
15 0 24 5 9 8 8 22 19 9 10 24 22 18 13 26 24 3 12 10 7 21 12 1 10 20 25 16 11 23 13 16 4 25 18 24 15 16 5 10 5 15
26 24 0 24 26 25 19 10 9 21 19 13 6 8 12 15 8 23 22 18 17 5 13 23 16 13 1 12 20 11 15 12 22 2 12 10 10 13 20 19 22 26
20 5 24 0 4 3 6 25 18 13 14 23 22 20 16 24 27 2 8 14 9 23 15 5 13 19 26 14 15 22 17 15 8 27 21 23 17 15 4 14 2 20
24 9 26 4 0 2 8 29 19 18 18 23 23 23 19 24 30 7 6 18 13 25 19 10 17 19 28 15 20 22 21 16 13 29 24 23 20 15 7 18 5 24
23 8 25 3 2 0 6 27 18 16 17 22 22 21 18 23 28 5 6 16 11 24 17 8 15 18 26 14 18 21 19 14 11 27 22 22 18 14 5 17 3 23
20 8 19 6 8 6 0 21 12 13 13 17 16 15 12 18 22 5 6 13 6 18 12 8 11 13 20 9 15 16 14 9 9 21 17 17 12 9 2 13 4 20
19 22 10 25 29 27 21 0 16 16 14 22 15 6 9 24 3 23 26 13 16 5 10 22 13 21 10 18 14 19 10 18 19 9 5 20 9 19 21 14 23 19
26 19 9 18 19 18 12 16 0 19 18 7 4 11 12 9 15 17 14 17 13 11 13 18 15 5 10 4 19 5 16 3 18 11 15 5 10 4 14 18 16 26
7 9 21 13 18 16 13 16 19 0 2 26 21 14 9 28 19 11 19 3 7 16 8 8 5 23 22 18 2 24 6 18 5 22 11 25 11 18 12 2 13 7
8 10 19 14 18 17 13 14 18 2 0 25 20 12 7 27 17 12 19 1 7 15 6 9 4 22 20 17 2 23 4 17 6 20 9 24 9 18 12 0 14 8
33 24 13 23 23 22 17 22 7 26 25 0 8 17 19 2 21 22 17 24 20 17 20 24 22 4 14 9 27 3 23 8 24 15 22 2 17 9 19 25 20 33
27 22 6 22 23 22 16 15 4 21 20 8 0 10 13 10 13 21 18 19 16 9 14 22 17 8 6 8 21 5 17 7 21 8 15 5 11 8 18 20 19 27
18 18 8 20 23 21 15 6 11 14 12 17 10 0 5 20 7 18 20 11 11 3 6 17 9 16 8 13 12 15 8 12 15 9 4 15 3 13 16 12 18 18
14 13 12 16 19 18 12 9 12 9 7 19 13 5 0 21 11 14 18 6 7 8 2 13 5 16 13 12 8 16 4 12 11 13 5 17 2 12 12 7 14 14
35 26 15 24 24 23 18 24 9 28 27 2 10 20 21 0 23 24 18 26 22 19 22 26 24 6 16 11 29 5 25 10 26 17 24 5 19 10 21 27 22 35
22 24 8 27 30 28 22 3 15 19 17 21 13 7 11 23 0 25 27 16 18 4 12 24 15 20 8 18 17 18 13 17 21 7 8 18 10 18 23 17 25 22
18 3 23 2 7 5 5 23 17 11 12 22 21 18 14 24 25 0 9 12 7 21 13 3 11 18 24 14 13 21 14 14 6 25 18 22 15 14 3 12 2 18
26 12 22 8 6 6 6 26 14 19 19 17 18 20 18 18 27 9 0 19 12 22 18 12 17 13 23 10 21 16 20 11 14 25 23 17 17 10 7 19 7 26
9 10 18 14 18 16 13 13 17 3 1 24 19 11 6 26 16 12 19 0 6 14 5 9 2 21 19 16 2 22 3 16 6 19 9 22 8 17 12 1 13 9
14 7 17 9 13 11 6 16 13 7 7 20 16 11 7 22 18 7 12 6 0 14 6 6 4 16 18 11 8 17 8 11 5 19 11 18 8 11 6 7 8 14
21 21 5 23 25 24 18 5 11 16 15 17 9 3 8 19 4 21 22 14 14 0 9 20 12 16 6 14 15 14 11 13 18 6 6 15 6 14 19 15 21 21
13 12 13 15 19 17 12 10 13 8 6 20 14 6 2 22 12 13 18 5 6 9 0 12 3 17 14 13 7 18 3 13 9 15 5 18 4 13 12 6 14 13
15 1 23 5 10 8 8 22 18 8 9 24 22 17 13 26 24 3 12 9 6 20 12 0 9 20 24 15 11 22 12 16 3 25 17 23 14 16 5 9 6 15
11 10 16 13 17 15 11 13 15 5 4 22 17 9 5 24 15 11 17 2 4 12 3 9 0 18 17 14 5 19 4 14 6 18 8 20 7 14 10 4 12 11
30 20 13 19 19 18 13 21 5 23 22 4 8 16 16 6 20 18 13 21 16 16 17 20 18 0 14 5 23 4 20 5 21 16 20 4 15 5 15 22 16 30
26 25 1 26 28 26 20 10 10 22 20 14 6 8 13 16 8 24 23 19 18 6 14 24 17 14 0 13 21 11 16 13 23 2 12 11 11 14 21 20 23 26
25 16 12 14 15 14 9 18 4 18 17 9 8 13 12 11 18 14 10 16 11 14 13 15 14 5 13 0 19 7 16 1 16 15 16 8 11 0 11 17 12 25
6 11 20 15 20 18 15 14 19 2 2 27 21 12 8 29 17 13 21 2 8 15 7 11 5 23 21 19 0 24 5 19 7 21 10 25 11 19 14 2 15 6
30 23 11 22 22 21 16 19 5 24 23 3 5 15 16 5 18 21 16 22 17 14 18 22 19 4 11 7 24 0 21 7 22 13 19 1 14 7 18 23 19 30
10 13 15 17 21 19 14 10 16 6 4 23 17 8 4 25 13 14 20 3 8 11 3 12 4 20 16 16 5 21 0 16 10 16 5 21 6 16 14 4 16 10
25 16 12 15 16 14 9 18 3 18 17 8 7 12 12 10 17 14 11 16 11 13 13 16 14 5 13 1 19 7 16 0 16 14 16 8 10 1 11 17 13 25
12 4 22 8 13 11 9 19 18 5 6 24 21 15 11 26 21 6 14 6 5 18 9 3 6 21 23 16 7 22 10 16 0 23 14 23 12 16 7 6 8 12
26 25 2 27 29 27 21 9 11 22 20 15 8 9 13 17 7 25 25 19 19 6 15 25 18 16 2 15 21 13 16 14 23 0 12 13 11 15 22 20 24 26
14 18 12 21 24 22 17 5 15 11 9 22 15 4 5 24 8 18 23 9 11 6 5 17 8 20 12 16 10 19 5 16 14 12 0 19 6 17 17 9 19 14
31 24 10 23 23 22 17 20 5 25 24 2 5 15 17 5 18 22 17 22 18 15 18 23 20 4 11 8 25 1 21 8 23 13 19 0 15 8 19 24 20 31
17 15 10 17 20 18 12 9 10 11 9 17 11 3 2 19 10 15 17 8 8 6 4 14 7 15 11 11 11 14 6 10 12 11 6 15 0 11 13 9 15 17
25 16 13 15 15 14 9 19 4 18 18 9 8 13 12 10 18 14 10 17 11 14 13 16 14 5 14 0 19 7 16 1 16 15 17 8 11 0 11 18 12 25
19 5 20 4 7 5 2 21 14 12 12 19 18 16 12 21 23 3 7 12 6 19 12 5 10 15 21 11 14 18 14 11 7 22 17 19 13 11 0 12 2 19
8 10 19 14 18 17 13 14 18 2 0 25 20 12 7 27 17 12 19 1 7 15 6 9 4 22 20 17 2 23 4 17 6 20 9 24 9 18 12 0 14 8
20 5 22 2 5 3 4 23 16 13 14 20 19 18 14 22 25 2 7 13 8 21 14 6 12 16 23 12 15 19 16 13 8 24 19 20 15 12 2 14 0 20
0 15 26 20 24 23 20 19 26 7 8 33 27 18 14 35 22 18 26 9 14 21 13 15 11 30 26 25 6 30 10 25 12 26 14 31 17 25 19 8 20 0
,
0 16 38 20 71 37 24 22 69 15 23 75 78 44 26 75 42 35 48 17 42 61 34 31 31 57 73 39 18 72 29 74 12 34 38 79 28 60 48 13 36 0
20 0 39 5 13 10 22 53 30 26 29 68 30 24 17 39 29 6 28 15 12 46 37 2 29 56 50 30 32 24 26 22 9 37 36 59 19 19 9 25 14 38
61 69 0 34 43 42 32 28 13 37 41 21 9 21 29 39 21 60 47 53 36 16 36 30 25 20 2 16 32 26 33 22 49 7 24 26 24 24 58 23 66 35
32 9 37 0 11 8 11 27 30 38 28 61 56 23 31 67 46 3 16 16 10 34 41 14 17 51 64 23 32 39 44 24 19 77 52 61 23 35 9 36 5 49
34 15 28 6 0 3 16 82 41 26 22 47 24 47 34 34 64 11 18 21 24 74 32 11 24 50 72 19 39 37 47 19 15 49 39 51 37 42 22 47 14 31
65 21 51 7 2 0 17 48 33 24 27 31 64 25 47 49 39 5 16 37 29 67 30 14 31 43 42 35 19 40 23 24 28 46 37 26 28 14 15 44 6 55
26 9 49 7 12 15 0 29 20 27 25 41 34 32 27 42 58 6 6 29 19 24 26 19 15 16 29 11 33 20 30 17 11 27 34 48 31 23 3 17 6 42
43 24 27 33 68 80 26 0 34 28 16 37 38 11 13 64 6 35 61 39 18 13 25 32 37 63 26 28 19 24 21 47 54 12 12 46 22 54 42 28 43 39
43 52 20 21 31 18 16 47 0 55 21 9 7 32 35 26 29 38 22 31 30 29 33 51 36 14 17 9 42 12 43 5 41 22 21 13 22 11 19 52 24 39
21 18 48 29 51 43 30 47 56 0 3 38 45 31 21 46 49 12 33 3 21 31 22 19 11 50 46 53 5 32 7 40 6 36 14 40 26 48 23 2 26 21
13 19 53 21 41 25 38 38 33 6 0 70 59 24 11 70 39 13 46 2 17 37 7 14 9 32 48 37 2 65 12 45 7 49 20 67 19 19 30 0 26 18
46 55 28 50 57 28 36 61 18 27 73 0 16 44 43 4 41 38 33 72 51 22 54 38 28 4 35 9 69 6 28 11 55 27 28 6 25 14 26 66 51 87
66 52 10 48 33 59 20 17 6 43 21 12 0 27 32 23 26 38 39 36 44 13 33 48 36 10 14 9 57 6 26 10 34 19 38 14 22 8 43 58 35 81
49 35 16 27 62 40 35 16 24 36 17 50 27 0 10 45 19 41 30 25 14 5 15 21 14 27 12 15 35 41 11 30 25 24 5 22 7 23 20 31 29 23
31 29 22 23 39 21 23 15 33 21 8 49 26 7 0 63 18 19 36 17 20 12 3 30 13 18 35 12 23 18 10 31 30 39 13 39 3 36 34 20 43 18
46 66 29 26 40 56 54 29 22 33 32 4 12 55 42 0 62 67 28 28 52 43 29 75 56 6 22 22 72 7 69 31 40 37 53 8 48 26 49 54 55 57
59 65 13 43 88 53 46 5 28 29 25 57 28 18 23 60 0 49 36 44 50 7 26 28 31 27 18 40 51 33 33 41 51 9 22 27 20 37 24 23 38 58
24 4 33 6 8 7 11 67 30 22 18 51 37 35 37 66 66 0 16 22 7 21 35 8 19 38 53 23 19 21 35 31 6 49 44 54 36 23 6 25 7 51
44 35 25 13 8 10 14 40 27 21 49 47 26 58 43 44 33 24 0 46 20 36 42 30 28 16 70 13 49 34 58 17 20 73 44 27 37 12 15 44 8 31
25 19 35 27 54 35 37 36 37 4 2 38 47 19 10 69 31 19 28 0 16 18 6 22 4 55 53 43 6 58 8 18 19 28 20 66 21 25 30 1 17 19
19 11 32 24 23 31 7 46 32 19 15 56 23 22 12 35 30 13 31 7 0 17 15 10 5 44 20 27 13 23 18 24 10 27 14 28 12 19 7 7 18 42
44 25 10 41 65 25 24 6 24 37 40 49 18 9 15 42 11 25 58 39 15 0 22 53 36 22 14 39 36 35 22 38 21 14 14 43 16 18 33 33 23 51
14 30 25 18 38 47 33 24 25 19 12 26 15 16 2 28 30 33 23 5 17 13 0 25 7 34 37 33 17 28 5 32 24 41 9 47 7 23 33 13 23 22
21 2 39 8 14 9 21 43 51 16 10 44 27 34 16 71 58 4 36 17 15 36 16 0 21 48 69 33 18 53 31 38 9 64 46 48 23 26 8 17 13 16
13 17 20 32 45 34 18 26 43 9 8 34 25 26 9 64 35 17 24 5 10 31 5 22 0 20 42 16 9 27 4 39 10 50 12 33 19 30 13 9 30 31
37 30 34 55 23 18 30 45 7 61 43 5 15 45 29 6 28 38 30 35 32 32 21 52 37 0 19 9 33 7 54 14 57 46 20 6 30 9 43 65 37 66
38 54 3 70 36 58 23 21 16 62 33 21 19 21 36 18 14 28 27 35 24 15 14 37 28 20 0 30 39 12 31 20 54 2 30 23 17 17 52 23 33 47
66 38 16 31 40 17 14 28 5 36 30 23 10 30 31 29 41 20 21 30 12 23 31 38 32 13 31 0 43 18 41 1 23 33 38 16 25 1 18 45 23 52
8 31 50 45 40 54 28 33 56 7 2 57 47 14 11 78 43 27 25 3 9 25 18 24 8 32 41 54 0 34 13 46 20 30 26 46 15 19 27 2 26 13
70 55 23 29 53 25 27 48 7 44 26 3 6 16 33 9 53 56 24 27 31 17 31 29 39 7 25 15 34 0 49 8 25 28 35 3 38 11 48 66 48 35
24 35 22 30 43 50 41 16 32 14 12 46 46 18 7 51 29 33 27 6 13 26 3 34 4 57 38 42 5 61 0 21 28 34 6 56 9 48 34 12 43 24
61 18 25 40 31 39 22 36 3 54 41 9 10 12 31 26 19 32 29 32 16 24 21 46 26 5 28 2 30 16 17 0 42 37 20 21 24 2 22 47 19 35
27 8 34 14 18 21 13 37 40 7 18 28 24 24 29 70 48 11 16 11 10 23 15 7 19 32 36 20 11 23 17 26 0 26 32 33 14 45 14 9 20 18
44 32 5 62 45 56 63 26 21 53 37 42 11 16 21 45 8 53 67 43 20 6 19 72 49 28 4 38 45 22 30 39 45 0 27 17 29 18 28 40 36 77
39 20 33 31 56 60 42 13 32 30 11 43 36 10 8 27 9 46 39 19 22 14 8 29 13 43 31 41 19 23 11 30 17 17 0 21 11 18 45 17 32 27
65 61 22 57 24 34 40 52 15 60 63 6 15 25 34 7 38 42 40 37 55 30 54 54 60 5 33 12 40 1 59 11 39 22 26 0 28 24 28 69 32 44
44 23 23 45 49 39 26 13 11 23 20 22 21 6 3 37 13 43 31 20 18 17 10 31 17 22 20 16 12 38 18 25 34 15 11 26 0 13 22 20 32 38
69 19 16 38 16 15 11 21 8 34 43 21 12 28 15 16 41 31 18 36 27 28 20 46 27 8 17 1 20 14 29 2 41 33 28 17 21 0 28 27 19 61
24 11 30 7 8 16 5 46 16 20 26 39 19 42 34 25 41 3 15 28 13 36 12 8 18 19 47 18 33 52 36 12 14 66 35 30 13 13 0 26 4 33
17 30 36 41 26 48 24 26 29 4 0 32 24 13 20 63 17 30 50 2 9 38 8 21 7 44 27 30 3 64 5 27 10 37 12 25 23 37 24 0 19 20
43 9 53 7 8 9 4 67 23 39 35 59 49 53 30 65 43 6 19 30 10 51 37 14 26 21 58 26 32 31 17 23 13 47 33 21 36 33 4 33 0 52
0 18 34 34 25 65 28 42 76 13 8 54 33 44 33 47 51 24 77 17 23 61 18 22 18 30 34 45 14 83 26 56 26 68 43 42 49 67 38 13 23 0