7
40
,
0 (30.0, 1.0) 68.0
1 (20.0, 47.0) 46.0
2 (39.0, 2.0) 45.0
3 (48.0, 2.0) 61.0
4 (45.0, 4.0) 49.0
5 (38.0, 14.0) 49.0
6 (3.0, 37.0) 44.0
7 (35.0, 38.0) 52.0
8 (13.0, 6.0) 65.0
9 (12.0, 10.0) 44.0
10 (46.0, 47.0) 58.0
11 (31.0, 45.0) 69.0
12 (14.0, 33.0) 38.0
13 (16.0, 24.0) 36.0
14 (50.0, 49.0) 35.0
15 (5.0, 43.0) 40.0
16 (35.0, 4.0) 63.0
17 (50.0, 14.0) 60.0
18 (13.0, 12.0) 32.0
19 (25.0, 14.0) 35.0
20 (13.0, 39.0) 61.0
21 (15.0, 21.0) 40.0
22 (29.0, 2.0) 46.0
23 (17.0, 15.0) 74.0
24 (45.0, 39.0) 89.0
25 (19.0, 49.0) 65.0
26 (39.0, 31.0) 44.0
27 (9.0, 9.0) 88.0
28 (41.0, 45.0) 59.0
29 (10.0, 18.0) 81.0
30 (38.0, 32.0) 68.0
31 (23.0, 4.0) 81.0
32 (16.0, 50.0) 87.0
33 (7.0, 28.0) 42.0
34 (41.0, 47.0) 41.0
35 (18.0, 28.0) 39.0
36 (40.0, 31.0) 87.0
37 (36.0, 10.0) 79.0
38 (12.0, 10.0) 87.0
39 (39.0, 7.0) 68.0
,
0 15 26 20 24 23 20 19 26 7 8 33 27 18 14 35 22 18 26 9 14 21 13 15 11 30 26 25 6 30 10 25 12 26 14 31 17 25 19 8 20 0
15 0 24 5 9 8 8 22 19 9 10 24 22 18 13 26 24 3 12 10 7 21 12 1 10 20 25 16 11 23 13 16 4 25 18 24 15 16 5 10 5 15
26 24 0 24 26 25 19 10 9 21 19 13 6 8 12 15 8 23 22 18 17 5 13 23 16 13 1 12 20 11 15 12 22 2 12 10 10 13 20 19 22 26
20 5 24 0 4 3 6 25 18 13 14 23 22 20 16 24 27 2 8 14 9 23 15 5 13 19 26 14 15 22 17 15 8 27 21 23 17 15 4 14 2 20
24 9 26 4 0 2 8 29 19 18 18 23 23 23 19 24 30 7 6 18 13 25 19 10 17 19 28 15 20 22 21 16 13 29 24 23 20 15 7 18 5 24
23 8 25 3 2 0 6 27 18 16 17 22 22 21 18 23 28 5 6 16 11 24 17 8 15 18 26 14 18 21 19 14 11 27 22 22 18 14 5 17 3 23
20 8 19 6 8 6 0 21 12 13 13 17 16 15 12 18 22 5 6 13 6 18 12 8 11 13 20 9 15 16 14 9 9 21 17 17 12 9 2 13 4 20
19 22 10 25 29 27 21 0 16 16 14 22 15 6 9 24 3 23 26 13 16 5 10 22 13 21 10 18 14 19 10 18 19 9 5 20 9 19 21 14 23 19
26 19 9 18 19 18 12 16 0 19 18 7 4 11 12 9 15 17 14 17 13 11 13 18 15 5 10 4 19 5 16 3 18 11 15 5 10 4 14 18 16 26
7 9 21 13 18 16 13 16 19 0 2 26 21 14 9 28 19 11 19 3 7 16 8 8 5 23 22 18 2 24 6 18 5 22 11 25 11 18 12 2 13 7
8 10 19 14 18 17 13 14 18 2 0 25 20 12 7 27 17 12 19 1 7 15 6 9 4 22 20 17 2 23 4 17 6 20 9 24 9 18 12 0 14 8
33 24 13 23 23 22 17 22 7 26 25 0 8 17 19 2 21 22 17 24 20 17 20 24 22 4 14 9 27 3 23 8 24 15 22 2 17 9 19 25 20 33
27 22 6 22 23 22 16 15 4 21 20 8 0 10 13 10 13 21 18 19 16 9 14 22 17 8 6 8 21 5 17 7 21 8 15 5 11 8 18 20 19 27
18 18 8 20 23 21 15 6 11 14 12 17 10 0 5 20 7 18 20 11 11 3 6 17 9 16 8 13 12 15 8 12 15 9 4 15 3 13 16 12 18 18
14 13 12 16 19 18 12 9 12 9 7 19 13 5 0 21 11 14 18 6 7 8 2 13 5 16 13 12 8 16 4 12 11 13 5 17 2 12 12 7 14 14
35 26 15 24 24 23 18 24 9 28 27 2 10 20 21 0 23 24 18 26 22 19 22 26 24 6 16 11 29 5 25 10 26 17 24 5 19 10 21 27 22 35
22 24 8 27 30 28 22 3 15 19 17 21 13 7 11 23 0 25 27 16 18 4 12 24 15 20 8 18 17 18 13 17 21 7 8 18 10 18 23 17 25 22
18 3 23 2 7 5 5 23 17 11 12 22 21 18 14 24 25 0 9 12 7 21 13 3 11 18 24 14 13 21 14 14 6 25 18 22 15 14 3 12 2 18
26 12 22 8 6 6 6 26 14 19 19 17 18 20 18 18 27 9 0 19 12 22 18 12 17 13 23 10 21 16 20 11 14 25 23 17 17 10 7 19 7 26
9 10 18 14 18 16 13 13 17 3 1 24 19 11 6 26 16 12 19 0 6 14 5 9 2 21 19 16 2 22 3 16 6 19 9 22 8 17 12 1 13 9
14 7 17 9 13 11 6 16 13 7 7 20 16 11 7 22 18 7 12 6 0 14 6 6 4 16 18 11 8 17 8 11 5 19 11 18 8 11 6 7 8 14
21 21 5 23 25 24 18 5 11 16 15 17 9 3 8 19 4 21 22 14 14 0 9 20 12 16 6 14 15 14 11 13 18 6 6 15 6 14 19 15 21 21
13 12 13 15 19 17 12 10 13 8 6 20 14 6 2 22 12 13 18 5 6 9 0 12 3 17 14 13 7 18 3 13 9 15 5 18 4 13 12 6 14 13
15 1 23 5 10 8 8 22 18 8 9 24 22 17 13 26 24 3 12 9 6 20 12 0 9 20 24 15 11 22 12 16 3 25 17 23 14 16 5 9 6 15
11 10 16 13 17 15 11 13 15 5 4 22 17 9 5 24 15 11 17 2 4 12 3 9 0 18 17 14 5 19 4 14 6 18 8 20 7 14 10 4 12 11
30 20 13 19 19 18 13 21 5 23 22 4 8 16 16 6 20 18 13 21 16 16 17 20 18 0 14 5 23 4 20 5 21 16 20 4 15 5 15 22 16 30
26 25 1 26 28 26 20 10 10 22 20 14 6 8 13 16 8 24 23 19 18 6 14 24 17 14 0 13 21 11 16 13 23 2 12 11 11 14 21 20 23 26
25 16 12 14 15 14 9 18 4 18 17 9 8 13 12 11 18 14 10 16 11 14 13 15 14 5 13 0 19 7 16 1 16 15 16 8 11 0 11 17 12 25
6 11 20 15 20 18 15 14 19 2 2 27 21 12 8 29 17 13 21 2 8 15 7 11 5 23 21 19 0 24 5 19 7 21 10 25 11 19 14 2 15 6
30 23 11 22 22 21 16 19 5 24 23 3 5 15 16 5 18 21 16 22 17 14 18 22 19 4 11 7 24 0 21 7 22 13 19 1 14 7 18 23 19 30
10 13 15 17 21 19 14 10 16 6 4 23 17 8 4 25 13 14 20 3 8 11 3 12 4 20 16 16 5 21 0 16 10 16 5 21 6 16 14 4 16 10
25 16 12 15 16 14 9 18 3 18 17 8 7 12 12 10 17 14 11 16 11 13 13 16 14 5 13 1 19 7 16 0 16 14 16 8 10 1 11 17 13 25
12 4 22 8 13 11 9 19 18 5 6 24 21 15 11 26 21 6 14 6 5 18 9 3 6 21 23 16 7 22 10 16 0 23 14 23 12 16 7 6 8 12
26 25 2 27 29 27 21 9 11 22 20 15 8 9 13 17 7 25 25 19 19 6 15 25 18 16 2 15 21 13 16 14 23 0 12 13 11 15 22 20 24 26
14 18 12 21 24 22 17 5 15 11 9 22 15 4 5 24 8 18 23 9 11 6 5 17 8 20 12 16 10 19 5 16 14 12 0 19 6 17 17 9 19 14
31 24 10 23 23 22 17 20 5 25 24 2 5 15 17 5 18 22 17 22 18 15 18 23 20 4 11 8 25 1 21 8 23 13 19 0 15 8 19 24 20 31
17 15 10 17 20 18 12 9 10 11 9 17 11 3 2 19 10 15 17 8 8 6 4 14 7 15 11 11 11 14 6 10 12 11 6 15 0 11 13 9 15 17
25 16 13 15 15 14 9 19 4 18 18 9 8 13 12 10 18 14 10 17 11 14 13 16 14 5 14 0 19 7 16 1 16 15 17 8 11 0 11 18 12 25
19 5 20 4 7 5 2 21 14 12 12 19 18 16 12 21 23 3 7 12 6 19 12 5 10 15 21 11 14 18 14 11 7 22 17 19 13 11 0 12 2 19
8 10 19 14 18 17 13 14 18 2 0 25 20 12 7 27 17 12 19 1 7 15 6 9 4 22 20 17 2 23 4 17 6 20 9 24 9 18 12 0 14 8
20 5 22 2 5 3 4 23 16 13 14 20 19 18 14 22 25 2 7 13 8 21 14 6 12 16 23 12 15 19 16 13 8 24 19 20 15 12 2 14 0 20
0 15 26 20 24 23 20 19 26 7 8 33 27 18 14 35 22 18 26 9 14 21 13 15 11 30 26 25 6 30 10 25 12 26 14 31 17 25 19 8 20 0
,
0 26 74 23 28 58 54 31 31 9 13 38 53 39 41 97 42 49 54 21 35 60 15 25 29 83 42 50 15 36 15 70 27 59 33 51 46 45 52 12 21 0
16 0 51 8 19 17 8 30 43 14 14 44 45 23 36 35 33 7 25 20 19 30 13 2 24 25 68 40 31 37 37 45 6 66 44 52 42 30 15 12 9 34
74 53 0 49 58 40 21 11 18 24 29 36 6 21 33 35 21 39 30 24 27 15 16 27 30 16 2 37 50 22 22 28 42 4 17 19 28 26 32 28 55 61
47 5 31 0 9 4 11 27 37 30 25 52 36 50 44 61 55 5 21 21 18 23 35 12 32 34 72 33 26 32 45 40 8 29 25 43 44 19 9 42 3 41
36 14 63 6 0 2 23 45 41 21 33 49 31 49 34 34 43 14 12 19 15 28 39 28 21 48 67 44 41 54 23 46 15 85 64 47 35 16 15 47 11 46
58 21 25 5 3 0 16 56 44 25 34 29 35 39 39 32 58 14 9 41 33 53 42 24 44 24 55 33 29 44 34 30 14 30 35 56 24 20 15 27 8 34
40 15 40 13 8 16 0 47 34 18 39 43 32 45 25 54 41 6 17 15 7 48 14 22 23 36 25 14 24 22 16 22 12 43 39 49 30 9 3 37 4 55
46 49 23 42 78 46 54 0 37 30 21 43 20 16 12 29 5 25 63 26 32 9 16 65 33 56 12 34 34 53 28 41 27 23 5 25 25 25 48 23 54 43
39 23 19 40 28 39 31 25 0 29 38 14 7 25 12 17 38 39 22 49 36 13 34 34 38 5 12 10 35 13 19 8 19 30 24 15 10 6 20 20 38 30
16 20 45 24 23 34 20 23 23 0 5 56 34 22 23 48 23 31 24 6 15 20 18 18 9 48 59 41 3 35 7 40 14 32 19 60 16 49 15 3 25 14
17 23 37 36 36 29 18 23 38 5 0 43 28 29 18 65 40 35 51 2 13 27 12 22 11 44 52 30 3 39 10 29 15 58 16 59 14 50 14 0 35 10
80 69 23 29 35 22 40 26 8 57 48 0 19 32 51 7 35 48 33 44 49 25 29 46 36 10 40 17 58 3 52 19 43 20 62 4 20 25 32 36 56 94
47 53 13 39 57 43 18 42 6 50 48 8 0 19 39 12 26 34 49 31 27 19 43 31 32 20 16 11 31 6 21 11 25 22 37 15 17 9 51 21 39 42
31 51 22 36 31 42 20 8 29 24 16 43 17 0 10 54 11 27 34 24 18 7 12 20 16 27 11 28 31 20 12 22 24 11 8 41 9 28 17 34 43 27
38 30 27 21 24 27 32 12 31 13 10 38 18 5 0 43 25 21 22 10 14 21 2 14 9 34 20 18 15 48 7 19 18 23 6 40 4 28 20 17 35 39
97 48 24 28 54 39 42 49 18 55 73 5 27 49 39 0 65 60 38 51 41 33 43 34 35 17 36 27 43 14 48 26 77 43 34 13 38 11 27 45 50 83
45 51 20 31 49 61 47 6 35 45 20 31 24 7 25 28 0 70 34 35 36 13 16 68 25 23 14 25 19 36 36 43 42 11 19 49 12 42 38 30 37 47
48 9 54 3 7 9 15 43 35 26 22 43 44 41 38 56 36 0 12 15 10 37 31 7 17 54 68 29 24 42 43 38 7 38 23 57 27 28 7 22 5 19
57 17 32 14 12 16 15 69 24 47 31 50 46 50 47 25 67 21 0 47 32 25 33 24 40 33 28 21 54 39 33 26 38 58 65 23 35 20 20 21 15 75
9 18 33 38 32 33 17 22 31 8 1 28 48 16 15 29 28 14 29 0 7 32 8 12 3 25 50 39 7 50 10 20 7 49 13 36 19 42 28 1 19 15
15 11 25 15 13 17 9 31 28 15 20 26 47 19 17 52 41 11 19 9 0 39 16 15 8 21 51 21 18 50 10 23 14 44 21 36 8 24 11 14 22 20
25 60 11 42 69 66 26 7 16 32 29 32 10 5 19 21 11 60 39 25 27 0 19 45 15 33 15 16 37 22 31 36 22 16 16 36 9 25 44 18 44 31
27 23 37 30 41 23 27 11 18 19 6 40 25 13 3 49 27 23 32 8 14 11 0 25 6 43 20 21 10 22 6 18 25 36 8 43 11 25 13 12 18 23
27 1 49 11 19 16 21 36 45 10 11 40 45 17 34 74 31 6 19 25 19 42 28 0 11 22 47 20 21 47 26 36 8 32 51 60 15 36 14 19 9 43
25 16 20 31 22 32 29 19 35 12 9 27 25 10 12 60 31 16 19 6 4 24 4 12 0 52 34 17 8 22 5 27 14 50 11 27 9 35 26 5 17 33
56 44 15 21 54 43 33 46 13 27 44 5 19 38 41 15 57 26 20 41 18 19 26 22 53 0 37 10 61 4 46 11 49 40 56 12 20 9 22 25 48 72
39 68 2 30 76 74 36 21 19 25 35 20 16 14 25 16 18 31 51 42 26 15 33 59 26 23 0 32 53 28 34 15 30 3 35 15 31 21 26 33 45 32
59 24 28 21 41 34 9 35 11 47 47 10 24 22 22 18 45 15 23 19 23 38 24 45 24 14 33 0 27 12 45 1 29 28 47 9 26 1 31 31 34 68
8 23 38 42 35 33 26 38 36 6 4 56 43 21 23 46 30 24 56 5 22 40 20 22 9 51 21 29 0 55 6 53 22 25 26 56 28 30 35 3 26 11
38 43 18 61 59 56 31 31 8 70 26 7 13 41 40 15 18 35 22 37 21 34 27 45 54 7 17 10 65 0 52 18 60 24 31 2 15 19 51 33 25 54
17 18 23 36 35 51 40 23 38 12 11 65 35 13 12 26 33 36 55 8 8 25 4 20 8 42 44 44 12 26 0 44 11 23 13 40 7 32 26 9 18 30
71 40 29 31 30 33 16 26 9 21 43 13 13 15 34 28 37 30 13 43 17 33 21 42 28 8 32 2 47 15 24 0 32 37 16 16 21 3 20 26 31 39
19 11 29 13 28 16 23 22 23 11 10 45 32 19 24 35 25 15 35 11 11 27 17 5 15 62 46 33 9 33 12 29 0 50 26 68 20 36 11 11 14 31
74 44 7 55 79 32 24 25 18 48 39 35 15 18 14 20 12 52 37 37 54 8 26 29 19 39 3 28 53 38 46 34 34 0 21 29 31 18 39 57 41 75
41 50 14 38 54 25 23 13 30 15 17 62 23 8 14 43 20 39 41 12 32 14 11 19 19 38 23 19 15 22 7 43 37 33 0 25 13 38 36 17 37 43
69 64 14 65 53 46 31 58 10 69 37 7 13 16 29 14 34 58 48 40 19 36 53 24 22 7 31 23 55 1 28 15 64 28 49 0 24 24 31 35 21 78
37 28 17 22 22 49 23 21 12 22 28 22 31 7 3 27 17 16 42 23 16 10 6 38 7 28 13 13 14 20 13 27 35 22 13 19 0 21 24 18 21 39
60 35 27 32 18 26 15 46 6 45 47 13 21 18 18 23 39 21 10 17 26 14 39 38 34 6 15 1 27 10 38 2 40 34 29 15 24 0 15 19 22 54
41 7 40 12 12 9 4 55 19 25 30 56 37 27 18 30 53 5 13 22 14 55 26 10 16 24 29 27 27 42 31 14 8 52 23 32 17 13 0 25 4 26
13 18 43 33 22 37 13 25 41 3 0 71 46 26 19 72 47 17 53 1 15 32 12 26 6 42 24 19 4 36 6 32 17 35 27 24 18 42 29 0 15 9
58 9 61 4 15 5 5 28 32 39 18 34 25 37 31 24 38 6 18 28 16 33 32 13 33 31 31 26 37 54 36 19 10 51 51 49 20 35 6 31 0 58
0 33 58 42 47 42 52 50 55 18 9 95 34 25 40 46 47 23 43 17 22 40 15 28 26 75 46 68 13 82 24 27 25 51 22 48 45 29 40 23 44 0