7
40
,
0 (30.0, 1.0) 55.0
1 (20.0, 47.0) 65.0
2 (39.0, 2.0) 76.0
3 (48.0, 2.0) 55.0
4 (45.0, 4.0) 72.0
5 (38.0, 14.0) 42.0
6 (3.0, 37.0) 65.0
7 (35.0, 38.0) 84.0
8 (13.0, 6.0) 33.0
9 (12.0, 10.0) 41.0
10 (46.0, 47.0) 55.0
11 (31.0, 45.0) 80.0
12 (14.0, 33.0) 52.0
13 (16.0, 24.0) 80.0
14 (50.0, 49.0) 74.0
15 (5.0, 43.0) 35.0
16 (35.0, 4.0) 46.0
17 (50.0, 14.0) 44.0
18 (13.0, 12.0) 79.0
19 (25.0, 14.0) 41.0
20 (13.0, 39.0) 64.0
21 (15.0, 21.0) 71.0
22 (29.0, 2.0) 33.0
23 (17.0, 15.0) 32.0
24 (45.0, 39.0) 81.0
25 (19.0, 49.0) 42.0
26 (39.0, 31.0) 74.0
27 (9.0, 9.0) 88.0
28 (41.0, 45.0) 60.0
29 (10.0, 18.0) 36.0
30 (38.0, 32.0) 55.0
31 (23.0, 4.0) 65.0
32 (16.0, 50.0) 76.0
33 (7.0, 28.0) 55.0
34 (41.0, 47.0) 86.0
35 (18.0, 28.0) 36.0
36 (40.0, 31.0) 83.0
37 (36.0, 10.0) 58.0
38 (12.0, 10.0) 70.0
39 (39.0, 7.0) 90.0
,
0 15 26 20 24 23 20 19 26 7 8 33 27 18 14 35 22 18 26 9 14 21 13 15 11 30 26 25 6 30 10 25 12 26 14 31 17 25 19 8 20 0
15 0 24 5 9 8 8 22 19 9 10 24 22 18 13 26 24 3 12 10 7 21 12 1 10 20 25 16 11 23 13 16 4 25 18 24 15 16 5 10 5 15
26 24 0 24 26 25 19 10 9 21 19 13 6 8 12 15 8 23 22 18 17 5 13 23 16 13 1 12 20 11 15 12 22 2 12 10 10 13 20 19 22 26
20 5 24 0 4 3 6 25 18 13 14 23 22 20 16 24 27 2 8 14 9 23 15 5 13 19 26 14 15 22 17 15 8 27 21 23 17 15 4 14 2 20
24 9 26 4 0 2 8 29 19 18 18 23 23 23 19 24 30 7 6 18 13 25 19 10 17 19 28 15 20 22 21 16 13 29 24 23 20 15 7 18 5 24
23 8 25 3 2 0 6 27 18 16 17 22 22 21 18 23 28 5 6 16 11 24 17 8 15 18 26 14 18 21 19 14 11 27 22 22 18 14 5 17 3 23
20 8 19 6 8 6 0 21 12 13 13 17 16 15 12 18 22 5 6 13 6 18 12 8 11 13 20 9 15 16 14 9 9 21 17 17 12 9 2 13 4 20
19 22 10 25 29 27 21 0 16 16 14 22 15 6 9 24 3 23 26 13 16 5 10 22 13 21 10 18 14 19 10 18 19 9 5 20 9 19 21 14 23 19
26 19 9 18 19 18 12 16 0 19 18 7 4 11 12 9 15 17 14 17 13 11 13 18 15 5 10 4 19 5 16 3 18 11 15 5 10 4 14 18 16 26
7 9 21 13 18 16 13 16 19 0 2 26 21 14 9 28 19 11 19 3 7 16 8 8 5 23 22 18 2 24 6 18 5 22 11 25 11 18 12 2 13 7
8 10 19 14 18 17 13 14 18 2 0 25 20 12 7 27 17 12 19 1 7 15 6 9 4 22 20 17 2 23 4 17 6 20 9 24 9 18 12 0 14 8
33 24 13 23 23 22 17 22 7 26 25 0 8 17 19 2 21 22 17 24 20 17 20 24 22 4 14 9 27 3 23 8 24 15 22 2 17 9 19 25 20 33
27 22 6 22 23 22 16 15 4 21 20 8 0 10 13 10 13 21 18 19 16 9 14 22 17 8 6 8 21 5 17 7 21 8 15 5 11 8 18 20 19 27
18 18 8 20 23 21 15 6 11 14 12 17 10 0 5 20 7 18 20 11 11 3 6 17 9 16 8 13 12 15 8 12 15 9 4 15 3 13 16 12 18 18
14 13 12 16 19 18 12 9 12 9 7 19 13 5 0 21 11 14 18 6 7 8 2 13 5 16 13 12 8 16 4 12 11 13 5 17 2 12 12 7 14 14
35 26 15 24 24 23 18 24 9 28 27 2 10 20 21 0 23 24 18 26 22 19 22 26 24 6 16 11 29 5 25 10 26 17 24 5 19 10 21 27 22 35
22 24 8 27 30 28 22 3 15 19 17 21 13 7 11 23 0 25 27 16 18 4 12 24 15 20 8 18 17 18 13 17 21 7 8 18 10 18 23 17 25 22
18 3 23 2 7 5 5 23 17 11 12 22 21 18 14 24 25 0 9 12 7 21 13 3 11 18 24 14 13 21 14 14 6 25 18 22 15 14 3 12 2 18
26 12 22 8 6 6 6 26 14 19 19 17 18 20 18 18 27 9 0 19 12 22 18 12 17 13 23 10 21 16 20 11 14 25 23 17 17 10 7 19 7 26
9 10 18 14 18 16 13 13 17 3 1 24 19 11 6 26 16 12 19 0 6 14 5 9 2 21 19 16 2 22 3 16 6 19 9 22 8 17 12 1 13 9
14 7 17 9 13 11 6 16 13 7 7 20 16 11 7 22 18 7 12 6 0 14 6 6 4 16 18 11 8 17 8 11 5 19 11 18 8 11 6 7 8 14
21 21 5 23 25 24 18 5 11 16 15 17 9 3 8 19 4 21 22 14 14 0 9 20 12 16 6 14 15 14 11 13 18 6 6 15 6 14 19 15 21 21
13 12 13 15 19 17 12 10 13 8 6 20 14 6 2 22 12 13 18 5 6 9 0 12 3 17 14 13 7 18 3 13 9 15 5 18 4 13 12 6 14 13
15 1 23 5 10 8 8 22 18 8 9 24 22 17 13 26 24 3 12 9 6 20 12 0 9 20 24 15 11 22 12 16 3 25 17 23 14 16 5 9 6 15
11 10 16 13 17 15 11 13 15 5 4 22 17 9 5 24 15 11 17 2 4 12 3 9 0 18 17 14 5 19 4 14 6 18 8 20 7 14 10 4 12 11
30 20 13 19 19 18 13 21 5 23 22 4 8 16 16 6 20 18 13 21 16 16 17 20 18 0 14 5 23 4 20 5 21 16 20 4 15 5 15 22 16 30
26 25 1 26 28 26 20 10 10 22 20 14 6 8 13 16 8 24 23 19 18 6 14 24 17 14 0 13 21 11 16 13 23 2 12 11 11 14 21 20 23 26
25 16 12 14 15 14 9 18 4 18 17 9 8 13 12 11 18 14 10 16 11 14 13 15 14 5 13 0 19 7 16 1 16 15 16 8 11 0 11 17 12 25
6 11 20 15 20 18 15 14 19 2 2 27 21 12 8 29 17 13 21 2 8 15 7 11 5 23 21 19 0 24 5 19 7 21 10 25 11 19 14 2 15 6
30 23 11 22 22 21 16 19 5 24 23 3 5 15 16 5 18 21 16 22 17 14 18 22 19 4 11 7 24 0 21 7 22 13 19 1 14 7 18 23 19 30
10 13 15 17 21 19 14 10 16 6 4 23 17 8 4 25 13 14 20 3 8 11 3 12 4 20 16 16 5 21 0 16 10 16 5 21 6 16 14 4 16 10
25 16 12 15 16 14 9 18 3 18 17 8 7 12 12 10 17 14 11 16 11 13 13 16 14 5 13 1 19 7 16 0 16 14 16 8 10 1 11 17 13 25
12 4 22 8 13 11 9 19 18 5 6 24 21 15 11 26 21 6 14 6 5 18 9 3 6 21 23 16 7 22 10 16 0 23 14 23 12 16 7 6 8 12
26 25 2 27 29 27 21 9 11 22 20 15 8 9 13 17 7 25 25 19 19 6 15 25 18 16 2 15 21 13 16 14 23 0 12 13 11 15 22 20 24 26
14 18 12 21 24 22 17 5 15 11 9 22 15 4 5 24 8 18 23 9 11 6 5 17 8 20 12 16 10 19 5 16 14 12 0 19 6 17 17 9 19 14
31 24 10 23 23 22 17 20 5 25 24 2 5 15 17 5 18 22 17 22 18 15 18 23 20 4 11 8 25 1 21 8 23 13 19 0 15 8 19 24 20 31
17 15 10 17 20 18 12 9 10 11 9 17 11 3 2 19 10 15 17 8 8 6 4 14 7 15 11 11 11 14 6 10 12 11 6 15 0 11 13 9 15 17
25 16 13 15 15 14 9 19 4 18 18 9 8 13 12 10 18 14 10 17 11 14 13 16 14 5 14 0 19 7 16 1 16 15 17 8 11 0 11 18 12 25
19 5 20 4 7 5 2 21 14 12 12 19 18 16 12 21 23 3 7 12 6 19 12 5 10 15 21 11 14 18 14 11 7 22 17 19 13 11 0 12 2 19
8 10 19 14 18 17 13 14 18 2 0 25 20 12 7 27 17 12 19 1 7 15 6 9 4 22 20 17 2 23 4 17 6 20 9 24 9 18 12 0 14 8
20 5 22 2 5 3 4 23 16 13 14 20 19 18 14 22 25 2 7 13 8 21 14 6 12 16 23 12 15 19 16 13 8 24 19 20 15 12 2 14 0 20
0 15 26 20 24 23 20 19 26 7 8 33 27 18 14 35 22 18 26 9 14 21 13 15 11 30 26 25 6 30 10 25 12 26 14 31 17 25 19 8 20 0
,
0 39 37 45 49 35 45 35 62 9 23 50 31 45 41 87 27 44 54 27 32 58 37 17 22 35 39 35 12 38 12 55 19 72 31 82 18 59 50 22 20 0
22 0 29 7 16 8 8 64 25 23 24 40 25 22 31 73 26 4 30 13 19 54 18 1 13 23 54 29 18 40 21 18 11 26 36 40 32 29 11 19 6 35
37 40 0 71 56 37 48 22 11 44 40 26 13 19 15 16 14 68 59 24 49 12 32 64 43 25 2 37 49 20 36 12 42 5 15 30 11 38 49 39 46 38
53 9 25 0 7 9 14 75 37 35 25 65 47 36 20 49 36 6 17 14 16 37 17 12 31 31 41 36 34 29 35 34 15 74 51 28 49 42 11 15 3 32
24 11 68 9 0 4 22 47 41 28 43 49 52 52 24 59 77 14 12 33 25 65 31 20 19 19 60 23 39 64 61 45 13 73 54 25 53 19 19 55 9 33
25 22 25 4 5 0 12 58 50 35 28 63 63 56 38 54 32 7 12 32 32 38 42 9 37 36 66 22 51 27 23 20 24 69 27 54 39 22 10 42 4 52
34 21 52 15 14 9 0 53 25 16 34 21 30 40 14 21 46 6 9 17 9 26 12 15 24 26 37 25 34 41 27 23 16 27 43 37 15 15 3 32 10 58
21 42 11 36 75 67 32 0 46 35 18 53 27 17 10 38 3 66 62 39 21 8 13 53 25 60 18 33 28 44 23 18 23 18 10 24 20 21 32 24 58 36
50 55 14 35 54 22 17 26 0 43 44 14 10 25 20 22 18 29 37 37 30 24 38 34 17 6 25 10 47 9 26 5 47 25 34 6 21 13 31 36 36 44
12 14 60 20 48 27 24 38 20 0 5 62 46 38 14 70 39 29 53 7 13 46 22 12 12 52 59 26 7 71 8 49 7 51 20 38 22 44 16 2 33 15
19 14 49 29 48 18 38 23 27 2 0 41 34 19 17 79 34 29 40 2 10 30 11 25 9 49 29 38 2 52 4 39 19 53 22 46 24 22 32 0 24 13
68 55 34 40 49 28 22 54 19 42 53 0 8 47 25 7 34 53 46 58 56 17 32 64 25 7 22 11 52 6 37 22 36 42 56 6 22 21 55 39 42 56
77 56 15 66 48 48 17 36 6 56 60 16 0 23 34 23 38 38 38 49 17 15 42 33 47 9 10 10 25 9 50 10 56 16 38 12 13 21 22 31 46 75
43 46 8 41 41 46 43 10 22 18 13 24 16 0 7 53 18 38 56 13 31 5 8 20 16 35 21 36 18 18 20 33 37 15 10 31 8 31 39 22 43 23
40 18 34 39 33 27 14 23 27 23 19 48 36 8 0 26 23 25 32 8 13 20 4 22 10 32 14 17 16 21 12 32 31 30 11 42 2 18 33 7 35 30
77 38 33 25 38 49 39 41 28 38 47 6 24 54 23 0 63 32 52 57 31 37 34 69 71 6 19 12 80 13 58 16 35 40 67 5 38 29 25 52 26 102
64 29 12 61 71 79 22 7 21 54 45 39 17 15 14 63 0 53 30 26 23 10 30 46 38 30 10 25 42 26 14 25 29 15 14 49 12 27 68 17 40 39
27 4 31 3 8 12 11 58 41 19 18 49 25 49 19 66 59 0 10 26 17 51 29 4 31 43 36 31 33 43 24 33 6 35 23 57 43 18 7 35 6 48
38 14 46 15 6 15 6 77 30 19 29 28 53 48 21 49 41 23 0 42 35 63 38 22 38 17 34 21 60 29 25 16 38 63 50 20 23 24 13 42 9 53
25 18 31 25 34 22 16 17 36 6 1 38 50 22 10 28 40 31 19 0 16 26 7 17 4 26 48 19 6 39 5 32 12 21 15 43 11 23 24 3 17 26
30 11 19 11 16 19 11 31 22 19 18 30 16 14 10 56 39 16 21 10 0 34 10 16 12 27 45 27 15 18 22 22 13 49 16 42 17 28 11 15 19 22
32 38 13 57 26 26 45 9 31 48 15 43 28 9 17 47 5 57 22 37 40 0 23 57 27 43 9 26 34 31 11 15 36 11 8 39 6 38 52 33 45 24
33 18 26 37 20 25 22 16 39 12 15 45 30 13 4 25 27 32 20 12 18 10 0 21 3 25 31 20 9 39 6 35 19 21 7 45 9 38 18 14 35 38
23 1 68 14 25 10 18 44 36 13 11 56 26 45 35 61 42 9 17 13 11 33 26 0 9 26 48 31 30 47 20 22 5 63 38 68 19 28 12 24 13 21
14 26 19 32 47 31 27 19 21 6 4 35 49 10 10 35 18 17 31 5 10 15 5 17 0 54 20 17 12 54 6 39 11 44 10 39 17 19 17 5 19 18
53 49 34 55 33 32 27 33 13 41 46 6 18 40 39 8 25 34 14 50 34 28 44 23 52 0 16 14 28 10 60 7 21 24 29 8 32 6 35 46 42 34
33 42 3 68 64 72 29 12 19 22 29 26 17 24 32 45 15 40 27 29 35 17 28 48 40 17 0 17 31 16 32 15 53 2 16 17 26 19 23 26 52 72
43 20 23 28 42 19 24 54 5 35 34 16 22 18 30 30 54 40 17 38 31 17 27 21 14 8 16 0 49 13 25 2 21 16 28 23 22 1 18 40 34 33
11 13 37 26 48 45 29 17 38 5 4 58 36 20 14 32 30 19 34 3 9 43 8 14 8 32 47 48 0 50 6 34 17 57 16 70 19 20 22 4 25 9
77 65 12 57 28 24 33 28 9 68 64 6 8 26 17 5 28 58 28 39 26 22 35 42 25 9 23 14 42 0 39 11 38 34 22 3 24 16 33 25 21 32
16 38 21 37 24 54 25 26 16 8 6 30 37 12 5 48 18 36 51 9 18 20 8 22 8 22 20 33 8 60 0 18 23 30 8 23 7 36 21 7 37 14
66 32 19 26 25 41 23 31 8 51 29 19 21 35 26 23 18 40 11 36 14 20 24 41 15 14 13 2 33 7 27 0 18 33 24 18 11 1 21 34 19 73
24 9 58 22 14 14 23 28 24 13 13 49 40 44 29 49 49 15 18 14 6 33 19 4 9 34 54 43 18 56 14 44 0 68 41 34 36 47 21 19 10 13
45 39 5 43 67 47 32 21 20 48 51 35 23 21 33 47 13 69 46 54 33 13 19 40 20 20 3 43 43 35 31 38 24 0 16 35 12 45 51 55 48 70
24 26 19 23 45 23 44 6 17 12 15 34 24 12 6 37 15 41 61 15 32 6 15 28 9 30 29 19 18 32 11 23 15 32 0 30 14 29 41 28 30 32
42 63 17 40 24 30 34 33 13 49 62 5 9 32 37 10 30 47 34 55 43 40 31 61 53 6 23 20 25 2 33 10 56 13 24 0 43 15 46 27 35 53
43 25 21 21 54 51 19 11 26 34 18 31 31 8 6 44 16 36 26 23 12 15 8 19 13 24 12 27 25 42 16 29 26 13 14 30 0 14 13 11 33 48
33 24 30 35 22 38 9 22 6 19 38 23 21 14 30 26 40 28 28 49 22 39 28 20 17 10 24 1 39 11 22 2 47 26 47 19 15 0 22 23 14 47
38 15 57 7 11 9 3 31 32 14 25 34 37 45 22 29 23 3 16 23 10 32 27 15 26 43 25 15 31 29 36 12 20 41 45 40 16 23 0 21 3 37
20 26 34 29 54 49 33 24 24 3 0 45 30 27 15 53 41 21 44 2 16 15 15 10 4 30 46 25 2 60 9 44 12 26 15 59 28 32 28 0 22 16
22 12 33 7 14 5 5 26 18 17 18 33 53 24 19 32 66 5 13 29 12 46 34 12 17 26 58 36 37 28 32 28 17 67 19 27 22 13 3 29 0 45
0 32 58 49 64 34 46 37 66 7 16 72 72 45 30 75 55 21 40 20 19 29 19 24 18 59 78 35 8 59 18 52 34 40 28 33 23 55 30 11 21 0