7
40
,
0 (30.0, 1.0) 40.0
1 (20.0, 47.0) 32.0
2 (39.0, 2.0) 32.0
3 (48.0, 2.0) 45.0
4 (45.0, 4.0) 74.0
5 (38.0, 14.0) 60.0
6 (3.0, 37.0) 65.0
7 (35.0, 38.0) 60.0
8 (13.0, 6.0) 39.0
9 (12.0, 10.0) 61.0
10 (46.0, 47.0) 58.0
11 (31.0, 45.0) 74.0
12 (14.0, 33.0) 38.0
13 (16.0, 24.0) 50.0
14 (50.0, 49.0) 40.0
15 (5.0, 43.0) 37.0
16 (35.0, 4.0) 42.0
17 (50.0, 14.0) 41.0
18 (13.0, 12.0) 47.0
19 (25.0, 14.0) 35.0
20 (13.0, 39.0) 68.0
21 (15.0, 21.0) 33.0
22 (29.0, 2.0) 41.0
23 (17.0, 15.0) 62.0
24 (45.0, 39.0) 33.0
25 (19.0, 49.0) 41.0
26 (39.0, 31.0) 76.0
27 (9.0, 9.0) 63.0
28 (41.0, 45.0) 76.0
29 (10.0, 18.0) 61.0
30 (38.0, 32.0) 63.0
31 (23.0, 4.0) 81.0
32 (16.0, 50.0) 88.0
33 (7.0, 28.0) 39.0
34 (41.0, 47.0) 53.0
35 (18.0, 28.0) 52.0
36 (40.0, 31.0) 33.0
37 (36.0, 10.0) 61.0
38 (12.0, 10.0) 35.0
39 (39.0, 7.0) 51.0
,
0 15 26 20 24 23 20 19 26 7 8 33 27 18 14 35 22 18 26 9 14 21 13 15 11 30 26 25 6 30 10 25 12 26 14 31 17 25 19 8 20 0
15 0 24 5 9 8 8 22 19 9 10 24 22 18 13 26 24 3 12 10 7 21 12 1 10 20 25 16 11 23 13 16 4 25 18 24 15 16 5 10 5 15
26 24 0 24 26 25 19 10 9 21 19 13 6 8 12 15 8 23 22 18 17 5 13 23 16 13 1 12 20 11 15 12 22 2 12 10 10 13 20 19 22 26
20 5 24 0 4 3 6 25 18 13 14 23 22 20 16 24 27 2 8 14 9 23 15 5 13 19 26 14 15 22 17 15 8 27 21 23 17 15 4 14 2 20
24 9 26 4 0 2 8 29 19 18 18 23 23 23 19 24 30 7 6 18 13 25 19 10 17 19 28 15 20 22 21 16 13 29 24 23 20 15 7 18 5 24
23 8 25 3 2 0 6 27 18 16 17 22 22 21 18 23 28 5 6 16 11 24 17 8 15 18 26 14 18 21 19 14 11 27 22 22 18 14 5 17 3 23
20 8 19 6 8 6 0 21 12 13 13 17 16 15 12 18 22 5 6 13 6 18 12 8 11 13 20 9 15 16 14 9 9 21 17 17 12 9 2 13 4 20
19 22 10 25 29 27 21 0 16 16 14 22 15 6 9 24 3 23 26 13 16 5 10 22 13 21 10 18 14 19 10 18 19 9 5 20 9 19 21 14 23 19
26 19 9 18 19 18 12 16 0 19 18 7 4 11 12 9 15 17 14 17 13 11 13 18 15 5 10 4 19 5 16 3 18 11 15 5 10 4 14 18 16 26
7 9 21 13 18 16 13 16 19 0 2 26 21 14 9 28 19 11 19 3 7 16 8 8 5 23 22 18 2 24 6 18 5 22 11 25 11 18 12 2 13 7
8 10 19 14 18 17 13 14 18 2 0 25 20 12 7 27 17 12 19 1 7 15 6 9 4 22 20 17 2 23 4 17 6 20 9 24 9 18 12 0 14 8
33 24 13 23 23 22 17 22 7 26 25 0 8 17 19 2 21 22 17 24 20 17 20 24 22 4 14 9 27 3 23 8 24 15 22 2 17 9 19 25 20 33
27 22 6 22 23 22 16 15 4 21 20 8 0 10 13 10 13 21 18 19 16 9 14 22 17 8 6 8 21 5 17 7 21 8 15 5 11 8 18 20 19 27
18 18 8 20 23 21 15 6 11 14 12 17 10 0 5 20 7 18 20 11 11 3 6 17 9 16 8 13 12 15 8 12 15 9 4 15 3 13 16 12 18 18
14 13 12 16 19 18 12 9 12 9 7 19 13 5 0 21 11 14 18 6 7 8 2 13 5 16 13 12 8 16 4 12 11 13 5 17 2 12 12 7 14 14
35 26 15 24 24 23 18 24 9 28 27 2 10 20 21 0 23 24 18 26 22 19 22 26 24 6 16 11 29 5 25 10 26 17 24 5 19 10 21 27 22 35
22 24 8 27 30 28 22 3 15 19 17 21 13 7 11 23 0 25 27 16 18 4 12 24 15 20 8 18 17 18 13 17 21 7 8 18 10 18 23 17 25 22
18 3 23 2 7 5 5 23 17 11 12 22 21 18 14 24 25 0 9 12 7 21 13 3 11 18 24 14 13 21 14 14 6 25 18 22 15 14 3 12 2 18
26 12 22 8 6 6 6 26 14 19 19 17 18 20 18 18 27 9 0 19 12 22 18 12 17 13 23 10 21 16 20 11 14 25 23 17 17 10 7 19 7 26
9 10 18 14 18 16 13 13 17 3 1 24 19 11 6 26 16 12 19 0 6 14 5 9 2 21 19 16 2 22 3 16 6 19 9 22 8 17 12 1 13 9
14 7 17 9 13 11 6 16 13 7 7 20 16 11 7 22 18 7 12 6 0 14 6 6 4 16 18 11 8 17 8 11 5 19 11 18 8 11 6 7 8 14
21 21 5 23 25 24 18 5 11 16 15 17 9 3 8 19 4 21 22 14 14 0 9 20 12 16 6 14 15 14 11 13 18 6 6 15 6 14 19 15 21 21
13 12 13 15 19 17 12 10 13 8 6 20 14 6 2 22 12 13 18 5 6 9 0 12 3 17 14 13 7 18 3 13 9 15 5 18 4 13 12 6 14 13
15 1 23 5 10 8 8 22 18 8 9 24 22 17 13 26 24 3 12 9 6 20 12 0 9 20 24 15 11 22 12 16 3 25 17 23 14 16 5 9 6 15
11 10 16 13 17 15 11 13 15 5 4 22 17 9 5 24 15 11 17 2 4 12 3 9 0 18 17 14 5 19 4 14 6 18 8 20 7 14 10 4 12 11
30 20 13 19 19 18 13 21 5 23 22 4 8 16 16 6 20 18 13 21 16 16 17 20 18 0 14 5 23 4 20 5 21 16 20 4 15 5 15 22 16 30
26 25 1 26 28 26 20 10 10 22 20 14 6 8 13 16 8 24 23 19 18 6 14 24 17 14 0 13 21 11 16 13 23 2 12 11 11 14 21 20 23 26
25 16 12 14 15 14 9 18 4 18 17 9 8 13 12 11 18 14 10 16 11 14 13 15 14 5 13 0 19 7 16 1 16 15 16 8 11 0 11 17 12 25
6 11 20 15 20 18 15 14 19 2 2 27 21 12 8 29 17 13 21 2 8 15 7 11 5 23 21 19 0 24 5 19 7 21 10 25 11 19 14 2 15 6
30 23 11 22 22 21 16 19 5 24 23 3 5 15 16 5 18 21 16 22 17 14 18 22 19 4 11 7 24 0 21 7 22 13 19 1 14 7 18 23 19 30
10 13 15 17 21 19 14 10 16 6 4 23 17 8 4 25 13 14 20 3 8 11 3 12 4 20 16 16 5 21 0 16 10 16 5 21 6 16 14 4 16 10
25 16 12 15 16 14 9 18 3 18 17 8 7 12 12 10 17 14 11 16 11 13 13 16 14 5 13 1 19 7 16 0 16 14 16 8 10 1 11 17 13 25
12 4 22 8 13 11 9 19 18 5 6 24 21 15 11 26 21 6 14 6 5 18 9 3 6 21 23 16 7 22 10 16 0 23 14 23 12 16 7 6 8 12
26 25 2 27 29 27 21 9 11 22 20 15 8 9 13 17 7 25 25 19 19 6 15 25 18 16 2 15 21 13 16 14 23 0 12 13 11 15 22 20 24 26
14 18 12 21 24 22 17 5 15 11 9 22 15 4 5 24 8 18 23 9 11 6 5 17 8 20 12 16 10 19 5 16 14 12 0 19 6 17 17 9 19 14
31 24 10 23 23 22 17 20 5 25 24 2 5 15 17 5 18 22 17 22 18 15 18 23 20 4 11 8 25 1 21 8 23 13 19 0 15 8 19 24 20 31
17 15 10 17 20 18 12 9 10 11 9 17 11 3 2 19 10 15 17 8 8 6 4 14 7 15 11 11 11 14 6 10 12 11 6 15 0 11 13 9 15 17
25 16 13 15 15 14 9 19 4 18 18 9 8 13 12 10 18 14 10 17 11 14 13 16 14 5 14 0 19 7 16 1 16 15 17 8 11 0 11 18 12 25
19 5 20 4 7 5 2 21 14 12 12 19 18 16 12 21 23 3 7 12 6 19 12 5 10 15 21 11 14 18 14 11 7 22 17 19 13 11 0 12 2 19
8 10 19 14 18 17 13 14 18 2 0 25 20 12 7 27 17 12 19 1 7 15 6 9 4 22 20 17 2 23 4 17 6 20 9 24 9 18 12 0 14 8
20 5 22 2 5 3 4 23 16 13 14 20 19 18 14 22 25 2 7 13 8 21 14 6 12 16 23 12 15 19 16 13 8 24 19 20 15 12 2 14 0 20
0 15 26 20 24 23 20 19 26 7 8 33 27 18 14 35 22 18 26 9 14 21 13 15 11 30 26 25 6 30 10 25 12 26 14 31 17 25 19 8 20 0
,
0 40 26 42 42 34 52 27 41 17 17 47 58 20 22 82 35 25 65 18 40 42 25 29 19 74 37 40 7 70 16 42 21 26 24 87 20 50 19 20 40 0
22 0 65 7 21 21 14 62 25 20 29 33 31 31 36 77 59 6 21 16 17 42 16 1 23 22 54 42 24 68 26 31 5 34 48 68 25 20 13 27 14 29
26 29 0 58 40 43 49 16 19 32 49 32 8 20 27 22 19 61 37 51 50 11 21 46 21 18 3 14 38 26 45 18 41 3 15 11 15 19 49 49 50 76
51 10 65 0 9 6 11 60 30 35 33 57 24 35 18 53 37 6 9 39 18 45 34 12 26 26 75 21 40 29 38 18 21 55 44 62 40 26 6 30 5 46
28 15 72 13 0 2 21 38 52 20 19 34 47 43 35 48 84 10 16 19 15 58 56 28 28 26 58 31 52 54 37 35 22 71 25 46 54 28 20 43 8 68
47 21 70 5 3 0 17 73 42 41 17 60 34 26 26 58 34 9 8 38 34 44 40 24 25 31 72 41 25 38 42 31 20 81 39 52 51 39 16 18 9 34
53 14 48 16 14 17 0 35 32 14 21 23 24 28 19 48 39 6 10 26 19 43 32 19 11 17 23 18 18 29 28 15 16 25 38 25 28 20 5 14 9 47
53 35 15 37 47 71 36 0 38 28 24 37 34 8 23 35 4 55 29 17 17 13 19 59 28 50 19 19 36 32 23 44 25 17 14 37 24 27 43 27 27 55
42 29 15 48 28 25 20 35 0 53 26 7 9 14 26 23 29 44 16 50 28 20 39 48 29 8 11 6 31 10 43 4 29 18 17 13 16 13 31 21 44 69
18 21 31 16 34 30 18 26 57 0 6 39 43 36 12 52 49 15 25 6 10 39 22 15 11 57 40 50 5 58 18 41 8 46 31 62 16 50 26 3 18 10
13 11 36 34 43 34 28 21 24 6 0 59 24 17 14 73 41 29 20 3 10 37 6 13 5 26 46 23 2 62 9 46 11 40 26 50 24 42 15 0 35 12
89 36 13 30 44 24 35 32 18 62 41 0 11 22 43 3 34 63 17 36 58 36 21 29 51 5 40 24 53 4 57 19 38 25 27 7 31 10 50 72 38 53
50 46 11 26 50 32 39 31 8 59 52 8 0 12 20 17 14 49 32 20 39 12 23 45 43 12 16 22 28 10 29 14 24 14 28 5 12 13 45 48 57 35
30 34 11 25 38 35 18 6 12 32 18 24 28 0 13 49 18 21 48 25 19 5 9 52 16 36 14 38 33 21 13 16 18 22 11 28 9 22 16 19 25 47
31 34 26 21 58 29 25 14 15 27 10 20 38 13 0 52 30 27 44 10 9 19 3 32 5 19 31 19 11 38 8 15 20 27 6 39 4 13 31 19 30 32
48 45 35 39 36 29 39 31 12 85 29 6 29 45 27 0 60 62 28 33 60 23 52 26 53 7 32 20 63 7 43 30 49 48 65 9 30 15 34 51 55 91
31 62 20 46 83 33 28 9 28 36 18 28 29 7 13 33 0 46 56 21 23 11 17 63 25 21 16 47 45 24 29 40 24 9 21 30 22 51 39 40 74 31
40 7 36 5 14 6 7 52 19 29 17 22 24 27 20 37 38 0 18 20 11 30 18 4 15 29 52 37 22 24 30 20 8 69 48 25 30 39 4 13 4 26
70 31 64 11 15 9 13 65 40 43 39 25 19 25 45 33 53 17 0 44 13 44 49 25 33 33 56 21 52 37 36 24 28 51 34 43 44 25 15 55 7 70
26 20 40 28 35 48 30 16 40 3 3 25 43 19 14 65 19 14 32 0 8 25 9 10 7 29 40 26 6 62 4 32 11 19 12 33 10 34 23 3 18 12
34 18 37 18 38 28 18 42 32 20 18 26 27 15 11 63 47 15 19 8 0 41 10 13 12 38 44 27 22 46 18 14 7 36 21 20 19 33 17 15 14 23
26 56 8 68 42 38 47 14 21 36 32 24 15 5 20 47 9 48 41 26 20 0 9 23 17 26 9 23 24 39 17 14 42 10 8 32 7 28 29 26 34 31
15 25 37 25 43 38 26 24 14 11 7 59 21 14 2 37 28 25 39 9 13 22 0 32 6 29 14 24 8 39 8 26 10 21 13 19 9 33 21 11 37 21
16 1 38 9 25 23 18 26 35 14 12 61 63 18 29 74 38 8 32 21 7 38 26 0 11 36 30 20 11 56 23 38 9 36 45 38 18 30 5 19 12 26
29 16 42 19 20 29 17 19 28 6 4 41 45 15 6 50 24 19 49 3 4 34 5 22 0 55 39 27 8 24 11 20 12 28 20 60 10 40 17 9 18 26
78 57 32 35 38 25 31 48 11 26 23 4 19 42 29 14 55 29 16 58 23 37 33 30 28 0 15 6 51 4 33 13 54 23 42 10 38 11 40 50 24 73
62 62 2 40 36 38 39 29 26 49 46 24 7 24 27 46 23 60 62 47 31 17 21 53 33 18 0 17 50 29 47 33 64 4 20 15 11 26 42 35 39 77
65 35 31 30 19 22 13 42 5 36 35 12 21 19 26 27 51 34 19 38 18 32 21 44 21 8 33 0 27 20 36 1 25 16 29 17 28 1 23 40 29 30
10 15 24 29 38 30 26 43 37 6 4 75 33 33 24 29 31 24 34 7 9 38 10 13 10 45 51 53 0 63 9 54 22 39 21 56 20 27 22 4 16 11
42 58 18 50 42 51 19 52 9 51 60 7 11 21 19 10 27 61 32 59 29 34 28 62 21 4 30 19 56 0 25 11 66 33 55 2 17 17 44 35 22 64
16 26 21 47 42 49 21 28 19 14 8 46 27 14 8 34 14 15 59 6 15 31 4 13 5 46 17 24 13 26 0 35 28 35 9 56 15 47 33 5 36 14
40 43 24 41 18 29 16 28 5 46 41 24 18 15 27 23 32 32 20 30 32 23 30 30 40 12 27 1 55 11 41 0 37 31 25 19 22 2 27 26 15 67
21 10 45 24 31 17 22 37 38 14 16 50 30 25 21 59 55 15 19 13 6 20 12 9 16 39 67 28 11 55 19 41 0 40 23 58 22 45 9 18 19 19
54 49 4 66 58 49 39 26 21 50 52 41 17 16 34 39 17 72 35 39 34 8 27 40 32 32 2 44 51 15 34 42 68 0 34 16 33 21 59 51 29 72
39 48 31 43 37 56 31 12 44 15 19 65 26 5 11 28 16 52 40 16 29 13 15 30 12 45 14 32 27 55 13 21 22 14 0 30 12 25 47 15 36 27
85 42 17 65 35 22 40 39 7 47 70 4 13 29 22 10 26 60 51 26 51 29 41 53 29 5 18 17 32 2 38 23 40 37 46 0 24 9 29 64 21 54
18 35 22 43 26 40 24 20 24 23 21 34 16 4 6 40 24 29 46 10 11 17 10 38 17 24 17 11 17 41 9 18 31 19 13 32 0 30 37 27 21 45
55 40 21 36 24 27 10 54 5 28 34 18 10 33 19 11 43 33 24 26 28 18 33 36 32 5 23 1 37 16 48 3 35 36 20 17 25 0 14 45 14 38
22 11 36 6 19 9 5 53 40 31 28 25 49 39 27 43 59 8 15 34 9 31 32 16 22 28 52 12 40 21 37 23 20 38 21 55 14 24 0 35 2 29
20 25 54 18 27 39 33 15 27 5 0 40 36 30 8 62 41 34 26 2 13 25 7 11 5 23 59 43 5 68 10 45 19 28 17 26 19 50 14 0 15 10
50 9 40 4 10 9 7 53 35 25 18 41 23 19 27 27 56 4 18 26 18 25 23 10 25 29 42 19 44 22 17 23 12 52 39 43 29 20 5 22 0 26
0 45 75 55 53 30 56 47 75 13 17 50 55 49 26 100 56 37 72 20 29 33 26 39 31 82 53 61 13 63 13 36 25 70 15 71 42 75 32 18 37 0