7
40
,
0 (30.0, 1.0) 48.0
1 (20.0, 47.0) 48.0
2 (39.0, 2.0) 79.0
3 (48.0, 2.0) 50.0
4 (45.0, 4.0) 73.0
5 (38.0, 14.0) 44.0
6 (3.0, 37.0) 37.0
7 (35.0, 38.0) 58.0
8 (13.0, 6.0) 38.0
9 (12.0, 10.0) 58.0
10 (46.0, 47.0) 31.0
11 (31.0, 45.0) 57.0
12 (14.0, 33.0) 54.0
13 (16.0, 24.0) 30.0
14 (50.0, 49.0) 62.0
15 (5.0, 43.0) 49.0
16 (35.0, 4.0) 48.0
17 (50.0, 14.0) 44.0
18 (13.0, 12.0) 37.0
19 (25.0, 14.0) 31.0
20 (13.0, 39.0) 42.0
21 (15.0, 21.0) 67.0
22 (29.0, 2.0) 31.0
23 (17.0, 15.0) 87.0
24 (45.0, 39.0) 64.0
25 (19.0, 49.0) 86.0
26 (39.0, 31.0) 88.0
27 (9.0, 9.0) 49.0
28 (41.0, 45.0) 40.0
29 (10.0, 18.0) 48.0
30 (38.0, 32.0) 59.0
31 (23.0, 4.0) 38.0
32 (16.0, 50.0) 36.0
33 (7.0, 28.0) 74.0
34 (41.0, 47.0) 89.0
35 (18.0, 28.0) 80.0
36 (40.0, 31.0) 41.0
37 (36.0, 10.0) 57.0
38 (12.0, 10.0) 85.0
39 (39.0, 7.0) 79.0
,
0 15 26 20 24 23 20 19 26 7 8 33 27 18 14 35 22 18 26 9 14 21 13 15 11 30 26 25 6 30 10 25 12 26 14 31 17 25 19 8 20 0
15 0 24 5 9 8 8 22 19 9 10 24 22 18 13 26 24 3 12 10 7 21 12 1 10 20 25 16 11 23 13 16 4 25 18 24 15 16 5 10 5 15
26 24 0 24 26 25 19 10 9 21 19 13 6 8 12 15 8 23 22 18 17 5 13 23 16 13 1 12 20 11 15 12 22 2 12 10 10 13 20 19 22 26
20 5 24 0 4 3 6 25 18 13 14 23 22 20 16 24 27 2 8 14 9 23 15 5 13 19 26 14 15 22 17 15 8 27 21 23 17 15 4 14 2 20
24 9 26 4 0 2 8 29 19 18 18 23 23 23 19 24 30 7 6 18 13 25 19 10 17 19 28 15 20 22 21 16 13 29 24 23 20 15 7 18 5 24
23 8 25 3 2 0 6 27 18 16 17 22 22 21 18 23 28 5 6 16 11 24 17 8 15 18 26 14 18 21 19 14 11 27 22 22 18 14 5 17 3 23
20 8 19 6 8 6 0 21 12 13 13 17 16 15 12 18 22 5 6 13 6 18 12 8 11 13 20 9 15 16 14 9 9 21 17 17 12 9 2 13 4 20
19 22 10 25 29 27 21 0 16 16 14 22 15 6 9 24 3 23 26 13 16 5 10 22 13 21 10 18 14 19 10 18 19 9 5 20 9 19 21 14 23 19
26 19 9 18 19 18 12 16 0 19 18 7 4 11 12 9 15 17 14 17 13 11 13 18 15 5 10 4 19 5 16 3 18 11 15 5 10 4 14 18 16 26
7 9 21 13 18 16 13 16 19 0 2 26 21 14 9 28 19 11 19 3 7 16 8 8 5 23 22 18 2 24 6 18 5 22 11 25 11 18 12 2 13 7
8 10 19 14 18 17 13 14 18 2 0 25 20 12 7 27 17 12 19 1 7 15 6 9 4 22 20 17 2 23 4 17 6 20 9 24 9 18 12 0 14 8
33 24 13 23 23 22 17 22 7 26 25 0 8 17 19 2 21 22 17 24 20 17 20 24 22 4 14 9 27 3 23 8 24 15 22 2 17 9 19 25 20 33
27 22 6 22 23 22 16 15 4 21 20 8 0 10 13 10 13 21 18 19 16 9 14 22 17 8 6 8 21 5 17 7 21 8 15 5 11 8 18 20 19 27
18 18 8 20 23 21 15 6 11 14 12 17 10 0 5 20 7 18 20 11 11 3 6 17 9 16 8 13 12 15 8 12 15 9 4 15 3 13 16 12 18 18
14 13 12 16 19 18 12 9 12 9 7 19 13 5 0 21 11 14 18 6 7 8 2 13 5 16 13 12 8 16 4 12 11 13 5 17 2 12 12 7 14 14
35 26 15 24 24 23 18 24 9 28 27 2 10 20 21 0 23 24 18 26 22 19 22 26 24 6 16 11 29 5 25 10 26 17 24 5 19 10 21 27 22 35
22 24 8 27 30 28 22 3 15 19 17 21 13 7 11 23 0 25 27 16 18 4 12 24 15 20 8 18 17 18 13 17 21 7 8 18 10 18 23 17 25 22
18 3 23 2 7 5 5 23 17 11 12 22 21 18 14 24 25 0 9 12 7 21 13 3 11 18 24 14 13 21 14 14 6 25 18 22 15 14 3 12 2 18
26 12 22 8 6 6 6 26 14 19 19 17 18 20 18 18 27 9 0 19 12 22 18 12 17 13 23 10 21 16 20 11 14 25 23 17 17 10 7 19 7 26
9 10 18 14 18 16 13 13 17 3 1 24 19 11 6 26 16 12 19 0 6 14 5 9 2 21 19 16 2 22 3 16 6 19 9 22 8 17 12 1 13 9
14 7 17 9 13 11 6 16 13 7 7 20 16 11 7 22 18 7 12 6 0 14 6 6 4 16 18 11 8 17 8 11 5 19 11 18 8 11 6 7 8 14
21 21 5 23 25 24 18 5 11 16 15 17 9 3 8 19 4 21 22 14 14 0 9 20 12 16 6 14 15 14 11 13 18 6 6 15 6 14 19 15 21 21
13 12 13 15 19 17 12 10 13 8 6 20 14 6 2 22 12 13 18 5 6 9 0 12 3 17 14 13 7 18 3 13 9 15 5 18 4 13 12 6 14 13
15 1 23 5 10 8 8 22 18 8 9 24 22 17 13 26 24 3 12 9 6 20 12 0 9 20 24 15 11 22 12 16 3 25 17 23 14 16 5 9 6 15
11 10 16 13 17 15 11 13 15 5 4 22 17 9 5 24 15 11 17 2 4 12 3 9 0 18 17 14 5 19 4 14 6 18 8 20 7 14 10 4 12 11
30 20 13 19 19 18 13 21 5 23 22 4 8 16 16 6 20 18 13 21 16 16 17 20 18 0 14 5 23 4 20 5 21 16 20 4 15 5 15 22 16 30
26 25 1 26 28 26 20 10 10 22 20 14 6 8 13 16 8 24 23 19 18 6 14 24 17 14 0 13 21 11 16 13 23 2 12 11 11 14 21 20 23 26
25 16 12 14 15 14 9 18 4 18 17 9 8 13 12 11 18 14 10 16 11 14 13 15 14 5 13 0 19 7 16 1 16 15 16 8 11 0 11 17 12 25
6 11 20 15 20 18 15 14 19 2 2 27 21 12 8 29 17 13 21 2 8 15 7 11 5 23 21 19 0 24 5 19 7 21 10 25 11 19 14 2 15 6
30 23 11 22 22 21 16 19 5 24 23 3 5 15 16 5 18 21 16 22 17 14 18 22 19 4 11 7 24 0 21 7 22 13 19 1 14 7 18 23 19 30
10 13 15 17 21 19 14 10 16 6 4 23 17 8 4 25 13 14 20 3 8 11 3 12 4 20 16 16 5 21 0 16 10 16 5 21 6 16 14 4 16 10
25 16 12 15 16 14 9 18 3 18 17 8 7 12 12 10 17 14 11 16 11 13 13 16 14 5 13 1 19 7 16 0 16 14 16 8 10 1 11 17 13 25
12 4 22 8 13 11 9 19 18 5 6 24 21 15 11 26 21 6 14 6 5 18 9 3 6 21 23 16 7 22 10 16 0 23 14 23 12 16 7 6 8 12
26 25 2 27 29 27 21 9 11 22 20 15 8 9 13 17 7 25 25 19 19 6 15 25 18 16 2 15 21 13 16 14 23 0 12 13 11 15 22 20 24 26
14 18 12 21 24 22 17 5 15 11 9 22 15 4 5 24 8 18 23 9 11 6 5 17 8 20 12 16 10 19 5 16 14 12 0 19 6 17 17 9 19 14
31 24 10 23 23 22 17 20 5 25 24 2 5 15 17 5 18 22 17 22 18 15 18 23 20 4 11 8 25 1 21 8 23 13 19 0 15 8 19 24 20 31
17 15 10 17 20 18 12 9 10 11 9 17 11 3 2 19 10 15 17 8 8 6 4 14 7 15 11 11 11 14 6 10 12 11 6 15 0 11 13 9 15 17
25 16 13 15 15 14 9 19 4 18 18 9 8 13 12 10 18 14 10 17 11 14 13 16 14 5 14 0 19 7 16 1 16 15 17 8 11 0 11 18 12 25
19 5 20 4 7 5 2 21 14 12 12 19 18 16 12 21 23 3 7 12 6 19 12 5 10 15 21 11 14 18 14 11 7 22 17 19 13 11 0 12 2 19
8 10 19 14 18 17 13 14 18 2 0 25 20 12 7 27 17 12 19 1 7 15 6 9 4 22 20 17 2 23 4 17 6 20 9 24 9 18 12 0 14 8
20 5 22 2 5 3 4 23 16 13 14 20 19 18 14 22 25 2 7 13 8 21 14 6 12 16 23 12 15 19 16 13 8 24 19 20 15 12 2 14 0 20
0 15 26 20 24 23 20 19 26 7 8 33 27 18 14 35 22 18 26 9 14 21 13 15 11 30 26 25 6 30 10 25 12 26 14 31 17 25 19 8 20 0
,
0 42 26 43 52 25 23 29 65 16 20 59 62 41 23 52 56 21 37 11 33 33 18 17 28 77 47 48 17 35 29 38 15 33 23 41 45 69 44 23 37 0
22 0 33 8 19 11 20 41 43 26 15 71 47 21 18 27 33 5 24 13 9 56 28 1 10 22 48 28 31 57 18 24 4 69 40 60 30 35 10 10 11 38
40 47 0 69 29 52 49 15 13 49 55 34 17 18 24 33 11 60 25 26 46 9 29 54 24 22 2 31 46 23 41 29 30 4 19 26 23 20 25 24 26 41
40 8 38 0 9 6 7 48 43 22 32 65 34 56 43 31 30 4 8 15 26 33 31 8 37 30 30 30 19 29 39 31 16 65 21 50 21 20 11 42 6 49
43 23 36 11 0 2 15 52 54 42 29 63 54 50 20 69 60 16 11 20 18 30 48 26 48 35 61 24 47 50 52 17 14 84 41 33 59 41 19 53 10 25
43 11 30 7 5 0 17 58 19 41 25 28 32 23 24 50 75 14 9 49 25 58 29 10 16 18 43 32 43 39 21 18 27 48 24 38 48 14 8 45 5 38
57 19 47 16 8 9 0 33 22 25 37 50 40 26 13 22 23 13 14 15 11 48 14 14 24 29 58 23 19 29 20 22 18 60 32 48 12 11 3 38 9 42
31 41 19 45 32 74 21 0 35 29 37 40 32 10 24 42 4 32 38 36 38 12 14 63 21 47 13 32 20 56 13 37 46 14 14 22 14 49 60 26 61 47
42 31 14 54 46 43 28 41 0 35 54 12 7 20 21 17 30 47 40 18 17 30 38 39 20 11 16 4 48 9 36 6 53 25 44 14 17 7 24 31 25 77
11 22 50 23 42 17 32 34 32 0 6 63 44 32 18 67 41 31 29 5 15 18 16 22 12 33 64 47 7 38 9 32 12 26 32 25 25 55 19 6 28 18
8 22 54 27 31 34 17 25 48 2 0 34 25 31 21 65 32 19 56 2 19 24 8 10 10 58 32 29 3 65 12 45 13 51 13 45 13 30 24 0 16 18
76 62 35 40 54 32 45 27 15 66 52 0 21 24 46 6 57 48 38 59 30 50 51 68 35 6 38 26 63 6 62 18 37 33 30 5 31 18 39 62 21 58
39 35 13 34 55 43 31 28 5 22 43 21 0 29 23 20 21 41 52 51 17 28 15 42 34 15 11 8 61 12 33 16 34 14 21 15 17 17 46 47 50 57
50 23 11 47 53 29 40 8 32 40 12 24 22 0 13 43 15 29 46 19 14 6 9 19 25 25 16 19 33 35 17 18 44 23 9 36 7 23 20 32 20 39
26 33 16 47 58 47 28 23 22 27 13 47 22 5 0 56 26 21 47 17 18 15 4 30 7 39 25 21 13 25 10 24 22 21 8 31 6 29 34 8 37 34
104 42 41 72 55 54 46 65 18 64 69 6 20 39 62 0 25 60 33 73 60 54 49 61 70 13 39 31 80 9 38 29 36 45 43 13 56 19 26 71 49 69
52 31 22 45 80 74 33 4 39 25 32 40 37 9 23 63 0 58 46 25 36 13 16 52 43 23 10 24 49 36 18 49 53 15 14 43 28 19 68 22 49 28
28 6 32 5 17 12 10 55 32 25 28 54 24 25 35 40 33 0 10 20 15 43 38 4 19 18 55 35 31 30 33 33 9 54 41 42 43 38 4 19 6 50
44 27 38 9 13 13 9 71 39 27 37 40 45 43 34 45 48 15 0 38 29 62 44 20 39 32 47 13 59 20 44 13 26 67 49 39 52 28 10 34 10 55
14 24 18 40 44 26 35 21 21 5 2 69 30 21 7 28 45 32 46 0 9 40 8 22 5 31 38 39 5 31 9 17 10 53 20 23 20 40 23 2 33 19
19 14 44 23 17 20 14 30 19 11 17 41 38 19 7 59 49 12 25 11 0 37 8 12 7 23 39 30 13 22 10 23 15 33 16 30 22 28 14 19 22 29
31 53 7 58 70 44 31 12 31 24 29 47 25 3 10 54 10 56 38 16 30 0 16 28 18 34 8 22 27 37 29 24 23 11 13 22 15 27 34 26 60 23
24 22 15 39 44 35 26 24 17 20 13 53 25 9 3 44 32 35 27 10 9 15 0 15 8 33 26 16 14 48 5 25 15 15 6 35 7 30 19 10 23 17
35 2 29 11 14 22 21 32 52 24 17 66 62 17 29 64 36 4 28 13 17 29 16 0 18 52 67 28 14 52 24 40 3 61 20 53 24 46 11 22 7 39
30 10 45 35 26 22 23 36 39 5 10 40 47 25 9 53 25 13 49 3 10 30 4 20 0 41 25 39 11 44 9 24 16 30 25 42 15 35 18 5 23 28
82 38 14 49 19 23 24 45 10 69 29 12 20 47 26 10 37 33 26 32 26 24 31 52 40 0 34 11 59 11 39 9 40 23 59 11 24 14 37 60 18 83
38 59 1 49 54 57 27 25 27 53 53 35 8 11 30 45 9 27 47 44 38 13 22 41 27 40 0 24 50 22 33 29 65 4 21 24 11 20 37 43 27 71
69 18 27 21 28 24 17 37 5 47 28 24 23 32 22 27 45 25 11 33 24 38 13 41 18 13 23 0 27 8 32 2 29 18 22 13 27 1 15 35 20 47
17 21 38 16 53 26 22 35 48 3 3 68 55 13 15 58 50 16 45 3 19 30 16 31 5 62 21 33 0 48 9 21 16 32 14 33 16 39 20 2 34 17
81 48 23 50 51 55 31 38 9 37 50 4 9 30 20 8 30 33 26 36 31 36 53 28 31 7 15 21 53 0 21 12 45 32 24 2 38 8 20 57 28 66
20 34 40 34 48 36 39 20 23 17 10 26 35 11 6 53 20 32 52 4 10 31 8 17 6 56 38 21 5 29 0 26 19 46 12 22 17 36 33 12 21 18
31 34 29 15 30 35 19 48 9 37 40 13 18 30 19 25 49 25 23 28 33 32 17 36 28 10 22 2 35 9 29 0 28 39 16 12 15 1 25 30 29 67
26 4 42 17 15 11 20 36 39 7 9 63 45 45 30 28 46 6 26 17 8 27 12 3 9 48 34 40 9 44 27 38 0 54 34 64 26 34 16 13 21 34
44 41 5 37 67 51 58 11 26 62 26 19 9 12 18 31 9 63 43 20 37 9 16 38 33 32 4 32 29 25 41 33 49 0 14 26 28 22 54 48 56 35
29 44 29 58 72 55 23 10 41 20 12 24 27 10 14 66 19 52 31 21 18 11 10 50 13 43 23 33 11 48 14 20 18 15 0 50 7 45 47 26 22 36
58 32 13 26 35 55 35 39 12 60 63 3 13 24 24 6 29 25 38 67 38 33 48 42 40 9 32 19 56 1 26 8 56 17 47 0 23 19 38 27 50 83
26 24 16 32 41 50 28 21 15 28 21 44 15 8 2 54 10 20 35 18 22 10 11 39 14 36 31 17 16 37 13 23 26 13 7 38 0 29 26 26 25 22
60 26 32 16 17 29 12 44 8 35 22 22 24 21 32 18 40 20 13 34 34 36 17 44 35 7 23 1 39 16 40 3 32 34 17 14 24 0 25 19 21 51
24 6 29 9 19 14 4 39 27 30 15 49 49 19 26 26 53 5 8 14 12 51 31 15 11 30 37 19 40 26 31 28 17 28 27 43 36 13 0 33 6 29
18 21 47 23 43 39 27 33 33 3 0 38 50 29 22 33 35 21 20 1 8 21 16 19 5 24 50 45 2 43 11 42 10 53 22 49 17 20 23 0 27 8
50 13 25 5 5 9 5 68 19 13 28 25 25 25 22 47 35 3 19 29 13 35 32 12 16 20 66 12 29 50 23 18 22 28 19 33 24 28 3 37 0 59
0 43 69 32 68 59 41 43 62 11 21 36 72 18 39 77 35 44 30 12 34 35 20 24 12 56 37 51 12 39 27 32 31 39 39 48 37 63 30 16 42 0