7
40
,
0 (30.0, 1.0) 51.0
1 (20.0, 47.0) 48.0
2 (39.0, 2.0) 39.0
3 (48.0, 2.0) 34.0
4 (45.0, 4.0) 53.0
5 (38.0, 14.0) 45.0
6 (3.0, 37.0) 46.0
7 (35.0, 38.0) 83.0
8 (13.0, 6.0) 63.0
9 (12.0, 10.0) 62.0
10 (46.0, 47.0) 71.0
11 (31.0, 45.0) 46.0
12 (14.0, 33.0) 83.0
13 (16.0, 24.0) 51.0
14 (50.0, 49.0) 53.0
15 (5.0, 43.0) 32.0
16 (35.0, 4.0) 60.0
17 (50.0, 14.0) 58.0
18 (13.0, 12.0) 42.0
19 (25.0, 14.0) 37.0
20 (13.0, 39.0) 31.0
21 (15.0, 21.0) 50.0
22 (29.0, 2.0) 51.0
23 (17.0, 15.0) 74.0
24 (45.0, 39.0) 44.0
25 (19.0, 49.0) 75.0
26 (39.0, 31.0) 49.0
27 (9.0, 9.0) 42.0
28 (41.0, 45.0) 42.0
29 (10.0, 18.0) 35.0
30 (38.0, 32.0) 55.0
31 (23.0, 4.0) 44.0
32 (16.0, 50.0) 31.0
33 (7.0, 28.0) 74.0
34 (41.0, 47.0) 53.0
35 (18.0, 28.0) 38.0
36 (40.0, 31.0) 67.0
37 (36.0, 10.0) 47.0
38 (12.0, 10.0) 50.0
39 (39.0, 7.0) 86.0
,
0 15 26 20 24 23 20 19 26 7 8 33 27 18 14 35 22 18 26 9 14 21 13 15 11 30 26 25 6 30 10 25 12 26 14 31 17 25 19 8 20 0
15 0 24 5 9 8 8 22 19 9 10 24 22 18 13 26 24 3 12 10 7 21 12 1 10 20 25 16 11 23 13 16 4 25 18 24 15 16 5 10 5 15
26 24 0 24 26 25 19 10 9 21 19 13 6 8 12 15 8 23 22 18 17 5 13 23 16 13 1 12 20 11 15 12 22 2 12 10 10 13 20 19 22 26
20 5 24 0 4 3 6 25 18 13 14 23 22 20 16 24 27 2 8 14 9 23 15 5 13 19 26 14 15 22 17 15 8 27 21 23 17 15 4 14 2 20
24 9 26 4 0 2 8 29 19 18 18 23 23 23 19 24 30 7 6 18 13 25 19 10 17 19 28 15 20 22 21 16 13 29 24 23 20 15 7 18 5 24
23 8 25 3 2 0 6 27 18 16 17 22 22 21 18 23 28 5 6 16 11 24 17 8 15 18 26 14 18 21 19 14 11 27 22 22 18 14 5 17 3 23
20 8 19 6 8 6 0 21 12 13 13 17 16 15 12 18 22 5 6 13 6 18 12 8 11 13 20 9 15 16 14 9 9 21 17 17 12 9 2 13 4 20
19 22 10 25 29 27 21 0 16 16 14 22 15 6 9 24 3 23 26 13 16 5 10 22 13 21 10 18 14 19 10 18 19 9 5 20 9 19 21 14 23 19
26 19 9 18 19 18 12 16 0 19 18 7 4 11 12 9 15 17 14 17 13 11 13 18 15 5 10 4 19 5 16 3 18 11 15 5 10 4 14 18 16 26
7 9 21 13 18 16 13 16 19 0 2 26 21 14 9 28 19 11 19 3 7 16 8 8 5 23 22 18 2 24 6 18 5 22 11 25 11 18 12 2 13 7
8 10 19 14 18 17 13 14 18 2 0 25 20 12 7 27 17 12 19 1 7 15 6 9 4 22 20 17 2 23 4 17 6 20 9 24 9 18 12 0 14 8
33 24 13 23 23 22 17 22 7 26 25 0 8 17 19 2 21 22 17 24 20 17 20 24 22 4 14 9 27 3 23 8 24 15 22 2 17 9 19 25 20 33
27 22 6 22 23 22 16 15 4 21 20 8 0 10 13 10 13 21 18 19 16 9 14 22 17 8 6 8 21 5 17 7 21 8 15 5 11 8 18 20 19 27
18 18 8 20 23 21 15 6 11 14 12 17 10 0 5 20 7 18 20 11 11 3 6 17 9 16 8 13 12 15 8 12 15 9 4 15 3 13 16 12 18 18
14 13 12 16 19 18 12 9 12 9 7 19 13 5 0 21 11 14 18 6 7 8 2 13 5 16 13 12 8 16 4 12 11 13 5 17 2 12 12 7 14 14
35 26 15 24 24 23 18 24 9 28 27 2 10 20 21 0 23 24 18 26 22 19 22 26 24 6 16 11 29 5 25 10 26 17 24 5 19 10 21 27 22 35
22 24 8 27 30 28 22 3 15 19 17 21 13 7 11 23 0 25 27 16 18 4 12 24 15 20 8 18 17 18 13 17 21 7 8 18 10 18 23 17 25 22
18 3 23 2 7 5 5 23 17 11 12 22 21 18 14 24 25 0 9 12 7 21 13 3 11 18 24 14 13 21 14 14 6 25 18 22 15 14 3 12 2 18
26 12 22 8 6 6 6 26 14 19 19 17 18 20 18 18 27 9 0 19 12 22 18 12 17 13 23 10 21 16 20 11 14 25 23 17 17 10 7 19 7 26
9 10 18 14 18 16 13 13 17 3 1 24 19 11 6 26 16 12 19 0 6 14 5 9 2 21 19 16 2 22 3 16 6 19 9 22 8 17 12 1 13 9
14 7 17 9 13 11 6 16 13 7 7 20 16 11 7 22 18 7 12 6 0 14 6 6 4 16 18 11 8 17 8 11 5 19 11 18 8 11 6 7 8 14
21 21 5 23 25 24 18 5 11 16 15 17 9 3 8 19 4 21 22 14 14 0 9 20 12 16 6 14 15 14 11 13 18 6 6 15 6 14 19 15 21 21
13 12 13 15 19 17 12 10 13 8 6 20 14 6 2 22 12 13 18 5 6 9 0 12 3 17 14 13 7 18 3 13 9 15 5 18 4 13 12 6 14 13
15 1 23 5 10 8 8 22 18 8 9 24 22 17 13 26 24 3 12 9 6 20 12 0 9 20 24 15 11 22 12 16 3 25 17 23 14 16 5 9 6 15
11 10 16 13 17 15 11 13 15 5 4 22 17 9 5 24 15 11 17 2 4 12 3 9 0 18 17 14 5 19 4 14 6 18 8 20 7 14 10 4 12 11
30 20 13 19 19 18 13 21 5 23 22 4 8 16 16 6 20 18 13 21 16 16 17 20 18 0 14 5 23 4 20 5 21 16 20 4 15 5 15 22 16 30
26 25 1 26 28 26 20 10 10 22 20 14 6 8 13 16 8 24 23 19 18 6 14 24 17 14 0 13 21 11 16 13 23 2 12 11 11 14 21 20 23 26
25 16 12 14 15 14 9 18 4 18 17 9 8 13 12 11 18 14 10 16 11 14 13 15 14 5 13 0 19 7 16 1 16 15 16 8 11 0 11 17 12 25
6 11 20 15 20 18 15 14 19 2 2 27 21 12 8 29 17 13 21 2 8 15 7 11 5 23 21 19 0 24 5 19 7 21 10 25 11 19 14 2 15 6
30 23 11 22 22 21 16 19 5 24 23 3 5 15 16 5 18 21 16 22 17 14 18 22 19 4 11 7 24 0 21 7 22 13 19 1 14 7 18 23 19 30
10 13 15 17 21 19 14 10 16 6 4 23 17 8 4 25 13 14 20 3 8 11 3 12 4 20 16 16 5 21 0 16 10 16 5 21 6 16 14 4 16 10
25 16 12 15 16 14 9 18 3 18 17 8 7 12 12 10 17 14 11 16 11 13 13 16 14 5 13 1 19 7 16 0 16 14 16 8 10 1 11 17 13 25
12 4 22 8 13 11 9 19 18 5 6 24 21 15 11 26 21 6 14 6 5 18 9 3 6 21 23 16 7 22 10 16 0 23 14 23 12 16 7 6 8 12
26 25 2 27 29 27 21 9 11 22 20 15 8 9 13 17 7 25 25 19 19 6 15 25 18 16 2 15 21 13 16 14 23 0 12 13 11 15 22 20 24 26
14 18 12 21 24 22 17 5 15 11 9 22 15 4 5 24 8 18 23 9 11 6 5 17 8 20 12 16 10 19 5 16 14 12 0 19 6 17 17 9 19 14
31 24 10 23 23 22 17 20 5 25 24 2 5 15 17 5 18 22 17 22 18 15 18 23 20 4 11 8 25 1 21 8 23 13 19 0 15 8 19 24 20 31
17 15 10 17 20 18 12 9 10 11 9 17 11 3 2 19 10 15 17 8 8 6 4 14 7 15 11 11 11 14 6 10 12 11 6 15 0 11 13 9 15 17
25 16 13 15 15 14 9 19 4 18 18 9 8 13 12 10 18 14 10 17 11 14 13 16 14 5 14 0 19 7 16 1 16 15 17 8 11 0 11 18 12 25
19 5 20 4 7 5 2 21 14 12 12 19 18 16 12 21 23 3 7 12 6 19 12 5 10 15 21 11 14 18 14 11 7 22 17 19 13 11 0 12 2 19
8 10 19 14 18 17 13 14 18 2 0 25 20 12 7 27 17 12 19 1 7 15 6 9 4 22 20 17 2 23 4 17 6 20 9 24 9 18 12 0 14 8
20 5 22 2 5 3 4 23 16 13 14 20 19 18 14 22 25 2 7 13 8 21 14 6 12 16 23 12 15 19 16 13 8 24 19 20 15 12 2 14 0 20
0 15 26 20 24 23 20 19 26 7 8 33 27 18 14 35 22 18 26 9 14 21 13 15 11 30 26 25 6 30 10 25 12 26 14 31 17 25 19 8 20 0
,
0 17 45 48 27 29 60 40 30 15 14 54 54 29 42 89 51 44 59 23 16 26 38 41 22 65 43 61 12 53 29 65 33 61 31 56 48 56 53 14 29 0
18 0 37 13 18 14 15 52 30 22 26 31 24 22 16 29 25 4 16 22 20 54 17 2 17 58 56 43 31 63 36 38 4 59 33 30 18 30 7 28 11 32
43 70 0 48 69 58 26 10 11 47 30 27 6 15 15 16 12 62 61 51 33 13 27 43 44 15 2 31 36 27 16 29 41 6 32 23 14 16 21 52 56 53
37 5 34 0 6 5 9 34 46 35 36 59 55 59 29 50 71 7 20 19 14 45 46 7 18 34 43 20 25 59 41 24 22 37 37 25 21 21 11 20 6 56
63 25 39 5 0 4 8 62 40 48 51 40 47 39 47 67 63 9 12 47 19 36 21 14 26 51 40 17 47 32 28 22 17 37 27 38 57 32 19 49 12 65
48 17 61 5 4 0 17 31 42 47 31 50 40 54 36 53 47 6 11 33 32 46 32 24 30 33 29 16 30 27 35 27 19 36 57 52 37 23 11 43 5 35
55 17 27 12 23 14 0 34 19 21 36 33 38 28 23 26 61 12 13 29 12 29 15 22 22 27 30 20 27 23 37 15 22 30 38 36 15 22 5 25 8 55
43 28 11 46 80 49 58 0 21 49 19 40 16 6 15 52 9 33 36 14 28 14 15 61 26 42 20 30 38 50 17 47 28 15 11 47 26 55 53 36 32 28
46 25 9 31 25 40 36 41 0 28 53 11 5 24 17 16 24 17 34 29 18 18 14 37 17 13 12 9 45 11 38 8 35 20 26 16 11 7 17 27 28 70
12 11 23 24 18 37 24 44 58 0 3 46 38 25 27 67 53 12 43 3 21 38 10 16 13 43 57 49 6 47 18 36 6 64 27 45 14 49 16 4 27 21
10 15 31 18 38 27 37 39 22 3 0 58 38 30 16 79 30 28 49 2 11 34 14 13 5 54 47 38 4 52 7 30 17 45 27 37 18 51 29 0 38 18
65 28 34 40 65 47 23 30 19 74 43 0 21 46 47 6 58 62 18 63 40 42 36 40 62 11 28 26 29 4 50 21 34 25 25 5 39 17 50 36 44 96
57 36 15 33 25 26 45 30 4 37 41 14 0 24 32 18 15 26 32 45 18 18 19 42 18 21 11 22 56 12 26 18 50 15 29 10 30 20 36 42 57 60
24 25 9 41 62 42 34 14 11 27 32 18 24 0 12 37 11 30 32 18 14 4 15 28 13 22 23 28 36 26 17 23 43 17 13 39 7 30 26 18 45 28
42 17 19 27 32 39 29 26 12 17 20 30 21 9 0 38 28 23 33 14 20 20 3 25 11 22 33 30 11 45 7 20 23 23 12 19 4 25 21 11 19 24
35 47 38 36 61 54 54 49 27 59 43 4 22 41 63 0 41 64 29 53 30 51 50 58 60 15 36 25 69 5 30 16 33 24 38 13 54 26 34 65 31 69
65 69 16 75 41 44 41 9 44 41 46 42 16 19 11 45 0 30 35 39 39 6 29 31 44 50 21 31 31 37 24 26 27 14 12 22 12 39 56 49 51 61
31 8 60 2 16 11 12 35 46 22 28 27 48 24 19 24 28 0 22 24 13 40 39 9 16 52 28 19 31 39 24 19 7 29 49 60 25 33 6 21 3 51
37 12 57 17 7 15 14 69 30 28 40 47 48 33 35 22 56 11 0 41 28 47 34 35 19 22 63 24 22 28 58 21 36 28 26 40 41 24 15 48 8 39
22 24 29 27 20 17 32 26 48 3 3 54 24 16 16 47 20 12 19 0 18 26 13 13 6 27 50 45 4 62 9 25 11 35 12 42 14 29 17 2 29 14
16 18 27 13 23 27 8 28 35 19 13 43 43 27 10 42 33 7 24 7 0 27 15 19 5 28 52 16 13 46 11 12 6 19 19 34 19 23 12 9 17 17
49 26 12 27 56 68 23 8 17 25 26 50 10 6 18 49 7 21 28 15 28 0 17 26 25 31 6 28 16 40 18 21 42 16 15 35 10 29 23 34 58 56
18 16 16 43 20 37 31 24 21 22 10 27 30 13 2 62 31 14 36 5 13 14 0 20 6 22 25 38 16 43 5 19 11 25 14 24 5 24 15 6 24 20
21 2 52 11 15 10 10 53 19 14 15 42 61 29 14 35 63 9 25 22 6 38 17 0 23 47 48 45 20 62 35 27 5 36 36 65 26 29 14 16 10 17
15 13 34 23 26 41 16 37 35 8 11 37 22 14 5 67 41 17 32 5 6 18 3 20 0 31 22 26 11 57 11 26 8 51 17 24 16 35 25 4 24 33
44 54 19 45 48 28 17 32 7 64 25 11 11 17 20 7 43 45 22 28 45 24 26 47 32 0 34 9 36 4 27 9 47 23 45 6 43 5 23 64 21 71
40 65 3 63 73 55 31 27 27 31 37 15 15 22 27 32 12 71 26 28 22 12 37 37 46 31 0 33 25 29 45 23 55 4 33 22 16 16 56 57 33 39
31 39 34 27 35 32 18 40 9 41 51 15 16 16 36 32 34 15 15 19 12 20 14 35 29 12 37 0 27 20 28 2 31 32 45 16 14 1 27 45 19 43
17 26 53 33 32 23 41 25 30 5 3 53 42 30 22 30 31 32 23 7 17 45 18 28 15 34 28 56 0 60 12 29 21 23 25 64 30 49 38 3 19 8
58 53 19 53 33 39 23 28 8 45 35 8 8 22 27 9 24 35 28 26 50 40 30 57 23 5 15 15 40 0 41 11 42 26 43 2 36 10 28 37 47 65
11 33 35 45 59 42 33 29 45 8 10 41 32 20 9 31 31 30 24 5 23 25 8 33 5 29 21 30 8 61 0 30 24 25 11 48 16 42 40 5 42 25
31 30 27 28 26 42 9 31 6 48 25 11 15 26 15 25 20 42 12 18 17 23 33 23 33 5 15 2 52 13 42 0 29 28 39 17 18 3 15 25 19 29
12 6 37 9 27 11 27 39 51 10 18 68 30 42 17 48 25 14 35 15 7 30 17 7 13 40 36 44 11 46 10 24 0 40 28 51 32 30 8 13 23 33
60 72 4 46 72 63 51 22 30 41 53 27 14 16 17 41 10 47 41 42 55 16 22 54 49 25 3 21 32 23 37 30 46 0 18 23 30 36 34 33 37 51
24 38 17 28 61 64 38 9 36 21 17 56 31 8 5 38 19 48 24 24 34 9 15 17 21 33 14 33 17 33 15 33 15 21 0 26 15 40 37 10 51 21
67 42 12 51 62 54 29 56 14 30 53 3 12 35 33 10 46 45 44 53 30 24 25 37 44 11 14 15 65 2 45 18 47 18 43 0 39 18 34 43 46 84
40 28 16 27 39 53 27 11 24 20 20 36 12 9 3 57 15 24 45 9 19 12 7 18 19 41 20 30 25 28 7 16 30 28 11 45 0 27 31 23 18 30
33 36 22 25 28 28 22 50 7 44 18 17 9 19 20 26 39 38 22 47 23 20 31 38 36 7 41 1 30 10 43 2 27 25 40 16 14 0 28 50 29 56
35 8 57 12 21 7 3 60 29 13 17 39 28 21 21 33 48 9 19 13 10 31 25 12 18 30 58 18 27 22 26 23 10 45 36 54 36 18 0 25 2 26
20 16 24 33 50 32 15 27 39 5 0 39 54 18 18 45 47 28 47 3 10 31 16 13 9 57 45 32 2 52 12 27 10 47 28 64 17 29 31 0 40 12
25 14 44 3 10 7 7 69 34 32 30 35 32 31 28 29 32 7 15 37 16 57 35 8 25 44 51 15 16 44 23 27 17 62 30 52 16 24 2 18 0 33
0 29 32 43 33 24 36 21 73 16 22 74 77 26 34 50 33 23 60 19 32 24 22 15 29 86 61 52 7 57 17 53 34 66 21 87 45 61 44 9 34 0