7
40
,
0 (30.0, 1.0) 53.0
1 (20.0, 47.0) 63.0
2 (39.0, 2.0) 66.0
3 (48.0, 2.0) 67.0
4 (45.0, 4.0) 42.0
5 (38.0, 14.0) 71.0
6 (3.0, 37.0) 44.0
7 (35.0, 38.0) 78.0
8 (13.0, 6.0) 66.0
9 (12.0, 10.0) 36.0
10 (46.0, 47.0) 84.0
11 (31.0, 45.0) 90.0
12 (14.0, 33.0) 43.0
13 (16.0, 24.0) 33.0
14 (50.0, 49.0) 60.0
15 (5.0, 43.0) 54.0
16 (35.0, 4.0) 33.0
17 (50.0, 14.0) 55.0
18 (13.0, 12.0) 83.0
19 (25.0, 14.0) 77.0
20 (13.0, 39.0) 30.0
21 (15.0, 21.0) 70.0
22 (29.0, 2.0) 64.0
23 (17.0, 15.0) 68.0
24 (45.0, 39.0) 36.0
25 (19.0, 49.0) 54.0
26 (39.0, 31.0) 75.0
27 (9.0, 9.0) 38.0
28 (41.0, 45.0) 61.0
29 (10.0, 18.0) 35.0
30 (38.0, 32.0) 73.0
31 (23.0, 4.0) 78.0
32 (16.0, 50.0) 52.0
33 (7.0, 28.0) 42.0
34 (41.0, 47.0) 64.0
35 (18.0, 28.0) 71.0
36 (40.0, 31.0) 41.0
37 (36.0, 10.0) 50.0
38 (12.0, 10.0) 54.0
39 (39.0, 7.0) 44.0
,
0 15 26 20 24 23 20 19 26 7 8 33 27 18 14 35 22 18 26 9 14 21 13 15 11 30 26 25 6 30 10 25 12 26 14 31 17 25 19 8 20 0
15 0 24 5 9 8 8 22 19 9 10 24 22 18 13 26 24 3 12 10 7 21 12 1 10 20 25 16 11 23 13 16 4 25 18 24 15 16 5 10 5 15
26 24 0 24 26 25 19 10 9 21 19 13 6 8 12 15 8 23 22 18 17 5 13 23 16 13 1 12 20 11 15 12 22 2 12 10 10 13 20 19 22 26
20 5 24 0 4 3 6 25 18 13 14 23 22 20 16 24 27 2 8 14 9 23 15 5 13 19 26 14 15 22 17 15 8 27 21 23 17 15 4 14 2 20
24 9 26 4 0 2 8 29 19 18 18 23 23 23 19 24 30 7 6 18 13 25 19 10 17 19 28 15 20 22 21 16 13 29 24 23 20 15 7 18 5 24
23 8 25 3 2 0 6 27 18 16 17 22 22 21 18 23 28 5 6 16 11 24 17 8 15 18 26 14 18 21 19 14 11 27 22 22 18 14 5 17 3 23
20 8 19 6 8 6 0 21 12 13 13 17 16 15 12 18 22 5 6 13 6 18 12 8 11 13 20 9 15 16 14 9 9 21 17 17 12 9 2 13 4 20
19 22 10 25 29 27 21 0 16 16 14 22 15 6 9 24 3 23 26 13 16 5 10 22 13 21 10 18 14 19 10 18 19 9 5 20 9 19 21 14 23 19
26 19 9 18 19 18 12 16 0 19 18 7 4 11 12 9 15 17 14 17 13 11 13 18 15 5 10 4 19 5 16 3 18 11 15 5 10 4 14 18 16 26
7 9 21 13 18 16 13 16 19 0 2 26 21 14 9 28 19 11 19 3 7 16 8 8 5 23 22 18 2 24 6 18 5 22 11 25 11 18 12 2 13 7
8 10 19 14 18 17 13 14 18 2 0 25 20 12 7 27 17 12 19 1 7 15 6 9 4 22 20 17 2 23 4 17 6 20 9 24 9 18 12 0 14 8
33 24 13 23 23 22 17 22 7 26 25 0 8 17 19 2 21 22 17 24 20 17 20 24 22 4 14 9 27 3 23 8 24 15 22 2 17 9 19 25 20 33
27 22 6 22 23 22 16 15 4 21 20 8 0 10 13 10 13 21 18 19 16 9 14 22 17 8 6 8 21 5 17 7 21 8 15 5 11 8 18 20 19 27
18 18 8 20 23 21 15 6 11 14 12 17 10 0 5 20 7 18 20 11 11 3 6 17 9 16 8 13 12 15 8 12 15 9 4 15 3 13 16 12 18 18
14 13 12 16 19 18 12 9 12 9 7 19 13 5 0 21 11 14 18 6 7 8 2 13 5 16 13 12 8 16 4 12 11 13 5 17 2 12 12 7 14 14
35 26 15 24 24 23 18 24 9 28 27 2 10 20 21 0 23 24 18 26 22 19 22 26 24 6 16 11 29 5 25 10 26 17 24 5 19 10 21 27 22 35
22 24 8 27 30 28 22 3 15 19 17 21 13 7 11 23 0 25 27 16 18 4 12 24 15 20 8 18 17 18 13 17 21 7 8 18 10 18 23 17 25 22
18 3 23 2 7 5 5 23 17 11 12 22 21 18 14 24 25 0 9 12 7 21 13 3 11 18 24 14 13 21 14 14 6 25 18 22 15 14 3 12 2 18
26 12 22 8 6 6 6 26 14 19 19 17 18 20 18 18 27 9 0 19 12 22 18 12 17 13 23 10 21 16 20 11 14 25 23 17 17 10 7 19 7 26
9 10 18 14 18 16 13 13 17 3 1 24 19 11 6 26 16 12 19 0 6 14 5 9 2 21 19 16 2 22 3 16 6 19 9 22 8 17 12 1 13 9
14 7 17 9 13 11 6 16 13 7 7 20 16 11 7 22 18 7 12 6 0 14 6 6 4 16 18 11 8 17 8 11 5 19 11 18 8 11 6 7 8 14
21 21 5 23 25 24 18 5 11 16 15 17 9 3 8 19 4 21 22 14 14 0 9 20 12 16 6 14 15 14 11 13 18 6 6 15 6 14 19 15 21 21
13 12 13 15 19 17 12 10 13 8 6 20 14 6 2 22 12 13 18 5 6 9 0 12 3 17 14 13 7 18 3 13 9 15 5 18 4 13 12 6 14 13
15 1 23 5 10 8 8 22 18 8 9 24 22 17 13 26 24 3 12 9 6 20 12 0 9 20 24 15 11 22 12 16 3 25 17 23 14 16 5 9 6 15
11 10 16 13 17 15 11 13 15 5 4 22 17 9 5 24 15 11 17 2 4 12 3 9 0 18 17 14 5 19 4 14 6 18 8 20 7 14 10 4 12 11
30 20 13 19 19 18 13 21 5 23 22 4 8 16 16 6 20 18 13 21 16 16 17 20 18 0 14 5 23 4 20 5 21 16 20 4 15 5 15 22 16 30
26 25 1 26 28 26 20 10 10 22 20 14 6 8 13 16 8 24 23 19 18 6 14 24 17 14 0 13 21 11 16 13 23 2 12 11 11 14 21 20 23 26
25 16 12 14 15 14 9 18 4 18 17 9 8 13 12 11 18 14 10 16 11 14 13 15 14 5 13 0 19 7 16 1 16 15 16 8 11 0 11 17 12 25
6 11 20 15 20 18 15 14 19 2 2 27 21 12 8 29 17 13 21 2 8 15 7 11 5 23 21 19 0 24 5 19 7 21 10 25 11 19 14 2 15 6
30 23 11 22 22 21 16 19 5 24 23 3 5 15 16 5 18 21 16 22 17 14 18 22 19 4 11 7 24 0 21 7 22 13 19 1 14 7 18 23 19 30
10 13 15 17 21 19 14 10 16 6 4 23 17 8 4 25 13 14 20 3 8 11 3 12 4 20 16 16 5 21 0 16 10 16 5 21 6 16 14 4 16 10
25 16 12 15 16 14 9 18 3 18 17 8 7 12 12 10 17 14 11 16 11 13 13 16 14 5 13 1 19 7 16 0 16 14 16 8 10 1 11 17 13 25
12 4 22 8 13 11 9 19 18 5 6 24 21 15 11 26 21 6 14 6 5 18 9 3 6 21 23 16 7 22 10 16 0 23 14 23 12 16 7 6 8 12
26 25 2 27 29 27 21 9 11 22 20 15 8 9 13 17 7 25 25 19 19 6 15 25 18 16 2 15 21 13 16 14 23 0 12 13 11 15 22 20 24 26
14 18 12 21 24 22 17 5 15 11 9 22 15 4 5 24 8 18 23 9 11 6 5 17 8 20 12 16 10 19 5 16 14 12 0 19 6 17 17 9 19 14
31 24 10 23 23 22 17 20 5 25 24 2 5 15 17 5 18 22 17 22 18 15 18 23 20 4 11 8 25 1 21 8 23 13 19 0 15 8 19 24 20 31
17 15 10 17 20 18 12 9 10 11 9 17 11 3 2 19 10 15 17 8 8 6 4 14 7 15 11 11 11 14 6 10 12 11 6 15 0 11 13 9 15 17
25 16 13 15 15 14 9 19 4 18 18 9 8 13 12 10 18 14 10 17 11 14 13 16 14 5 14 0 19 7 16 1 16 15 17 8 11 0 11 18 12 25
19 5 20 4 7 5 2 21 14 12 12 19 18 16 12 21 23 3 7 12 6 19 12 5 10 15 21 11 14 18 14 11 7 22 17 19 13 11 0 12 2 19
8 10 19 14 18 17 13 14 18 2 0 25 20 12 7 27 17 12 19 1 7 15 6 9 4 22 20 17 2 23 4 17 6 20 9 24 9 18 12 0 14 8
20 5 22 2 5 3 4 23 16 13 14 20 19 18 14 22 25 2 7 13 8 21 14 6 12 16 23 12 15 19 16 13 8 24 19 20 15 12 2 14 0 20
0 15 26 20 24 23 20 19 26 7 8 33 27 18 14 35 22 18 26 9 14 21 13 15 11 30 26 25 6 30 10 25 12 26 14 31 17 25 19 8 20 0
,
0 41 29 52 39 61 60 24 58 15 15 81 58 48 22 50 25 26 72 15 31 38 37 24 27 87 32 65 14 80 15 27 35 35 18 69 23 25 42 10 38 0
24 0 63 7 21 20 22 61 42 21 27 71 54 21 38 64 27 7 32 15 14 25 36 2 19 34 31 22 32 56 38 48 6 38 44 59 32 34 11 15 11 17
47 43 0 61 63 66 45 22 22 49 23 15 12 13 18 22 8 65 27 50 46 11 38 57 45 23 3 37 22 23 31 17 37 5 21 31 15 25 53 52 52 44
49 5 42 0 12 3 6 70 49 15 14 57 34 38 22 64 66 3 21 36 10 44 18 13 28 35 70 28 36 31 24 31 11 36 50 23 48 40 12 16 7 24
41 19 48 11 0 5 12 30 52 46 47 27 53 38 43 43 48 14 11 27 29 53 28 10 40 52 31 37 55 40 28 28 18 56 48 38 24 25 20 51 10 38
59 16 44 5 5 0 12 71 26 34 29 64 52 59 36 63 54 11 16 25 19 41 24 19 31 21 39 29 40 57 22 38 28 44 64 57 47 19 6 33 8 49
56 8 46 17 15 12 0 59 17 36 30 48 24 45 25 47 59 15 13 24 16 18 16 17 27 38 38 9 34 19 37 11 25 38 37 17 36 12 6 27 8 35
27 59 17 44 77 35 24 0 45 45 23 28 38 8 17 27 6 64 27 17 27 7 21 52 20 56 25 24 22 23 14 51 50 16 13 35 11 23 37 25 70 20
58 33 14 19 43 20 21 22 0 52 46 18 4 26 17 24 18 20 23 28 20 32 15 46 18 8 12 10 34 14 42 6 24 12 38 7 27 8 23 30 17 54
21 15 61 28 19 31 15 47 34 0 3 58 60 35 26 42 35 23 51 7 21 40 14 22 8 33 37 43 7 37 17 41 8 41 12 27 12 34 29 3 27 13
9 23 38 32 51 44 38 14 26 5 0 66 30 32 19 51 24 16 56 3 17 22 15 16 6 23 39 49 5 66 8 23 7 36 24 28 21 18 26 0 36 15
83 59 30 57 51 49 50 62 10 46 67 0 16 19 49 2 28 31 48 51 50 49 41 56 28 11 25 14 71 7 44 22 63 38 61 7 23 9 53 75 36 49
39 27 10 50 24 50 18 32 7 45 60 9 0 13 34 12 16 22 33 53 37 15 21 41 20 9 13 20 53 10 33 10 39 18 33 11 27 25 27 33 54 45
36 29 23 31 34 49 32 16 29 14 12 34 28 0 5 20 14 25 21 12 33 9 12 34 10 18 16 31 22 31 10 31 45 20 10 21 8 30 46 18 27 33
39 38 25 41 56 38 31 26 15 21 19 24 22 14 0 56 20 31 49 15 7 11 2 35 11 32 20 16 15 25 12 13 18 21 6 41 4 17 31 16 32 24
52 61 41 52 25 66 44 61 13 48 73 3 20 28 45 0 61 70 20 48 31 35 24 29 52 9 33 13 51 12 75 27 31 41 49 12 25 26 61 66 59 93
41 57 23 39 43 67 60 7 32 30 44 48 27 14 12 32 0 51 77 21 37 12 25 54 24 60 22 20 48 41 23 49 49 13 11 54 30 55 43 47 25 56
18 7 42 7 14 9 9 33 40 21 18 35 32 35 23 25 33 0 24 23 18 60 35 6 12 28 67 32 37 29 20 39 9 65 19 37 35 24 4 32 7 35
74 32 64 18 15 16 8 72 17 40 27 34 46 31 53 33 57 22 0 28 26 54 42 30 17 18 65 24 33 21 43 29 32 74 62 29 18 21 9 44 15 33
10 28 32 28 25 40 28 34 47 5 3 71 26 28 13 77 19 25 35 0 12 18 8 23 4 24 22 23 7 51 6 22 12 47 9 42 14 19 23 1 24 10
27 14 41 26 24 25 14 26 26 17 9 32 21 26 19 50 19 19 17 7 0 34 10 19 6 36 38 32 10 34 17 22 11 23 29 52 20 22 16 19 20 25
30 27 14 28 48 39 19 6 24 41 28 26 27 7 9 57 8 57 25 25 29 0 11 25 26 41 8 24 18 40 14 18 49 14 18 27 13 41 36 21 28 57
24 20 32 33 39 18 19 15 24 8 10 56 27 13 3 64 23 37 40 7 12 9 0 16 7 44 30 32 18 46 7 13 16 36 10 36 6 22 22 15 40 21
27 2 43 14 27 17 17 44 22 21 17 68 43 33 25 38 71 6 16 21 7 44 18 0 23 52 38 30 31 26 35 32 8 32 23 35 20 40 9 25 14 17
25 21 21 36 38 44 26 28 33 13 8 51 41 18 13 70 36 18 27 3 6 15 9 21 0 46 18 40 9 43 11 18 12 28 23 43 7 27 10 8 25 15
68 34 14 51 52 49 14 52 14 24 35 6 10 40 22 6 44 40 25 32 24 43 32 53 37 0 21 12 44 8 41 8 61 30 45 12 40 6 29 32 26 41
28 41 3 52 72 60 51 22 28 35 42 15 8 16 17 22 16 28 59 36 32 13 17 58 31 22 0 19 38 28 23 13 54 2 33 32 23 25 58 33 47 70
28 19 23 27 33 36 12 51 6 22 43 26 13 38 21 26 48 17 20 31 27 16 33 37 19 15 32 0 31 8 43 1 27 41 29 13 30 1 15 42 27 45
17 30 45 20 42 39 28 18 33 7 3 35 57 33 23 73 21 38 31 4 21 27 8 27 12 57 54 52 0 56 8 22 22 54 25 53 27 31 15 2 43 13
51 54 17 35 50 56 26 57 10 49 36 4 10 26 40 9 21 62 24 63 30 35 49 51 28 8 22 13 70 0 33 11 35 23 21 2 37 21 50 54 57 59
30 23 39 32 32 25 25 14 25 17 11 66 42 13 9 74 14 36 26 7 22 20 7 16 11 35 45 46 12 40 0 46 27 20 10 52 15 39 34 7 34 15
54 19 20 33 25 30 13 32 10 45 27 18 12 27 16 27 38 23 26 40 32 38 16 30 19 7 38 1 37 20 36 0 40 33 40 8 19 3 18 26 17 40
27 6 37 9 24 22 23 51 54 8 17 32 55 25 30 66 56 13 31 8 7 51 17 9 12 50 29 45 15 59 28 30 0 62 35 47 33 38 20 15 12 14
39 52 7 68 52 41 43 25 17 42 23 22 8 17 36 49 16 51 70 51 40 11 22 43 32 46 5 27 30 22 30 33 29 0 18 15 22 23 54 43 63 26
38 46 12 28 46 64 27 8 22 16 17 64 34 11 14 47 20 44 55 22 12 13 10 44 16 54 29 27 16 33 11 20 25 22 0 41 14 49 41 16 47 20
51 65 15 25 42 25 23 27 9 28 55 7 12 18 25 13 30 26 46 24 33 43 46 62 55 12 15 13 73 1 52 13 31 27 56 0 44 8 56 60 32 50
41 38 15 28 49 44 37 17 16 18 27 39 30 7 3 56 21 18 49 24 12 18 11 26 16 23 15 20 31 25 15 12 36 26 10 38 0 31 27 23 17 25
48 35 15 38 39 30 12 30 10 53 22 18 21 31 18 17 29 26 26 17 22 31 38 45 35 10 27 1 49 10 46 3 24 38 36 18 19 0 23 45 15 72
29 11 30 11 15 15 6 47 15 29 23 54 23 24 16 24 45 6 9 16 10 42 25 8 18 23 52 21 25 53 19 19 8 52 43 27 32 19 0 16 5 20
17 14 31 35 19 33 15 42 49 4 0 32 47 23 9 61 37 28 30 1 7 30 7 24 7 28 24 49 2 53 6 44 8 53 20 31 17 27 27 0 33 22
30 7 54 7 15 9 5 57 40 29 32 33 47 28 34 48 49 6 12 30 15 29 20 17 30 24 48 31 34 52 31 29 9 32 36 36 29 33 5 27 0 55
0 43 40 40 63 24 56 30 77 14 10 58 53 20 19 89 40 52 57 18 34 58 32 31 22 78 61 46 15 70 30 71 20 44 30 72 49 54 19 22 36 0