7
40
,
0 (30.0, 1.0) 81.0
1 (20.0, 47.0) 47.0
2 (39.0, 2.0) 67.0
3 (48.0, 2.0) 55.0
4 (45.0, 4.0) 31.0
5 (38.0, 14.0) 35.0
6 (3.0, 37.0) 42.0
7 (35.0, 38.0) 80.0
8 (13.0, 6.0) 77.0
9 (12.0, 10.0) 71.0
10 (46.0, 47.0) 75.0
11 (31.0, 45.0) 61.0
12 (14.0, 33.0) 51.0
13 (16.0, 24.0) 51.0
14 (50.0, 49.0) 61.0
15 (5.0, 43.0) 68.0
16 (35.0, 4.0) 40.0
17 (50.0, 14.0) 48.0
18 (13.0, 12.0) 44.0
19 (25.0, 14.0) 52.0
20 (13.0, 39.0) 53.0
21 (15.0, 21.0) 64.0
22 (29.0, 2.0) 34.0
23 (17.0, 15.0) 41.0
24 (45.0, 39.0) 87.0
25 (19.0, 49.0) 63.0
26 (39.0, 31.0) 47.0
27 (9.0, 9.0) 53.0
28 (41.0, 45.0) 52.0
29 (10.0, 18.0) 39.0
30 (38.0, 32.0) 75.0
31 (23.0, 4.0) 65.0
32 (16.0, 50.0) 44.0
33 (7.0, 28.0) 82.0
34 (41.0, 47.0) 76.0
35 (18.0, 28.0) 31.0
36 (40.0, 31.0) 38.0
37 (36.0, 10.0) 43.0
38 (12.0, 10.0) 39.0
39 (39.0, 7.0) 77.0
,
0 15 26 20 24 23 20 19 26 7 8 33 27 18 14 35 22 18 26 9 14 21 13 15 11 30 26 25 6 30 10 25 12 26 14 31 17 25 19 8 20 0
15 0 24 5 9 8 8 22 19 9 10 24 22 18 13 26 24 3 12 10 7 21 12 1 10 20 25 16 11 23 13 16 4 25 18 24 15 16 5 10 5 15
26 24 0 24 26 25 19 10 9 21 19 13 6 8 12 15 8 23 22 18 17 5 13 23 16 13 1 12 20 11 15 12 22 2 12 10 10 13 20 19 22 26
20 5 24 0 4 3 6 25 18 13 14 23 22 20 16 24 27 2 8 14 9 23 15 5 13 19 26 14 15 22 17 15 8 27 21 23 17 15 4 14 2 20
24 9 26 4 0 2 8 29 19 18 18 23 23 23 19 24 30 7 6 18 13 25 19 10 17 19 28 15 20 22 21 16 13 29 24 23 20 15 7 18 5 24
23 8 25 3 2 0 6 27 18 16 17 22 22 21 18 23 28 5 6 16 11 24 17 8 15 18 26 14 18 21 19 14 11 27 22 22 18 14 5 17 3 23
20 8 19 6 8 6 0 21 12 13 13 17 16 15 12 18 22 5 6 13 6 18 12 8 11 13 20 9 15 16 14 9 9 21 17 17 12 9 2 13 4 20
19 22 10 25 29 27 21 0 16 16 14 22 15 6 9 24 3 23 26 13 16 5 10 22 13 21 10 18 14 19 10 18 19 9 5 20 9 19 21 14 23 19
26 19 9 18 19 18 12 16 0 19 18 7 4 11 12 9 15 17 14 17 13 11 13 18 15 5 10 4 19 5 16 3 18 11 15 5 10 4 14 18 16 26
7 9 21 13 18 16 13 16 19 0 2 26 21 14 9 28 19 11 19 3 7 16 8 8 5 23 22 18 2 24 6 18 5 22 11 25 11 18 12 2 13 7
8 10 19 14 18 17 13 14 18 2 0 25 20 12 7 27 17 12 19 1 7 15 6 9 4 22 20 17 2 23 4 17 6 20 9 24 9 18 12 0 14 8
33 24 13 23 23 22 17 22 7 26 25 0 8 17 19 2 21 22 17 24 20 17 20 24 22 4 14 9 27 3 23 8 24 15 22 2 17 9 19 25 20 33
27 22 6 22 23 22 16 15 4 21 20 8 0 10 13 10 13 21 18 19 16 9 14 22 17 8 6 8 21 5 17 7 21 8 15 5 11 8 18 20 19 27
18 18 8 20 23 21 15 6 11 14 12 17 10 0 5 20 7 18 20 11 11 3 6 17 9 16 8 13 12 15 8 12 15 9 4 15 3 13 16 12 18 18
14 13 12 16 19 18 12 9 12 9 7 19 13 5 0 21 11 14 18 6 7 8 2 13 5 16 13 12 8 16 4 12 11 13 5 17 2 12 12 7 14 14
35 26 15 24 24 23 18 24 9 28 27 2 10 20 21 0 23 24 18 26 22 19 22 26 24 6 16 11 29 5 25 10 26 17 24 5 19 10 21 27 22 35
22 24 8 27 30 28 22 3 15 19 17 21 13 7 11 23 0 25 27 16 18 4 12 24 15 20 8 18 17 18 13 17 21 7 8 18 10 18 23 17 25 22
18 3 23 2 7 5 5 23 17 11 12 22 21 18 14 24 25 0 9 12 7 21 13 3 11 18 24 14 13 21 14 14 6 25 18 22 15 14 3 12 2 18
26 12 22 8 6 6 6 26 14 19 19 17 18 20 18 18 27 9 0 19 12 22 18 12 17 13 23 10 21 16 20 11 14 25 23 17 17 10 7 19 7 26
9 10 18 14 18 16 13 13 17 3 1 24 19 11 6 26 16 12 19 0 6 14 5 9 2 21 19 16 2 22 3 16 6 19 9 22 8 17 12 1 13 9
14 7 17 9 13 11 6 16 13 7 7 20 16 11 7 22 18 7 12 6 0 14 6 6 4 16 18 11 8 17 8 11 5 19 11 18 8 11 6 7 8 14
21 21 5 23 25 24 18 5 11 16 15 17 9 3 8 19 4 21 22 14 14 0 9 20 12 16 6 14 15 14 11 13 18 6 6 15 6 14 19 15 21 21
13 12 13 15 19 17 12 10 13 8 6 20 14 6 2 22 12 13 18 5 6 9 0 12 3 17 14 13 7 18 3 13 9 15 5 18 4 13 12 6 14 13
15 1 23 5 10 8 8 22 18 8 9 24 22 17 13 26 24 3 12 9 6 20 12 0 9 20 24 15 11 22 12 16 3 25 17 23 14 16 5 9 6 15
11 10 16 13 17 15 11 13 15 5 4 22 17 9 5 24 15 11 17 2 4 12 3 9 0 18 17 14 5 19 4 14 6 18 8 20 7 14 10 4 12 11
30 20 13 19 19 18 13 21 5 23 22 4 8 16 16 6 20 18 13 21 16 16 17 20 18 0 14 5 23 4 20 5 21 16 20 4 15 5 15 22 16 30
26 25 1 26 28 26 20 10 10 22 20 14 6 8 13 16 8 24 23 19 18 6 14 24 17 14 0 13 21 11 16 13 23 2 12 11 11 14 21 20 23 26
25 16 12 14 15 14 9 18 4 18 17 9 8 13 12 11 18 14 10 16 11 14 13 15 14 5 13 0 19 7 16 1 16 15 16 8 11 0 11 17 12 25
6 11 20 15 20 18 15 14 19 2 2 27 21 12 8 29 17 13 21 2 8 15 7 11 5 23 21 19 0 24 5 19 7 21 10 25 11 19 14 2 15 6
30 23 11 22 22 21 16 19 5 24 23 3 5 15 16 5 18 21 16 22 17 14 18 22 19 4 11 7 24 0 21 7 22 13 19 1 14 7 18 23 19 30
10 13 15 17 21 19 14 10 16 6 4 23 17 8 4 25 13 14 20 3 8 11 3 12 4 20 16 16 5 21 0 16 10 16 5 21 6 16 14 4 16 10
25 16 12 15 16 14 9 18 3 18 17 8 7 12 12 10 17 14 11 16 11 13 13 16 14 5 13 1 19 7 16 0 16 14 16 8 10 1 11 17 13 25
12 4 22 8 13 11 9 19 18 5 6 24 21 15 11 26 21 6 14 6 5 18 9 3 6 21 23 16 7 22 10 16 0 23 14 23 12 16 7 6 8 12
26 25 2 27 29 27 21 9 11 22 20 15 8 9 13 17 7 25 25 19 19 6 15 25 18 16 2 15 21 13 16 14 23 0 12 13 11 15 22 20 24 26
14 18 12 21 24 22 17 5 15 11 9 22 15 4 5 24 8 18 23 9 11 6 5 17 8 20 12 16 10 19 5 16 14 12 0 19 6 17 17 9 19 14
31 24 10 23 23 22 17 20 5 25 24 2 5 15 17 5 18 22 17 22 18 15 18 23 20 4 11 8 25 1 21 8 23 13 19 0 15 8 19 24 20 31
17 15 10 17 20 18 12 9 10 11 9 17 11 3 2 19 10 15 17 8 8 6 4 14 7 15 11 11 11 14 6 10 12 11 6 15 0 11 13 9 15 17
25 16 13 15 15 14 9 19 4 18 18 9 8 13 12 10 18 14 10 17 11 14 13 16 14 5 14 0 19 7 16 1 16 15 17 8 11 0 11 18 12 25
19 5 20 4 7 5 2 21 14 12 12 19 18 16 12 21 23 3 7 12 6 19 12 5 10 15 21 11 14 18 14 11 7 22 17 19 13 11 0 12 2 19
8 10 19 14 18 17 13 14 18 2 0 25 20 12 7 27 17 12 19 1 7 15 6 9 4 22 20 17 2 23 4 17 6 20 9 24 9 18 12 0 14 8
20 5 22 2 5 3 4 23 16 13 14 20 19 18 14 22 25 2 7 13 8 21 14 6 12 16 23 12 15 19 16 13 8 24 19 20 15 12 2 14 0 20
0 15 26 20 24 23 20 19 26 7 8 33 27 18 14 35 22 18 26 9 14 21 13 15 11 30 26 25 6 30 10 25 12 26 14 31 17 25 19 8 20 0
,
0 44 65 20 56 51 34 39 75 9 19 76 43 44 27 93 53 19 58 26 24 55 16 32 27 53 37 32 14 91 23 72 33 41 18 43 49 67 48 17 28 0
23 0 35 8 20 17 18 34 43 15 13 29 34 42 40 68 47 4 31 27 19 37 24 1 21 33 64 28 26 50 29 37 11 58 21 37 41 17 6 13 7 37
28 66 0 63 64 64 38 24 24 57 46 36 10 22 12 21 21 38 24 38 19 11 33 34 19 32 2 21 50 22 25 29 41 7 18 12 15 19 24 47 42 33
52 9 65 0 6 3 12 52 48 17 34 30 59 34 28 66 36 3 13 36 27 28 20 12 27 35 73 43 43 37 33 20 9 43 29 23 32 17 11 30 5 37
27 20 61 10 0 3 12 39 49 32 20 27 62 31 58 42 42 12 15 42 31 42 35 15 23 44 53 30 47 26 48 36 18 41 62 26 51 30 13 42 14 49
23 8 38 4 2 0 10 79 41 18 46 62 54 58 51 44 50 13 14 47 17 62 49 19 41 28 42 15 43 52 31 24 32 78 54 25 49 24 9 37 9 49
30 10 40 15 12 15 0 31 25 31 26 28 36 37 16 43 54 7 7 23 11 36 19 20 19 17 22 22 35 38 42 14 20 62 20 40 36 11 3 36 5 52
44 37 26 38 50 64 48 0 47 48 31 51 21 17 27 25 9 32 72 26 43 13 26 34 25 46 29 31 23 42 15 22 41 23 8 51 14 55 54 40 30 22
60 50 17 19 40 22 27 24 0 25 42 16 4 14 22 13 45 45 15 50 34 24 22 48 38 15 11 10 36 10 27 9 30 22 36 13 12 5 32 54 16 59
19 20 28 22 25 23 26 37 35 0 5 37 44 33 27 56 53 14 29 8 17 26 16 11 13 28 38 43 4 60 8 23 10 55 27 37 33 26 33 3 32 9
18 13 19 24 31 38 15 15 50 6 0 29 24 35 18 39 44 24 28 2 9 32 8 19 7 58 21 29 4 39 10 48 7 43 15 43 28 27 20 0 17 14
34 43 13 25 37 50 23 39 9 32 34 0 12 19 20 3 36 54 26 46 29 25 27 34 30 11 30 21 62 7 43 22 42 19 28 4 45 19 52 29 53 50
79 41 13 51 59 39 42 22 7 48 38 14 0 30 14 16 29 23 38 48 36 22 34 52 37 17 8 19 55 9 46 9 59 9 20 14 24 23 46 31 55 74
36 35 14 50 63 33 46 14 32 40 21 38 11 0 8 41 13 27 29 30 22 8 7 40 12 23 25 31 35 15 11 20 21 17 9 37 6 24 32 14 29 21
26 26 18 21 20 42 25 15 33 21 10 52 17 12 0 28 32 21 45 16 18 16 3 30 12 29 28 36 21 40 5 32 29 18 14 30 6 17 31 18 41 36
98 30 25 25 41 47 40 25 12 45 31 5 26 44 26 0 40 40 41 74 29 53 64 43 41 6 44 14 54 11 43 31 38 19 50 6 56 18 30 48 34 89
55 26 10 52 31 74 53 7 36 37 32 60 23 10 12 63 0 41 43 36 48 5 27 65 38 20 17 29 40 28 18 19 42 10 12 52 24 33 23 34 25 55
31 8 67 3 13 10 6 35 49 28 18 64 59 33 37 46 47 0 10 31 9 25 31 5 23 30 27 24 37 24 40 21 7 33 52 34 44 41 5 30 5 47
67 21 53 22 7 13 9 66 32 53 28 38 30 23 36 44 74 27 0 27 26 36 32 32 37 29 52 15 49 23 39 15 42 55 39 40 49 13 10 57 15 43
14 30 19 29 51 40 24 38 21 9 1 33 25 18 11 78 40 14 42 0 8 32 14 16 4 25 48 29 3 63 8 21 14 26 16 23 12 23 22 2 23 13
26 16 49 22 36 33 14 44 24 16 19 43 19 25 13 23 18 14 26 12 0 15 8 15 9 23 34 14 15 37 17 16 6 25 15 30 10 27 17 7 9 39
22 35 12 63 35 50 33 12 32 39 27 51 17 5 10 29 10 53 64 20 23 0 23 24 20 41 7 16 44 34 26 35 18 13 19 32 18 26 34 33 49 46
22 34 18 44 33 48 15 13 18 15 14 45 37 8 3 52 13 27 40 8 11 20 0 23 9 26 39 26 11 43 8 16 22 16 16 50 10 17 17 10 34 34
34 2 64 6 24 15 19 33 29 9 16 37 35 26 16 62 45 9 34 27 12 55 27 0 12 59 43 31 31 37 19 20 3 40 20 45 37 20 14 15 10 17
28 16 34 27 25 23 16 18 39 6 10 38 41 19 8 32 21 11 29 5 12 28 8 10 0 37 49 25 6 42 9 24 10 50 18 27 15 30 11 8 20 16
86 58 22 42 54 30 34 35 8 49 64 10 11 25 22 13 57 36 19 47 19 37 50 52 43 0 21 13 56 10 48 7 54 25 26 10 16 12 43 60 19 37
48 36 3 36 71 41 27 11 23 45 47 40 11 9 17 30 18 61 67 51 45 15 16 62 28 41 0 39 32 25 43 15 31 2 13 14 11 28 26 44 40 29
43 36 13 33 39 33 23 55 8 47 41 25 23 17 15 28 53 29 27 36 23 25 13 18 37 5 31 0 52 10 38 1 23 32 17 21 31 1 20 37 31 32
8 18 48 31 21 31 21 28 45 5 4 38 42 22 10 46 24 23 49 4 12 17 12 26 8 58 21 33 0 69 13 41 17 59 22 32 12 21 28 3 29 8
43 55 23 45 62 45 16 27 14 64 25 6 6 28 49 9 20 39 17 42 27 19 36 62 24 7 22 12 25 0 56 8 46 21 24 2 36 15 37 34 23 54
27 29 19 27 52 39 23 23 20 15 8 69 23 13 6 26 15 37 50 9 13 28 4 16 4 55 35 21 11 39 0 33 26 37 13 42 12 45 36 7 33 28
67 33 26 33 36 31 11 36 4 47 50 20 21 32 14 14 51 18 15 29 30 34 17 35 18 13 27 2 42 16 20 0 31 21 35 20 29 1 31 40 30 70
32 8 31 12 23 27 19 32 39 7 18 25 55 37 13 42 41 12 41 10 13 21 14 5 14 51 43 34 16 34 23 28 0 35 30 57 31 39 7 18 24 19
43 39 5 35 61 78 44 19 29 52 26 17 13 16 26 36 8 55 49 52 56 9 34 40 25 44 2 22 29 18 45 38 57 0 30 32 32 23 66 49 56 53
18 18 24 30 56 59 27 13 39 15 16 24 34 12 7 37 18 30 66 23 14 15 12 26 21 36 30 44 26 28 12 43 27 20 0 49 8 45 33 27 27 42
87 52 15 46 38 57 29 21 9 27 42 4 8 21 36 11 30 35 44 51 43 16 18 46 25 12 31 11 50 2 24 14 23 14 55 0 32 22 50 37 44 84
25 18 24 22 37 38 13 26 28 14 13 49 14 8 5 30 22 16 18 9 13 9 6 17 14 23 18 31 17 37 11 27 27 21 12 38 0 29 33 20 44 25
58 27 25 31 26 16 18 39 7 35 36 21 20 30 19 16 50 26 26 38 32 36 38 36 20 14 16 1 25 15 19 3 17 38 45 18 29 0 28 44 17 47
45 8 29 11 8 6 3 64 25 20 32 53 52 30 33 57 23 6 10 30 15 32 25 15 26 30 62 13 21 37 22 16 20 45 35 32 19 24 0 35 6 46
11 18 35 26 19 26 39 27 31 4 0 53 23 13 16 66 22 16 21 3 16 35 17 22 10 53 54 18 3 62 10 50 17 44 21 35 26 50 30 0 32 12
22 9 39 7 7 4 9 31 18 33 16 30 48 44 16 52 52 5 11 23 13 35 41 16 23 31 41 35 32 23 29 23 18 70 36 21 34 22 6 24 0 28
0 17 47 43 46 27 38 34 50 13 8 65 57 44 43 46 50 38 27 13 19 21 15 17 13 72 30 71 7 80 31 37 19 28 34 35 37 40 47 19 43 0