7
40
,
0 (30.0, 1.0) 31.0
1 (20.0, 47.0) 49.0
2 (39.0, 2.0) 46.0
3 (48.0, 2.0) 51.0
4 (45.0, 4.0) 45.0
5 (38.0, 14.0) 30.0
6 (3.0, 37.0) 90.0
7 (35.0, 38.0) 38.0
8 (13.0, 6.0) 38.0
9 (12.0, 10.0) 58.0
10 (46.0, 47.0) 42.0
11 (31.0, 45.0) 63.0
12 (14.0, 33.0) 37.0
13 (16.0, 24.0) 75.0
14 (50.0, 49.0) 65.0
15 (5.0, 43.0) 47.0
16 (35.0, 4.0) 45.0
17 (50.0, 14.0) 52.0
18 (13.0, 12.0) 48.0
19 (25.0, 14.0) 71.0
20 (13.0, 39.0) 86.0
21 (15.0, 21.0) 73.0
22 (29.0, 2.0) 46.0
23 (17.0, 15.0) 65.0
24 (45.0, 39.0) 56.0
25 (19.0, 49.0) 53.0
26 (39.0, 31.0) 77.0
27 (9.0, 9.0) 33.0
28 (41.0, 45.0) 84.0
29 (10.0, 18.0) 59.0
30 (38.0, 32.0) 32.0
31 (23.0, 4.0) 67.0
32 (16.0, 50.0) 37.0
33 (7.0, 28.0) 32.0
34 (41.0, 47.0) 81.0
35 (18.0, 28.0) 39.0
36 (40.0, 31.0) 69.0
37 (36.0, 10.0) 76.0
38 (12.0, 10.0) 85.0
39 (39.0, 7.0) 33.0
,
0 15 26 20 24 23 20 19 26 7 8 33 27 18 14 35 22 18 26 9 14 21 13 15 11 30 26 25 6 30 10 25 12 26 14 31 17 25 19 8 20 0
15 0 24 5 9 8 8 22 19 9 10 24 22 18 13 26 24 3 12 10 7 21 12 1 10 20 25 16 11 23 13 16 4 25 18 24 15 16 5 10 5 15
26 24 0 24 26 25 19 10 9 21 19 13 6 8 12 15 8 23 22 18 17 5 13 23 16 13 1 12 20 11 15 12 22 2 12 10 10 13 20 19 22 26
20 5 24 0 4 3 6 25 18 13 14 23 22 20 16 24 27 2 8 14 9 23 15 5 13 19 26 14 15 22 17 15 8 27 21 23 17 15 4 14 2 20
24 9 26 4 0 2 8 29 19 18 18 23 23 23 19 24 30 7 6 18 13 25 19 10 17 19 28 15 20 22 21 16 13 29 24 23 20 15 7 18 5 24
23 8 25 3 2 0 6 27 18 16 17 22 22 21 18 23 28 5 6 16 11 24 17 8 15 18 26 14 18 21 19 14 11 27 22 22 18 14 5 17 3 23
20 8 19 6 8 6 0 21 12 13 13 17 16 15 12 18 22 5 6 13 6 18 12 8 11 13 20 9 15 16 14 9 9 21 17 17 12 9 2 13 4 20
19 22 10 25 29 27 21 0 16 16 14 22 15 6 9 24 3 23 26 13 16 5 10 22 13 21 10 18 14 19 10 18 19 9 5 20 9 19 21 14 23 19
26 19 9 18 19 18 12 16 0 19 18 7 4 11 12 9 15 17 14 17 13 11 13 18 15 5 10 4 19 5 16 3 18 11 15 5 10 4 14 18 16 26
7 9 21 13 18 16 13 16 19 0 2 26 21 14 9 28 19 11 19 3 7 16 8 8 5 23 22 18 2 24 6 18 5 22 11 25 11 18 12 2 13 7
8 10 19 14 18 17 13 14 18 2 0 25 20 12 7 27 17 12 19 1 7 15 6 9 4 22 20 17 2 23 4 17 6 20 9 24 9 18 12 0 14 8
33 24 13 23 23 22 17 22 7 26 25 0 8 17 19 2 21 22 17 24 20 17 20 24 22 4 14 9 27 3 23 8 24 15 22 2 17 9 19 25 20 33
27 22 6 22 23 22 16 15 4 21 20 8 0 10 13 10 13 21 18 19 16 9 14 22 17 8 6 8 21 5 17 7 21 8 15 5 11 8 18 20 19 27
18 18 8 20 23 21 15 6 11 14 12 17 10 0 5 20 7 18 20 11 11 3 6 17 9 16 8 13 12 15 8 12 15 9 4 15 3 13 16 12 18 18
14 13 12 16 19 18 12 9 12 9 7 19 13 5 0 21 11 14 18 6 7 8 2 13 5 16 13 12 8 16 4 12 11 13 5 17 2 12 12 7 14 14
35 26 15 24 24 23 18 24 9 28 27 2 10 20 21 0 23 24 18 26 22 19 22 26 24 6 16 11 29 5 25 10 26 17 24 5 19 10 21 27 22 35
22 24 8 27 30 28 22 3 15 19 17 21 13 7 11 23 0 25 27 16 18 4 12 24 15 20 8 18 17 18 13 17 21 7 8 18 10 18 23 17 25 22
18 3 23 2 7 5 5 23 17 11 12 22 21 18 14 24 25 0 9 12 7 21 13 3 11 18 24 14 13 21 14 14 6 25 18 22 15 14 3 12 2 18
26 12 22 8 6 6 6 26 14 19 19 17 18 20 18 18 27 9 0 19 12 22 18 12 17 13 23 10 21 16 20 11 14 25 23 17 17 10 7 19 7 26
9 10 18 14 18 16 13 13 17 3 1 24 19 11 6 26 16 12 19 0 6 14 5 9 2 21 19 16 2 22 3 16 6 19 9 22 8 17 12 1 13 9
14 7 17 9 13 11 6 16 13 7 7 20 16 11 7 22 18 7 12 6 0 14 6 6 4 16 18 11 8 17 8 11 5 19 11 18 8 11 6 7 8 14
21 21 5 23 25 24 18 5 11 16 15 17 9 3 8 19 4 21 22 14 14 0 9 20 12 16 6 14 15 14 11 13 18 6 6 15 6 14 19 15 21 21
13 12 13 15 19 17 12 10 13 8 6 20 14 6 2 22 12 13 18 5 6 9 0 12 3 17 14 13 7 18 3 13 9 15 5 18 4 13 12 6 14 13
15 1 23 5 10 8 8 22 18 8 9 24 22 17 13 26 24 3 12 9 6 20 12 0 9 20 24 15 11 22 12 16 3 25 17 23 14 16 5 9 6 15
11 10 16 13 17 15 11 13 15 5 4 22 17 9 5 24 15 11 17 2 4 12 3 9 0 18 17 14 5 19 4 14 6 18 8 20 7 14 10 4 12 11
30 20 13 19 19 18 13 21 5 23 22 4 8 16 16 6 20 18 13 21 16 16 17 20 18 0 14 5 23 4 20 5 21 16 20 4 15 5 15 22 16 30
26 25 1 26 28 26 20 10 10 22 20 14 6 8 13 16 8 24 23 19 18 6 14 24 17 14 0 13 21 11 16 13 23 2 12 11 11 14 21 20 23 26
25 16 12 14 15 14 9 18 4 18 17 9 8 13 12 11 18 14 10 16 11 14 13 15 14 5 13 0 19 7 16 1 16 15 16 8 11 0 11 17 12 25
6 11 20 15 20 18 15 14 19 2 2 27 21 12 8 29 17 13 21 2 8 15 7 11 5 23 21 19 0 24 5 19 7 21 10 25 11 19 14 2 15 6
30 23 11 22 22 21 16 19 5 24 23 3 5 15 16 5 18 21 16 22 17 14 18 22 19 4 11 7 24 0 21 7 22 13 19 1 14 7 18 23 19 30
10 13 15 17 21 19 14 10 16 6 4 23 17 8 4 25 13 14 20 3 8 11 3 12 4 20 16 16 5 21 0 16 10 16 5 21 6 16 14 4 16 10
25 16 12 15 16 14 9 18 3 18 17 8 7 12 12 10 17 14 11 16 11 13 13 16 14 5 13 1 19 7 16 0 16 14 16 8 10 1 11 17 13 25
12 4 22 8 13 11 9 19 18 5 6 24 21 15 11 26 21 6 14 6 5 18 9 3 6 21 23 16 7 22 10 16 0 23 14 23 12 16 7 6 8 12
26 25 2 27 29 27 21 9 11 22 20 15 8 9 13 17 7 25 25 19 19 6 15 25 18 16 2 15 21 13 16 14 23 0 12 13 11 15 22 20 24 26
14 18 12 21 24 22 17 5 15 11 9 22 15 4 5 24 8 18 23 9 11 6 5 17 8 20 12 16 10 19 5 16 14 12 0 19 6 17 17 9 19 14
31 24 10 23 23 22 17 20 5 25 24 2 5 15 17 5 18 22 17 22 18 15 18 23 20 4 11 8 25 1 21 8 23 13 19 0 15 8 19 24 20 31
17 15 10 17 20 18 12 9 10 11 9 17 11 3 2 19 10 15 17 8 8 6 4 14 7 15 11 11 11 14 6 10 12 11 6 15 0 11 13 9 15 17
25 16 13 15 15 14 9 19 4 18 18 9 8 13 12 10 18 14 10 17 11 14 13 16 14 5 14 0 19 7 16 1 16 15 17 8 11 0 11 18 12 25
19 5 20 4 7 5 2 21 14 12 12 19 18 16 12 21 23 3 7 12 6 19 12 5 10 15 21 11 14 18 14 11 7 22 17 19 13 11 0 12 2 19
8 10 19 14 18 17 13 14 18 2 0 25 20 12 7 27 17 12 19 1 7 15 6 9 4 22 20 17 2 23 4 17 6 20 9 24 9 18 12 0 14 8
20 5 22 2 5 3 4 23 16 13 14 20 19 18 14 22 25 2 7 13 8 21 14 6 12 16 23 12 15 19 16 13 8 24 19 20 15 12 2 14 0 20
0 15 26 20 24 23 20 19 26 7 8 33 27 18 14 35 22 18 26 9 14 21 13 15 11 30 26 25 6 30 10 25 12 26 14 31 17 25 19 8 20 0
,
0 41 34 41 62 38 36 24 62 21 13 90 63 49 34 91 62 26 54 20 23 52 31 40 23 63 33 48 17 40 11 64 18 36 39 41 20 33 51 12 46 0
22 0 26 9 16 17 18 67 32 13 16 47 59 51 14 71 56 4 14 17 20 62 19 2 15 57 40 21 13 52 22 34 9 76 19 28 23 40 10 23 11 25
75 60 0 47 42 39 53 29 19 46 53 39 10 21 19 21 18 68 45 41 31 6 37 37 45 19 2 29 46 30 19 13 58 3 33 12 16 32 23 39 34 32
40 6 34 0 11 3 12 38 34 19 24 64 27 29 34 27 72 5 13 36 17 53 33 14 19 30 58 36 35 42 17 43 15 39 55 58 40 32 12 32 3 20
65 26 60 12 0 3 14 33 46 19 51 67 54 25 49 64 69 19 17 46 21 74 24 27 31 54 51 30 30 40 41 33 19 76 42 35 24 16 18 44 10 29
48 12 46 4 5 0 10 45 35 40 45 31 61 55 27 46 36 6 6 39 20 34 49 14 33 48 54 37 33 36 47 39 18 66 29 30 43 18 6 42 3 63
58 11 33 12 9 10 0 30 18 27 26 31 17 44 35 37 35 11 8 15 14 21 36 19 25 18 23 11 35 24 25 11 17 55 50 46 31 23 6 36 4 44
36 58 17 70 46 58 56 0 20 29 22 62 18 7 14 67 3 35 51 19 47 8 15 46 26 31 13 35 40 34 28 25 47 9 13 24 22 47 50 29 36 28
75 40 14 45 38 33 34 41 0 51 21 12 7 29 28 15 32 18 25 29 17 17 21 35 19 8 16 5 38 6 34 5 50 14 36 12 11 11 14 49 18 46
18 9 53 29 20 26 21 37 40 0 6 73 34 39 22 71 35 14 43 8 8 41 16 16 14 40 45 32 3 64 16 51 13 49 21 51 28 32 20 3 29 13
15 14 24 35 38 33 17 30 53 5 0 63 35 21 19 33 43 24 22 2 10 15 17 14 10 40 24 27 4 27 11 50 7 37 25 52 14 41 25 0 36 12
35 58 24 58 49 63 22 46 9 75 35 0 16 52 23 3 35 61 47 30 30 50 44 59 36 8 39 24 44 7 43 11 40 41 29 7 29 11 45 68 45 37
77 30 9 55 35 35 33 32 7 42 27 17 0 22 34 21 30 52 46 52 47 15 20 25 37 18 7 22 40 8 20 14 27 21 20 10 24 15 46 35 35 28
37 51 20 32 39 43 38 9 15 24 20 35 17 0 8 54 10 42 37 26 16 3 8 18 23 31 21 26 25 21 12 33 20 21 8 29 5 32 48 30 48 48
29 32 16 46 43 41 30 10 33 25 18 51 17 5 0 57 29 18 33 9 9 18 3 37 14 26 27 23 20 36 12 20 21 14 10 21 5 37 16 8 37 31
46 54 16 49 45 51 39 30 24 35 30 3 11 47 36 0 61 41 52 33 31 33 48 34 53 14 42 20 82 12 26 18 50 23 38 9 29 20 55 72 24 103
34 42 21 37 69 40 53 3 36 38 36 45 21 19 29 50 0 54 41 42 38 11 25 53 17 39 17 28 23 43 29 19 55 13 19 48 28 20 38 26 29 50
22 3 66 5 16 10 11 53 50 27 31 45 52 52 36 50 49 0 23 14 18 30 17 8 30 48 38 22 22 35 22 21 16 43 36 42 38 39 8 14 6 24
73 26 59 23 10 11 10 72 24 51 40 30 48 56 52 32 55 25 0 44 14 55 48 34 44 37 55 29 54 37 47 30 33 28 63 37 43 17 9 27 18 34
12 17 19 31 26 41 18 37 49 5 2 34 28 17 8 67 19 34 24 0 15 30 10 14 6 45 43 19 3 48 6 45 12 33 23 33 25 17 12 2 18 12
20 14 20 23 38 17 15 29 25 17 18 27 24 13 9 42 47 21 37 10 0 30 16 17 6 39 25 20 21 35 14 19 7 55 29 22 20 32 7 16 18 21
32 32 11 32 62 70 20 12 14 22 27 22 24 9 8 52 10 52 26 17 27 0 20 60 19 33 16 16 44 15 13 16 38 9 9 28 12 38 21 20 46 52
30 24 18 37 48 45 16 22 25 20 12 39 30 15 4 34 33 33 47 12 14 23 0 24 6 21 32 25 16 29 7 19 19 26 6 47 7 21 23 10 23 20
32 2 45 13 24 14 15 46 36 12 28 41 30 24 37 68 58 5 31 14 13 46 28 0 14 22 48 45 25 47 20 40 7 63 43 32 15 32 8 23 7 19
24 13 45 35 41 19 23 30 28 6 5 24 26 19 5 27 44 19 48 7 7 23 4 13 0 21 30 29 6 50 5 34 8 39 9 34 11 25 22 7 24 12
79 22 22 19 36 33 15 28 6 28 49 7 10 21 46 11 37 47 31 50 42 47 39 51 44 0 26 11 68 10 36 8 40 18 57 8 21 14 18 32 37 54
53 48 1 58 76 34 24 28 11 53 23 22 10 10 21 41 16 57 24 19 53 16 18 49 19 25 0 21 25 16 38 15 36 3 16 30 26 22 44 57 54 48
49 45 14 16 27 28 9 23 11 25 23 18 24 22 18 19 53 16 25 35 22 16 19 21 38 12 22 0 39 18 33 2 24 29 47 20 21 1 18 23 20 57
18 23 51 42 32 40 33 25 27 6 2 79 56 13 21 52 38 34 51 4 13 17 18 28 13 31 38 43 0 68 13 37 18 34 27 38 29 45 29 2 23 8
86 65 21 36 58 30 29 28 13 64 62 3 8 29 33 10 51 37 41 58 20 28 53 58 24 4 32 12 44 0 24 17 39 23 29 1 39 10 53 42 32 62
14 35 32 19 24 55 33 11 19 7 8 29 33 13 7 68 35 32 53 8 21 28 8 21 6 29 38 31 6 50 0 35 27 23 8 58 19 37 28 12 34 28
70 18 15 39 43 19 15 18 7 20 42 17 9 14 16 21 45 30 30 40 25 18 34 20 30 11 19 2 35 18 43 0 45 37 35 12 17 3 17 30 25 64
24 5 24 13 30 21 18 55 52 5 9 51 34 42 14 54 64 11 31 16 13 20 17 9 12 51 26 33 11 65 20 16 0 57 25 57 34 19 20 13 19 26
44 72 5 57 52 75 28 10 16 30 49 32 20 23 32 20 13 58 69 29 28 13 36 68 44 18 3 17 50 16 46 27 50 0 27 14 20 22 50 33 73 42
33 51 30 25 38 33 36 14 37 21 15 35 44 5 11 30 20 54 43 14 26 11 13 38 14 42 26 22 17 43 7 37 32 15 0 46 9 48 35 12 50 30
75 70 19 35 42 53 47 45 11 51 43 5 6 36 49 11 28 47 22 24 33 33 42 61 31 8 19 10 65 3 62 8 45 18 51 0 31 12 46 24 21 79
30 33 15 22 55 41 16 21 21 17 28 26 25 7 7 52 17 21 36 22 16 11 9 30 15 19 25 20 26 29 10 22 22 22 12 38 0 21 35 23 30 39
58 47 34 34 24 35 23 53 6 43 52 15 24 18 23 27 54 40 26 34 22 39 35 31 31 11 31 1 20 18 34 1 43 35 19 23 32 0 26 26 21 75
51 7 58 7 17 12 3 56 22 27 25 36 47 20 27 38 35 8 18 17 12 44 21 12 13 37 44 26 39 33 33 23 18 26 51 41 31 14 0 26 2 23
15 19 48 31 50 41 31 35 51 3 0 43 37 34 22 78 20 34 26 1 17 19 17 11 8 30 26 45 4 25 5 43 10 29 12 60 27 46 32 0 33 23
20 15 27 7 13 4 10 48 30 13 31 21 26 28 15 61 41 6 15 25 22 46 27 11 28 30 68 28 37 55 46 30 8 72 46 39 27 28 6 20 0 47
0 23 34 33 38 45 58 33 43 14 19 58 47 40 21 93 41 29 57 12 27 28 23 24 15 52 40 66 17 50 19 65 15 31 42 44 49 33 34 14 47 0