7
40
,
0 (30.0, 1.0) 78.0
1 (20.0, 47.0) 67.0
2 (39.0, 2.0) 64.0
3 (48.0, 2.0) 61.0
4 (45.0, 4.0) 63.0
5 (38.0, 14.0) 47.0
6 (3.0, 37.0) 36.0
7 (35.0, 38.0) 82.0
8 (13.0, 6.0) 68.0
9 (12.0, 10.0) 33.0
10 (46.0, 47.0) 73.0
11 (31.0, 45.0) 83.0
12 (14.0, 33.0) 46.0
13 (16.0, 24.0) 78.0
14 (50.0, 49.0) 49.0
15 (5.0, 43.0) 54.0
16 (35.0, 4.0) 58.0
17 (50.0, 14.0) 62.0
18 (13.0, 12.0) 53.0
19 (25.0, 14.0) 40.0
20 (13.0, 39.0) 71.0
21 (15.0, 21.0) 34.0
22 (29.0, 2.0) 62.0
23 (17.0, 15.0) 56.0
24 (45.0, 39.0) 43.0
25 (19.0, 49.0) 57.0
26 (39.0, 31.0) 72.0
27 (9.0, 9.0) 63.0
28 (41.0, 45.0) 85.0
29 (10.0, 18.0) 47.0
30 (38.0, 32.0) 77.0
31 (23.0, 4.0) 63.0
32 (16.0, 50.0) 86.0
33 (7.0, 28.0) 44.0
34 (41.0, 47.0) 61.0
35 (18.0, 28.0) 58.0
36 (40.0, 31.0) 36.0
37 (36.0, 10.0) 40.0
38 (12.0, 10.0) 60.0
39 (39.0, 7.0) 84.0
,
0 15 26 20 24 23 20 19 26 7 8 33 27 18 14 35 22 18 26 9 14 21 13 15 11 30 26 25 6 30 10 25 12 26 14 31 17 25 19 8 20 0
15 0 24 5 9 8 8 22 19 9 10 24 22 18 13 26 24 3 12 10 7 21 12 1 10 20 25 16 11 23 13 16 4 25 18 24 15 16 5 10 5 15
26 24 0 24 26 25 19 10 9 21 19 13 6 8 12 15 8 23 22 18 17 5 13 23 16 13 1 12 20 11 15 12 22 2 12 10 10 13 20 19 22 26
20 5 24 0 4 3 6 25 18 13 14 23 22 20 16 24 27 2 8 14 9 23 15 5 13 19 26 14 15 22 17 15 8 27 21 23 17 15 4 14 2 20
24 9 26 4 0 2 8 29 19 18 18 23 23 23 19 24 30 7 6 18 13 25 19 10 17 19 28 15 20 22 21 16 13 29 24 23 20 15 7 18 5 24
23 8 25 3 2 0 6 27 18 16 17 22 22 21 18 23 28 5 6 16 11 24 17 8 15 18 26 14 18 21 19 14 11 27 22 22 18 14 5 17 3 23
20 8 19 6 8 6 0 21 12 13 13 17 16 15 12 18 22 5 6 13 6 18 12 8 11 13 20 9 15 16 14 9 9 21 17 17 12 9 2 13 4 20
19 22 10 25 29 27 21 0 16 16 14 22 15 6 9 24 3 23 26 13 16 5 10 22 13 21 10 18 14 19 10 18 19 9 5 20 9 19 21 14 23 19
26 19 9 18 19 18 12 16 0 19 18 7 4 11 12 9 15 17 14 17 13 11 13 18 15 5 10 4 19 5 16 3 18 11 15 5 10 4 14 18 16 26
7 9 21 13 18 16 13 16 19 0 2 26 21 14 9 28 19 11 19 3 7 16 8 8 5 23 22 18 2 24 6 18 5 22 11 25 11 18 12 2 13 7
8 10 19 14 18 17 13 14 18 2 0 25 20 12 7 27 17 12 19 1 7 15 6 9 4 22 20 17 2 23 4 17 6 20 9 24 9 18 12 0 14 8
33 24 13 23 23 22 17 22 7 26 25 0 8 17 19 2 21 22 17 24 20 17 20 24 22 4 14 9 27 3 23 8 24 15 22 2 17 9 19 25 20 33
27 22 6 22 23 22 16 15 4 21 20 8 0 10 13 10 13 21 18 19 16 9 14 22 17 8 6 8 21 5 17 7 21 8 15 5 11 8 18 20 19 27
18 18 8 20 23 21 15 6 11 14 12 17 10 0 5 20 7 18 20 11 11 3 6 17 9 16 8 13 12 15 8 12 15 9 4 15 3 13 16 12 18 18
14 13 12 16 19 18 12 9 12 9 7 19 13 5 0 21 11 14 18 6 7 8 2 13 5 16 13 12 8 16 4 12 11 13 5 17 2 12 12 7 14 14
35 26 15 24 24 23 18 24 9 28 27 2 10 20 21 0 23 24 18 26 22 19 22 26 24 6 16 11 29 5 25 10 26 17 24 5 19 10 21 27 22 35
22 24 8 27 30 28 22 3 15 19 17 21 13 7 11 23 0 25 27 16 18 4 12 24 15 20 8 18 17 18 13 17 21 7 8 18 10 18 23 17 25 22
18 3 23 2 7 5 5 23 17 11 12 22 21 18 14 24 25 0 9 12 7 21 13 3 11 18 24 14 13 21 14 14 6 25 18 22 15 14 3 12 2 18
26 12 22 8 6 6 6 26 14 19 19 17 18 20 18 18 27 9 0 19 12 22 18 12 17 13 23 10 21 16 20 11 14 25 23 17 17 10 7 19 7 26
9 10 18 14 18 16 13 13 17 3 1 24 19 11 6 26 16 12 19 0 6 14 5 9 2 21 19 16 2 22 3 16 6 19 9 22 8 17 12 1 13 9
14 7 17 9 13 11 6 16 13 7 7 20 16 11 7 22 18 7 12 6 0 14 6 6 4 16 18 11 8 17 8 11 5 19 11 18 8 11 6 7 8 14
21 21 5 23 25 24 18 5 11 16 15 17 9 3 8 19 4 21 22 14 14 0 9 20 12 16 6 14 15 14 11 13 18 6 6 15 6 14 19 15 21 21
13 12 13 15 19 17 12 10 13 8 6 20 14 6 2 22 12 13 18 5 6 9 0 12 3 17 14 13 7 18 3 13 9 15 5 18 4 13 12 6 14 13
15 1 23 5 10 8 8 22 18 8 9 24 22 17 13 26 24 3 12 9 6 20 12 0 9 20 24 15 11 22 12 16 3 25 17 23 14 16 5 9 6 15
11 10 16 13 17 15 11 13 15 5 4 22 17 9 5 24 15 11 17 2 4 12 3 9 0 18 17 14 5 19 4 14 6 18 8 20 7 14 10 4 12 11
30 20 13 19 19 18 13 21 5 23 22 4 8 16 16 6 20 18 13 21 16 16 17 20 18 0 14 5 23 4 20 5 21 16 20 4 15 5 15 22 16 30
26 25 1 26 28 26 20 10 10 22 20 14 6 8 13 16 8 24 23 19 18 6 14 24 17 14 0 13 21 11 16 13 23 2 12 11 11 14 21 20 23 26
25 16 12 14 15 14 9 18 4 18 17 9 8 13 12 11 18 14 10 16 11 14 13 15 14 5 13 0 19 7 16 1 16 15 16 8 11 0 11 17 12 25
6 11 20 15 20 18 15 14 19 2 2 27 21 12 8 29 17 13 21 2 8 15 7 11 5 23 21 19 0 24 5 19 7 21 10 25 11 19 14 2 15 6
30 23 11 22 22 21 16 19 5 24 23 3 5 15 16 5 18 21 16 22 17 14 18 22 19 4 11 7 24 0 21 7 22 13 19 1 14 7 18 23 19 30
10 13 15 17 21 19 14 10 16 6 4 23 17 8 4 25 13 14 20 3 8 11 3 12 4 20 16 16 5 21 0 16 10 16 5 21 6 16 14 4 16 10
25 16 12 15 16 14 9 18 3 18 17 8 7 12 12 10 17 14 11 16 11 13 13 16 14 5 13 1 19 7 16 0 16 14 16 8 10 1 11 17 13 25
12 4 22 8 13 11 9 19 18 5 6 24 21 15 11 26 21 6 14 6 5 18 9 3 6 21 23 16 7 22 10 16 0 23 14 23 12 16 7 6 8 12
26 25 2 27 29 27 21 9 11 22 20 15 8 9 13 17 7 25 25 19 19 6 15 25 18 16 2 15 21 13 16 14 23 0 12 13 11 15 22 20 24 26
14 18 12 21 24 22 17 5 15 11 9 22 15 4 5 24 8 18 23 9 11 6 5 17 8 20 12 16 10 19 5 16 14 12 0 19 6 17 17 9 19 14
31 24 10 23 23 22 17 20 5 25 24 2 5 15 17 5 18 22 17 22 18 15 18 23 20 4 11 8 25 1 21 8 23 13 19 0 15 8 19 24 20 31
17 15 10 17 20 18 12 9 10 11 9 17 11 3 2 19 10 15 17 8 8 6 4 14 7 15 11 11 11 14 6 10 12 11 6 15 0 11 13 9 15 17
25 16 13 15 15 14 9 19 4 18 18 9 8 13 12 10 18 14 10 17 11 14 13 16 14 5 14 0 19 7 16 1 16 15 17 8 11 0 11 18 12 25
19 5 20 4 7 5 2 21 14 12 12 19 18 16 12 21 23 3 7 12 6 19 12 5 10 15 21 11 14 18 14 11 7 22 17 19 13 11 0 12 2 19
8 10 19 14 18 17 13 14 18 2 0 25 20 12 7 27 17 12 19 1 7 15 6 9 4 22 20 17 2 23 4 17 6 20 9 24 9 18 12 0 14 8
20 5 22 2 5 3 4 23 16 13 14 20 19 18 14 22 25 2 7 13 8 21 14 6 12 16 23 12 15 19 16 13 8 24 19 20 15 12 2 14 0 20
0 15 26 20 24 23 20 19 26 7 8 33 27 18 14 35 22 18 26 9 14 21 13 15 11 30 26 25 6 30 10 25 12 26 14 31 17 25 19 8 20 0
,
0 21 32 55 70 63 55 24 48 14 14 96 43 32 17 72 56 27 36 15 43 35 21 33 20 86 70 25 9 64 25 62 28 28 31 47 42 69 33 20 39 0
40 0 69 6 25 18 11 35 53 17 12 71 65 26 38 61 65 4 26 28 20 58 17 1 22 25 48 17 22 41 29 46 11 53 37 66 34 23 7 11 7 24
42 48 0 39 36 64 34 18 10 24 46 16 14 21 12 16 11 51 26 29 46 15 24 24 29 20 2 18 27 16 28 26 64 7 22 16 28 14 37 27 44 44
45 10 27 0 6 7 10 36 40 37 30 51 58 26 41 62 45 3 18 19 22 34 34 13 35 30 72 35 38 37 25 40 24 30 56 53 32 38 11 38 3 58
43 26 51 13 0 4 16 55 46 47 28 49 30 34 55 49 74 8 7 30 38 34 50 11 42 51 68 30 46 58 22 16 21 64 51 32 58 35 16 55 12 64
65 18 40 4 4 0 8 58 51 48 27 25 23 56 46 61 70 13 14 43 13 40 21 21 20 31 37 33 35 51 30 25 30 59 59 25 27 29 14 47 10 32
30 14 48 15 9 18 0 62 35 30 27 33 18 23 34 22 47 6 8 29 8 25 22 8 29 22 33 22 42 20 31 10 20 39 29 39 26 9 2 34 5 47
46 49 17 32 64 67 24 0 25 48 29 61 23 8 23 48 5 30 54 27 48 10 12 38 37 38 16 49 14 33 25 46 47 25 9 21 19 49 41 17 34 45
33 35 10 48 40 18 18 42 0 52 53 21 5 21 14 20 37 41 37 39 36 24 16 54 27 8 17 9 28 9 31 5 51 13 22 6 15 7 40 49 22 39
11 19 31 39 30 22 17 34 41 0 3 31 35 27 23 46 28 23 30 8 15 24 19 14 8 60 62 36 5 38 12 28 10 32 20 30 16 29 17 6 39 7
17 22 48 25 36 28 28 23 24 5 0 60 34 13 8 57 47 34 25 3 18 31 13 24 8 59 28 31 2 45 5 47 19 36 12 41 27 29 27 0 39 20
61 63 34 28 56 24 34 26 17 44 26 0 15 48 45 2 36 55 18 44 41 27 21 50 49 8 36 24 70 3 56 24 68 32 35 7 28 18 41 67 59 54
45 42 12 22 66 38 27 43 11 63 54 20 0 15 39 16 18 28 46 40 30 28 20 31 46 9 8 13 62 10 27 10 52 12 18 12 17 15 40 30 26 49
24 23 22 46 55 60 23 17 24 36 13 32 21 0 11 58 20 40 37 27 29 4 15 19 15 27 12 36 18 20 11 24 40 16 12 43 7 18 21 12 48 31
27 28 16 32 23 21 23 15 20 14 12 50 13 12 0 36 15 33 42 12 19 14 3 35 5 37 29 13 10 17 10 16 24 34 6 39 2 27 29 12 33 15
66 78 23 53 64 49 25 29 24 59 30 2 19 28 53 0 68 31 48 76 22 53 57 30 70 10 35 20 57 10 47 16 72 40 54 11 43 13 53 67 45 72
61 62 9 62 55 35 38 6 36 23 35 22 19 14 28 49 0 67 79 34 23 6 13 25 40 58 22 45 30 52 26 35 47 13 12 29 12 31 28 43 43 34
36 5 33 5 17 15 7 42 36 23 13 49 25 37 32 65 62 0 11 32 19 56 36 4 19 45 50 17 25 25 25 17 13 61 40 27 30 35 6 23 6 26
66 25 23 22 16 14 14 71 33 49 53 35 46 29 50 49 48 25 0 33 32 36 50 24 38 20 33 22 36 28 22 22 18 43 65 48 44 23 20 28 9 45
25 16 30 17 46 45 31 23 45 6 2 37 40 15 11 37 44 25 35 0 8 39 5 14 4 26 34 41 5 28 5 38 13 19 9 52 16 23 27 3 15 12
20 15 48 17 34 22 7 17 29 18 12 25 23 18 7 49 27 19 19 13 0 30 18 11 6 30 26 31 10 42 10 16 15 52 13 19 9 11 12 10 21 40
44 41 6 40 61 47 23 10 32 27 37 47 13 4 17 48 12 40 25 39 40 0 26 28 34 42 11 32 28 35 16 30 48 14 19 30 14 34 24 17 53 43
39 15 19 28 50 45 30 25 17 10 8 54 30 6 2 34 24 22 36 12 8 24 0 13 5 34 41 30 10 39 7 23 12 39 13 40 7 28 32 11 37 31
16 1 50 5 21 13 9 30 41 15 22 60 50 43 28 31 25 9 20 25 16 25 32 0 12 32 25 38 27 28 29 20 9 44 48 32 36 19 13 18 6 23
29 12 44 21 34 20 28 18 33 12 4 48 35 13 6 55 23 31 46 5 7 17 8 11 0 34 38 24 11 56 9 32 9 22 18 20 9 38 26 8 12 25
39 21 39 41 25 31 27 42 8 31 49 10 9 44 16 9 43 19 19 56 23 48 46 46 26 0 30 5 56 6 24 13 36 45 32 11 26 13 35 32 45 40
70 37 2 57 62 71 47 20 27 29 42 14 7 17 28 39 16 63 52 51 21 15 32 36 49 30 0 15 28 25 18 36 40 3 24 19 27 37 22 56 49 49
65 34 14 39 38 26 16 47 8 47 40 25 11 19 27 26 42 16 27 40 31 22 25 30 18 9 28 0 29 12 34 1 26 15 46 17 15 1 14 31 36 38
8 31 57 45 37 42 16 29 23 7 4 67 30 19 15 45 36 22 62 6 24 33 12 23 9 50 21 28 0 53 9 25 19 60 25 35 12 33 39 4 45 12
66 53 29 53 48 31 27 24 9 72 24 3 12 40 29 10 32 38 17 50 37 30 49 58 55 8 11 19 30 0 49 19 64 15 44 1 22 10 50 54 25 34
20 33 31 38 50 51 36 14 24 14 9 65 37 21 6 69 16 32 34 6 18 18 6 17 5 52 28 26 13 61 0 25 25 24 14 57 8 20 14 6 27 21
53 35 19 28 29 18 24 21 6 27 35 9 16 19 33 25 26 33 27 33 15 24 26 17 23 6 22 2 24 18 40 0 30 26 35 12 12 2 25 22 27 58
20 11 46 18 17 33 25 33 32 9 13 73 31 43 23 52 28 15 27 18 12 19 18 3 8 52 38 26 15 61 12 28 0 27 25 48 17 31 10 15 21 33
45 69 5 71 82 67 52 24 17 28 33 41 19 11 25 27 7 59 50 36 34 17 38 46 49 31 3 41 35 37 28 36 63 0 17 26 17 40 26 49 27 72
41 42 29 48 59 54 38 7 31 31 13 55 18 6 7 27 18 40 36 17 30 13 6 23 14 35 18 36 22 40 9 23 37 25 0 28 8 34 19 20 51 40
74 50 30 30 49 46 42 32 15 56 50 5 13 24 46 10 37 31 39 50 43 42 27 52 20 10 18 24 73 2 44 16 52 36 40 0 16 14 25 67 29 61
20 16 23 48 44 42 18 18 29 14 19 43 11 8 6 55 12 19 20 17 16 8 5 37 9 27 18 12 15 37 14 17 16 13 14 27 0 18 26 16 26 32
52 43 34 27 32 28 11 19 7 44 26 12 11 21 24 24 42 23 20 40 27 28 14 45 23 11 38 1 36 16 19 2 17 37 33 17 21 0 26 45 30 60
25 13 58 8 20 15 3 32 41 14 23 26 40 43 34 57 24 7 11 19 10 20 14 10 11 26 51 17 27 43 40 18 11 52 22 43 25 26 0 20 6 55
13 27 35 18 38 50 38 16 28 4 0 63 37 26 9 64 48 15 34 2 9 15 7 20 6 30 28 38 4 63 5 40 14 32 18 29 24 40 29 0 26 13
48 12 60 6 8 8 10 42 27 24 28 40 29 31 20 44 66 6 7 19 17 52 25 15 17 20 63 14 19 20 29 33 18 31 26 36 39 31 2 23 0 49
0 35 52 30 28 37 22 51 31 12 12 80 40 48 30 74 46 52 44 26 21 60 13 20 15 52 69 67 11 64 31 27 30 40 34 40 33 72 32 19 46 0