7
40
,
0 (22.0, 38.0) 34.0
1 (23.0, 32.0) 14.0
2 (32.0, 30.0) 37.0
3 (38.0, 32.0) 13.0
4 (5.0, 39.0) 29.0
5 (20.0, 12.0) 40.0
6 (28.0, 13.0) 20.0
7 (33.0, 12.0) 12.0
8 (34.0, 16.0) 27.0
9 (21.0, 2.0) 14.0
10 (21.0, 41.0) 21.0
11 (20.0, 48.0) 37.0
12 (37.0, 28.0) 16.0
13 (43.0, 24.0) 39.0
14 (29.0, 5.0) 12.0
15 (12.0, 8.0) 27.0
16 (19.0, 18.0) 29.0
17 (34.0, 27.0) 13.0
18 (35.0, 49.0) 14.0
19 (24.0, 45.0) 28.0
20 (15.0, 49.0) 45.0
21 (25.0, 30.0) 10.0
22 (49.0, 10.0) 50.0
23 (27.0, 48.0) 40.0
24 (26.0, 32.0) 32.0
25 (50.0, 47.0) 20.0
26 (4.0, 34.0) 19.0
27 (42.0, 39.0) 41.0
28 (41.0, 34.0) 31.0
29 (3.0, 19.0) 16.0
30 (7.0, 49.0) 21.0
31 (36.0, 47.0) 31.0
32 (8.0, 46.0) 35.0
33 (2.0, 8.0) 41.0
34 (3.0, 42.0) 36.0
35 (44.0, 25.0) 19.0
36 (33.0, 15.0) 11.0
37 (46.0, 3.0) 17.0
38 (9.0, 47.0) 10.0
39 (12.0, 28.0) 48.0
,
0 1 3 3 3 5 5 6 5 7 1 2 4 5 7 6 4 3 3 1 3 2 8 2 1 6 4 4 4 5 4 3 3 7 4 5 5 8 3 3
1 0 2 3 4 4 4 4 4 6 2 3 3 4 6 5 3 2 4 3 4 1 7 3 1 6 4 4 4 5 5 4 4 6 4 4 4 7 4 2
3 2 0 1 6 4 3 4 3 6 3 4 1 3 5 6 4 1 4 3 5 1 5 4 1 5 6 3 2 6 6 3 6 7 6 3 3 6 6 4
3 3 1 0 7 5 4 4 3 7 4 5 1 2 6 7 5 1 3 4 6 3 5 4 2 4 7 2 1 7 7 3 7 9 7 2 4 6 7 5
3 4 6 7 0 6 7 8 7 8 3 3 7 8 8 6 5 6 6 4 3 4 11 5 4 9 1 7 7 4 2 6 2 6 1 8 7 11 2 3
5 4 4 5 6 0 2 3 3 2 6 7 5 5 2 2 1 4 8 7 7 4 6 7 4 9 5 7 6 4 8 8 7 4 7 5 3 6 7 4
5 4 3 4 7 2 0 1 1 3 6 7 3 4 2 3 2 3 7 6 8 3 4 7 4 8 6 6 5 5 8 7 8 5 8 4 1 4 8 4
6 4 4 4 8 3 1 0 1 3 6 8 3 3 2 4 3 3 7 7 8 4 3 7 4 8 7 6 5 6 9 7 8 6 8 3 1 3 8 5
5 4 3 3 7 3 1 1 0 4 6 7 2 2 2 5 3 2 7 6 8 3 3 7 4 7 7 5 4 6 9 6 8 7 8 3 0 4 8 5
7 6 6 7 8 2 3 3 4 0 8 9 6 6 2 2 3 6 10 9 9 6 6 9 6 11 7 9 8 5 10 9 9 4 9 7 4 5 9 6
1 2 3 4 3 6 6 6 6 8 0 1 4 6 7 7 5 4 3 1 2 2 8 2 2 6 4 4 4 6 3 3 3 8 4 6 6 9 3 3
2 3 4 5 3 7 7 8 7 9 1 0 5 7 9 8 6 5 3 1 1 4 10 1 3 6 4 5 5 7 3 3 2 9 4 7 7 10 2 4
4 3 1 1 7 5 3 3 2 6 4 5 0 1 5 6 4 1 4 4 6 2 4 4 2 5 7 2 1 7 7 4 7 8 7 2 3 5 7 5
5 4 3 2 8 5 4 3 2 6 6 7 1 0 5 7 5 2 5 6 8 4 3 6 4 5 8 3 2 8 9 5 8 9 9 0 3 4 8 6
7 6 5 6 8 2 2 2 2 2 7 9 5 5 0 3 3 5 9 8 9 5 4 9 5 9 8 7 6 6 10 9 9 5 9 5 2 3 9 6
6 5 6 7 6 2 3 4 5 2 7 8 6 7 3 0 2 6 9 8 8 5 7 9 6 11 5 9 8 3 8 9 8 2 7 7 4 7 8 4
4 3 4 5 5 1 2 3 3 3 5 6 4 5 3 2 0 3 7 5 6 3 6 6 3 8 4 6 5 3 7 7 6 4 6 5 3 6 6 2
3 2 1 1 6 4 3 3 2 6 4 5 1 2 5 6 3 0 4 4 6 2 5 4 2 5 6 3 2 6 7 4 6 7 7 2 2 5 6 4
3 4 4 3 6 8 7 7 7 10 3 3 4 5 9 9 7 4 0 2 4 4 8 2 4 3 7 2 3 9 6 0 5 11 7 5 7 9 5 6
1 3 3 4 4 7 6 7 6 9 1 1 4 6 8 8 5 4 2 0 2 3 9 1 3 5 5 4 4 7 3 2 3 9 4 6 6 9 3 4
3 4 5 6 3 7 8 8 8 9 2 1 6 8 9 8 6 6 4 2 0 4 10 2 4 7 4 6 6 6 2 4 2 9 3 8 8 11 1 4
2 1 1 3 4 4 3 4 3 6 2 4 2 4 5 5 3 2 4 3 4 0 6 4 0 6 4 4 3 5 5 4 5 6 5 4 3 7 5 3
8 7 5 5 11 6 4 3 3 6 8 10 4 3 4 7 6 5 8 9 10 6 0 9 6 7 10 6 5 9 11 8 11 9 11 3 3 2 11 8
2 3 4 4 5 7 7 7 7 9 2 1 4 6 9 9 6 4 2 1 2 4 9 0 3 5 5 3 4 8 4 2 4 9 5 6 7 10 4 5
1 1 1 2 4 4 4 4 4 6 2 3 2 4 5 6 3 2 4 3 4 0 6 3 0 6 4 3 3 5 5 4 5 7 5 4 4 7 5 3
6 6 5 4 9 9 8 8 7 11 6 6 5 5 9 11 8 5 3 5 7 6 7 5 6 0 10 2 3 11 9 3 8 12 9 5 7 9 8 8
4 4 6 7 1 5 6 7 7 7 4 4 7 8 8 5 4 6 7 5 4 4 10 5 4 10 0 8 7 3 3 7 3 5 2 8 7 10 3 2
4 4 3 2 7 7 6 6 5 9 4 5 2 3 7 9 6 3 2 4 6 4 6 3 3 2 8 0 1 9 7 2 7 10 8 3 5 7 7 6
4 4 2 1 7 6 5 5 4 8 4 5 1 2 6 8 5 2 3 4 6 3 5 4 3 3 7 1 0 8 7 3 7 9 8 2 4 6 7 6
5 5 6 7 4 4 5 6 6 5 6 7 7 8 6 3 3 6 9 7 6 5 9 8 5 11 3 9 8 0 6 9 5 2 5 8 6 9 6 3
4 5 6 7 2 8 8 9 9 10 3 3 7 9 10 8 7 7 6 3 2 5 11 4 5 9 3 7 7 6 0 6 1 8 2 9 9 12 1 4
3 4 3 3 6 8 7 7 6 9 3 3 4 5 9 9 7 4 0 2 4 4 8 2 4 3 7 2 3 9 6 0 6 10 7 5 6 9 5 6
3 4 6 7 2 7 8 8 8 9 3 2 7 8 9 8 6 6 5 3 2 5 11 4 5 8 3 7 7 5 1 6 0 8 1 8 8 11 0 4
7 6 7 9 6 4 5 6 7 4 8 9 8 9 5 2 4 7 11 9 9 6 9 9 7 12 5 10 9 2 8 10 8 0 7 9 6 9 8 4
4 4 6 7 1 7 8 8 8 9 4 4 7 9 9 7 6 7 7 4 3 5 11 5 5 9 2 8 8 5 2 7 1 7 0 9 8 12 2 3
5 4 3 2 8 5 4 3 3 7 6 7 2 0 5 7 5 2 5 6 8 4 3 6 4 5 8 3 2 8 9 5 8 9 9 0 3 4 8 6
5 4 3 4 7 3 1 1 0 4 6 7 3 3 2 4 3 2 7 6 8 3 3 7 4 7 7 5 4 6 9 6 8 6 8 3 0 4 8 5
8 7 6 6 11 6 4 3 4 5 9 10 5 4 3 7 6 5 9 9 11 7 2 10 7 9 10 7 6 9 12 9 11 9 12 4 4 0 11 8
3 4 6 7 2 7 8 8 8 9 3 2 7 8 9 8 6 6 5 3 1 5 11 4 5 8 3 7 7 6 1 5 0 8 2 8 8 11 0 4
3 2 4 5 3 4 4 5 5 6 3 4 5 6 6 4 2 4 6 4 4 3 8 5 3 8 2 6 6 3 4 6 4 4 3 6 5 8 4 0
,
0 6 17 17 21 23 29 38 19 51 4 5 10 16 19 33 11 23 19 10 7 12 48 9 9 21 27 19 25 35 10 11 18 35 24 37 25 51 19 16
4 0 10 14 26 16 28 24 11 15 12 14 11 28 14 33 12 9 30 18 26 4 23 16 4 38 13 14 15 31 23 19 24 20 15 14 11 52 17 13
7 7 0 3 34 24 16 17 20 16 14 22 5 11 33 24 25 4 14 13 21 9 14 24 4 16 18 15 14 46 46 21 32 54 46 9 9 21 39 15
23 8 7 0 46 32 25 19 12 51 26 27 5 8 25 52 18 9 11 23 26 13 21 13 16 19 32 4 2 33 29 21 42 41 20 6 20 21 35 35
24 23 17 50 0 23 34 23 29 42 11 11 31 53 37 32 19 38 17 18 8 19 32 22 20 24 4 25 49 25 13 21 7 40 5 30 43 48 11 14
39 15 22 19 43 0 12 9 16 13 42 40 25 17 14 7 8 12 35 39 49 12 34 30 20 53 19 22 18 12 32 56 33 12 37 28 14 35 34 26
35 12 14 20 24 11 0 3 8 9 33 47 17 20 8 16 13 17 49 37 57 24 15 50 11 58 29 29 27 38 35 51 20 35 51 22 5 18 44 21
32 29 15 13 37 8 7 0 5 13 40 47 18 23 5 25 19 13 37 26 45 23 20 41 16 39 27 39 35 38 67 22 24 26 45 17 2 10 63 24
36 13 15 11 49 10 4 6 0 28 30 26 19 14 12 27 19 10 47 25 49 9 17 42 15 48 48 19 14 19 26 36 53 39 42 9 2 23 33 19
39 19 19 30 25 10 10 16 17 0 46 63 36 22 7 13 9 22 41 34 70 41 41 33 23 43 32 44 41 25 43 69 53 23 48 35 17 22 58 27
4 6 8 21 15 27 30 46 28 50 0 7 12 16 26 34 21 27 22 5 6 16 42 8 11 35 11 16 19 31 8 15 15 22 24 21 21 40 15 17
15 24 29 13 22 25 37 19 24 48 8 0 21 36 47 22 19 15 11 6 5 21 62 10 23 40 16 13 36 34 8 11 18 63 26 44 46 55 15 15
25 21 3 5 47 18 23 18 7 35 17 31 0 10 36 17 13 4 23 24 26 7 11 33 11 25 28 17 5 24 43 27 42 34 32 6 9 16 46 35
15 15 7 13 41 22 19 23 16 42 40 31 10 0 32 18 32 11 20 19 55 16 14 16 12 20 40 11 14 23 22 23 40 23 51 1 15 18 23 37
38 38 15 38 29 8 4 9 7 7 50 26 21 28 0 12 11 20 31 34 38 13 23 27 33 31 46 40 21 26 64 29 40 28 63 27 14 13 63 27
36 18 16 24 39 8 14 20 31 12 27 21 18 36 21 0 16 41 50 43 54 17 46 35 37 77 35 47 26 9 60 57 20 9 40 52 31 36 50 24
15 17 18 17 31 5 15 21 15 11 26 28 16 27 10 13 0 14 18 29 43 9 42 24 21 41 16 21 20 15 29 32 45 13 26 29 21 40 21 15
21 16 5 8 39 26 15 8 12 40 17 17 3 9 20 41 19 0 19 28 30 5 16 16 12 30 19 20 12 35 32 22 22 48 47 8 14 17 18 29
22 26 21 13 23 21 31 46 22 59 17 21 13 21 56 62 35 20 0 15 26 25 38 4 12 22 43 10 11 43 27 2 32 63 26 37 28 34 26 44
9 9 25 25 13 27 25 18 45 28 5 5 21 42 57 24 34 30 10 0 10 8 47 3 18 37 27 13 29 41 9 7 17 25 14 40 39 48 10 29
17 27 20 41 9 36 29 57 39 57 10 6 26 29 31 23 20 30 15 9 0 15 42 17 24 33 18 19 20 28 9 25 7 33 17 24 36 66 7 21
8 4 10 12 22 12 19 20 17 14 10 22 13 14 26 17 19 13 29 10 24 0 41 15 2 18 13 15 21 20 13 14 28 24 17 14 13 37 33 9
46 31 23 32 50 39 28 15 22 22 32 33 31 17 28 50 45 27 52 53 52 30 0 40 28 27 63 26 15 70 39 24 36 43 62 9 23 11 63 44
15 20 13 20 20 25 40 27 40 32 12 4 22 31 64 58 18 22 10 6 15 21 43 0 19 20 36 15 11 43 15 6 12 35 32 29 44 43 18 28
5 3 7 12 27 19 28 27 13 42 14 20 12 19 31 20 14 6 24 14 27 2 18 23 0 34 25 12 12 38 35 11 12 37 14 17 26 19 15 19
32 29 27 18 45 65 34 56 30 60 24 19 17 18 55 69 52 15 18 29 49 39 42 34 15 0 66 7 23 54 64 12 61 82 29 34 26 48 34 55
11 10 23 34 5 38 41 28 40 45 26 30 17 47 56 16 14 18 45 21 25 17 39 33 21 49 0 34 29 13 19 39 7 21 6 24 26 65 21 10
15 16 18 11 43 47 30 20 32 48 14 32 12 18 21 56 37 16 16 17 39 23 29 17 12 14 56 0 4 32 47 12 39 41 53 8 29 27 50 22
26 14 14 3 46 28 35 23 19 41 27 24 10 5 34 31 35 9 17 13 27 12 35 19 15 14 40 7 0 30 29 11 19 66 45 6 19 38 28 39
38 24 22 29 15 21 29 23 27 36 39 33 41 36 39 16 18 34 46 33 20 33 64 38 15 59 14 53 53 0 25 31 22 14 23 57 19 43 26 15
16 33 22 45 8 36 29 58 48 59 15 9 41 51 60 46 38 45 19 15 10 18 39 27 14 51 11 35 29 38 0 34 3 50 9 33 43 84 3 14
19 29 16 11 43 42 48 31 30 27 18 22 24 12 49 67 49 18 3 10 17 30 39 7 21 17 43 5 17 52 25 0 31 60 28 23 32 54 24 37
13 30 43 30 4 19 34 24 51 25 17 17 26 21 38 38 34 28 18 19 9 19 33 28 25 55 12 25 47 38 2 30 0 43 6 54 46 71 2 17
41 32 46 38 40 16 21 19 45 24 53 56 42 56 35 9 11 33 69 41 33 42 70 30 27 38 22 45 30 10 56 63 31 0 46 35 46 38 43 30
10 13 35 41 3 45 26 63 28 34 18 26 20 39 62 51 28 47 46 17 21 36 75 32 21 55 8 40 58 26 12 27 4 44 0 57 23 87 8 13
14 31 16 13 24 19 24 20 17 32 41 19 6 1 15 41 27 11 37 35 26 28 14 40 19 21 22 12 8 34 46 32 31 58 48 0 14 16 29 34
28 21 8 14 25 17 5 3 1 15 24 18 7 10 15 20 14 15 36 20 21 24 18 41 17 53 42 18 28 35 45 25 30 38 40 22 0 21 30 37
60 51 35 17 38 36 27 13 10 19 63 39 19 26 17 24 24 36 37 68 40 31 4 28 29 65 45 20 21 48 32 35 75 63 57 15 14 0 64 34
22 11 24 48 7 32 54 57 36 53 17 11 25 55 43 30 42 16 13 13 4 13 72 25 33 48 7 28 48 16 1 33 1 45 9 60 57 35 0 27
19 10 18 34 14 13 29 16 25 31 17 32 20 36 28 28 16 29 28 11 21 8 30 20 18 44 14 23 39 8 20 43 18 26 21 30 15 55 23 0