7
40
,
0 (22.0, 38.0) 35.0
1 (23.0, 32.0) 17.0
2 (32.0, 30.0) 20.0
3 (38.0, 32.0) 17.0
4 (5.0, 39.0) 12.0
5 (20.0, 12.0) 24.0
6 (28.0, 13.0) 17.0
7 (33.0, 12.0) 18.0
8 (34.0, 16.0) 33.0
9 (21.0, 2.0) 10.0
10 (21.0, 41.0) 48.0
11 (20.0, 48.0) 22.0
12 (37.0, 28.0) 12.0
13 (43.0, 24.0) 13.0
14 (29.0, 5.0) 20.0
15 (12.0, 8.0) 23.0
16 (19.0, 18.0) 17.0
17 (34.0, 27.0) 18.0
18 (35.0, 49.0) 26.0
19 (24.0, 45.0) 41.0
20 (15.0, 49.0) 43.0
21 (25.0, 30.0) 23.0
22 (49.0, 10.0) 32.0
23 (27.0, 48.0) 12.0
24 (26.0, 32.0) 11.0
25 (50.0, 47.0) 46.0
26 (4.0, 34.0) 13.0
27 (42.0, 39.0) 29.0
28 (41.0, 34.0) 15.0
29 (3.0, 19.0) 30.0
30 (7.0, 49.0) 31.0
31 (36.0, 47.0) 47.0
32 (8.0, 46.0) 10.0
33 (2.0, 8.0) 15.0
34 (3.0, 42.0) 14.0
35 (44.0, 25.0) 43.0
36 (33.0, 15.0) 15.0
37 (46.0, 3.0) 15.0
38 (9.0, 47.0) 35.0
39 (12.0, 28.0) 17.0
,
0 1 3 3 3 5 5 6 5 7 1 2 4 5 7 6 4 3 3 1 3 2 8 2 1 6 4 4 4 5 4 3 3 7 4 5 5 8 3 3
1 0 2 3 4 4 4 4 4 6 2 3 3 4 6 5 3 2 4 3 4 1 7 3 1 6 4 4 4 5 5 4 4 6 4 4 4 7 4 2
3 2 0 1 6 4 3 4 3 6 3 4 1 3 5 6 4 1 4 3 5 1 5 4 1 5 6 3 2 6 6 3 6 7 6 3 3 6 6 4
3 3 1 0 7 5 4 4 3 7 4 5 1 2 6 7 5 1 3 4 6 3 5 4 2 4 7 2 1 7 7 3 7 9 7 2 4 6 7 5
3 4 6 7 0 6 7 8 7 8 3 3 7 8 8 6 5 6 6 4 3 4 11 5 4 9 1 7 7 4 2 6 2 6 1 8 7 11 2 3
5 4 4 5 6 0 2 3 3 2 6 7 5 5 2 2 1 4 8 7 7 4 6 7 4 9 5 7 6 4 8 8 7 4 7 5 3 6 7 4
5 4 3 4 7 2 0 1 1 3 6 7 3 4 2 3 2 3 7 6 8 3 4 7 4 8 6 6 5 5 8 7 8 5 8 4 1 4 8 4
6 4 4 4 8 3 1 0 1 3 6 8 3 3 2 4 3 3 7 7 8 4 3 7 4 8 7 6 5 6 9 7 8 6 8 3 1 3 8 5
5 4 3 3 7 3 1 1 0 4 6 7 2 2 2 5 3 2 7 6 8 3 3 7 4 7 7 5 4 6 9 6 8 7 8 3 0 4 8 5
7 6 6 7 8 2 3 3 4 0 8 9 6 6 2 2 3 6 10 9 9 6 6 9 6 11 7 9 8 5 10 9 9 4 9 7 4 5 9 6
1 2 3 4 3 6 6 6 6 8 0 1 4 6 7 7 5 4 3 1 2 2 8 2 2 6 4 4 4 6 3 3 3 8 4 6 6 9 3 3
2 3 4 5 3 7 7 8 7 9 1 0 5 7 9 8 6 5 3 1 1 4 10 1 3 6 4 5 5 7 3 3 2 9 4 7 7 10 2 4
4 3 1 1 7 5 3 3 2 6 4 5 0 1 5 6 4 1 4 4 6 2 4 4 2 5 7 2 1 7 7 4 7 8 7 2 3 5 7 5
5 4 3 2 8 5 4 3 2 6 6 7 1 0 5 7 5 2 5 6 8 4 3 6 4 5 8 3 2 8 9 5 8 9 9 0 3 4 8 6
7 6 5 6 8 2 2 2 2 2 7 9 5 5 0 3 3 5 9 8 9 5 4 9 5 9 8 7 6 6 10 9 9 5 9 5 2 3 9 6
6 5 6 7 6 2 3 4 5 2 7 8 6 7 3 0 2 6 9 8 8 5 7 9 6 11 5 9 8 3 8 9 8 2 7 7 4 7 8 4
4 3 4 5 5 1 2 3 3 3 5 6 4 5 3 2 0 3 7 5 6 3 6 6 3 8 4 6 5 3 7 7 6 4 6 5 3 6 6 2
3 2 1 1 6 4 3 3 2 6 4 5 1 2 5 6 3 0 4 4 6 2 5 4 2 5 6 3 2 6 7 4 6 7 7 2 2 5 6 4
3 4 4 3 6 8 7 7 7 10 3 3 4 5 9 9 7 4 0 2 4 4 8 2 4 3 7 2 3 9 6 0 5 11 7 5 7 9 5 6
1 3 3 4 4 7 6 7 6 9 1 1 4 6 8 8 5 4 2 0 2 3 9 1 3 5 5 4 4 7 3 2 3 9 4 6 6 9 3 4
3 4 5 6 3 7 8 8 8 9 2 1 6 8 9 8 6 6 4 2 0 4 10 2 4 7 4 6 6 6 2 4 2 9 3 8 8 11 1 4
2 1 1 3 4 4 3 4 3 6 2 4 2 4 5 5 3 2 4 3 4 0 6 4 0 6 4 4 3 5 5 4 5 6 5 4 3 7 5 3
8 7 5 5 11 6 4 3 3 6 8 10 4 3 4 7 6 5 8 9 10 6 0 9 6 7 10 6 5 9 11 8 11 9 11 3 3 2 11 8
2 3 4 4 5 7 7 7 7 9 2 1 4 6 9 9 6 4 2 1 2 4 9 0 3 5 5 3 4 8 4 2 4 9 5 6 7 10 4 5
1 1 1 2 4 4 4 4 4 6 2 3 2 4 5 6 3 2 4 3 4 0 6 3 0 6 4 3 3 5 5 4 5 7 5 4 4 7 5 3
6 6 5 4 9 9 8 8 7 11 6 6 5 5 9 11 8 5 3 5 7 6 7 5 6 0 10 2 3 11 9 3 8 12 9 5 7 9 8 8
4 4 6 7 1 5 6 7 7 7 4 4 7 8 8 5 4 6 7 5 4 4 10 5 4 10 0 8 7 3 3 7 3 5 2 8 7 10 3 2
4 4 3 2 7 7 6 6 5 9 4 5 2 3 7 9 6 3 2 4 6 4 6 3 3 2 8 0 1 9 7 2 7 10 8 3 5 7 7 6
4 4 2 1 7 6 5 5 4 8 4 5 1 2 6 8 5 2 3 4 6 3 5 4 3 3 7 1 0 8 7 3 7 9 8 2 4 6 7 6
5 5 6 7 4 4 5 6 6 5 6 7 7 8 6 3 3 6 9 7 6 5 9 8 5 11 3 9 8 0 6 9 5 2 5 8 6 9 6 3
4 5 6 7 2 8 8 9 9 10 3 3 7 9 10 8 7 7 6 3 2 5 11 4 5 9 3 7 7 6 0 6 1 8 2 9 9 12 1 4
3 4 3 3 6 8 7 7 6 9 3 3 4 5 9 9 7 4 0 2 4 4 8 2 4 3 7 2 3 9 6 0 6 10 7 5 6 9 5 6
3 4 6 7 2 7 8 8 8 9 3 2 7 8 9 8 6 6 5 3 2 5 11 4 5 8 3 7 7 5 1 6 0 8 1 8 8 11 0 4
7 6 7 9 6 4 5 6 7 4 8 9 8 9 5 2 4 7 11 9 9 6 9 9 7 12 5 10 9 2 8 10 8 0 7 9 6 9 8 4
4 4 6 7 1 7 8 8 8 9 4 4 7 9 9 7 6 7 7 4 3 5 11 5 5 9 2 8 8 5 2 7 1 7 0 9 8 12 2 3
5 4 3 2 8 5 4 3 3 7 6 7 2 0 5 7 5 2 5 6 8 4 3 6 4 5 8 3 2 8 9 5 8 9 9 0 3 4 8 6
5 4 3 4 7 3 1 1 0 4 6 7 3 3 2 4 3 2 7 6 8 3 3 7 4 7 7 5 4 6 9 6 8 6 8 3 0 4 8 5
8 7 6 6 11 6 4 3 4 5 9 10 5 4 3 7 6 5 9 9 11 7 2 10 7 9 10 7 6 9 12 9 11 9 12 4 4 0 11 8
3 4 6 7 2 7 8 8 8 9 3 2 7 8 9 8 6 6 5 3 1 5 11 4 5 8 3 7 7 6 1 5 0 8 2 8 8 11 0 4
3 2 4 5 3 4 4 5 5 6 3 4 5 6 6 4 2 4 6 4 4 3 8 5 3 8 2 6 6 3 4 6 4 4 3 6 5 8 4 0
,
0 9 18 21 23 16 33 22 17 36 2 8 25 16 20 29 13 13 15 7 19 5 43 7 7 44 23 16 26 14 18 25 18 53 25 13 36 25 17 8
4 0 10 22 13 28 20 33 13 16 7 10 13 26 16 14 12 16 12 11 22 2 37 9 2 37 20 17 20 28 28 11 23 29 21 31 10 54 30 7
17 12 0 4 25 17 22 27 17 42 18 13 4 12 26 25 21 5 12 22 24 4 14 17 5 22 19 13 13 37 38 18 40 23 27 15 15 40 26 21
24 22 3 0 33 40 27 21 13 25 18 16 5 10 32 27 20 4 15 15 34 16 16 19 11 14 40 4 3 19 32 17 38 52 24 12 13 45 31 21
11 19 32 47 0 29 43 51 30 54 18 20 30 61 41 47 17 41 38 27 21 26 38 25 27 57 3 26 25 27 10 29 5 40 5 42 37 40 6 8
25 21 29 19 33 0 9 16 14 12 27 19 22 20 13 5 9 26 56 17 56 26 27 51 19 48 20 21 40 10 56 48 44 25 29 24 17 35 45 24
16 27 20 14 39 12 0 5 6 13 37 31 12 28 7 15 5 8 39 18 46 25 12 18 19 41 40 37 28 32 60 41 56 27 19 24 4 29 47 30
15 32 16 12 30 15 4 0 5 16 40 21 13 8 5 15 22 16 50 43 61 23 14 50 25 33 43 29 23 41 25 47 56 40 56 20 3 12 41 22
14 10 12 11 22 22 9 6 0 10 29 19 9 12 17 23 21 13 31 31 48 13 8 29 9 34 44 14 11 20 61 27 48 24 27 18 2 13 30 37
26 27 21 42 49 13 19 13 26 0 28 42 36 26 5 10 9 27 68 48 35 23 33 58 33 72 39 53 49 34 73 69 65 22 55 18 19 24 67 32
4 8 18 22 23 17 33 16 34 27 0 4 16 35 40 35 26 27 9 4 9 10 36 10 6 43 10 12 17 38 21 18 9 33 13 41 34 66 14 10
9 18 22 24 13 48 42 29 48 55 4 0 32 37 51 34 44 14 11 6 3 9 71 6 23 30 20 25 22 41 12 23 9 45 21 38 19 51 6 16
9 10 6 3 41 26 22 18 16 45 18 36 0 4 32 18 12 2 15 26 32 11 21 27 12 16 26 9 9 24 50 15 26 49 20 7 18 25 43 15
27 19 9 6 48 30 26 13 10 28 21 21 7 0 15 32 27 5 29 17 32 18 22 39 18 27 56 13 10 30 64 36 22 43 61 2 8 24 53 33
34 40 29 26 49 16 6 9 7 6 27 22 25 31 0 16 18 27 62 47 52 22 13 33 34 45 26 51 33 43 68 58 55 23 23 21 15 23 44 23
29 36 42 37 46 7 23 25 18 9 37 58 17 27 19 0 18 41 58 47 39 29 32 23 18 69 19 53 23 15 39 62 24 7 44 52 27 43 42 29
23 9 16 23 36 7 14 20 13 17 22 23 25 32 19 8 0 13 20 22 37 10 46 34 12 41 31 38 34 23 17 46 18 18 42 23 12 29 41 16
24 15 5 5 33 13 10 22 13 31 22 37 4 12 13 29 21 0 19 19 19 12 22 33 8 13 37 21 11 31 44 20 19 45 41 11 17 14 39 22
12 29 27 14 33 58 19 55 33 50 23 8 28 34 38 41 41 15 0 17 21 17 32 11 22 20 50 12 13 60 26 3 14 44 41 37 28 33 34 44
5 9 17 19 23 24 48 47 22 52 5 5 28 16 53 36 23 16 9 0 14 12 64 6 12 30 19 13 29 30 21 8 18 34 15 33 31 66 18 26
15 21 25 36 20 25 35 56 26 66 14 4 36 54 63 54 26 39 14 12 0 22 52 17 21 20 26 31 23 28 6 25 4 38 14 50 20 66 9 21
5 2 10 8 21 26 10 11 22 35 14 23 10 10 22 33 10 10 31 19 24 0 37 26 3 19 19 16 11 19 23 26 22 34 29 28 10 31 12 17
37 44 24 27 31 22 19 20 9 16 42 52 27 18 25 44 33 17 61 36 73 25 0 58 32 44 61 24 24 29 78 25 30 24 53 20 10 4 81 33
12 20 14 21 33 43 46 27 32 38 8 6 28 31 38 53 26 32 9 4 13 21 59 0 14 14 37 11 29 45 25 13 15 25 28 22 19 32 23 34
6 2 8 9 21 18 14 15 16 29 8 18 8 25 39 28 19 8 24 13 29 3 35 19 0 35 19 13 11 34 37 16 25 38 29 24 22 37 20 9
39 34 23 19 49 42 34 25 47 80 28 16 18 18 32 72 24 16 15 38 39 35 26 13 41 0 53 12 8 67 53 7 22 45 33 17 39 62 44 37
26 20 18 47 3 27 33 31 47 37 20 20 44 22 32 18 17 39 36 17 12 15 38 37 26 33 0 48 20 14 17 50 19 23 5 36 38 49 15 9
16 25 17 5 41 44 18 34 24 23 25 32 17 14 40 36 43 16 13 16 40 18 32 16 15 14 42 0 5 27 50 7 41 69 38 8 31 38 34 19
17 25 14 2 23 27 15 29 14 45 30 30 4 11 37 20 35 9 23 11 16 21 17 17 15 18 43 6 0 59 28 13 26 34 27 5 31 35 22 22
30 17 30 35 18 26 19 34 23 16 30 39 43 57 25 12 23 18 41 35 46 23 64 41 23 62 20 61 61 0 38 30 35 8 20 50 44 50 28 7
15 20 46 34 13 38 47 23 33 43 16 9 23 65 32 35 36 33 21 10 7 23 80 20 13 53 21 33 41 36 0 33 4 34 9 38 38 65 4 30
18 12 15 10 16 29 21 34 44 52 16 17 16 31 32 60 26 17 3 14 12 11 56 7 26 8 37 15 14 47 39 0 18 37 23 19 25 67 39 42
21 13 23 36 10 34 53 47 43 51 19 9 32 22 51 44 29 21 15 13 9 23 76 14 19 55 14 24 51 38 3 34 0 28 6 56 25 50 2 10
44 45 39 33 34 26 16 16 18 10 21 38 37 56 28 14 22 54 47 43 47 46 44 55 22 79 21 40 53 12 25 28 41 0 46 37 16 24 43 26
22 21 26 54 3 51 29 59 32 40 16 16 24 38 31 26 32 26 22 31 14 29 53 30 37 40 12 27 23 18 6 47 8 32 0 49 40 30 6 12
29 19 14 11 49 23 21 25 9 46 36 37 8 1 36 43 20 9 35 27 56 28 15 37 22 26 60 19 5 28 26 13 50 62 40 0 18 17 22 25
23 19 19 14 32 15 8 3 1 21 19 35 11 18 15 31 8 13 29 34 32 9 12 31 18 40 47 15 22 22 59 35 47 17 52 18 0 10 44 24
48 32 32 32 28 33 26 13 18 22 64 41 35 28 22 47 19 17 39 42 28 34 7 28 27 25 34 40 21 66 67 25 39 39 31 32 19 0 61 36
11 23 36 40 9 51 34 48 39 25 12 9 18 45 25 37 19 17 33 18 5 33 34 12 24 24 15 20 23 22 4 28 1 57 11 39 50 41 0 28
20 7 13 22 18 10 28 19 34 41 8 29 22 24 22 20 17 32 19 16 20 19 22 15 12 57 10 21 20 17 32 16 12 32 13 38 20 37 24 0