7
40
,
0 (22.0, 38.0) 21.0
1 (23.0, 32.0) 12.0
2 (32.0, 30.0) 30.0
3 (38.0, 32.0) 49.0
4 (5.0, 39.0) 32.0
5 (20.0, 12.0) 35.0
6 (28.0, 13.0) 23.0
7 (33.0, 12.0) 42.0
8 (34.0, 16.0) 21.0
9 (21.0, 2.0) 28.0
10 (21.0, 41.0) 47.0
11 (20.0, 48.0) 15.0
12 (37.0, 28.0) 36.0
13 (43.0, 24.0) 42.0
14 (29.0, 5.0) 10.0
15 (12.0, 8.0) 41.0
16 (19.0, 18.0) 14.0
17 (34.0, 27.0) 37.0
18 (35.0, 49.0) 21.0
19 (24.0, 45.0) 36.0
20 (15.0, 49.0) 11.0
21 (25.0, 30.0) 10.0
22 (49.0, 10.0) 15.0
23 (27.0, 48.0) 24.0
24 (26.0, 32.0) 20.0
25 (50.0, 47.0) 13.0
26 (4.0, 34.0) 11.0
27 (42.0, 39.0) 44.0
28 (41.0, 34.0) 29.0
29 (3.0, 19.0) 21.0
30 (7.0, 49.0) 37.0
31 (36.0, 47.0) 10.0
32 (8.0, 46.0) 15.0
33 (2.0, 8.0) 18.0
34 (3.0, 42.0) 12.0
35 (44.0, 25.0) 46.0
36 (33.0, 15.0) 10.0
37 (46.0, 3.0) 21.0
38 (9.0, 47.0) 12.0
39 (12.0, 28.0) 28.0
,
0 1 3 3 3 5 5 6 5 7 1 2 4 5 7 6 4 3 3 1 3 2 8 2 1 6 4 4 4 5 4 3 3 7 4 5 5 8 3 3
1 0 2 3 4 4 4 4 4 6 2 3 3 4 6 5 3 2 4 3 4 1 7 3 1 6 4 4 4 5 5 4 4 6 4 4 4 7 4 2
3 2 0 1 6 4 3 4 3 6 3 4 1 3 5 6 4 1 4 3 5 1 5 4 1 5 6 3 2 6 6 3 6 7 6 3 3 6 6 4
3 3 1 0 7 5 4 4 3 7 4 5 1 2 6 7 5 1 3 4 6 3 5 4 2 4 7 2 1 7 7 3 7 9 7 2 4 6 7 5
3 4 6 7 0 6 7 8 7 8 3 3 7 8 8 6 5 6 6 4 3 4 11 5 4 9 1 7 7 4 2 6 2 6 1 8 7 11 2 3
5 4 4 5 6 0 2 3 3 2 6 7 5 5 2 2 1 4 8 7 7 4 6 7 4 9 5 7 6 4 8 8 7 4 7 5 3 6 7 4
5 4 3 4 7 2 0 1 1 3 6 7 3 4 2 3 2 3 7 6 8 3 4 7 4 8 6 6 5 5 8 7 8 5 8 4 1 4 8 4
6 4 4 4 8 3 1 0 1 3 6 8 3 3 2 4 3 3 7 7 8 4 3 7 4 8 7 6 5 6 9 7 8 6 8 3 1 3 8 5
5 4 3 3 7 3 1 1 0 4 6 7 2 2 2 5 3 2 7 6 8 3 3 7 4 7 7 5 4 6 9 6 8 7 8 3 0 4 8 5
7 6 6 7 8 2 3 3 4 0 8 9 6 6 2 2 3 6 10 9 9 6 6 9 6 11 7 9 8 5 10 9 9 4 9 7 4 5 9 6
1 2 3 4 3 6 6 6 6 8 0 1 4 6 7 7 5 4 3 1 2 2 8 2 2 6 4 4 4 6 3 3 3 8 4 6 6 9 3 3
2 3 4 5 3 7 7 8 7 9 1 0 5 7 9 8 6 5 3 1 1 4 10 1 3 6 4 5 5 7 3 3 2 9 4 7 7 10 2 4
4 3 1 1 7 5 3 3 2 6 4 5 0 1 5 6 4 1 4 4 6 2 4 4 2 5 7 2 1 7 7 4 7 8 7 2 3 5 7 5
5 4 3 2 8 5 4 3 2 6 6 7 1 0 5 7 5 2 5 6 8 4 3 6 4 5 8 3 2 8 9 5 8 9 9 0 3 4 8 6
7 6 5 6 8 2 2 2 2 2 7 9 5 5 0 3 3 5 9 8 9 5 4 9 5 9 8 7 6 6 10 9 9 5 9 5 2 3 9 6
6 5 6 7 6 2 3 4 5 2 7 8 6 7 3 0 2 6 9 8 8 5 7 9 6 11 5 9 8 3 8 9 8 2 7 7 4 7 8 4
4 3 4 5 5 1 2 3 3 3 5 6 4 5 3 2 0 3 7 5 6 3 6 6 3 8 4 6 5 3 7 7 6 4 6 5 3 6 6 2
3 2 1 1 6 4 3 3 2 6 4 5 1 2 5 6 3 0 4 4 6 2 5 4 2 5 6 3 2 6 7 4 6 7 7 2 2 5 6 4
3 4 4 3 6 8 7 7 7 10 3 3 4 5 9 9 7 4 0 2 4 4 8 2 4 3 7 2 3 9 6 0 5 11 7 5 7 9 5 6
1 3 3 4 4 7 6 7 6 9 1 1 4 6 8 8 5 4 2 0 2 3 9 1 3 5 5 4 4 7 3 2 3 9 4 6 6 9 3 4
3 4 5 6 3 7 8 8 8 9 2 1 6 8 9 8 6 6 4 2 0 4 10 2 4 7 4 6 6 6 2 4 2 9 3 8 8 11 1 4
2 1 1 3 4 4 3 4 3 6 2 4 2 4 5 5 3 2 4 3 4 0 6 4 0 6 4 4 3 5 5 4 5 6 5 4 3 7 5 3
8 7 5 5 11 6 4 3 3 6 8 10 4 3 4 7 6 5 8 9 10 6 0 9 6 7 10 6 5 9 11 8 11 9 11 3 3 2 11 8
2 3 4 4 5 7 7 7 7 9 2 1 4 6 9 9 6 4 2 1 2 4 9 0 3 5 5 3 4 8 4 2 4 9 5 6 7 10 4 5
1 1 1 2 4 4 4 4 4 6 2 3 2 4 5 6 3 2 4 3 4 0 6 3 0 6 4 3 3 5 5 4 5 7 5 4 4 7 5 3
6 6 5 4 9 9 8 8 7 11 6 6 5 5 9 11 8 5 3 5 7 6 7 5 6 0 10 2 3 11 9 3 8 12 9 5 7 9 8 8
4 4 6 7 1 5 6 7 7 7 4 4 7 8 8 5 4 6 7 5 4 4 10 5 4 10 0 8 7 3 3 7 3 5 2 8 7 10 3 2
4 4 3 2 7 7 6 6 5 9 4 5 2 3 7 9 6 3 2 4 6 4 6 3 3 2 8 0 1 9 7 2 7 10 8 3 5 7 7 6
4 4 2 1 7 6 5 5 4 8 4 5 1 2 6 8 5 2 3 4 6 3 5 4 3 3 7 1 0 8 7 3 7 9 8 2 4 6 7 6
5 5 6 7 4 4 5 6 6 5 6 7 7 8 6 3 3 6 9 7 6 5 9 8 5 11 3 9 8 0 6 9 5 2 5 8 6 9 6 3
4 5 6 7 2 8 8 9 9 10 3 3 7 9 10 8 7 7 6 3 2 5 11 4 5 9 3 7 7 6 0 6 1 8 2 9 9 12 1 4
3 4 3 3 6 8 7 7 6 9 3 3 4 5 9 9 7 4 0 2 4 4 8 2 4 3 7 2 3 9 6 0 6 10 7 5 6 9 5 6
3 4 6 7 2 7 8 8 8 9 3 2 7 8 9 8 6 6 5 3 2 5 11 4 5 8 3 7 7 5 1 6 0 8 1 8 8 11 0 4
7 6 7 9 6 4 5 6 7 4 8 9 8 9 5 2 4 7 11 9 9 6 9 9 7 12 5 10 9 2 8 10 8 0 7 9 6 9 8 4
4 4 6 7 1 7 8 8 8 9 4 4 7 9 9 7 6 7 7 4 3 5 11 5 5 9 2 8 8 5 2 7 1 7 0 9 8 12 2 3
5 4 3 2 8 5 4 3 3 7 6 7 2 0 5 7 5 2 5 6 8 4 3 6 4 5 8 3 2 8 9 5 8 9 9 0 3 4 8 6
5 4 3 4 7 3 1 1 0 4 6 7 3 3 2 4 3 2 7 6 8 3 3 7 4 7 7 5 4 6 9 6 8 6 8 3 0 4 8 5
8 7 6 6 11 6 4 3 4 5 9 10 5 4 3 7 6 5 9 9 11 7 2 10 7 9 10 7 6 9 12 9 11 9 12 4 4 0 11 8
3 4 6 7 2 7 8 8 8 9 3 2 7 8 9 8 6 6 5 3 1 5 11 4 5 8 3 7 7 6 1 5 0 8 2 8 8 11 0 4
3 2 4 5 3 4 4 5 5 6 3 4 5 6 6 4 2 4 6 4 4 3 8 5 3 8 2 6 6 3 4 6 4 4 3 6 5 8 4 0
,
0 7 13 16 18 36 34 15 32 47 3 11 17 32 44 27 13 16 24 7 12 8 26 10 8 28 10 22 18 25 20 24 17 34 11 13 29 27 9 8
7 0 6 8 23 22 16 21 28 21 9 15 16 18 19 29 17 18 21 19 19 1 28 13 2 43 26 26 12 35 18 17 20 18 22 31 28 25 23 7
16 13 0 7 28 13 12 23 20 35 17 19 3 16 19 40 11 3 26 14 17 8 31 24 4 31 40 19 11 32 36 18 36 48 25 16 22 28 19 17
10 10 9 0 24 21 15 23 24 21 17 20 4 11 21 33 24 5 24 27 43 16 23 16 18 10 31 10 3 36 29 17 17 55 53 11 21 24 31 15
16 21 28 21 0 34 43 20 28 30 16 20 41 31 56 32 29 38 21 16 14 21 33 22 27 53 4 22 50 12 9 25 8 46 3 50 42 71 5 16
32 24 32 28 35 0 9 16 13 14 34 44 33 30 9 7 5 19 43 32 48 11 17 24 11 30 26 31 40 10 30 54 34 19 28 34 20 33 47 10
35 12 10 15 20 8 0 5 5 19 19 23 14 16 4 10 5 11 50 45 49 25 26 29 10 40 20 23 17 26 35 26 44 19 33 11 6 29 39 20
39 23 11 23 40 15 7 0 3 22 25 28 13 16 6 18 10 20 21 44 57 19 14 45 14 41 49 20 19 19 60 32 46 22 52 24 2 21 38 18
20 11 15 9 45 21 4 4 0 17 26 46 9 17 12 23 21 16 35 35 47 14 18 35 20 35 41 16 16 35 26 21 36 38 51 16 1 13 41 28
22 36 31 30 47 15 18 20 16 0 55 62 18 20 6 11 14 32 60 51 37 29 41 37 21 39 35 48 51 23 44 27 23 17 24 23 19 37 46 32
4 14 13 21 13 30 29 25 27 56 0 10 25 35 45 39 14 20 21 6 9 9 45 11 10 38 25 18 14 20 15 18 21 38 18 19 25 39 15 23
7 17 27 35 17 52 49 55 43 36 9 0 18 38 64 37 45 18 19 4 5 12 60 6 18 35 12 31 18 17 16 14 6 58 14 24 41 48 9 32
11 20 5 5 22 18 10 24 13 28 16 19 0 7 19 36 24 2 23 32 26 8 19 14 9 23 43 10 4 53 31 17 20 39 28 9 20 23 24 35
35 19 11 11 52 38 14 18 11 19 27 24 4 0 30 40 35 8 16 35 46 25 8 15 10 18 21 22 12 54 23 33 47 36 53 2 14 16 22 21
40 14 35 19 31 9 9 8 10 12 53 44 26 15 0 14 13 29 54 29 63 23 31 34 18 53 37 32 20 22 26 55 32 39 41 13 7 23 51 35
20 22 25 19 46 8 19 31 34 12 39 26 28 24 18 0 9 20 29 57 26 22 23 22 19 75 32 57 36 10 53 55 47 10 40 43 22 50 56 25
12 22 20 26 29 5 15 15 15 18 25 32 30 21 21 12 0 24 20 25 31 7 35 46 14 27 28 31 30 19 27 45 31 12 15 19 15 21 18 11
14 18 2 8 38 21 18 18 16 30 27 30 2 9 33 34 16 0 13 30 25 9 27 12 10 37 40 20 7 30 49 12 25 49 50 13 17 23 35 13
10 14 28 23 17 37 51 50 41 62 8 12 30 37 56 41 40 27 0 7 10 23 41 11 13 20 51 16 22 52 18 3 28 67 42 38 49 60 18 29
7 13 10 17 29 36 35 48 45 32 3 7 27 25 49 39 16 15 15 0 13 8 47 6 19 39 15 25 20 20 22 7 13 46 22 39 46 36 11 18
12 21 37 32 16 25 46 29 55 43 11 5 44 54 61 54 20 23 18 14 0 21 73 8 11 46 14 39 26 18 11 11 8 30 14 42 26 64 8 22
13 4 5 20 17 16 11 14 12 20 7 12 14 14 27 38 15 10 26 8 29 0 30 27 1 42 15 15 12 22 18 21 21 32 32 15 15 22 14 15
30 30 28 24 35 23 13 19 8 15 51 26 18 23 13 30 27 19 41 62 75 38 0 64 33 47 73 40 24 52 74 28 70 34 29 18 12 10 68 50
13 10 23 20 32 44 43 42 17 28 5 6 28 37 62 37 42 24 6 4 17 18 40 0 19 23 39 13 12 40 18 11 11 62 20 17 25 63 11 31
10 3 6 13 26 31 29 15 17 45 11 24 9 13 35 22 12 14 18 18 27 1 18 16 0 34 19 22 12 33 33 22 23 21 28 26 15 26 19 18
30 19 19 20 24 40 43 43 45 73 38 34 32 35 27 71 62 33 8 18 24 35 33 19 26 0 44 14 11 65 34 8 28 43 25 17 19 51 25 25
27 11 22 44 7 35 24 31 23 33 23 14 21 44 27 40 22 25 35 22 9 19 44 32 32 39 0 28 54 13 17 37 11 16 11 60 29 73 15 8
11 15 17 5 47 51 28 34 25 47 27 35 11 17 45 25 32 14 7 21 20 12 44 17 21 16 55 0 3 55 32 7 34 56 26 21 22 48 25 47
20 10 7 5 36 16 20 21 25 52 30 27 8 6 41 38 22 10 24 29 24 9 26 14 17 19 23 5 0 31 53 13 29 30 42 9 26 30 39 39
28 21 26 39 25 27 32 20 31 17 41 49 26 43 41 18 18 42 27 24 24 37 27 32 30 42 8 63 53 0 21 54 38 6 16 35 42 36 28 8
10 20 45 31 11 35 44 56 26 35 16 8 49 62 32 57 42 40 38 20 4 37 84 30 26 50 15 26 39 25 0 31 4 54 5 43 36 87 1 12
23 13 16 14 39 22 38 38 27 49 17 14 12 14 41 32 26 26 3 16 15 21 57 10 21 8 24 7 12 50 31 0 27 51 19 32 42 38 20 46
17 11 24 46 5 41 47 41 53 34 14 9 25 58 48 30 21 40 30 12 7 19 53 21 18 31 15 29 38 15 2 25 0 29 4 39 22 85 1 16
35 45 39 52 19 16 29 36 41 22 55 41 53 63 29 12 26 38 32 43 26 28 50 30 45 59 35 57 47 14 56 73 27 0 19 28 42 39 44 13
25 19 43 33 2 18 26 48 56 32 13 13 54 31 67 19 20 27 34 17 8 13 46 28 37 53 8 45 51 29 4 28 9 35 0 30 49 62 5 19
14 12 19 11 55 28 16 18 13 33 37 23 10 1 34 43 26 11 38 29 32 21 11 20 12 24 60 17 6 42 49 33 40 32 32 0 19 14 46 39
15 13 16 12 36 18 3 4 2 12 18 45 11 9 16 20 10 8 50 25 37 18 20 22 23 50 28 30 19 25 58 18 21 19 22 21 0 23 58 15
46 22 21 27 39 34 25 12 15 33 56 30 19 16 25 37 32 21 58 42 32 37 6 34 33 29 53 22 21 31 48 63 47 49 32 20 22 0 84 51
23 11 27 39 10 49 29 55 47 45 18 8 30 45 26 29 25 34 18 9 9 28 81 21 16 55 11 32 20 42 4 23 1 41 11 23 58 84 0 12
16 7 19 20 11 21 25 33 35 24 18 23 17 38 20 18 10 13 27 13 13 13 36 19 10 25 8 41 42 7 18 45 16 15 24 31 13 25 13 0