7
40
,
0 (22.0, 38.0) 19.0
1 (23.0, 32.0) 12.0
2 (32.0, 30.0) 36.0
3 (38.0, 32.0) 27.0
4 (5.0, 39.0) 20.0
5 (20.0, 12.0) 19.0
6 (28.0, 13.0) 12.0
7 (33.0, 12.0) 28.0
8 (34.0, 16.0) 24.0
9 (21.0, 2.0) 22.0
10 (21.0, 41.0) 12.0
11 (20.0, 48.0) 20.0
12 (37.0, 28.0) 24.0
13 (43.0, 24.0) 29.0
14 (29.0, 5.0) 10.0
15 (12.0, 8.0) 14.0
16 (19.0, 18.0) 34.0
17 (34.0, 27.0) 40.0
18 (35.0, 49.0) 43.0
19 (24.0, 45.0) 22.0
20 (15.0, 49.0) 33.0
21 (25.0, 30.0) 10.0
22 (49.0, 10.0) 15.0
23 (27.0, 48.0) 15.0
24 (26.0, 32.0) 27.0
25 (50.0, 47.0) 40.0
26 (4.0, 34.0) 22.0
27 (42.0, 39.0) 12.0
28 (41.0, 34.0) 46.0
29 (3.0, 19.0) 16.0
30 (7.0, 49.0) 34.0
31 (36.0, 47.0) 28.0
32 (8.0, 46.0) 47.0
33 (2.0, 8.0) 28.0
34 (3.0, 42.0) 44.0
35 (44.0, 25.0) 36.0
36 (33.0, 15.0) 50.0
37 (46.0, 3.0) 11.0
38 (9.0, 47.0) 28.0
39 (12.0, 28.0) 27.0
,
0 1 3 3 3 5 5 6 5 7 1 2 4 5 7 6 4 3 3 1 3 2 8 2 1 6 4 4 4 5 4 3 3 7 4 5 5 8 3 3
1 0 2 3 4 4 4 4 4 6 2 3 3 4 6 5 3 2 4 3 4 1 7 3 1 6 4 4 4 5 5 4 4 6 4 4 4 7 4 2
3 2 0 1 6 4 3 4 3 6 3 4 1 3 5 6 4 1 4 3 5 1 5 4 1 5 6 3 2 6 6 3 6 7 6 3 3 6 6 4
3 3 1 0 7 5 4 4 3 7 4 5 1 2 6 7 5 1 3 4 6 3 5 4 2 4 7 2 1 7 7 3 7 9 7 2 4 6 7 5
3 4 6 7 0 6 7 8 7 8 3 3 7 8 8 6 5 6 6 4 3 4 11 5 4 9 1 7 7 4 2 6 2 6 1 8 7 11 2 3
5 4 4 5 6 0 2 3 3 2 6 7 5 5 2 2 1 4 8 7 7 4 6 7 4 9 5 7 6 4 8 8 7 4 7 5 3 6 7 4
5 4 3 4 7 2 0 1 1 3 6 7 3 4 2 3 2 3 7 6 8 3 4 7 4 8 6 6 5 5 8 7 8 5 8 4 1 4 8 4
6 4 4 4 8 3 1 0 1 3 6 8 3 3 2 4 3 3 7 7 8 4 3 7 4 8 7 6 5 6 9 7 8 6 8 3 1 3 8 5
5 4 3 3 7 3 1 1 0 4 6 7 2 2 2 5 3 2 7 6 8 3 3 7 4 7 7 5 4 6 9 6 8 7 8 3 0 4 8 5
7 6 6 7 8 2 3 3 4 0 8 9 6 6 2 2 3 6 10 9 9 6 6 9 6 11 7 9 8 5 10 9 9 4 9 7 4 5 9 6
1 2 3 4 3 6 6 6 6 8 0 1 4 6 7 7 5 4 3 1 2 2 8 2 2 6 4 4 4 6 3 3 3 8 4 6 6 9 3 3
2 3 4 5 3 7 7 8 7 9 1 0 5 7 9 8 6 5 3 1 1 4 10 1 3 6 4 5 5 7 3 3 2 9 4 7 7 10 2 4
4 3 1 1 7 5 3 3 2 6 4 5 0 1 5 6 4 1 4 4 6 2 4 4 2 5 7 2 1 7 7 4 7 8 7 2 3 5 7 5
5 4 3 2 8 5 4 3 2 6 6 7 1 0 5 7 5 2 5 6 8 4 3 6 4 5 8 3 2 8 9 5 8 9 9 0 3 4 8 6
7 6 5 6 8 2 2 2 2 2 7 9 5 5 0 3 3 5 9 8 9 5 4 9 5 9 8 7 6 6 10 9 9 5 9 5 2 3 9 6
6 5 6 7 6 2 3 4 5 2 7 8 6 7 3 0 2 6 9 8 8 5 7 9 6 11 5 9 8 3 8 9 8 2 7 7 4 7 8 4
4 3 4 5 5 1 2 3 3 3 5 6 4 5 3 2 0 3 7 5 6 3 6 6 3 8 4 6 5 3 7 7 6 4 6 5 3 6 6 2
3 2 1 1 6 4 3 3 2 6 4 5 1 2 5 6 3 0 4 4 6 2 5 4 2 5 6 3 2 6 7 4 6 7 7 2 2 5 6 4
3 4 4 3 6 8 7 7 7 10 3 3 4 5 9 9 7 4 0 2 4 4 8 2 4 3 7 2 3 9 6 0 5 11 7 5 7 9 5 6
1 3 3 4 4 7 6 7 6 9 1 1 4 6 8 8 5 4 2 0 2 3 9 1 3 5 5 4 4 7 3 2 3 9 4 6 6 9 3 4
3 4 5 6 3 7 8 8 8 9 2 1 6 8 9 8 6 6 4 2 0 4 10 2 4 7 4 6 6 6 2 4 2 9 3 8 8 11 1 4
2 1 1 3 4 4 3 4 3 6 2 4 2 4 5 5 3 2 4 3 4 0 6 4 0 6 4 4 3 5 5 4 5 6 5 4 3 7 5 3
8 7 5 5 11 6 4 3 3 6 8 10 4 3 4 7 6 5 8 9 10 6 0 9 6 7 10 6 5 9 11 8 11 9 11 3 3 2 11 8
2 3 4 4 5 7 7 7 7 9 2 1 4 6 9 9 6 4 2 1 2 4 9 0 3 5 5 3 4 8 4 2 4 9 5 6 7 10 4 5
1 1 1 2 4 4 4 4 4 6 2 3 2 4 5 6 3 2 4 3 4 0 6 3 0 6 4 3 3 5 5 4 5 7 5 4 4 7 5 3
6 6 5 4 9 9 8 8 7 11 6 6 5 5 9 11 8 5 3 5 7 6 7 5 6 0 10 2 3 11 9 3 8 12 9 5 7 9 8 8
4 4 6 7 1 5 6 7 7 7 4 4 7 8 8 5 4 6 7 5 4 4 10 5 4 10 0 8 7 3 3 7 3 5 2 8 7 10 3 2
4 4 3 2 7 7 6 6 5 9 4 5 2 3 7 9 6 3 2 4 6 4 6 3 3 2 8 0 1 9 7 2 7 10 8 3 5 7 7 6
4 4 2 1 7 6 5 5 4 8 4 5 1 2 6 8 5 2 3 4 6 3 5 4 3 3 7 1 0 8 7 3 7 9 8 2 4 6 7 6
5 5 6 7 4 4 5 6 6 5 6 7 7 8 6 3 3 6 9 7 6 5 9 8 5 11 3 9 8 0 6 9 5 2 5 8 6 9 6 3
4 5 6 7 2 8 8 9 9 10 3 3 7 9 10 8 7 7 6 3 2 5 11 4 5 9 3 7 7 6 0 6 1 8 2 9 9 12 1 4
3 4 3 3 6 8 7 7 6 9 3 3 4 5 9 9 7 4 0 2 4 4 8 2 4 3 7 2 3 9 6 0 6 10 7 5 6 9 5 6
3 4 6 7 2 7 8 8 8 9 3 2 7 8 9 8 6 6 5 3 2 5 11 4 5 8 3 7 7 5 1 6 0 8 1 8 8 11 0 4
7 6 7 9 6 4 5 6 7 4 8 9 8 9 5 2 4 7 11 9 9 6 9 9 7 12 5 10 9 2 8 10 8 0 7 9 6 9 8 4
4 4 6 7 1 7 8 8 8 9 4 4 7 9 9 7 6 7 7 4 3 5 11 5 5 9 2 8 8 5 2 7 1 7 0 9 8 12 2 3
5 4 3 2 8 5 4 3 3 7 6 7 2 0 5 7 5 2 5 6 8 4 3 6 4 5 8 3 2 8 9 5 8 9 9 0 3 4 8 6
5 4 3 4 7 3 1 1 0 4 6 7 3 3 2 4 3 2 7 6 8 3 3 7 4 7 7 5 4 6 9 6 8 6 8 3 0 4 8 5
8 7 6 6 11 6 4 3 4 5 9 10 5 4 3 7 6 5 9 9 11 7 2 10 7 9 10 7 6 9 12 9 11 9 12 4 4 0 11 8
3 4 6 7 2 7 8 8 8 9 3 2 7 8 9 8 6 6 5 3 1 5 11 4 5 8 3 7 7 6 1 5 0 8 2 8 8 11 0 4
3 2 4 5 3 4 4 5 5 6 3 4 5 6 6 4 2 4 6 4 4 3 8 5 3 8 2 6 6 3 4 6 4 4 3 6 5 8 4 0
,
0 7 11 9 26 27 29 41 14 19 3 12 25 31 28 22 19 14 14 11 10 7 21 14 7 26 11 23 16 24 26 24 9 20 10 16 25 31 15 11
3 0 11 16 24 24 11 14 11 25 12 9 7 30 19 16 9 16 26 10 16 3 27 10 4 29 27 29 17 22 35 25 12 41 20 23 17 36 21 11
10 6 0 6 40 13 13 19 18 21 20 32 3 9 21 39 9 4 20 17 29 7 22 25 9 20 20 10 12 23 45 18 18 48 47 19 11 32 23 29
19 18 6 0 28 23 11 30 8 30 23 36 4 10 24 46 13 9 15 23 43 8 23 23 15 10 19 8 5 53 20 13 40 48 35 9 15 23 43 34
12 27 23 30 0 32 26 44 34 60 14 14 18 57 29 36 19 29 19 22 20 22 47 22 28 48 6 52 24 13 14 21 11 43 4 49 41 47 8 8
18 18 27 37 22 0 10 19 19 10 41 32 32 24 14 9 5 17 39 46 34 22 21 49 31 50 15 34 45 19 22 44 52 13 23 34 13 30 54 17
36 27 12 29 44 7 0 7 6 12 21 28 21 14 8 15 8 10 39 38 29 24 11 24 14 54 20 37 30 16 23 26 55 15 51 21 8 14 42 20
37 28 22 15 46 8 5 0 5 19 29 49 21 16 10 18 10 9 26 22 42 26 24 37 31 27 43 24 18 35 49 32 56 44 32 16 2 13 35 27
25 11 16 12 43 11 6 6 0 17 41 25 7 17 14 21 9 6 45 22 38 10 24 43 11 52 23 13 23 22 30 46 43 36 29 20 2 16 32 28
50 34 31 40 22 13 11 20 11 0 40 39 33 18 9 7 16 42 72 47 68 24 27 46 38 78 34 25 41 19 62 52 28 20 34 45 26 28 39 26
4 5 18 18 18 22 35 23 19 43 0 5 22 40 34 42 22 15 14 3 9 13 25 6 6 23 16 19 15 37 13 24 19 53 23 22 25 42 14 22
8 17 16 35 15 27 22 25 50 59 8 0 35 37 35 28 43 29 21 3 3 25 28 7 16 37 14 30 37 24 15 17 11 56 16 31 39 48 15 28
20 8 5 4 31 28 14 14 15 30 26 14 0 8 24 33 12 2 19 21 20 9 16 32 11 13 20 17 9 26 46 21 36 42 40 5 12 35 46 19
13 21 13 14 50 15 28 10 10 36 23 24 7 0 33 51 37 12 24 22 37 21 20 35 16 22 53 19 15 40 44 15 58 31 34 1 10 12 22 32
39 20 17 16 45 13 7 9 11 10 50 41 27 27 0 10 18 27 60 35 60 15 22 59 23 65 32 51 47 26 44 38 33 18 31 23 8 26 29 39
24 24 24 39 41 10 11 27 30 9 40 24 41 22 17 0 6 24 32 28 59 19 19 41 24 40 39 29 36 7 59 24 52 8 24 45 32 34 50 20
26 19 20 23 23 6 12 17 15 24 30 45 31 13 22 9 0 19 23 24 34 8 35 22 20 43 32 21 15 17 41 40 44 18 19 19 8 41 43 12
23 18 2 6 41 18 18 9 14 32 28 35 4 6 21 17 11 0 13 17 25 8 27 13 11 32 37 13 12 18 34 14 43 29 25 14 14 37 28 32
13 12 27 24 20 46 29 30 43 67 9 21 26 34 25 42 45 26 0 16 28 23 42 7 16 8 33 17 14 66 30 3 24 30 29 24 18 60 38 39
5 17 18 22 20 28 45 25 35 26 6 6 22 15 54 46 26 28 6 0 14 22 35 5 12 14 13 13 17 26 20 8 20 29 21 16 29 50 10 23
8 14 38 24 19 56 52 43 22 25 10 6 16 22 52 54 44 20 11 9 0 29 48 17 23 25 28 28 35 45 7 22 5 32 20 55 50 83 8 26
12 3 5 17 22 17 19 25 12 29 12 25 11 20 26 20 16 5 27 8 18 0 44 24 2 40 21 26 19 31 21 23 15 46 14 16 12 23 26 15
31 41 33 15 45 25 21 18 23 24 39 38 22 17 15 21 37 23 30 42 56 24 0 63 20 47 29 38 34 33 50 40 46 56 32 14 9 5 29 44
7 22 24 19 27 53 50 46 25 54 13 8 26 22 22 48 32 26 5 6 14 11 30 0 9 12 20 15 11 24 20 9 21 69 25 25 22 35 20 31
10 3 4 7 13 22 18 29 15 33 7 11 14 21 20 27 17 12 19 14 16 2 36 12 0 31 12 18 9 31 17 12 13 34 20 19 11 27 30 15
40 26 16 22 66 23 47 56 34 78 18 19 34 32 35 46 29 18 11 14 24 44 36 31 38 0 30 12 18 38 23 8 36 66 46 15 22 62 26 26
10 22 19 34 5 24 18 36 42 52 14 16 40 57 37 19 31 43 29 15 17 22 34 22 17 43 0 48 36 11 18 41 7 24 8 50 46 60 21 6
13 22 19 5 49 29 24 25 31 57 17 18 11 15 31 63 39 11 15 21 27 25 30 24 11 10 40 0 7 49 35 6 36 39 46 18 17 46 29 22
20 27 10 4 53 34 37 17 25 28 23 28 8 14 37 27 35 10 18 23 30 19 20 23 10 17 38 4 0 50 44 12 46 67 21 9 21 32 18 37
34 24 37 22 13 21 19 40 27 14 33 25 27 58 36 10 12 25 35 42 40 19 60 44 37 69 21 29 57 0 26 58 41 13 33 33 35 58 16 10
21 15 34 44 7 49 52 44 47 70 11 17 44 59 60 54 24 30 15 21 10 20 43 11 17 28 11 44 43 30 0 24 2 43 7 66 24 38 3 15
19 22 19 14 37 24 19 33 32 31 14 14 15 16 58 29 21 17 3 11 20 12 53 12 12 12 26 6 16 59 36 0 20 58 36 30 27 50 14 36
10 15 27 38 6 22 51 33 54 62 9 7 31 55 24 31 29 47 34 16 7 12 45 10 26 26 10 23 27 17 4 21 0 34 5 46 32 80 2 23
23 32 29 56 46 10 22 27 21 22 30 61 55 46 36 10 15 55 73 38 61 36 48 34 28 62 32 59 57 16 21 40 24 0 42 26 35 24 49 17
11 25 44 40 3 39 25 29 45 53 11 19 34 62 42 23 37 23 26 22 11 20 32 27 18 30 6 56 47 16 7 38 8 31 0 28 26 29 7 11
33 14 8 5 35 29 26 24 10 31 39 18 4 2 16 31 19 8 25 16 30 22 8 39 28 13 59 13 11 53 23 33 35 59 22 0 20 25 40 28
27 28 19 9 29 15 4 3 1 23 28 46 14 12 11 25 12 18 49 22 43 12 15 33 22 21 22 16 22 20 29 33 46 36 50 19 0 21 43 25
32 21 27 17 30 28 23 17 13 22 31 34 36 20 21 44 16 30 39 40 28 21 4 30 20 45 30 40 33 32 40 66 81 43 38 12 25 0 34 34
9 24 25 19 7 43 44 60 54 48 13 6 21 37 44 57 26 39 17 18 7 14 77 13 12 47 11 23 42 31 2 31 1 44 11 53 55 75 0 23
15 9 28 22 9 16 17 15 26 40 16 29 30 44 32 30 9 17 38 18 16 13 47 22 14 34 12 40 34 14 23 37 23 11 22 19 17 43 22 0