7
40
,
0 (22.0, 38.0) 23.0
1 (23.0, 32.0) 38.0
2 (32.0, 30.0) 39.0
3 (38.0, 32.0) 27.0
4 (5.0, 39.0) 22.0
5 (20.0, 12.0) 27.0
6 (28.0, 13.0) 12.0
7 (33.0, 12.0) 36.0
8 (34.0, 16.0) 26.0
9 (21.0, 2.0) 12.0
10 (21.0, 41.0) 19.0
11 (20.0, 48.0) 12.0
12 (37.0, 28.0) 13.0
13 (43.0, 24.0) 18.0
14 (29.0, 5.0) 21.0
15 (12.0, 8.0) 48.0
16 (19.0, 18.0) 18.0
17 (34.0, 27.0) 12.0
18 (35.0, 49.0) 18.0
19 (24.0, 45.0) 15.0
20 (15.0, 49.0) 18.0
21 (25.0, 30.0) 19.0
22 (49.0, 10.0) 16.0
23 (27.0, 48.0) 20.0
24 (26.0, 32.0) 13.0
25 (50.0, 47.0) 22.0
26 (4.0, 34.0) 29.0
27 (42.0, 39.0) 25.0
28 (41.0, 34.0) 18.0
29 (3.0, 19.0) 22.0
30 (7.0, 49.0) 38.0
31 (36.0, 47.0) 27.0
32 (8.0, 46.0) 15.0
33 (2.0, 8.0) 17.0
34 (3.0, 42.0) 22.0
35 (44.0, 25.0) 17.0
36 (33.0, 15.0) 45.0
37 (46.0, 3.0) 13.0
38 (9.0, 47.0) 29.0
39 (12.0, 28.0) 14.0
,
0 1 3 3 3 5 5 6 5 7 1 2 4 5 7 6 4 3 3 1 3 2 8 2 1 6 4 4 4 5 4 3 3 7 4 5 5 8 3 3
1 0 2 3 4 4 4 4 4 6 2 3 3 4 6 5 3 2 4 3 4 1 7 3 1 6 4 4 4 5 5 4 4 6 4 4 4 7 4 2
3 2 0 1 6 4 3 4 3 6 3 4 1 3 5 6 4 1 4 3 5 1 5 4 1 5 6 3 2 6 6 3 6 7 6 3 3 6 6 4
3 3 1 0 7 5 4 4 3 7 4 5 1 2 6 7 5 1 3 4 6 3 5 4 2 4 7 2 1 7 7 3 7 9 7 2 4 6 7 5
3 4 6 7 0 6 7 8 7 8 3 3 7 8 8 6 5 6 6 4 3 4 11 5 4 9 1 7 7 4 2 6 2 6 1 8 7 11 2 3
5 4 4 5 6 0 2 3 3 2 6 7 5 5 2 2 1 4 8 7 7 4 6 7 4 9 5 7 6 4 8 8 7 4 7 5 3 6 7 4
5 4 3 4 7 2 0 1 1 3 6 7 3 4 2 3 2 3 7 6 8 3 4 7 4 8 6 6 5 5 8 7 8 5 8 4 1 4 8 4
6 4 4 4 8 3 1 0 1 3 6 8 3 3 2 4 3 3 7 7 8 4 3 7 4 8 7 6 5 6 9 7 8 6 8 3 1 3 8 5
5 4 3 3 7 3 1 1 0 4 6 7 2 2 2 5 3 2 7 6 8 3 3 7 4 7 7 5 4 6 9 6 8 7 8 3 0 4 8 5
7 6 6 7 8 2 3 3 4 0 8 9 6 6 2 2 3 6 10 9 9 6 6 9 6 11 7 9 8 5 10 9 9 4 9 7 4 5 9 6
1 2 3 4 3 6 6 6 6 8 0 1 4 6 7 7 5 4 3 1 2 2 8 2 2 6 4 4 4 6 3 3 3 8 4 6 6 9 3 3
2 3 4 5 3 7 7 8 7 9 1 0 5 7 9 8 6 5 3 1 1 4 10 1 3 6 4 5 5 7 3 3 2 9 4 7 7 10 2 4
4 3 1 1 7 5 3 3 2 6 4 5 0 1 5 6 4 1 4 4 6 2 4 4 2 5 7 2 1 7 7 4 7 8 7 2 3 5 7 5
5 4 3 2 8 5 4 3 2 6 6 7 1 0 5 7 5 2 5 6 8 4 3 6 4 5 8 3 2 8 9 5 8 9 9 0 3 4 8 6
7 6 5 6 8 2 2 2 2 2 7 9 5 5 0 3 3 5 9 8 9 5 4 9 5 9 8 7 6 6 10 9 9 5 9 5 2 3 9 6
6 5 6 7 6 2 3 4 5 2 7 8 6 7 3 0 2 6 9 8 8 5 7 9 6 11 5 9 8 3 8 9 8 2 7 7 4 7 8 4
4 3 4 5 5 1 2 3 3 3 5 6 4 5 3 2 0 3 7 5 6 3 6 6 3 8 4 6 5 3 7 7 6 4 6 5 3 6 6 2
3 2 1 1 6 4 3 3 2 6 4 5 1 2 5 6 3 0 4 4 6 2 5 4 2 5 6 3 2 6 7 4 6 7 7 2 2 5 6 4
3 4 4 3 6 8 7 7 7 10 3 3 4 5 9 9 7 4 0 2 4 4 8 2 4 3 7 2 3 9 6 0 5 11 7 5 7 9 5 6
1 3 3 4 4 7 6 7 6 9 1 1 4 6 8 8 5 4 2 0 2 3 9 1 3 5 5 4 4 7 3 2 3 9 4 6 6 9 3 4
3 4 5 6 3 7 8 8 8 9 2 1 6 8 9 8 6 6 4 2 0 4 10 2 4 7 4 6 6 6 2 4 2 9 3 8 8 11 1 4
2 1 1 3 4 4 3 4 3 6 2 4 2 4 5 5 3 2 4 3 4 0 6 4 0 6 4 4 3 5 5 4 5 6 5 4 3 7 5 3
8 7 5 5 11 6 4 3 3 6 8 10 4 3 4 7 6 5 8 9 10 6 0 9 6 7 10 6 5 9 11 8 11 9 11 3 3 2 11 8
2 3 4 4 5 7 7 7 7 9 2 1 4 6 9 9 6 4 2 1 2 4 9 0 3 5 5 3 4 8 4 2 4 9 5 6 7 10 4 5
1 1 1 2 4 4 4 4 4 6 2 3 2 4 5 6 3 2 4 3 4 0 6 3 0 6 4 3 3 5 5 4 5 7 5 4 4 7 5 3
6 6 5 4 9 9 8 8 7 11 6 6 5 5 9 11 8 5 3 5 7 6 7 5 6 0 10 2 3 11 9 3 8 12 9 5 7 9 8 8
4 4 6 7 1 5 6 7 7 7 4 4 7 8 8 5 4 6 7 5 4 4 10 5 4 10 0 8 7 3 3 7 3 5 2 8 7 10 3 2
4 4 3 2 7 7 6 6 5 9 4 5 2 3 7 9 6 3 2 4 6 4 6 3 3 2 8 0 1 9 7 2 7 10 8 3 5 7 7 6
4 4 2 1 7 6 5 5 4 8 4 5 1 2 6 8 5 2 3 4 6 3 5 4 3 3 7 1 0 8 7 3 7 9 8 2 4 6 7 6
5 5 6 7 4 4 5 6 6 5 6 7 7 8 6 3 3 6 9 7 6 5 9 8 5 11 3 9 8 0 6 9 5 2 5 8 6 9 6 3
4 5 6 7 2 8 8 9 9 10 3 3 7 9 10 8 7 7 6 3 2 5 11 4 5 9 3 7 7 6 0 6 1 8 2 9 9 12 1 4
3 4 3 3 6 8 7 7 6 9 3 3 4 5 9 9 7 4 0 2 4 4 8 2 4 3 7 2 3 9 6 0 6 10 7 5 6 9 5 6
3 4 6 7 2 7 8 8 8 9 3 2 7 8 9 8 6 6 5 3 2 5 11 4 5 8 3 7 7 5 1 6 0 8 1 8 8 11 0 4
7 6 7 9 6 4 5 6 7 4 8 9 8 9 5 2 4 7 11 9 9 6 9 9 7 12 5 10 9 2 8 10 8 0 7 9 6 9 8 4
4 4 6 7 1 7 8 8 8 9 4 4 7 9 9 7 6 7 7 4 3 5 11 5 5 9 2 8 8 5 2 7 1 7 0 9 8 12 2 3
5 4 3 2 8 5 4 3 3 7 6 7 2 0 5 7 5 2 5 6 8 4 3 6 4 5 8 3 2 8 9 5 8 9 9 0 3 4 8 6
5 4 3 4 7 3 1 1 0 4 6 7 3 3 2 4 3 2 7 6 8 3 3 7 4 7 7 5 4 6 9 6 8 6 8 3 0 4 8 5
8 7 6 6 11 6 4 3 4 5 9 10 5 4 3 7 6 5 9 9 11 7 2 10 7 9 10 7 6 9 12 9 11 9 12 4 4 0 11 8
3 4 6 7 2 7 8 8 8 9 3 2 7 8 9 8 6 6 5 3 1 5 11 4 5 8 3 7 7 6 1 5 0 8 2 8 8 11 0 4
3 2 4 5 3 4 4 5 5 6 3 4 5 6 6 4 2 4 6 4 4 3 8 5 3 8 2 6 6 3 4 6 4 4 3 6 5 8 4 0
,
0 6 6 9 14 29 19 38 25 44 4 8 15 20 25 22 27 17 15 10 8 6 48 13 4 37 17 11 25 39 23 20 13 28 16 26 34 30 18 20
4 0 8 17 12 21 24 28 27 20 6 14 12 13 16 34 15 16 26 15 12 3 25 17 3 41 23 22 13 25 27 13 25 33 20 30 17 40 22 11
13 13 0 7 29 17 11 11 16 33 19 23 6 10 23 25 20 2 21 12 36 5 27 23 7 19 22 8 12 36 46 10 33 25 38 11 11 39 18 18
20 9 9 0 43 19 28 14 13 27 23 17 5 13 27 19 27 6 13 25 29 17 32 12 8 24 19 5 2 41 24 22 20 36 29 8 26 42 16 21
13 11 31 38 0 36 41 33 49 28 18 13 26 48 42 29 31 37 38 18 15 31 67 35 31 47 6 36 31 22 6 34 6 27 3 53 43 46 9 17
17 24 17 32 34 0 8 11 19 10 23 30 23 37 11 9 6 14 29 21 25 16 29 53 25 69 37 26 23 15 33 31 25 12 27 26 13 35 39 13
36 28 16 16 20 7 0 4 9 10 36 45 17 16 12 12 13 20 54 48 54 14 24 44 20 27 20 22 35 33 50 35 58 31 50 14 4 18 53 23
29 24 13 21 33 10 5 0 4 18 37 32 21 9 12 25 18 16 29 17 23 18 14 49 25 25 28 36 17 43 63 20 56 46 29 24 2 24 37 22
30 17 14 16 46 16 7 3 0 15 21 47 9 13 9 14 9 12 45 44 29 23 10 30 13 41 48 21 17 23 24 21 40 21 22 17 1 26 34 28
53 40 25 47 25 7 8 14 19 0 54 51 18 22 12 7 21 38 45 61 37 15 27 26 17 76 46 59 35 29 73 46 49 15 42 46 24 33 66 28
4 7 13 26 9 16 16 42 38 38 0 9 21 34 33 19 31 27 14 7 7 16 31 13 9 35 23 15 31 34 20 22 8 22 9 20 30 46 10 16
11 20 12 15 15 50 52 46 26 59 10 0 28 48 31 51 15 20 18 6 3 22 55 7 25 17 14 14 17 34 10 18 12 54 20 39 42 78 9 24
10 18 5 5 29 14 21 15 12 30 15 23 0 5 13 23 23 3 27 21 26 12 18 29 11 30 20 10 9 50 34 25 42 34 19 6 8 16 41 19
22 23 8 5 31 19 10 22 15 23 35 17 5 0 35 27 34 5 26 37 20 23 17 31 24 17 24 18 8 22 47 23 23 64 61 2 11 15 22 44
20 39 15 28 36 17 11 11 6 6 19 44 32 31 0 9 15 21 32 58 37 19 28 37 18 33 44 42 45 31 66 24 58 32 35 23 15 25 45 28
45 35 30 35 28 12 9 11 14 6 50 51 40 26 12 0 8 35 59 27 44 19 20 59 19 35 32 50 35 9 37 50 23 13 51 35 21 47 50 18
24 9 23 18 31 5 6 11 15 17 23 37 20 34 17 11 0 10 45 28 40 18 19 23 10 57 15 24 32 17 39 34 31 14 21 31 11 22 44 16
23 9 4 5 45 23 17 22 16 26 15 21 4 7 29 40 23 0 26 22 18 12 20 22 9 35 46 20 12 48 27 19 44 30 38 6 6 33 44 22
24 19 16 15 39 40 45 29 47 27 10 11 11 32 40 27 46 24 0 13 16 23 50 9 22 13 39 15 12 35 27 1 23 71 23 20 46 35 33 17
5 16 10 27 17 47 28 22 35 58 3 6 20 41 58 57 29 20 15 0 15 14 48 6 11 21 34 24 13 49 17 15 22 64 26 40 21 33 20 12
10 18 29 20 14 34 43 57 23 67 9 5 27 22 56 34 42 42 26 15 0 17 34 16 15 24 16 31 39 20 12 29 10 63 18 53 44 60 8 28
8 2 8 15 32 20 15 27 22 17 11 10 12 11 26 30 7 7 12 15 25 0 45 23 1 28 24 11 11 16 16 23 19 16 21 19 17 40 15 18
31 24 38 33 40 37 17 16 15 42 22 47 25 17 25 37 23 29 47 42 72 19 0 56 38 26 30 24 18 67 53 46 37 33 42 22 23 11 34 24
7 8 22 10 19 33 40 30 30 45 12 6 17 37 60 21 45 16 12 6 8 10 28 0 11 23 36 25 25 33 23 5 19 68 29 36 45 39 24 26
4 2 6 10 22 27 11 15 11 33 8 13 16 25 38 29 19 7 24 13 13 3 40 21 0 35 27 23 13 23 22 22 22 26 22 11 10 31 18 16
20 22 15 15 24 35 25 56 19 28 34 37 30 29 25 74 38 23 16 38 35 39 27 28 37 0 71 6 21 42 57 19 62 69 31 33 32 52 29 32
23 13 16 28 4 40 38 35 27 40 14 14 37 41 54 35 20 28 43 33 28 27 36 29 20 54 0 57 24 11 12 21 10 23 11 33 18 63 20 10
17 24 13 10 49 25 43 42 24 38 21 25 13 16 42 49 39 13 6 16 39 21 36 15 22 15 54 0 3 58 32 13 23 38 29 13 23 48 26 16
19 24 8 3 38 26 31 23 13 36 19 31 4 10 25 53 35 8 21 11 40 20 29 29 9 16 43 7 0 39 22 12 47 34 30 6 24 44 45 27
27 20 23 51 21 26 25 45 22 30 34 31 49 36 32 7 17 38 33 37 19 26 24 41 15 37 13 28 33 0 45 33 21 15 25 34 28 36 38 12
10 18 35 29 14 28 59 30 37 52 10 9 32 62 40 24 23 33 18 19 10 26 45 25 38 31 12 52 53 24 0 16 4 53 10 49 35 66 2 16
21 21 24 13 29 45 34 36 36 56 13 8 11 17 22 68 33 11 3 11 12 16 28 8 10 14 18 7 11 46 19 0 33 72 43 20 26 57 28 35
22 17 18 32 7 21 35 45 51 24 14 13 33 44 24 21 24 36 15 16 11 19 37 20 16 41 14 29 43 40 4 38 0 33 9 43 31 57 1 18
35 27 35 60 36 16 14 19 18 10 37 23 41 57 18 6 16 30 57 36 57 36 51 55 18 34 30 63 30 13 31 35 40 0 28 39 20 59 25 20
27 26 35 19 4 26 19 58 34 61 11 14 41 51 47 31 24 46 34 25 17 30 73 29 17 34 10 48 36 31 8 31 4 43 0 31 47 52 9 19
30 14 16 5 55 36 18 19 9 20 23 20 10 2 26 21 27 9 16 34 44 19 8 22 27 22 53 11 8 27 52 31 22 33 56 0 18 33 56 26
31 10 15 24 52 14 6 2 2 14 42 44 10 13 12 22 10 17 45 45 51 22 21 34 22 37 31 37 30 40 45 22 46 47 41 20 0 12 36 15
52 41 40 25 54 17 28 15 9 34 31 69 35 19 20 31 19 32 25 67 66 44 10 66 36 39 46 50 44 56 73 33 60 26 44 31 21 0 79 41
16 27 23 35 13 46 46 52 26 33 14 13 48 47 38 29 22 22 15 23 7 22 76 16 30 59 19 26 44 41 3 23 2 22 5 55 48 39 0 18
15 7 11 14 8 19 15 21 21 28 9 26 34 26 20 11 11 29 34 18 20 13 36 25 20 25 14 31 28 9 21 28 14 21 18 16 23 56 23 0