7
40
,
0 (22.0, 38.0) 11.0
1 (23.0, 32.0) 11.0
2 (32.0, 30.0) 16.0
3 (38.0, 32.0) 26.0
4 (5.0, 39.0) 22.0
5 (20.0, 12.0) 27.0
6 (28.0, 13.0) 37.0
7 (33.0, 12.0) 21.0
8 (34.0, 16.0) 14.0
9 (21.0, 2.0) 11.0
10 (21.0, 41.0) 46.0
11 (20.0, 48.0) 13.0
12 (37.0, 28.0) 46.0
13 (43.0, 24.0) 39.0
14 (29.0, 5.0) 32.0
15 (12.0, 8.0) 44.0
16 (19.0, 18.0) 31.0
17 (34.0, 27.0) 48.0
18 (35.0, 49.0) 38.0
19 (24.0, 45.0) 42.0
20 (15.0, 49.0) 39.0
21 (25.0, 30.0) 18.0
22 (49.0, 10.0) 47.0
23 (27.0, 48.0) 46.0
24 (26.0, 32.0) 34.0
25 (50.0, 47.0) 13.0
26 (4.0, 34.0) 16.0
27 (42.0, 39.0) 20.0
28 (41.0, 34.0) 46.0
29 (3.0, 19.0) 26.0
30 (7.0, 49.0) 46.0
31 (36.0, 47.0) 15.0
32 (8.0, 46.0) 17.0
33 (2.0, 8.0) 20.0
34 (3.0, 42.0) 46.0
35 (44.0, 25.0) 37.0
36 (33.0, 15.0) 30.0
37 (46.0, 3.0) 11.0
38 (9.0, 47.0) 31.0
39 (12.0, 28.0) 16.0
,
0 1 3 3 3 5 5 6 5 7 1 2 4 5 7 6 4 3 3 1 3 2 8 2 1 6 4 4 4 5 4 3 3 7 4 5 5 8 3 3
1 0 2 3 4 4 4 4 4 6 2 3 3 4 6 5 3 2 4 3 4 1 7 3 1 6 4 4 4 5 5 4 4 6 4 4 4 7 4 2
3 2 0 1 6 4 3 4 3 6 3 4 1 3 5 6 4 1 4 3 5 1 5 4 1 5 6 3 2 6 6 3 6 7 6 3 3 6 6 4
3 3 1 0 7 5 4 4 3 7 4 5 1 2 6 7 5 1 3 4 6 3 5 4 2 4 7 2 1 7 7 3 7 9 7 2 4 6 7 5
3 4 6 7 0 6 7 8 7 8 3 3 7 8 8 6 5 6 6 4 3 4 11 5 4 9 1 7 7 4 2 6 2 6 1 8 7 11 2 3
5 4 4 5 6 0 2 3 3 2 6 7 5 5 2 2 1 4 8 7 7 4 6 7 4 9 5 7 6 4 8 8 7 4 7 5 3 6 7 4
5 4 3 4 7 2 0 1 1 3 6 7 3 4 2 3 2 3 7 6 8 3 4 7 4 8 6 6 5 5 8 7 8 5 8 4 1 4 8 4
6 4 4 4 8 3 1 0 1 3 6 8 3 3 2 4 3 3 7 7 8 4 3 7 4 8 7 6 5 6 9 7 8 6 8 3 1 3 8 5
5 4 3 3 7 3 1 1 0 4 6 7 2 2 2 5 3 2 7 6 8 3 3 7 4 7 7 5 4 6 9 6 8 7 8 3 0 4 8 5
7 6 6 7 8 2 3 3 4 0 8 9 6 6 2 2 3 6 10 9 9 6 6 9 6 11 7 9 8 5 10 9 9 4 9 7 4 5 9 6
1 2 3 4 3 6 6 6 6 8 0 1 4 6 7 7 5 4 3 1 2 2 8 2 2 6 4 4 4 6 3 3 3 8 4 6 6 9 3 3
2 3 4 5 3 7 7 8 7 9 1 0 5 7 9 8 6 5 3 1 1 4 10 1 3 6 4 5 5 7 3 3 2 9 4 7 7 10 2 4
4 3 1 1 7 5 3 3 2 6 4 5 0 1 5 6 4 1 4 4 6 2 4 4 2 5 7 2 1 7 7 4 7 8 7 2 3 5 7 5
5 4 3 2 8 5 4 3 2 6 6 7 1 0 5 7 5 2 5 6 8 4 3 6 4 5 8 3 2 8 9 5 8 9 9 0 3 4 8 6
7 6 5 6 8 2 2 2 2 2 7 9 5 5 0 3 3 5 9 8 9 5 4 9 5 9 8 7 6 6 10 9 9 5 9 5 2 3 9 6
6 5 6 7 6 2 3 4 5 2 7 8 6 7 3 0 2 6 9 8 8 5 7 9 6 11 5 9 8 3 8 9 8 2 7 7 4 7 8 4
4 3 4 5 5 1 2 3 3 3 5 6 4 5 3 2 0 3 7 5 6 3 6 6 3 8 4 6 5 3 7 7 6 4 6 5 3 6 6 2
3 2 1 1 6 4 3 3 2 6 4 5 1 2 5 6 3 0 4 4 6 2 5 4 2 5 6 3 2 6 7 4 6 7 7 2 2 5 6 4
3 4 4 3 6 8 7 7 7 10 3 3 4 5 9 9 7 4 0 2 4 4 8 2 4 3 7 2 3 9 6 0 5 11 7 5 7 9 5 6
1 3 3 4 4 7 6 7 6 9 1 1 4 6 8 8 5 4 2 0 2 3 9 1 3 5 5 4 4 7 3 2 3 9 4 6 6 9 3 4
3 4 5 6 3 7 8 8 8 9 2 1 6 8 9 8 6 6 4 2 0 4 10 2 4 7 4 6 6 6 2 4 2 9 3 8 8 11 1 4
2 1 1 3 4 4 3 4 3 6 2 4 2 4 5 5 3 2 4 3 4 0 6 4 0 6 4 4 3 5 5 4 5 6 5 4 3 7 5 3
8 7 5 5 11 6 4 3 3 6 8 10 4 3 4 7 6 5 8 9 10 6 0 9 6 7 10 6 5 9 11 8 11 9 11 3 3 2 11 8
2 3 4 4 5 7 7 7 7 9 2 1 4 6 9 9 6 4 2 1 2 4 9 0 3 5 5 3 4 8 4 2 4 9 5 6 7 10 4 5
1 1 1 2 4 4 4 4 4 6 2 3 2 4 5 6 3 2 4 3 4 0 6 3 0 6 4 3 3 5 5 4 5 7 5 4 4 7 5 3
6 6 5 4 9 9 8 8 7 11 6 6 5 5 9 11 8 5 3 5 7 6 7 5 6 0 10 2 3 11 9 3 8 12 9 5 7 9 8 8
4 4 6 7 1 5 6 7 7 7 4 4 7 8 8 5 4 6 7 5 4 4 10 5 4 10 0 8 7 3 3 7 3 5 2 8 7 10 3 2
4 4 3 2 7 7 6 6 5 9 4 5 2 3 7 9 6 3 2 4 6 4 6 3 3 2 8 0 1 9 7 2 7 10 8 3 5 7 7 6
4 4 2 1 7 6 5 5 4 8 4 5 1 2 6 8 5 2 3 4 6 3 5 4 3 3 7 1 0 8 7 3 7 9 8 2 4 6 7 6
5 5 6 7 4 4 5 6 6 5 6 7 7 8 6 3 3 6 9 7 6 5 9 8 5 11 3 9 8 0 6 9 5 2 5 8 6 9 6 3
4 5 6 7 2 8 8 9 9 10 3 3 7 9 10 8 7 7 6 3 2 5 11 4 5 9 3 7 7 6 0 6 1 8 2 9 9 12 1 4
3 4 3 3 6 8 7 7 6 9 3 3 4 5 9 9 7 4 0 2 4 4 8 2 4 3 7 2 3 9 6 0 6 10 7 5 6 9 5 6
3 4 6 7 2 7 8 8 8 9 3 2 7 8 9 8 6 6 5 3 2 5 11 4 5 8 3 7 7 5 1 6 0 8 1 8 8 11 0 4
7 6 7 9 6 4 5 6 7 4 8 9 8 9 5 2 4 7 11 9 9 6 9 9 7 12 5 10 9 2 8 10 8 0 7 9 6 9 8 4
4 4 6 7 1 7 8 8 8 9 4 4 7 9 9 7 6 7 7 4 3 5 11 5 5 9 2 8 8 5 2 7 1 7 0 9 8 12 2 3
5 4 3 2 8 5 4 3 3 7 6 7 2 0 5 7 5 2 5 6 8 4 3 6 4 5 8 3 2 8 9 5 8 9 9 0 3 4 8 6
5 4 3 4 7 3 1 1 0 4 6 7 3 3 2 4 3 2 7 6 8 3 3 7 4 7 7 5 4 6 9 6 8 6 8 3 0 4 8 5
8 7 6 6 11 6 4 3 4 5 9 10 5 4 3 7 6 5 9 9 11 7 2 10 7 9 10 7 6 9 12 9 11 9 12 4 4 0 11 8
3 4 6 7 2 7 8 8 8 9 3 2 7 8 9 8 6 6 5 3 1 5 11 4 5 8 3 7 7 6 1 5 0 8 2 8 8 11 0 4
3 2 4 5 3 4 4 5 5 6 3 4 5 6 6 4 2 4 6 4 4 3 8 5 3 8 2 6 6 3 4 6 4 4 3 6 5 8 4 0
,
0 3 11 19 13 29 17 20 27 38 2 6 9 32 43 20 26 14 13 10 12 7 33 15 11 26 15 17 10 16 19 23 9 52 19 31 37 51 10 10
6 0 7 18 19 14 28 31 23 32 5 24 16 26 30 37 11 16 28 9 23 3 44 20 2 44 21 29 15 32 34 12 23 25 16 16 15 28 11 7
9 7 0 4 16 26 13 22 21 33 10 23 6 18 30 37 26 4 19 18 33 5 20 27 4 14 19 9 13 34 27 21 39 30 37 15 22 40 27 27
16 16 9 0 48 17 30 14 23 45 12 22 2 14 42 49 30 6 9 17 26 16 22 22 16 22 45 8 4 40 48 23 47 49 19 6 24 31 42 22
19 18 16 34 0 16 43 45 40 47 22 19 34 46 38 36 15 33 43 26 9 17 56 14 21 62 6 36 41 17 10 32 4 22 2 35 48 30 10 15
34 29 26 37 46 0 7 14 14 15 31 46 13 37 14 8 6 28 28 27 27 14 32 52 31 62 38 39 16 20 42 50 27 27 25 37 11 33 21 15
36 11 22 29 41 12 0 7 6 12 24 38 23 26 10 21 13 12 32 37 42 17 29 41 23 42 35 36 27 24 24 48 52 14 57 27 5 20 24 18
18 24 21 12 24 9 3 0 2 12 26 22 10 18 12 21 14 22 30 18 35 17 17 37 28 30 49 40 26 23 51 26 33 41 23 10 2 19 56 19
24 22 20 17 31 15 9 5 0 27 42 42 15 13 10 23 14 10 34 21 57 20 18 40 9 23 48 32 27 24 32 22 58 45 45 18 1 22 24 37
33 31 40 30 30 12 17 17 12 0 55 67 25 32 6 7 17 22 54 61 47 18 22 45 28 73 40 26 35 26 59 48 28 24 58 49 24 28 67 30
4 6 14 10 15 15 32 37 20 33 0 9 31 19 42 18 14 22 9 6 5 10 29 13 15 30 9 17 18 41 15 17 16 37 17 17 21 47 16 21
12 9 28 32 20 31 51 37 48 37 6 0 38 41 52 37 19 33 9 6 6 18 61 8 9 31 20 30 15 44 8 15 10 51 22 20 35 63 11 14
27 21 8 2 26 31 24 11 8 46 18 36 0 4 27 35 25 4 27 16 25 17 12 27 11 29 20 17 11 26 33 16 46 59 45 6 14 35 39 37
27 20 14 6 52 23 14 13 13 39 40 49 6 0 21 49 36 12 36 35 37 18 13 27 24 27 53 11 8 31 51 36 37 28 54 1 15 30 26 43
39 28 37 37 37 14 6 11 13 5 48 62 35 28 0 24 19 13 26 59 61 25 26 35 28 47 31 43 16 24 50 32 63 30 35 22 15 17 33 21
18 32 32 40 37 11 18 16 28 12 33 49 33 34 12 0 10 25 44 26 50 22 38 45 19 74 21 49 47 19 32 45 35 15 18 22 25 48 29 22
15 17 25 18 24 8 7 22 11 15 34 40 14 35 17 12 0 26 21 40 25 17 24 28 10 49 30 41 21 8 28 33 17 27 25 37 17 36 38 8
12 7 3 8 40 23 8 8 9 27 13 17 4 6 28 32 22 0 28 29 15 10 27 11 14 34 43 12 7 20 43 28 39 35 29 7 14 18 19 17
17 29 12 23 21 31 26 49 30 69 10 22 11 27 47 31 24 27 0 11 13 31 51 8 29 21 48 18 14 55 27 2 39 47 20 27 30 25 38 16
10 11 12 14 30 34 28 18 40 59 3 7 28 27 40 33 25 30 17 0 9 9 23 5 8 26 32 28 26 40 18 14 10 32 24 16 16 41 20 21
15 22 34 41 17 39 38 21 25 24 9 7 26 30 24 36 16 43 21 13 0 12 59 6 27 46 27 30 31 22 8 20 8 28 20 39 47 66 5 23
7 2 9 17 30 11 23 29 11 31 6 17 7 23 15 30 19 8 22 22 18 0 46 20 2 23 12 20 19 34 30 17 19 35 26 24 9 38 23 17
24 36 20 30 30 27 28 17 22 38 46 61 24 14 12 50 35 26 57 63 55 28 0 34 17 50 56 18 14 64 53 28 67 65 41 23 22 8 37 41
17 20 12 16 25 52 29 38 18 39 6 4 32 38 32 29 34 26 9 6 10 16 59 0 16 16 19 12 20 51 25 13 15 24 26 14 48 29 22 16
4 2 5 18 22 31 18 19 15 38 9 13 9 24 36 17 17 6 28 7 11 3 21 20 0 37 18 15 17 29 24 13 25 35 36 15 23 31 22 11
17 25 23 15 30 45 32 36 30 28 39 15 26 18 58 43 44 34 11 21 28 22 52 23 26 0 41 9 17 66 60 14 40 32 25 15 26 42 42 30
10 16 26 27 5 18 24 24 23 37 26 13 20 40 35 36 28 32 18 30 20 29 29 18 30 68 0 39 24 13 17 48 7 33 7 55 45 29 17 10
20 22 9 4 46 19 24 18 24 53 22 13 9 14 21 42 28 10 18 10 15 26 24 25 12 11 55 0 7 46 36 14 30 75 57 15 20 24 19 21
27 24 6 2 38 29 23 30 12 52 19 23 9 11 46 42 31 6 20 13 22 20 16 11 20 16 29 7 0 60 44 20 39 37 35 8 23 36 38 41
15 25 25 44 15 16 35 30 29 13 15 21 18 21 17 17 12 39 51 35 24 22 55 41 39 31 15 52 54 0 20 42 22 14 28 24 31 26 31 10
14 24 19 28 6 50 25 38 31 45 19 11 23 25 38 33 47 20 28 12 7 14 74 15 19 60 10 30 56 34 0 34 3 55 11 54 44 46 2 32
23 11 17 18 43 29 41 53 24 67 20 21 27 13 44 51 34 29 3 8 20 19 32 11 19 14 21 12 16 35 21 0 34 51 38 15 33 57 33 25
11 29 30 46 10 22 27 33 27 31 19 8 33 22 24 25 39 29 40 18 6 25 61 15 14 29 14 47 52 14 3 24 0 24 3 23 45 60 2 11
43 16 45 23 38 17 27 45 28 28 50 62 55 34 26 10 29 20 29 60 55 19 36 32 37 65 29 43 56 8 33 55 32 0 40 44 22 54 29 21
23 22 18 49 3 33 43 36 40 47 24 15 50 45 41 22 28 26 24 23 9 37 32 29 21 48 9 35 45 28 9 35 5 49 0 51 21 50 11 14
23 26 12 12 24 18 25 20 7 22 26 37 11 1 37 30 29 7 15 24 24 17 17 39 25 18 42 7 11 58 52 26 30 43 62 0 9 19 23 23
21 26 22 15 49 13 6 4 2 14 17 24 11 13 12 23 16 15 21 23 23 10 12 48 16 28 30 19 21 30 59 25 42 28 37 15 0 24 30 15
26 29 38 38 56 16 30 10 14 31 52 78 14 20 20 48 19 40 50 62 50 25 8 56 36 29 65 43 30 38 68 28 74 36 86 25 10 0 45 62
14 30 21 24 9 25 31 45 50 31 19 12 20 61 28 28 37 46 21 9 4 17 64 23 26 60 20 32 46 15 2 28 1 48 10 36 59 31 0 13
12 9 16 25 15 12 18 25 13 27 21 18 35 44 20 11 9 14 20 15 26 12 43 28 13 40 7 33 39 9 15 37 12 14 10 24 34 21 16 0