7
40
,
0 (22.0, 38.0) 30.0
1 (23.0, 32.0) 37.0
2 (32.0, 30.0) 38.0
3 (38.0, 32.0) 40.0
4 (5.0, 39.0) 12.0
5 (20.0, 12.0) 16.0
6 (28.0, 13.0) 23.0
7 (33.0, 12.0) 15.0
8 (34.0, 16.0) 41.0
9 (21.0, 2.0) 18.0
10 (21.0, 41.0) 27.0
11 (20.0, 48.0) 31.0
12 (37.0, 28.0) 26.0
13 (43.0, 24.0) 19.0
14 (29.0, 5.0) 31.0
15 (12.0, 8.0) 35.0
16 (19.0, 18.0) 48.0
17 (34.0, 27.0) 38.0
18 (35.0, 49.0) 22.0
19 (24.0, 45.0) 23.0
20 (15.0, 49.0) 12.0
21 (25.0, 30.0) 38.0
22 (49.0, 10.0) 22.0
23 (27.0, 48.0) 23.0
24 (26.0, 32.0) 34.0
25 (50.0, 47.0) 24.0
26 (4.0, 34.0) 27.0
27 (42.0, 39.0) 10.0
28 (41.0, 34.0) 46.0
29 (3.0, 19.0) 11.0
30 (7.0, 49.0) 16.0
31 (36.0, 47.0) 30.0
32 (8.0, 46.0) 42.0
33 (2.0, 8.0) 18.0
34 (3.0, 42.0) 30.0
35 (44.0, 25.0) 23.0
36 (33.0, 15.0) 14.0
37 (46.0, 3.0) 17.0
38 (9.0, 47.0) 16.0
39 (12.0, 28.0) 36.0
,
0 1 3 3 3 5 5 6 5 7 1 2 4 5 7 6 4 3 3 1 3 2 8 2 1 6 4 4 4 5 4 3 3 7 4 5 5 8 3 3
1 0 2 3 4 4 4 4 4 6 2 3 3 4 6 5 3 2 4 3 4 1 7 3 1 6 4 4 4 5 5 4 4 6 4 4 4 7 4 2
3 2 0 1 6 4 3 4 3 6 3 4 1 3 5 6 4 1 4 3 5 1 5 4 1 5 6 3 2 6 6 3 6 7 6 3 3 6 6 4
3 3 1 0 7 5 4 4 3 7 4 5 1 2 6 7 5 1 3 4 6 3 5 4 2 4 7 2 1 7 7 3 7 9 7 2 4 6 7 5
3 4 6 7 0 6 7 8 7 8 3 3 7 8 8 6 5 6 6 4 3 4 11 5 4 9 1 7 7 4 2 6 2 6 1 8 7 11 2 3
5 4 4 5 6 0 2 3 3 2 6 7 5 5 2 2 1 4 8 7 7 4 6 7 4 9 5 7 6 4 8 8 7 4 7 5 3 6 7 4
5 4 3 4 7 2 0 1 1 3 6 7 3 4 2 3 2 3 7 6 8 3 4 7 4 8 6 6 5 5 8 7 8 5 8 4 1 4 8 4
6 4 4 4 8 3 1 0 1 3 6 8 3 3 2 4 3 3 7 7 8 4 3 7 4 8 7 6 5 6 9 7 8 6 8 3 1 3 8 5
5 4 3 3 7 3 1 1 0 4 6 7 2 2 2 5 3 2 7 6 8 3 3 7 4 7 7 5 4 6 9 6 8 7 8 3 0 4 8 5
7 6 6 7 8 2 3 3 4 0 8 9 6 6 2 2 3 6 10 9 9 6 6 9 6 11 7 9 8 5 10 9 9 4 9 7 4 5 9 6
1 2 3 4 3 6 6 6 6 8 0 1 4 6 7 7 5 4 3 1 2 2 8 2 2 6 4 4 4 6 3 3 3 8 4 6 6 9 3 3
2 3 4 5 3 7 7 8 7 9 1 0 5 7 9 8 6 5 3 1 1 4 10 1 3 6 4 5 5 7 3 3 2 9 4 7 7 10 2 4
4 3 1 1 7 5 3 3 2 6 4 5 0 1 5 6 4 1 4 4 6 2 4 4 2 5 7 2 1 7 7 4 7 8 7 2 3 5 7 5
5 4 3 2 8 5 4 3 2 6 6 7 1 0 5 7 5 2 5 6 8 4 3 6 4 5 8 3 2 8 9 5 8 9 9 0 3 4 8 6
7 6 5 6 8 2 2 2 2 2 7 9 5 5 0 3 3 5 9 8 9 5 4 9 5 9 8 7 6 6 10 9 9 5 9 5 2 3 9 6
6 5 6 7 6 2 3 4 5 2 7 8 6 7 3 0 2 6 9 8 8 5 7 9 6 11 5 9 8 3 8 9 8 2 7 7 4 7 8 4
4 3 4 5 5 1 2 3 3 3 5 6 4 5 3 2 0 3 7 5 6 3 6 6 3 8 4 6 5 3 7 7 6 4 6 5 3 6 6 2
3 2 1 1 6 4 3 3 2 6 4 5 1 2 5 6 3 0 4 4 6 2 5 4 2 5 6 3 2 6 7 4 6 7 7 2 2 5 6 4
3 4 4 3 6 8 7 7 7 10 3 3 4 5 9 9 7 4 0 2 4 4 8 2 4 3 7 2 3 9 6 0 5 11 7 5 7 9 5 6
1 3 3 4 4 7 6 7 6 9 1 1 4 6 8 8 5 4 2 0 2 3 9 1 3 5 5 4 4 7 3 2 3 9 4 6 6 9 3 4
3 4 5 6 3 7 8 8 8 9 2 1 6 8 9 8 6 6 4 2 0 4 10 2 4 7 4 6 6 6 2 4 2 9 3 8 8 11 1 4
2 1 1 3 4 4 3 4 3 6 2 4 2 4 5 5 3 2 4 3 4 0 6 4 0 6 4 4 3 5 5 4 5 6 5 4 3 7 5 3
8 7 5 5 11 6 4 3 3 6 8 10 4 3 4 7 6 5 8 9 10 6 0 9 6 7 10 6 5 9 11 8 11 9 11 3 3 2 11 8
2 3 4 4 5 7 7 7 7 9 2 1 4 6 9 9 6 4 2 1 2 4 9 0 3 5 5 3 4 8 4 2 4 9 5 6 7 10 4 5
1 1 1 2 4 4 4 4 4 6 2 3 2 4 5 6 3 2 4 3 4 0 6 3 0 6 4 3 3 5 5 4 5 7 5 4 4 7 5 3
6 6 5 4 9 9 8 8 7 11 6 6 5 5 9 11 8 5 3 5 7 6 7 5 6 0 10 2 3 11 9 3 8 12 9 5 7 9 8 8
4 4 6 7 1 5 6 7 7 7 4 4 7 8 8 5 4 6 7 5 4 4 10 5 4 10 0 8 7 3 3 7 3 5 2 8 7 10 3 2
4 4 3 2 7 7 6 6 5 9 4 5 2 3 7 9 6 3 2 4 6 4 6 3 3 2 8 0 1 9 7 2 7 10 8 3 5 7 7 6
4 4 2 1 7 6 5 5 4 8 4 5 1 2 6 8 5 2 3 4 6 3 5 4 3 3 7 1 0 8 7 3 7 9 8 2 4 6 7 6
5 5 6 7 4 4 5 6 6 5 6 7 7 8 6 3 3 6 9 7 6 5 9 8 5 11 3 9 8 0 6 9 5 2 5 8 6 9 6 3
4 5 6 7 2 8 8 9 9 10 3 3 7 9 10 8 7 7 6 3 2 5 11 4 5 9 3 7 7 6 0 6 1 8 2 9 9 12 1 4
3 4 3 3 6 8 7 7 6 9 3 3 4 5 9 9 7 4 0 2 4 4 8 2 4 3 7 2 3 9 6 0 6 10 7 5 6 9 5 6
3 4 6 7 2 7 8 8 8 9 3 2 7 8 9 8 6 6 5 3 2 5 11 4 5 8 3 7 7 5 1 6 0 8 1 8 8 11 0 4
7 6 7 9 6 4 5 6 7 4 8 9 8 9 5 2 4 7 11 9 9 6 9 9 7 12 5 10 9 2 8 10 8 0 7 9 6 9 8 4
4 4 6 7 1 7 8 8 8 9 4 4 7 9 9 7 6 7 7 4 3 5 11 5 5 9 2 8 8 5 2 7 1 7 0 9 8 12 2 3
5 4 3 2 8 5 4 3 3 7 6 7 2 0 5 7 5 2 5 6 8 4 3 6 4 5 8 3 2 8 9 5 8 9 9 0 3 4 8 6
5 4 3 4 7 3 1 1 0 4 6 7 3 3 2 4 3 2 7 6 8 3 3 7 4 7 7 5 4 6 9 6 8 6 8 3 0 4 8 5
8 7 6 6 11 6 4 3 4 5 9 10 5 4 3 7 6 5 9 9 11 7 2 10 7 9 10 7 6 9 12 9 11 9 12 4 4 0 11 8
3 4 6 7 2 7 8 8 8 9 3 2 7 8 9 8 6 6 5 3 1 5 11 4 5 8 3 7 7 6 1 5 0 8 2 8 8 11 0 4
3 2 4 5 3 4 4 5 5 6 3 4 5 6 6 4 2 4 6 4 4 3 8 5 3 8 2 6 6 3 4 6 4 4 3 6 5 8 4 0
,
0 3 19 11 21 34 25 30 22 52 2 15 11 17 23 24 20 23 17 4 7 5 52 15 9 33 24 12 14 38 17 25 13 23 24 22 18 44 10 12
5 0 7 8 19 26 23 22 10 31 9 9 13 21 36 18 10 14 21 11 26 2 40 15 4 24 24 19 26 23 25 25 14 47 19 29 22 27 19 14
14 9 0 9 17 26 21 10 21 33 17 15 3 15 14 20 12 4 24 13 37 10 26 10 7 33 32 19 9 20 32 18 20 44 41 10 14 26 25 20
17 15 3 0 17 28 28 30 16 18 27 31 6 9 41 20 13 4 24 11 31 8 26 12 17 22 39 9 5 38 32 17 21 23 20 8 20 17 18 22
21 11 20 40 0 43 50 25 27 32 12 11 18 56 22 18 29 26 31 27 9 29 48 16 17 66 3 54 45 24 13 32 9 26 4 44 47 72 9 19
16 11 29 18 18 0 5 8 10 13 35 34 16 14 7 9 7 18 36 19 50 22 41 50 30 38 27 42 29 12 40 48 28 16 33 25 10 19 47 12
17 23 20 22 34 7 0 4 9 7 25 22 23 16 6 14 8 8 19 30 37 14 12 43 14 59 43 20 36 36 55 18 34 20 29 27 6 17 41 16
40 32 14 29 34 12 3 0 5 21 42 25 22 21 4 14 22 16 51 31 32 19 12 47 14 57 23 36 18 25 38 29 60 36 53 10 4 23 59 40
14 26 14 22 51 16 7 5 0 28 28 46 17 14 13 26 12 6 32 44 24 10 23 20 13 44 24 27 21 28 44 22 50 34 46 10 1 13 48 29
47 28 37 40 50 13 18 23 12 0 34 26 33 18 11 8 16 16 40 63 62 27 30 69 36 69 29 46 46 35 51 36 59 24 41 37 24 23 56 15
3 12 18 16 23 29 32 21 29 23 0 8 15 38 33 26 17 19 23 5 11 7 28 5 10 43 23 30 31 22 16 12 17 36 11 21 27 33 14 10
12 19 22 29 13 45 26 24 39 29 9 0 22 37 44 38 22 27 11 6 4 22 57 8 24 20 20 29 15 18 15 19 9 35 16 24 28 39 11 11
18 20 3 4 43 24 18 16 11 31 30 14 0 10 19 22 20 3 12 26 37 10 26 17 13 25 17 10 7 46 21 18 46 37 46 11 13 37 38 27
29 18 12 10 54 18 11 15 9 47 33 47 7 0 32 31 26 13 18 36 39 12 22 27 21 32 38 16 13 59 65 16 27 34 55 1 14 26 43 37
20 15 21 26 46 11 9 9 6 8 23 46 25 17 0 9 22 22 38 34 58 21 18 62 31 33 43 47 19 29 54 57 39 39 66 23 8 18 44 16
36 28 24 22 35 7 23 29 32 6 38 57 23 31 12 0 10 40 53 42 43 37 45 50 35 40 17 30 21 21 45 24 53 9 31 33 12 21 32 26
16 19 20 18 37 7 13 8 16 19 15 19 28 27 12 12 0 24 51 36 25 9 31 40 15 48 33 26 20 11 39 17 33 29 33 32 9 36 27 17
17 10 3 5 41 23 21 10 14 21 16 37 5 14 30 34 18 0 28 13 40 14 19 12 14 22 31 9 14 21 23 16 38 42 50 10 11 23 48 17
20 17 18 23 33 42 45 40 24 38 18 21 21 26 49 69 48 27 0 12 12 20 36 7 13 19 24 8 17 41 37 3 26 72 46 15 17 28 25 28
10 15 24 19 28 20 48 30 45 56 4 3 23 17 21 37 24 17 7 0 8 22 26 6 13 13 31 13 18 48 12 9 14 64 26 24 22 39 10 12
10 26 21 15 14 44 35 26 41 60 14 5 28 25 32 53 26 16 12 7 0 25 60 15 22 45 18 31 16 39 8 29 4 62 18 56 38 79 7 24
8 3 6 13 23 14 22 27 18 37 11 23 13 13 33 24 16 8 31 11 28 0 47 12 1 36 16 22 14 24 23 29 28 28 15 15 25 49 31 12
42 18 34 29 51 37 22 11 16 42 31 45 26 11 23 48 34 32 23 36 38 43 0 49 43 29 68 36 30 36 38 55 67 27 57 20 8 11 69 43
13 10 22 15 18 32 39 43 26 51 12 6 27 35 27 35 37 21 10 3 16 18 26 0 21 25 17 23 24 27 23 8 13 41 34 19 40 51 25 31
9 2 4 10 16 12 13 30 13 44 6 10 16 19 41 32 16 9 21 17 15 2 26 13 0 39 29 21 9 27 37 23 16 45 13 15 27 23 32 12
35 31 20 18 34 49 60 45 33 38 31 29 21 14 37 34 46 18 10 27 28 41 25 22 30 0 27 14 21 46 32 14 43 74 24 17 37 65 43 28
25 19 21 22 7 21 17 51 50 54 15 17 41 22 46 36 15 23 39 14 21 27 52 20 28 64 0 44 32 14 18 18 12 15 8 22 50 33 15 11
27 11 16 12 49 48 20 21 21 38 17 28 15 15 48 53 35 20 13 23 28 17 32 9 23 7 52 0 3 61 46 9 35 34 47 15 36 47 47 20
23 23 5 3 34 22 32 23 19 28 16 20 5 11 32 57 29 9 18 21 35 13 20 18 23 13 46 3 0 59 39 10 35 37 51 7 24 35 19 16
23 23 38 20 14 15 15 42 37 19 15 32 19 27 21 10 9 47 33 27 27 16 41 45 27 61 20 35 42 0 39 23 30 8 31 50 42 33 35 14
18 23 24 42 6 48 48 52 62 52 16 12 49 39 42 34 30 48 23 11 8 25 35 17 25 41 22 33 32 24 0 35 4 48 9 54 38 72 3 18
19 19 17 12 33 53 29 38 18 57 14 9 15 33 29 43 43 13 3 8 15 20 27 11 21 9 46 13 10 59 35 0 42 75 26 24 25 32 35 43
14 22 17 31 8 48 54 44 41 61 20 9 21 43 51 38 34 40 38 18 10 20 76 25 30 54 8 23 41 25 2 15 0 20 6 58 28 38 1 16
23 26 19 39 36 13 22 36 39 22 19 36 51 55 28 13 25 38 46 24 22 44 37 68 32 88 33 47 63 15 47 46 34 0 49 23 40 28 40 17
25 27 26 37 3 33 31 54 45 37 19 14 50 23 67 24 23 21 21 29 17 25 76 18 13 26 9 39 35 14 6 28 8 41 0 62 21 66 5 15
24 15 7 11 21 37 28 25 13 20 38 27 8 1 36 26 14 8 35 21 37 24 22 27 18 14 58 16 8 30 57 15 32 41 44 0 16 13 47 29
27 20 14 12 31 16 8 4 2 10 22 45 7 9 7 14 20 11 45 45 30 20 22 33 23 21 21 38 11 24 35 44 21 39 36 19 0 17 36 27
56 39 30 39 62 15 23 14 14 32 37 60 30 27 18 40 23 25 50 24 78 36 6 73 37 47 71 40 25 35 68 36 30 53 73 16 25 0 84 46
16 29 33 27 9 48 24 29 21 44 15 14 46 30 39 42 27 37 18 13 8 13 38 13 29 24 19 19 50 24 2 39 1 39 9 29 21 68 0 23
18 7 18 32 11 24 12 28 30 15 16 32 36 19 22 18 11 13 23 26 13 13 44 16 9 49 14 25 40 17 12 20 24 20 20 22 19 59 23 0