7
40
,
0 (22.0, 38.0) 11.0
1 (23.0, 32.0) 10.0
2 (32.0, 30.0) 16.0
3 (38.0, 32.0) 34.0
4 (5.0, 39.0) 36.0
5 (20.0, 12.0) 33.0
6 (28.0, 13.0) 12.0
7 (33.0, 12.0) 33.0
8 (34.0, 16.0) 16.0
9 (21.0, 2.0) 30.0
10 (21.0, 41.0) 17.0
11 (20.0, 48.0) 23.0
12 (37.0, 28.0) 33.0
13 (43.0, 24.0) 25.0
14 (29.0, 5.0) 12.0
15 (12.0, 8.0) 40.0
16 (19.0, 18.0) 24.0
17 (34.0, 27.0) 12.0
18 (35.0, 49.0) 15.0
19 (24.0, 45.0) 14.0
20 (15.0, 49.0) 33.0
21 (25.0, 30.0) 28.0
22 (49.0, 10.0) 32.0
23 (27.0, 48.0) 11.0
24 (26.0, 32.0) 38.0
25 (50.0, 47.0) 38.0
26 (4.0, 34.0) 35.0
27 (42.0, 39.0) 36.0
28 (41.0, 34.0) 12.0
29 (3.0, 19.0) 49.0
30 (7.0, 49.0) 23.0
31 (36.0, 47.0) 15.0
32 (8.0, 46.0) 13.0
33 (2.0, 8.0) 12.0
34 (3.0, 42.0) 33.0
35 (44.0, 25.0) 30.0
36 (33.0, 15.0) 35.0
37 (46.0, 3.0) 14.0
38 (9.0, 47.0) 11.0
39 (12.0, 28.0) 38.0
,
0 1 3 3 3 5 5 6 5 7 1 2 4 5 7 6 4 3 3 1 3 2 8 2 1 6 4 4 4 5 4 3 3 7 4 5 5 8 3 3
1 0 2 3 4 4 4 4 4 6 2 3 3 4 6 5 3 2 4 3 4 1 7 3 1 6 4 4 4 5 5 4 4 6 4 4 4 7 4 2
3 2 0 1 6 4 3 4 3 6 3 4 1 3 5 6 4 1 4 3 5 1 5 4 1 5 6 3 2 6 6 3 6 7 6 3 3 6 6 4
3 3 1 0 7 5 4 4 3 7 4 5 1 2 6 7 5 1 3 4 6 3 5 4 2 4 7 2 1 7 7 3 7 9 7 2 4 6 7 5
3 4 6 7 0 6 7 8 7 8 3 3 7 8 8 6 5 6 6 4 3 4 11 5 4 9 1 7 7 4 2 6 2 6 1 8 7 11 2 3
5 4 4 5 6 0 2 3 3 2 6 7 5 5 2 2 1 4 8 7 7 4 6 7 4 9 5 7 6 4 8 8 7 4 7 5 3 6 7 4
5 4 3 4 7 2 0 1 1 3 6 7 3 4 2 3 2 3 7 6 8 3 4 7 4 8 6 6 5 5 8 7 8 5 8 4 1 4 8 4
6 4 4 4 8 3 1 0 1 3 6 8 3 3 2 4 3 3 7 7 8 4 3 7 4 8 7 6 5 6 9 7 8 6 8 3 1 3 8 5
5 4 3 3 7 3 1 1 0 4 6 7 2 2 2 5 3 2 7 6 8 3 3 7 4 7 7 5 4 6 9 6 8 7 8 3 0 4 8 5
7 6 6 7 8 2 3 3 4 0 8 9 6 6 2 2 3 6 10 9 9 6 6 9 6 11 7 9 8 5 10 9 9 4 9 7 4 5 9 6
1 2 3 4 3 6 6 6 6 8 0 1 4 6 7 7 5 4 3 1 2 2 8 2 2 6 4 4 4 6 3 3 3 8 4 6 6 9 3 3
2 3 4 5 3 7 7 8 7 9 1 0 5 7 9 8 6 5 3 1 1 4 10 1 3 6 4 5 5 7 3 3 2 9 4 7 7 10 2 4
4 3 1 1 7 5 3 3 2 6 4 5 0 1 5 6 4 1 4 4 6 2 4 4 2 5 7 2 1 7 7 4 7 8 7 2 3 5 7 5
5 4 3 2 8 5 4 3 2 6 6 7 1 0 5 7 5 2 5 6 8 4 3 6 4 5 8 3 2 8 9 5 8 9 9 0 3 4 8 6
7 6 5 6 8 2 2 2 2 2 7 9 5 5 0 3 3 5 9 8 9 5 4 9 5 9 8 7 6 6 10 9 9 5 9 5 2 3 9 6
6 5 6 7 6 2 3 4 5 2 7 8 6 7 3 0 2 6 9 8 8 5 7 9 6 11 5 9 8 3 8 9 8 2 7 7 4 7 8 4
4 3 4 5 5 1 2 3 3 3 5 6 4 5 3 2 0 3 7 5 6 3 6 6 3 8 4 6 5 3 7 7 6 4 6 5 3 6 6 2
3 2 1 1 6 4 3 3 2 6 4 5 1 2 5 6 3 0 4 4 6 2 5 4 2 5 6 3 2 6 7 4 6 7 7 2 2 5 6 4
3 4 4 3 6 8 7 7 7 10 3 3 4 5 9 9 7 4 0 2 4 4 8 2 4 3 7 2 3 9 6 0 5 11 7 5 7 9 5 6
1 3 3 4 4 7 6 7 6 9 1 1 4 6 8 8 5 4 2 0 2 3 9 1 3 5 5 4 4 7 3 2 3 9 4 6 6 9 3 4
3 4 5 6 3 7 8 8 8 9 2 1 6 8 9 8 6 6 4 2 0 4 10 2 4 7 4 6 6 6 2 4 2 9 3 8 8 11 1 4
2 1 1 3 4 4 3 4 3 6 2 4 2 4 5 5 3 2 4 3 4 0 6 4 0 6 4 4 3 5 5 4 5 6 5 4 3 7 5 3
8 7 5 5 11 6 4 3 3 6 8 10 4 3 4 7 6 5 8 9 10 6 0 9 6 7 10 6 5 9 11 8 11 9 11 3 3 2 11 8
2 3 4 4 5 7 7 7 7 9 2 1 4 6 9 9 6 4 2 1 2 4 9 0 3 5 5 3 4 8 4 2 4 9 5 6 7 10 4 5
1 1 1 2 4 4 4 4 4 6 2 3 2 4 5 6 3 2 4 3 4 0 6 3 0 6 4 3 3 5 5 4 5 7 5 4 4 7 5 3
6 6 5 4 9 9 8 8 7 11 6 6 5 5 9 11 8 5 3 5 7 6 7 5 6 0 10 2 3 11 9 3 8 12 9 5 7 9 8 8
4 4 6 7 1 5 6 7 7 7 4 4 7 8 8 5 4 6 7 5 4 4 10 5 4 10 0 8 7 3 3 7 3 5 2 8 7 10 3 2
4 4 3 2 7 7 6 6 5 9 4 5 2 3 7 9 6 3 2 4 6 4 6 3 3 2 8 0 1 9 7 2 7 10 8 3 5 7 7 6
4 4 2 1 7 6 5 5 4 8 4 5 1 2 6 8 5 2 3 4 6 3 5 4 3 3 7 1 0 8 7 3 7 9 8 2 4 6 7 6
5 5 6 7 4 4 5 6 6 5 6 7 7 8 6 3 3 6 9 7 6 5 9 8 5 11 3 9 8 0 6 9 5 2 5 8 6 9 6 3
4 5 6 7 2 8 8 9 9 10 3 3 7 9 10 8 7 7 6 3 2 5 11 4 5 9 3 7 7 6 0 6 1 8 2 9 9 12 1 4
3 4 3 3 6 8 7 7 6 9 3 3 4 5 9 9 7 4 0 2 4 4 8 2 4 3 7 2 3 9 6 0 6 10 7 5 6 9 5 6
3 4 6 7 2 7 8 8 8 9 3 2 7 8 9 8 6 6 5 3 2 5 11 4 5 8 3 7 7 5 1 6 0 8 1 8 8 11 0 4
7 6 7 9 6 4 5 6 7 4 8 9 8 9 5 2 4 7 11 9 9 6 9 9 7 12 5 10 9 2 8 10 8 0 7 9 6 9 8 4
4 4 6 7 1 7 8 8 8 9 4 4 7 9 9 7 6 7 7 4 3 5 11 5 5 9 2 8 8 5 2 7 1 7 0 9 8 12 2 3
5 4 3 2 8 5 4 3 3 7 6 7 2 0 5 7 5 2 5 6 8 4 3 6 4 5 8 3 2 8 9 5 8 9 9 0 3 4 8 6
5 4 3 4 7 3 1 1 0 4 6 7 3 3 2 4 3 2 7 6 8 3 3 7 4 7 7 5 4 6 9 6 8 6 8 3 0 4 8 5
8 7 6 6 11 6 4 3 4 5 9 10 5 4 3 7 6 5 9 9 11 7 2 10 7 9 10 7 6 9 12 9 11 9 12 4 4 0 11 8
3 4 6 7 2 7 8 8 8 9 3 2 7 8 9 8 6 6 5 3 1 5 11 4 5 8 3 7 7 6 1 5 0 8 2 8 8 11 0 4
3 2 4 5 3 4 4 5 5 6 3 4 5 6 6 4 2 4 6 4 4 3 8 5 3 8 2 6 6 3 4 6 4 4 3 6 5 8 4 0
,
0 8 17 19 23 24 34 40 27 29 2 14 22 21 50 29 12 17 9 9 11 10 52 8 7 38 18 24 16 33 12 20 19 46 19 23 30 41 19 19
5 0 11 16 29 15 28 31 10 26 5 19 20 18 37 28 19 13 26 10 22 4 21 18 3 30 18 12 14 15 12 15 28 27 18 17 27 38 28 17
10 10 0 8 29 12 10 27 11 40 22 31 6 13 24 25 21 4 17 13 19 4 31 10 8 25 25 19 5 26 39 11 21 43 23 19 19 17 38 13
17 21 6 0 32 39 22 22 20 47 16 25 4 9 39 20 16 8 17 22 38 13 28 17 14 20 19 5 4 28 35 15 49 27 32 6 10 18 28 39
20 19 39 18 0 33 47 53 46 26 8 24 27 47 50 28 29 43 37 28 8 17 52 25 25 61 5 20 19 28 13 17 5 20 4 49 35 55 12 19
29 29 13 17 34 0 6 15 20 11 28 48 34 25 15 11 9 11 60 17 52 18 31 34 22 45 20 51 21 24 58 32 24 27 47 33 11 26 28 23
36 26 16 12 48 7 0 6 8 9 42 44 14 25 5 18 8 16 46 45 38 19 24 51 14 57 35 26 36 38 28 33 55 27 30 29 4 16 55 12
38 31 16 28 35 18 4 0 3 12 41 43 14 16 6 19 21 8 25 44 41 26 18 29 19 54 50 29 24 38 25 29 60 30 23 15 4 23 22 24
35 23 20 23 48 10 9 3 0 22 25 26 16 9 14 12 14 9 33 33 51 11 16 31 20 29 23 13 10 41 50 43 23 36 48 15 2 9 59 27
27 45 44 22 25 10 15 20 12 0 37 57 36 18 6 14 15 40 65 52 64 42 19 49 40 51 46 49 43 16 57 47 64 16 42 24 24 25 51 27
5 9 21 24 13 27 34 22 26 33 0 9 14 23 38 28 14 10 10 5 8 8 27 10 7 44 18 24 15 41 16 16 16 20 11 42 15 44 17 19
11 15 21 22 20 19 50 45 51 52 6 0 25 32 41 37 24 15 15 7 3 26 36 7 12 19 17 31 29 20 15 15 13 26 25 46 43 56 12 14
18 19 7 3 44 28 23 15 14 29 29 26 0 4 14 44 24 2 13 29 28 17 29 33 13 20 37 11 5 51 52 19 27 30 37 9 15 38 20 14
32 25 17 9 49 32 19 12 7 45 21 17 4 0 22 26 18 9 13 31 28 26 22 20 19 34 29 22 7 45 63 22 46 29 40 1 19 26 57 18
18 40 27 26 60 15 10 9 17 10 28 53 23 26 0 18 21 21 60 47 42 33 20 61 15 64 26 31 27 43 74 55 47 17 36 24 13 19 27 23
32 22 42 25 33 7 16 27 30 13 38 41 28 37 25 0 9 43 53 26 37 17 43 23 37 66 37 48 29 12 25 25 57 6 53 47 11 18 32 19
25 14 25 31 20 6 5 8 15 21 29 23 22 32 25 18 0 25 19 38 17 11 23 22 11 52 14 22 29 15 47 33 16 18 43 30 17 30 20 8
18 16 4 6 46 21 19 16 6 39 18 38 4 10 31 19 11 0 28 25 25 7 31 15 8 23 33 20 9 31 40 23 41 35 49 10 7 16 33 30
14 17 10 15 31 56 41 44 32 26 24 16 27 24 42 50 23 23 0 9 13 16 27 5 25 20 32 9 18 59 18 2 22 55 22 37 27 28 31 23
8 14 13 16 16 31 38 38 18 63 4 3 28 38 48 30 20 27 16 0 13 15 50 6 17 33 14 16 25 32 16 18 19 43 23 36 35 27 13 28
10 27 30 38 18 40 37 46 43 69 12 7 22 21 48 49 22 19 19 13 0 30 73 13 22 37 16 27 40 27 4 18 11 36 7 31 57 77 9 11
12 4 4 8 17 20 12 16 9 16 11 28 11 27 29 26 7 9 17 8 24 0 32 13 3 43 16 23 21 13 21 28 22 39 31 23 22 37 25 11
21 48 38 14 50 42 20 21 20 43 37 66 27 11 28 42 41 16 26 36 33 35 0 34 38 55 26 42 25 41 30 58 30 35 75 21 9 8 81 58
15 19 28 10 20 50 44 49 47 40 14 5 16 21 32 48 44 21 12 3 14 22 46 0 14 29 26 10 25 42 12 8 28 25 26 22 49 43 9 28
9 2 9 9 23 22 26 17 15 43 10 17 6 27 39 28 15 11 24 17 26 3 33 17 0 20 32 18 11 14 15 14 33 37 21 20 17 48 23 16
37 33 27 18 45 67 23 23 19 50 20 33 20 18 27 38 55 27 12 18 45 31 45 27 32 0 57 12 12 41 50 20 56 74 68 19 35 59 52 23
18 19 39 49 4 18 45 30 18 50 22 23 45 60 44 22 20 33 27 23 23 27 38 39 28 52 0 27 27 12 14 24 7 15 8 61 43 33 19 11
29 17 11 11 48 45 18 16 28 24 12 23 8 14 41 39 17 16 10 25 18 22 44 9 13 7 20 0 4 54 43 10 49 59 23 11 32 43 33 18
26 25 12 4 19 28 18 33 14 32 28 25 9 13 30 50 22 12 23 19 16 9 28 16 22 12 26 7 0 40 26 18 33 27 45 7 30 29 43 39
14 34 42 33 29 16 38 38 44 36 15 25 20 27 26 18 23 42 63 44 35 19 69 26 25 28 17 44 57 0 40 57 26 14 16 23 43 29 18 13
13 34 27 26 8 56 49 47 44 31 19 20 41 45 47 40 41 43 16 13 9 30 59 18 37 29 17 23 23 29 0 16 2 38 7 26 60 53 4 11
24 19 11 18 41 54 20 29 30 39 10 13 12 18 46 40 31 29 3 7 20 24 42 6 19 14 47 7 7 50 39 0 41 32 37 13 45 47 30 21
22 30 39 39 9 22 32 46 40 64 14 8 24 31 28 52 39 34 38 22 11 25 64 13 22 38 11 20 43 37 3 23 0 36 7 31 26 34 1 20
23 22 37 53 21 22 19 35 35 28 21 37 52 66 22 6 17 47 59 50 43 41 47 49 49 36 29 52 66 14 23 66 50 0 24 43 22 66 29 28
12 16 23 35 5 20 42 37 21 49 16 10 47 39 35 21 26 39 41 15 19 17 52 16 22 49 4 29 44 33 4 23 7 29 0 52 34 37 5 23
13 23 17 7 26 15 18 24 7 42 33 37 5 1 26 21 32 15 26 33 36 18 8 33 13 28 25 20 10 21 40 23 40 35 54 0 8 19 39 24
21 10 13 23 21 18 6 3 1 15 42 52 10 14 9 27 11 14 36 37 49 9 9 23 27 21 49 15 16 18 34 30 22 31 38 11 0 23 59 25
37 36 28 18 35 39 11 15 25 21 53 59 32 17 11 48 19 16 42 25 32 25 6 56 23 63 29 35 39 58 90 24 62 41 55 13 14 0 31 57
13 28 28 20 6 20 24 25 22 52 15 9 28 47 63 33 44 28 37 13 6 21 63 9 28 22 18 22 21 28 3 20 2 39 7 53 47 70 0 15
17 7 11 13 8 26 25 24 29 38 14 19 18 22 32 18 11 18 25 18 32 18 29 31 20 39 13 29 27 18 23 31 14 17 15 23 32 47 20 0