7
40
,
0 (22.0, 38.0) 11.0
1 (23.0, 32.0) 26.0
2 (32.0, 30.0) 22.0
3 (38.0, 32.0) 11.0
4 (5.0, 39.0) 42.0
5 (20.0, 12.0) 44.0
6 (28.0, 13.0) 14.0
7 (33.0, 12.0) 30.0
8 (34.0, 16.0) 12.0
9 (21.0, 2.0) 25.0
10 (21.0, 41.0) 41.0
11 (20.0, 48.0) 22.0
12 (37.0, 28.0) 10.0
13 (43.0, 24.0) 23.0
14 (29.0, 5.0) 47.0
15 (12.0, 8.0) 28.0
16 (19.0, 18.0) 42.0
17 (34.0, 27.0) 21.0
18 (35.0, 49.0) 23.0
19 (24.0, 45.0) 29.0
20 (15.0, 49.0) 15.0
21 (25.0, 30.0) 48.0
22 (49.0, 10.0) 17.0
23 (27.0, 48.0) 18.0
24 (26.0, 32.0) 36.0
25 (50.0, 47.0) 33.0
26 (4.0, 34.0) 26.0
27 (42.0, 39.0) 12.0
28 (41.0, 34.0) 14.0
29 (3.0, 19.0) 24.0
30 (7.0, 49.0) 11.0
31 (36.0, 47.0) 21.0
32 (8.0, 46.0) 19.0
33 (2.0, 8.0) 10.0
34 (3.0, 42.0) 11.0
35 (44.0, 25.0) 15.0
36 (33.0, 15.0) 13.0
37 (46.0, 3.0) 32.0
38 (9.0, 47.0) 20.0
39 (12.0, 28.0) 39.0
,
0 1 3 3 3 5 5 6 5 7 1 2 4 5 7 6 4 3 3 1 3 2 8 2 1 6 4 4 4 5 4 3 3 7 4 5 5 8 3 3
1 0 2 3 4 4 4 4 4 6 2 3 3 4 6 5 3 2 4 3 4 1 7 3 1 6 4 4 4 5 5 4 4 6 4 4 4 7 4 2
3 2 0 1 6 4 3 4 3 6 3 4 1 3 5 6 4 1 4 3 5 1 5 4 1 5 6 3 2 6 6 3 6 7 6 3 3 6 6 4
3 3 1 0 7 5 4 4 3 7 4 5 1 2 6 7 5 1 3 4 6 3 5 4 2 4 7 2 1 7 7 3 7 9 7 2 4 6 7 5
3 4 6 7 0 6 7 8 7 8 3 3 7 8 8 6 5 6 6 4 3 4 11 5 4 9 1 7 7 4 2 6 2 6 1 8 7 11 2 3
5 4 4 5 6 0 2 3 3 2 6 7 5 5 2 2 1 4 8 7 7 4 6 7 4 9 5 7 6 4 8 8 7 4 7 5 3 6 7 4
5 4 3 4 7 2 0 1 1 3 6 7 3 4 2 3 2 3 7 6 8 3 4 7 4 8 6 6 5 5 8 7 8 5 8 4 1 4 8 4
6 4 4 4 8 3 1 0 1 3 6 8 3 3 2 4 3 3 7 7 8 4 3 7 4 8 7 6 5 6 9 7 8 6 8 3 1 3 8 5
5 4 3 3 7 3 1 1 0 4 6 7 2 2 2 5 3 2 7 6 8 3 3 7 4 7 7 5 4 6 9 6 8 7 8 3 0 4 8 5
7 6 6 7 8 2 3 3 4 0 8 9 6 6 2 2 3 6 10 9 9 6 6 9 6 11 7 9 8 5 10 9 9 4 9 7 4 5 9 6
1 2 3 4 3 6 6 6 6 8 0 1 4 6 7 7 5 4 3 1 2 2 8 2 2 6 4 4 4 6 3 3 3 8 4 6 6 9 3 3
2 3 4 5 3 7 7 8 7 9 1 0 5 7 9 8 6 5 3 1 1 4 10 1 3 6 4 5 5 7 3 3 2 9 4 7 7 10 2 4
4 3 1 1 7 5 3 3 2 6 4 5 0 1 5 6 4 1 4 4 6 2 4 4 2 5 7 2 1 7 7 4 7 8 7 2 3 5 7 5
5 4 3 2 8 5 4 3 2 6 6 7 1 0 5 7 5 2 5 6 8 4 3 6 4 5 8 3 2 8 9 5 8 9 9 0 3 4 8 6
7 6 5 6 8 2 2 2 2 2 7 9 5 5 0 3 3 5 9 8 9 5 4 9 5 9 8 7 6 6 10 9 9 5 9 5 2 3 9 6
6 5 6 7 6 2 3 4 5 2 7 8 6 7 3 0 2 6 9 8 8 5 7 9 6 11 5 9 8 3 8 9 8 2 7 7 4 7 8 4
4 3 4 5 5 1 2 3 3 3 5 6 4 5 3 2 0 3 7 5 6 3 6 6 3 8 4 6 5 3 7 7 6 4 6 5 3 6 6 2
3 2 1 1 6 4 3 3 2 6 4 5 1 2 5 6 3 0 4 4 6 2 5 4 2 5 6 3 2 6 7 4 6 7 7 2 2 5 6 4
3 4 4 3 6 8 7 7 7 10 3 3 4 5 9 9 7 4 0 2 4 4 8 2 4 3 7 2 3 9 6 0 5 11 7 5 7 9 5 6
1 3 3 4 4 7 6 7 6 9 1 1 4 6 8 8 5 4 2 0 2 3 9 1 3 5 5 4 4 7 3 2 3 9 4 6 6 9 3 4
3 4 5 6 3 7 8 8 8 9 2 1 6 8 9 8 6 6 4 2 0 4 10 2 4 7 4 6 6 6 2 4 2 9 3 8 8 11 1 4
2 1 1 3 4 4 3 4 3 6 2 4 2 4 5 5 3 2 4 3 4 0 6 4 0 6 4 4 3 5 5 4 5 6 5 4 3 7 5 3
8 7 5 5 11 6 4 3 3 6 8 10 4 3 4 7 6 5 8 9 10 6 0 9 6 7 10 6 5 9 11 8 11 9 11 3 3 2 11 8
2 3 4 4 5 7 7 7 7 9 2 1 4 6 9 9 6 4 2 1 2 4 9 0 3 5 5 3 4 8 4 2 4 9 5 6 7 10 4 5
1 1 1 2 4 4 4 4 4 6 2 3 2 4 5 6 3 2 4 3 4 0 6 3 0 6 4 3 3 5 5 4 5 7 5 4 4 7 5 3
6 6 5 4 9 9 8 8 7 11 6 6 5 5 9 11 8 5 3 5 7 6 7 5 6 0 10 2 3 11 9 3 8 12 9 5 7 9 8 8
4 4 6 7 1 5 6 7 7 7 4 4 7 8 8 5 4 6 7 5 4 4 10 5 4 10 0 8 7 3 3 7 3 5 2 8 7 10 3 2
4 4 3 2 7 7 6 6 5 9 4 5 2 3 7 9 6 3 2 4 6 4 6 3 3 2 8 0 1 9 7 2 7 10 8 3 5 7 7 6
4 4 2 1 7 6 5 5 4 8 4 5 1 2 6 8 5 2 3 4 6 3 5 4 3 3 7 1 0 8 7 3 7 9 8 2 4 6 7 6
5 5 6 7 4 4 5 6 6 5 6 7 7 8 6 3 3 6 9 7 6 5 9 8 5 11 3 9 8 0 6 9 5 2 5 8 6 9 6 3
4 5 6 7 2 8 8 9 9 10 3 3 7 9 10 8 7 7 6 3 2 5 11 4 5 9 3 7 7 6 0 6 1 8 2 9 9 12 1 4
3 4 3 3 6 8 7 7 6 9 3 3 4 5 9 9 7 4 0 2 4 4 8 2 4 3 7 2 3 9 6 0 6 10 7 5 6 9 5 6
3 4 6 7 2 7 8 8 8 9 3 2 7 8 9 8 6 6 5 3 2 5 11 4 5 8 3 7 7 5 1 6 0 8 1 8 8 11 0 4
7 6 7 9 6 4 5 6 7 4 8 9 8 9 5 2 4 7 11 9 9 6 9 9 7 12 5 10 9 2 8 10 8 0 7 9 6 9 8 4
4 4 6 7 1 7 8 8 8 9 4 4 7 9 9 7 6 7 7 4 3 5 11 5 5 9 2 8 8 5 2 7 1 7 0 9 8 12 2 3
5 4 3 2 8 5 4 3 3 7 6 7 2 0 5 7 5 2 5 6 8 4 3 6 4 5 8 3 2 8 9 5 8 9 9 0 3 4 8 6
5 4 3 4 7 3 1 1 0 4 6 7 3 3 2 4 3 2 7 6 8 3 3 7 4 7 7 5 4 6 9 6 8 6 8 3 0 4 8 5
8 7 6 6 11 6 4 3 4 5 9 10 5 4 3 7 6 5 9 9 11 7 2 10 7 9 10 7 6 9 12 9 11 9 12 4 4 0 11 8
3 4 6 7 2 7 8 8 8 9 3 2 7 8 9 8 6 6 5 3 1 5 11 4 5 8 3 7 7 6 1 5 0 8 2 8 8 11 0 4
3 2 4 5 3 4 4 5 5 6 3 4 5 6 6 4 2 4 6 4 4 3 8 5 3 8 2 6 6 3 4 6 4 4 3 6 5 8 4 0
,
0 7 9 9 9 29 30 20 23 35 3 13 12 34 17 41 17 14 9 10 16 5 40 9 5 43 20 21 24 27 11 14 13 44 29 19 14 33 13 15
5 0 6 11 13 27 20 22 26 37 10 11 10 20 18 21 9 18 26 12 14 2 31 8 4 33 29 14 10 22 19 14 17 30 29 20 28 23 18 15
7 12 0 3 34 30 13 12 16 37 23 24 4 12 30 28 22 2 17 17 27 8 28 25 5 27 20 10 13 35 21 19 43 32 45 11 9 41 34 18
23 14 8 0 39 37 21 23 15 33 19 25 6 13 39 24 31 9 12 17 37 10 17 21 17 18 18 6 3 32 37 13 24 33 54 11 19 19 28 32
19 20 27 18 0 28 47 40 27 22 17 11 33 32 49 19 36 23 42 29 7 22 60 17 28 25 5 39 50 13 10 39 6 20 3 58 42 35 6 8
27 21 11 18 25 0 6 14 20 7 16 39 29 27 9 11 6 22 53 32 42 10 42 30 20 52 41 20 23 11 33 41 49 13 48 24 16 18 49 23
37 13 13 31 34 8 0 6 5 15 22 25 25 10 9 9 10 19 33 42 43 18 26 39 14 26 18 17 36 28 47 30 50 37 28 14 7 23 43 26
21 27 27 29 39 11 3 0 6 18 28 47 11 12 7 13 19 14 46 18 48 11 24 37 19 50 22 39 14 16 54 20 34 35 36 12 4 20 46 22
28 15 21 22 25 16 7 5 0 17 33 31 14 10 12 12 8 9 25 44 30 12 9 21 9 37 19 36 17 33 42 39 55 24 27 7 2 19 28 36
35 17 42 31 37 14 14 11 21 0 48 41 44 44 5 7 21 28 69 26 65 30 35 68 27 79 41 56 25 15 71 48 27 21 27 36 10 14 55 32
4 12 8 29 19 32 22 22 33 53 0 4 13 35 41 22 17 27 9 6 10 17 50 5 9 21 22 11 12 35 13 17 15 56 17 19 42 54 11 19
8 19 31 30 9 50 32 39 44 43 7 0 21 49 31 53 19 25 16 7 4 20 28 4 18 17 12 28 25 46 13 15 15 60 27 39 50 46 13 31
20 20 8 6 18 35 23 13 16 42 29 18 0 9 30 40 28 5 13 20 20 13 23 21 10 23 42 15 6 21 24 28 42 44 35 8 12 34 23 18
29 12 11 6 59 36 25 22 7 24 36 47 9 0 18 22 20 11 20 19 23 16 8 28 19 17 37 15 12 49 54 31 48 65 45 1 15 19 31 37
35 40 24 17 30 9 7 12 12 10 22 42 12 34 0 14 22 23 36 32 52 23 12 41 17 54 50 35 40 30 28 48 45 20 61 17 9 20 66 43
35 16 15 24 37 6 22 26 29 12 40 53 41 47 22 0 14 31 60 22 39 36 46 25 22 77 27 52 57 11 29 59 43 8 49 31 12 37 27 24
29 20 12 25 15 6 5 15 21 22 27 23 30 26 20 14 0 20 25 41 41 8 31 39 21 21 32 30 38 11 43 48 45 16 27 32 16 31 20 8
13 14 4 7 33 15 14 15 15 37 13 34 2 10 27 37 10 0 13 21 25 10 20 26 5 18 45 19 6 41 36 13 40 55 52 10 11 16 25 31
13 20 27 24 26 39 54 51 27 26 8 9 29 38 41 66 47 11 0 16 16 31 33 11 27 15 37 12 8 43 26 2 26 70 35 33 32 59 18 26
7 11 22 12 16 46 27 36 21 41 7 3 29 18 34 46 22 20 8 0 10 12 45 3 10 17 24 24 24 25 22 13 21 26 15 36 43 49 19 30
15 11 19 22 8 50 23 45 23 63 12 3 30 20 26 55 30 36 24 11 0 12 44 13 28 39 15 31 15 42 5 31 9 27 9 42 30 72 6 13
7 2 7 14 13 20 15 23 19 26 10 11 15 12 24 23 13 10 14 19 17 0 40 11 3 21 15 19 22 18 20 12 35 27 32 23 14 33 16 11
27 19 35 19 48 39 29 10 15 31 58 54 12 9 10 51 39 33 36 41 57 35 0 41 34 28 47 25 26 48 82 35 34 62 59 20 23 7 51 46
14 15 13 10 34 29 47 43 23 50 12 8 12 41 29 28 24 22 11 5 7 10 57 0 23 19 16 12 16 45 28 10 18 30 34 26 48 54 15 31
7 2 5 12 17 17 27 30 9 44 13 13 9 25 15 20 13 7 12 18 30 3 23 11 0 15 12 23 21 16 19 23 34 37 32 14 21 28 13 8
41 45 27 28 40 31 23 40 24 64 41 41 33 16 45 49 54 13 14 22 24 26 31 33 23 0 36 12 16 75 43 20 41 60 34 23 25 64 46 23
13 25 37 17 6 21 31 23 49 52 26 25 20 28 35 26 25 22 33 13 19 32 71 23 19 44 0 43 45 14 18 20 12 25 11 21 46 67 18 15
13 19 8 9 35 52 35 38 26 41 25 14 16 19 38 62 40 17 12 14 39 18 41 19 9 9 54 0 3 64 49 7 31 32 33 7 21 24 44 36
27 18 6 5 33 18 13 20 28 42 29 34 9 9 43 28 15 6 15 24 38 18 14 22 11 13 54 3 0 41 19 10 29 60 26 12 13 16 22 44
40 16 46 55 22 18 36 22 35 35 24 41 42 31 24 11 23 33 41 36 48 13 70 38 37 36 13 56 33 0 23 52 36 17 18 44 43 34 39 11
26 19 40 39 9 26 31 64 33 73 19 13 29 46 74 48 46 22 21 20 11 37 45 29 15 55 12 38 34 41 0 43 3 23 8 42 48 88 2 28
10 26 24 18 39 24 49 23 30 29 20 12 18 33 39 28 36 15 1 13 22 12 25 10 18 20 28 13 11 50 18 0 40 55 18 32 19 51 28 18
13 11 25 40 7 46 44 30 34 30 11 15 49 32 46 42 40 17 19 23 5 23 44 21 24 62 11 31 36 14 3 27 0 37 5 21 56 77 1 17
27 26 52 64 34 11 21 42 25 26 43 61 42 57 22 7 12 28 69 32 30 48 50 36 22 72 17 40 41 13 54 29 41 0 24 40 22 31 45 23
18 21 40 53 4 40 54 48 50 22 22 9 45 28 61 50 17 36 44 12 8 25 48 15 17 43 6 43 30 23 5 28 5 35 0 43 46 38 8 20
29 26 16 9 49 29 30 19 9 37 33 40 5 1 25 49 18 8 31 32 35 26 21 21 12 18 34 19 8 60 45 33 59 46 36 0 8 21 21 29
15 26 16 12 53 8 7 2 2 24 19 22 7 10 16 24 20 10 45 38 33 23 25 47 22 26 50 26 14 45 32 27 39 16 21 16 0 23 47 23
50 23 32 26 60 29 20 23 11 22 43 49 19 20 17 25 31 16 24 59 60 46 9 26 28 38 70 18 36 27 57 67 82 48 63 20 20 0 29 38
16 15 31 37 7 30 23 47 47 44 11 6 36 26 46 40 41 44 36 17 9 21 69 21 19 41 20 49 48 32 4 15 2 34 10 56 20 70 0 17
17 13 11 28 13 20 19 20 27 24 18 18 15 39 21 25 18 16 40 14 18 13 51 28 8 39 7 43 34 8 30 24 26 27 16 34 19 50 22 0