4
20
,
0 (23.0, 35.0) 53.0
1 (23.0, 50.0) 32.0
2 (41.0, 13.0) 41.0
3 (7.0, 43.0) 72.0
4 (23.0, 42.0) 39.0
5 (15.0, 26.0) 75.0
6 (20.0, 20.0) 73.0
7 (27.0, 48.0) 79.0
8 (39.0, 44.0) 67.0
9 (36.0, 19.0) 63.0
10 (32.0, 13.0) 40.0
11 (22.0, 50.0) 68.0
12 (31.0, 28.0) 47.0
13 (26.0, 37.0) 65.0
14 (44.0, 37.0) 86.0
15 (9.0, 40.0) 40.0
16 (35.0, 4.0) 35.0
17 (40.0, 5.0) 63.0
18 (10.0, 11.0) 41.0
19 (35.0, 13.0) 83.0
,
0 21 28 22 22 24 15 14 28 29 20 17 27 21 23 29 20 18 20 7 19 0
21 0 8 14 9 4 6 8 7 9 10 12 8 5 2 11 7 17 17 14 13 21
28 8 0 21 9 4 13 15 2 9 17 19 0 12 7 12 9 24 24 21 19 28
22 14 21 0 23 17 15 11 19 16 4 4 21 9 14 12 21 5 4 16 3 22
22 9 9 23 0 8 9 13 10 16 19 20 8 14 10 19 2 24 25 16 21 22
24 4 4 17 8 0 9 11 4 8 13 15 4 8 3 11 7 20 20 17 16 24
15 6 13 15 9 9 0 4 13 15 11 11 12 8 8 16 8 15 16 8 12 15
14 8 15 11 13 11 4 0 14 15 8 7 15 7 9 15 11 11 12 7 8 14
28 7 2 19 10 4 13 14 0 6 15 18 3 10 6 10 10 22 22 20 18 28
29 9 9 16 16 8 15 15 6 0 13 16 9 9 7 4 15 20 20 22 16 29
20 10 17 4 19 13 11 8 15 13 0 4 17 5 10 10 17 8 7 14 3 20
17 12 19 4 20 15 11 7 18 16 4 0 19 8 12 13 18 5 6 11 2 17
27 8 0 21 8 4 12 15 3 9 17 19 0 12 7 13 8 24 24 20 20 27
21 5 12 9 14 8 8 7 10 9 5 8 12 0 5 8 13 12 12 14 8 21
23 2 7 14 10 3 8 9 6 7 10 12 7 5 0 9 9 17 17 15 13 23
29 11 12 12 19 11 16 15 10 4 10 13 13 8 9 0 18 17 16 21 13 29
20 7 9 21 2 7 8 11 10 15 17 18 8 13 9 18 0 22 23 15 19 20
18 17 24 5 24 20 15 11 22 20 8 5 24 12 17 17 22 0 3 13 4 18
20 17 24 4 25 20 16 12 22 20 7 6 24 12 17 16 23 3 0 15 5 20
7 14 21 16 16 17 8 7 20 22 14 11 20 14 15 21 15 13 15 0 13 7
19 13 19 3 21 16 12 8 18 16 3 2 20 8 13 13 19 4 5 13 0 19
0 21 28 22 22 24 15 14 28 29 20 17 27 21 23 29 20 18 20 7 19 0
,
0 53 77 47 50 52 37 16 62 37 46 45 73 60 57 73 21 48 37 11 48 0
57 0 12 35 9 6 17 15 9 10 16 17 12 7 3 30 8 37 24 40 36 32
62 18 0 36 21 5 17 29 4 23 42 53 1 14 14 33 15 59 56 36 49 66
34 22 28 0 32 31 33 26 28 45 8 10 48 23 23 24 55 13 12 23 4 24
53 25 11 36 0 8 19 36 26 36 45 41 20 23 27 50 4 29 63 22 25 59
32 10 5 31 21 0 20 24 9 16 25 31 6 9 8 32 20 57 40 32 29 46
16 15 34 28 19 19 0 11 36 30 27 27 29 21 22 46 18 22 19 9 35 29
33 21 41 12 17 33 7 0 17 26 10 10 39 19 21 20 27 24 31 16 17 15
32 8 2 47 20 7 20 41 0 16 41 46 8 24 16 28 13 66 67 24 29 63
53 25 12 21 26 12 30 19 18 0 23 32 23 24 9 11 37 35 23 44 45 51
57 28 43 9 21 25 22 13 39 32 0 5 47 5 18 20 41 15 20 23 4 37
27 36 22 5 50 36 24 15 27 32 9 0 47 9 16 25 38 10 7 31 2 36
33 21 1 31 23 6 25 19 3 13 33 26 0 28 10 15 10 61 50 55 48 35
44 14 27 27 36 19 22 14 16 13 10 18 27 0 11 15 33 16 27 31 21 35
43 3 16 31 15 6 9 27 11 18 12 31 18 6 0 17 18 46 29 30 16 55
79 20 17 32 34 30 27 28 24 10 26 26 36 23 16 0 32 49 42 35 19 49
53 16 15 58 5 15 18 20 10 29 24 35 14 30 13 25 0 55 60 30 25 43
50 40 70 13 49 52 23 31 31 35 18 6 50 21 49 37 50 0 5 37 6 33
54 19 63 10 46 36 20 14 55 57 17 14 49 14 43 35 59 6 0 41 5 49
10 34 24 29 29 39 23 14 42 28 14 31 29 25 21 56 36 22 44 0 18 20
43 34 27 4 49 34 20 10 35 43 5 2 37 12 25 17 27 10 14 24 0 41
0 41 28 50 56 52 19 28 47 71 46 31 73 34 51 85 30 44 36 8 55 0