4
20
,
0 (23.0, 35.0) 66.0
1 (23.0, 50.0) 49.0
2 (41.0, 13.0) 40.0
3 (7.0, 43.0) 35.0
4 (23.0, 42.0) 30.0
5 (15.0, 26.0) 39.0
6 (20.0, 20.0) 49.0
7 (27.0, 48.0) 63.0
8 (39.0, 44.0) 36.0
9 (36.0, 19.0) 80.0
10 (32.0, 13.0) 87.0
11 (22.0, 50.0) 43.0
12 (31.0, 28.0) 45.0
13 (26.0, 37.0) 47.0
14 (44.0, 37.0) 45.0
15 (9.0, 40.0) 61.0
16 (35.0, 4.0) 68.0
17 (40.0, 5.0) 37.0
18 (10.0, 11.0) 68.0
19 (35.0, 13.0) 31.0
,
0 21 28 22 22 24 15 14 28 29 20 17 27 21 23 29 20 18 20 7 19 0
21 0 8 14 9 4 6 8 7 9 10 12 8 5 2 11 7 17 17 14 13 21
28 8 0 21 9 4 13 15 2 9 17 19 0 12 7 12 9 24 24 21 19 28
22 14 21 0 23 17 15 11 19 16 4 4 21 9 14 12 21 5 4 16 3 22
22 9 9 23 0 8 9 13 10 16 19 20 8 14 10 19 2 24 25 16 21 22
24 4 4 17 8 0 9 11 4 8 13 15 4 8 3 11 7 20 20 17 16 24
15 6 13 15 9 9 0 4 13 15 11 11 12 8 8 16 8 15 16 8 12 15
14 8 15 11 13 11 4 0 14 15 8 7 15 7 9 15 11 11 12 7 8 14
28 7 2 19 10 4 13 14 0 6 15 18 3 10 6 10 10 22 22 20 18 28
29 9 9 16 16 8 15 15 6 0 13 16 9 9 7 4 15 20 20 22 16 29
20 10 17 4 19 13 11 8 15 13 0 4 17 5 10 10 17 8 7 14 3 20
17 12 19 4 20 15 11 7 18 16 4 0 19 8 12 13 18 5 6 11 2 17
27 8 0 21 8 4 12 15 3 9 17 19 0 12 7 13 8 24 24 20 20 27
21 5 12 9 14 8 8 7 10 9 5 8 12 0 5 8 13 12 12 14 8 21
23 2 7 14 10 3 8 9 6 7 10 12 7 5 0 9 9 17 17 15 13 23
29 11 12 12 19 11 16 15 10 4 10 13 13 8 9 0 18 17 16 21 13 29
20 7 9 21 2 7 8 11 10 15 17 18 8 13 9 18 0 22 23 15 19 20
18 17 24 5 24 20 15 11 22 20 8 5 24 12 17 17 22 0 3 13 4 18
20 17 24 4 25 20 16 12 22 20 7 6 24 12 17 16 23 3 0 15 5 20
7 14 21 16 16 17 8 7 20 22 14 11 20 14 15 21 15 13 15 0 13 7
19 13 19 3 21 16 12 8 18 16 3 2 20 8 13 13 19 4 5 13 0 19
0 21 28 22 22 24 15 14 28 29 20 17 27 21 23 29 20 18 20 7 19 0
,
0 37 39 23 51 47 21 32 33 74 43 25 61 54 48 62 24 47 45 22 21 0
55 0 17 24 10 8 14 22 20 15 18 25 15 9 5 29 15 17 38 27 20 23
29 15 0 24 24 7 23 38 3 23 25 51 1 14 16 13 15 40 59 50 26 61
64 35 62 0 63 22 39 12 30 25 4 11 49 24 20 26 41 15 6 23 7 39
29 17 21 46 0 17 28 24 14 21 35 40 20 36 26 36 2 56 73 44 54 63
34 10 11 22 8 0 21 25 7 8 30 19 10 22 7 13 20 36 27 32 22 61
26 12 15 35 28 24 0 6 30 30 24 27 17 22 9 31 11 36 45 22 34 23
15 15 23 24 37 31 9 0 23 35 12 14 16 11 11 26 21 15 35 16 23 21
46 11 5 43 25 4 35 42 0 8 19 27 5 18 11 27 22 38 29 52 25 63
80 12 23 19 19 24 17 20 13 0 36 39 19 12 10 11 18 59 42 22 42 78
28 24 22 10 20 33 21 11 19 14 0 10 27 9 18 26 39 18 19 29 3 55
50 12 39 13 36 33 32 17 23 27 10 0 51 15 13 27 45 11 15 27 4 25
63 12 1 32 19 8 35 34 8 21 35 22 0 19 7 21 11 26 39 55 45 76
48 6 19 23 35 22 13 17 15 19 7 16 27 0 15 21 21 30 19 24 15 32
23 4 9 16 28 4 18 21 7 21 29 24 18 15 0 20 10 19 52 33 27 47
69 16 22 31 56 16 29 20 23 7 22 40 18 9 19 0 35 26 18 33 30 36
25 14 21 39 3 18 22 30 18 40 45 31 20 13 17 33 0 45 26 40 32 28
33 31 32 11 38 56 22 27 28 20 11 8 59 17 41 35 51 0 3 16 13 28
34 22 43 4 58 21 35 30 46 45 21 17 51 23 50 33 48 3 0 35 13 49
11 29 61 44 40 23 22 13 61 46 14 21 33 29 19 38 25 35 30 0 30 10
33 31 39 5 44 23 28 11 41 26 6 4 32 10 24 15 49 6 12 22 0 39
0 25 68 47 22 37 37 34 61 88 39 32 75 36 35 80 49 25 47 16 24 0