4
20
,
0 (23.0, 35.0) 61.0
1 (23.0, 50.0) 78.0
2 (41.0, 13.0) 40.0
3 (7.0, 43.0) 52.0
4 (23.0, 42.0) 79.0
5 (15.0, 26.0) 69.0
6 (20.0, 20.0) 70.0
7 (27.0, 48.0) 56.0
8 (39.0, 44.0) 37.0
9 (36.0, 19.0) 78.0
10 (32.0, 13.0) 34.0
11 (22.0, 50.0) 44.0
12 (31.0, 28.0) 37.0
13 (26.0, 37.0) 44.0
14 (44.0, 37.0) 66.0
15 (9.0, 40.0) 42.0
16 (35.0, 4.0) 82.0
17 (40.0, 5.0) 41.0
18 (10.0, 11.0) 38.0
19 (35.0, 13.0) 76.0
,
0 21 28 22 22 24 15 14 28 29 20 17 27 21 23 29 20 18 20 7 19 0
21 0 8 14 9 4 6 8 7 9 10 12 8 5 2 11 7 17 17 14 13 21
28 8 0 21 9 4 13 15 2 9 17 19 0 12 7 12 9 24 24 21 19 28
22 14 21 0 23 17 15 11 19 16 4 4 21 9 14 12 21 5 4 16 3 22
22 9 9 23 0 8 9 13 10 16 19 20 8 14 10 19 2 24 25 16 21 22
24 4 4 17 8 0 9 11 4 8 13 15 4 8 3 11 7 20 20 17 16 24
15 6 13 15 9 9 0 4 13 15 11 11 12 8 8 16 8 15 16 8 12 15
14 8 15 11 13 11 4 0 14 15 8 7 15 7 9 15 11 11 12 7 8 14
28 7 2 19 10 4 13 14 0 6 15 18 3 10 6 10 10 22 22 20 18 28
29 9 9 16 16 8 15 15 6 0 13 16 9 9 7 4 15 20 20 22 16 29
20 10 17 4 19 13 11 8 15 13 0 4 17 5 10 10 17 8 7 14 3 20
17 12 19 4 20 15 11 7 18 16 4 0 19 8 12 13 18 5 6 11 2 17
27 8 0 21 8 4 12 15 3 9 17 19 0 12 7 13 8 24 24 20 20 27
21 5 12 9 14 8 8 7 10 9 5 8 12 0 5 8 13 12 12 14 8 21
23 2 7 14 10 3 8 9 6 7 10 12 7 5 0 9 9 17 17 15 13 23
29 11 12 12 19 11 16 15 10 4 10 13 13 8 9 0 18 17 16 21 13 29
20 7 9 21 2 7 8 11 10 15 17 18 8 13 9 18 0 22 23 15 19 20
18 17 24 5 24 20 15 11 22 20 8 5 24 12 17 17 22 0 3 13 4 18
20 17 24 4 25 20 16 12 22 20 7 6 24 12 17 16 23 3 0 15 5 20
7 14 21 16 16 17 8 7 20 22 14 11 20 14 15 21 15 13 15 0 13 7
19 13 19 3 21 16 12 8 18 16 3 2 20 8 13 13 19 4 5 13 0 19
0 21 28 22 22 24 15 14 28 29 20 17 27 21 23 29 20 18 20 7 19 0
,
0 33 54 38 42 24 24 40 33 83 57 41 57 38 64 86 35 36 27 14 50 0
59 0 21 23 18 7 17 11 20 20 30 16 14 15 4 12 20 37 37 24 18 28
60 17 0 50 11 7 35 40 4 18 43 53 1 32 9 36 21 52 55 32 41 66
32 38 39 0 39 33 18 27 35 36 5 11 33 24 23 14 47 13 10 43 5 60
32 14 23 37 0 11 10 30 10 48 36 24 12 31 17 55 4 48 72 46 30 30
33 4 6 38 16 0 23 13 8 17 26 33 5 15 4 19 9 35 24 25 36 41
41 7 13 43 11 26 0 11 24 16 15 14 17 10 13 26 21 35 45 17 27 25
27 17 34 14 25 26 6 0 19 17 19 7 23 18 15 18 28 26 18 15 11 36
61 19 3 25 20 8 37 32 0 16 34 48 8 20 9 28 13 47 56 44 45 33
41 25 15 43 21 12 32 35 17 0 25 44 14 18 14 12 21 23 39 57 37 85
24 25 33 12 43 23 21 18 25 35 0 5 47 9 21 15 51 11 15 24 6 33
31 19 40 10 28 29 22 16 21 36 10 0 54 15 31 15 50 11 11 16 2 26
79 15 1 50 18 7 35 25 5 13 27 53 0 16 7 33 24 50 61 54 28 58
25 9 19 11 17 13 19 10 27 21 8 20 27 0 6 10 28 31 35 29 23 43
39 4 10 39 11 6 11 10 14 17 20 24 13 5 0 9 17 40 46 34 25 57
67 12 37 26 50 11 35 28 22 7 21 39 33 20 25 0 26 27 42 38 16 61
53 18 16 24 3 13 11 31 18 21 36 42 16 37 21 29 0 44 34 42 24 35
31 20 52 14 62 38 22 17 64 44 20 5 62 28 45 50 40 0 3 15 13 25
60 21 51 7 49 28 31 21 39 42 19 12 66 15 28 29 70 8 0 21 10 25
22 15 46 45 24 29 10 19 42 61 27 15 60 32 40 59 41 31 40 0 23 9
45 16 20 4 30 34 18 21 52 36 7 4 25 22 21 17 30 10 10 25 0 36
0 23 40 32 64 28 34 17 65 66 55 25 29 45 49 83 52 28 51 10 31 0