4
20
,
0 (23.0, 35.0) 62.0
1 (23.0, 50.0) 46.0
2 (41.0, 13.0) 84.0
3 (7.0, 43.0) 84.0
4 (23.0, 42.0) 90.0
5 (15.0, 26.0) 71.0
6 (20.0, 20.0) 65.0
7 (27.0, 48.0) 35.0
8 (39.0, 44.0) 42.0
9 (36.0, 19.0) 66.0
10 (32.0, 13.0) 66.0
11 (22.0, 50.0) 55.0
12 (31.0, 28.0) 56.0
13 (26.0, 37.0) 56.0
14 (44.0, 37.0) 85.0
15 (9.0, 40.0) 64.0
16 (35.0, 4.0) 41.0
17 (40.0, 5.0) 40.0
18 (10.0, 11.0) 32.0
19 (35.0, 13.0) 32.0
,
0 21 28 22 22 24 15 14 28 29 20 17 27 21 23 29 20 18 20 7 19 0
21 0 8 14 9 4 6 8 7 9 10 12 8 5 2 11 7 17 17 14 13 21
28 8 0 21 9 4 13 15 2 9 17 19 0 12 7 12 9 24 24 21 19 28
22 14 21 0 23 17 15 11 19 16 4 4 21 9 14 12 21 5 4 16 3 22
22 9 9 23 0 8 9 13 10 16 19 20 8 14 10 19 2 24 25 16 21 22
24 4 4 17 8 0 9 11 4 8 13 15 4 8 3 11 7 20 20 17 16 24
15 6 13 15 9 9 0 4 13 15 11 11 12 8 8 16 8 15 16 8 12 15
14 8 15 11 13 11 4 0 14 15 8 7 15 7 9 15 11 11 12 7 8 14
28 7 2 19 10 4 13 14 0 6 15 18 3 10 6 10 10 22 22 20 18 28
29 9 9 16 16 8 15 15 6 0 13 16 9 9 7 4 15 20 20 22 16 29
20 10 17 4 19 13 11 8 15 13 0 4 17 5 10 10 17 8 7 14 3 20
17 12 19 4 20 15 11 7 18 16 4 0 19 8 12 13 18 5 6 11 2 17
27 8 0 21 8 4 12 15 3 9 17 19 0 12 7 13 8 24 24 20 20 27
21 5 12 9 14 8 8 7 10 9 5 8 12 0 5 8 13 12 12 14 8 21
23 2 7 14 10 3 8 9 6 7 10 12 7 5 0 9 9 17 17 15 13 23
29 11 12 12 19 11 16 15 10 4 10 13 13 8 9 0 18 17 16 21 13 29
20 7 9 21 2 7 8 11 10 15 17 18 8 13 9 18 0 22 23 15 19 20
18 17 24 5 24 20 15 11 22 20 8 5 24 12 17 17 22 0 3 13 4 18
20 17 24 4 25 20 16 12 22 20 7 6 24 12 17 16 23 3 0 15 5 20
7 14 21 16 16 17 8 7 20 22 14 11 20 14 15 21 15 13 15 0 13 7
19 13 19 3 21 16 12 8 18 16 3 2 20 8 13 13 19 4 5 13 0 19
0 21 28 22 22 24 15 14 28 29 20 17 27 21 23 29 20 18 20 7 19 0
,
0 36 45 35 53 31 18 28 42 33 40 48 82 42 47 58 29 50 23 17 30 0
49 0 9 22 16 5 15 17 16 14 22 20 12 9 5 26 8 29 48 38 31 35
78 12 0 42 9 5 26 38 6 10 28 57 1 23 19 26 15 25 66 42 39 61
50 42 58 0 52 32 31 19 34 39 11 13 47 22 37 26 62 12 8 37 5 52
49 24 10 36 0 12 25 37 14 21 38 22 21 34 23 54 4 45 70 24 52 24
63 7 11 40 12 0 21 32 5 24 18 19 5 13 8 32 13 49 48 31 26 37
33 11 31 36 18 12 0 5 18 37 31 27 34 10 9 28 12 33 30 19 25 25
21 15 29 26 30 11 11 0 28 25 15 12 43 12 21 22 31 28 16 7 20 19
34 14 5 26 18 10 28 28 0 7 17 23 7 12 10 11 14 53 43 29 48 49
42 26 21 18 44 17 24 40 9 0 25 23 26 11 19 12 33 46 31 23 39 73
32 25 18 9 41 17 27 18 45 29 0 9 46 8 14 25 25 10 8 39 4 32
45 35 50 5 52 30 14 19 22 20 7 0 55 17 29 30 37 11 14 25 2 17
39 20 1 50 18 5 18 19 8 17 22 52 0 15 17 32 9 64 49 54 28 48
33 10 21 14 19 10 15 20 26 26 8 10 27 0 9 22 15 14 36 40 9 24
27 5 14 34 10 5 14 14 11 18 18 31 17 15 0 23 12 39 34 24 29 34
80 20 26 29 54 19 30 38 18 12 24 21 21 18 17 0 23 28 45 46 31 57
36 15 17 22 3 14 10 23 18 39 51 33 22 15 11 26 0 37 37 29 31 33
24 22 50 8 62 51 43 16 30 38 15 5 43 22 22 20 36 0 4 32 8 19
53 33 63 9 46 43 36 23 34 41 19 11 71 37 27 37 51 6 0 41 10 25
22 38 52 17 32 30 9 17 49 39 34 16 51 23 32 64 39 28 18 0 35 10
45 25 45 3 29 41 18 18 48 31 7 4 56 14 19 15 30 8 6 28 0 56
0 57 53 40 37 24 15 40 46 81 40 37 33 58 53 84 25 30 25 9 43 0