4
20
,
0 (23.0, 35.0) 74.0
1 (23.0, 50.0) 31.0
2 (41.0, 13.0) 39.0
3 (7.0, 43.0) 54.0
4 (23.0, 42.0) 48.0
5 (15.0, 26.0) 40.0
6 (20.0, 20.0) 50.0
7 (27.0, 48.0) 31.0
8 (39.0, 44.0) 62.0
9 (36.0, 19.0) 46.0
10 (32.0, 13.0) 68.0
11 (22.0, 50.0) 54.0
12 (31.0, 28.0) 90.0
13 (26.0, 37.0) 30.0
14 (44.0, 37.0) 65.0
15 (9.0, 40.0) 31.0
16 (35.0, 4.0) 40.0
17 (40.0, 5.0) 41.0
18 (10.0, 11.0) 69.0
19 (35.0, 13.0) 38.0
,
0 21 28 22 22 24 15 14 28 29 20 17 27 21 23 29 20 18 20 7 19 0
21 0 8 14 9 4 6 8 7 9 10 12 8 5 2 11 7 17 17 14 13 21
28 8 0 21 9 4 13 15 2 9 17 19 0 12 7 12 9 24 24 21 19 28
22 14 21 0 23 17 15 11 19 16 4 4 21 9 14 12 21 5 4 16 3 22
22 9 9 23 0 8 9 13 10 16 19 20 8 14 10 19 2 24 25 16 21 22
24 4 4 17 8 0 9 11 4 8 13 15 4 8 3 11 7 20 20 17 16 24
15 6 13 15 9 9 0 4 13 15 11 11 12 8 8 16 8 15 16 8 12 15
14 8 15 11 13 11 4 0 14 15 8 7 15 7 9 15 11 11 12 7 8 14
28 7 2 19 10 4 13 14 0 6 15 18 3 10 6 10 10 22 22 20 18 28
29 9 9 16 16 8 15 15 6 0 13 16 9 9 7 4 15 20 20 22 16 29
20 10 17 4 19 13 11 8 15 13 0 4 17 5 10 10 17 8 7 14 3 20
17 12 19 4 20 15 11 7 18 16 4 0 19 8 12 13 18 5 6 11 2 17
27 8 0 21 8 4 12 15 3 9 17 19 0 12 7 13 8 24 24 20 20 27
21 5 12 9 14 8 8 7 10 9 5 8 12 0 5 8 13 12 12 14 8 21
23 2 7 14 10 3 8 9 6 7 10 12 7 5 0 9 9 17 17 15 13 23
29 11 12 12 19 11 16 15 10 4 10 13 13 8 9 0 18 17 16 21 13 29
20 7 9 21 2 7 8 11 10 15 17 18 8 13 9 18 0 22 23 15 19 20
18 17 24 5 24 20 15 11 22 20 8 5 24 12 17 17 22 0 3 13 4 18
20 17 24 4 25 20 16 12 22 20 7 6 24 12 17 16 23 3 0 15 5 20
7 14 21 16 16 17 8 7 20 22 14 11 20 14 15 21 15 13 15 0 13 7
19 13 19 3 21 16 12 8 18 16 3 2 20 8 13 13 19 4 5 13 0 19
0 21 28 22 22 24 15 14 28 29 20 17 27 21 23 29 20 18 20 7 19 0
,
0 46 33 26 26 27 45 36 43 39 32 26 35 29 63 62 32 41 22 16 42 0
36 0 13 40 22 9 11 9 13 18 15 21 21 13 5 17 10 39 46 23 18 43
52 16 0 23 18 6 30 24 5 19 36 51 1 26 8 13 25 57 37 46 41 65
52 30 29 0 61 24 18 33 54 45 9 7 54 15 26 27 28 13 11 36 6 40
35 22 14 36 0 19 9 28 30 31 40 46 11 17 21 38 5 45 30 22 29 45
54 7 9 42 13 0 20 31 4 22 36 42 7 19 7 17 17 24 48 45 35 64
30 6 14 22 19 15 0 6 20 44 16 32 14 18 18 34 12 34 44 14 15 18
41 15 37 24 24 24 4 0 38 33 9 9 16 20 16 42 14 19 13 15 13 31
58 14 4 55 25 4 36 29 0 7 15 27 4 20 7 27 28 66 43 22 44 44
65 16 10 34 38 19 34 45 13 0 19 43 10 22 16 8 17 30 44 56 35 72
27 14 19 6 47 36 29 11 16 18 0 5 49 9 12 24 26 14 16 17 4 55
23 31 29 11 48 35 12 9 33 22 6 0 39 12 17 14 27 9 15 25 3 45
70 9 1 37 14 7 13 43 7 16 42 24 0 14 14 16 23 68 69 26 37 51
39 10 12 27 41 14 13 20 21 12 8 15 29 0 8 21 22 13 14 25 15 60
28 4 14 29 17 5 13 25 6 14 16 15 8 13 0 19 21 37 52 32 21 41
41 18 33 25 47 12 26 21 17 8 24 37 32 13 18 0 37 48 20 33 35 41
27 9 20 40 5 7 19 18 24 24 23 48 11 32 21 24 0 44 26 16 31 59
39 39 33 9 57 55 20 26 61 57 14 10 43 30 50 26 46 0 6 22 12 34
20 34 53 6 53 46 34 30 40 45 14 7 27 18 31 47 32 5 0 27 14 59
10 39 22 25 34 23 15 16 47 48 35 23 55 16 30 46 29 30 45 0 14 21
28 23 36 7 27 21 32 12 44 26 6 4 32 20 35 37 35 6 14 16 0 52
0 39 49 61 49 59 27 16 46 73 31 18 79 42 59 60 25 38 31 9 44 0