4
20
,
0 (23.0, 35.0) 64.0
1 (23.0, 50.0) 38.0
2 (41.0, 13.0) 62.0
3 (7.0, 43.0) 39.0
4 (23.0, 42.0) 49.0
5 (15.0, 26.0) 71.0
6 (20.0, 20.0) 58.0
7 (27.0, 48.0) 31.0
8 (39.0, 44.0) 44.0
9 (36.0, 19.0) 47.0
10 (32.0, 13.0) 53.0
11 (22.0, 50.0) 39.0
12 (31.0, 28.0) 62.0
13 (26.0, 37.0) 31.0
14 (44.0, 37.0) 36.0
15 (9.0, 40.0) 51.0
16 (35.0, 4.0) 55.0
17 (40.0, 5.0) 68.0
18 (10.0, 11.0) 44.0
19 (35.0, 13.0) 72.0
,
0 21 28 22 22 24 15 14 28 29 20 17 27 21 23 29 20 18 20 7 19 0
21 0 8 14 9 4 6 8 7 9 10 12 8 5 2 11 7 17 17 14 13 21
28 8 0 21 9 4 13 15 2 9 17 19 0 12 7 12 9 24 24 21 19 28
22 14 21 0 23 17 15 11 19 16 4 4 21 9 14 12 21 5 4 16 3 22
22 9 9 23 0 8 9 13 10 16 19 20 8 14 10 19 2 24 25 16 21 22
24 4 4 17 8 0 9 11 4 8 13 15 4 8 3 11 7 20 20 17 16 24
15 6 13 15 9 9 0 4 13 15 11 11 12 8 8 16 8 15 16 8 12 15
14 8 15 11 13 11 4 0 14 15 8 7 15 7 9 15 11 11 12 7 8 14
28 7 2 19 10 4 13 14 0 6 15 18 3 10 6 10 10 22 22 20 18 28
29 9 9 16 16 8 15 15 6 0 13 16 9 9 7 4 15 20 20 22 16 29
20 10 17 4 19 13 11 8 15 13 0 4 17 5 10 10 17 8 7 14 3 20
17 12 19 4 20 15 11 7 18 16 4 0 19 8 12 13 18 5 6 11 2 17
27 8 0 21 8 4 12 15 3 9 17 19 0 12 7 13 8 24 24 20 20 27
21 5 12 9 14 8 8 7 10 9 5 8 12 0 5 8 13 12 12 14 8 21
23 2 7 14 10 3 8 9 6 7 10 12 7 5 0 9 9 17 17 15 13 23
29 11 12 12 19 11 16 15 10 4 10 13 13 8 9 0 18 17 16 21 13 29
20 7 9 21 2 7 8 11 10 15 17 18 8 13 9 18 0 22 23 15 19 20
18 17 24 5 24 20 15 11 22 20 8 5 24 12 17 17 22 0 3 13 4 18
20 17 24 4 25 20 16 12 22 20 7 6 24 12 17 16 23 3 0 15 5 20
7 14 21 16 16 17 8 7 20 22 14 11 20 14 15 21 15 13 15 0 13 7
19 13 19 3 21 16 12 8 18 16 3 2 20 8 13 13 19 4 5 13 0 19
0 21 28 22 22 24 15 14 28 29 20 17 27 21 23 29 20 18 20 7 19 0
,
0 50 61 38 59 55 31 34 57 77 47 35 82 52 58 30 22 42 58 20 50 0
33 0 12 25 20 9 11 16 17 13 11 31 17 9 2 29 14 19 22 39 18 24
73 20 0 52 22 7 37 42 4 20 17 22 1 21 20 31 10 48 70 59 35 81
61 39 25 0 25 45 29 28 21 30 5 7 30 22 15 26 33 13 6 31 9 52
28 23 13 27 0 12 20 23 19 31 27 49 12 36 20 38 5 59 47 47 54 61
30 7 5 31 12 0 26 13 4 22 35 21 10 21 3 24 19 46 35 30 17 33
27 16 26 40 19 26 0 4 34 31 22 32 33 9 10 33 17 23 18 19 36 32
40 15 20 29 23 18 9 0 19 35 14 12 17 7 16 38 18 23 37 16 19 39
28 14 6 48 26 5 25 21 0 18 30 24 3 11 8 11 26 47 29 29 42 38
82 23 24 31 32 16 33 43 16 0 16 33 23 17 12 9 31 47 26 35 18 67
28 22 30 4 28 37 17 11 29 35 0 10 23 7 20 28 19 15 22 36 5 30
42 24 46 7 52 24 30 17 45 42 11 0 49 19 21 32 43 7 16 28 2 28
46 14 1 48 16 6 17 32 5 26 41 51 0 20 8 34 17 55 41 57 20 76
26 11 19 16 34 23 23 7 12 21 6 9 15 0 15 21 23 20 24 19 22 41
27 4 14 22 23 6 12 12 9 14 17 14 19 13 0 9 10 20 25 29 29 63
56 28 28 35 48 29 29 25 23 5 15 18 31 13 12 0 39 18 19 39 31 41
60 13 25 61 4 9 14 28 22 42 46 29 23 19 21 35 0 32 44 22 51 36
32 29 34 15 54 20 27 25 30 32 14 13 55 24 24 45 35 0 3 36 13 29
49 44 30 10 39 42 38 25 38 45 9 7 47 30 39 43 65 6 0 31 6 29
15 26 50 43 30 37 17 13 59 34 17 12 59 25 30 22 23 29 30 0 18 22
37 21 48 9 40 22 17 24 33 33 8 4 53 11 21 32 55 9 6 26 0 51
0 30 41 59 44 43 43 15 41 71 32 39 68 58 55 75 22 42 59 10 29 0