4
20
,
0 (25.0, 22.0) 15.0
1 (42.0, 1.0) 39.0
2 (50.0, 40.0) 39.0
3 (37.0, 32.0) 15.0
4 (11.0, 17.0) 21.0
5 (6.0, 27.0) 29.0
6 (29.0, 22.0) 18.0
7 (18.0, 6.0) 15.0
8 (1.0, 32.0) 12.0
9 (4.0, 19.0) 20.0
10 (7.0, 49.0) 39.0
11 (35.0, 47.0) 17.0
12 (3.0, 39.0) 30.0
13 (20.0, 4.0) 30.0
14 (17.0, 2.0) 34.0
15 (44.0, 6.0) 32.0
16 (34.0, 46.0) 31.0
17 (20.0, 17.0) 27.0
18 (6.0, 44.0) 31.0
19 (26.0, 6.0) 18.0
,
0 5 6 3 3 4 1 3 5 4 6 5 6 4 4 5 5 1 6 3
5 0 8 6 7 9 5 5 10 8 12 9 11 4 5 1 9 5 11 3
6 8 0 3 9 9 6 9 10 10 9 3 9 9 10 7 3 8 9 8
3 6 3 0 6 6 3 6 7 7 7 3 7 7 7 5 3 5 7 6
3 7 9 6 0 2 4 3 4 1 6 8 5 3 3 7 7 2 5 4
4 9 9 6 2 0 5 5 1 2 4 7 2 5 5 9 7 3 3 6
1 5 6 3 4 5 0 4 6 5 7 5 6 4 5 4 5 2 6 3
3 5 9 6 3 5 4 0 6 4 9 9 7 1 1 5 9 2 8 2
5 10 10 7 4 1 6 6 0 3 4 7 1 7 7 10 7 5 3 7
4 8 10 7 1 2 5 4 3 0 6 8 4 4 4 8 8 3 5 5
6 12 9 7 6 4 7 9 4 6 0 6 2 9 10 11 5 7 1 9
5 9 3 3 8 7 5 9 7 8 6 0 7 9 10 8 0 7 6 8
6 11 9 7 5 2 6 7 1 4 2 7 0 8 8 11 6 6 1 8
4 4 9 7 3 5 4 1 7 4 9 9 8 0 1 5 9 3 8 1
4 5 10 7 3 5 5 1 7 4 10 10 8 1 0 5 9 3 9 2
5 1 7 5 7 9 4 5 10 8 11 8 11 5 5 0 8 5 11 4
5 9 3 3 7 7 5 9 7 8 5 0 6 9 9 8 0 6 6 8
1 5 8 5 2 3 2 2 5 3 7 7 6 3 3 5 6 0 6 3
6 11 9 7 5 3 6 8 3 5 1 6 1 8 9 11 6 6 0 9
3 3 8 6 4 6 3 2 7 5 9 8 8 1 2 4 8 3 9 0
,
0 25 37 16 21 18 3 18 39 32 38 31 41 10 24 30 30 5 18 9
27 0 21 41 33 38 28 17 52 41 46 30 67 29 20 6 32 28 82 9
28 24 0 20 32 63 15 59 48 61 33 12 60 34 57 26 10 48 35 37
11 31 20 0 33 33 7 41 53 37 22 14 18 19 45 14 19 15 33 34
11 19 53 39 0 10 25 9 27 7 26 40 29 10 15 23 53 11 20 24
10 60 57 21 12 0 18 19 4 7 15 20 8 19 25 39 46 25 18 31
6 30 25 14 12 13 0 13 37 37 22 29 35 20 16 16 24 10 24 23
13 36 39 24 8 22 27 0 22 12 39 29 46 2 4 24 34 10 33 5
16 30 53 40 22 5 34 22 0 8 24 44 6 23 33 65 49 16 18 32
13 36 31 30 9 11 14 13 17 0 38 23 20 13 32 50 60 16 26 31
37 54 29 45 33 23 42 57 9 27 0 32 12 66 64 42 38 27 5 35
29 31 23 20 27 29 14 45 48 56 25 0 26 47 70 28 1 35 27 22
27 76 28 18 28 6 31 22 8 15 11 40 0 55 55 31 33 25 5 53
16 32 38 20 10 18 30 2 32 26 53 56 46 0 2 33 31 18 48 9
26 18 60 39 21 40 19 6 41 29 71 65 27 5 0 29 25 9 63 12
29 5 21 33 47 32 27 30 30 59 69 54 51 30 14 0 57 39 74 10
17 51 25 16 54 22 15 58 50 31 18 1 17 51 54 51 0 36 29 47
5 39 50 32 13 20 15 12 35 15 33 49 25 14 18 27 22 0 32 10
43 61 65 33 38 9 28 37 15 37 3 21 8 63 54 30 39 27 0 41
18 11 47 19 27 27 15 6 50 34 25 28 50 8 8 24 26 9 30 0