4
20
,
0 (25.0, 22.0) 24.0
1 (42.0, 1.0) 36.0
2 (50.0, 40.0) 38.0
3 (37.0, 32.0) 24.0
4 (11.0, 17.0) 17.0
5 (6.0, 27.0) 19.0
6 (29.0, 22.0) 15.0
7 (18.0, 6.0) 13.0
8 (1.0, 32.0) 37.0
9 (4.0, 19.0) 26.0
10 (7.0, 49.0) 11.0
11 (35.0, 47.0) 17.0
12 (3.0, 39.0) 23.0
13 (20.0, 4.0) 43.0
14 (17.0, 2.0) 39.0
15 (44.0, 6.0) 35.0
16 (34.0, 46.0) 12.0
17 (20.0, 17.0) 20.0
18 (6.0, 44.0) 34.0
19 (26.0, 6.0) 23.0
,
0 5 6 3 3 4 1 3 5 4 6 5 6 4 4 5 5 1 6 3
5 0 8 6 7 9 5 5 10 8 12 9 11 4 5 1 9 5 11 3
6 8 0 3 9 9 6 9 10 10 9 3 9 9 10 7 3 8 9 8
3 6 3 0 6 6 3 6 7 7 7 3 7 7 7 5 3 5 7 6
3 7 9 6 0 2 4 3 4 1 6 8 5 3 3 7 7 2 5 4
4 9 9 6 2 0 5 5 1 2 4 7 2 5 5 9 7 3 3 6
1 5 6 3 4 5 0 4 6 5 7 5 6 4 5 4 5 2 6 3
3 5 9 6 3 5 4 0 6 4 9 9 7 1 1 5 9 2 8 2
5 10 10 7 4 1 6 6 0 3 4 7 1 7 7 10 7 5 3 7
4 8 10 7 1 2 5 4 3 0 6 8 4 4 4 8 8 3 5 5
6 12 9 7 6 4 7 9 4 6 0 6 2 9 10 11 5 7 1 9
5 9 3 3 8 7 5 9 7 8 6 0 7 9 10 8 0 7 6 8
6 11 9 7 5 2 6 7 1 4 2 7 0 8 8 11 6 6 1 8
4 4 9 7 3 5 4 1 7 4 9 9 8 0 1 5 9 3 8 1
4 5 10 7 3 5 5 1 7 4 10 10 8 1 0 5 9 3 9 2
5 1 7 5 7 9 4 5 10 8 11 8 11 5 5 0 8 5 11 4
5 9 3 3 7 7 5 9 7 8 5 0 6 9 9 8 0 6 6 8
1 5 8 5 2 3 2 2 5 3 7 7 6 3 3 5 6 0 6 3
6 11 9 7 5 3 6 8 3 5 1 6 1 8 9 11 6 6 0 9
3 3 8 6 4 6 3 2 7 5 9 8 8 1 2 4 8 3 9 0
,
0 31 17 23 16 20 6 18 32 14 47 38 31 27 27 17 21 7 17 18
23 0 50 38 36 58 13 24 74 40 58 43 39 25 32 7 58 25 50 19
29 37 0 14 24 34 39 30 31 66 26 24 30 39 44 39 18 37 23 33
17 38 15 0 26 44 9 35 31 24 35 8 23 48 39 29 19 26 49 33
11 31 57 25 0 17 17 17 26 4 37 25 30 18 24 22 20 6 20 25
12 44 28 19 12 0 23 32 9 12 29 25 7 31 31 22 18 23 17 23
3 24 18 7 11 26 0 19 35 29 49 20 22 18 18 23 30 5 30 10
20 18 41 31 10 19 13 0 30 23 45 42 36 4 3 24 58 13 59 7
34 39 35 27 23 7 42 16 0 9 19 31 7 32 34 56 27 36 16 46
17 57 48 47 5 8 37 23 8 0 23 50 23 21 27 58 54 13 23 29
40 71 31 41 47 16 44 58 17 34 0 28 15 34 59 82 15 22 3 57
17 67 10 11 39 46 27 40 23 49 21 0 40 33 56 44 1 37 19 36
23 79 63 21 19 9 36 22 5 14 6 37 0 32 57 57 38 36 6 26
11 31 45 24 11 36 22 2 18 28 29 36 45 0 4 36 63 19 33 4
29 30 31 39 22 26 20 6 19 31 62 48 39 2 0 25 46 13 28 13
25 8 31 29 29 47 22 34 26 38 65 35 50 24 18 0 58 34 30 15
14 55 18 7 36 37 25 37 39 49 17 2 35 45 56 43 0 37 35 37
7 29 47 15 8 26 14 10 17 12 43 24 16 8 15 35 27 0 15 7
30 29 25 28 32 13 32 50 17 21 7 16 3 22 65 40 19 30 0 46
18 13 42 20 25 29 16 4 44 23 39 55 55 5 13 23 31 12 61 0