4
20
,
0 (25.0, 22.0) 27.0
1 (42.0, 1.0) 20.0
2 (50.0, 40.0) 27.0
3 (37.0, 32.0) 35.0
4 (11.0, 17.0) 37.0
5 (6.0, 27.0) 25.0
6 (29.0, 22.0) 25.0
7 (18.0, 6.0) 10.0
8 (1.0, 32.0) 23.0
9 (4.0, 19.0) 16.0
10 (7.0, 49.0) 17.0
11 (35.0, 47.0) 19.0
12 (3.0, 39.0) 33.0
13 (20.0, 4.0) 34.0
14 (17.0, 2.0) 28.0
15 (44.0, 6.0) 18.0
16 (34.0, 46.0) 15.0
17 (20.0, 17.0) 31.0
18 (6.0, 44.0) 24.0
19 (26.0, 6.0) 17.0
,
0 5 6 3 3 4 1 3 5 4 6 5 6 4 4 5 5 1 6 3
5 0 8 6 7 9 5 5 10 8 12 9 11 4 5 1 9 5 11 3
6 8 0 3 9 9 6 9 10 10 9 3 9 9 10 7 3 8 9 8
3 6 3 0 6 6 3 6 7 7 7 3 7 7 7 5 3 5 7 6
3 7 9 6 0 2 4 3 4 1 6 8 5 3 3 7 7 2 5 4
4 9 9 6 2 0 5 5 1 2 4 7 2 5 5 9 7 3 3 6
1 5 6 3 4 5 0 4 6 5 7 5 6 4 5 4 5 2 6 3
3 5 9 6 3 5 4 0 6 4 9 9 7 1 1 5 9 2 8 2
5 10 10 7 4 1 6 6 0 3 4 7 1 7 7 10 7 5 3 7
4 8 10 7 1 2 5 4 3 0 6 8 4 4 4 8 8 3 5 5
6 12 9 7 6 4 7 9 4 6 0 6 2 9 10 11 5 7 1 9
5 9 3 3 8 7 5 9 7 8 6 0 7 9 10 8 0 7 6 8
6 11 9 7 5 2 6 7 1 4 2 7 0 8 8 11 6 6 1 8
4 4 9 7 3 5 4 1 7 4 9 9 8 0 1 5 9 3 8 1
4 5 10 7 3 5 5 1 7 4 10 10 8 1 0 5 9 3 9 2
5 1 7 5 7 9 4 5 10 8 11 8 11 5 5 0 8 5 11 4
5 9 3 3 7 7 5 9 7 8 5 0 6 9 9 8 0 6 6 8
1 5 8 5 2 3 2 2 5 3 7 7 6 3 3 5 6 0 6 3
6 11 9 7 5 3 6 8 3 5 1 6 1 8 9 11 6 6 0 9
3 3 8 6 4 6 3 2 7 5 9 8 8 1 2 4 8 3 9 0
,
0 17 17 15 13 16 4 16 24 18 20 27 27 25 22 36 32 7 35 24
20 0 30 34 36 59 20 18 46 41 53 29 81 25 25 8 34 26 45 25
28 25 0 21 61 59 28 28 59 60 62 22 41 56 29 46 10 53 45 38
18 27 20 0 40 34 10 21 22 46 42 15 25 41 50 28 8 20 26 23
13 24 38 42 0 12 10 11 19 5 28 40 24 22 22 50 34 13 19 24
22 57 46 29 9 0 24 24 6 11 11 19 12 29 18 27 47 23 19 21
4 34 35 8 25 35 0 18 21 24 37 26 28 14 26 17 32 10 46 17
24 24 65 37 12 30 11 0 39 27 47 57 53 4 3 35 24 12 40 7
29 45 29 47 13 9 19 25 0 8 20 54 4 34 28 57 36 22 13 32
15 30 42 28 11 6 26 10 13 0 40 37 13 28 24 56 56 20 36 13
48 39 47 18 29 22 29 50 13 21 0 22 15 40 52 85 26 49 4 30
38 33 14 11 35 43 28 36 35 54 17 0 31 46 29 48 1 43 27 44
19 32 62 30 21 15 29 49 4 17 12 45 0 27 30 38 25 17 5 53
21 27 47 38 20 33 14 4 22 18 35 44 57 0 5 12 42 14 50 4
31 16 27 32 23 27 14 3 34 20 70 64 21 4 0 32 69 16 57 9
20 6 21 21 28 62 13 38 75 59 37 45 60 22 37 0 51 33 58 18
27 39 12 17 39 29 30 48 43 60 24 1 28 52 38 60 0 34 27 55
9 25 35 12 7 18 13 8 16 23 29 47 18 7 10 33 41 0 21 7
15 31 25 49 28 15 17 41 19 26 7 32 5 60 34 65 23 22 0 27
10 15 22 18 10 43 12 10 43 27 50 22 58 9 13 15 38 19 62 0