4
20
,
0 (25.0, 22.0) 26.0
1 (42.0, 1.0) 35.0
2 (50.0, 40.0) 20.0
3 (37.0, 32.0) 15.0
4 (11.0, 17.0) 12.0
5 (6.0, 27.0) 46.0
6 (29.0, 22.0) 49.0
7 (18.0, 6.0) 22.0
8 (1.0, 32.0) 35.0
9 (4.0, 19.0) 36.0
10 (7.0, 49.0) 47.0
11 (35.0, 47.0) 15.0
12 (3.0, 39.0) 11.0
13 (20.0, 4.0) 28.0
14 (17.0, 2.0) 45.0
15 (44.0, 6.0) 48.0
16 (34.0, 46.0) 12.0
17 (20.0, 17.0) 13.0
18 (6.0, 44.0) 45.0
19 (26.0, 6.0) 39.0
,
0 5 6 3 3 4 1 3 5 4 6 5 6 4 4 5 5 1 6 3
5 0 8 6 7 9 5 5 10 8 12 9 11 4 5 1 9 5 11 3
6 8 0 3 9 9 6 9 10 10 9 3 9 9 10 7 3 8 9 8
3 6 3 0 6 6 3 6 7 7 7 3 7 7 7 5 3 5 7 6
3 7 9 6 0 2 4 3 4 1 6 8 5 3 3 7 7 2 5 4
4 9 9 6 2 0 5 5 1 2 4 7 2 5 5 9 7 3 3 6
1 5 6 3 4 5 0 4 6 5 7 5 6 4 5 4 5 2 6 3
3 5 9 6 3 5 4 0 6 4 9 9 7 1 1 5 9 2 8 2
5 10 10 7 4 1 6 6 0 3 4 7 1 7 7 10 7 5 3 7
4 8 10 7 1 2 5 4 3 0 6 8 4 4 4 8 8 3 5 5
6 12 9 7 6 4 7 9 4 6 0 6 2 9 10 11 5 7 1 9
5 9 3 3 8 7 5 9 7 8 6 0 7 9 10 8 0 7 6 8
6 11 9 7 5 2 6 7 1 4 2 7 0 8 8 11 6 6 1 8
4 4 9 7 3 5 4 1 7 4 9 9 8 0 1 5 9 3 8 1
4 5 10 7 3 5 5 1 7 4 10 10 8 1 0 5 9 3 9 2
5 1 7 5 7 9 4 5 10 8 11 8 11 5 5 0 8 5 11 4
5 9 3 3 7 7 5 9 7 8 5 0 6 9 9 8 0 6 6 8
1 5 8 5 2 3 2 2 5 3 7 7 6 3 3 5 6 0 6 3
6 11 9 7 5 3 6 8 3 5 1 6 1 8 9 11 6 6 0 9
3 3 8 6 4 6 3 2 7 5 9 8 8 1 2 4 8 3 9 0
,
0 16 34 12 18 23 4 9 28 12 28 37 37 11 18 29 36 9 37 10
20 0 58 27 51 40 26 27 60 36 86 59 61 30 19 3 38 14 68 14
32 21 0 8 38 34 37 49 45 27 64 13 45 42 53 42 11 47 59 46
16 26 23 0 37 26 18 37 37 18 51 18 41 23 49 39 13 27 31 31
16 38 46 27 0 10 20 10 14 9 48 20 30 22 14 39 49 12 27 11
14 66 42 46 13 0 26 29 10 6 30 46 16 38 24 43 21 14 13 28
5 37 40 18 17 22 0 27 37 30 24 38 22 28 17 29 26 9 34 23
11 16 63 46 10 15 19 0 46 10 23 37 32 3 5 33 58 15 38 9
34 28 56 52 23 9 30 25 0 13 18 29 6 25 28 64 30 15 19 49
32 25 63 52 11 11 35 19 19 0 24 35 14 17 16 32 50 23 36 28
26 84 41 24 38 25 44 64 23 44 0 33 13 45 47 80 19 28 6 70
34 53 19 21 31 40 13 58 34 25 32 0 20 33 39 55 1 25 16 53
28 53 48 49 35 8 24 44 6 14 8 33 0 48 37 42 24 41 6 48
23 25 25 17 19 33 30 3 34 22 63 67 53 0 5 34 64 17 46 9
27 14 27 51 11 29 30 4 48 26 57 45 21 5 0 36 54 11 49 10
21 7 30 34 36 57 27 23 45 45 72 24 48 27 31 0 23 20 43 24
16 43 10 19 39 41 18 62 42 45 31 1 41 27 60 58 0 20 23 37
8 23 35 23 12 22 13 15 27 24 47 50 27 18 8 14 19 0 33 11
35 72 28 31 36 24 41 38 7 15 6 16 8 23 65 54 16 27 0 52
19 10 32 28 13 27 13 9 24 17 47 32 25 4 9 14 46 18 41 0