4
20
,
0 (25.0, 22.0) 27.0
1 (42.0, 1.0) 22.0
2 (50.0, 40.0) 12.0
3 (37.0, 32.0) 38.0
4 (11.0, 17.0) 20.0
5 (6.0, 27.0) 41.0
6 (29.0, 22.0) 37.0
7 (18.0, 6.0) 14.0
8 (1.0, 32.0) 43.0
9 (4.0, 19.0) 29.0
10 (7.0, 49.0) 20.0
11 (35.0, 47.0) 19.0
12 (3.0, 39.0) 11.0
13 (20.0, 4.0) 24.0
14 (17.0, 2.0) 14.0
15 (44.0, 6.0) 17.0
16 (34.0, 46.0) 16.0
17 (20.0, 17.0) 10.0
18 (6.0, 44.0) 28.0
19 (26.0, 6.0) 28.0
,
0 5 6 3 3 4 1 3 5 4 6 5 6 4 4 5 5 1 6 3
5 0 8 6 7 9 5 5 10 8 12 9 11 4 5 1 9 5 11 3
6 8 0 3 9 9 6 9 10 10 9 3 9 9 10 7 3 8 9 8
3 6 3 0 6 6 3 6 7 7 7 3 7 7 7 5 3 5 7 6
3 7 9 6 0 2 4 3 4 1 6 8 5 3 3 7 7 2 5 4
4 9 9 6 2 0 5 5 1 2 4 7 2 5 5 9 7 3 3 6
1 5 6 3 4 5 0 4 6 5 7 5 6 4 5 4 5 2 6 3
3 5 9 6 3 5 4 0 6 4 9 9 7 1 1 5 9 2 8 2
5 10 10 7 4 1 6 6 0 3 4 7 1 7 7 10 7 5 3 7
4 8 10 7 1 2 5 4 3 0 6 8 4 4 4 8 8 3 5 5
6 12 9 7 6 4 7 9 4 6 0 6 2 9 10 11 5 7 1 9
5 9 3 3 8 7 5 9 7 8 6 0 7 9 10 8 0 7 6 8
6 11 9 7 5 2 6 7 1 4 2 7 0 8 8 11 6 6 1 8
4 4 9 7 3 5 4 1 7 4 9 9 8 0 1 5 9 3 8 1
4 5 10 7 3 5 5 1 7 4 10 10 8 1 0 5 9 3 9 2
5 1 7 5 7 9 4 5 10 8 11 8 11 5 5 0 8 5 11 4
5 9 3 3 7 7 5 9 7 8 5 0 6 9 9 8 0 6 6 8
1 5 8 5 2 3 2 2 5 3 7 7 6 3 3 5 6 0 6 3
6 11 9 7 5 3 6 8 3 5 1 6 1 8 9 11 6 6 0 9
3 3 8 6 4 6 3 2 7 5 9 8 8 1 2 4 8 3 9 0
,
0 19 16 19 19 10 3 24 24 22 24 33 40 27 28 18 28 7 40 18
37 0 49 36 41 24 19 14 73 23 85 60 40 22 25 5 30 20 39 14
31 39 0 17 65 56 18 46 35 54 65 20 29 26 63 19 25 31 49 57
9 36 11 0 16 25 17 23 34 39 24 9 41 20 26 35 8 23 28 21
9 40 67 31 0 14 23 13 22 5 48 33 24 23 12 40 53 9 21 18
20 45 39 16 15 0 34 23 7 8 21 20 12 20 37 54 23 23 22 22
4 13 32 10 14 15 0 25 19 33 30 27 34 13 25 15 28 7 20 13
19 20 49 21 9 33 16 0 25 22 42 48 30 2 3 22 58 7 57 4
32 38 50 36 9 8 26 18 0 8 12 48 4 22 30 30 36 23 19 29
23 25 41 18 9 11 24 19 16 0 29 33 27 19 15 33 49 17 37 28
17 77 39 42 22 21 44 37 25 15 0 41 6 49 42 55 27 48 5 49
20 43 17 14 54 41 20 53 32 27 20 0 43 43 30 43 2 18 37 31
34 52 67 31 30 12 33 19 10 25 12 27 0 37 54 55 21 24 4 28
23 29 60 21 24 14 23 2 37 12 59 63 27 0 2 16 22 14 32 5
31 28 64 29 21 23 28 4 48 29 54 58 46 2 0 26 67 8 36 13
26 5 25 28 20 26 32 34 74 47 85 50 56 18 37 0 52 21 49 23
29 36 10 17 55 21 35 59 38 39 38 1 45 49 46 51 0 37 32 55
9 23 19 32 8 18 10 8 35 14 41 43 22 17 19 35 21 0 39 16
43 48 48 40 37 25 39 27 7 33 4 36 8 30 52 32 35 43 0 49
18 15 22 21 26 41 11 9 19 24 54 23 28 4 8 12 23 9 52 0