4
20
,
0 (25.0, 22.0) 47.0
1 (42.0, 1.0) 31.0
2 (50.0, 40.0) 11.0
3 (37.0, 32.0) 24.0
4 (11.0, 17.0) 33.0
5 (6.0, 27.0) 44.0
6 (29.0, 22.0) 41.0
7 (18.0, 6.0) 23.0
8 (1.0, 32.0) 11.0
9 (4.0, 19.0) 26.0
10 (7.0, 49.0) 16.0
11 (35.0, 47.0) 50.0
12 (3.0, 39.0) 31.0
13 (20.0, 4.0) 30.0
14 (17.0, 2.0) 10.0
15 (44.0, 6.0) 11.0
16 (34.0, 46.0) 12.0
17 (20.0, 17.0) 22.0
18 (6.0, 44.0) 26.0
19 (26.0, 6.0) 29.0
,
0 5 6 3 3 4 1 3 5 4 6 5 6 4 4 5 5 1 6 3
5 0 8 6 7 9 5 5 10 8 12 9 11 4 5 1 9 5 11 3
6 8 0 3 9 9 6 9 10 10 9 3 9 9 10 7 3 8 9 8
3 6 3 0 6 6 3 6 7 7 7 3 7 7 7 5 3 5 7 6
3 7 9 6 0 2 4 3 4 1 6 8 5 3 3 7 7 2 5 4
4 9 9 6 2 0 5 5 1 2 4 7 2 5 5 9 7 3 3 6
1 5 6 3 4 5 0 4 6 5 7 5 6 4 5 4 5 2 6 3
3 5 9 6 3 5 4 0 6 4 9 9 7 1 1 5 9 2 8 2
5 10 10 7 4 1 6 6 0 3 4 7 1 7 7 10 7 5 3 7
4 8 10 7 1 2 5 4 3 0 6 8 4 4 4 8 8 3 5 5
6 12 9 7 6 4 7 9 4 6 0 6 2 9 10 11 5 7 1 9
5 9 3 3 8 7 5 9 7 8 6 0 7 9 10 8 0 7 6 8
6 11 9 7 5 2 6 7 1 4 2 7 0 8 8 11 6 6 1 8
4 4 9 7 3 5 4 1 7 4 9 9 8 0 1 5 9 3 8 1
4 5 10 7 3 5 5 1 7 4 10 10 8 1 0 5 9 3 9 2
5 1 7 5 7 9 4 5 10 8 11 8 11 5 5 0 8 5 11 4
5 9 3 3 7 7 5 9 7 8 5 0 6 9 9 8 0 6 6 8
1 5 8 5 2 3 2 2 5 3 7 7 6 3 3 5 6 0 6 3
6 11 9 7 5 3 6 8 3 5 1 6 1 8 9 11 6 6 0 9
3 3 8 6 4 6 3 2 7 5 9 8 8 1 2 4 8 3 9 0
,
0 39 36 8 12 12 6 26 14 24 17 23 32 20 20 19 22 9 36 18
34 0 57 20 34 26 30 20 58 39 53 68 29 23 34 7 56 31 55 23
16 28 0 18 68 28 25 39 47 41 30 15 36 51 55 50 13 23 26 45
21 41 21 0 26 36 12 34 52 44 31 8 38 17 34 30 10 21 32 33
14 47 32 42 0 8 21 14 23 7 38 33 32 17 11 51 44 12 39 17
20 37 62 29 6 0 20 17 10 12 29 20 7 39 31 27 39 9 19 18
3 30 31 14 11 15 0 12 28 36 51 15 41 18 14 20 35 13 46 13
19 36 70 43 18 34 15 0 20 23 27 64 32 3 3 21 61 15 24 7
15 57 43 21 16 9 40 19 0 14 16 40 5 49 39 34 48 16 13 31
26 21 32 26 5 8 31 18 10 0 36 49 16 15 22 49 24 18 30 23
22 30 50 18 27 29 25 40 21 45 0 16 14 41 26 53 16 27 6 66
31 49 9 23 27 40 28 63 54 61 23 0 20 50 43 46 1 50 33 49
39 49 60 34 12 14 30 46 8 12 14 40 0 40 25 77 33 39 3 37
26 26 62 47 16 18 24 3 29 30 69 40 23 0 4 29 41 16 25 8
19 31 42 52 19 26 29 5 51 30 35 27 56 5 0 14 57 10 32 14
33 4 36 33 36 41 27 19 28 44 82 55 50 34 29 0 26 15 64 13
23 43 19 7 22 38 17 38 23 59 33 2 46 64 30 27 0 36 36 28
7 24 50 25 6 10 11 6 13 9 28 37 28 15 18 21 48 0 25 16
24 57 46 48 27 12 39 48 19 23 4 22 5 45 51 63 36 21 0 40
20 19 43 42 26 41 8 4 35 15 24 40 46 7 10 26 39 18 57 0