4
20
,
0 (25.0, 22.0) 22.0
1 (42.0, 1.0) 12.0
2 (50.0, 40.0) 38.0
3 (37.0, 32.0) 44.0
4 (11.0, 17.0) 13.0
5 (6.0, 27.0) 45.0
6 (29.0, 22.0) 18.0
7 (18.0, 6.0) 11.0
8 (1.0, 32.0) 18.0
9 (4.0, 19.0) 32.0
10 (7.0, 49.0) 15.0
11 (35.0, 47.0) 37.0
12 (3.0, 39.0) 13.0
13 (20.0, 4.0) 43.0
14 (17.0, 2.0) 19.0
15 (44.0, 6.0) 26.0
16 (34.0, 46.0) 13.0
17 (20.0, 17.0) 21.0
18 (6.0, 44.0) 16.0
19 (26.0, 6.0) 45.0
,
0 5 6 3 3 4 1 3 5 4 6 5 6 4 4 5 5 1 6 3
5 0 8 6 7 9 5 5 10 8 12 9 11 4 5 1 9 5 11 3
6 8 0 3 9 9 6 9 10 10 9 3 9 9 10 7 3 8 9 8
3 6 3 0 6 6 3 6 7 7 7 3 7 7 7 5 3 5 7 6
3 7 9 6 0 2 4 3 4 1 6 8 5 3 3 7 7 2 5 4
4 9 9 6 2 0 5 5 1 2 4 7 2 5 5 9 7 3 3 6
1 5 6 3 4 5 0 4 6 5 7 5 6 4 5 4 5 2 6 3
3 5 9 6 3 5 4 0 6 4 9 9 7 1 1 5 9 2 8 2
5 10 10 7 4 1 6 6 0 3 4 7 1 7 7 10 7 5 3 7
4 8 10 7 1 2 5 4 3 0 6 8 4 4 4 8 8 3 5 5
6 12 9 7 6 4 7 9 4 6 0 6 2 9 10 11 5 7 1 9
5 9 3 3 8 7 5 9 7 8 6 0 7 9 10 8 0 7 6 8
6 11 9 7 5 2 6 7 1 4 2 7 0 8 8 11 6 6 1 8
4 4 9 7 3 5 4 1 7 4 9 9 8 0 1 5 9 3 8 1
4 5 10 7 3 5 5 1 7 4 10 10 8 1 0 5 9 3 9 2
5 1 7 5 7 9 4 5 10 8 11 8 11 5 5 0 8 5 11 4
5 9 3 3 7 7 5 9 7 8 5 0 6 9 9 8 0 6 6 8
1 5 8 5 2 3 2 2 5 3 7 7 6 3 3 5 6 0 6 3
6 11 9 7 5 3 6 8 3 5 1 6 1 8 9 11 6 6 0 9
3 3 8 6 4 6 3 2 7 5 9 8 8 1 2 4 8 3 9 0
,
0 20 21 12 21 16 6 21 16 27 36 28 22 26 18 20 21 4 31 9
26 0 32 21 18 29 13 23 46 35 68 53 70 28 36 4 35 18 38 23
26 51 0 21 51 45 38 58 57 26 36 10 41 55 67 25 22 50 37 56
12 45 12 0 40 43 8 18 51 37 36 10 29 34 18 27 17 13 25 33
10 35 58 32 0 11 26 9 12 8 16 27 23 23 20 25 25 7 40 28
26 61 37 17 10 0 25 28 8 4 25 28 18 31 37 27 33 21 9 18
3 28 29 19 13 24 0 16 39 28 42 28 17 23 34 14 28 12 26 17
9 16 32 39 10 22 17 0 36 11 38 24 41 2 2 32 48 16 23 9
32 53 73 20 10 6 26 40 0 12 23 48 6 43 21 64 27 27 13 38
23 61 75 50 9 4 36 26 13 0 23 46 11 30 21 58 57 24 23 23
25 49 22 31 42 20 19 54 23 37 0 31 11 31 63 35 29 44 7 48
18 25 18 16 28 23 27 45 32 26 37 0 31 58 35 52 1 26 19 35
23 39 55 39 22 14 43 41 4 13 10 33 0 50 23 27 23 24 3 34
13 30 53 35 11 28 26 2 49 24 60 40 42 0 2 28 50 7 37 5
13 19 43 20 9 41 14 3 51 14 64 46 22 3 0 34 27 15 35 8
15 5 21 28 26 32 13 19 67 29 81 32 67 15 14 0 47 20 33 20
29 56 21 17 45 39 35 34 27 55 37 1 20 57 68 55 0 39 17 60
4 30 46 16 10 23 13 9 33 10 20 32 19 16 21 22 47 0 26 11
41 35 57 41 34 15 35 52 16 21 4 28 6 48 48 42 42 33 0 53
10 15 33 34 15 43 18 10 46 16 46 50 49 5 5 16 37 15 46 0