4
20
,
0 (25.0, 22.0) 23.0
1 (42.0, 1.0) 14.0
2 (50.0, 40.0) 19.0
3 (37.0, 32.0) 13.0
4 (11.0, 17.0) 22.0
5 (6.0, 27.0) 17.0
6 (29.0, 22.0) 42.0
7 (18.0, 6.0) 21.0
8 (1.0, 32.0) 48.0
9 (4.0, 19.0) 30.0
10 (7.0, 49.0) 14.0
11 (35.0, 47.0) 32.0
12 (3.0, 39.0) 26.0
13 (20.0, 4.0) 47.0
14 (17.0, 2.0) 32.0
15 (44.0, 6.0) 11.0
16 (34.0, 46.0) 21.0
17 (20.0, 17.0) 38.0
18 (6.0, 44.0) 36.0
19 (26.0, 6.0) 18.0
,
0 5 6 3 3 4 1 3 5 4 6 5 6 4 4 5 5 1 6 3
5 0 8 6 7 9 5 5 10 8 12 9 11 4 5 1 9 5 11 3
6 8 0 3 9 9 6 9 10 10 9 3 9 9 10 7 3 8 9 8
3 6 3 0 6 6 3 6 7 7 7 3 7 7 7 5 3 5 7 6
3 7 9 6 0 2 4 3 4 1 6 8 5 3 3 7 7 2 5 4
4 9 9 6 2 0 5 5 1 2 4 7 2 5 5 9 7 3 3 6
1 5 6 3 4 5 0 4 6 5 7 5 6 4 5 4 5 2 6 3
3 5 9 6 3 5 4 0 6 4 9 9 7 1 1 5 9 2 8 2
5 10 10 7 4 1 6 6 0 3 4 7 1 7 7 10 7 5 3 7
4 8 10 7 1 2 5 4 3 0 6 8 4 4 4 8 8 3 5 5
6 12 9 7 6 4 7 9 4 6 0 6 2 9 10 11 5 7 1 9
5 9 3 3 8 7 5 9 7 8 6 0 7 9 10 8 0 7 6 8
6 11 9 7 5 2 6 7 1 4 2 7 0 8 8 11 6 6 1 8
4 4 9 7 3 5 4 1 7 4 9 9 8 0 1 5 9 3 8 1
4 5 10 7 3 5 5 1 7 4 10 10 8 1 0 5 9 3 9 2
5 1 7 5 7 9 4 5 10 8 11 8 11 5 5 0 8 5 11 4
5 9 3 3 7 7 5 9 7 8 5 0 6 9 9 8 0 6 6 8
1 5 8 5 2 3 2 2 5 3 7 7 6 3 3 5 6 0 6 3
6 11 9 7 5 3 6 8 3 5 1 6 1 8 9 11 6 6 0 9
3 3 8 6 4 6 3 2 7 5 9 8 8 1 2 4 8 3 9 0
,
0 28 17 8 18 11 5 26 37 13 25 20 36 25 23 21 16 10 32 11
25 0 24 28 18 67 13 26 68 56 63 40 44 14 19 6 56 37 55 15
29 59 0 11 49 44 19 33 37 75 52 9 64 46 52 44 11 45 66 21
20 23 9 0 29 17 17 22 45 18 21 11 41 48 31 29 12 29 28 33
14 33 54 17 0 8 20 19 11 4 35 26 22 13 19 29 51 8 25 21
19 55 62 41 16 0 13 13 5 5 11 29 9 28 22 58 31 25 22 21
5 27 20 7 10 18 0 11 25 30 34 24 16 25 17 15 18 8 24 23
12 13 42 35 7 16 28 0 37 20 36 26 46 4 3 35 58 12 28 7
27 73 47 28 18 4 15 34 0 17 21 22 10 37 34 44 49 12 10 25
27 37 61 21 6 10 30 24 14 0 33 31 25 20 22 61 40 20 36 32
44 74 60 20 39 30 42 59 14 33 0 28 15 69 28 68 25 36 5 43
37 62 24 14 53 27 24 55 47 32 24 0 42 33 51 28 1 39 16 22
40 37 62 31 16 12 22 48 11 10 6 22 0 53 52 74 46 41 8 46
11 26 68 22 16 21 15 4 38 24 55 46 37 0 5 31 29 12 27 9
32 35 51 42 14 30 27 3 45 12 41 45 29 4 0 19 24 20 43 11
23 5 51 25 21 45 12 39 45 33 54 47 39 23 19 0 45 24 50 24
38 30 24 8 49 45 27 50 48 25 15 2 40 41 38 42 0 17 28 25
7 37 23 20 7 19 11 12 20 14 20 45 22 10 17 26 18 0 19 18
37 53 52 24 21 25 41 54 9 29 4 16 4 55 29 42 35 41 0 37
17 10 38 21 23 25 10 8 49 36 40 43 31 4 11 21 40 10 33 0