4
20
,
0 (25.0, 22.0) 48.0
1 (42.0, 1.0) 35.0
2 (50.0, 40.0) 20.0
3 (37.0, 32.0) 39.0
4 (11.0, 17.0) 45.0
5 (6.0, 27.0) 49.0
6 (29.0, 22.0) 15.0
7 (18.0, 6.0) 19.0
8 (1.0, 32.0) 12.0
9 (4.0, 19.0) 38.0
10 (7.0, 49.0) 38.0
11 (35.0, 47.0) 26.0
12 (3.0, 39.0) 26.0
13 (20.0, 4.0) 24.0
14 (17.0, 2.0) 20.0
15 (44.0, 6.0) 15.0
16 (34.0, 46.0) 44.0
17 (20.0, 17.0) 14.0
18 (6.0, 44.0) 42.0
19 (26.0, 6.0) 11.0
,
0 5 6 3 3 4 1 3 5 4 6 5 6 4 4 5 5 1 6 3
5 0 8 6 7 9 5 5 10 8 12 9 11 4 5 1 9 5 11 3
6 8 0 3 9 9 6 9 10 10 9 3 9 9 10 7 3 8 9 8
3 6 3 0 6 6 3 6 7 7 7 3 7 7 7 5 3 5 7 6
3 7 9 6 0 2 4 3 4 1 6 8 5 3 3 7 7 2 5 4
4 9 9 6 2 0 5 5 1 2 4 7 2 5 5 9 7 3 3 6
1 5 6 3 4 5 0 4 6 5 7 5 6 4 5 4 5 2 6 3
3 5 9 6 3 5 4 0 6 4 9 9 7 1 1 5 9 2 8 2
5 10 10 7 4 1 6 6 0 3 4 7 1 7 7 10 7 5 3 7
4 8 10 7 1 2 5 4 3 0 6 8 4 4 4 8 8 3 5 5
6 12 9 7 6 4 7 9 4 6 0 6 2 9 10 11 5 7 1 9
5 9 3 3 8 7 5 9 7 8 6 0 7 9 10 8 0 7 6 8
6 11 9 7 5 2 6 7 1 4 2 7 0 8 8 11 6 6 1 8
4 4 9 7 3 5 4 1 7 4 9 9 8 0 1 5 9 3 8 1
4 5 10 7 3 5 5 1 7 4 10 10 8 1 0 5 9 3 9 2
5 1 7 5 7 9 4 5 10 8 11 8 11 5 5 0 8 5 11 4
5 9 3 3 7 7 5 9 7 8 5 0 6 9 9 8 0 6 6 8
1 5 8 5 2 3 2 2 5 3 7 7 6 3 3 5 6 0 6 3
6 11 9 7 5 3 6 8 3 5 1 6 1 8 9 11 6 6 0 9
3 3 8 6 4 6 3 2 7 5 9 8 8 1 2 4 8 3 9 0
,
0 29 43 9 19 21 5 12 32 15 31 17 14 23 25 25 14 7 35 24
36 0 24 40 39 23 29 14 62 24 74 48 64 30 20 8 32 25 57 16
41 24 0 20 66 28 28 62 39 41 33 16 34 39 74 52 24 43 36 39
12 40 9 0 31 31 13 40 27 20 42 21 33 39 54 37 14 33 36 36
8 50 56 37 0 15 24 10 10 8 41 55 30 18 10 40 52 11 36 22
29 27 27 24 16 0 24 23 5 6 21 32 13 40 34 56 40 10 25 23
4 21 37 16 27 15 0 12 31 32 17 15 37 29 17 32 27 15 28 19
17 28 30 34 13 16 10 0 28 22 66 55 42 3 3 26 51 8 34 7
31 29 71 18 20 6 19 22 0 11 17 46 5 30 45 35 37 35 19 25
22 39 29 34 8 10 14 20 19 0 37 56 11 17 16 21 21 19 16 26
32 36 52 47 21 19 47 47 14 16 0 37 7 69 51 74 20 18 6 58
25 45 21 14 48 30 30 63 23 39 33 0 29 35 53 30 1 27 22 50
21 31 59 31 17 18 32 33 7 15 14 47 0 41 36 45 19 18 6 54
24 12 66 42 14 38 14 2 17 23 42 37 39 0 4 36 30 15 48 4
11 33 37 34 15 19 17 4 46 19 66 68 57 3 0 36 57 22 30 8
36 5 48 38 38 42 20 17 28 37 37 35 66 21 30 0 50 22 47 18
33 26 12 10 44 47 25 53 52 48 35 1 33 61 54 35 0 33 27 26
4 28 28 11 7 10 8 9 15 9 28 23 28 17 11 32 24 0 29 14
23 63 35 19 31 10 25 39 8 14 5 18 3 34 38 46 22 37 0 33
20 19 25 36 27 34 14 7 23 23 46 21 22 8 7 19 51 14 49 0