4
20
,
0 (16.0, 35.0) 48.0
1 (4.0, 22.0) 72.0
2 (35.0, 45.0) 40.0
3 (5.0, 28.0) 39.0
4 (30.0, 33.0) 89.0
5 (35.0, 17.0) 33.0
6 (44.0, 46.0) 41.0
7 (39.0, 40.0) 86.0
8 (39.0, 18.0) 84.0
9 (30.0, 36.0) 83.0
10 (6.0, 17.0) 33.0
11 (35.0, 40.0) 39.0
12 (12.0, 15.0) 31.0
13 (1.0, 5.0) 60.0
14 (36.0, 31.0) 48.0
15 (3.0, 20.0) 82.0
16 (25.0, 48.0) 40.0
17 (27.0, 17.0) 42.0
18 (30.0, 2.0) 47.0
19 (21.0, 28.0) 55.0
,
0 19 11 29 14 22 19 32 28 21 23 9 27 10 3 24 10 27 16 15 18 0
19 0 9 11 7 7 13 15 12 14 7 10 10 10 17 10 10 8 11 18 4 19
11 9 0 19 3 14 16 23 20 18 15 3 18 5 9 17 1 17 12 16 9 11
29 11 19 0 17 6 14 5 3 14 5 20 2 19 26 7 20 5 15 22 11 29
14 7 3 17 0 13 16 21 18 18 13 6 16 7 12 16 4 14 12 18 8 14
22 7 14 6 13 0 8 10 6 9 2 14 4 13 20 3 15 8 8 16 5 22
19 13 16 14 16 8 0 15 12 2 10 14 12 12 18 7 16 16 4 8 9 19
32 15 23 5 21 10 15 0 4 14 9 24 5 22 30 8 24 10 17 23 15 32
28 12 20 3 18 6 12 4 0 11 5 20 2 18 26 5 21 8 13 20 11 28
21 14 18 14 18 9 2 14 11 0 10 17 11 14 20 7 18 17 6 9 10 21
23 7 15 5 13 2 10 9 5 10 0 15 3 14 21 4 16 6 10 17 6 23
9 10 3 20 6 14 14 24 20 17 15 0 19 3 6 17 2 18 10 14 9 9
27 10 18 2 16 4 12 5 2 11 3 19 0 17 24 5 19 6 12 19 9 27
10 10 5 19 7 13 12 22 18 14 14 3 17 0 7 14 5 18 8 11 8 10
3 17 9 26 12 20 18 30 26 20 21 6 24 7 0 22 8 25 14 15 15 3
24 10 17 7 16 3 7 8 5 7 4 17 5 14 22 0 17 10 8 15 8 24
10 10 1 20 4 15 16 24 21 18 16 2 19 5 8 17 0 18 12 16 10 10
27 8 17 5 14 8 16 10 8 17 6 18 6 18 25 10 18 0 16 23 10 27
16 11 12 15 12 8 4 17 13 6 10 10 12 8 14 8 12 16 0 8 6 16
15 18 16 22 18 16 8 23 20 9 17 14 19 11 15 15 16 23 8 0 14 15
18 4 9 11 8 5 9 15 11 10 6 9 9 8 15 8 10 10 6 14 0 18
0 19 11 29 14 22 19 32 28 21 23 9 27 10 3 24 10 27 16 15 18 0
,
0 40 31 48 19 31 57 86 40 33 69 17 42 17 3 28 21 39 30 21 45 0
55 0 12 29 8 20 14 27 27 19 10 21 22 21 47 25 20 19 25 42 9 51
12 11 0 47 5 31 38 40 55 34 43 4 46 10 13 49 1 43 21 40 18 24
45 18 40 0 21 9 33 12 3 23 14 25 6 35 69 20 60 10 41 63 27 70
21 11 7 44 0 30 42 49 24 27 31 9 31 21 24 39 9 38 23 32 10 19
48 10 14 15 23 0 10 22 6 24 4 35 9 32 20 9 42 20 14 25 8 42
55 30 24 16 24 10 0 25 31 4 29 43 24 27 27 7 44 39 5 16 23 42
81 21 24 8 61 13 32 0 9 28 22 46 14 28 66 16 64 22 34 54 24 39
44 33 49 4 43 15 22 11 0 28 11 41 6 25 65 10 22 20 32 35 29 47
64 37 36 38 24 11 4 37 33 0 12 20 28 34 40 7 45 20 10 15 12 51
37 15 33 13 29 3 12 16 6 18 0 29 9 14 30 11 41 12 14 39 6 62
13 29 6 23 13 39 40 53 35 41 29 0 48 6 19 43 2 54 13 41 18 25
60 16 44 3 37 4 14 10 4 17 4 29 0 26 33 5 56 17 30 22 18 54
10 28 12 31 17 29 13 61 40 27 35 9 27 0 8 35 15 53 17 23 15 28
3 24 24 29 14 56 41 85 60 39 51 8 29 20 0 58 9 59 36 23 30 8
36 27 38 12 36 6 21 22 12 13 8 44 6 21 30 0 34 21 16 16 22 34
20 26 2 60 7 24 22 46 55 47 37 4 48 6 14 35 0 43 28 34 17 23
53 8 18 13 34 19 28 10 23 17 7 39 16 43 46 23 34 0 26 63 11 76
38 14 32 32 35 19 10 24 20 13 28 16 13 15 33 9 13 21 0 20 6 23
17 24 45 57 38 22 14 23 25 12 46 30 21 24 41 32 40 45 10 0 41 23
39 12 18 21 13 11 11 30 19 29 18 20 10 13 18 20 17 28 13 26 0 51
0 52 22 66 30 56 26 84 52 59 50 9 40 19 5 28 19 57 44 27 27 0