4
20
,
0 (16.0, 35.0) 68.0
1 (4.0, 22.0) 43.0
2 (35.0, 45.0) 39.0
3 (5.0, 28.0) 50.0
4 (30.0, 33.0) 37.0
5 (35.0, 17.0) 33.0
6 (44.0, 46.0) 62.0
7 (39.0, 40.0) 76.0
8 (39.0, 18.0) 39.0
9 (30.0, 36.0) 39.0
10 (6.0, 17.0) 33.0
11 (35.0, 40.0) 43.0
12 (12.0, 15.0) 72.0
13 (1.0, 5.0) 30.0
14 (36.0, 31.0) 56.0
15 (3.0, 20.0) 51.0
16 (25.0, 48.0) 71.0
17 (27.0, 17.0) 77.0
18 (30.0, 2.0) 49.0
19 (21.0, 28.0) 53.0
,
0 19 11 29 14 22 19 32 28 21 23 9 27 10 3 24 10 27 16 15 18 0
19 0 9 11 7 7 13 15 12 14 7 10 10 10 17 10 10 8 11 18 4 19
11 9 0 19 3 14 16 23 20 18 15 3 18 5 9 17 1 17 12 16 9 11
29 11 19 0 17 6 14 5 3 14 5 20 2 19 26 7 20 5 15 22 11 29
14 7 3 17 0 13 16 21 18 18 13 6 16 7 12 16 4 14 12 18 8 14
22 7 14 6 13 0 8 10 6 9 2 14 4 13 20 3 15 8 8 16 5 22
19 13 16 14 16 8 0 15 12 2 10 14 12 12 18 7 16 16 4 8 9 19
32 15 23 5 21 10 15 0 4 14 9 24 5 22 30 8 24 10 17 23 15 32
28 12 20 3 18 6 12 4 0 11 5 20 2 18 26 5 21 8 13 20 11 28
21 14 18 14 18 9 2 14 11 0 10 17 11 14 20 7 18 17 6 9 10 21
23 7 15 5 13 2 10 9 5 10 0 15 3 14 21 4 16 6 10 17 6 23
9 10 3 20 6 14 14 24 20 17 15 0 19 3 6 17 2 18 10 14 9 9
27 10 18 2 16 4 12 5 2 11 3 19 0 17 24 5 19 6 12 19 9 27
10 10 5 19 7 13 12 22 18 14 14 3 17 0 7 14 5 18 8 11 8 10
3 17 9 26 12 20 18 30 26 20 21 6 24 7 0 22 8 25 14 15 15 3
24 10 17 7 16 3 7 8 5 7 4 17 5 14 22 0 17 10 8 15 8 24
10 10 1 20 4 15 16 24 21 18 16 2 19 5 8 17 0 18 12 16 10 10
27 8 17 5 14 8 16 10 8 17 6 18 6 18 25 10 18 0 16 23 10 27
16 11 12 15 12 8 4 17 13 6 10 10 12 8 14 8 12 16 0 8 6 16
15 18 16 22 18 16 8 23 20 9 17 14 19 11 15 15 16 23 8 0 14 15
18 4 9 11 8 5 9 15 11 10 6 9 9 8 15 8 10 10 6 14 0 18
0 19 11 29 14 22 19 32 28 21 23 9 27 10 3 24 10 27 16 15 18 0
,
0 25 25 70 30 58 30 81 29 36 30 25 73 21 7 56 20 48 39 36 50 0
56 0 20 25 11 17 37 20 22 32 12 22 16 14 28 22 26 23 12 49 5 20
22 26 0 24 6 27 38 43 52 35 32 7 45 8 17 18 2 38 20 18 24 15
57 21 28 0 25 11 18 11 8 27 10 33 6 29 43 19 24 10 16 33 16 46
14 9 6 48 0 34 33 56 34 52 14 9 20 14 19 34 5 23 28 49 15 18
37 13 39 12 18 0 21 14 8 17 2 41 12 38 20 5 34 20 17 35 15 31
56 34 32 16 43 19 0 18 16 5 13 34 28 29 50 20 21 37 7 15 26 31
70 28 35 11 56 15 19 0 5 22 10 62 13 51 71 21 72 12 19 23 33 84
79 31 37 7 42 7 21 8 0 21 6 33 4 48 29 8 50 8 25 50 11 39
51 28 31 31 46 12 5 39 12 0 15 30 11 41 33 14 33 46 7 25 12 44
36 19 41 8 32 3 14 12 13 29 0 26 3 31 39 6 17 11 25 41 7 38
16 12 6 42 11 27 31 29 20 38 17 0 29 7 11 33 3 30 19 18 27 20
65 21 25 3 33 5 23 10 2 21 8 44 0 26 47 7 45 9 29 39 11 74
12 20 12 54 19 36 22 42 34 20 19 6 45 0 12 26 13 36 20 21 17 17
3 25 17 73 19 38 42 52 41 57 33 19 73 22 0 35 8 38 43 32 36 6
65 31 45 8 20 4 13 22 10 8 7 46 7 24 62 0 51 29 10 18 12 60
29 12 3 36 10 33 28 67 49 43 24 6 34 11 16 49 0 19 20 42 12 19
38 21 24 15 27 15 34 16 17 24 9 53 8 37 41 13 34 0 42 26 28 45
24 13 34 38 17 11 4 29 33 11 17 21 13 9 26 10 26 36 0 10 18 39
29 27 26 64 37 27 8 53 48 14 21 18 34 21 28 38 44 37 15 0 32 39
40 9 26 29 16 5 10 21 23 30 7 21 12 14 44 13 13 24 8 37 0 24
0 42 27 37 38 35 54 72 35 25 46 22 49 10 7 41 26 67 36 25 52 0