4
20
,
0 (16.0, 35.0) 44.0
1 (4.0, 22.0) 34.0
2 (35.0, 45.0) 35.0
3 (5.0, 28.0) 56.0
4 (30.0, 33.0) 82.0
5 (35.0, 17.0) 77.0
6 (44.0, 46.0) 35.0
7 (39.0, 40.0) 32.0
8 (39.0, 18.0) 47.0
9 (30.0, 36.0) 38.0
10 (6.0, 17.0) 59.0
11 (35.0, 40.0) 80.0
12 (12.0, 15.0) 65.0
13 (1.0, 5.0) 54.0
14 (36.0, 31.0) 46.0
15 (3.0, 20.0) 49.0
16 (25.0, 48.0) 37.0
17 (27.0, 17.0) 56.0
18 (30.0, 2.0) 33.0
19 (21.0, 28.0) 37.0
,
0 19 11 29 14 22 19 32 28 21 23 9 27 10 3 24 10 27 16 15 18 0
19 0 9 11 7 7 13 15 12 14 7 10 10 10 17 10 10 8 11 18 4 19
11 9 0 19 3 14 16 23 20 18 15 3 18 5 9 17 1 17 12 16 9 11
29 11 19 0 17 6 14 5 3 14 5 20 2 19 26 7 20 5 15 22 11 29
14 7 3 17 0 13 16 21 18 18 13 6 16 7 12 16 4 14 12 18 8 14
22 7 14 6 13 0 8 10 6 9 2 14 4 13 20 3 15 8 8 16 5 22
19 13 16 14 16 8 0 15 12 2 10 14 12 12 18 7 16 16 4 8 9 19
32 15 23 5 21 10 15 0 4 14 9 24 5 22 30 8 24 10 17 23 15 32
28 12 20 3 18 6 12 4 0 11 5 20 2 18 26 5 21 8 13 20 11 28
21 14 18 14 18 9 2 14 11 0 10 17 11 14 20 7 18 17 6 9 10 21
23 7 15 5 13 2 10 9 5 10 0 15 3 14 21 4 16 6 10 17 6 23
9 10 3 20 6 14 14 24 20 17 15 0 19 3 6 17 2 18 10 14 9 9
27 10 18 2 16 4 12 5 2 11 3 19 0 17 24 5 19 6 12 19 9 27
10 10 5 19 7 13 12 22 18 14 14 3 17 0 7 14 5 18 8 11 8 10
3 17 9 26 12 20 18 30 26 20 21 6 24 7 0 22 8 25 14 15 15 3
24 10 17 7 16 3 7 8 5 7 4 17 5 14 22 0 17 10 8 15 8 24
10 10 1 20 4 15 16 24 21 18 16 2 19 5 8 17 0 18 12 16 10 10
27 8 17 5 14 8 16 10 8 17 6 18 6 18 25 10 18 0 16 23 10 27
16 11 12 15 12 8 4 17 13 6 10 10 12 8 14 8 12 16 0 8 6 16
15 18 16 22 18 16 8 23 20 9 17 14 19 11 15 15 16 23 8 0 14 15
18 4 9 11 8 5 9 15 11 10 6 9 9 8 15 8 10 10 6 14 0 18
0 19 11 29 14 22 19 32 28 21 23 9 27 10 3 24 10 27 16 15 18 0
,
0 24 29 36 28 34 53 38 36 54 56 14 43 28 4 42 30 37 30 33 41 0
22 0 11 26 10 7 15 16 18 21 13 18 20 17 39 21 15 10 20 46 7 40
31 24 0 49 7 35 28 55 41 33 43 8 24 6 23 49 2 42 31 38 27 23
49 29 42 0 39 8 31 11 4 38 13 39 4 53 31 20 33 10 31 55 27 68
37 17 4 50 0 22 18 59 22 46 15 11 18 21 27 43 9 15 34 44 9 39
43 9 21 13 20 0 25 18 7 13 3 22 10 19 33 8 31 12 19 37 9 63
29 28 42 25 37 17 0 42 33 3 12 22 21 21 22 12 18 22 8 20 25 52
58 29 47 8 57 25 24 0 9 24 19 50 15 39 74 16 36 26 34 39 28 50
73 33 59 9 20 15 18 11 0 30 8 36 4 19 68 12 55 18 39 37 15 32
21 24 32 15 22 11 4 27 27 0 20 24 30 25 37 14 54 35 6 27 17 47
36 19 40 8 26 4 21 25 5 19 0 41 9 39 57 7 43 18 28 24 11 28
9 20 6 34 13 18 43 55 48 35 32 0 37 7 15 37 3 25 20 22 15 22
70 25 30 7 32 11 14 10 4 24 6 25 0 32 28 8 56 14 32 46 10 27
17 28 14 46 15 30 14 31 32 34 17 8 35 0 22 32 9 42 19 14 20 11
4 40 24 66 19 56 48 48 57 27 64 16 50 8 0 41 20 47 26 31 19 6
67 26 46 20 41 5 18 10 10 12 9 24 12 32 27 0 40 28 20 30 20 30
13 22 2 31 10 20 41 52 35 47 39 3 41 7 17 43 0 27 35 48 24 24
45 19 35 11 33 15 43 21 8 17 16 26 14 23 58 13 23 0 38 43 24 31
35 23 17 29 34 17 6 18 20 16 24 16 25 14 15 16 12 30 0 14 14 32
28 44 37 63 22 23 14 36 41 21 23 27 35 18 43 24 19 61 22 0 22 31
44 9 25 28 15 13 16 34 19 29 11 10 15 15 41 11 23 11 12 34 0 20
0 32 11 72 36 47 34 44 40 52 31 15 80 28 7 40 21 75 32 29 22 0