4
20
,
0 (16.0, 35.0) 50.0
1 (4.0, 22.0) 34.0
2 (35.0, 45.0) 87.0
3 (5.0, 28.0) 30.0
4 (30.0, 33.0) 34.0
5 (35.0, 17.0) 70.0
6 (44.0, 46.0) 50.0
7 (39.0, 40.0) 52.0
8 (39.0, 18.0) 86.0
9 (30.0, 36.0) 84.0
10 (6.0, 17.0) 64.0
11 (35.0, 40.0) 44.0
12 (12.0, 15.0) 44.0
13 (1.0, 5.0) 62.0
14 (36.0, 31.0) 46.0
15 (3.0, 20.0) 45.0
16 (25.0, 48.0) 58.0
17 (27.0, 17.0) 39.0
18 (30.0, 2.0) 50.0
19 (21.0, 28.0) 75.0
,
0 19 11 29 14 22 19 32 28 21 23 9 27 10 3 24 10 27 16 15 18 0
19 0 9 11 7 7 13 15 12 14 7 10 10 10 17 10 10 8 11 18 4 19
11 9 0 19 3 14 16 23 20 18 15 3 18 5 9 17 1 17 12 16 9 11
29 11 19 0 17 6 14 5 3 14 5 20 2 19 26 7 20 5 15 22 11 29
14 7 3 17 0 13 16 21 18 18 13 6 16 7 12 16 4 14 12 18 8 14
22 7 14 6 13 0 8 10 6 9 2 14 4 13 20 3 15 8 8 16 5 22
19 13 16 14 16 8 0 15 12 2 10 14 12 12 18 7 16 16 4 8 9 19
32 15 23 5 21 10 15 0 4 14 9 24 5 22 30 8 24 10 17 23 15 32
28 12 20 3 18 6 12 4 0 11 5 20 2 18 26 5 21 8 13 20 11 28
21 14 18 14 18 9 2 14 11 0 10 17 11 14 20 7 18 17 6 9 10 21
23 7 15 5 13 2 10 9 5 10 0 15 3 14 21 4 16 6 10 17 6 23
9 10 3 20 6 14 14 24 20 17 15 0 19 3 6 17 2 18 10 14 9 9
27 10 18 2 16 4 12 5 2 11 3 19 0 17 24 5 19 6 12 19 9 27
10 10 5 19 7 13 12 22 18 14 14 3 17 0 7 14 5 18 8 11 8 10
3 17 9 26 12 20 18 30 26 20 21 6 24 7 0 22 8 25 14 15 15 3
24 10 17 7 16 3 7 8 5 7 4 17 5 14 22 0 17 10 8 15 8 24
10 10 1 20 4 15 16 24 21 18 16 2 19 5 8 17 0 18 12 16 10 10
27 8 17 5 14 8 16 10 8 17 6 18 6 18 25 10 18 0 16 23 10 27
16 11 12 15 12 8 4 17 13 6 10 10 12 8 14 8 12 16 0 8 6 16
15 18 16 22 18 16 8 23 20 9 17 14 19 11 15 15 16 23 8 0 14 15
18 4 9 11 8 5 9 15 11 10 6 9 9 8 15 8 10 10 6 14 0 18
0 19 11 29 14 22 19 32 28 21 23 9 27 10 3 24 10 27 16 15 18 0
,
0 49 24 69 29 33 48 93 76 50 25 13 51 15 3 29 22 28 20 26 44 0
33 0 22 13 13 9 39 33 21 24 19 22 20 30 24 16 15 11 22 43 7 46
16 11 0 46 8 22 46 56 31 25 36 5 21 5 19 36 3 30 31 42 14 19
38 19 21 0 30 10 38 10 7 28 6 32 5 27 31 15 40 10 25 48 19 31
41 11 4 48 0 25 25 61 50 47 36 14 46 9 18 19 12 18 18 51 20 23
32 20 25 10 18 0 25 11 12 24 3 23 10 26 28 6 30 8 11 40 15 31
52 39 35 26 29 16 0 33 28 6 17 18 34 16 35 10 40 19 7 8 20 37
53 17 38 5 40 27 16 0 10 40 10 50 14 57 47 20 41 17 25 38 18 59
42 30 50 6 32 13 16 9 0 20 11 23 2 47 46 9 50 13 34 28 24 32
25 34 47 16 22 15 5 35 28 0 14 30 12 37 52 10 29 17 16 21 19 52
29 15 15 6 18 4 19 9 6 28 0 45 8 40 31 9 17 14 29 32 10 66
16 19 5 22 6 17 27 26 30 39 31 0 22 5 12 45 4 44 20 30 25 17
36 16 24 4 22 11 30 10 3 13 9 51 0 28 51 8 42 17 29 34 11 31
28 26 15 52 9 27 15 42 44 28 23 4 35 0 19 34 8 43 21 23 19 17
4 18 10 74 15 46 22 48 36 60 32 16 72 10 0 30 17 72 26 25 37 5
29 17 42 11 35 6 16 12 7 9 11 43 13 40 42 0 37 30 21 32 13 59
27 22 2 40 5 24 33 55 37 47 21 2 51 13 21 19 0 34 26 41 20 24
74 12 44 12 20 20 41 12 8 38 9 24 13 38 32 20 40 0 32 57 27 33
48 29 31 31 27 10 6 35 16 14 16 24 25 13 18 19 36 23 0 22 18 37
28 51 35 23 48 30 22 69 58 21 23 24 23 16 40 36 24 39 17 0 24 23
44 5 26 12 14 9 15 17 29 11 8 12 10 24 37 22 19 13 16 32 0 40
0 38 12 75 31 43 27 76 31 31 32 16 31 28 4 63 30 69 19 20 20 0