4
20
,
0 (16.0, 35.0) 31.0
1 (4.0, 22.0) 67.0
2 (35.0, 45.0) 68.0
3 (5.0, 28.0) 33.0
4 (30.0, 33.0) 70.0
5 (35.0, 17.0) 50.0
6 (44.0, 46.0) 51.0
7 (39.0, 40.0) 58.0
8 (39.0, 18.0) 45.0
9 (30.0, 36.0) 55.0
10 (6.0, 17.0) 31.0
11 (35.0, 40.0) 40.0
12 (12.0, 15.0) 56.0
13 (1.0, 5.0) 69.0
14 (36.0, 31.0) 32.0
15 (3.0, 20.0) 76.0
16 (25.0, 48.0) 50.0
17 (27.0, 17.0) 42.0
18 (30.0, 2.0) 44.0
19 (21.0, 28.0) 78.0
,
0 19 11 29 14 22 19 32 28 21 23 9 27 10 3 24 10 27 16 15 18 0
19 0 9 11 7 7 13 15 12 14 7 10 10 10 17 10 10 8 11 18 4 19
11 9 0 19 3 14 16 23 20 18 15 3 18 5 9 17 1 17 12 16 9 11
29 11 19 0 17 6 14 5 3 14 5 20 2 19 26 7 20 5 15 22 11 29
14 7 3 17 0 13 16 21 18 18 13 6 16 7 12 16 4 14 12 18 8 14
22 7 14 6 13 0 8 10 6 9 2 14 4 13 20 3 15 8 8 16 5 22
19 13 16 14 16 8 0 15 12 2 10 14 12 12 18 7 16 16 4 8 9 19
32 15 23 5 21 10 15 0 4 14 9 24 5 22 30 8 24 10 17 23 15 32
28 12 20 3 18 6 12 4 0 11 5 20 2 18 26 5 21 8 13 20 11 28
21 14 18 14 18 9 2 14 11 0 10 17 11 14 20 7 18 17 6 9 10 21
23 7 15 5 13 2 10 9 5 10 0 15 3 14 21 4 16 6 10 17 6 23
9 10 3 20 6 14 14 24 20 17 15 0 19 3 6 17 2 18 10 14 9 9
27 10 18 2 16 4 12 5 2 11 3 19 0 17 24 5 19 6 12 19 9 27
10 10 5 19 7 13 12 22 18 14 14 3 17 0 7 14 5 18 8 11 8 10
3 17 9 26 12 20 18 30 26 20 21 6 24 7 0 22 8 25 14 15 15 3
24 10 17 7 16 3 7 8 5 7 4 17 5 14 22 0 17 10 8 15 8 24
10 10 1 20 4 15 16 24 21 18 16 2 19 5 8 17 0 18 12 16 10 10
27 8 17 5 14 8 16 10 8 17 6 18 6 18 25 10 18 0 16 23 10 27
16 11 12 15 12 8 4 17 13 6 10 10 12 8 14 8 12 16 0 8 6 16
15 18 16 22 18 16 8 23 20 9 17 14 19 11 15 15 16 23 8 0 14 15
18 4 9 11 8 5 9 15 11 10 6 9 9 8 15 8 10 10 6 14 0 18
0 19 11 29 14 22 19 32 28 21 23 9 27 10 3 24 10 27 16 15 18 0
,
0 25 14 57 15 61 20 36 30 39 35 15 41 18 6 47 19 66 40 23 35 0
54 0 26 30 12 14 32 41 13 38 18 23 21 11 26 28 19 16 30 36 9 34
30 11 0 56 8 35 33 56 20 42 41 3 44 12 17 36 1 22 33 17 15 28
54 22 54 0 20 18 15 11 9 36 6 30 7 53 66 18 25 11 25 26 24 32
25 16 4 46 0 25 43 56 38 40 32 10 25 9 14 20 9 24 15 53 10 42
37 14 19 11 27 0 23 13 8 13 3 19 6 17 51 8 29 10 11 27 10 45
44 21 47 15 20 14 0 26 27 3 25 23 21 20 29 16 30 35 9 14 18 52
32 25 59 9 35 13 17 0 11 31 21 52 9 62 42 21 33 23 31 45 43 72
53 31 58 8 32 17 32 8 0 23 10 57 4 23 29 10 59 13 35 46 15 53
25 42 48 27 39 19 5 35 12 0 12 32 25 22 36 13 37 37 6 16 27 34
50 12 41 7 31 4 17 13 13 26 0 31 4 39 46 8 40 9 18 42 13 25
24 29 6 60 7 22 23 28 26 41 15 0 20 8 11 40 3 51 30 22 26 13
78 25 38 3 36 12 28 16 5 29 8 29 0 31 38 6 34 17 27 31 22 48
28 18 13 50 17 26 31 29 27 24 23 8 21 0 11 32 12 24 20 19 13 27
6 36 25 52 22 36 27 84 61 24 57 9 44 18 0 45 12 26 40 20 19 5
37 15 21 21 40 4 10 9 12 14 6 31 10 34 40 0 37 25 12 26 14 43
17 24 2 37 11 27 34 70 34 21 44 6 46 15 15 34 0 39 34 20 22 26
49 11 36 14 29 12 49 26 24 31 7 53 8 32 72 18 38 0 33 38 25 61
31 30 34 20 19 15 10 43 31 8 27 13 12 22 42 20 19 35 0 17 14 36
44 20 22 51 33 39 10 24 51 27 30 37 53 26 27 33 29 64 12 0 37 44
36 11 14 25 18 13 17 29 15 23 14 18 10 15 24 12 18 19 15 37 0 25
0 38 30 62 28 62 45 36 52 34 35 17 46 15 3 24 25 50 17 21 51 0