4
20
,
0 (16.0, 35.0) 73.0
1 (4.0, 22.0) 70.0
2 (35.0, 45.0) 33.0
3 (5.0, 28.0) 48.0
4 (30.0, 33.0) 47.0
5 (35.0, 17.0) 66.0
6 (44.0, 46.0) 46.0
7 (39.0, 40.0) 83.0
8 (39.0, 18.0) 54.0
9 (30.0, 36.0) 67.0
10 (6.0, 17.0) 45.0
11 (35.0, 40.0) 40.0
12 (12.0, 15.0) 35.0
13 (1.0, 5.0) 83.0
14 (36.0, 31.0) 31.0
15 (3.0, 20.0) 75.0
16 (25.0, 48.0) 43.0
17 (27.0, 17.0) 36.0
18 (30.0, 2.0) 84.0
19 (21.0, 28.0) 67.0
,
0 19 11 29 14 22 19 32 28 21 23 9 27 10 3 24 10 27 16 15 18 0
19 0 9 11 7 7 13 15 12 14 7 10 10 10 17 10 10 8 11 18 4 19
11 9 0 19 3 14 16 23 20 18 15 3 18 5 9 17 1 17 12 16 9 11
29 11 19 0 17 6 14 5 3 14 5 20 2 19 26 7 20 5 15 22 11 29
14 7 3 17 0 13 16 21 18 18 13 6 16 7 12 16 4 14 12 18 8 14
22 7 14 6 13 0 8 10 6 9 2 14 4 13 20 3 15 8 8 16 5 22
19 13 16 14 16 8 0 15 12 2 10 14 12 12 18 7 16 16 4 8 9 19
32 15 23 5 21 10 15 0 4 14 9 24 5 22 30 8 24 10 17 23 15 32
28 12 20 3 18 6 12 4 0 11 5 20 2 18 26 5 21 8 13 20 11 28
21 14 18 14 18 9 2 14 11 0 10 17 11 14 20 7 18 17 6 9 10 21
23 7 15 5 13 2 10 9 5 10 0 15 3 14 21 4 16 6 10 17 6 23
9 10 3 20 6 14 14 24 20 17 15 0 19 3 6 17 2 18 10 14 9 9
27 10 18 2 16 4 12 5 2 11 3 19 0 17 24 5 19 6 12 19 9 27
10 10 5 19 7 13 12 22 18 14 14 3 17 0 7 14 5 18 8 11 8 10
3 17 9 26 12 20 18 30 26 20 21 6 24 7 0 22 8 25 14 15 15 3
24 10 17 7 16 3 7 8 5 7 4 17 5 14 22 0 17 10 8 15 8 24
10 10 1 20 4 15 16 24 21 18 16 2 19 5 8 17 0 18 12 16 10 10
27 8 17 5 14 8 16 10 8 17 6 18 6 18 25 10 18 0 16 23 10 27
16 11 12 15 12 8 4 17 13 6 10 10 12 8 14 8 12 16 0 8 6 16
15 18 16 22 18 16 8 23 20 9 17 14 19 11 15 15 16 23 8 0 14 15
18 4 9 11 8 5 9 15 11 10 6 9 9 8 15 8 10 10 6 14 0 18
0 19 11 29 14 22 19 32 28 21 23 9 27 10 3 24 10 27 16 15 18 0
,
0 46 28 77 41 48 29 71 34 35 47 13 77 26 4 26 23 32 30 27 29 0
39 0 17 17 13 14 18 17 32 41 14 23 27 13 47 26 16 17 13 36 10 55
27 23 0 25 3 31 20 31 36 33 26 6 47 9 21 25 3 29 22 39 20 21
85 25 26 0 46 13 17 12 5 33 14 40 5 52 62 9 34 14 27 62 12 36
19 13 5 49 0 29 24 51 39 40 34 11 43 10 34 17 8 22 13 34 14 26
62 10 26 7 18 0 9 27 11 22 4 16 10 33 36 4 26 17 20 33 8 55
29 23 19 23 28 10 0 17 21 5 12 34 18 14 30 16 42 37 11 15 15 49
45 25 51 12 26 27 23 0 10 20 10 25 8 35 31 22 49 24 21 37 18 69
45 13 46 8 32 14 19 9 0 14 5 45 2 48 43 6 61 13 34 20 31 35
62 30 48 19 40 20 3 24 16 0 25 38 23 34 47 18 43 21 9 21 21 50
43 17 42 11 19 3 24 13 7 23 0 41 5 14 29 8 34 16 28 30 17 38
14 15 6 56 9 28 32 69 35 40 22 0 37 3 15 26 5 31 11 21 19 10
27 13 50 6 41 9 34 15 5 31 7 30 0 38 39 10 45 16 14 43 24 44
29 26 6 26 8 18 32 38 48 34 18 6 20 0 14 19 10 41 12 12 15 17
5 47 9 34 29 46 42 58 44 34 61 7 54 13 0 27 18 72 37 27 30 7
49 25 48 12 33 7 14 22 6 15 9 45 11 29 45 0 35 20 15 33 8 63
17 18 2 30 8 24 18 50 52 45 22 5 38 9 20 20 0 53 28 17 18 25
49 9 17 8 41 11 18 12 18 44 16 19 7 23 61 28 28 0 44 62 22 45
46 15 29 41 19 11 6 29 19 7 29 13 18 9 39 22 15 42 0 10 12 26
15 22 42 39 27 19 23 44 24 17 26 38 42 31 16 41 24 43 23 0 32 28
18 6 26 33 24 13 11 25 32 30 16 25 23 10 44 12 25 23 15 26 0 25
0 40 22 35 38 61 23 48 36 57 45 16 49 15 3 27 22 72 38 40 28 0