4
20
,
0 (18.0, 7.0) 12.0
1 (1.0, 16.0) 40.0
2 (50.0, 21.0) 27.0
3 (13.0, 16.0) 41.0
4 (49.0, 28.0) 37.0
5 (31.0, 25.0) 36.0
6 (2.0, 34.0) 36.0
7 (6.0, 27.0) 10.0
8 (0.0, 45.0) 15.0
9 (33.0, 11.0) 12.0
10 (22.0, 9.0) 40.0
11 (15.0, 12.0) 12.0
12 (11.0, 28.0) 15.0
13 (31.0, 16.0) 20.0
14 (42.0, 50.0) 18.0
15 (20.0, 0.0) 27.0
16 (21.0, 4.0) 23.0
17 (42.0, 7.0) 35.0
18 (37.0, 26.0) 10.0
19 (37.0, 36.0) 33.0
,
0 4 7 2 7 4 6 5 8 3 1 1 4 3 10 1 1 5 5 7
4 0 10 2 10 6 4 2 6 6 4 3 3 6 11 5 5 8 7 8
7 10 0 7 1 4 10 9 11 4 6 7 8 4 6 7 7 3 3 4
2 2 7 0 8 4 4 3 6 4 2 1 2 4 9 3 3 6 5 6
7 10 1 8 0 4 9 9 10 5 7 8 8 4 5 8 7 4 2 3
4 6 4 4 4 0 6 5 7 3 4 4 4 2 5 5 5 4 1 3
6 4 10 4 9 6 0 2 2 8 6 5 2 7 9 8 7 10 7 7
5 2 9 3 9 5 2 0 4 6 5 3 1 5 9 6 5 8 6 6
8 6 11 6 10 7 2 4 0 9 8 7 4 8 8 10 9 11 8 8
3 6 4 4 5 3 8 6 9 0 2 4 6 1 8 3 3 2 3 5
1 4 6 2 7 4 6 5 8 2 0 2 4 2 9 2 1 4 5 6
1 3 7 1 8 4 5 3 7 4 2 0 3 3 9 3 2 5 5 7
4 3 8 2 8 4 2 1 4 6 4 3 0 5 8 6 5 7 5 5
3 6 4 4 4 2 7 5 8 1 2 3 5 0 7 4 3 3 2 4
10 11 6 9 5 5 9 9 8 8 9 9 8 7 0 11 10 9 5 3
1 5 7 3 8 5 8 6 10 3 2 3 6 4 11 0 1 5 6 8
1 5 7 3 7 5 7 5 9 3 1 2 5 3 10 1 0 4 5 7
5 8 3 6 4 4 10 8 11 2 4 5 7 3 9 5 4 0 4 6
5 7 3 5 2 1 7 6 8 3 5 5 5 2 5 6 5 4 0 2
7 8 4 6 3 3 7 6 8 5 6 7 5 4 3 8 7 6 2 0
,
0 27 25 9 22 21 32 30 49 10 3 6 15 12 65 4 6 33 14 40
14 0 51 7 28 32 23 8 30 48 26 20 15 33 49 14 20 42 43 45
29 67 0 42 9 28 45 52 74 27 18 26 46 20 34 46 25 16 7 15
6 18 30 0 48 10 18 8 33 28 7 4 18 17 37 21 15 19 17 23
49 68 7 37 0 21 53 36 63 17 20 48 44 17 19 41 20 23 13 14
12 35 16 21 20 0 25 30 23 18 17 19 22 8 34 15 26 27 6 19
27 16 51 22 51 45 0 12 7 43 18 15 10 31 49 35 31 52 30 30
18 15 51 8 51 36 8 0 12 34 18 12 6 17 31 28 25 22 33 34
40 16 80 46 39 27 12 17 0 30 27 31 29 44 41 40 27 40 42 37
16 35 11 16 21 9 31 47 29 0 6 22 26 3 46 24 7 8 21 35
5 11 26 13 26 15 34 35 62 16 0 8 13 12 44 9 3 21 20 34
6 12 52 4 19 23 32 22 37 15 6 0 16 11 63 13 13 32 33 25
28 17 38 6 56 22 15 6 26 15 16 22 0 19 40 32 18 19 23 19
17 20 18 21 27 13 18 30 45 4 13 18 14 0 36 27 19 12 7 20
40 42 41 26 19 24 43 35 24 56 66 65 50 31 0 44 58 26 30 22
11 36 24 19 22 18 51 43 73 13 11 13 16 18 36 0 6 21 27 25
4 17 42 13 45 28 28 32 39 17 7 14 20 21 33 3 0 20 24 41
16 35 12 21 27 21 53 42 72 7 16 40 29 13 34 25 18 0 13 23
16 36 10 21 11 7 28 21 60 9 26 24 20 17 18 30 29 27 0 13
36 34 29 17 12 10 39 44 30 33 39 30 14 30 10 54 29 18 15 0