4
20
,
0 (18.0, 7.0) 14.0
1 (1.0, 16.0) 27.0
2 (50.0, 21.0) 29.0
3 (13.0, 16.0) 30.0
4 (49.0, 28.0) 15.0
5 (31.0, 25.0) 48.0
6 (2.0, 34.0) 11.0
7 (6.0, 27.0) 12.0
8 (0.0, 45.0) 13.0
9 (33.0, 11.0) 20.0
10 (22.0, 9.0) 36.0
11 (15.0, 12.0) 21.0
12 (11.0, 28.0) 11.0
13 (31.0, 16.0) 12.0
14 (42.0, 50.0) 26.0
15 (20.0, 0.0) 18.0
16 (21.0, 4.0) 16.0
17 (42.0, 7.0) 13.0
18 (37.0, 26.0) 24.0
19 (37.0, 36.0) 22.0
,
0 4 7 2 7 4 6 5 8 3 1 1 4 3 10 1 1 5 5 7
4 0 10 2 10 6 4 2 6 6 4 3 3 6 11 5 5 8 7 8
7 10 0 7 1 4 10 9 11 4 6 7 8 4 6 7 7 3 3 4
2 2 7 0 8 4 4 3 6 4 2 1 2 4 9 3 3 6 5 6
7 10 1 8 0 4 9 9 10 5 7 8 8 4 5 8 7 4 2 3
4 6 4 4 4 0 6 5 7 3 4 4 4 2 5 5 5 4 1 3
6 4 10 4 9 6 0 2 2 8 6 5 2 7 9 8 7 10 7 7
5 2 9 3 9 5 2 0 4 6 5 3 1 5 9 6 5 8 6 6
8 6 11 6 10 7 2 4 0 9 8 7 4 8 8 10 9 11 8 8
3 6 4 4 5 3 8 6 9 0 2 4 6 1 8 3 3 2 3 5
1 4 6 2 7 4 6 5 8 2 0 2 4 2 9 2 1 4 5 6
1 3 7 1 8 4 5 3 7 4 2 0 3 3 9 3 2 5 5 7
4 3 8 2 8 4 2 1 4 6 4 3 0 5 8 6 5 7 5 5
3 6 4 4 4 2 7 5 8 1 2 3 5 0 7 4 3 3 2 4
10 11 6 9 5 5 9 9 8 8 9 9 8 7 0 11 10 9 5 3
1 5 7 3 8 5 8 6 10 3 2 3 6 4 11 0 1 5 6 8
1 5 7 3 7 5 7 5 9 3 1 2 5 3 10 1 0 4 5 7
5 8 3 6 4 4 10 8 11 2 4 5 7 3 9 5 4 0 4 6
5 7 3 5 2 1 7 6 8 3 5 5 5 2 5 6 5 4 0 2
7 8 4 6 3 3 7 6 8 5 6 7 5 4 3 8 7 6 2 0
,
0 19 22 7 52 33 22 31 57 22 7 7 27 20 60 7 5 20 16 43
21 0 65 15 65 25 15 9 21 30 32 22 19 38 41 31 13 59 29 62
33 56 0 49 8 19 30 31 60 25 23 26 40 27 32 43 30 18 17 10
7 11 44 0 57 16 28 15 34 11 10 6 11 18 31 25 13 35 32 25
45 68 6 28 0 19 57 64 46 27 27 31 41 14 22 56 36 26 17 10
29 19 25 15 16 0 35 21 34 14 24 12 28 5 17 36 25 22 7 14
25 9 25 14 30 17 0 5 8 41 39 30 9 19 45 48 47 47 32 27
14 10 52 17 44 31 11 0 25 40 33 19 7 14 43 25 25 23 25 24
38 26 82 24 32 31 15 19 0 32 53 19 15 45 39 66 62 80 46 20
12 47 22 15 33 7 22 22 39 0 16 15 20 5 39 25 18 11 17 28
4 17 21 16 42 26 17 20 45 13 0 11 28 16 27 13 5 18 17 39
4 8 35 3 37 24 36 16 27 22 10 0 22 18 36 18 13 31 33 26
30 9 56 15 34 11 16 7 30 20 11 17 0 28 29 23 16 31 31 39
12 19 29 12 29 7 33 40 46 8 12 8 27 0 53 14 11 8 9 25
71 72 21 46 32 25 36 53 48 36 25 52 40 50 0 60 45 63 21 16
9 20 43 25 23 40 47 30 71 14 8 17 19 12 71 0 5 34 45 30
5 18 31 16 42 14 40 22 61 17 6 8 16 13 64 4 0 19 25 20
23 57 22 43 12 20 67 46 30 13 18 24 19 13 45 28 23 0 13 24
35 21 17 33 12 6 22 16 37 9 30 14 29 13 32 46 25 24 0 8
19 56 13 18 15 12 48 21 21 23 21 42 24 18 16 30 39 41 11 0