4
20
,
0 (18.0, 7.0) 31.0
1 (1.0, 16.0) 44.0
2 (50.0, 21.0) 22.0
3 (13.0, 16.0) 14.0
4 (49.0, 28.0) 25.0
5 (31.0, 25.0) 22.0
6 (2.0, 34.0) 15.0
7 (6.0, 27.0) 12.0
8 (0.0, 45.0) 16.0
9 (33.0, 11.0) 37.0
10 (22.0, 9.0) 34.0
11 (15.0, 12.0) 16.0
12 (11.0, 28.0) 45.0
13 (31.0, 16.0) 45.0
14 (42.0, 50.0) 23.0
15 (20.0, 0.0) 35.0
16 (21.0, 4.0) 34.0
17 (42.0, 7.0) 32.0
18 (37.0, 26.0) 44.0
19 (37.0, 36.0) 11.0
,
0 4 7 2 7 4 6 5 8 3 1 1 4 3 10 1 1 5 5 7
4 0 10 2 10 6 4 2 6 6 4 3 3 6 11 5 5 8 7 8
7 10 0 7 1 4 10 9 11 4 6 7 8 4 6 7 7 3 3 4
2 2 7 0 8 4 4 3 6 4 2 1 2 4 9 3 3 6 5 6
7 10 1 8 0 4 9 9 10 5 7 8 8 4 5 8 7 4 2 3
4 6 4 4 4 0 6 5 7 3 4 4 4 2 5 5 5 4 1 3
6 4 10 4 9 6 0 2 2 8 6 5 2 7 9 8 7 10 7 7
5 2 9 3 9 5 2 0 4 6 5 3 1 5 9 6 5 8 6 6
8 6 11 6 10 7 2 4 0 9 8 7 4 8 8 10 9 11 8 8
3 6 4 4 5 3 8 6 9 0 2 4 6 1 8 3 3 2 3 5
1 4 6 2 7 4 6 5 8 2 0 2 4 2 9 2 1 4 5 6
1 3 7 1 8 4 5 3 7 4 2 0 3 3 9 3 2 5 5 7
4 3 8 2 8 4 2 1 4 6 4 3 0 5 8 6 5 7 5 5
3 6 4 4 4 2 7 5 8 1 2 3 5 0 7 4 3 3 2 4
10 11 6 9 5 5 9 9 8 8 9 9 8 7 0 11 10 9 5 3
1 5 7 3 8 5 8 6 10 3 2 3 6 4 11 0 1 5 6 8
1 5 7 3 7 5 7 5 9 3 1 2 5 3 10 1 0 4 5 7
5 8 3 6 4 4 10 8 11 2 4 5 7 3 9 5 4 0 4 6
5 7 3 5 2 1 7 6 8 3 5 5 5 2 5 6 5 4 0 2
7 8 4 6 3 3 7 6 8 5 6 7 5 4 3 8 7 6 2 0
,
0 22 39 11 39 17 43 12 24 21 4 9 11 16 56 10 6 31 26 33
16 0 39 18 40 34 25 8 25 38 20 17 12 28 34 15 29 36 28 36
27 38 0 42 4 15 35 41 69 14 16 33 45 20 38 46 48 19 8 14
11 18 19 0 42 11 13 14 38 23 11 3 17 18 47 21 9 16 22 19
27 33 6 37 0 21 46 58 34 13 45 47 38 19 15 24 37 18 13 12
31 32 22 14 12 0 22 32 38 9 23 22 25 12 32 38 25 24 6 9
20 10 57 19 46 17 0 4 11 39 30 21 7 39 28 50 34 47 46 18
24 7 29 10 62 30 6 0 25 37 16 18 7 30 22 18 32 22 17 33
39 35 80 39 64 43 12 16 0 48 33 37 15 33 54 60 66 63 28 47
10 24 23 23 32 14 41 26 67 0 14 15 20 4 41 16 16 7 20 17
5 18 25 17 17 23 18 13 61 17 0 5 13 14 59 9 4 27 32 21
3 16 39 3 36 30 35 17 34 18 8 0 20 10 62 8 15 18 34 23
33 11 45 10 51 16 5 4 25 17 12 14 0 31 41 25 19 24 37 35
13 22 13 26 20 7 41 18 61 7 12 15 21 0 44 29 11 11 13 29
43 56 27 63 29 25 46 46 27 43 27 36 54 32 0 72 35 24 26 15
5 32 24 23 28 15 30 26 70 25 7 8 16 15 79 0 6 28 44 24
4 33 30 17 20 30 30 41 64 11 6 13 22 21 27 3 0 30 25 35
22 32 23 16 33 17 27 29 75 6 14 14 40 9 54 32 25 0 21 20
25 25 10 28 10 7 43 36 60 11 34 26 27 9 32 26 21 16 0 10
31 38 10 25 13 11 38 34 45 15 35 45 29 25 15 45 32 26 13 0