4
20
,
0 (18.0, 7.0) 18.0
1 (1.0, 16.0) 19.0
2 (50.0, 21.0) 11.0
3 (13.0, 16.0) 12.0
4 (49.0, 28.0) 12.0
5 (31.0, 25.0) 15.0
6 (2.0, 34.0) 29.0
7 (6.0, 27.0) 28.0
8 (0.0, 45.0) 11.0
9 (33.0, 11.0) 48.0
10 (22.0, 9.0) 16.0
11 (15.0, 12.0) 17.0
12 (11.0, 28.0) 23.0
13 (31.0, 16.0) 14.0
14 (42.0, 50.0) 20.0
15 (20.0, 0.0) 25.0
16 (21.0, 4.0) 39.0
17 (42.0, 7.0) 11.0
18 (37.0, 26.0) 15.0
19 (37.0, 36.0) 20.0
,
0 4 7 2 7 4 6 5 8 3 1 1 4 3 10 1 1 5 5 7
4 0 10 2 10 6 4 2 6 6 4 3 3 6 11 5 5 8 7 8
7 10 0 7 1 4 10 9 11 4 6 7 8 4 6 7 7 3 3 4
2 2 7 0 8 4 4 3 6 4 2 1 2 4 9 3 3 6 5 6
7 10 1 8 0 4 9 9 10 5 7 8 8 4 5 8 7 4 2 3
4 6 4 4 4 0 6 5 7 3 4 4 4 2 5 5 5 4 1 3
6 4 10 4 9 6 0 2 2 8 6 5 2 7 9 8 7 10 7 7
5 2 9 3 9 5 2 0 4 6 5 3 1 5 9 6 5 8 6 6
8 6 11 6 10 7 2 4 0 9 8 7 4 8 8 10 9 11 8 8
3 6 4 4 5 3 8 6 9 0 2 4 6 1 8 3 3 2 3 5
1 4 6 2 7 4 6 5 8 2 0 2 4 2 9 2 1 4 5 6
1 3 7 1 8 4 5 3 7 4 2 0 3 3 9 3 2 5 5 7
4 3 8 2 8 4 2 1 4 6 4 3 0 5 8 6 5 7 5 5
3 6 4 4 4 2 7 5 8 1 2 3 5 0 7 4 3 3 2 4
10 11 6 9 5 5 9 9 8 8 9 9 8 7 0 11 10 9 5 3
1 5 7 3 8 5 8 6 10 3 2 3 6 4 11 0 1 5 6 8
1 5 7 3 7 5 7 5 9 3 1 2 5 3 10 1 0 4 5 7
5 8 3 6 4 4 10 8 11 2 4 5 7 3 9 5 4 0 4 6
5 7 3 5 2 1 7 6 8 3 5 5 5 2 5 6 5 4 0 2
7 8 4 6 3 3 7 6 8 5 6 7 5 4 3 8 7 6 2 0
,
0 24 41 6 46 19 39 18 35 11 6 4 28 17 58 10 3 17 26 27
18 0 29 14 43 28 14 7 24 29 29 18 12 31 49 28 31 60 38 26
35 50 0 41 6 17 32 54 43 16 43 51 41 25 42 53 47 10 14 19
13 7 31 0 28 22 11 15 19 17 6 3 10 15 56 22 14 42 16 33
27 32 5 38 0 20 50 39 68 23 38 38 34 29 12 22 30 27 17 8
19 42 29 17 23 0 40 20 19 17 17 17 18 10 16 31 29 30 6 7
34 23 25 14 44 18 0 5 15 29 25 29 13 40 43 32 51 46 47 19
28 17 40 11 56 15 5 0 13 27 16 18 4 22 62 17 19 44 42 38
45 27 63 42 34 49 8 20 0 51 53 25 16 57 22 31 53 57 48 29
12 43 15 24 12 15 53 25 36 0 13 22 34 7 21 19 8 8 10 34
3 27 22 13 46 12 44 23 59 12 0 10 23 14 37 6 3 12 15 24
7 9 34 2 25 28 35 17 33 12 6 0 17 10 68 7 9 22 14 29
11 19 37 8 48 29 14 6 27 19 21 14 0 32 21 33 29 23 19 19
10 40 12 26 19 13 22 15 44 7 14 9 21 0 28 27 16 10 15 15
65 36 40 61 32 32 33 51 62 36 31 31 25 43 0 68 61 22 26 20
6 31 51 14 34 31 56 19 51 9 8 13 25 21 58 0 5 19 19 59
3 34 21 20 32 34 41 35 31 9 3 7 39 11 38 4 0 27 24 25
12 44 9 21 33 19 29 24 34 8 29 16 45 7 57 22 20 0 22 17
40 26 10 31 10 8 52 26 40 11 24 33 35 13 27 31 20 14 0 10
39 55 26 38 19 7 29 37 36 24 36 48 24 29 18 56 25 33 14 0