4
20
,
0 (18.0, 7.0) 20.0
1 (1.0, 16.0) 35.0
2 (50.0, 21.0) 20.0
3 (13.0, 16.0) 27.0
4 (49.0, 28.0) 17.0
5 (31.0, 25.0) 35.0
6 (2.0, 34.0) 26.0
7 (6.0, 27.0) 17.0
8 (0.0, 45.0) 26.0
9 (33.0, 11.0) 19.0
10 (22.0, 9.0) 27.0
11 (15.0, 12.0) 32.0
12 (11.0, 28.0) 23.0
13 (31.0, 16.0) 15.0
14 (42.0, 50.0) 15.0
15 (20.0, 0.0) 33.0
16 (21.0, 4.0) 24.0
17 (42.0, 7.0) 23.0
18 (37.0, 26.0) 18.0
19 (37.0, 36.0) 16.0
,
0 4 7 2 7 4 6 5 8 3 1 1 4 3 10 1 1 5 5 7
4 0 10 2 10 6 4 2 6 6 4 3 3 6 11 5 5 8 7 8
7 10 0 7 1 4 10 9 11 4 6 7 8 4 6 7 7 3 3 4
2 2 7 0 8 4 4 3 6 4 2 1 2 4 9 3 3 6 5 6
7 10 1 8 0 4 9 9 10 5 7 8 8 4 5 8 7 4 2 3
4 6 4 4 4 0 6 5 7 3 4 4 4 2 5 5 5 4 1 3
6 4 10 4 9 6 0 2 2 8 6 5 2 7 9 8 7 10 7 7
5 2 9 3 9 5 2 0 4 6 5 3 1 5 9 6 5 8 6 6
8 6 11 6 10 7 2 4 0 9 8 7 4 8 8 10 9 11 8 8
3 6 4 4 5 3 8 6 9 0 2 4 6 1 8 3 3 2 3 5
1 4 6 2 7 4 6 5 8 2 0 2 4 2 9 2 1 4 5 6
1 3 7 1 8 4 5 3 7 4 2 0 3 3 9 3 2 5 5 7
4 3 8 2 8 4 2 1 4 6 4 3 0 5 8 6 5 7 5 5
3 6 4 4 4 2 7 5 8 1 2 3 5 0 7 4 3 3 2 4
10 11 6 9 5 5 9 9 8 8 9 9 8 7 0 11 10 9 5 3
1 5 7 3 8 5 8 6 10 3 2 3 6 4 11 0 1 5 6 8
1 5 7 3 7 5 7 5 9 3 1 2 5 3 10 1 0 4 5 7
5 8 3 6 4 4 10 8 11 2 4 5 7 3 9 5 4 0 4 6
5 7 3 5 2 1 7 6 8 3 5 5 5 2 5 6 5 4 0 2
7 8 4 6 3 3 7 6 8 5 6 7 5 4 3 8 7 6 2 0
,
0 21 51 5 55 14 27 17 62 22 4 7 14 10 70 4 5 16 38 32
14 0 46 11 63 32 13 13 35 41 23 21 14 23 44 13 33 50 37 61
31 55 0 24 5 11 49 64 66 15 25 29 43 24 17 48 28 15 18 16
14 16 41 0 41 16 21 8 37 23 8 5 9 16 31 23 9 21 20 36
39 33 4 51 0 11 57 58 71 17 36 54 35 27 21 37 42 27 12 8
21 18 21 11 20 0 41 17 36 7 13 19 14 13 25 25 24 28 4 9
38 21 64 26 58 21 0 6 10 29 20 31 9 28 24 20 53 59 52 50
28 8 61 11 42 25 10 0 13 33 15 19 4 20 22 46 14 47 33 45
47 18 82 44 49 51 6 15 0 60 41 31 27 52 39 67 46 66 32 35
13 42 13 30 18 15 52 19 50 0 8 11 31 5 27 13 18 9 23 18
4 12 45 16 24 11 22 27 36 11 0 4 32 11 34 6 7 29 33 44
8 13 26 6 38 17 21 23 53 25 11 0 12 23 62 10 6 28 38 49
12 19 33 11 25 26 5 7 28 15 29 20 0 25 45 38 18 24 39 23
9 18 11 11 16 12 27 39 61 6 7 13 16 0 24 23 20 9 10 21
26 43 35 60 26 18 28 50 47 42 33 56 20 21 0 69 27 56 19 12
6 14 28 18 40 40 20 32 33 25 11 7 20 11 62 0 5 29 32 43
5 30 27 10 53 22 42 16 65 16 5 14 34 21 75 6 0 15 36 30
24 44 13 21 15 30 34 35 77 5 19 25 37 12 45 34 23 0 17 32
38 29 7 39 15 5 41 43 59 16 34 18 19 11 25 28 25 22 0 7
26 33 17 41 12 9 25 29 20 35 33 44 34 16 12 50 39 27 8 0