4
20
,
0 (18.0, 7.0) 12.0
1 (1.0, 16.0) 22.0
2 (50.0, 21.0) 13.0
3 (13.0, 16.0) 27.0
4 (49.0, 28.0) 32.0
5 (31.0, 25.0) 41.0
6 (2.0, 34.0) 29.0
7 (6.0, 27.0) 37.0
8 (0.0, 45.0) 44.0
9 (33.0, 11.0) 22.0
10 (22.0, 9.0) 18.0
11 (15.0, 12.0) 11.0
12 (11.0, 28.0) 49.0
13 (31.0, 16.0) 25.0
14 (42.0, 50.0) 42.0
15 (20.0, 0.0) 49.0
16 (21.0, 4.0) 18.0
17 (42.0, 7.0) 11.0
18 (37.0, 26.0) 28.0
19 (37.0, 36.0) 37.0
,
0 4 7 2 7 4 6 5 8 3 1 1 4 3 10 1 1 5 5 7
4 0 10 2 10 6 4 2 6 6 4 3 3 6 11 5 5 8 7 8
7 10 0 7 1 4 10 9 11 4 6 7 8 4 6 7 7 3 3 4
2 2 7 0 8 4 4 3 6 4 2 1 2 4 9 3 3 6 5 6
7 10 1 8 0 4 9 9 10 5 7 8 8 4 5 8 7 4 2 3
4 6 4 4 4 0 6 5 7 3 4 4 4 2 5 5 5 4 1 3
6 4 10 4 9 6 0 2 2 8 6 5 2 7 9 8 7 10 7 7
5 2 9 3 9 5 2 0 4 6 5 3 1 5 9 6 5 8 6 6
8 6 11 6 10 7 2 4 0 9 8 7 4 8 8 10 9 11 8 8
3 6 4 4 5 3 8 6 9 0 2 4 6 1 8 3 3 2 3 5
1 4 6 2 7 4 6 5 8 2 0 2 4 2 9 2 1 4 5 6
1 3 7 1 8 4 5 3 7 4 2 0 3 3 9 3 2 5 5 7
4 3 8 2 8 4 2 1 4 6 4 3 0 5 8 6 5 7 5 5
3 6 4 4 4 2 7 5 8 1 2 3 5 0 7 4 3 3 2 4
10 11 6 9 5 5 9 9 8 8 9 9 8 7 0 11 10 9 5 3
1 5 7 3 8 5 8 6 10 3 2 3 6 4 11 0 1 5 6 8
1 5 7 3 7 5 7 5 9 3 1 2 5 3 10 1 0 4 5 7
5 8 3 6 4 4 10 8 11 2 4 5 7 3 9 5 4 0 4 6
5 7 3 5 2 1 7 6 8 3 5 5 5 2 5 6 5 4 0 2
7 8 4 6 3 3 7 6 8 5 6 7 5 4 3 8 7 6 2 0
,
0 13 19 11 47 21 29 21 25 14 5 4 23 11 47 4 5 26 40 24
24 0 71 11 29 26 19 17 35 44 20 20 14 31 33 17 30 27 35 44
42 72 0 52 4 16 64 66 33 11 25 37 21 10 41 19 41 14 10 28
13 12 19 0 29 11 31 15 43 14 10 7 16 17 56 17 8 41 32 21
29 29 6 22 0 17 69 22 30 17 17 45 51 24 20 56 24 24 14 13
26 35 15 13 12 0 29 13 53 14 16 19 10 10 22 31 30 12 7 12
44 12 57 23 69 26 0 11 13 52 41 20 7 48 63 42 35 64 34 48
33 12 36 10 27 32 5 0 18 31 21 20 3 20 26 24 29 56 29 31
44 22 71 47 75 39 16 11 0 49 26 32 21 25 46 57 27 39 47 45
18 37 22 30 25 15 33 40 49 0 6 16 15 7 39 21 16 7 16 32
6 19 16 8 48 18 31 20 29 13 0 7 32 17 25 6 7 23 18 38
9 20 29 6 30 26 15 12 50 11 9 0 10 20 34 14 9 19 23 21
28 23 58 12 50 16 9 3 19 28 32 16 0 35 48 21 24 19 35 14
15 35 17 13 12 11 47 15 56 8 14 23 18 0 49 23 16 17 9 19
28 37 28 46 16 30 44 34 34 50 54 27 20 47 0 34 46 52 20 17
4 22 32 17 37 21 42 29 25 21 12 11 18 14 28 0 5 20 26 28
2 26 35 9 25 15 34 24 41 8 3 9 23 17 57 4 0 24 34 36
23 28 13 38 21 13 38 27 62 13 22 21 38 13 39 25 25 0 26 32
17 30 14 26 10 4 42 18 30 23 16 25 16 11 21 34 14 14 0 6
30 40 21 45 8 16 32 26 41 19 38 19 30 18 8 34 45 21 7 0