4
20
,
0 (18.0, 7.0) 36.0
1 (1.0, 16.0) 28.0
2 (50.0, 21.0) 19.0
3 (13.0, 16.0) 35.0
4 (49.0, 28.0) 24.0
5 (31.0, 25.0) 23.0
6 (2.0, 34.0) 25.0
7 (6.0, 27.0) 22.0
8 (0.0, 45.0) 14.0
9 (33.0, 11.0) 12.0
10 (22.0, 9.0) 15.0
11 (15.0, 12.0) 19.0
12 (11.0, 28.0) 25.0
13 (31.0, 16.0) 25.0
14 (42.0, 50.0) 29.0
15 (20.0, 0.0) 21.0
16 (21.0, 4.0) 16.0
17 (42.0, 7.0) 32.0
18 (37.0, 26.0) 42.0
19 (37.0, 36.0) 18.0
,
0 4 7 2 7 4 6 5 8 3 1 1 4 3 10 1 1 5 5 7
4 0 10 2 10 6 4 2 6 6 4 3 3 6 11 5 5 8 7 8
7 10 0 7 1 4 10 9 11 4 6 7 8 4 6 7 7 3 3 4
2 2 7 0 8 4 4 3 6 4 2 1 2 4 9 3 3 6 5 6
7 10 1 8 0 4 9 9 10 5 7 8 8 4 5 8 7 4 2 3
4 6 4 4 4 0 6 5 7 3 4 4 4 2 5 5 5 4 1 3
6 4 10 4 9 6 0 2 2 8 6 5 2 7 9 8 7 10 7 7
5 2 9 3 9 5 2 0 4 6 5 3 1 5 9 6 5 8 6 6
8 6 11 6 10 7 2 4 0 9 8 7 4 8 8 10 9 11 8 8
3 6 4 4 5 3 8 6 9 0 2 4 6 1 8 3 3 2 3 5
1 4 6 2 7 4 6 5 8 2 0 2 4 2 9 2 1 4 5 6
1 3 7 1 8 4 5 3 7 4 2 0 3 3 9 3 2 5 5 7
4 3 8 2 8 4 2 1 4 6 4 3 0 5 8 6 5 7 5 5
3 6 4 4 4 2 7 5 8 1 2 3 5 0 7 4 3 3 2 4
10 11 6 9 5 5 9 9 8 8 9 9 8 7 0 11 10 9 5 3
1 5 7 3 8 5 8 6 10 3 2 3 6 4 11 0 1 5 6 8
1 5 7 3 7 5 7 5 9 3 1 2 5 3 10 1 0 4 5 7
5 8 3 6 4 4 10 8 11 2 4 5 7 3 9 5 4 0 4 6
5 7 3 5 2 1 7 6 8 3 5 5 5 2 5 6 5 4 0 2
7 8 4 6 3 3 7 6 8 5 6 7 5 4 3 8 7 6 2 0
,
0 22 33 9 39 12 24 15 56 23 2 5 22 10 26 7 3 21 15 38
21 0 58 11 74 17 26 14 37 32 12 17 12 22 72 32 14 34 51 42
25 51 0 51 10 18 42 55 34 12 27 26 32 24 24 27 33 13 10 15
7 9 26 0 31 12 19 8 35 19 17 5 8 10 65 18 20 30 13 16
30 60 6 19 0 20 26 46 35 25 48 28 28 19 34 54 24 16 8 8
17 29 11 14 15 0 35 32 47 18 26 29 20 8 17 37 34 12 9 13
33 18 64 20 25 43 0 11 14 47 36 18 9 20 28 45 28 69 26 49
34 8 30 14 25 26 10 0 26 24 31 17 5 31 33 29 33 59 17 28
61 30 71 47 67 53 13 11 0 31 39 29 21 61 44 29 37 68 26 33
11 23 29 21 30 21 44 37 41 0 10 10 21 7 26 22 19 12 14 36
7 26 21 13 33 14 47 32 31 15 0 5 12 12 36 5 6 25 25 34
4 8 19 3 52 17 31 9 19 10 11 0 18 22 38 19 14 15 17 35
13 15 57 17 41 20 15 5 21 14 17 19 0 21 45 41 32 31 25 36
22 36 29 23 20 9 47 34 39 6 14 20 13 0 52 17 9 17 11 19
72 28 24 47 34 33 24 30 47 50 68 40 41 35 0 36 42 25 26 12
6 29 39 26 60 18 27 17 70 18 11 8 21 25 53 0 4 31 28 24
6 24 48 14 34 23 36 29 47 14 5 8 15 8 28 3 0 20 20 39
27 47 12 36 23 21 66 47 79 7 13 18 32 14 28 23 23 0 12 43
20 40 18 19 13 7 27 16 28 18 34 30 39 17 36 37 17 17 0 11
32 32 29 34 20 17 29 28 57 34 30 22 32 16 10 48 45 27 10 0