4
20
,
0 (18.0, 7.0) 48.0
1 (1.0, 16.0) 14.0
2 (50.0, 21.0) 18.0
3 (13.0, 16.0) 11.0
4 (49.0, 28.0) 34.0
5 (31.0, 25.0) 48.0
6 (2.0, 34.0) 14.0
7 (6.0, 27.0) 18.0
8 (0.0, 45.0) 31.0
9 (33.0, 11.0) 24.0
10 (22.0, 9.0) 33.0
11 (15.0, 12.0) 26.0
12 (11.0, 28.0) 44.0
13 (31.0, 16.0) 12.0
14 (42.0, 50.0) 26.0
15 (20.0, 0.0) 12.0
16 (21.0, 4.0) 13.0
17 (42.0, 7.0) 39.0
18 (37.0, 26.0) 28.0
19 (37.0, 36.0) 15.0
,
0 4 7 2 7 4 6 5 8 3 1 1 4 3 10 1 1 5 5 7
4 0 10 2 10 6 4 2 6 6 4 3 3 6 11 5 5 8 7 8
7 10 0 7 1 4 10 9 11 4 6 7 8 4 6 7 7 3 3 4
2 2 7 0 8 4 4 3 6 4 2 1 2 4 9 3 3 6 5 6
7 10 1 8 0 4 9 9 10 5 7 8 8 4 5 8 7 4 2 3
4 6 4 4 4 0 6 5 7 3 4 4 4 2 5 5 5 4 1 3
6 4 10 4 9 6 0 2 2 8 6 5 2 7 9 8 7 10 7 7
5 2 9 3 9 5 2 0 4 6 5 3 1 5 9 6 5 8 6 6
8 6 11 6 10 7 2 4 0 9 8 7 4 8 8 10 9 11 8 8
3 6 4 4 5 3 8 6 9 0 2 4 6 1 8 3 3 2 3 5
1 4 6 2 7 4 6 5 8 2 0 2 4 2 9 2 1 4 5 6
1 3 7 1 8 4 5 3 7 4 2 0 3 3 9 3 2 5 5 7
4 3 8 2 8 4 2 1 4 6 4 3 0 5 8 6 5 7 5 5
3 6 4 4 4 2 7 5 8 1 2 3 5 0 7 4 3 3 2 4
10 11 6 9 5 5 9 9 8 8 9 9 8 7 0 11 10 9 5 3
1 5 7 3 8 5 8 6 10 3 2 3 6 4 11 0 1 5 6 8
1 5 7 3 7 5 7 5 9 3 1 2 5 3 10 1 0 4 5 7
5 8 3 6 4 4 10 8 11 2 4 5 7 3 9 5 4 0 4 6
5 7 3 5 2 1 7 6 8 3 5 5 5 2 5 6 5 4 0 2
7 8 4 6 3 3 7 6 8 5 6 7 5 4 3 8 7 6 2 0
,
0 12 39 7 35 21 18 16 52 21 4 7 20 15 72 11 5 24 21 21
16 0 62 14 42 35 26 14 33 31 23 12 17 42 76 25 17 34 39 53
47 60 0 55 9 21 59 31 54 27 32 49 41 12 23 35 50 21 8 30
8 11 21 0 52 26 17 15 38 14 11 6 16 27 26 25 13 28 25 44
35 43 4 40 0 10 67 28 42 28 31 27 44 30 26 22 43 13 9 21
13 18 24 20 13 0 17 23 36 16 20 17 19 7 30 25 26 32 6 14
18 14 37 18 68 20 0 12 13 38 42 31 11 41 42 41 45 57 53 31
32 6 63 10 51 30 12 0 13 28 28 20 6 27 38 20 34 37 21 39
33 30 76 20 39 50 16 19 0 34 50 31 21 56 22 57 50 57 51 31
8 28 13 24 28 16 25 19 45 0 15 20 17 6 52 20 19 15 15 32
6 20 44 6 24 10 30 24 53 9 0 11 19 15 23 14 5 12 13 20
6 11 48 6 51 21 18 19 33 22 8 0 11 13 27 10 8 17 32 22
22 23 44 17 34 17 8 6 27 18 16 14 0 26 30 39 21 20 37 16
9 26 17 17 30 13 26 17 58 5 15 13 14 0 29 25 17 13 7 12
36 73 36 67 31 25 24 63 31 24 49 62 33 19 0 65 70 29 34 20
6 15 42 20 23 37 39 41 60 11 10 12 25 20 68 0 5 19 35 46
6 12 28 18 55 16 30 26 64 17 5 8 27 20 48 2 0 15 23 44
23 36 14 35 28 22 48 45 68 13 29 40 34 18 37 29 16 0 20 32
35 26 16 38 10 5 39 44 39 11 23 14 38 11 14 37 24 28 0 6
21 46 16 32 16 17 52 28 25 33 19 27 19 12 10 56 46 39 13 0