4
20
,
0 (18.0, 7.0) 13.0
1 (1.0, 16.0) 29.0
2 (50.0, 21.0) 49.0
3 (13.0, 16.0) 37.0
4 (49.0, 28.0) 11.0
5 (31.0, 25.0) 35.0
6 (2.0, 34.0) 33.0
7 (6.0, 27.0) 40.0
8 (0.0, 45.0) 44.0
9 (33.0, 11.0) 10.0
10 (22.0, 9.0) 11.0
11 (15.0, 12.0) 24.0
12 (11.0, 28.0) 12.0
13 (31.0, 16.0) 35.0
14 (42.0, 50.0) 44.0
15 (20.0, 0.0) 24.0
16 (21.0, 4.0) 11.0
17 (42.0, 7.0) 25.0
18 (37.0, 26.0) 47.0
19 (37.0, 36.0) 15.0
,
0 4 7 2 7 4 6 5 8 3 1 1 4 3 10 1 1 5 5 7
4 0 10 2 10 6 4 2 6 6 4 3 3 6 11 5 5 8 7 8
7 10 0 7 1 4 10 9 11 4 6 7 8 4 6 7 7 3 3 4
2 2 7 0 8 4 4 3 6 4 2 1 2 4 9 3 3 6 5 6
7 10 1 8 0 4 9 9 10 5 7 8 8 4 5 8 7 4 2 3
4 6 4 4 4 0 6 5 7 3 4 4 4 2 5 5 5 4 1 3
6 4 10 4 9 6 0 2 2 8 6 5 2 7 9 8 7 10 7 7
5 2 9 3 9 5 2 0 4 6 5 3 1 5 9 6 5 8 6 6
8 6 11 6 10 7 2 4 0 9 8 7 4 8 8 10 9 11 8 8
3 6 4 4 5 3 8 6 9 0 2 4 6 1 8 3 3 2 3 5
1 4 6 2 7 4 6 5 8 2 0 2 4 2 9 2 1 4 5 6
1 3 7 1 8 4 5 3 7 4 2 0 3 3 9 3 2 5 5 7
4 3 8 2 8 4 2 1 4 6 4 3 0 5 8 6 5 7 5 5
3 6 4 4 4 2 7 5 8 1 2 3 5 0 7 4 3 3 2 4
10 11 6 9 5 5 9 9 8 8 9 9 8 7 0 11 10 9 5 3
1 5 7 3 8 5 8 6 10 3 2 3 6 4 11 0 1 5 6 8
1 5 7 3 7 5 7 5 9 3 1 2 5 3 10 1 0 4 5 7
5 8 3 6 4 4 10 8 11 2 4 5 7 3 9 5 4 0 4 6
5 7 3 5 2 1 7 6 8 3 5 5 5 2 5 6 5 4 0 2
7 8 4 6 3 3 7 6 8 5 6 7 5 4 3 8 7 6 2 0
,
0 21 28 8 46 21 17 28 49 10 6 4 15 20 55 9 3 15 36 34
23 0 55 10 65 30 11 16 19 32 20 10 14 34 63 31 31 45 33 22
25 25 0 19 5 14 29 58 82 19 33 18 35 16 27 31 39 21 12 18
6 10 25 0 51 24 15 14 27 22 6 3 7 12 42 21 17 21 16 23
28 41 6 45 0 24 70 40 40 26 25 31 42 26 33 51 42 13 16 20
23 30 27 22 15 0 37 17 33 21 17 15 24 8 23 36 12 25 4 10
35 10 63 11 30 24 0 7 10 34 34 27 12 29 23 45 26 68 48 35
27 10 27 16 24 28 5 0 28 32 29 10 3 39 36 28 35 24 16 24
34 18 41 40 65 36 7 20 0 25 57 24 15 60 46 31 38 44 61 39
13 36 23 17 20 16 23 28 54 0 7 17 26 8 29 16 7 8 16 36
6 12 45 8 26 20 21 24 46 8 0 11 25 12 49 13 7 28 17 43
8 21 32 2 54 26 27 13 23 23 5 0 8 24 46 11 7 25 27 45
16 11 24 14 27 29 15 4 28 17 28 8 0 31 51 34 31 43 14 15
22 16 16 12 17 9 51 20 36 6 13 18 29 0 22 14 14 12 9 27
48 62 30 55 31 36 43 34 46 42 37 45 32 43 0 62 52 33 22 15
11 26 30 19 51 25 35 30 71 19 5 8 35 22 62 0 5 25 25 33
3 25 37 17 23 20 44 30 46 20 5 11 29 18 42 4 0 14 19 18
23 33 9 34 22 16 28 26 29 7 26 14 21 21 33 34 25 0 21 43
18 49 10 26 11 8 21 30 49 11 26 24 23 10 17 23 24 29 0 11
46 45 30 29 17 13 28 17 22 33 17 40 37 16 14 56 30 37 7 0