4
20
,
0 (18.0, 7.0) 42.0
1 (1.0, 16.0) 38.0
2 (50.0, 21.0) 16.0
3 (13.0, 16.0) 36.0
4 (49.0, 28.0) 49.0
5 (31.0, 25.0) 39.0
6 (2.0, 34.0) 20.0
7 (6.0, 27.0) 13.0
8 (0.0, 45.0) 12.0
9 (33.0, 11.0) 22.0
10 (22.0, 9.0) 30.0
11 (15.0, 12.0) 42.0
12 (11.0, 28.0) 20.0
13 (31.0, 16.0) 27.0
14 (42.0, 50.0) 42.0
15 (20.0, 0.0) 10.0
16 (21.0, 4.0) 31.0
17 (42.0, 7.0) 31.0
18 (37.0, 26.0) 43.0
19 (37.0, 36.0) 16.0
,
0 4 7 2 7 4 6 5 8 3 1 1 4 3 10 1 1 5 5 7
4 0 10 2 10 6 4 2 6 6 4 3 3 6 11 5 5 8 7 8
7 10 0 7 1 4 10 9 11 4 6 7 8 4 6 7 7 3 3 4
2 2 7 0 8 4 4 3 6 4 2 1 2 4 9 3 3 6 5 6
7 10 1 8 0 4 9 9 10 5 7 8 8 4 5 8 7 4 2 3
4 6 4 4 4 0 6 5 7 3 4 4 4 2 5 5 5 4 1 3
6 4 10 4 9 6 0 2 2 8 6 5 2 7 9 8 7 10 7 7
5 2 9 3 9 5 2 0 4 6 5 3 1 5 9 6 5 8 6 6
8 6 11 6 10 7 2 4 0 9 8 7 4 8 8 10 9 11 8 8
3 6 4 4 5 3 8 6 9 0 2 4 6 1 8 3 3 2 3 5
1 4 6 2 7 4 6 5 8 2 0 2 4 2 9 2 1 4 5 6
1 3 7 1 8 4 5 3 7 4 2 0 3 3 9 3 2 5 5 7
4 3 8 2 8 4 2 1 4 6 4 3 0 5 8 6 5 7 5 5
3 6 4 4 4 2 7 5 8 1 2 3 5 0 7 4 3 3 2 4
10 11 6 9 5 5 9 9 8 8 9 9 8 7 0 11 10 9 5 3
1 5 7 3 8 5 8 6 10 3 2 3 6 4 11 0 1 5 6 8
1 5 7 3 7 5 7 5 9 3 1 2 5 3 10 1 0 4 5 7
5 8 3 6 4 4 10 8 11 2 4 5 7 3 9 5 4 0 4 6
5 7 3 5 2 1 7 6 8 3 5 5 5 2 5 6 5 4 0 2
7 8 4 6 3 3 7 6 8 5 6 7 5 4 3 8 7 6 2 0
,
0 15 21 6 51 29 41 12 38 13 5 6 17 12 60 8 6 24 22 45
17 0 49 15 43 41 26 10 40 28 29 14 18 39 50 16 26 30 22 53
21 47 0 46 9 20 61 41 73 19 23 27 58 19 15 21 21 14 14 16
9 7 27 0 30 20 24 13 38 29 6 5 13 24 38 19 8 16 23 33
30 31 8 31 0 15 62 44 47 27 30 38 42 23 27 34 39 19 17 8
14 41 20 24 10 0 28 18 31 12 21 24 17 10 14 14 25 12 4 10
31 13 36 26 63 19 0 6 13 50 43 21 12 26 30 37 43 45 51 40
33 15 23 7 52 19 5 0 13 42 26 16 7 14 29 37 35 43 27 29
27 31 49 21 57 21 16 26 0 35 25 30 29 43 60 67 23 56 38 45
9 31 12 18 19 17 33 18 30 0 9 10 15 5 38 9 8 9 19 35
5 32 43 11 29 24 43 27 31 7 0 10 12 7 59 10 8 24 23 26
5 9 30 6 35 24 17 22 20 13 6 0 15 16 27 9 7 23 31 39
13 12 42 8 31 19 13 4 25 17 17 20 0 19 45 41 37 39 20 27
13 22 21 14 28 9 30 16 49 8 14 15 19 0 34 22 16 9 13 11
47 73 29 53 12 14 43 22 33 37 60 32 24 42 0 77 31 22 29 10
5 20 37 20 51 14 58 36 57 25 13 12 42 11 65 0 4 27 36 44
5 35 46 22 30 30 26 22 58 20 3 10 35 23 69 4 0 14 40 45
30 38 17 39 30 21 33 60 58 10 17 31 35 13 57 31 15 0 17 39
19 30 9 26 17 5 41 31 53 12 33 34 38 7 34 36 38 24 0 7
38 38 14 32 13 15 32 38 23 26 21 47 36 21 17 34 39 35 11 0