5
30
,
0 (11.0, 48.0) 36.0
1 (40.0, 50.0) 37.0
2 (44.0, 19.0) 33.0
3 (3.0, 4.0) 45.0
4 (39.0, 46.0) 56.0
5 (16.0, 26.0) 42.0
6 (4.0, 46.0) 46.0
7 (8.0, 22.0) 82.0
8 (29.0, 26.0) 85.0
9 (13.0, 23.0) 62.0
10 (30.0, 27.0) 70.0
11 (43.0, 50.0) 32.0
12 (39.0, 33.0) 34.0
13 (1.0, 26.0) 43.0
14 (29.0, 19.0) 39.0
15 (4.0, 23.0) 55.0
16 (48.0, 34.0) 58.0
17 (3.0, 37.0) 36.0
18 (12.0, 48.0) 32.0
19 (34.0, 34.0) 30.0
20 (49.0, 27.0) 72.0
21 (5.0, 47.0) 76.0
22 (22.0, 32.0) 44.0
23 (24.0, 8.0) 33.0
24 (28.0, 3.0) 36.0
25 (29.0, 16.0) 44.0
26 (30.0, 40.0) 55.0
27 (28.0, 10.0) 70.0
28 (26.0, 18.0) 52.0
29 (30.0, 26.0) 41.0
,
0 25 32 24 2 30 15 23 12 19 13 20 33 26 13 17 12 29 19 25 24 28 24 19 13 14 17 25 15 16 20 0
25 0 15 22 22 14 11 4 13 14 13 14 16 16 12 17 13 20 7 0 13 22 3 10 21 24 18 10 21 17 15 25
32 15 0 16 30 2 17 18 21 13 19 13 2 9 23 16 22 9 20 14 9 12 18 13 22 24 18 7 21 17 13 32
24 22 16 0 22 14 14 24 18 8 16 8 16 7 22 8 20 8 22 22 9 5 24 13 11 11 8 13 9 9 8 24
2 22 30 22 0 28 13 21 9 17 11 18 30 23 11 15 10 27 16 22 22 26 22 17 11 13 14 22 13 13 17 2
30 14 2 14 28 0 15 18 20 11 17 11 3 6 21 14 21 8 19 14 6 11 17 11 20 22 16 5 19 15 11 30
15 11 17 14 13 15 0 12 4 6 2 7 18 12 8 7 6 16 9 11 10 17 12 4 10 13 8 10 10 6 7 15
23 4 18 24 21 18 12 0 12 16 12 16 20 19 10 18 12 23 5 4 16 24 1 11 21 25 20 13 22 18 16 23
12 13 21 18 9 20 4 12 0 11 3 11 22 16 4 11 2 21 8 13 14 21 13 9 11 14 11 14 12 9 11 12
19 14 13 8 17 11 6 16 11 0 8 1 14 6 14 4 13 10 14 14 5 10 16 5 9 12 5 7 8 4 0 19
13 13 19 16 11 17 2 12 3 8 0 9 20 14 6 8 4 18 9 13 12 18 13 6 9 12 9 12 10 7 9 13
20 14 13 8 18 11 7 16 11 1 9 0 13 5 15 4 13 10 14 14 4 10 16 5 10 12 6 6 9 5 0 20
33 16 2 16 30 3 18 20 22 14 20 13 0 9 24 17 24 8 21 16 9 12 19 14 23 25 18 8 21 18 14 33
26 16 9 7 23 6 12 19 16 6 14 5 9 0 19 9 18 5 18 15 3 6 18 9 15 16 10 6 13 10 6 26
13 12 23 22 11 21 8 10 4 14 6 15 24 19 0 14 2 24 6 12 17 24 11 11 15 18 15 16 16 13 14 13
17 17 16 8 15 14 7 18 11 4 8 4 17 9 14 0 13 12 16 17 8 11 18 7 6 8 2 11 5 2 4 17
12 13 22 20 10 21 6 12 2 13 4 13 24 18 2 13 0 23 7 13 16 23 12 10 12 16 13 16 14 11 13 12
29 20 9 8 27 8 16 23 21 10 18 10 8 5 24 12 23 0 23 19 7 4 22 13 18 18 13 9 16 14 10 29
19 7 20 22 16 19 9 5 8 14 9 14 21 18 6 16 7 23 0 7 16 24 5 10 18 21 17 14 18 15 15 19
25 0 14 22 22 14 11 4 13 14 13 14 16 15 12 17 13 19 7 0 13 21 4 9 21 24 18 10 21 17 14 25
24 13 9 9 22 6 10 16 14 5 12 4 9 3 17 8 16 7 16 13 0 8 16 6 14 16 9 4 12 9 4 24
28 22 12 5 26 11 17 24 21 10 18 10 12 6 24 11 23 4 24 21 8 0 24 14 16 16 11 12 14 12 10 28
24 3 18 24 22 17 12 1 13 16 13 16 19 18 11 18 12 22 5 4 16 24 0 11 22 25 20 13 22 18 16 24
19 10 13 13 17 11 4 11 9 5 6 5 14 9 11 7 10 13 10 9 6 14 11 0 12 15 9 6 11 7 5 19
13 21 22 11 11 20 10 21 11 9 9 10 23 15 15 6 12 18 18 21 14 16 22 12 0 3 5 16 2 5 9 13
14 24 24 11 13 22 13 25 14 12 12 12 25 16 18 8 16 18 21 24 16 16 25 15 3 0 7 19 4 8 12 14
17 18 18 8 14 16 8 20 11 5 9 6 18 10 15 2 13 13 17 18 9 11 20 9 5 7 0 12 3 2 5 17
25 10 7 13 22 5 10 13 14 7 12 6 8 6 16 11 16 9 14 10 4 12 13 6 16 19 12 0 15 11 7 25
15 21 21 9 13 19 10 22 12 8 10 9 21 13 16 5 14 16 18 21 12 14 22 11 2 4 3 15 0 4 8 15
16 17 17 9 13 15 6 18 9 4 7 5 18 10 13 2 11 14 15 17 9 12 18 7 5 8 2 11 4 0 4 16
20 15 13 8 17 11 7 16 11 0 9 0 14 6 14 4 13 10 15 14 4 10 16 5 9 12 5 7 8 4 0 20
0 25 32 24 2 30 15 23 12 19 13 20 33 26 13 17 12 29 19 25 24 28 24 19 13 14 17 25 15 16 20 0
,
0 45 84 72 7 47 29 50 24 41 38 55 35 43 20 40 29 85 41 34 27 52 57 23 32 16 17 45 35 40 24 0
27 0 28 23 51 19 31 6 34 18 28 30 38 26 21 32 14 26 12 1 26 31 3 28 40 68 41 27 50 39 31 56
79 31 0 20 39 5 43 25 35 22 51 30 2 9 30 49 38 11 21 35 18 28 18 18 34 36 44 7 44 38 27 85
35 53 45 0 45 37 25 51 39 13 43 22 43 21 41 13 42 23 60 33 26 13 50 35 30 16 8 38 13 27 14 55
3 58 78 24 0 71 21 30 11 41 27 32 80 32 19 27 15 29 30 67 61 67 29 20 21 35 23 23 27 25 43 3
32 18 4 35 32 0 35 51 31 26 35 16 3 9 29 25 22 20 19 24 14 13 39 20 47 61 20 7 48 32 31 46
22 13 40 38 23 41 0 27 12 19 6 16 42 13 18 16 13 21 20 32 29 17 25 10 14 28 15 16 17 15 12 16
31 4 43 51 51 32 32 0 23 24 27 17 20 36 19 53 16 33 8 5 25 70 1 14 33 63 27 18 42 49 25 63
34 13 43 36 18 25 7 16 0 26 5 24 46 34 7 12 4 50 14 24 23 51 17 18 14 17 29 20 30 26 22 31
40 35 36 14 36 26 14 27 27 0 21 1 22 7 23 4 14 12 21 34 8 25 44 13 16 13 10 7 15 5 1 33
32 17 34 43 17 18 3 30 7 15 0 18 55 36 7 14 12 34 25 37 32 23 25 8 13 34 16 36 25 17 10 33
22 33 35 22 37 29 15 35 14 1 20 0 31 13 22 7 16 25 18 25 7 28 32 5 26 13 12 18 15 13 1 35
83 45 2 35 41 7 45 26 35 23 42 20 0 23 37 25 70 9 46 24 12 27 45 30 47 51 25 15 46 25 16 79
43 42 19 14 33 14 35 42 18 17 22 6 15 0 27 11 53 8 36 33 3 15 51 13 27 17 15 12 37 21 15 52
28 24 66 43 19 31 8 13 8 23 9 37 42 53 0 15 4 43 13 15 25 29 21 20 21 48 35 17 37 34 32 39
39 40 27 19 37 41 13 32 26 4 8 5 47 24 24 0 22 28 27 28 16 26 45 20 11 16 4 18 13 4 4 31
13 22 30 44 23 44 16 13 6 34 10 34 52 48 4 18 0 58 16 16 16 62 18 11 33 35 35 22 24 30 24 19
42 50 12 13 74 13 46 34 33 17 20 18 16 10 60 14 27 0 55 20 18 7 23 26 43 47 36 12 20 40 29 71
34 17 44 41 40 46 24 7 19 31 24 18 21 26 10 46 12 33 0 11 26 43 10 13 24 54 39 30 26 24 22 29
68 1 20 36 49 27 23 6 21 30 29 37 18 18 35 34 37 28 9 0 37 39 9 23 36 71 42 15 43 44 34 44
46 35 11 26 28 13 28 41 37 12 24 6 26 6 46 16 33 8 32 39 0 24 30 15 35 46 27 5 25 24 7 55
33 44 36 11 27 28 29 52 42 16 50 11 24 10 51 13 26 10 41 36 14 0 46 38 34 22 20 14 28 20 12 32
48 8 33 70 58 21 33 1 27 34 20 35 52 28 18 20 27 53 9 4 23 62 0 20 51 45 45 18 64 28 28 70
44 13 22 24 37 27 6 26 23 7 15 13 34 9 26 9 21 30 23 28 14 24 25 0 30 21 9 10 25 15 8 25
36 39 65 14 22 56 10 49 25 12 18 11 64 22 35 18 33 48 35 58 39 40 27 20 0 5 13 36 3 9 25 18
19 57 65 12 36 63 19 71 28 24 31 19 58 19 53 13 25 29 56 65 30 25 53 30 9 0 15 27 8 14 13 32
24 39 52 22 26 26 16 30 21 14 9 14 48 12 40 4 36 27 47 36 20 22 23 12 10 10 0 35 4 2 5 40
35 13 17 26 61 14 18 18 25 15 22 15 11 16 25 11 38 26 37 24 7 25 26 13 18 24 17 0 44 26 16 73
33 52 30 20 16 21 21 65 34 24 13 25 32 38 19 9 33 18 52 29 13 19 44 15 3 7 9 26 0 12 10 21
47 47 35 27 21 28 17 26 11 4 12 11 40 17 38 3 25 26 26 27 10 13 53 11 14 19 5 33 12 0 7 43
49 21 17 11 35 23 20 28 31 1 23 1 30 6 36 8 19 16 39 31 9 21 27 7 28 32 9 21 9 9 0 30
0 37 46 39 3 72 23 32 15 51 14 30 34 65 16 30 30 60 23 29 36 44 30 33 17 21 34 36 38 28 21 0