5
30
,
0 (11.0, 48.0) 42.0
1 (40.0, 50.0) 35.0
2 (44.0, 19.0) 61.0
3 (3.0, 4.0) 45.0
4 (39.0, 46.0) 37.0
5 (16.0, 26.0) 76.0
6 (4.0, 46.0) 79.0
7 (8.0, 22.0) 65.0
8 (29.0, 26.0) 38.0
9 (13.0, 23.0) 75.0
10 (30.0, 27.0) 83.0
11 (43.0, 50.0) 33.0
12 (39.0, 33.0) 53.0
13 (1.0, 26.0) 42.0
14 (29.0, 19.0) 34.0
15 (4.0, 23.0) 80.0
16 (48.0, 34.0) 80.0
17 (3.0, 37.0) 35.0
18 (12.0, 48.0) 65.0
19 (34.0, 34.0) 39.0
20 (49.0, 27.0) 34.0
21 (5.0, 47.0) 33.0
22 (22.0, 32.0) 73.0
23 (24.0, 8.0) 37.0
24 (28.0, 3.0) 37.0
25 (29.0, 16.0) 80.0
26 (30.0, 40.0) 82.0
27 (28.0, 10.0) 89.0
28 (26.0, 18.0) 58.0
29 (30.0, 26.0) 60.0
,
0 25 32 24 2 30 15 23 12 19 13 20 33 26 13 17 12 29 19 25 24 28 24 19 13 14 17 25 15 16 20 0
25 0 15 22 22 14 11 4 13 14 13 14 16 16 12 17 13 20 7 0 13 22 3 10 21 24 18 10 21 17 15 25
32 15 0 16 30 2 17 18 21 13 19 13 2 9 23 16 22 9 20 14 9 12 18 13 22 24 18 7 21 17 13 32
24 22 16 0 22 14 14 24 18 8 16 8 16 7 22 8 20 8 22 22 9 5 24 13 11 11 8 13 9 9 8 24
2 22 30 22 0 28 13 21 9 17 11 18 30 23 11 15 10 27 16 22 22 26 22 17 11 13 14 22 13 13 17 2
30 14 2 14 28 0 15 18 20 11 17 11 3 6 21 14 21 8 19 14 6 11 17 11 20 22 16 5 19 15 11 30
15 11 17 14 13 15 0 12 4 6 2 7 18 12 8 7 6 16 9 11 10 17 12 4 10 13 8 10 10 6 7 15
23 4 18 24 21 18 12 0 12 16 12 16 20 19 10 18 12 23 5 4 16 24 1 11 21 25 20 13 22 18 16 23
12 13 21 18 9 20 4 12 0 11 3 11 22 16 4 11 2 21 8 13 14 21 13 9 11 14 11 14 12 9 11 12
19 14 13 8 17 11 6 16 11 0 8 1 14 6 14 4 13 10 14 14 5 10 16 5 9 12 5 7 8 4 0 19
13 13 19 16 11 17 2 12 3 8 0 9 20 14 6 8 4 18 9 13 12 18 13 6 9 12 9 12 10 7 9 13
20 14 13 8 18 11 7 16 11 1 9 0 13 5 15 4 13 10 14 14 4 10 16 5 10 12 6 6 9 5 0 20
33 16 2 16 30 3 18 20 22 14 20 13 0 9 24 17 24 8 21 16 9 12 19 14 23 25 18 8 21 18 14 33
26 16 9 7 23 6 12 19 16 6 14 5 9 0 19 9 18 5 18 15 3 6 18 9 15 16 10 6 13 10 6 26
13 12 23 22 11 21 8 10 4 14 6 15 24 19 0 14 2 24 6 12 17 24 11 11 15 18 15 16 16 13 14 13
17 17 16 8 15 14 7 18 11 4 8 4 17 9 14 0 13 12 16 17 8 11 18 7 6 8 2 11 5 2 4 17
12 13 22 20 10 21 6 12 2 13 4 13 24 18 2 13 0 23 7 13 16 23 12 10 12 16 13 16 14 11 13 12
29 20 9 8 27 8 16 23 21 10 18 10 8 5 24 12 23 0 23 19 7 4 22 13 18 18 13 9 16 14 10 29
19 7 20 22 16 19 9 5 8 14 9 14 21 18 6 16 7 23 0 7 16 24 5 10 18 21 17 14 18 15 15 19
25 0 14 22 22 14 11 4 13 14 13 14 16 15 12 17 13 19 7 0 13 21 4 9 21 24 18 10 21 17 14 25
24 13 9 9 22 6 10 16 14 5 12 4 9 3 17 8 16 7 16 13 0 8 16 6 14 16 9 4 12 9 4 24
28 22 12 5 26 11 17 24 21 10 18 10 12 6 24 11 23 4 24 21 8 0 24 14 16 16 11 12 14 12 10 28
24 3 18 24 22 17 12 1 13 16 13 16 19 18 11 18 12 22 5 4 16 24 0 11 22 25 20 13 22 18 16 24
19 10 13 13 17 11 4 11 9 5 6 5 14 9 11 7 10 13 10 9 6 14 11 0 12 15 9 6 11 7 5 19
13 21 22 11 11 20 10 21 11 9 9 10 23 15 15 6 12 18 18 21 14 16 22 12 0 3 5 16 2 5 9 13
14 24 24 11 13 22 13 25 14 12 12 12 25 16 18 8 16 18 21 24 16 16 25 15 3 0 7 19 4 8 12 14
17 18 18 8 14 16 8 20 11 5 9 6 18 10 15 2 13 13 17 18 9 11 20 9 5 7 0 12 3 2 5 17
25 10 7 13 22 5 10 13 14 7 12 6 8 6 16 11 16 9 14 10 4 12 13 6 16 19 12 0 15 11 7 25
15 21 21 9 13 19 10 22 12 8 10 9 21 13 16 5 14 16 18 21 12 14 22 11 2 4 3 15 0 4 8 15
16 17 17 9 13 15 6 18 9 4 7 5 18 10 13 2 11 14 15 17 9 12 18 7 5 8 2 11 4 0 4 16
20 15 13 8 17 11 7 16 11 0 9 0 14 6 14 4 13 10 15 14 4 10 16 5 9 12 5 7 8 4 0 20
0 25 32 24 2 30 15 23 12 19 13 20 33 26 13 17 12 29 19 25 24 28 24 19 13 14 17 25 15 16 20 0
,
0 27 57 32 3 63 31 35 25 31 18 52 68 71 37 24 35 42 29 37 48 64 58 28 27 17 27 42 26 36 49 0
45 0 20 59 39 15 23 7 38 18 22 15 34 38 14 50 22 57 12 1 29 36 8 26 47 26 33 22 50 25 28 49
41 19 0 16 48 5 34 24 51 37 38 31 4 16 45 33 58 17 28 20 19 13 30 34 64 70 49 20 52 39 16 84
47 57 41 0 31 26 20 39 28 20 40 22 24 11 64 10 30 22 31 24 17 10 37 24 15 13 13 22 22 27 15 51
7 32 47 39 0 75 14 41 11 51 27 27 56 55 27 26 27 36 36 36 56 68 59 25 16 18 25 51 29 37 39 5
72 23 3 35 33 0 38 28 32 14 43 15 4 12 24 39 26 19 41 36 7 31 44 15 33 31 47 8 41 17 30 77
19 13 46 20 33 24 0 34 8 9 4 19 34 29 21 19 16 30 22 25 17 49 34 11 22 38 14 21 30 18 13 40
24 7 45 59 30 28 29 0 24 46 30 28 22 49 25 51 24 52 10 11 34 67 1 21 64 29 29 22 64 53 42 60
26 21 41 39 15 54 6 35 0 17 5 31 61 33 6 11 3 62 16 14 39 61 34 24 31 24 14 40 35 14 17 29
20 24 15 11 42 23 19 24 20 0 13 2 41 12 15 7 15 12 30 36 11 27 26 13 23 26 10 8 24 11 1 53
22 22 43 36 26 43 6 29 7 24 0 23 20 29 18 20 5 40 18 28 12 39 25 16 16 21 18 24 13 9 13 26
50 20 14 17 37 23 11 36 24 2 11 0 32 13 39 9 19 11 17 33 6 15 37 10 28 24 6 10 11 11 1 21
59 34 4 23 52 5 41 46 32 30 33 33 0 9 66 24 55 21 46 25 24 23 53 20 35 44 28 13 22 34 21 87
42 27 14 11 57 14 33 31 21 9 38 6 9 0 42 17 53 6 47 20 6 13 24 17 28 33 27 17 33 10 12 44
27 14 60 45 23 37 10 22 12 22 10 24 49 27 0 33 4 36 6 34 34 56 31 13 39 44 38 17 16 36 36 16
50 44 49 18 32 30 12 33 15 7 11 8 23 19 17 0 16 17 31 48 20 23 45 19 14 21 4 24 7 4 4 43
34 28 52 37 27 58 10 14 3 33 12 21 31 48 6 26 0 47 10 29 32 40 19 26 37 41 20 45 26 15 37 33
83 31 19 22 68 22 26 53 28 28 51 27 9 9 28 13 28 0 64 42 8 6 51 28 29 35 33 27 27 38 27 57
36 13 37 66 21 26 14 11 10 40 16 15 42 24 11 21 10 52 0 8 43 32 9 26 47 27 50 38 27 17 17 22
70 1 34 64 28 27 15 7 25 19 24 26 22 23 21 44 28 28 13 0 38 58 4 16 29 34 22 19 36 33 41 26
55 14 9 13 27 15 14 31 36 14 24 7 13 5 40 18 44 11 16 31 0 23 17 13 37 39 17 4 23 25 12 54
30 38 29 7 45 24 25 62 30 18 37 10 20 6 49 17 36 5 54 49 11 0 54 32 38 46 19 21 37 32 22 76
48 3 51 42 25 44 25 1 16 29 19 17 34 52 25 48 31 56 11 8 26 30 0 12 29 42 58 20 24 21 42 68
54 17 25 26 24 29 10 32 23 10 16 13 15 19 17 9 14 38 22 12 13 24 20 0 19 35 10 12 19 14 12 43
13 61 23 26 32 44 22 41 13 11 26 27 42 38 24 18 15 35 48 43 21 41 46 25 0 6 8 31 4 5 27 32
20 62 68 30 26 44 36 44 15 32 37 27 59 29 38 13 47 44 61 65 18 42 31 30 5 0 13 31 10 18 18 21
37 34 19 23 18 39 20 36 33 7 16 7 43 22 42 2 35 25 32 42 16 22 33 22 10 14 0 20 8 4 7 38
44 15 19 20 25 7 11 27 41 18 28 15 9 14 20 15 20 24 38 13 9 31 30 8 29 23 15 0 25 20 12 48
42 56 49 14 36 53 25 62 31 9 15 24 55 28 34 11 27 19 32 28 28 15 54 28 4 10 3 45 0 6 24 40
24 39 38 18 22 33 13 22 11 10 7 14 36 22 20 3 25 30 35 42 20 33 32 7 13 16 3 33 4 0 7 19
59 42 25 19 28 26 15 32 23 1 14 1 24 17 31 5 32 14 30 35 6 19 38 12 13 12 14 11 19 6 0 20
0 44 76 60 3 81 44 35 19 55 32 46 37 45 18 40 20 53 55 62 40 71 51 25 16 23 24 69 33 42 23 0