5
30
,
0 (22.0, 19.0) 12.0
1 (31.0, 29.0) 13.0
2 (23.0, 37.0) 20.0
3 (41.0, 46.0) 25.0
4 (25.0, 31.0) 38.0
5 (10.0, 4.0) 44.0
6 (11.0, 26.0) 43.0
7 (20.0, 49.0) 32.0
8 (25.0, 49.0) 27.0
9 (2.0, 35.0) 30.0
10 (2.0, 9.0) 12.0
11 (24.0, 32.0) 37.0
12 (31.0, 12.0) 32.0
13 (2.0, 27.0) 11.0
14 (18.0, 12.0) 22.0
15 (16.0, 30.0) 37.0
16 (33.0, 32.0) 28.0
17 (33.0, 43.0) 36.0
18 (31.0, 49.0) 12.0
19 (45.0, 49.0) 36.0
20 (46.0, 23.0) 22.0
21 (38.0, 30.0) 27.0
22 (8.0, 28.0) 11.0
23 (19.0, 15.0) 11.0
24 (40.0, 5.0) 26.0
25 (29.0, 19.0) 33.0
26 (1.0, 4.0) 16.0
27 (36.0, 34.0) 18.0
28 (25.0, 12.0) 22.0
29 (5.0, 17.0) 10.0
,
0 3 4 7 2 4 3 6 6 5 4 3 2 4 2 3 3 5 6 8 5 4 3 1 5 1 5 4 2 3
3 0 2 4 1 7 4 5 4 6 7 2 3 6 4 3 1 3 4 5 3 1 5 4 5 2 8 1 4 6
4 2 0 4 1 7 3 2 2 4 7 1 5 5 5 2 2 2 3 5 5 3 3 4 7 4 8 3 5 5
7 4 4 0 4 10 7 4 3 8 11 4 7 9 8 6 3 2 2 1 5 3 8 8 8 6 12 3 8 9
2 1 1 4 0 6 3 4 4 5 6 0 4 5 4 2 2 3 4 5 4 3 3 3 6 3 7 2 4 5
4 7 7 10 6 0 4 9 9 6 2 6 4 5 2 5 7 9 10 11 8 8 5 3 6 5 2 8 3 3
3 4 3 7 3 4 0 5 5 3 4 3 5 2 3 1 5 6 6 8 7 5 1 3 7 4 5 5 4 2
6 5 2 4 4 9 5 0 1 5 9 3 8 6 7 4 4 3 2 5 7 5 5 7 10 6 10 4 7 7
6 4 2 3 4 9 5 1 0 5 9 3 7 6 8 4 4 2 1 4 7 5 5 7 9 6 10 4 7 8
5 6 4 8 5 6 3 5 5 0 5 4 7 2 6 3 6 6 6 9 9 7 2 5 10 6 6 7 7 4
4 7 7 11 6 2 4 9 9 5 0 6 6 4 3 5 8 9 10 12 9 8 4 4 8 6 1 8 5 2
3 2 1 4 0 6 3 3 3 4 6 0 4 5 4 2 2 3 4 5 5 3 3 4 6 3 7 2 4 5
2 3 5 7 4 4 5 8 7 7 6 4 0 7 3 5 4 6 7 8 4 4 6 2 2 1 6 5 1 5
4 6 5 9 5 5 2 6 6 2 4 5 7 0 4 3 6 7 7 10 9 7 1 4 9 6 5 7 5 2
2 4 5 8 4 2 3 7 8 6 3 4 3 4 0 4 5 7 8 9 6 5 4 1 5 3 4 6 1 3
3 3 2 6 2 5 1 4 4 3 5 2 5 3 4 0 3 4 5 7 6 4 2 3 7 3 6 4 4 3
3 1 2 3 2 7 5 4 4 6 8 2 4 6 5 3 0 2 3 4 3 1 5 4 6 3 9 1 4 6
5 3 2 2 3 9 6 3 2 6 9 3 6 7 7 4 2 0 1 3 5 3 6 6 8 5 10 2 6 8
6 4 3 2 4 10 6 2 1 6 10 4 7 7 8 5 3 1 0 3 6 4 6 7 9 6 11 3 7 8
8 5 5 1 5 11 8 5 4 9 12 5 8 10 9 7 4 3 3 0 5 4 9 9 9 7 13 3 8 10
5 3 5 5 4 8 7 7 7 9 9 5 4 9 6 6 3 5 6 5 0 2 8 6 4 3 10 3 5 8
4 1 3 3 3 8 5 5 5 7 8 3 4 7 5 4 1 3 4 4 2 0 6 5 5 3 9 1 4 7
3 5 3 8 3 5 1 5 5 2 4 3 6 1 4 2 5 6 6 9 8 6 0 3 8 5 5 6 5 2
1 4 4 8 3 3 3 7 7 5 4 4 2 4 1 3 4 6 7 9 6 5 3 0 5 2 4 5 1 3
5 5 7 8 6 6 7 10 9 10 8 6 2 9 5 7 6 8 9 9 4 5 8 5 0 4 8 6 3 7
1 2 4 6 3 5 4 6 6 6 6 3 1 6 3 3 3 5 6 7 3 3 5 2 4 0 6 3 2 5
5 8 8 12 7 2 5 10 10 6 1 7 6 5 4 6 9 10 11 13 10 9 5 4 8 6 0 9 5 3
4 1 3 3 2 8 5 4 4 7 8 2 5 7 6 4 1 2 3 3 3 1 6 5 6 3 9 0 5 7
2 4 5 8 4 3 4 7 7 7 5 4 1 5 1 4 4 6 7 8 5 4 5 1 3 2 5 5 0 4
3 6 5 9 5 3 2 7 8 4 2 5 5 2 3 3 6 8 8 10 8 7 2 3 7 5 3 7 4 0
,
0 16 11 33 18 12 20 28 18 22 25 18 17 29 5 7 11 14 31 25 17 13 13 5 14 5 34 19 10 18
17 0 12 26 8 28 22 22 19 34 37 10 23 42 13 16 5 9 13 23 16 4 33 18 16 9 43 10 13 43
22 9 0 30 4 44 14 8 15 23 24 3 33 28 21 11 10 15 10 25 16 17 19 26 20 20 30 7 13 35
18 14 18 0 22 34 51 17 24 52 67 30 40 55 23 38 12 6 10 5 14 16 26 21 59 29 83 8 38 32
7 6 3 21 0 35 13 26 12 23 29 2 21 29 16 13 10 19 14 37 23 15 11 19 36 12 20 16 28 34
13 34 21 37 24 0 29 39 25 24 9 20 15 35 13 28 18 53 27 54 47 31 26 15 26 28 11 58 17 12
7 12 23 21 11 15 0 23 19 10 28 10 23 5 15 7 29 33 28 42 25 37 4 14 43 16 28 13 11 15
36 15 17 12 14 45 33 0 6 19 36 16 30 29 19 28 19 20 15 23 44 18 25 21 60 27 51 31 50 33
44 14 10 13 11 44 36 5 0 29 69 13 54 31 39 21 14 6 6 28 22 34 18 51 38 39 54 22 45 30
13 39 18 27 23 17 9 24 38 0 26 28 48 9 19 21 26 30 22 33 54 23 13 27 46 23 21 38 32 22
31 46 44 54 30 8 24 51 62 35 0 37 32 18 13 24 45 40 58 31 68 59 24 20 51 26 6 38 28 5
7 10 3 21 2 25 15 11 15 24 27 0 18 20 31 10 6 8 15 27 14 21 10 17 41 12 20 17 22 34
8 9 34 49 13 27 34 30 45 51 37 13 0 27 17 12 19 44 48 47 12 26 34 16 8 7 34 15 6 20
17 24 15 47 21 13 11 28 20 11 16 26 26 0 25 8 25 24 38 41 26 54 5 18 55 17 27 43 27 8
10 31 33 58 24 12 13 30 54 15 21 16 17 29 0 16 30 20 28 38 45 37 24 4 16 11 28 16 4 19
15 17 12 23 5 14 8 24 21 19 37 5 15 14 17 0 18 14 19 20 26 14 7 11 20 20 45 19 30 19
18 2 16 21 7 20 26 26 19 37 52 7 23 38 29 16 0 7 18 17 14 3 16 20 41 7 49 4 30 32
33 21 8 7 19 53 32 9 6 37 35 19 27 19 24 12 16 0 8 15 34 19 17 29 26 32 57 12 24 31
25 17 8 6 16 48 30 15 5 22 52 21 41 25 48 26 16 8 0 12 25 18 40 26 32 39 49 13 25 55
26 15 33 5 29 35 51 13 20 29 49 34 24 57 36 35 14 17 18 0 26 16 46 55 34 49 93 19 51 35
29 9 25 18 24 54 19 46 17 42 68 19 24 62 27 35 19 24 36 26 0 9 38 36 27 12 33 19 25 38
25 8 9 20 7 42 40 38 12 29 47 12 16 19 16 23 6 9 14 27 9 0 38 16 36 13 54 5 22 24
23 17 23 32 20 35 3 28 19 11 17 10 36 6 13 9 15 42 28 49 23 36 0 14 36 33 17 33 34 15
5 14 13 45 22 10 20 19 18 36 26 10 12 29 3 10 27 26 18 28 16 26 23 0 25 5 31 20 9 14
34 23 53 37 16 25 36 31 63 27 29 33 6 61 18 38 31 22 33 65 19 33 48 25 0 16 32 15 24 30
9 7 19 17 11 21 29 36 30 23 43 12 8 18 19 16 17 18 32 29 16 10 27 16 19 0 26 10 6 13
31 28 44 57 23 9 36 40 43 18 6 44 29 18 17 25 52 70 35 72 60 25 35 23 52 17 0 52 15 9
17 8 15 13 16 37 15 32 10 48 33 17 21 45 23 13 4 11 15 14 22 3 28 18 21 13 37 0 33 20
6 12 23 36 15 16 18 42 20 19 32 21 5 17 5 18 26 37 38 63 16 24 14 8 15 4 17 28 0 11
16 21 32 31 31 15 7 21 22 21 11 16 23 13 16 23 31 28 50 59 23 50 8 12 31 29 13 26 20 0