5
30
,
0 (22.0, 19.0) 13.0
1 (31.0, 29.0) 24.0
2 (23.0, 37.0) 48.0
3 (41.0, 46.0) 40.0
4 (25.0, 31.0) 29.0
5 (10.0, 4.0) 20.0
6 (11.0, 26.0) 14.0
7 (20.0, 49.0) 13.0
8 (25.0, 49.0) 40.0
9 (2.0, 35.0) 11.0
10 (2.0, 9.0) 16.0
11 (24.0, 32.0) 12.0
12 (31.0, 12.0) 10.0
13 (2.0, 27.0) 23.0
14 (18.0, 12.0) 45.0
15 (16.0, 30.0) 11.0
16 (33.0, 32.0) 31.0
17 (33.0, 43.0) 24.0
18 (31.0, 49.0) 19.0
19 (45.0, 49.0) 30.0
20 (46.0, 23.0) 19.0
21 (38.0, 30.0) 36.0
22 (8.0, 28.0) 44.0
23 (19.0, 15.0) 15.0
24 (40.0, 5.0) 48.0
25 (29.0, 19.0) 44.0
26 (1.0, 4.0) 45.0
27 (36.0, 34.0) 33.0
28 (25.0, 12.0) 24.0
29 (5.0, 17.0) 15.0
,
0 3 4 7 2 4 3 6 6 5 4 3 2 4 2 3 3 5 6 8 5 4 3 1 5 1 5 4 2 3
3 0 2 4 1 7 4 5 4 6 7 2 3 6 4 3 1 3 4 5 3 1 5 4 5 2 8 1 4 6
4 2 0 4 1 7 3 2 2 4 7 1 5 5 5 2 2 2 3 5 5 3 3 4 7 4 8 3 5 5
7 4 4 0 4 10 7 4 3 8 11 4 7 9 8 6 3 2 2 1 5 3 8 8 8 6 12 3 8 9
2 1 1 4 0 6 3 4 4 5 6 0 4 5 4 2 2 3 4 5 4 3 3 3 6 3 7 2 4 5
4 7 7 10 6 0 4 9 9 6 2 6 4 5 2 5 7 9 10 11 8 8 5 3 6 5 2 8 3 3
3 4 3 7 3 4 0 5 5 3 4 3 5 2 3 1 5 6 6 8 7 5 1 3 7 4 5 5 4 2
6 5 2 4 4 9 5 0 1 5 9 3 8 6 7 4 4 3 2 5 7 5 5 7 10 6 10 4 7 7
6 4 2 3 4 9 5 1 0 5 9 3 7 6 8 4 4 2 1 4 7 5 5 7 9 6 10 4 7 8
5 6 4 8 5 6 3 5 5 0 5 4 7 2 6 3 6 6 6 9 9 7 2 5 10 6 6 7 7 4
4 7 7 11 6 2 4 9 9 5 0 6 6 4 3 5 8 9 10 12 9 8 4 4 8 6 1 8 5 2
3 2 1 4 0 6 3 3 3 4 6 0 4 5 4 2 2 3 4 5 5 3 3 4 6 3 7 2 4 5
2 3 5 7 4 4 5 8 7 7 6 4 0 7 3 5 4 6 7 8 4 4 6 2 2 1 6 5 1 5
4 6 5 9 5 5 2 6 6 2 4 5 7 0 4 3 6 7 7 10 9 7 1 4 9 6 5 7 5 2
2 4 5 8 4 2 3 7 8 6 3 4 3 4 0 4 5 7 8 9 6 5 4 1 5 3 4 6 1 3
3 3 2 6 2 5 1 4 4 3 5 2 5 3 4 0 3 4 5 7 6 4 2 3 7 3 6 4 4 3
3 1 2 3 2 7 5 4 4 6 8 2 4 6 5 3 0 2 3 4 3 1 5 4 6 3 9 1 4 6
5 3 2 2 3 9 6 3 2 6 9 3 6 7 7 4 2 0 1 3 5 3 6 6 8 5 10 2 6 8
6 4 3 2 4 10 6 2 1 6 10 4 7 7 8 5 3 1 0 3 6 4 6 7 9 6 11 3 7 8
8 5 5 1 5 11 8 5 4 9 12 5 8 10 9 7 4 3 3 0 5 4 9 9 9 7 13 3 8 10
5 3 5 5 4 8 7 7 7 9 9 5 4 9 6 6 3 5 6 5 0 2 8 6 4 3 10 3 5 8
4 1 3 3 3 8 5 5 5 7 8 3 4 7 5 4 1 3 4 4 2 0 6 5 5 3 9 1 4 7
3 5 3 8 3 5 1 5 5 2 4 3 6 1 4 2 5 6 6 9 8 6 0 3 8 5 5 6 5 2
1 4 4 8 3 3 3 7 7 5 4 4 2 4 1 3 4 6 7 9 6 5 3 0 5 2 4 5 1 3
5 5 7 8 6 6 7 10 9 10 8 6 2 9 5 7 6 8 9 9 4 5 8 5 0 4 8 6 3 7
1 2 4 6 3 5 4 6 6 6 6 3 1 6 3 3 3 5 6 7 3 3 5 2 4 0 6 3 2 5
5 8 8 12 7 2 5 10 10 6 1 7 6 5 4 6 9 10 11 13 10 9 5 4 8 6 0 9 5 3
4 1 3 3 2 8 5 4 4 7 8 2 5 7 6 4 1 2 3 3 3 1 6 5 6 3 9 0 5 7
2 4 5 8 4 3 4 7 7 7 5 4 1 5 1 4 4 6 7 8 5 4 5 1 3 2 5 5 0 4
3 6 5 9 5 3 2 7 8 4 2 5 5 2 3 3 6 8 8 10 8 7 2 3 7 5 3 7 4 0
,
0 17 27 38 14 26 9 30 44 13 17 13 9 27 5 8 15 24 28 23 14 10 25 3 14 4 18 10 10 10
12 0 10 22 4 35 15 15 24 21 47 8 18 21 13 8 3 13 21 25 21 8 20 21 33 5 40 8 26 32
11 12 0 29 4 35 19 8 8 25 50 7 17 23 31 12 11 8 13 14 34 22 17 12 45 11 56 13 37 37
40 17 30 0 16 76 40 20 11 32 45 17 27 37 39 42 22 12 5 4 31 16 26 42 34 39 69 16 33 69
14 4 7 12 0 16 14 17 12 18 29 2 28 26 10 8 9 9 13 26 21 15 25 22 35 11 41 10 15 16
22 45 48 62 16 0 13 66 31 41 5 36 27 34 11 34 36 42 27 54 28 38 16 21 36 27 12 58 23 9
18 18 22 52 21 21 0 26 23 11 23 12 22 8 12 7 31 25 19 26 28 19 4 12 32 10 22 35 26 16
29 26 12 22 20 55 31 0 7 20 50 21 22 16 23 26 23 13 7 14 40 21 32 17 34 43 27 31 54 26
19 18 17 13 13 27 31 6 0 17 48 20 27 28 34 11 19 8 4 19 36 31 31 41 66 38 27 14 41 22
32 23 28 44 14 21 15 25 34 0 39 31 19 5 41 14 24 17 37 25 32 22 6 23 59 22 38 40 46 9
21 19 37 79 43 14 19 34 45 37 0 31 37 25 18 15 53 47 42 78 67 23 16 18 39 30 7 21 21 11
7 9 3 29 1 23 19 21 24 16 22 0 27 15 11 7 10 10 14 36 24 13 15 21 33 15 29 9 28 23
9 15 26 35 27 13 17 55 48 46 22 31 0 37 13 21 17 16 34 27 17 17 22 16 17 4 37 19 6 36
26 21 14 51 17 24 12 33 16 11 13 19 47 0 26 16 16 36 32 69 41 27 5 21 47 25 27 24 36 9
11 16 24 30 18 6 9 36 49 31 19 18 18 27 0 26 34 23 43 31 23 37 16 3 32 19 10 17 4 13
14 9 14 42 6 36 4 16 14 16 37 11 13 18 17 0 20 18 13 28 39 25 9 20 51 22 25 19 27 22
26 4 6 18 10 35 12 26 28 45 38 7 22 35 15 11 0 7 13 17 18 4 36 20 30 20 28 5 20 27
34 14 12 6 15 25 16 20 12 38 61 21 30 23 28 24 8 0 6 18 27 13 34 39 55 16 26 7 33 49
21 24 17 14 23 45 31 16 9 25 29 25 21 19 45 34 11 4 0 9 17 20 26 34 29 23 78 12 35 37
44 15 20 3 15 62 38 35 17 60 31 22 34 61 68 41 26 13 14 0 24 27 46 51 57 27 91 16 41 68
25 15 14 33 33 31 33 50 46 65 41 30 10 39 43 32 13 16 24 31 0 7 52 27 17 21 45 13 34 50
20 6 18 23 11 30 28 22 27 19 48 17 26 23 32 20 6 18 26 19 11 0 39 14 37 21 52 5 16 32
11 15 26 54 11 28 2 35 25 11 27 13 26 8 11 7 16 23 21 33 45 29 0 23 53 29 25 25 19 8
6 24 19 27 11 18 9 35 47 14 16 13 17 14 4 8 32 38 35 53 15 14 22 0 29 6 11 31 8 7
13 25 21 43 22 16 21 54 48 53 31 34 15 23 13 32 31 35 50 29 17 17 54 15 0 15 37 37 22 45
4 5 11 35 13 34 25 43 15 32 31 10 6 37 7 13 13 25 34 48 18 14 29 16 24 0 33 11 5 15
13 29 59 50 29 5 28 44 66 28 5 44 44 22 26 33 44 46 68 88 65 48 36 18 35 46 0 66 31 12
30 5 11 16 7 37 20 12 20 20 25 7 28 31 40 24 2 7 10 17 16 5 40 34 34 15 31 0 25 50
11 24 27 56 15 12 13 43 50 32 14 25 6 35 9 25 24 25 30 31 34 26 26 4 14 7 19 22 0 21
12 20 28 67 36 21 7 53 55 24 8 28 32 12 7 20 42 42 46 37 52 36 10 14 21 14 13 20 22 0