5
30
,
0 (22.0, 19.0) 17.0
1 (31.0, 29.0) 39.0
2 (23.0, 37.0) 17.0
3 (41.0, 46.0) 46.0
4 (25.0, 31.0) 32.0
5 (10.0, 4.0) 26.0
6 (11.0, 26.0) 16.0
7 (20.0, 49.0) 49.0
8 (25.0, 49.0) 25.0
9 (2.0, 35.0) 47.0
10 (2.0, 9.0) 13.0
11 (24.0, 32.0) 19.0
12 (31.0, 12.0) 11.0
13 (2.0, 27.0) 15.0
14 (18.0, 12.0) 34.0
15 (16.0, 30.0) 18.0
16 (33.0, 32.0) 25.0
17 (33.0, 43.0) 48.0
18 (31.0, 49.0) 14.0
19 (45.0, 49.0) 40.0
20 (46.0, 23.0) 21.0
21 (38.0, 30.0) 48.0
22 (8.0, 28.0) 14.0
23 (19.0, 15.0) 14.0
24 (40.0, 5.0) 32.0
25 (29.0, 19.0) 45.0
26 (1.0, 4.0) 22.0
27 (36.0, 34.0) 30.0
28 (25.0, 12.0) 40.0
29 (5.0, 17.0) 21.0
,
0 3 4 7 2 4 3 6 6 5 4 3 2 4 2 3 3 5 6 8 5 4 3 1 5 1 5 4 2 3
3 0 2 4 1 7 4 5 4 6 7 2 3 6 4 3 1 3 4 5 3 1 5 4 5 2 8 1 4 6
4 2 0 4 1 7 3 2 2 4 7 1 5 5 5 2 2 2 3 5 5 3 3 4 7 4 8 3 5 5
7 4 4 0 4 10 7 4 3 8 11 4 7 9 8 6 3 2 2 1 5 3 8 8 8 6 12 3 8 9
2 1 1 4 0 6 3 4 4 5 6 0 4 5 4 2 2 3 4 5 4 3 3 3 6 3 7 2 4 5
4 7 7 10 6 0 4 9 9 6 2 6 4 5 2 5 7 9 10 11 8 8 5 3 6 5 2 8 3 3
3 4 3 7 3 4 0 5 5 3 4 3 5 2 3 1 5 6 6 8 7 5 1 3 7 4 5 5 4 2
6 5 2 4 4 9 5 0 1 5 9 3 8 6 7 4 4 3 2 5 7 5 5 7 10 6 10 4 7 7
6 4 2 3 4 9 5 1 0 5 9 3 7 6 8 4 4 2 1 4 7 5 5 7 9 6 10 4 7 8
5 6 4 8 5 6 3 5 5 0 5 4 7 2 6 3 6 6 6 9 9 7 2 5 10 6 6 7 7 4
4 7 7 11 6 2 4 9 9 5 0 6 6 4 3 5 8 9 10 12 9 8 4 4 8 6 1 8 5 2
3 2 1 4 0 6 3 3 3 4 6 0 4 5 4 2 2 3 4 5 5 3 3 4 6 3 7 2 4 5
2 3 5 7 4 4 5 8 7 7 6 4 0 7 3 5 4 6 7 8 4 4 6 2 2 1 6 5 1 5
4 6 5 9 5 5 2 6 6 2 4 5 7 0 4 3 6 7 7 10 9 7 1 4 9 6 5 7 5 2
2 4 5 8 4 2 3 7 8 6 3 4 3 4 0 4 5 7 8 9 6 5 4 1 5 3 4 6 1 3
3 3 2 6 2 5 1 4 4 3 5 2 5 3 4 0 3 4 5 7 6 4 2 3 7 3 6 4 4 3
3 1 2 3 2 7 5 4 4 6 8 2 4 6 5 3 0 2 3 4 3 1 5 4 6 3 9 1 4 6
5 3 2 2 3 9 6 3 2 6 9 3 6 7 7 4 2 0 1 3 5 3 6 6 8 5 10 2 6 8
6 4 3 2 4 10 6 2 1 6 10 4 7 7 8 5 3 1 0 3 6 4 6 7 9 6 11 3 7 8
8 5 5 1 5 11 8 5 4 9 12 5 8 10 9 7 4 3 3 0 5 4 9 9 9 7 13 3 8 10
5 3 5 5 4 8 7 7 7 9 9 5 4 9 6 6 3 5 6 5 0 2 8 6 4 3 10 3 5 8
4 1 3 3 3 8 5 5 5 7 8 3 4 7 5 4 1 3 4 4 2 0 6 5 5 3 9 1 4 7
3 5 3 8 3 5 1 5 5 2 4 3 6 1 4 2 5 6 6 9 8 6 0 3 8 5 5 6 5 2
1 4 4 8 3 3 3 7 7 5 4 4 2 4 1 3 4 6 7 9 6 5 3 0 5 2 4 5 1 3
5 5 7 8 6 6 7 10 9 10 8 6 2 9 5 7 6 8 9 9 4 5 8 5 0 4 8 6 3 7
1 2 4 6 3 5 4 6 6 6 6 3 1 6 3 3 3 5 6 7 3 3 5 2 4 0 6 3 2 5
5 8 8 12 7 2 5 10 10 6 1 7 6 5 4 6 9 10 11 13 10 9 5 4 8 6 0 9 5 3
4 1 3 3 2 8 5 4 4 7 8 2 5 7 6 4 1 2 3 3 3 1 6 5 6 3 9 0 5 7
2 4 5 8 4 3 4 7 7 7 5 4 1 5 1 4 4 6 7 8 5 4 5 1 3 2 5 5 0 4
3 6 5 9 5 3 2 7 8 4 2 5 5 2 3 3 6 8 8 10 8 7 2 3 7 5 3 7 4 0
,
0 11 13 19 17 20 18 20 39 20 17 10 6 25 6 15 10 29 37 33 21 22 22 7 16 10 33 21 11 20
19 0 9 28 8 46 24 22 19 40 38 5 11 19 28 9 4 20 28 35 20 6 20 23 32 8 58 6 9 28
21 13 0 22 5 52 19 13 18 18 47 7 31 33 16 13 8 7 15 29 14 10 26 21 46 13 37 11 27 39
40 15 17 0 29 34 31 21 17 45 58 17 51 50 56 24 17 5 8 7 14 16 46 22 48 17 50 15 36 58
18 8 6 17 0 29 12 26 27 29 47 2 20 20 30 10 10 12 24 34 25 16 26 12 22 12 45 17 14 21
26 44 25 50 38 0 14 36 29 24 9 36 16 15 16 22 22 42 70 60 56 38 16 17 21 20 8 50 22 20
9 17 15 27 9 32 0 24 21 8 14 8 23 13 15 8 14 23 27 27 34 22 4 12 21 21 26 28 18 11
40 23 11 17 28 39 23 0 6 18 40 20 33 37 27 23 17 11 14 21 46 31 18 46 31 26 41 11 35 45
17 21 9 11 25 39 19 4 0 39 49 25 36 30 37 26 16 15 5 25 45 24 29 33 34 38 61 13 32 53
14 25 14 43 30 30 17 28 14 0 37 25 34 6 23 12 25 30 39 38 67 33 7 25 48 22 34 48 28 13
12 39 19 50 30 9 21 35 49 33 0 39 19 19 22 37 36 58 30 44 42 60 27 9 40 17 4 37 31 8
12 6 7 29 1 27 15 18 21 24 17 0 29 14 13 10 13 10 16 14 29 18 21 12 40 17 24 11 22 14
14 24 33 31 28 20 22 56 27 46 35 16 0 20 10 35 18 20 23 32 16 19 14 8 12 7 22 21 8 36
18 28 33 28 21 25 8 29 17 10 12 14 38 0 27 16 27 26 20 54 45 21 9 31 25 16 22 46 19 11
5 23 28 23 13 15 15 47 26 42 24 14 16 26 0 21 27 19 44 50 33 19 10 5 19 19 18 35 7 21
14 11 5 39 7 26 7 10 27 16 27 8 19 16 11 0 14 19 34 50 40 29 11 8 27 19 17 16 29 21
10 3 12 14 5 50 34 31 11 46 58 9 14 16 15 10 0 13 20 12 21 5 16 21 22 9 25 4 22 19
38 10 10 8 15 60 19 17 6 26 44 17 21 24 39 30 8 0 7 17 29 9 16 19 57 30 61 10 16 21
39 13 18 10 15 46 15 16 5 22 65 21 54 53 27 13 19 7 0 13 41 10 25 48 52 28 34 22 50 60
23 14 15 7 34 38 24 37 10 47 77 16 23 52 59 34 19 10 18 0 19 22 31 46 42 39 89 11 40 27
13 17 23 23 12 50 21 29 32 41 32 34 19 63 16 24 23 19 26 21 0 12 54 38 22 11 33 14 23 35
16 10 14 8 8 19 30 29 25 22 37 9 13 21 37 26 6 10 18 30 12 0 33 36 13 15 34 3 13 22
23 32 18 39 25 26 5 18 31 5 17 17 21 4 17 9 24 21 28 23 36 24 0 12 39 15 15 37 12 14
4 14 18 34 10 14 8 48 44 31 17 13 14 11 3 10 30 23 48 56 34 26 13 0 32 9 15 34 9 12
24 35 47 59 22 28 44 44 56 47 42 40 7 66 24 20 34 40 54 49 10 30 41 29 0 12 31 36 20 55
7 7 17 16 13 28 14 20 24 24 33 18 9 32 16 9 13 31 31 31 21 16 19 10 10 0 33 20 10 17
26 56 51 34 46 8 17 70 76 33 6 28 23 34 27 28 39 69 76 52 44 24 17 24 29 23 0 33 36 13
21 9 11 12 17 21 26 25 21 31 56 8 25 28 16 29 3 5 15 23 11 6 26 30 15 13 26 0 26 44
5 20 28 46 28 19 18 51 51 27 28 25 7 21 5 12 12 36 31 62 24 29 28 5 22 5 17 30 0 29
11 29 16 41 32 19 8 49 43 21 4 14 14 14 12 19 21 38 26 49 58 30 6 18 46 36 10 36 30 0