5
30
,
0 (22.0, 19.0) 34.0
1 (31.0, 29.0) 19.0
2 (23.0, 37.0) 19.0
3 (41.0, 46.0) 32.0
4 (25.0, 31.0) 12.0
5 (10.0, 4.0) 14.0
6 (11.0, 26.0) 17.0
7 (20.0, 49.0) 10.0
8 (25.0, 49.0) 34.0
9 (2.0, 35.0) 26.0
10 (2.0, 9.0) 13.0
11 (24.0, 32.0) 26.0
12 (31.0, 12.0) 34.0
13 (2.0, 27.0) 27.0
14 (18.0, 12.0) 36.0
15 (16.0, 30.0) 19.0
16 (33.0, 32.0) 19.0
17 (33.0, 43.0) 23.0
18 (31.0, 49.0) 30.0
19 (45.0, 49.0) 28.0
20 (46.0, 23.0) 36.0
21 (38.0, 30.0) 29.0
22 (8.0, 28.0) 20.0
23 (19.0, 15.0) 20.0
24 (40.0, 5.0) 39.0
25 (29.0, 19.0) 15.0
26 (1.0, 4.0) 36.0
27 (36.0, 34.0) 34.0
28 (25.0, 12.0) 50.0
29 (5.0, 17.0) 19.0
,
0 3 4 7 2 4 3 6 6 5 4 3 2 4 2 3 3 5 6 8 5 4 3 1 5 1 5 4 2 3
3 0 2 4 1 7 4 5 4 6 7 2 3 6 4 3 1 3 4 5 3 1 5 4 5 2 8 1 4 6
4 2 0 4 1 7 3 2 2 4 7 1 5 5 5 2 2 2 3 5 5 3 3 4 7 4 8 3 5 5
7 4 4 0 4 10 7 4 3 8 11 4 7 9 8 6 3 2 2 1 5 3 8 8 8 6 12 3 8 9
2 1 1 4 0 6 3 4 4 5 6 0 4 5 4 2 2 3 4 5 4 3 3 3 6 3 7 2 4 5
4 7 7 10 6 0 4 9 9 6 2 6 4 5 2 5 7 9 10 11 8 8 5 3 6 5 2 8 3 3
3 4 3 7 3 4 0 5 5 3 4 3 5 2 3 1 5 6 6 8 7 5 1 3 7 4 5 5 4 2
6 5 2 4 4 9 5 0 1 5 9 3 8 6 7 4 4 3 2 5 7 5 5 7 10 6 10 4 7 7
6 4 2 3 4 9 5 1 0 5 9 3 7 6 8 4 4 2 1 4 7 5 5 7 9 6 10 4 7 8
5 6 4 8 5 6 3 5 5 0 5 4 7 2 6 3 6 6 6 9 9 7 2 5 10 6 6 7 7 4
4 7 7 11 6 2 4 9 9 5 0 6 6 4 3 5 8 9 10 12 9 8 4 4 8 6 1 8 5 2
3 2 1 4 0 6 3 3 3 4 6 0 4 5 4 2 2 3 4 5 5 3 3 4 6 3 7 2 4 5
2 3 5 7 4 4 5 8 7 7 6 4 0 7 3 5 4 6 7 8 4 4 6 2 2 1 6 5 1 5
4 6 5 9 5 5 2 6 6 2 4 5 7 0 4 3 6 7 7 10 9 7 1 4 9 6 5 7 5 2
2 4 5 8 4 2 3 7 8 6 3 4 3 4 0 4 5 7 8 9 6 5 4 1 5 3 4 6 1 3
3 3 2 6 2 5 1 4 4 3 5 2 5 3 4 0 3 4 5 7 6 4 2 3 7 3 6 4 4 3
3 1 2 3 2 7 5 4 4 6 8 2 4 6 5 3 0 2 3 4 3 1 5 4 6 3 9 1 4 6
5 3 2 2 3 9 6 3 2 6 9 3 6 7 7 4 2 0 1 3 5 3 6 6 8 5 10 2 6 8
6 4 3 2 4 10 6 2 1 6 10 4 7 7 8 5 3 1 0 3 6 4 6 7 9 6 11 3 7 8
8 5 5 1 5 11 8 5 4 9 12 5 8 10 9 7 4 3 3 0 5 4 9 9 9 7 13 3 8 10
5 3 5 5 4 8 7 7 7 9 9 5 4 9 6 6 3 5 6 5 0 2 8 6 4 3 10 3 5 8
4 1 3 3 3 8 5 5 5 7 8 3 4 7 5 4 1 3 4 4 2 0 6 5 5 3 9 1 4 7
3 5 3 8 3 5 1 5 5 2 4 3 6 1 4 2 5 6 6 9 8 6 0 3 8 5 5 6 5 2
1 4 4 8 3 3 3 7 7 5 4 4 2 4 1 3 4 6 7 9 6 5 3 0 5 2 4 5 1 3
5 5 7 8 6 6 7 10 9 10 8 6 2 9 5 7 6 8 9 9 4 5 8 5 0 4 8 6 3 7
1 2 4 6 3 5 4 6 6 6 6 3 1 6 3 3 3 5 6 7 3 3 5 2 4 0 6 3 2 5
5 8 8 12 7 2 5 10 10 6 1 7 6 5 4 6 9 10 11 13 10 9 5 4 8 6 0 9 5 3
4 1 3 3 2 8 5 4 4 7 8 2 5 7 6 4 1 2 3 3 3 1 6 5 6 3 9 0 5 7
2 4 5 8 4 3 4 7 7 7 5 4 1 5 1 4 4 6 7 8 5 4 5 1 3 2 5 5 0 4
3 6 5 9 5 3 2 7 8 4 2 5 5 2 3 3 6 8 8 10 8 7 2 3 7 5 3 7 4 0
,
0 7 16 35 12 16 17 38 16 14 14 9 14 11 9 15 22 28 26 25 24 16 12 5 31 6 13 20 9 19
12 0 10 23 4 37 18 13 12 40 35 5 15 20 12 12 4 12 28 32 14 9 16 10 13 10 51 8 21 30
21 14 0 14 5 21 21 11 7 31 34 4 23 22 18 8 11 16 21 37 29 10 17 21 54 24 26 13 35 40
44 21 28 0 26 71 21 21 16 52 70 31 35 33 30 40 15 7 16 3 34 23 19 27 35 24 36 16 51 64
15 5 9 12 0 23 13 10 11 32 46 2 21 12 23 9 5 18 14 27 15 9 15 19 41 14 32 6 19 15
12 22 52 74 26 0 28 59 24 31 5 28 28 13 16 22 27 30 62 33 53 25 27 8 15 30 11 52 11 8
10 26 10 52 19 22 0 28 18 9 12 8 33 12 19 4 28 28 40 37 39 41 4 18 46 11 32 36 29 7
26 30 11 27 15 66 36 0 7 16 56 25 48 32 49 25 29 9 7 22 44 30 32 35 43 41 49 12 31 23
24 18 15 8 11 39 29 7 0 31 66 20 21 23 55 21 27 14 5 26 41 13 17 38 61 23 51 20 44 33
28 36 12 54 18 17 9 23 22 0 28 19 32 9 21 15 42 17 32 66 55 32 9 37 57 24 31 50 35 25
16 20 51 49 20 13 25 38 61 20 0 34 25 25 21 16 44 30 50 59 63 33 28 18 54 31 4 37 27 12
7 7 7 12 1 26 17 10 21 11 32 0 31 19 31 5 7 15 22 33 35 19 9 22 18 19 48 16 24 29
17 17 19 29 28 23 29 47 53 37 38 31 0 44 7 16 27 40 25 57 10 16 28 15 16 10 19 16 6 31
12 41 19 30 27 21 7 39 32 11 9 25 24 0 23 18 26 38 50 29 54 54 6 23 37 36 16 51 21 14
10 14 27 32 19 12 16 34 30 41 17 29 19 13 0 11 37 50 58 51 25 20 25 4 16 18 23 29 9 12
10 10 5 27 8 21 9 23 20 11 25 8 28 12 24 0 18 13 19 20 37 20 8 20 32 19 29 27 29 17
13 5 10 10 8 47 25 27 19 45 33 10 11 44 20 12 0 10 20 21 15 7 17 16 27 18 28 4 13 38
23 9 8 12 21 66 38 11 10 39 27 19 17 25 40 22 11 0 7 11 31 19 40 36 26 25 68 6 40 31
26 29 11 7 27 40 17 6 7 35 60 16 30 25 51 13 14 8 0 20 20 11 36 51 28 24 61 14 40 54
20 33 25 4 16 43 35 23 19 44 48 38 25 50 62 22 12 15 11 0 20 20 45 64 51 45 47 26 23 36
16 8 27 24 19 52 50 23 45 66 44 24 12 59 42 19 19 26 18 34 0 9 27 42 11 18 46 15 26 35
29 6 24 15 8 39 26 29 28 22 23 11 12 31 30 12 6 20 11 29 11 0 15 35 25 16 25 4 24 42
12 15 16 34 20 29 4 36 22 12 19 19 18 9 20 8 18 26 26 23 36 21 0 14 59 31 16 22 35 14
5 27 25 45 23 15 7 25 49 24 21 14 12 12 3 15 11 40 35 49 31 27 15 0 31 13 25 27 5 14
19 15 42 24 17 19 29 57 39 27 55 44 9 32 23 20 37 22 27 28 24 22 30 21 0 14 27 22 9 49
10 15 20 17 17 28 10 46 27 41 40 19 7 31 7 14 9 31 23 22 21 21 27 15 22 0 27 20 7 35
27 58 46 54 31 8 30 59 44 16 5 49 28 14 13 43 52 30 29 77 69 55 26 29 21 42 0 30 31 8
18 4 11 16 13 45 38 13 19 40 57 13 30 36 28 30 4 10 9 18 8 4 16 16 20 10 65 0 37 41
10 12 18 55 27 18 19 31 49 45 31 28 4 14 10 22 29 44 23 39 14 24 26 8 22 5 16 30 0 25
18 20 15 27 17 13 8 40 50 15 5 19 30 13 7 19 36 36 29 39 53 26 16 19 45 21 15 22 19 0