5
30
,
0 (22.0, 19.0) 18.0
1 (31.0, 29.0) 35.0
2 (23.0, 37.0) 36.0
3 (41.0, 46.0) 11.0
4 (25.0, 31.0) 25.0
5 (10.0, 4.0) 25.0
6 (11.0, 26.0) 32.0
7 (20.0, 49.0) 17.0
8 (25.0, 49.0) 23.0
9 (2.0, 35.0) 28.0
10 (2.0, 9.0) 32.0
11 (24.0, 32.0) 15.0
12 (31.0, 12.0) 42.0
13 (2.0, 27.0) 41.0
14 (18.0, 12.0) 48.0
15 (16.0, 30.0) 40.0
16 (33.0, 32.0) 19.0
17 (33.0, 43.0) 20.0
18 (31.0, 49.0) 35.0
19 (45.0, 49.0) 20.0
20 (46.0, 23.0) 10.0
21 (38.0, 30.0) 28.0
22 (8.0, 28.0) 25.0
23 (19.0, 15.0) 24.0
24 (40.0, 5.0) 34.0
25 (29.0, 19.0) 12.0
26 (1.0, 4.0) 28.0
27 (36.0, 34.0) 25.0
28 (25.0, 12.0) 20.0
29 (5.0, 17.0) 26.0
,
0 3 4 7 2 4 3 6 6 5 4 3 2 4 2 3 3 5 6 8 5 4 3 1 5 1 5 4 2 3
3 0 2 4 1 7 4 5 4 6 7 2 3 6 4 3 1 3 4 5 3 1 5 4 5 2 8 1 4 6
4 2 0 4 1 7 3 2 2 4 7 1 5 5 5 2 2 2 3 5 5 3 3 4 7 4 8 3 5 5
7 4 4 0 4 10 7 4 3 8 11 4 7 9 8 6 3 2 2 1 5 3 8 8 8 6 12 3 8 9
2 1 1 4 0 6 3 4 4 5 6 0 4 5 4 2 2 3 4 5 4 3 3 3 6 3 7 2 4 5
4 7 7 10 6 0 4 9 9 6 2 6 4 5 2 5 7 9 10 11 8 8 5 3 6 5 2 8 3 3
3 4 3 7 3 4 0 5 5 3 4 3 5 2 3 1 5 6 6 8 7 5 1 3 7 4 5 5 4 2
6 5 2 4 4 9 5 0 1 5 9 3 8 6 7 4 4 3 2 5 7 5 5 7 10 6 10 4 7 7
6 4 2 3 4 9 5 1 0 5 9 3 7 6 8 4 4 2 1 4 7 5 5 7 9 6 10 4 7 8
5 6 4 8 5 6 3 5 5 0 5 4 7 2 6 3 6 6 6 9 9 7 2 5 10 6 6 7 7 4
4 7 7 11 6 2 4 9 9 5 0 6 6 4 3 5 8 9 10 12 9 8 4 4 8 6 1 8 5 2
3 2 1 4 0 6 3 3 3 4 6 0 4 5 4 2 2 3 4 5 5 3 3 4 6 3 7 2 4 5
2 3 5 7 4 4 5 8 7 7 6 4 0 7 3 5 4 6 7 8 4 4 6 2 2 1 6 5 1 5
4 6 5 9 5 5 2 6 6 2 4 5 7 0 4 3 6 7 7 10 9 7 1 4 9 6 5 7 5 2
2 4 5 8 4 2 3 7 8 6 3 4 3 4 0 4 5 7 8 9 6 5 4 1 5 3 4 6 1 3
3 3 2 6 2 5 1 4 4 3 5 2 5 3 4 0 3 4 5 7 6 4 2 3 7 3 6 4 4 3
3 1 2 3 2 7 5 4 4 6 8 2 4 6 5 3 0 2 3 4 3 1 5 4 6 3 9 1 4 6
5 3 2 2 3 9 6 3 2 6 9 3 6 7 7 4 2 0 1 3 5 3 6 6 8 5 10 2 6 8
6 4 3 2 4 10 6 2 1 6 10 4 7 7 8 5 3 1 0 3 6 4 6 7 9 6 11 3 7 8
8 5 5 1 5 11 8 5 4 9 12 5 8 10 9 7 4 3 3 0 5 4 9 9 9 7 13 3 8 10
5 3 5 5 4 8 7 7 7 9 9 5 4 9 6 6 3 5 6 5 0 2 8 6 4 3 10 3 5 8
4 1 3 3 3 8 5 5 5 7 8 3 4 7 5 4 1 3 4 4 2 0 6 5 5 3 9 1 4 7
3 5 3 8 3 5 1 5 5 2 4 3 6 1 4 2 5 6 6 9 8 6 0 3 8 5 5 6 5 2
1 4 4 8 3 3 3 7 7 5 4 4 2 4 1 3 4 6 7 9 6 5 3 0 5 2 4 5 1 3
5 5 7 8 6 6 7 10 9 10 8 6 2 9 5 7 6 8 9 9 4 5 8 5 0 4 8 6 3 7
1 2 4 6 3 5 4 6 6 6 6 3 1 6 3 3 3 5 6 7 3 3 5 2 4 0 6 3 2 5
5 8 8 12 7 2 5 10 10 6 1 7 6 5 4 6 9 10 11 13 10 9 5 4 8 6 0 9 5 3
4 1 3 3 2 8 5 4 4 7 8 2 5 7 6 4 1 2 3 3 3 1 6 5 6 3 9 0 5 7
2 4 5 8 4 3 4 7 7 7 5 4 1 5 1 4 4 6 7 8 5 4 5 1 3 2 5 5 0 4
3 6 5 9 5 3 2 7 8 4 2 5 5 2 3 3 6 8 8 10 8 7 2 3 7 5 3 7 4 0
,
0 7 22 40 17 13 9 18 24 19 32 19 15 28 10 12 18 19 25 24 22 12 21 5 27 5 36 19 9 24
19 0 15 24 7 20 20 13 28 16 32 11 23 18 29 22 3 17 14 28 24 9 19 24 37 10 51 11 22 28
17 9 0 26 6 50 12 14 16 12 51 4 37 25 16 8 13 14 15 14 22 10 10 16 22 19 27 20 31 19
39 20 11 0 28 47 27 26 13 33 78 29 48 41 61 42 14 8 14 7 27 23 52 38 39 30 32 16 34 26
10 7 9 13 0 20 11 15 12 15 45 1 20 31 23 8 6 8 28 27 15 15 22 21 39 14 49 8 14 18
15 46 33 75 41 0 27 26 35 47 11 27 29 30 7 18 50 37 69 38 29 43 35 11 38 14 9 29 18 14
14 18 23 20 16 13 0 28 32 16 20 7 29 6 15 8 20 27 20 28 46 26 3 14 49 12 26 13 14 11
44 12 7 14 15 43 28 0 6 17 43 16 46 39 20 27 17 13 6 13 36 17 30 50 37 16 40 25 47 49
18 17 12 17 11 60 19 6 0 23 40 19 42 28 56 20 28 8 8 14 19 18 18 21 27 45 46 14 39 44
34 25 31 49 18 46 13 22 28 0 23 15 54 6 40 8 35 19 27 44 23 23 7 29 67 22 29 47 48 10
29 46 25 66 38 14 26 49 45 30 0 32 28 13 15 38 52 24 34 30 46 41 30 20 21 23 6 42 21 10
11 10 7 15 1 22 14 21 14 21 42 0 12 13 30 12 7 17 18 30 27 9 21 13 33 18 29 7 10 34
9 24 31 24 11 24 27 22 48 39 25 16 0 27 18 19 11 32 34 42 13 12 39 17 12 6 45 28 8 23
24 17 33 57 15 13 9 17 37 4 14 25 40 0 24 10 28 51 38 36 44 48 7 21 63 38 23 30 26 8
12 14 16 58 23 9 19 30 46 34 18 17 19 22 0 23 26 29 50 24 24 16 23 2 33 19 13 28 8 10
6 17 13 26 11 27 8 18 22 9 18 10 19 15 10 0 21 32 29 52 28 31 10 19 18 13 29 16 17 15
10 2 15 11 6 36 32 26 28 41 37 6 26 31 37 20 0 9 23 27 8 4 22 19 34 16 32 3 21 31
22 19 11 10 9 51 32 18 13 18 54 17 29 44 33 17 8 0 7 17 18 16 37 34 52 32 32 13 36 43
43 17 11 15 28 73 24 14 5 27 43 12 21 48 20 34 20 8 0 19 22 24 37 36 29 42 56 19 41 59
55 24 30 6 32 46 21 31 23 57 70 24 32 60 29 40 24 10 19 0 21 27 55 36 25 27 34 21 46 72
13 21 17 14 21 56 33 53 31 37 42 32 27 54 36 35 12 26 38 30 0 12 21 40 26 13 31 22 16 29
18 5 24 16 13 28 19 27 20 52 45 17 21 42 23 28 6 17 12 16 11 0 43 31 26 11 52 5 21 47
19 26 25 45 11 32 5 34 29 10 30 13 27 7 19 10 15 33 39 48 39 29 0 15 25 33 36 36 33 10
6 23 21 45 13 9 7 17 25 26 20 17 6 11 3 22 14 22 51 25 17 25 20 0 12 11 19 23 7 21
31 34 31 59 27 28 46 72 42 32 56 34 16 48 12 28 26 52 34 50 26 21 37 15 0 17 56 24 18 35
6 6 28 17 12 35 19 44 19 32 26 12 10 29 9 10 18 28 18 50 25 16 25 10 16 0 30 17 5 29
16 21 56 67 22 7 21 28 59 29 6 43 34 14 28 19 50 57 37 76 34 53 29 12 29 26 0 46 37 9
26 10 15 12 9 24 22 25 25 44 39 18 27 46 26 13 3 9 9 21 14 3 33 22 39 8 55 0 19 39
11 21 36 42 21 22 12 35 45 37 23 14 8 26 7 20 14 17 51 26 22 29 25 4 11 8 19 25 0 30
15 31 16 53 14 11 14 37 53 10 4 15 16 9 19 14 21 28 45 47 44 35 10 16 40 30 12 29 29 0