5
30
,
0 (22.0, 19.0) 10.0
1 (31.0, 29.0) 24.0
2 (23.0, 37.0) 25.0
3 (41.0, 46.0) 38.0
4 (25.0, 31.0) 47.0
5 (10.0, 4.0) 16.0
6 (11.0, 26.0) 22.0
7 (20.0, 49.0) 16.0
8 (25.0, 49.0) 45.0
9 (2.0, 35.0) 26.0
10 (2.0, 9.0) 43.0
11 (24.0, 32.0) 34.0
12 (31.0, 12.0) 26.0
13 (2.0, 27.0) 12.0
14 (18.0, 12.0) 16.0
15 (16.0, 30.0) 11.0
16 (33.0, 32.0) 20.0
17 (33.0, 43.0) 47.0
18 (31.0, 49.0) 19.0
19 (45.0, 49.0) 24.0
20 (46.0, 23.0) 32.0
21 (38.0, 30.0) 16.0
22 (8.0, 28.0) 25.0
23 (19.0, 15.0) 20.0
24 (40.0, 5.0) 49.0
25 (29.0, 19.0) 16.0
26 (1.0, 4.0) 46.0
27 (36.0, 34.0) 24.0
28 (25.0, 12.0) 31.0
29 (5.0, 17.0) 27.0
,
0 3 4 7 2 4 3 6 6 5 4 3 2 4 2 3 3 5 6 8 5 4 3 1 5 1 5 4 2 3
3 0 2 4 1 7 4 5 4 6 7 2 3 6 4 3 1 3 4 5 3 1 5 4 5 2 8 1 4 6
4 2 0 4 1 7 3 2 2 4 7 1 5 5 5 2 2 2 3 5 5 3 3 4 7 4 8 3 5 5
7 4 4 0 4 10 7 4 3 8 11 4 7 9 8 6 3 2 2 1 5 3 8 8 8 6 12 3 8 9
2 1 1 4 0 6 3 4 4 5 6 0 4 5 4 2 2 3 4 5 4 3 3 3 6 3 7 2 4 5
4 7 7 10 6 0 4 9 9 6 2 6 4 5 2 5 7 9 10 11 8 8 5 3 6 5 2 8 3 3
3 4 3 7 3 4 0 5 5 3 4 3 5 2 3 1 5 6 6 8 7 5 1 3 7 4 5 5 4 2
6 5 2 4 4 9 5 0 1 5 9 3 8 6 7 4 4 3 2 5 7 5 5 7 10 6 10 4 7 7
6 4 2 3 4 9 5 1 0 5 9 3 7 6 8 4 4 2 1 4 7 5 5 7 9 6 10 4 7 8
5 6 4 8 5 6 3 5 5 0 5 4 7 2 6 3 6 6 6 9 9 7 2 5 10 6 6 7 7 4
4 7 7 11 6 2 4 9 9 5 0 6 6 4 3 5 8 9 10 12 9 8 4 4 8 6 1 8 5 2
3 2 1 4 0 6 3 3 3 4 6 0 4 5 4 2 2 3 4 5 5 3 3 4 6 3 7 2 4 5
2 3 5 7 4 4 5 8 7 7 6 4 0 7 3 5 4 6 7 8 4 4 6 2 2 1 6 5 1 5
4 6 5 9 5 5 2 6 6 2 4 5 7 0 4 3 6 7 7 10 9 7 1 4 9 6 5 7 5 2
2 4 5 8 4 2 3 7 8 6 3 4 3 4 0 4 5 7 8 9 6 5 4 1 5 3 4 6 1 3
3 3 2 6 2 5 1 4 4 3 5 2 5 3 4 0 3 4 5 7 6 4 2 3 7 3 6 4 4 3
3 1 2 3 2 7 5 4 4 6 8 2 4 6 5 3 0 2 3 4 3 1 5 4 6 3 9 1 4 6
5 3 2 2 3 9 6 3 2 6 9 3 6 7 7 4 2 0 1 3 5 3 6 6 8 5 10 2 6 8
6 4 3 2 4 10 6 2 1 6 10 4 7 7 8 5 3 1 0 3 6 4 6 7 9 6 11 3 7 8
8 5 5 1 5 11 8 5 4 9 12 5 8 10 9 7 4 3 3 0 5 4 9 9 9 7 13 3 8 10
5 3 5 5 4 8 7 7 7 9 9 5 4 9 6 6 3 5 6 5 0 2 8 6 4 3 10 3 5 8
4 1 3 3 3 8 5 5 5 7 8 3 4 7 5 4 1 3 4 4 2 0 6 5 5 3 9 1 4 7
3 5 3 8 3 5 1 5 5 2 4 3 6 1 4 2 5 6 6 9 8 6 0 3 8 5 5 6 5 2
1 4 4 8 3 3 3 7 7 5 4 4 2 4 1 3 4 6 7 9 6 5 3 0 5 2 4 5 1 3
5 5 7 8 6 6 7 10 9 10 8 6 2 9 5 7 6 8 9 9 4 5 8 5 0 4 8 6 3 7
1 2 4 6 3 5 4 6 6 6 6 3 1 6 3 3 3 5 6 7 3 3 5 2 4 0 6 3 2 5
5 8 8 12 7 2 5 10 10 6 1 7 6 5 4 6 9 10 11 13 10 9 5 4 8 6 0 9 5 3
4 1 3 3 2 8 5 4 4 7 8 2 5 7 6 4 1 2 3 3 3 1 6 5 6 3 9 0 5 7
2 4 5 8 4 3 4 7 7 7 5 4 1 5 1 4 4 6 7 8 5 4 5 1 3 2 5 5 0 4
3 6 5 9 5 3 2 7 8 4 2 5 5 2 3 3 6 8 8 10 8 7 2 3 7 5 3 7 4 0
,
0 16 23 45 15 10 17 29 23 22 25 19 12 25 4 14 11 14 25 52 21 19 11 6 22 9 22 11 5 16
14 0 13 29 7 45 28 24 26 42 37 10 15 22 17 8 3 11 19 28 17 4 12 9 27 14 22 9 13 27
20 17 0 27 5 24 8 10 13 11 26 6 38 15 29 15 14 13 8 29 39 16 25 28 36 17 31 14 14 16
18 12 12 0 29 66 29 22 16 48 80 25 32 38 53 42 12 11 8 6 12 24 28 27 23 38 41 12 56 37
13 7 6 32 0 21 17 19 21 34 28 2 11 20 11 7 7 13 27 29 32 13 21 16 17 11 50 6 25 17
27 40 53 74 26 0 13 64 50 20 9 32 24 34 6 39 47 42 72 68 31 55 20 18 33 15 7 24 18 17
13 29 17 31 9 31 0 34 29 8 21 8 33 9 19 5 28 37 35 47 41 32 4 19 37 17 18 39 28 7
41 17 11 21 25 50 33 0 3 14 59 22 32 30 34 27 20 21 9 17 44 29 14 44 69 36 28 28 33 28
26 17 17 23 15 50 23 7 0 37 57 15 48 31 50 12 17 15 8 20 37 14 34 32 38 42 56 15 38 28
22 34 32 53 14 20 17 14 31 0 24 30 39 12 15 10 35 30 34 35 30 47 13 29 43 41 46 25 37 17
25 42 20 40 29 7 18 56 49 19 0 16 19 9 12 34 35 34 57 77 67 35 28 14 21 41 5 33 25 9
13 9 4 20 2 19 13 26 21 27 24 0 19 33 30 5 9 14 22 22 22 11 11 14 37 8 50 13 26 31
10 25 23 28 20 21 32 28 34 51 41 27 0 31 8 12 23 30 31 55 15 25 20 14 16 8 30 33 6 14
14 25 34 45 28 28 12 20 21 6 16 12 34 0 25 19 24 22 38 33 58 49 4 22 60 39 29 32 26 9
7 21 28 22 13 13 11 22 44 32 15 20 11 11 0 13 15 23 42 53 34 34 28 4 19 17 11 35 9 20
18 8 10 15 10 16 6 13 25 14 24 5 25 21 13 0 19 28 32 45 24 29 7 13 48 10 34 22 23 10
15 5 9 11 4 49 23 27 11 22 49 7 13 32 23 11 0 9 19 30 12 6 31 25 19 9 63 4 26 25
30 18 9 12 13 53 20 21 11 43 28 10 46 49 46 22 8 0 7 11 15 15 42 41 28 35 57 11 21 50
34 15 12 7 10 65 45 9 4 32 31 20 24 20 24 15 16 7 0 12 26 22 24 40 64 24 77 21 20 35
34 21 26 7 35 76 45 16 28 32 80 31 36 71 43 32 29 17 15 0 35 24 25 56 31 38 91 21 57 28
31 14 38 23 24 61 20 42 42 61 55 35 18 44 38 25 13 24 30 22 0 15 52 24 21 15 73 11 30 34
27 8 13 10 10 47 22 18 25 42 30 14 17 36 16 17 7 15 27 26 13 0 41 16 22 21 53 5 16 25
8 20 11 50 23 16 2 24 24 8 26 20 28 7 15 6 37 22 45 32 47 24 0 14 54 22 33 33 14 12
6 18 15 31 21 10 9 41 24 34 10 11 18 26 2 15 15 16 26 22 15 27 16 0 29 6 13 30 6 9
19 28 30 52 38 39 26 55 42 35 41 33 9 53 16 29 35 48 58 65 28 30 24 21 0 12 41 30 16 42
7 7 25 18 9 22 20 31 38 41 15 20 7 21 7 17 14 16 17 20 11 8 21 8 11 0 47 21 5 15
37 56 37 39 48 8 18 41 61 35 4 47 27 20 25 45 37 31 36 40 43 27 15 29 36 38 0 23 27 15
25 10 9 19 10 45 22 22 10 28 61 11 16 32 23 12 2 7 18 16 10 5 14 17 16 13 69 0 19 49
5 10 20 55 20 24 28 33 29 17 15 22 7 37 7 12 19 19 31 25 13 15 23 7 17 12 31 13 0 27
20 25 27 64 36 13 7 19 56 13 11 18 15 15 12 25 40 33 43 35 52 19 16 8 36 36 13 25 21 0