5
30
,
0 (22.0, 19.0) 31.0
1 (31.0, 29.0) 16.0
2 (23.0, 37.0) 16.0
3 (41.0, 46.0) 11.0
4 (25.0, 31.0) 10.0
5 (10.0, 4.0) 12.0
6 (11.0, 26.0) 12.0
7 (20.0, 49.0) 26.0
8 (25.0, 49.0) 20.0
9 (2.0, 35.0) 48.0
10 (2.0, 9.0) 33.0
11 (24.0, 32.0) 12.0
12 (31.0, 12.0) 14.0
13 (2.0, 27.0) 22.0
14 (18.0, 12.0) 19.0
15 (16.0, 30.0) 18.0
16 (33.0, 32.0) 31.0
17 (33.0, 43.0) 30.0
18 (31.0, 49.0) 33.0
19 (45.0, 49.0) 11.0
20 (46.0, 23.0) 20.0
21 (38.0, 30.0) 27.0
22 (8.0, 28.0) 47.0
23 (19.0, 15.0) 24.0
24 (40.0, 5.0) 28.0
25 (29.0, 19.0) 28.0
26 (1.0, 4.0) 25.0
27 (36.0, 34.0) 33.0
28 (25.0, 12.0) 12.0
29 (5.0, 17.0) 43.0
,
0 3 4 7 2 4 3 6 6 5 4 3 2 4 2 3 3 5 6 8 5 4 3 1 5 1 5 4 2 3
3 0 2 4 1 7 4 5 4 6 7 2 3 6 4 3 1 3 4 5 3 1 5 4 5 2 8 1 4 6
4 2 0 4 1 7 3 2 2 4 7 1 5 5 5 2 2 2 3 5 5 3 3 4 7 4 8 3 5 5
7 4 4 0 4 10 7 4 3 8 11 4 7 9 8 6 3 2 2 1 5 3 8 8 8 6 12 3 8 9
2 1 1 4 0 6 3 4 4 5 6 0 4 5 4 2 2 3 4 5 4 3 3 3 6 3 7 2 4 5
4 7 7 10 6 0 4 9 9 6 2 6 4 5 2 5 7 9 10 11 8 8 5 3 6 5 2 8 3 3
3 4 3 7 3 4 0 5 5 3 4 3 5 2 3 1 5 6 6 8 7 5 1 3 7 4 5 5 4 2
6 5 2 4 4 9 5 0 1 5 9 3 8 6 7 4 4 3 2 5 7 5 5 7 10 6 10 4 7 7
6 4 2 3 4 9 5 1 0 5 9 3 7 6 8 4 4 2 1 4 7 5 5 7 9 6 10 4 7 8
5 6 4 8 5 6 3 5 5 0 5 4 7 2 6 3 6 6 6 9 9 7 2 5 10 6 6 7 7 4
4 7 7 11 6 2 4 9 9 5 0 6 6 4 3 5 8 9 10 12 9 8 4 4 8 6 1 8 5 2
3 2 1 4 0 6 3 3 3 4 6 0 4 5 4 2 2 3 4 5 5 3 3 4 6 3 7 2 4 5
2 3 5 7 4 4 5 8 7 7 6 4 0 7 3 5 4 6 7 8 4 4 6 2 2 1 6 5 1 5
4 6 5 9 5 5 2 6 6 2 4 5 7 0 4 3 6 7 7 10 9 7 1 4 9 6 5 7 5 2
2 4 5 8 4 2 3 7 8 6 3 4 3 4 0 4 5 7 8 9 6 5 4 1 5 3 4 6 1 3
3 3 2 6 2 5 1 4 4 3 5 2 5 3 4 0 3 4 5 7 6 4 2 3 7 3 6 4 4 3
3 1 2 3 2 7 5 4 4 6 8 2 4 6 5 3 0 2 3 4 3 1 5 4 6 3 9 1 4 6
5 3 2 2 3 9 6 3 2 6 9 3 6 7 7 4 2 0 1 3 5 3 6 6 8 5 10 2 6 8
6 4 3 2 4 10 6 2 1 6 10 4 7 7 8 5 3 1 0 3 6 4 6 7 9 6 11 3 7 8
8 5 5 1 5 11 8 5 4 9 12 5 8 10 9 7 4 3 3 0 5 4 9 9 9 7 13 3 8 10
5 3 5 5 4 8 7 7 7 9 9 5 4 9 6 6 3 5 6 5 0 2 8 6 4 3 10 3 5 8
4 1 3 3 3 8 5 5 5 7 8 3 4 7 5 4 1 3 4 4 2 0 6 5 5 3 9 1 4 7
3 5 3 8 3 5 1 5 5 2 4 3 6 1 4 2 5 6 6 9 8 6 0 3 8 5 5 6 5 2
1 4 4 8 3 3 3 7 7 5 4 4 2 4 1 3 4 6 7 9 6 5 3 0 5 2 4 5 1 3
5 5 7 8 6 6 7 10 9 10 8 6 2 9 5 7 6 8 9 9 4 5 8 5 0 4 8 6 3 7
1 2 4 6 3 5 4 6 6 6 6 3 1 6 3 3 3 5 6 7 3 3 5 2 4 0 6 3 2 5
5 8 8 12 7 2 5 10 10 6 1 7 6 5 4 6 9 10 11 13 10 9 5 4 8 6 0 9 5 3
4 1 3 3 2 8 5 4 4 7 8 2 5 7 6 4 1 2 3 3 3 1 6 5 6 3 9 0 5 7
2 4 5 8 4 3 4 7 7 7 5 4 1 5 1 4 4 6 7 8 5 4 5 1 3 2 5 5 0 4
3 6 5 9 5 3 2 7 8 4 2 5 5 2 3 3 6 8 8 10 8 7 2 3 7 5 3 7 4 0
,
0 7 20 37 10 20 12 40 28 27 21 12 7 32 11 8 23 28 20 52 20 22 11 3 28 9 16 15 4 24
18 0 11 27 9 26 17 18 30 38 25 6 23 43 18 18 5 7 24 15 16 4 14 11 23 11 31 10 14 37
18 16 0 21 5 36 17 9 7 15 24 4 27 27 19 8 15 8 13 30 26 24 23 14 34 28 32 15 37 22
18 30 27 0 14 43 47 12 17 50 79 33 47 22 26 40 12 11 6 3 29 19 44 47 29 27 35 11 55 66
7 5 9 17 0 26 12 15 9 20 28 1 19 26 18 8 7 8 12 21 15 13 11 23 37 8 48 13 22 34
16 17 20 58 33 0 33 31 29 30 13 46 30 15 17 29 48 58 39 68 39 28 26 10 29 36 13 34 23 17
14 23 19 53 20 28 0 17 20 19 19 11 14 12 21 8 13 16 16 35 51 37 2 16 53 15 18 19 12 10
27 12 11 13 12 50 32 0 6 12 53 24 22 30 47 15 13 18 8 31 25 35 24 33 48 41 69 12 22 42
26 27 6 23 17 70 26 4 0 23 67 11 32 28 35 11 16 14 7 15 42 22 27 36 29 41 56 27 31 52
36 41 30 44 26 17 14 34 29 0 25 22 31 4 28 17 38 20 38 26 44 26 7 26 70 21 37 24 26 21
28 36 21 51 25 7 26 33 29 32 0 43 33 18 12 25 27 34 62 73 54 57 29 13 56 35 4 30 29 9
13 7 7 17 2 37 16 21 22 26 20 0 29 12 14 6 8 13 21 32 29 10 17 22 39 20 36 9 19 30
13 11 33 31 25 20 36 28 46 50 18 11 0 46 13 22 16 17 31 41 25 12 15 18 13 6 21 27 6 24
13 28 26 62 26 21 7 20 44 10 10 20 32 0 29 10 31 48 29 31 22 19 6 17 42 17 34 29 38 9
9 11 24 34 11 12 12 53 32 34 9 14 18 22 0 11 30 46 41 28 16 21 11 3 34 14 13 26 9 15
10 18 14 24 10 34 8 23 29 8 32 9 17 14 18 0 25 11 26 45 26 27 12 8 20 12 22 18 20 9
16 4 15 23 5 42 19 27 17 27 23 8 25 27 31 16 0 11 15 26 19 6 37 33 36 15 40 4 14 21
23 20 17 6 21 46 39 20 5 21 37 20 41 31 35 32 9 0 4 12 17 10 30 33 54 28 46 9 31 41
38 20 17 12 18 40 34 6 9 26 27 20 29 35 29 21 19 6 0 13 19 16 46 48 28 16 62 11 44 49
36 19 14 6 28 71 28 32 22 24 41 31 52 44 62 50 17 17 13 0 24 20 53 32 43 22 32 16 48 36
21 8 37 29 34 40 44 37 46 64 59 29 12 61 43 16 18 21 35 23 0 13 44 27 16 10 41 11 23 27
14 5 21 8 10 26 29 29 23 47 62 14 21 26 36 33 3 19 13 20 11 0 31 23 25 14 29 4 16 26
18 19 21 37 13 35 4 21 24 5 16 10 27 7 22 7 30 18 46 29 29 18 0 12 24 31 23 30 18 8
6 18 30 37 14 17 13 48 31 38 11 20 11 21 2 8 28 38 18 36 21 30 19 0 26 16 20 31 5 9
28 29 42 47 30 37 50 65 35 48 22 19 7 56 28 51 31 44 56 28 15 27 46 12 0 26 30 37 10 49
6 13 19 30 16 20 25 36 36 22 20 9 11 26 13 13 9 19 17 37 18 12 21 9 23 0 43 12 6 25
22 26 27 71 51 6 30 36 39 22 3 43 26 31 19 41 62 52 37 69 50 52 16 15 53 47 0 35 18 7
24 10 17 16 13 35 18 16 18 35 47 13 27 51 34 30 3 14 22 20 20 4 25 22 21 23 56 0 18 28
4 11 18 25 12 16 29 35 42 21 18 29 6 36 10 26 14 27 22 54 31 21 20 7 13 6 31 35 0 13
24 41 17 49 12 7 9 47 44 17 10 30 35 7 12 20 24 25 51 62 43 26 7 8 27 27 16 42 23 0