5
30
,
0 (22.0, 19.0) 13.0
1 (31.0, 29.0) 12.0
2 (23.0, 37.0) 24.0
3 (41.0, 46.0) 21.0
4 (25.0, 31.0) 12.0
5 (10.0, 4.0) 22.0
6 (11.0, 26.0) 24.0
7 (20.0, 49.0) 23.0
8 (25.0, 49.0) 19.0
9 (2.0, 35.0) 24.0
10 (2.0, 9.0) 15.0
11 (24.0, 32.0) 34.0
12 (31.0, 12.0) 13.0
13 (2.0, 27.0) 46.0
14 (18.0, 12.0) 46.0
15 (16.0, 30.0) 42.0
16 (33.0, 32.0) 28.0
17 (33.0, 43.0) 28.0
18 (31.0, 49.0) 13.0
19 (45.0, 49.0) 14.0
20 (46.0, 23.0) 47.0
21 (38.0, 30.0) 21.0
22 (8.0, 28.0) 26.0
23 (19.0, 15.0) 26.0
24 (40.0, 5.0) 20.0
25 (29.0, 19.0) 35.0
26 (1.0, 4.0) 24.0
27 (36.0, 34.0) 32.0
28 (25.0, 12.0) 40.0
29 (5.0, 17.0) 21.0
,
0 3 4 7 2 4 3 6 6 5 4 3 2 4 2 3 3 5 6 8 5 4 3 1 5 1 5 4 2 3
3 0 2 4 1 7 4 5 4 6 7 2 3 6 4 3 1 3 4 5 3 1 5 4 5 2 8 1 4 6
4 2 0 4 1 7 3 2 2 4 7 1 5 5 5 2 2 2 3 5 5 3 3 4 7 4 8 3 5 5
7 4 4 0 4 10 7 4 3 8 11 4 7 9 8 6 3 2 2 1 5 3 8 8 8 6 12 3 8 9
2 1 1 4 0 6 3 4 4 5 6 0 4 5 4 2 2 3 4 5 4 3 3 3 6 3 7 2 4 5
4 7 7 10 6 0 4 9 9 6 2 6 4 5 2 5 7 9 10 11 8 8 5 3 6 5 2 8 3 3
3 4 3 7 3 4 0 5 5 3 4 3 5 2 3 1 5 6 6 8 7 5 1 3 7 4 5 5 4 2
6 5 2 4 4 9 5 0 1 5 9 3 8 6 7 4 4 3 2 5 7 5 5 7 10 6 10 4 7 7
6 4 2 3 4 9 5 1 0 5 9 3 7 6 8 4 4 2 1 4 7 5 5 7 9 6 10 4 7 8
5 6 4 8 5 6 3 5 5 0 5 4 7 2 6 3 6 6 6 9 9 7 2 5 10 6 6 7 7 4
4 7 7 11 6 2 4 9 9 5 0 6 6 4 3 5 8 9 10 12 9 8 4 4 8 6 1 8 5 2
3 2 1 4 0 6 3 3 3 4 6 0 4 5 4 2 2 3 4 5 5 3 3 4 6 3 7 2 4 5
2 3 5 7 4 4 5 8 7 7 6 4 0 7 3 5 4 6 7 8 4 4 6 2 2 1 6 5 1 5
4 6 5 9 5 5 2 6 6 2 4 5 7 0 4 3 6 7 7 10 9 7 1 4 9 6 5 7 5 2
2 4 5 8 4 2 3 7 8 6 3 4 3 4 0 4 5 7 8 9 6 5 4 1 5 3 4 6 1 3
3 3 2 6 2 5 1 4 4 3 5 2 5 3 4 0 3 4 5 7 6 4 2 3 7 3 6 4 4 3
3 1 2 3 2 7 5 4 4 6 8 2 4 6 5 3 0 2 3 4 3 1 5 4 6 3 9 1 4 6
5 3 2 2 3 9 6 3 2 6 9 3 6 7 7 4 2 0 1 3 5 3 6 6 8 5 10 2 6 8
6 4 3 2 4 10 6 2 1 6 10 4 7 7 8 5 3 1 0 3 6 4 6 7 9 6 11 3 7 8
8 5 5 1 5 11 8 5 4 9 12 5 8 10 9 7 4 3 3 0 5 4 9 9 9 7 13 3 8 10
5 3 5 5 4 8 7 7 7 9 9 5 4 9 6 6 3 5 6 5 0 2 8 6 4 3 10 3 5 8
4 1 3 3 3 8 5 5 5 7 8 3 4 7 5 4 1 3 4 4 2 0 6 5 5 3 9 1 4 7
3 5 3 8 3 5 1 5 5 2 4 3 6 1 4 2 5 6 6 9 8 6 0 3 8 5 5 6 5 2
1 4 4 8 3 3 3 7 7 5 4 4 2 4 1 3 4 6 7 9 6 5 3 0 5 2 4 5 1 3
5 5 7 8 6 6 7 10 9 10 8 6 2 9 5 7 6 8 9 9 4 5 8 5 0 4 8 6 3 7
1 2 4 6 3 5 4 6 6 6 6 3 1 6 3 3 3 5 6 7 3 3 5 2 4 0 6 3 2 5
5 8 8 12 7 2 5 10 10 6 1 7 6 5 4 6 9 10 11 13 10 9 5 4 8 6 0 9 5 3
4 1 3 3 2 8 5 4 4 7 8 2 5 7 6 4 1 2 3 3 3 1 6 5 6 3 9 0 5 7
2 4 5 8 4 3 4 7 7 7 5 4 1 5 1 4 4 6 7 8 5 4 5 1 3 2 5 5 0 4
3 6 5 9 5 3 2 7 8 4 2 5 5 2 3 3 6 8 8 10 8 7 2 3 7 5 3 7 4 0
,
0 7 25 26 12 10 19 33 15 32 13 14 12 23 8 8 12 25 21 56 30 14 15 7 34 10 28 13 9 20
13 0 13 25 5 49 12 25 29 41 30 8 9 30 28 11 5 21 15 22 14 5 15 21 20 14 35 9 16 37
16 16 0 24 6 21 10 9 16 12 25 5 26 18 21 7 7 11 14 15 33 8 21 23 42 23 36 7 16 34
33 12 26 0 27 31 51 20 15 28 30 13 32 62 31 37 22 6 6 5 26 23 51 25 34 23 48 13 49 34
15 6 5 33 0 34 9 18 10 35 20 2 18 15 26 6 11 12 13 22 29 13 17 14 36 12 43 14 13 22
21 45 46 49 16 0 26 62 63 42 11 31 28 29 14 23 20 31 62 48 55 21 24 7 38 24 12 37 17 14
8 24 18 53 16 22 0 26 26 10 26 20 17 14 9 5 12 37 45 22 43 37 3 9 23 15 35 30 10 16
28 22 10 32 13 34 16 0 5 12 38 9 43 26 55 18 32 15 7 16 42 17 33 25 54 31 72 25 45 21
39 31 10 16 14 32 39 7 0 35 48 21 25 25 32 20 14 14 6 27 27 32 15 30 37 41 58 18 35 55
33 15 11 40 23 31 15 16 34 0 20 28 37 8 22 20 43 46 19 67 31 29 6 26 41 26 17 43 25 12
18 53 46 38 19 7 20 44 47 18 0 31 28 25 14 24 27 42 48 60 35 51 23 19 19 26 3 53 19 6
9 7 6 30 1 40 15 16 13 11 45 0 29 27 25 10 5 12 21 27 34 9 21 13 28 18 32 16 11 13
6 17 17 27 18 25 34 26 45 26 36 32 0 23 9 33 28 38 29 38 23 20 22 17 8 10 21 32 5 17
24 26 22 61 22 35 6 22 45 7 24 30 39 0 27 8 16 31 43 25 37 35 5 22 65 20 14 35 23 10
5 12 25 47 11 9 18 34 51 19 18 22 13 31 0 24 34 45 51 25 21 18 15 3 21 18 12 33 5 10
17 12 5 41 8 24 8 29 26 15 28 10 16 20 18 0 25 20 33 24 27 28 7 12 52 12 38 17 18 12
9 5 14 9 8 22 28 25 27 34 33 6 15 29 36 21 0 14 17 12 21 4 35 32 30 10 48 3 20 36
27 17 8 11 14 36 31 18 11 34 61 21 34 38 37 31 15 0 5 18 23 11 16 36 43 15 40 6 43 38
39 11 15 13 21 34 30 9 6 22 54 11 37 47 37 32 20 7 0 16 19 13 17 38 41 42 56 19 50 41
22 14 32 7 32 35 47 24 18 54 35 18 33 71 40 24 20 16 15 0 16 27 41 50 50 50 70 14 40 33
13 24 40 24 25 23 33 42 45 56 29 33 23 51 42 22 23 27 30 35 0 11 19 25 27 10 60 9 20 33
27 9 9 22 17 49 38 19 33 50 30 15 14 29 40 32 7 8 30 20 9 0 25 35 29 8 41 6 25 50
18 26 18 45 25 25 2 21 34 13 13 9 36 6 20 8 32 20 26 24 37 45 0 17 49 17 33 41 22 7
5 15 15 56 9 19 15 51 46 39 25 13 11 20 2 15 30 17 31 45 27 23 25 0 21 15 30 28 4 10
15 15 46 37 42 25 41 43 65 51 20 43 15 44 33 47 24 22 65 51 14 21 44 15 0 16 43 27 10 55
6 11 16 18 13 20 25 28 17 27 26 9 5 30 17 21 8 22 31 46 20 11 18 9 14 0 40 12 5 22
31 43 42 56 29 10 32 37 71 27 6 39 16 14 20 42 28 34 41 45 40 41 22 11 45 33 0 36 18 20
21 5 10 15 8 21 29 23 21 48 33 14 29 42 38 20 5 9 13 24 22 5 15 28 16 16 57 0 29 50
5 12 13 49 11 16 14 41 42 18 14 21 4 36 6 26 30 17 22 35 24 26 17 8 23 7 13 14 0 14
9 21 22 29 18 16 14 49 48 27 12 16 36 9 9 23 45 23 31 41 35 53 14 10 23 22 12 19 11 0