5
30
,
0 (22.0, 19.0) 12.0
1 (31.0, 29.0) 24.0
2 (23.0, 37.0) 40.0
3 (41.0, 46.0) 14.0
4 (25.0, 31.0) 14.0
5 (10.0, 4.0) 18.0
6 (11.0, 26.0) 17.0
7 (20.0, 49.0) 15.0
8 (25.0, 49.0) 47.0
9 (2.0, 35.0) 37.0
10 (2.0, 9.0) 13.0
11 (24.0, 32.0) 50.0
12 (31.0, 12.0) 45.0
13 (2.0, 27.0) 22.0
14 (18.0, 12.0) 14.0
15 (16.0, 30.0) 45.0
16 (33.0, 32.0) 12.0
17 (33.0, 43.0) 47.0
18 (31.0, 49.0) 16.0
19 (45.0, 49.0) 37.0
20 (46.0, 23.0) 41.0
21 (38.0, 30.0) 36.0
22 (8.0, 28.0) 30.0
23 (19.0, 15.0) 47.0
24 (40.0, 5.0) 40.0
25 (29.0, 19.0) 31.0
26 (1.0, 4.0) 19.0
27 (36.0, 34.0) 40.0
28 (25.0, 12.0) 11.0
29 (5.0, 17.0) 24.0
,
0 3 4 7 2 4 3 6 6 5 4 3 2 4 2 3 3 5 6 8 5 4 3 1 5 1 5 4 2 3
3 0 2 4 1 7 4 5 4 6 7 2 3 6 4 3 1 3 4 5 3 1 5 4 5 2 8 1 4 6
4 2 0 4 1 7 3 2 2 4 7 1 5 5 5 2 2 2 3 5 5 3 3 4 7 4 8 3 5 5
7 4 4 0 4 10 7 4 3 8 11 4 7 9 8 6 3 2 2 1 5 3 8 8 8 6 12 3 8 9
2 1 1 4 0 6 3 4 4 5 6 0 4 5 4 2 2 3 4 5 4 3 3 3 6 3 7 2 4 5
4 7 7 10 6 0 4 9 9 6 2 6 4 5 2 5 7 9 10 11 8 8 5 3 6 5 2 8 3 3
3 4 3 7 3 4 0 5 5 3 4 3 5 2 3 1 5 6 6 8 7 5 1 3 7 4 5 5 4 2
6 5 2 4 4 9 5 0 1 5 9 3 8 6 7 4 4 3 2 5 7 5 5 7 10 6 10 4 7 7
6 4 2 3 4 9 5 1 0 5 9 3 7 6 8 4 4 2 1 4 7 5 5 7 9 6 10 4 7 8
5 6 4 8 5 6 3 5 5 0 5 4 7 2 6 3 6 6 6 9 9 7 2 5 10 6 6 7 7 4
4 7 7 11 6 2 4 9 9 5 0 6 6 4 3 5 8 9 10 12 9 8 4 4 8 6 1 8 5 2
3 2 1 4 0 6 3 3 3 4 6 0 4 5 4 2 2 3 4 5 5 3 3 4 6 3 7 2 4 5
2 3 5 7 4 4 5 8 7 7 6 4 0 7 3 5 4 6 7 8 4 4 6 2 2 1 6 5 1 5
4 6 5 9 5 5 2 6 6 2 4 5 7 0 4 3 6 7 7 10 9 7 1 4 9 6 5 7 5 2
2 4 5 8 4 2 3 7 8 6 3 4 3 4 0 4 5 7 8 9 6 5 4 1 5 3 4 6 1 3
3 3 2 6 2 5 1 4 4 3 5 2 5 3 4 0 3 4 5 7 6 4 2 3 7 3 6 4 4 3
3 1 2 3 2 7 5 4 4 6 8 2 4 6 5 3 0 2 3 4 3 1 5 4 6 3 9 1 4 6
5 3 2 2 3 9 6 3 2 6 9 3 6 7 7 4 2 0 1 3 5 3 6 6 8 5 10 2 6 8
6 4 3 2 4 10 6 2 1 6 10 4 7 7 8 5 3 1 0 3 6 4 6 7 9 6 11 3 7 8
8 5 5 1 5 11 8 5 4 9 12 5 8 10 9 7 4 3 3 0 5 4 9 9 9 7 13 3 8 10
5 3 5 5 4 8 7 7 7 9 9 5 4 9 6 6 3 5 6 5 0 2 8 6 4 3 10 3 5 8
4 1 3 3 3 8 5 5 5 7 8 3 4 7 5 4 1 3 4 4 2 0 6 5 5 3 9 1 4 7
3 5 3 8 3 5 1 5 5 2 4 3 6 1 4 2 5 6 6 9 8 6 0 3 8 5 5 6 5 2
1 4 4 8 3 3 3 7 7 5 4 4 2 4 1 3 4 6 7 9 6 5 3 0 5 2 4 5 1 3
5 5 7 8 6 6 7 10 9 10 8 6 2 9 5 7 6 8 9 9 4 5 8 5 0 4 8 6 3 7
1 2 4 6 3 5 4 6 6 6 6 3 1 6 3 3 3 5 6 7 3 3 5 2 4 0 6 3 2 5
5 8 8 12 7 2 5 10 10 6 1 7 6 5 4 6 9 10 11 13 10 9 5 4 8 6 0 9 5 3
4 1 3 3 2 8 5 4 4 7 8 2 5 7 6 4 1 2 3 3 3 1 6 5 6 3 9 0 5 7
2 4 5 8 4 3 4 7 7 7 5 4 1 5 1 4 4 6 7 8 5 4 5 1 3 2 5 5 0 4
3 6 5 9 5 3 2 7 8 4 2 5 5 2 3 3 6 8 8 10 8 7 2 3 7 5 3 7 4 0
,
0 15 21 35 7 19 16 29 40 23 33 9 11 23 7 14 21 25 35 28 12 23 18 7 21 4 20 26 5 11
15 0 14 26 9 37 17 26 25 37 46 8 15 21 27 9 4 15 27 28 22 6 15 12 31 5 53 9 19 34
25 16 0 25 6 19 15 18 15 25 29 7 38 34 21 8 14 9 20 25 15 20 13 31 24 27 36 7 14 23
25 23 19 0 22 60 45 28 16 57 34 25 31 64 36 43 19 8 12 3 33 13 51 57 36 41 47 18 36 66
10 6 4 32 0 38 17 19 18 12 32 2 14 31 27 9 9 8 11 16 21 17 12 21 20 18 41 7 15 28
22 35 50 42 19 0 31 33 38 31 13 20 33 16 9 31 46 31 49 55 41 46 35 10 26 27 13 30 13 8
11 24 20 43 21 13 0 20 27 10 17 21 14 9 18 6 14 24 39 26 32 22 4 17 41 29 35 23 29 11
43 31 10 20 10 57 34 0 4 17 51 9 53 31 50 13 29 10 11 25 48 38 22 33 35 45 60 26 33 30
22 15 8 19 10 61 36 4 0 15 54 12 32 23 55 30 24 15 6 16 21 22 15 48 24 40 48 25 41 19
34 19 19 37 12 36 12 20 39 0 38 28 41 9 28 14 21 29 29 35 36 22 10 21 42 32 47 28 44 23
17 27 29 41 35 10 11 34 26 33 0 40 40 20 21 14 21 27 28 54 32 41 12 21 46 34 3 25 13 13
15 11 7 12 2 41 21 18 18 25 25 0 32 24 13 8 8 16 20 30 25 13 11 25 35 16 20 14 13 27
16 10 15 40 12 26 20 28 32 49 31 16 0 26 19 25 11 18 34 30 14 16 40 8 15 10 42 20 5 15
15 40 24 34 24 21 5 30 20 7 11 34 22 0 28 14 29 42 31 66 38 23 8 12 51 41 19 49 25 10
8 14 22 34 26 17 14 25 34 28 19 25 15 32 0 11 32 48 27 39 39 38 27 3 15 9 26 31 4 10
12 20 7 16 11 14 8 15 15 13 36 5 27 18 16 0 9 32 34 33 30 14 10 9 46 10 44 29 17 13
21 2 10 18 6 43 21 14 24 40 56 9 18 31 37 15 0 12 10 18 17 6 26 14 18 20 32 2 13 17
31 13 9 5 13 39 36 9 6 21 44 20 30 36 48 26 15 0 8 9 12 10 21 17 27 20 37 10 30 26
32 27 18 5 28 25 24 8 3 46 43 23 42 46 57 17 12 4 0 13 43 20 38 22 22 43 31 21 38 57
35 30 33 6 38 62 60 18 16 39 83 40 33 59 61 23 27 15 15 0 18 20 38 56 32 40 48 21 58 56
17 19 38 16 18 48 33 35 29 46 46 15 23 42 23 32 9 27 27 17 0 6 21 40 22 19 61 8 25 25
29 5 20 21 13 42 37 33 12 41 32 20 12 30 35 20 6 11 18 24 14 0 19 27 31 20 38 6 22 40
17 21 23 24 19 34 5 26 17 10 11 25 16 8 22 7 17 38 19 24 21 17 0 16 56 13 28 16 21 14
5 16 13 41 19 12 9 47 41 24 13 26 13 14 2 15 14 45 54 44 30 28 16 0 19 10 22 18 10 11
28 25 21 58 31 16 50 69 44 49 46 22 12 29 18 27 32 32 66 39 23 19 58 19 0 19 46 16 10 19
4 11 24 21 9 32 21 38 21 39 18 10 5 25 18 18 11 29 19 23 11 11 19 16 21 0 30 20 4 19
15 57 22 79 41 11 34 46 37 29 7 20 35 32 11 21 52 58 27 55 66 60 26 23 45 31 0 49 27 10
11 4 14 14 9 52 22 26 15 42 26 17 21 19 22 13 3 6 12 13 13 4 18 25 21 8 41 0 30 50
10 27 17 32 18 19 28 26 32 18 13 23 7 24 4 22 32 37 36 23 28 18 32 8 10 5 31 21 0 14
12 18 23 41 35 19 6 25 56 19 10 13 14 11 11 17 25 36 49 34 23 40 14 10 43 33 12 31 11 0