5
30
,
0 (22.0, 19.0) 50.0
1 (31.0, 29.0) 41.0
2 (23.0, 37.0) 21.0
3 (41.0, 46.0) 39.0
4 (25.0, 31.0) 24.0
5 (10.0, 4.0) 16.0
6 (11.0, 26.0) 13.0
7 (20.0, 49.0) 13.0
8 (25.0, 49.0) 19.0
9 (2.0, 35.0) 20.0
10 (2.0, 9.0) 48.0
11 (24.0, 32.0) 29.0
12 (31.0, 12.0) 25.0
13 (2.0, 27.0) 49.0
14 (18.0, 12.0) 35.0
15 (16.0, 30.0) 49.0
16 (33.0, 32.0) 26.0
17 (33.0, 43.0) 26.0
18 (31.0, 49.0) 33.0
19 (45.0, 49.0) 42.0
20 (46.0, 23.0) 15.0
21 (38.0, 30.0) 27.0
22 (8.0, 28.0) 19.0
23 (19.0, 15.0) 24.0
24 (40.0, 5.0) 17.0
25 (29.0, 19.0) 15.0
26 (1.0, 4.0) 10.0
27 (36.0, 34.0) 11.0
28 (25.0, 12.0) 13.0
29 (5.0, 17.0) 15.0
,
0 3 4 7 2 4 3 6 6 5 4 3 2 4 2 3 3 5 6 8 5 4 3 1 5 1 5 4 2 3
3 0 2 4 1 7 4 5 4 6 7 2 3 6 4 3 1 3 4 5 3 1 5 4 5 2 8 1 4 6
4 2 0 4 1 7 3 2 2 4 7 1 5 5 5 2 2 2 3 5 5 3 3 4 7 4 8 3 5 5
7 4 4 0 4 10 7 4 3 8 11 4 7 9 8 6 3 2 2 1 5 3 8 8 8 6 12 3 8 9
2 1 1 4 0 6 3 4 4 5 6 0 4 5 4 2 2 3 4 5 4 3 3 3 6 3 7 2 4 5
4 7 7 10 6 0 4 9 9 6 2 6 4 5 2 5 7 9 10 11 8 8 5 3 6 5 2 8 3 3
3 4 3 7 3 4 0 5 5 3 4 3 5 2 3 1 5 6 6 8 7 5 1 3 7 4 5 5 4 2
6 5 2 4 4 9 5 0 1 5 9 3 8 6 7 4 4 3 2 5 7 5 5 7 10 6 10 4 7 7
6 4 2 3 4 9 5 1 0 5 9 3 7 6 8 4 4 2 1 4 7 5 5 7 9 6 10 4 7 8
5 6 4 8 5 6 3 5 5 0 5 4 7 2 6 3 6 6 6 9 9 7 2 5 10 6 6 7 7 4
4 7 7 11 6 2 4 9 9 5 0 6 6 4 3 5 8 9 10 12 9 8 4 4 8 6 1 8 5 2
3 2 1 4 0 6 3 3 3 4 6 0 4 5 4 2 2 3 4 5 5 3 3 4 6 3 7 2 4 5
2 3 5 7 4 4 5 8 7 7 6 4 0 7 3 5 4 6 7 8 4 4 6 2 2 1 6 5 1 5
4 6 5 9 5 5 2 6 6 2 4 5 7 0 4 3 6 7 7 10 9 7 1 4 9 6 5 7 5 2
2 4 5 8 4 2 3 7 8 6 3 4 3 4 0 4 5 7 8 9 6 5 4 1 5 3 4 6 1 3
3 3 2 6 2 5 1 4 4 3 5 2 5 3 4 0 3 4 5 7 6 4 2 3 7 3 6 4 4 3
3 1 2 3 2 7 5 4 4 6 8 2 4 6 5 3 0 2 3 4 3 1 5 4 6 3 9 1 4 6
5 3 2 2 3 9 6 3 2 6 9 3 6 7 7 4 2 0 1 3 5 3 6 6 8 5 10 2 6 8
6 4 3 2 4 10 6 2 1 6 10 4 7 7 8 5 3 1 0 3 6 4 6 7 9 6 11 3 7 8
8 5 5 1 5 11 8 5 4 9 12 5 8 10 9 7 4 3 3 0 5 4 9 9 9 7 13 3 8 10
5 3 5 5 4 8 7 7 7 9 9 5 4 9 6 6 3 5 6 5 0 2 8 6 4 3 10 3 5 8
4 1 3 3 3 8 5 5 5 7 8 3 4 7 5 4 1 3 4 4 2 0 6 5 5 3 9 1 4 7
3 5 3 8 3 5 1 5 5 2 4 3 6 1 4 2 5 6 6 9 8 6 0 3 8 5 5 6 5 2
1 4 4 8 3 3 3 7 7 5 4 4 2 4 1 3 4 6 7 9 6 5 3 0 5 2 4 5 1 3
5 5 7 8 6 6 7 10 9 10 8 6 2 9 5 7 6 8 9 9 4 5 8 5 0 4 8 6 3 7
1 2 4 6 3 5 4 6 6 6 6 3 1 6 3 3 3 5 6 7 3 3 5 2 4 0 6 3 2 5
5 8 8 12 7 2 5 10 10 6 1 7 6 5 4 6 9 10 11 13 10 9 5 4 8 6 0 9 5 3
4 1 3 3 2 8 5 4 4 7 8 2 5 7 6 4 1 2 3 3 3 1 6 5 6 3 9 0 5 7
2 4 5 8 4 3 4 7 7 7 5 4 1 5 1 4 4 6 7 8 5 4 5 1 3 2 5 5 0 4
3 6 5 9 5 3 2 7 8 4 2 5 5 2 3 3 6 8 8 10 8 7 2 3 7 5 3 7 4 0
,
0 13 27 27 8 18 16 40 30 35 15 18 9 21 12 9 24 22 28 45 33 23 12 5 24 9 21 12 11 23
16 0 12 18 9 25 30 28 21 30 28 5 17 33 32 22 3 13 19 27 12 8 33 18 18 12 28 4 21 42
16 16 0 15 9 35 16 14 17 29 20 3 24 33 14 10 13 14 15 36 23 13 11 23 41 10 56 19 27 18
28 24 22 0 14 72 33 12 17 46 55 25 34 23 55 19 23 11 11 6 34 17 34 43 32 37 85 11 53 29
16 7 9 17 0 36 22 10 10 30 23 2 22 23 27 9 4 17 10 18 13 13 22 14 19 9 38 11 10 17
28 42 40 70 20 0 18 61 44 30 6 44 13 33 11 39 24 66 71 50 27 43 18 18 22 12 10 28 16 21
19 26 16 22 9 23 0 31 32 15 13 18 27 11 11 5 31 30 25 26 44 14 3 10 46 26 20 37 19 15
20 27 14 26 12 65 17 0 6 31 58 23 56 34 26 28 28 13 12 17 37 26 22 30 61 28 33 17 52 34
36 15 11 21 14 30 37 6 0 24 66 17 48 24 38 22 11 9 4 20 42 26 27 24 51 19 57 22 48 30
18 28 16 31 25 36 18 33 35 0 32 27 46 10 18 17 38 29 45 30 41 19 6 33 53 30 22 22 47 25
15 23 36 28 37 6 13 35 38 15 0 20 23 15 8 13 42 66 53 83 63 61 27 20 29 34 6 62 24 6
17 7 5 29 2 24 21 20 12 20 36 0 25 13 10 11 7 10 21 14 21 12 22 14 17 16 43 12 28 23
11 13 33 22 29 25 32 42 24 35 35 29 0 42 17 32 27 37 33 23 17 27 20 16 16 9 27 24 5 23
13 17 13 44 33 32 8 25 47 5 12 17 30 0 31 16 16 47 53 34 35 19 5 11 65 20 28 43 32 9
12 25 16 45 18 8 22 39 31 27 11 19 11 31 0 20 23 45 30 54 18 18 27 5 24 12 26 15 8 11
19 17 9 16 9 19 9 27 28 18 23 11 24 15 17 0 18 20 25 30 23 17 4 16 50 21 16 19 26 11
20 4 10 10 11 25 21 31 11 46 38 7 25 28 35 24 0 16 9 18 10 4 32 21 22 10 54 2 24 37
30 18 7 5 11 47 17 9 15 30 37 15 33 19 49 19 9 0 8 16 26 12 39 29 47 27 58 6 30 45
21 29 11 13 14 55 30 8 6 32 36 27 41 38 38 36 9 6 0 20 16 22 26 50 48 39 73 17 52 55
25 34 33 6 27 44 50 18 18 41 67 30 53 53 38 18 12 19 16 0 21 30 43 25 43 39 67 18 47 67
21 11 30 29 22 39 46 48 36 54 36 30 25 25 38 16 21 15 21 37 0 13 27 21 16 21 33 16 26 28
28 9 16 8 17 35 18 24 32 32 34 9 20 28 39 14 7 16 27 15 13 0 41 15 32 11 29 3 28 36
21 30 15 47 19 18 5 32 34 6 21 13 24 5 11 12 32 36 21 42 37 40 0 13 24 16 34 23 27 10
3 20 26 26 22 19 19 21 40 26 13 15 7 29 2 14 14 20 38 52 17 26 23 0 32 6 31 38 8 10
16 33 41 53 24 25 20 59 54 37 45 45 12 63 19 18 15 47 41 59 21 14 28 15 0 10 56 44 14 51
10 13 20 33 9 18 23 24 29 33 42 17 5 41 20 12 14 33 43 38 14 11 20 16 24 0 44 11 7 31
22 34 58 34 52 7 29 40 75 38 3 34 38 24 14 16 28 44 31 44 36 66 23 24 25 47 0 32 25 12
27 8 17 13 6 51 22 23 12 50 54 13 17 25 28 16 4 14 18 17 13 6 41 18 25 16 50 0 19 24
8 20 16 43 26 13 12 43 44 18 16 29 3 28 9 21 27 27 21 55 28 13 20 6 18 10 17 16 0 21
9 32 35 25 32 9 15 40 55 21 7 29 24 13 9 13 40 39 22 38 47 51 8 14 29 27 19 33 22 0