5
30
,
0 (22.0, 19.0) 30.0
1 (31.0, 29.0) 33.0
2 (23.0, 37.0) 34.0
3 (41.0, 46.0) 29.0
4 (25.0, 31.0) 17.0
5 (10.0, 4.0) 19.0
6 (11.0, 26.0) 21.0
7 (20.0, 49.0) 21.0
8 (25.0, 49.0) 26.0
9 (2.0, 35.0) 48.0
10 (2.0, 9.0) 15.0
11 (24.0, 32.0) 36.0
12 (31.0, 12.0) 11.0
13 (2.0, 27.0) 27.0
14 (18.0, 12.0) 45.0
15 (16.0, 30.0) 15.0
16 (33.0, 32.0) 11.0
17 (33.0, 43.0) 14.0
18 (31.0, 49.0) 19.0
19 (45.0, 49.0) 28.0
20 (46.0, 23.0) 27.0
21 (38.0, 30.0) 26.0
22 (8.0, 28.0) 41.0
23 (19.0, 15.0) 24.0
24 (40.0, 5.0) 13.0
25 (29.0, 19.0) 27.0
26 (1.0, 4.0) 19.0
27 (36.0, 34.0) 48.0
28 (25.0, 12.0) 24.0
29 (5.0, 17.0) 15.0
,
0 3 4 7 2 4 3 6 6 5 4 3 2 4 2 3 3 5 6 8 5 4 3 1 5 1 5 4 2 3
3 0 2 4 1 7 4 5 4 6 7 2 3 6 4 3 1 3 4 5 3 1 5 4 5 2 8 1 4 6
4 2 0 4 1 7 3 2 2 4 7 1 5 5 5 2 2 2 3 5 5 3 3 4 7 4 8 3 5 5
7 4 4 0 4 10 7 4 3 8 11 4 7 9 8 6 3 2 2 1 5 3 8 8 8 6 12 3 8 9
2 1 1 4 0 6 3 4 4 5 6 0 4 5 4 2 2 3 4 5 4 3 3 3 6 3 7 2 4 5
4 7 7 10 6 0 4 9 9 6 2 6 4 5 2 5 7 9 10 11 8 8 5 3 6 5 2 8 3 3
3 4 3 7 3 4 0 5 5 3 4 3 5 2 3 1 5 6 6 8 7 5 1 3 7 4 5 5 4 2
6 5 2 4 4 9 5 0 1 5 9 3 8 6 7 4 4 3 2 5 7 5 5 7 10 6 10 4 7 7
6 4 2 3 4 9 5 1 0 5 9 3 7 6 8 4 4 2 1 4 7 5 5 7 9 6 10 4 7 8
5 6 4 8 5 6 3 5 5 0 5 4 7 2 6 3 6 6 6 9 9 7 2 5 10 6 6 7 7 4
4 7 7 11 6 2 4 9 9 5 0 6 6 4 3 5 8 9 10 12 9 8 4 4 8 6 1 8 5 2
3 2 1 4 0 6 3 3 3 4 6 0 4 5 4 2 2 3 4 5 5 3 3 4 6 3 7 2 4 5
2 3 5 7 4 4 5 8 7 7 6 4 0 7 3 5 4 6 7 8 4 4 6 2 2 1 6 5 1 5
4 6 5 9 5 5 2 6 6 2 4 5 7 0 4 3 6 7 7 10 9 7 1 4 9 6 5 7 5 2
2 4 5 8 4 2 3 7 8 6 3 4 3 4 0 4 5 7 8 9 6 5 4 1 5 3 4 6 1 3
3 3 2 6 2 5 1 4 4 3 5 2 5 3 4 0 3 4 5 7 6 4 2 3 7 3 6 4 4 3
3 1 2 3 2 7 5 4 4 6 8 2 4 6 5 3 0 2 3 4 3 1 5 4 6 3 9 1 4 6
5 3 2 2 3 9 6 3 2 6 9 3 6 7 7 4 2 0 1 3 5 3 6 6 8 5 10 2 6 8
6 4 3 2 4 10 6 2 1 6 10 4 7 7 8 5 3 1 0 3 6 4 6 7 9 6 11 3 7 8
8 5 5 1 5 11 8 5 4 9 12 5 8 10 9 7 4 3 3 0 5 4 9 9 9 7 13 3 8 10
5 3 5 5 4 8 7 7 7 9 9 5 4 9 6 6 3 5 6 5 0 2 8 6 4 3 10 3 5 8
4 1 3 3 3 8 5 5 5 7 8 3 4 7 5 4 1 3 4 4 2 0 6 5 5 3 9 1 4 7
3 5 3 8 3 5 1 5 5 2 4 3 6 1 4 2 5 6 6 9 8 6 0 3 8 5 5 6 5 2
1 4 4 8 3 3 3 7 7 5 4 4 2 4 1 3 4 6 7 9 6 5 3 0 5 2 4 5 1 3
5 5 7 8 6 6 7 10 9 10 8 6 2 9 5 7 6 8 9 9 4 5 8 5 0 4 8 6 3 7
1 2 4 6 3 5 4 6 6 6 6 3 1 6 3 3 3 5 6 7 3 3 5 2 4 0 6 3 2 5
5 8 8 12 7 2 5 10 10 6 1 7 6 5 4 6 9 10 11 13 10 9 5 4 8 6 0 9 5 3
4 1 3 3 2 8 5 4 4 7 8 2 5 7 6 4 1 2 3 3 3 1 6 5 6 3 9 0 5 7
2 4 5 8 4 3 4 7 7 7 5 4 1 5 1 4 4 6 7 8 5 4 5 1 3 2 5 5 0 4
3 6 5 9 5 3 2 7 8 4 2 5 5 2 3 3 6 8 8 10 8 7 2 3 7 5 3 7 4 0
,
0 19 12 48 8 25 14 31 17 36 31 18 15 32 7 14 9 31 25 23 23 21 19 3 33 7 20 22 8 17
8 0 7 29 7 47 12 18 22 20 25 7 22 27 19 8 2 9 11 31 9 6 33 11 31 8 55 5 20 33
23 11 0 10 9 42 15 10 14 25 51 5 15 28 26 13 7 16 7 34 23 18 22 18 26 19 29 9 17 19
37 24 30 0 14 69 38 15 9 25 57 26 42 38 28 36 22 5 10 6 29 24 28 49 30 22 49 19 21 43
14 5 5 22 0 43 11 13 17 13 39 2 14 19 14 7 5 10 28 40 28 15 20 18 34 7 37 16 16 18
10 30 31 40 33 0 20 49 62 31 13 36 30 13 17 14 24 25 68 34 24 32 29 16 18 36 7 43 14 10
16 19 15 44 18 27 0 31 16 14 20 20 20 13 17 5 15 34 23 35 48 24 3 10 45 20 31 22 27 16
31 28 11 27 24 60 16 0 5 15 36 15 22 18 48 26 16 8 7 15 40 16 30 31 64 18 72 33 22 51
21 17 17 11 13 34 27 4 0 22 32 15 52 46 44 15 12 10 8 30 27 21 32 23 44 30 76 21 48 50
15 35 25 27 31 41 17 23 16 0 24 12 28 8 26 14 46 45 46 31 62 24 6 26 50 18 17 36 29 23
28 52 18 31 37 8 20 59 45 19 0 25 19 24 14 16 32 52 64 43 32 43 26 20 33 33 4 38 18 10
14 7 4 31 1 29 12 14 20 30 45 0 25 18 18 11 7 14 17 39 12 13 21 16 31 10 30 15 27 25
6 11 32 52 19 26 21 54 27 46 35 29 0 20 13 32 20 36 34 32 14 24 41 17 11 4 27 23 7 15
28 43 25 32 27 16 9 29 23 11 21 30 41 0 22 15 21 46 30 38 55 52 5 31 43 26 27 24 31 6
9 31 26 25 26 14 14 34 39 14 18 18 10 29 0 24 35 18 56 57 41 21 21 2 15 9 19 26 6 13
9 12 12 29 11 27 6 25 17 10 26 7 34 21 13 0 14 23 15 42 30 16 8 20 38 16 33 20 22 16
13 4 14 13 5 32 12 17 21 25 30 5 29 32 19 19 0 16 25 12 14 4 24 24 17 13 48 3 29 20
21 10 11 7 17 53 35 10 14 33 59 12 35 23 46 25 10 0 7 8 24 14 27 44 28 12 76 13 29 47
23 11 10 15 25 66 39 14 5 43 35 26 23 29 37 34 12 7 0 7 45 18 32 51 48 24 54 12 46 55
42 26 18 3 28 84 40 37 15 56 52 40 53 61 64 29 14 8 12 0 17 29 52 39 24 43 37 20 22 34
33 23 39 12 30 29 26 47 49 55 23 20 11 53 17 31 18 15 41 36 0 6 48 19 17 12 25 14 31 21
20 8 21 8 8 40 15 35 22 35 21 9 10 42 23 29 6 18 14 29 10 0 28 23 19 15 62 5 23 37
12 24 18 40 17 35 5 26 40 13 11 14 18 4 25 6 28 38 24 36 36 45 0 23 50 32 26 27 27 12
3 19 33 42 22 20 8 29 19 32 22 9 16 20 4 23 23 20 43 38 26 26 13 0 17 8 18 35 6 19
14 31 39 28 39 23 34 67 54 58 46 42 15 58 26 46 15 48 46 50 21 29 57 33 0 13 27 28 23 30
7 13 26 35 8 18 19 30 22 17 40 17 4 35 8 20 14 27 27 21 12 14 28 8 22 0 23 11 11 22
17 54 26 87 39 12 20 28 49 27 4 35 32 32 26 34 25 46 46 47 71 47 35 21 42 46 0 42 22 19
23 9 7 7 7 37 18 17 24 46 23 10 25 31 21 14 5 12 20 17 9 5 28 15 28 12 61 0 16 43
10 14 14 37 28 17 17 50 51 46 18 16 4 18 4 28 23 24 39 30 29 15 14 8 18 5 18 16 0 19
12 37 27 55 30 8 6 27 52 10 11 34 15 12 8 17 31 29 62 29 45 39 16 11 19 20 17 24 29 0