5
30
,
0 (22.0, 19.0) 21.0
1 (31.0, 29.0) 37.0
2 (23.0, 37.0) 34.0
3 (41.0, 46.0) 43.0
4 (25.0, 31.0) 13.0
5 (10.0, 4.0) 43.0
6 (11.0, 26.0) 27.0
7 (20.0, 49.0) 15.0
8 (25.0, 49.0) 49.0
9 (2.0, 35.0) 40.0
10 (2.0, 9.0) 18.0
11 (24.0, 32.0) 15.0
12 (31.0, 12.0) 19.0
13 (2.0, 27.0) 16.0
14 (18.0, 12.0) 24.0
15 (16.0, 30.0) 31.0
16 (33.0, 32.0) 25.0
17 (33.0, 43.0) 40.0
18 (31.0, 49.0) 27.0
19 (45.0, 49.0) 18.0
20 (46.0, 23.0) 26.0
21 (38.0, 30.0) 17.0
22 (8.0, 28.0) 16.0
23 (19.0, 15.0) 28.0
24 (40.0, 5.0) 32.0
25 (29.0, 19.0) 18.0
26 (1.0, 4.0) 37.0
27 (36.0, 34.0) 48.0
28 (25.0, 12.0) 19.0
29 (5.0, 17.0) 22.0
,
0 3 4 7 2 4 3 6 6 5 4 3 2 4 2 3 3 5 6 8 5 4 3 1 5 1 5 4 2 3
3 0 2 4 1 7 4 5 4 6 7 2 3 6 4 3 1 3 4 5 3 1 5 4 5 2 8 1 4 6
4 2 0 4 1 7 3 2 2 4 7 1 5 5 5 2 2 2 3 5 5 3 3 4 7 4 8 3 5 5
7 4 4 0 4 10 7 4 3 8 11 4 7 9 8 6 3 2 2 1 5 3 8 8 8 6 12 3 8 9
2 1 1 4 0 6 3 4 4 5 6 0 4 5 4 2 2 3 4 5 4 3 3 3 6 3 7 2 4 5
4 7 7 10 6 0 4 9 9 6 2 6 4 5 2 5 7 9 10 11 8 8 5 3 6 5 2 8 3 3
3 4 3 7 3 4 0 5 5 3 4 3 5 2 3 1 5 6 6 8 7 5 1 3 7 4 5 5 4 2
6 5 2 4 4 9 5 0 1 5 9 3 8 6 7 4 4 3 2 5 7 5 5 7 10 6 10 4 7 7
6 4 2 3 4 9 5 1 0 5 9 3 7 6 8 4 4 2 1 4 7 5 5 7 9 6 10 4 7 8
5 6 4 8 5 6 3 5 5 0 5 4 7 2 6 3 6 6 6 9 9 7 2 5 10 6 6 7 7 4
4 7 7 11 6 2 4 9 9 5 0 6 6 4 3 5 8 9 10 12 9 8 4 4 8 6 1 8 5 2
3 2 1 4 0 6 3 3 3 4 6 0 4 5 4 2 2 3 4 5 5 3 3 4 6 3 7 2 4 5
2 3 5 7 4 4 5 8 7 7 6 4 0 7 3 5 4 6 7 8 4 4 6 2 2 1 6 5 1 5
4 6 5 9 5 5 2 6 6 2 4 5 7 0 4 3 6 7 7 10 9 7 1 4 9 6 5 7 5 2
2 4 5 8 4 2 3 7 8 6 3 4 3 4 0 4 5 7 8 9 6 5 4 1 5 3 4 6 1 3
3 3 2 6 2 5 1 4 4 3 5 2 5 3 4 0 3 4 5 7 6 4 2 3 7 3 6 4 4 3
3 1 2 3 2 7 5 4 4 6 8 2 4 6 5 3 0 2 3 4 3 1 5 4 6 3 9 1 4 6
5 3 2 2 3 9 6 3 2 6 9 3 6 7 7 4 2 0 1 3 5 3 6 6 8 5 10 2 6 8
6 4 3 2 4 10 6 2 1 6 10 4 7 7 8 5 3 1 0 3 6 4 6 7 9 6 11 3 7 8
8 5 5 1 5 11 8 5 4 9 12 5 8 10 9 7 4 3 3 0 5 4 9 9 9 7 13 3 8 10
5 3 5 5 4 8 7 7 7 9 9 5 4 9 6 6 3 5 6 5 0 2 8 6 4 3 10 3 5 8
4 1 3 3 3 8 5 5 5 7 8 3 4 7 5 4 1 3 4 4 2 0 6 5 5 3 9 1 4 7
3 5 3 8 3 5 1 5 5 2 4 3 6 1 4 2 5 6 6 9 8 6 0 3 8 5 5 6 5 2
1 4 4 8 3 3 3 7 7 5 4 4 2 4 1 3 4 6 7 9 6 5 3 0 5 2 4 5 1 3
5 5 7 8 6 6 7 10 9 10 8 6 2 9 5 7 6 8 9 9 4 5 8 5 0 4 8 6 3 7
1 2 4 6 3 5 4 6 6 6 6 3 1 6 3 3 3 5 6 7 3 3 5 2 4 0 6 3 2 5
5 8 8 12 7 2 5 10 10 6 1 7 6 5 4 6 9 10 11 13 10 9 5 4 8 6 0 9 5 3
4 1 3 3 2 8 5 4 4 7 8 2 5 7 6 4 1 2 3 3 3 1 6 5 6 3 9 0 5 7
2 4 5 8 4 3 4 7 7 7 5 4 1 5 1 4 4 6 7 8 5 4 5 1 3 2 5 5 0 4
3 6 5 9 5 3 2 7 8 4 2 5 5 2 3 3 6 8 8 10 8 7 2 3 7 5 3 7 4 0
,
0 19 14 47 9 21 7 30 33 26 15 11 8 27 8 16 24 29 20 53 36 24 21 7 34 8 30 28 5 18
19 0 12 14 7 20 12 19 29 32 26 6 11 21 32 17 2 17 14 17 8 5 28 27 25 6 44 7 25 16
19 7 0 20 3 35 20 16 9 28 52 6 32 30 28 5 14 10 17 28 16 12 10 16 21 19 44 14 28 34
34 24 11 0 22 41 32 27 11 43 65 12 23 35 51 37 18 11 7 5 33 16 56 42 58 38 58 12 49 41
15 6 9 28 0 31 13 20 15 29 27 1 10 32 17 11 7 8 19 35 16 17 22 22 41 11 19 7 22 26
18 22 32 71 23 0 14 57 56 21 13 17 12 30 9 22 23 51 38 46 43 51 34 17 38 27 10 22 23 8
12 12 23 26 9 21 0 12 33 11 19 17 23 7 21 4 12 15 25 32 52 28 5 19 48 21 25 31 20 15
26 24 8 21 27 59 36 0 6 18 35 13 35 16 33 11 26 17 8 19 52 14 23 39 66 33 39 19 50 27
17 25 10 19 22 54 23 4 0 34 42 21 39 32 40 18 14 10 7 24 27 15 15 36 58 38 52 18 50 32
23 31 30 31 22 33 13 19 30 0 15 24 49 8 16 19 32 29 33 36 47 26 9 32 67 45 39 47 33 15
27 25 31 65 40 12 25 39 46 39 0 36 15 27 9 34 55 68 37 86 33 58 29 19 42 38 4 57 18 6
20 4 4 24 2 41 20 16 21 26 42 0 28 33 30 8 10 10 15 20 27 9 16 14 38 9 49 18 26 16
10 19 21 27 19 31 20 53 48 39 31 18 0 23 10 35 15 31 33 32 15 27 40 17 10 9 23 15 9 31
30 36 28 48 16 36 7 35 31 4 11 29 22 0 20 11 27 40 45 63 60 43 8 21 49 18 18 20 35 8
8 31 18 60 24 15 21 52 44 42 24 28 14 26 0 15 36 51 53 45 27 21 13 4 27 10 17 20 5 11
18 21 7 30 12 37 8 13 17 10 30 5 26 17 15 0 18 14 34 18 16 25 9 11 20 25 37 27 13 16
23 5 11 20 9 19 21 25 20 34 27 6 14 38 17 21 0 6 15 22 9 5 25 14 36 14 57 5 12 23
28 14 17 8 12 45 23 20 7 18 48 19 36 42 24 11 14 0 5 20 27 11 41 44 21 17 38 9 35 41
36 13 21 8 26 64 24 14 4 47 62 24 54 49 36 23 14 3 0 19 19 17 22 50 63 38 65 14 29 55
45 14 17 3 32 71 31 31 15 39 44 36 44 45 65 39 22 9 21 0 16 29 57 32 24 23 45 18 28 71
34 9 15 15 20 33 37 37 42 30 32 23 16 23 19 40 8 30 22 15 0 8 49 37 19 18 58 10 32 27
20 5 24 17 13 35 20 32 23 20 52 20 28 22 15 26 6 16 18 20 12 0 18 36 37 11 44 3 25 33
14 33 13 38 22 25 3 27 32 8 21 16 28 6 16 8 19 42 21 63 41 19 0 9 57 15 21 36 13 12
4 11 12 36 10 17 17 40 25 35 18 15 8 27 2 11 30 17 44 36 18 17 15 0 14 16 22 35 8 7
13 14 39 45 39 40 42 58 69 39 32 42 10 36 29 40 41 26 66 24 12 32 24 17 0 24 58 38 9 49
5 11 12 40 16 29 18 46 26 23 34 20 10 20 8 15 9 35 25 23 15 16 13 13 10 0 32 19 10 33
26 21 21 70 37 5 31 43 67 43 6 52 35 13 23 31 26 50 72 45 51 28 17 19 49 45 0 47 19 16
11 10 10 16 10 38 32 13 24 44 44 11 17 21 36 29 5 6 13 12 8 6 33 24 27 9 25 0 17 18
11 27 14 37 21 12 28 48 32 25 24 11 8 32 7 29 24 33 20 52 15 29 21 8 23 10 32 30 0 11
13 35 28 29 21 16 13 22 39 18 7 24 28 15 9 14 35 45 38 28 60 45 8 21 29 18 7 42 18 0