5
30
,
0 (22.0, 19.0) 11.0
1 (31.0, 29.0) 19.0
2 (23.0, 37.0) 18.0
3 (41.0, 46.0) 12.0
4 (25.0, 31.0) 20.0
5 (10.0, 4.0) 10.0
6 (11.0, 26.0) 10.0
7 (20.0, 49.0) 10.0
8 (25.0, 49.0) 13.0
9 (2.0, 35.0) 21.0
10 (2.0, 9.0) 11.0
11 (24.0, 32.0) 11.0
12 (31.0, 12.0) 13.0
13 (2.0, 27.0) 25.0
14 (18.0, 12.0) 34.0
15 (16.0, 30.0) 31.0
16 (33.0, 32.0) 29.0
17 (33.0, 43.0) 31.0
18 (31.0, 49.0) 14.0
19 (45.0, 49.0) 22.0
20 (46.0, 23.0) 13.0
21 (38.0, 30.0) 16.0
22 (8.0, 28.0) 14.0
23 (19.0, 15.0) 12.0
24 (40.0, 5.0) 44.0
25 (29.0, 19.0) 50.0
26 (1.0, 4.0) 34.0
27 (36.0, 34.0) 30.0
28 (25.0, 12.0) 11.0
29 (5.0, 17.0) 11.0
,
0 3 4 7 2 4 3 6 6 5 4 3 2 4 2 3 3 5 6 8 5 4 3 1 5 1 5 4 2 3
3 0 2 4 1 7 4 5 4 6 7 2 3 6 4 3 1 3 4 5 3 1 5 4 5 2 8 1 4 6
4 2 0 4 1 7 3 2 2 4 7 1 5 5 5 2 2 2 3 5 5 3 3 4 7 4 8 3 5 5
7 4 4 0 4 10 7 4 3 8 11 4 7 9 8 6 3 2 2 1 5 3 8 8 8 6 12 3 8 9
2 1 1 4 0 6 3 4 4 5 6 0 4 5 4 2 2 3 4 5 4 3 3 3 6 3 7 2 4 5
4 7 7 10 6 0 4 9 9 6 2 6 4 5 2 5 7 9 10 11 8 8 5 3 6 5 2 8 3 3
3 4 3 7 3 4 0 5 5 3 4 3 5 2 3 1 5 6 6 8 7 5 1 3 7 4 5 5 4 2
6 5 2 4 4 9 5 0 1 5 9 3 8 6 7 4 4 3 2 5 7 5 5 7 10 6 10 4 7 7
6 4 2 3 4 9 5 1 0 5 9 3 7 6 8 4 4 2 1 4 7 5 5 7 9 6 10 4 7 8
5 6 4 8 5 6 3 5 5 0 5 4 7 2 6 3 6 6 6 9 9 7 2 5 10 6 6 7 7 4
4 7 7 11 6 2 4 9 9 5 0 6 6 4 3 5 8 9 10 12 9 8 4 4 8 6 1 8 5 2
3 2 1 4 0 6 3 3 3 4 6 0 4 5 4 2 2 3 4 5 5 3 3 4 6 3 7 2 4 5
2 3 5 7 4 4 5 8 7 7 6 4 0 7 3 5 4 6 7 8 4 4 6 2 2 1 6 5 1 5
4 6 5 9 5 5 2 6 6 2 4 5 7 0 4 3 6 7 7 10 9 7 1 4 9 6 5 7 5 2
2 4 5 8 4 2 3 7 8 6 3 4 3 4 0 4 5 7 8 9 6 5 4 1 5 3 4 6 1 3
3 3 2 6 2 5 1 4 4 3 5 2 5 3 4 0 3 4 5 7 6 4 2 3 7 3 6 4 4 3
3 1 2 3 2 7 5 4 4 6 8 2 4 6 5 3 0 2 3 4 3 1 5 4 6 3 9 1 4 6
5 3 2 2 3 9 6 3 2 6 9 3 6 7 7 4 2 0 1 3 5 3 6 6 8 5 10 2 6 8
6 4 3 2 4 10 6 2 1 6 10 4 7 7 8 5 3 1 0 3 6 4 6 7 9 6 11 3 7 8
8 5 5 1 5 11 8 5 4 9 12 5 8 10 9 7 4 3 3 0 5 4 9 9 9 7 13 3 8 10
5 3 5 5 4 8 7 7 7 9 9 5 4 9 6 6 3 5 6 5 0 2 8 6 4 3 10 3 5 8
4 1 3 3 3 8 5 5 5 7 8 3 4 7 5 4 1 3 4 4 2 0 6 5 5 3 9 1 4 7
3 5 3 8 3 5 1 5 5 2 4 3 6 1 4 2 5 6 6 9 8 6 0 3 8 5 5 6 5 2
1 4 4 8 3 3 3 7 7 5 4 4 2 4 1 3 4 6 7 9 6 5 3 0 5 2 4 5 1 3
5 5 7 8 6 6 7 10 9 10 8 6 2 9 5 7 6 8 9 9 4 5 8 5 0 4 8 6 3 7
1 2 4 6 3 5 4 6 6 6 6 3 1 6 3 3 3 5 6 7 3 3 5 2 4 0 6 3 2 5
5 8 8 12 7 2 5 10 10 6 1 7 6 5 4 6 9 10 11 13 10 9 5 4 8 6 0 9 5 3
4 1 3 3 2 8 5 4 4 7 8 2 5 7 6 4 1 2 3 3 3 1 6 5 6 3 9 0 5 7
2 4 5 8 4 3 4 7 7 7 5 4 1 5 1 4 4 6 7 8 5 4 5 1 3 2 5 5 0 4
3 6 5 9 5 3 2 7 8 4 2 5 5 2 3 3 6 8 8 10 8 7 2 3 7 5 3 7 4 0
,
0 11 20 29 10 12 10 40 39 17 13 8 8 25 9 17 17 33 16 35 34 13 20 6 16 4 19 16 10 20
11 0 14 10 4 40 26 15 12 15 35 5 11 37 15 12 4 8 25 13 15 5 12 20 18 11 32 8 22 35
15 14 0 26 9 38 24 13 9 18 35 7 32 13 25 7 12 14 18 15 16 10 21 26 40 17 44 10 14 22
45 25 19 0 20 30 19 11 19 49 31 16 43 65 60 22 13 12 10 4 26 14 53 43 25 26 33 7 31 46
13 8 6 14 0 34 12 11 24 28 42 1 17 20 18 9 8 20 18 23 16 13 24 19 17 10 48 14 27 35
25 18 18 61 40 0 23 27 28 28 14 38 34 13 16 20 36 25 66 37 23 21 31 18 42 25 10 27 12 20
10 12 13 34 9 27 0 14 27 12 25 14 26 9 10 7 14 32 44 50 23 37 5 19 38 24 35 28 14 6
44 25 18 25 26 59 21 0 7 12 36 15 51 36 32 27 25 7 11 20 23 20 19 22 33 32 49 17 44 26
37 30 9 18 11 30 27 4 0 37 56 18 39 26 40 30 17 10 7 26 40 17 26 43 57 43 44 11 46 48
17 35 18 36 16 47 7 17 35 0 29 32 35 8 21 20 34 27 38 24 67 49 11 17 26 42 45 34 43 10
25 30 40 52 46 6 22 61 64 24 0 28 37 9 11 28 38 28 57 69 29 22 18 13 29 26 5 56 12 8
16 7 6 20 1 46 8 24 9 32 43 0 28 25 23 9 8 16 22 19 20 21 22 22 43 19 50 17 17 27
13 16 30 41 17 16 34 40 39 28 37 29 0 29 19 21 10 33 24 44 19 26 31 17 12 9 21 26 6 16
12 20 34 62 29 18 13 35 39 6 15 23 48 0 29 19 20 20 19 25 46 26 6 22 30 21 27 37 24 12
10 19 19 32 19 13 23 53 22 24 23 29 9 20 0 20 27 41 41 27 24 24 15 3 18 14 19 30 9 15
14 18 12 38 11 25 5 11 29 21 38 6 22 19 24 0 24 11 20 26 39 24 6 20 27 9 29 14 14 22
17 2 6 22 7 34 24 16 27 28 33 13 27 34 33 22 0 13 24 22 14 6 17 28 30 10 50 3 32 32
32 18 8 5 16 28 33 17 12 39 35 8 19 31 38 31 15 0 8 15 31 12 24 18 24 30 64 14 40 34
38 16 18 8 27 70 20 7 8 29 54 20 23 39 52 28 21 8 0 8 21 13 34 27 64 22 59 18 21 57
30 31 28 3 18 40 24 26 26 51 88 26 40 66 56 32 29 10 16 0 35 11 63 39 42 50 78 21 52 32
32 21 38 32 14 41 44 35 22 63 62 31 19 52 32 25 22 19 21 20 0 14 55 17 22 9 39 13 32 23
18 9 16 17 15 22 16 38 12 27 43 8 15 43 39 27 3 12 10 23 12 0 16 27 21 16 49 4 24 36
11 18 9 43 10 23 4 29 22 12 29 9 38 6 11 11 18 27 41 51 46 45 0 9 37 16 37 19 22 14
3 25 20 44 19 19 15 29 28 20 24 18 15 25 4 22 15 17 49 26 32 30 20 0 32 15 14 31 9 12
25 30 26 46 25 41 26 57 25 69 32 37 10 38 15 29 38 40 52 42 22 29 50 29 0 20 46 41 16 35
6 14 12 19 12 35 28 26 18 41 20 13 7 30 13 19 11 17 24 36 9 13 19 11 26 0 28 19 6 23
38 42 31 62 34 10 33 61 33 30 6 46 32 25 12 30 28 55 68 89 27 60 26 11 38 20 0 45 30 16
12 8 20 12 9 34 28 17 14 31 38 7 19 51 36 20 3 9 8 16 8 5 37 30 33 24 25 0 27 32
11 9 36 22 26 19 22 48 43 17 24 24 6 31 7 29 13 30 25 49 35 21 12 7 13 10 20 15 0 19
9 17 16 60 15 17 13 22 29 24 11 32 20 12 16 25 26 55 42 29 29 30 7 18 53 28 18 32 27 0