5
30
,
0 (22.0, 19.0) 34.0
1 (31.0, 29.0) 37.0
2 (23.0, 37.0) 43.0
3 (41.0, 46.0) 46.0
4 (25.0, 31.0) 16.0
5 (10.0, 4.0) 37.0
6 (11.0, 26.0) 11.0
7 (20.0, 49.0) 29.0
8 (25.0, 49.0) 11.0
9 (2.0, 35.0) 47.0
10 (2.0, 9.0) 13.0
11 (24.0, 32.0) 40.0
12 (31.0, 12.0) 19.0
13 (2.0, 27.0) 18.0
14 (18.0, 12.0) 16.0
15 (16.0, 30.0) 18.0
16 (33.0, 32.0) 19.0
17 (33.0, 43.0) 25.0
18 (31.0, 49.0) 19.0
19 (45.0, 49.0) 13.0
20 (46.0, 23.0) 20.0
21 (38.0, 30.0) 20.0
22 (8.0, 28.0) 25.0
23 (19.0, 15.0) 42.0
24 (40.0, 5.0) 22.0
25 (29.0, 19.0) 13.0
26 (1.0, 4.0) 12.0
27 (36.0, 34.0) 25.0
28 (25.0, 12.0) 31.0
29 (5.0, 17.0) 28.0
,
0 3 4 7 2 4 3 6 6 5 4 3 2 4 2 3 3 5 6 8 5 4 3 1 5 1 5 4 2 3
3 0 2 4 1 7 4 5 4 6 7 2 3 6 4 3 1 3 4 5 3 1 5 4 5 2 8 1 4 6
4 2 0 4 1 7 3 2 2 4 7 1 5 5 5 2 2 2 3 5 5 3 3 4 7 4 8 3 5 5
7 4 4 0 4 10 7 4 3 8 11 4 7 9 8 6 3 2 2 1 5 3 8 8 8 6 12 3 8 9
2 1 1 4 0 6 3 4 4 5 6 0 4 5 4 2 2 3 4 5 4 3 3 3 6 3 7 2 4 5
4 7 7 10 6 0 4 9 9 6 2 6 4 5 2 5 7 9 10 11 8 8 5 3 6 5 2 8 3 3
3 4 3 7 3 4 0 5 5 3 4 3 5 2 3 1 5 6 6 8 7 5 1 3 7 4 5 5 4 2
6 5 2 4 4 9 5 0 1 5 9 3 8 6 7 4 4 3 2 5 7 5 5 7 10 6 10 4 7 7
6 4 2 3 4 9 5 1 0 5 9 3 7 6 8 4 4 2 1 4 7 5 5 7 9 6 10 4 7 8
5 6 4 8 5 6 3 5 5 0 5 4 7 2 6 3 6 6 6 9 9 7 2 5 10 6 6 7 7 4
4 7 7 11 6 2 4 9 9 5 0 6 6 4 3 5 8 9 10 12 9 8 4 4 8 6 1 8 5 2
3 2 1 4 0 6 3 3 3 4 6 0 4 5 4 2 2 3 4 5 5 3 3 4 6 3 7 2 4 5
2 3 5 7 4 4 5 8 7 7 6 4 0 7 3 5 4 6 7 8 4 4 6 2 2 1 6 5 1 5
4 6 5 9 5 5 2 6 6 2 4 5 7 0 4 3 6 7 7 10 9 7 1 4 9 6 5 7 5 2
2 4 5 8 4 2 3 7 8 6 3 4 3 4 0 4 5 7 8 9 6 5 4 1 5 3 4 6 1 3
3 3 2 6 2 5 1 4 4 3 5 2 5 3 4 0 3 4 5 7 6 4 2 3 7 3 6 4 4 3
3 1 2 3 2 7 5 4 4 6 8 2 4 6 5 3 0 2 3 4 3 1 5 4 6 3 9 1 4 6
5 3 2 2 3 9 6 3 2 6 9 3 6 7 7 4 2 0 1 3 5 3 6 6 8 5 10 2 6 8
6 4 3 2 4 10 6 2 1 6 10 4 7 7 8 5 3 1 0 3 6 4 6 7 9 6 11 3 7 8
8 5 5 1 5 11 8 5 4 9 12 5 8 10 9 7 4 3 3 0 5 4 9 9 9 7 13 3 8 10
5 3 5 5 4 8 7 7 7 9 9 5 4 9 6 6 3 5 6 5 0 2 8 6 4 3 10 3 5 8
4 1 3 3 3 8 5 5 5 7 8 3 4 7 5 4 1 3 4 4 2 0 6 5 5 3 9 1 4 7
3 5 3 8 3 5 1 5 5 2 4 3 6 1 4 2 5 6 6 9 8 6 0 3 8 5 5 6 5 2
1 4 4 8 3 3 3 7 7 5 4 4 2 4 1 3 4 6 7 9 6 5 3 0 5 2 4 5 1 3
5 5 7 8 6 6 7 10 9 10 8 6 2 9 5 7 6 8 9 9 4 5 8 5 0 4 8 6 3 7
1 2 4 6 3 5 4 6 6 6 6 3 1 6 3 3 3 5 6 7 3 3 5 2 4 0 6 3 2 5
5 8 8 12 7 2 5 10 10 6 1 7 6 5 4 6 9 10 11 13 10 9 5 4 8 6 0 9 5 3
4 1 3 3 2 8 5 4 4 7 8 2 5 7 6 4 1 2 3 3 3 1 6 5 6 3 9 0 5 7
2 4 5 8 4 3 4 7 7 7 5 4 1 5 1 4 4 6 7 8 5 4 5 1 3 2 5 5 0 4
3 6 5 9 5 3 2 7 8 4 2 5 5 2 3 3 6 8 8 10 8 7 2 3 7 5 3 7 4 0
,
0 11 11 23 7 20 10 41 35 26 33 10 11 16 4 16 24 33 33 34 17 11 17 6 22 4 32 12 9 19
16 0 6 28 8 35 15 17 16 21 48 6 16 40 25 14 4 9 10 21 13 6 31 10 14 8 47 10 20 26
18 9 0 28 4 49 21 16 17 18 24 5 30 13 14 9 13 13 11 36 25 16 10 31 44 17 41 11 17 38
25 22 16 0 33 69 50 21 17 33 62 28 23 23 22 37 21 10 9 4 17 24 51 28 23 31 37 10 23 59
18 9 5 28 0 17 16 25 13 13 36 1 21 16 22 8 8 9 26 27 12 11 14 15 37 6 47 17 10 20
27 48 38 33 38 0 15 40 56 32 10 39 30 21 7 31 29 37 55 65 44 52 19 8 27 24 13 20 11 15
13 25 16 48 14 27 0 29 15 8 23 14 15 7 18 7 28 17 21 37 37 33 4 17 43 23 29 35 25 14
40 34 18 22 10 58 17 0 5 32 42 10 31 25 35 25 16 17 12 13 55 16 15 46 47 46 56 20 35 27
29 20 14 17 22 29 31 5 0 30 46 22 25 18 22 12 17 7 8 18 43 22 28 45 61 36 28 14 52 41
20 34 23 37 14 20 19 24 20 0 26 18 25 10 42 10 32 38 46 52 58 43 9 31 40 30 38 49 45 19
15 34 48 43 31 8 25 25 37 22 0 43 22 12 11 35 42 59 31 64 66 33 17 14 51 15 8 55 24 11
15 8 4 13 1 25 13 9 16 25 20 0 18 13 18 5 10 16 19 27 18 17 23 10 19 13 39 15 28 19
16 11 26 25 28 27 36 26 37 54 27 25 0 45 15 23 15 28 38 44 18 27 36 17 10 11 33 15 7 37
11 23 16 55 32 33 8 34 24 7 22 33 42 0 31 13 33 28 28 66 46 41 5 20 58 34 18 25 20 13
7 16 23 37 15 15 15 54 55 21 18 27 14 14 0 14 16 25 38 40 41 38 17 3 23 12 19 30 9 18
7 18 12 42 7 40 4 26 31 8 33 9 31 11 26 0 23 17 29 48 22 14 5 18 39 19 26 20 11 24
14 5 7 24 5 54 23 23 24 37 28 7 26 17 21 15 0 6 19 29 9 4 33 27 37 14 42 5 15 39
37 7 17 4 20 61 35 10 13 18 29 15 26 31 41 31 16 0 7 19 27 20 16 35 51 19 58 10 27 52
29 19 7 10 25 68 36 8 5 31 32 10 45 20 51 27 12 8 0 18 25 30 21 46 27 19 78 17 36 34
26 19 14 5 29 80 44 18 21 50 65 38 40 54 63 38 29 17 8 0 17 19 48 46 41 48 44 14 41 53
23 12 31 21 11 41 27 50 40 30 24 25 14 28 36 42 21 15 38 16 0 7 53 38 14 18 57 20 31 44
14 9 18 14 10 48 33 31 25 51 32 12 12 19 16 31 6 13 26 21 16 0 40 24 13 21 29 4 23 52
20 19 18 34 12 20 5 30 33 5 26 10 18 8 24 12 13 43 35 51 39 22 0 21 38 28 15 20 14 14
6 11 21 28 20 19 18 41 21 21 17 25 16 13 4 11 14 21 46 40 29 29 19 0 34 15 22 35 8 12
26 33 44 54 31 26 51 71 55 59 56 44 17 45 17 45 26 47 63 52 11 23 37 26 0 21 20 33 20 33
9 14 11 35 10 24 24 16 22 34 17 20 4 36 14 16 9 25 18 37 20 20 22 11 15 0 34 10 8 18
17 44 39 45 33 8 20 68 32 46 6 34 39 19 21 35 48 68 81 77 56 25 16 22 21 18 0 64 27 19
21 10 18 8 12 38 30 30 27 35 45 11 29 51 16 13 5 14 13 21 11 5 27 17 38 19 57 0 30 48
10 9 19 32 13 9 12 41 51 25 25 23 5 15 8 20 25 27 35 41 17 28 27 6 19 7 28 19 0 26
19 32 36 47 35 7 14 34 43 13 6 14 36 14 17 18 18 23 53 41 42 47 15 10 28 14 12 51 27 0