2
10
,
0 (46.0, 24.0) 77.0
1 (8.0, 46.0) 50.0
2 (39.0, 20.0) 36.0
3 (32.0, 20.0) 72.0
4 (21.0, 47.0) 69.0
5 (31.0, 2.0) 51.0
6 (24.0, 15.0) 32.0
7 (33.0, 24.0) 65.0
8 (25.0, 32.0) 37.0
9 (10.0, 9.0) 42.0
,
0 26 23 22 19 26 16 14 20 20 7 0
26 0 22 4 7 17 13 12 6 11 20 26
23 22 0 20 18 7 25 17 17 11 19 23
22 4 20 0 4 16 10 8 4 9 16 22
19 7 18 4 0 15 9 5 2 7 12 19
26 17 7 16 15 0 23 16 13 8 20 26
16 13 25 10 9 23 0 7 11 15 11 16
14 12 17 8 5 16 7 0 6 9 8 14
20 6 17 4 2 13 11 6 0 6 14 20
20 11 11 9 7 8 15 9 6 0 14 20
7 20 19 16 12 20 11 8 14 14 0 7
0 26 23 22 19 26 16 14 20 20 7 0
,
0 61 28 35 29 64 37 18 40 29 10 0
66 0 29 7 9 41 39 15 7 27 57 45
45 63 0 47 33 15 30 19 39 29 21 61
53 5 56 0 4 18 12 16 6 21 40 63
36 9 24 10 0 31 17 11 3 18 14 50
58 23 11 18 17 0 46 47 33 15 42 64
22 34 26 25 14 68 0 12 15 37 18 21
42 21 22 21 10 37 20 0 8 11 15 26
32 15 40 10 5 15 21 8 0 15 26 49
27 12 25 22 11 22 28 9 14 0 28 27
16 55 19 41 22 50 13 20 18 38 0 10
0 62 48 42 35 41 44 15 45 39 20 0