2
10
,
0 (46.0, 24.0) 60.0
1 (8.0, 46.0) 39.0
2 (39.0, 20.0) 49.0
3 (32.0, 20.0) 43.0
4 (21.0, 47.0) 82.0
5 (31.0, 2.0) 38.0
6 (24.0, 15.0) 49.0
7 (33.0, 24.0) 62.0
8 (25.0, 32.0) 51.0
9 (10.0, 9.0) 33.0
,
0 26 23 22 19 26 16 14 20 20 7 0
26 0 22 4 7 17 13 12 6 11 20 26
23 22 0 20 18 7 25 17 17 11 19 23
22 4 20 0 4 16 10 8 4 9 16 22
19 7 18 4 0 15 9 5 2 7 12 19
26 17 7 16 15 0 23 16 13 8 20 26
16 13 25 10 9 23 0 7 11 15 11 16
14 12 17 8 5 16 7 0 6 9 8 14
20 6 17 4 2 13 11 6 0 6 14 20
20 11 11 9 7 8 15 9 6 0 14 20
7 20 19 16 12 20 11 8 14 14 0 7
0 26 23 22 19 26 16 14 20 20 7 0
,
0 33 41 23 32 67 45 22 52 34 18 0
74 0 38 5 8 33 23 14 18 24 48 39
52 57 0 46 41 13 59 41 25 25 41 66
40 11 46 0 9 20 14 11 4 26 39 44
33 22 25 8 0 20 27 9 6 15 20 23
76 39 17 28 25 0 25 45 17 8 46 55
45 24 73 18 17 41 0 16 28 24 29 39
23 22 35 23 5 33 7 0 18 15 18 42
50 7 27 6 6 21 14 13 0 11 39 54
22 18 22 24 21 22 25 23 13 0 36 31
11 54 47 32 14 37 33 9 29 16 0 14
0 27 49 56 43 37 35 25 56 42 16 0