2
10
,
0 (7.0, 10.0) 40.0
1 (38.0, 46.0) 20.0
2 (23.0, 34.0) 11.0
3 (26.0, 39.0) 34.0
4 (37.0, 26.0) 26.0
5 (30.0, 32.0) 11.0
6 (14.0, 1.0) 15.0
7 (45.0, 49.0) 20.0
8 (3.0, 47.0) 28.0
9 (21.0, 40.0) 23.0
,
0 10 6 7 7 6 2 11 7 7
10 0 4 3 4 3 10 2 7 4
6 4 0 1 3 1 7 5 5 1
7 3 1 0 3 2 8 4 5 1
7 4 3 3 0 2 7 5 8 4
6 3 1 2 2 0 7 5 6 2
2 10 7 8 7 7 0 11 9 8
11 2 5 4 5 5 11 0 8 5
7 7 5 5 8 6 9 8 0 4
7 4 1 1 4 2 8 5 4 0
,
0 49 18 28 34 25 11 37 43 19
70 0 21 8 17 17 50 7 48 13
35 26 0 4 12 7 36 38 20 6
45 11 4 0 17 7 22 26 15 8
19 26 12 17 0 7 21 32 39 22
39 18 5 8 8 0 26 29 37 12
15 60 20 48 38 39 0 81 69 55
71 5 14 13 28 31 40 0 41 37
28 35 34 25 26 39 56 43 0 14
22 18 7 3 18 13 52 13 15 0