2
10
,
0 (7.0, 10.0) 40.0
1 (38.0, 46.0) 29.0
2 (23.0, 34.0) 24.0
3 (26.0, 39.0) 47.0
4 (37.0, 26.0) 31.0
5 (30.0, 32.0) 36.0
6 (14.0, 1.0) 22.0
7 (45.0, 49.0) 11.0
8 (3.0, 47.0) 29.0
9 (21.0, 40.0) 24.0
,
0 10 6 7 7 6 2 11 7 7
10 0 4 3 4 3 10 2 7 4
6 4 0 1 3 1 7 5 5 1
7 3 1 0 3 2 8 4 5 1
7 4 3 3 0 2 7 5 8 4
6 3 1 2 2 0 7 5 6 2
2 10 7 8 7 7 0 11 9 8
11 2 5 4 5 5 11 0 8 5
7 7 5 5 8 6 9 8 0 4
7 4 1 1 4 2 8 5 4 0
,
0 26 22 36 18 36 7 78 24 24
47 0 12 19 27 23 72 9 52 10
27 23 0 6 23 10 18 33 22 4
40 8 7 0 22 5 20 29 29 7
46 29 14 9 0 8 22 33 28 29
25 10 5 12 12 0 37 14 30 12
15 43 20 22 36 32 0 47 28 49
64 7 21 12 20 17 82 0 29 26
30 20 32 27 51 32 48 38 0 27
41 25 5 4 22 8 29 29 24 0