2
10
,
0 (7.0, 10.0) 18.0
1 (38.0, 46.0) 12.0
2 (23.0, 34.0) 46.0
3 (26.0, 39.0) 22.0
4 (37.0, 26.0) 11.0
5 (30.0, 32.0) 28.0
6 (14.0, 1.0) 31.0
7 (45.0, 49.0) 12.0
8 (3.0, 47.0) 22.0
9 (21.0, 40.0) 42.0
,
0 10 6 7 7 6 2 11 7 7
10 0 4 3 4 3 10 2 7 4
6 4 0 1 3 1 7 5 5 1
7 3 1 0 3 2 8 4 5 1
7 4 3 3 0 2 7 5 8 4
6 3 1 2 2 0 7 5 6 2
2 10 7 8 7 7 0 11 9 8
11 2 5 4 5 5 11 0 8 5
7 7 5 5 8 6 9 8 0 4
7 4 1 1 4 2 8 5 4 0
,
0 37 37 44 51 25 16 74 29 21
39 0 16 17 14 13 43 6 36 22
25 23 0 4 15 7 39 35 32 7
25 9 4 0 11 8 51 29 30 4
44 29 22 17 0 12 38 20 31 23
25 15 6 10 5 0 23 21 42 9
17 51 44 25 33 23 0 53 52 55
29 4 30 32 33 21 44 0 52 23
45 52 29 25 49 36 28 26 0 21
39 24 7 3 22 8 31 13 20 0