2
10
,
0 (7.0, 10.0) 29.0
1 (38.0, 46.0) 13.0
2 (23.0, 34.0) 24.0
3 (26.0, 39.0) 42.0
4 (37.0, 26.0) 26.0
5 (30.0, 32.0) 18.0
6 (14.0, 1.0) 32.0
7 (45.0, 49.0) 10.0
8 (3.0, 47.0) 16.0
9 (21.0, 40.0) 45.0
,
0 10 6 7 7 6 2 11 7 7
10 0 4 3 4 3 10 2 7 4
6 4 0 1 3 1 7 5 5 1
7 3 1 0 3 2 8 4 5 1
7 4 3 3 0 2 7 5 8 4
6 3 1 2 2 0 7 5 6 2
2 10 7 8 7 7 0 11 9 8
11 2 5 4 5 5 11 0 8 5
7 7 5 5 8 6 9 8 0 4
7 4 1 1 4 2 8 5 4 0
,
0 29 19 48 27 28 17 55 28 49
55 0 22 20 15 11 53 8 22 10
22 10 0 4 8 7 30 31 18 5
39 9 3 0 11 11 47 21 18 3
47 14 14 21 0 14 41 16 42 23
39 17 7 8 5 0 18 28 21 17
9 34 50 37 38 36 0 30 48 21
31 7 31 24 25 13 33 0 42 25
39 34 20 20 44 16 50 42 0 13
30 9 4 8 23 16 30 24 13 0