2
10
,
0 (7.0, 10.0) 33.0
1 (38.0, 46.0) 36.0
2 (23.0, 34.0) 30.0
3 (26.0, 39.0) 46.0
4 (37.0, 26.0) 11.0
5 (30.0, 32.0) 12.0
6 (14.0, 1.0) 12.0
7 (45.0, 49.0) 13.0
8 (3.0, 47.0) 13.0
9 (21.0, 40.0) 35.0
,
0 10 6 7 7 6 2 11 7 7
10 0 4 3 4 3 10 2 7 4
6 4 0 1 3 1 7 5 5 1
7 3 1 0 3 2 8 4 5 1
7 4 3 3 0 2 7 5 8 4
6 3 1 2 2 0 7 5 6 2
2 10 7 8 7 7 0 11 9 8
11 2 5 4 5 5 11 0 8 5
7 7 5 5 8 6 9 8 0 4
7 4 1 1 4 2 8 5 4 0
,
0 53 36 32 23 41 17 63 41 36
44 0 15 16 21 11 44 9 49 17
29 23 0 6 15 6 37 28 12 7
22 13 3 0 14 7 30 21 31 3
45 14 16 12 0 13 45 15 32 21
30 19 6 6 10 0 21 18 46 7
9 39 35 39 23 22 0 84 24 55
72 5 28 29 12 27 46 0 52 38
42 51 32 34 31 23 70 36 0 21
26 13 9 7 24 14 54 20 13 0