2
10
,
0 (7.0, 10.0) 20.0
1 (38.0, 46.0) 11.0
2 (23.0, 34.0) 14.0
3 (26.0, 39.0) 48.0
4 (37.0, 26.0) 14.0
5 (30.0, 32.0) 20.0
6 (14.0, 1.0) 47.0
7 (45.0, 49.0) 42.0
8 (3.0, 47.0) 15.0
9 (21.0, 40.0) 17.0
,
0 10 6 7 7 6 2 11 7 7
10 0 4 3 4 3 10 2 7 4
6 4 0 1 3 1 7 5 5 1
7 3 1 0 3 2 8 4 5 1
7 4 3 3 0 2 7 5 8 4
6 3 1 2 2 0 7 5 6 2
2 10 7 8 7 7 0 11 9 8
11 2 5 4 5 5 11 0 8 5
7 7 5 5 8 6 9 8 0 4
7 4 1 1 4 2 8 5 4 0
,
0 38 21 49 30 30 6 53 31 46
60 0 25 16 12 11 62 9 37 15
42 13 0 9 9 8 34 20 21 4
38 12 4 0 12 7 50 30 35 4
28 16 9 9 0 5 21 23 25 14
30 22 10 10 10 0 24 23 40 15
7 50 41 51 41 22 0 63 32 45
43 8 15 32 21 16 51 0 44 31
29 46 31 26 47 39 45 38 0 25
42 10 4 6 19 12 25 20 11 0