2
10
,
0 (7.0, 10.0) 29.0
1 (38.0, 46.0) 15.0
2 (23.0, 34.0) 23.0
3 (26.0, 39.0) 17.0
4 (37.0, 26.0) 13.0
5 (30.0, 32.0) 24.0
6 (14.0, 1.0) 11.0
7 (45.0, 49.0) 12.0
8 (3.0, 47.0) 25.0
9 (21.0, 40.0) 25.0
,
0 10 6 7 7 6 2 11 7 7
10 0 4 3 4 3 10 2 7 4
6 4 0 1 3 1 7 5 5 1
7 3 1 0 3 2 8 4 5 1
7 4 3 3 0 2 7 5 8 4
6 3 1 2 2 0 7 5 6 2
2 10 7 8 7 7 0 11 9 8
11 2 5 4 5 5 11 0 8 5
7 7 5 5 8 6 9 8 0 4
7 4 1 1 4 2 8 5 4 0
,
0 61 24 44 41 18 15 39 36 49
47 0 19 9 25 9 59 9 25 16
23 12 0 6 10 8 20 26 18 7
39 18 8 0 13 6 36 16 25 6
26 23 8 13 0 8 20 20 56 20
43 17 7 7 8 0 41 18 22 12
10 31 42 45 43 51 0 71 51 34
27 10 26 23 35 25 54 0 45 21
55 52 13 29 59 30 50 57 0 16
32 13 6 3 14 9 52 21 21 0