2
10
,
0 (7.0, 10.0) 47.0
1 (38.0, 46.0) 41.0
2 (23.0, 34.0) 20.0
3 (26.0, 39.0) 10.0
4 (37.0, 26.0) 21.0
5 (30.0, 32.0) 32.0
6 (14.0, 1.0) 27.0
7 (45.0, 49.0) 49.0
8 (3.0, 47.0) 45.0
9 (21.0, 40.0) 14.0
,
0 10 6 7 7 6 2 11 7 7
10 0 4 3 4 3 10 2 7 4
6 4 0 1 3 1 7 5 5 1
7 3 1 0 3 2 8 4 5 1
7 4 3 3 0 2 7 5 8 4
6 3 1 2 2 0 7 5 6 2
2 10 7 8 7 7 0 11 9 8
11 2 5 4 5 5 11 0 8 5
7 7 5 5 8 6 9 8 0 4
7 4 1 1 4 2 8 5 4 0
,
0 47 18 42 27 32 13 71 22 26
26 0 22 13 13 10 61 6 33 16
17 17 0 5 16 6 50 23 30 8
43 20 4 0 17 5 32 21 24 3
42 19 12 12 0 9 21 19 54 30
27 9 8 6 6 0 42 25 27 7
12 58 30 40 23 33 0 36 25 50
44 10 19 27 20 28 62 0 60 26
35 24 19 28 54 43 51 23 0 14
35 19 9 5 28 17 38 23 26 0