2
10
,
0 (7.0, 10.0) 16.0
1 (38.0, 46.0) 13.0
2 (23.0, 34.0) 49.0
3 (26.0, 39.0) 30.0
4 (37.0, 26.0) 13.0
5 (30.0, 32.0) 11.0
6 (14.0, 1.0) 11.0
7 (45.0, 49.0) 47.0
8 (3.0, 47.0) 44.0
9 (21.0, 40.0) 29.0
,
0 10 6 7 7 6 2 11 7 7
10 0 4 3 4 3 10 2 7 4
6 4 0 1 3 1 7 5 5 1
7 3 1 0 3 2 8 4 5 1
7 4 3 3 0 2 7 5 8 4
6 3 1 2 2 0 7 5 6 2
2 10 7 8 7 7 0 11 9 8
11 2 5 4 5 5 11 0 8 5
7 7 5 5 8 6 9 8 0 4
7 4 1 1 4 2 8 5 4 0
,
0 31 30 44 19 27 9 36 52 46
41 0 20 10 29 14 40 7 38 27
32 14 0 5 24 6 25 40 25 7
21 15 5 0 21 5 48 28 23 3
44 25 17 15 0 9 50 26 49 30
33 23 7 7 9 0 19 18 44 12
7 69 49 24 44 43 0 65 29 57
75 8 29 13 33 24 76 0 55 23
44 52 24 27 59 42 31 43 0 25
46 25 4 5 28 13 58 34 23 0