2
10
,
0 (7.0, 10.0) 25.0
1 (38.0, 46.0) 47.0
2 (23.0, 34.0) 23.0
3 (26.0, 39.0) 30.0
4 (37.0, 26.0) 12.0
5 (30.0, 32.0) 35.0
6 (14.0, 1.0) 19.0
7 (45.0, 49.0) 26.0
8 (3.0, 47.0) 10.0
9 (21.0, 40.0) 25.0
,
0 10 6 7 7 6 2 11 7 7
10 0 4 3 4 3 10 2 7 4
6 4 0 1 3 1 7 5 5 1
7 3 1 0 3 2 8 4 5 1
7 4 3 3 0 2 7 5 8 4
6 3 1 2 2 0 7 5 6 2
2 10 7 8 7 7 0 11 9 8
11 2 5 4 5 5 11 0 8 5
7 7 5 5 8 6 9 8 0 4
7 4 1 1 4 2 8 5 4 0
,
0 44 41 46 39 21 7 57 45 49
41 0 14 18 29 19 27 5 46 14
26 14 0 5 15 5 32 39 12 5
30 13 3 0 18 11 55 28 32 5
34 27 15 9 0 11 43 18 57 14
19 20 6 10 7 0 36 27 24 15
12 66 27 33 33 32 0 35 44 38
80 6 16 21 24 17 75 0 34 36
49 34 17 12 31 25 66 52 0 20
24 20 9 3 18 7 38 33 15 0