2
10
,
0 (7.0, 10.0) 24.0
1 (38.0, 46.0) 16.0
2 (23.0, 34.0) 11.0
3 (26.0, 39.0) 24.0
4 (37.0, 26.0) 27.0
5 (30.0, 32.0) 33.0
6 (14.0, 1.0) 28.0
7 (45.0, 49.0) 37.0
8 (3.0, 47.0) 22.0
9 (21.0, 40.0) 15.0
,
0 10 6 7 7 6 2 11 7 7
10 0 4 3 4 3 10 2 7 4
6 4 0 1 3 1 7 5 5 1
7 3 1 0 3 2 8 4 5 1
7 4 3 3 0 2 7 5 8 4
6 3 1 2 2 0 7 5 6 2
2 10 7 8 7 7 0 11 9 8
11 2 5 4 5 5 11 0 8 5
7 7 5 5 8 6 9 8 0 4
7 4 1 1 4 2 8 5 4 0
,
0 54 17 49 48 19 13 59 43 32
57 0 15 20 26 15 59 7 18 19
31 11 0 6 21 7 48 21 32 6
27 7 7 0 25 11 25 15 30 5
23 14 20 10 0 7 48 13 38 32
26 14 11 5 13 0 30 22 32 12
15 60 21 23 25 50 0 84 30 30
69 6 28 28 17 21 40 0 56 13
53 34 23 15 21 37 59 37 0 25
22 14 9 5 12 18 33 28 28 0