2
10
,
0 (7.0, 10.0) 14.0
1 (38.0, 46.0) 16.0
2 (23.0, 34.0) 27.0
3 (26.0, 39.0) 12.0
4 (37.0, 26.0) 45.0
5 (30.0, 32.0) 14.0
6 (14.0, 1.0) 24.0
7 (45.0, 49.0) 17.0
8 (3.0, 47.0) 48.0
9 (21.0, 40.0) 21.0
,
0 10 6 7 7 6 2 11 7 7
10 0 4 3 4 3 10 2 7 4
6 4 0 1 3 1 7 5 5 1
7 3 1 0 3 2 8 4 5 1
7 4 3 3 0 2 7 5 8 4
6 3 1 2 2 0 7 5 6 2
2 10 7 8 7 7 0 11 9 8
11 2 5 4 5 5 11 0 8 5
7 7 5 5 8 6 9 8 0 4
7 4 1 1 4 2 8 5 4 0
,
0 40 39 19 37 41 7 34 43 41
26 0 20 14 25 20 36 8 26 10
16 15 0 4 15 5 42 28 17 4
23 15 6 0 19 9 60 29 31 6
46 24 10 23 0 9 41 22 40 24
18 17 5 6 9 0 18 23 35 11
14 38 43 49 47 32 0 52 27 33
80 8 16 27 36 34 44 0 38 23
22 44 21 15 52 44 40 40 0 20
43 16 4 6 16 17 54 29 25 0