2
10
,
0 (7.0, 10.0) 44.0
1 (38.0, 46.0) 39.0
2 (23.0, 34.0) 39.0
3 (26.0, 39.0) 38.0
4 (37.0, 26.0) 16.0
5 (30.0, 32.0) 22.0
6 (14.0, 1.0) 27.0
7 (45.0, 49.0) 46.0
8 (3.0, 47.0) 25.0
9 (21.0, 40.0) 12.0
,
0 10 6 7 7 6 2 11 7 7
10 0 4 3 4 3 10 2 7 4
6 4 0 1 3 1 7 5 5 1
7 3 1 0 3 2 8 4 5 1
7 4 3 3 0 2 7 5 8 4
6 3 1 2 2 0 7 5 6 2
2 10 7 8 7 7 0 11 9 8
11 2 5 4 5 5 11 0 8 5
7 7 5 5 8 6 9 8 0 4
7 4 1 1 4 2 8 5 4 0
,
0 40 21 27 23 36 12 28 30 24
29 0 13 8 25 21 29 4 22 26
16 18 0 7 20 7 45 23 32 8
48 19 5 0 10 8 36 22 26 5
21 29 18 20 0 8 29 29 59 20
24 15 9 6 7 0 21 33 24 12
14 63 22 54 49 24 0 33 61 36
51 9 26 25 32 26 63 0 49 18
35 46 17 22 21 45 29 30 0 23
31 24 7 6 29 6 57 36 25 0