2
10
,
0 (7.0, 10.0) 13.0
1 (38.0, 46.0) 37.0
2 (23.0, 34.0) 18.0
3 (26.0, 39.0) 16.0
4 (37.0, 26.0) 20.0
5 (30.0, 32.0) 20.0
6 (14.0, 1.0) 11.0
7 (45.0, 49.0) 11.0
8 (3.0, 47.0) 13.0
9 (21.0, 40.0) 11.0
,
0 10 6 7 7 6 2 11 7 7
10 0 4 3 4 3 10 2 7 4
6 4 0 1 3 1 7 5 5 1
7 3 1 0 3 2 8 4 5 1
7 4 3 3 0 2 7 5 8 4
6 3 1 2 2 0 7 5 6 2
2 10 7 8 7 7 0 11 9 8
11 2 5 4 5 5 11 0 8 5
7 7 5 5 8 6 9 8 0 4
7 4 1 1 4 2 8 5 4 0
,
0 61 36 47 45 41 16 68 27 18
53 0 13 11 24 19 32 4 27 23
40 14 0 6 15 4 18 32 33 5
45 9 7 0 11 6 43 25 33 3
39 17 24 24 0 6 40 33 50 14
20 15 8 7 6 0 48 28 43 8
6 39 51 37 27 29 0 66 36 44
61 6 32 19 30 20 45 0 57 37
24 45 15 33 38 42 25 44 0 22
25 20 9 3 26 10 49 30 19 0