2
10
,
0 (7.0, 10.0) 23.0
1 (38.0, 46.0) 22.0
2 (23.0, 34.0) 10.0
3 (26.0, 39.0) 26.0
4 (37.0, 26.0) 14.0
5 (30.0, 32.0) 13.0
6 (14.0, 1.0) 15.0
7 (45.0, 49.0) 44.0
8 (3.0, 47.0) 48.0
9 (21.0, 40.0) 42.0
,
0 10 6 7 7 6 2 11 7 7
10 0 4 3 4 3 10 2 7 4
6 4 0 1 3 1 7 5 5 1
7 3 1 0 3 2 8 4 5 1
7 4 3 3 0 2 7 5 8 4
6 3 1 2 2 0 7 5 6 2
2 10 7 8 7 7 0 11 9 8
11 2 5 4 5 5 11 0 8 5
7 7 5 5 8 6 9 8 0 4
7 4 1 1 4 2 8 5 4 0
,
0 31 19 50 23 36 8 50 22 49
68 0 22 13 26 13 32 9 40 10
39 17 0 8 15 11 49 15 23 7
29 17 6 0 9 11 46 24 31 4
47 25 10 13 0 7 30 22 27 25
24 15 10 5 8 0 22 31 28 8
10 55 45 31 24 28 0 42 63 43
31 11 14 29 33 19 40 0 44 19
53 31 25 31 27 43 25 52 0 24
40 13 9 7 21 12 29 18 19 0