2
10
,
0 (7.0, 10.0) 41.0
1 (38.0, 46.0) 25.0
2 (23.0, 34.0) 13.0
3 (26.0, 39.0) 29.0
4 (37.0, 26.0) 31.0
5 (30.0, 32.0) 20.0
6 (14.0, 1.0) 17.0
7 (45.0, 49.0) 10.0
8 (3.0, 47.0) 10.0
9 (21.0, 40.0) 49.0
,
0 10 6 7 7 6 2 11 7 7
10 0 4 3 4 3 10 2 7 4
6 4 0 1 3 1 7 5 5 1
7 3 1 0 3 2 8 4 5 1
7 4 3 3 0 2 7 5 8 4
6 3 1 2 2 0 7 5 6 2
2 10 7 8 7 7 0 11 9 8
11 2 5 4 5 5 11 0 8 5
7 7 5 5 8 6 9 8 0 4
7 4 1 1 4 2 8 5 4 0
,
0 32 34 44 37 34 10 45 19 42
52 0 13 7 28 20 73 11 40 10
39 11 0 5 9 11 51 39 22 5
36 8 5 0 12 11 22 12 21 3
21 22 21 19 0 6 19 23 42 29
40 23 9 9 13 0 22 17 24 7
14 71 47 57 51 47 0 65 52 35
45 11 23 20 18 31 83 0 43 23
34 35 24 22 50 35 49 34 0 26
30 14 9 8 15 17 37 37 20 0