2
10
,
0 (27.0, 35.0) 73.0
1 (21.0, 41.0) 73.0
2 (46.0, 14.0) 61.0
3 (19.0, 14.0) 45.0
4 (22.0, 8.0) 88.0
5 (15.0, 40.0) 71.0
6 (22.0, 39.0) 63.0
7 (14.0, 7.0) 81.0
8 (36.0, 4.0) 47.0
9 (39.0, 14.0) 38.0
,
0 22 23 24 12 12 21 22 8 18 21 0
22 0 4 14 11 14 6 3 15 16 12 22
23 4 0 18 14 17 3 1 17 20 16 23
24 14 18 0 14 12 20 17 16 7 4 24
12 11 14 14 0 3 13 13 4 10 10 12
12 14 17 12 3 0 16 16 4 7 9 12
21 6 3 20 13 16 0 4 17 21 18 21
22 3 1 17 13 16 4 0 16 19 15 22
8 15 17 16 4 4 17 16 0 11 13 8
18 16 20 7 10 7 21 19 11 0 5 18
21 12 16 4 10 9 18 15 13 5 0 21
0 22 23 24 12 12 21 22 8 18 21 0
,
0 42 29 69 26 27 24 60 21 36 33 0
24 0 4 30 18 29 15 9 31 31 34 31
56 9 0 54 23 34 8 2 45 39 24 63
31 35 34 0 30 34 28 39 43 12 7 66
30 31 16 25 0 8 15 18 6 13 11 24
15 33 21 13 6 0 39 23 10 11 20 26
27 9 3 25 15 20 0 4 46 33 22 31
45 8 2 43 16 18 9 0 41 39 29 51
22 21 31 21 11 7 46 26 0 28 22 9
33 32 57 13 11 9 21 31 28 0 12 32
49 18 30 5 18 20 41 30 34 6 0 62
0 44 62 66 18 19 59 46 22 22 41 0