2
10
,
0 (27.0, 35.0) 46.0
1 (21.0, 41.0) 34.0
2 (46.0, 14.0) 88.0
3 (19.0, 14.0) 34.0
4 (22.0, 8.0) 83.0
5 (15.0, 40.0) 67.0
6 (22.0, 39.0) 50.0
7 (14.0, 7.0) 52.0
8 (36.0, 4.0) 61.0
9 (39.0, 14.0) 81.0
,
0 22 23 24 12 12 21 22 8 18 21 0
22 0 4 14 11 14 6 3 15 16 12 22
23 4 0 18 14 17 3 1 17 20 16 23
24 14 18 0 14 12 20 17 16 7 4 24
12 11 14 14 0 3 13 13 4 10 10 12
12 14 17 12 3 0 16 16 4 7 9 12
21 6 3 20 13 16 0 4 17 21 18 21
22 3 1 17 13 16 4 0 16 19 15 22
8 15 17 16 4 4 17 16 0 11 13 8
18 16 20 7 10 7 21 19 11 0 5 18
21 12 16 4 10 9 18 15 13 5 0 21
0 22 23 24 12 12 21 22 8 18 21 0
,
0 61 48 27 28 25 62 44 12 28 33 0
41 0 10 14 15 34 11 8 19 26 15 54
26 7 0 52 25 32 3 1 40 48 45 55
70 41 22 0 22 23 29 45 30 19 6 49
15 21 40 28 0 10 15 16 6 28 25 35
28 36 29 26 4 0 38 28 12 12 17 21
60 7 6 27 17 44 0 7 27 30 40 31
27 4 2 42 14 16 5 0 19 34 45 65
19 23 43 33 7 10 32 42 0 23 25 12
20 42 54 16 20 11 55 24 21 0 11 28
45 22 44 4 26 24 34 30 27 7 0 56
0 48 25 69 22 16 43 57 16 44 28 0