2
10
,
0 (10.0, 34.0) 30.0
1 (48.0, 35.0) 14.0
2 (10.0, 15.0) 15.0
3 (17.0, 38.0) 12.0
4 (4.0, 40.0) 18.0
5 (31.0, 44.0) 32.0
6 (9.0, 9.0) 40.0
7 (17.0, 42.0) 38.0
8 (21.0, 20.0) 42.0
9 (33.0, 43.0) 19.0
,
0 8 4 2 2 5 5 2 4 5
8 0 9 6 9 4 9 6 6 3
4 9 0 5 5 7 1 6 2 7
2 6 5 0 3 3 6 1 4 3
2 9 5 3 0 5 6 3 5 6
5 4 7 3 5 0 8 3 5 0
5 9 1 6 6 8 0 7 3 8
2 6 6 1 3 3 7 0 4 3
4 6 2 4 5 5 3 4 0 5
5 3 7 3 6 0 8 3 5 0
,
0 22 18 7 10 21 37 12 26 27
23 0 29 29 48 12 55 29 28 21
28 28 0 19 32 28 5 18 13 37
10 23 28 0 18 10 21 4 12 24
8 37 16 14 0 34 40 15 19 22
16 24 52 9 39 0 21 10 16 3
24 68 3 21 23 39 0 24 13 37
12 39 19 4 13 13 38 0 33 15
13 45 7 22 17 38 16 28 0 13
15 16 25 19 42 2 30 11 16 0