2
10
,
0 (10.0, 34.0) 29.0
1 (48.0, 35.0) 15.0
2 (10.0, 15.0) 10.0
3 (17.0, 38.0) 39.0
4 (4.0, 40.0) 34.0
5 (31.0, 44.0) 11.0
6 (9.0, 9.0) 15.0
7 (17.0, 42.0) 26.0
8 (21.0, 20.0) 39.0
9 (33.0, 43.0) 13.0
,
0 8 4 2 2 5 5 2 4 5
8 0 9 6 9 4 9 6 6 3
4 9 0 5 5 7 1 6 2 7
2 6 5 0 3 3 6 1 4 3
2 9 5 3 0 5 6 3 5 6
5 4 7 3 5 0 8 3 5 0
5 9 1 6 6 8 0 7 3 8
2 6 6 1 3 3 7 0 4 3
4 6 2 4 5 5 3 4 0 5
5 3 7 3 6 0 8 3 5 0
,
0 20 25 4 12 26 14 11 17 33
55 0 62 35 46 23 60 18 28 25
21 60 0 35 24 23 5 34 8 31
10 19 19 0 7 13 36 2 27 20
9 46 15 8 0 18 16 9 19 24
14 16 40 20 36 0 47 12 37 3
26 38 9 39 27 39 0 25 9 35
13 37 25 4 13 11 19 0 26 19
27 44 7 15 24 27 12 23 0 29
16 12 33 20 16 3 34 8 36 0