2
10
,
0 (10.0, 34.0) 38.0
1 (48.0, 35.0) 47.0
2 (10.0, 15.0) 11.0
3 (17.0, 38.0) 47.0
4 (4.0, 40.0) 47.0
5 (31.0, 44.0) 38.0
6 (9.0, 9.0) 31.0
7 (17.0, 42.0) 30.0
8 (21.0, 20.0) 28.0
9 (33.0, 43.0) 39.0
,
0 8 4 2 2 5 5 2 4 5
8 0 9 6 9 4 9 6 6 3
4 9 0 5 5 7 1 6 2 7
2 6 5 0 3 3 6 1 4 3
2 9 5 3 0 5 6 3 5 6
5 4 7 3 5 0 8 3 5 0
5 9 1 6 6 8 0 7 3 8
2 6 6 1 3 3 7 0 4 3
4 6 2 4 5 5 3 4 0 5
5 3 7 3 6 0 8 3 5 0
,
0 47 26 10 13 33 22 11 18 20
29 0 28 28 28 26 24 32 43 14
19 33 0 33 28 39 4 38 11 21
9 19 13 0 16 12 19 2 10 23
7 50 37 7 0 15 33 16 14 21
27 22 26 14 21 0 34 16 28 2
15 35 5 24 45 32 0 32 23 33
14 38 32 3 11 16 41 0 12 10
13 35 16 15 14 26 22 19 0 38
33 15 21 14 28 2 21 16 36 0