2
10
,
0 (10.0, 34.0) 18.0
1 (48.0, 35.0) 30.0
2 (10.0, 15.0) 11.0
3 (17.0, 38.0) 21.0
4 (4.0, 40.0) 19.0
5 (31.0, 44.0) 10.0
6 (9.0, 9.0) 48.0
7 (17.0, 42.0) 15.0
8 (21.0, 20.0) 22.0
9 (33.0, 43.0) 20.0
,
0 8 4 2 2 5 5 2 4 5
8 0 9 6 9 4 9 6 6 3
4 9 0 5 5 7 1 6 2 7
2 6 5 0 3 3 6 1 4 3
2 9 5 3 0 5 6 3 5 6
5 4 7 3 5 0 8 3 5 0
5 9 1 6 6 8 0 7 3 8
2 6 6 1 3 3 7 0 4 3
4 6 2 4 5 5 3 4 0 5
5 3 7 3 6 0 8 3 5 0
,
0 43 16 4 10 15 33 11 26 35
39 0 37 46 49 13 70 26 24 11
21 38 0 17 25 32 5 32 12 42
9 25 34 0 15 12 28 3 17 19
7 37 15 12 0 34 27 11 23 20
17 24 37 12 34 0 57 17 16 3
19 69 4 16 20 56 0 34 13 37
6 21 26 4 8 17 20 0 12 19
18 18 17 23 30 14 24 21 0 37
12 21 48 19 42 3 48 21 22 0