2
10
,
0 (10.0, 34.0) 16.0
1 (48.0, 35.0) 11.0
2 (10.0, 15.0) 47.0
3 (17.0, 38.0) 12.0
4 (4.0, 40.0) 18.0
5 (31.0, 44.0) 15.0
6 (9.0, 9.0) 18.0
7 (17.0, 42.0) 11.0
8 (21.0, 20.0) 44.0
9 (33.0, 43.0) 18.0
,
0 8 4 2 2 5 5 2 4 5
8 0 9 6 9 4 9 6 6 3
4 9 0 5 5 7 1 6 2 7
2 6 5 0 3 3 6 1 4 3
2 9 5 3 0 5 6 3 5 6
5 4 7 3 5 0 8 3 5 0
5 9 1 6 6 8 0 7 3 8
2 6 6 1 3 3 7 0 4 3
4 6 2 4 5 5 3 4 0 5
5 3 7 3 6 0 8 3 5 0
,
0 25 13 8 7 27 30 10 21 19
44 0 22 20 29 22 61 22 30 14
13 45 0 31 20 25 8 32 11 41
12 25 18 0 12 14 24 6 12 21
11 43 24 15 0 22 42 19 19 25
23 14 53 10 15 0 61 10 34 1
27 67 8 39 39 50 0 49 24 52
7 25 35 4 14 10 27 0 13 12
18 30 13 14 25 30 17 23 0 34
35 18 30 12 18 3 40 16 15 0