2
10
,
0 (10.0, 34.0) 12.0
1 (48.0, 35.0) 14.0
2 (10.0, 15.0) 44.0
3 (17.0, 38.0) 36.0
4 (4.0, 40.0) 13.0
5 (31.0, 44.0) 14.0
6 (9.0, 9.0) 20.0
7 (17.0, 42.0) 23.0
8 (21.0, 20.0) 16.0
9 (33.0, 43.0) 40.0
,
0 8 4 2 2 5 5 2 4 5
8 0 9 6 9 4 9 6 6 3
4 9 0 5 5 7 1 6 2 7
2 6 5 0 3 3 6 1 4 3
2 9 5 3 0 5 6 3 5 6
5 4 7 3 5 0 8 3 5 0
5 9 1 6 6 8 0 7 3 8
2 6 6 1 3 3 7 0 4 3
4 6 2 4 5 5 3 4 0 5
5 3 7 3 6 0 8 3 5 0
,
0 45 11 4 6 16 18 8 22 13
28 0 34 45 43 21 64 26 36 20
15 29 0 30 22 50 6 24 17 42
4 26 24 0 15 16 35 5 14 24
10 51 30 8 0 31 46 15 35 19
17 14 45 19 17 0 58 16 25 3
34 68 5 45 23 21 0 45 10 52
7 42 39 2 17 10 45 0 25 22
10 24 6 14 25 24 22 23 0 28
15 12 38 14 19 3 44 22 15 0