2
10
,
0 (10.0, 34.0) 37.0
1 (48.0, 35.0) 39.0
2 (10.0, 15.0) 13.0
3 (17.0, 38.0) 37.0
4 (4.0, 40.0) 34.0
5 (31.0, 44.0) 29.0
6 (9.0, 9.0) 49.0
7 (17.0, 42.0) 29.0
8 (21.0, 20.0) 11.0
9 (33.0, 43.0) 33.0
,
0 8 4 2 2 5 5 2 4 5
8 0 9 6 9 4 9 6 6 3
4 9 0 5 5 7 1 6 2 7
2 6 5 0 3 3 6 1 4 3
2 9 5 3 0 5 6 3 5 6
5 4 7 3 5 0 8 3 5 0
5 9 1 6 6 8 0 7 3 8
2 6 6 1 3 3 7 0 4 3
4 6 2 4 5 5 3 4 0 5
5 3 7 3 6 0 8 3 5 0
,
0 37 13 10 5 29 13 12 10 36
21 0 47 21 61 13 31 28 45 17
12 63 0 31 29 26 9 14 7 54
5 25 24 0 12 10 27 4 12 25
9 37 27 17 0 31 38 7 39 35
25 21 33 22 30 0 24 8 14 2
18 35 3 39 45 61 0 26 16 60
9 48 35 6 15 8 43 0 30 8
23 18 9 25 20 26 17 12 0 37
15 15 22 16 32 3 58 9 32 0