2
10
,
0 (10.0, 34.0) 27.0
1 (48.0, 35.0) 17.0
2 (10.0, 15.0) 11.0
3 (17.0, 38.0) 22.0
4 (4.0, 40.0) 32.0
5 (31.0, 44.0) 36.0
6 (9.0, 9.0) 26.0
7 (17.0, 42.0) 20.0
8 (21.0, 20.0) 50.0
9 (33.0, 43.0) 47.0
,
0 8 4 2 2 5 5 2 4 5
8 0 9 6 9 4 9 6 6 3
4 9 0 5 5 7 1 6 2 7
2 6 5 0 3 3 6 1 4 3
2 9 5 3 0 5 6 3 5 6
5 4 7 3 5 0 8 3 5 0
5 9 1 6 6 8 0 7 3 8
2 6 6 1 3 3 7 0 4 3
4 6 2 4 5 5 3 4 0 5
5 3 7 3 6 0 8 3 5 0
,
0 51 11 8 10 24 33 6 12 14
48 0 44 28 35 12 36 35 21 20
14 55 0 17 16 25 5 31 17 49
10 24 19 0 15 10 15 4 14 22
10 41 20 9 0 32 34 8 35 42
23 28 22 9 40 0 39 17 26 2
14 31 3 41 17 49 0 20 24 36
8 41 21 3 14 17 23 0 28 22
19 36 18 19 17 30 12 17 0 36
19 16 44 24 23 1 35 19 19 0