2
10
,
0 (10.0, 34.0) 36.0
1 (48.0, 35.0) 11.0
2 (10.0, 15.0) 13.0
3 (17.0, 38.0) 27.0
4 (4.0, 40.0) 17.0
5 (31.0, 44.0) 10.0
6 (9.0, 9.0) 12.0
7 (17.0, 42.0) 20.0
8 (21.0, 20.0) 31.0
9 (33.0, 43.0) 31.0
,
0 8 4 2 2 5 5 2 4 5
8 0 9 6 9 4 9 6 6 3
4 9 0 5 5 7 1 6 2 7
2 6 5 0 3 3 6 1 4 3
2 9 5 3 0 5 6 3 5 6
5 4 7 3 5 0 8 3 5 0
5 9 1 6 6 8 0 7 3 8
2 6 6 1 3 3 7 0 4 3
4 6 2 4 5 5 3 4 0 5
5 3 7 3 6 0 8 3 5 0
,
0 41 17 6 5 26 31 10 9 34
46 0 35 26 60 16 44 29 38 14
20 61 0 23 24 43 7 25 6 45
5 26 28 0 19 15 40 5 24 21
12 38 19 10 0 37 17 15 23 27
19 19 45 18 27 0 56 13 37 2
35 69 8 43 37 58 0 50 19 37
5 37 32 6 13 8 33 0 23 18
15 30 12 17 30 35 14 19 0 18
36 16 34 25 23 3 35 17 23 0