2
10
,
0 (10.0, 34.0) 14.0
1 (48.0, 35.0) 12.0
2 (10.0, 15.0) 21.0
3 (17.0, 38.0) 40.0
4 (4.0, 40.0) 42.0
5 (31.0, 44.0) 48.0
6 (9.0, 9.0) 23.0
7 (17.0, 42.0) 21.0
8 (21.0, 20.0) 19.0
9 (33.0, 43.0) 43.0
,
0 8 4 2 2 5 5 2 4 5
8 0 9 6 9 4 9 6 6 3
4 9 0 5 5 7 1 6 2 7
2 6 5 0 3 3 6 1 4 3
2 9 5 3 0 5 6 3 5 6
5 4 7 3 5 0 8 3 5 0
5 9 1 6 6 8 0 7 3 8
2 6 6 1 3 3 7 0 4 3
4 6 2 4 5 5 3 4 0 5
5 3 7 3 6 0 8 3 5 0
,
0 57 15 6 8 16 15 7 16 23
32 0 30 24 40 21 24 17 31 9
25 36 0 28 24 19 4 35 10 45
6 22 36 0 14 15 25 4 12 22
7 63 33 10 0 39 37 10 22 18
22 24 33 18 16 0 36 7 24 3
30 43 4 39 22 49 0 22 14 36
14 43 22 2 18 9 50 0 29 19
14 27 8 21 30 16 15 33 0 15
24 23 37 17 31 2 29 14 21 0