2
10
,
0 (10.0, 34.0) 24.0
1 (48.0, 35.0) 46.0
2 (10.0, 15.0) 24.0
3 (17.0, 38.0) 26.0
4 (4.0, 40.0) 26.0
5 (31.0, 44.0) 12.0
6 (9.0, 9.0) 14.0
7 (17.0, 42.0) 34.0
8 (21.0, 20.0) 48.0
9 (33.0, 43.0) 18.0
,
0 8 4 2 2 5 5 2 4 5
8 0 9 6 9 4 9 6 6 3
4 9 0 5 5 7 1 6 2 7
2 6 5 0 3 3 6 1 4 3
2 9 5 3 0 5 6 3 5 6
5 4 7 3 5 0 8 3 5 0
5 9 1 6 6 8 0 7 3 8
2 6 6 1 3 3 7 0 4 3
4 6 2 4 5 5 3 4 0 5
5 3 7 3 6 0 8 3 5 0
,
0 19 18 6 9 33 19 14 23 24
45 0 62 29 65 22 69 30 30 15
14 35 0 18 37 36 4 33 16 25
9 19 29 0 17 17 26 5 22 14
12 23 29 11 0 15 20 16 20 33
33 15 23 17 19 0 41 16 16 2
25 64 7 38 24 54 0 50 23 41
12 37 33 3 19 8 48 0 24 18
20 39 7 23 26 15 24 16 0 34
13 25 28 22 31 2 42 17 24 0