2
10
,
0 (10.0, 34.0) 23.0
1 (48.0, 35.0) 26.0
2 (10.0, 15.0) 42.0
3 (17.0, 38.0) 23.0
4 (4.0, 40.0) 28.0
5 (31.0, 44.0) 24.0
6 (9.0, 9.0) 15.0
7 (17.0, 42.0) 14.0
8 (21.0, 20.0) 30.0
9 (33.0, 43.0) 17.0
,
0 8 4 2 2 5 5 2 4 5
8 0 9 6 9 4 9 6 6 3
4 9 0 5 5 7 1 6 2 7
2 6 5 0 3 3 6 1 4 3
2 9 5 3 0 5 6 3 5 6
5 4 7 3 5 0 8 3 5 0
5 9 1 6 6 8 0 7 3 8
2 6 6 1 3 3 7 0 4 3
4 6 2 4 5 5 3 4 0 5
5 3 7 3 6 0 8 3 5 0
,
0 40 14 5 7 17 14 11 12 28
37 0 28 22 36 11 57 18 38 20
20 61 0 18 28 37 8 25 11 49
11 27 19 0 14 10 31 3 11 18
5 44 13 15 0 25 21 14 32 35
21 17 20 12 39 0 25 12 19 2
18 69 5 44 41 52 0 29 16 31
11 22 19 5 9 17 21 0 14 13
15 19 13 11 38 29 16 33 0 38
20 14 39 14 17 2 45 22 27 0