2
10
,
0 (10.0, 34.0) 12.0
1 (48.0, 35.0) 27.0
2 (10.0, 15.0) 11.0
3 (17.0, 38.0) 19.0
4 (4.0, 40.0) 21.0
5 (31.0, 44.0) 11.0
6 (9.0, 9.0) 17.0
7 (17.0, 42.0) 10.0
8 (21.0, 20.0) 17.0
9 (33.0, 43.0) 45.0
,
0 8 4 2 2 5 5 2 4 5
8 0 9 6 9 4 9 6 6 3
4 9 0 5 5 7 1 6 2 7
2 6 5 0 3 3 6 1 4 3
2 9 5 3 0 5 6 3 5 6
5 4 7 3 5 0 8 3 5 0
5 9 1 6 6 8 0 7 3 8
2 6 6 1 3 3 7 0 4 3
4 6 2 4 5 5 3 4 0 5
5 3 7 3 6 0 8 3 5 0
,
0 34 12 12 5 25 32 13 15 13
49 0 41 43 23 15 33 23 23 20
16 62 0 15 28 19 4 16 14 35
4 32 33 0 9 12 21 4 15 17
5 64 35 16 0 17 17 16 15 42
34 18 37 18 14 0 31 21 13 2
31 70 6 42 32 36 0 23 22 48
7 29 17 4 15 9 35 0 12 23
25 43 10 19 36 13 19 22 0 29
23 22 23 14 17 3 40 10 24 0