2
10
,
0 (10.0, 34.0) 36.0
1 (48.0, 35.0) 35.0
2 (10.0, 15.0) 15.0
3 (17.0, 38.0) 13.0
4 (4.0, 40.0) 16.0
5 (31.0, 44.0) 11.0
6 (9.0, 9.0) 30.0
7 (17.0, 42.0) 50.0
8 (21.0, 20.0) 47.0
9 (33.0, 43.0) 16.0
,
0 8 4 2 2 5 5 2 4 5
8 0 9 6 9 4 9 6 6 3
4 9 0 5 5 7 1 6 2 7
2 6 5 0 3 3 6 1 4 3
2 9 5 3 0 5 6 3 5 6
5 4 7 3 5 0 8 3 5 0
5 9 1 6 6 8 0 7 3 8
2 6 6 1 3 3 7 0 4 3
4 6 2 4 5 5 3 4 0 5
5 3 7 3 6 0 8 3 5 0
,
0 49 22 9 12 13 14 11 27 24
35 0 51 34 36 22 53 36 20 16
22 50 0 16 30 24 3 33 13 43
4 27 14 0 7 9 44 3 22 12
12 41 28 7 0 38 39 8 29 40
33 14 24 9 25 0 47 16 16 2
25 44 8 30 17 25 0 36 18 41
12 24 38 2 8 10 37 0 27 23
26 21 18 15 25 39 17 31 0 21
26 14 51 14 34 3 42 15 29 0