2
10
,
0 (10.0, 34.0) 32.0
1 (48.0, 35.0) 32.0
2 (10.0, 15.0) 13.0
3 (17.0, 38.0) 22.0
4 (4.0, 40.0) 37.0
5 (31.0, 44.0) 14.0
6 (9.0, 9.0) 13.0
7 (17.0, 42.0) 38.0
8 (21.0, 20.0) 14.0
9 (33.0, 43.0) 36.0
,
0 8 4 2 2 5 5 2 4 5
8 0 9 6 9 4 9 6 6 3
4 9 0 5 5 7 1 6 2 7
2 6 5 0 3 3 6 1 4 3
2 9 5 3 0 5 6 3 5 6
5 4 7 3 5 0 8 3 5 0
5 9 1 6 6 8 0 7 3 8
2 6 6 1 3 3 7 0 4 3
4 6 2 4 5 5 3 4 0 5
5 3 7 3 6 0 8 3 5 0
,
0 53 14 5 13 16 20 9 14 33
24 0 33 46 43 16 64 33 45 18
19 52 0 20 19 31 8 20 13 49
7 18 16 0 13 12 23 4 21 9
12 26 18 10 0 22 23 8 35 31
26 28 51 18 31 0 25 12 27 3
24 25 6 38 32 60 0 27 15 23
11 33 38 2 17 19 37 0 16 15
26 19 18 14 26 35 10 31 0 15
36 18 20 15 20 2 36 21 22 0