2
10
,
0 (10.0, 34.0) 23.0
1 (48.0, 35.0) 31.0
2 (10.0, 15.0) 36.0
3 (17.0, 38.0) 14.0
4 (4.0, 40.0) 23.0
5 (31.0, 44.0) 29.0
6 (9.0, 9.0) 14.0
7 (17.0, 42.0) 24.0
8 (21.0, 20.0) 26.0
9 (33.0, 43.0) 13.0
,
0 8 4 2 2 5 5 2 4 5
8 0 9 6 9 4 9 6 6 3
4 9 0 5 5 7 1 6 2 7
2 6 5 0 3 3 6 1 4 3
2 9 5 3 0 5 6 3 5 6
5 4 7 3 5 0 8 3 5 0
5 9 1 6 6 8 0 7 3 8
2 6 6 1 3 3 7 0 4 3
4 6 2 4 5 5 3 4 0 5
5 3 7 3 6 0 8 3 5 0
,
0 27 27 5 9 23 22 15 18 13
31 0 61 46 55 28 26 17 30 22
17 36 0 22 18 52 6 36 16 32
9 42 24 0 16 16 32 5 10 24
8 37 36 15 0 34 30 9 19 23
14 18 18 22 22 0 53 17 23 2
29 68 6 16 35 38 0 29 11 45
15 19 36 2 16 14 41 0 27 19
21 24 9 18 34 38 10 28 0 34
34 11 21 11 22 2 41 21 14 0