2
10
,
0 (10.0, 34.0) 29.0
1 (48.0, 35.0) 30.0
2 (10.0, 15.0) 25.0
3 (17.0, 38.0) 19.0
4 (4.0, 40.0) 26.0
5 (31.0, 44.0) 39.0
6 (9.0, 9.0) 20.0
7 (17.0, 42.0) 45.0
8 (21.0, 20.0) 25.0
9 (33.0, 43.0) 31.0
,
0 8 4 2 2 5 5 2 4 5
8 0 9 6 9 4 9 6 6 3
4 9 0 5 5 7 1 6 2 7
2 6 5 0 3 3 6 1 4 3
2 9 5 3 0 5 6 3 5 6
5 4 7 3 5 0 8 3 5 0
5 9 1 6 6 8 0 7 3 8
2 6 6 1 3 3 7 0 4 3
4 6 2 4 5 5 3 4 0 5
5 3 7 3 6 0 8 3 5 0
,
0 26 27 10 6 24 30 12 11 20
40 0 27 18 66 24 46 19 29 25
15 29 0 20 22 49 9 23 14 52
9 26 30 0 14 15 33 5 11 16
5 45 34 17 0 15 29 7 24 26
21 25 21 10 39 0 49 12 33 3
20 66 4 17 29 23 0 50 17 25
13 43 42 4 9 7 22 0 31 16
13 19 10 17 39 33 17 31 0 25
29 20 48 25 43 3 40 18 33 0