2
10
,
0 (10.0, 34.0) 24.0
1 (48.0, 35.0) 22.0
2 (10.0, 15.0) 41.0
3 (17.0, 38.0) 16.0
4 (4.0, 40.0) 12.0
5 (31.0, 44.0) 36.0
6 (9.0, 9.0) 33.0
7 (17.0, 42.0) 32.0
8 (21.0, 20.0) 21.0
9 (33.0, 43.0) 24.0
,
0 8 4 2 2 5 5 2 4 5
8 0 9 6 9 4 9 6 6 3
4 9 0 5 5 7 1 6 2 7
2 6 5 0 3 3 6 1 4 3
2 9 5 3 0 5 6 3 5 6
5 4 7 3 5 0 8 3 5 0
5 9 1 6 6 8 0 7 3 8
2 6 6 1 3 3 7 0 4 3
4 6 2 4 5 5 3 4 0 5
5 3 7 3 6 0 8 3 5 0
,
0 38 14 10 8 15 27 10 23 14
41 0 59 22 27 25 63 40 21 15
24 27 0 33 18 33 9 18 11 52
8 44 17 0 16 13 35 5 22 20
8 24 13 11 0 25 25 13 34 40
13 17 46 10 19 0 35 13 34 2
19 63 5 23 16 55 0 36 19 39
10 29 23 6 7 9 36 0 21 18
16 38 14 20 37 25 22 33 0 21
23 19 39 21 35 3 61 14 34 0