2
10
,
0 (10.0, 34.0) 29.0
1 (48.0, 35.0) 29.0
2 (10.0, 15.0) 38.0
3 (17.0, 38.0) 26.0
4 (4.0, 40.0) 14.0
5 (31.0, 44.0) 19.0
6 (9.0, 9.0) 26.0
7 (17.0, 42.0) 30.0
8 (21.0, 20.0) 24.0
9 (33.0, 43.0) 19.0
,
0 8 4 2 2 5 5 2 4 5
8 0 9 6 9 4 9 6 6 3
4 9 0 5 5 7 1 6 2 7
2 6 5 0 3 3 6 1 4 3
2 9 5 3 0 5 6 3 5 6
5 4 7 3 5 0 8 3 5 0
5 9 1 6 6 8 0 7 3 8
2 6 6 1 3 3 7 0 4 3
4 6 2 4 5 5 3 4 0 5
5 3 7 3 6 0 8 3 5 0
,
0 30 24 5 10 23 24 11 25 26
50 0 40 35 48 13 64 34 28 23
15 49 0 17 25 40 8 27 11 46
12 17 16 0 13 21 44 3 28 10
6 57 25 8 0 32 40 11 16 38
20 27 54 9 15 0 32 13 13 1
26 70 3 19 43 58 0 46 20 44
15 29 16 4 9 9 49 0 23 10
26 31 17 27 20 16 22 28 0 28
32 20 45 19 17 3 25 17 18 0