2
10
,
0 (10.0, 34.0) 15.0
1 (48.0, 35.0) 15.0
2 (10.0, 15.0) 19.0
3 (17.0, 38.0) 46.0
4 (4.0, 40.0) 40.0
5 (31.0, 44.0) 11.0
6 (9.0, 9.0) 12.0
7 (17.0, 42.0) 17.0
8 (21.0, 20.0) 30.0
9 (33.0, 43.0) 43.0
,
0 8 4 2 2 5 5 2 4 5
8 0 9 6 9 4 9 6 6 3
4 9 0 5 5 7 1 6 2 7
2 6 5 0 3 3 6 1 4 3
2 9 5 3 0 5 6 3 5 6
5 4 7 3 5 0 8 3 5 0
5 9 1 6 6 8 0 7 3 8
2 6 6 1 3 3 7 0 4 3
4 6 2 4 5 5 3 4 0 5
5 3 7 3 6 0 8 3 5 0
,
0 44 25 6 9 29 37 6 11 22
43 0 64 44 53 28 31 32 36 19
25 38 0 34 27 21 7 23 6 46
11 43 31 0 20 18 32 5 25 9
13 48 19 18 0 23 23 15 34 26
25 10 30 21 18 0 46 7 16 1
22 31 6 17 22 40 0 49 10 27
10 37 19 5 13 20 46 0 29 19
23 40 17 25 31 33 21 19 0 20
20 20 18 23 31 2 62 24 17 0