2
10
,
0 (10.0, 34.0) 29.0
1 (48.0, 35.0) 21.0
2 (10.0, 15.0) 19.0
3 (17.0, 38.0) 31.0
4 (4.0, 40.0) 36.0
5 (31.0, 44.0) 24.0
6 (9.0, 9.0) 39.0
7 (17.0, 42.0) 19.0
8 (21.0, 20.0) 13.0
9 (33.0, 43.0) 49.0
,
0 8 4 2 2 5 5 2 4 5
8 0 9 6 9 4 9 6 6 3
4 9 0 5 5 7 1 6 2 7
2 6 5 0 3 3 6 1 4 3
2 9 5 3 0 5 6 3 5 6
5 4 7 3 5 0 8 3 5 0
5 9 1 6 6 8 0 7 3 8
2 6 6 1 3 3 7 0 4 3
4 6 2 4 5 5 3 4 0 5
5 3 7 3 6 0 8 3 5 0
,
0 32 25 5 9 16 19 12 13 23
38 0 55 23 33 14 54 38 26 24
13 39 0 18 17 34 5 26 18 32
9 22 27 0 13 14 42 3 16 19
10 58 26 17 0 19 26 9 29 44
28 27 30 19 19 0 41 21 27 3
26 64 9 31 42 27 0 21 15 32
12 17 30 6 9 16 17 0 33 19
15 38 10 11 27 21 14 14 0 21
24 15 21 12 28 2 49 9 23 0