2
10
,
0 (10.0, 34.0) 10.0
1 (48.0, 35.0) 30.0
2 (10.0, 15.0) 10.0
3 (17.0, 38.0) 42.0
4 (4.0, 40.0) 45.0
5 (31.0, 44.0) 26.0
6 (9.0, 9.0) 43.0
7 (17.0, 42.0) 16.0
8 (21.0, 20.0) 39.0
9 (33.0, 43.0) 20.0
,
0 8 4 2 2 5 5 2 4 5
8 0 9 6 9 4 9 6 6 3
4 9 0 5 5 7 1 6 2 7
2 6 5 0 3 3 6 1 4 3
2 9 5 3 0 5 6 3 5 6
5 4 7 3 5 0 8 3 5 0
5 9 1 6 6 8 0 7 3 8
2 6 6 1 3 3 7 0 4 3
4 6 2 4 5 5 3 4 0 5
5 3 7 3 6 0 8 3 5 0
,
0 34 11 11 5 19 35 11 15 30
33 0 34 19 62 25 31 19 44 10
28 60 0 34 17 50 7 39 7 20
5 42 14 0 11 9 29 2 13 11
5 58 29 10 0 29 22 9 20 35
29 22 50 22 26 0 52 20 21 1
32 59 7 28 45 27 0 21 20 40
8 44 22 2 13 11 46 0 27 14
13 31 17 18 29 28 17 15 0 17
34 11 27 13 21 2 52 18 26 0