2
10
,
0 (10.0, 34.0) 11.0
1 (48.0, 35.0) 50.0
2 (10.0, 15.0) 18.0
3 (17.0, 38.0) 50.0
4 (4.0, 40.0) 16.0
5 (31.0, 44.0) 20.0
6 (9.0, 9.0) 31.0
7 (17.0, 42.0) 26.0
8 (21.0, 20.0) 34.0
9 (33.0, 43.0) 10.0
,
0 8 4 2 2 5 5 2 4 5
8 0 9 6 9 4 9 6 6 3
4 9 0 5 5 7 1 6 2 7
2 6 5 0 3 3 6 1 4 3
2 9 5 3 0 5 6 3 5 6
5 4 7 3 5 0 8 3 5 0
5 9 1 6 6 8 0 7 3 8
2 6 6 1 3 3 7 0 4 3
4 6 2 4 5 5 3 4 0 5
5 3 7 3 6 0 8 3 5 0
,
0 32 22 5 8 22 21 8 14 16
52 0 50 26 50 24 56 37 30 15
15 27 0 16 26 42 4 18 15 23
11 21 25 0 19 12 40 5 19 14
5 27 20 8 0 39 42 12 17 24
26 25 43 12 14 0 40 14 33 3
16 62 9 32 18 23 0 46 10 30
7 26 26 6 16 9 18 0 20 17
11 44 15 10 19 29 22 17 0 35
35 21 49 23 39 3 46 15 33 0