2
10
,
0 (10.0, 34.0) 17.0
1 (48.0, 35.0) 40.0
2 (10.0, 15.0) 29.0
3 (17.0, 38.0) 47.0
4 (4.0, 40.0) 37.0
5 (31.0, 44.0) 10.0
6 (9.0, 9.0) 46.0
7 (17.0, 42.0) 49.0
8 (21.0, 20.0) 41.0
9 (33.0, 43.0) 12.0
,
0 8 4 2 2 5 5 2 4 5
8 0 9 6 9 4 9 6 6 3
4 9 0 5 5 7 1 6 2 7
2 6 5 0 3 3 6 1 4 3
2 9 5 3 0 5 6 3 5 6
5 4 7 3 5 0 8 3 5 0
5 9 1 6 6 8 0 7 3 8
2 6 6 1 3 3 7 0 4 3
4 6 2 4 5 5 3 4 0 5
5 3 7 3 6 0 8 3 5 0
,
0 40 28 5 7 14 36 6 18 13
25 0 51 34 46 24 41 41 31 11
15 43 0 16 15 47 4 20 14 40
6 30 27 0 11 20 22 5 12 12
6 51 25 18 0 17 37 13 27 39
25 12 40 22 33 0 51 13 29 3
13 65 5 33 45 44 0 45 14 56
7 26 22 4 19 13 41 0 33 11
17 28 7 11 14 29 10 12 0 28
24 16 42 25 16 2 49 21 15 0