2
10
,
0 (10.0, 34.0) 22.0
1 (48.0, 35.0) 21.0
2 (10.0, 15.0) 11.0
3 (17.0, 38.0) 47.0
4 (4.0, 40.0) 43.0
5 (31.0, 44.0) 29.0
6 (9.0, 9.0) 17.0
7 (17.0, 42.0) 12.0
8 (21.0, 20.0) 13.0
9 (33.0, 43.0) 15.0
,
0 8 4 2 2 5 5 2 4 5
8 0 9 6 9 4 9 6 6 3
4 9 0 5 5 7 1 6 2 7
2 6 5 0 3 3 6 1 4 3
2 9 5 3 0 5 6 3 5 6
5 4 7 3 5 0 8 3 5 0
5 9 1 6 6 8 0 7 3 8
2 6 6 1 3 3 7 0 4 3
4 6 2 4 5 5 3 4 0 5
5 3 7 3 6 0 8 3 5 0
,
0 38 19 8 8 23 37 13 24 25
38 0 34 42 50 20 64 33 25 21
17 41 0 35 21 22 4 33 10 36
5 39 25 0 16 13 31 5 9 20
12 62 27 20 0 41 44 7 30 28
28 13 28 17 35 0 43 19 35 3
15 57 6 20 35 30 0 18 13 23
8 39 21 3 14 17 25 0 18 10
12 20 18 26 33 21 20 16 0 28
30 12 24 25 32 2 37 15 27 0