4
20
,
0 (24.0, 29.0) 31.0
1 (23.0, 22.0) 66.0
2 (28.0, 40.0) 34.0
3 (40.0, 10.0) 75.0
4 (3.0, 26.0) 46.0
5 (6.0, 40.0) 55.0
6 (38.0, 45.0) 62.0
7 (31.0, 36.0) 68.0
8 (8.0, 13.0) 61.0
9 (29.0, 19.0) 68.0
10 (32.0, 3.0) 43.0
11 (21.0, 1.0) 34.0
12 (30.0, 24.0) 59.0
13 (11.0, 23.0) 76.0
14 (8.0, 18.0) 69.0
15 (11.0, 38.0) 49.0
16 (34.0, 37.0) 39.0
17 (15.0, 3.0) 43.0
18 (46.0, 20.0) 67.0
19 (2.0, 26.0) 69.0
,
0 19 16 24 21 13 20 29 24 8 17 16 11 19 13 10 20 25 8 25 13 0
19 0 4 6 12 11 11 11 5 11 6 14 14 4 7 10 8 6 14 12 11 19
16 4 0 9 10 10 12 14 8 9 3 11 11 4 6 8 10 9 10 12 11 16
24 6 9 0 16 14 11 6 2 17 11 19 20 8 12 15 9 3 20 13 15 24
21 12 10 16 0 20 23 18 14 16 7 5 11 9 16 16 20 14 13 6 21 21
13 11 10 14 20 0 7 20 15 7 13 19 15 14 4 5 7 16 13 22 0 13
20 11 12 11 23 7 0 16 13 14 16 23 21 14 9 11 3 14 19 22 7 20
29 11 14 6 18 20 16 0 6 22 14 21 24 11 17 20 14 4 24 13 20 29
24 5 8 2 14 15 13 6 0 16 9 17 18 6 12 15 10 2 18 11 15 24
8 11 9 17 16 7 14 22 16 0 11 13 9 12 5 2 13 18 6 19 7 8
17 6 3 11 7 13 16 14 9 11 0 8 10 3 9 11 13 9 11 9 14 17
16 14 11 19 5 19 23 21 17 13 8 0 6 11 14 14 20 17 8 11 19 16
11 14 11 20 11 15 21 24 18 9 10 6 0 12 12 11 19 19 3 16 16 11
19 4 4 8 9 14 14 11 6 12 3 11 12 0 10 11 12 7 13 8 14 19
13 7 6 12 16 4 9 17 12 5 9 14 12 10 0 3 8 13 10 18 5 13
10 10 8 15 16 5 11 20 15 2 11 14 11 11 3 0 10 16 8 19 5 10
20 8 10 9 20 7 3 14 10 13 13 20 19 12 8 10 0 12 18 20 8 20
25 6 9 3 14 16 14 4 2 18 9 17 19 7 13 16 12 0 19 10 17 25
8 14 10 20 13 13 19 24 18 6 11 8 3 13 10 8 18 19 0 18 13 8
25 12 12 13 6 22 22 13 11 19 9 11 16 8 18 19 20 10 18 0 22 25
13 11 11 15 21 0 7 20 15 7 14 19 16 14 5 5 8 17 13 22 0 13
0 19 16 24 21 13 20 29 24 8 17 16 11 19 13 10 20 25 8 25 13 0
,
0 21 28 72 57 39 26 84 47 10 36 20 17 21 18 22 27 55 18 64 32 0
49 0 6 8 32 30 24 31 9 29 12 27 15 6 17 12 18 12 15 17 12 44
22 5 0 28 31 23 25 30 20 20 5 23 23 9 8 12 26 12 30 17 31 34
62 11 22 0 29 25 16 10 6 47 17 27 47 23 26 43 24 10 56 14 34 25
26 27 16 17 0 49 27 31 34 36 17 10 27 14 39 43 43 25 31 17 47 22
18 17 27 34 53 0 19 49 17 18 37 32 44 35 10 13 17 32 15 35 1 28
36 29 26 23 28 20 0 20 28 24 30 60 29 22 18 27 8 17 52 26 19 45
32 22 19 16 36 50 40 0 6 26 29 35 62 21 23 28 28 6 30 39 39 77
45 13 17 3 20 23 24 8 0 34 21 43 24 6 22 15 28 5 30 33 19 44
18 14 13 43 20 11 34 50 46 0 22 18 18 13 6 3 21 38 10 55 20 14
45 14 4 20 9 33 44 34 15 17 0 16 15 7 10 15 34 11 16 18 19 30
20 36 11 55 8 29 33 29 29 15 13 0 9 11 31 32 34 47 16 16 35 21
16 20 14 21 20 24 40 37 36 15 16 13 0 33 25 19 29 35 9 43 37 29
54 9 10 9 18 16 26 31 16 27 4 15 18 0 23 19 17 18 22 19 35 43
27 19 15 30 25 6 14 32 33 14 15 20 24 11 0 5 20 29 10 52 10 31
15 29 21 42 17 6 14 53 19 3 22 19 19 30 4 0 14 46 23 50 8 26
29 14 11 19 32 21 7 36 25 25 19 56 53 29 16 25 0 31 22 28 14 21
73 8 21 9 14 36 36 7 3 45 21 41 32 12 40 41 12 0 32 15 50 53
20 36 18 39 31 14 37 33 49 10 14 14 7 15 27 20 35 43 0 40 26 16
49 17 21 30 8 39 49 16 15 31 17 23 47 10 43 39 28 18 21 0 26 53
18 30 22 16 38 1 15 50 22 13 36 28 38 36 6 13 18 30 17 38 0 31
0 45 19 50 58 38 59 73 57 10 35 43 21 25 18 18 29 55 9 47 36 0