4
20
,
0 (24.0, 29.0) 35.0
1 (23.0, 22.0) 35.0
2 (28.0, 40.0) 43.0
3 (40.0, 10.0) 39.0
4 (3.0, 26.0) 39.0
5 (6.0, 40.0) 48.0
6 (38.0, 45.0) 53.0
7 (31.0, 36.0) 57.0
8 (8.0, 13.0) 36.0
9 (29.0, 19.0) 44.0
10 (32.0, 3.0) 34.0
11 (21.0, 1.0) 31.0
12 (30.0, 24.0) 66.0
13 (11.0, 23.0) 35.0
14 (8.0, 18.0) 39.0
15 (11.0, 38.0) 75.0
16 (34.0, 37.0) 56.0
17 (15.0, 3.0) 56.0
18 (46.0, 20.0) 35.0
19 (2.0, 26.0) 77.0
,
0 19 16 24 21 13 20 29 24 8 17 16 11 19 13 10 20 25 8 25 13 0
19 0 4 6 12 11 11 11 5 11 6 14 14 4 7 10 8 6 14 12 11 19
16 4 0 9 10 10 12 14 8 9 3 11 11 4 6 8 10 9 10 12 11 16
24 6 9 0 16 14 11 6 2 17 11 19 20 8 12 15 9 3 20 13 15 24
21 12 10 16 0 20 23 18 14 16 7 5 11 9 16 16 20 14 13 6 21 21
13 11 10 14 20 0 7 20 15 7 13 19 15 14 4 5 7 16 13 22 0 13
20 11 12 11 23 7 0 16 13 14 16 23 21 14 9 11 3 14 19 22 7 20
29 11 14 6 18 20 16 0 6 22 14 21 24 11 17 20 14 4 24 13 20 29
24 5 8 2 14 15 13 6 0 16 9 17 18 6 12 15 10 2 18 11 15 24
8 11 9 17 16 7 14 22 16 0 11 13 9 12 5 2 13 18 6 19 7 8
17 6 3 11 7 13 16 14 9 11 0 8 10 3 9 11 13 9 11 9 14 17
16 14 11 19 5 19 23 21 17 13 8 0 6 11 14 14 20 17 8 11 19 16
11 14 11 20 11 15 21 24 18 9 10 6 0 12 12 11 19 19 3 16 16 11
19 4 4 8 9 14 14 11 6 12 3 11 12 0 10 11 12 7 13 8 14 19
13 7 6 12 16 4 9 17 12 5 9 14 12 10 0 3 8 13 10 18 5 13
10 10 8 15 16 5 11 20 15 2 11 14 11 11 3 0 10 16 8 19 5 10
20 8 10 9 20 7 3 14 10 13 13 20 19 12 8 10 0 12 18 20 8 20
25 6 9 3 14 16 14 4 2 18 9 17 19 7 13 16 12 0 19 10 17 25
8 14 10 20 13 13 19 24 18 6 11 8 3 13 10 8 18 19 0 18 13 8
25 12 12 13 6 22 22 13 11 19 9 11 16 8 18 19 20 10 18 0 22 25
13 11 11 15 21 0 7 20 15 7 14 19 16 14 5 5 8 17 13 22 0 13
0 19 16 24 21 13 20 29 24 8 17 16 11 19 13 10 20 25 8 25 13 0
,
0 48 37 70 23 37 33 46 65 12 38 21 31 25 29 12 40 52 16 37 23 0
46 0 10 9 21 27 20 17 11 32 7 17 42 10 13 16 14 9 19 27 16 41
48 4 0 27 27 19 20 31 19 10 9 15 31 4 17 23 10 16 11 21 29 47
36 11 15 0 48 32 11 12 5 42 15 37 54 19 17 37 24 10 51 32 32 45
59 21 29 32 0 45 58 52 19 48 10 14 19 24 16 49 24 41 25 7 32 60
30 16 13 17 25 0 17 23 16 11 18 43 25 30 9 13 15 40 13 63 1 39
23 21 35 33 62 16 0 18 25 37 32 64 54 22 15 13 4 40 48 36 11 39
69 15 20 7 21 32 36 0 11 38 20 45 54 19 36 21 31 6 48 28 25 36
29 10 12 4 35 34 19 11 0 39 23 48 33 14 34 31 23 2 38 12 23 36
17 25 17 21 35 13 32 60 35 0 26 21 25 21 5 7 17 53 14 23 17 9
18 10 8 19 19 15 40 36 19 20 0 23 17 5 12 22 22 28 14 25 20 35
30 28 18 43 15 50 29 42 25 31 18 0 10 31 21 33 60 45 10 28 37 23
28 21 21 23 29 37 44 37 49 10 19 13 0 23 22 20 22 44 6 20 35 25
51 6 5 24 10 33 24 26 9 33 7 20 36 0 15 32 27 15 15 14 37 38
21 17 13 26 41 4 14 29 14 6 9 15 17 18 0 9 21 34 20 18 5 19
19 15 23 24 24 9 28 45 41 3 16 19 26 28 4 0 20 45 11 45 13 29
20 23 20 19 28 10 6 29 26 36 34 51 55 30 17 24 0 34 34 52 8 36
35 7 23 7 20 28 20 10 4 46 26 31 51 9 26 46 34 0 43 11 30 74
12 28 15 44 16 31 55 67 22 7 31 11 4 29 20 21 37 56 0 28 16 9
43 22 23 14 11 64 57 27 20 33 21 31 25 16 29 35 49 28 39 0 41 72
14 13 30 25 33 1 20 55 20 16 33 32 17 21 13 7 20 32 39 40 0 14
0 39 40 27 56 28 33 67 44 10 33 39 24 28 37 12 54 65 12 32 38 0