4
20
,
0 (24.0, 29.0) 58.0
1 (23.0, 22.0) 58.0
2 (28.0, 40.0) 75.0
3 (40.0, 10.0) 32.0
4 (3.0, 26.0) 71.0
5 (6.0, 40.0) 39.0
6 (38.0, 45.0) 47.0
7 (31.0, 36.0) 77.0
8 (8.0, 13.0) 46.0
9 (29.0, 19.0) 49.0
10 (32.0, 3.0) 48.0
11 (21.0, 1.0) 32.0
12 (30.0, 24.0) 33.0
13 (11.0, 23.0) 33.0
14 (8.0, 18.0) 55.0
15 (11.0, 38.0) 40.0
16 (34.0, 37.0) 85.0
17 (15.0, 3.0) 66.0
18 (46.0, 20.0) 33.0
19 (2.0, 26.0) 49.0
,
0 19 16 24 21 13 20 29 24 8 17 16 11 19 13 10 20 25 8 25 13 0
19 0 4 6 12 11 11 11 5 11 6 14 14 4 7 10 8 6 14 12 11 19
16 4 0 9 10 10 12 14 8 9 3 11 11 4 6 8 10 9 10 12 11 16
24 6 9 0 16 14 11 6 2 17 11 19 20 8 12 15 9 3 20 13 15 24
21 12 10 16 0 20 23 18 14 16 7 5 11 9 16 16 20 14 13 6 21 21
13 11 10 14 20 0 7 20 15 7 13 19 15 14 4 5 7 16 13 22 0 13
20 11 12 11 23 7 0 16 13 14 16 23 21 14 9 11 3 14 19 22 7 20
29 11 14 6 18 20 16 0 6 22 14 21 24 11 17 20 14 4 24 13 20 29
24 5 8 2 14 15 13 6 0 16 9 17 18 6 12 15 10 2 18 11 15 24
8 11 9 17 16 7 14 22 16 0 11 13 9 12 5 2 13 18 6 19 7 8
17 6 3 11 7 13 16 14 9 11 0 8 10 3 9 11 13 9 11 9 14 17
16 14 11 19 5 19 23 21 17 13 8 0 6 11 14 14 20 17 8 11 19 16
11 14 11 20 11 15 21 24 18 9 10 6 0 12 12 11 19 19 3 16 16 11
19 4 4 8 9 14 14 11 6 12 3 11 12 0 10 11 12 7 13 8 14 19
13 7 6 12 16 4 9 17 12 5 9 14 12 10 0 3 8 13 10 18 5 13
10 10 8 15 16 5 11 20 15 2 11 14 11 11 3 0 10 16 8 19 5 10
20 8 10 9 20 7 3 14 10 13 13 20 19 12 8 10 0 12 18 20 8 20
25 6 9 3 14 16 14 4 2 18 9 17 19 7 13 16 12 0 19 10 17 25
8 14 10 20 13 13 19 24 18 6 11 8 3 13 10 8 18 19 0 18 13 8
25 12 12 13 6 22 22 13 11 19 9 11 16 8 18 19 20 10 18 0 22 25
13 11 11 15 21 0 7 20 15 7 14 19 16 14 5 5 8 17 13 22 0 13
0 19 16 24 21 13 20 29 24 8 17 16 11 19 13 10 20 25 8 25 13 0
,
0 34 18 59 60 37 51 37 68 12 41 17 32 46 17 25 22 31 22 28 34 0
30 0 7 7 26 21 16 13 11 25 6 33 15 9 18 18 12 13 16 15 26 48
42 6 0 15 26 16 16 35 11 13 6 22 21 10 7 15 21 22 25 18 11 42
29 14 20 0 18 25 13 8 7 28 19 30 42 21 16 41 18 10 28 38 42 64
48 20 12 43 0 38 30 33 32 30 16 8 15 22 21 49 41 36 31 10 34 55
26 17 10 27 43 0 13 22 17 19 21 46 24 25 7 7 8 48 25 49 1 27
22 28 25 19 41 21 0 47 37 15 38 47 54 16 13 28 3 42 35 29 15 47
76 13 17 14 21 53 42 0 13 40 30 53 40 26 40 37 22 13 45 29 51 38
35 12 19 6 29 38 32 17 0 43 18 47 19 11 21 34 16 2 29 32 30 29
11 33 22 40 37 12 21 49 33 0 20 14 13 16 15 5 33 26 14 52 15 17
33 8 6 31 12 35 36 21 17 23 0 22 16 6 26 15 22 25 26 24 22 24
20 36 14 42 7 49 65 46 49 22 18 0 8 16 21 26 37 48 9 17 53 46
14 34 31 36 31 23 40 41 46 14 28 9 0 24 29 17 20 37 8 21 38 22
49 11 6 17 21 34 21 15 14 31 3 22 20 0 18 30 21 20 16 13 19 57
14 8 14 33 18 5 14 24 14 11 23 34 21 19 0 7 22 26 17 39 14 16
18 10 13 33 23 13 13 50 41 3 25 28 22 13 4 0 21 40 9 32 5 24
35 10 15 13 50 11 6 30 12 14 30 22 24 15 17 16 0 23 23 43 14 46
65 11 27 7 21 38 33 9 4 21 27 28 48 15 37 28 16 0 51 25 42 38
20 30 12 54 20 35 44 47 27 18 21 19 8 33 21 11 51 43 0 28 21 11
68 14 23 20 15 49 35 31 28 23 26 12 18 12 52 31 21 15 24 0 47 58
14 23 13 24 51 1 10 25 42 18 37 21 33 40 9 15 21 33 14 52 0 30
0 29 32 62 50 27 57 32 28 16 45 17 14 26 17 25 42 35 21 39 39 0