4
20
,
0 (24.0, 29.0) 46.0
1 (23.0, 22.0) 47.0
2 (28.0, 40.0) 33.0
3 (40.0, 10.0) 42.0
4 (3.0, 26.0) 85.0
5 (6.0, 40.0) 55.0
6 (38.0, 45.0) 86.0
7 (31.0, 36.0) 62.0
8 (8.0, 13.0) 32.0
9 (29.0, 19.0) 56.0
10 (32.0, 3.0) 59.0
11 (21.0, 1.0) 37.0
12 (30.0, 24.0) 31.0
13 (11.0, 23.0) 61.0
14 (8.0, 18.0) 84.0
15 (11.0, 38.0) 32.0
16 (34.0, 37.0) 56.0
17 (15.0, 3.0) 80.0
18 (46.0, 20.0) 58.0
19 (2.0, 26.0) 69.0
,
0 19 16 24 21 13 20 29 24 8 17 16 11 19 13 10 20 25 8 25 13 0
19 0 4 6 12 11 11 11 5 11 6 14 14 4 7 10 8 6 14 12 11 19
16 4 0 9 10 10 12 14 8 9 3 11 11 4 6 8 10 9 10 12 11 16
24 6 9 0 16 14 11 6 2 17 11 19 20 8 12 15 9 3 20 13 15 24
21 12 10 16 0 20 23 18 14 16 7 5 11 9 16 16 20 14 13 6 21 21
13 11 10 14 20 0 7 20 15 7 13 19 15 14 4 5 7 16 13 22 0 13
20 11 12 11 23 7 0 16 13 14 16 23 21 14 9 11 3 14 19 22 7 20
29 11 14 6 18 20 16 0 6 22 14 21 24 11 17 20 14 4 24 13 20 29
24 5 8 2 14 15 13 6 0 16 9 17 18 6 12 15 10 2 18 11 15 24
8 11 9 17 16 7 14 22 16 0 11 13 9 12 5 2 13 18 6 19 7 8
17 6 3 11 7 13 16 14 9 11 0 8 10 3 9 11 13 9 11 9 14 17
16 14 11 19 5 19 23 21 17 13 8 0 6 11 14 14 20 17 8 11 19 16
11 14 11 20 11 15 21 24 18 9 10 6 0 12 12 11 19 19 3 16 16 11
19 4 4 8 9 14 14 11 6 12 3 11 12 0 10 11 12 7 13 8 14 19
13 7 6 12 16 4 9 17 12 5 9 14 12 10 0 3 8 13 10 18 5 13
10 10 8 15 16 5 11 20 15 2 11 14 11 11 3 0 10 16 8 19 5 10
20 8 10 9 20 7 3 14 10 13 13 20 19 12 8 10 0 12 18 20 8 20
25 6 9 3 14 16 14 4 2 18 9 17 19 7 13 16 12 0 19 10 17 25
8 14 10 20 13 13 19 24 18 6 11 8 3 13 10 8 18 19 0 18 13 8
25 12 12 13 6 22 22 13 11 19 9 11 16 8 18 19 20 10 18 0 22 25
13 11 11 15 21 0 7 20 15 7 14 19 16 14 5 5 8 17 13 22 0 13
0 19 16 24 21 13 20 29 24 8 17 16 11 19 13 10 20 25 8 25 13 0
,
0 20 35 62 46 17 51 32 34 11 20 28 27 28 20 25 45 55 10 32 26 0
20 0 6 10 26 17 28 27 6 27 8 21 32 11 11 21 15 8 15 24 18 26
45 7 0 25 17 28 34 27 17 18 5 27 16 10 17 8 26 10 19 23 11 35
59 12 14 0 40 35 21 16 4 21 20 20 58 23 32 31 20 9 24 19 30 63
35 34 10 46 0 32 29 50 26 44 11 7 15 21 19 42 52 28 33 11 44 30
36 25 12 32 23 0 8 38 25 11 24 35 44 33 12 12 17 36 20 38 1 15
23 25 15 11 51 20 0 43 33 31 46 57 26 25 17 32 4 17 46 52 8 46
84 12 19 9 31 46 46 0 7 37 24 27 45 24 20 56 31 5 47 24 51 68
50 9 13 3 40 41 36 9 0 21 15 30 30 7 29 23 12 2 30 26 44 50
18 26 14 40 48 10 29 61 29 0 26 21 22 29 10 4 28 28 10 56 9 8
49 16 6 30 8 24 41 37 13 12 0 15 27 5 22 16 14 10 16 25 34 47
28 40 26 56 12 32 47 39 33 26 20 0 14 11 20 37 47 32 18 14 23 47
12 21 24 42 25 36 59 48 48 26 19 11 0 20 23 12 36 44 9 44 35 17
55 10 5 24 15 29 41 24 16 21 5 18 19 0 21 33 33 19 15 10 32 54
16 21 13 32 28 6 18 41 31 14 16 29 30 26 0 6 20 30 15 34 5 27
24 17 15 44 29 11 32 57 24 6 25 35 25 30 3 0 26 42 9 37 14 29
59 13 16 17 22 14 5 32 29 32 30 43 41 18 18 15 0 34 32 49 8 27
47 13 16 5 40 38 21 5 5 49 11 34 34 15 16 37 27 0 27 23 22 30
11 32 29 55 38 20 41 48 18 17 27 14 9 31 22 24 42 56 0 42 17 16
44 16 30 24 14 37 35 37 29 54 12 16 19 22 24 40 31 14 51 0 41 70
20 11 11 31 35 1 22 32 28 12 33 20 44 33 10 5 21 33 24 58 0 37
0 40 33 49 39 20 48 62 32 19 37 23 12 23 18 16 58 44 15 27 19 0