4
20
,
0 (24.0, 29.0) 57.0
1 (23.0, 22.0) 69.0
2 (28.0, 40.0) 80.0
3 (40.0, 10.0) 38.0
4 (3.0, 26.0) 89.0
5 (6.0, 40.0) 60.0
6 (38.0, 45.0) 53.0
7 (31.0, 36.0) 35.0
8 (8.0, 13.0) 69.0
9 (29.0, 19.0) 35.0
10 (32.0, 3.0) 71.0
11 (21.0, 1.0) 33.0
12 (30.0, 24.0) 68.0
13 (11.0, 23.0) 33.0
14 (8.0, 18.0) 35.0
15 (11.0, 38.0) 87.0
16 (34.0, 37.0) 64.0
17 (15.0, 3.0) 38.0
18 (46.0, 20.0) 51.0
19 (2.0, 26.0) 53.0
,
0 19 16 24 21 13 20 29 24 8 17 16 11 19 13 10 20 25 8 25 13 0
19 0 4 6 12 11 11 11 5 11 6 14 14 4 7 10 8 6 14 12 11 19
16 4 0 9 10 10 12 14 8 9 3 11 11 4 6 8 10 9 10 12 11 16
24 6 9 0 16 14 11 6 2 17 11 19 20 8 12 15 9 3 20 13 15 24
21 12 10 16 0 20 23 18 14 16 7 5 11 9 16 16 20 14 13 6 21 21
13 11 10 14 20 0 7 20 15 7 13 19 15 14 4 5 7 16 13 22 0 13
20 11 12 11 23 7 0 16 13 14 16 23 21 14 9 11 3 14 19 22 7 20
29 11 14 6 18 20 16 0 6 22 14 21 24 11 17 20 14 4 24 13 20 29
24 5 8 2 14 15 13 6 0 16 9 17 18 6 12 15 10 2 18 11 15 24
8 11 9 17 16 7 14 22 16 0 11 13 9 12 5 2 13 18 6 19 7 8
17 6 3 11 7 13 16 14 9 11 0 8 10 3 9 11 13 9 11 9 14 17
16 14 11 19 5 19 23 21 17 13 8 0 6 11 14 14 20 17 8 11 19 16
11 14 11 20 11 15 21 24 18 9 10 6 0 12 12 11 19 19 3 16 16 11
19 4 4 8 9 14 14 11 6 12 3 11 12 0 10 11 12 7 13 8 14 19
13 7 6 12 16 4 9 17 12 5 9 14 12 10 0 3 8 13 10 18 5 13
10 10 8 15 16 5 11 20 15 2 11 14 11 11 3 0 10 16 8 19 5 10
20 8 10 9 20 7 3 14 10 13 13 20 19 12 8 10 0 12 18 20 8 20
25 6 9 3 14 16 14 4 2 18 9 17 19 7 13 16 12 0 19 10 17 25
8 14 10 20 13 13 19 24 18 6 11 8 3 13 10 8 18 19 0 18 13 8
25 12 12 13 6 22 22 13 11 19 9 11 16 8 18 19 20 10 18 0 22 25
13 11 11 15 21 0 7 20 15 7 14 19 16 14 5 5 8 17 13 22 0 13
0 19 16 24 21 13 20 29 24 8 17 16 11 19 13 10 20 25 8 25 13 0
,
0 40 36 63 50 13 56 53 67 21 31 26 23 29 19 27 38 33 17 68 23 0
42 0 7 16 29 17 18 12 8 27 14 41 40 10 10 12 15 10 19 19 18 36
39 6 0 9 24 29 18 29 20 21 6 26 21 8 10 11 17 28 15 33 22 33
31 16 22 0 33 42 25 6 3 29 20 52 47 13 24 18 15 9 30 14 16 45
40 19 30 33 0 51 43 46 16 20 9 15 17 13 23 25 54 30 30 8 46 52
26 25 11 18 45 0 8 34 34 9 23 25 45 37 7 5 21 49 27 26 1 15
27 27 32 21 45 20 0 45 20 24 34 37 26 26 16 30 5 35 53 62 13 48
74 14 22 16 47 23 43 0 10 48 26 32 33 17 30 52 17 9 68 30 60 45
47 7 21 4 20 36 28 15 0 31 15 22 42 12 14 23 27 5 23 28 43 42
23 14 19 37 30 12 17 54 28 0 25 22 25 19 11 5 24 38 9 48 15 14
22 15 9 20 9 28 35 38 23 32 0 15 16 4 17 24 35 18 28 14 16 34
31 20 25 53 13 53 56 44 44 35 24 0 6 18 37 41 33 34 24 15 38 17
15 35 31 52 25 26 46 33 47 25 10 15 0 34 25 19 41 52 8 21 42 19
35 8 4 14 21 22 19 25 15 18 3 21 32 0 19 33 22 17 17 15 18 26
13 13 9 34 26 5 14 41 27 14 11 41 25 28 0 6 22 24 15 31 12 22
14 12 14 19 18 7 22 51 38 7 21 34 26 20 3 0 13 36 14 20 9 15
24 22 15 20 33 11 7 26 11 18 24 29 57 31 10 27 0 13 52 20 10 37
51 7 17 10 19 32 32 8 2 19 12 23 30 7 20 39 34 0 31 25 47 66
22 34 22 40 18 23 37 46 37 10 25 12 6 19 23 9 29 33 0 33 25 22
28 27 21 15 12 54 56 17 31 26 16 29 37 24 49 32 28 31 45 0 63 52
27 31 27 28 25 1 14 22 38 15 40 35 24 23 14 13 13 49 28 43 0 20
0 22 37 66 44 36 21 81 65 8 41 21 18 33 24 23 36 62 17 56 38 0