4
20
,
0 (24.0, 29.0) 70.0
1 (23.0, 22.0) 38.0
2 (28.0, 40.0) 52.0
3 (40.0, 10.0) 38.0
4 (3.0, 26.0) 61.0
5 (6.0, 40.0) 85.0
6 (38.0, 45.0) 35.0
7 (31.0, 36.0) 60.0
8 (8.0, 13.0) 69.0
9 (29.0, 19.0) 38.0
10 (32.0, 3.0) 71.0
11 (21.0, 1.0) 75.0
12 (30.0, 24.0) 76.0
13 (11.0, 23.0) 38.0
14 (8.0, 18.0) 80.0
15 (11.0, 38.0) 85.0
16 (34.0, 37.0) 39.0
17 (15.0, 3.0) 46.0
18 (46.0, 20.0) 70.0
19 (2.0, 26.0) 55.0
,
0 19 16 24 21 13 20 29 24 8 17 16 11 19 13 10 20 25 8 25 13 0
19 0 4 6 12 11 11 11 5 11 6 14 14 4 7 10 8 6 14 12 11 19
16 4 0 9 10 10 12 14 8 9 3 11 11 4 6 8 10 9 10 12 11 16
24 6 9 0 16 14 11 6 2 17 11 19 20 8 12 15 9 3 20 13 15 24
21 12 10 16 0 20 23 18 14 16 7 5 11 9 16 16 20 14 13 6 21 21
13 11 10 14 20 0 7 20 15 7 13 19 15 14 4 5 7 16 13 22 0 13
20 11 12 11 23 7 0 16 13 14 16 23 21 14 9 11 3 14 19 22 7 20
29 11 14 6 18 20 16 0 6 22 14 21 24 11 17 20 14 4 24 13 20 29
24 5 8 2 14 15 13 6 0 16 9 17 18 6 12 15 10 2 18 11 15 24
8 11 9 17 16 7 14 22 16 0 11 13 9 12 5 2 13 18 6 19 7 8
17 6 3 11 7 13 16 14 9 11 0 8 10 3 9 11 13 9 11 9 14 17
16 14 11 19 5 19 23 21 17 13 8 0 6 11 14 14 20 17 8 11 19 16
11 14 11 20 11 15 21 24 18 9 10 6 0 12 12 11 19 19 3 16 16 11
19 4 4 8 9 14 14 11 6 12 3 11 12 0 10 11 12 7 13 8 14 19
13 7 6 12 16 4 9 17 12 5 9 14 12 10 0 3 8 13 10 18 5 13
10 10 8 15 16 5 11 20 15 2 11 14 11 11 3 0 10 16 8 19 5 10
20 8 10 9 20 7 3 14 10 13 13 20 19 12 8 10 0 12 18 20 8 20
25 6 9 3 14 16 14 4 2 18 9 17 19 7 13 16 12 0 19 10 17 25
8 14 10 20 13 13 19 24 18 6 11 8 3 13 10 8 18 19 0 18 13 8
25 12 12 13 6 22 22 13 11 19 9 11 16 8 18 19 20 10 18 0 22 25
13 11 11 15 21 0 7 20 15 7 14 19 16 14 5 5 8 17 13 22 0 13
0 19 16 24 21 13 20 29 24 8 17 16 11 19 13 10 20 25 8 25 13 0
,
0 25 47 45 58 26 59 34 48 15 45 37 18 30 31 13 43 42 14 59 32 0
45 0 7 7 21 15 18 29 9 18 13 29 17 4 13 12 20 18 14 32 17 44
23 8 0 24 15 30 18 30 22 25 7 20 13 4 14 8 14 11 13 28 24 37
73 17 25 0 36 15 30 16 7 21 13 35 56 15 13 21 18 6 40 16 31 27
43 23 13 18 0 26 34 31 38 48 20 7 19 10 23 46 30 20 33 16 49 37
35 19 21 25 38 0 16 46 38 13 27 38 41 14 9 11 11 18 31 28 1 37
41 20 24 24 31 9 0 45 15 31 32 68 32 34 13 31 5 23 24 26 8 25
83 28 32 16 19 32 33 0 14 63 22 30 54 16 29 22 17 5 71 30 44 85
53 12 15 7 34 28 27 7 0 25 25 46 27 17 23 21 11 4 35 13 25 25
9 13 14 42 47 20 30 54 46 0 33 39 25 20 6 7 22 39 14 22 19 18
41 11 9 21 12 24 38 29 24 31 0 24 19 4 13 18 37 11 17 11 31 35
27 25 29 43 11 39 29 51 36 30 22 0 12 15 16 18 36 29 14 12 39 23
12 20 15 45 15 42 44 54 27 18 27 16 0 26 36 14 55 21 8 19 28 19
43 11 7 20 10 16 42 18 16 22 4 22 28 0 13 19 31 10 38 18 15 33
25 13 8 16 44 7 20 34 25 13 11 20 31 14 0 6 15 21 26 41 9 29
16 11 21 26 34 13 32 58 40 3 18 16 25 14 5 0 29 23 9 24 14 26
52 13 27 17 45 19 6 32 28 21 24 55 32 15 19 29 0 17 28 24 9 32
56 15 14 7 36 20 27 9 2 44 17 21 25 10 21 28 15 0 20 22 45 38
13 23 17 29 24 16 33 31 49 7 14 23 5 14 10 16 24 49 0 36 16 19
33 22 16 39 14 36 58 23 28 37 25 16 16 19 35 19 48 26 53 0 37 59
29 18 15 26 58 1 15 58 41 15 38 51 31 14 14 14 19 32 39 36 0 25
0 27 45 41 46 31 56 49 52 20 49 18 11 45 33 10 43 71 8 54 34 0