4
20
,
0 (24.0, 29.0) 84.0
1 (23.0, 22.0) 61.0
2 (28.0, 40.0) 72.0
3 (40.0, 10.0) 45.0
4 (3.0, 26.0) 36.0
5 (6.0, 40.0) 39.0
6 (38.0, 45.0) 30.0
7 (31.0, 36.0) 37.0
8 (8.0, 13.0) 74.0
9 (29.0, 19.0) 48.0
10 (32.0, 3.0) 75.0
11 (21.0, 1.0) 35.0
12 (30.0, 24.0) 45.0
13 (11.0, 23.0) 85.0
14 (8.0, 18.0) 47.0
15 (11.0, 38.0) 68.0
16 (34.0, 37.0) 54.0
17 (15.0, 3.0) 48.0
18 (46.0, 20.0) 64.0
19 (2.0, 26.0) 61.0
,
0 19 16 24 21 13 20 29 24 8 17 16 11 19 13 10 20 25 8 25 13 0
19 0 4 6 12 11 11 11 5 11 6 14 14 4 7 10 8 6 14 12 11 19
16 4 0 9 10 10 12 14 8 9 3 11 11 4 6 8 10 9 10 12 11 16
24 6 9 0 16 14 11 6 2 17 11 19 20 8 12 15 9 3 20 13 15 24
21 12 10 16 0 20 23 18 14 16 7 5 11 9 16 16 20 14 13 6 21 21
13 11 10 14 20 0 7 20 15 7 13 19 15 14 4 5 7 16 13 22 0 13
20 11 12 11 23 7 0 16 13 14 16 23 21 14 9 11 3 14 19 22 7 20
29 11 14 6 18 20 16 0 6 22 14 21 24 11 17 20 14 4 24 13 20 29
24 5 8 2 14 15 13 6 0 16 9 17 18 6 12 15 10 2 18 11 15 24
8 11 9 17 16 7 14 22 16 0 11 13 9 12 5 2 13 18 6 19 7 8
17 6 3 11 7 13 16 14 9 11 0 8 10 3 9 11 13 9 11 9 14 17
16 14 11 19 5 19 23 21 17 13 8 0 6 11 14 14 20 17 8 11 19 16
11 14 11 20 11 15 21 24 18 9 10 6 0 12 12 11 19 19 3 16 16 11
19 4 4 8 9 14 14 11 6 12 3 11 12 0 10 11 12 7 13 8 14 19
13 7 6 12 16 4 9 17 12 5 9 14 12 10 0 3 8 13 10 18 5 13
10 10 8 15 16 5 11 20 15 2 11 14 11 11 3 0 10 16 8 19 5 10
20 8 10 9 20 7 3 14 10 13 13 20 19 12 8 10 0 12 18 20 8 20
25 6 9 3 14 16 14 4 2 18 9 17 19 7 13 16 12 0 19 10 17 25
8 14 10 20 13 13 19 24 18 6 11 8 3 13 10 8 18 19 0 18 13 8
25 12 12 13 6 22 22 13 11 19 9 11 16 8 18 19 20 10 18 0 22 25
13 11 11 15 21 0 7 20 15 7 14 19 16 14 5 5 8 17 13 22 0 13
0 19 16 24 21 13 20 29 24 8 17 16 11 19 13 10 20 25 8 25 13 0
,
0 23 18 25 31 29 47 51 40 11 33 18 16 57 37 23 29 43 21 53 14 0
55 0 4 13 23 32 30 24 11 25 9 26 19 9 11 23 16 12 23 17 21 21
18 8 0 10 18 26 30 20 9 12 6 22 11 9 12 16 28 26 23 22 26 38
45 16 12 0 30 28 20 14 3 31 12 36 59 11 21 24 11 7 22 28 19 43
62 31 11 20 0 43 43 36 37 36 14 11 19 22 35 44 45 32 26 7 51 25
22 17 26 28 22 0 17 37 31 7 17 48 42 34 9 8 17 31 34 46 1 18
46 16 36 20 40 17 0 39 20 18 26 57 33 21 13 13 4 29 56 63 13 46
30 22 34 11 24 60 29 0 13 44 26 36 65 15 27 38 30 6 70 25 29 76
25 7 23 3 25 26 33 13 0 43 23 41 29 7 20 18 18 3 51 27 41 64
8 19 14 30 28 15 39 65 36 0 25 13 17 18 7 5 13 42 12 54 8 20
40 16 9 14 7 39 20 24 23 30 0 11 18 4 11 22 18 28 23 12 23 22
47 40 11 51 14 32 23 48 23 24 21 0 13 15 20 34 39 35 14 28 36 26
13 41 18 26 30 26 57 59 30 21 12 7 0 25 16 22 46 37 4 30 33 22
38 8 5 14 24 21 40 30 8 13 7 27 26 0 17 30 20 19 31 9 41 49
25 20 12 21 18 11 16 44 19 8 11 39 21 16 0 3 8 29 24 47 12 32
21 26 16 38 27 10 28 55 15 5 28 39 31 16 8 0 29 18 17 25 11 14
33 12 17 12 39 20 4 37 23 23 33 55 47 24 22 29 0 24 20 39 14 29
68 16 11 4 26 20 33 8 3 30 26 27 51 8 35 24 15 0 57 23 45 67
10 27 23 20 16 26 46 33 35 11 26 22 9 21 12 18 34 37 0 30 14 19
48 17 14 25 15 51 38 14 27 54 13 27 38 24 23 33 35 25 30 0 25 57
32 14 23 16 60 1 12 28 39 17 39 34 43 23 5 8 9 28 21 33 0 28
0 39 29 25 42 26 33 50 52 11 24 28 26 22 30 26 25 36 13 30 20 0