4
20
,
0 (18.0, 46.0) 37.0
1 (44.0, 27.0) 48.0
2 (37.0, 35.0) 13.0
3 (28.0, 49.0) 36.0
4 (41.0, 1.0) 35.0
5 (7.0, 16.0) 25.0
6 (43.0, 13.0) 17.0
7 (3.0, 47.0) 14.0
8 (21.0, 15.0) 14.0
9 (10.0, 9.0) 30.0
10 (31.0, 39.0) 11.0
11 (29.0, 17.0) 48.0
12 (20.0, 32.0) 20.0
13 (14.0, 5.0) 21.0
14 (37.0, 26.0) 19.0
15 (1.0, 5.0) 19.0
16 (26.0, 23.0) 42.0
17 (21.0, 43.0) 23.0
18 (10.0, 33.0) 29.0
19 (34.0, 27.0) 16.0
,
0 6 4 2 10 6 8 3 6 8 3 6 3 8 6 9 5 1 3 5
6 0 2 5 5 8 3 9 5 8 4 4 5 7 1 10 4 6 7 2
4 2 0 3 7 7 5 7 5 7 1 4 3 8 2 9 3 4 5 2
2 5 3 0 10 8 8 5 7 9 2 6 4 9 5 10 5 2 5 5
10 5 7 10 0 7 2 12 5 6 8 4 7 5 5 8 5 9 9 5
6 8 7 8 7 0 7 6 3 2 7 4 4 3 6 3 4 6 3 6
8 3 5 8 2 7 0 10 4 7 6 3 6 6 3 9 4 7 8 3
3 9 7 5 12 6 10 0 7 8 6 8 5 9 8 8 7 4 3 7
6 5 5 7 5 3 4 7 0 3 5 2 3 2 4 4 2 6 4 4
8 8 7 9 6 2 7 8 3 0 7 4 5 1 6 2 4 7 5 6
3 4 1 2 8 7 6 6 5 7 0 4 3 8 3 9 3 2 4 2
6 4 4 6 4 4 3 8 2 4 4 0 3 4 2 6 1 5 5 2
3 5 3 4 7 4 6 5 3 5 3 3 0 6 4 7 2 2 2 3
8 7 8 9 5 3 6 9 2 1 8 4 6 0 6 3 4 8 6 6
6 1 2 5 5 6 3 8 4 6 3 2 4 6 0 8 2 5 6 1
9 10 9 10 8 3 9 8 4 2 9 6 7 3 8 0 6 9 6 8
5 4 3 5 5 4 4 7 2 4 3 1 2 4 2 6 0 4 4 2
1 6 4 2 9 6 7 4 6 7 2 5 2 8 5 9 4 0 3 4
3 7 5 5 9 3 8 3 4 5 4 5 2 6 6 6 4 3 0 5
5 2 2 5 5 6 3 7 4 6 2 2 3 6 1 8 2 4 5 0
,
0 42 30 7 27 38 38 21 27 26 17 32 14 54 27 26 32 5 20 36
36 0 15 32 17 45 13 39 15 50 11 21 32 47 8 45 19 26 18 13
26 13 0 10 46 21 23 28 24 20 8 23 18 47 10 57 11 26 27 7
7 37 16 0 57 44 30 26 38 50 12 45 21 63 20 48 28 11 12 21
66 21 45 31 0 51 8 33 28 41 41 22 38 39 37 28 23 44 44 23
30 25 28 53 30 0 36 33 8 7 36 27 27 7 33 13 29 21 11 36
45 10 22 29 13 22 0 69 23 19 37 10 31 27 12 49 25 39 43 22
11 24 35 17 83 31 51 0 34 53 41 32 13 57 44 59 34 26 8 38
28 23 23 40 29 19 33 54 0 18 37 9 17 16 19 15 11 15 17 24
30 32 25 65 22 8 25 43 13 0 49 26 24 8 34 11 12 34 17 41
14 17 6 11 37 23 15 18 31 39 0 20 8 45 21 62 23 14 24 13
39 10 23 42 25 17 8 41 11 11 22 0 16 22 15 40 8 29 18 13
8 21 19 12 22 31 19 28 16 16 13 26 0 36 16 19 9 15 13 9
37 33 26 69 33 10 29 54 13 7 30 29 22 0 24 17 27 47 39 28
31 6 8 15 33 38 11 49 25 30 10 11 25 25 0 45 9 18 21 2
30 72 41 57 27 17 55 37 17 11 59 21 30 19 58 0 21 42 37 45
24 22 8 37 21 27 28 43 9 30 10 8 7 13 11 20 0 13 23 9
6 30 17 7 39 33 34 27 18 37 8 34 10 38 14 53 13 0 12 17
14 40 35 33 50 23 31 23 22 23 17 25 10 25 32 25 16 13 0 20
26 6 6 27 27 24 23 54 22 31 13 15 16 25 2 33 7 22 27 0