4
20
,
0 (18.0, 46.0) 22.0
1 (44.0, 27.0) 16.0
2 (37.0, 35.0) 48.0
3 (28.0, 49.0) 15.0
4 (41.0, 1.0) 19.0
5 (7.0, 16.0) 14.0
6 (43.0, 13.0) 19.0
7 (3.0, 47.0) 12.0
8 (21.0, 15.0) 19.0
9 (10.0, 9.0) 10.0
10 (31.0, 39.0) 50.0
11 (29.0, 17.0) 13.0
12 (20.0, 32.0) 15.0
13 (14.0, 5.0) 33.0
14 (37.0, 26.0) 24.0
15 (1.0, 5.0) 31.0
16 (26.0, 23.0) 10.0
17 (21.0, 43.0) 21.0
18 (10.0, 33.0) 41.0
19 (34.0, 27.0) 50.0
,
0 6 4 2 10 6 8 3 6 8 3 6 3 8 6 9 5 1 3 5
6 0 2 5 5 8 3 9 5 8 4 4 5 7 1 10 4 6 7 2
4 2 0 3 7 7 5 7 5 7 1 4 3 8 2 9 3 4 5 2
2 5 3 0 10 8 8 5 7 9 2 6 4 9 5 10 5 2 5 5
10 5 7 10 0 7 2 12 5 6 8 4 7 5 5 8 5 9 9 5
6 8 7 8 7 0 7 6 3 2 7 4 4 3 6 3 4 6 3 6
8 3 5 8 2 7 0 10 4 7 6 3 6 6 3 9 4 7 8 3
3 9 7 5 12 6 10 0 7 8 6 8 5 9 8 8 7 4 3 7
6 5 5 7 5 3 4 7 0 3 5 2 3 2 4 4 2 6 4 4
8 8 7 9 6 2 7 8 3 0 7 4 5 1 6 2 4 7 5 6
3 4 1 2 8 7 6 6 5 7 0 4 3 8 3 9 3 2 4 2
6 4 4 6 4 4 3 8 2 4 4 0 3 4 2 6 1 5 5 2
3 5 3 4 7 4 6 5 3 5 3 3 0 6 4 7 2 2 2 3
8 7 8 9 5 3 6 9 2 1 8 4 6 0 6 3 4 8 6 6
6 1 2 5 5 6 3 8 4 6 3 2 4 6 0 8 2 5 6 1
9 10 9 10 8 3 9 8 4 2 9 6 7 3 8 0 6 9 6 8
5 4 3 5 5 4 4 7 2 4 3 1 2 4 2 6 0 4 4 2
1 6 4 2 9 6 7 4 6 7 2 5 2 8 5 9 4 0 3 4
3 7 5 5 9 3 8 3 4 5 4 5 2 6 6 6 4 3 0 5
5 2 2 5 5 6 3 7 4 6 2 2 3 6 1 8 2 4 5 0
,
0 21 23 5 65 33 42 19 28 33 22 16 13 37 32 26 32 3 16 23
17 0 6 36 27 30 21 58 14 23 23 27 33 29 10 50 17 17 24 10
15 12 0 9 32 40 16 48 20 47 4 27 25 36 6 36 21 20 33 11
9 34 12 0 74 33 31 23 25 55 9 23 18 46 21 26 22 5 32 30
58 28 34 43 0 21 11 51 27 32 32 20 24 41 30 52 21 32 35 36
41 45 44 39 44 0 19 21 11 4 33 30 30 11 29 17 18 31 10 31
46 17 32 33 10 35 0 57 25 39 24 19 31 19 16 36 27 35 31 18
14 47 21 19 59 45 44 0 19 28 19 22 33 31 48 52 25 17 10 54
45 22 37 31 27 11 14 39 0 14 31 8 21 14 26 26 12 39 20 26
38 58 41 61 27 4 23 49 16 0 35 23 18 3 45 11 22 33 29 27
10 20 6 10 30 36 24 38 16 33 0 11 16 47 12 39 11 13 32 12
45 26 25 37 15 17 14 57 4 11 20 0 18 20 10 46 10 22 36 6
18 19 26 24 26 21 19 26 13 34 19 20 0 16 19 26 15 6 7 20
40 39 27 48 27 13 32 49 12 8 20 26 39 0 29 9 13 51 26 31
37 4 11 37 19 45 13 39 26 43 14 9 21 19 0 36 15 29 15 3
44 72 40 53 43 16 48 25 18 6 27 21 42 14 46 0 28 24 17 41
22 26 21 16 31 15 13 45 14 17 17 5 8 18 11 27 0 22 20 13
6 34 15 6 50 30 56 15 15 46 6 16 13 27 20 58 31 0 10 20
17 34 15 33 63 15 30 15 14 31 19 36 5 25 27 42 15 11 0 27
26 11 11 21 16 16 22 29 15 41 9 7 19 32 3 40 5 25 30 0