4
20
,
0 (18.0, 46.0) 12.0
1 (44.0, 27.0) 31.0
2 (37.0, 35.0) 11.0
3 (28.0, 49.0) 18.0
4 (41.0, 1.0) 31.0
5 (7.0, 16.0) 43.0
6 (43.0, 13.0) 49.0
7 (3.0, 47.0) 37.0
8 (21.0, 15.0) 43.0
9 (10.0, 9.0) 31.0
10 (31.0, 39.0) 15.0
11 (29.0, 17.0) 14.0
12 (20.0, 32.0) 23.0
13 (14.0, 5.0) 20.0
14 (37.0, 26.0) 21.0
15 (1.0, 5.0) 21.0
16 (26.0, 23.0) 13.0
17 (21.0, 43.0) 11.0
18 (10.0, 33.0) 15.0
19 (34.0, 27.0) 25.0
,
0 6 4 2 10 6 8 3 6 8 3 6 3 8 6 9 5 1 3 5
6 0 2 5 5 8 3 9 5 8 4 4 5 7 1 10 4 6 7 2
4 2 0 3 7 7 5 7 5 7 1 4 3 8 2 9 3 4 5 2
2 5 3 0 10 8 8 5 7 9 2 6 4 9 5 10 5 2 5 5
10 5 7 10 0 7 2 12 5 6 8 4 7 5 5 8 5 9 9 5
6 8 7 8 7 0 7 6 3 2 7 4 4 3 6 3 4 6 3 6
8 3 5 8 2 7 0 10 4 7 6 3 6 6 3 9 4 7 8 3
3 9 7 5 12 6 10 0 7 8 6 8 5 9 8 8 7 4 3 7
6 5 5 7 5 3 4 7 0 3 5 2 3 2 4 4 2 6 4 4
8 8 7 9 6 2 7 8 3 0 7 4 5 1 6 2 4 7 5 6
3 4 1 2 8 7 6 6 5 7 0 4 3 8 3 9 3 2 4 2
6 4 4 6 4 4 3 8 2 4 4 0 3 4 2 6 1 5 5 2
3 5 3 4 7 4 6 5 3 5 3 3 0 6 4 7 2 2 2 3
8 7 8 9 5 3 6 9 2 1 8 4 6 0 6 3 4 8 6 6
6 1 2 5 5 6 3 8 4 6 3 2 4 6 0 8 2 5 6 1
9 10 9 10 8 3 9 8 4 2 9 6 7 3 8 0 6 9 6 8
5 4 3 5 5 4 4 7 2 4 3 1 2 4 2 6 0 4 4 2
1 6 4 2 9 6 7 4 6 7 2 5 2 8 5 9 4 0 3 4
3 7 5 5 9 3 8 3 4 5 4 5 2 6 6 6 4 3 0 5
5 2 2 5 5 6 3 7 4 6 2 2 3 6 1 8 2 4 5 0
,
0 48 23 9 74 46 58 21 46 27 14 41 18 34 21 33 27 3 16 35
25 0 15 25 18 34 13 62 21 44 24 21 22 35 9 31 13 24 47 13
27 12 0 22 44 40 25 47 23 32 7 28 12 42 12 28 15 20 26 9
9 22 15 0 56 57 27 13 20 45 15 18 12 28 14 45 28 9 27 25
74 35 29 48 0 42 7 41 19 46 26 30 25 30 35 52 15 47 42 37
30 31 45 51 28 0 27 31 10 4 25 11 26 17 43 16 15 34 14 25
53 15 17 39 14 30 0 41 21 33 32 18 19 42 8 53 19 32 51 22
11 23 21 24 63 16 51 0 32 34 32 45 23 37 55 62 30 17 18 26
25 30 35 38 28 21 26 45 0 14 35 5 12 10 17 19 13 35 25 22
34 33 27 30 37 8 25 51 8 0 33 28 29 4 17 13 11 47 18 19
11 13 8 14 23 46 36 20 35 39 0 32 14 21 12 65 12 10 28 13
28 22 13 22 21 24 19 26 10 19 23 0 10 12 12 43 7 22 16 17
10 14 22 17 25 22 28 12 20 33 11 23 0 33 22 18 5 7 10 20
46 22 27 68 35 16 21 60 14 7 25 27 29 0 17 16 30 51 25 43
23 4 10 24 27 31 8 22 28 43 9 16 19 30 0 28 9 34 25 3
53 31 45 58 21 6 44 22 28 11 49 22 30 17 41 0 28 64 24 44
19 13 12 32 25 13 29 38 5 26 18 8 10 28 16 33 0 30 26 5
6 41 18 10 45 39 28 17 33 31 8 40 6 38 12 21 11 0 20 20
17 22 20 21 49 19 28 22 20 27 24 22 9 27 16 27 17 22 0 35
32 7 8 34 19 18 15 30 21 35 12 7 12 27 4 42 8 27 36 0