4
20
,
0 (18.0, 46.0) 31.0
1 (44.0, 27.0) 45.0
2 (37.0, 35.0) 15.0
3 (28.0, 49.0) 10.0
4 (41.0, 1.0) 14.0
5 (7.0, 16.0) 24.0
6 (43.0, 13.0) 15.0
7 (3.0, 47.0) 13.0
8 (21.0, 15.0) 24.0
9 (10.0, 9.0) 24.0
10 (31.0, 39.0) 19.0
11 (29.0, 17.0) 49.0
12 (20.0, 32.0) 25.0
13 (14.0, 5.0) 41.0
14 (37.0, 26.0) 19.0
15 (1.0, 5.0) 28.0
16 (26.0, 23.0) 19.0
17 (21.0, 43.0) 41.0
18 (10.0, 33.0) 15.0
19 (34.0, 27.0) 31.0
,
0 6 4 2 10 6 8 3 6 8 3 6 3 8 6 9 5 1 3 5
6 0 2 5 5 8 3 9 5 8 4 4 5 7 1 10 4 6 7 2
4 2 0 3 7 7 5 7 5 7 1 4 3 8 2 9 3 4 5 2
2 5 3 0 10 8 8 5 7 9 2 6 4 9 5 10 5 2 5 5
10 5 7 10 0 7 2 12 5 6 8 4 7 5 5 8 5 9 9 5
6 8 7 8 7 0 7 6 3 2 7 4 4 3 6 3 4 6 3 6
8 3 5 8 2 7 0 10 4 7 6 3 6 6 3 9 4 7 8 3
3 9 7 5 12 6 10 0 7 8 6 8 5 9 8 8 7 4 3 7
6 5 5 7 5 3 4 7 0 3 5 2 3 2 4 4 2 6 4 4
8 8 7 9 6 2 7 8 3 0 7 4 5 1 6 2 4 7 5 6
3 4 1 2 8 7 6 6 5 7 0 4 3 8 3 9 3 2 4 2
6 4 4 6 4 4 3 8 2 4 4 0 3 4 2 6 1 5 5 2
3 5 3 4 7 4 6 5 3 5 3 3 0 6 4 7 2 2 2 3
8 7 8 9 5 3 6 9 2 1 8 4 6 0 6 3 4 8 6 6
6 1 2 5 5 6 3 8 4 6 3 2 4 6 0 8 2 5 6 1
9 10 9 10 8 3 9 8 4 2 9 6 7 3 8 0 6 9 6 8
5 4 3 5 5 4 4 7 2 4 3 1 2 4 2 6 0 4 4 2
1 6 4 2 9 6 7 4 6 7 2 5 2 8 5 9 4 0 3 4
3 7 5 5 9 3 8 3 4 5 4 5 2 6 6 6 4 3 0 5
5 2 2 5 5 6 3 7 4 6 2 2 3 6 1 8 2 4 5 0
,
0 31 15 10 65 39 59 10 25 28 17 33 20 59 29 58 23 3 16 15
48 0 14 21 32 53 14 42 20 52 26 10 33 26 10 59 16 39 34 12
32 14 0 13 35 32 27 33 25 24 4 17 25 54 10 42 24 22 16 9
13 18 11 0 64 58 37 31 44 44 15 20 20 31 36 60 27 13 31 24
50 19 42 25 0 35 18 80 35 19 28 17 49 26 22 46 29 51 23 24
28 35 22 32 41 0 26 43 18 6 40 15 14 8 35 14 25 41 26 20
26 8 25 25 9 36 0 40 14 49 19 17 24 28 21 60 18 45 27 14
15 50 25 23 53 37 46 0 46 20 21 38 29 54 51 23 27 11 9 39
46 24 15 23 31 10 17 53 0 11 26 7 16 14 12 17 9 23 26 17
19 36 19 57 19 9 36 53 16 0 41 16 17 6 19 10 24 46 31 30
10 16 6 11 35 38 21 33 13 35 0 19 12 48 19 48 24 16 21 9
21 18 22 47 15 21 14 40 9 24 25 0 12 20 8 24 9 34 34 13
17 25 23 26 22 25 24 30 22 23 8 16 0 16 18 40 9 6 9 17
52 37 41 37 18 19 37 30 8 6 31 24 25 0 24 13 11 22 22 39
39 6 13 32 35 36 17 56 22 24 12 7 18 45 0 23 13 28 17 4
63 68 28 58 45 18 39 24 12 8 29 34 35 18 26 0 44 32 29 35
18 22 14 24 40 13 20 19 8 16 11 9 9 20 14 21 0 11 21 11
4 18 22 5 45 35 55 10 32 28 16 20 7 57 15 28 24 0 13 11
8 26 38 32 27 15 53 12 29 27 12 14 6 37 32 22 27 9 0 26
23 7 12 29 22 15 20 54 16 40 15 7 13 15 5 24 12 16 24 0