4
20
,
0 (18.0, 46.0) 47.0
1 (44.0, 27.0) 18.0
2 (37.0, 35.0) 47.0
3 (28.0, 49.0) 33.0
4 (41.0, 1.0) 35.0
5 (7.0, 16.0) 11.0
6 (43.0, 13.0) 14.0
7 (3.0, 47.0) 10.0
8 (21.0, 15.0) 16.0
9 (10.0, 9.0) 16.0
10 (31.0, 39.0) 18.0
11 (29.0, 17.0) 35.0
12 (20.0, 32.0) 44.0
13 (14.0, 5.0) 13.0
14 (37.0, 26.0) 16.0
15 (1.0, 5.0) 10.0
16 (26.0, 23.0) 28.0
17 (21.0, 43.0) 46.0
18 (10.0, 33.0) 11.0
19 (34.0, 27.0) 18.0
,
0 6 4 2 10 6 8 3 6 8 3 6 3 8 6 9 5 1 3 5
6 0 2 5 5 8 3 9 5 8 4 4 5 7 1 10 4 6 7 2
4 2 0 3 7 7 5 7 5 7 1 4 3 8 2 9 3 4 5 2
2 5 3 0 10 8 8 5 7 9 2 6 4 9 5 10 5 2 5 5
10 5 7 10 0 7 2 12 5 6 8 4 7 5 5 8 5 9 9 5
6 8 7 8 7 0 7 6 3 2 7 4 4 3 6 3 4 6 3 6
8 3 5 8 2 7 0 10 4 7 6 3 6 6 3 9 4 7 8 3
3 9 7 5 12 6 10 0 7 8 6 8 5 9 8 8 7 4 3 7
6 5 5 7 5 3 4 7 0 3 5 2 3 2 4 4 2 6 4 4
8 8 7 9 6 2 7 8 3 0 7 4 5 1 6 2 4 7 5 6
3 4 1 2 8 7 6 6 5 7 0 4 3 8 3 9 3 2 4 2
6 4 4 6 4 4 3 8 2 4 4 0 3 4 2 6 1 5 5 2
3 5 3 4 7 4 6 5 3 5 3 3 0 6 4 7 2 2 2 3
8 7 8 9 5 3 6 9 2 1 8 4 6 0 6 3 4 8 6 6
6 1 2 5 5 6 3 8 4 6 3 2 4 6 0 8 2 5 6 1
9 10 9 10 8 3 9 8 4 2 9 6 7 3 8 0 6 9 6 8
5 4 3 5 5 4 4 7 2 4 3 1 2 4 2 6 0 4 4 2
1 6 4 2 9 6 7 4 6 7 2 5 2 8 5 9 4 0 3 4
3 7 5 5 9 3 8 3 4 5 4 5 2 6 6 6 4 3 0 5
5 2 2 5 5 6 3 7 4 6 2 2 3 6 1 8 2 4 5 0
,
0 46 12 7 41 23 31 22 35 37 15 30 7 26 32 42 22 4 10 33
40 0 15 28 21 53 20 37 16 34 15 10 33 38 7 29 21 22 18 15
16 11 0 24 48 26 13 39 24 43 9 13 25 40 13 29 11 11 15 8
15 40 10 0 55 35 57 15 31 25 15 25 17 33 22 42 20 5 25 28
63 19 33 58 0 44 12 51 13 21 36 23 56 28 32 33 36 39 62 23
34 24 26 46 41 0 33 28 17 4 35 31 15 15 33 15 13 41 21 18
56 21 22 42 6 19 0 51 16 30 41 12 42 37 11 27 28 52 56 15
12 30 41 18 54 25 35 0 35 51 22 36 17 25 44 42 46 27 14 32
29 16 25 43 30 14 26 39 0 7 26 9 20 13 28 14 10 29 16 19
26 45 44 28 20 6 33 45 11 0 35 19 29 8 19 12 13 49 31 27
19 12 5 12 52 26 15 25 32 21 0 26 12 24 11 25 16 14 32 11
32 26 13 35 21 21 15 34 8 16 16 0 14 28 15 19 8 37 17 12
15 36 16 11 46 19 27 19 13 26 15 12 0 27 12 45 9 10 9 19
41 37 38 29 24 17 27 23 16 4 26 23 33 0 23 19 25 57 19 36
18 10 7 31 15 41 14 58 12 33 12 15 24 32 0 41 15 21 31 2
60 53 40 51 29 15 46 56 16 10 36 26 30 9 22 0 37 64 35 40
21 15 16 18 17 16 15 25 13 17 24 8 13 13 15 24 0 31 10 10
5 37 20 13 50 33 34 26 34 53 11 35 10 35 26 27 11 0 22 18
15 46 33 34 30 12 38 8 20 16 14 34 13 21 38 31 21 13 0 21
28 10 13 17 23 15 23 30 10 23 12 12 19 16 3 43 11 29 32 0