4
20
,
0 (18.0, 46.0) 11.0
1 (44.0, 27.0) 33.0
2 (37.0, 35.0) 10.0
3 (28.0, 49.0) 15.0
4 (41.0, 1.0) 47.0
5 (7.0, 16.0) 19.0
6 (43.0, 13.0) 37.0
7 (3.0, 47.0) 23.0
8 (21.0, 15.0) 29.0
9 (10.0, 9.0) 22.0
10 (31.0, 39.0) 42.0
11 (29.0, 17.0) 27.0
12 (20.0, 32.0) 12.0
13 (14.0, 5.0) 28.0
14 (37.0, 26.0) 25.0
15 (1.0, 5.0) 36.0
16 (26.0, 23.0) 35.0
17 (21.0, 43.0) 25.0
18 (10.0, 33.0) 20.0
19 (34.0, 27.0) 36.0
,
0 6 4 2 10 6 8 3 6 8 3 6 3 8 6 9 5 1 3 5
6 0 2 5 5 8 3 9 5 8 4 4 5 7 1 10 4 6 7 2
4 2 0 3 7 7 5 7 5 7 1 4 3 8 2 9 3 4 5 2
2 5 3 0 10 8 8 5 7 9 2 6 4 9 5 10 5 2 5 5
10 5 7 10 0 7 2 12 5 6 8 4 7 5 5 8 5 9 9 5
6 8 7 8 7 0 7 6 3 2 7 4 4 3 6 3 4 6 3 6
8 3 5 8 2 7 0 10 4 7 6 3 6 6 3 9 4 7 8 3
3 9 7 5 12 6 10 0 7 8 6 8 5 9 8 8 7 4 3 7
6 5 5 7 5 3 4 7 0 3 5 2 3 2 4 4 2 6 4 4
8 8 7 9 6 2 7 8 3 0 7 4 5 1 6 2 4 7 5 6
3 4 1 2 8 7 6 6 5 7 0 4 3 8 3 9 3 2 4 2
6 4 4 6 4 4 3 8 2 4 4 0 3 4 2 6 1 5 5 2
3 5 3 4 7 4 6 5 3 5 3 3 0 6 4 7 2 2 2 3
8 7 8 9 5 3 6 9 2 1 8 4 6 0 6 3 4 8 6 6
6 1 2 5 5 6 3 8 4 6 3 2 4 6 0 8 2 5 6 1
9 10 9 10 8 3 9 8 4 2 9 6 7 3 8 0 6 9 6 8
5 4 3 5 5 4 4 7 2 4 3 1 2 4 2 6 0 4 4 2
1 6 4 2 9 6 7 4 6 7 2 5 2 8 5 9 4 0 3 4
3 7 5 5 9 3 8 3 4 5 4 5 2 6 6 6 4 3 0 5
5 2 2 5 5 6 3 7 4 6 2 2 3 6 1 8 2 4 5 0
,
0 34 27 10 54 35 58 22 29 46 19 16 19 50 29 35 19 3 20 33
19 0 6 25 36 46 9 28 37 52 17 18 30 36 8 50 17 23 34 14
31 5 0 23 40 45 29 21 14 41 11 16 10 32 5 68 13 26 18 13
11 24 8 0 56 56 31 33 42 65 8 26 16 69 26 54 22 6 31 25
37 18 33 45 0 47 14 44 23 42 20 14 23 35 35 25 39 49 50 17
25 53 38 21 23 0 20 36 10 7 19 23 23 15 30 13 12 16 14 27
30 15 33 57 10 25 0 27 25 28 39 21 16 45 20 34 13 44 31 10
22 39 32 22 84 47 39 0 39 34 29 38 25 28 48 54 45 27 10 47
29 26 20 34 13 13 26 45 0 11 15 11 13 14 11 33 9 27 14 16
23 48 30 62 18 8 39 46 10 0 38 30 31 7 28 10 20 47 31 45
9 15 9 14 42 28 22 19 25 50 0 20 18 33 15 49 23 10 18 11
33 12 15 22 26 12 15 32 11 27 20 0 13 26 8 27 5 33 32 14
8 27 24 12 28 11 28 26 20 27 13 11 0 39 18 25 8 12 15 21
29 31 21 60 18 18 44 50 11 7 50 28 31 0 24 8 29 26 17 36
22 4 5 23 32 46 19 50 28 18 9 8 14 20 0 30 8 26 15 2
59 42 64 72 23 14 30 59 34 11 47 43 19 19 46 0 38 50 16 26
14 16 10 29 35 24 25 47 14 31 12 9 12 13 11 34 0 21 15 12
6 35 13 6 59 40 54 19 18 38 15 20 11 44 25 48 30 0 13 27
21 50 22 33 33 16 26 15 15 23 30 14 9 42 30 29 27 20 0 12
18 12 7 15 32 22 11 53 23 25 8 14 11 23 5 44 11 14 24 0