4
20
,
0 (18.0, 46.0) 10.0
1 (44.0, 27.0) 43.0
2 (37.0, 35.0) 45.0
3 (28.0, 49.0) 15.0
4 (41.0, 1.0) 18.0
5 (7.0, 16.0) 26.0
6 (43.0, 13.0) 16.0
7 (3.0, 47.0) 17.0
8 (21.0, 15.0) 19.0
9 (10.0, 9.0) 31.0
10 (31.0, 39.0) 11.0
11 (29.0, 17.0) 48.0
12 (20.0, 32.0) 26.0
13 (14.0, 5.0) 14.0
14 (37.0, 26.0) 22.0
15 (1.0, 5.0) 33.0
16 (26.0, 23.0) 35.0
17 (21.0, 43.0) 21.0
18 (10.0, 33.0) 46.0
19 (34.0, 27.0) 35.0
,
0 6 4 2 10 6 8 3 6 8 3 6 3 8 6 9 5 1 3 5
6 0 2 5 5 8 3 9 5 8 4 4 5 7 1 10 4 6 7 2
4 2 0 3 7 7 5 7 5 7 1 4 3 8 2 9 3 4 5 2
2 5 3 0 10 8 8 5 7 9 2 6 4 9 5 10 5 2 5 5
10 5 7 10 0 7 2 12 5 6 8 4 7 5 5 8 5 9 9 5
6 8 7 8 7 0 7 6 3 2 7 4 4 3 6 3 4 6 3 6
8 3 5 8 2 7 0 10 4 7 6 3 6 6 3 9 4 7 8 3
3 9 7 5 12 6 10 0 7 8 6 8 5 9 8 8 7 4 3 7
6 5 5 7 5 3 4 7 0 3 5 2 3 2 4 4 2 6 4 4
8 8 7 9 6 2 7 8 3 0 7 4 5 1 6 2 4 7 5 6
3 4 1 2 8 7 6 6 5 7 0 4 3 8 3 9 3 2 4 2
6 4 4 6 4 4 3 8 2 4 4 0 3 4 2 6 1 5 5 2
3 5 3 4 7 4 6 5 3 5 3 3 0 6 4 7 2 2 2 3
8 7 8 9 5 3 6 9 2 1 8 4 6 0 6 3 4 8 6 6
6 1 2 5 5 6 3 8 4 6 3 2 4 6 0 8 2 5 6 1
9 10 9 10 8 3 9 8 4 2 9 6 7 3 8 0 6 9 6 8
5 4 3 5 5 4 4 7 2 4 3 1 2 4 2 6 0 4 4 2
1 6 4 2 9 6 7 4 6 7 2 5 2 8 5 9 4 0 3 4
3 7 5 5 9 3 8 3 4 5 4 5 2 6 6 6 4 3 0 5
5 2 2 5 5 6 3 7 4 6 2 2 3 6 1 8 2 4 5 0
,
0 28 27 11 63 42 38 15 19 43 16 21 16 37 21 57 22 3 23 26
21 0 13 34 36 22 12 26 33 45 15 27 36 36 6 65 19 26 51 14
20 7 0 17 46 51 11 40 22 35 8 20 22 53 5 40 17 17 33 7
14 21 18 0 51 33 38 37 41 52 8 33 20 25 27 30 18 14 36 15
45 29 35 54 0 46 18 45 36 41 34 21 28 35 28 38 14 46 65 33
37 49 44 30 44 0 45 36 14 4 23 21 12 16 24 17 24 43 14 30
43 21 28 43 18 48 0 32 25 31 24 13 40 19 12 50 15 44 52 10
20 37 39 18 82 45 35 0 21 26 25 23 19 51 23 52 35 19 15 50
33 31 19 51 25 15 22 47 0 8 35 8 24 18 24 24 9 32 25 11
29 55 30 25 31 8 49 56 18 0 33 23 35 6 18 6 14 46 16 22
22 22 6 11 45 48 39 26 26 50 0 23 16 34 13 54 22 14 16 7
17 23 14 25 13 20 12 34 8 28 30 0 25 22 10 26 8 25 30 11
19 36 12 22 56 24 32 30 15 34 14 21 0 41 26 30 10 9 12 13
28 26 22 41 23 10 30 28 7 8 36 14 16 0 16 19 20 41 19 18
18 9 12 24 28 31 19 49 21 44 16 10 16 16 0 59 17 13 27 4
24 31 34 29 57 14 40 54 32 12 30 19 30 17 35 0 35 51 23 20
20 11 9 20 37 17 19 17 12 27 21 4 8 24 8 34 0 28 14 8
5 16 13 12 39 22 35 10 28 36 7 30 15 48 23 45 29 0 17 27
20 47 29 25 23 14 26 17 24 30 11 14 8 21 24 26 25 9 0 27
20 13 12 31 32 16 15 22 24 44 15 13 9 19 3 34 9 27 17 0