4
20
,
0 (18.0, 46.0) 44.0
1 (44.0, 27.0) 26.0
2 (37.0, 35.0) 35.0
3 (28.0, 49.0) 49.0
4 (41.0, 1.0) 29.0
5 (7.0, 16.0) 27.0
6 (43.0, 13.0) 11.0
7 (3.0, 47.0) 17.0
8 (21.0, 15.0) 44.0
9 (10.0, 9.0) 44.0
10 (31.0, 39.0) 43.0
11 (29.0, 17.0) 33.0
12 (20.0, 32.0) 23.0
13 (14.0, 5.0) 31.0
14 (37.0, 26.0) 16.0
15 (1.0, 5.0) 47.0
16 (26.0, 23.0) 15.0
17 (21.0, 43.0) 40.0
18 (10.0, 33.0) 27.0
19 (34.0, 27.0) 34.0
,
0 6 4 2 10 6 8 3 6 8 3 6 3 8 6 9 5 1 3 5
6 0 2 5 5 8 3 9 5 8 4 4 5 7 1 10 4 6 7 2
4 2 0 3 7 7 5 7 5 7 1 4 3 8 2 9 3 4 5 2
2 5 3 0 10 8 8 5 7 9 2 6 4 9 5 10 5 2 5 5
10 5 7 10 0 7 2 12 5 6 8 4 7 5 5 8 5 9 9 5
6 8 7 8 7 0 7 6 3 2 7 4 4 3 6 3 4 6 3 6
8 3 5 8 2 7 0 10 4 7 6 3 6 6 3 9 4 7 8 3
3 9 7 5 12 6 10 0 7 8 6 8 5 9 8 8 7 4 3 7
6 5 5 7 5 3 4 7 0 3 5 2 3 2 4 4 2 6 4 4
8 8 7 9 6 2 7 8 3 0 7 4 5 1 6 2 4 7 5 6
3 4 1 2 8 7 6 6 5 7 0 4 3 8 3 9 3 2 4 2
6 4 4 6 4 4 3 8 2 4 4 0 3 4 2 6 1 5 5 2
3 5 3 4 7 4 6 5 3 5 3 3 0 6 4 7 2 2 2 3
8 7 8 9 5 3 6 9 2 1 8 4 6 0 6 3 4 8 6 6
6 1 2 5 5 6 3 8 4 6 3 2 4 6 0 8 2 5 6 1
9 10 9 10 8 3 9 8 4 2 9 6 7 3 8 0 6 9 6 8
5 4 3 5 5 4 4 7 2 4 3 1 2 4 2 6 0 4 4 2
1 6 4 2 9 6 7 4 6 7 2 5 2 8 5 9 4 0 3 4
3 7 5 5 9 3 8 3 4 5 4 5 2 6 6 6 4 3 0 5
5 2 2 5 5 6 3 7 4 6 2 2 3 6 1 8 2 4 5 0
,
0 39 31 7 32 44 54 18 46 23 20 23 12 54 35 64 29 5 21 23
20 0 10 32 31 37 14 25 19 48 17 24 31 37 8 32 13 27 41 14
30 5 0 23 34 49 12 29 35 39 8 23 10 26 10 53 12 14 21 8
9 31 9 0 35 30 23 36 29 45 11 47 20 57 21 40 38 7 17 19
45 24 40 70 0 28 16 33 15 36 24 16 27 30 31 25 32 32 49 23
46 57 41 26 36 0 28 16 19 7 39 24 16 18 37 10 30 20 23 34
29 17 16 31 8 46 0 29 18 17 39 16 31 28 8 37 25 29 25 16
15 30 27 26 83 41 59 0 47 32 43 29 21 52 30 39 42 10 20 31
28 24 15 25 15 16 16 25 0 12 24 10 12 14 22 21 12 37 18 26
44 52 23 54 43 4 21 44 13 0 31 21 22 7 35 5 27 42 23 31
15 12 5 7 50 21 36 26 32 54 0 18 16 22 15 28 19 7 28 12
46 10 18 46 22 30 9 53 9 23 20 0 24 25 8 40 9 37 36 13
15 28 22 16 56 28 26 28 19 27 14 11 0 16 27 46 9 11 9 22
56 36 56 25 36 18 39 35 18 5 26 22 16 0 29 8 28 28 41 35
19 8 10 20 37 25 15 27 19 23 11 12 23 21 0 56 6 13 16 2
51 50 38 68 55 7 26 54 20 14 50 19 25 16 29 0 31 35 24 49
18 12 19 24 15 15 10 30 10 22 22 10 9 23 15 31 0 26 10 9
2 16 16 11 32 34 19 18 18 24 5 19 16 37 18 41 24 0 21 29
16 43 32 15 62 12 41 21 21 22 21 37 15 22 29 27 27 22 0 16
34 12 11 25 32 15 9 54 26 27 18 16 19 24 3 44 12 30 25 0