4
20
,
0 (18.0, 46.0) 35.0
1 (44.0, 27.0) 47.0
2 (37.0, 35.0) 32.0
3 (28.0, 49.0) 10.0
4 (41.0, 1.0) 25.0
5 (7.0, 16.0) 41.0
6 (43.0, 13.0) 19.0
7 (3.0, 47.0) 47.0
8 (21.0, 15.0) 48.0
9 (10.0, 9.0) 36.0
10 (31.0, 39.0) 40.0
11 (29.0, 17.0) 22.0
12 (20.0, 32.0) 14.0
13 (14.0, 5.0) 42.0
14 (37.0, 26.0) 24.0
15 (1.0, 5.0) 15.0
16 (26.0, 23.0) 15.0
17 (21.0, 43.0) 23.0
18 (10.0, 33.0) 45.0
19 (34.0, 27.0) 18.0
,
0 6 4 2 10 6 8 3 6 8 3 6 3 8 6 9 5 1 3 5
6 0 2 5 5 8 3 9 5 8 4 4 5 7 1 10 4 6 7 2
4 2 0 3 7 7 5 7 5 7 1 4 3 8 2 9 3 4 5 2
2 5 3 0 10 8 8 5 7 9 2 6 4 9 5 10 5 2 5 5
10 5 7 10 0 7 2 12 5 6 8 4 7 5 5 8 5 9 9 5
6 8 7 8 7 0 7 6 3 2 7 4 4 3 6 3 4 6 3 6
8 3 5 8 2 7 0 10 4 7 6 3 6 6 3 9 4 7 8 3
3 9 7 5 12 6 10 0 7 8 6 8 5 9 8 8 7 4 3 7
6 5 5 7 5 3 4 7 0 3 5 2 3 2 4 4 2 6 4 4
8 8 7 9 6 2 7 8 3 0 7 4 5 1 6 2 4 7 5 6
3 4 1 2 8 7 6 6 5 7 0 4 3 8 3 9 3 2 4 2
6 4 4 6 4 4 3 8 2 4 4 0 3 4 2 6 1 5 5 2
3 5 3 4 7 4 6 5 3 5 3 3 0 6 4 7 2 2 2 3
8 7 8 9 5 3 6 9 2 1 8 4 6 0 6 3 4 8 6 6
6 1 2 5 5 6 3 8 4 6 3 2 4 6 0 8 2 5 6 1
9 10 9 10 8 3 9 8 4 2 9 6 7 3 8 0 6 9 6 8
5 4 3 5 5 4 4 7 2 4 3 1 2 4 2 6 0 4 4 2
1 6 4 2 9 6 7 4 6 7 2 5 2 8 5 9 4 0 3 4
3 7 5 5 9 3 8 3 4 5 4 5 2 6 6 6 4 3 0 5
5 2 2 5 5 6 3 7 4 6 2 2 3 6 1 8 2 4 5 0
,
0 22 22 13 27 38 30 16 27 43 14 29 13 35 26 53 32 3 19 35
17 0 12 33 24 38 12 68 22 30 22 12 20 31 5 53 15 31 35 8
22 11 0 9 49 38 31 36 21 40 5 28 9 34 12 55 22 21 22 8
7 23 14 0 65 47 39 21 41 32 13 46 22 39 26 31 35 9 25 33
26 30 20 51 0 19 14 47 26 39 48 21 54 16 29 24 37 37 47 15
16 46 37 36 47 0 29 27 12 11 18 26 15 14 22 17 24 36 19 22
51 21 31 40 16 33 0 40 25 26 32 19 30 21 19 42 13 30 49 21
18 27 39 27 75 46 45 0 46 40 34 40 14 56 43 59 34 21 11 55
45 27 27 38 16 10 14 48 0 8 19 11 18 16 15 23 6 26 23 19
30 24 26 55 20 7 27 30 16 0 53 26 36 3 25 8 26 24 26 30
10 24 6 13 30 31 25 31 34 29 0 31 10 22 10 65 17 15 20 18
35 12 12 44 22 16 13 40 9 30 25 0 20 11 14 30 4 19 22 8
17 19 12 14 25 27 44 31 18 17 10 14 0 19 18 23 11 14 7 12
33 41 34 33 39 14 44 59 7 7 32 10 36 0 44 8 11 25 42 42
20 5 6 35 18 30 13 32 20 43 14 9 23 30 0 40 10 27 25 2
35 27 39 51 45 11 52 25 22 11 28 39 40 11 44 0 31 43 22 20
32 27 17 38 37 11 14 45 11 13 14 7 10 16 11 37 0 24 13 5
5 17 11 11 68 24 25 24 30 40 15 25 11 24 15 55 22 0 10 25
11 50 17 31 52 26 54 21 11 28 13 13 5 24 24 22 15 15 0 33
32 14 10 31 34 32 22 24 26 41 17 9 11 38 3 35 9 24 32 0