4
20
,
0 (18.0, 46.0) 16.0
1 (44.0, 27.0) 33.0
2 (37.0, 35.0) 20.0
3 (28.0, 49.0) 40.0
4 (41.0, 1.0) 36.0
5 (7.0, 16.0) 14.0
6 (43.0, 13.0) 14.0
7 (3.0, 47.0) 47.0
8 (21.0, 15.0) 12.0
9 (10.0, 9.0) 14.0
10 (31.0, 39.0) 18.0
11 (29.0, 17.0) 35.0
12 (20.0, 32.0) 26.0
13 (14.0, 5.0) 33.0
14 (37.0, 26.0) 30.0
15 (1.0, 5.0) 15.0
16 (26.0, 23.0) 21.0
17 (21.0, 43.0) 30.0
18 (10.0, 33.0) 36.0
19 (34.0, 27.0) 38.0
,
0 6 4 2 10 6 8 3 6 8 3 6 3 8 6 9 5 1 3 5
6 0 2 5 5 8 3 9 5 8 4 4 5 7 1 10 4 6 7 2
4 2 0 3 7 7 5 7 5 7 1 4 3 8 2 9 3 4 5 2
2 5 3 0 10 8 8 5 7 9 2 6 4 9 5 10 5 2 5 5
10 5 7 10 0 7 2 12 5 6 8 4 7 5 5 8 5 9 9 5
6 8 7 8 7 0 7 6 3 2 7 4 4 3 6 3 4 6 3 6
8 3 5 8 2 7 0 10 4 7 6 3 6 6 3 9 4 7 8 3
3 9 7 5 12 6 10 0 7 8 6 8 5 9 8 8 7 4 3 7
6 5 5 7 5 3 4 7 0 3 5 2 3 2 4 4 2 6 4 4
8 8 7 9 6 2 7 8 3 0 7 4 5 1 6 2 4 7 5 6
3 4 1 2 8 7 6 6 5 7 0 4 3 8 3 9 3 2 4 2
6 4 4 6 4 4 3 8 2 4 4 0 3 4 2 6 1 5 5 2
3 5 3 4 7 4 6 5 3 5 3 3 0 6 4 7 2 2 2 3
8 7 8 9 5 3 6 9 2 1 8 4 6 0 6 3 4 8 6 6
6 1 2 5 5 6 3 8 4 6 3 2 4 6 0 8 2 5 6 1
9 10 9 10 8 3 9 8 4 2 9 6 7 3 8 0 6 9 6 8
5 4 3 5 5 4 4 7 2 4 3 1 2 4 2 6 0 4 4 2
1 6 4 2 9 6 7 4 6 7 2 5 2 8 5 9 4 0 3 4
3 7 5 5 9 3 8 3 4 5 4 5 2 6 6 6 4 3 0 5
5 2 2 5 5 6 3 7 4 6 2 2 3 6 1 8 2 4 5 0
,
0 45 22 13 36 36 24 19 43 21 20 19 9 30 38 63 27 5 13 22
28 0 7 17 15 28 11 40 28 24 17 15 13 42 5 66 17 38 33 13
18 8 0 22 42 40 17 50 24 52 8 22 25 33 9 38 18 10 38 9
15 22 22 0 29 43 49 27 40 62 8 18 23 38 16 77 20 6 25 21
64 24 48 41 0 42 16 89 22 30 29 10 55 18 18 33 31 43 52 27
47 26 18 51 30 0 36 25 11 6 24 12 26 16 46 18 18 21 16 43
55 18 22 28 7 35 0 62 12 45 32 14 24 20 10 24 16 32 53 21
22 30 25 27 81 21 62 0 23 32 29 43 33 39 47 32 43 22 12 36
20 31 31 35 12 12 20 48 0 14 38 6 12 9 13 24 12 22 21 18
40 51 29 56 42 7 37 54 9 0 20 29 36 7 22 11 28 28 15 27
18 11 7 7 28 47 22 29 36 27 0 25 13 21 19 23 14 15 16 18
41 16 20 18 24 13 8 20 9 22 27 0 12 27 9 43 7 38 34 11
12 22 20 22 54 13 25 16 17 16 7 24 0 21 23 42 10 12 10 20
58 52 43 26 14 8 18 58 7 7 29 16 26 0 23 8 12 58 23 33
23 5 13 19 29 18 15 26 15 38 12 14 12 37 0 48 13 24 15 2
45 67 56 65 60 16 41 39 26 6 66 38 18 14 53 0 32 44 33 38
27 24 24 20 20 15 28 24 10 30 9 6 7 32 11 18 0 31 23 9
4 31 11 12 52 45 28 25 16 38 7 18 16 47 31 50 16 0 21 25
18 18 33 18 62 10 47 12 13 15 20 28 12 23 33 42 24 19 0 20
25 8 9 23 29 22 18 53 25 41 12 13 14 30 4 48 7 12 36 0