4
20
,
0 (18.0, 46.0) 35.0
1 (44.0, 27.0) 31.0
2 (37.0, 35.0) 11.0
3 (28.0, 49.0) 44.0
4 (41.0, 1.0) 45.0
5 (7.0, 16.0) 17.0
6 (43.0, 13.0) 10.0
7 (3.0, 47.0) 25.0
8 (21.0, 15.0) 24.0
9 (10.0, 9.0) 43.0
10 (31.0, 39.0) 20.0
11 (29.0, 17.0) 35.0
12 (20.0, 32.0) 50.0
13 (14.0, 5.0) 42.0
14 (37.0, 26.0) 45.0
15 (1.0, 5.0) 11.0
16 (26.0, 23.0) 17.0
17 (21.0, 43.0) 34.0
18 (10.0, 33.0) 16.0
19 (34.0, 27.0) 14.0
,
0 6 4 2 10 6 8 3 6 8 3 6 3 8 6 9 5 1 3 5
6 0 2 5 5 8 3 9 5 8 4 4 5 7 1 10 4 6 7 2
4 2 0 3 7 7 5 7 5 7 1 4 3 8 2 9 3 4 5 2
2 5 3 0 10 8 8 5 7 9 2 6 4 9 5 10 5 2 5 5
10 5 7 10 0 7 2 12 5 6 8 4 7 5 5 8 5 9 9 5
6 8 7 8 7 0 7 6 3 2 7 4 4 3 6 3 4 6 3 6
8 3 5 8 2 7 0 10 4 7 6 3 6 6 3 9 4 7 8 3
3 9 7 5 12 6 10 0 7 8 6 8 5 9 8 8 7 4 3 7
6 5 5 7 5 3 4 7 0 3 5 2 3 2 4 4 2 6 4 4
8 8 7 9 6 2 7 8 3 0 7 4 5 1 6 2 4 7 5 6
3 4 1 2 8 7 6 6 5 7 0 4 3 8 3 9 3 2 4 2
6 4 4 6 4 4 3 8 2 4 4 0 3 4 2 6 1 5 5 2
3 5 3 4 7 4 6 5 3 5 3 3 0 6 4 7 2 2 2 3
8 7 8 9 5 3 6 9 2 1 8 4 6 0 6 3 4 8 6 6
6 1 2 5 5 6 3 8 4 6 3 2 4 6 0 8 2 5 6 1
9 10 9 10 8 3 9 8 4 2 9 6 7 3 8 0 6 9 6 8
5 4 3 5 5 4 4 7 2 4 3 1 2 4 2 6 0 4 4 2
1 6 4 2 9 6 7 4 6 7 2 5 2 8 5 9 4 0 3 4
3 7 5 5 9 3 8 3 4 5 4 5 2 6 6 6 4 3 0 5
5 2 2 5 5 6 3 7 4 6 2 2 3 6 1 8 2 4 5 0
,
0 35 12 6 48 31 43 9 27 55 22 26 19 59 27 32 25 2 14 20
25 0 10 29 25 24 8 30 22 29 15 10 26 39 10 51 20 18 27 7
28 13 0 9 44 38 16 29 38 32 8 13 12 47 5 65 24 13 28 8
5 38 13 0 52 55 21 33 45 55 5 43 20 46 27 67 34 7 15 12
70 15 40 60 0 33 10 65 22 48 45 17 35 23 38 55 27 61 56 35
23 30 43 41 21 0 49 35 10 10 18 28 19 18 28 10 20 44 24 16
46 8 31 28 11 41 0 32 12 18 34 21 28 20 11 58 16 26 54 22
21 60 24 37 75 33 34 0 37 53 37 43 17 65 35 47 27 25 21 26
38 26 16 29 22 20 19 55 0 8 35 10 18 15 24 21 10 15 14 22
32 50 40 50 35 6 22 56 17 0 35 21 31 4 38 15 23 20 31 33
9 16 5 7 35 22 42 21 19 35 0 16 7 50 18 40 12 14 31 17
42 19 23 33 17 15 20 25 7 22 14 0 15 13 11 34 6 27 24 8
15 17 25 15 33 19 24 19 13 27 12 24 0 15 15 24 12 13 5 10
34 48 26 27 34 15 25 22 6 8 27 23 26 0 41 15 24 30 18 29
26 4 12 35 30 30 8 48 26 28 10 17 26 37 0 29 17 26 35 4
53 41 52 48 43 16 28 48 17 9 42 43 39 18 34 0 23 55 38 31
16 12 17 30 32 12 27 35 6 30 16 7 10 31 14 27 0 12 11 13
6 29 11 10 30 44 34 27 23 32 9 16 6 53 17 36 19 0 11 31
19 46 32 29 32 21 37 11 12 17 24 32 9 17 35 28 12 18 0 29
24 10 7 13 17 31 13 42 15 18 12 9 12 16 2 25 13 22 19 0