4
20
,
0 (18.0, 46.0) 25.0
1 (44.0, 27.0) 45.0
2 (37.0, 35.0) 27.0
3 (28.0, 49.0) 11.0
4 (41.0, 1.0) 35.0
5 (7.0, 16.0) 40.0
6 (43.0, 13.0) 11.0
7 (3.0, 47.0) 40.0
8 (21.0, 15.0) 13.0
9 (10.0, 9.0) 38.0
10 (31.0, 39.0) 36.0
11 (29.0, 17.0) 15.0
12 (20.0, 32.0) 33.0
13 (14.0, 5.0) 15.0
14 (37.0, 26.0) 18.0
15 (1.0, 5.0) 11.0
16 (26.0, 23.0) 10.0
17 (21.0, 43.0) 40.0
18 (10.0, 33.0) 16.0
19 (34.0, 27.0) 12.0
,
0 6 4 2 10 6 8 3 6 8 3 6 3 8 6 9 5 1 3 5
6 0 2 5 5 8 3 9 5 8 4 4 5 7 1 10 4 6 7 2
4 2 0 3 7 7 5 7 5 7 1 4 3 8 2 9 3 4 5 2
2 5 3 0 10 8 8 5 7 9 2 6 4 9 5 10 5 2 5 5
10 5 7 10 0 7 2 12 5 6 8 4 7 5 5 8 5 9 9 5
6 8 7 8 7 0 7 6 3 2 7 4 4 3 6 3 4 6 3 6
8 3 5 8 2 7 0 10 4 7 6 3 6 6 3 9 4 7 8 3
3 9 7 5 12 6 10 0 7 8 6 8 5 9 8 8 7 4 3 7
6 5 5 7 5 3 4 7 0 3 5 2 3 2 4 4 2 6 4 4
8 8 7 9 6 2 7 8 3 0 7 4 5 1 6 2 4 7 5 6
3 4 1 2 8 7 6 6 5 7 0 4 3 8 3 9 3 2 4 2
6 4 4 6 4 4 3 8 2 4 4 0 3 4 2 6 1 5 5 2
3 5 3 4 7 4 6 5 3 5 3 3 0 6 4 7 2 2 2 3
8 7 8 9 5 3 6 9 2 1 8 4 6 0 6 3 4 8 6 6
6 1 2 5 5 6 3 8 4 6 3 2 4 6 0 8 2 5 6 1
9 10 9 10 8 3 9 8 4 2 9 6 7 3 8 0 6 9 6 8
5 4 3 5 5 4 4 7 2 4 3 1 2 4 2 6 0 4 4 2
1 6 4 2 9 6 7 4 6 7 2 5 2 8 5 9 4 0 3 4
3 7 5 5 9 3 8 3 4 5 4 5 2 6 6 6 4 3 0 5
5 2 2 5 5 6 3 7 4 6 2 2 3 6 1 8 2 4 5 0
,
0 44 22 11 30 46 43 14 25 25 13 28 10 34 35 32 14 5 12 32
39 0 11 19 18 53 14 66 19 31 13 19 27 19 5 51 13 40 28 15
26 12 0 14 50 24 23 39 22 32 10 28 21 22 13 42 9 11 16 12
15 17 22 0 29 31 24 19 31 48 14 22 26 42 24 48 29 13 21 24
69 30 50 65 0 52 14 64 32 47 45 25 56 31 32 59 35 52 65 19
17 48 20 43 50 0 40 22 12 10 21 12 17 15 32 15 27 31 17 17
30 19 16 28 17 39 0 67 25 24 19 19 34 39 15 44 28 56 24 21
9 47 26 29 39 26 46 0 37 41 19 25 26 25 59 55 47 13 17 52
38 23 31 22 17 11 24 40 0 6 28 6 19 11 20 26 7 39 20 23
56 31 54 48 44 7 31 41 11 0 20 23 25 7 30 9 28 31 18 32
9 22 7 6 28 37 18 28 25 37 0 29 15 37 14 58 22 5 18 8
25 17 17 30 22 27 21 25 6 25 15 0 9 28 17 40 8 26 36 11
7 27 14 19 43 13 44 21 18 32 19 15 0 18 22 27 7 12 5 17
26 21 26 23 24 12 35 34 13 3 31 18 33 0 35 19 26 37 37 32
19 8 8 16 15 27 19 29 19 26 15 7 22 30 0 49 13 19 15 3
50 39 25 58 53 6 55 31 24 14 37 37 31 18 32 0 16 46 22 29
13 28 10 24 20 17 10 37 12 13 12 4 10 25 9 39 0 21 23 12
4 14 10 6 28 22 44 18 29 48 14 20 8 58 21 61 23 0 9 14
21 42 37 19 41 9 23 17 25 14 14 13 12 40 22 43 21 21 0 30
24 15 6 22 27 43 10 46 25 33 14 9 12 15 2 47 10 24 20 0