7
40
,
0 (5.0, 29.0) 68.0
1 (28.0, 15.0) 81.0
2 (24.0, 17.0) 73.0
3 (35.0, 7.0) 50.0
4 (36.0, 27.0) 53.0
5 (23.0, 41.0) 45.0
6 (16.0, 20.0) 79.0
7 (10.0, 27.0) 71.0
8 (3.0, 50.0) 54.0
9 (4.0, 25.0) 60.0
10 (26.0, 31.0) 82.0
11 (28.0, 9.0) 64.0
12 (26.0, 50.0) 81.0
13 (45.0, 46.0) 32.0
14 (18.0, 34.0) 38.0
15 (24.0, 48.0) 55.0
16 (15.0, 49.0) 70.0
17 (29.0, 43.0) 32.0
18 (3.0, 47.0) 40.0
19 (9.0, 8.0) 46.0
20 (21.0, 22.0) 80.0
21 (17.0, 22.0) 47.0
22 (6.0, 22.0) 32.0
23 (43.0, 18.0) 51.0
24 (38.0, 21.0) 52.0
25 (41.0, 2.0) 67.0
26 (35.0, 10.0) 51.0
27 (44.0, 2.0) 85.0
28 (12.0, 22.0) 42.0
29 (39.0, 38.0) 73.0
30 (33.0, 20.0) 32.0
31 (13.0, 36.0) 36.0
32 (31.0, 4.0) 70.0
33 (40.0, 6.0) 32.0
34 (33.0, 49.0) 48.0
35 (15.0, 22.0) 37.0
36 (40.0, 8.0) 43.0
37 (34.0, 45.0) 73.0
38 (30.0, 42.0) 40.0
39 (44.0, 21.0) 36.0
,
0 15 16 15 18 22 24 13 14 25 13 20 15 28 32 19 27 26 26 24 6 15 14 11 23 22 21 18 22 13 27 19 19 16 20 30 13 20 28 26 24 0
15 0 13 11 19 16 11 7 3 11 2 11 15 15 22 7 13 11 14 9 11 9 7 4 20 17 22 18 24 5 18 15 5 18 21 17 6 20 17 14 20 15
16 13 0 2 5 7 13 6 11 22 13 8 3 18 18 11 17 18 14 20 10 5 7 12 8 6 9 4 10 9 13 4 13 6 8 17 7 7 15 14 9 16
15 11 2 0 7 8 12 4 9 20 11 7 4 17 18 9 16 17 13 18 9 3 4 9 10 7 11 7 12 6 13 5 11 7 10 17 5 9 15 13 10 15
18 19 5 7 0 10 18 12 16 27 18 13 4 22 20 16 21 23 18 26 13 10 12 16 7 7 4 2 5 14 16 7 18 2 3 21 12 3 19 18 8 18
22 16 7 8 10 0 10 11 13 20 16 5 10 13 11 10 12 15 9 19 17 8 10 15 6 3 13 9 13 12 6 4 12 12 11 11 11 10 9 8 5 22
24 11 13 12 18 10 0 11 10 11 12 5 16 5 11 4 4 6 3 10 18 10 10 13 15 12 21 17 22 11 8 12 6 19 19 6 10 19 6 4 14 24
13 7 6 4 12 11 11 0 5 16 6 7 8 16 19 7 15 15 13 15 7 3 1 5 14 11 15 11 17 2 15 8 8 11 14 17 1 13 15 13 14 13
14 3 11 9 16 13 10 5 0 12 3 8 13 14 20 5 13 11 12 11 10 6 4 3 17 14 20 15 21 3 16 12 5 16 18 16 4 18 15 12 17 14
25 11 22 20 27 20 11 16 12 0 13 15 24 12 21 11 11 6 13 2 21 17 16 14 26 23 31 26 32 15 19 21 9 27 29 15 15 28 16 14 25 25
13 2 13 11 18 16 12 6 3 13 0 11 14 17 23 8 15 13 15 11 9 9 7 2 20 17 22 17 23 4 19 15 7 17 20 19 6 20 18 16 20 13
20 11 8 7 13 5 5 7 8 15 11 0 11 10 12 4 9 11 6 14 14 5 6 11 11 8 16 11 17 8 7 7 7 14 14 10 7 13 8 6 10 20
15 15 3 4 4 10 16 8 13 24 14 11 0 21 20 13 20 21 17 23 10 7 9 13 9 8 7 4 9 10 16 6 15 3 6 20 9 6 18 17 10 15
28 15 18 17 22 13 5 16 14 12 17 10 21 0 10 9 1 6 4 12 23 14 15 17 18 16 25 20 26 16 9 15 10 23 23 4 15 22 5 4 17 28
32 22 18 18 20 11 11 19 20 21 23 12 20 10 0 15 11 15 8 21 26 17 18 23 14 13 22 19 22 20 5 14 17 22 20 6 19 19 6 8 13 32
19 7 11 9 16 10 4 7 5 11 8 4 13 9 15 0 8 8 7 10 14 6 6 8 15 12 20 15 21 7 11 10 3 16 18 11 6 17 10 7 15 19
27 13 17 16 21 12 4 15 13 11 15 9 20 1 11 8 0 5 4 11 21 13 13 16 18 15 25 20 25 14 9 15 8 22 22 5 14 22 5 4 17 27
26 11 18 17 23 15 6 15 11 6 13 11 21 6 15 8 5 0 8 6 21 14 14 14 21 18 27 22 28 14 13 17 7 24 25 9 14 24 10 8 20 26
26 14 14 13 18 9 3 13 12 13 15 6 17 4 8 7 4 8 0 13 20 11 12 16 14 12 21 17 22 14 6 12 9 20 19 4 13 18 3 1 13 26
24 9 20 18 26 19 10 15 11 2 11 14 23 12 21 10 11 6 13 0 20 15 14 13 25 22 29 24 30 13 19 20 7 26 28 15 14 27 16 14 24 24
6 11 10 9 13 17 18 7 10 21 9 14 10 23 26 14 21 21 20 20 0 9 8 7 18 16 16 13 18 7 21 13 14 11 16 24 8 16 22 20 19 6
15 9 5 3 10 8 10 3 6 17 9 5 7 14 17 6 13 14 11 15 9 0 2 8 11 9 14 9 15 4 12 6 8 10 12 15 3 12 13 11 12 15
14 7 7 4 12 10 10 1 4 16 7 6 9 15 18 6 13 14 12 14 8 2 0 6 13 11 16 11 17 2 14 8 7 11 14 16 1 13 14 12 14 14
11 4 12 9 16 15 13 5 3 14 2 11 13 17 23 8 16 14 16 13 7 8 6 0 19 16 20 16 21 3 18 14 8 15 19 19 4 18 18 16 19 11
23 20 8 10 7 6 15 14 17 26 20 11 9 18 14 15 18 21 14 25 18 11 13 19 0 3 8 6 8 16 10 5 17 9 6 16 14 5 14 14 2 23
22 17 6 7 7 3 12 11 14 23 17 8 8 16 13 12 15 18 12 22 16 9 11 16 3 0 10 6 10 13 9 3 15 9 8 14 12 7 12 11 3 22
21 22 9 11 4 13 21 15 20 31 22 16 7 25 22 20 25 27 21 29 16 14 16 20 8 10 0 5 2 18 18 10 22 5 2 24 16 3 22 21 10 21
18 18 4 7 2 9 17 11 15 26 17 11 4 20 19 15 20 22 17 24 13 9 11 16 6 6 5 0 6 13 14 5 17 4 3 20 12 3 18 16 7 18
22 24 10 12 5 13 22 17 21 32 23 17 9 26 22 21 25 28 22 30 18 15 17 21 8 10 2 6 0 19 18 11 23 7 3 24 18 4 22 21 10 22
13 5 9 6 14 12 11 2 3 15 4 8 10 16 20 7 14 14 14 13 7 4 2 3 16 13 18 13 19 0 16 11 7 13 16 17 2 16 16 13 16 13
27 18 13 13 16 6 8 15 16 19 19 7 16 9 5 11 9 13 6 19 21 12 14 18 10 9 18 14 18 16 0 9 13 17 16 6 14 15 4 5 9 27
19 15 4 5 7 4 12 8 12 21 15 7 6 15 14 10 15 17 12 20 13 6 8 14 5 3 10 5 11 11 9 0 13 8 8 14 9 7 13 11 6 19
19 5 13 11 18 12 6 8 5 9 7 7 15 10 17 3 8 7 9 7 14 8 7 8 17 15 22 17 23 7 13 13 0 18 20 12 7 19 11 9 17 19
16 18 6 7 2 12 19 11 16 27 17 14 3 23 22 16 22 24 20 26 11 10 11 15 9 9 5 4 7 13 17 8 18 0 5 23 12 5 21 19 11 16
20 21 8 10 3 11 19 14 18 29 20 14 6 23 20 18 22 25 19 28 16 12 14 19 6 8 2 3 3 16 16 8 20 5 0 22 15 1 20 19 8 20
30 17 17 17 21 11 6 17 16 15 19 10 20 4 6 11 5 9 4 15 24 15 16 19 16 14 24 20 24 17 6 14 12 23 22 0 16 21 2 4 15 30
13 6 7 5 12 11 10 1 4 15 6 7 9 15 19 6 14 14 13 14 8 3 1 4 14 12 16 12 18 2 14 9 7 12 15 16 0 14 15 12 15 13
20 20 7 9 3 10 19 13 18 28 20 13 6 22 19 17 22 24 18 27 16 12 13 18 5 7 3 3 4 16 15 7 19 5 1 21 14 0 19 18 7 20
28 17 15 15 19 9 6 15 15 16 18 8 18 5 6 10 5 10 3 16 22 13 14 18 14 12 22 18 22 16 4 13 11 21 20 2 15 19 0 2 13 28
26 14 14 13 18 8 4 13 12 14 16 6 17 4 8 7 4 8 1 14 20 11 12 16 14 11 21 16 21 13 5 11 9 19 19 4 12 18 2 0 13 26
24 20 9 10 8 5 14 14 17 25 20 10 10 17 13 15 17 20 13 24 19 12 14 19 2 3 10 7 10 16 9 6 17 11 8 15 15 7 13 13 0 24
0 15 16 15 18 22 24 13 14 25 13 20 15 28 32 19 27 26 26 24 6 15 14 11 23 22 21 18 22 13 27 19 19 16 20 30 13 20 28 26 24 0
,
0 36 27 29 46 48 43 31 38 67 26 42 20 30 46 32 45 40 72 68 14 45 31 16 28 52 33 39 66 24 43 23 38 23 44 74 37 61 32 53 66 0
35 0 25 26 40 19 22 21 3 18 3 27 41 29 29 20 27 33 29 19 16 19 16 6 34 48 42 29 37 13 49 28 14 40 41 51 16 39 28 29 29 25
46 22 0 5 6 13 29 12 13 49 18 14 7 34 31 11 38 38 16 23 12 7 17 17 10 12 15 5 16 9 13 7 16 12 17 35 13 19 37 15 20 30
24 23 4 0 11 17 23 5 10 21 30 8 9 23 42 24 38 38 16 27 23 4 5 18 14 12 21 18 30 14 30 14 18 15 11 22 8 9 38 30 24 17
21 34 13 21 0 22 48 26 37 77 43 29 6 63 45 41 27 24 53 75 27 26 29 48 15 14 7 2 14 14 30 9 25 7 5 55 28 7 29 48 11 43
23 29 19 20 14 0 11 12 18 28 23 7 29 26 11 24 17 25 12 30 18 14 13 30 14 5 15 15 31 14 6 11 27 34 22 33 30 13 22 10 11 66
41 12 15 34 54 15 0 18 19 32 29 15 30 7 27 7 6 15 5 28 20 13 27 19 20 35 30 26 53 24 18 27 11 29 44 10 25 40 16 8 20 52
25 16 12 10 28 13 25 0 6 37 16 16 9 17 23 11 21 27 28 37 9 5 2 11 36 27 45 15 49 5 37 20 16 11 30 36 2 40 26 15 31 23
40 7 18 12 46 15 12 10 0 15 7 21 14 29 44 8 14 23 26 29 26 12 8 7 22 43 48 18 35 7 38 33 11 33 50 44 7 47 19 27 40 16
50 11 28 56 36 36 23 32 20 0 23 22 64 15 41 14 14 12 37 3 34 25 16 19 28 44 36 44 52 36 40 25 15 73 62 34 24 70 19 40 56 72
19 2 17 12 45 31 22 14 8 29 0 15 21 29 67 20 19 27 33 23 13 25 8 2 21 39 37 39 39 9 20 27 12 39 56 50 16 29 41 41 57 30
36 29 15 18 19 11 12 12 16 39 24 0 14 13 23 6 17 30 12 23 20 12 12 21 21 8 20 16 34 13 21 7 11 16 16 18 13 20 13 12 23 27
42 44 9 10 9 26 30 24 21 49 29 15 0 26 34 16 40 42 36 26 10 22 10 17 17 14 14 6 21 29 41 11 44 4 11 31 16 9 20 17 25 20
67 35 20 47 29 31 8 39 16 28 44 25 56 0 25 14 2 10 7 14 49 32 41 31 48 40 49 57 76 44 10 34 16 50 25 9 20 50 6 13 20 84
85 50 29 51 47 13 19 42 46 39 39 15 33 13 0 31 22 27 17 56 58 20 27 50 21 39 35 39 49 54 7 18 25 45 26 9 34 47 9 13 19 96
36 7 26 9 23 27 5 12 14 31 15 5 23 9 31 0 13 20 14 19 32 14 12 21 41 23 29 41 37 19 16 26 4 30 35 22 15 43 22 18 19 56
41 37 48 22 51 15 9 18 21 22 41 12 32 3 19 8 0 7 7 20 42 27 31 38 18 43 55 36 52 42 16 28 11 35 34 11 22 43 11 12 20 35
60 17 46 28 58 32 13 35 24 9 15 19 29 11 23 22 8 0 18 18 56 36 39 41 54 43 68 27 47 21 24 50 8 47 45 23 33 49 26 16 51 71
52 35 32 20 35 11 7 24 14 25 23 19 35 9 15 19 10 19 0 16 36 27 14 22 26 32 63 47 48 26 10 14 16 25 41 10 24 24 4 2 28 31
37 20 31 28 65 36 12 34 13 4 17 15 41 26 34 16 16 11 31 0 53 43 22 18 27 46 64 65 69 17 54 38 10 75 36 17 18 33 25 40 35 27
10 15 23 15 23 22 28 19 12 27 12 32 24 26 68 35 29 60 30 26 0 15 15 12 37 19 33 18 28 17 37 30 29 18 27 54 20 44 52 43 27 10
16 9 13 5 31 20 17 6 16 37 12 9 21 27 27 7 19 33 25 34 27 0 4 19 12 16 24 20 33 7 13 11 15 22 28 17 5 31 20 27 28 22
28 18 7 5 29 15 15 1 13 18 16 17 25 30 38 8 14 38 19 35 20 5 0 9 15 26 42 14 43 6 39 14 8 32 18 31 3 34 42 20 32 29
22 10 26 17 45 43 27 11 4 28 3 11 16 26 66 13 17 34 36 22 19 11 15 0 28 24 24 29 24 4 37 32 12 20 25 43 9 32 26 35 20 22
34 21 14 12 16 8 28 29 31 60 39 31 23 27 17 36 28 58 31 53 18 22 20 36 0 5 18 16 10 31 10 15 43 17 12 49 41 10 17 18 4 44
41 18 10 11 21 6 32 30 17 44 26 18 13 23 29 18 38 22 29 62 35 12 24 41 4 0 25 7 20 37 9 7 24 14 14 23 32 14 18 25 7 35
23 45 18 24 5 19 37 44 54 57 60 41 20 28 64 49 39 34 47 62 38 35 23 37 12 12 0 10 2 44 30 26 65 13 6 68 33 7 35 55 16 42
20 47 7 16 3 18 24 20 34 72 20 17 8 52 20 33 57 23 26 72 16 22 18 42 14 8 14 0 11 17 25 8 36 8 7 28 33 7 27 36 13 30
61 63 20 15 13 22 53 41 29 52 59 22 17 62 27 49 33 31 36 50 38 42 28 48 11 14 4 9 0 50 47 26 63 8 3 51 21 8 42 47 11 34
37 6 20 15 29 18 28 6 5 21 5 10 10 21 29 10 16 38 38 14 20 7 6 8 25 32 49 26 40 0 34 30 13 33 47 28 2 42 22 21 27 31
68 21 35 21 19 12 22 29 44 33 35 21 41 11 8 26 21 31 9 43 57 25 17 54 16 25 41 32 37 20 0 16 17 44 45 14 37 19 5 9 11 42
27 31 5 8 12 7 30 15 36 63 42 10 17 33 28 23 19 37 34 22 14 13 20 39 5 4 22 15 12 15 20 0 17 12 17 30 23 17 19 23 14 34
25 13 31 30 39 28 9 23 5 14 20 7 42 19 40 4 22 15 15 21 33 17 10 22 46 32 28 48 59 7 22 29 0 25 23 22 10 58 25 21 36 29
33 36 17 21 7 19 42 27 28 40 26 19 4 35 48 35 31 35 55 55 20 16 15 45 10 19 10 6 13 22 52 18 42 0 10 42 33 8 37 49 14 23
57 52 15 18 6 24 58 20 20 74 47 15 15 50 60 29 38 43 42 67 45 34 15 50 16 13 5 7 7 19 48 13 23 13 0 56 32 3 45 36 10 48
59 49 24 22 24 16 18 44 47 41 33 21 21 9 16 28 10 16 5 35 66 18 28 22 32 34 64 46 35 32 15 29 30 48 50 0 23 37 3 9 22 85
14 14 10 8 26 28 18 3 5 16 7 7 21 16 46 15 29 26 18 21 17 4 2 8 29 15 24 28 37 3 27 18 13 16 43 41 0 38 22 31 26 37
54 32 12 26 5 25 20 29 47 65 28 38 11 42 43 40 31 31 22 28 46 25 20 53 12 11 6 8 8 28 16 12 35 11 2 27 35 0 28 44 12 51
49 29 28 31 30 16 11 34 24 37 49 15 54 10 7 14 13 15 7 33 35 34 39 47 24 33 22 21 43 29 12 36 28 39 57 3 22 48 0 4 38 53
75 16 37 13 31 21 10 31 25 36 20 15 19 7 22 20 12 21 1 15 51 21 33 16 16 24 54 37 25 17 6 20 26 57 19 10 28 29 6 0 15 56
48 49 9 30 13 11 36 37 49 32 58 16 27 23 26 18 18 48 21 25 50 26 26 38 2 8 14 17 17 45 17 16 25 29 19 24 41 17 22 28 0 54
0 39 46 26 43 38 59 22 34 28 13 45 17 63 73 46 35 41 51 68 10 42 34 17 60 51 42 35 53 18 71 22 25 24 47 88 36 29 81 40 72 0