7
40
,
0 (5.0, 29.0) 35.0
1 (28.0, 15.0) 42.0
2 (24.0, 17.0) 61.0
3 (35.0, 7.0) 38.0
4 (36.0, 27.0) 40.0
5 (23.0, 41.0) 77.0
6 (16.0, 20.0) 35.0
7 (10.0, 27.0) 85.0
8 (3.0, 50.0) 42.0
9 (4.0, 25.0) 56.0
10 (26.0, 31.0) 64.0
11 (28.0, 9.0) 54.0
12 (26.0, 50.0) 48.0
13 (45.0, 46.0) 41.0
14 (18.0, 34.0) 54.0
15 (24.0, 48.0) 56.0
16 (15.0, 49.0) 37.0
17 (29.0, 43.0) 59.0
18 (3.0, 47.0) 62.0
19 (9.0, 8.0) 42.0
20 (21.0, 22.0) 55.0
21 (17.0, 22.0) 45.0
22 (6.0, 22.0) 31.0
23 (43.0, 18.0) 47.0
24 (38.0, 21.0) 37.0
25 (41.0, 2.0) 32.0
26 (35.0, 10.0) 47.0
27 (44.0, 2.0) 49.0
28 (12.0, 22.0) 76.0
29 (39.0, 38.0) 39.0
30 (33.0, 20.0) 44.0
31 (13.0, 36.0) 40.0
32 (31.0, 4.0) 64.0
33 (40.0, 6.0) 55.0
34 (33.0, 49.0) 42.0
35 (15.0, 22.0) 33.0
36 (40.0, 8.0) 50.0
37 (34.0, 45.0) 33.0
38 (30.0, 42.0) 88.0
39 (44.0, 21.0) 53.0
,
0 15 16 15 18 22 24 13 14 25 13 20 15 28 32 19 27 26 26 24 6 15 14 11 23 22 21 18 22 13 27 19 19 16 20 30 13 20 28 26 24 0
15 0 13 11 19 16 11 7 3 11 2 11 15 15 22 7 13 11 14 9 11 9 7 4 20 17 22 18 24 5 18 15 5 18 21 17 6 20 17 14 20 15
16 13 0 2 5 7 13 6 11 22 13 8 3 18 18 11 17 18 14 20 10 5 7 12 8 6 9 4 10 9 13 4 13 6 8 17 7 7 15 14 9 16
15 11 2 0 7 8 12 4 9 20 11 7 4 17 18 9 16 17 13 18 9 3 4 9 10 7 11 7 12 6 13 5 11 7 10 17 5 9 15 13 10 15
18 19 5 7 0 10 18 12 16 27 18 13 4 22 20 16 21 23 18 26 13 10 12 16 7 7 4 2 5 14 16 7 18 2 3 21 12 3 19 18 8 18
22 16 7 8 10 0 10 11 13 20 16 5 10 13 11 10 12 15 9 19 17 8 10 15 6 3 13 9 13 12 6 4 12 12 11 11 11 10 9 8 5 22
24 11 13 12 18 10 0 11 10 11 12 5 16 5 11 4 4 6 3 10 18 10 10 13 15 12 21 17 22 11 8 12 6 19 19 6 10 19 6 4 14 24
13 7 6 4 12 11 11 0 5 16 6 7 8 16 19 7 15 15 13 15 7 3 1 5 14 11 15 11 17 2 15 8 8 11 14 17 1 13 15 13 14 13
14 3 11 9 16 13 10 5 0 12 3 8 13 14 20 5 13 11 12 11 10 6 4 3 17 14 20 15 21 3 16 12 5 16 18 16 4 18 15 12 17 14
25 11 22 20 27 20 11 16 12 0 13 15 24 12 21 11 11 6 13 2 21 17 16 14 26 23 31 26 32 15 19 21 9 27 29 15 15 28 16 14 25 25
13 2 13 11 18 16 12 6 3 13 0 11 14 17 23 8 15 13 15 11 9 9 7 2 20 17 22 17 23 4 19 15 7 17 20 19 6 20 18 16 20 13
20 11 8 7 13 5 5 7 8 15 11 0 11 10 12 4 9 11 6 14 14 5 6 11 11 8 16 11 17 8 7 7 7 14 14 10 7 13 8 6 10 20
15 15 3 4 4 10 16 8 13 24 14 11 0 21 20 13 20 21 17 23 10 7 9 13 9 8 7 4 9 10 16 6 15 3 6 20 9 6 18 17 10 15
28 15 18 17 22 13 5 16 14 12 17 10 21 0 10 9 1 6 4 12 23 14 15 17 18 16 25 20 26 16 9 15 10 23 23 4 15 22 5 4 17 28
32 22 18 18 20 11 11 19 20 21 23 12 20 10 0 15 11 15 8 21 26 17 18 23 14 13 22 19 22 20 5 14 17 22 20 6 19 19 6 8 13 32
19 7 11 9 16 10 4 7 5 11 8 4 13 9 15 0 8 8 7 10 14 6 6 8 15 12 20 15 21 7 11 10 3 16 18 11 6 17 10 7 15 19
27 13 17 16 21 12 4 15 13 11 15 9 20 1 11 8 0 5 4 11 21 13 13 16 18 15 25 20 25 14 9 15 8 22 22 5 14 22 5 4 17 27
26 11 18 17 23 15 6 15 11 6 13 11 21 6 15 8 5 0 8 6 21 14 14 14 21 18 27 22 28 14 13 17 7 24 25 9 14 24 10 8 20 26
26 14 14 13 18 9 3 13 12 13 15 6 17 4 8 7 4 8 0 13 20 11 12 16 14 12 21 17 22 14 6 12 9 20 19 4 13 18 3 1 13 26
24 9 20 18 26 19 10 15 11 2 11 14 23 12 21 10 11 6 13 0 20 15 14 13 25 22 29 24 30 13 19 20 7 26 28 15 14 27 16 14 24 24
6 11 10 9 13 17 18 7 10 21 9 14 10 23 26 14 21 21 20 20 0 9 8 7 18 16 16 13 18 7 21 13 14 11 16 24 8 16 22 20 19 6
15 9 5 3 10 8 10 3 6 17 9 5 7 14 17 6 13 14 11 15 9 0 2 8 11 9 14 9 15 4 12 6 8 10 12 15 3 12 13 11 12 15
14 7 7 4 12 10 10 1 4 16 7 6 9 15 18 6 13 14 12 14 8 2 0 6 13 11 16 11 17 2 14 8 7 11 14 16 1 13 14 12 14 14
11 4 12 9 16 15 13 5 3 14 2 11 13 17 23 8 16 14 16 13 7 8 6 0 19 16 20 16 21 3 18 14 8 15 19 19 4 18 18 16 19 11
23 20 8 10 7 6 15 14 17 26 20 11 9 18 14 15 18 21 14 25 18 11 13 19 0 3 8 6 8 16 10 5 17 9 6 16 14 5 14 14 2 23
22 17 6 7 7 3 12 11 14 23 17 8 8 16 13 12 15 18 12 22 16 9 11 16 3 0 10 6 10 13 9 3 15 9 8 14 12 7 12 11 3 22
21 22 9 11 4 13 21 15 20 31 22 16 7 25 22 20 25 27 21 29 16 14 16 20 8 10 0 5 2 18 18 10 22 5 2 24 16 3 22 21 10 21
18 18 4 7 2 9 17 11 15 26 17 11 4 20 19 15 20 22 17 24 13 9 11 16 6 6 5 0 6 13 14 5 17 4 3 20 12 3 18 16 7 18
22 24 10 12 5 13 22 17 21 32 23 17 9 26 22 21 25 28 22 30 18 15 17 21 8 10 2 6 0 19 18 11 23 7 3 24 18 4 22 21 10 22
13 5 9 6 14 12 11 2 3 15 4 8 10 16 20 7 14 14 14 13 7 4 2 3 16 13 18 13 19 0 16 11 7 13 16 17 2 16 16 13 16 13
27 18 13 13 16 6 8 15 16 19 19 7 16 9 5 11 9 13 6 19 21 12 14 18 10 9 18 14 18 16 0 9 13 17 16 6 14 15 4 5 9 27
19 15 4 5 7 4 12 8 12 21 15 7 6 15 14 10 15 17 12 20 13 6 8 14 5 3 10 5 11 11 9 0 13 8 8 14 9 7 13 11 6 19
19 5 13 11 18 12 6 8 5 9 7 7 15 10 17 3 8 7 9 7 14 8 7 8 17 15 22 17 23 7 13 13 0 18 20 12 7 19 11 9 17 19
16 18 6 7 2 12 19 11 16 27 17 14 3 23 22 16 22 24 20 26 11 10 11 15 9 9 5 4 7 13 17 8 18 0 5 23 12 5 21 19 11 16
20 21 8 10 3 11 19 14 18 29 20 14 6 23 20 18 22 25 19 28 16 12 14 19 6 8 2 3 3 16 16 8 20 5 0 22 15 1 20 19 8 20
30 17 17 17 21 11 6 17 16 15 19 10 20 4 6 11 5 9 4 15 24 15 16 19 16 14 24 20 24 17 6 14 12 23 22 0 16 21 2 4 15 30
13 6 7 5 12 11 10 1 4 15 6 7 9 15 19 6 14 14 13 14 8 3 1 4 14 12 16 12 18 2 14 9 7 12 15 16 0 14 15 12 15 13
20 20 7 9 3 10 19 13 18 28 20 13 6 22 19 17 22 24 18 27 16 12 13 18 5 7 3 3 4 16 15 7 19 5 1 21 14 0 19 18 7 20
28 17 15 15 19 9 6 15 15 16 18 8 18 5 6 10 5 10 3 16 22 13 14 18 14 12 22 18 22 16 4 13 11 21 20 2 15 19 0 2 13 28
26 14 14 13 18 8 4 13 12 14 16 6 17 4 8 7 4 8 1 14 20 11 12 16 14 11 21 16 21 13 5 11 9 19 19 4 12 18 2 0 13 26
24 20 9 10 8 5 14 14 17 25 20 10 10 17 13 15 17 20 13 24 19 12 14 19 2 3 10 7 10 16 9 6 17 11 8 15 15 7 13 13 0 24
0 15 16 15 18 22 24 13 14 25 13 20 15 28 32 19 27 26 26 24 6 15 14 11 23 22 21 18 22 13 27 19 19 16 20 30 13 20 28 26 24 0
,
0 31 27 39 41 45 42 36 21 40 30 44 32 58 61 52 51 76 73 48 15 40 27 14 69 23 30 46 64 24 49 33 42 42 48 62 38 55 64 72 53 0
30 0 37 32 37 42 32 12 7 30 5 13 27 32 49 21 40 16 18 12 23 12 17 7 30 44 43 46 48 8 34 22 11 46 51 30 10 51 46 19 45 16
40 17 0 5 7 15 20 16 27 52 24 18 6 40 44 11 43 32 28 33 20 14 20 16 18 14 16 12 30 13 37 4 14 8 18 33 14 19 43 26 25 18
35 18 5 0 11 19 32 7 21 33 11 18 9 19 44 24 21 33 30 50 10 7 10 13 20 8 30 9 13 11 28 12 29 13 12 29 7 21 16 14 21 42
19 22 16 18 0 14 37 26 22 45 23 28 11 59 58 32 52 39 43 73 13 22 26 28 8 18 8 4 6 28 30 18 43 6 3 48 14 5 55 33 10 36
67 41 11 9 24 0 26 22 18 44 27 12 19 18 31 25 36 34 21 52 39 19 13 33 14 6 15 18 23 17 13 7 28 34 27 19 20 21 14 11 11 67
34 17 29 28 22 24 0 28 29 30 31 7 46 8 23 11 9 15 4 30 49 13 13 26 39 18 34 23 42 12 13 32 12 29 36 13 17 27 15 5 36 39
25 13 19 12 20 29 15 0 8 41 19 18 24 40 57 17 39 33 28 39 12 5 3 10 16 14 34 20 18 4 35 21 12 29 18 37 2 30 29 28 37 38
18 7 21 10 24 14 15 6 0 16 6 24 36 31 37 15 28 21 24 15 11 15 10 7 47 20 37 30 53 6 42 29 7 41 19 39 9 36 40 13 42 15
35 13 46 50 54 58 21 40 33 0 21 18 62 15 60 27 22 11 40 2 44 23 26 14 65 64 82 57 92 39 27 31 12 60 46 18 30 56 26 20 62 52
36 4 29 15 37 43 32 7 5 15 0 15 34 32 65 16 19 38 20 17 12 22 18 4 49 30 35 21 37 7 20 16 9 46 41 37 12 28 30 37 46 31
54 30 19 7 22 15 15 8 22 30 27 0 23 11 16 10 18 27 16 41 18 14 17 15 15 14 34 22 26 11 14 9 12 27 27 10 19 36 18 8 27 39
19 32 8 13 5 15 19 14 35 70 35 31 0 31 24 27 56 53 49 53 20 17 16 13 23 9 13 5 21 12 29 12 28 8 9 27 20 6 47 32 26 43
69 36 35 41 60 29 7 47 27 23 29 20 34 0 12 17 3 15 10 29 23 23 37 39 31 33 58 52 55 41 15 43 16 25 50 8 37 62 13 9 49 50
64 54 35 46 56 26 16 43 48 62 63 30 39 19 0 42 31 22 16 50 36 39 55 60 27 31 58 26 65 41 14 34 29 34 34 17 47 20 11 20 34 34
37 12 13 17 21 21 10 21 16 14 13 7 16 22 20 0 17 18 11 14 35 13 11 10 21 32 25 42 29 13 32 23 8 36 50 32 17 33 26 9 37 34
69 37 28 29 51 12 8 38 23 11 41 23 29 4 30 19 0 7 7 23 62 28 38 26 44 45 43 59 64 22 24 28 20 64 52 5 41 59 6 9 24 38
69 29 53 41 52 21 10 24 29 11 22 13 50 14 21 10 9 0 15 12 60 40 35 40 25 40 72 55 67 28 38 20 17 34 52 12 14 29 29 22 36 36
68 32 32 18 49 23 9 36 23 29 35 12 44 9 12 15 5 12 0 20 33 20 24 39 30 31 39 46 51 21 7 29 18 53 34 4 21 24 5 1 37 55
60 12 59 22 34 24 26 40 27 4 12 20 65 17 49 10 12 14 27 0 50 18 22 19 70 22 59 54 46 27 33 35 13 76 81 31 40 40 31 26 61 47
13 17 13 16 23 47 44 8 17 22 10 26 27 44 53 32 48 43 56 42 0 20 16 19 35 18 37 31 43 18 42 29 34 15 39 48 13 43 54 55 47 13
18 18 11 7 19 19 19 5 9 48 12 10 16 31 18 14 33 40 18 39 10 0 6 19 30 21 27 18 37 12 26 11 18 27 29 17 4 18 18 27 31 34
28 8 9 12 27 13 26 1 8 34 14 16 19 27 44 11 28 17 17 31 9 4 0 10 26 19 18 13 37 3 17 21 12 28 20 27 2 19 23 13 25 41
34 7 19 14 42 32 25 10 4 22 3 14 34 35 45 25 40 18 28 30 9 13 11 0 21 30 58 37 43 6 28 27 22 31 31 29 11 37 52 18 40 14
48 27 14 21 18 12 36 17 34 53 31 32 13 24 37 25 36 31 41 49 26 31 20 19 0 7 14 17 9 42 27 15 34 21 11 40 14 11 22 37 3 37
63 23 9 14 17 5 15 31 36 58 37 13 13 17 19 34 27 36 13 57 45 17 29 18 4 0 11 13 17 24 22 3 16 23 16 29 21 19 22 17 7 26
29 26 10 18 7 25 61 37 49 32 50 20 21 68 64 32 33 75 28 54 39 16 22 48 21 12 0 12 3 48 51 18 26 5 6 54 49 5 61 30 23 46
54 37 12 8 2 10 44 20 30 31 22 30 9 26 26 32 35 63 30 25 29 14 19 41 7 8 12 0 18 37 42 7 45 10 8 38 24 6 31 40 16 43
30 37 16 14 11 31 61 21 31 81 43 46 22 58 43 41 47 45 53 73 32 23 26 48 17 25 4 15 0 52 53 22 39 12 6 27 18 10 38 27 12 37
17 5 17 16 32 16 19 6 6 21 12 8 15 31 22 17 22 37 34 33 11 11 4 9 18 15 38 29 52 0 30 20 16 33 31 31 4 21 36 22 35 31
44 23 16 23 34 13 23 33 40 30 20 15 31 14 11 25 17 22 14 54 38 32 26 48 13 13 22 30 33 41 0 13 39 19 34 15 37 28 11 13 18 55
40 23 8 6 10 6 35 19 24 48 23 8 11 42 21 15 38 43 35 49 24 14 18 29 11 3 14 5 16 24 14 0 33 10 11 40 11 12 17 12 8 44
51 10 37 15 46 34 17 24 13 16 9 16 45 11 28 8 16 17 16 17 41 14 20 8 25 18 64 33 61 12 37 19 0 24 35 14 16 23 33 17 36 39
29 54 10 12 6 30 45 21 17 32 30 30 8 29 28 17 46 43 24 59 15 28 32 25 26 15 8 10 14 15 45 22 22 0 8 33 23 12 53 51 24 40
40 32 15 12 6 21 46 30 45 38 43 19 10 39 48 22 67 62 33 73 29 20 23 50 10 19 3 9 8 41 32 13 56 7 0 64 20 1 30 46 21 23
37 18 32 36 48 30 17 48 30 42 43 18 42 4 13 26 6 9 10 18 39 28 31 42 47 22 44 26 56 39 11 21 33 47 55 0 46 41 3 9 41 72
40 13 15 14 30 25 14 3 5 22 6 15 11 41 40 9 18 29 35 32 12 6 3 7 22 15 35 16 35 2 43 18 18 34 24 33 0 28 33 35 40 18
57 46 9 14 5 17 34 38 53 51 57 39 11 61 44 35 61 60 24 49 39 27 40 41 12 18 9 3 6 23 32 11 58 11 1 49 23 0 24 41 11 43
59 33 40 22 25 12 11 31 28 35 30 15 37 7 9 14 12 14 5 27 53 22 30 50 28 34 65 42 44 28 7 16 29 38 34 6 38 38 0 6 38 53
77 39 25 33 42 16 4 20 15 41 19 8 27 8 18 18 9 19 1 41 41 22 32 41 30 30 61 23 57 38 9 18 21 57 19 4 35 25 6 0 24 44
67 50 17 29 15 9 21 32 44 45 43 11 14 30 25 37 49 38 30 70 43 26 36 32 2 4 24 14 15 16 26 12 29 12 13 17 32 15 15 32 0 69
0 33 45 23 36 23 48 37 21 69 18 37 29 67 43 29 73 76 42 33 8 44 37 32 36 45 24 30 61 15 71 44 37 45 55 83 36 30 35 65 54 0