7
40
,
0 (5.0, 29.0) 54.0
1 (28.0, 15.0) 57.0
2 (24.0, 17.0) 68.0
3 (35.0, 7.0) 82.0
4 (36.0, 27.0) 35.0
5 (23.0, 41.0) 55.0
6 (16.0, 20.0) 33.0
7 (10.0, 27.0) 45.0
8 (3.0, 50.0) 40.0
9 (4.0, 25.0) 33.0
10 (26.0, 31.0) 69.0
11 (28.0, 9.0) 56.0
12 (26.0, 50.0) 71.0
13 (45.0, 46.0) 37.0
14 (18.0, 34.0) 47.0
15 (24.0, 48.0) 55.0
16 (15.0, 49.0) 75.0
17 (29.0, 43.0) 40.0
18 (3.0, 47.0) 38.0
19 (9.0, 8.0) 37.0
20 (21.0, 22.0) 72.0
21 (17.0, 22.0) 70.0
22 (6.0, 22.0) 63.0
23 (43.0, 18.0) 90.0
24 (38.0, 21.0) 34.0
25 (41.0, 2.0) 83.0
26 (35.0, 10.0) 36.0
27 (44.0, 2.0) 32.0
28 (12.0, 22.0) 65.0
29 (39.0, 38.0) 89.0
30 (33.0, 20.0) 32.0
31 (13.0, 36.0) 61.0
32 (31.0, 4.0) 37.0
33 (40.0, 6.0) 86.0
34 (33.0, 49.0) 59.0
35 (15.0, 22.0) 62.0
36 (40.0, 8.0) 90.0
37 (34.0, 45.0) 64.0
38 (30.0, 42.0) 88.0
39 (44.0, 21.0) 54.0
,
0 15 16 15 18 22 24 13 14 25 13 20 15 28 32 19 27 26 26 24 6 15 14 11 23 22 21 18 22 13 27 19 19 16 20 30 13 20 28 26 24 0
15 0 13 11 19 16 11 7 3 11 2 11 15 15 22 7 13 11 14 9 11 9 7 4 20 17 22 18 24 5 18 15 5 18 21 17 6 20 17 14 20 15
16 13 0 2 5 7 13 6 11 22 13 8 3 18 18 11 17 18 14 20 10 5 7 12 8 6 9 4 10 9 13 4 13 6 8 17 7 7 15 14 9 16
15 11 2 0 7 8 12 4 9 20 11 7 4 17 18 9 16 17 13 18 9 3 4 9 10 7 11 7 12 6 13 5 11 7 10 17 5 9 15 13 10 15
18 19 5 7 0 10 18 12 16 27 18 13 4 22 20 16 21 23 18 26 13 10 12 16 7 7 4 2 5 14 16 7 18 2 3 21 12 3 19 18 8 18
22 16 7 8 10 0 10 11 13 20 16 5 10 13 11 10 12 15 9 19 17 8 10 15 6 3 13 9 13 12 6 4 12 12 11 11 11 10 9 8 5 22
24 11 13 12 18 10 0 11 10 11 12 5 16 5 11 4 4 6 3 10 18 10 10 13 15 12 21 17 22 11 8 12 6 19 19 6 10 19 6 4 14 24
13 7 6 4 12 11 11 0 5 16 6 7 8 16 19 7 15 15 13 15 7 3 1 5 14 11 15 11 17 2 15 8 8 11 14 17 1 13 15 13 14 13
14 3 11 9 16 13 10 5 0 12 3 8 13 14 20 5 13 11 12 11 10 6 4 3 17 14 20 15 21 3 16 12 5 16 18 16 4 18 15 12 17 14
25 11 22 20 27 20 11 16 12 0 13 15 24 12 21 11 11 6 13 2 21 17 16 14 26 23 31 26 32 15 19 21 9 27 29 15 15 28 16 14 25 25
13 2 13 11 18 16 12 6 3 13 0 11 14 17 23 8 15 13 15 11 9 9 7 2 20 17 22 17 23 4 19 15 7 17 20 19 6 20 18 16 20 13
20 11 8 7 13 5 5 7 8 15 11 0 11 10 12 4 9 11 6 14 14 5 6 11 11 8 16 11 17 8 7 7 7 14 14 10 7 13 8 6 10 20
15 15 3 4 4 10 16 8 13 24 14 11 0 21 20 13 20 21 17 23 10 7 9 13 9 8 7 4 9 10 16 6 15 3 6 20 9 6 18 17 10 15
28 15 18 17 22 13 5 16 14 12 17 10 21 0 10 9 1 6 4 12 23 14 15 17 18 16 25 20 26 16 9 15 10 23 23 4 15 22 5 4 17 28
32 22 18 18 20 11 11 19 20 21 23 12 20 10 0 15 11 15 8 21 26 17 18 23 14 13 22 19 22 20 5 14 17 22 20 6 19 19 6 8 13 32
19 7 11 9 16 10 4 7 5 11 8 4 13 9 15 0 8 8 7 10 14 6 6 8 15 12 20 15 21 7 11 10 3 16 18 11 6 17 10 7 15 19
27 13 17 16 21 12 4 15 13 11 15 9 20 1 11 8 0 5 4 11 21 13 13 16 18 15 25 20 25 14 9 15 8 22 22 5 14 22 5 4 17 27
26 11 18 17 23 15 6 15 11 6 13 11 21 6 15 8 5 0 8 6 21 14 14 14 21 18 27 22 28 14 13 17 7 24 25 9 14 24 10 8 20 26
26 14 14 13 18 9 3 13 12 13 15 6 17 4 8 7 4 8 0 13 20 11 12 16 14 12 21 17 22 14 6 12 9 20 19 4 13 18 3 1 13 26
24 9 20 18 26 19 10 15 11 2 11 14 23 12 21 10 11 6 13 0 20 15 14 13 25 22 29 24 30 13 19 20 7 26 28 15 14 27 16 14 24 24
6 11 10 9 13 17 18 7 10 21 9 14 10 23 26 14 21 21 20 20 0 9 8 7 18 16 16 13 18 7 21 13 14 11 16 24 8 16 22 20 19 6
15 9 5 3 10 8 10 3 6 17 9 5 7 14 17 6 13 14 11 15 9 0 2 8 11 9 14 9 15 4 12 6 8 10 12 15 3 12 13 11 12 15
14 7 7 4 12 10 10 1 4 16 7 6 9 15 18 6 13 14 12 14 8 2 0 6 13 11 16 11 17 2 14 8 7 11 14 16 1 13 14 12 14 14
11 4 12 9 16 15 13 5 3 14 2 11 13 17 23 8 16 14 16 13 7 8 6 0 19 16 20 16 21 3 18 14 8 15 19 19 4 18 18 16 19 11
23 20 8 10 7 6 15 14 17 26 20 11 9 18 14 15 18 21 14 25 18 11 13 19 0 3 8 6 8 16 10 5 17 9 6 16 14 5 14 14 2 23
22 17 6 7 7 3 12 11 14 23 17 8 8 16 13 12 15 18 12 22 16 9 11 16 3 0 10 6 10 13 9 3 15 9 8 14 12 7 12 11 3 22
21 22 9 11 4 13 21 15 20 31 22 16 7 25 22 20 25 27 21 29 16 14 16 20 8 10 0 5 2 18 18 10 22 5 2 24 16 3 22 21 10 21
18 18 4 7 2 9 17 11 15 26 17 11 4 20 19 15 20 22 17 24 13 9 11 16 6 6 5 0 6 13 14 5 17 4 3 20 12 3 18 16 7 18
22 24 10 12 5 13 22 17 21 32 23 17 9 26 22 21 25 28 22 30 18 15 17 21 8 10 2 6 0 19 18 11 23 7 3 24 18 4 22 21 10 22
13 5 9 6 14 12 11 2 3 15 4 8 10 16 20 7 14 14 14 13 7 4 2 3 16 13 18 13 19 0 16 11 7 13 16 17 2 16 16 13 16 13
27 18 13 13 16 6 8 15 16 19 19 7 16 9 5 11 9 13 6 19 21 12 14 18 10 9 18 14 18 16 0 9 13 17 16 6 14 15 4 5 9 27
19 15 4 5 7 4 12 8 12 21 15 7 6 15 14 10 15 17 12 20 13 6 8 14 5 3 10 5 11 11 9 0 13 8 8 14 9 7 13 11 6 19
19 5 13 11 18 12 6 8 5 9 7 7 15 10 17 3 8 7 9 7 14 8 7 8 17 15 22 17 23 7 13 13 0 18 20 12 7 19 11 9 17 19
16 18 6 7 2 12 19 11 16 27 17 14 3 23 22 16 22 24 20 26 11 10 11 15 9 9 5 4 7 13 17 8 18 0 5 23 12 5 21 19 11 16
20 21 8 10 3 11 19 14 18 29 20 14 6 23 20 18 22 25 19 28 16 12 14 19 6 8 2 3 3 16 16 8 20 5 0 22 15 1 20 19 8 20
30 17 17 17 21 11 6 17 16 15 19 10 20 4 6 11 5 9 4 15 24 15 16 19 16 14 24 20 24 17 6 14 12 23 22 0 16 21 2 4 15 30
13 6 7 5 12 11 10 1 4 15 6 7 9 15 19 6 14 14 13 14 8 3 1 4 14 12 16 12 18 2 14 9 7 12 15 16 0 14 15 12 15 13
20 20 7 9 3 10 19 13 18 28 20 13 6 22 19 17 22 24 18 27 16 12 13 18 5 7 3 3 4 16 15 7 19 5 1 21 14 0 19 18 7 20
28 17 15 15 19 9 6 15 15 16 18 8 18 5 6 10 5 10 3 16 22 13 14 18 14 12 22 18 22 16 4 13 11 21 20 2 15 19 0 2 13 28
26 14 14 13 18 8 4 13 12 14 16 6 17 4 8 7 4 8 1 14 20 11 12 16 14 11 21 16 21 13 5 11 9 19 19 4 12 18 2 0 13 26
24 20 9 10 8 5 14 14 17 25 20 10 10 17 13 15 17 20 13 24 19 12 14 19 2 3 10 7 10 16 9 6 17 11 8 15 15 7 13 13 0 24
0 15 16 15 18 22 24 13 14 25 13 20 15 28 32 19 27 26 26 24 6 15 14 11 23 22 21 18 22 13 27 19 19 16 20 30 13 20 28 26 24 0
,
0 44 38 34 30 30 66 30 19 37 31 55 32 35 33 44 51 39 31 26 7 25 32 28 39 65 46 44 29 25 70 32 39 22 46 78 36 39 73 43 30 0
35 0 31 32 55 19 25 14 6 14 5 30 29 33 33 17 15 17 26 21 28 20 21 8 34 43 31 42 38 9 20 24 10 22 40 39 12 33 44 30 38 42
37 30 0 3 7 18 23 17 12 25 15 21 6 52 27 17 41 32 17 37 12 14 19 30 10 6 26 11 24 15 21 7 18 10 19 24 9 20 29 25 11 43
34 23 5 0 11 14 28 10 24 45 27 18 12 29 47 13 31 48 29 45 22 5 7 17 22 12 24 15 20 10 31 8 16 10 19 23 12 17 24 28 11 41
48 20 12 12 0 29 35 15 29 63 52 35 10 46 23 43 29 56 48 38 32 22 32 37 15 11 6 2 8 15 43 9 48 6 5 31 23 4 56 33 20 29
32 31 16 14 16 0 16 12 31 26 17 11 27 21 20 14 29 24 22 52 44 13 26 37 10 7 25 24 28 37 11 6 16 17 27 20 21 24 21 8 6 49
39 16 27 13 19 28 0 26 14 32 13 6 18 9 31 10 11 14 4 21 25 15 23 37 46 24 47 42 26 20 23 15 16 51 51 18 15 47 7 10 25 51
31 18 9 9 15 27 27 0 13 30 19 12 22 27 33 20 21 39 13 43 10 3 2 12 31 17 43 18 34 5 19 18 8 28 28 18 1 38 26 36 23 27
21 7 24 16 40 16 23 9 0 33 8 19 36 23 45 6 35 24 29 15 16 14 4 6 43 27 48 27 53 5 27 16 14 44 22 31 6 47 29 31 32 35
63 12 57 42 58 29 32 46 17 0 17 36 52 24 26 15 31 12 17 2 23 19 42 25 77 61 64 34 60 23 39 60 12 79 69 20 35 42 40 36 74 34
21 6 36 18 38 41 21 13 8 18 0 26 38 34 34 24 18 29 29 25 10 19 7 2 29 46 25 30 43 10 41 30 14 34 34 42 14 48 45 26 54 28
44 21 13 8 14 11 12 14 10 16 16 0 33 13 26 11 23 28 7 27 35 12 15 22 29 8 17 31 30 22 15 17 18 20 23 11 15 32 20 9 24 28
28 28 5 7 10 10 34 9 21 39 27 25 0 56 42 29 21 30 47 49 27 17 20 27 25 23 8 9 18 17 37 9 45 3 7 37 16 14 43 25 18 22
69 42 47 34 24 21 8 45 39 25 17 25 30 0 13 9 4 7 11 14 55 32 39 31 33 21 58 21 44 26 24 20 28 28 42 10 31 45 7 11 37 28
42 34 50 41 38 13 24 44 26 38 28 31 36 19 0 17 31 36 11 54 33 37 51 24 23 34 44 47 30 39 10 17 40 36 57 12 38 34 12 9 30 92
53 17 17 27 27 20 6 9 9 20 17 11 22 10 32 0 21 9 20 28 35 16 10 24 31 34 47 40 40 17 30 26 4 18 49 21 8 48 12 16 18 24
61 40 43 38 52 30 6 24 37 27 25 13 46 2 30 13 0 12 4 24 62 24 14 36 41 28 57 29 72 23 26 36 15 37 66 8 28 57 11 5 42 45
47 29 49 48 23 18 8 21 21 11 28 13 50 9 27 20 12 0 9 14 33 35 22 15 24 39 52 62 35 30 28 25 18 48 31 11 35 69 25 13 60 53
51 41 34 17 21 21 9 34 35 19 28 6 36 5 18 7 4 11 0 21 54 14 31 29 17 18 28 28 58 22 15 27 10 25 24 7 14 20 6 1 14 32
43 17 58 53 30 25 30 26 16 2 20 17 23 24 62 14 18 6 15 0 24 30 37 32 53 44 49 33 77 22 21 56 11 57 33 32 16 68 28 27 47 44
16 25 23 13 32 34 32 19 20 46 27 36 28 61 49 39 47 31 33 58 0 16 18 12 23 38 42 39 26 8 60 14 33 30 43 64 8 18 66 52 38 10
32 21 9 5 13 15 10 7 11 26 13 9 17 38 27 10 21 27 33 35 22 0 6 10 28 17 20 24 32 10 18 6 23 28 19 18 7 24 39 18 31 21
30 15 13 5 31 25 12 3 10 33 14 18 20 40 51 10 21 25 36 32 18 5 0 10 33 16 44 21 32 5 28 20 14 17 18 34 3 30 15 35 31 26
16 8 19 26 22 43 28 12 5 15 4 28 33 41 61 15 19 41 45 25 14 21 16 0 37 25 29 41 33 7 29 37 10 20 48 50 13 41 41 35 20 19
27 33 23 24 8 14 17 32 47 34 39 27 20 40 40 20 25 29 25 29 30 25 16 35 0 8 19 12 15 16 25 12 51 19 14 42 26 9 23 17 3 67
59 28 12 18 10 8 35 32 40 32 22 8 16 21 27 25 26 40 13 50 18 15 20 27 8 0 24 17 26 17 9 6 26 17 19 24 17 14 31 20 5 39
26 51 25 18 9 23 50 24 34 78 47 27 9 45 34 29 31 68 48 80 33 32 36 49 17 13 0 6 4 51 32 17 40 6 4 26 17 8 64 59 20 28
53 24 9 16 3 18 39 17 26 65 50 20 6 46 24 31 45 26 39 72 27 16 30 16 16 15 14 0 8 22 42 7 17 11 4 43 25 6 46 28 16 33
51 29 15 31 13 29 53 40 60 66 42 47 26 61 57 61 69 74 38 43 45 20 42 64 24 22 4 14 0 19 26 18 42 8 6 62 28 4 26 51 16 52
14 15 24 16 15 27 30 6 6 33 7 19 20 40 40 19 30 35 31 24 14 12 7 5 18 31 45 18 33 0 25 24 9 15 41 49 4 33 37 31 18 15
32 48 32 18 21 13 11 22 39 54 54 16 29 21 10 11 22 21 10 44 29 20 16 47 24 11 41 23 33 25 0 24 23 46 24 11 24 44 11 13 11 58
23 37 6 11 19 7 33 12 32 29 19 8 8 41 32 12 42 20 15 42 33 14 12 22 8 3 22 10 14 17 10 0 30 14 10 34 19 19 15 17 13 40
23 10 16 13 28 25 7 24 12 23 21 9 43 27 17 3 12 19 26 21 30 20 11 19 36 43 23 36 58 15 28 16 0 45 40 25 17 22 20 17 42 44
18 22 12 10 4 34 31 23 30 68 43 35 9 26 46 23 25 41 50 64 30 12 13 19 17 12 13 9 14 31 47 10 33 0 8 57 12 8 47 54 29 18
58 22 14 23 5 25 57 21 35 81 20 31 9 33 55 40 26 59 20 77 39 26 22 53 6 10 4 6 8 27 32 13 27 14 0 43 31 1 54 27 19 22
53 44 49 21 40 13 8 28 26 39 52 13 59 9 16 31 9 12 4 17 32 27 43 37 43 29 70 20 44 41 12 20 30 54 51 0 41 23 6 8 27 86
24 17 17 12 14 16 26 3 10 34 14 18 14 39 49 7 39 28 23 27 19 5 2 5 15 24 22 32 32 3 36 12 13 14 35 48 0 29 44 25 42 34
40 36 7 20 4 13 33 39 53 55 26 35 14 52 29 34 36 46 42 57 45 24 28 35 10 10 7 3 6 26 20 10 38 10 3 30 26 0 21 33 18 30
79 37 36 17 24 16 15 34 26 39 29 13 25 8 15 14 10 29 6 20 52 30 16 51 38 34 61 50 48 39 6 37 20 28 26 3 26 23 0 6 16 28
74 29 37 38 35 22 6 38 20 29 43 10 40 8 13 19 10 24 2 20 55 12 33 33 29 31 22 37 61 15 12 25 15 44 31 5 25 52 6 0 20 76
55 58 9 27 16 15 15 27 19 28 24 22 21 20 34 20 20 57 13 31 24 22 37 38 3 4 15 10 27 37 26 8 33 31 10 30 17 16 14 20 0 58
0 36 28 34 35 43 53 17 17 51 24 56 25 40 58 39 79 59 67 29 9 19 28 26 61 64 25 24 65 17 48 34 21 43 57 74 16 34 49 59 54 0