7
40
,
0 (5.0, 29.0) 42.0
1 (28.0, 15.0) 33.0
2 (24.0, 17.0) 33.0
3 (35.0, 7.0) 80.0
4 (36.0, 27.0) 85.0
5 (23.0, 41.0) 54.0
6 (16.0, 20.0) 37.0
7 (10.0, 27.0) 52.0
8 (3.0, 50.0) 80.0
9 (4.0, 25.0) 40.0
10 (26.0, 31.0) 43.0
11 (28.0, 9.0) 42.0
12 (26.0, 50.0) 75.0
13 (45.0, 46.0) 47.0
14 (18.0, 34.0) 52.0
15 (24.0, 48.0) 86.0
16 (15.0, 49.0) 39.0
17 (29.0, 43.0) 88.0
18 (3.0, 47.0) 61.0
19 (9.0, 8.0) 30.0
20 (21.0, 22.0) 45.0
21 (17.0, 22.0) 89.0
22 (6.0, 22.0) 75.0
23 (43.0, 18.0) 33.0
24 (38.0, 21.0) 38.0
25 (41.0, 2.0) 31.0
26 (35.0, 10.0) 45.0
27 (44.0, 2.0) 52.0
28 (12.0, 22.0) 67.0
29 (39.0, 38.0) 89.0
30 (33.0, 20.0) 75.0
31 (13.0, 36.0) 31.0
32 (31.0, 4.0) 84.0
33 (40.0, 6.0) 38.0
34 (33.0, 49.0) 69.0
35 (15.0, 22.0) 79.0
36 (40.0, 8.0) 59.0
37 (34.0, 45.0) 55.0
38 (30.0, 42.0) 30.0
39 (44.0, 21.0) 67.0
,
0 15 16 15 18 22 24 13 14 25 13 20 15 28 32 19 27 26 26 24 6 15 14 11 23 22 21 18 22 13 27 19 19 16 20 30 13 20 28 26 24 0
15 0 13 11 19 16 11 7 3 11 2 11 15 15 22 7 13 11 14 9 11 9 7 4 20 17 22 18 24 5 18 15 5 18 21 17 6 20 17 14 20 15
16 13 0 2 5 7 13 6 11 22 13 8 3 18 18 11 17 18 14 20 10 5 7 12 8 6 9 4 10 9 13 4 13 6 8 17 7 7 15 14 9 16
15 11 2 0 7 8 12 4 9 20 11 7 4 17 18 9 16 17 13 18 9 3 4 9 10 7 11 7 12 6 13 5 11 7 10 17 5 9 15 13 10 15
18 19 5 7 0 10 18 12 16 27 18 13 4 22 20 16 21 23 18 26 13 10 12 16 7 7 4 2 5 14 16 7 18 2 3 21 12 3 19 18 8 18
22 16 7 8 10 0 10 11 13 20 16 5 10 13 11 10 12 15 9 19 17 8 10 15 6 3 13 9 13 12 6 4 12 12 11 11 11 10 9 8 5 22
24 11 13 12 18 10 0 11 10 11 12 5 16 5 11 4 4 6 3 10 18 10 10 13 15 12 21 17 22 11 8 12 6 19 19 6 10 19 6 4 14 24
13 7 6 4 12 11 11 0 5 16 6 7 8 16 19 7 15 15 13 15 7 3 1 5 14 11 15 11 17 2 15 8 8 11 14 17 1 13 15 13 14 13
14 3 11 9 16 13 10 5 0 12 3 8 13 14 20 5 13 11 12 11 10 6 4 3 17 14 20 15 21 3 16 12 5 16 18 16 4 18 15 12 17 14
25 11 22 20 27 20 11 16 12 0 13 15 24 12 21 11 11 6 13 2 21 17 16 14 26 23 31 26 32 15 19 21 9 27 29 15 15 28 16 14 25 25
13 2 13 11 18 16 12 6 3 13 0 11 14 17 23 8 15 13 15 11 9 9 7 2 20 17 22 17 23 4 19 15 7 17 20 19 6 20 18 16 20 13
20 11 8 7 13 5 5 7 8 15 11 0 11 10 12 4 9 11 6 14 14 5 6 11 11 8 16 11 17 8 7 7 7 14 14 10 7 13 8 6 10 20
15 15 3 4 4 10 16 8 13 24 14 11 0 21 20 13 20 21 17 23 10 7 9 13 9 8 7 4 9 10 16 6 15 3 6 20 9 6 18 17 10 15
28 15 18 17 22 13 5 16 14 12 17 10 21 0 10 9 1 6 4 12 23 14 15 17 18 16 25 20 26 16 9 15 10 23 23 4 15 22 5 4 17 28
32 22 18 18 20 11 11 19 20 21 23 12 20 10 0 15 11 15 8 21 26 17 18 23 14 13 22 19 22 20 5 14 17 22 20 6 19 19 6 8 13 32
19 7 11 9 16 10 4 7 5 11 8 4 13 9 15 0 8 8 7 10 14 6 6 8 15 12 20 15 21 7 11 10 3 16 18 11 6 17 10 7 15 19
27 13 17 16 21 12 4 15 13 11 15 9 20 1 11 8 0 5 4 11 21 13 13 16 18 15 25 20 25 14 9 15 8 22 22 5 14 22 5 4 17 27
26 11 18 17 23 15 6 15 11 6 13 11 21 6 15 8 5 0 8 6 21 14 14 14 21 18 27 22 28 14 13 17 7 24 25 9 14 24 10 8 20 26
26 14 14 13 18 9 3 13 12 13 15 6 17 4 8 7 4 8 0 13 20 11 12 16 14 12 21 17 22 14 6 12 9 20 19 4 13 18 3 1 13 26
24 9 20 18 26 19 10 15 11 2 11 14 23 12 21 10 11 6 13 0 20 15 14 13 25 22 29 24 30 13 19 20 7 26 28 15 14 27 16 14 24 24
6 11 10 9 13 17 18 7 10 21 9 14 10 23 26 14 21 21 20 20 0 9 8 7 18 16 16 13 18 7 21 13 14 11 16 24 8 16 22 20 19 6
15 9 5 3 10 8 10 3 6 17 9 5 7 14 17 6 13 14 11 15 9 0 2 8 11 9 14 9 15 4 12 6 8 10 12 15 3 12 13 11 12 15
14 7 7 4 12 10 10 1 4 16 7 6 9 15 18 6 13 14 12 14 8 2 0 6 13 11 16 11 17 2 14 8 7 11 14 16 1 13 14 12 14 14
11 4 12 9 16 15 13 5 3 14 2 11 13 17 23 8 16 14 16 13 7 8 6 0 19 16 20 16 21 3 18 14 8 15 19 19 4 18 18 16 19 11
23 20 8 10 7 6 15 14 17 26 20 11 9 18 14 15 18 21 14 25 18 11 13 19 0 3 8 6 8 16 10 5 17 9 6 16 14 5 14 14 2 23
22 17 6 7 7 3 12 11 14 23 17 8 8 16 13 12 15 18 12 22 16 9 11 16 3 0 10 6 10 13 9 3 15 9 8 14 12 7 12 11 3 22
21 22 9 11 4 13 21 15 20 31 22 16 7 25 22 20 25 27 21 29 16 14 16 20 8 10 0 5 2 18 18 10 22 5 2 24 16 3 22 21 10 21
18 18 4 7 2 9 17 11 15 26 17 11 4 20 19 15 20 22 17 24 13 9 11 16 6 6 5 0 6 13 14 5 17 4 3 20 12 3 18 16 7 18
22 24 10 12 5 13 22 17 21 32 23 17 9 26 22 21 25 28 22 30 18 15 17 21 8 10 2 6 0 19 18 11 23 7 3 24 18 4 22 21 10 22
13 5 9 6 14 12 11 2 3 15 4 8 10 16 20 7 14 14 14 13 7 4 2 3 16 13 18 13 19 0 16 11 7 13 16 17 2 16 16 13 16 13
27 18 13 13 16 6 8 15 16 19 19 7 16 9 5 11 9 13 6 19 21 12 14 18 10 9 18 14 18 16 0 9 13 17 16 6 14 15 4 5 9 27
19 15 4 5 7 4 12 8 12 21 15 7 6 15 14 10 15 17 12 20 13 6 8 14 5 3 10 5 11 11 9 0 13 8 8 14 9 7 13 11 6 19
19 5 13 11 18 12 6 8 5 9 7 7 15 10 17 3 8 7 9 7 14 8 7 8 17 15 22 17 23 7 13 13 0 18 20 12 7 19 11 9 17 19
16 18 6 7 2 12 19 11 16 27 17 14 3 23 22 16 22 24 20 26 11 10 11 15 9 9 5 4 7 13 17 8 18 0 5 23 12 5 21 19 11 16
20 21 8 10 3 11 19 14 18 29 20 14 6 23 20 18 22 25 19 28 16 12 14 19 6 8 2 3 3 16 16 8 20 5 0 22 15 1 20 19 8 20
30 17 17 17 21 11 6 17 16 15 19 10 20 4 6 11 5 9 4 15 24 15 16 19 16 14 24 20 24 17 6 14 12 23 22 0 16 21 2 4 15 30
13 6 7 5 12 11 10 1 4 15 6 7 9 15 19 6 14 14 13 14 8 3 1 4 14 12 16 12 18 2 14 9 7 12 15 16 0 14 15 12 15 13
20 20 7 9 3 10 19 13 18 28 20 13 6 22 19 17 22 24 18 27 16 12 13 18 5 7 3 3 4 16 15 7 19 5 1 21 14 0 19 18 7 20
28 17 15 15 19 9 6 15 15 16 18 8 18 5 6 10 5 10 3 16 22 13 14 18 14 12 22 18 22 16 4 13 11 21 20 2 15 19 0 2 13 28
26 14 14 13 18 8 4 13 12 14 16 6 17 4 8 7 4 8 1 14 20 11 12 16 14 11 21 16 21 13 5 11 9 19 19 4 12 18 2 0 13 26
24 20 9 10 8 5 14 14 17 25 20 10 10 17 13 15 17 20 13 24 19 12 14 19 2 3 10 7 10 16 9 6 17 11 8 15 15 7 13 13 0 24
0 15 16 15 18 22 24 13 14 25 13 20 15 28 32 19 27 26 26 24 6 15 14 11 23 22 21 18 22 13 27 19 19 16 20 30 13 20 28 26 24 0
,
0 43 35 31 29 50 39 25 21 51 26 25 30 37 93 24 52 48 27 69 18 40 16 17 43 51 37 44 59 37 60 21 50 17 56 72 33 59 63 76 54 0
16 0 22 25 52 38 21 13 3 30 3 24 32 40 35 13 19 30 34 16 32 24 15 5 33 24 32 36 45 13 34 18 10 33 57 29 9 47 41 31 22 37
38 15 0 4 16 13 19 11 27 55 14 22 9 46 38 31 47 27 19 29 15 14 19 17 11 9 11 7 25 9 13 6 38 15 12 46 20 8 20 36 10 27
18 14 5 0 11 8 29 6 13 41 30 21 10 19 23 24 20 33 25 42 24 5 9 23 10 20 14 14 23 9 16 10 29 20 15 28 12 25 20 35 18 24
43 36 9 11 0 15 51 30 42 38 25 13 4 45 22 47 53 25 52 56 19 17 17 20 9 13 5 2 11 19 29 17 22 6 5 31 31 7 43 29 13 35
57 20 10 10 18 0 22 23 32 45 41 11 23 19 28 29 35 34 23 40 33 22 27 41 16 9 16 24 33 35 15 10 22 20 29 23 23 27 19 19 14 48
32 32 33 12 25 27 0 15 20 15 37 13 42 12 30 8 8 16 4 21 26 19 24 38 39 35 35 35 33 32 16 31 11 22 31 18 10 23 7 8 27 26
15 16 14 10 28 29 18 0 9 44 16 18 8 16 30 12 43 40 33 27 19 8 3 10 16 32 23 26 28 5 15 10 15 29 17 20 3 19 25 33 33 30
28 3 23 17 39 21 20 12 0 28 6 17 24 35 45 11 35 20 25 29 19 8 8 4 32 28 50 43 39 8 18 17 9 21 49 22 5 18 44 24 37 26
39 29 22 40 73 47 26 32 13 0 25 37 33 31 48 18 22 15 20 4 27 37 37 32 74 40 72 60 80 24 19 27 24 43 34 43 16 58 46 29 74 32
28 5 22 20 22 46 31 16 7 28 0 18 24 25 29 21 19 33 25 12 13 21 15 4 56 37 26 20 36 8 32 36 12 36 41 47 12 33 26 42 31 34
46 30 14 11 15 7 11 15 18 23 23 0 20 15 29 9 13 23 8 40 15 14 7 20 15 16 33 32 22 18 18 7 18 17 17 15 10 40 22 17 24 56
24 45 5 11 7 23 22 18 21 33 24 18 0 39 36 33 39 44 30 28 17 8 16 15 11 17 10 7 10 16 35 7 23 4 17 51 11 16 28 24 22 32
36 27 40 42 30 18 9 18 22 20 30 10 41 0 13 25 3 15 7 35 33 18 17 38 47 37 69 34 41 37 12 19 25 66 38 8 32 64 10 6 18 60
72 64 38 19 24 22 13 56 42 48 60 29 55 21 0 20 29 34 24 34 75 42 27 63 30 23 62 31 41 31 14 40 39 64 36 7 46 54 6 20 31 57
27 16 23 23 42 29 6 8 11 26 19 10 24 15 42 0 18 20 18 28 34 12 7 23 42 28 39 41 24 12 19 25 7 18 31 30 11 43 13 16 22 34
54 29 22 29 50 22 7 16 23 29 18 22 37 4 28 17 0 11 8 22 59 20 28 44 44 23 39 37 74 24 21 30 12 67 52 6 19 28 8 10 28 59
43 20 50 30 46 28 6 20 23 14 24 22 51 10 43 8 9 0 11 16 48 15 21 37 39 40 59 22 40 27 38 19 10 55 27 26 20 49 11 19 57 46
65 33 35 32 50 23 4 33 17 18 35 9 29 6 20 10 8 17 0 31 48 14 35 26 42 17 36 43 28 30 6 26 20 28 49 9 34 53 5 2 18 76
54 9 30 33 47 23 18 29 18 3 24 22 50 33 40 12 21 16 15 0 51 33 38 28 28 42 55 30 63 23 32 43 15 71 53 36 30 55 26 26 67 55
13 12 10 19 20 24 25 14 12 23 20 27 23 60 58 16 32 39 49 24 0 11 11 8 23 37 47 22 50 15 61 20 21 30 19 25 13 28 47 40 29 12
25 22 7 6 26 13 25 4 7 46 16 12 20 15 22 9 35 21 15 31 18 0 5 17 14 25 41 20 28 13 26 7 13 29 14 44 7 17 23 16 18 42
30 10 12 5 15 20 29 2 5 29 16 10 22 31 41 16 14 30 32 27 15 5 0 15 26 31 32 19 25 6 37 10 11 28 28 38 2 39 33 14 26 22
27 4 15 16 20 19 33 10 4 40 2 25 29 42 42 19 37 28 39 35 20 19 12 0 37 30 27 24 36 8 28 39 15 33 49 55 11 39 20 20 27 22
26 22 10 28 11 7 24 14 30 72 37 22 14 32 40 39 19 56 23 58 28 13 34 30 0 5 22 16 17 19 10 8 26 12 8 43 25 13 35 34 4 54
25 20 17 14 19 9 19 13 36 27 36 18 9 31 15 31 19 32 23 29 33 20 20 29 3 0 19 9 27 14 13 7 21 19 17 17 17 7 32 14 3 37
33 43 25 24 5 27 39 25 46 75 57 25 15 47 46 35 26 54 64 47 32 29 40 54 17 23 0 9 2 49 49 17 26 13 5 25 22 7 32 37 10 24
29 44 11 7 2 18 34 15 41 53 40 29 6 27 23 38 58 50 29 43 21 13 25 19 15 7 9 0 15 37 32 7 31 11 8 32 18 5 52 29 18 25
27 31 22 33 14 29 50 25 34 38 29 37 25 76 27 41 67 52 39 81 32 42 37 42 24 28 4 8 0 46 21 12 39 8 4 47 41 7 28 32 28 42
24 13 16 8 14 35 17 5 5 38 6 14 11 29 46 12 23 38 15 14 7 10 6 9 28 39 32 18 39 0 21 19 11 29 36 47 2 21 27 35 24 16
61 23 32 30 26 11 22 42 31 37 31 14 18 21 15 26 14 16 11 54 22 26 35 49 24 18 19 16 40 46 0 28 16 36 19 13 43 17 5 5 19 80
41 27 7 14 19 9 27 14 21 26 30 15 8 36 34 20 29 22 12 30 24 13 15 29 6 3 10 12 11 25 16 0 13 19 22 41 25 18 16 18 6 56
34 8 17 27 36 17 9 8 10 17 21 16 32 11 49 8 17 19 19 17 40 23 14 12 45 35 44 23 50 21 37 20 0 41 58 27 9 48 14 24 20 51
31 45 14 10 6 26 57 14 31 50 49 17 6 40 54 45 27 57 56 71 27 30 34 45 10 20 10 6 8 16 42 24 20 0 12 55 33 9 27 39 24 29
40 32 16 27 6 15 24 22 36 75 45 41 15 65 40 31 59 43 57 77 46 29 18 24 15 10 3 4 7 33 23 13 38 7 0 42 23 2 31 47 20 39
49 24 29 31 48 20 10 43 44 28 33 28 21 6 18 29 13 15 9 31 28 24 16 47 26 15 44 43 32 25 11 32 23 63 62 0 35 36 6 9 38 74
16 6 14 14 16 22 27 3 10 17 6 19 19 18 28 16 24 31 16 20 22 9 1 7 22 33 18 33 33 2 15 21 14 24 40 32 0 22 22 27 17 22
51 41 11 17 6 17 27 32 46 50 30 16 8 34 34 42 50 33 30 33 23 33 37 55 15 9 5 7 10 27 26 16 41 9 2 25 31 0 27 50 14 26
42 45 17 43 51 13 9 36 30 45 30 18 46 11 13 10 8 10 4 46 40 20 24 38 27 34 48 24 32 28 5 31 29 27 31 4 24 45 0 3 23 64
62 15 34 15 50 14 6 16 29 30 41 15 48 6 9 9 6 16 2 29 45 16 26 39 39 15 41 48 29 36 9 17 13 34 21 11 30 47 7 0 29 30
60 34 9 15 18 10 35 24 37 67 60 24 18 32 31 25 32 55 29 49 34 31 20 27 4 7 11 17 23 38 14 15 50 30 23 16 38 9 13 29 0 70
0 43 32 17 23 49 50 21 32 30 29 22 36 55 72 49 40 75 34 51 14 34 36 30 41 62 29 47 33 17 57 45 38 27 27 68 26 52 38 60 47 0