7
40
,
0 (5.0, 29.0) 78.0
1 (28.0, 15.0) 35.0
2 (24.0, 17.0) 89.0
3 (35.0, 7.0) 33.0
4 (36.0, 27.0) 43.0
5 (23.0, 41.0) 72.0
6 (16.0, 20.0) 30.0
7 (10.0, 27.0) 39.0
8 (3.0, 50.0) 84.0
9 (4.0, 25.0) 33.0
10 (26.0, 31.0) 62.0
11 (28.0, 9.0) 58.0
12 (26.0, 50.0) 54.0
13 (45.0, 46.0) 60.0
14 (18.0, 34.0) 77.0
15 (24.0, 48.0) 37.0
16 (15.0, 49.0) 43.0
17 (29.0, 43.0) 80.0
18 (3.0, 47.0) 37.0
19 (9.0, 8.0) 37.0
20 (21.0, 22.0) 42.0
21 (17.0, 22.0) 42.0
22 (6.0, 22.0) 34.0
23 (43.0, 18.0) 77.0
24 (38.0, 21.0) 42.0
25 (41.0, 2.0) 35.0
26 (35.0, 10.0) 58.0
27 (44.0, 2.0) 62.0
28 (12.0, 22.0) 50.0
29 (39.0, 38.0) 80.0
30 (33.0, 20.0) 80.0
31 (13.0, 36.0) 31.0
32 (31.0, 4.0) 47.0
33 (40.0, 6.0) 60.0
34 (33.0, 49.0) 73.0
35 (15.0, 22.0) 46.0
36 (40.0, 8.0) 38.0
37 (34.0, 45.0) 39.0
38 (30.0, 42.0) 62.0
39 (44.0, 21.0) 31.0
,
0 15 16 15 18 22 24 13 14 25 13 20 15 28 32 19 27 26 26 24 6 15 14 11 23 22 21 18 22 13 27 19 19 16 20 30 13 20 28 26 24 0
15 0 13 11 19 16 11 7 3 11 2 11 15 15 22 7 13 11 14 9 11 9 7 4 20 17 22 18 24 5 18 15 5 18 21 17 6 20 17 14 20 15
16 13 0 2 5 7 13 6 11 22 13 8 3 18 18 11 17 18 14 20 10 5 7 12 8 6 9 4 10 9 13 4 13 6 8 17 7 7 15 14 9 16
15 11 2 0 7 8 12 4 9 20 11 7 4 17 18 9 16 17 13 18 9 3 4 9 10 7 11 7 12 6 13 5 11 7 10 17 5 9 15 13 10 15
18 19 5 7 0 10 18 12 16 27 18 13 4 22 20 16 21 23 18 26 13 10 12 16 7 7 4 2 5 14 16 7 18 2 3 21 12 3 19 18 8 18
22 16 7 8 10 0 10 11 13 20 16 5 10 13 11 10 12 15 9 19 17 8 10 15 6 3 13 9 13 12 6 4 12 12 11 11 11 10 9 8 5 22
24 11 13 12 18 10 0 11 10 11 12 5 16 5 11 4 4 6 3 10 18 10 10 13 15 12 21 17 22 11 8 12 6 19 19 6 10 19 6 4 14 24
13 7 6 4 12 11 11 0 5 16 6 7 8 16 19 7 15 15 13 15 7 3 1 5 14 11 15 11 17 2 15 8 8 11 14 17 1 13 15 13 14 13
14 3 11 9 16 13 10 5 0 12 3 8 13 14 20 5 13 11 12 11 10 6 4 3 17 14 20 15 21 3 16 12 5 16 18 16 4 18 15 12 17 14
25 11 22 20 27 20 11 16 12 0 13 15 24 12 21 11 11 6 13 2 21 17 16 14 26 23 31 26 32 15 19 21 9 27 29 15 15 28 16 14 25 25
13 2 13 11 18 16 12 6 3 13 0 11 14 17 23 8 15 13 15 11 9 9 7 2 20 17 22 17 23 4 19 15 7 17 20 19 6 20 18 16 20 13
20 11 8 7 13 5 5 7 8 15 11 0 11 10 12 4 9 11 6 14 14 5 6 11 11 8 16 11 17 8 7 7 7 14 14 10 7 13 8 6 10 20
15 15 3 4 4 10 16 8 13 24 14 11 0 21 20 13 20 21 17 23 10 7 9 13 9 8 7 4 9 10 16 6 15 3 6 20 9 6 18 17 10 15
28 15 18 17 22 13 5 16 14 12 17 10 21 0 10 9 1 6 4 12 23 14 15 17 18 16 25 20 26 16 9 15 10 23 23 4 15 22 5 4 17 28
32 22 18 18 20 11 11 19 20 21 23 12 20 10 0 15 11 15 8 21 26 17 18 23 14 13 22 19 22 20 5 14 17 22 20 6 19 19 6 8 13 32
19 7 11 9 16 10 4 7 5 11 8 4 13 9 15 0 8 8 7 10 14 6 6 8 15 12 20 15 21 7 11 10 3 16 18 11 6 17 10 7 15 19
27 13 17 16 21 12 4 15 13 11 15 9 20 1 11 8 0 5 4 11 21 13 13 16 18 15 25 20 25 14 9 15 8 22 22 5 14 22 5 4 17 27
26 11 18 17 23 15 6 15 11 6 13 11 21 6 15 8 5 0 8 6 21 14 14 14 21 18 27 22 28 14 13 17 7 24 25 9 14 24 10 8 20 26
26 14 14 13 18 9 3 13 12 13 15 6 17 4 8 7 4 8 0 13 20 11 12 16 14 12 21 17 22 14 6 12 9 20 19 4 13 18 3 1 13 26
24 9 20 18 26 19 10 15 11 2 11 14 23 12 21 10 11 6 13 0 20 15 14 13 25 22 29 24 30 13 19 20 7 26 28 15 14 27 16 14 24 24
6 11 10 9 13 17 18 7 10 21 9 14 10 23 26 14 21 21 20 20 0 9 8 7 18 16 16 13 18 7 21 13 14 11 16 24 8 16 22 20 19 6
15 9 5 3 10 8 10 3 6 17 9 5 7 14 17 6 13 14 11 15 9 0 2 8 11 9 14 9 15 4 12 6 8 10 12 15 3 12 13 11 12 15
14 7 7 4 12 10 10 1 4 16 7 6 9 15 18 6 13 14 12 14 8 2 0 6 13 11 16 11 17 2 14 8 7 11 14 16 1 13 14 12 14 14
11 4 12 9 16 15 13 5 3 14 2 11 13 17 23 8 16 14 16 13 7 8 6 0 19 16 20 16 21 3 18 14 8 15 19 19 4 18 18 16 19 11
23 20 8 10 7 6 15 14 17 26 20 11 9 18 14 15 18 21 14 25 18 11 13 19 0 3 8 6 8 16 10 5 17 9 6 16 14 5 14 14 2 23
22 17 6 7 7 3 12 11 14 23 17 8 8 16 13 12 15 18 12 22 16 9 11 16 3 0 10 6 10 13 9 3 15 9 8 14 12 7 12 11 3 22
21 22 9 11 4 13 21 15 20 31 22 16 7 25 22 20 25 27 21 29 16 14 16 20 8 10 0 5 2 18 18 10 22 5 2 24 16 3 22 21 10 21
18 18 4 7 2 9 17 11 15 26 17 11 4 20 19 15 20 22 17 24 13 9 11 16 6 6 5 0 6 13 14 5 17 4 3 20 12 3 18 16 7 18
22 24 10 12 5 13 22 17 21 32 23 17 9 26 22 21 25 28 22 30 18 15 17 21 8 10 2 6 0 19 18 11 23 7 3 24 18 4 22 21 10 22
13 5 9 6 14 12 11 2 3 15 4 8 10 16 20 7 14 14 14 13 7 4 2 3 16 13 18 13 19 0 16 11 7 13 16 17 2 16 16 13 16 13
27 18 13 13 16 6 8 15 16 19 19 7 16 9 5 11 9 13 6 19 21 12 14 18 10 9 18 14 18 16 0 9 13 17 16 6 14 15 4 5 9 27
19 15 4 5 7 4 12 8 12 21 15 7 6 15 14 10 15 17 12 20 13 6 8 14 5 3 10 5 11 11 9 0 13 8 8 14 9 7 13 11 6 19
19 5 13 11 18 12 6 8 5 9 7 7 15 10 17 3 8 7 9 7 14 8 7 8 17 15 22 17 23 7 13 13 0 18 20 12 7 19 11 9 17 19
16 18 6 7 2 12 19 11 16 27 17 14 3 23 22 16 22 24 20 26 11 10 11 15 9 9 5 4 7 13 17 8 18 0 5 23 12 5 21 19 11 16
20 21 8 10 3 11 19 14 18 29 20 14 6 23 20 18 22 25 19 28 16 12 14 19 6 8 2 3 3 16 16 8 20 5 0 22 15 1 20 19 8 20
30 17 17 17 21 11 6 17 16 15 19 10 20 4 6 11 5 9 4 15 24 15 16 19 16 14 24 20 24 17 6 14 12 23 22 0 16 21 2 4 15 30
13 6 7 5 12 11 10 1 4 15 6 7 9 15 19 6 14 14 13 14 8 3 1 4 14 12 16 12 18 2 14 9 7 12 15 16 0 14 15 12 15 13
20 20 7 9 3 10 19 13 18 28 20 13 6 22 19 17 22 24 18 27 16 12 13 18 5 7 3 3 4 16 15 7 19 5 1 21 14 0 19 18 7 20
28 17 15 15 19 9 6 15 15 16 18 8 18 5 6 10 5 10 3 16 22 13 14 18 14 12 22 18 22 16 4 13 11 21 20 2 15 19 0 2 13 28
26 14 14 13 18 8 4 13 12 14 16 6 17 4 8 7 4 8 1 14 20 11 12 16 14 11 21 16 21 13 5 11 9 19 19 4 12 18 2 0 13 26
24 20 9 10 8 5 14 14 17 25 20 10 10 17 13 15 17 20 13 24 19 12 14 19 2 3 10 7 10 16 9 6 17 11 8 15 15 7 13 13 0 24
0 15 16 15 18 22 24 13 14 25 13 20 15 28 32 19 27 26 26 24 6 15 14 11 23 22 21 18 22 13 27 19 19 16 20 30 13 20 28 26 24 0
,
0 16 34 15 44 26 38 26 27 46 27 28 27 32 43 22 33 40 34 60 9 31 28 28 29 23 43 25 32 15 40 36 51 32 30 67 34 33 58 54 28 0
28 0 32 13 45 46 29 8 3 23 3 13 30 35 23 10 36 20 36 12 28 20 9 6 51 24 35 46 32 14 24 15 12 38 23 33 14 50 20 25 54 26
42 18 0 3 13 10 26 7 30 39 19 22 8 25 21 11 39 22 28 30 11 13 8 23 11 16 19 6 25 16 27 5 16 12 17 40 16 18 44 39 9 37
32 26 4 0 20 23 24 9 10 32 24 9 9 20 27 13 33 24 38 23 9 8 12 22 23 12 24 8 15 16 22 12 24 8 23 38 9 13 18 35 24 33
40 26 11 9 0 12 36 32 17 38 32 37 6 33 45 36 22 32 29 62 20 14 15 18 13 18 10 4 13 28 30 19 29 3 6 29 25 3 52 51 22 30
55 16 19 14 14 0 20 22 28 45 18 15 16 24 23 19 18 36 19 32 23 19 22 20 16 8 25 9 34 16 9 11 34 29 11 22 25 15 18 13 7 44
30 21 14 36 31 16 0 29 19 24 30 14 47 9 12 10 10 12 6 14 20 23 14 19 25 22 45 48 27 15 13 12 9 21 53 18 30 54 10 5 27 45
37 9 7 8 20 25 33 0 11 38 18 16 22 17 47 21 18 16 33 16 14 7 2 8 41 26 17 14 50 5 30 19 10 23 40 32 3 32 36 24 21 38
29 4 15 15 37 20 19 11 0 31 6 22 36 29 31 13 27 29 21 13 15 13 12 5 40 21 31 28 39 6 33 17 10 17 42 37 4 52 27 23 43 23
56 29 41 22 35 33 25 18 22 0 36 41 54 12 32 23 18 12 24 4 28 41 30 17 59 34 70 32 83 17 33 47 21 71 54 32 44 32 42 26 57 58
20 6 34 12 35 26 33 16 8 16 0 16 24 21 25 15 33 22 19 14 25 12 12 3 54 25 59 18 59 12 25 36 19 44 29 53 7 53 25 16 59 15
31 18 9 19 33 7 10 21 11 32 32 0 32 10 32 5 24 30 15 41 37 15 13 20 18 10 45 24 41 15 9 15 13 39 23 12 19 39 17 17 24 53
28 44 5 10 4 26 44 10 25 45 38 13 0 23 25 18 43 25 50 53 23 18 12 38 25 12 12 9 12 21 43 8 36 7 16 29 14 10 20 46 25 20
43 21 42 24 28 14 7 18 24 25 46 12 43 0 21 12 4 11 9 32 46 26 35 42 54 34 65 34 40 34 20 22 17 61 28 4 33 30 5 6 38 52
58 43 40 28 53 31 26 32 22 54 25 25 39 28 0 26 16 29 18 33 61 19 46 55 35 28 65 51 45 55 11 43 21 48 21 7 52 23 15 17 32 87
23 15 14 20 28 26 8 15 11 18 9 6 29 26 40 0 15 22 14 10 19 16 6 15 16 13 52 32 47 11 19 22 4 29 43 19 6 45 22 8 38 28
30 25 33 36 45 33 4 30 25 24 19 18 59 4 31 22 0 6 5 12 29 26 29 22 30 31 37 58 40 36 25 19 10 28 55 13 17 59 14 13 31 51
71 28 42 36 69 32 6 25 16 11 30 21 47 16 15 19 12 0 12 12 46 23 23 40 54 45 71 53 41 27 17 51 9 27 62 14 38 44 14 15 54 29
38 22 35 39 20 18 4 30 22 36 20 18 36 4 24 17 5 12 0 18 46 28 24 21 36 36 54 27 48 29 13 32 15 32 23 6 20 39 4 2 24 75
69 16 44 40 37 43 15 36 19 4 20 36 33 31 22 24 16 15 34 0 45 33 19 13 47 26 35 44 43 17 40 47 11 31 63 28 22 49 36 29 59 37
8 28 18 26 27 34 18 9 24 39 24 42 19 33 67 34 27 32 32 41 0 25 20 8 53 23 48 31 33 9 23 17 18 16 25 51 9 40 37 26 46 16
20 17 13 6 15 17 10 7 18 28 21 9 14 28 47 16 18 27 30 31 18 0 2 19 13 17 31 17 36 11 19 15 16 10 19 42 3 33 34 25 23 39
18 12 16 10 32 21 20 2 10 47 7 12 20 21 33 16 25 27 15 21 11 4 0 7 21 27 25 19 41 3 19 20 18 26 17 33 1 27 25 20 22 16
18 8 12 14 40 17 29 12 9 31 2 26 14 42 27 24 22 37 34 16 15 22 7 0 46 22 29 22 38 3 54 22 13 25 20 46 7 53 52 30 39 17
36 20 20 28 13 10 30 27 41 47 39 29 21 21 19 24 27 60 31 67 30 28 25 48 0 8 10 15 20 32 19 9 25 22 11 23 19 10 27 19 5 24
38 31 17 13 13 4 37 21 31 45 24 14 19 17 33 33 25 45 22 64 37 14 18 41 7 0 10 16 22 17 9 4 35 14 13 23 16 9 15 31 9 49
37 63 26 31 6 38 46 42 48 31 49 46 13 65 41 45 35 62 39 69 44 24 31 28 13 10 0 14 3 27 51 26 50 9 2 25 46 4 62 49 15 58
25 43 10 16 4 15 28 11 39 73 25 13 10 23 32 43 25 34 18 69 32 11 24 41 12 10 7 0 15 39 41 11 33 5 8 37 18 3 52 38 21 34
62 27 29 33 7 22 60 26 40 56 53 24 22 42 45 53 69 72 63 69 25 24 20 62 16 22 2 14 0 47 50 13 28 12 8 29 27 9 65 55 16 64
21 7 19 9 30 31 15 3 6 27 10 19 29 24 58 19 18 34 29 25 18 10 3 4 25 13 46 35 32 0 31 25 17 19 33 34 3 16 47 38 21 25
28 38 14 20 24 6 11 18 28 57 40 18 43 12 5 15 15 29 11 39 47 36 39 19 20 21 19 16 38 24 0 15 15 24 32 7 34 45 5 10 14 46
35 25 6 10 15 9 30 21 29 28 35 17 18 32 29 26 25 18 12 42 33 14 17 39 11 7 20 12 26 21 16 0 34 23 17 39 18 18 26 13 14 57
28 14 29 11 47 25 14 13 14 12 16 18 19 15 19 3 19 9 22 15 18 14 14 22 32 15 30 23 66 13 38 21 0 39 50 20 10 46 24 18 20 52
28 38 9 19 3 33 46 12 43 54 24 38 6 27 53 33 64 52 25 58 18 10 18 28 22 27 8 10 15 14 40 10 38 0 12 59 32 8 26 52 20 21
55 49 9 20 5 25 37 34 46 69 45 38 13 38 49 24 63 27 54 79 32 17 36 35 8 14 3 5 8 43 23 18 55 5 0 23 41 3 39 48 21 42
60 39 43 25 43 31 14 39 27 24 21 13 28 6 16 14 6 19 7 38 40 42 30 23 25 28 55 35 66 49 16 43 33 64 65 0 21 21 5 6 32 47
33 7 18 15 19 26 12 3 8 42 12 9 12 29 57 11 18 19 33 22 11 7 3 6 21 16 33 27 38 2 22 14 9 20 38 44 0 15 31 23 43 27
29 48 18 9 3 24 39 35 37 44 55 30 18 47 46 24 46 29 43 29 31 12 19 22 12 9 5 4 10 16 41 11 30 5 2 31 16 0 32 29 16 25
79 34 20 21 55 15 11 33 24 40 23 20 18 12 14 14 13 12 7 20 30 28 28 45 23 23 64 35 53 20 12 23 14 45 24 6 40 55 0 7 27 42
53 14 26 20 51 10 7 17 31 16 30 6 20 6 18 18 6 21 1 41 44 14 29 38 29 30 28 21 39 35 14 24 25 24 55 5 22 48 6 0 31 60
58 24 13 13 16 9 27 29 27 71 23 21 17 25 36 17 36 41 36 31 31 23 36 38 3 7 14 18 23 26 11 16 50 29 19 23 43 19 31 18 0 73
0 36 40 31 30 26 40 36 31 62 28 58 27 66 45 36 39 68 64 48 17 29 25 17 63 50 27 54 26 25 71 56 39 46 51 32 35 35 39 30 44 0