7
40
,
0 (5.0, 29.0) 33.0
1 (28.0, 15.0) 53.0
2 (24.0, 17.0) 39.0
3 (35.0, 7.0) 70.0
4 (36.0, 27.0) 38.0
5 (23.0, 41.0) 39.0
6 (16.0, 20.0) 74.0
7 (10.0, 27.0) 76.0
8 (3.0, 50.0) 53.0
9 (4.0, 25.0) 73.0
10 (26.0, 31.0) 54.0
11 (28.0, 9.0) 31.0
12 (26.0, 50.0) 79.0
13 (45.0, 46.0) 67.0
14 (18.0, 34.0) 81.0
15 (24.0, 48.0) 77.0
16 (15.0, 49.0) 33.0
17 (29.0, 43.0) 76.0
18 (3.0, 47.0) 72.0
19 (9.0, 8.0) 46.0
20 (21.0, 22.0) 79.0
21 (17.0, 22.0) 55.0
22 (6.0, 22.0) 63.0
23 (43.0, 18.0) 52.0
24 (38.0, 21.0) 60.0
25 (41.0, 2.0) 89.0
26 (35.0, 10.0) 50.0
27 (44.0, 2.0) 64.0
28 (12.0, 22.0) 64.0
29 (39.0, 38.0) 32.0
30 (33.0, 20.0) 56.0
31 (13.0, 36.0) 39.0
32 (31.0, 4.0) 65.0
33 (40.0, 6.0) 75.0
34 (33.0, 49.0) 42.0
35 (15.0, 22.0) 31.0
36 (40.0, 8.0) 34.0
37 (34.0, 45.0) 50.0
38 (30.0, 42.0) 89.0
39 (44.0, 21.0) 33.0
,
0 15 16 15 18 22 24 13 14 25 13 20 15 28 32 19 27 26 26 24 6 15 14 11 23 22 21 18 22 13 27 19 19 16 20 30 13 20 28 26 24 0
15 0 13 11 19 16 11 7 3 11 2 11 15 15 22 7 13 11 14 9 11 9 7 4 20 17 22 18 24 5 18 15 5 18 21 17 6 20 17 14 20 15
16 13 0 2 5 7 13 6 11 22 13 8 3 18 18 11 17 18 14 20 10 5 7 12 8 6 9 4 10 9 13 4 13 6 8 17 7 7 15 14 9 16
15 11 2 0 7 8 12 4 9 20 11 7 4 17 18 9 16 17 13 18 9 3 4 9 10 7 11 7 12 6 13 5 11 7 10 17 5 9 15 13 10 15
18 19 5 7 0 10 18 12 16 27 18 13 4 22 20 16 21 23 18 26 13 10 12 16 7 7 4 2 5 14 16 7 18 2 3 21 12 3 19 18 8 18
22 16 7 8 10 0 10 11 13 20 16 5 10 13 11 10 12 15 9 19 17 8 10 15 6 3 13 9 13 12 6 4 12 12 11 11 11 10 9 8 5 22
24 11 13 12 18 10 0 11 10 11 12 5 16 5 11 4 4 6 3 10 18 10 10 13 15 12 21 17 22 11 8 12 6 19 19 6 10 19 6 4 14 24
13 7 6 4 12 11 11 0 5 16 6 7 8 16 19 7 15 15 13 15 7 3 1 5 14 11 15 11 17 2 15 8 8 11 14 17 1 13 15 13 14 13
14 3 11 9 16 13 10 5 0 12 3 8 13 14 20 5 13 11 12 11 10 6 4 3 17 14 20 15 21 3 16 12 5 16 18 16 4 18 15 12 17 14
25 11 22 20 27 20 11 16 12 0 13 15 24 12 21 11 11 6 13 2 21 17 16 14 26 23 31 26 32 15 19 21 9 27 29 15 15 28 16 14 25 25
13 2 13 11 18 16 12 6 3 13 0 11 14 17 23 8 15 13 15 11 9 9 7 2 20 17 22 17 23 4 19 15 7 17 20 19 6 20 18 16 20 13
20 11 8 7 13 5 5 7 8 15 11 0 11 10 12 4 9 11 6 14 14 5 6 11 11 8 16 11 17 8 7 7 7 14 14 10 7 13 8 6 10 20
15 15 3 4 4 10 16 8 13 24 14 11 0 21 20 13 20 21 17 23 10 7 9 13 9 8 7 4 9 10 16 6 15 3 6 20 9 6 18 17 10 15
28 15 18 17 22 13 5 16 14 12 17 10 21 0 10 9 1 6 4 12 23 14 15 17 18 16 25 20 26 16 9 15 10 23 23 4 15 22 5 4 17 28
32 22 18 18 20 11 11 19 20 21 23 12 20 10 0 15 11 15 8 21 26 17 18 23 14 13 22 19 22 20 5 14 17 22 20 6 19 19 6 8 13 32
19 7 11 9 16 10 4 7 5 11 8 4 13 9 15 0 8 8 7 10 14 6 6 8 15 12 20 15 21 7 11 10 3 16 18 11 6 17 10 7 15 19
27 13 17 16 21 12 4 15 13 11 15 9 20 1 11 8 0 5 4 11 21 13 13 16 18 15 25 20 25 14 9 15 8 22 22 5 14 22 5 4 17 27
26 11 18 17 23 15 6 15 11 6 13 11 21 6 15 8 5 0 8 6 21 14 14 14 21 18 27 22 28 14 13 17 7 24 25 9 14 24 10 8 20 26
26 14 14 13 18 9 3 13 12 13 15 6 17 4 8 7 4 8 0 13 20 11 12 16 14 12 21 17 22 14 6 12 9 20 19 4 13 18 3 1 13 26
24 9 20 18 26 19 10 15 11 2 11 14 23 12 21 10 11 6 13 0 20 15 14 13 25 22 29 24 30 13 19 20 7 26 28 15 14 27 16 14 24 24
6 11 10 9 13 17 18 7 10 21 9 14 10 23 26 14 21 21 20 20 0 9 8 7 18 16 16 13 18 7 21 13 14 11 16 24 8 16 22 20 19 6
15 9 5 3 10 8 10 3 6 17 9 5 7 14 17 6 13 14 11 15 9 0 2 8 11 9 14 9 15 4 12 6 8 10 12 15 3 12 13 11 12 15
14 7 7 4 12 10 10 1 4 16 7 6 9 15 18 6 13 14 12 14 8 2 0 6 13 11 16 11 17 2 14 8 7 11 14 16 1 13 14 12 14 14
11 4 12 9 16 15 13 5 3 14 2 11 13 17 23 8 16 14 16 13 7 8 6 0 19 16 20 16 21 3 18 14 8 15 19 19 4 18 18 16 19 11
23 20 8 10 7 6 15 14 17 26 20 11 9 18 14 15 18 21 14 25 18 11 13 19 0 3 8 6 8 16 10 5 17 9 6 16 14 5 14 14 2 23
22 17 6 7 7 3 12 11 14 23 17 8 8 16 13 12 15 18 12 22 16 9 11 16 3 0 10 6 10 13 9 3 15 9 8 14 12 7 12 11 3 22
21 22 9 11 4 13 21 15 20 31 22 16 7 25 22 20 25 27 21 29 16 14 16 20 8 10 0 5 2 18 18 10 22 5 2 24 16 3 22 21 10 21
18 18 4 7 2 9 17 11 15 26 17 11 4 20 19 15 20 22 17 24 13 9 11 16 6 6 5 0 6 13 14 5 17 4 3 20 12 3 18 16 7 18
22 24 10 12 5 13 22 17 21 32 23 17 9 26 22 21 25 28 22 30 18 15 17 21 8 10 2 6 0 19 18 11 23 7 3 24 18 4 22 21 10 22
13 5 9 6 14 12 11 2 3 15 4 8 10 16 20 7 14 14 14 13 7 4 2 3 16 13 18 13 19 0 16 11 7 13 16 17 2 16 16 13 16 13
27 18 13 13 16 6 8 15 16 19 19 7 16 9 5 11 9 13 6 19 21 12 14 18 10 9 18 14 18 16 0 9 13 17 16 6 14 15 4 5 9 27
19 15 4 5 7 4 12 8 12 21 15 7 6 15 14 10 15 17 12 20 13 6 8 14 5 3 10 5 11 11 9 0 13 8 8 14 9 7 13 11 6 19
19 5 13 11 18 12 6 8 5 9 7 7 15 10 17 3 8 7 9 7 14 8 7 8 17 15 22 17 23 7 13 13 0 18 20 12 7 19 11 9 17 19
16 18 6 7 2 12 19 11 16 27 17 14 3 23 22 16 22 24 20 26 11 10 11 15 9 9 5 4 7 13 17 8 18 0 5 23 12 5 21 19 11 16
20 21 8 10 3 11 19 14 18 29 20 14 6 23 20 18 22 25 19 28 16 12 14 19 6 8 2 3 3 16 16 8 20 5 0 22 15 1 20 19 8 20
30 17 17 17 21 11 6 17 16 15 19 10 20 4 6 11 5 9 4 15 24 15 16 19 16 14 24 20 24 17 6 14 12 23 22 0 16 21 2 4 15 30
13 6 7 5 12 11 10 1 4 15 6 7 9 15 19 6 14 14 13 14 8 3 1 4 14 12 16 12 18 2 14 9 7 12 15 16 0 14 15 12 15 13
20 20 7 9 3 10 19 13 18 28 20 13 6 22 19 17 22 24 18 27 16 12 13 18 5 7 3 3 4 16 15 7 19 5 1 21 14 0 19 18 7 20
28 17 15 15 19 9 6 15 15 16 18 8 18 5 6 10 5 10 3 16 22 13 14 18 14 12 22 18 22 16 4 13 11 21 20 2 15 19 0 2 13 28
26 14 14 13 18 8 4 13 12 14 16 6 17 4 8 7 4 8 1 14 20 11 12 16 14 11 21 16 21 13 5 11 9 19 19 4 12 18 2 0 13 26
24 20 9 10 8 5 14 14 17 25 20 10 10 17 13 15 17 20 13 24 19 12 14 19 2 3 10 7 10 16 9 6 17 11 8 15 15 7 13 13 0 24
0 15 16 15 18 22 24 13 14 25 13 20 15 28 32 19 27 26 26 24 6 15 14 11 23 22 21 18 22 13 27 19 19 16 20 30 13 20 28 26 24 0
,
0 24 28 25 31 48 28 16 37 42 38 40 23 57 49 28 27 62 32 56 15 36 23 15 49 55 43 40 39 35 43 45 28 40 60 83 33 40 55 37 64 0
28 0 20 28 39 38 32 14 4 31 6 14 30 44 30 9 24 13 22 21 27 11 8 5 55 44 67 25 54 13 21 29 10 41 46 44 9 48 17 28 53 42
26 14 0 3 11 15 34 18 20 33 27 10 6 50 31 29 23 24 35 21 25 7 10 29 20 7 12 13 25 16 30 8 24 11 12 36 17 11 32 17 9 30
25 25 4 0 10 22 19 7 12 52 13 12 12 40 30 26 41 38 35 51 13 5 6 13 23 11 25 7 36 8 16 6 16 10 10 43 7 16 32 17 27 32
36 36 10 13 0 10 41 26 48 50 35 24 10 24 38 26 48 57 23 58 33 11 27 44 7 12 6 2 6 40 45 8 54 7 6 53 25 6 40 40 20 42
25 28 14 15 27 0 27 13 26 55 24 7 27 26 30 13 36 41 13 51 25 9 28 34 16 6 25 13 19 32 8 11 20 20 24 16 13 10 10 21 6 34
41 31 25 16 50 28 0 30 10 29 31 6 47 6 14 12 10 11 3 12 21 27 27 14 39 17 24 29 23 33 16 31 6 52 40 10 23 49 14 7 40 62
26 11 12 9 25 25 25 0 7 45 18 20 8 30 32 9 33 33 25 41 14 3 2 15 21 21 35 27 40 2 26 14 16 19 28 49 3 28 36 31 17 16
34 8 21 12 41 34 28 14 0 33 4 19 38 40 51 5 30 32 20 11 18 11 9 3 18 41 57 35 57 4 38 26 14 39 35 35 4 23 32 32 20 28
34 31 22 23 51 34 32 17 24 0 21 17 59 14 52 23 31 8 22 3 33 25 18 21 43 64 70 56 39 25 30 50 17 42 32 24 43 31 22 40 39 72
33 5 18 17 41 32 37 7 9 29 0 13 36 42 39 10 24 24 30 33 23 25 12 3 40 35 30 42 63 10 40 39 10 47 27 52 11 40 25 31 54 23
46 27 14 18 27 14 9 7 20 32 28 0 26 16 35 12 22 13 13 14 37 14 7 28 18 16 21 28 47 11 14 16 14 31 36 15 21 26 10 17 26 59
25 29 4 7 7 22 41 14 21 55 15 13 0 42 38 22 23 49 23 26 23 19 17 17 12 13 9 5 15 20 35 16 31 8 14 20 28 14 45 35 11 43
62 35 34 35 66 14 14 37 40 23 26 22 61 0 24 22 2 7 11 16 56 32 38 50 48 32 37 34 41 21 21 43 18 47 36 8 34 65 14 7 42 47
53 58 52 39 56 30 21 25 32 43 35 25 40 13 0 40 18 45 17 48 49 37 47 34 39 23 59 37 46 36 5 41 38 49 25 14 41 22 9 20 23 48
46 14 17 26 41 16 11 8 8 32 15 8 14 15 22 0 15 13 16 13 24 10 16 22 20 34 27 38 34 11 15 30 6 35 51 20 7 40 26 9 26 46
70 27 49 20 55 15 8 39 37 12 29 18 47 4 25 13 0 5 5 19 39 18 22 35 29 33 47 48 27 25 15 19 15 60 62 6 30 28 12 13 25 42
44 19 20 43 59 40 13 22 14 11 30 20 29 8 17 17 12 0 21 13 51 21 16 28 25 50 71 56 80 23 33 28 19 56 54 19 26 41 26 14 36 48
38 23 22 30 41 26 5 14 32 32 29 18 48 8 11 10 5 18 0 30 31 25 13 22 30 16 37 33 63 23 7 16 24 56 52 4 24 18 7 2 25 47
36 27 22 45 46 23 23 41 24 2 17 20 58 16 41 24 19 11 37 0 51 44 27 14 32 37 47 46 33 23 38 52 13 66 59 24 28 59 29 17 29 59
11 30 14 23 15 21 25 17 14 46 25 21 20 60 30 33 51 30 22 45 0 14 9 20 34 27 39 13 46 13 38 29 25 25 38 54 23 40 34 27 40 9
20 24 10 8 18 14 28 5 15 20 18 8 22 28 18 13 24 34 32 41 12 0 5 10 24 10 17 13 31 9 32 16 9 18 24 26 8 17 20 22 18 20
22 10 16 11 31 12 23 3 7 30 16 7 21 41 51 6 18 35 13 41 15 2 0 13 36 18 28 25 21 3 37 13 20 24 34 37 3 30 38 26 38 36
20 9 24 26 40 21 25 14 9 16 5 11 35 29 43 9 16 25 20 26 8 8 10 0 35 20 44 39 31 5 47 32 16 18 44 22 7 55 47 17 43 30
48 54 19 23 16 9 32 25 41 54 40 12 14 39 33 18 34 62 34 57 53 32 16 30 0 7 12 15 10 42 18 5 47 26 7 32 16 6 24 37 3 57
49 48 15 20 16 8 32 12 33 63 40 12 20 38 37 33 40 22 15 46 17 23 13 47 3 0 12 12 26 31 20 6 38 18 8 17 24 18 15 27 7 27
46 67 11 13 9 21 55 19 37 50 26 28 11 29 32 53 28 34 50 81 23 42 16 60 11 14 0 10 2 37 33 28 43 12 3 68 36 4 26 31 14 42
21 53 10 17 2 21 25 16 27 66 32 15 8 30 47 43 49 37 50 37 24 10 19 30 6 16 8 0 15 17 35 15 20 5 7 21 14 8 45 43 8 31
46 24 23 29 13 29 35 46 27 94 30 25 11 39 52 24 73 63 47 54 38 42 46 44 22 27 3 13 0 41 51 12 68 8 3 43 23 5 46 51 17 25
18 12 26 17 31 25 25 5 3 31 11 20 19 19 49 14 37 36 32 16 10 11 3 8 22 26 44 27 53 0 17 26 7 37 23 43 4 19 38 14 43 37
53 18 38 28 42 13 16 36 34 24 28 17 33 9 5 13 10 22 16 31 50 17 18 54 16 15 50 27 37 46 0 28 13 20 46 15 27 34 7 8 9 67
42 37 7 12 18 10 17 16 28 59 44 7 7 18 41 18 30 38 20 49 26 9 14 32 7 5 16 13 26 28 13 0 26 12 19 23 12 17 26 14 7 21
52 14 22 12 22 15 15 20 9 13 13 16 35 22 20 5 12 7 23 10 34 13 13 10 21 30 22 32 53 10 14 15 0 30 24 27 15 42 24 23 31 48
42 32 9 14 7 29 25 29 39 30 30 20 4 33 27 40 23 69 27 45 16 24 29 18 12 18 7 9 16 24 35 8 54 0 5 46 32 6 52 35 22 30
54 50 20 29 5 21 22 33 53 41 39 19 18 64 43 32 41 47 47 61 20 13 26 27 10 11 6 3 8 43 25 15 23 13 0 60 38 2 35 35 18 42
33 38 23 35 30 26 13 23 31 21 48 13 38 5 15 15 6 11 10 36 40 34 46 29 37 37 46 28 46 31 15 18 19 48 45 0 32 59 6 4 18 73
40 9 14 6 29 18 26 2 7 16 15 8 18 19 33 16 20 28 33 38 21 8 3 5 19 14 35 25 20 3 25 26 20 18 24 45 0 31 23 24 32 23
48 31 14 22 6 16 20 40 29 72 59 20 9 36 27 41 60 65 29 51 19 23 28 47 10 14 8 5 9 44 30 11 52 5 2 37 40 0 41 52 14 43
35 34 37 28 49 21 13 45 17 28 27 10 22 13 9 28 12 26 5 17 36 35 16 50 26 32 55 52 26 17 5 35 30 36 22 3 36 37 0 7 29 77
27 42 34 25 38 10 8 24 22 23 41 10 25 6 23 8 11 12 2 30 42 29 17 17 14 32 34 25 25 37 12 15 18 54 21 4 18 23 7 0 31 60
66 58 24 12 20 6 43 35 34 60 37 20 30 32 25 19 34 37 37 40 30 21 34 54 2 8 20 16 23 28 14 8 50 12 20 42 28 20 37 29 0 49
0 15 31 40 33 64 60 34 29 28 29 32 43 62 36 38 33 45 55 56 7 35 22 20 65 46 23 54 51 28 38 29 43 35 45 63 30 54 66 46 65 0