7
40
,
0 (5.0, 29.0) 38.0
1 (28.0, 15.0) 32.0
2 (24.0, 17.0) 71.0
3 (35.0, 7.0) 53.0
4 (36.0, 27.0) 62.0
5 (23.0, 41.0) 47.0
6 (16.0, 20.0) 46.0
7 (10.0, 27.0) 35.0
8 (3.0, 50.0) 44.0
9 (4.0, 25.0) 44.0
10 (26.0, 31.0) 37.0
11 (28.0, 9.0) 66.0
12 (26.0, 50.0) 83.0
13 (45.0, 46.0) 81.0
14 (18.0, 34.0) 49.0
15 (24.0, 48.0) 68.0
16 (15.0, 49.0) 35.0
17 (29.0, 43.0) 43.0
18 (3.0, 47.0) 45.0
19 (9.0, 8.0) 59.0
20 (21.0, 22.0) 47.0
21 (17.0, 22.0) 49.0
22 (6.0, 22.0) 81.0
23 (43.0, 18.0) 78.0
24 (38.0, 21.0) 70.0
25 (41.0, 2.0) 56.0
26 (35.0, 10.0) 47.0
27 (44.0, 2.0) 57.0
28 (12.0, 22.0) 32.0
29 (39.0, 38.0) 85.0
30 (33.0, 20.0) 54.0
31 (13.0, 36.0) 42.0
32 (31.0, 4.0) 74.0
33 (40.0, 6.0) 82.0
34 (33.0, 49.0) 31.0
35 (15.0, 22.0) 55.0
36 (40.0, 8.0) 34.0
37 (34.0, 45.0) 38.0
38 (30.0, 42.0) 60.0
39 (44.0, 21.0) 44.0
,
0 15 16 15 18 22 24 13 14 25 13 20 15 28 32 19 27 26 26 24 6 15 14 11 23 22 21 18 22 13 27 19 19 16 20 30 13 20 28 26 24 0
15 0 13 11 19 16 11 7 3 11 2 11 15 15 22 7 13 11 14 9 11 9 7 4 20 17 22 18 24 5 18 15 5 18 21 17 6 20 17 14 20 15
16 13 0 2 5 7 13 6 11 22 13 8 3 18 18 11 17 18 14 20 10 5 7 12 8 6 9 4 10 9 13 4 13 6 8 17 7 7 15 14 9 16
15 11 2 0 7 8 12 4 9 20 11 7 4 17 18 9 16 17 13 18 9 3 4 9 10 7 11 7 12 6 13 5 11 7 10 17 5 9 15 13 10 15
18 19 5 7 0 10 18 12 16 27 18 13 4 22 20 16 21 23 18 26 13 10 12 16 7 7 4 2 5 14 16 7 18 2 3 21 12 3 19 18 8 18
22 16 7 8 10 0 10 11 13 20 16 5 10 13 11 10 12 15 9 19 17 8 10 15 6 3 13 9 13 12 6 4 12 12 11 11 11 10 9 8 5 22
24 11 13 12 18 10 0 11 10 11 12 5 16 5 11 4 4 6 3 10 18 10 10 13 15 12 21 17 22 11 8 12 6 19 19 6 10 19 6 4 14 24
13 7 6 4 12 11 11 0 5 16 6 7 8 16 19 7 15 15 13 15 7 3 1 5 14 11 15 11 17 2 15 8 8 11 14 17 1 13 15 13 14 13
14 3 11 9 16 13 10 5 0 12 3 8 13 14 20 5 13 11 12 11 10 6 4 3 17 14 20 15 21 3 16 12 5 16 18 16 4 18 15 12 17 14
25 11 22 20 27 20 11 16 12 0 13 15 24 12 21 11 11 6 13 2 21 17 16 14 26 23 31 26 32 15 19 21 9 27 29 15 15 28 16 14 25 25
13 2 13 11 18 16 12 6 3 13 0 11 14 17 23 8 15 13 15 11 9 9 7 2 20 17 22 17 23 4 19 15 7 17 20 19 6 20 18 16 20 13
20 11 8 7 13 5 5 7 8 15 11 0 11 10 12 4 9 11 6 14 14 5 6 11 11 8 16 11 17 8 7 7 7 14 14 10 7 13 8 6 10 20
15 15 3 4 4 10 16 8 13 24 14 11 0 21 20 13 20 21 17 23 10 7 9 13 9 8 7 4 9 10 16 6 15 3 6 20 9 6 18 17 10 15
28 15 18 17 22 13 5 16 14 12 17 10 21 0 10 9 1 6 4 12 23 14 15 17 18 16 25 20 26 16 9 15 10 23 23 4 15 22 5 4 17 28
32 22 18 18 20 11 11 19 20 21 23 12 20 10 0 15 11 15 8 21 26 17 18 23 14 13 22 19 22 20 5 14 17 22 20 6 19 19 6 8 13 32
19 7 11 9 16 10 4 7 5 11 8 4 13 9 15 0 8 8 7 10 14 6 6 8 15 12 20 15 21 7 11 10 3 16 18 11 6 17 10 7 15 19
27 13 17 16 21 12 4 15 13 11 15 9 20 1 11 8 0 5 4 11 21 13 13 16 18 15 25 20 25 14 9 15 8 22 22 5 14 22 5 4 17 27
26 11 18 17 23 15 6 15 11 6 13 11 21 6 15 8 5 0 8 6 21 14 14 14 21 18 27 22 28 14 13 17 7 24 25 9 14 24 10 8 20 26
26 14 14 13 18 9 3 13 12 13 15 6 17 4 8 7 4 8 0 13 20 11 12 16 14 12 21 17 22 14 6 12 9 20 19 4 13 18 3 1 13 26
24 9 20 18 26 19 10 15 11 2 11 14 23 12 21 10 11 6 13 0 20 15 14 13 25 22 29 24 30 13 19 20 7 26 28 15 14 27 16 14 24 24
6 11 10 9 13 17 18 7 10 21 9 14 10 23 26 14 21 21 20 20 0 9 8 7 18 16 16 13 18 7 21 13 14 11 16 24 8 16 22 20 19 6
15 9 5 3 10 8 10 3 6 17 9 5 7 14 17 6 13 14 11 15 9 0 2 8 11 9 14 9 15 4 12 6 8 10 12 15 3 12 13 11 12 15
14 7 7 4 12 10 10 1 4 16 7 6 9 15 18 6 13 14 12 14 8 2 0 6 13 11 16 11 17 2 14 8 7 11 14 16 1 13 14 12 14 14
11 4 12 9 16 15 13 5 3 14 2 11 13 17 23 8 16 14 16 13 7 8 6 0 19 16 20 16 21 3 18 14 8 15 19 19 4 18 18 16 19 11
23 20 8 10 7 6 15 14 17 26 20 11 9 18 14 15 18 21 14 25 18 11 13 19 0 3 8 6 8 16 10 5 17 9 6 16 14 5 14 14 2 23
22 17 6 7 7 3 12 11 14 23 17 8 8 16 13 12 15 18 12 22 16 9 11 16 3 0 10 6 10 13 9 3 15 9 8 14 12 7 12 11 3 22
21 22 9 11 4 13 21 15 20 31 22 16 7 25 22 20 25 27 21 29 16 14 16 20 8 10 0 5 2 18 18 10 22 5 2 24 16 3 22 21 10 21
18 18 4 7 2 9 17 11 15 26 17 11 4 20 19 15 20 22 17 24 13 9 11 16 6 6 5 0 6 13 14 5 17 4 3 20 12 3 18 16 7 18
22 24 10 12 5 13 22 17 21 32 23 17 9 26 22 21 25 28 22 30 18 15 17 21 8 10 2 6 0 19 18 11 23 7 3 24 18 4 22 21 10 22
13 5 9 6 14 12 11 2 3 15 4 8 10 16 20 7 14 14 14 13 7 4 2 3 16 13 18 13 19 0 16 11 7 13 16 17 2 16 16 13 16 13
27 18 13 13 16 6 8 15 16 19 19 7 16 9 5 11 9 13 6 19 21 12 14 18 10 9 18 14 18 16 0 9 13 17 16 6 14 15 4 5 9 27
19 15 4 5 7 4 12 8 12 21 15 7 6 15 14 10 15 17 12 20 13 6 8 14 5 3 10 5 11 11 9 0 13 8 8 14 9 7 13 11 6 19
19 5 13 11 18 12 6 8 5 9 7 7 15 10 17 3 8 7 9 7 14 8 7 8 17 15 22 17 23 7 13 13 0 18 20 12 7 19 11 9 17 19
16 18 6 7 2 12 19 11 16 27 17 14 3 23 22 16 22 24 20 26 11 10 11 15 9 9 5 4 7 13 17 8 18 0 5 23 12 5 21 19 11 16
20 21 8 10 3 11 19 14 18 29 20 14 6 23 20 18 22 25 19 28 16 12 14 19 6 8 2 3 3 16 16 8 20 5 0 22 15 1 20 19 8 20
30 17 17 17 21 11 6 17 16 15 19 10 20 4 6 11 5 9 4 15 24 15 16 19 16 14 24 20 24 17 6 14 12 23 22 0 16 21 2 4 15 30
13 6 7 5 12 11 10 1 4 15 6 7 9 15 19 6 14 14 13 14 8 3 1 4 14 12 16 12 18 2 14 9 7 12 15 16 0 14 15 12 15 13
20 20 7 9 3 10 19 13 18 28 20 13 6 22 19 17 22 24 18 27 16 12 13 18 5 7 3 3 4 16 15 7 19 5 1 21 14 0 19 18 7 20
28 17 15 15 19 9 6 15 15 16 18 8 18 5 6 10 5 10 3 16 22 13 14 18 14 12 22 18 22 16 4 13 11 21 20 2 15 19 0 2 13 28
26 14 14 13 18 8 4 13 12 14 16 6 17 4 8 7 4 8 1 14 20 11 12 16 14 11 21 16 21 13 5 11 9 19 19 4 12 18 2 0 13 26
24 20 9 10 8 5 14 14 17 25 20 10 10 17 13 15 17 20 13 24 19 12 14 19 2 3 10 7 10 16 9 6 17 11 8 15 15 7 13 13 0 24
0 15 16 15 18 22 24 13 14 25 13 20 15 28 32 19 27 26 26 24 6 15 14 11 23 22 21 18 22 13 27 19 19 16 20 30 13 20 28 26 24 0
,
0 24 16 40 53 39 52 31 32 72 16 27 18 42 91 36 70 64 55 33 12 30 26 27 34 41 52 44 65 34 60 24 28 24 49 69 25 55 64 37 60 0
33 0 40 26 53 42 17 20 5 25 3 12 36 37 57 19 38 13 33 18 30 11 21 5 30 40 32 25 36 8 51 35 8 54 51 41 18 49 24 23 36 39
32 21 0 4 9 20 23 17 32 24 18 23 5 50 35 28 26 21 18 42 27 5 17 23 23 9 20 9 15 19 26 10 34 8 10 50 22 17 39 31 9 26
17 13 3 0 9 12 25 9 11 52 19 21 9 34 41 16 43 50 35 23 9 6 11 22 18 21 30 13 30 18 19 9 23 18 10 43 6 12 44 37 17 37
20 55 13 10 0 13 40 27 26 72 38 29 9 30 51 24 36 36 24 48 16 28 12 23 9 17 7 4 9 20 18 11 35 3 3 62 14 3 43 48 19 42
38 42 17 14 11 0 19 30 39 31 30 15 18 13 19 22 13 24 17 53 25 21 29 31 6 7 30 18 27 21 14 11 34 17 23 19 17 19 16 8 9 43
43 25 40 27 23 20 0 17 11 33 13 9 41 12 21 6 5 14 6 21 33 11 21 17 36 17 42 20 61 32 13 30 16 24 28 18 22 37 11 8 19 49
31 20 19 7 18 12 19 0 12 24 18 22 20 40 34 11 36 42 40 24 10 8 1 9 28 16 26 28 30 6 29 11 19 25 14 40 2 26 31 17 33 37
32 3 19 25 20 20 12 13 0 34 5 20 15 35 31 11 38 20 23 28 17 18 10 4 48 29 22 18 25 6 23 20 12 23 43 33 5 38 43 17 24 27
39 22 60 53 77 38 25 44 20 0 17 34 68 28 28 29 23 17 30 4 22 31 25 15 49 61 31 59 40 42 38 60 20 37 33 41 24 72 25 25 55 56
29 5 38 23 38 43 19 8 4 18 0 15 37 43 52 10 38 25 31 25 12 25 14 3 37 48 48 39 47 9 20 27 8 27 45 43 13 29 35 22 58 30
26 13 22 11 30 14 13 19 23 18 34 0 20 19 34 7 25 28 10 31 26 14 11 12 22 12 25 23 27 22 8 15 15 26 31 11 15 21 18 11 17 44
15 25 9 11 11 18 28 24 29 68 30 12 0 23 37 33 33 60 26 48 17 20 13 23 24 12 15 10 10 15 38 10 23 3 12 21 19 11 19 36 30 36
35 33 48 28 60 33 5 28 41 28 32 19 38 0 28 12 3 13 11 18 24 15 21 27 33 26 51 53 29 38 19 41 27 34 59 8 36 47 7 8 49 44
49 33 44 29 34 12 16 28 45 53 68 32 30 24 0 22 15 33 17 44 68 41 39 65 37 34 65 53 31 37 6 20 24 58 39 18 48 33 11 12 28 57
39 20 30 21 42 26 7 20 9 30 17 5 17 23 37 0 13 12 8 25 35 10 14 10 15 16 29 34 22 19 17 27 6 48 26 22 12 37 11 9 18 46
75 14 22 25 24 20 9 20 26 15 39 24 41 2 28 18 0 10 9 26 35 36 21 40 35 37 69 48 60 33 24 34 13 59 51 5 19 53 12 12 24 33
69 28 32 41 66 24 12 32 27 12 38 24 29 15 35 23 8 0 14 8 47 21 20 18 62 28 65 44 67 36 39 47 13 68 47 23 40 32 23 21 23 31
72 17 33 22 53 17 6 16 36 24 28 7 49 7 21 12 10 20 0 35 39 24 35 35 24 26 32 20 60 40 16 21 16 30 39 6 28 36 4 1 35 32
56 25 37 33 55 34 27 37 12 4 18 20 67 16 22 14 28 14 15 0 50 32 34 21 26 27 65 32 75 21 24 38 17 59 41 21 34 48 46 22 30 24
13 16 27 11 37 35 42 20 18 55 21 30 26 34 49 23 26 33 60 37 0 20 23 20 52 26 44 18 29 19 40 14 37 32 36 29 12 31 45 31 21 14
38 18 11 8 23 20 25 7 14 21 25 13 8 37 33 11 17 26 13 38 16 0 3 11 24 16 17 20 20 7 15 10 22 12 27 38 5 34 33 19 23 44
14 9 15 7 27 14 11 3 7 25 8 17 20 24 33 8 18 14 14 19 16 4 0 7 17 30 27 24 36 4 38 24 17 20 25 29 2 16 21 17 37 31
24 5 29 14 43 37 17 6 6 19 2 17 13 31 61 24 31 37 36 37 9 14 11 0 26 33 59 37 46 5 43 17 14 24 45 48 10 52 39 28 21 18
58 40 20 15 10 10 20 20 18 47 59 13 14 26 23 44 18 23 27 40 51 22 30 41 0 9 23 10 11 40 16 8 20 27 10 26 24 10 28 15 4 43
40 45 14 17 19 8 24 24 18 29 42 15 22 30 39 26 45 22 24 62 27 13 19 41 7 0 25 12 24 15 19 6 22 15 14 32 27 18 22 17 8 45
43 46 22 17 6 22 52 37 30 52 55 38 18 54 31 34 47 69 30 39 31 37 26 38 19 20 0 13 4 23 28 15 47 7 3 67 49 4 37 59 23 38
42 21 10 13 4 22 35 18 39 29 25 26 4 53 56 42 30 55 25 33 27 13 26 32 10 16 7 0 11 36 27 10 26 7 7 27 19 7 26 46 17 21
56 69 15 28 12 19 59 38 52 74 62 41 22 57 64 42 63 41 39 76 23 30 34 29 15 25 2 10 0 42 23 30 64 8 8 46 30 10 34 56 28 56
30 12 10 16 30 20 14 4 7 31 9 12 26 39 27 10 16 14 28 25 16 6 7 6 24 22 22 14 22 0 41 24 7 18 28 29 2 28 16 32 41 32
54 42 30 20 46 6 9 43 33 48 34 13 16 13 12 14 12 16 16 36 49 31 18 50 23 10 38 42 22 30 0 27 20 47 31 7 43 18 11 11 16 81
41 26 10 10 10 8 18 21 35 43 26 15 9 25 22 22 39 32 28 55 26 10 20 20 12 5 25 13 13 21 25 0 36 18 8 39 10 9 24 22 7 22
22 15 26 29 42 34 13 17 8 14 19 18 29 17 41 5 22 13 20 10 38 14 9 21 38 16 27 47 54 20 23 16 0 41 28 23 13 20 29 27 34 24
26 44 16 15 6 34 33 13 32 41 39 21 5 38 51 49 27 62 49 56 12 28 21 18 23 23 8 7 11 24 22 19 44 0 8 41 30 10 33 31 24 28
40 24 10 10 7 16 32 34 19 82 39 27 18 37 38 20 38 69 21 51 21 21 29 54 17 16 3 6 7 22 28 17 54 5 0 58 18 3 34 53 18 32
43 46 28 23 40 20 15 37 32 37 41 26 27 8 17 13 8 13 5 43 50 30 43 49 24 34 70 34 28 30 16 16 16 23 59 0 17 46 3 8 40 52
25 18 18 14 25 14 29 1 10 18 16 12 17 30 39 18 36 34 23 39 9 3 3 11 32 33 42 32 28 4 20 11 12 27 29 18 0 39 41 31 17 38
36 52 17 20 4 27 52 26 24 68 45 25 12 40 32 40 59 64 52 43 18 17 17 35 11 17 6 7 8 32 42 20 41 14 3 40 15 0 39 37 7 55
51 28 19 28 48 22 9 34 44 29 27 19 35 10 15 17 5 22 7 36 50 14 29 47 17 13 63 18 57 18 5 19 30 44 36 2 40 21 0 6 27 79
53 21 39 13 26 19 5 35 27 41 21 18 36 10 11 21 13 19 2 21 59 22 28 34 31 22 50 26 22 33 5 32 15 46 42 5 25 31 4 0 22 46
72 58 20 27 9 15 15 33 29 37 30 14 15 17 32 36 42 48 17 38 20 13 20 44 2 6 13 10 24 22 13 16 41 22 9 25 41 17 16 17 0 66
0 15 19 16 23 46 56 17 28 70 34 51 15 70 51 26 77 73 37 65 8 28 16 23 64 51 37 24 62 21 78 43 55 31 32 85 31 28 61 72 24 0