7
40
,
0 (23.0, 29.0) 20.0
1 (42.0, 8.0) 48.0
2 (27.0, 21.0) 19.0
3 (4.0, 20.0) 23.0
4 (24.0, 34.0) 11.0
5 (19.0, 6.0) 21.0
6 (31.0, 23.0) 18.0
7 (11.0, 42.0) 27.0
8 (15.0, 28.0) 16.0
9 (43.0, 38.0) 30.0
10 (17.0, 2.0) 10.0
11 (29.0, 40.0) 31.0
12 (45.0, 3.0) 11.0
13 (40.0, 30.0) 18.0
14 (17.0, 12.0) 19.0
15 (9.0, 16.0) 10.0
16 (31.0, 16.0) 27.0
17 (32.0, 20.0) 33.0
18 (10.0, 29.0) 21.0
19 (32.0, 42.0) 39.0
20 (33.0, 20.0) 18.0
21 (28.0, 47.0) 49.0
22 (47.0, 22.0) 12.0
23 (31.0, 41.0) 19.0
24 (30.0, 17.0) 33.0
25 (25.0, 27.0) 37.0
26 (49.0, 14.0) 47.0
27 (45.0, 17.0) 21.0
28 (38.0, 6.0) 22.0
29 (42.0, 1.0) 24.0
30 (22.0, 17.0) 37.0
31 (38.0, 28.0) 10.0
32 (49.0, 41.0) 11.0
33 (25.0, 32.0) 14.0
34 (1.0, 50.0) 34.0
35 (46.0, 18.0) 38.0
36 (21.0, 29.0) 15.0
37 (21.0, 41.0) 40.0
38 (25.0, 25.0) 39.0
39 (35.0, 24.0) 21.0
,
0 6 2 4 1 5 2 4 2 4 6 3 7 3 4 4 3 3 3 3 3 4 5 3 3 1 6 5 5 7 2 3 6 1 6 5 0 2 1 3
6 0 4 8 6 5 4 9 7 6 5 7 1 4 5 7 3 3 8 7 3 8 3 7 3 5 2 2 1 1 4 4 7 6 12 2 6 8 5 3
2 4 0 5 3 3 1 5 3 5 4 4 5 3 3 4 1 1 4 4 1 5 4 4 1 1 5 4 4 5 1 3 6 2 8 4 2 4 1 2
4 8 5 0 5 4 5 5 3 9 4 6 9 7 3 1 5 6 2 7 6 7 9 7 5 4 9 8 7 8 4 7 10 5 6 8 4 5 4 6
1 6 3 5 0 6 3 3 2 4 7 2 7 3 5 5 4 3 3 2 3 3 5 2 4 1 6 5 6 8 3 3 5 0 6 5 1 2 2 3
5 5 3 4 6 0 4 7 4 8 1 7 5 6 1 3 3 4 5 8 4 8 6 7 3 4 6 6 4 5 2 6 9 5 10 6 5 7 4 5
2 4 1 5 3 4 0 6 3 4 5 3 5 2 4 5 1 1 4 4 1 5 3 4 1 1 4 3 4 5 2 2 5 2 8 3 2 4 1 1
4 9 5 5 3 7 6 0 3 6 8 4 10 6 6 5 7 6 3 4 6 4 8 4 6 4 9 8 9 10 5 6 8 3 3 8 3 2 4 6
2 7 3 3 2 4 3 3 0 6 5 4 8 5 3 3 4 4 1 4 4 5 7 4 4 2 7 6 6 8 3 5 7 2 5 7 1 3 2 4
4 6 5 9 4 8 4 6 6 0 9 3 7 2 7 8 5 4 7 2 4 3 3 2 5 4 5 4 6 7 6 2 1 4 9 4 5 4 4 3
6 5 4 4 7 1 5 8 5 9 0 8 6 7 2 3 4 5 6 9 5 9 7 8 4 5 7 6 4 5 3 7 10 6 10 7 5 8 5 6
3 7 4 6 2 7 3 4 4 3 8 0 8 3 6 6 5 4 4 1 4 1 5 0 5 3 7 6 7 8 5 3 4 2 6 6 3 2 3 3
7 1 5 9 7 5 5 10 8 7 6 8 0 5 6 8 4 4 9 8 4 9 4 8 4 6 2 3 2 1 5 5 8 7 13 3 7 9 6 5
3 4 3 7 3 6 2 6 5 2 7 3 5 0 6 7 3 3 6 3 2 4 2 3 3 3 4 3 5 6 4 1 3 3 9 3 4 4 3 2
4 5 3 3 5 1 4 6 3 7 2 6 6 6 0 2 3 3 4 7 4 7 6 6 3 3 6 6 4 5 1 5 9 4 8 6 3 6 3 4
4 7 4 1 5 3 5 5 3 8 3 6 8 7 2 0 4 5 3 7 5 7 8 7 4 4 8 7 6 7 3 6 9 5 7 7 4 6 4 5
3 3 1 5 4 3 1 7 4 5 4 5 4 3 3 4 0 1 5 5 1 6 3 5 0 3 4 3 2 4 2 3 6 3 9 3 3 5 2 2
3 3 1 6 3 4 1 6 4 4 5 4 4 3 3 5 1 0 5 4 0 5 3 4 1 2 4 3 3 4 2 2 5 3 9 3 3 5 2 1
3 8 4 2 3 5 4 3 1 7 6 4 9 6 4 3 5 5 0 5 5 5 8 5 5 3 8 7 7 9 3 6 8 3 5 8 2 3 3 5
3 7 4 7 2 8 4 4 4 2 9 1 8 3 7 7 5 4 5 0 4 1 5 0 5 3 7 6 7 8 5 3 3 2 6 6 3 2 4 4
3 3 1 6 3 4 1 6 4 4 5 4 4 2 4 5 1 0 5 4 0 5 3 4 1 2 3 2 3 4 2 2 5 3 9 3 3 5 2 1
4 8 5 7 3 8 5 4 5 3 9 1 9 4 7 7 6 5 5 1 5 0 6 1 6 4 8 7 8 10 6 4 4 3 5 7 4 2 4 5
5 3 4 9 5 6 3 8 7 3 7 5 4 2 6 8 3 3 8 5 3 6 0 5 4 5 2 1 4 4 5 2 4 5 11 1 5 6 4 2
3 7 4 7 2 7 4 4 4 2 8 0 8 3 6 7 5 4 5 0 4 1 5 0 5 3 6 6 7 8 5 3 4 2 6 5 3 2 3 3
3 3 1 5 4 3 1 6 4 5 4 5 4 3 3 4 0 1 5 5 1 6 4 5 0 2 4 3 3 4 2 3 6 3 9 3 3 5 2 2
1 5 1 4 1 4 1 4 2 4 5 3 6 3 3 4 3 2 3 3 2 4 5 3 2 0 5 4 5 6 2 3 6 1 7 5 1 3 0 2
6 2 5 9 6 6 4 9 7 5 7 7 2 4 6 8 4 4 8 7 3 8 2 6 4 5 0 1 3 3 5 4 5 6 12 1 6 8 5 3
5 2 4 8 5 6 3 8 6 4 6 6 3 3 6 7 3 3 7 6 2 7 1 6 3 4 1 0 3 3 5 3 5 5 11 0 5 7 4 2
5 1 4 7 6 4 4 9 6 6 4 7 2 5 4 6 2 3 7 7 3 8 4 7 3 5 3 3 0 1 4 4 7 6 11 3 6 8 5 4
7 1 5 8 8 5 5 10 8 7 5 8 1 6 5 7 4 4 9 8 4 10 4 8 4 6 3 3 1 0 5 5 8 7 13 3 7 9 6 5
2 4 1 4 3 2 2 5 3 6 3 5 5 4 1 3 2 2 3 5 2 6 5 5 2 2 5 5 4 5 0 4 7 3 8 5 2 5 2 3
3 4 3 7 3 6 2 6 5 2 7 3 5 1 5 6 3 2 6 3 2 4 2 3 3 3 4 3 4 5 4 0 3 3 9 3 3 4 3 1
6 7 6 10 5 9 5 8 7 1 10 4 8 3 9 9 6 5 8 3 5 4 4 4 6 6 5 5 7 8 7 3 0 5 10 5 6 6 6 4
1 6 2 5 0 5 2 3 2 4 6 2 7 3 4 5 3 3 3 2 3 3 5 2 3 1 6 5 6 7 3 3 5 0 6 5 1 2 1 3
6 12 8 6 6 10 8 3 5 9 10 6 13 9 8 7 9 9 5 6 9 5 11 6 9 7 12 11 11 13 8 9 10 6 0 11 6 4 7 9
5 2 4 8 5 6 3 8 7 4 7 6 3 3 6 7 3 3 8 6 3 7 1 5 3 5 1 0 3 3 5 3 5 5 11 0 5 7 4 3
0 6 2 4 1 5 2 3 1 5 5 3 7 4 3 4 3 3 2 3 3 4 5 3 3 1 6 5 6 7 2 3 6 1 6 5 0 2 1 3
2 8 4 5 2 7 4 2 3 4 8 2 9 4 6 6 5 5 3 2 5 2 6 2 5 3 8 7 8 9 5 4 6 2 4 7 2 0 3 4
1 5 1 4 2 4 1 4 2 4 5 3 6 3 3 4 2 2 3 4 2 4 4 3 2 0 5 4 5 6 2 3 6 1 7 4 1 3 0 2
3 3 2 6 3 5 1 6 4 3 6 3 5 2 4 5 2 1 5 4 1 5 2 3 2 2 3 2 4 5 3 1 4 3 9 3 3 4 2 0
,
0 20 9 31 3 16 12 20 5 17 19 10 46 18 18 26 17 16 7 15 13 19 23 9 15 3 41 21 28 45 12 8 32 4 25 17 1 6 3 16
20 0 26 56 46 15 20 47 48 22 19 32 6 23 28 28 13 21 46 36 13 62 19 32 21 13 8 6 5 8 21 11 47 16 60 5 25 50 33 15
7 26 0 26 12 23 3 26 13 25 15 15 19 15 15 20 9 6 17 28 5 29 21 19 6 5 26 25 20 26 6 15 20 9 37 19 8 24 2 12
21 24 22 0 16 14 14 31 18 49 20 41 36 50 12 9 37 19 8 32 38 30 46 33 20 20 64 38 51 44 11 30 41 16 19 26 10 28 12 44
4 45 11 30 0 27 8 18 8 21 24 11 24 21 23 33 21 14 9 10 9 15 37 11 18 5 23 19 21 23 23 20 31 2 18 39 3 8 5 17
25 13 21 14 36 0 17 55 17 45 4 43 34 26 8 17 16 24 33 20 15 38 44 34 10 23 38 36 19 21 15 25 35 23 52 30 25 37 23 32
10 16 4 30 18 22 0 21 20 16 15 26 18 7 14 34 4 4 18 25 3 19 10 19 3 4 16 19 21 27 8 7 32 10 39 17 8 16 6 3
14 46 24 13 15 26 39 0 9 20 21 12 61 28 34 16 31 23 9 24 37 23 28 22 24 21 37 23 50 35 33 43 36 25 7 62 12 8 23 28
5 37 18 19 14 14 10 19 0 37 20 16 50 33 20 17 20 23 6 21 16 26 23 11 21 15 37 24 36 23 12 34 21 14 38 18 6 10 12 20
13 36 31 28 12 42 13 25 24 0 44 21 29 7 29 36 23 17 35 7 13 23 9 12 34 19 24 23 20 24 24 7 5 26 62 24 23 19 12 18
20 24 32 14 28 2 31 41 29 53 0 49 21 45 9 17 14 33 15 27 14 42 45 57 13 23 48 30 12 17 13 40 38 25 50 33 37 49 25 30
11 45 27 44 4 27 18 9 19 8 25 0 26 12 37 47 19 24 32 4 14 8 31 2 35 17 24 28 38 50 25 9 10 11 22 32 17 11 10 17
36 7 35 61 27 21 16 70 25 27 26 49 0 27 16 37 25 17 43 58 28 67 22 40 23 29 15 14 6 2 30 24 43 47 80 8 22 37 36 30
22 14 23 46 12 22 17 44 26 8 47 17 39 0 15 27 22 10 26 20 13 18 14 12 24 13 25 19 30 20 31 3 18 9 34 15 28 16 23 9
14 23 9 10 33 8 10 35 16 34 8 25 18 40 0 6 15 21 14 42 11 24 20 17 13 24 35 15 12 16 5 38 53 23 31 25 23 32 17 11
28 24 22 7 18 15 30 18 10 59 14 21 27 35 6 0 16 18 10 44 32 23 49 27 17 19 29 48 32 46 17 45 49 31 19 41 26 26 20 41
19 9 8 15 26 8 8 27 14 16 11 15 20 21 8 24 0 6 23 27 3 29 16 23 2 8 16 12 17 27 10 12 19 13 53 17 11 20 13 9
10 21 5 26 15 18 4 30 14 13 16 28 15 11 23 34 5 0 15 11 1 35 13 31 4 11 11 17 21 19 5 14 26 16 58 20 9 24 10 7
16 32 26 13 10 26 12 17 7 43 38 12 41 31 24 15 33 18 0 29 16 27 34 13 21 12 48 37 51 58 19 26 58 8 12 30 16 16 22 36
19 39 24 33 17 40 14 18 29 7 60 2 52 10 34 43 24 17 27 0 26 8 23 2 24 23 38 18 23 35 16 23 20 9 22 37 20 12 12 20
16 19 3 39 9 16 5 22 19 22 21 11 31 11 11 28 3 1 18 13 0 22 10 30 3 15 18 13 10 21 10 6 38 10 61 16 16 28 13 2
19 21 22 29 8 42 32 13 25 22 32 6 51 21 41 25 39 40 38 4 39 0 43 10 18 13 44 38 36 67 28 23 12 20 21 18 29 7 14 13
20 13 17 42 34 21 11 27 28 12 44 28 20 9 19 26 19 15 51 35 13 16 0 18 24 22 9 4 26 29 37 15 21 14 66 3 17 46 20 17
15 37 28 29 6 30 26 26 23 17 56 3 23 17 46 32 19 14 28 2 28 8 19 0 30 11 35 33 51 30 30 8 24 8 38 23 9 12 13 12
11 19 4 37 10 20 6 33 21 32 28 21 26 20 15 28 1 4 28 18 3 22 16 15 0 13 10 19 12 25 6 15 22 14 38 13 8 34 8 5
3 34 6 15 10 18 4 15 6 18 32 9 19 13 9 28 16 13 22 17 6 21 12 17 7 0 21 29 35 36 10 10 38 5 40 24 3 16 2 7
15 8 27 31 35 41 17 24 43 36 39 41 6 12 28 46 22 25 22 47 14 35 5 25 14 28 0 6 7 16 28 13 30 17 70 6 30 39 18 14
37 6 20 53 39 16 12 23 40 22 38 34 16 17 28 30 12 10 50 31 9 40 5 18 16 14 3 0 16 18 25 13 13 31 79 2 35 30 22 10
40 6 24 37 23 17 11 47 24 37 17 24 8 22 27 35 10 20 40 28 7 47 10 35 16 16 19 10 0 9 17 19 52 18 62 17 36 38 25 11
47 4 33 49 52 32 37 31 43 27 24 61 2 19 41 49 25 12 35 49 27 64 29 57 13 42 13 10 5 0 25 22 52 38 92 26 18 31 39 29
15 24 5 24 22 17 12 35 15 44 9 21 39 14 6 7 9 15 18 19 12 41 30 37 12 12 34 17 27 23 0 24 23 9 20 15 16 35 11 12
21 26 7 30 18 33 5 29 24 16 24 22 23 3 37 19 8 11 20 21 5 28 10 19 14 18 24 14 15 27 18 0 14 14 53 18 9 19 9 3
35 33 24 46 26 37 30 38 52 8 34 21 45 13 33 53 27 24 39 18 38 12 22 21 34 34 40 30 32 58 22 19 0 37 58 32 27 29 38 26
4 41 14 22 3 30 12 18 11 23 32 6 49 10 16 20 25 20 20 12 11 12 19 11 21 4 24 35 40 26 22 19 14 0 20 19 4 9 10 7
34 55 51 23 21 40 28 12 21 55 55 16 56 29 53 50 42 31 30 43 36 38 28 23 50 48 52 54 39 39 37 25 26 38 0 59 15 13 45 31
17 15 13 25 31 31 18 47 43 26 41 28 20 10 36 28 19 11 27 26 14 46 3 31 8 12 7 2 18 15 18 13 24 23 41 0 41 43 30 7
2 18 11 17 3 23 7 10 6 27 14 12 48 14 21 13 17 15 15 20 15 25 14 23 19 6 22 32 31 28 16 23 43 5 43 37 0 17 3 9
10 47 13 15 5 28 28 13 17 15 56 11 36 14 17 24 17 24 13 9 15 8 20 7 21 8 47 28 48 58 17 11 35 14 26 48 10 0 22 17
4 21 6 30 10 24 4 28 14 26 21 21 32 13 14 13 15 12 23 15 8 22 18 21 12 3 21 28 22 36 7 18 39 9 23 11 6 14 0 6
11 16 9 44 13 14 6 40 29 24 36 24 17 11 30 29 6 5 31 17 4 22 14 25 8 13 13 10 10 29 11 4 29 10 31 12 14 27 7 0