7
40
,
0 (23.0, 29.0) 16.0
1 (42.0, 8.0) 11.0
2 (27.0, 21.0) 18.0
3 (4.0, 20.0) 20.0
4 (24.0, 34.0) 19.0
5 (19.0, 6.0) 16.0
6 (31.0, 23.0) 47.0
7 (11.0, 42.0) 38.0
8 (15.0, 28.0) 40.0
9 (43.0, 38.0) 16.0
10 (17.0, 2.0) 31.0
11 (29.0, 40.0) 19.0
12 (45.0, 3.0) 32.0
13 (40.0, 30.0) 15.0
14 (17.0, 12.0) 16.0
15 (9.0, 16.0) 36.0
16 (31.0, 16.0) 30.0
17 (32.0, 20.0) 40.0
18 (10.0, 29.0) 14.0
19 (32.0, 42.0) 26.0
20 (33.0, 20.0) 19.0
21 (28.0, 47.0) 14.0
22 (47.0, 22.0) 39.0
23 (31.0, 41.0) 50.0
24 (30.0, 17.0) 26.0
25 (25.0, 27.0) 48.0
26 (49.0, 14.0) 12.0
27 (45.0, 17.0) 50.0
28 (38.0, 6.0) 22.0
29 (42.0, 1.0) 28.0
30 (22.0, 17.0) 12.0
31 (38.0, 28.0) 41.0
32 (49.0, 41.0) 16.0
33 (25.0, 32.0) 33.0
34 (1.0, 50.0) 16.0
35 (46.0, 18.0) 46.0
36 (21.0, 29.0) 32.0
37 (21.0, 41.0) 12.0
38 (25.0, 25.0) 23.0
39 (35.0, 24.0) 26.0
,
0 6 2 4 1 5 2 4 2 4 6 3 7 3 4 4 3 3 3 3 3 4 5 3 3 1 6 5 5 7 2 3 6 1 6 5 0 2 1 3
6 0 4 8 6 5 4 9 7 6 5 7 1 4 5 7 3 3 8 7 3 8 3 7 3 5 2 2 1 1 4 4 7 6 12 2 6 8 5 3
2 4 0 5 3 3 1 5 3 5 4 4 5 3 3 4 1 1 4 4 1 5 4 4 1 1 5 4 4 5 1 3 6 2 8 4 2 4 1 2
4 8 5 0 5 4 5 5 3 9 4 6 9 7 3 1 5 6 2 7 6 7 9 7 5 4 9 8 7 8 4 7 10 5 6 8 4 5 4 6
1 6 3 5 0 6 3 3 2 4 7 2 7 3 5 5 4 3 3 2 3 3 5 2 4 1 6 5 6 8 3 3 5 0 6 5 1 2 2 3
5 5 3 4 6 0 4 7 4 8 1 7 5 6 1 3 3 4 5 8 4 8 6 7 3 4 6 6 4 5 2 6 9 5 10 6 5 7 4 5
2 4 1 5 3 4 0 6 3 4 5 3 5 2 4 5 1 1 4 4 1 5 3 4 1 1 4 3 4 5 2 2 5 2 8 3 2 4 1 1
4 9 5 5 3 7 6 0 3 6 8 4 10 6 6 5 7 6 3 4 6 4 8 4 6 4 9 8 9 10 5 6 8 3 3 8 3 2 4 6
2 7 3 3 2 4 3 3 0 6 5 4 8 5 3 3 4 4 1 4 4 5 7 4 4 2 7 6 6 8 3 5 7 2 5 7 1 3 2 4
4 6 5 9 4 8 4 6 6 0 9 3 7 2 7 8 5 4 7 2 4 3 3 2 5 4 5 4 6 7 6 2 1 4 9 4 5 4 4 3
6 5 4 4 7 1 5 8 5 9 0 8 6 7 2 3 4 5 6 9 5 9 7 8 4 5 7 6 4 5 3 7 10 6 10 7 5 8 5 6
3 7 4 6 2 7 3 4 4 3 8 0 8 3 6 6 5 4 4 1 4 1 5 0 5 3 7 6 7 8 5 3 4 2 6 6 3 2 3 3
7 1 5 9 7 5 5 10 8 7 6 8 0 5 6 8 4 4 9 8 4 9 4 8 4 6 2 3 2 1 5 5 8 7 13 3 7 9 6 5
3 4 3 7 3 6 2 6 5 2 7 3 5 0 6 7 3 3 6 3 2 4 2 3 3 3 4 3 5 6 4 1 3 3 9 3 4 4 3 2
4 5 3 3 5 1 4 6 3 7 2 6 6 6 0 2 3 3 4 7 4 7 6 6 3 3 6 6 4 5 1 5 9 4 8 6 3 6 3 4
4 7 4 1 5 3 5 5 3 8 3 6 8 7 2 0 4 5 3 7 5 7 8 7 4 4 8 7 6 7 3 6 9 5 7 7 4 6 4 5
3 3 1 5 4 3 1 7 4 5 4 5 4 3 3 4 0 1 5 5 1 6 3 5 0 3 4 3 2 4 2 3 6 3 9 3 3 5 2 2
3 3 1 6 3 4 1 6 4 4 5 4 4 3 3 5 1 0 5 4 0 5 3 4 1 2 4 3 3 4 2 2 5 3 9 3 3 5 2 1
3 8 4 2 3 5 4 3 1 7 6 4 9 6 4 3 5 5 0 5 5 5 8 5 5 3 8 7 7 9 3 6 8 3 5 8 2 3 3 5
3 7 4 7 2 8 4 4 4 2 9 1 8 3 7 7 5 4 5 0 4 1 5 0 5 3 7 6 7 8 5 3 3 2 6 6 3 2 4 4
3 3 1 6 3 4 1 6 4 4 5 4 4 2 4 5 1 0 5 4 0 5 3 4 1 2 3 2 3 4 2 2 5 3 9 3 3 5 2 1
4 8 5 7 3 8 5 4 5 3 9 1 9 4 7 7 6 5 5 1 5 0 6 1 6 4 8 7 8 10 6 4 4 3 5 7 4 2 4 5
5 3 4 9 5 6 3 8 7 3 7 5 4 2 6 8 3 3 8 5 3 6 0 5 4 5 2 1 4 4 5 2 4 5 11 1 5 6 4 2
3 7 4 7 2 7 4 4 4 2 8 0 8 3 6 7 5 4 5 0 4 1 5 0 5 3 6 6 7 8 5 3 4 2 6 5 3 2 3 3
3 3 1 5 4 3 1 6 4 5 4 5 4 3 3 4 0 1 5 5 1 6 4 5 0 2 4 3 3 4 2 3 6 3 9 3 3 5 2 2
1 5 1 4 1 4 1 4 2 4 5 3 6 3 3 4 3 2 3 3 2 4 5 3 2 0 5 4 5 6 2 3 6 1 7 5 1 3 0 2
6 2 5 9 6 6 4 9 7 5 7 7 2 4 6 8 4 4 8 7 3 8 2 6 4 5 0 1 3 3 5 4 5 6 12 1 6 8 5 3
5 2 4 8 5 6 3 8 6 4 6 6 3 3 6 7 3 3 7 6 2 7 1 6 3 4 1 0 3 3 5 3 5 5 11 0 5 7 4 2
5 1 4 7 6 4 4 9 6 6 4 7 2 5 4 6 2 3 7 7 3 8 4 7 3 5 3 3 0 1 4 4 7 6 11 3 6 8 5 4
7 1 5 8 8 5 5 10 8 7 5 8 1 6 5 7 4 4 9 8 4 10 4 8 4 6 3 3 1 0 5 5 8 7 13 3 7 9 6 5
2 4 1 4 3 2 2 5 3 6 3 5 5 4 1 3 2 2 3 5 2 6 5 5 2 2 5 5 4 5 0 4 7 3 8 5 2 5 2 3
3 4 3 7 3 6 2 6 5 2 7 3 5 1 5 6 3 2 6 3 2 4 2 3 3 3 4 3 4 5 4 0 3 3 9 3 3 4 3 1
6 7 6 10 5 9 5 8 7 1 10 4 8 3 9 9 6 5 8 3 5 4 4 4 6 6 5 5 7 8 7 3 0 5 10 5 6 6 6 4
1 6 2 5 0 5 2 3 2 4 6 2 7 3 4 5 3 3 3 2 3 3 5 2 3 1 6 5 6 7 3 3 5 0 6 5 1 2 1 3
6 12 8 6 6 10 8 3 5 9 10 6 13 9 8 7 9 9 5 6 9 5 11 6 9 7 12 11 11 13 8 9 10 6 0 11 6 4 7 9
5 2 4 8 5 6 3 8 7 4 7 6 3 3 6 7 3 3 8 6 3 7 1 5 3 5 1 0 3 3 5 3 5 5 11 0 5 7 4 3
0 6 2 4 1 5 2 3 1 5 5 3 7 4 3 4 3 3 2 3 3 4 5 3 3 1 6 5 6 7 2 3 6 1 6 5 0 2 1 3
2 8 4 5 2 7 4 2 3 4 8 2 9 4 6 6 5 5 3 2 5 2 6 2 5 3 8 7 8 9 5 4 6 2 4 7 2 0 3 4
1 5 1 4 2 4 1 4 2 4 5 3 6 3 3 4 2 2 3 4 2 4 4 3 2 0 5 4 5 6 2 3 6 1 7 4 1 3 0 2
3 3 2 6 3 5 1 6 4 3 6 3 5 2 4 5 2 1 5 4 1 5 2 3 2 2 3 2 4 5 3 1 4 3 9 3 3 4 2 0
,
0 25 11 18 4 14 13 22 11 25 29 16 50 12 25 28 12 13 14 20 20 13 25 12 17 3 15 33 22 48 13 12 40 4 16 18 1 16 5 15
32 0 21 40 47 16 22 44 22 22 25 32 5 14 29 25 17 10 52 51 16 52 11 34 15 23 8 5 5 7 20 25 46 27 57 11 22 41 29 18
5 23 0 32 16 14 6 27 16 25 11 27 21 14 20 15 10 7 12 32 4 22 13 19 6 8 29 13 23 23 6 18 26 12 22 23 14 20 5 13
26 25 16 0 17 18 25 29 20 64 18 28 22 50 19 5 24 19 7 35 29 44 64 43 33 18 46 22 38 43 10 28 41 16 16 39 18 17 14 29
5 39 20 23 0 23 18 15 6 16 27 7 36 14 33 28 12 23 11 12 20 18 33 10 18 6 24 37 34 51 14 18 21 2 26 30 4 9 11 16
34 14 11 29 42 0 15 55 13 33 6 26 16 23 4 17 21 22 25 50 24 29 21 47 14 13 29 18 21 35 17 33 37 23 62 34 31 44 27 28
7 23 2 28 11 13 0 39 17 20 24 15 29 12 24 18 7 4 28 15 4 15 23 10 9 4 21 8 24 26 10 4 25 13 21 22 15 30 9 5
16 62 35 14 11 50 22 0 10 29 34 18 47 25 41 24 26 32 13 25 28 15 48 23 27 24 66 22 46 63 37 45 24 23 10 44 21 11 20 34
9 42 12 7 8 27 21 14 0 35 38 10 38 30 19 17 14 11 3 23 14 27 18 13 14 8 23 23 44 48 14 25 55 14 33 26 7 8 9 26
16 28 24 63 25 38 15 38 39 0 30 16 47 5 47 46 36 29 19 6 24 26 11 16 34 12 30 11 27 41 38 13 7 18 62 22 34 21 20 21
19 15 27 29 42 3 26 40 36 23 0 53 40 40 15 15 10 22 42 23 25 30 26 59 21 25 47 36 14 37 23 31 74 45 26 41 24 30 18 24
16 33 13 21 6 34 13 17 21 19 24 0 26 8 33 29 25 30 13 2 26 5 29 2 26 11 22 40 30 28 20 11 29 12 20 18 18 11 13 23
46 3 23 51 51 34 15 65 46 42 19 43 0 14 25 29 23 20 22 32 20 27 17 45 21 22 17 14 5 3 23 36 33 18 89 22 30 46 38 31
24 26 21 42 12 30 9 34 21 6 30 18 35 0 26 47 17 18 16 21 10 11 11 13 11 14 16 10 21 29 25 4 12 10 59 13 19 16 15 4
18 27 19 12 14 4 18 45 21 31 15 23 16 33 0 5 17 23 9 41 25 50 37 18 8 11 23 16 32 39 8 29 54 21 21 36 17 16 17 28
16 21 14 9 21 17 14 29 17 23 22 22 51 50 5 0 30 35 8 24 15 19 49 26 15 27 51 50 44 33 14 26 45 18 37 42 11 16 16 34
19 16 7 31 15 11 9 21 28 14 11 17 17 19 9 26 0 5 33 28 6 18 9 24 2 14 26 18 11 9 8 9 40 11 44 14 18 20 8 10
7 12 4 31 10 20 2 17 14 11 12 30 22 10 20 33 5 0 14 29 1 41 15 26 4 13 14 13 14 15 11 7 40 16 37 20 8 31 11 7
16 55 26 12 16 23 14 10 4 30 40 22 63 20 10 7 15 17 0 35 29 15 23 22 32 12 27 52 24 26 15 31 59 11 19 46 16 11 18 20
19 19 21 21 14 56 13 15 16 15 57 5 56 21 36 49 31 31 16 0 15 5 13 2 18 15 21 21 20 49 37 14 13 11 27 27 10 12 21 18
20 17 6 40 21 16 3 34 24 15 27 11 30 10 11 32 6 1 25 17 0 36 13 31 6 6 10 11 14 21 8 12 29 16 63 10 18 28 13 5
23 53 32 41 12 40 26 16 33 18 29 7 45 28 45 35 44 32 32 9 26 0 25 4 28 17 53 47 26 64 39 17 14 15 14 47 20 5 18 31
23 21 16 30 13 45 14 22 17 14 40 17 21 7 35 28 19 13 51 22 20 31 0 16 12 14 12 7 21 20 23 14 14 23 54 3 20 17 33 6
17 45 23 47 10 39 21 18 20 8 61 2 39 8 41 28 37 17 26 2 15 4 14 0 36 23 29 19 44 39 37 12 23 11 30 19 23 9 18 22
10 15 4 25 16 23 4 38 22 19 28 25 17 13 21 31 1 3 16 13 5 37 19 19 0 13 10 13 15 30 6 11 41 12 64 12 13 33 7 8
4 29 6 21 10 17 6 14 8 16 21 16 30 13 10 16 14 9 11 19 9 27 18 22 6 0 32 30 29 35 7 16 34 5 43 25 5 13 1 11
19 7 31 49 16 32 29 30 24 25 34 23 6 27 18 25 14 10 56 43 14 20 7 45 19 31 0 7 13 12 14 24 19 45 66 6 29 47 25 21
14 8 11 35 30 38 20 26 29 22 42 36 9 10 23 39 19 11 45 35 15 34 3 23 13 27 6 0 10 9 23 14 17 30 49 2 33 22 31 15
22 5 15 22 24 14 16 39 17 40 12 51 8 14 24 20 15 15 49 48 15 28 20 32 12 12 12 18 0 4 11 14 50 36 39 13 37 48 29 26
28 6 36 62 51 15 15 43 36 32 33 54 2 38 34 49 25 28 51 46 19 27 22 34 29 34 10 12 8 0 35 39 47 52 64 24 49 41 24 27
12 32 4 12 23 8 11 40 7 29 24 26 35 16 10 9 11 12 19 24 15 43 22 37 8 7 33 26 13 22 0 23 37 14 23 26 9 34 7 19
21 22 19 33 19 25 13 31 22 17 38 21 29 2 25 44 20 12 24 11 5 20 11 12 8 18 14 9 29 38 22 0 19 16 42 6 23 22 13 7
39 35 44 39 19 62 13 51 22 6 36 16 32 18 50 61 21 40 26 18 33 33 17 25 40 27 20 18 34 46 38 12 0 16 44 24 16 17 20 30
3 23 8 17 3 24 7 18 12 12 41 11 26 10 26 22 22 9 20 14 16 20 29 8 12 6 25 29 41 20 8 20 21 0 16 25 4 13 8 10
38 57 27 38 30 68 24 12 26 47 68 31 81 65 34 38 56 24 14 26 32 36 72 25 44 40 45 33 79 45 53 57 46 35 0 70 24 28 49 22
15 7 14 62 25 34 19 47 23 12 38 17 19 14 17 45 10 18 40 35 17 40 5 36 18 25 5 1 14 14 30 19 14 32 40 0 37 48 24 11
1 25 13 18 8 24 15 20 5 20 17 18 32 20 13 20 9 11 8 22 22 18 37 9 22 5 35 21 36 21 14 11 20 6 33 38 0 15 8 8
17 30 11 16 7 37 17 5 9 17 40 10 30 11 18 40 14 13 9 9 15 13 35 13 34 8 38 33 40 24 26 24 37 11 30 32 10 0 14 28
4 19 6 28 10 27 7 29 14 15 18 17 18 17 19 11 14 11 10 18 7 32 14 23 12 1 36 22 25 20 6 18 15 6 36 19 4 22 0 15
12 22 12 38 9 19 3 20 20 13 30 25 31 11 29 34 11 7 13 16 6 21 8 16 12 7 24 8 23 19 15 7 18 10 35 16 9 17 14 0