7
40
,
0 (23.0, 29.0) 14.0
1 (42.0, 8.0) 28.0
2 (27.0, 21.0) 43.0
3 (4.0, 20.0) 29.0
4 (24.0, 34.0) 42.0
5 (19.0, 6.0) 37.0
6 (31.0, 23.0) 39.0
7 (11.0, 42.0) 26.0
8 (15.0, 28.0) 42.0
9 (43.0, 38.0) 31.0
10 (17.0, 2.0) 15.0
11 (29.0, 40.0) 42.0
12 (45.0, 3.0) 27.0
13 (40.0, 30.0) 17.0
14 (17.0, 12.0) 39.0
15 (9.0, 16.0) 17.0
16 (31.0, 16.0) 44.0
17 (32.0, 20.0) 26.0
18 (10.0, 29.0) 31.0
19 (32.0, 42.0) 23.0
20 (33.0, 20.0) 33.0
21 (28.0, 47.0) 47.0
22 (47.0, 22.0) 10.0
23 (31.0, 41.0) 17.0
24 (30.0, 17.0) 10.0
25 (25.0, 27.0) 28.0
26 (49.0, 14.0) 22.0
27 (45.0, 17.0) 25.0
28 (38.0, 6.0) 14.0
29 (42.0, 1.0) 31.0
30 (22.0, 17.0) 45.0
31 (38.0, 28.0) 12.0
32 (49.0, 41.0) 48.0
33 (25.0, 32.0) 42.0
34 (1.0, 50.0) 37.0
35 (46.0, 18.0) 11.0
36 (21.0, 29.0) 12.0
37 (21.0, 41.0) 18.0
38 (25.0, 25.0) 12.0
39 (35.0, 24.0) 42.0
,
0 6 2 4 1 5 2 4 2 4 6 3 7 3 4 4 3 3 3 3 3 4 5 3 3 1 6 5 5 7 2 3 6 1 6 5 0 2 1 3
6 0 4 8 6 5 4 9 7 6 5 7 1 4 5 7 3 3 8 7 3 8 3 7 3 5 2 2 1 1 4 4 7 6 12 2 6 8 5 3
2 4 0 5 3 3 1 5 3 5 4 4 5 3 3 4 1 1 4 4 1 5 4 4 1 1 5 4 4 5 1 3 6 2 8 4 2 4 1 2
4 8 5 0 5 4 5 5 3 9 4 6 9 7 3 1 5 6 2 7 6 7 9 7 5 4 9 8 7 8 4 7 10 5 6 8 4 5 4 6
1 6 3 5 0 6 3 3 2 4 7 2 7 3 5 5 4 3 3 2 3 3 5 2 4 1 6 5 6 8 3 3 5 0 6 5 1 2 2 3
5 5 3 4 6 0 4 7 4 8 1 7 5 6 1 3 3 4 5 8 4 8 6 7 3 4 6 6 4 5 2 6 9 5 10 6 5 7 4 5
2 4 1 5 3 4 0 6 3 4 5 3 5 2 4 5 1 1 4 4 1 5 3 4 1 1 4 3 4 5 2 2 5 2 8 3 2 4 1 1
4 9 5 5 3 7 6 0 3 6 8 4 10 6 6 5 7 6 3 4 6 4 8 4 6 4 9 8 9 10 5 6 8 3 3 8 3 2 4 6
2 7 3 3 2 4 3 3 0 6 5 4 8 5 3 3 4 4 1 4 4 5 7 4 4 2 7 6 6 8 3 5 7 2 5 7 1 3 2 4
4 6 5 9 4 8 4 6 6 0 9 3 7 2 7 8 5 4 7 2 4 3 3 2 5 4 5 4 6 7 6 2 1 4 9 4 5 4 4 3
6 5 4 4 7 1 5 8 5 9 0 8 6 7 2 3 4 5 6 9 5 9 7 8 4 5 7 6 4 5 3 7 10 6 10 7 5 8 5 6
3 7 4 6 2 7 3 4 4 3 8 0 8 3 6 6 5 4 4 1 4 1 5 0 5 3 7 6 7 8 5 3 4 2 6 6 3 2 3 3
7 1 5 9 7 5 5 10 8 7 6 8 0 5 6 8 4 4 9 8 4 9 4 8 4 6 2 3 2 1 5 5 8 7 13 3 7 9 6 5
3 4 3 7 3 6 2 6 5 2 7 3 5 0 6 7 3 3 6 3 2 4 2 3 3 3 4 3 5 6 4 1 3 3 9 3 4 4 3 2
4 5 3 3 5 1 4 6 3 7 2 6 6 6 0 2 3 3 4 7 4 7 6 6 3 3 6 6 4 5 1 5 9 4 8 6 3 6 3 4
4 7 4 1 5 3 5 5 3 8 3 6 8 7 2 0 4 5 3 7 5 7 8 7 4 4 8 7 6 7 3 6 9 5 7 7 4 6 4 5
3 3 1 5 4 3 1 7 4 5 4 5 4 3 3 4 0 1 5 5 1 6 3 5 0 3 4 3 2 4 2 3 6 3 9 3 3 5 2 2
3 3 1 6 3 4 1 6 4 4 5 4 4 3 3 5 1 0 5 4 0 5 3 4 1 2 4 3 3 4 2 2 5 3 9 3 3 5 2 1
3 8 4 2 3 5 4 3 1 7 6 4 9 6 4 3 5 5 0 5 5 5 8 5 5 3 8 7 7 9 3 6 8 3 5 8 2 3 3 5
3 7 4 7 2 8 4 4 4 2 9 1 8 3 7 7 5 4 5 0 4 1 5 0 5 3 7 6 7 8 5 3 3 2 6 6 3 2 4 4
3 3 1 6 3 4 1 6 4 4 5 4 4 2 4 5 1 0 5 4 0 5 3 4 1 2 3 2 3 4 2 2 5 3 9 3 3 5 2 1
4 8 5 7 3 8 5 4 5 3 9 1 9 4 7 7 6 5 5 1 5 0 6 1 6 4 8 7 8 10 6 4 4 3 5 7 4 2 4 5
5 3 4 9 5 6 3 8 7 3 7 5 4 2 6 8 3 3 8 5 3 6 0 5 4 5 2 1 4 4 5 2 4 5 11 1 5 6 4 2
3 7 4 7 2 7 4 4 4 2 8 0 8 3 6 7 5 4 5 0 4 1 5 0 5 3 6 6 7 8 5 3 4 2 6 5 3 2 3 3
3 3 1 5 4 3 1 6 4 5 4 5 4 3 3 4 0 1 5 5 1 6 4 5 0 2 4 3 3 4 2 3 6 3 9 3 3 5 2 2
1 5 1 4 1 4 1 4 2 4 5 3 6 3 3 4 3 2 3 3 2 4 5 3 2 0 5 4 5 6 2 3 6 1 7 5 1 3 0 2
6 2 5 9 6 6 4 9 7 5 7 7 2 4 6 8 4 4 8 7 3 8 2 6 4 5 0 1 3 3 5 4 5 6 12 1 6 8 5 3
5 2 4 8 5 6 3 8 6 4 6 6 3 3 6 7 3 3 7 6 2 7 1 6 3 4 1 0 3 3 5 3 5 5 11 0 5 7 4 2
5 1 4 7 6 4 4 9 6 6 4 7 2 5 4 6 2 3 7 7 3 8 4 7 3 5 3 3 0 1 4 4 7 6 11 3 6 8 5 4
7 1 5 8 8 5 5 10 8 7 5 8 1 6 5 7 4 4 9 8 4 10 4 8 4 6 3 3 1 0 5 5 8 7 13 3 7 9 6 5
2 4 1 4 3 2 2 5 3 6 3 5 5 4 1 3 2 2 3 5 2 6 5 5 2 2 5 5 4 5 0 4 7 3 8 5 2 5 2 3
3 4 3 7 3 6 2 6 5 2 7 3 5 1 5 6 3 2 6 3 2 4 2 3 3 3 4 3 4 5 4 0 3 3 9 3 3 4 3 1
6 7 6 10 5 9 5 8 7 1 10 4 8 3 9 9 6 5 8 3 5 4 4 4 6 6 5 5 7 8 7 3 0 5 10 5 6 6 6 4
1 6 2 5 0 5 2 3 2 4 6 2 7 3 4 5 3 3 3 2 3 3 5 2 3 1 6 5 6 7 3 3 5 0 6 5 1 2 1 3
6 12 8 6 6 10 8 3 5 9 10 6 13 9 8 7 9 9 5 6 9 5 11 6 9 7 12 11 11 13 8 9 10 6 0 11 6 4 7 9
5 2 4 8 5 6 3 8 7 4 7 6 3 3 6 7 3 3 8 6 3 7 1 5 3 5 1 0 3 3 5 3 5 5 11 0 5 7 4 3
0 6 2 4 1 5 2 3 1 5 5 3 7 4 3 4 3 3 2 3 3 4 5 3 3 1 6 5 6 7 2 3 6 1 6 5 0 2 1 3
2 8 4 5 2 7 4 2 3 4 8 2 9 4 6 6 5 5 3 2 5 2 6 2 5 3 8 7 8 9 5 4 6 2 4 7 2 0 3 4
1 5 1 4 2 4 1 4 2 4 5 3 6 3 3 4 2 2 3 4 2 4 4 3 2 0 5 4 5 6 2 3 6 1 7 4 1 3 0 2
3 3 2 6 3 5 1 6 4 3 6 3 5 2 4 5 2 1 5 4 1 5 2 3 2 2 3 2 4 5 3 1 4 3 9 3 3 4 2 0
,
0 28 8 20 7 23 8 21 10 15 36 15 23 18 25 26 8 13 8 19 16 18 34 10 11 2 26 20 15 49 6 19 20 3 32 20 2 7 6 10
34 0 29 57 26 16 13 50 31 23 19 31 6 28 16 24 10 14 49 27 20 21 21 37 17 36 5 12 5 7 32 12 38 22 58 6 20 29 32 11
8 17 0 18 18 23 7 17 10 14 23 20 24 21 8 14 6 7 22 22 3 36 13 27 7 3 25 10 23 30 7 18 26 15 32 23 7 17 6 5
21 33 19 0 16 29 19 14 16 62 20 47 59 28 16 6 29 37 7 42 43 19 60 35 13 29 55 48 33 23 21 34 28 30 37 24 12 30 29 47
4 23 18 25 0 25 9 14 9 11 38 10 20 24 29 28 28 12 20 10 11 16 24 5 23 8 39 36 23 30 11 21 38 3 27 38 5 5 7 8
27 22 18 18 22 0 13 35 27 30 4 43 26 18 4 9 15 26 18 49 15 36 36 35 10 25 28 20 19 28 8 27 51 34 34 19 23 40 24 26
13 25 3 20 19 22 0 32 9 20 31 21 23 6 14 12 7 2 11 22 3 21 23 16 5 7 13 10 25 24 11 8 23 16 37 9 11 10 7 5
24 65 30 26 10 33 38 0 19 32 45 13 48 40 45 16 40 28 16 14 24 14 50 25 22 26 44 29 47 37 18 34 40 25 6 57 23 5 16 22
8 48 18 15 8 12 12 10 0 23 38 23 33 19 10 11 28 12 6 21 13 21 38 27 14 6 20 27 43 43 19 32 26 8 36 41 9 14 14 14
18 20 13 51 17 40 27 28 19 0 48 10 22 6 44 27 33 16 32 15 27 21 10 14 16 12 31 24 41 26 21 8 7 26 52 16 32 29 14 23
24 17 12 17 18 5 34 26 19 52 0 31 23 50 8 17 15 22 33 41 29 57 27 57 19 30 36 35 14 28 21 44 60 30 45 35 22 56 30 22
11 25 28 33 4 52 12 22 22 9 46 0 35 14 17 28 19 14 29 5 14 7 18 2 33 20 47 24 23 38 25 16 26 13 43 17 8 7 12 25
27 8 20 50 23 29 30 67 35 41 34 54 0 31 27 32 28 18 29 54 28 36 12 40 28 22 12 13 4 5 23 28 45 18 96 21 33 50 16 23
13 30 8 50 13 33 10 41 26 12 40 11 37 0 24 39 11 9 18 8 11 27 9 9 19 20 10 7 25 21 20 4 11 17 57 19 15 28 22 7
14 33 16 14 22 7 21 41 20 42 14 30 24 24 0 10 14 24 22 45 21 30 25 19 15 22 20 36 12 31 8 26 55 13 36 25 25 28 21 23
12 27 16 4 23 17 34 38 12 57 19 28 48 40 13 0 28 31 9 18 29 39 39 18 15 25 26 43 27 32 16 37 58 12 48 55 20 36 15 27
18 11 5 17 26 8 6 30 18 33 17 19 23 13 20 21 0 5 28 32 3 33 23 18 1 15 19 18 11 15 6 10 27 20 63 16 24 35 5 6
13 11 5 24 11 23 2 28 22 11 29 23 28 8 12 13 6 0 32 19 1 15 22 28 4 9 12 10 15 29 13 13 24 15 23 18 12 15 10 5
10 24 27 15 22 20 17 15 7 31 31 26 57 26 13 7 17 15 0 15 24 26 38 36 34 8 49 31 19 46 9 40 60 19 29 23 8 21 13 20
16 39 18 46 14 21 21 12 23 13 43 3 46 13 25 50 19 18 23 0 16 8 23 1 37 11 44 14 26 55 19 20 17 10 31 21 15 13 13 13
12 13 4 22 16 14 4 36 14 27 25 13 17 15 22 20 3 1 29 25 0 16 8 22 3 9 11 9 18 31 12 5 32 19 51 15 12 30 9 3
25 24 35 29 12 51 19 26 27 19 32 6 50 12 43 44 32 23 21 3 39 0 35 10 25 13 44 30 44 34 22 26 24 15 19 20 28 5 17 16
17 11 27 33 15 39 14 22 35 14 54 16 12 7 31 32 25 10 20 14 9 18 0 29 11 15 9 6 19 24 26 7 25 18 61 4 16 29 28 10
14 22 21 40 8 30 26 11 14 9 60 3 53 12 23 39 36 24 21 2 22 5 27 0 14 13 41 15 48 43 24 10 15 7 17 21 9 12 22 17
11 18 5 39 11 21 8 28 19 31 19 30 25 15 20 12 1 4 34 37 2 24 16 13 0 12 18 16 16 18 5 11 19 20 38 18 22 34 7 9
2 24 7 24 4 28 6 29 13 28 19 8 41 14 14 20 17 6 11 13 11 17 19 10 10 0 26 23 31 29 7 8 30 4 30 31 3 8 3 13
36 7 32 58 45 44 22 28 20 15 49 49 11 10 19 43 26 13 63 32 11 33 5 31 17 29 0 4 8 11 38 12 19 44 66 6 43 32 40 15
14 10 13 27 36 29 23 47 20 19 24 20 17 14 16 47 12 14 53 16 11 20 6 27 10 15 3 0 17 22 28 19 13 13 44 2 24 49 26 8
36 6 16 27 35 20 14 36 25 30 25 30 7 26 18 19 10 13 54 33 16 29 12 33 16 16 16 9 0 5 21 25 45 41 47 12 33 26 18 22
25 6 14 23 50 27 29 61 54 41 30 25 5 41 36 44 24 16 24 32 26 37 27 31 29 37 18 19 4 0 34 25 45 30 55 23 24 24 41 20
10 19 5 11 23 12 11 24 13 17 11 21 33 29 6 14 13 14 25 28 8 29 30 37 8 12 31 24 17 23 0 21 19 16 42 32 14 33 12 21
21 17 12 28 12 41 10 36 23 8 18 17 30 2 26 38 20 11 18 17 12 12 8 9 14 10 26 11 15 14 27 0 15 12 22 8 9 16 8 4
16 30 25 32 24 34 31 33 54 6 30 17 32 14 28 35 30 38 48 21 23 24 26 15 26 19 39 29 47 27 24 12 0 13 46 12 32 15 21 33
3 26 7 15 2 38 11 21 13 19 36 5 52 22 29 15 9 15 10 9 19 16 32 13 20 4 18 17 26 53 19 15 37 0 34 23 3 11 9 18
23 72 42 39 32 69 35 15 37 32 45 20 37 54 32 48 57 59 27 24 64 33 31 16 57 33 46 71 45 44 35 35 28 19 0 71 21 23 31 53
30 8 22 55 31 24 16 51 28 29 18 39 11 17 27 41 18 9 28 31 10 34 4 32 17 27 5 1 13 11 13 14 12 26 71 0 21 46 16 17
2 42 14 22 4 29 16 17 4 25 39 11 28 21 13 12 14 8 7 20 12 17 25 23 15 4 44 15 25 30 9 17 26 3 33 40 0 17 6 14
16 43 31 14 7 29 21 13 13 20 22 10 57 18 21 31 36 23 17 6 22 5 22 13 27 11 45 45 24 61 24 12 40 11 26 39 9 0 12 13
5 18 5 21 6 18 5 30 11 25 22 12 23 15 22 20 7 10 12 18 12 18 30 11 6 2 34 21 22 42 10 15 27 6 51 14 6 12 0 8
11 17 6 42 14 13 3 19 21 10 21 22 17 9 28 18 8 5 15 18 5 33 14 14 6 12 17 9 25 35 21 4 12 7 56 8 13 28 8 0