7
40
,
0 (23.0, 29.0) 22.0
1 (42.0, 8.0) 35.0
2 (27.0, 21.0) 24.0
3 (4.0, 20.0) 44.0
4 (24.0, 34.0) 28.0
5 (19.0, 6.0) 34.0
6 (31.0, 23.0) 15.0
7 (11.0, 42.0) 40.0
8 (15.0, 28.0) 15.0
9 (43.0, 38.0) 27.0
10 (17.0, 2.0) 24.0
11 (29.0, 40.0) 15.0
12 (45.0, 3.0) 45.0
13 (40.0, 30.0) 29.0
14 (17.0, 12.0) 14.0
15 (9.0, 16.0) 37.0
16 (31.0, 16.0) 26.0
17 (32.0, 20.0) 38.0
18 (10.0, 29.0) 28.0
19 (32.0, 42.0) 30.0
20 (33.0, 20.0) 44.0
21 (28.0, 47.0) 30.0
22 (47.0, 22.0) 31.0
23 (31.0, 41.0) 44.0
24 (30.0, 17.0) 12.0
25 (25.0, 27.0) 13.0
26 (49.0, 14.0) 14.0
27 (45.0, 17.0) 15.0
28 (38.0, 6.0) 13.0
29 (42.0, 1.0) 32.0
30 (22.0, 17.0) 13.0
31 (38.0, 28.0) 44.0
32 (49.0, 41.0) 11.0
33 (25.0, 32.0) 45.0
34 (1.0, 50.0) 35.0
35 (46.0, 18.0) 15.0
36 (21.0, 29.0) 17.0
37 (21.0, 41.0) 20.0
38 (25.0, 25.0) 20.0
39 (35.0, 24.0) 11.0
,
0 6 2 4 1 5 2 4 2 4 6 3 7 3 4 4 3 3 3 3 3 4 5 3 3 1 6 5 5 7 2 3 6 1 6 5 0 2 1 3
6 0 4 8 6 5 4 9 7 6 5 7 1 4 5 7 3 3 8 7 3 8 3 7 3 5 2 2 1 1 4 4 7 6 12 2 6 8 5 3
2 4 0 5 3 3 1 5 3 5 4 4 5 3 3 4 1 1 4 4 1 5 4 4 1 1 5 4 4 5 1 3 6 2 8 4 2 4 1 2
4 8 5 0 5 4 5 5 3 9 4 6 9 7 3 1 5 6 2 7 6 7 9 7 5 4 9 8 7 8 4 7 10 5 6 8 4 5 4 6
1 6 3 5 0 6 3 3 2 4 7 2 7 3 5 5 4 3 3 2 3 3 5 2 4 1 6 5 6 8 3 3 5 0 6 5 1 2 2 3
5 5 3 4 6 0 4 7 4 8 1 7 5 6 1 3 3 4 5 8 4 8 6 7 3 4 6 6 4 5 2 6 9 5 10 6 5 7 4 5
2 4 1 5 3 4 0 6 3 4 5 3 5 2 4 5 1 1 4 4 1 5 3 4 1 1 4 3 4 5 2 2 5 2 8 3 2 4 1 1
4 9 5 5 3 7 6 0 3 6 8 4 10 6 6 5 7 6 3 4 6 4 8 4 6 4 9 8 9 10 5 6 8 3 3 8 3 2 4 6
2 7 3 3 2 4 3 3 0 6 5 4 8 5 3 3 4 4 1 4 4 5 7 4 4 2 7 6 6 8 3 5 7 2 5 7 1 3 2 4
4 6 5 9 4 8 4 6 6 0 9 3 7 2 7 8 5 4 7 2 4 3 3 2 5 4 5 4 6 7 6 2 1 4 9 4 5 4 4 3
6 5 4 4 7 1 5 8 5 9 0 8 6 7 2 3 4 5 6 9 5 9 7 8 4 5 7 6 4 5 3 7 10 6 10 7 5 8 5 6
3 7 4 6 2 7 3 4 4 3 8 0 8 3 6 6 5 4 4 1 4 1 5 0 5 3 7 6 7 8 5 3 4 2 6 6 3 2 3 3
7 1 5 9 7 5 5 10 8 7 6 8 0 5 6 8 4 4 9 8 4 9 4 8 4 6 2 3 2 1 5 5 8 7 13 3 7 9 6 5
3 4 3 7 3 6 2 6 5 2 7 3 5 0 6 7 3 3 6 3 2 4 2 3 3 3 4 3 5 6 4 1 3 3 9 3 4 4 3 2
4 5 3 3 5 1 4 6 3 7 2 6 6 6 0 2 3 3 4 7 4 7 6 6 3 3 6 6 4 5 1 5 9 4 8 6 3 6 3 4
4 7 4 1 5 3 5 5 3 8 3 6 8 7 2 0 4 5 3 7 5 7 8 7 4 4 8 7 6 7 3 6 9 5 7 7 4 6 4 5
3 3 1 5 4 3 1 7 4 5 4 5 4 3 3 4 0 1 5 5 1 6 3 5 0 3 4 3 2 4 2 3 6 3 9 3 3 5 2 2
3 3 1 6 3 4 1 6 4 4 5 4 4 3 3 5 1 0 5 4 0 5 3 4 1 2 4 3 3 4 2 2 5 3 9 3 3 5 2 1
3 8 4 2 3 5 4 3 1 7 6 4 9 6 4 3 5 5 0 5 5 5 8 5 5 3 8 7 7 9 3 6 8 3 5 8 2 3 3 5
3 7 4 7 2 8 4 4 4 2 9 1 8 3 7 7 5 4 5 0 4 1 5 0 5 3 7 6 7 8 5 3 3 2 6 6 3 2 4 4
3 3 1 6 3 4 1 6 4 4 5 4 4 2 4 5 1 0 5 4 0 5 3 4 1 2 3 2 3 4 2 2 5 3 9 3 3 5 2 1
4 8 5 7 3 8 5 4 5 3 9 1 9 4 7 7 6 5 5 1 5 0 6 1 6 4 8 7 8 10 6 4 4 3 5 7 4 2 4 5
5 3 4 9 5 6 3 8 7 3 7 5 4 2 6 8 3 3 8 5 3 6 0 5 4 5 2 1 4 4 5 2 4 5 11 1 5 6 4 2
3 7 4 7 2 7 4 4 4 2 8 0 8 3 6 7 5 4 5 0 4 1 5 0 5 3 6 6 7 8 5 3 4 2 6 5 3 2 3 3
3 3 1 5 4 3 1 6 4 5 4 5 4 3 3 4 0 1 5 5 1 6 4 5 0 2 4 3 3 4 2 3 6 3 9 3 3 5 2 2
1 5 1 4 1 4 1 4 2 4 5 3 6 3 3 4 3 2 3 3 2 4 5 3 2 0 5 4 5 6 2 3 6 1 7 5 1 3 0 2
6 2 5 9 6 6 4 9 7 5 7 7 2 4 6 8 4 4 8 7 3 8 2 6 4 5 0 1 3 3 5 4 5 6 12 1 6 8 5 3
5 2 4 8 5 6 3 8 6 4 6 6 3 3 6 7 3 3 7 6 2 7 1 6 3 4 1 0 3 3 5 3 5 5 11 0 5 7 4 2
5 1 4 7 6 4 4 9 6 6 4 7 2 5 4 6 2 3 7 7 3 8 4 7 3 5 3 3 0 1 4 4 7 6 11 3 6 8 5 4
7 1 5 8 8 5 5 10 8 7 5 8 1 6 5 7 4 4 9 8 4 10 4 8 4 6 3 3 1 0 5 5 8 7 13 3 7 9 6 5
2 4 1 4 3 2 2 5 3 6 3 5 5 4 1 3 2 2 3 5 2 6 5 5 2 2 5 5 4 5 0 4 7 3 8 5 2 5 2 3
3 4 3 7 3 6 2 6 5 2 7 3 5 1 5 6 3 2 6 3 2 4 2 3 3 3 4 3 4 5 4 0 3 3 9 3 3 4 3 1
6 7 6 10 5 9 5 8 7 1 10 4 8 3 9 9 6 5 8 3 5 4 4 4 6 6 5 5 7 8 7 3 0 5 10 5 6 6 6 4
1 6 2 5 0 5 2 3 2 4 6 2 7 3 4 5 3 3 3 2 3 3 5 2 3 1 6 5 6 7 3 3 5 0 6 5 1 2 1 3
6 12 8 6 6 10 8 3 5 9 10 6 13 9 8 7 9 9 5 6 9 5 11 6 9 7 12 11 11 13 8 9 10 6 0 11 6 4 7 9
5 2 4 8 5 6 3 8 7 4 7 6 3 3 6 7 3 3 8 6 3 7 1 5 3 5 1 0 3 3 5 3 5 5 11 0 5 7 4 3
0 6 2 4 1 5 2 3 1 5 5 3 7 4 3 4 3 3 2 3 3 4 5 3 3 1 6 5 6 7 2 3 6 1 6 5 0 2 1 3
2 8 4 5 2 7 4 2 3 4 8 2 9 4 6 6 5 5 3 2 5 2 6 2 5 3 8 7 8 9 5 4 6 2 4 7 2 0 3 4
1 5 1 4 2 4 1 4 2 4 5 3 6 3 3 4 2 2 3 4 2 4 4 3 2 0 5 4 5 6 2 3 6 1 7 4 1 3 0 2
3 3 2 6 3 5 1 6 4 3 6 3 5 2 4 5 2 1 5 4 1 5 2 3 2 2 3 2 4 5 3 1 4 3 9 3 3 4 2 0
,
0 41 12 28 7 19 14 12 6 30 19 12 40 22 12 25 14 18 10 15 16 22 35 15 19 1 43 31 18 46 9 22 39 5 26 36 3 18 6 9
19 0 19 46 24 12 14 67 46 24 17 26 9 26 19 24 15 18 40 18 16 45 18 45 20 35 5 8 4 10 26 11 29 34 40 7 23 40 28 11
8 24 0 13 8 16 3 26 18 22 25 21 34 21 11 17 9 7 15 14 6 26 30 10 3 5 19 13 25 23 7 8 43 12 32 20 10 19 3 4
26 20 12 0 13 20 17 29 17 57 15 22 46 46 8 9 25 30 7 23 25 43 35 40 23 15 47 58 38 50 24 49 62 36 36 44 21 40 24 21
4 42 12 35 0 32 18 12 11 18 23 6 51 13 18 20 24 21 9 16 25 13 35 8 20 7 27 18 40 39 26 12 22 3 39 40 3 9 13 14
33 20 20 13 40 0 26 42 25 35 4 25 25 39 6 20 17 11 25 50 28 25 31 51 23 23 20 19 28 19 13 35 53 37 51 18 15 29 25 20
12 15 6 19 14 17 0 40 15 26 13 20 27 9 25 21 4 2 11 19 3 19 10 25 5 10 15 20 11 31 7 9 26 14 40 9 9 21 7 4
15 24 16 16 11 37 23 0 10 31 34 24 58 27 33 39 17 42 19 16 46 21 33 24 45 18 40 52 63 63 18 28 25 16 11 43 18 7 16 41
12 28 15 11 15 17 15 18 0 18 14 16 35 16 18 17 14 13 4 17 21 23 23 17 20 9 51 19 29 39 18 27 53 10 23 30 8 8 11 31
32 38 29 29 26 48 16 44 26 0 31 20 20 4 36 22 15 31 35 17 13 11 11 16 30 24 34 26 36 53 31 15 6 24 40 18 33 32 15 16
33 32 15 25 41 3 24 60 33 27 0 30 36 53 12 17 16 14 40 64 30 34 44 24 12 35 18 32 30 25 15 20 35 21 70 37 38 59 24 38
14 33 26 16 7 46 19 21 23 13 49 0 38 13 29 34 33 28 26 3 23 8 25 3 13 12 19 27 21 42 13 15 29 13 36 22 15 12 9 17
49 8 22 34 49 25 23 57 46 29 35 47 0 23 36 24 28 20 45 58 24 44 26 24 24 37 10 8 7 2 26 32 30 49 65 15 41 41 18 24
25 25 20 53 18 27 16 43 31 8 38 7 34 0 40 38 12 13 36 21 14 13 15 10 11 13 22 17 29 20 26 4 21 22 52 14 24 23 12 7
25 26 17 13 26 4 15 28 17 22 12 27 28 36 0 5 19 19 17 48 16 53 29 23 14 18 43 20 16 25 9 20 36 30 39 44 16 26 22 27
23 42 19 8 33 15 24 31 7 26 20 17 55 22 9 0 28 21 8 42 32 20 46 34 30 23 46 18 37 31 11 45 58 18 50 24 23 30 20 19
14 9 4 15 23 16 6 22 17 33 28 26 28 12 19 22 0 5 12 15 5 33 14 21 2 12 26 8 6 16 8 18 42 14 33 10 24 18 7 9
19 19 3 38 23 17 4 40 11 30 16 16 26 10 10 30 3 0 20 33 1 14 22 29 2 14 15 17 9 18 8 11 40 14 33 8 13 25 6 5
12 31 19 6 19 23 18 9 6 28 15 16 38 18 21 11 25 31 0 37 21 34 32 22 31 13 29 21 26 40 24 39 26 19 23 55 12 11 11 20
9 47 25 32 11 57 20 17 19 12 38 4 61 9 26 44 29 33 22 0 18 7 23 1 22 24 49 41 26 58 38 14 17 9 36 27 19 13 11 18
14 22 7 35 19 10 2 22 18 19 26 26 22 17 26 13 6 1 19 22 0 36 14 15 4 13 11 10 19 22 13 6 31 17 61 10 10 20 5 6
19 22 32 32 17 40 29 11 20 18 53 6 65 23 53 23 16 20 13 4 32 0 34 9 40 28 40 45 62 59 34 21 12 14 17 26 25 13 21 16
34 12 16 24 32 30 12 62 19 16 26 19 22 11 35 52 16 11 40 19 20 22 0 24 24 18 8 6 15 32 27 7 28 23 29 4 28 25 17 10
11 24 14 19 13 49 26 23 11 15 30 3 60 19 42 28 33 26 22 1 14 5 26 0 25 19 28 17 25 24 17 14 25 7 45 23 21 15 15 17
17 16 4 21 24 19 5 39 18 27 25 22 29 10 13 13 2 4 14 17 5 30 14 31 0 16 26 19 16 17 7 10 36 18 61 18 9 23 13 6
4 22 7 33 9 28 9 31 8 31 38 13 25 8 20 23 12 9 10 24 11 15 29 15 13 0 17 15 21 25 12 18 31 4 35 12 3 14 2 13
40 8 24 51 34 31 16 41 52 29 30 19 12 19 36 30 27 25 35 45 17 21 12 22 14 26 0 4 20 18 40 26 36 44 83 3 37 39 34 16
36 9 11 44 21 29 23 39 20 18 28 22 17 13 36 43 15 19 29 33 16 36 4 25 19 13 6 0 9 24 14 8 35 32 71 2 24 30 14 18
34 6 23 48 27 11 22 43 22 29 22 37 7 27 26 24 12 13 29 20 18 63 12 49 15 23 10 8 0 4 22 11 25 37 53 9 41 49 25 16
27 7 30 27 46 21 15 48 36 19 15 46 3 42 39 43 12 22 44 24 27 47 31 42 24 45 8 17 9 0 15 39 39 23 81 15 22 42 30 19
9 13 8 11 22 14 16 28 13 35 16 14 34 31 6 7 10 6 17 33 8 39 28 18 11 7 20 18 17 28 0 18 34 16 37 34 12 30 7 11
10 25 9 52 13 41 6 18 14 13 24 18 37 3 26 19 18 7 39 14 13 24 8 19 12 9 14 16 32 30 12 0 22 19 46 16 9 12 15 3
19 42 23 54 32 36 16 36 47 8 59 15 47 16 64 26 41 31 48 17 17 19 10 10 22 42 24 29 41 20 51 23 0 13 50 31 21 36 36 27
4 37 13 22 2 32 16 22 11 23 34 5 45 8 12 30 10 8 13 15 8 12 19 10 10 7 36 33 42 20 18 19 21 0 39 32 4 9 9 11
20 87 26 19 42 32 38 17 30 63 55 30 44 24 37 35 33 37 30 32 43 28 31 42 25 41 61 30 52 61 51 37 61 35 0 57 38 29 47 32
24 13 28 38 21 27 9 63 21 20 43 34 22 15 21 34 15 17 24 31 19 26 6 17 9 19 4 2 9 12 26 12 29 19 28 0 20 39 21 10
3 25 9 27 6 30 16 12 7 27 39 14 47 13 9 10 10 17 10 20 20 12 15 14 8 5 37 15 30 34 16 15 33 5 26 36 0 18 3 18
13 55 27 36 6 34 23 11 18 19 39 6 67 19 37 28 35 12 9 12 29 12 17 6 25 18 20 38 32 65 33 23 38 9 21 44 17 0 17 20
6 13 5 15 8 18 9 15 8 33 19 17 19 9 15 22 16 8 12 27 5 17 16 9 6 3 21 29 19 26 12 11 43 8 18 27 4 12 0 10
12 20 8 18 14 14 2 27 16 22 20 18 25 10 27 29 10 4 14 19 6 20 16 13 12 11 17 7 25 35 9 6 19 13 55 16 8 17 6 0