7
40
,
0 (23.0, 29.0) 19.0
1 (42.0, 8.0) 14.0
2 (27.0, 21.0) 45.0
3 (4.0, 20.0) 28.0
4 (24.0, 34.0) 23.0
5 (19.0, 6.0) 30.0
6 (31.0, 23.0) 20.0
7 (11.0, 42.0) 35.0
8 (15.0, 28.0) 18.0
9 (43.0, 38.0) 20.0
10 (17.0, 2.0) 11.0
11 (29.0, 40.0) 14.0
12 (45.0, 3.0) 44.0
13 (40.0, 30.0) 17.0
14 (17.0, 12.0) 34.0
15 (9.0, 16.0) 31.0
16 (31.0, 16.0) 13.0
17 (32.0, 20.0) 19.0
18 (10.0, 29.0) 23.0
19 (32.0, 42.0) 50.0
20 (33.0, 20.0) 25.0
21 (28.0, 47.0) 15.0
22 (47.0, 22.0) 32.0
23 (31.0, 41.0) 19.0
24 (30.0, 17.0) 44.0
25 (25.0, 27.0) 34.0
26 (49.0, 14.0) 43.0
27 (45.0, 17.0) 19.0
28 (38.0, 6.0) 44.0
29 (42.0, 1.0) 14.0
30 (22.0, 17.0) 46.0
31 (38.0, 28.0) 20.0
32 (49.0, 41.0) 12.0
33 (25.0, 32.0) 38.0
34 (1.0, 50.0) 10.0
35 (46.0, 18.0) 45.0
36 (21.0, 29.0) 38.0
37 (21.0, 41.0) 19.0
38 (25.0, 25.0) 38.0
39 (35.0, 24.0) 16.0
,
0 6 2 4 1 5 2 4 2 4 6 3 7 3 4 4 3 3 3 3 3 4 5 3 3 1 6 5 5 7 2 3 6 1 6 5 0 2 1 3
6 0 4 8 6 5 4 9 7 6 5 7 1 4 5 7 3 3 8 7 3 8 3 7 3 5 2 2 1 1 4 4 7 6 12 2 6 8 5 3
2 4 0 5 3 3 1 5 3 5 4 4 5 3 3 4 1 1 4 4 1 5 4 4 1 1 5 4 4 5 1 3 6 2 8 4 2 4 1 2
4 8 5 0 5 4 5 5 3 9 4 6 9 7 3 1 5 6 2 7 6 7 9 7 5 4 9 8 7 8 4 7 10 5 6 8 4 5 4 6
1 6 3 5 0 6 3 3 2 4 7 2 7 3 5 5 4 3 3 2 3 3 5 2 4 1 6 5 6 8 3 3 5 0 6 5 1 2 2 3
5 5 3 4 6 0 4 7 4 8 1 7 5 6 1 3 3 4 5 8 4 8 6 7 3 4 6 6 4 5 2 6 9 5 10 6 5 7 4 5
2 4 1 5 3 4 0 6 3 4 5 3 5 2 4 5 1 1 4 4 1 5 3 4 1 1 4 3 4 5 2 2 5 2 8 3 2 4 1 1
4 9 5 5 3 7 6 0 3 6 8 4 10 6 6 5 7 6 3 4 6 4 8 4 6 4 9 8 9 10 5 6 8 3 3 8 3 2 4 6
2 7 3 3 2 4 3 3 0 6 5 4 8 5 3 3 4 4 1 4 4 5 7 4 4 2 7 6 6 8 3 5 7 2 5 7 1 3 2 4
4 6 5 9 4 8 4 6 6 0 9 3 7 2 7 8 5 4 7 2 4 3 3 2 5 4 5 4 6 7 6 2 1 4 9 4 5 4 4 3
6 5 4 4 7 1 5 8 5 9 0 8 6 7 2 3 4 5 6 9 5 9 7 8 4 5 7 6 4 5 3 7 10 6 10 7 5 8 5 6
3 7 4 6 2 7 3 4 4 3 8 0 8 3 6 6 5 4 4 1 4 1 5 0 5 3 7 6 7 8 5 3 4 2 6 6 3 2 3 3
7 1 5 9 7 5 5 10 8 7 6 8 0 5 6 8 4 4 9 8 4 9 4 8 4 6 2 3 2 1 5 5 8 7 13 3 7 9 6 5
3 4 3 7 3 6 2 6 5 2 7 3 5 0 6 7 3 3 6 3 2 4 2 3 3 3 4 3 5 6 4 1 3 3 9 3 4 4 3 2
4 5 3 3 5 1 4 6 3 7 2 6 6 6 0 2 3 3 4 7 4 7 6 6 3 3 6 6 4 5 1 5 9 4 8 6 3 6 3 4
4 7 4 1 5 3 5 5 3 8 3 6 8 7 2 0 4 5 3 7 5 7 8 7 4 4 8 7 6 7 3 6 9 5 7 7 4 6 4 5
3 3 1 5 4 3 1 7 4 5 4 5 4 3 3 4 0 1 5 5 1 6 3 5 0 3 4 3 2 4 2 3 6 3 9 3 3 5 2 2
3 3 1 6 3 4 1 6 4 4 5 4 4 3 3 5 1 0 5 4 0 5 3 4 1 2 4 3 3 4 2 2 5 3 9 3 3 5 2 1
3 8 4 2 3 5 4 3 1 7 6 4 9 6 4 3 5 5 0 5 5 5 8 5 5 3 8 7 7 9 3 6 8 3 5 8 2 3 3 5
3 7 4 7 2 8 4 4 4 2 9 1 8 3 7 7 5 4 5 0 4 1 5 0 5 3 7 6 7 8 5 3 3 2 6 6 3 2 4 4
3 3 1 6 3 4 1 6 4 4 5 4 4 2 4 5 1 0 5 4 0 5 3 4 1 2 3 2 3 4 2 2 5 3 9 3 3 5 2 1
4 8 5 7 3 8 5 4 5 3 9 1 9 4 7 7 6 5 5 1 5 0 6 1 6 4 8 7 8 10 6 4 4 3 5 7 4 2 4 5
5 3 4 9 5 6 3 8 7 3 7 5 4 2 6 8 3 3 8 5 3 6 0 5 4 5 2 1 4 4 5 2 4 5 11 1 5 6 4 2
3 7 4 7 2 7 4 4 4 2 8 0 8 3 6 7 5 4 5 0 4 1 5 0 5 3 6 6 7 8 5 3 4 2 6 5 3 2 3 3
3 3 1 5 4 3 1 6 4 5 4 5 4 3 3 4 0 1 5 5 1 6 4 5 0 2 4 3 3 4 2 3 6 3 9 3 3 5 2 2
1 5 1 4 1 4 1 4 2 4 5 3 6 3 3 4 3 2 3 3 2 4 5 3 2 0 5 4 5 6 2 3 6 1 7 5 1 3 0 2
6 2 5 9 6 6 4 9 7 5 7 7 2 4 6 8 4 4 8 7 3 8 2 6 4 5 0 1 3 3 5 4 5 6 12 1 6 8 5 3
5 2 4 8 5 6 3 8 6 4 6 6 3 3 6 7 3 3 7 6 2 7 1 6 3 4 1 0 3 3 5 3 5 5 11 0 5 7 4 2
5 1 4 7 6 4 4 9 6 6 4 7 2 5 4 6 2 3 7 7 3 8 4 7 3 5 3 3 0 1 4 4 7 6 11 3 6 8 5 4
7 1 5 8 8 5 5 10 8 7 5 8 1 6 5 7 4 4 9 8 4 10 4 8 4 6 3 3 1 0 5 5 8 7 13 3 7 9 6 5
2 4 1 4 3 2 2 5 3 6 3 5 5 4 1 3 2 2 3 5 2 6 5 5 2 2 5 5 4 5 0 4 7 3 8 5 2 5 2 3
3 4 3 7 3 6 2 6 5 2 7 3 5 1 5 6 3 2 6 3 2 4 2 3 3 3 4 3 4 5 4 0 3 3 9 3 3 4 3 1
6 7 6 10 5 9 5 8 7 1 10 4 8 3 9 9 6 5 8 3 5 4 4 4 6 6 5 5 7 8 7 3 0 5 10 5 6 6 6 4
1 6 2 5 0 5 2 3 2 4 6 2 7 3 4 5 3 3 3 2 3 3 5 2 3 1 6 5 6 7 3 3 5 0 6 5 1 2 1 3
6 12 8 6 6 10 8 3 5 9 10 6 13 9 8 7 9 9 5 6 9 5 11 6 9 7 12 11 11 13 8 9 10 6 0 11 6 4 7 9
5 2 4 8 5 6 3 8 7 4 7 6 3 3 6 7 3 3 8 6 3 7 1 5 3 5 1 0 3 3 5 3 5 5 11 0 5 7 4 3
0 6 2 4 1 5 2 3 1 5 5 3 7 4 3 4 3 3 2 3 3 4 5 3 3 1 6 5 6 7 2 3 6 1 6 5 0 2 1 3
2 8 4 5 2 7 4 2 3 4 8 2 9 4 6 6 5 5 3 2 5 2 6 2 5 3 8 7 8 9 5 4 6 2 4 7 2 0 3 4
1 5 1 4 2 4 1 4 2 4 5 3 6 3 3 4 2 2 3 4 2 4 4 3 2 0 5 4 5 6 2 3 6 1 7 4 1 3 0 2
3 3 2 6 3 5 1 6 4 3 6 3 5 2 4 5 2 1 5 4 1 5 2 3 2 2 3 2 4 5 3 1 4 3 9 3 3 4 2 0
,
0 15 12 19 7 25 13 12 5 13 31 8 42 22 27 17 22 10 19 23 20 13 17 19 7 3 42 24 28 44 8 17 39 3 30 37 2 10 4 9
30 0 11 26 18 12 23 24 50 24 24 28 8 27 24 38 8 22 55 29 19 28 22 36 17 23 8 11 7 8 20 11 23 35 75 12 39 30 32 22
7 24 0 30 10 15 5 30 12 28 22 11 17 20 11 16 9 6 22 17 5 13 29 20 3 4 23 22 10 37 8 7 35 10 24 16 15 11 6 7
11 51 28 0 27 27 22 20 15 24 12 48 42 41 21 5 23 26 13 29 39 43 60 20 23 20 43 49 22 61 17 28 64 32 28 40 16 16 18 30
4 17 19 26 0 28 8 15 11 26 32 11 43 22 30 17 16 9 17 13 14 16 36 6 24 8 37 31 33 31 19 9 29 2 38 18 6 6 11 8
15 12 11 19 35 0 31 39 20 27 4 24 28 19 8 12 12 26 35 57 12 23 26 19 20 28 39 23 25 32 15 26 27 35 38 29 20 35 24 19
8 19 3 17 8 30 0 39 15 20 27 15 35 8 16 16 6 4 18 13 5 36 15 16 8 6 21 12 16 15 6 12 20 10 50 21 14 24 8 5
17 63 19 31 11 39 32 0 20 36 49 23 34 35 18 36 35 37 9 29 27 25 59 25 40 21 69 42 49 45 34 38 19 17 12 52 15 7 32 19
5 48 13 16 9 32 17 8 0 25 35 17 42 34 9 18 22 16 6 27 24 19 23 17 13 12 35 27 36 25 13 12 22 7 33 49 8 19 7 28
28 37 14 45 14 58 25 22 35 0 47 7 22 10 42 36 36 24 41 11 12 15 23 17 17 13 27 29 34 35 42 13 5 17 27 20 36 32 13 10
25 36 12 21 42 5 34 55 28 61 0 43 38 44 11 11 11 25 21 42 17 39 20 34 12 33 30 37 29 36 9 30 72 44 27 24 39 40 20 40
11 18 15 21 5 25 21 12 22 12 22 0 53 22 33 24 29 12 16 2 23 5 15 3 18 12 17 21 50 23 34 22 13 9 20 22 15 5 17 16
50 8 17 37 32 19 33 49 54 34 34 25 0 28 26 39 22 31 65 37 16 58 25 54 22 45 9 14 5 4 23 27 52 32 54 11 28 26 41 17
23 30 20 43 21 38 16 44 33 11 40 16 36 0 34 43 18 8 34 8 7 17 8 8 22 8 17 17 23 15 17 3 17 21 29 15 26 32 15 7
25 35 19 9 21 9 27 38 12 20 11 29 34 30 0 12 14 22 21 21 13 45 44 22 12 24 43 24 16 41 7 17 24 22 55 36 16 27 15 19
16 48 17 8 23 9 14 23 15 26 23 18 25 46 8 0 20 23 10 27 20 25 56 48 26 22 58 22 16 42 10 24 24 32 22 28 24 14 18 14
16 18 7 16 23 21 5 20 10 30 17 36 10 10 8 30 0 3 36 31 3 29 17 23 2 7 10 13 12 19 13 9 31 20 41 14 12 20 16 10
13 16 7 40 18 21 4 45 22 20 13 29 28 10 23 28 3 0 13 25 1 23 15 26 5 6 26 20 18 16 7 14 26 13 44 12 17 20 10 5
18 34 14 6 21 20 28 10 6 42 27 25 45 37 26 19 33 28 0 28 16 20 20 19 31 18 49 22 35 46 13 33 53 12 19 52 10 16 14 36
17 19 16 52 12 23 13 15 17 7 55 4 27 9 43 40 25 25 15 0 17 3 30 1 34 17 24 28 48 53 26 16 24 16 46 28 13 10 23 18
17 15 6 20 17 11 3 43 18 27 16 24 10 11 9 18 4 1 35 12 0 17 14 25 2 6 14 9 14 23 7 14 33 12 59 15 11 29 9 5
14 28 25 50 8 57 32 19 34 24 47 10 68 18 48 34 22 16 37 8 37 0 38 5 23 18 57 41 42 70 44 13 23 17 19 48 20 5 15 27
25 15 14 59 31 33 22 47 25 23 49 27 17 14 34 33 9 16 46 33 21 44 0 24 12 31 11 6 10 17 22 15 26 26 53 3 22 29 12 15
17 21 21 18 15 27 11 12 18 14 46 2 53 8 42 22 23 30 21 1 30 9 19 0 13 23 19 21 46 26 20 11 10 16 19 37 14 9 12 23
13 19 6 29 12 19 8 24 10 21 15 13 16 19 17 25 1 3 16 14 2 37 26 33 0 12 16 9 15 19 7 18 34 13 49 24 14 16 8 12
3 36 8 13 5 24 8 12 10 24 35 14 39 8 24 28 10 14 20 20 12 19 12 10 13 0 27 14 32 19 14 8 22 3 20 21 3 19 1 6
42 12 14 67 24 36 28 44 55 33 45 27 17 23 23 35 25 22 24 22 20 22 12 43 27 33 0 4 10 8 37 11 19 29 64 6 23 41 37 22
28 6 20 55 24 27 15 60 36 13 19 36 16 18 25 39 21 19 55 32 16 19 7 17 22 29 4 0 17 14 32 11 13 36 64 1 33 43 18 18
37 5 20 37 27 18 23 32 40 20 18 19 7 19 14 39 8 19 20 21 21 25 23 49 12 30 19 7 0 5 18 25 39 25 42 21 22 42 23 26
19 8 17 31 35 34 15 38 49 30 37 48 2 22 28 23 25 23 59 28 29 34 31 61 13 44 14 15 7 0 21 33 21 46 37 11 27 27 26 18
16 19 9 24 24 10 16 34 18 18 21 33 32 29 10 19 10 8 9 17 13 46 14 38 6 15 19 24 22 31 0 29 32 20 38 34 10 13 10 19
10 10 14 46 13 24 13 39 28 9 18 8 24 2 23 42 9 10 19 13 13 29 14 13 16 10 21 9 20 22 25 0 22 7 25 11 14 21 11 6
36 32 16 39 21 59 25 42 39 10 68 23 48 20 55 56 28 14 54 25 14 24 11 20 30 40 15 30 47 54 30 22 0 37 49 21 30 30 18 12
5 30 15 33 2 23 8 15 10 20 43 8 21 18 18 29 12 13 9 16 21 15 24 8 15 4 20 14 18 44 17 16 35 0 23 14 3 11 6 9
37 49 29 23 25 32 53 18 21 46 30 41 33 54 26 44 42 33 20 44 41 26 47 22 39 30 75 63 83 66 27 33 38 35 0 32 25 32 24 28
25 8 19 21 18 28 8 62 35 17 24 26 8 12 35 35 13 13 29 35 14 26 6 18 12 22 6 2 15 14 18 8 32 37 67 0 16 47 11 8
3 25 14 24 3 14 16 17 8 13 28 8 34 20 15 23 19 19 7 22 14 22 17 8 9 5 43 33 36 52 15 19 17 7 35 40 0 18 4 20
11 28 11 15 8 35 11 15 13 29 47 12 59 18 16 20 38 29 12 10 25 10 39 14 24 22 20 18 42 35 22 18 38 11 19 31 11 0 24 17
4 30 7 28 10 14 6 15 7 33 31 18 22 20 20 13 14 9 18 23 10 30 25 18 5 1 15 16 27 32 11 18 39 8 34 30 6 23 0 10
17 21 10 30 12 28 4 34 16 9 17 23 26 7 12 30 5 3 36 23 3 25 9 9 5 14 12 12 27 33 22 3 27 13 41 7 13 33 15 0