7
40
,
0 (23.0, 29.0) 17.0
1 (42.0, 8.0) 26.0
2 (27.0, 21.0) 12.0
3 (4.0, 20.0) 22.0
4 (24.0, 34.0) 27.0
5 (19.0, 6.0) 46.0
6 (31.0, 23.0) 19.0
7 (11.0, 42.0) 11.0
8 (15.0, 28.0) 24.0
9 (43.0, 38.0) 10.0
10 (17.0, 2.0) 17.0
11 (29.0, 40.0) 40.0
12 (45.0, 3.0) 13.0
13 (40.0, 30.0) 13.0
14 (17.0, 12.0) 12.0
15 (9.0, 16.0) 16.0
16 (31.0, 16.0) 20.0
17 (32.0, 20.0) 17.0
18 (10.0, 29.0) 19.0
19 (32.0, 42.0) 10.0
20 (33.0, 20.0) 31.0
21 (28.0, 47.0) 26.0
22 (47.0, 22.0) 14.0
23 (31.0, 41.0) 37.0
24 (30.0, 17.0) 16.0
25 (25.0, 27.0) 20.0
26 (49.0, 14.0) 15.0
27 (45.0, 17.0) 12.0
28 (38.0, 6.0) 19.0
29 (42.0, 1.0) 38.0
30 (22.0, 17.0) 12.0
31 (38.0, 28.0) 30.0
32 (49.0, 41.0) 34.0
33 (25.0, 32.0) 48.0
34 (1.0, 50.0) 15.0
35 (46.0, 18.0) 16.0
36 (21.0, 29.0) 10.0
37 (21.0, 41.0) 47.0
38 (25.0, 25.0) 48.0
39 (35.0, 24.0) 16.0
,
0 6 2 4 1 5 2 4 2 4 6 3 7 3 4 4 3 3 3 3 3 4 5 3 3 1 6 5 5 7 2 3 6 1 6 5 0 2 1 3
6 0 4 8 6 5 4 9 7 6 5 7 1 4 5 7 3 3 8 7 3 8 3 7 3 5 2 2 1 1 4 4 7 6 12 2 6 8 5 3
2 4 0 5 3 3 1 5 3 5 4 4 5 3 3 4 1 1 4 4 1 5 4 4 1 1 5 4 4 5 1 3 6 2 8 4 2 4 1 2
4 8 5 0 5 4 5 5 3 9 4 6 9 7 3 1 5 6 2 7 6 7 9 7 5 4 9 8 7 8 4 7 10 5 6 8 4 5 4 6
1 6 3 5 0 6 3 3 2 4 7 2 7 3 5 5 4 3 3 2 3 3 5 2 4 1 6 5 6 8 3 3 5 0 6 5 1 2 2 3
5 5 3 4 6 0 4 7 4 8 1 7 5 6 1 3 3 4 5 8 4 8 6 7 3 4 6 6 4 5 2 6 9 5 10 6 5 7 4 5
2 4 1 5 3 4 0 6 3 4 5 3 5 2 4 5 1 1 4 4 1 5 3 4 1 1 4 3 4 5 2 2 5 2 8 3 2 4 1 1
4 9 5 5 3 7 6 0 3 6 8 4 10 6 6 5 7 6 3 4 6 4 8 4 6 4 9 8 9 10 5 6 8 3 3 8 3 2 4 6
2 7 3 3 2 4 3 3 0 6 5 4 8 5 3 3 4 4 1 4 4 5 7 4 4 2 7 6 6 8 3 5 7 2 5 7 1 3 2 4
4 6 5 9 4 8 4 6 6 0 9 3 7 2 7 8 5 4 7 2 4 3 3 2 5 4 5 4 6 7 6 2 1 4 9 4 5 4 4 3
6 5 4 4 7 1 5 8 5 9 0 8 6 7 2 3 4 5 6 9 5 9 7 8 4 5 7 6 4 5 3 7 10 6 10 7 5 8 5 6
3 7 4 6 2 7 3 4 4 3 8 0 8 3 6 6 5 4 4 1 4 1 5 0 5 3 7 6 7 8 5 3 4 2 6 6 3 2 3 3
7 1 5 9 7 5 5 10 8 7 6 8 0 5 6 8 4 4 9 8 4 9 4 8 4 6 2 3 2 1 5 5 8 7 13 3 7 9 6 5
3 4 3 7 3 6 2 6 5 2 7 3 5 0 6 7 3 3 6 3 2 4 2 3 3 3 4 3 5 6 4 1 3 3 9 3 4 4 3 2
4 5 3 3 5 1 4 6 3 7 2 6 6 6 0 2 3 3 4 7 4 7 6 6 3 3 6 6 4 5 1 5 9 4 8 6 3 6 3 4
4 7 4 1 5 3 5 5 3 8 3 6 8 7 2 0 4 5 3 7 5 7 8 7 4 4 8 7 6 7 3 6 9 5 7 7 4 6 4 5
3 3 1 5 4 3 1 7 4 5 4 5 4 3 3 4 0 1 5 5 1 6 3 5 0 3 4 3 2 4 2 3 6 3 9 3 3 5 2 2
3 3 1 6 3 4 1 6 4 4 5 4 4 3 3 5 1 0 5 4 0 5 3 4 1 2 4 3 3 4 2 2 5 3 9 3 3 5 2 1
3 8 4 2 3 5 4 3 1 7 6 4 9 6 4 3 5 5 0 5 5 5 8 5 5 3 8 7 7 9 3 6 8 3 5 8 2 3 3 5
3 7 4 7 2 8 4 4 4 2 9 1 8 3 7 7 5 4 5 0 4 1 5 0 5 3 7 6 7 8 5 3 3 2 6 6 3 2 4 4
3 3 1 6 3 4 1 6 4 4 5 4 4 2 4 5 1 0 5 4 0 5 3 4 1 2 3 2 3 4 2 2 5 3 9 3 3 5 2 1
4 8 5 7 3 8 5 4 5 3 9 1 9 4 7 7 6 5 5 1 5 0 6 1 6 4 8 7 8 10 6 4 4 3 5 7 4 2 4 5
5 3 4 9 5 6 3 8 7 3 7 5 4 2 6 8 3 3 8 5 3 6 0 5 4 5 2 1 4 4 5 2 4 5 11 1 5 6 4 2
3 7 4 7 2 7 4 4 4 2 8 0 8 3 6 7 5 4 5 0 4 1 5 0 5 3 6 6 7 8 5 3 4 2 6 5 3 2 3 3
3 3 1 5 4 3 1 6 4 5 4 5 4 3 3 4 0 1 5 5 1 6 4 5 0 2 4 3 3 4 2 3 6 3 9 3 3 5 2 2
1 5 1 4 1 4 1 4 2 4 5 3 6 3 3 4 3 2 3 3 2 4 5 3 2 0 5 4 5 6 2 3 6 1 7 5 1 3 0 2
6 2 5 9 6 6 4 9 7 5 7 7 2 4 6 8 4 4 8 7 3 8 2 6 4 5 0 1 3 3 5 4 5 6 12 1 6 8 5 3
5 2 4 8 5 6 3 8 6 4 6 6 3 3 6 7 3 3 7 6 2 7 1 6 3 4 1 0 3 3 5 3 5 5 11 0 5 7 4 2
5 1 4 7 6 4 4 9 6 6 4 7 2 5 4 6 2 3 7 7 3 8 4 7 3 5 3 3 0 1 4 4 7 6 11 3 6 8 5 4
7 1 5 8 8 5 5 10 8 7 5 8 1 6 5 7 4 4 9 8 4 10 4 8 4 6 3 3 1 0 5 5 8 7 13 3 7 9 6 5
2 4 1 4 3 2 2 5 3 6 3 5 5 4 1 3 2 2 3 5 2 6 5 5 2 2 5 5 4 5 0 4 7 3 8 5 2 5 2 3
3 4 3 7 3 6 2 6 5 2 7 3 5 1 5 6 3 2 6 3 2 4 2 3 3 3 4 3 4 5 4 0 3 3 9 3 3 4 3 1
6 7 6 10 5 9 5 8 7 1 10 4 8 3 9 9 6 5 8 3 5 4 4 4 6 6 5 5 7 8 7 3 0 5 10 5 6 6 6 4
1 6 2 5 0 5 2 3 2 4 6 2 7 3 4 5 3 3 3 2 3 3 5 2 3 1 6 5 6 7 3 3 5 0 6 5 1 2 1 3
6 12 8 6 6 10 8 3 5 9 10 6 13 9 8 7 9 9 5 6 9 5 11 6 9 7 12 11 11 13 8 9 10 6 0 11 6 4 7 9
5 2 4 8 5 6 3 8 7 4 7 6 3 3 6 7 3 3 8 6 3 7 1 5 3 5 1 0 3 3 5 3 5 5 11 0 5 7 4 3
0 6 2 4 1 5 2 3 1 5 5 3 7 4 3 4 3 3 2 3 3 4 5 3 3 1 6 5 6 7 2 3 6 1 6 5 0 2 1 3
2 8 4 5 2 7 4 2 3 4 8 2 9 4 6 6 5 5 3 2 5 2 6 2 5 3 8 7 8 9 5 4 6 2 4 7 2 0 3 4
1 5 1 4 2 4 1 4 2 4 5 3 6 3 3 4 2 2 3 4 2 4 4 3 2 0 5 4 5 6 2 3 6 1 7 4 1 3 0 2
3 3 2 6 3 5 1 6 4 3 6 3 5 2 4 5 2 1 5 4 1 5 2 3 2 2 3 2 4 5 3 1 4 3 9 3 3 4 2 0
,
0 33 8 18 5 32 8 18 10 29 34 17 20 11 11 11 17 18 7 14 12 18 37 10 13 4 43 19 33 47 13 8 33 2 29 21 2 13 3 9
29 0 10 49 45 30 27 50 33 19 27 36 4 30 18 31 20 20 20 38 13 28 22 45 10 28 6 6 6 10 29 17 22 27 77 6 36 36 19 17
12 24 0 28 12 15 4 38 17 17 24 18 16 12 9 14 8 7 12 23 6 32 19 16 5 6 25 15 24 37 8 7 29 6 53 28 12 16 6 7
20 35 33 0 21 12 40 21 14 31 12 28 51 23 23 9 40 18 7 35 39 20 35 26 16 17 33 32 21 55 14 22 65 30 21 40 18 20 12 30
7 31 14 14 0 17 19 16 8 27 42 11 50 13 33 21 18 12 14 10 14 8 38 11 15 8 21 26 27 41 9 18 36 3 18 20 4 9 7 21
15 13 14 10 29 0 15 55 11 21 6 29 37 47 8 21 11 15 29 52 11 31 48 39 22 27 43 16 13 15 8 40 26 40 62 30 26 47 25 24
13 13 6 21 18 21 0 20 25 15 24 10 36 11 24 28 9 5 23 11 5 36 9 25 7 10 10 14 24 32 10 6 15 6 43 20 8 15 9 4
16 31 38 15 20 43 15 0 18 25 53 27 44 30 42 15 30 16 8 15 35 17 49 17 34 22 25 43 46 44 37 36 21 19 7 48 9 12 24 16
11 31 16 20 12 27 15 15 0 39 21 21 52 37 19 19 24 15 6 14 29 32 48 18 16 15 30 38 36 57 7 30 19 7 25 21 4 13 10 11
33 32 15 51 15 48 27 17 23 0 48 18 26 8 29 21 14 21 18 9 16 15 9 16 29 29 19 11 44 26 26 14 5 28 30 20 35 31 12 18
17 14 17 15 34 5 36 28 16 58 0 45 29 21 7 11 21 33 30 51 28 66 51 40 12 30 50 29 14 14 9 25 32 38 71 24 16 22 28 16
16 21 13 30 8 49 12 24 25 9 23 0 51 10 41 21 15 19 29 5 19 5 25 1 25 8 37 27 46 25 31 19 14 6 20 18 7 9 17 24
31 8 20 41 32 27 26 56 47 45 40 27 0 35 24 32 19 21 64 51 13 51 18 54 30 30 6 17 7 5 20 39 27 48 82 15 27 57 41 12
23 19 14 51 21 38 7 37 14 10 39 18 33 0 29 21 17 9 16 12 7 11 15 19 10 21 16 8 20 36 23 4 19 21 49 18 26 32 15 5
10 35 13 20 28 6 13 44 8 31 11 26 24 18 0 9 20 23 24 41 26 46 34 19 20 18 30 17 19 16 6 35 49 24 55 35 10 42 13 24
24 48 10 9 19 20 18 20 19 26 14 27 46 30 12 0 27 31 13 20 21 26 37 35 26 26 26 29 43 50 8 19 54 31 51 34 22 24 18 16
22 7 6 37 23 22 4 36 11 19 15 20 18 9 20 32 0 3 14 16 6 33 17 21 1 8 12 14 12 17 7 11 29 23 51 21 17 16 11 7
7 10 5 25 24 28 2 29 20 15 13 29 24 8 12 17 3 0 16 27 1 35 8 19 4 5 9 10 13 17 8 14 40 17 36 21 15 25 13 5
10 20 16 16 16 22 11 19 4 23 37 31 25 32 18 16 19 19 0 26 30 14 43 21 28 18 35 54 43 36 12 41 25 20 22 52 9 12 11 17
11 52 12 49 16 26 24 16 13 12 51 4 32 11 17 51 29 20 30 0 23 8 34 2 36 12 17 37 18 32 23 15 17 15 41 17 14 8 23 17
9 17 8 38 16 27 2 47 14 14 15 15 14 7 20 34 4 1 16 26 0 17 21 29 6 12 13 8 11 17 15 12 37 13 25 15 12 27 11 6
25 28 16 28 7 55 35 21 19 23 29 5 42 14 32 54 18 19 20 10 16 0 39 4 35 16 34 28 32 56 22 31 27 12 24 45 12 5 30 31
14 10 28 59 30 40 19 48 42 10 38 29 12 8 44 56 13 10 26 37 13 36 0 30 24 34 10 6 26 12 36 12 22 34 52 5 21 29 25 7
13 20 22 45 10 49 16 17 12 11 39 3 49 11 37 32 22 16 14 2 15 9 27 0 15 17 32 19 19 33 13 21 14 12 18 39 16 13 19 24
14 11 5 26 13 20 3 39 18 26 12 24 22 14 16 17 1 3 32 23 4 20 14 31 0 13 20 8 20 20 12 11 33 14 39 13 10 23 14 11
4 31 4 14 8 22 7 20 9 26 24 13 16 18 19 29 13 13 9 9 14 20 33 18 17 0 17 16 15 18 11 10 25 4 38 12 3 13 2 15
45 5 33 47 17 36 11 61 33 23 31 18 13 25 26 53 12 23 23 43 19 47 9 23 19 23 0 5 7 8 31 23 18 39 84 7 38 45 30 26
15 9 19 45 24 22 14 41 24 18 23 29 17 13 19 24 9 11 23 16 17 43 4 32 17 15 6 0 12 17 19 16 33 23 72 1 38 50 30 14
25 6 10 52 23 14 23 37 26 21 30 21 5 33 16 42 15 17 50 53 10 59 11 27 11 29 17 11 0 8 20 31 43 32 64 18 28 40 26 25
45 7 32 57 46 27 17 70 37 46 36 31 3 17 31 47 16 12 37 48 25 37 25 48 13 31 13 24 4 0 32 16 27 28 42 19 22 44 42 14
10 29 5 21 22 7 11 20 16 17 18 27 28 13 4 16 10 8 10 17 7 33 14 13 7 9 18 19 21 14 0 23 45 13 44 33 10 25 12 21
19 19 12 33 14 28 5 25 33 12 33 21 37 2 35 25 15 7 26 14 9 12 15 16 13 17 11 19 13 33 12 0 17 14 30 9 16 21 9 7
34 39 35 63 16 30 33 24 22 6 61 22 38 16 37 58 39 21 26 15 39 32 27 12 16 20 27 16 35 23 45 11 0 20 47 28 43 26 32 17
3 27 16 17 3 36 9 19 12 11 24 5 50 11 16 19 20 18 10 12 10 9 17 11 18 4 39 15 38 52 9 14 17 0 20 14 4 8 10 12
18 64 47 36 14 44 54 8 38 24 51 44 76 58 36 28 38 46 21 31 52 20 71 33 30 46 78 62 74 86 24 62 40 32 0 49 37 20 32 53
22 5 13 58 36 27 22 24 40 21 44 30 13 16 20 31 21 21 33 33 9 19 3 18 17 19 7 1 9 12 34 10 23 19 37 0 27 30 32 17
2 16 9 22 5 16 6 13 7 22 30 16 49 15 24 17 13 16 15 11 8 26 35 22 10 5 30 27 18 39 16 22 23 7 41 19 0 9 7 12
14 35 19 39 7 42 25 5 8 13 23 12 50 12 41 26 19 25 12 11 28 7 32 13 19 9 58 37 53 62 13 23 37 11 11 46 17 0 19 31
5 12 3 17 5 14 5 18 9 28 32 16 34 14 23 14 11 8 16 25 9 24 30 14 12 2 37 12 31 18 5 18 27 5 35 32 7 24 0 14
18 14 7 20 17 29 3 29 24 10 39 23 25 11 26 24 6 6 35 19 5 31 7 15 8 5 10 7 13 32 11 7 18 16 26 8 18 19 9 0