7
40
,
0 (23.0, 29.0) 18.0
1 (42.0, 8.0) 34.0
2 (27.0, 21.0) 12.0
3 (4.0, 20.0) 33.0
4 (24.0, 34.0) 19.0
5 (19.0, 6.0) 18.0
6 (31.0, 23.0) 41.0
7 (11.0, 42.0) 29.0
8 (15.0, 28.0) 14.0
9 (43.0, 38.0) 16.0
10 (17.0, 2.0) 11.0
11 (29.0, 40.0) 28.0
12 (45.0, 3.0) 44.0
13 (40.0, 30.0) 31.0
14 (17.0, 12.0) 46.0
15 (9.0, 16.0) 21.0
16 (31.0, 16.0) 38.0
17 (32.0, 20.0) 11.0
18 (10.0, 29.0) 48.0
19 (32.0, 42.0) 45.0
20 (33.0, 20.0) 13.0
21 (28.0, 47.0) 13.0
22 (47.0, 22.0) 12.0
23 (31.0, 41.0) 41.0
24 (30.0, 17.0) 12.0
25 (25.0, 27.0) 35.0
26 (49.0, 14.0) 20.0
27 (45.0, 17.0) 43.0
28 (38.0, 6.0) 42.0
29 (42.0, 1.0) 25.0
30 (22.0, 17.0) 36.0
31 (38.0, 28.0) 23.0
32 (49.0, 41.0) 17.0
33 (25.0, 32.0) 25.0
34 (1.0, 50.0) 48.0
35 (46.0, 18.0) 25.0
36 (21.0, 29.0) 26.0
37 (21.0, 41.0) 19.0
38 (25.0, 25.0) 23.0
39 (35.0, 24.0) 25.0
,
0 6 2 4 1 5 2 4 2 4 6 3 7 3 4 4 3 3 3 3 3 4 5 3 3 1 6 5 5 7 2 3 6 1 6 5 0 2 1 3
6 0 4 8 6 5 4 9 7 6 5 7 1 4 5 7 3 3 8 7 3 8 3 7 3 5 2 2 1 1 4 4 7 6 12 2 6 8 5 3
2 4 0 5 3 3 1 5 3 5 4 4 5 3 3 4 1 1 4 4 1 5 4 4 1 1 5 4 4 5 1 3 6 2 8 4 2 4 1 2
4 8 5 0 5 4 5 5 3 9 4 6 9 7 3 1 5 6 2 7 6 7 9 7 5 4 9 8 7 8 4 7 10 5 6 8 4 5 4 6
1 6 3 5 0 6 3 3 2 4 7 2 7 3 5 5 4 3 3 2 3 3 5 2 4 1 6 5 6 8 3 3 5 0 6 5 1 2 2 3
5 5 3 4 6 0 4 7 4 8 1 7 5 6 1 3 3 4 5 8 4 8 6 7 3 4 6 6 4 5 2 6 9 5 10 6 5 7 4 5
2 4 1 5 3 4 0 6 3 4 5 3 5 2 4 5 1 1 4 4 1 5 3 4 1 1 4 3 4 5 2 2 5 2 8 3 2 4 1 1
4 9 5 5 3 7 6 0 3 6 8 4 10 6 6 5 7 6 3 4 6 4 8 4 6 4 9 8 9 10 5 6 8 3 3 8 3 2 4 6
2 7 3 3 2 4 3 3 0 6 5 4 8 5 3 3 4 4 1 4 4 5 7 4 4 2 7 6 6 8 3 5 7 2 5 7 1 3 2 4
4 6 5 9 4 8 4 6 6 0 9 3 7 2 7 8 5 4 7 2 4 3 3 2 5 4 5 4 6 7 6 2 1 4 9 4 5 4 4 3
6 5 4 4 7 1 5 8 5 9 0 8 6 7 2 3 4 5 6 9 5 9 7 8 4 5 7 6 4 5 3 7 10 6 10 7 5 8 5 6
3 7 4 6 2 7 3 4 4 3 8 0 8 3 6 6 5 4 4 1 4 1 5 0 5 3 7 6 7 8 5 3 4 2 6 6 3 2 3 3
7 1 5 9 7 5 5 10 8 7 6 8 0 5 6 8 4 4 9 8 4 9 4 8 4 6 2 3 2 1 5 5 8 7 13 3 7 9 6 5
3 4 3 7 3 6 2 6 5 2 7 3 5 0 6 7 3 3 6 3 2 4 2 3 3 3 4 3 5 6 4 1 3 3 9 3 4 4 3 2
4 5 3 3 5 1 4 6 3 7 2 6 6 6 0 2 3 3 4 7 4 7 6 6 3 3 6 6 4 5 1 5 9 4 8 6 3 6 3 4
4 7 4 1 5 3 5 5 3 8 3 6 8 7 2 0 4 5 3 7 5 7 8 7 4 4 8 7 6 7 3 6 9 5 7 7 4 6 4 5
3 3 1 5 4 3 1 7 4 5 4 5 4 3 3 4 0 1 5 5 1 6 3 5 0 3 4 3 2 4 2 3 6 3 9 3 3 5 2 2
3 3 1 6 3 4 1 6 4 4 5 4 4 3 3 5 1 0 5 4 0 5 3 4 1 2 4 3 3 4 2 2 5 3 9 3 3 5 2 1
3 8 4 2 3 5 4 3 1 7 6 4 9 6 4 3 5 5 0 5 5 5 8 5 5 3 8 7 7 9 3 6 8 3 5 8 2 3 3 5
3 7 4 7 2 8 4 4 4 2 9 1 8 3 7 7 5 4 5 0 4 1 5 0 5 3 7 6 7 8 5 3 3 2 6 6 3 2 4 4
3 3 1 6 3 4 1 6 4 4 5 4 4 2 4 5 1 0 5 4 0 5 3 4 1 2 3 2 3 4 2 2 5 3 9 3 3 5 2 1
4 8 5 7 3 8 5 4 5 3 9 1 9 4 7 7 6 5 5 1 5 0 6 1 6 4 8 7 8 10 6 4 4 3 5 7 4 2 4 5
5 3 4 9 5 6 3 8 7 3 7 5 4 2 6 8 3 3 8 5 3 6 0 5 4 5 2 1 4 4 5 2 4 5 11 1 5 6 4 2
3 7 4 7 2 7 4 4 4 2 8 0 8 3 6 7 5 4 5 0 4 1 5 0 5 3 6 6 7 8 5 3 4 2 6 5 3 2 3 3
3 3 1 5 4 3 1 6 4 5 4 5 4 3 3 4 0 1 5 5 1 6 4 5 0 2 4 3 3 4 2 3 6 3 9 3 3 5 2 2
1 5 1 4 1 4 1 4 2 4 5 3 6 3 3 4 3 2 3 3 2 4 5 3 2 0 5 4 5 6 2 3 6 1 7 5 1 3 0 2
6 2 5 9 6 6 4 9 7 5 7 7 2 4 6 8 4 4 8 7 3 8 2 6 4 5 0 1 3 3 5 4 5 6 12 1 6 8 5 3
5 2 4 8 5 6 3 8 6 4 6 6 3 3 6 7 3 3 7 6 2 7 1 6 3 4 1 0 3 3 5 3 5 5 11 0 5 7 4 2
5 1 4 7 6 4 4 9 6 6 4 7 2 5 4 6 2 3 7 7 3 8 4 7 3 5 3 3 0 1 4 4 7 6 11 3 6 8 5 4
7 1 5 8 8 5 5 10 8 7 5 8 1 6 5 7 4 4 9 8 4 10 4 8 4 6 3 3 1 0 5 5 8 7 13 3 7 9 6 5
2 4 1 4 3 2 2 5 3 6 3 5 5 4 1 3 2 2 3 5 2 6 5 5 2 2 5 5 4 5 0 4 7 3 8 5 2 5 2 3
3 4 3 7 3 6 2 6 5 2 7 3 5 1 5 6 3 2 6 3 2 4 2 3 3 3 4 3 4 5 4 0 3 3 9 3 3 4 3 1
6 7 6 10 5 9 5 8 7 1 10 4 8 3 9 9 6 5 8 3 5 4 4 4 6 6 5 5 7 8 7 3 0 5 10 5 6 6 6 4
1 6 2 5 0 5 2 3 2 4 6 2 7 3 4 5 3 3 3 2 3 3 5 2 3 1 6 5 6 7 3 3 5 0 6 5 1 2 1 3
6 12 8 6 6 10 8 3 5 9 10 6 13 9 8 7 9 9 5 6 9 5 11 6 9 7 12 11 11 13 8 9 10 6 0 11 6 4 7 9
5 2 4 8 5 6 3 8 7 4 7 6 3 3 6 7 3 3 8 6 3 7 1 5 3 5 1 0 3 3 5 3 5 5 11 0 5 7 4 3
0 6 2 4 1 5 2 3 1 5 5 3 7 4 3 4 3 3 2 3 3 4 5 3 3 1 6 5 6 7 2 3 6 1 6 5 0 2 1 3
2 8 4 5 2 7 4 2 3 4 8 2 9 4 6 6 5 5 3 2 5 2 6 2 5 3 8 7 8 9 5 4 6 2 4 7 2 0 3 4
1 5 1 4 2 4 1 4 2 4 5 3 6 3 3 4 2 2 3 4 2 4 4 3 2 0 5 4 5 6 2 3 6 1 7 4 1 3 0 2
3 3 2 6 3 5 1 6 4 3 6 3 5 2 4 5 2 1 5 4 1 5 2 3 2 2 3 2 4 5 3 1 4 3 9 3 3 4 2 0
,
0 17 6 26 7 20 12 18 9 16 15 9 26 10 11 20 20 9 7 11 14 21 20 10 12 2 26 36 34 29 11 13 31 5 44 18 2 16 4 11
18 0 25 58 40 24 14 50 36 44 27 17 6 19 38 51 20 12 45 47 11 57 8 34 21 31 5 12 6 8 20 19 47 39 79 10 36 47 17 12
13 27 0 16 9 21 4 27 9 31 17 17 33 22 17 23 6 3 28 11 4 34 25 28 4 6 27 10 14 15 4 19 24 12 47 25 13 19 5 12
13 45 24 0 15 13 33 30 20 49 17 20 58 21 10 6 15 38 9 52 25 54 59 48 13 11 39 35 55 23 26 47 56 25 38 38 18 21 11 21
7 40 13 17 0 17 16 20 15 16 22 8 47 21 22 23 26 14 11 16 25 20 13 10 14 5 36 29 21 43 13 18 25 3 36 14 5 7 11 13
21 34 25 29 20 0 30 30 25 42 3 34 21 38 7 8 8 11 32 53 10 23 40 21 17 31 37 24 25 13 15 40 44 15 61 27 17 50 17 21
10 15 6 26 16 16 0 37 8 24 15 14 25 12 22 31 8 5 27 27 2 28 21 26 4 6 22 13 17 24 9 5 32 16 27 10 16 19 5 3
14 64 33 31 15 26 40 0 10 37 51 26 30 21 29 16 20 31 15 14 28 22 39 14 44 22 69 43 46 33 30 23 35 9 11 23 11 9 32 35
10 48 18 16 10 23 14 14 0 44 33 20 43 28 21 13 25 26 6 14 16 33 25 30 22 7 22 24 21 29 18 27 41 11 30 24 7 8 8 16
25 17 20 52 21 31 17 21 42 0 58 14 19 6 47 48 19 17 35 16 25 17 20 9 30 26 21 22 37 32 40 16 5 17 45 21 29 12 18 13
16 17 27 32 26 2 17 56 18 66 0 29 40 29 9 23 20 33 33 35 13 53 47 37 16 36 30 37 14 37 23 46 48 46 43 46 15 28 35 27
18 33 20 45 9 47 13 19 22 15 30 0 29 19 18 46 14 20 24 4 29 8 25 3 20 16 42 25 46 43 18 11 10 9 24 40 18 8 19 14
32 9 33 53 35 25 23 68 38 47 19 49 0 21 40 24 18 13 63 43 17 41 16 49 27 44 16 8 8 5 38 15 34 29 59 10 35 44 40 14
22 24 9 23 11 46 10 46 31 7 41 8 16 0 22 43 22 14 32 20 8 30 14 19 11 20 26 9 33 40 18 2 20 12 54 12 15 14 18 7
18 26 15 16 32 5 26 30 14 52 11 26 28 25 0 6 19 19 10 36 25 34 46 18 14 13 19 42 18 22 10 20 36 31 45 32 21 42 14 14
15 28 10 6 32 14 31 26 8 33 17 22 55 31 6 0 12 15 12 43 29 24 33 33 14 12 22 25 33 31 17 46 39 18 52 53 23 16 27 30
18 9 4 38 20 21 4 39 20 24 11 35 21 18 17 32 0 4 23 22 2 38 12 35 1 13 26 13 10 22 12 18 25 14 58 8 22 21 12 10
14 23 7 34 23 12 3 24 22 30 24 29 26 11 25 28 3 0 12 17 1 27 15 21 4 15 26 20 22 25 8 13 20 18 35 13 16 32 10 6
10 35 24 8 19 29 23 7 3 36 23 26 32 15 17 7 31 20 0 19 24 22 46 25 25 22 50 37 27 33 15 25 47 13 22 23 12 12 19 36
14 52 30 42 15 52 25 26 12 15 33 5 60 8 35 48 26 32 34 0 28 6 37 2 29 12 16 38 42 43 31 22 22 7 23 17 25 13 11 21
14 11 8 30 12 27 5 26 27 10 29 22 13 12 17 17 5 1 16 31 0 18 15 13 4 9 21 17 15 14 14 7 24 13 61 10 11 24 6 6
15 33 16 33 12 31 34 17 22 15 57 10 63 18 53 23 30 38 33 7 20 0 23 4 26 30 49 23 56 34 25 26 16 16 19 51 13 8 33 20
27 13 25 39 14 41 17 57 35 16 28 14 17 15 39 22 18 22 27 29 19 16 0 17 23 15 6 7 20 11 24 6 13 14 41 4 38 23 25 10
8 31 26 40 7 54 14 26 19 16 62 2 22 11 47 26 25 12 22 1 19 6 36 0 32 18 33 19 48 24 24 20 21 15 18 37 20 11 14 15
19 11 6 38 16 20 8 33 9 23 28 24 25 16 21 13 1 4 25 19 6 20 22 24 0 11 23 16 19 16 12 11 21 14 48 16 16 38 12 8
4 25 8 20 6 25 11 10 11 18 16 18 27 9 24 26 8 12 21 14 12 28 12 22 6 0 38 23 17 45 13 12 37 3 30 29 4 15 2 11
28 10 23 27 32 19 20 25 49 35 32 34 9 18 44 30 24 21 27 34 19 21 7 24 13 31 0 6 10 22 39 13 31 36 71 7 19 20 21 23
27 14 22 45 33 39 9 23 17 26 47 31 20 10 19 52 14 12 33 40 16 47 5 35 8 16 6 0 19 9 33 8 36 25 59 1 33 26 28 9
33 4 11 50 31 27 11 51 35 48 19 45 10 21 28 26 9 16 53 19 18 35 14 46 12 26 7 8 0 5 12 18 45 34 61 17 18 55 33 23
33 9 18 28 28 17 34 39 56 51 28 31 3 20 20 42 14 29 53 58 15 25 27 31 15 29 20 17 6 0 22 31 50 51 36 16 18 65 36 12
7 28 5 17 12 10 9 36 19 26 20 13 36 20 5 11 5 9 21 22 13 23 16 33 5 14 30 14 20 17 0 18 43 13 27 26 8 21 8 21
11 27 18 27 16 42 9 43 14 15 38 21 33 3 13 34 19 6 30 15 8 31 7 19 19 17 19 10 29 21 14 0 21 11 38 15 23 27 13 5
15 26 23 66 25 26 29 50 34 9 62 18 50 8 59 31 31 16 28 15 32 21 13 17 45 41 33 30 39 42 29 26 0 17 32 21 33 37 38 25
2 31 8 31 2 39 13 21 9 18 40 6 24 15 26 15 18 17 10 8 20 19 20 7 21 5 38 25 24 24 13 8 36 0 23 31 3 14 10 15
32 46 34 21 32 26 44 12 22 38 50 28 92 34 45 42 52 34 26 20 57 28 28 17 46 39 74 55 42 56 55 40 45 23 0 78 33 30 48 27
31 5 14 34 20 38 8 37 31 19 23 16 22 11 29 27 16 11 52 18 11 32 5 28 11 19 3 2 12 20 13 15 23 35 39 0 18 34 23 13
3 28 6 18 8 22 10 17 6 20 22 18 20 14 12 19 20 10 15 19 20 12 22 10 20 3 38 15 43 43 14 14 19 5 33 31 0 13 4 19
11 55 22 23 5 26 25 11 13 28 27 9 50 20 40 35 22 34 19 14 20 13 33 8 34 20 49 48 34 46 35 14 30 8 19 30 6 0 17 25
4 28 4 24 7 10 3 17 11 14 21 12 44 11 14 24 15 11 15 27 13 28 32 22 14 3 29 11 23 25 13 7 27 10 27 28 8 15 0 12
8 13 6 18 21 18 3 30 13 11 29 21 12 10 12 33 12 3 35 26 4 22 10 17 12 9 21 7 16 17 9 7 22 12 39 16 13 30 8 0