7
40
,
0 (23.0, 29.0) 47.0
1 (42.0, 8.0) 14.0
2 (27.0, 21.0) 40.0
3 (4.0, 20.0) 10.0
4 (24.0, 34.0) 19.0
5 (19.0, 6.0) 24.0
6 (31.0, 23.0) 17.0
7 (11.0, 42.0) 41.0
8 (15.0, 28.0) 20.0
9 (43.0, 38.0) 15.0
10 (17.0, 2.0) 13.0
11 (29.0, 40.0) 12.0
12 (45.0, 3.0) 37.0
13 (40.0, 30.0) 18.0
14 (17.0, 12.0) 29.0
15 (9.0, 16.0) 45.0
16 (31.0, 16.0) 38.0
17 (32.0, 20.0) 13.0
18 (10.0, 29.0) 45.0
19 (32.0, 42.0) 40.0
20 (33.0, 20.0) 13.0
21 (28.0, 47.0) 15.0
22 (47.0, 22.0) 10.0
23 (31.0, 41.0) 21.0
24 (30.0, 17.0) 10.0
25 (25.0, 27.0) 43.0
26 (49.0, 14.0) 50.0
27 (45.0, 17.0) 41.0
28 (38.0, 6.0) 32.0
29 (42.0, 1.0) 23.0
30 (22.0, 17.0) 28.0
31 (38.0, 28.0) 30.0
32 (49.0, 41.0) 28.0
33 (25.0, 32.0) 25.0
34 (1.0, 50.0) 26.0
35 (46.0, 18.0) 15.0
36 (21.0, 29.0) 13.0
37 (21.0, 41.0) 18.0
38 (25.0, 25.0) 46.0
39 (35.0, 24.0) 13.0
,
0 6 2 4 1 5 2 4 2 4 6 3 7 3 4 4 3 3 3 3 3 4 5 3 3 1 6 5 5 7 2 3 6 1 6 5 0 2 1 3
6 0 4 8 6 5 4 9 7 6 5 7 1 4 5 7 3 3 8 7 3 8 3 7 3 5 2 2 1 1 4 4 7 6 12 2 6 8 5 3
2 4 0 5 3 3 1 5 3 5 4 4 5 3 3 4 1 1 4 4 1 5 4 4 1 1 5 4 4 5 1 3 6 2 8 4 2 4 1 2
4 8 5 0 5 4 5 5 3 9 4 6 9 7 3 1 5 6 2 7 6 7 9 7 5 4 9 8 7 8 4 7 10 5 6 8 4 5 4 6
1 6 3 5 0 6 3 3 2 4 7 2 7 3 5 5 4 3 3 2 3 3 5 2 4 1 6 5 6 8 3 3 5 0 6 5 1 2 2 3
5 5 3 4 6 0 4 7 4 8 1 7 5 6 1 3 3 4 5 8 4 8 6 7 3 4 6 6 4 5 2 6 9 5 10 6 5 7 4 5
2 4 1 5 3 4 0 6 3 4 5 3 5 2 4 5 1 1 4 4 1 5 3 4 1 1 4 3 4 5 2 2 5 2 8 3 2 4 1 1
4 9 5 5 3 7 6 0 3 6 8 4 10 6 6 5 7 6 3 4 6 4 8 4 6 4 9 8 9 10 5 6 8 3 3 8 3 2 4 6
2 7 3 3 2 4 3 3 0 6 5 4 8 5 3 3 4 4 1 4 4 5 7 4 4 2 7 6 6 8 3 5 7 2 5 7 1 3 2 4
4 6 5 9 4 8 4 6 6 0 9 3 7 2 7 8 5 4 7 2 4 3 3 2 5 4 5 4 6 7 6 2 1 4 9 4 5 4 4 3
6 5 4 4 7 1 5 8 5 9 0 8 6 7 2 3 4 5 6 9 5 9 7 8 4 5 7 6 4 5 3 7 10 6 10 7 5 8 5 6
3 7 4 6 2 7 3 4 4 3 8 0 8 3 6 6 5 4 4 1 4 1 5 0 5 3 7 6 7 8 5 3 4 2 6 6 3 2 3 3
7 1 5 9 7 5 5 10 8 7 6 8 0 5 6 8 4 4 9 8 4 9 4 8 4 6 2 3 2 1 5 5 8 7 13 3 7 9 6 5
3 4 3 7 3 6 2 6 5 2 7 3 5 0 6 7 3 3 6 3 2 4 2 3 3 3 4 3 5 6 4 1 3 3 9 3 4 4 3 2
4 5 3 3 5 1 4 6 3 7 2 6 6 6 0 2 3 3 4 7 4 7 6 6 3 3 6 6 4 5 1 5 9 4 8 6 3 6 3 4
4 7 4 1 5 3 5 5 3 8 3 6 8 7 2 0 4 5 3 7 5 7 8 7 4 4 8 7 6 7 3 6 9 5 7 7 4 6 4 5
3 3 1 5 4 3 1 7 4 5 4 5 4 3 3 4 0 1 5 5 1 6 3 5 0 3 4 3 2 4 2 3 6 3 9 3 3 5 2 2
3 3 1 6 3 4 1 6 4 4 5 4 4 3 3 5 1 0 5 4 0 5 3 4 1 2 4 3 3 4 2 2 5 3 9 3 3 5 2 1
3 8 4 2 3 5 4 3 1 7 6 4 9 6 4 3 5 5 0 5 5 5 8 5 5 3 8 7 7 9 3 6 8 3 5 8 2 3 3 5
3 7 4 7 2 8 4 4 4 2 9 1 8 3 7 7 5 4 5 0 4 1 5 0 5 3 7 6 7 8 5 3 3 2 6 6 3 2 4 4
3 3 1 6 3 4 1 6 4 4 5 4 4 2 4 5 1 0 5 4 0 5 3 4 1 2 3 2 3 4 2 2 5 3 9 3 3 5 2 1
4 8 5 7 3 8 5 4 5 3 9 1 9 4 7 7 6 5 5 1 5 0 6 1 6 4 8 7 8 10 6 4 4 3 5 7 4 2 4 5
5 3 4 9 5 6 3 8 7 3 7 5 4 2 6 8 3 3 8 5 3 6 0 5 4 5 2 1 4 4 5 2 4 5 11 1 5 6 4 2
3 7 4 7 2 7 4 4 4 2 8 0 8 3 6 7 5 4 5 0 4 1 5 0 5 3 6 6 7 8 5 3 4 2 6 5 3 2 3 3
3 3 1 5 4 3 1 6 4 5 4 5 4 3 3 4 0 1 5 5 1 6 4 5 0 2 4 3 3 4 2 3 6 3 9 3 3 5 2 2
1 5 1 4 1 4 1 4 2 4 5 3 6 3 3 4 3 2 3 3 2 4 5 3 2 0 5 4 5 6 2 3 6 1 7 5 1 3 0 2
6 2 5 9 6 6 4 9 7 5 7 7 2 4 6 8 4 4 8 7 3 8 2 6 4 5 0 1 3 3 5 4 5 6 12 1 6 8 5 3
5 2 4 8 5 6 3 8 6 4 6 6 3 3 6 7 3 3 7 6 2 7 1 6 3 4 1 0 3 3 5 3 5 5 11 0 5 7 4 2
5 1 4 7 6 4 4 9 6 6 4 7 2 5 4 6 2 3 7 7 3 8 4 7 3 5 3 3 0 1 4 4 7 6 11 3 6 8 5 4
7 1 5 8 8 5 5 10 8 7 5 8 1 6 5 7 4 4 9 8 4 10 4 8 4 6 3 3 1 0 5 5 8 7 13 3 7 9 6 5
2 4 1 4 3 2 2 5 3 6 3 5 5 4 1 3 2 2 3 5 2 6 5 5 2 2 5 5 4 5 0 4 7 3 8 5 2 5 2 3
3 4 3 7 3 6 2 6 5 2 7 3 5 1 5 6 3 2 6 3 2 4 2 3 3 3 4 3 4 5 4 0 3 3 9 3 3 4 3 1
6 7 6 10 5 9 5 8 7 1 10 4 8 3 9 9 6 5 8 3 5 4 4 4 6 6 5 5 7 8 7 3 0 5 10 5 6 6 6 4
1 6 2 5 0 5 2 3 2 4 6 2 7 3 4 5 3 3 3 2 3 3 5 2 3 1 6 5 6 7 3 3 5 0 6 5 1 2 1 3
6 12 8 6 6 10 8 3 5 9 10 6 13 9 8 7 9 9 5 6 9 5 11 6 9 7 12 11 11 13 8 9 10 6 0 11 6 4 7 9
5 2 4 8 5 6 3 8 7 4 7 6 3 3 6 7 3 3 8 6 3 7 1 5 3 5 1 0 3 3 5 3 5 5 11 0 5 7 4 3
0 6 2 4 1 5 2 3 1 5 5 3 7 4 3 4 3 3 2 3 3 4 5 3 3 1 6 5 6 7 2 3 6 1 6 5 0 2 1 3
2 8 4 5 2 7 4 2 3 4 8 2 9 4 6 6 5 5 3 2 5 2 6 2 5 3 8 7 8 9 5 4 6 2 4 7 2 0 3 4
1 5 1 4 2 4 1 4 2 4 5 3 6 3 3 4 2 2 3 4 2 4 4 3 2 0 5 4 5 6 2 3 6 1 7 4 1 3 0 2
3 3 2 6 3 5 1 6 4 3 6 3 5 2 4 5 2 1 5 4 1 5 2 3 2 2 3 2 4 5 3 1 4 3 9 3 3 4 2 0
,
0 31 12 21 4 12 9 23 5 26 25 18 48 9 20 19 15 9 17 17 15 20 30 9 19 2 20 30 36 30 13 18 30 5 32 29 1 15 3 18
35 0 19 38 37 18 19 61 27 16 35 46 7 25 19 21 16 15 42 26 19 42 18 46 9 17 9 8 6 7 18 20 17 23 80 14 31 44 18 15
13 12 0 13 12 17 3 14 20 14 29 18 15 12 9 14 8 8 19 19 6 15 20 13 3 5 25 23 12 27 6 12 28 7 20 24 8 24 5 5
13 56 26 0 37 14 28 21 12 51 21 43 28 19 9 7 17 21 16 52 34 29 48 31 14 12 46 28 43 63 12 19 36 27 16 25 22 37 26 24
7 19 9 29 0 41 16 18 15 16 27 5 20 21 29 25 10 10 19 13 10 9 38 7 22 7 24 37 36 51 23 18 33 2 37 29 6 8 6 16
34 32 11 31 27 0 28 37 13 58 5 31 29 18 5 15 10 26 24 56 21 25 40 25 22 28 27 18 22 26 8 27 36 18 25 18 20 30 15 36
11 24 2 18 17 16 0 25 11 16 14 14 31 7 10 26 8 2 12 21 4 28 11 20 7 8 24 17 12 25 16 8 28 10 39 20 12 13 3 3
12 43 28 14 12 32 17 0 7 46 22 17 39 32 33 38 21 43 14 26 32 19 36 25 20 14 47 45 30 44 15 20 52 18 15 56 20 14 20 39
9 47 14 18 15 16 24 15 0 27 19 19 45 32 14 11 17 10 4 13 18 25 20 27 23 6 29 22 19 55 14 24 36 9 29 48 8 16 14 18
32 37 30 57 25 51 24 16 44 0 40 18 32 8 41 33 13 22 39 12 17 9 23 13 23 30 35 19 34 41 27 7 4 21 29 20 27 31 27 16
30 24 29 11 42 2 33 46 35 63 0 44 28 41 12 21 15 24 17 32 22 55 31 61 19 39 23 36 28 19 8 35 40 30 75 37 18 34 31 26
18 47 25 41 10 44 9 22 19 21 25 0 50 11 31 30 27 28 11 4 19 7 14 3 31 15 29 23 22 44 34 22 17 13 29 15 8 9 19 10
19 5 35 56 22 22 22 75 28 37 34 24 0 32 26 25 16 14 27 49 24 34 20 42 19 22 7 13 10 5 36 16 34 28 33 15 30 37 18 13
19 18 10 50 19 19 17 17 16 10 24 19 20 0 38 49 14 10 25 9 15 23 6 9 18 13 25 19 21 18 26 2 18 8 43 17 18 19 21 9
20 24 14 16 21 9 12 28 15 42 11 18 43 25 0 8 19 23 15 32 19 54 44 32 14 15 20 33 19 21 5 22 58 19 25 39 14 16 20 27
27 28 13 6 33 12 18 18 11 25 24 18 50 38 10 0 31 21 14 49 31 34 23 47 12 16 57 25 34 28 18 19 66 25 40 46 11 24 16 32
22 14 7 25 24 14 4 31 16 24 11 24 21 19 19 17 0 2 19 22 5 42 21 34 1 18 12 13 15 19 9 12 40 9 29 17 20 35 10 10
16 11 4 31 10 12 3 22 14 25 30 24 22 16 18 27 6 0 28 32 1 34 18 24 2 11 15 15 22 20 6 12 14 19 62 15 16 28 7 5
19 55 27 15 21 33 22 15 7 28 21 17 32 19 15 18 19 18 0 18 26 23 22 25 22 22 39 55 24 59 21 26 57 11 18 24 15 22 16 13
14 31 30 38 10 35 15 14 24 7 29 3 48 7 17 30 34 29 22 0 16 10 14 1 13 19 33 20 44 47 24 22 9 9 22 21 23 13 12 19
19 10 6 20 11 26 4 23 15 19 22 25 13 10 9 16 4 1 15 24 0 14 12 19 6 8 15 10 15 11 9 7 20 21 43 10 22 27 9 4
18 43 20 24 16 51 17 25 29 26 55 5 56 19 46 30 30 41 28 7 18 0 24 4 39 27 48 44 46 41 29 29 21 18 34 20 28 11 25 17
31 14 12 58 37 27 13 27 45 22 51 20 16 11 46 54 13 10 35 37 19 40 0 27 22 32 8 3 24 14 38 10 26 36 40 4 21 28 15 13
20 34 30 37 11 45 15 27 11 16 28 2 43 20 38 26 13 15 33 2 18 9 28 0 31 11 22 17 24 26 31 21 20 13 18 30 22 13 12 9
8 21 3 23 14 11 6 19 13 36 11 27 19 19 19 29 2 3 15 25 4 42 11 32 0 6 22 19 16 24 12 20 45 18 57 18 8 19 6 8
2 14 7 25 8 21 7 21 10 31 30 13 27 15 17 25 18 12 8 17 11 21 32 15 8 0 17 28 28 44 12 16 31 6 39 19 6 9 1 16
26 10 13 62 28 17 27 58 46 21 51 46 9 20 34 60 27 26 53 29 18 34 5 19 26 25 0 3 19 8 32 24 27 44 58 3 42 34 40 12
20 6 16 56 19 19 14 41 43 11 43 39 20 13 37 38 12 18 52 25 17 39 6 41 9 31 5 0 15 17 32 19 19 27 52 2 27 26 27 17
36 4 23 21 32 10 26 48 39 40 12 23 7 23 26 20 9 18 19 26 22 42 23 41 10 28 12 19 0 3 22 16 51 23 50 11 16 24 13 20
22 10 30 35 49 28 30 33 28 55 34 30 3 25 33 41 24 14 41 51 16 38 12 22 15 31 13 9 5 0 31 31 52 33 63 10 24 39 39 16
9 30 5 19 25 12 6 40 15 17 12 27 24 14 6 8 12 6 16 40 12 37 30 16 5 11 16 30 22 27 0 27 33 11 51 22 9 19 6 8
8 20 19 50 14 23 12 43 15 17 29 16 32 3 18 39 15 6 39 11 14 30 6 17 10 9 25 12 23 23 23 0 14 17 56 10 9 15 10 6
41 33 41 26 29 60 26 31 29 10 66 15 49 15 23 39 27 36 50 17 27 13 19 26 24 29 30 27 20 54 49 16 0 25 36 33 34 19 19 18
4 16 10 14 1 19 7 13 9 16 26 6 18 16 15 12 16 10 12 11 14 10 22 6 13 3 44 23 22 50 8 20 20 0 21 25 6 8 10 14
29 64 41 19 39 60 33 15 34 48 59 37 90 31 48 25 63 37 13 17 32 22 37 40 42 49 87 42 32 46 56 51 49 37 0 81 33 21 38 37
18 15 23 37 29 18 12 42 24 15 41 28 12 12 20 24 15 20 54 31 13 26 4 24 22 32 3 2 18 18 24 11 19 15 39 0 19 31 13 11
2 43 9 27 8 29 15 14 3 23 26 12 42 10 18 25 9 21 14 18 10 27 18 23 21 5 22 20 37 50 12 20 26 3 23 39 0 7 7 8
7 26 23 36 9 23 11 12 11 27 45 4 66 16 35 19 24 27 18 16 15 14 24 11 16 18 44 24 26 43 23 28 20 6 26 18 13 0 20 22
3 22 7 31 6 13 3 11 10 22 28 19 22 14 14 15 9 9 16 22 8 15 22 24 7 2 39 20 32 29 13 9 15 9 27 16 8 11 0 15
16 10 10 37 14 29 5 17 18 17 24 11 23 9 18 34 13 3 30 11 5 28 10 10 7 13 21 15 25 34 16 4 19 7 30 17 12 29 9 0