7
40
,
0 (23.0, 29.0) 16.0
1 (42.0, 8.0) 43.0
2 (27.0, 21.0) 18.0
3 (4.0, 20.0) 32.0
4 (24.0, 34.0) 30.0
5 (19.0, 6.0) 30.0
6 (31.0, 23.0) 33.0
7 (11.0, 42.0) 27.0
8 (15.0, 28.0) 28.0
9 (43.0, 38.0) 12.0
10 (17.0, 2.0) 13.0
11 (29.0, 40.0) 40.0
12 (45.0, 3.0) 19.0
13 (40.0, 30.0) 17.0
14 (17.0, 12.0) 26.0
15 (9.0, 16.0) 23.0
16 (31.0, 16.0) 44.0
17 (32.0, 20.0) 14.0
18 (10.0, 29.0) 16.0
19 (32.0, 42.0) 16.0
20 (33.0, 20.0) 14.0
21 (28.0, 47.0) 11.0
22 (47.0, 22.0) 19.0
23 (31.0, 41.0) 35.0
24 (30.0, 17.0) 18.0
25 (25.0, 27.0) 33.0
26 (49.0, 14.0) 32.0
27 (45.0, 17.0) 15.0
28 (38.0, 6.0) 40.0
29 (42.0, 1.0) 13.0
30 (22.0, 17.0) 42.0
31 (38.0, 28.0) 36.0
32 (49.0, 41.0) 20.0
33 (25.0, 32.0) 25.0
34 (1.0, 50.0) 38.0
35 (46.0, 18.0) 17.0
36 (21.0, 29.0) 25.0
37 (21.0, 41.0) 14.0
38 (25.0, 25.0) 49.0
39 (35.0, 24.0) 11.0
,
0 6 2 4 1 5 2 4 2 4 6 3 7 3 4 4 3 3 3 3 3 4 5 3 3 1 6 5 5 7 2 3 6 1 6 5 0 2 1 3
6 0 4 8 6 5 4 9 7 6 5 7 1 4 5 7 3 3 8 7 3 8 3 7 3 5 2 2 1 1 4 4 7 6 12 2 6 8 5 3
2 4 0 5 3 3 1 5 3 5 4 4 5 3 3 4 1 1 4 4 1 5 4 4 1 1 5 4 4 5 1 3 6 2 8 4 2 4 1 2
4 8 5 0 5 4 5 5 3 9 4 6 9 7 3 1 5 6 2 7 6 7 9 7 5 4 9 8 7 8 4 7 10 5 6 8 4 5 4 6
1 6 3 5 0 6 3 3 2 4 7 2 7 3 5 5 4 3 3 2 3 3 5 2 4 1 6 5 6 8 3 3 5 0 6 5 1 2 2 3
5 5 3 4 6 0 4 7 4 8 1 7 5 6 1 3 3 4 5 8 4 8 6 7 3 4 6 6 4 5 2 6 9 5 10 6 5 7 4 5
2 4 1 5 3 4 0 6 3 4 5 3 5 2 4 5 1 1 4 4 1 5 3 4 1 1 4 3 4 5 2 2 5 2 8 3 2 4 1 1
4 9 5 5 3 7 6 0 3 6 8 4 10 6 6 5 7 6 3 4 6 4 8 4 6 4 9 8 9 10 5 6 8 3 3 8 3 2 4 6
2 7 3 3 2 4 3 3 0 6 5 4 8 5 3 3 4 4 1 4 4 5 7 4 4 2 7 6 6 8 3 5 7 2 5 7 1 3 2 4
4 6 5 9 4 8 4 6 6 0 9 3 7 2 7 8 5 4 7 2 4 3 3 2 5 4 5 4 6 7 6 2 1 4 9 4 5 4 4 3
6 5 4 4 7 1 5 8 5 9 0 8 6 7 2 3 4 5 6 9 5 9 7 8 4 5 7 6 4 5 3 7 10 6 10 7 5 8 5 6
3 7 4 6 2 7 3 4 4 3 8 0 8 3 6 6 5 4 4 1 4 1 5 0 5 3 7 6 7 8 5 3 4 2 6 6 3 2 3 3
7 1 5 9 7 5 5 10 8 7 6 8 0 5 6 8 4 4 9 8 4 9 4 8 4 6 2 3 2 1 5 5 8 7 13 3 7 9 6 5
3 4 3 7 3 6 2 6 5 2 7 3 5 0 6 7 3 3 6 3 2 4 2 3 3 3 4 3 5 6 4 1 3 3 9 3 4 4 3 2
4 5 3 3 5 1 4 6 3 7 2 6 6 6 0 2 3 3 4 7 4 7 6 6 3 3 6 6 4 5 1 5 9 4 8 6 3 6 3 4
4 7 4 1 5 3 5 5 3 8 3 6 8 7 2 0 4 5 3 7 5 7 8 7 4 4 8 7 6 7 3 6 9 5 7 7 4 6 4 5
3 3 1 5 4 3 1 7 4 5 4 5 4 3 3 4 0 1 5 5 1 6 3 5 0 3 4 3 2 4 2 3 6 3 9 3 3 5 2 2
3 3 1 6 3 4 1 6 4 4 5 4 4 3 3 5 1 0 5 4 0 5 3 4 1 2 4 3 3 4 2 2 5 3 9 3 3 5 2 1
3 8 4 2 3 5 4 3 1 7 6 4 9 6 4 3 5 5 0 5 5 5 8 5 5 3 8 7 7 9 3 6 8 3 5 8 2 3 3 5
3 7 4 7 2 8 4 4 4 2 9 1 8 3 7 7 5 4 5 0 4 1 5 0 5 3 7 6 7 8 5 3 3 2 6 6 3 2 4 4
3 3 1 6 3 4 1 6 4 4 5 4 4 2 4 5 1 0 5 4 0 5 3 4 1 2 3 2 3 4 2 2 5 3 9 3 3 5 2 1
4 8 5 7 3 8 5 4 5 3 9 1 9 4 7 7 6 5 5 1 5 0 6 1 6 4 8 7 8 10 6 4 4 3 5 7 4 2 4 5
5 3 4 9 5 6 3 8 7 3 7 5 4 2 6 8 3 3 8 5 3 6 0 5 4 5 2 1 4 4 5 2 4 5 11 1 5 6 4 2
3 7 4 7 2 7 4 4 4 2 8 0 8 3 6 7 5 4 5 0 4 1 5 0 5 3 6 6 7 8 5 3 4 2 6 5 3 2 3 3
3 3 1 5 4 3 1 6 4 5 4 5 4 3 3 4 0 1 5 5 1 6 4 5 0 2 4 3 3 4 2 3 6 3 9 3 3 5 2 2
1 5 1 4 1 4 1 4 2 4 5 3 6 3 3 4 3 2 3 3 2 4 5 3 2 0 5 4 5 6 2 3 6 1 7 5 1 3 0 2
6 2 5 9 6 6 4 9 7 5 7 7 2 4 6 8 4 4 8 7 3 8 2 6 4 5 0 1 3 3 5 4 5 6 12 1 6 8 5 3
5 2 4 8 5 6 3 8 6 4 6 6 3 3 6 7 3 3 7 6 2 7 1 6 3 4 1 0 3 3 5 3 5 5 11 0 5 7 4 2
5 1 4 7 6 4 4 9 6 6 4 7 2 5 4 6 2 3 7 7 3 8 4 7 3 5 3 3 0 1 4 4 7 6 11 3 6 8 5 4
7 1 5 8 8 5 5 10 8 7 5 8 1 6 5 7 4 4 9 8 4 10 4 8 4 6 3 3 1 0 5 5 8 7 13 3 7 9 6 5
2 4 1 4 3 2 2 5 3 6 3 5 5 4 1 3 2 2 3 5 2 6 5 5 2 2 5 5 4 5 0 4 7 3 8 5 2 5 2 3
3 4 3 7 3 6 2 6 5 2 7 3 5 1 5 6 3 2 6 3 2 4 2 3 3 3 4 3 4 5 4 0 3 3 9 3 3 4 3 1
6 7 6 10 5 9 5 8 7 1 10 4 8 3 9 9 6 5 8 3 5 4 4 4 6 6 5 5 7 8 7 3 0 5 10 5 6 6 6 4
1 6 2 5 0 5 2 3 2 4 6 2 7 3 4 5 3 3 3 2 3 3 5 2 3 1 6 5 6 7 3 3 5 0 6 5 1 2 1 3
6 12 8 6 6 10 8 3 5 9 10 6 13 9 8 7 9 9 5 6 9 5 11 6 9 7 12 11 11 13 8 9 10 6 0 11 6 4 7 9
5 2 4 8 5 6 3 8 7 4 7 6 3 3 6 7 3 3 8 6 3 7 1 5 3 5 1 0 3 3 5 3 5 5 11 0 5 7 4 3
0 6 2 4 1 5 2 3 1 5 5 3 7 4 3 4 3 3 2 3 3 4 5 3 3 1 6 5 6 7 2 3 6 1 6 5 0 2 1 3
2 8 4 5 2 7 4 2 3 4 8 2 9 4 6 6 5 5 3 2 5 2 6 2 5 3 8 7 8 9 5 4 6 2 4 7 2 0 3 4
1 5 1 4 2 4 1 4 2 4 5 3 6 3 3 4 2 2 3 4 2 4 4 3 2 0 5 4 5 6 2 3 6 1 7 4 1 3 0 2
3 3 2 6 3 5 1 6 4 3 6 3 5 2 4 5 2 1 5 4 1 5 2 3 2 2 3 2 4 5 3 1 4 3 9 3 3 4 2 0
,
0 41 5 18 4 24 6 11 8 32 25 15 46 18 22 24 19 10 18 16 18 17 15 11 14 4 21 29 40 25 9 20 39 4 19 17 3 8 4 13
41 0 24 33 26 34 12 37 32 37 18 49 3 13 27 18 15 23 51 45 9 43 12 22 9 13 7 13 4 10 23 28 39 18 67 14 18 54 24 10
10 12 0 14 10 12 5 21 19 34 14 18 25 14 9 19 5 3 15 24 3 21 28 17 5 9 28 27 20 16 7 15 22 9 56 14 9 11 7 9
18 34 17 0 37 22 20 34 8 32 17 36 44 43 11 5 17 37 11 46 27 53 58 46 34 14 30 43 45 27 27 24 58 14 33 49 10 34 11 18
4 39 13 13 0 20 17 13 10 26 46 9 49 8 33 13 16 16 18 10 12 17 27 9 26 4 42 36 45 41 10 12 28 3 40 22 7 8 10 13
23 15 9 19 23 0 17 22 18 31 3 52 28 34 6 11 13 19 28 37 10 54 27 34 8 19 37 29 10 26 6 30 59 24 24 17 33 27 25 35
6 22 3 14 11 16 0 41 20 10 29 19 20 14 17 34 5 3 22 20 5 13 24 25 8 9 15 21 20 14 7 7 30 14 22 19 13 18 8 4
11 60 34 17 16 48 30 0 9 38 39 26 46 28 24 20 25 29 17 26 35 19 26 15 21 23 33 36 23 54 22 21 33 10 8 49 9 7 27 23
9 36 12 19 15 20 9 15 0 24 21 20 27 14 13 10 12 28 7 14 27 16 40 28 19 9 38 32 39 28 16 13 31 7 29 47 3 20 10 14
29 22 31 40 22 43 16 27 20 0 51 13 18 12 39 29 28 30 25 11 31 13 14 13 20 18 31 21 25 36 39 15 9 25 50 27 25 24 15 21
25 34 26 29 21 7 25 22 15 46 0 56 34 32 14 19 12 13 27 49 26 65 30 37 16 19 17 43 27 15 15 34 59 19 75 31 23 45 15 29
7 48 16 37 6 27 10 25 10 17 28 0 48 12 41 24 20 14 20 4 23 10 32 2 22 9 44 39 20 43 19 14 20 10 31 25 16 8 17 22
30 6 37 54 40 15 34 35 33 26 17 24 0 39 24 36 18 12 33 37 31 53 17 36 21 41 14 8 7 4 15 18 50 37 90 14 50 46 22 18
23 25 14 35 9 19 15 46 21 9 50 9 37 0 21 34 16 10 29 10 9 30 14 18 21 20 10 8 29 38 18 2 13 20 41 20 11 20 15 5
14 35 16 13 34 3 17 37 9 27 12 31 21 23 0 9 16 13 24 37 14 39 28 30 16 12 27 42 23 27 5 17 42 26 45 32 16 31 22 23
27 48 19 9 23 21 28 18 18 52 14 30 49 35 10 0 13 17 10 51 20 35 27 26 13 17 32 39 29 33 10 30 32 19 26 38 22 39 13 21
11 8 7 36 28 12 8 41 11 14 15 23 17 13 7 14 0 4 36 14 6 29 10 23 1 13 13 14 14 13 9 10 31 23 48 22 22 39 7 13
9 11 6 16 9 13 3 24 17 12 26 25 25 8 23 13 5 0 14 32 1 40 21 11 4 12 10 18 11 22 12 11 33 12 33 16 11 20 7 3
7 31 20 7 12 23 18 19 5 33 31 17 26 39 28 9 30 24 0 23 23 17 47 20 21 20 38 42 48 38 23 23 43 8 23 27 15 21 19 37
20 51 15 23 7 47 10 20 21 9 32 4 42 8 42 18 32 30 23 0 28 6 13 1 37 22 38 31 31 37 39 21 19 8 31 40 12 12 25 10
18 8 7 20 12 21 3 31 12 23 27 14 17 13 24 36 7 1 18 29 0 40 19 15 6 5 17 18 20 14 11 6 20 10 46 13 13 27 6 4
25 26 25 23 9 54 30 26 16 20 45 6 36 21 34 34 47 28 29 7 39 0 16 7 31 18 55 35 53 71 25 29 26 18 38 44 19 11 24 24
24 14 23 55 21 45 20 36 44 22 54 27 24 10 44 30 11 11 29 33 13 45 0 37 19 33 5 7 26 14 31 8 22 31 77 5 28 35 19 11
21 47 25 50 6 44 20 12 13 15 61 2 47 19 22 47 26 22 17 1 17 5 31 0 13 22 27 24 42 59 13 21 22 15 23 36 21 7 15 25
13 19 6 33 16 22 5 28 17 18 16 16 20 10 13 19 1 4 16 34 3 17 26 34 0 12 20 14 17 16 10 14 35 15 50 16 19 25 10 8
3 30 8 24 8 18 5 22 8 25 19 17 42 14 10 17 8 9 13 9 15 15 18 21 14 0 24 31 35 44 13 17 15 4 27 12 4 18 2 13
41 9 24 36 27 38 23 47 29 32 34 44 9 24 25 43 9 10 29 20 13 46 5 29 11 33 0 3 13 16 31 21 22 42 61 5 38 28 27 17
26 14 18 59 32 27 8 39 25 24 39 42 13 9 38 20 12 8 26 15 14 33 4 40 19 32 6 0 14 22 30 11 24 31 55 2 33 41 31 17
36 5 15 46 21 25 23 54 35 36 30 25 8 28 23 41 11 22 40 40 21 45 23 30 15 19 19 14 0 5 28 19 43 33 69 19 36 22 34 24
20 9 19 38 31 29 17 31 53 44 18 29 5 31 16 52 17 28 54 27 20 28 32 40 12 33 14 10 8 0 37 32 61 46 93 21 51 67 44 36
14 20 10 26 24 11 16 24 9 34 10 17 28 24 9 8 9 10 22 32 6 32 20 20 11 11 14 19 21 25 0 28 30 12 39 27 15 23 7 17
21 27 12 23 9 37 5 17 34 9 19 13 28 3 18 19 13 8 16 10 10 30 11 20 17 15 20 13 17 17 11 0 19 13 55 7 15 21 8 4
17 48 30 53 34 42 15 40 37 5 66 25 20 14 56 27 17 26 53 16 29 26 27 13 43 21 22 33 25 57 48 15 0 30 43 21 31 23 17 27
4 20 7 29 2 20 8 26 13 25 25 8 27 22 21 16 23 14 17 18 16 14 15 6 22 4 19 27 40 42 10 15 35 0 34 16 4 9 6 7
16 63 50 41 36 50 34 8 32 53 59 44 70 64 54 40 31 37 24 45 26 40 30 25 56 27 60 37 66 40 46 48 60 42 0 55 25 25 44 57
27 6 20 23 31 32 10 25 22 27 37 27 15 10 41 26 17 15 48 26 9 46 4 37 16 20 4 2 9 10 32 14 27 34 53 0 33 48 25 18
1 18 12 12 5 22 15 12 4 28 21 10 43 16 12 21 17 17 7 17 20 21 34 21 8 3 19 38 17 25 18 11 40 6 28 29 0 8 6 13
14 26 19 37 8 51 21 12 13 26 43 10 36 13 32 38 18 12 18 11 33 7 47 6 31 8 20 25 31 61 33 25 26 12 14 46 17 0 18 28
4 27 4 30 9 10 5 21 10 29 19 17 23 14 9 12 7 13 10 11 11 30 31 9 8 3 24 19 34 19 6 15 32 6 28 21 4 23 0 6
15 12 8 27 8 23 6 24 11 15 19 19 29 5 16 26 8 6 13 12 3 33 18 19 10 13 15 9 26 29 12 6 32 8 47 17 13 28 8 0