7
40
,
0 (23.0, 29.0) 46.0
1 (42.0, 8.0) 42.0
2 (27.0, 21.0) 15.0
3 (4.0, 20.0) 33.0
4 (24.0, 34.0) 48.0
5 (19.0, 6.0) 25.0
6 (31.0, 23.0) 25.0
7 (11.0, 42.0) 42.0
8 (15.0, 28.0) 11.0
9 (43.0, 38.0) 22.0
10 (17.0, 2.0) 41.0
11 (29.0, 40.0) 45.0
12 (45.0, 3.0) 41.0
13 (40.0, 30.0) 20.0
14 (17.0, 12.0) 33.0
15 (9.0, 16.0) 38.0
16 (31.0, 16.0) 19.0
17 (32.0, 20.0) 26.0
18 (10.0, 29.0) 27.0
19 (32.0, 42.0) 11.0
20 (33.0, 20.0) 13.0
21 (28.0, 47.0) 13.0
22 (47.0, 22.0) 13.0
23 (31.0, 41.0) 32.0
24 (30.0, 17.0) 37.0
25 (25.0, 27.0) 47.0
26 (49.0, 14.0) 24.0
27 (45.0, 17.0) 40.0
28 (38.0, 6.0) 12.0
29 (42.0, 1.0) 24.0
30 (22.0, 17.0) 47.0
31 (38.0, 28.0) 12.0
32 (49.0, 41.0) 14.0
33 (25.0, 32.0) 10.0
34 (1.0, 50.0) 17.0
35 (46.0, 18.0) 18.0
36 (21.0, 29.0) 21.0
37 (21.0, 41.0) 20.0
38 (25.0, 25.0) 47.0
39 (35.0, 24.0) 12.0
,
0 6 2 4 1 5 2 4 2 4 6 3 7 3 4 4 3 3 3 3 3 4 5 3 3 1 6 5 5 7 2 3 6 1 6 5 0 2 1 3
6 0 4 8 6 5 4 9 7 6 5 7 1 4 5 7 3 3 8 7 3 8 3 7 3 5 2 2 1 1 4 4 7 6 12 2 6 8 5 3
2 4 0 5 3 3 1 5 3 5 4 4 5 3 3 4 1 1 4 4 1 5 4 4 1 1 5 4 4 5 1 3 6 2 8 4 2 4 1 2
4 8 5 0 5 4 5 5 3 9 4 6 9 7 3 1 5 6 2 7 6 7 9 7 5 4 9 8 7 8 4 7 10 5 6 8 4 5 4 6
1 6 3 5 0 6 3 3 2 4 7 2 7 3 5 5 4 3 3 2 3 3 5 2 4 1 6 5 6 8 3 3 5 0 6 5 1 2 2 3
5 5 3 4 6 0 4 7 4 8 1 7 5 6 1 3 3 4 5 8 4 8 6 7 3 4 6 6 4 5 2 6 9 5 10 6 5 7 4 5
2 4 1 5 3 4 0 6 3 4 5 3 5 2 4 5 1 1 4 4 1 5 3 4 1 1 4 3 4 5 2 2 5 2 8 3 2 4 1 1
4 9 5 5 3 7 6 0 3 6 8 4 10 6 6 5 7 6 3 4 6 4 8 4 6 4 9 8 9 10 5 6 8 3 3 8 3 2 4 6
2 7 3 3 2 4 3 3 0 6 5 4 8 5 3 3 4 4 1 4 4 5 7 4 4 2 7 6 6 8 3 5 7 2 5 7 1 3 2 4
4 6 5 9 4 8 4 6 6 0 9 3 7 2 7 8 5 4 7 2 4 3 3 2 5 4 5 4 6 7 6 2 1 4 9 4 5 4 4 3
6 5 4 4 7 1 5 8 5 9 0 8 6 7 2 3 4 5 6 9 5 9 7 8 4 5 7 6 4 5 3 7 10 6 10 7 5 8 5 6
3 7 4 6 2 7 3 4 4 3 8 0 8 3 6 6 5 4 4 1 4 1 5 0 5 3 7 6 7 8 5 3 4 2 6 6 3 2 3 3
7 1 5 9 7 5 5 10 8 7 6 8 0 5 6 8 4 4 9 8 4 9 4 8 4 6 2 3 2 1 5 5 8 7 13 3 7 9 6 5
3 4 3 7 3 6 2 6 5 2 7 3 5 0 6 7 3 3 6 3 2 4 2 3 3 3 4 3 5 6 4 1 3 3 9 3 4 4 3 2
4 5 3 3 5 1 4 6 3 7 2 6 6 6 0 2 3 3 4 7 4 7 6 6 3 3 6 6 4 5 1 5 9 4 8 6 3 6 3 4
4 7 4 1 5 3 5 5 3 8 3 6 8 7 2 0 4 5 3 7 5 7 8 7 4 4 8 7 6 7 3 6 9 5 7 7 4 6 4 5
3 3 1 5 4 3 1 7 4 5 4 5 4 3 3 4 0 1 5 5 1 6 3 5 0 3 4 3 2 4 2 3 6 3 9 3 3 5 2 2
3 3 1 6 3 4 1 6 4 4 5 4 4 3 3 5 1 0 5 4 0 5 3 4 1 2 4 3 3 4 2 2 5 3 9 3 3 5 2 1
3 8 4 2 3 5 4 3 1 7 6 4 9 6 4 3 5 5 0 5 5 5 8 5 5 3 8 7 7 9 3 6 8 3 5 8 2 3 3 5
3 7 4 7 2 8 4 4 4 2 9 1 8 3 7 7 5 4 5 0 4 1 5 0 5 3 7 6 7 8 5 3 3 2 6 6 3 2 4 4
3 3 1 6 3 4 1 6 4 4 5 4 4 2 4 5 1 0 5 4 0 5 3 4 1 2 3 2 3 4 2 2 5 3 9 3 3 5 2 1
4 8 5 7 3 8 5 4 5 3 9 1 9 4 7 7 6 5 5 1 5 0 6 1 6 4 8 7 8 10 6 4 4 3 5 7 4 2 4 5
5 3 4 9 5 6 3 8 7 3 7 5 4 2 6 8 3 3 8 5 3 6 0 5 4 5 2 1 4 4 5 2 4 5 11 1 5 6 4 2
3 7 4 7 2 7 4 4 4 2 8 0 8 3 6 7 5 4 5 0 4 1 5 0 5 3 6 6 7 8 5 3 4 2 6 5 3 2 3 3
3 3 1 5 4 3 1 6 4 5 4 5 4 3 3 4 0 1 5 5 1 6 4 5 0 2 4 3 3 4 2 3 6 3 9 3 3 5 2 2
1 5 1 4 1 4 1 4 2 4 5 3 6 3 3 4 3 2 3 3 2 4 5 3 2 0 5 4 5 6 2 3 6 1 7 5 1 3 0 2
6 2 5 9 6 6 4 9 7 5 7 7 2 4 6 8 4 4 8 7 3 8 2 6 4 5 0 1 3 3 5 4 5 6 12 1 6 8 5 3
5 2 4 8 5 6 3 8 6 4 6 6 3 3 6 7 3 3 7 6 2 7 1 6 3 4 1 0 3 3 5 3 5 5 11 0 5 7 4 2
5 1 4 7 6 4 4 9 6 6 4 7 2 5 4 6 2 3 7 7 3 8 4 7 3 5 3 3 0 1 4 4 7 6 11 3 6 8 5 4
7 1 5 8 8 5 5 10 8 7 5 8 1 6 5 7 4 4 9 8 4 10 4 8 4 6 3 3 1 0 5 5 8 7 13 3 7 9 6 5
2 4 1 4 3 2 2 5 3 6 3 5 5 4 1 3 2 2 3 5 2 6 5 5 2 2 5 5 4 5 0 4 7 3 8 5 2 5 2 3
3 4 3 7 3 6 2 6 5 2 7 3 5 1 5 6 3 2 6 3 2 4 2 3 3 3 4 3 4 5 4 0 3 3 9 3 3 4 3 1
6 7 6 10 5 9 5 8 7 1 10 4 8 3 9 9 6 5 8 3 5 4 4 4 6 6 5 5 7 8 7 3 0 5 10 5 6 6 6 4
1 6 2 5 0 5 2 3 2 4 6 2 7 3 4 5 3 3 3 2 3 3 5 2 3 1 6 5 6 7 3 3 5 0 6 5 1 2 1 3
6 12 8 6 6 10 8 3 5 9 10 6 13 9 8 7 9 9 5 6 9 5 11 6 9 7 12 11 11 13 8 9 10 6 0 11 6 4 7 9
5 2 4 8 5 6 3 8 7 4 7 6 3 3 6 7 3 3 8 6 3 7 1 5 3 5 1 0 3 3 5 3 5 5 11 0 5 7 4 3
0 6 2 4 1 5 2 3 1 5 5 3 7 4 3 4 3 3 2 3 3 4 5 3 3 1 6 5 6 7 2 3 6 1 6 5 0 2 1 3
2 8 4 5 2 7 4 2 3 4 8 2 9 4 6 6 5 5 3 2 5 2 6 2 5 3 8 7 8 9 5 4 6 2 4 7 2 0 3 4
1 5 1 4 2 4 1 4 2 4 5 3 6 3 3 4 2 2 3 4 2 4 4 3 2 0 5 4 5 6 2 3 6 1 7 4 1 3 0 2
3 3 2 6 3 5 1 6 4 3 6 3 5 2 4 5 2 1 5 4 1 5 2 3 2 2 3 2 4 5 3 1 4 3 9 3 3 4 2 0
,
0 22 7 12 4 30 14 20 8 12 17 11 43 22 11 21 13 14 7 19 15 12 15 12 10 2 27 17 34 46 9 13 32 2 29 29 2 12 6 18
15 0 22 31 47 32 10 40 37 38 17 22 7 28 15 36 8 8 49 51 22 22 9 30 10 15 6 8 7 7 23 12 42 44 30 11 34 29 14 25
7 27 0 21 18 13 3 21 17 15 19 22 29 11 18 15 9 6 20 17 4 33 18 20 5 9 17 17 18 23 5 19 33 9 50 22 9 20 6 9
14 37 34 0 15 31 26 13 18 43 29 36 55 49 20 8 22 41 14 24 20 49 41 23 18 17 29 48 34 54 12 30 63 20 24 52 16 17 19 38
3 45 11 14 0 41 18 16 10 25 48 10 46 21 23 19 24 15 17 10 25 15 28 9 24 4 44 29 36 51 19 14 16 2 28 18 6 9 10 12
18 24 20 12 23 0 19 19 31 32 6 19 18 35 5 19 14 11 27 26 13 34 43 32 10 27 16 16 12 19 11 43 49 26 45 44 18 26 10 21
12 17 6 38 16 16 0 39 23 12 32 21 23 7 18 28 10 3 13 20 3 24 16 13 9 5 18 17 10 24 10 10 15 12 60 19 12 19 5 3
24 50 28 33 22 38 15 0 20 38 33 14 50 40 42 31 41 31 16 22 30 19 30 17 23 11 53 59 51 58 40 30 34 24 16 29 9 15 33 27
4 28 11 11 13 19 17 10 0 35 32 17 37 25 23 11 25 28 6 32 18 24 31 24 20 11 37 16 37 29 19 24 47 11 30 46 5 8 9 19
26 35 28 49 26 51 19 27 42 0 37 14 23 8 45 26 21 31 35 14 24 25 22 15 33 16 29 15 44 46 24 6 8 19 39 15 25 16 21 19
18 16 15 16 17 3 21 46 22 64 0 51 31 26 10 20 17 15 16 52 29 29 54 50 24 19 38 41 30 34 11 32 64 33 62 46 41 55 30 32
19 48 24 26 10 30 16 25 24 16 58 0 42 11 23 28 29 24 16 5 21 9 25 3 21 17 38 20 22 25 20 9 19 13 32 39 7 11 14 21
42 7 38 54 29 34 28 57 54 39 37 50 0 29 27 53 17 14 35 41 17 47 17 24 12 22 9 13 5 2 20 30 41 34 34 9 28 42 21 31
16 22 16 21 16 24 15 40 27 7 40 12 17 0 33 44 14 6 38 11 15 20 14 14 10 20 24 7 27 23 23 2 11 9 25 10 16 27 17 12
14 26 17 23 18 4 27 30 19 32 6 16 21 32 0 6 10 12 11 42 19 39 36 43 18 19 39 21 23 38 9 15 63 13 29 38 13 15 18 23
15 48 10 3 13 7 21 31 8 46 12 25 52 29 9 0 22 20 8 27 34 19 26 38 12 14 22 41 26 37 15 36 45 26 36 21 18 19 11 20
16 15 6 14 14 22 4 32 22 25 15 21 15 23 10 26 0 5 23 27 4 43 11 15 1 19 14 19 9 23 5 17 29 20 27 21 10 28 6 11
11 9 4 41 21 19 4 19 10 27 14 25 15 9 20 35 2 0 16 14 1 21 14 28 2 15 17 11 15 20 8 10 16 15 34 19 18 34 5 4
14 31 28 8 14 25 30 14 5 31 21 24 53 33 17 17 20 32 0 28 24 38 20 36 22 10 31 42 25 61 15 19 47 19 33 31 9 23 20 18
16 40 21 46 10 43 10 16 32 6 24 2 60 9 22 32 31 28 14 0 19 6 25 2 31 14 35 40 43 26 34 15 10 14 25 41 19 13 18 27
17 9 5 34 22 20 3 40 15 30 35 11 30 16 12 27 5 1 21 31 0 36 14 26 5 6 15 12 9 16 7 6 14 17 30 15 21 32 6 6
13 56 16 51 19 44 15 22 22 25 64 5 28 30 35 34 31 36 18 8 32 0 26 7 18 14 20 42 52 54 34 21 15 14 32 31 28 13 15 34
32 12 11 50 35 43 11 59 27 20 30 20 16 15 35 55 16 8 37 22 16 39 0 25 27 26 5 7 21 31 30 6 20 20 34 4 14 25 19 11
19 48 21 32 6 54 23 22 26 13 59 2 44 14 24 35 21 12 24 1 14 10 22 0 13 13 38 21 36 54 36 18 21 15 17 31 13 7 21 17
8 17 5 21 10 18 8 39 19 27 19 18 18 21 17 12 2 5 18 36 5 39 20 23 0 10 13 20 16 29 8 16 26 10 35 16 17 13 8 7
2 33 6 17 8 18 6 29 6 19 22 20 19 11 20 14 14 11 18 18 16 17 30 12 12 0 30 14 16 42 13 15 33 5 49 34 5 21 2 9
32 7 30 60 43 18 25 31 31 25 32 17 16 23 48 52 20 17 58 38 12 29 12 43 13 20 0 3 10 15 39 12 31 16 55 7 45 40 18 16
34 14 15 41 35 24 18 41 47 17 36 23 21 19 32 39 19 9 27 41 14 22 8 28 16 21 7 0 13 9 15 8 25 33 48 1 23 38 17 11
24 3 14 42 31 15 11 55 33 45 12 49 6 26 14 40 13 10 21 38 10 24 24 38 19 14 13 15 0 4 11 23 40 17 32 8 32 20 24 22
21 7 26 27 43 18 23 57 48 25 28 58 5 16 26 39 21 13 58 24 17 33 30 47 18 46 21 16 4 0 16 34 49 51 90 17 49 49 40 29
10 12 8 17 12 8 10 35 8 40 22 28 22 32 6 15 5 14 22 26 17 36 27 36 6 7 29 25 21 22 0 11 22 21 23 18 14 28 8 14
17 30 11 45 12 43 11 17 15 16 21 14 34 2 30 33 20 9 22 11 8 12 15 16 17 7 24 18 19 15 15 0 12 18 45 13 15 17 9 3
38 29 45 36 39 29 34 37 48 9 61 14 36 14 23 29 20 17 48 13 31 29 24 12 33 16 38 29 24 35 24 12 0 34 69 19 38 24 29 16
5 19 8 24 1 34 9 25 14 21 39 9 26 16 32 17 11 20 9 13 17 9 30 7 18 4 43 30 35 35 21 18 30 0 25 35 5 7 4 18
35 77 26 16 32 52 46 6 16 46 39 43 59 65 62 23 23 60 33 40 57 18 69 22 33 37 45 74 50 41 45 44 42 25 0 64 27 14 46 45
27 7 16 59 28 16 10 24 48 26 26 38 17 19 28 20 14 19 37 32 18 37 5 14 12 19 7 2 15 21 26 13 34 23 63 0 26 37 12 13
2 38 11 23 6 20 16 12 3 26 18 20 29 18 15 22 9 17 12 9 21 17 25 14 20 6 24 27 33 41 16 15 36 7 24 26 0 12 5 11
11 22 16 18 7 40 28 14 14 29 36 11 23 30 33 35 24 13 23 8 34 10 27 7 26 10 23 35 37 40 15 29 15 12 23 25 11 0 9 25
2 22 5 22 9 11 9 22 15 26 16 22 29 15 20 12 14 13 12 17 8 21 15 13 13 2 23 18 20 44 5 20 35 5 29 25 4 15 0 9
7 17 10 43 17 12 3 28 16 18 37 9 31 8 22 27 10 6 19 22 7 32 9 12 9 6 19 6 18 22 18 5 11 13 63 6 11 17 13 0