7
40
,
0 (23.0, 29.0) 11.0
1 (42.0, 8.0) 38.0
2 (27.0, 21.0) 39.0
3 (4.0, 20.0) 42.0
4 (24.0, 34.0) 10.0
5 (19.0, 6.0) 16.0
6 (31.0, 23.0) 29.0
7 (11.0, 42.0) 30.0
8 (15.0, 28.0) 17.0
9 (43.0, 38.0) 11.0
10 (17.0, 2.0) 22.0
11 (29.0, 40.0) 12.0
12 (45.0, 3.0) 21.0
13 (40.0, 30.0) 25.0
14 (17.0, 12.0) 13.0
15 (9.0, 16.0) 21.0
16 (31.0, 16.0) 14.0
17 (32.0, 20.0) 48.0
18 (10.0, 29.0) 36.0
19 (32.0, 42.0) 17.0
20 (33.0, 20.0) 14.0
21 (28.0, 47.0) 31.0
22 (47.0, 22.0) 47.0
23 (31.0, 41.0) 40.0
24 (30.0, 17.0) 20.0
25 (25.0, 27.0) 20.0
26 (49.0, 14.0) 31.0
27 (45.0, 17.0) 34.0
28 (38.0, 6.0) 17.0
29 (42.0, 1.0) 37.0
30 (22.0, 17.0) 21.0
31 (38.0, 28.0) 18.0
32 (49.0, 41.0) 11.0
33 (25.0, 32.0) 17.0
34 (1.0, 50.0) 17.0
35 (46.0, 18.0) 49.0
36 (21.0, 29.0) 34.0
37 (21.0, 41.0) 12.0
38 (25.0, 25.0) 10.0
39 (35.0, 24.0) 21.0
,
0 6 2 4 1 5 2 4 2 4 6 3 7 3 4 4 3 3 3 3 3 4 5 3 3 1 6 5 5 7 2 3 6 1 6 5 0 2 1 3
6 0 4 8 6 5 4 9 7 6 5 7 1 4 5 7 3 3 8 7 3 8 3 7 3 5 2 2 1 1 4 4 7 6 12 2 6 8 5 3
2 4 0 5 3 3 1 5 3 5 4 4 5 3 3 4 1 1 4 4 1 5 4 4 1 1 5 4 4 5 1 3 6 2 8 4 2 4 1 2
4 8 5 0 5 4 5 5 3 9 4 6 9 7 3 1 5 6 2 7 6 7 9 7 5 4 9 8 7 8 4 7 10 5 6 8 4 5 4 6
1 6 3 5 0 6 3 3 2 4 7 2 7 3 5 5 4 3 3 2 3 3 5 2 4 1 6 5 6 8 3 3 5 0 6 5 1 2 2 3
5 5 3 4 6 0 4 7 4 8 1 7 5 6 1 3 3 4 5 8 4 8 6 7 3 4 6 6 4 5 2 6 9 5 10 6 5 7 4 5
2 4 1 5 3 4 0 6 3 4 5 3 5 2 4 5 1 1 4 4 1 5 3 4 1 1 4 3 4 5 2 2 5 2 8 3 2 4 1 1
4 9 5 5 3 7 6 0 3 6 8 4 10 6 6 5 7 6 3 4 6 4 8 4 6 4 9 8 9 10 5 6 8 3 3 8 3 2 4 6
2 7 3 3 2 4 3 3 0 6 5 4 8 5 3 3 4 4 1 4 4 5 7 4 4 2 7 6 6 8 3 5 7 2 5 7 1 3 2 4
4 6 5 9 4 8 4 6 6 0 9 3 7 2 7 8 5 4 7 2 4 3 3 2 5 4 5 4 6 7 6 2 1 4 9 4 5 4 4 3
6 5 4 4 7 1 5 8 5 9 0 8 6 7 2 3 4 5 6 9 5 9 7 8 4 5 7 6 4 5 3 7 10 6 10 7 5 8 5 6
3 7 4 6 2 7 3 4 4 3 8 0 8 3 6 6 5 4 4 1 4 1 5 0 5 3 7 6 7 8 5 3 4 2 6 6 3 2 3 3
7 1 5 9 7 5 5 10 8 7 6 8 0 5 6 8 4 4 9 8 4 9 4 8 4 6 2 3 2 1 5 5 8 7 13 3 7 9 6 5
3 4 3 7 3 6 2 6 5 2 7 3 5 0 6 7 3 3 6 3 2 4 2 3 3 3 4 3 5 6 4 1 3 3 9 3 4 4 3 2
4 5 3 3 5 1 4 6 3 7 2 6 6 6 0 2 3 3 4 7 4 7 6 6 3 3 6 6 4 5 1 5 9 4 8 6 3 6 3 4
4 7 4 1 5 3 5 5 3 8 3 6 8 7 2 0 4 5 3 7 5 7 8 7 4 4 8 7 6 7 3 6 9 5 7 7 4 6 4 5
3 3 1 5 4 3 1 7 4 5 4 5 4 3 3 4 0 1 5 5 1 6 3 5 0 3 4 3 2 4 2 3 6 3 9 3 3 5 2 2
3 3 1 6 3 4 1 6 4 4 5 4 4 3 3 5 1 0 5 4 0 5 3 4 1 2 4 3 3 4 2 2 5 3 9 3 3 5 2 1
3 8 4 2 3 5 4 3 1 7 6 4 9 6 4 3 5 5 0 5 5 5 8 5 5 3 8 7 7 9 3 6 8 3 5 8 2 3 3 5
3 7 4 7 2 8 4 4 4 2 9 1 8 3 7 7 5 4 5 0 4 1 5 0 5 3 7 6 7 8 5 3 3 2 6 6 3 2 4 4
3 3 1 6 3 4 1 6 4 4 5 4 4 2 4 5 1 0 5 4 0 5 3 4 1 2 3 2 3 4 2 2 5 3 9 3 3 5 2 1
4 8 5 7 3 8 5 4 5 3 9 1 9 4 7 7 6 5 5 1 5 0 6 1 6 4 8 7 8 10 6 4 4 3 5 7 4 2 4 5
5 3 4 9 5 6 3 8 7 3 7 5 4 2 6 8 3 3 8 5 3 6 0 5 4 5 2 1 4 4 5 2 4 5 11 1 5 6 4 2
3 7 4 7 2 7 4 4 4 2 8 0 8 3 6 7 5 4 5 0 4 1 5 0 5 3 6 6 7 8 5 3 4 2 6 5 3 2 3 3
3 3 1 5 4 3 1 6 4 5 4 5 4 3 3 4 0 1 5 5 1 6 4 5 0 2 4 3 3 4 2 3 6 3 9 3 3 5 2 2
1 5 1 4 1 4 1 4 2 4 5 3 6 3 3 4 3 2 3 3 2 4 5 3 2 0 5 4 5 6 2 3 6 1 7 5 1 3 0 2
6 2 5 9 6 6 4 9 7 5 7 7 2 4 6 8 4 4 8 7 3 8 2 6 4 5 0 1 3 3 5 4 5 6 12 1 6 8 5 3
5 2 4 8 5 6 3 8 6 4 6 6 3 3 6 7 3 3 7 6 2 7 1 6 3 4 1 0 3 3 5 3 5 5 11 0 5 7 4 2
5 1 4 7 6 4 4 9 6 6 4 7 2 5 4 6 2 3 7 7 3 8 4 7 3 5 3 3 0 1 4 4 7 6 11 3 6 8 5 4
7 1 5 8 8 5 5 10 8 7 5 8 1 6 5 7 4 4 9 8 4 10 4 8 4 6 3 3 1 0 5 5 8 7 13 3 7 9 6 5
2 4 1 4 3 2 2 5 3 6 3 5 5 4 1 3 2 2 3 5 2 6 5 5 2 2 5 5 4 5 0 4 7 3 8 5 2 5 2 3
3 4 3 7 3 6 2 6 5 2 7 3 5 1 5 6 3 2 6 3 2 4 2 3 3 3 4 3 4 5 4 0 3 3 9 3 3 4 3 1
6 7 6 10 5 9 5 8 7 1 10 4 8 3 9 9 6 5 8 3 5 4 4 4 6 6 5 5 7 8 7 3 0 5 10 5 6 6 6 4
1 6 2 5 0 5 2 3 2 4 6 2 7 3 4 5 3 3 3 2 3 3 5 2 3 1 6 5 6 7 3 3 5 0 6 5 1 2 1 3
6 12 8 6 6 10 8 3 5 9 10 6 13 9 8 7 9 9 5 6 9 5 11 6 9 7 12 11 11 13 8 9 10 6 0 11 6 4 7 9
5 2 4 8 5 6 3 8 7 4 7 6 3 3 6 7 3 3 8 6 3 7 1 5 3 5 1 0 3 3 5 3 5 5 11 0 5 7 4 3
0 6 2 4 1 5 2 3 1 5 5 3 7 4 3 4 3 3 2 3 3 4 5 3 3 1 6 5 6 7 2 3 6 1 6 5 0 2 1 3
2 8 4 5 2 7 4 2 3 4 8 2 9 4 6 6 5 5 3 2 5 2 6 2 5 3 8 7 8 9 5 4 6 2 4 7 2 0 3 4
1 5 1 4 2 4 1 4 2 4 5 3 6 3 3 4 2 2 3 4 2 4 4 3 2 0 5 4 5 6 2 3 6 1 7 4 1 3 0 2
3 3 2 6 3 5 1 6 4 3 6 3 5 2 4 5 2 1 5 4 1 5 2 3 2 2 3 2 4 5 3 1 4 3 9 3 3 4 2 0
,
0 35 5 16 6 18 7 17 8 13 28 16 23 9 27 24 20 16 16 19 7 15 14 8 21 2 15 27 33 19 16 9 16 5 41 18 2 12 5 9
34 0 11 25 40 21 17 62 26 24 25 28 8 13 26 23 8 12 30 20 19 44 14 46 22 27 11 7 7 10 14 21 44 27 79 6 25 48 34 9
13 15 0 24 18 9 3 34 21 16 19 20 31 10 17 23 8 4 22 28 8 29 18 28 6 8 31 25 26 32 9 18 36 11 43 27 13 24 2 12
27 48 15 0 17 15 16 27 9 31 22 20 45 38 22 5 23 22 9 44 38 30 44 43 25 13 65 24 32 40 20 25 51 26 27 59 13 23 25 43
7 24 11 26 0 30 11 14 16 14 46 7 21 25 17 16 24 18 9 11 20 12 29 6 20 7 33 24 28 37 11 14 31 1 19 41 8 9 10 15
27 26 22 27 15 0 16 39 27 57 5 47 16 30 9 10 16 18 20 31 12 29 38 52 20 22 33 23 24 16 8 22 56 18 50 16 19 44 13 26
14 27 3 38 16 17 0 28 8 13 35 9 36 12 25 13 4 4 12 10 2 30 16 12 4 8 18 12 15 36 12 7 16 14 30 13 8 14 9 4
20 53 29 17 17 39 14 0 21 39 42 22 64 18 34 32 47 30 7 16 26 25 60 11 47 31 40 55 29 60 21 21 25 14 12 57 9 11 31 20
10 44 18 13 9 18 20 20 0 39 38 10 32 29 23 17 11 15 5 30 23 17 29 14 25 7 43 30 42 35 17 21 27 7 26 32 7 15 13 27
16 40 15 42 27 57 17 33 35 0 59 10 25 10 24 32 16 25 48 17 23 15 14 10 35 16 23 13 20 36 24 12 9 18 57 18 21 20 14 23
24 20 31 30 47 6 32 40 14 36 0 42 34 34 12 14 18 13 20 62 21 28 50 48 26 20 31 25 14 29 17 36 44 16 47 32 39 27 28 23
8 37 24 38 4 38 19 15 16 8 23 0 44 14 26 28 16 26 27 5 16 9 35 1 15 14 44 26 52 53 22 8 22 13 28 41 11 9 21 10
24 9 20 65 56 24 34 56 46 20 35 58 0 29 21 31 25 17 63 30 26 57 19 57 17 35 14 12 9 5 29 33 24 31 83 15 30 39 18 32
22 19 13 26 19 22 9 27 37 6 37 15 28 0 21 20 13 16 44 19 10 19 14 20 24 9 14 10 18 32 27 3 12 10 26 10 17 30 12 9
17 30 12 11 28 4 16 26 15 28 7 39 41 31 0 11 14 14 26 18 25 42 32 41 12 18 19 22 18 16 9 23 50 31 43 23 21 43 12 17
12 46 14 10 33 15 12 19 7 55 20 40 37 47 6 0 27 24 12 39 35 48 56 45 28 24 42 33 42 25 17 27 35 16 19 35 24 18 24 40
9 19 6 36 21 21 7 28 12 20 28 35 11 21 9 15 0 6 15 18 3 37 20 32 1 8 15 17 9 14 9 11 17 16 41 19 21 23 8 11
13 22 3 24 15 17 4 25 17 21 30 21 13 11 17 12 3 0 14 19 1 15 10 20 4 7 19 10 19 18 9 9 17 18 39 13 18 13 12 3
18 38 25 13 22 22 20 11 3 32 31 20 34 41 26 7 25 31 0 22 19 17 48 27 19 9 48 49 22 28 11 38 60 18 17 41 12 24 21 16
23 27 22 26 13 29 21 31 24 12 62 5 31 15 34 18 17 25 21 0 13 5 33 1 34 23 35 19 35 34 35 13 19 17 39 40 18 16 15 15
14 11 6 15 9 10 3 23 15 16 30 29 19 13 15 21 4 1 14 25 0 26 11 17 6 12 11 18 18 11 12 7 28 19 36 19 19 31 7 6
11 54 36 28 15 51 23 11 32 12 45 4 69 21 50 25 25 26 15 5 22 0 41 8 36 16 48 21 43 30 28 23 17 13 26 31 20 13 26 29
23 8 20 43 16 27 9 49 28 15 38 16 24 10 19 57 19 11 32 27 12 38 0 21 20 19 12 6 12 26 27 11 16 24 68 2 33 31 16 18
12 34 28 30 15 20 11 17 23 10 37 3 38 14 42 28 31 21 29 2 11 6 22 0 29 15 47 40 45 40 34 18 11 15 29 31 21 13 18 16
7 15 4 23 19 19 4 45 23 13 14 24 30 22 19 23 1 4 29 31 4 21 11 34 0 8 27 16 12 14 6 10 39 14 50 16 22 21 5 9
3 31 7 33 6 19 5 21 12 20 20 8 28 10 12 23 17 7 17 11 7 28 13 16 11 0 23 20 17 21 8 19 27 3 38 12 6 10 3 6
19 11 23 30 30 18 14 64 39 37 25 37 17 24 40 52 20 22 44 20 11 25 10 45 29 22 0 5 7 13 27 16 15 22 62 4 34 43 36 22
31 13 21 21 20 16 18 50 36 18 29 34 17 18 16 38 17 11 42 22 12 38 6 19 15 22 4 0 15 20 22 16 28 19 35 2 14 29 12 18
30 3 17 46 23 17 24 38 27 17 14 36 8 28 11 36 15 21 44 55 14 35 25 25 10 17 13 15 0 5 17 14 39 28 53 19 17 27 34 14
40 5 23 32 48 32 23 62 53 27 23 35 3 20 17 36 25 27 35 58 21 41 27 40 12 16 12 11 8 0 25 25 45 25 41 17 52 52 21 33
16 32 5 13 13 9 8 14 10 43 24 20 37 20 5 10 10 12 25 23 6 38 34 18 6 15 20 34 24 36 0 15 43 9 29 34 9 21 8 21
21 15 10 39 20 43 9 38 27 16 37 9 37 3 30 32 8 8 32 14 13 23 9 15 12 12 21 10 21 28 17 0 24 14 42 17 16 23 12 6
30 19 33 27 30 69 21 55 25 9 74 19 30 8 46 40 37 29 61 25 32 19 25 19 29 39 17 32 29 39 31 18 0 26 41 18 18 24 26 12
3 25 9 36 1 15 11 23 15 10 32 6 24 14 22 32 14 20 9 14 13 21 18 12 15 5 31 15 40 26 14 16 37 0 27 15 5 11 6 13
31 41 35 45 23 47 37 18 19 45 70 16 92 63 55 34 36 54 21 37 31 29 40 44 57 35 38 34 51 73 28 40 68 38 0 81 27 17 25 59
15 7 25 35 28 24 9 29 49 26 17 16 14 7 18 28 8 8 51 32 16 34 5 17 24 18 7 1 14 13 31 15 27 20 61 0 27 25 12 18
2 34 10 15 6 27 12 18 6 25 28 10 47 14 11 14 17 18 15 9 15 28 31 22 8 5 18 19 34 41 9 22 17 7 39 22 0 16 5 9
11 52 31 18 11 46 25 9 16 15 24 7 32 27 35 20 31 32 11 8 21 13 20 7 17 19 33 51 21 57 12 16 23 14 28 26 17 0 20 16
2 25 2 16 8 18 5 20 8 24 24 21 21 23 19 24 14 12 10 18 5 24 25 18 12 2 38 21 26 30 9 18 35 9 47 20 3 12 0 11
9 18 8 35 19 13 4 16 15 14 23 10 33 6 28 33 12 5 14 22 3 28 11 15 10 9 18 15 15 24 18 5 13 12 35 15 8 25 14 0