7
40
,
0 (23.0, 29.0) 19.0
1 (42.0, 8.0) 41.0
2 (27.0, 21.0) 40.0
3 (4.0, 20.0) 45.0
4 (24.0, 34.0) 10.0
5 (19.0, 6.0) 19.0
6 (31.0, 23.0) 25.0
7 (11.0, 42.0) 25.0
8 (15.0, 28.0) 47.0
9 (43.0, 38.0) 47.0
10 (17.0, 2.0) 36.0
11 (29.0, 40.0) 32.0
12 (45.0, 3.0) 49.0
13 (40.0, 30.0) 26.0
14 (17.0, 12.0) 18.0
15 (9.0, 16.0) 44.0
16 (31.0, 16.0) 20.0
17 (32.0, 20.0) 11.0
18 (10.0, 29.0) 20.0
19 (32.0, 42.0) 14.0
20 (33.0, 20.0) 15.0
21 (28.0, 47.0) 35.0
22 (47.0, 22.0) 31.0
23 (31.0, 41.0) 11.0
24 (30.0, 17.0) 18.0
25 (25.0, 27.0) 29.0
26 (49.0, 14.0) 31.0
27 (45.0, 17.0) 22.0
28 (38.0, 6.0) 40.0
29 (42.0, 1.0) 12.0
30 (22.0, 17.0) 48.0
31 (38.0, 28.0) 14.0
32 (49.0, 41.0) 11.0
33 (25.0, 32.0) 30.0
34 (1.0, 50.0) 45.0
35 (46.0, 18.0) 43.0
36 (21.0, 29.0) 22.0
37 (21.0, 41.0) 17.0
38 (25.0, 25.0) 13.0
39 (35.0, 24.0) 15.0
,
0 6 2 4 1 5 2 4 2 4 6 3 7 3 4 4 3 3 3 3 3 4 5 3 3 1 6 5 5 7 2 3 6 1 6 5 0 2 1 3
6 0 4 8 6 5 4 9 7 6 5 7 1 4 5 7 3 3 8 7 3 8 3 7 3 5 2 2 1 1 4 4 7 6 12 2 6 8 5 3
2 4 0 5 3 3 1 5 3 5 4 4 5 3 3 4 1 1 4 4 1 5 4 4 1 1 5 4 4 5 1 3 6 2 8 4 2 4 1 2
4 8 5 0 5 4 5 5 3 9 4 6 9 7 3 1 5 6 2 7 6 7 9 7 5 4 9 8 7 8 4 7 10 5 6 8 4 5 4 6
1 6 3 5 0 6 3 3 2 4 7 2 7 3 5 5 4 3 3 2 3 3 5 2 4 1 6 5 6 8 3 3 5 0 6 5 1 2 2 3
5 5 3 4 6 0 4 7 4 8 1 7 5 6 1 3 3 4 5 8 4 8 6 7 3 4 6 6 4 5 2 6 9 5 10 6 5 7 4 5
2 4 1 5 3 4 0 6 3 4 5 3 5 2 4 5 1 1 4 4 1 5 3 4 1 1 4 3 4 5 2 2 5 2 8 3 2 4 1 1
4 9 5 5 3 7 6 0 3 6 8 4 10 6 6 5 7 6 3 4 6 4 8 4 6 4 9 8 9 10 5 6 8 3 3 8 3 2 4 6
2 7 3 3 2 4 3 3 0 6 5 4 8 5 3 3 4 4 1 4 4 5 7 4 4 2 7 6 6 8 3 5 7 2 5 7 1 3 2 4
4 6 5 9 4 8 4 6 6 0 9 3 7 2 7 8 5 4 7 2 4 3 3 2 5 4 5 4 6 7 6 2 1 4 9 4 5 4 4 3
6 5 4 4 7 1 5 8 5 9 0 8 6 7 2 3 4 5 6 9 5 9 7 8 4 5 7 6 4 5 3 7 10 6 10 7 5 8 5 6
3 7 4 6 2 7 3 4 4 3 8 0 8 3 6 6 5 4 4 1 4 1 5 0 5 3 7 6 7 8 5 3 4 2 6 6 3 2 3 3
7 1 5 9 7 5 5 10 8 7 6 8 0 5 6 8 4 4 9 8 4 9 4 8 4 6 2 3 2 1 5 5 8 7 13 3 7 9 6 5
3 4 3 7 3 6 2 6 5 2 7 3 5 0 6 7 3 3 6 3 2 4 2 3 3 3 4 3 5 6 4 1 3 3 9 3 4 4 3 2
4 5 3 3 5 1 4 6 3 7 2 6 6 6 0 2 3 3 4 7 4 7 6 6 3 3 6 6 4 5 1 5 9 4 8 6 3 6 3 4
4 7 4 1 5 3 5 5 3 8 3 6 8 7 2 0 4 5 3 7 5 7 8 7 4 4 8 7 6 7 3 6 9 5 7 7 4 6 4 5
3 3 1 5 4 3 1 7 4 5 4 5 4 3 3 4 0 1 5 5 1 6 3 5 0 3 4 3 2 4 2 3 6 3 9 3 3 5 2 2
3 3 1 6 3 4 1 6 4 4 5 4 4 3 3 5 1 0 5 4 0 5 3 4 1 2 4 3 3 4 2 2 5 3 9 3 3 5 2 1
3 8 4 2 3 5 4 3 1 7 6 4 9 6 4 3 5 5 0 5 5 5 8 5 5 3 8 7 7 9 3 6 8 3 5 8 2 3 3 5
3 7 4 7 2 8 4 4 4 2 9 1 8 3 7 7 5 4 5 0 4 1 5 0 5 3 7 6 7 8 5 3 3 2 6 6 3 2 4 4
3 3 1 6 3 4 1 6 4 4 5 4 4 2 4 5 1 0 5 4 0 5 3 4 1 2 3 2 3 4 2 2 5 3 9 3 3 5 2 1
4 8 5 7 3 8 5 4 5 3 9 1 9 4 7 7 6 5 5 1 5 0 6 1 6 4 8 7 8 10 6 4 4 3 5 7 4 2 4 5
5 3 4 9 5 6 3 8 7 3 7 5 4 2 6 8 3 3 8 5 3 6 0 5 4 5 2 1 4 4 5 2 4 5 11 1 5 6 4 2
3 7 4 7 2 7 4 4 4 2 8 0 8 3 6 7 5 4 5 0 4 1 5 0 5 3 6 6 7 8 5 3 4 2 6 5 3 2 3 3
3 3 1 5 4 3 1 6 4 5 4 5 4 3 3 4 0 1 5 5 1 6 4 5 0 2 4 3 3 4 2 3 6 3 9 3 3 5 2 2
1 5 1 4 1 4 1 4 2 4 5 3 6 3 3 4 3 2 3 3 2 4 5 3 2 0 5 4 5 6 2 3 6 1 7 5 1 3 0 2
6 2 5 9 6 6 4 9 7 5 7 7 2 4 6 8 4 4 8 7 3 8 2 6 4 5 0 1 3 3 5 4 5 6 12 1 6 8 5 3
5 2 4 8 5 6 3 8 6 4 6 6 3 3 6 7 3 3 7 6 2 7 1 6 3 4 1 0 3 3 5 3 5 5 11 0 5 7 4 2
5 1 4 7 6 4 4 9 6 6 4 7 2 5 4 6 2 3 7 7 3 8 4 7 3 5 3 3 0 1 4 4 7 6 11 3 6 8 5 4
7 1 5 8 8 5 5 10 8 7 5 8 1 6 5 7 4 4 9 8 4 10 4 8 4 6 3 3 1 0 5 5 8 7 13 3 7 9 6 5
2 4 1 4 3 2 2 5 3 6 3 5 5 4 1 3 2 2 3 5 2 6 5 5 2 2 5 5 4 5 0 4 7 3 8 5 2 5 2 3
3 4 3 7 3 6 2 6 5 2 7 3 5 1 5 6 3 2 6 3 2 4 2 3 3 3 4 3 4 5 4 0 3 3 9 3 3 4 3 1
6 7 6 10 5 9 5 8 7 1 10 4 8 3 9 9 6 5 8 3 5 4 4 4 6 6 5 5 7 8 7 3 0 5 10 5 6 6 6 4
1 6 2 5 0 5 2 3 2 4 6 2 7 3 4 5 3 3 3 2 3 3 5 2 3 1 6 5 6 7 3 3 5 0 6 5 1 2 1 3
6 12 8 6 6 10 8 3 5 9 10 6 13 9 8 7 9 9 5 6 9 5 11 6 9 7 12 11 11 13 8 9 10 6 0 11 6 4 7 9
5 2 4 8 5 6 3 8 7 4 7 6 3 3 6 7 3 3 8 6 3 7 1 5 3 5 1 0 3 3 5 3 5 5 11 0 5 7 4 3
0 6 2 4 1 5 2 3 1 5 5 3 7 4 3 4 3 3 2 3 3 4 5 3 3 1 6 5 6 7 2 3 6 1 6 5 0 2 1 3
2 8 4 5 2 7 4 2 3 4 8 2 9 4 6 6 5 5 3 2 5 2 6 2 5 3 8 7 8 9 5 4 6 2 4 7 2 0 3 4
1 5 1 4 2 4 1 4 2 4 5 3 6 3 3 4 2 2 3 4 2 4 4 3 2 0 5 4 5 6 2 3 6 1 7 4 1 3 0 2
3 3 2 6 3 5 1 6 4 3 6 3 5 2 4 5 2 1 5 4 1 5 2 3 2 2 3 2 4 5 3 1 4 3 9 3 3 4 2 0
,
0 19 12 23 3 32 9 20 5 32 38 7 28 15 11 18 8 17 9 20 17 25 30 17 16 4 42 36 16 43 9 16 29 2 27 28 2 17 6 7
23 0 17 31 19 33 16 57 50 43 30 41 4 28 33 35 16 20 57 40 22 39 12 27 20 25 5 5 4 8 19 26 44 43 33 5 39 47 14 22
6 25 0 29 19 19 6 19 8 23 22 20 37 15 11 22 10 4 25 28 9 28 14 15 7 8 30 16 25 25 9 12 38 7 23 25 11 18 6 11
17 58 25 0 35 15 25 24 19 50 15 39 60 53 8 4 20 32 16 27 26 41 27 27 15 22 42 62 36 35 14 50 64 14 30 47 24 23 19 32
6 33 8 29 0 38 10 19 8 14 40 7 46 10 29 28 14 19 11 10 24 8 16 14 25 10 44 14 30 20 14 18 20 2 25 28 6 11 9 18
29 34 22 13 37 0 18 38 13 59 5 43 22 22 5 12 23 21 16 33 23 34 38 40 8 32 16 26 10 26 17 36 59 32 40 23 20 24 21 18
5 18 3 17 12 30 0 17 15 15 27 24 21 15 17 32 6 3 29 16 3 21 19 14 7 4 27 11 17 15 16 7 29 11 51 9 13 22 8 2
15 30 36 20 22 54 17 0 14 16 24 14 55 41 42 38 19 20 16 14 17 14 27 17 46 20 63 42 64 26 38 45 45 21 7 45 14 13 20 16
10 33 9 18 14 22 13 20 0 36 30 17 46 33 24 12 17 14 6 17 17 24 32 12 16 12 35 47 19 34 18 14 23 15 27 33 4 9 15 18
19 31 20 22 28 29 15 45 36 0 61 20 46 5 35 31 26 12 33 13 20 22 19 16 33 14 13 19 46 55 27 11 5 17 23 19 33 28 31 13
32 21 24 22 34 4 26 47 19 34 0 38 20 40 9 21 23 35 39 53 20 50 52 51 26 32 24 20 27 19 10 47 67 39 51 38 33 40 15 27
7 49 12 16 11 33 21 11 27 13 42 0 35 10 37 23 26 26 26 4 16 8 37 3 21 19 43 34 50 24 35 8 24 10 24 30 13 11 23 12
34 7 25 38 48 34 36 70 38 43 18 54 0 32 27 22 11 22 57 28 25 47 23 60 28 20 18 17 6 2 23 33 48 36 63 10 45 66 43 14
20 12 23 35 12 27 13 43 20 12 28 13 40 0 21 18 11 14 23 13 18 31 12 8 12 18 13 10 29 32 31 4 21 22 22 10 19 27 12 9
17 17 8 15 22 8 24 20 24 47 7 25 21 24 0 7 16 11 20 33 17 22 30 38 7 10 17 32 19 14 9 31 26 11 30 43 20 25 13 16
25 48 21 4 34 18 31 20 11 53 21 22 43 47 9 0 31 26 17 47 35 53 19 48 13 16 33 27 41 22 15 39 42 21 32 53 16 21 9 18
21 20 8 23 17 19 8 45 28 18 18 27 18 17 17 20 0 4 24 34 5 28 22 26 2 6 19 13 16 21 7 8 34 19 38 19 11 14 13 13
11 16 8 30 20 11 4 38 17 17 32 18 29 12 20 25 5 0 35 26 1 17 19 16 3 11 21 10 13 15 8 8 19 16 57 10 15 13 6 7
12 33 28 12 11 31 20 9 7 18 40 19 30 28 21 10 29 13 0 22 24 36 20 25 27 16 59 51 25 64 11 21 58 15 23 41 6 24 13 33
11 21 14 33 6 27 26 15 25 17 49 4 30 9 24 51 29 33 30 0 25 9 16 2 25 24 20 18 34 28 14 8 15 15 25 16 12 9 20 15
17 9 3 22 17 16 5 17 19 27 14 12 22 8 16 25 6 1 22 21 0 16 16 19 5 8 9 6 18 31 17 12 38 16 48 8 17 16 12 6
24 54 25 46 15 54 35 11 29 24 67 5 50 24 32 38 24 30 37 6 29 0 31 3 44 18 58 34 38 37 34 28 26 19 25 19 15 6 30 21
17 19 21 28 14 42 14 23 48 9 38 30 25 6 43 40 22 10 50 21 8 26 0 21 9 29 5 6 18 30 38 12 18 26 77 5 17 23 33 9
18 47 27 49 13 55 10 19 18 17 49 2 43 14 26 32 33 20 18 1 13 7 28 0 26 14 17 29 27 37 32 12 14 11 27 20 16 6 25 24
13 21 7 27 11 10 5 46 27 30 21 16 13 19 9 15 1 2 30 18 4 18 23 36 0 12 25 21 14 14 4 18 18 17 39 15 20 28 14 4
2 22 7 24 4 18 9 11 11 15 26 14 26 15 21 27 13 13 13 22 11 21 19 13 11 0 14 12 19 45 9 10 28 6 39 27 2 18 1 9
19 12 24 61 30 37 24 69 20 14 29 36 16 10 35 23 22 27 40 28 25 29 5 24 11 30 0 5 13 15 17 22 30 35 69 5 25 32 26 18
30 10 12 46 20 34 12 58 19 14 29 23 17 8 21 32 21 12 41 19 15 25 6 31 10 33 7 0 10 21 17 14 27 20 33 2 40 39 16 11
19 5 17 35 46 15 26 66 23 41 25 19 4 19 24 37 8 19 41 27 21 41 10 48 7 24 18 18 0 5 18 21 39 42 66 13 43 39 13 12
24 4 30 40 44 26 27 30 26 20 17 34 3 41 27 27 17 13 29 22 21 62 29 57 29 24 11 21 9 0 21 21 37 46 88 21 28 41 31 36
18 11 5 25 17 7 10 20 17 30 23 23 20 23 5 10 13 8 24 37 12 17 25 36 6 6 25 18 25 19 0 19 30 11 48 16 10 28 9 22
10 12 13 22 11 42 8 29 14 6 49 21 38 2 29 38 8 14 17 12 12 25 8 9 9 13 23 14 17 39 20 0 14 12 33 10 11 25 12 6
28 30 40 70 17 59 21 50 52 7 28 17 21 18 45 62 21 22 27 19 39 17 26 25 26 33 37 35 33 47 37 11 0 17 41 34 20 32 42 14
3 42 11 23 3 18 16 19 14 21 40 8 27 8 13 12 13 10 16 12 13 14 35 14 19 7 19 17 37 30 23 16 19 0 18 26 5 7 8 16
39 30 45 18 29 56 23 16 35 42 60 41 94 63 38 43 33 55 29 28 58 21 70 45 36 36 65 39 79 77 46 44 52 18 0 71 17 25 26 27
26 14 25 59 25 36 20 50 42 17 46 41 19 15 39 47 20 16 34 35 12 23 4 34 16 26 5 1 17 14 20 17 32 18 50 0 23 29 28 7
2 26 7 23 4 29 12 20 7 22 39 11 51 10 21 12 23 20 6 22 13 13 22 11 12 5 26 19 33 46 12 16 36 5 42 39 0 12 5 21
17 55 18 27 8 25 28 6 15 16 55 12 26 19 37 33 15 15 23 11 31 8 17 13 16 13 48 22 55 24 16 31 31 6 18 45 7 0 16 18
6 18 5 23 7 14 8 21 15 33 35 13 27 18 11 18 8 10 13 19 12 14 12 24 12 2 33 25 20 17 8 8 17 8 39 21 3 23 0 7
12 10 6 43 8 15 5 41 24 17 35 21 14 9 13 22 5 6 25 19 4 31 15 14 5 11 21 14 23 35 8 4 20 8 24 15 14 27 15 0