7
40
,
0 (23.0, 29.0) 46.0
1 (42.0, 8.0) 33.0
2 (27.0, 21.0) 37.0
3 (4.0, 20.0) 33.0
4 (24.0, 34.0) 47.0
5 (19.0, 6.0) 22.0
6 (31.0, 23.0) 42.0
7 (11.0, 42.0) 12.0
8 (15.0, 28.0) 11.0
9 (43.0, 38.0) 17.0
10 (17.0, 2.0) 29.0
11 (29.0, 40.0) 40.0
12 (45.0, 3.0) 25.0
13 (40.0, 30.0) 19.0
14 (17.0, 12.0) 37.0
15 (9.0, 16.0) 47.0
16 (31.0, 16.0) 18.0
17 (32.0, 20.0) 35.0
18 (10.0, 29.0) 11.0
19 (32.0, 42.0) 10.0
20 (33.0, 20.0) 18.0
21 (28.0, 47.0) 32.0
22 (47.0, 22.0) 41.0
23 (31.0, 41.0) 45.0
24 (30.0, 17.0) 14.0
25 (25.0, 27.0) 41.0
26 (49.0, 14.0) 32.0
27 (45.0, 17.0) 13.0
28 (38.0, 6.0) 26.0
29 (42.0, 1.0) 48.0
30 (22.0, 17.0) 17.0
31 (38.0, 28.0) 46.0
32 (49.0, 41.0) 21.0
33 (25.0, 32.0) 14.0
34 (1.0, 50.0) 26.0
35 (46.0, 18.0) 36.0
36 (21.0, 29.0) 46.0
37 (21.0, 41.0) 31.0
38 (25.0, 25.0) 16.0
39 (35.0, 24.0) 11.0
,
0 6 2 4 1 5 2 4 2 4 6 3 7 3 4 4 3 3 3 3 3 4 5 3 3 1 6 5 5 7 2 3 6 1 6 5 0 2 1 3
6 0 4 8 6 5 4 9 7 6 5 7 1 4 5 7 3 3 8 7 3 8 3 7 3 5 2 2 1 1 4 4 7 6 12 2 6 8 5 3
2 4 0 5 3 3 1 5 3 5 4 4 5 3 3 4 1 1 4 4 1 5 4 4 1 1 5 4 4 5 1 3 6 2 8 4 2 4 1 2
4 8 5 0 5 4 5 5 3 9 4 6 9 7 3 1 5 6 2 7 6 7 9 7 5 4 9 8 7 8 4 7 10 5 6 8 4 5 4 6
1 6 3 5 0 6 3 3 2 4 7 2 7 3 5 5 4 3 3 2 3 3 5 2 4 1 6 5 6 8 3 3 5 0 6 5 1 2 2 3
5 5 3 4 6 0 4 7 4 8 1 7 5 6 1 3 3 4 5 8 4 8 6 7 3 4 6 6 4 5 2 6 9 5 10 6 5 7 4 5
2 4 1 5 3 4 0 6 3 4 5 3 5 2 4 5 1 1 4 4 1 5 3 4 1 1 4 3 4 5 2 2 5 2 8 3 2 4 1 1
4 9 5 5 3 7 6 0 3 6 8 4 10 6 6 5 7 6 3 4 6 4 8 4 6 4 9 8 9 10 5 6 8 3 3 8 3 2 4 6
2 7 3 3 2 4 3 3 0 6 5 4 8 5 3 3 4 4 1 4 4 5 7 4 4 2 7 6 6 8 3 5 7 2 5 7 1 3 2 4
4 6 5 9 4 8 4 6 6 0 9 3 7 2 7 8 5 4 7 2 4 3 3 2 5 4 5 4 6 7 6 2 1 4 9 4 5 4 4 3
6 5 4 4 7 1 5 8 5 9 0 8 6 7 2 3 4 5 6 9 5 9 7 8 4 5 7 6 4 5 3 7 10 6 10 7 5 8 5 6
3 7 4 6 2 7 3 4 4 3 8 0 8 3 6 6 5 4 4 1 4 1 5 0 5 3 7 6 7 8 5 3 4 2 6 6 3 2 3 3
7 1 5 9 7 5 5 10 8 7 6 8 0 5 6 8 4 4 9 8 4 9 4 8 4 6 2 3 2 1 5 5 8 7 13 3 7 9 6 5
3 4 3 7 3 6 2 6 5 2 7 3 5 0 6 7 3 3 6 3 2 4 2 3 3 3 4 3 5 6 4 1 3 3 9 3 4 4 3 2
4 5 3 3 5 1 4 6 3 7 2 6 6 6 0 2 3 3 4 7 4 7 6 6 3 3 6 6 4 5 1 5 9 4 8 6 3 6 3 4
4 7 4 1 5 3 5 5 3 8 3 6 8 7 2 0 4 5 3 7 5 7 8 7 4 4 8 7 6 7 3 6 9 5 7 7 4 6 4 5
3 3 1 5 4 3 1 7 4 5 4 5 4 3 3 4 0 1 5 5 1 6 3 5 0 3 4 3 2 4 2 3 6 3 9 3 3 5 2 2
3 3 1 6 3 4 1 6 4 4 5 4 4 3 3 5 1 0 5 4 0 5 3 4 1 2 4 3 3 4 2 2 5 3 9 3 3 5 2 1
3 8 4 2 3 5 4 3 1 7 6 4 9 6 4 3 5 5 0 5 5 5 8 5 5 3 8 7 7 9 3 6 8 3 5 8 2 3 3 5
3 7 4 7 2 8 4 4 4 2 9 1 8 3 7 7 5 4 5 0 4 1 5 0 5 3 7 6 7 8 5 3 3 2 6 6 3 2 4 4
3 3 1 6 3 4 1 6 4 4 5 4 4 2 4 5 1 0 5 4 0 5 3 4 1 2 3 2 3 4 2 2 5 3 9 3 3 5 2 1
4 8 5 7 3 8 5 4 5 3 9 1 9 4 7 7 6 5 5 1 5 0 6 1 6 4 8 7 8 10 6 4 4 3 5 7 4 2 4 5
5 3 4 9 5 6 3 8 7 3 7 5 4 2 6 8 3 3 8 5 3 6 0 5 4 5 2 1 4 4 5 2 4 5 11 1 5 6 4 2
3 7 4 7 2 7 4 4 4 2 8 0 8 3 6 7 5 4 5 0 4 1 5 0 5 3 6 6 7 8 5 3 4 2 6 5 3 2 3 3
3 3 1 5 4 3 1 6 4 5 4 5 4 3 3 4 0 1 5 5 1 6 4 5 0 2 4 3 3 4 2 3 6 3 9 3 3 5 2 2
1 5 1 4 1 4 1 4 2 4 5 3 6 3 3 4 3 2 3 3 2 4 5 3 2 0 5 4 5 6 2 3 6 1 7 5 1 3 0 2
6 2 5 9 6 6 4 9 7 5 7 7 2 4 6 8 4 4 8 7 3 8 2 6 4 5 0 1 3 3 5 4 5 6 12 1 6 8 5 3
5 2 4 8 5 6 3 8 6 4 6 6 3 3 6 7 3 3 7 6 2 7 1 6 3 4 1 0 3 3 5 3 5 5 11 0 5 7 4 2
5 1 4 7 6 4 4 9 6 6 4 7 2 5 4 6 2 3 7 7 3 8 4 7 3 5 3 3 0 1 4 4 7 6 11 3 6 8 5 4
7 1 5 8 8 5 5 10 8 7 5 8 1 6 5 7 4 4 9 8 4 10 4 8 4 6 3 3 1 0 5 5 8 7 13 3 7 9 6 5
2 4 1 4 3 2 2 5 3 6 3 5 5 4 1 3 2 2 3 5 2 6 5 5 2 2 5 5 4 5 0 4 7 3 8 5 2 5 2 3
3 4 3 7 3 6 2 6 5 2 7 3 5 1 5 6 3 2 6 3 2 4 2 3 3 3 4 3 4 5 4 0 3 3 9 3 3 4 3 1
6 7 6 10 5 9 5 8 7 1 10 4 8 3 9 9 6 5 8 3 5 4 4 4 6 6 5 5 7 8 7 3 0 5 10 5 6 6 6 4
1 6 2 5 0 5 2 3 2 4 6 2 7 3 4 5 3 3 3 2 3 3 5 2 3 1 6 5 6 7 3 3 5 0 6 5 1 2 1 3
6 12 8 6 6 10 8 3 5 9 10 6 13 9 8 7 9 9 5 6 9 5 11 6 9 7 12 11 11 13 8 9 10 6 0 11 6 4 7 9
5 2 4 8 5 6 3 8 7 4 7 6 3 3 6 7 3 3 8 6 3 7 1 5 3 5 1 0 3 3 5 3 5 5 11 0 5 7 4 3
0 6 2 4 1 5 2 3 1 5 5 3 7 4 3 4 3 3 2 3 3 4 5 3 3 1 6 5 6 7 2 3 6 1 6 5 0 2 1 3
2 8 4 5 2 7 4 2 3 4 8 2 9 4 6 6 5 5 3 2 5 2 6 2 5 3 8 7 8 9 5 4 6 2 4 7 2 0 3 4
1 5 1 4 2 4 1 4 2 4 5 3 6 3 3 4 2 2 3 4 2 4 4 3 2 0 5 4 5 6 2 3 6 1 7 4 1 3 0 2
3 3 2 6 3 5 1 6 4 3 6 3 5 2 4 5 2 1 5 4 1 5 2 3 2 2 3 2 4 5 3 1 4 3 9 3 3 4 2 0
,
0 30 10 24 4 34 14 18 4 24 28 17 33 21 21 14 20 18 16 14 11 20 21 11 9 3 22 27 23 35 7 12 40 4 21 28 2 16 6 9
22 0 10 28 44 19 18 66 25 32 31 31 7 28 29 22 18 13 53 46 22 47 21 29 16 27 7 11 6 4 26 21 22 44 81 8 39 26 33 15
9 10 0 33 20 23 4 24 17 22 29 26 20 13 10 19 3 4 13 27 5 38 28 20 4 5 16 19 16 24 5 11 26 15 35 11 12 13 3 10
12 60 34 0 35 18 24 33 13 50 12 41 38 23 17 4 23 26 9 33 27 38 64 47 34 15 62 27 49 56 22 25 52 30 22 25 25 24 23 40
7 42 14 13 0 21 7 12 14 16 29 6 52 11 27 12 15 23 19 15 12 18 21 14 14 10 20 36 26 49 17 9 38 1 36 37 4 11 11 12
19 12 10 27 28 0 23 32 31 51 4 50 32 19 6 11 20 15 27 46 30 54 29 20 19 16 31 38 12 26 14 40 48 37 43 28 25 48 17 27
8 18 4 15 12 22 0 30 15 14 34 21 15 6 20 18 9 4 31 21 4 19 12 20 7 10 27 9 17 36 11 8 22 16 34 21 6 30 6 6
16 25 35 18 21 38 34 0 15 43 55 16 28 34 43 37 47 36 18 12 25 24 50 27 40 31 61 55 48 52 37 36 25 22 15 46 24 13 30 16
9 49 16 20 10 31 18 8 0 17 30 18 40 19 10 9 11 24 4 33 17 18 16 15 18 12 53 20 17 19 16 14 38 14 27 47 7 10 11 16
20 26 29 50 21 58 26 46 15 0 57 7 45 6 53 38 33 11 43 14 22 15 20 18 35 31 36 31 44 55 39 15 4 16 60 13 35 23 20 10
34 26 19 31 32 6 31 21 24 33 0 48 26 49 9 19 29 14 25 61 26 62 20 31 22 13 34 39 27 30 15 20 32 43 30 31 31 35 21 15
11 50 13 19 5 26 23 24 19 15 29 0 44 21 39 20 17 29 27 3 24 6 38 3 26 8 33 33 34 24 12 8 26 13 42 35 15 6 19 23
46 7 31 51 28 26 16 58 37 38 25 37 0 34 22 42 25 27 63 37 18 54 12 52 21 33 12 18 8 3 15 19 42 50 56 22 34 24 43 25
19 33 17 29 9 36 10 28 33 12 39 20 14 0 20 21 14 15 27 8 17 23 15 21 15 13 26 18 33 18 31 4 12 10 47 18 21 14 9 6
26 29 9 11 30 8 11 40 18 45 5 41 32 23 0 8 18 22 26 33 20 23 18 21 18 21 30 37 24 31 4 18 49 23 27 40 10 43 14 14
10 35 20 5 21 13 16 23 10 53 19 42 46 31 11 0 20 24 8 40 23 46 37 30 17 12 29 45 41 34 7 46 52 19 44 44 10 30 27 14
19 19 3 15 21 11 9 31 30 13 27 31 19 20 18 25 0 4 34 26 4 32 16 21 2 13 18 21 7 19 8 17 40 24 60 13 21 37 11 6
10 12 4 25 14 27 4 23 24 26 29 27 30 19 16 14 4 0 31 17 1 24 13 11 2 12 14 11 19 16 6 10 25 10 42 16 15 26 8 6
17 49 10 12 20 32 15 12 5 37 21 18 49 23 20 18 31 26 0 18 25 23 52 13 12 20 25 31 27 53 14 27 54 10 33 33 9 20 20 16
11 52 27 51 14 31 19 23 18 12 39 5 59 19 25 34 25 15 36 0 29 4 27 1 23 18 28 20 51 26 16 21 22 11 36 39 19 14 16 16
14 9 8 43 14 18 4 29 14 13 14 23 24 15 12 15 7 1 18 21 0 17 17 15 5 14 20 7 13 17 9 7 29 10 29 18 11 21 6 3
28 27 19 49 8 32 15 18 21 12 49 10 36 12 39 22 19 29 13 3 30 0 38 8 30 29 36 34 38 47 21 30 15 10 29 23 16 8 15 23
37 8 29 23 36 21 18 52 27 23 30 18 10 15 32 36 9 21 56 19 18 38 0 19 20 30 12 6 16 31 24 7 13 13 43 5 37 30 19 18
19 36 14 30 5 19 12 26 25 9 45 1 28 20 33 24 17 31 32 1 22 9 31 0 34 15 24 34 40 48 15 18 19 7 26 24 13 10 24 10
16 15 3 37 17 19 4 45 22 36 20 13 11 18 14 24 2 3 33 26 5 27 25 30 0 16 28 18 13 21 6 18 40 17 65 20 12 22 10 13
3 35 3 24 10 12 11 25 6 29 37 19 46 12 24 24 16 11 21 17 11 24 14 14 11 0 24 12 29 27 15 17 30 5 32 24 3 15 2 10
32 9 18 23 31 17 16 66 19 36 47 16 10 14 20 59 25 14 40 36 24 36 11 29 13 38 0 6 19 10 29 13 34 21 68 3 18 47 36 21
22 11 23 28 35 21 18 59 17 26 35 31 18 8 17 52 16 20 55 16 12 35 8 28 16 18 7 0 9 24 27 14 25 32 45 1 22 47 16 10
23 6 12 40 23 26 20 48 47 39 26 53 6 29 28 36 17 9 53 36 14 48 18 19 18 20 20 17 0 3 24 31 39 24 35 18 17 21 12 19
18 10 15 39 33 19 33 40 55 29 31 37 5 31 38 22 11 18 24 58 12 56 25 51 27 31 21 18 4 0 32 26 51 19 54 14 31 46 16 15
11 26 8 19 9 14 13 20 16 40 19 17 33 16 4 19 6 9 19 40 17 38 29 36 8 10 27 19 21 15 0 11 23 16 51 26 17 16 5 10
18 21 8 30 21 35 11 17 25 14 28 10 27 3 38 18 19 9 31 11 7 14 14 10 7 17 19 8 26 41 23 0 17 9 62 14 16 26 18 5
21 19 22 39 29 45 17 47 31 10 49 10 22 15 29 56 39 37 21 12 37 26 19 10 28 26 17 27 44 52 21 9 0 20 70 18 32 16 40 33
4 30 8 15 3 39 9 21 9 21 38 10 35 12 29 14 21 13 14 18 12 8 23 15 18 3 41 15 17 39 20 18 30 0 27 29 3 13 5 11
24 68 38 22 22 32 53 14 36 52 35 45 42 34 23 25 51 36 17 43 60 40 45 30 58 39 56 35 56 95 56 29 42 19 0 63 25 31 41 22
22 16 18 60 23 22 10 52 27 22 22 32 12 11 19 21 14 8 43 23 17 41 4 17 24 30 6 1 12 16 15 17 14 23 57 0 27 27 25 10
2 29 9 20 4 18 7 21 6 26 38 13 38 15 12 14 9 15 8 23 20 12 14 10 13 4 18 35 21 21 12 21 20 3 19 35 0 17 7 14
12 21 28 36 5 24 21 6 14 14 22 8 64 24 40 23 27 28 19 7 26 7 35 15 31 21 44 49 24 23 34 17 23 12 23 18 11 0 15 29
5 21 4 24 13 20 3 30 14 30 29 11 44 19 13 10 5 7 18 26 14 20 23 22 8 2 18 21 12 40 5 11 38 10 40 20 8 22 0 7
14 25 11 34 16 29 5 25 16 12 23 9 34 5 24 39 7 7 29 12 5 17 13 10 8 13 22 9 10 29 21 6 19 10 34 7 11 31 12 0