7
40
,
0 (23.0, 29.0) 47.0
1 (42.0, 8.0) 16.0
2 (27.0, 21.0) 13.0
3 (4.0, 20.0) 13.0
4 (24.0, 34.0) 15.0
5 (19.0, 6.0) 10.0
6 (31.0, 23.0) 43.0
7 (11.0, 42.0) 19.0
8 (15.0, 28.0) 42.0
9 (43.0, 38.0) 35.0
10 (17.0, 2.0) 24.0
11 (29.0, 40.0) 39.0
12 (45.0, 3.0) 23.0
13 (40.0, 30.0) 29.0
14 (17.0, 12.0) 13.0
15 (9.0, 16.0) 25.0
16 (31.0, 16.0) 12.0
17 (32.0, 20.0) 42.0
18 (10.0, 29.0) 10.0
19 (32.0, 42.0) 38.0
20 (33.0, 20.0) 12.0
21 (28.0, 47.0) 49.0
22 (47.0, 22.0) 15.0
23 (31.0, 41.0) 12.0
24 (30.0, 17.0) 30.0
25 (25.0, 27.0) 43.0
26 (49.0, 14.0) 35.0
27 (45.0, 17.0) 20.0
28 (38.0, 6.0) 21.0
29 (42.0, 1.0) 32.0
30 (22.0, 17.0) 37.0
31 (38.0, 28.0) 24.0
32 (49.0, 41.0) 11.0
33 (25.0, 32.0) 38.0
34 (1.0, 50.0) 38.0
35 (46.0, 18.0) 11.0
36 (21.0, 29.0) 17.0
37 (21.0, 41.0) 34.0
38 (25.0, 25.0) 20.0
39 (35.0, 24.0) 15.0
,
0 6 2 4 1 5 2 4 2 4 6 3 7 3 4 4 3 3 3 3 3 4 5 3 3 1 6 5 5 7 2 3 6 1 6 5 0 2 1 3
6 0 4 8 6 5 4 9 7 6 5 7 1 4 5 7 3 3 8 7 3 8 3 7 3 5 2 2 1 1 4 4 7 6 12 2 6 8 5 3
2 4 0 5 3 3 1 5 3 5 4 4 5 3 3 4 1 1 4 4 1 5 4 4 1 1 5 4 4 5 1 3 6 2 8 4 2 4 1 2
4 8 5 0 5 4 5 5 3 9 4 6 9 7 3 1 5 6 2 7 6 7 9 7 5 4 9 8 7 8 4 7 10 5 6 8 4 5 4 6
1 6 3 5 0 6 3 3 2 4 7 2 7 3 5 5 4 3 3 2 3 3 5 2 4 1 6 5 6 8 3 3 5 0 6 5 1 2 2 3
5 5 3 4 6 0 4 7 4 8 1 7 5 6 1 3 3 4 5 8 4 8 6 7 3 4 6 6 4 5 2 6 9 5 10 6 5 7 4 5
2 4 1 5 3 4 0 6 3 4 5 3 5 2 4 5 1 1 4 4 1 5 3 4 1 1 4 3 4 5 2 2 5 2 8 3 2 4 1 1
4 9 5 5 3 7 6 0 3 6 8 4 10 6 6 5 7 6 3 4 6 4 8 4 6 4 9 8 9 10 5 6 8 3 3 8 3 2 4 6
2 7 3 3 2 4 3 3 0 6 5 4 8 5 3 3 4 4 1 4 4 5 7 4 4 2 7 6 6 8 3 5 7 2 5 7 1 3 2 4
4 6 5 9 4 8 4 6 6 0 9 3 7 2 7 8 5 4 7 2 4 3 3 2 5 4 5 4 6 7 6 2 1 4 9 4 5 4 4 3
6 5 4 4 7 1 5 8 5 9 0 8 6 7 2 3 4 5 6 9 5 9 7 8 4 5 7 6 4 5 3 7 10 6 10 7 5 8 5 6
3 7 4 6 2 7 3 4 4 3 8 0 8 3 6 6 5 4 4 1 4 1 5 0 5 3 7 6 7 8 5 3 4 2 6 6 3 2 3 3
7 1 5 9 7 5 5 10 8 7 6 8 0 5 6 8 4 4 9 8 4 9 4 8 4 6 2 3 2 1 5 5 8 7 13 3 7 9 6 5
3 4 3 7 3 6 2 6 5 2 7 3 5 0 6 7 3 3 6 3 2 4 2 3 3 3 4 3 5 6 4 1 3 3 9 3 4 4 3 2
4 5 3 3 5 1 4 6 3 7 2 6 6 6 0 2 3 3 4 7 4 7 6 6 3 3 6 6 4 5 1 5 9 4 8 6 3 6 3 4
4 7 4 1 5 3 5 5 3 8 3 6 8 7 2 0 4 5 3 7 5 7 8 7 4 4 8 7 6 7 3 6 9 5 7 7 4 6 4 5
3 3 1 5 4 3 1 7 4 5 4 5 4 3 3 4 0 1 5 5 1 6 3 5 0 3 4 3 2 4 2 3 6 3 9 3 3 5 2 2
3 3 1 6 3 4 1 6 4 4 5 4 4 3 3 5 1 0 5 4 0 5 3 4 1 2 4 3 3 4 2 2 5 3 9 3 3 5 2 1
3 8 4 2 3 5 4 3 1 7 6 4 9 6 4 3 5 5 0 5 5 5 8 5 5 3 8 7 7 9 3 6 8 3 5 8 2 3 3 5
3 7 4 7 2 8 4 4 4 2 9 1 8 3 7 7 5 4 5 0 4 1 5 0 5 3 7 6 7 8 5 3 3 2 6 6 3 2 4 4
3 3 1 6 3 4 1 6 4 4 5 4 4 2 4 5 1 0 5 4 0 5 3 4 1 2 3 2 3 4 2 2 5 3 9 3 3 5 2 1
4 8 5 7 3 8 5 4 5 3 9 1 9 4 7 7 6 5 5 1 5 0 6 1 6 4 8 7 8 10 6 4 4 3 5 7 4 2 4 5
5 3 4 9 5 6 3 8 7 3 7 5 4 2 6 8 3 3 8 5 3 6 0 5 4 5 2 1 4 4 5 2 4 5 11 1 5 6 4 2
3 7 4 7 2 7 4 4 4 2 8 0 8 3 6 7 5 4 5 0 4 1 5 0 5 3 6 6 7 8 5 3 4 2 6 5 3 2 3 3
3 3 1 5 4 3 1 6 4 5 4 5 4 3 3 4 0 1 5 5 1 6 4 5 0 2 4 3 3 4 2 3 6 3 9 3 3 5 2 2
1 5 1 4 1 4 1 4 2 4 5 3 6 3 3 4 3 2 3 3 2 4 5 3 2 0 5 4 5 6 2 3 6 1 7 5 1 3 0 2
6 2 5 9 6 6 4 9 7 5 7 7 2 4 6 8 4 4 8 7 3 8 2 6 4 5 0 1 3 3 5 4 5 6 12 1 6 8 5 3
5 2 4 8 5 6 3 8 6 4 6 6 3 3 6 7 3 3 7 6 2 7 1 6 3 4 1 0 3 3 5 3 5 5 11 0 5 7 4 2
5 1 4 7 6 4 4 9 6 6 4 7 2 5 4 6 2 3 7 7 3 8 4 7 3 5 3 3 0 1 4 4 7 6 11 3 6 8 5 4
7 1 5 8 8 5 5 10 8 7 5 8 1 6 5 7 4 4 9 8 4 10 4 8 4 6 3 3 1 0 5 5 8 7 13 3 7 9 6 5
2 4 1 4 3 2 2 5 3 6 3 5 5 4 1 3 2 2 3 5 2 6 5 5 2 2 5 5 4 5 0 4 7 3 8 5 2 5 2 3
3 4 3 7 3 6 2 6 5 2 7 3 5 1 5 6 3 2 6 3 2 4 2 3 3 3 4 3 4 5 4 0 3 3 9 3 3 4 3 1
6 7 6 10 5 9 5 8 7 1 10 4 8 3 9 9 6 5 8 3 5 4 4 4 6 6 5 5 7 8 7 3 0 5 10 5 6 6 6 4
1 6 2 5 0 5 2 3 2 4 6 2 7 3 4 5 3 3 3 2 3 3 5 2 3 1 6 5 6 7 3 3 5 0 6 5 1 2 1 3
6 12 8 6 6 10 8 3 5 9 10 6 13 9 8 7 9 9 5 6 9 5 11 6 9 7 12 11 11 13 8 9 10 6 0 11 6 4 7 9
5 2 4 8 5 6 3 8 7 4 7 6 3 3 6 7 3 3 8 6 3 7 1 5 3 5 1 0 3 3 5 3 5 5 11 0 5 7 4 3
0 6 2 4 1 5 2 3 1 5 5 3 7 4 3 4 3 3 2 3 3 4 5 3 3 1 6 5 6 7 2 3 6 1 6 5 0 2 1 3
2 8 4 5 2 7 4 2 3 4 8 2 9 4 6 6 5 5 3 2 5 2 6 2 5 3 8 7 8 9 5 4 6 2 4 7 2 0 3 4
1 5 1 4 2 4 1 4 2 4 5 3 6 3 3 4 2 2 3 4 2 4 4 3 2 0 5 4 5 6 2 3 6 1 7 4 1 3 0 2
3 3 2 6 3 5 1 6 4 3 6 3 5 2 4 5 2 1 5 4 1 5 2 3 2 2 3 2 4 5 3 1 4 3 9 3 3 4 2 0
,
0 21 7 29 6 20 15 13 7 29 15 13 48 19 22 20 9 8 19 14 14 14 17 17 14 3 40 36 29 51 14 18 22 3 35 26 2 10 6 16
33 0 20 50 31 18 21 56 38 31 20 19 5 17 18 47 16 9 24 19 16 38 16 18 16 16 7 13 6 6 27 25 50 22 87 9 25 34 24 15
11 14 0 17 7 12 5 31 15 29 21 11 36 19 14 18 9 3 18 31 6 23 22 11 5 6 34 14 9 23 5 12 30 10 23 18 6 19 4 7
22 59 24 0 31 23 32 29 15 35 22 23 50 31 13 5 20 16 12 33 15 20 31 22 27 19 43 38 36 53 22 34 37 26 20 25 29 38 15 24
6 47 17 21 0 23 15 12 15 12 46 9 47 11 18 21 17 19 13 14 21 20 23 15 24 9 44 27 20 41 23 10 17 3 18 26 8 7 5 17
30 24 22 13 20 0 31 34 32 30 4 46 16 26 9 16 18 24 34 48 20 33 17 44 11 15 18 27 14 28 17 17 42 32 26 22 21 43 11 25
14 17 6 27 17 31 0 25 14 17 20 12 29 6 16 12 8 5 26 14 3 32 22 14 5 9 23 15 16 17 15 7 20 11 47 11 17 30 7 6
15 63 25 23 10 23 21 0 20 44 29 16 28 46 36 13 43 37 11 30 28 12 57 28 46 15 50 50 32 68 39 43 52 23 7 47 16 6 18 18
5 47 18 11 14 13 14 8 0 33 32 16 52 25 19 19 20 23 5 18 16 28 47 20 11 12 53 22 19 27 13 21 24 10 24 29 6 13 9 27
22 44 18 53 20 45 24 35 17 0 62 21 51 5 52 32 25 11 32 16 12 23 17 8 13 18 26 21 22 46 41 16 10 24 27 30 23 19 19 18
32 33 26 18 19 5 15 42 20 28 0 48 16 27 14 12 26 14 38 52 18 44 21 52 17 16 40 40 25 15 10 39 45 28 25 45 37 25 15 29
7 49 28 21 10 34 12 17 10 18 25 0 59 19 19 43 24 15 31 4 12 4 32 3 22 10 35 19 31 44 24 18 28 5 19 41 20 9 17 15
46 3 37 45 45 25 21 69 41 49 25 53 0 25 34 47 16 16 65 53 26 49 23 30 27 22 15 15 7 2 38 35 51 37 50 22 39 34 20 18
19 21 17 55 10 32 10 21 23 5 32 9 20 0 17 36 14 16 34 19 8 29 11 21 24 10 22 10 34 21 18 2 14 14 39 10 28 13 21 8
14 22 19 12 27 8 24 20 10 43 9 21 20 20 0 11 21 22 20 17 12 54 29 41 15 14 16 36 33 26 7 20 60 28 48 19 20 38 19 32
26 33 26 7 32 12 15 34 16 38 15 38 32 27 5 0 27 26 15 43 24 38 43 31 21 29 37 25 20 43 19 35 25 30 20 52 19 21 16 27
14 17 7 38 22 19 6 24 19 23 15 29 16 9 19 14 0 3 25 32 3 32 14 15 2 7 16 10 12 18 12 19 26 22 64 12 13 18 12 9
12 21 5 22 20 14 3 31 11 23 16 30 13 12 13 18 4 0 25 14 1 39 16 22 3 11 15 13 18 26 6 9 30 15 48 9 12 24 9 6
13 56 10 11 10 14 32 13 6 36 42 15 30 25 14 13 24 24 0 15 23 27 47 27 31 17 53 49 36 53 14 18 54 12 34 20 9 9 18 18
21 43 17 46 14 37 23 25 14 10 50 5 51 9 33 30 32 14 29 0 29 8 26 2 24 13 36 21 25 28 24 10 20 10 40 21 19 14 12 15
12 20 7 39 9 20 5 22 13 30 26 30 26 11 25 16 4 1 35 24 0 36 13 26 6 15 10 14 20 22 17 14 20 8 29 10 20 34 10 3
16 47 39 23 7 40 25 14 18 19 68 9 35 31 54 27 37 38 29 7 30 0 29 5 33 27 22 25 62 42 23 31 26 21 27 30 19 10 17 19
15 17 17 63 35 33 9 48 32 19 50 33 11 9 24 21 21 13 22 28 10 33 0 29 23 12 9 5 14 11 25 13 24 13 56 4 24 18 14 15
16 50 15 24 13 31 11 22 28 13 36 2 37 14 35 49 29 15 13 2 23 8 24 0 27 20 25 26 44 36 21 20 22 6 39 23 12 15 17 15
17 22 7 33 14 23 4 20 13 33 26 16 11 15 15 20 2 5 27 23 3 45 21 30 0 11 21 13 18 19 8 13 21 10 42 22 18 35 12 10
2 21 8 33 9 29 5 20 13 21 34 15 43 12 11 10 13 7 19 10 15 30 18 21 9 0 18 14 17 43 10 12 32 6 40 29 5 12 1 10
39 5 14 50 28 46 14 44 43 25 31 35 11 26 47 52 18 16 32 37 21 55 6 45 15 22 0 4 10 8 26 24 29 25 75 6 30 30 24 16
17 8 19 35 25 15 19 34 26 17 23 26 15 9 17 34 20 11 20 30 12 32 4 37 22 21 4 0 11 9 33 19 27 32 32 1 34 46 13 13
29 6 23 28 27 26 15 43 39 42 26 50 11 21 14 31 15 19 54 43 20 40 15 41 12 23 7 8 0 6 18 13 33 40 78 14 42 23 28 10
27 10 18 36 29 19 17 31 22 44 36 24 5 39 22 18 15 27 41 41 20 38 32 47 13 44 12 24 7 0 19 20 34 38 61 11 24 47 29 32
9 32 10 20 18 8 7 19 9 16 13 21 16 23 10 12 13 9 12 38 17 33 30 14 11 9 22 30 15 20 0 22 41 8 46 16 18 31 10 15
18 21 14 39 13 17 10 44 26 9 37 13 25 3 24 47 9 13 29 9 6 26 11 20 9 16 20 11 18 18 21 0 14 18 64 12 21 26 14 7
25 42 16 53 20 63 23 46 25 5 32 24 32 12 39 34 27 32 48 19 20 20 27 14 34 26 39 17 35 24 30 16 0 35 50 30 16 35 23 14
5 40 17 21 3 39 8 25 11 16 29 7 19 17 18 28 10 12 16 17 13 15 33 13 11 3 32 24 41 40 17 8 16 0 41 20 5 6 8 10
18 51 24 44 27 28 57 19 27 60 61 18 95 55 54 24 27 37 15 40 38 35 32 41 49 23 47 48 78 45 52 22 45 23 0 75 32 30 21 48
18 6 20 48 40 31 21 41 26 25 35 33 12 13 27 50 12 11 55 41 8 49 2 25 12 29 5 1 16 13 16 19 16 21 82 0 30 46 33 12
2 43 8 14 8 12 9 14 6 23 41 10 23 22 21 23 16 8 6 26 12 29 34 13 18 4 21 37 25 38 14 21 22 4 40 18 0 8 3 7
17 35 16 35 9 29 19 8 13 32 25 7 35 28 22 26 39 19 14 10 31 7 21 12 37 11 56 17 46 32 19 11 30 10 16 41 7 0 13 30
3 25 7 20 7 16 7 33 13 24 30 19 44 16 11 11 8 12 21 22 6 19 25 10 13 3 40 15 17 17 8 7 22 7 25 22 8 18 0 15
8 18 9 28 10 25 4 45 29 10 38 16 19 10 20 29 6 6 33 16 3 30 8 14 6 11 16 7 12 31 17 5 18 13 23 9 21 21 5 0