7
40
,
0 (23.0, 29.0) 43.0
1 (42.0, 8.0) 10.0
2 (27.0, 21.0) 14.0
3 (4.0, 20.0) 48.0
4 (24.0, 34.0) 33.0
5 (19.0, 6.0) 24.0
6 (31.0, 23.0) 23.0
7 (11.0, 42.0) 30.0
8 (15.0, 28.0) 45.0
9 (43.0, 38.0) 47.0
10 (17.0, 2.0) 12.0
11 (29.0, 40.0) 11.0
12 (45.0, 3.0) 11.0
13 (40.0, 30.0) 11.0
14 (17.0, 12.0) 14.0
15 (9.0, 16.0) 15.0
16 (31.0, 16.0) 38.0
17 (32.0, 20.0) 23.0
18 (10.0, 29.0) 14.0
19 (32.0, 42.0) 16.0
20 (33.0, 20.0) 20.0
21 (28.0, 47.0) 10.0
22 (47.0, 22.0) 24.0
23 (31.0, 41.0) 14.0
24 (30.0, 17.0) 12.0
25 (25.0, 27.0) 20.0
26 (49.0, 14.0) 20.0
27 (45.0, 17.0) 20.0
28 (38.0, 6.0) 16.0
29 (42.0, 1.0) 16.0
30 (22.0, 17.0) 34.0
31 (38.0, 28.0) 13.0
32 (49.0, 41.0) 27.0
33 (25.0, 32.0) 15.0
34 (1.0, 50.0) 19.0
35 (46.0, 18.0) 25.0
36 (21.0, 29.0) 22.0
37 (21.0, 41.0) 23.0
38 (25.0, 25.0) 14.0
39 (35.0, 24.0) 35.0
,
0 6 2 4 1 5 2 4 2 4 6 3 7 3 4 4 3 3 3 3 3 4 5 3 3 1 6 5 5 7 2 3 6 1 6 5 0 2 1 3
6 0 4 8 6 5 4 9 7 6 5 7 1 4 5 7 3 3 8 7 3 8 3 7 3 5 2 2 1 1 4 4 7 6 12 2 6 8 5 3
2 4 0 5 3 3 1 5 3 5 4 4 5 3 3 4 1 1 4 4 1 5 4 4 1 1 5 4 4 5 1 3 6 2 8 4 2 4 1 2
4 8 5 0 5 4 5 5 3 9 4 6 9 7 3 1 5 6 2 7 6 7 9 7 5 4 9 8 7 8 4 7 10 5 6 8 4 5 4 6
1 6 3 5 0 6 3 3 2 4 7 2 7 3 5 5 4 3 3 2 3 3 5 2 4 1 6 5 6 8 3 3 5 0 6 5 1 2 2 3
5 5 3 4 6 0 4 7 4 8 1 7 5 6 1 3 3 4 5 8 4 8 6 7 3 4 6 6 4 5 2 6 9 5 10 6 5 7 4 5
2 4 1 5 3 4 0 6 3 4 5 3 5 2 4 5 1 1 4 4 1 5 3 4 1 1 4 3 4 5 2 2 5 2 8 3 2 4 1 1
4 9 5 5 3 7 6 0 3 6 8 4 10 6 6 5 7 6 3 4 6 4 8 4 6 4 9 8 9 10 5 6 8 3 3 8 3 2 4 6
2 7 3 3 2 4 3 3 0 6 5 4 8 5 3 3 4 4 1 4 4 5 7 4 4 2 7 6 6 8 3 5 7 2 5 7 1 3 2 4
4 6 5 9 4 8 4 6 6 0 9 3 7 2 7 8 5 4 7 2 4 3 3 2 5 4 5 4 6 7 6 2 1 4 9 4 5 4 4 3
6 5 4 4 7 1 5 8 5 9 0 8 6 7 2 3 4 5 6 9 5 9 7 8 4 5 7 6 4 5 3 7 10 6 10 7 5 8 5 6
3 7 4 6 2 7 3 4 4 3 8 0 8 3 6 6 5 4 4 1 4 1 5 0 5 3 7 6 7 8 5 3 4 2 6 6 3 2 3 3
7 1 5 9 7 5 5 10 8 7 6 8 0 5 6 8 4 4 9 8 4 9 4 8 4 6 2 3 2 1 5 5 8 7 13 3 7 9 6 5
3 4 3 7 3 6 2 6 5 2 7 3 5 0 6 7 3 3 6 3 2 4 2 3 3 3 4 3 5 6 4 1 3 3 9 3 4 4 3 2
4 5 3 3 5 1 4 6 3 7 2 6 6 6 0 2 3 3 4 7 4 7 6 6 3 3 6 6 4 5 1 5 9 4 8 6 3 6 3 4
4 7 4 1 5 3 5 5 3 8 3 6 8 7 2 0 4 5 3 7 5 7 8 7 4 4 8 7 6 7 3 6 9 5 7 7 4 6 4 5
3 3 1 5 4 3 1 7 4 5 4 5 4 3 3 4 0 1 5 5 1 6 3 5 0 3 4 3 2 4 2 3 6 3 9 3 3 5 2 2
3 3 1 6 3 4 1 6 4 4 5 4 4 3 3 5 1 0 5 4 0 5 3 4 1 2 4 3 3 4 2 2 5 3 9 3 3 5 2 1
3 8 4 2 3 5 4 3 1 7 6 4 9 6 4 3 5 5 0 5 5 5 8 5 5 3 8 7 7 9 3 6 8 3 5 8 2 3 3 5
3 7 4 7 2 8 4 4 4 2 9 1 8 3 7 7 5 4 5 0 4 1 5 0 5 3 7 6 7 8 5 3 3 2 6 6 3 2 4 4
3 3 1 6 3 4 1 6 4 4 5 4 4 2 4 5 1 0 5 4 0 5 3 4 1 2 3 2 3 4 2 2 5 3 9 3 3 5 2 1
4 8 5 7 3 8 5 4 5 3 9 1 9 4 7 7 6 5 5 1 5 0 6 1 6 4 8 7 8 10 6 4 4 3 5 7 4 2 4 5
5 3 4 9 5 6 3 8 7 3 7 5 4 2 6 8 3 3 8 5 3 6 0 5 4 5 2 1 4 4 5 2 4 5 11 1 5 6 4 2
3 7 4 7 2 7 4 4 4 2 8 0 8 3 6 7 5 4 5 0 4 1 5 0 5 3 6 6 7 8 5 3 4 2 6 5 3 2 3 3
3 3 1 5 4 3 1 6 4 5 4 5 4 3 3 4 0 1 5 5 1 6 4 5 0 2 4 3 3 4 2 3 6 3 9 3 3 5 2 2
1 5 1 4 1 4 1 4 2 4 5 3 6 3 3 4 3 2 3 3 2 4 5 3 2 0 5 4 5 6 2 3 6 1 7 5 1 3 0 2
6 2 5 9 6 6 4 9 7 5 7 7 2 4 6 8 4 4 8 7 3 8 2 6 4 5 0 1 3 3 5 4 5 6 12 1 6 8 5 3
5 2 4 8 5 6 3 8 6 4 6 6 3 3 6 7 3 3 7 6 2 7 1 6 3 4 1 0 3 3 5 3 5 5 11 0 5 7 4 2
5 1 4 7 6 4 4 9 6 6 4 7 2 5 4 6 2 3 7 7 3 8 4 7 3 5 3 3 0 1 4 4 7 6 11 3 6 8 5 4
7 1 5 8 8 5 5 10 8 7 5 8 1 6 5 7 4 4 9 8 4 10 4 8 4 6 3 3 1 0 5 5 8 7 13 3 7 9 6 5
2 4 1 4 3 2 2 5 3 6 3 5 5 4 1 3 2 2 3 5 2 6 5 5 2 2 5 5 4 5 0 4 7 3 8 5 2 5 2 3
3 4 3 7 3 6 2 6 5 2 7 3 5 1 5 6 3 2 6 3 2 4 2 3 3 3 4 3 4 5 4 0 3 3 9 3 3 4 3 1
6 7 6 10 5 9 5 8 7 1 10 4 8 3 9 9 6 5 8 3 5 4 4 4 6 6 5 5 7 8 7 3 0 5 10 5 6 6 6 4
1 6 2 5 0 5 2 3 2 4 6 2 7 3 4 5 3 3 3 2 3 3 5 2 3 1 6 5 6 7 3 3 5 0 6 5 1 2 1 3
6 12 8 6 6 10 8 3 5 9 10 6 13 9 8 7 9 9 5 6 9 5 11 6 9 7 12 11 11 13 8 9 10 6 0 11 6 4 7 9
5 2 4 8 5 6 3 8 7 4 7 6 3 3 6 7 3 3 8 6 3 7 1 5 3 5 1 0 3 3 5 3 5 5 11 0 5 7 4 3
0 6 2 4 1 5 2 3 1 5 5 3 7 4 3 4 3 3 2 3 3 4 5 3 3 1 6 5 6 7 2 3 6 1 6 5 0 2 1 3
2 8 4 5 2 7 4 2 3 4 8 2 9 4 6 6 5 5 3 2 5 2 6 2 5 3 8 7 8 9 5 4 6 2 4 7 2 0 3 4
1 5 1 4 2 4 1 4 2 4 5 3 6 3 3 4 2 2 3 4 2 4 4 3 2 0 5 4 5 6 2 3 6 1 7 4 1 3 0 2
3 3 2 6 3 5 1 6 4 3 6 3 5 2 4 5 2 1 5 4 1 5 2 3 2 2 3 2 4 5 3 1 4 3 9 3 3 4 2 0
,
0 33 8 25 5 13 10 25 10 12 39 17 20 14 16 15 15 15 8 18 13 18 24 15 21 4 22 21 20 49 11 8 23 4 45 38 2 6 6 16
18 0 26 46 25 20 17 26 41 42 19 40 3 31 16 38 7 9 52 39 14 46 11 41 15 37 11 13 4 10 30 19 43 32 57 12 17 49 21 20
5 24 0 33 7 21 2 22 17 34 16 23 25 13 16 20 8 6 17 13 4 36 30 15 4 9 13 12 20 35 9 9 26 11 22 22 7 16 3 6
21 48 32 0 36 15 31 27 11 33 33 30 49 47 13 8 35 32 8 24 33 47 45 50 37 15 42 24 33 39 22 28 27 31 45 41 11 23 11 34
4 44 17 25 0 30 18 18 6 12 44 8 54 22 20 21 18 17 17 6 20 16 30 7 20 7 45 27 37 29 13 9 31 2 21 31 8 7 7 14
21 30 11 15 38 0 27 46 32 43 4 53 31 39 6 16 20 12 28 43 21 49 38 48 21 17 31 15 11 18 8 34 48 32 50 33 15 20 28 16
10 26 6 27 10 13 0 36 12 26 32 9 32 8 24 20 6 2 24 21 2 28 11 18 5 7 29 11 11 32 7 11 23 13 44 10 16 24 8 5
13 41 16 21 16 26 26 0 19 36 42 10 56 35 28 17 48 27 19 12 34 23 50 14 26 14 31 23 27 65 14 17 26 26 15 45 12 8 24 16
9 23 14 8 9 14 15 10 0 44 22 26 35 21 20 11 11 12 3 22 20 30 24 24 10 8 30 17 22 53 7 31 46 8 26 24 4 8 14 27
33 36 12 31 28 38 11 33 19 0 56 10 42 12 29 55 21 31 42 14 20 11 17 14 26 23 26 28 46 39 30 13 6 12 25 26 27 24 16 23
17 28 16 33 40 4 27 60 23 27 0 58 16 29 14 19 10 30 38 24 13 62 52 49 26 18 24 48 18 36 9 29 64 24 58 22 15 36 28 40
14 19 18 27 12 33 22 25 22 10 28 0 46 8 22 45 23 25 30 5 27 5 24 1 20 7 27 35 35 28 13 10 15 6 30 38 18 7 18 15
46 8 20 66 50 19 32 26 52 52 18 50 0 37 35 23 23 26 52 21 21 47 10 34 23 19 10 20 10 4 18 23 50 25 51 17 45 25 16 34
23 30 12 50 18 29 8 22 31 6 23 21 27 0 37 23 17 12 15 11 16 28 10 15 17 10 14 13 13 25 28 4 17 15 25 16 17 23 22 8
12 20 16 13 22 5 24 42 18 51 13 16 25 33 0 6 8 23 23 24 18 19 31 20 19 9 32 37 23 19 7 23 22 15 26 26 18 15 21 19
17 40 11 8 27 7 15 30 11 56 12 40 21 48 11 0 24 34 8 38 22 49 28 18 28 25 24 21 20 25 15 45 44 31 25 24 12 27 11 17
21 7 6 38 19 9 4 43 14 24 13 22 23 23 14 16 0 5 24 32 6 24 24 26 2 17 12 21 10 21 12 19 35 25 31 18 15 30 13 6
14 11 4 37 20 25 2 36 20 25 25 22 14 11 15 14 4 0 34 29 1 29 15 19 2 7 26 19 18 29 14 6 37 8 24 21 16 35 5 3
9 36 11 13 22 24 27 7 7 48 36 17 28 43 15 15 23 36 0 18 34 30 41 15 25 19 33 47 52 24 13 31 35 13 19 31 13 8 10 23
11 37 32 28 10 40 24 21 26 13 25 2 60 19 17 49 21 32 30 0 20 3 16 2 26 9 43 24 40 22 26 22 22 9 20 23 12 8 17 12
19 16 5 26 16 17 4 22 21 11 29 24 11 7 14 14 6 1 31 14 0 17 9 19 3 15 21 13 12 27 11 5 36 15 35 9 13 30 14 4
18 28 30 43 15 43 35 22 14 19 31 6 47 22 45 19 21 36 16 9 15 0 46 4 17 30 48 19 48 25 42 25 22 16 27 48 28 5 25 27
27 20 13 34 30 27 18 34 33 10 46 28 28 15 45 47 18 16 51 35 12 45 0 37 11 26 12 6 24 15 21 10 14 15 59 4 38 45 23 10
10 31 25 46 8 43 23 30 23 16 44 2 32 11 44 35 37 25 26 2 15 8 36 0 29 18 21 34 52 21 38 9 25 12 32 19 21 13 16 12
7 22 4 34 14 20 5 41 22 33 21 33 21 19 11 23 2 5 18 35 3 17 24 26 0 7 19 8 14 19 10 17 30 13 60 22 14 15 10 10
2 17 8 28 8 20 10 29 15 14 33 17 36 16 24 17 11 11 15 17 11 20 32 18 6 0 14 20 19 28 6 10 21 6 46 34 6 15 1 10
38 10 22 67 39 35 27 43 19 32 20 18 8 16 34 35 24 10 35 34 23 44 5 30 13 37 0 5 8 8 27 17 27 28 71 6 43 20 22 23
22 9 14 48 21 38 12 26 28 11 48 38 7 8 16 28 19 20 20 21 17 51 5 18 18 27 3 0 18 23 29 8 33 26 51 1 20 42 24 11
33 4 15 38 32 21 14 40 48 43 22 51 5 25 13 18 11 12 18 51 7 34 13 25 19 16 19 18 0 5 13 28 47 28 33 16 15 30 14 25
30 4 33 55 23 22 18 44 48 29 35 52 3 27 30 49 11 28 44 58 12 56 29 31 23 26 16 11 9 0 32 21 32 21 73 15 42 64 40 18
14 25 4 12 9 13 12 39 7 37 14 27 39 13 10 16 5 10 13 27 8 44 28 36 5 11 28 22 20 27 0 24 32 11 56 19 17 19 12 9
17 13 19 50 13 18 7 30 16 9 27 9 13 4 17 18 20 15 18 20 8 11 13 21 15 13 16 13 27 36 13 0 24 10 27 12 23 31 15 5
34 34 37 61 31 24 23 51 50 4 33 26 23 17 45 68 40 24 33 22 31 15 10 10 17 26 28 17 27 22 38 19 0 28 71 23 19 24 35 18
3 16 9 22 1 18 16 15 8 16 38 12 50 21 16 27 24 16 12 18 15 23 27 14 13 4 23 18 40 42 14 12 16 0 29 26 5 14 9 19
42 75 35 44 28 37 42 11 31 55 40 28 44 35 41 47 63 44 34 21 60 16 58 25 27 39 47 44 44 75 42 61 39 32 0 78 18 17 25 32
25 11 19 33 26 32 17 43 21 26 39 40 18 7 35 54 22 9 42 32 9 25 3 36 19 15 6 1 8 21 15 16 20 21 79 0 28 29 17 11
3 28 15 25 7 28 7 9 6 25 24 10 25 20 9 22 24 18 9 13 16 25 26 19 20 3 45 39 31 21 13 25 22 7 27 29 0 6 7 9
12 34 21 22 7 36 28 13 18 17 36 8 31 23 31 40 22 27 23 16 21 11 33 9 23 18 33 26 38 24 31 14 15 13 24 50 8 0 12 29
3 32 6 26 10 21 9 11 13 21 33 21 42 19 18 13 8 11 18 12 11 23 25 17 13 1 34 16 29 44 6 8 29 8 46 12 7 17 0 8
18 13 11 36 9 33 4 34 22 22 18 16 15 7 29 21 11 6 36 18 6 25 10 19 7 13 18 13 23 15 8 4 26 19 46 13 15 32 6 0