7
40
,
0 (23.0, 29.0) 12.0
1 (42.0, 8.0) 12.0
2 (27.0, 21.0) 27.0
3 (4.0, 20.0) 18.0
4 (24.0, 34.0) 14.0
5 (19.0, 6.0) 33.0
6 (31.0, 23.0) 32.0
7 (11.0, 42.0) 12.0
8 (15.0, 28.0) 36.0
9 (43.0, 38.0) 21.0
10 (17.0, 2.0) 18.0
11 (29.0, 40.0) 48.0
12 (45.0, 3.0) 34.0
13 (40.0, 30.0) 49.0
14 (17.0, 12.0) 24.0
15 (9.0, 16.0) 42.0
16 (31.0, 16.0) 12.0
17 (32.0, 20.0) 23.0
18 (10.0, 29.0) 22.0
19 (32.0, 42.0) 39.0
20 (33.0, 20.0) 18.0
21 (28.0, 47.0) 29.0
22 (47.0, 22.0) 25.0
23 (31.0, 41.0) 43.0
24 (30.0, 17.0) 46.0
25 (25.0, 27.0) 19.0
26 (49.0, 14.0) 39.0
27 (45.0, 17.0) 39.0
28 (38.0, 6.0) 24.0
29 (42.0, 1.0) 28.0
30 (22.0, 17.0) 38.0
31 (38.0, 28.0) 25.0
32 (49.0, 41.0) 33.0
33 (25.0, 32.0) 28.0
34 (1.0, 50.0) 13.0
35 (46.0, 18.0) 41.0
36 (21.0, 29.0) 12.0
37 (21.0, 41.0) 38.0
38 (25.0, 25.0) 24.0
39 (35.0, 24.0) 39.0
,
0 6 2 4 1 5 2 4 2 4 6 3 7 3 4 4 3 3 3 3 3 4 5 3 3 1 6 5 5 7 2 3 6 1 6 5 0 2 1 3
6 0 4 8 6 5 4 9 7 6 5 7 1 4 5 7 3 3 8 7 3 8 3 7 3 5 2 2 1 1 4 4 7 6 12 2 6 8 5 3
2 4 0 5 3 3 1 5 3 5 4 4 5 3 3 4 1 1 4 4 1 5 4 4 1 1 5 4 4 5 1 3 6 2 8 4 2 4 1 2
4 8 5 0 5 4 5 5 3 9 4 6 9 7 3 1 5 6 2 7 6 7 9 7 5 4 9 8 7 8 4 7 10 5 6 8 4 5 4 6
1 6 3 5 0 6 3 3 2 4 7 2 7 3 5 5 4 3 3 2 3 3 5 2 4 1 6 5 6 8 3 3 5 0 6 5 1 2 2 3
5 5 3 4 6 0 4 7 4 8 1 7 5 6 1 3 3 4 5 8 4 8 6 7 3 4 6 6 4 5 2 6 9 5 10 6 5 7 4 5
2 4 1 5 3 4 0 6 3 4 5 3 5 2 4 5 1 1 4 4 1 5 3 4 1 1 4 3 4 5 2 2 5 2 8 3 2 4 1 1
4 9 5 5 3 7 6 0 3 6 8 4 10 6 6 5 7 6 3 4 6 4 8 4 6 4 9 8 9 10 5 6 8 3 3 8 3 2 4 6
2 7 3 3 2 4 3 3 0 6 5 4 8 5 3 3 4 4 1 4 4 5 7 4 4 2 7 6 6 8 3 5 7 2 5 7 1 3 2 4
4 6 5 9 4 8 4 6 6 0 9 3 7 2 7 8 5 4 7 2 4 3 3 2 5 4 5 4 6 7 6 2 1 4 9 4 5 4 4 3
6 5 4 4 7 1 5 8 5 9 0 8 6 7 2 3 4 5 6 9 5 9 7 8 4 5 7 6 4 5 3 7 10 6 10 7 5 8 5 6
3 7 4 6 2 7 3 4 4 3 8 0 8 3 6 6 5 4 4 1 4 1 5 0 5 3 7 6 7 8 5 3 4 2 6 6 3 2 3 3
7 1 5 9 7 5 5 10 8 7 6 8 0 5 6 8 4 4 9 8 4 9 4 8 4 6 2 3 2 1 5 5 8 7 13 3 7 9 6 5
3 4 3 7 3 6 2 6 5 2 7 3 5 0 6 7 3 3 6 3 2 4 2 3 3 3 4 3 5 6 4 1 3 3 9 3 4 4 3 2
4 5 3 3 5 1 4 6 3 7 2 6 6 6 0 2 3 3 4 7 4 7 6 6 3 3 6 6 4 5 1 5 9 4 8 6 3 6 3 4
4 7 4 1 5 3 5 5 3 8 3 6 8 7 2 0 4 5 3 7 5 7 8 7 4 4 8 7 6 7 3 6 9 5 7 7 4 6 4 5
3 3 1 5 4 3 1 7 4 5 4 5 4 3 3 4 0 1 5 5 1 6 3 5 0 3 4 3 2 4 2 3 6 3 9 3 3 5 2 2
3 3 1 6 3 4 1 6 4 4 5 4 4 3 3 5 1 0 5 4 0 5 3 4 1 2 4 3 3 4 2 2 5 3 9 3 3 5 2 1
3 8 4 2 3 5 4 3 1 7 6 4 9 6 4 3 5 5 0 5 5 5 8 5 5 3 8 7 7 9 3 6 8 3 5 8 2 3 3 5
3 7 4 7 2 8 4 4 4 2 9 1 8 3 7 7 5 4 5 0 4 1 5 0 5 3 7 6 7 8 5 3 3 2 6 6 3 2 4 4
3 3 1 6 3 4 1 6 4 4 5 4 4 2 4 5 1 0 5 4 0 5 3 4 1 2 3 2 3 4 2 2 5 3 9 3 3 5 2 1
4 8 5 7 3 8 5 4 5 3 9 1 9 4 7 7 6 5 5 1 5 0 6 1 6 4 8 7 8 10 6 4 4 3 5 7 4 2 4 5
5 3 4 9 5 6 3 8 7 3 7 5 4 2 6 8 3 3 8 5 3 6 0 5 4 5 2 1 4 4 5 2 4 5 11 1 5 6 4 2
3 7 4 7 2 7 4 4 4 2 8 0 8 3 6 7 5 4 5 0 4 1 5 0 5 3 6 6 7 8 5 3 4 2 6 5 3 2 3 3
3 3 1 5 4 3 1 6 4 5 4 5 4 3 3 4 0 1 5 5 1 6 4 5 0 2 4 3 3 4 2 3 6 3 9 3 3 5 2 2
1 5 1 4 1 4 1 4 2 4 5 3 6 3 3 4 3 2 3 3 2 4 5 3 2 0 5 4 5 6 2 3 6 1 7 5 1 3 0 2
6 2 5 9 6 6 4 9 7 5 7 7 2 4 6 8 4 4 8 7 3 8 2 6 4 5 0 1 3 3 5 4 5 6 12 1 6 8 5 3
5 2 4 8 5 6 3 8 6 4 6 6 3 3 6 7 3 3 7 6 2 7 1 6 3 4 1 0 3 3 5 3 5 5 11 0 5 7 4 2
5 1 4 7 6 4 4 9 6 6 4 7 2 5 4 6 2 3 7 7 3 8 4 7 3 5 3 3 0 1 4 4 7 6 11 3 6 8 5 4
7 1 5 8 8 5 5 10 8 7 5 8 1 6 5 7 4 4 9 8 4 10 4 8 4 6 3 3 1 0 5 5 8 7 13 3 7 9 6 5
2 4 1 4 3 2 2 5 3 6 3 5 5 4 1 3 2 2 3 5 2 6 5 5 2 2 5 5 4 5 0 4 7 3 8 5 2 5 2 3
3 4 3 7 3 6 2 6 5 2 7 3 5 1 5 6 3 2 6 3 2 4 2 3 3 3 4 3 4 5 4 0 3 3 9 3 3 4 3 1
6 7 6 10 5 9 5 8 7 1 10 4 8 3 9 9 6 5 8 3 5 4 4 4 6 6 5 5 7 8 7 3 0 5 10 5 6 6 6 4
1 6 2 5 0 5 2 3 2 4 6 2 7 3 4 5 3 3 3 2 3 3 5 2 3 1 6 5 6 7 3 3 5 0 6 5 1 2 1 3
6 12 8 6 6 10 8 3 5 9 10 6 13 9 8 7 9 9 5 6 9 5 11 6 9 7 12 11 11 13 8 9 10 6 0 11 6 4 7 9
5 2 4 8 5 6 3 8 7 4 7 6 3 3 6 7 3 3 8 6 3 7 1 5 3 5 1 0 3 3 5 3 5 5 11 0 5 7 4 3
0 6 2 4 1 5 2 3 1 5 5 3 7 4 3 4 3 3 2 3 3 4 5 3 3 1 6 5 6 7 2 3 6 1 6 5 0 2 1 3
2 8 4 5 2 7 4 2 3 4 8 2 9 4 6 6 5 5 3 2 5 2 6 2 5 3 8 7 8 9 5 4 6 2 4 7 2 0 3 4
1 5 1 4 2 4 1 4 2 4 5 3 6 3 3 4 2 2 3 4 2 4 4 3 2 0 5 4 5 6 2 3 6 1 7 4 1 3 0 2
3 3 2 6 3 5 1 6 4 3 6 3 5 2 4 5 2 1 5 4 1 5 2 3 2 2 3 2 4 5 3 1 4 3 9 3 3 4 2 0
,
0 26 11 19 3 24 6 16 9 20 34 17 46 22 10 11 16 15 10 21 19 14 21 16 10 4 26 25 36 24 6 11 31 2 37 38 2 13 5 12
19 0 24 50 43 13 26 34 37 17 37 35 5 14 29 19 16 13 36 30 14 27 17 25 18 26 11 12 5 5 25 15 39 36 34 15 25 35 22 13
9 24 0 20 10 16 3 34 9 19 20 27 21 17 19 21 7 5 22 28 4 38 17 14 5 6 23 22 14 15 5 19 39 8 45 29 5 18 6 8
20 37 16 0 30 21 26 14 10 64 32 39 30 52 16 9 15 28 15 41 42 34 55 47 16 28 24 23 48 61 13 33 26 15 40 29 19 39 22 42
5 47 8 15 0 23 15 12 13 15 17 8 36 10 22 13 22 17 19 6 16 12 20 15 21 5 24 23 40 23 12 13 29 2 30 33 4 10 7 17
33 13 10 11 25 0 30 37 11 43 3 33 25 47 9 19 11 24 23 39 20 24 22 28 22 31 43 31 16 33 6 30 63 37 40 35 22 44 28 36
15 21 3 24 14 11 0 41 10 17 27 20 14 13 18 30 9 2 32 12 3 36 17 13 6 5 12 8 10 23 9 5 32 8 41 19 16 29 9 6
11 56 23 24 9 28 31 0 11 20 35 25 35 38 24 35 30 37 17 18 29 23 47 11 32 17 51 60 23 53 20 32 49 11 7 31 21 8 27 33
5 24 10 16 8 20 21 20 0 42 38 11 31 13 12 14 11 22 7 21 25 14 40 29 20 11 28 19 37 30 14 24 45 11 33 48 3 10 6 12
27 32 20 52 15 43 14 39 24 0 26 10 36 10 23 48 22 29 31 8 24 17 10 9 12 11 33 18 47 39 33 12 10 23 23 23 23 12 28 16
37 38 16 19 37 3 25 22 27 26 0 54 38 38 12 10 20 25 14 33 20 28 31 54 19 23 23 27 13 29 8 31 70 28 62 45 37 58 29 25
17 35 19 34 10 27 17 10 18 12 53 0 42 20 19 18 15 21 25 4 23 8 18 2 16 10 47 25 40 36 34 8 10 5 44 27 10 7 10 24
29 4 24 24 35 21 17 58 53 39 27 50 0 20 28 39 28 15 47 41 19 24 17 39 21 22 6 18 7 4 16 20 57 18 85 21 29 26 44 25
24 32 10 27 24 23 16 39 37 6 30 19 30 0 21 51 21 12 22 9 11 29 13 10 10 12 19 20 14 15 12 3 9 22 66 17 25 14 21 10
10 33 7 8 12 7 16 46 12 43 7 42 17 26 0 13 13 17 11 19 22 40 42 17 18 14 29 29 31 36 7 28 58 16 57 31 10 17 21 24
14 50 11 5 24 16 21 14 16 60 14 18 51 24 10 0 27 29 18 19 25 31 47 19 13 29 39 37 23 48 11 25 69 19 20 46 21 28 12 32
12 16 7 35 11 23 5 34 20 31 17 17 25 24 13 14 0 2 16 30 5 28 22 28 1 18 26 18 18 22 8 9 35 22 64 22 23 19 10 11
17 13 3 37 16 20 2 25 26 13 32 17 13 9 21 29 6 0 35 16 1 31 21 14 4 9 12 8 21 28 12 6 17 14 31 8 16 20 10 4
9 22 16 7 19 27 26 10 3 29 15 30 47 24 26 13 18 27 0 24 22 18 39 16 15 19 34 52 31 61 16 22 46 21 25 56 9 17 19 14
8 21 24 32 13 37 24 22 18 14 54 2 32 19 44 27 32 27 32 0 23 8 27 1 18 17 40 36 22 29 39 18 9 17 41 20 9 14 25 20
9 21 6 20 24 15 5 35 27 30 32 21 28 11 26 35 3 1 23 22 0 31 7 28 3 8 20 16 11 23 6 6 21 21 61 16 16 20 10 4
16 25 32 43 16 62 20 17 31 25 66 8 50 14 48 28 41 22 16 5 30 0 19 6 34 23 43 28 29 71 44 24 13 8 40 17 22 12 26 32
37 12 28 53 28 19 20 55 39 23 31 22 20 12 25 36 21 16 49 18 11 24 0 29 17 26 10 6 14 11 37 10 17 34 29 4 28 19 21 16
21 29 27 40 12 40 12 24 14 14 24 2 35 9 28 34 14 21 19 2 15 4 28 0 21 19 35 32 49 28 35 18 17 14 36 19 11 12 21 19
16 10 3 19 21 22 7 33 17 34 16 17 12 18 13 15 1 5 22 26 4 31 20 32 0 7 13 21 9 13 6 20 19 22 29 11 22 26 11 5
3 21 3 27 9 23 4 11 14 14 35 13 37 13 11 16 6 5 15 17 6 16 28 18 14 0 31 15 36 43 11 15 34 4 19 16 7 18 2 12
19 7 21 65 34 21 22 49 25 18 23 23 7 27 37 30 17 25 35 43 18 39 10 39 27 37 0 4 14 20 39 14 31 20 37 3 30 39 35 20
25 6 20 49 33 34 16 54 27 25 19 27 10 8 42 27 19 17 43 35 9 20 4 22 11 31 5 0 18 20 32 15 36 23 53 1 15 43 18 6
35 6 21 38 23 11 23 54 18 41 18 46 8 25 23 28 8 20 48 46 13 39 16 44 17 20 9 8 0 9 25 33 22 19 57 20 33 22 20 13
39 5 20 54 42 27 18 40 22 38 18 47 4 43 14 46 10 16 31 26 12 46 23 24 18 34 20 11 6 0 18 35 30 19 52 17 48 31 21 26
14 27 8 23 18 16 11 15 19 44 20 22 20 19 8 8 7 13 19 19 10 42 27 35 7 10 30 16 17 34 0 22 42 11 25 17 14 30 9 8
12 30 14 18 13 43 12 45 30 14 23 19 20 4 27 41 13 12 22 11 14 12 9 12 12 12 22 11 16 39 14 0 22 15 25 8 26 13 8 5
35 27 15 31 25 49 16 47 20 9 69 14 50 12 52 68 28 35 22 12 25 30 24 19 21 15 30 33 37 35 48 11 0 32 33 31 38 22 24 21
4 27 16 20 2 36 10 19 15 14 38 9 52 19 20 34 9 16 19 7 17 11 34 10 9 5 41 32 32 38 22 15 20 0 18 13 6 14 5 10
32 87 26 38 39 52 45 17 30 64 70 26 78 63 27 27 61 44 25 24 50 24 41 17 44 23 88 75 58 35 26 44 66 37 0 44 30 27 35 22
17 11 19 60 24 21 24 28 46 23 28 17 16 18 35 40 22 18 39 24 16 29 2 26 10 24 7 1 8 10 15 17 18 25 46 0 31 51 30 12
2 42 15 21 5 18 10 21 6 19 15 11 35 23 14 18 19 8 9 17 8 17 26 12 13 5 37 27 33 52 11 25 27 7 41 26 0 16 8 13
14 29 31 27 11 23 30 6 19 27 55 7 49 25 16 41 20 26 22 9 25 5 46 13 13 12 53 30 46 48 33 23 17 7 32 45 14 0 10 24
5 19 2 27 9 25 4 32 5 14 23 12 15 15 12 22 14 8 13 11 12 14 25 18 14 2 15 24 24 30 8 8 41 8 38 17 5 14 0 13
12 24 7 40 13 30 3 25 21 21 32 16 22 5 29 32 12 7 17 22 7 20 16 20 12 15 20 12 13 36 8 6 12 18 46 13 21 25 11 0