7
40
,
0 (23.0, 29.0) 16.0
1 (42.0, 8.0) 37.0
2 (27.0, 21.0) 21.0
3 (4.0, 20.0) 35.0
4 (24.0, 34.0) 44.0
5 (19.0, 6.0) 44.0
6 (31.0, 23.0) 35.0
7 (11.0, 42.0) 11.0
8 (15.0, 28.0) 24.0
9 (43.0, 38.0) 22.0
10 (17.0, 2.0) 18.0
11 (29.0, 40.0) 17.0
12 (45.0, 3.0) 43.0
13 (40.0, 30.0) 12.0
14 (17.0, 12.0) 14.0
15 (9.0, 16.0) 13.0
16 (31.0, 16.0) 40.0
17 (32.0, 20.0) 22.0
18 (10.0, 29.0) 20.0
19 (32.0, 42.0) 44.0
20 (33.0, 20.0) 10.0
21 (28.0, 47.0) 49.0
22 (47.0, 22.0) 10.0
23 (31.0, 41.0) 35.0
24 (30.0, 17.0) 33.0
25 (25.0, 27.0) 11.0
26 (49.0, 14.0) 33.0
27 (45.0, 17.0) 23.0
28 (38.0, 6.0) 12.0
29 (42.0, 1.0) 13.0
30 (22.0, 17.0) 16.0
31 (38.0, 28.0) 36.0
32 (49.0, 41.0) 16.0
33 (25.0, 32.0) 33.0
34 (1.0, 50.0) 45.0
35 (46.0, 18.0) 18.0
36 (21.0, 29.0) 42.0
37 (21.0, 41.0) 30.0
38 (25.0, 25.0) 39.0
39 (35.0, 24.0) 47.0
,
0 6 2 4 1 5 2 4 2 4 6 3 7 3 4 4 3 3 3 3 3 4 5 3 3 1 6 5 5 7 2 3 6 1 6 5 0 2 1 3
6 0 4 8 6 5 4 9 7 6 5 7 1 4 5 7 3 3 8 7 3 8 3 7 3 5 2 2 1 1 4 4 7 6 12 2 6 8 5 3
2 4 0 5 3 3 1 5 3 5 4 4 5 3 3 4 1 1 4 4 1 5 4 4 1 1 5 4 4 5 1 3 6 2 8 4 2 4 1 2
4 8 5 0 5 4 5 5 3 9 4 6 9 7 3 1 5 6 2 7 6 7 9 7 5 4 9 8 7 8 4 7 10 5 6 8 4 5 4 6
1 6 3 5 0 6 3 3 2 4 7 2 7 3 5 5 4 3 3 2 3 3 5 2 4 1 6 5 6 8 3 3 5 0 6 5 1 2 2 3
5 5 3 4 6 0 4 7 4 8 1 7 5 6 1 3 3 4 5 8 4 8 6 7 3 4 6 6 4 5 2 6 9 5 10 6 5 7 4 5
2 4 1 5 3 4 0 6 3 4 5 3 5 2 4 5 1 1 4 4 1 5 3 4 1 1 4 3 4 5 2 2 5 2 8 3 2 4 1 1
4 9 5 5 3 7 6 0 3 6 8 4 10 6 6 5 7 6 3 4 6 4 8 4 6 4 9 8 9 10 5 6 8 3 3 8 3 2 4 6
2 7 3 3 2 4 3 3 0 6 5 4 8 5 3 3 4 4 1 4 4 5 7 4 4 2 7 6 6 8 3 5 7 2 5 7 1 3 2 4
4 6 5 9 4 8 4 6 6 0 9 3 7 2 7 8 5 4 7 2 4 3 3 2 5 4 5 4 6 7 6 2 1 4 9 4 5 4 4 3
6 5 4 4 7 1 5 8 5 9 0 8 6 7 2 3 4 5 6 9 5 9 7 8 4 5 7 6 4 5 3 7 10 6 10 7 5 8 5 6
3 7 4 6 2 7 3 4 4 3 8 0 8 3 6 6 5 4 4 1 4 1 5 0 5 3 7 6 7 8 5 3 4 2 6 6 3 2 3 3
7 1 5 9 7 5 5 10 8 7 6 8 0 5 6 8 4 4 9 8 4 9 4 8 4 6 2 3 2 1 5 5 8 7 13 3 7 9 6 5
3 4 3 7 3 6 2 6 5 2 7 3 5 0 6 7 3 3 6 3 2 4 2 3 3 3 4 3 5 6 4 1 3 3 9 3 4 4 3 2
4 5 3 3 5 1 4 6 3 7 2 6 6 6 0 2 3 3 4 7 4 7 6 6 3 3 6 6 4 5 1 5 9 4 8 6 3 6 3 4
4 7 4 1 5 3 5 5 3 8 3 6 8 7 2 0 4 5 3 7 5 7 8 7 4 4 8 7 6 7 3 6 9 5 7 7 4 6 4 5
3 3 1 5 4 3 1 7 4 5 4 5 4 3 3 4 0 1 5 5 1 6 3 5 0 3 4 3 2 4 2 3 6 3 9 3 3 5 2 2
3 3 1 6 3 4 1 6 4 4 5 4 4 3 3 5 1 0 5 4 0 5 3 4 1 2 4 3 3 4 2 2 5 3 9 3 3 5 2 1
3 8 4 2 3 5 4 3 1 7 6 4 9 6 4 3 5 5 0 5 5 5 8 5 5 3 8 7 7 9 3 6 8 3 5 8 2 3 3 5
3 7 4 7 2 8 4 4 4 2 9 1 8 3 7 7 5 4 5 0 4 1 5 0 5 3 7 6 7 8 5 3 3 2 6 6 3 2 4 4
3 3 1 6 3 4 1 6 4 4 5 4 4 2 4 5 1 0 5 4 0 5 3 4 1 2 3 2 3 4 2 2 5 3 9 3 3 5 2 1
4 8 5 7 3 8 5 4 5 3 9 1 9 4 7 7 6 5 5 1 5 0 6 1 6 4 8 7 8 10 6 4 4 3 5 7 4 2 4 5
5 3 4 9 5 6 3 8 7 3 7 5 4 2 6 8 3 3 8 5 3 6 0 5 4 5 2 1 4 4 5 2 4 5 11 1 5 6 4 2
3 7 4 7 2 7 4 4 4 2 8 0 8 3 6 7 5 4 5 0 4 1 5 0 5 3 6 6 7 8 5 3 4 2 6 5 3 2 3 3
3 3 1 5 4 3 1 6 4 5 4 5 4 3 3 4 0 1 5 5 1 6 4 5 0 2 4 3 3 4 2 3 6 3 9 3 3 5 2 2
1 5 1 4 1 4 1 4 2 4 5 3 6 3 3 4 3 2 3 3 2 4 5 3 2 0 5 4 5 6 2 3 6 1 7 5 1 3 0 2
6 2 5 9 6 6 4 9 7 5 7 7 2 4 6 8 4 4 8 7 3 8 2 6 4 5 0 1 3 3 5 4 5 6 12 1 6 8 5 3
5 2 4 8 5 6 3 8 6 4 6 6 3 3 6 7 3 3 7 6 2 7 1 6 3 4 1 0 3 3 5 3 5 5 11 0 5 7 4 2
5 1 4 7 6 4 4 9 6 6 4 7 2 5 4 6 2 3 7 7 3 8 4 7 3 5 3 3 0 1 4 4 7 6 11 3 6 8 5 4
7 1 5 8 8 5 5 10 8 7 5 8 1 6 5 7 4 4 9 8 4 10 4 8 4 6 3 3 1 0 5 5 8 7 13 3 7 9 6 5
2 4 1 4 3 2 2 5 3 6 3 5 5 4 1 3 2 2 3 5 2 6 5 5 2 2 5 5 4 5 0 4 7 3 8 5 2 5 2 3
3 4 3 7 3 6 2 6 5 2 7 3 5 1 5 6 3 2 6 3 2 4 2 3 3 3 4 3 4 5 4 0 3 3 9 3 3 4 3 1
6 7 6 10 5 9 5 8 7 1 10 4 8 3 9 9 6 5 8 3 5 4 4 4 6 6 5 5 7 8 7 3 0 5 10 5 6 6 6 4
1 6 2 5 0 5 2 3 2 4 6 2 7 3 4 5 3 3 3 2 3 3 5 2 3 1 6 5 6 7 3 3 5 0 6 5 1 2 1 3
6 12 8 6 6 10 8 3 5 9 10 6 13 9 8 7 9 9 5 6 9 5 11 6 9 7 12 11 11 13 8 9 10 6 0 11 6 4 7 9
5 2 4 8 5 6 3 8 7 4 7 6 3 3 6 7 3 3 8 6 3 7 1 5 3 5 1 0 3 3 5 3 5 5 11 0 5 7 4 3
0 6 2 4 1 5 2 3 1 5 5 3 7 4 3 4 3 3 2 3 3 4 5 3 3 1 6 5 6 7 2 3 6 1 6 5 0 2 1 3
2 8 4 5 2 7 4 2 3 4 8 2 9 4 6 6 5 5 3 2 5 2 6 2 5 3 8 7 8 9 5 4 6 2 4 7 2 0 3 4
1 5 1 4 2 4 1 4 2 4 5 3 6 3 3 4 2 2 3 4 2 4 4 3 2 0 5 4 5 6 2 3 6 1 7 4 1 3 0 2
3 3 2 6 3 5 1 6 4 3 6 3 5 2 4 5 2 1 5 4 1 5 2 3 2 2 3 2 4 5 3 1 4 3 9 3 3 4 2 0
,
0 36 12 29 5 31 9 25 6 12 21 11 36 19 27 23 8 14 12 16 13 17 32 20 15 2 22 36 40 29 9 11 27 3 27 24 2 12 2 19
30 0 19 21 47 28 23 36 29 36 23 33 4 27 34 26 14 20 46 25 19 40 10 47 15 32 6 14 4 10 14 28 39 30 76 9 17 23 13 23
13 23 0 25 13 24 5 14 14 14 27 26 33 10 14 21 5 4 18 23 3 31 16 27 7 9 13 13 12 31 4 16 41 11 22 11 13 17 6 7
22 51 21 0 33 22 15 24 14 57 21 20 24 25 12 7 27 25 11 37 28 36 45 29 35 16 51 58 29 44 25 24 41 14 28 21 14 32 15 35
7 46 17 23 0 42 10 22 15 11 41 6 40 12 22 20 28 18 17 11 14 16 28 11 16 9 16 33 16 39 20 17 32 3 23 38 7 5 5 14
19 23 16 27 25 0 12 50 16 57 3 43 19 39 9 16 21 27 15 22 18 29 42 48 13 14 43 38 15 17 14 41 68 26 28 35 15 32 23 35
10 18 4 35 19 22 0 24 14 26 32 25 31 8 17 32 9 4 11 17 3 35 12 15 5 10 19 11 20 23 8 6 18 13 36 20 13 25 7 6
15 30 26 30 9 53 24 0 15 27 32 25 63 19 41 30 34 43 17 26 42 9 51 27 38 25 29 21 48 76 31 18 35 11 15 33 17 8 17 45
6 45 11 15 8 26 11 15 0 25 18 23 47 19 12 18 25 22 6 29 22 27 27 21 15 9 38 29 47 50 18 22 27 12 35 17 5 13 9 19
31 35 34 62 18 41 14 37 16 0 44 8 50 6 36 28 33 31 43 16 11 24 12 15 16 13 21 27 39 51 20 7 9 18 65 25 22 15 15 17
36 15 20 31 40 6 16 36 34 56 0 37 20 54 12 9 15 22 18 48 26 26 27 21 24 26 39 19 12 16 10 49 38 34 39 30 18 44 33 20
8 36 21 28 7 51 25 20 26 8 53 0 49 16 30 46 21 21 13 4 21 10 20 2 22 18 35 20 35 29 20 22 21 6 27 18 7 11 18 10
50 5 16 56 28 25 13 31 54 21 19 59 0 25 43 50 10 21 30 40 15 65 26 36 12 35 9 16 7 5 24 27 39 19 42 20 34 55 34 30
21 16 22 38 19 44 10 19 14 9 23 17 26 0 29 40 24 13 43 19 16 21 8 12 16 16 23 16 30 22 16 4 8 17 57 11 23 31 24 6
16 18 17 13 13 7 25 37 20 20 12 16 30 32 0 12 13 16 12 48 24 50 47 17 16 21 21 23 31 32 7 36 33 27 22 35 15 27 12 32
19 33 10 8 22 8 25 38 15 51 14 32 26 34 6 0 14 31 19 52 22 34 30 32 22 11 52 18 33 49 10 35 28 20 42 55 13 31 21 19
10 14 5 30 14 23 8 47 28 17 14 19 23 16 8 31 0 4 35 23 6 17 23 36 2 8 18 8 10 15 9 18 45 10 59 21 23 22 11 9
10 16 3 36 24 17 3 22 26 14 17 30 15 12 25 17 2 0 25 11 1 15 22 26 4 9 17 12 9 25 6 14 26 19 39 15 17 13 6 5
18 27 28 12 20 29 24 17 4 23 35 25 64 39 11 16 29 18 0 24 27 13 21 28 32 13 24 20 44 62 14 30 38 21 32 28 11 20 12 14
15 33 20 44 11 40 16 15 15 16 27 4 29 10 25 43 29 30 32 0 13 6 13 2 32 23 17 14 45 47 31 21 22 18 16 31 23 12 26 15
17 17 8 23 18 27 4 18 12 11 26 14 25 16 24 15 6 1 13 31 0 23 13 12 3 7 20 18 22 26 16 11 35 14 52 10 16 27 14 3
21 53 30 45 18 44 25 10 23 25 67 9 24 19 20 27 34 16 14 5 24 0 38 7 26 14 35 46 56 43 31 27 20 18 39 24 21 10 26 23
31 11 14 50 36 31 23 33 40 18 26 19 18 8 47 54 21 20 29 33 14 39 0 13 9 14 6 6 20 30 24 12 12 29 27 4 14 26 23 18
18 30 26 30 14 36 22 12 12 10 37 3 36 17 45 21 21 19 25 2 22 4 31 0 31 20 19 34 36 38 32 14 14 14 18 37 10 9 13 12
18 8 5 35 13 9 4 17 12 27 11 12 20 22 10 16 2 5 21 19 5 27 17 30 0 14 21 22 19 21 12 8 30 17 61 18 18 33 13 9
2 35 8 24 5 28 6 23 10 22 18 10 32 19 18 24 10 9 21 23 13 27 12 15 8 0 33 30 29 43 15 10 35 4 35 33 5 9 2 9
39 6 23 40 20 34 19 44 54 28 34 45 18 20 48 23 18 11 41 48 18 48 9 26 22 39 0 5 12 12 26 25 26 30 32 6 42 27 27 13
33 6 10 37 25 21 10 63 33 17 37 25 14 18 26 38 15 11 35 30 18 29 4 39 22 33 7 0 8 16 34 16 34 21 64 1 37 20 27 9
26 4 18 22 19 19 13 41 45 24 18 40 6 17 26 45 8 22 34 29 8 37 14 23 19 19 15 11 0 5 28 30 39 19 76 16 39 44 24 22
28 4 19 27 42 28 15 70 41 42 29 38 5 39 30 49 28 17 47 24 24 53 25 28 11 33 14 13 8 0 38 16 24 20 80 22 29 40 37 21
8 31 4 15 22 17 9 30 19 24 18 23 24 18 10 13 8 11 23 33 10 21 34 35 9 15 22 19 27 17 0 11 25 16 32 27 18 34 12 10
17 24 7 37 10 15 8 39 31 9 36 10 31 2 18 32 12 7 21 9 6 18 8 22 14 18 13 14 12 35 21 0 25 10 64 12 12 27 9 4
35 22 23 70 39 50 16 56 36 6 51 19 21 21 28 31 45 33 55 13 20 30 13 9 34 39 33 35 49 50 47 12 0 33 39 28 40 30 42 27
3 29 13 20 3 19 6 23 9 16 16 13 44 21 30 14 22 9 18 12 19 10 23 15 12 3 44 31 32 37 16 14 22 0 31 23 5 11 6 14
32 70 22 23 27 45 58 13 31 31 60 23 50 44 29 50 52 34 30 37 58 36 47 31 45 43 41 46 34 93 32 49 51 41 0 48 28 20 50 22
13 9 10 45 32 39 23 47 20 27 23 26 10 18 15 44 10 8 50 24 11 47 6 36 11 31 7 1 22 14 25 18 17 19 64 0 41 28 18 7
2 22 11 12 8 17 12 19 4 33 33 11 29 24 21 25 11 15 11 13 14 25 34 21 11 5 31 32 18 40 15 9 30 3 29 39 0 10 5 13
8 40 25 24 7 21 25 8 19 26 51 7 24 30 33 41 31 27 12 11 13 13 34 9 18 13 36 43 45 23 35 14 35 6 22 18 11 0 18 31
4 21 3 24 12 13 5 20 13 17 18 14 37 16 9 21 10 5 18 26 8 25 25 22 5 3 18 21 32 28 12 10 16 4 31 19 8 19 0 6
7 17 5 45 15 27 3 24 28 19 40 20 19 11 18 39 9 4 19 12 5 27 12 20 11 6 16 15 22 17 14 5 30 10 63 14 19 32 5 0