7
40
,
0 (23.0, 29.0) 35.0
1 (42.0, 8.0) 16.0
2 (27.0, 21.0) 37.0
3 (4.0, 20.0) 23.0
4 (24.0, 34.0) 40.0
5 (19.0, 6.0) 13.0
6 (31.0, 23.0) 22.0
7 (11.0, 42.0) 14.0
8 (15.0, 28.0) 20.0
9 (43.0, 38.0) 21.0
10 (17.0, 2.0) 21.0
11 (29.0, 40.0) 14.0
12 (45.0, 3.0) 20.0
13 (40.0, 30.0) 31.0
14 (17.0, 12.0) 13.0
15 (9.0, 16.0) 48.0
16 (31.0, 16.0) 13.0
17 (32.0, 20.0) 25.0
18 (10.0, 29.0) 12.0
19 (32.0, 42.0) 24.0
20 (33.0, 20.0) 41.0
21 (28.0, 47.0) 19.0
22 (47.0, 22.0) 49.0
23 (31.0, 41.0) 45.0
24 (30.0, 17.0) 29.0
25 (25.0, 27.0) 26.0
26 (49.0, 14.0) 39.0
27 (45.0, 17.0) 22.0
28 (38.0, 6.0) 37.0
29 (42.0, 1.0) 13.0
30 (22.0, 17.0) 28.0
31 (38.0, 28.0) 31.0
32 (49.0, 41.0) 13.0
33 (25.0, 32.0) 24.0
34 (1.0, 50.0) 32.0
35 (46.0, 18.0) 32.0
36 (21.0, 29.0) 18.0
37 (21.0, 41.0) 38.0
38 (25.0, 25.0) 31.0
39 (35.0, 24.0) 15.0
,
0 6 2 4 1 5 2 4 2 4 6 3 7 3 4 4 3 3 3 3 3 4 5 3 3 1 6 5 5 7 2 3 6 1 6 5 0 2 1 3
6 0 4 8 6 5 4 9 7 6 5 7 1 4 5 7 3 3 8 7 3 8 3 7 3 5 2 2 1 1 4 4 7 6 12 2 6 8 5 3
2 4 0 5 3 3 1 5 3 5 4 4 5 3 3 4 1 1 4 4 1 5 4 4 1 1 5 4 4 5 1 3 6 2 8 4 2 4 1 2
4 8 5 0 5 4 5 5 3 9 4 6 9 7 3 1 5 6 2 7 6 7 9 7 5 4 9 8 7 8 4 7 10 5 6 8 4 5 4 6
1 6 3 5 0 6 3 3 2 4 7 2 7 3 5 5 4 3 3 2 3 3 5 2 4 1 6 5 6 8 3 3 5 0 6 5 1 2 2 3
5 5 3 4 6 0 4 7 4 8 1 7 5 6 1 3 3 4 5 8 4 8 6 7 3 4 6 6 4 5 2 6 9 5 10 6 5 7 4 5
2 4 1 5 3 4 0 6 3 4 5 3 5 2 4 5 1 1 4 4 1 5 3 4 1 1 4 3 4 5 2 2 5 2 8 3 2 4 1 1
4 9 5 5 3 7 6 0 3 6 8 4 10 6 6 5 7 6 3 4 6 4 8 4 6 4 9 8 9 10 5 6 8 3 3 8 3 2 4 6
2 7 3 3 2 4 3 3 0 6 5 4 8 5 3 3 4 4 1 4 4 5 7 4 4 2 7 6 6 8 3 5 7 2 5 7 1 3 2 4
4 6 5 9 4 8 4 6 6 0 9 3 7 2 7 8 5 4 7 2 4 3 3 2 5 4 5 4 6 7 6 2 1 4 9 4 5 4 4 3
6 5 4 4 7 1 5 8 5 9 0 8 6 7 2 3 4 5 6 9 5 9 7 8 4 5 7 6 4 5 3 7 10 6 10 7 5 8 5 6
3 7 4 6 2 7 3 4 4 3 8 0 8 3 6 6 5 4 4 1 4 1 5 0 5 3 7 6 7 8 5 3 4 2 6 6 3 2 3 3
7 1 5 9 7 5 5 10 8 7 6 8 0 5 6 8 4 4 9 8 4 9 4 8 4 6 2 3 2 1 5 5 8 7 13 3 7 9 6 5
3 4 3 7 3 6 2 6 5 2 7 3 5 0 6 7 3 3 6 3 2 4 2 3 3 3 4 3 5 6 4 1 3 3 9 3 4 4 3 2
4 5 3 3 5 1 4 6 3 7 2 6 6 6 0 2 3 3 4 7 4 7 6 6 3 3 6 6 4 5 1 5 9 4 8 6 3 6 3 4
4 7 4 1 5 3 5 5 3 8 3 6 8 7 2 0 4 5 3 7 5 7 8 7 4 4 8 7 6 7 3 6 9 5 7 7 4 6 4 5
3 3 1 5 4 3 1 7 4 5 4 5 4 3 3 4 0 1 5 5 1 6 3 5 0 3 4 3 2 4 2 3 6 3 9 3 3 5 2 2
3 3 1 6 3 4 1 6 4 4 5 4 4 3 3 5 1 0 5 4 0 5 3 4 1 2 4 3 3 4 2 2 5 3 9 3 3 5 2 1
3 8 4 2 3 5 4 3 1 7 6 4 9 6 4 3 5 5 0 5 5 5 8 5 5 3 8 7 7 9 3 6 8 3 5 8 2 3 3 5
3 7 4 7 2 8 4 4 4 2 9 1 8 3 7 7 5 4 5 0 4 1 5 0 5 3 7 6 7 8 5 3 3 2 6 6 3 2 4 4
3 3 1 6 3 4 1 6 4 4 5 4 4 2 4 5 1 0 5 4 0 5 3 4 1 2 3 2 3 4 2 2 5 3 9 3 3 5 2 1
4 8 5 7 3 8 5 4 5 3 9 1 9 4 7 7 6 5 5 1 5 0 6 1 6 4 8 7 8 10 6 4 4 3 5 7 4 2 4 5
5 3 4 9 5 6 3 8 7 3 7 5 4 2 6 8 3 3 8 5 3 6 0 5 4 5 2 1 4 4 5 2 4 5 11 1 5 6 4 2
3 7 4 7 2 7 4 4 4 2 8 0 8 3 6 7 5 4 5 0 4 1 5 0 5 3 6 6 7 8 5 3 4 2 6 5 3 2 3 3
3 3 1 5 4 3 1 6 4 5 4 5 4 3 3 4 0 1 5 5 1 6 4 5 0 2 4 3 3 4 2 3 6 3 9 3 3 5 2 2
1 5 1 4 1 4 1 4 2 4 5 3 6 3 3 4 3 2 3 3 2 4 5 3 2 0 5 4 5 6 2 3 6 1 7 5 1 3 0 2
6 2 5 9 6 6 4 9 7 5 7 7 2 4 6 8 4 4 8 7 3 8 2 6 4 5 0 1 3 3 5 4 5 6 12 1 6 8 5 3
5 2 4 8 5 6 3 8 6 4 6 6 3 3 6 7 3 3 7 6 2 7 1 6 3 4 1 0 3 3 5 3 5 5 11 0 5 7 4 2
5 1 4 7 6 4 4 9 6 6 4 7 2 5 4 6 2 3 7 7 3 8 4 7 3 5 3 3 0 1 4 4 7 6 11 3 6 8 5 4
7 1 5 8 8 5 5 10 8 7 5 8 1 6 5 7 4 4 9 8 4 10 4 8 4 6 3 3 1 0 5 5 8 7 13 3 7 9 6 5
2 4 1 4 3 2 2 5 3 6 3 5 5 4 1 3 2 2 3 5 2 6 5 5 2 2 5 5 4 5 0 4 7 3 8 5 2 5 2 3
3 4 3 7 3 6 2 6 5 2 7 3 5 1 5 6 3 2 6 3 2 4 2 3 3 3 4 3 4 5 4 0 3 3 9 3 3 4 3 1
6 7 6 10 5 9 5 8 7 1 10 4 8 3 9 9 6 5 8 3 5 4 4 4 6 6 5 5 7 8 7 3 0 5 10 5 6 6 6 4
1 6 2 5 0 5 2 3 2 4 6 2 7 3 4 5 3 3 3 2 3 3 5 2 3 1 6 5 6 7 3 3 5 0 6 5 1 2 1 3
6 12 8 6 6 10 8 3 5 9 10 6 13 9 8 7 9 9 5 6 9 5 11 6 9 7 12 11 11 13 8 9 10 6 0 11 6 4 7 9
5 2 4 8 5 6 3 8 7 4 7 6 3 3 6 7 3 3 8 6 3 7 1 5 3 5 1 0 3 3 5 3 5 5 11 0 5 7 4 3
0 6 2 4 1 5 2 3 1 5 5 3 7 4 3 4 3 3 2 3 3 4 5 3 3 1 6 5 6 7 2 3 6 1 6 5 0 2 1 3
2 8 4 5 2 7 4 2 3 4 8 2 9 4 6 6 5 5 3 2 5 2 6 2 5 3 8 7 8 9 5 4 6 2 4 7 2 0 3 4
1 5 1 4 2 4 1 4 2 4 5 3 6 3 3 4 2 2 3 4 2 4 4 3 2 0 5 4 5 6 2 3 6 1 7 4 1 3 0 2
3 3 2 6 3 5 1 6 4 3 6 3 5 2 4 5 2 1 5 4 1 5 2 3 2 2 3 2 4 5 3 1 4 3 9 3 3 4 2 0
,
0 25 9 19 8 23 12 18 6 24 34 10 17 25 10 24 18 16 11 12 19 11 25 17 21 3 17 27 25 19 9 20 30 5 21 22 1 7 3 10
15 0 15 28 42 20 27 60 32 15 34 29 7 16 35 35 17 13 41 34 19 31 22 30 17 28 12 8 5 9 17 14 23 35 36 7 43 33 17 19
12 12 0 32 7 9 4 31 17 22 31 16 17 22 7 15 9 7 14 15 8 14 24 13 3 7 12 26 13 34 4 9 36 9 53 21 6 20 6 12
21 44 23 0 17 13 20 15 16 50 22 27 59 48 20 8 26 25 15 39 35 26 33 38 33 31 64 34 52 52 10 35 39 15 34 24 19 16 20 27
4 17 9 26 0 23 10 18 8 10 43 6 53 15 27 24 28 17 20 13 21 16 13 10 20 7 17 14 25 38 10 12 34 2 18 14 8 10 7 13
18 20 12 16 40 0 24 49 17 58 6 37 16 26 6 15 17 18 13 32 24 34 32 22 23 25 39 41 17 28 16 37 46 32 56 16 16 18 27 20
6 10 6 23 10 16 0 31 13 21 29 17 33 10 23 24 6 4 22 28 5 34 9 16 4 9 13 11 11 14 12 8 30 10 27 12 17 20 7 3
18 57 25 15 9 51 18 0 8 42 42 21 38 29 34 21 39 40 11 28 29 18 37 12 37 25 36 21 39 35 37 39 42 24 7 58 13 9 14 32
10 44 14 19 7 30 9 11 0 18 36 18 27 22 10 14 13 19 4 18 15 22 19 26 10 8 35 45 36 38 16 30 42 12 14 22 3 20 14 18
12 21 22 60 11 54 10 29 40 0 46 14 35 6 21 53 29 25 22 17 30 10 12 13 34 27 33 14 27 41 39 16 9 15 64 26 15 24 14 14
28 23 21 17 25 6 37 39 32 54 0 37 30 19 7 21 23 24 15 27 22 33 51 43 27 38 31 19 13 20 11 42 42 36 73 29 39 38 30 24
15 17 25 39 8 27 20 20 22 10 55 0 26 10 19 46 31 21 22 4 11 4 36 2 16 20 18 39 24 53 31 9 10 5 28 16 7 8 23 9
47 3 31 26 36 36 24 69 41 23 18 30 0 40 44 35 15 21 50 46 26 33 10 28 26 22 17 12 7 3 16 34 30 41 38 15 37 31 30 15
17 32 14 19 20 46 16 46 36 5 43 19 31 0 22 48 10 11 41 18 13 26 13 17 11 11 15 12 23 32 30 2 17 8 43 19 26 24 23 9
10 29 16 16 18 9 22 21 11 37 5 20 35 15 0 10 20 23 12 29 11 46 44 23 12 15 26 23 20 20 9 32 54 19 33 19 13 30 22 15
11 19 24 4 24 18 30 32 18 36 22 45 22 49 10 0 30 28 13 50 36 28 54 35 25 14 56 20 20 43 10 25 25 33 19 53 26 26 19 20
10 18 5 31 12 8 7 36 21 18 23 32 24 15 17 12 0 4 24 14 2 17 19 32 1 17 15 10 15 16 13 15 28 9 32 16 14 21 13 7
15 20 5 31 14 29 2 37 12 16 18 29 21 16 19 32 3 0 16 26 1 40 21 22 4 8 12 10 13 26 8 8 36 13 48 10 12 15 5 7
16 45 15 12 12 27 14 7 6 46 33 28 24 29 27 9 18 22 0 28 36 14 53 19 23 14 46 23 22 25 20 31 41 12 34 38 13 17 16 31
16 23 18 39 11 25 14 12 18 14 45 2 56 12 50 47 16 13 13 0 22 7 30 2 23 24 23 37 36 59 35 22 22 16 17 33 25 13 23 25
17 8 6 19 19 29 3 37 19 21 30 15 14 16 19 36 3 1 19 28 0 14 21 20 3 8 22 17 19 13 15 5 39 18 61 9 12 23 8 4
22 61 15 46 15 41 36 24 21 24 49 7 47 18 29 54 28 22 36 5 32 0 43 9 23 25 55 24 41 45 41 19 29 17 38 19 21 10 17 13
23 14 23 37 13 44 23 61 26 18 34 29 19 6 33 46 25 17 25 15 18 39 0 36 18 18 12 7 18 20 36 15 25 20 65 5 25 32 14 7
9 31 27 43 10 20 25 23 19 17 51 2 46 15 33 34 17 29 12 1 14 7 18 0 22 18 29 35 48 39 35 15 10 12 34 33 21 12 10 15
9 11 4 25 14 16 9 42 26 35 20 29 21 9 17 20 1 5 18 25 3 40 19 16 0 11 12 16 7 21 5 11 43 20 58 19 21 17 12 6
4 20 6 22 6 26 8 11 14 29 17 15 17 19 14 11 14 13 20 22 5 30 27 23 8 0 24 33 28 18 9 14 39 6 28 31 2 15 2 12
35 7 17 51 41 36 20 47 44 35 26 31 16 12 32 52 20 22 22 24 14 52 5 25 24 37 0 3 18 11 38 22 16 32 37 5 17 32 25 13
14 6 10 34 15 18 20 47 40 29 42 35 11 17 16 30 13 13 26 38 7 28 3 36 12 25 4 0 15 20 31 10 20 36 48 1 20 37 29 12
24 3 16 23 34 27 27 59 24 40 27 24 9 35 31 25 15 19 28 47 8 60 9 41 19 35 15 18 0 5 25 20 37 31 32 8 27 52 19 23
40 4 13 44 27 18 14 49 20 43 35 39 4 43 40 20 15 26 29 24 11 24 23 37 13 19 19 12 7 0 16 41 46 34 80 20 37 60 34 26
12 25 7 14 17 10 11 19 17 15 20 28 26 27 6 8 12 9 11 29 16 21 36 15 8 13 23 25 11 20 0 27 24 13 20 20 15 27 7 12
21 12 9 41 20 35 12 27 25 8 35 17 14 2 26 31 13 7 18 11 6 13 9 19 15 10 20 14 20 15 27 0 23 19 37 14 19 21 8 3
24 30 19 38 16 60 19 20 24 6 61 27 30 11 38 30 33 27 27 19 19 14 23 11 42 24 27 36 24 56 46 22 0 24 65 29 42 30 32 25
5 34 10 18 3 17 12 21 14 19 30 12 22 13 12 23 12 17 10 16 21 15 16 9 23 4 39 18 32 23 19 19 34 0 23 28 7 14 4 15
29 69 58 17 36 35 59 18 36 63 40 16 76 62 43 39 26 62 25 31 58 34 29 40 25 30 80 81 39 84 27 33 29 37 0 32 27 29 34 41
24 14 18 39 20 33 20 58 28 11 24 31 15 11 40 30 20 20 42 26 12 21 3 22 19 22 7 2 15 23 30 14 30 23 30 0 23 23 27 16
3 26 12 21 8 33 16 16 4 21 21 7 37 11 21 11 20 18 16 13 19 15 19 11 21 3 41 30 28 32 17 20 40 5 36 28 0 6 4 12
18 54 27 30 11 46 27 11 9 30 20 12 46 23 29 31 17 30 13 13 35 5 16 8 18 18 46 49 41 43 23 12 18 6 24 18 8 0 10 12
3 17 3 17 8 19 6 19 10 21 29 15 25 16 10 22 14 8 13 19 12 29 31 18 9 2 31 16 21 18 9 10 25 9 34 27 8 24 0 10
19 9 11 26 9 35 2 23 29 18 24 20 15 6 19 24 8 7 37 25 3 20 14 19 10 5 22 17 24 30 19 4 24 14 23 15 10 16 8 0