7
40
,
0 (23.0, 29.0) 13.0
1 (42.0, 8.0) 42.0
2 (27.0, 21.0) 27.0
3 (4.0, 20.0) 20.0
4 (24.0, 34.0) 43.0
5 (19.0, 6.0) 18.0
6 (31.0, 23.0) 23.0
7 (11.0, 42.0) 11.0
8 (15.0, 28.0) 35.0
9 (43.0, 38.0) 47.0
10 (17.0, 2.0) 28.0
11 (29.0, 40.0) 29.0
12 (45.0, 3.0) 50.0
13 (40.0, 30.0) 19.0
14 (17.0, 12.0) 29.0
15 (9.0, 16.0) 21.0
16 (31.0, 16.0) 42.0
17 (32.0, 20.0) 13.0
18 (10.0, 29.0) 12.0
19 (32.0, 42.0) 23.0
20 (33.0, 20.0) 12.0
21 (28.0, 47.0) 13.0
22 (47.0, 22.0) 48.0
23 (31.0, 41.0) 10.0
24 (30.0, 17.0) 13.0
25 (25.0, 27.0) 22.0
26 (49.0, 14.0) 16.0
27 (45.0, 17.0) 49.0
28 (38.0, 6.0) 19.0
29 (42.0, 1.0) 11.0
30 (22.0, 17.0) 42.0
31 (38.0, 28.0) 15.0
32 (49.0, 41.0) 40.0
33 (25.0, 32.0) 30.0
34 (1.0, 50.0) 16.0
35 (46.0, 18.0) 43.0
36 (21.0, 29.0) 16.0
37 (21.0, 41.0) 46.0
38 (25.0, 25.0) 26.0
39 (35.0, 24.0) 17.0
,
0 6 2 4 1 5 2 4 2 4 6 3 7 3 4 4 3 3 3 3 3 4 5 3 3 1 6 5 5 7 2 3 6 1 6 5 0 2 1 3
6 0 4 8 6 5 4 9 7 6 5 7 1 4 5 7 3 3 8 7 3 8 3 7 3 5 2 2 1 1 4 4 7 6 12 2 6 8 5 3
2 4 0 5 3 3 1 5 3 5 4 4 5 3 3 4 1 1 4 4 1 5 4 4 1 1 5 4 4 5 1 3 6 2 8 4 2 4 1 2
4 8 5 0 5 4 5 5 3 9 4 6 9 7 3 1 5 6 2 7 6 7 9 7 5 4 9 8 7 8 4 7 10 5 6 8 4 5 4 6
1 6 3 5 0 6 3 3 2 4 7 2 7 3 5 5 4 3 3 2 3 3 5 2 4 1 6 5 6 8 3 3 5 0 6 5 1 2 2 3
5 5 3 4 6 0 4 7 4 8 1 7 5 6 1 3 3 4 5 8 4 8 6 7 3 4 6 6 4 5 2 6 9 5 10 6 5 7 4 5
2 4 1 5 3 4 0 6 3 4 5 3 5 2 4 5 1 1 4 4 1 5 3 4 1 1 4 3 4 5 2 2 5 2 8 3 2 4 1 1
4 9 5 5 3 7 6 0 3 6 8 4 10 6 6 5 7 6 3 4 6 4 8 4 6 4 9 8 9 10 5 6 8 3 3 8 3 2 4 6
2 7 3 3 2 4 3 3 0 6 5 4 8 5 3 3 4 4 1 4 4 5 7 4 4 2 7 6 6 8 3 5 7 2 5 7 1 3 2 4
4 6 5 9 4 8 4 6 6 0 9 3 7 2 7 8 5 4 7 2 4 3 3 2 5 4 5 4 6 7 6 2 1 4 9 4 5 4 4 3
6 5 4 4 7 1 5 8 5 9 0 8 6 7 2 3 4 5 6 9 5 9 7 8 4 5 7 6 4 5 3 7 10 6 10 7 5 8 5 6
3 7 4 6 2 7 3 4 4 3 8 0 8 3 6 6 5 4 4 1 4 1 5 0 5 3 7 6 7 8 5 3 4 2 6 6 3 2 3 3
7 1 5 9 7 5 5 10 8 7 6 8 0 5 6 8 4 4 9 8 4 9 4 8 4 6 2 3 2 1 5 5 8 7 13 3 7 9 6 5
3 4 3 7 3 6 2 6 5 2 7 3 5 0 6 7 3 3 6 3 2 4 2 3 3 3 4 3 5 6 4 1 3 3 9 3 4 4 3 2
4 5 3 3 5 1 4 6 3 7 2 6 6 6 0 2 3 3 4 7 4 7 6 6 3 3 6 6 4 5 1 5 9 4 8 6 3 6 3 4
4 7 4 1 5 3 5 5 3 8 3 6 8 7 2 0 4 5 3 7 5 7 8 7 4 4 8 7 6 7 3 6 9 5 7 7 4 6 4 5
3 3 1 5 4 3 1 7 4 5 4 5 4 3 3 4 0 1 5 5 1 6 3 5 0 3 4 3 2 4 2 3 6 3 9 3 3 5 2 2
3 3 1 6 3 4 1 6 4 4 5 4 4 3 3 5 1 0 5 4 0 5 3 4 1 2 4 3 3 4 2 2 5 3 9 3 3 5 2 1
3 8 4 2 3 5 4 3 1 7 6 4 9 6 4 3 5 5 0 5 5 5 8 5 5 3 8 7 7 9 3 6 8 3 5 8 2 3 3 5
3 7 4 7 2 8 4 4 4 2 9 1 8 3 7 7 5 4 5 0 4 1 5 0 5 3 7 6 7 8 5 3 3 2 6 6 3 2 4 4
3 3 1 6 3 4 1 6 4 4 5 4 4 2 4 5 1 0 5 4 0 5 3 4 1 2 3 2 3 4 2 2 5 3 9 3 3 5 2 1
4 8 5 7 3 8 5 4 5 3 9 1 9 4 7 7 6 5 5 1 5 0 6 1 6 4 8 7 8 10 6 4 4 3 5 7 4 2 4 5
5 3 4 9 5 6 3 8 7 3 7 5 4 2 6 8 3 3 8 5 3 6 0 5 4 5 2 1 4 4 5 2 4 5 11 1 5 6 4 2
3 7 4 7 2 7 4 4 4 2 8 0 8 3 6 7 5 4 5 0 4 1 5 0 5 3 6 6 7 8 5 3 4 2 6 5 3 2 3 3
3 3 1 5 4 3 1 6 4 5 4 5 4 3 3 4 0 1 5 5 1 6 4 5 0 2 4 3 3 4 2 3 6 3 9 3 3 5 2 2
1 5 1 4 1 4 1 4 2 4 5 3 6 3 3 4 3 2 3 3 2 4 5 3 2 0 5 4 5 6 2 3 6 1 7 5 1 3 0 2
6 2 5 9 6 6 4 9 7 5 7 7 2 4 6 8 4 4 8 7 3 8 2 6 4 5 0 1 3 3 5 4 5 6 12 1 6 8 5 3
5 2 4 8 5 6 3 8 6 4 6 6 3 3 6 7 3 3 7 6 2 7 1 6 3 4 1 0 3 3 5 3 5 5 11 0 5 7 4 2
5 1 4 7 6 4 4 9 6 6 4 7 2 5 4 6 2 3 7 7 3 8 4 7 3 5 3 3 0 1 4 4 7 6 11 3 6 8 5 4
7 1 5 8 8 5 5 10 8 7 5 8 1 6 5 7 4 4 9 8 4 10 4 8 4 6 3 3 1 0 5 5 8 7 13 3 7 9 6 5
2 4 1 4 3 2 2 5 3 6 3 5 5 4 1 3 2 2 3 5 2 6 5 5 2 2 5 5 4 5 0 4 7 3 8 5 2 5 2 3
3 4 3 7 3 6 2 6 5 2 7 3 5 1 5 6 3 2 6 3 2 4 2 3 3 3 4 3 4 5 4 0 3 3 9 3 3 4 3 1
6 7 6 10 5 9 5 8 7 1 10 4 8 3 9 9 6 5 8 3 5 4 4 4 6 6 5 5 7 8 7 3 0 5 10 5 6 6 6 4
1 6 2 5 0 5 2 3 2 4 6 2 7 3 4 5 3 3 3 2 3 3 5 2 3 1 6 5 6 7 3 3 5 0 6 5 1 2 1 3
6 12 8 6 6 10 8 3 5 9 10 6 13 9 8 7 9 9 5 6 9 5 11 6 9 7 12 11 11 13 8 9 10 6 0 11 6 4 7 9
5 2 4 8 5 6 3 8 7 4 7 6 3 3 6 7 3 3 8 6 3 7 1 5 3 5 1 0 3 3 5 3 5 5 11 0 5 7 4 3
0 6 2 4 1 5 2 3 1 5 5 3 7 4 3 4 3 3 2 3 3 4 5 3 3 1 6 5 6 7 2 3 6 1 6 5 0 2 1 3
2 8 4 5 2 7 4 2 3 4 8 2 9 4 6 6 5 5 3 2 5 2 6 2 5 3 8 7 8 9 5 4 6 2 4 7 2 0 3 4
1 5 1 4 2 4 1 4 2 4 5 3 6 3 3 4 2 2 3 4 2 4 4 3 2 0 5 4 5 6 2 3 6 1 7 4 1 3 0 2
3 3 2 6 3 5 1 6 4 3 6 3 5 2 4 5 2 1 5 4 1 5 2 3 2 2 3 2 4 5 3 1 4 3 9 3 3 4 2 0
,
0 17 11 15 3 18 6 16 5 31 17 15 35 10 11 10 21 10 17 21 8 27 34 12 7 3 37 14 21 48 13 18 29 4 42 36 2 7 5 11
41 0 21 28 33 31 26 40 23 40 24 26 3 24 26 18 14 10 52 36 16 46 12 36 11 36 8 8 4 9 32 18 41 35 63 10 15 20 25 23
6 19 0 12 16 16 5 14 20 29 25 22 30 10 12 20 6 3 25 29 8 29 16 13 7 4 26 20 11 30 5 10 25 15 44 21 6 24 3 10
15 57 34 0 17 20 20 18 8 27 18 22 42 38 20 4 19 21 7 33 29 32 50 47 37 28 52 40 47 37 24 40 45 28 37 57 25 25 32 38
3 27 9 20 0 22 18 22 11 23 34 7 40 16 34 12 19 19 8 11 11 10 19 11 25 8 45 32 19 40 18 18 15 2 39 21 5 11 12 17
16 13 9 15 19 0 22 46 24 49 7 25 35 47 3 18 19 23 17 24 20 58 26 44 20 28 16 37 22 16 15 35 36 27 28 28 28 28 13 33
11 12 3 35 16 24 0 23 21 18 34 19 30 12 11 17 8 2 27 12 5 27 23 21 6 8 15 21 26 17 8 12 36 15 40 9 13 11 6 5
18 24 32 17 16 22 26 0 13 47 52 26 67 40 25 29 18 44 18 22 31 15 25 19 17 13 25 62 42 37 15 33 44 25 7 34 19 14 30 20
5 31 19 9 7 26 22 14 0 22 23 26 26 30 12 10 15 25 6 27 24 32 25 26 26 11 54 22 35 33 10 23 21 12 19 32 9 18 7 29
25 40 26 36 26 49 25 23 37 0 26 7 44 5 28 30 14 28 23 9 12 15 23 18 28 31 34 27 37 38 37 15 9 17 28 11 26 27 23 8
28 25 27 26 31 2 18 37 23 64 0 27 27 48 9 10 27 12 20 54 19 38 48 26 12 17 40 23 30 28 17 41 37 28 51 33 30 29 25 14
14 47 12 23 5 49 12 24 16 18 49 0 32 15 31 32 34 12 15 3 29 6 32 3 16 12 45 25 47 45 20 21 26 7 35 18 7 10 23 14
43 4 30 44 19 25 20 35 38 27 27 41 0 19 30 50 23 23 50 55 29 56 16 44 21 32 8 13 8 4 29 38 49 51 65 13 29 62 44 29
9 18 10 31 24 39 17 22 33 11 47 13 40 0 22 23 16 11 28 15 10 22 7 8 11 11 23 9 16 43 16 2 17 14 49 17 24 19 14 9
26 15 15 8 27 3 17 30 22 28 15 38 30 22 0 4 19 16 25 28 16 34 17 18 18 19 23 27 24 30 7 38 49 18 54 27 22 33 16 30
21 23 13 10 17 14 29 32 19 53 12 37 57 26 5 0 24 28 19 43 31 21 27 42 20 21 26 31 16 36 10 36 33 25 20 33 14 15 11 16
19 8 5 38 15 14 8 38 16 20 24 24 20 20 17 26 0 5 33 23 6 42 21 19 1 18 18 17 16 17 7 7 43 17 65 17 24 37 9 7
8 12 4 28 17 12 4 19 21 19 30 15 23 7 22 19 4 0 34 20 1 18 9 14 3 12 23 11 12 18 7 8 39 11 55 12 10 26 12 5
15 20 15 11 12 36 13 8 6 47 23 31 40 22 18 15 31 26 0 26 24 21 48 25 23 9 58 37 29 34 10 26 48 16 18 54 12 13 19 27
16 43 24 46 13 57 16 29 26 12 24 2 55 11 30 42 14 19 28 0 30 4 35 1 14 15 34 37 27 43 30 9 23 14 29 24 21 11 10 21
13 9 6 20 12 18 2 19 16 22 23 13 14 10 13 22 7 1 36 23 0 34 10 21 5 8 14 16 9 19 14 9 19 13 44 10 20 22 9 6
26 55 37 21 12 49 18 22 19 14 65 9 40 24 39 20 19 15 24 5 34 0 30 7 44 28 53 50 37 36 24 29 12 15 24 35 11 13 25 34
28 10 23 62 18 21 15 38 23 21 30 35 20 11 29 42 21 18 32 23 13 44 0 16 18 21 10 3 26 24 20 9 18 24 66 2 39 35 29 12
10 36 15 41 11 41 26 21 22 17 22 2 52 10 33 45 26 17 27 1 26 6 27 0 15 11 37 24 39 26 33 16 25 8 31 29 10 10 24 25
13 19 3 29 13 20 4 43 16 36 17 25 30 18 13 31 1 4 13 35 3 39 26 32 0 16 20 16 19 25 12 9 44 18 26 13 14 14 9 12
2 26 4 18 8 31 10 17 6 11 15 17 38 11 19 20 8 8 11 24 13 14 19 22 15 0 22 25 27 41 15 14 39 6 31 27 3 22 2 14
41 5 13 61 19 40 24 37 45 20 33 42 13 12 20 32 13 24 50 35 15 43 12 35 25 22 0 4 13 14 27 17 33 40 72 3 39 50 25 17
26 9 27 26 29 40 8 60 23 16 17 24 13 14 25 35 10 19 49 38 6 45 5 20 8 12 6 0 12 10 24 18 30 37 35 1 19 27 18 18
41 6 19 40 16 19 18 65 36 26 25 36 8 16 15 25 11 14 24 35 8 40 11 47 17 22 7 13 0 6 14 13 41 22 52 13 32 35 32 27
22 10 29 43 36 23 16 54 21 41 19 60 4 36 36 36 20 21 30 25 25 51 25 22 18 24 12 19 8 0 20 29 38 43 92 16 31 25 16 25
9 12 7 20 11 14 6 25 13 25 14 21 24 25 10 9 9 9 19 30 7 27 31 32 6 15 19 25 29 35 0 21 35 15 22 23 14 14 8 10
12 12 9 45 9 35 9 25 26 6 42 10 26 2 34 30 9 13 20 14 11 21 6 19 16 9 25 14 20 33 27 0 23 16 43 18 19 20 9 7
30 28 15 36 18 67 14 27 24 9 35 28 29 19 61 42 21 39 37 14 32 22 12 24 31 41 28 32 49 39 53 15 0 37 61 22 17 20 34 28
5 20 10 16 1 24 13 12 10 25 39 12 30 8 30 17 14 13 22 11 13 17 27 8 17 4 32 14 33 49 19 9 24 0 16 14 7 11 6 18
28 74 27 32 17 42 25 7 14 44 73 28 39 27 55 52 40 23 18 20 30 39 80 24 59 23 72 33 36 75 35 23 35 27 0 82 25 16 51 45
25 8 21 59 35 24 22 37 36 10 27 19 9 14 39 29 19 12 25 32 17 42 5 23 10 15 3 1 11 16 13 12 23 22 40 0 25 19 30 15
1 39 7 23 7 29 13 11 9 35 34 13 35 28 21 16 21 20 8 14 17 20 30 21 10 4 33 18 41 46 6 12 34 6 18 36 0 16 8 11
11 47 19 30 11 26 29 14 8 24 51 5 58 23 23 36 37 18 24 8 19 11 47 13 15 17 56 29 20 39 36 15 42 5 21 35 15 0 23 17
5 36 2 31 7 17 8 13 11 33 24 10 37 15 10 15 9 7 22 22 11 16 20 11 13 2 31 16 15 22 11 13 25 8 27 30 6 23 0 12
9 24 9 44 20 35 3 18 30 21 29 9 12 5 16 24 10 7 14 25 3 30 8 15 7 11 13 13 25 31 22 4 12 16 37 7 14 11 7 0