7
40
,
0 (23.0, 29.0) 11.0
1 (42.0, 8.0) 15.0
2 (27.0, 21.0) 15.0
3 (4.0, 20.0) 13.0
4 (24.0, 34.0) 12.0
5 (19.0, 6.0) 50.0
6 (31.0, 23.0) 12.0
7 (11.0, 42.0) 32.0
8 (15.0, 28.0) 28.0
9 (43.0, 38.0) 30.0
10 (17.0, 2.0) 33.0
11 (29.0, 40.0) 14.0
12 (45.0, 3.0) 13.0
13 (40.0, 30.0) 11.0
14 (17.0, 12.0) 11.0
15 (9.0, 16.0) 26.0
16 (31.0, 16.0) 35.0
17 (32.0, 20.0) 15.0
18 (10.0, 29.0) 21.0
19 (32.0, 42.0) 23.0
20 (33.0, 20.0) 14.0
21 (28.0, 47.0) 17.0
22 (47.0, 22.0) 16.0
23 (31.0, 41.0) 39.0
24 (30.0, 17.0) 30.0
25 (25.0, 27.0) 15.0
26 (49.0, 14.0) 15.0
27 (45.0, 17.0) 17.0
28 (38.0, 6.0) 10.0
29 (42.0, 1.0) 18.0
30 (22.0, 17.0) 30.0
31 (38.0, 28.0) 39.0
32 (49.0, 41.0) 18.0
33 (25.0, 32.0) 11.0
34 (1.0, 50.0) 18.0
35 (46.0, 18.0) 11.0
36 (21.0, 29.0) 12.0
37 (21.0, 41.0) 45.0
38 (25.0, 25.0) 40.0
39 (35.0, 24.0) 29.0
,
0 6 2 4 1 5 2 4 2 4 6 3 7 3 4 4 3 3 3 3 3 4 5 3 3 1 6 5 5 7 2 3 6 1 6 5 0 2 1 3
6 0 4 8 6 5 4 9 7 6 5 7 1 4 5 7 3 3 8 7 3 8 3 7 3 5 2 2 1 1 4 4 7 6 12 2 6 8 5 3
2 4 0 5 3 3 1 5 3 5 4 4 5 3 3 4 1 1 4 4 1 5 4 4 1 1 5 4 4 5 1 3 6 2 8 4 2 4 1 2
4 8 5 0 5 4 5 5 3 9 4 6 9 7 3 1 5 6 2 7 6 7 9 7 5 4 9 8 7 8 4 7 10 5 6 8 4 5 4 6
1 6 3 5 0 6 3 3 2 4 7 2 7 3 5 5 4 3 3 2 3 3 5 2 4 1 6 5 6 8 3 3 5 0 6 5 1 2 2 3
5 5 3 4 6 0 4 7 4 8 1 7 5 6 1 3 3 4 5 8 4 8 6 7 3 4 6 6 4 5 2 6 9 5 10 6 5 7 4 5
2 4 1 5 3 4 0 6 3 4 5 3 5 2 4 5 1 1 4 4 1 5 3 4 1 1 4 3 4 5 2 2 5 2 8 3 2 4 1 1
4 9 5 5 3 7 6 0 3 6 8 4 10 6 6 5 7 6 3 4 6 4 8 4 6 4 9 8 9 10 5 6 8 3 3 8 3 2 4 6
2 7 3 3 2 4 3 3 0 6 5 4 8 5 3 3 4 4 1 4 4 5 7 4 4 2 7 6 6 8 3 5 7 2 5 7 1 3 2 4
4 6 5 9 4 8 4 6 6 0 9 3 7 2 7 8 5 4 7 2 4 3 3 2 5 4 5 4 6 7 6 2 1 4 9 4 5 4 4 3
6 5 4 4 7 1 5 8 5 9 0 8 6 7 2 3 4 5 6 9 5 9 7 8 4 5 7 6 4 5 3 7 10 6 10 7 5 8 5 6
3 7 4 6 2 7 3 4 4 3 8 0 8 3 6 6 5 4 4 1 4 1 5 0 5 3 7 6 7 8 5 3 4 2 6 6 3 2 3 3
7 1 5 9 7 5 5 10 8 7 6 8 0 5 6 8 4 4 9 8 4 9 4 8 4 6 2 3 2 1 5 5 8 7 13 3 7 9 6 5
3 4 3 7 3 6 2 6 5 2 7 3 5 0 6 7 3 3 6 3 2 4 2 3 3 3 4 3 5 6 4 1 3 3 9 3 4 4 3 2
4 5 3 3 5 1 4 6 3 7 2 6 6 6 0 2 3 3 4 7 4 7 6 6 3 3 6 6 4 5 1 5 9 4 8 6 3 6 3 4
4 7 4 1 5 3 5 5 3 8 3 6 8 7 2 0 4 5 3 7 5 7 8 7 4 4 8 7 6 7 3 6 9 5 7 7 4 6 4 5
3 3 1 5 4 3 1 7 4 5 4 5 4 3 3 4 0 1 5 5 1 6 3 5 0 3 4 3 2 4 2 3 6 3 9 3 3 5 2 2
3 3 1 6 3 4 1 6 4 4 5 4 4 3 3 5 1 0 5 4 0 5 3 4 1 2 4 3 3 4 2 2 5 3 9 3 3 5 2 1
3 8 4 2 3 5 4 3 1 7 6 4 9 6 4 3 5 5 0 5 5 5 8 5 5 3 8 7 7 9 3 6 8 3 5 8 2 3 3 5
3 7 4 7 2 8 4 4 4 2 9 1 8 3 7 7 5 4 5 0 4 1 5 0 5 3 7 6 7 8 5 3 3 2 6 6 3 2 4 4
3 3 1 6 3 4 1 6 4 4 5 4 4 2 4 5 1 0 5 4 0 5 3 4 1 2 3 2 3 4 2 2 5 3 9 3 3 5 2 1
4 8 5 7 3 8 5 4 5 3 9 1 9 4 7 7 6 5 5 1 5 0 6 1 6 4 8 7 8 10 6 4 4 3 5 7 4 2 4 5
5 3 4 9 5 6 3 8 7 3 7 5 4 2 6 8 3 3 8 5 3 6 0 5 4 5 2 1 4 4 5 2 4 5 11 1 5 6 4 2
3 7 4 7 2 7 4 4 4 2 8 0 8 3 6 7 5 4 5 0 4 1 5 0 5 3 6 6 7 8 5 3 4 2 6 5 3 2 3 3
3 3 1 5 4 3 1 6 4 5 4 5 4 3 3 4 0 1 5 5 1 6 4 5 0 2 4 3 3 4 2 3 6 3 9 3 3 5 2 2
1 5 1 4 1 4 1 4 2 4 5 3 6 3 3 4 3 2 3 3 2 4 5 3 2 0 5 4 5 6 2 3 6 1 7 5 1 3 0 2
6 2 5 9 6 6 4 9 7 5 7 7 2 4 6 8 4 4 8 7 3 8 2 6 4 5 0 1 3 3 5 4 5 6 12 1 6 8 5 3
5 2 4 8 5 6 3 8 6 4 6 6 3 3 6 7 3 3 7 6 2 7 1 6 3 4 1 0 3 3 5 3 5 5 11 0 5 7 4 2
5 1 4 7 6 4 4 9 6 6 4 7 2 5 4 6 2 3 7 7 3 8 4 7 3 5 3 3 0 1 4 4 7 6 11 3 6 8 5 4
7 1 5 8 8 5 5 10 8 7 5 8 1 6 5 7 4 4 9 8 4 10 4 8 4 6 3 3 1 0 5 5 8 7 13 3 7 9 6 5
2 4 1 4 3 2 2 5 3 6 3 5 5 4 1 3 2 2 3 5 2 6 5 5 2 2 5 5 4 5 0 4 7 3 8 5 2 5 2 3
3 4 3 7 3 6 2 6 5 2 7 3 5 1 5 6 3 2 6 3 2 4 2 3 3 3 4 3 4 5 4 0 3 3 9 3 3 4 3 1
6 7 6 10 5 9 5 8 7 1 10 4 8 3 9 9 6 5 8 3 5 4 4 4 6 6 5 5 7 8 7 3 0 5 10 5 6 6 6 4
1 6 2 5 0 5 2 3 2 4 6 2 7 3 4 5 3 3 3 2 3 3 5 2 3 1 6 5 6 7 3 3 5 0 6 5 1 2 1 3
6 12 8 6 6 10 8 3 5 9 10 6 13 9 8 7 9 9 5 6 9 5 11 6 9 7 12 11 11 13 8 9 10 6 0 11 6 4 7 9
5 2 4 8 5 6 3 8 7 4 7 6 3 3 6 7 3 3 8 6 3 7 1 5 3 5 1 0 3 3 5 3 5 5 11 0 5 7 4 3
0 6 2 4 1 5 2 3 1 5 5 3 7 4 3 4 3 3 2 3 3 4 5 3 3 1 6 5 6 7 2 3 6 1 6 5 0 2 1 3
2 8 4 5 2 7 4 2 3 4 8 2 9 4 6 6 5 5 3 2 5 2 6 2 5 3 8 7 8 9 5 4 6 2 4 7 2 0 3 4
1 5 1 4 2 4 1 4 2 4 5 3 6 3 3 4 2 2 3 4 2 4 4 3 2 0 5 4 5 6 2 3 6 1 7 4 1 3 0 2
3 3 2 6 3 5 1 6 4 3 6 3 5 2 4 5 2 1 5 4 1 5 2 3 2 2 3 2 4 5 3 1 4 3 9 3 3 4 2 0
,
0 16 8 22 3 18 10 11 11 27 19 12 44 16 13 13 9 13 7 15 10 23 14 19 7 2 25 20 28 49 17 19 40 3 36 18 2 8 5 13
17 0 22 39 22 29 15 46 49 18 24 34 8 26 26 22 14 18 36 45 10 26 21 47 19 15 7 7 3 7 28 19 18 24 56 14 30 25 31 25
10 15 0 26 14 16 3 31 7 32 12 16 18 23 20 23 6 4 22 20 6 37 26 18 6 6 24 18 20 32 4 15 30 16 51 21 10 14 4 12
28 23 34 0 27 24 30 25 9 44 15 22 50 36 13 9 36 14 11 43 30 35 62 51 32 24 46 54 19 50 14 25 27 36 38 54 17 40 19 27
7 39 12 30 0 25 15 21 9 10 17 11 48 16 12 24 13 15 14 13 20 15 21 6 22 9 17 39 38 24 21 13 17 3 18 31 4 6 7 13
27 16 14 21 21 0 13 19 23 50 5 18 29 17 6 18 13 24 29 30 29 27 23 34 12 22 25 26 16 31 14 19 35 17 60 35 31 48 24 16
6 18 6 24 14 21 0 29 18 11 25 21 16 7 23 34 6 4 14 21 5 18 22 15 9 9 30 8 19 30 8 13 32 6 48 13 14 22 6 5
23 51 27 16 14 27 41 0 13 29 27 19 30 34 36 24 48 17 7 29 33 11 44 25 28 18 46 25 51 50 30 41 39 21 12 38 10 6 16 25
8 32 10 17 12 22 19 13 0 29 34 11 31 32 14 15 27 18 4 29 16 35 34 27 15 6 22 24 42 21 8 33 31 15 34 21 5 12 12 18
25 31 12 61 13 45 23 48 20 0 66 21 34 9 39 25 29 15 44 12 27 11 18 10 21 21 31 16 18 37 28 11 10 19 29 21 28 17 12 17
37 22 27 17 20 3 21 37 26 64 0 55 18 32 13 24 17 25 36 58 31 53 19 53 30 36 20 37 29 36 21 49 67 41 41 47 19 56 21 32
17 19 20 21 8 39 25 13 22 13 38 0 54 11 21 26 14 26 28 2 12 4 23 2 24 18 35 29 52 25 25 11 14 5 41 26 16 7 11 21
17 5 37 50 54 29 29 77 28 40 15 28 0 16 33 22 15 26 59 29 14 59 28 34 14 37 15 15 8 2 37 29 27 28 42 13 42 64 22 25
21 12 10 35 15 47 8 24 20 11 33 11 24 0 39 28 15 8 45 11 18 23 9 11 9 22 10 20 36 33 23 3 14 15 35 18 25 14 22 6
11 32 16 12 17 8 20 18 24 20 8 28 24 20 0 13 13 23 26 26 17 33 41 35 17 12 31 28 11 22 7 14 36 30 31 28 21 15 18 19
19 47 10 6 34 10 32 16 9 26 15 24 23 42 6 0 28 35 8 30 24 51 39 45 13 11 46 39 41 26 17 26 57 16 34 27 22 39 15 20
22 10 4 37 24 10 10 31 29 21 25 20 12 17 9 25 0 4 33 36 6 39 21 37 1 8 21 17 17 10 9 19 33 25 49 20 17 27 12 7
9 11 7 22 21 25 5 43 27 12 29 28 29 8 10 23 5 0 33 19 1 33 13 22 5 13 11 17 18 20 13 13 29 14 28 10 19 32 12 3
7 46 23 7 13 17 21 10 3 45 18 13 34 18 10 11 37 15 0 23 13 30 21 34 22 9 61 55 53 55 15 39 34 15 26 29 15 17 11 17
22 31 12 32 13 54 28 12 32 17 26 4 22 8 38 29 18 16 28 0 32 6 24 1 27 17 35 14 49 38 36 21 15 7 25 15 22 15 21 23
11 12 3 18 22 21 4 30 28 13 28 19 22 8 23 18 5 1 23 22 0 15 17 19 5 6 22 16 22 15 10 11 34 12 45 7 13 20 13 3
27 21 27 50 7 34 15 19 27 19 53 8 30 28 30 31 35 17 28 6 31 0 19 8 36 19 46 28 51 34 25 20 33 8 22 29 19 12 24 30
16 8 17 25 22 31 20 52 43 21 53 26 19 8 24 53 21 18 38 31 17 30 0 28 14 25 5 6 11 23 26 15 15 30 67 3 32 29 20 12
13 23 20 40 11 48 15 19 10 11 27 2 23 20 44 32 19 26 20 2 22 10 20 0 14 17 18 28 35 40 24 13 22 8 37 31 20 8 15 17
19 15 3 30 14 20 7 28 18 28 23 19 20 20 9 13 2 3 18 13 4 29 18 28 0 14 25 15 12 16 6 18 41 18 37 14 16 25 5 10
2 33 9 17 8 18 4 27 8 23 19 14 35 16 9 13 18 8 13 18 15 12 21 18 12 0 16 25 19 30 7 8 19 3 42 23 5 14 1 13
42 10 21 54 43 33 22 26 39 26 51 41 9 17 25 35 26 12 30 38 11 40 8 20 15 33 0 4 20 22 18 23 21 16 76 5 27 39 25 12
33 11 16 58 18 22 12 60 43 12 40 41 17 16 27 41 12 20 41 23 16 50 5 15 13 25 6 0 12 13 22 15 14 24 41 1 16 19 25 9
27 6 11 41 40 14 10 66 36 30 12 33 8 21 16 36 9 8 44 22 13 55 15 46 17 30 17 14 0 6 16 31 21 35 61 10 36 31 12 12
47 5 16 62 22 28 35 29 40 37 27 36 3 23 37 18 13 17 25 48 30 50 11 34 18 37 19 16 6 0 21 30 39 22 50 12 21 56 44 25
11 25 3 25 13 14 12 35 15 34 17 28 16 27 6 8 11 6 14 20 15 30 28 32 5 8 30 24 18 30 0 21 33 20 20 26 9 27 5 19
13 12 12 36 8 22 9 31 17 12 47 17 23 3 17 31 8 8 15 22 7 14 7 19 17 9 18 18 16 32 12 0 17 13 30 14 10 31 10 3
24 26 16 70 20 26 31 36 43 8 75 21 40 10 36 30 33 39 31 22 16 14 18 20 16 35 40 14 20 35 46 25 0 35 44 32 44 27 40 16
5 38 17 22 1 27 13 18 9 22 40 6 45 13 13 28 21 13 22 8 8 9 31 7 20 6 28 18 26 38 10 10 34 0 33 25 7 15 9 13
36 53 57 16 21 71 27 17 19 42 64 31 57 45 23 26 44 56 12 41 46 21 72 18 64 37 73 34 72 62 55 22 70 35 0 65 24 15 35 63
36 7 11 36 27 21 13 63 19 19 37 16 13 9 33 31 8 15 37 35 7 45 5 21 13 33 3 1 13 15 19 14 29 28 67 0 17 36 21 9
1 24 8 23 8 30 10 17 4 32 40 12 25 29 26 20 24 21 13 11 21 17 38 16 16 6 32 21 41 21 16 18 34 3 19 40 0 10 8 13
7 56 16 19 9 30 14 6 8 21 50 9 67 14 42 25 20 29 18 11 26 13 31 8 31 18 28 28 31 61 15 28 16 14 30 20 8 0 19 32
6 19 4 27 13 21 5 21 13 29 26 10 22 20 8 25 8 7 16 10 9 28 21 22 10 1 19 16 25 26 5 15 30 6 30 30 3 18 0 11
16 24 11 41 10 32 3 27 27 10 17 24 29 10 17 38 11 6 27 22 5 28 16 21 7 8 14 10 11 15 11 4 22 8 38 18 18 24 10 0