7
40
,
0 (19.0, 37.0) 47.0
1 (30.0, 0.0) 35.0
2 (27.0, 21.0) 45.0
3 (48.0, 34.0) 56.0
4 (11.0, 25.0) 86.0
5 (13.0, 18.0) 88.0
6 (8.0, 41.0) 87.0
7 (35.0, 43.0) 47.0
8 (26.0, 25.0) 81.0
9 (32.0, 27.0) 66.0
10 (31.0, 38.0) 33.0
11 (47.0, 39.0) 40.0
12 (23.0, 24.0) 44.0
13 (18.0, 5.0) 62.0
14 (45.0, 4.0) 37.0
15 (50.0, 48.0) 83.0
16 (24.0, 9.0) 79.0
17 (15.0, 40.0) 34.0
18 (10.0, 27.0) 68.0
19 (35.0, 26.0) 70.0
20 (0.0, 40.0) 60.0
21 (31.0, 35.0) 40.0
22 (42.0, 48.0) 59.0
23 (7.0, 13.0) 80.0
24 (4.0, 25.0) 31.0
25 (33.0, 28.0) 69.0
26 (44.0, 14.0) 77.0
27 (2.0, 45.0) 56.0
28 (42.0, 7.0) 31.0
29 (16.0, 5.0) 86.0
30 (29.0, 41.0) 45.0
31 (21.0, 11.0) 60.0
32 (8.0, 43.0) 52.0
33 (21.0, 41.0) 35.0
34 (15.0, 16.0) 51.0
35 (43.0, 28.0) 40.0
36 (45.0, 42.0) 62.0
37 (48.0, 46.0) 40.0
38 (29.0, 11.0) 72.0
39 (42.0, 12.0) 82.0
,
0 21 15 17 29 14 11 21 28 18 21 25 31 17 9 23 35 13 21 14 22 20 23 32 7 13 22 23 23 21 8 25 12 22 23 11 26 31 33 16 22 0
21 0 19 9 15 7 10 6 9 7 8 6 14 7 16 21 16 14 2 7 10 10 6 13 13 10 8 17 9 19 16 5 13 6 2 11 13 13 15 14 17 21
15 19 0 11 19 16 12 23 22 13 14 19 21 12 6 8 26 5 21 17 13 25 18 25 13 18 14 10 26 7 7 21 7 24 21 11 15 22 25 6 8 15
17 9 11 0 12 8 7 14 12 2 4 9 13 2 9 12 18 6 11 9 5 17 7 15 11 12 5 9 17 10 10 10 6 15 10 6 9 14 16 5 9 17
29 15 19 12 0 19 19 20 8 12 9 9 3 13 21 15 7 17 17 19 8 24 9 8 23 22 8 10 24 14 22 10 18 20 14 19 4 4 6 15 11 29
14 7 16 8 19 0 4 8 15 8 11 12 19 6 11 20 23 10 8 1 12 9 11 19 6 4 11 17 11 18 10 12 9 9 9 5 16 19 21 11 17 14
11 10 12 7 19 4 0 12 17 7 11 13 20 6 7 17 24 7 11 5 12 13 12 21 4 6 11 16 15 16 7 14 5 13 12 1 16 20 22 9 15 11
21 6 23 14 20 8 12 0 14 12 14 12 20 11 19 26 21 18 4 7 15 4 12 17 14 8 14 22 4 24 18 10 16 1 6 13 19 19 20 18 22 21
28 9 22 12 8 15 17 14 0 10 8 3 6 11 21 20 8 18 10 15 8 18 4 4 21 18 8 15 17 18 21 3 17 14 7 17 8 5 7 16 16 28
18 7 13 2 12 8 7 12 10 0 3 7 13 2 11 14 17 8 9 8 5 15 6 14 11 11 4 11 16 12 11 8 7 13 8 7 9 13 15 7 10 18
21 8 14 4 9 11 11 14 8 3 0 6 10 5 13 13 14 10 11 11 2 17 4 12 14 14 1 9 17 11 14 7 10 14 9 10 6 10 12 8 9 21
25 6 19 9 9 12 13 12 3 7 6 0 8 8 18 18 11 15 8 12 6 16 2 7 17 15 5 14 15 16 18 2 14 12 5 14 8 7 9 14 14 25
31 14 21 13 3 19 20 20 6 13 10 8 0 14 22 18 5 19 16 19 9 24 8 5 24 23 9 13 23 16 23 9 19 20 13 20 6 2 4 17 14 31
17 7 12 2 13 6 6 11 11 2 5 8 14 0 10 15 18 8 9 7 6 14 7 15 10 10 5 12 15 13 10 9 7 12 9 6 10 14 17 7 11 17
9 16 6 9 21 11 7 19 21 11 13 18 22 10 0 14 27 4 18 12 14 20 16 25 7 12 14 14 22 12 1 19 3 20 18 6 17 23 25 6 12 9
23 21 8 12 15 20 17 26 20 14 13 18 18 15 14 0 22 11 23 21 12 29 17 22 20 23 13 5 30 2 15 20 12 27 22 16 12 19 21 9 4 23
35 16 26 18 7 23 24 21 8 17 14 11 5 18 27 22 0 23 18 23 13 25 12 4 28 26 13 17 24 21 27 11 24 21 15 24 11 4 1 21 18 35
13 14 5 6 17 10 7 18 18 8 10 15 19 8 4 11 23 0 16 11 10 20 13 21 9 13 11 10 21 9 4 16 2 19 16 6 13 20 22 3 9 13
21 2 21 11 17 8 11 4 10 9 11 8 16 9 18 23 18 16 0 7 12 8 8 14 14 9 11 19 7 21 18 7 15 4 3 12 15 15 17 16 19 21
14 7 17 9 19 1 5 7 15 8 11 12 19 7 12 21 23 11 7 0 13 8 11 19 7 3 12 18 10 19 11 12 10 8 9 6 17 19 21 12 18 14
22 10 13 5 8 12 12 15 8 5 2 6 9 6 14 12 13 10 12 13 0 19 5 12 15 16 1 8 19 10 14 8 10 16 10 11 4 9 12 8 8 22
20 10 25 17 24 9 13 4 18 15 17 16 24 14 20 29 25 20 8 8 19 0 16 21 14 8 18 26 3 27 19 15 18 4 11 14 22 23 24 21 25 20
23 6 18 7 9 11 12 12 4 6 4 2 8 7 16 17 12 13 8 11 5 16 0 9 16 14 4 12 15 15 17 3 13 12 6 12 7 8 10 12 13 23
32 13 25 15 8 19 21 17 4 14 12 7 5 15 25 22 4 21 14 19 12 21 9 0 25 22 11 17 20 20 25 7 21 17 11 21 10 3 3 20 18 32
7 13 13 11 23 6 4 14 21 11 14 17 24 10 7 20 28 9 14 7 15 14 16 25 0 6 15 19 16 18 6 18 7 15 16 4 20 24 26 11 18 7
13 10 18 12 22 4 6 8 18 11 14 15 23 10 12 23 26 13 9 3 16 8 14 22 6 0 15 21 10 21 12 15 11 9 12 7 20 22 24 14 20 13
22 8 14 5 8 11 11 14 8 4 1 5 9 5 14 13 13 11 11 12 1 18 4 11 15 15 0 9 18 11 14 7 10 15 9 11 5 9 12 9 9 22
23 17 10 9 10 17 16 22 15 11 9 14 13 12 14 5 17 10 19 18 8 26 12 17 19 21 9 0 26 4 15 15 12 23 18 15 7 14 16 8 1 23
23 9 26 17 24 11 15 4 17 16 17 15 23 15 22 30 24 21 7 10 19 3 15 20 16 10 18 26 0 28 21 14 19 3 10 16 22 22 23 22 26 23
21 19 7 10 14 18 16 24 18 12 11 16 16 13 12 2 21 9 21 19 10 27 15 20 18 21 11 4 28 0 13 18 11 25 20 14 11 18 20 7 2 21
8 16 7 10 22 10 7 18 21 11 14 18 23 10 1 15 27 4 18 11 14 19 17 25 6 12 14 15 21 13 0 19 4 19 18 6 18 24 26 7 13 8
25 5 21 10 10 12 14 10 3 8 7 2 9 9 19 20 11 16 7 12 8 15 3 7 18 15 7 15 14 18 19 0 16 11 4 14 10 8 10 15 16 25
12 13 7 6 18 9 5 16 17 7 10 14 19 7 3 12 24 2 15 10 10 18 13 21 7 11 10 12 19 11 4 16 0 17 15 4 14 20 22 4 11 12
22 6 24 15 20 9 13 1 14 13 14 12 20 12 20 27 21 19 4 8 16 4 12 17 15 9 15 23 3 25 19 11 17 0 7 14 19 19 20 19 23 22
23 2 21 10 14 9 12 6 7 8 9 5 13 9 18 22 15 16 3 9 10 11 6 11 16 12 9 18 10 20 18 4 15 7 0 13 13 12 14 16 18 23
11 11 11 6 19 5 1 13 17 7 10 14 20 6 6 16 24 6 12 6 11 14 12 21 4 7 11 15 16 14 6 14 4 14 13 0 15 20 22 7 14 11
26 13 15 9 4 16 16 19 8 9 6 8 6 10 17 12 11 13 15 17 4 22 7 10 20 20 5 7 22 11 18 10 14 19 13 15 0 7 9 11 8 26
31 13 22 14 4 19 20 19 5 13 10 7 2 14 23 19 4 20 15 19 9 23 8 3 24 22 9 14 22 18 24 8 20 19 12 20 7 0 2 17 15 31
33 15 25 16 6 21 22 20 7 15 12 9 4 17 25 21 1 22 17 21 12 24 10 3 26 24 12 16 23 20 26 10 22 20 14 22 9 2 0 20 17 33
16 14 6 5 15 11 9 18 16 7 8 14 17 7 6 9 21 3 16 12 8 21 12 20 11 14 9 8 22 7 7 15 4 19 16 7 11 17 20 0 7 16
22 17 8 9 11 17 15 22 16 10 9 14 14 11 12 4 18 9 19 18 8 25 13 18 18 20 9 1 26 2 13 16 11 23 18 14 8 15 17 7 0 22
0 21 15 17 29 14 11 21 28 18 21 25 31 17 9 23 35 13 21 14 22 20 23 32 7 13 22 23 23 21 8 25 12 22 23 11 26 31 33 16 22 0
,
0 41 41 18 57 24 12 51 53 47 62 28 87 33 22 50 46 30 57 31 41 28 25 95 20 37 32 31 29 50 19 40 13 30 27 27 49 44 78 27 33 0
60 0 50 19 18 20 15 12 9 8 14 7 24 18 40 62 19 41 3 10 16 21 15 30 40 12 18 41 24 44 32 10 14 10 6 23 18 15 19 21 47 51
35 38 0 15 35 40 20 26 47 36 26 37 30 30 10 14 55 16 43 35 30 39 41 34 39 41 27 17 78 18 9 54 7 66 53 21 27 48 35 7 14 32
28 25 11 0 15 22 8 24 31 4 7 14 18 7 19 13 33 7 20 14 14 27 16 17 11 13 9 13 32 10 12 25 12 21 24 8 16 25 18 13 17 19
30 17 40 28 0 46 47 36 10 18 18 14 6 18 36 27 20 46 30 23 18 41 11 9 52 64 16 19 68 31 23 19 47 45 27 31 8 8 14 28 19 73
26 9 36 16 31 0 9 20 37 13 25 35 41 7 24 22 37 15 13 1 35 14 27 23 10 8 31 29 17 33 26 21 10 23 17 5 17 30 42 16 19 39
21 10 30 20 43 6 0 16 24 16 20 38 46 17 8 24 50 9 18 12 23 29 36 27 8 10 23 19 19 30 19 17 12 24 16 2 30 37 40 19 32 14
54 9 63 26 50 17 25 0 15 13 41 31 57 14 27 53 23 49 5 8 45 8 25 45 28 9 33 42 7 48 48 22 24 3 10 15 38 41 47 42 25 28
30 10 58 27 14 27 29 29 0 19 21 7 16 12 45 44 8 26 29 39 19 29 13 7 48 52 21 17 48 40 48 5 35 31 17 18 15 13 7 18 24 49
38 15 32 4 27 9 14 30 20 0 4 12 33 3 18 21 29 16 10 17 9 35 7 38 21 32 6 30 32 20 12 9 16 30 15 10 19 33 21 19 26 43
30 22 24 6 9 26 27 18 13 4 0 14 25 7 18 23 24 19 16 31 3 33 9 12 37 29 2 24 27 26 18 19 22 30 15 17 8 23 17 12 25 38
62 9 54 17 21 14 37 16 5 19 12 0 12 13 40 46 20 21 14 19 12 34 4 12 22 37 6 30 39 44 20 2 25 25 9 15 13 19 13 25 30 61
39 28 47 25 5 19 51 48 8 25 13 22 0 35 46 42 10 33 42 42 12 27 11 11 69 45 21 21 42 32 61 16 22 31 32 41 14 3 9 26 17 92
19 9 14 7 23 18 14 30 23 3 12 10 36 0 13 25 53 8 26 13 17 20 15 33 17 20 9 12 18 23 23 25 16 32 21 9 29 19 35 9 14 46
11 25 7 13 61 23 10 21 32 31 27 47 33 25 0 33 36 6 34 28 18 44 38 55 11 31 23 17 36 24 2 19 8 21 20 12 48 58 67 11 16 26
56 46 19 17 40 47 26 74 60 14 17 32 30 28 31 0 51 14 64 24 18 30 51 40 35 41 28 7 47 5 40 32 22 67 53 39 35 19 32 19 5 41
57 38 53 18 10 48 34 41 10 47 19 30 6 28 63 45 0 43 18 40 33 60 18 11 67 39 36 43 47 55 42 20 65 28 24 44 19 9 2 43 49 76
32 21 6 9 27 18 21 44 43 12 14 35 54 15 8 21 29 0 30 25 20 39 38 59 17 38 24 30 50 16 10 26 5 25 34 9 30 49 35 6 23 23
62 7 50 14 42 22 19 7 21 11 20 14 24 19 42 49 30 34 0 17 28 17 15 36 34 17 21 53 9 27 35 15 30 4 6 25 21 29 21 44 29 37
16 16 17 17 44 3 10 11 18 9 18 23 39 17 16 56 66 20 15 0 37 22 21 36 21 7 26 42 21 51 25 31 25 24 20 7 18 22 34 33 39 42
62 19 25 5 15 19 20 37 19 10 3 18 10 15 16 16 27 17 26 29 0 43 8 28 18 27 2 17 45 28 41 11 15 22 16 19 9 24 22 15 9 25
53 23 52 40 62 10 17 9 41 25 31 42 49 24 32 49 31 36 8 14 33 0 36 64 25 14 47 70 4 68 26 43 29 7 17 24 48 27 32 26 61 54
45 15 39 18 23 11 33 16 13 9 6 4 24 14 39 26 24 28 23 20 6 26 0 25 36 42 10 35 45 27 36 6 23 27 12 13 21 21 29 35 35 39
80 18 74 28 21 41 30 27 6 18 28 16 11 43 28 64 5 61 23 52 16 62 18 0 65 25 20 30 30 49 28 10 55 22 27 36 20 8 8 27 24 87
15 24 21 21 46 17 8 28 59 24 20 21 66 24 18 32 79 26 17 13 26 19 37 35 0 17 18 53 41 32 15 18 19 23 21 12 30 65 73 28 21 19
23 14 44 27 30 9 13 23 22 21 32 34 38 11 21 53 26 25 25 7 38 9 36 26 11 0 36 49 27 53 30 18 19 27 28 21 25 48 30 42 56 19
54 17 32 13 21 24 24 39 21 4 2 15 23 16 27 30 18 24 22 21 3 39 9 22 33 31 0 12 38 27 18 10 17 21 25 29 6 14 12 12 14 47
34 19 26 27 12 18 18 56 41 18 20 30 33 17 27 14 19 11 26 24 16 60 21 49 20 43 10 0 41 10 44 24 28 42 18 18 15 15 19 22 3 29
54 23 34 24 36 20 32 10 31 39 23 25 42 42 31 58 29 50 15 27 55 6 38 44 40 21 53 77 0 72 27 40 24 6 21 30 60 33 67 55 45 60
63 47 18 30 19 42 40 56 51 33 26 34 35 17 32 5 42 26 48 21 26 73 40 59 22 44 30 4 53 0 19 50 32 51 58 28 14 49 50 11 7 62
13 35 15 13 65 21 20 54 40 23 20 39 64 14 2 36 69 10 20 21 29 32 41 73 15 34 16 34 62 33 0 55 12 56 33 6 40 38 51 11 19 9
32 11 26 26 25 21 37 30 5 17 9 5 25 17 38 52 15 39 10 35 18 36 9 11 39 19 14 35 39 20 25 0 23 27 6 39 21 13 10 39 20 45
34 19 7 11 52 15 13 37 44 8 13 42 51 17 5 16 44 3 32 10 16 45 20 59 20 29 19 18 22 11 6 43 0 46 36 7 16 45 23 10 27 25
50 7 31 21 27 12 15 1 31 14 35 14 44 36 32 28 36 50 10 22 29 11 29 47 16 18 18 64 4 51 50 30 30 0 11 41 35 50 22 25 42 64
60 6 25 18 21 18 30 17 11 11 16 9 32 22 26 58 41 20 5 14 21 22 17 19 39 24 22 21 13 52 51 4 33 19 0 33 33 32 39 28 28 31
14 20 14 11 34 7 3 29 17 11 15 22 26 11 13 34 53 7 23 13 20 27 13 52 10 8 18 42 47 25 15 24 10 22 15 0 41 34 22 16 19 26
77 15 35 21 11 42 33 39 14 16 6 11 15 29 30 28 22 35 44 23 7 36 9 16 57 42 7 19 66 13 25 12 40 24 23 25 0 10 27 32 13 31
41 39 45 27 5 41 27 37 6 37 10 15 5 16 30 32 10 25 26 48 17 41 23 5 40 27 23 27 32 49 70 13 22 19 13 24 9 0 5 43 16 89
54 39 50 17 17 34 28 59 8 25 24 21 8 43 29 26 3 55 42 56 33 62 11 4 40 62 18 28 52 37 76 19 63 52 40 49 24 5 0 43 48 77
37 36 13 15 15 20 15 39 45 14 16 26 26 7 8 20 38 8 41 23 10 60 16 43 30 28 25 18 65 9 18 42 6 43 39 20 19 23 34 0 19 23
47 27 15 21 29 35 40 32 20 14 18 24 25 28 18 5 39 15 43 19 22 33 19 45 32 38 23 3 34 4 33 34 18 40 51 34 11 31 47 12 0 42
0 21 31 42 88 18 22 58 34 24 60 65 63 46 25 66 39 36 61 28 65 26 65 43 18 15 60 27 23 53 25 49 26 48 56 28 37 79 93 23 47 0