7
40
,
0 (19.0, 37.0) 85.0
1 (30.0, 0.0) 67.0
2 (27.0, 21.0) 51.0
3 (48.0, 34.0) 33.0
4 (11.0, 25.0) 34.0
5 (13.0, 18.0) 46.0
6 (8.0, 41.0) 73.0
7 (35.0, 43.0) 77.0
8 (26.0, 25.0) 31.0
9 (32.0, 27.0) 49.0
10 (31.0, 38.0) 69.0
11 (47.0, 39.0) 52.0
12 (23.0, 24.0) 39.0
13 (18.0, 5.0) 41.0
14 (45.0, 4.0) 70.0
15 (50.0, 48.0) 35.0
16 (24.0, 9.0) 71.0
17 (15.0, 40.0) 66.0
18 (10.0, 27.0) 40.0
19 (35.0, 26.0) 51.0
20 (0.0, 40.0) 44.0
21 (31.0, 35.0) 45.0
22 (42.0, 48.0) 55.0
23 (7.0, 13.0) 81.0
24 (4.0, 25.0) 41.0
25 (33.0, 28.0) 37.0
26 (44.0, 14.0) 35.0
27 (2.0, 45.0) 81.0
28 (42.0, 7.0) 79.0
29 (16.0, 5.0) 38.0
30 (29.0, 41.0) 32.0
31 (21.0, 11.0) 32.0
32 (8.0, 43.0) 53.0
33 (21.0, 41.0) 83.0
34 (15.0, 16.0) 46.0
35 (43.0, 28.0) 65.0
36 (45.0, 42.0) 54.0
37 (48.0, 46.0) 31.0
38 (29.0, 11.0) 83.0
39 (42.0, 12.0) 31.0
,
0 21 15 17 29 14 11 21 28 18 21 25 31 17 9 23 35 13 21 14 22 20 23 32 7 13 22 23 23 21 8 25 12 22 23 11 26 31 33 16 22 0
21 0 19 9 15 7 10 6 9 7 8 6 14 7 16 21 16 14 2 7 10 10 6 13 13 10 8 17 9 19 16 5 13 6 2 11 13 13 15 14 17 21
15 19 0 11 19 16 12 23 22 13 14 19 21 12 6 8 26 5 21 17 13 25 18 25 13 18 14 10 26 7 7 21 7 24 21 11 15 22 25 6 8 15
17 9 11 0 12 8 7 14 12 2 4 9 13 2 9 12 18 6 11 9 5 17 7 15 11 12 5 9 17 10 10 10 6 15 10 6 9 14 16 5 9 17
29 15 19 12 0 19 19 20 8 12 9 9 3 13 21 15 7 17 17 19 8 24 9 8 23 22 8 10 24 14 22 10 18 20 14 19 4 4 6 15 11 29
14 7 16 8 19 0 4 8 15 8 11 12 19 6 11 20 23 10 8 1 12 9 11 19 6 4 11 17 11 18 10 12 9 9 9 5 16 19 21 11 17 14
11 10 12 7 19 4 0 12 17 7 11 13 20 6 7 17 24 7 11 5 12 13 12 21 4 6 11 16 15 16 7 14 5 13 12 1 16 20 22 9 15 11
21 6 23 14 20 8 12 0 14 12 14 12 20 11 19 26 21 18 4 7 15 4 12 17 14 8 14 22 4 24 18 10 16 1 6 13 19 19 20 18 22 21
28 9 22 12 8 15 17 14 0 10 8 3 6 11 21 20 8 18 10 15 8 18 4 4 21 18 8 15 17 18 21 3 17 14 7 17 8 5 7 16 16 28
18 7 13 2 12 8 7 12 10 0 3 7 13 2 11 14 17 8 9 8 5 15 6 14 11 11 4 11 16 12 11 8 7 13 8 7 9 13 15 7 10 18
21 8 14 4 9 11 11 14 8 3 0 6 10 5 13 13 14 10 11 11 2 17 4 12 14 14 1 9 17 11 14 7 10 14 9 10 6 10 12 8 9 21
25 6 19 9 9 12 13 12 3 7 6 0 8 8 18 18 11 15 8 12 6 16 2 7 17 15 5 14 15 16 18 2 14 12 5 14 8 7 9 14 14 25
31 14 21 13 3 19 20 20 6 13 10 8 0 14 22 18 5 19 16 19 9 24 8 5 24 23 9 13 23 16 23 9 19 20 13 20 6 2 4 17 14 31
17 7 12 2 13 6 6 11 11 2 5 8 14 0 10 15 18 8 9 7 6 14 7 15 10 10 5 12 15 13 10 9 7 12 9 6 10 14 17 7 11 17
9 16 6 9 21 11 7 19 21 11 13 18 22 10 0 14 27 4 18 12 14 20 16 25 7 12 14 14 22 12 1 19 3 20 18 6 17 23 25 6 12 9
23 21 8 12 15 20 17 26 20 14 13 18 18 15 14 0 22 11 23 21 12 29 17 22 20 23 13 5 30 2 15 20 12 27 22 16 12 19 21 9 4 23
35 16 26 18 7 23 24 21 8 17 14 11 5 18 27 22 0 23 18 23 13 25 12 4 28 26 13 17 24 21 27 11 24 21 15 24 11 4 1 21 18 35
13 14 5 6 17 10 7 18 18 8 10 15 19 8 4 11 23 0 16 11 10 20 13 21 9 13 11 10 21 9 4 16 2 19 16 6 13 20 22 3 9 13
21 2 21 11 17 8 11 4 10 9 11 8 16 9 18 23 18 16 0 7 12 8 8 14 14 9 11 19 7 21 18 7 15 4 3 12 15 15 17 16 19 21
14 7 17 9 19 1 5 7 15 8 11 12 19 7 12 21 23 11 7 0 13 8 11 19 7 3 12 18 10 19 11 12 10 8 9 6 17 19 21 12 18 14
22 10 13 5 8 12 12 15 8 5 2 6 9 6 14 12 13 10 12 13 0 19 5 12 15 16 1 8 19 10 14 8 10 16 10 11 4 9 12 8 8 22
20 10 25 17 24 9 13 4 18 15 17 16 24 14 20 29 25 20 8 8 19 0 16 21 14 8 18 26 3 27 19 15 18 4 11 14 22 23 24 21 25 20
23 6 18 7 9 11 12 12 4 6 4 2 8 7 16 17 12 13 8 11 5 16 0 9 16 14 4 12 15 15 17 3 13 12 6 12 7 8 10 12 13 23
32 13 25 15 8 19 21 17 4 14 12 7 5 15 25 22 4 21 14 19 12 21 9 0 25 22 11 17 20 20 25 7 21 17 11 21 10 3 3 20 18 32
7 13 13 11 23 6 4 14 21 11 14 17 24 10 7 20 28 9 14 7 15 14 16 25 0 6 15 19 16 18 6 18 7 15 16 4 20 24 26 11 18 7
13 10 18 12 22 4 6 8 18 11 14 15 23 10 12 23 26 13 9 3 16 8 14 22 6 0 15 21 10 21 12 15 11 9 12 7 20 22 24 14 20 13
22 8 14 5 8 11 11 14 8 4 1 5 9 5 14 13 13 11 11 12 1 18 4 11 15 15 0 9 18 11 14 7 10 15 9 11 5 9 12 9 9 22
23 17 10 9 10 17 16 22 15 11 9 14 13 12 14 5 17 10 19 18 8 26 12 17 19 21 9 0 26 4 15 15 12 23 18 15 7 14 16 8 1 23
23 9 26 17 24 11 15 4 17 16 17 15 23 15 22 30 24 21 7 10 19 3 15 20 16 10 18 26 0 28 21 14 19 3 10 16 22 22 23 22 26 23
21 19 7 10 14 18 16 24 18 12 11 16 16 13 12 2 21 9 21 19 10 27 15 20 18 21 11 4 28 0 13 18 11 25 20 14 11 18 20 7 2 21
8 16 7 10 22 10 7 18 21 11 14 18 23 10 1 15 27 4 18 11 14 19 17 25 6 12 14 15 21 13 0 19 4 19 18 6 18 24 26 7 13 8
25 5 21 10 10 12 14 10 3 8 7 2 9 9 19 20 11 16 7 12 8 15 3 7 18 15 7 15 14 18 19 0 16 11 4 14 10 8 10 15 16 25
12 13 7 6 18 9 5 16 17 7 10 14 19 7 3 12 24 2 15 10 10 18 13 21 7 11 10 12 19 11 4 16 0 17 15 4 14 20 22 4 11 12
22 6 24 15 20 9 13 1 14 13 14 12 20 12 20 27 21 19 4 8 16 4 12 17 15 9 15 23 3 25 19 11 17 0 7 14 19 19 20 19 23 22
23 2 21 10 14 9 12 6 7 8 9 5 13 9 18 22 15 16 3 9 10 11 6 11 16 12 9 18 10 20 18 4 15 7 0 13 13 12 14 16 18 23
11 11 11 6 19 5 1 13 17 7 10 14 20 6 6 16 24 6 12 6 11 14 12 21 4 7 11 15 16 14 6 14 4 14 13 0 15 20 22 7 14 11
26 13 15 9 4 16 16 19 8 9 6 8 6 10 17 12 11 13 15 17 4 22 7 10 20 20 5 7 22 11 18 10 14 19 13 15 0 7 9 11 8 26
31 13 22 14 4 19 20 19 5 13 10 7 2 14 23 19 4 20 15 19 9 23 8 3 24 22 9 14 22 18 24 8 20 19 12 20 7 0 2 17 15 31
33 15 25 16 6 21 22 20 7 15 12 9 4 17 25 21 1 22 17 21 12 24 10 3 26 24 12 16 23 20 26 10 22 20 14 22 9 2 0 20 17 33
16 14 6 5 15 11 9 18 16 7 8 14 17 7 6 9 21 3 16 12 8 21 12 20 11 14 9 8 22 7 7 15 4 19 16 7 11 17 20 0 7 16
22 17 8 9 11 17 15 22 16 10 9 14 14 11 12 4 18 9 19 18 8 25 13 18 18 20 9 1 26 2 13 16 11 23 18 14 8 15 17 7 0 22
0 21 15 17 29 14 11 21 28 18 21 25 31 17 9 23 35 13 21 14 22 20 23 32 7 13 22 23 23 21 8 25 12 22 23 11 26 31 33 16 22 0
,
0 42 43 26 74 22 13 40 43 23 30 63 78 43 13 33 50 29 29 25 23 25 47 48 10 37 51 60 25 33 13 41 18 36 65 17 54 70 63 19 65 0
49 0 30 16 32 11 15 13 22 11 20 8 24 15 39 31 29 40 7 19 14 27 9 37 35 20 20 26 20 51 20 14 15 13 6 32 29 23 32 23 17 31
25 55 0 13 20 23 36 36 55 24 30 30 55 34 9 10 55 8 39 20 24 42 42 64 18 25 18 28 52 17 12 27 9 63 41 26 17 37 36 12 20 34
28 18 31 0 21 17 8 27 34 6 6 19 23 7 18 30 25 9 22 22 6 31 17 22 22 24 13 26 33 24 26 15 9 22 29 19 26 20 20 15 24 39
78 43 53 22 0 55 28 23 19 21 14 17 4 31 26 23 19 48 29 20 21 43 10 18 28 53 24 28 42 21 26 16 30 46 40 30 5 10 11 41 16 77
20 19 16 11 29 0 5 18 29 20 14 32 56 16 13 32 35 29 9 2 34 15 33 21 18 9 16 52 12 45 13 21 13 24 28 14 30 46 26 14 28 36
33 15 31 16 46 9 0 24 18 18 31 28 59 13 21 23 33 7 18 9 23 36 36 58 9 15 30 24 24 41 13 32 8 15 33 2 18 26 44 14 19 21
41 17 48 28 61 18 20 0 23 19 32 19 23 24 23 51 33 37 10 9 46 4 22 30 37 17 23 51 6 37 33 15 44 3 15 26 52 36 27 25 51 44
61 18 23 18 18 43 24 36 0 15 22 8 10 25 39 58 23 33 19 26 10 33 8 12 32 33 22 31 41 45 61 8 42 18 14 26 15 7 7 24 25 32
46 7 27 3 23 12 17 30 28 0 9 9 37 3 26 30 44 11 10 19 10 31 13 20 20 22 5 21 30 14 20 19 8 24 18 10 11 29 18 19 18 36
27 23 15 4 17 23 19 34 16 4 0 15 22 8 28 27 36 23 19 31 5 51 5 25 15 20 1 25 46 16 34 8 23 40 9 11 12 18 13 13 23 62
50 13 57 9 19 15 22 29 4 9 15 0 16 24 21 25 15 19 11 24 7 28 2 9 34 29 8 31 39 24 20 3 40 13 10 40 10 7 10 16 24 60
71 25 54 22 4 48 29 55 15 23 10 22 0 22 47 18 11 54 33 47 9 44 18 7 41 45 18 36 45 22 62 22 40 41 24 21 7 4 4 24 40 49
35 13 16 6 40 10 12 23 27 2 13 18 34 0 22 20 26 20 21 20 17 37 13 34 26 19 6 26 37 20 22 16 16 34 18 7 27 20 19 15 33 32
16 25 15 26 54 20 13 29 55 13 28 42 43 16 0 26 55 6 46 14 34 35 32 45 13 28 31 26 56 29 2 33 4 30 44 9 26 31 55 11 32 23
51 24 21 29 31 42 50 40 41 39 35 33 39 33 31 0 43 23 35 23 14 84 24 41 56 58 17 7 33 5 27 44 33 41 51 47 17 51 45 10 10 32
93 28 57 31 15 44 32 51 15 33 36 15 9 19 59 29 0 68 24 26 32 45 32 8 82 38 24 49 64 24 59 20 62 53 32 63 13 6 2 36 40 47
30 32 16 13 19 23 18 25 53 24 16 33 44 11 4 17 60 0 33 19 10 34 40 62 24 15 12 16 38 21 9 37 4 21 47 7 37 58 41 7 26 26
64 7 62 29 26 20 17 4 20 12 12 24 45 9 41 65 34 44 0 20 29 20 12 37 22 14 31 21 13 57 40 14 41 5 8 19 20 21 43 29 22 60
25 20 19 20 34 3 10 8 43 22 28 23 36 8 27 26 66 25 19 0 23 24 17 48 19 5 29 42 21 46 22 14 14 20 20 17 21 38 33 14 40 31
44 13 26 6 12 16 35 46 9 9 4 15 14 13 28 30 36 23 29 14 0 39 7 12 33 24 2 20 43 26 33 11 22 43 28 33 8 13 20 23 9 62
25 16 38 25 39 10 14 12 41 35 28 18 70 25 57 30 43 50 14 15 31 0 46 37 35 8 19 76 7 31 48 15 25 9 11 23 39 30 43 38 28 31
65 14 22 13 11 20 36 16 9 10 9 4 17 10 30 44 23 14 20 26 10 33 0 11 34 27 11 18 30 37 31 9 33 15 10 19 8 12 13 33 25 42
44 21 26 19 10 34 54 49 5 25 15 8 14 34 50 65 8 32 41 36 32 32 22 0 32 45 19 31 35 44 41 16 34 49 16 61 20 8 7 45 52 57
9 22 23 29 55 13 5 28 47 34 38 20 33 27 12 22 60 24 23 13 31 23 31 41 0 15 26 39 18 41 10 20 18 27 19 11 22 39 50 32 19 15
15 21 37 34 46 5 13 14 31 12 24 19 31 22 28 31 47 18 16 6 22 17 30 49 15 0 29 45 17 63 22 28 14 17 31 9 49 51 45 16 34 28
41 23 41 12 21 19 25 16 16 5 1 7 10 12 18 29 26 22 15 19 4 48 6 28 20 33 0 10 48 14 25 8 23 31 23 25 13 24 27 15 24 48
61 48 10 18 13 37 43 62 43 12 18 24 38 26 25 7 42 14 51 51 22 49 34 42 43 32 23 0 69 11 28 17 14 25 47 40 8 20 47 16 3 49
40 13 46 30 56 28 30 7 45 24 34 30 52 17 34 47 39 39 9 20 43 3 34 21 48 12 50 78 0 67 27 32 44 5 14 27 45 45 28 24 68 45
41 28 12 24 36 30 41 69 25 16 19 42 29 28 30 3 61 12 58 36 18 46 30 57 49 23 19 5 59 0 30 20 29 26 39 39 19 40 49 7 3 48
22 40 16 20 27 27 13 36 24 14 23 20 50 19 1 37 36 5 52 14 18 41 35 48 8 29 33 39 39 16 0 28 10 32 24 15 53 61 69 8 20 13
45 11 59 19 28 33 15 27 9 10 18 3 12 10 52 49 17 23 19 17 11 16 3 11 25 41 9 25 26 40 20 0 20 28 6 32 11 24 23 24 27 58
18 31 15 14 50 9 15 45 25 22 25 40 42 9 7 17 50 5 44 13 11 43 17 50 13 21 17 18 38 24 11 29 0 21 44 7 34 32 39 8 25 27
60 18 37 40 28 9 23 3 17 13 38 15 32 28 39 57 38 32 11 13 32 7 26 32 36 21 43 66 6 49 31 23 29 0 18 22 48 36 53 39 47 42
36 3 37 31 17 27 20 11 12 20 22 15 35 22 38 43 39 48 8 18 27 32 14 20 41 31 26 29 24 43 41 9 38 14 0 37 26 20 30 43 21 24
23 19 24 12 46 6 3 38 22 19 15 28 43 10 15 28 43 16 27 12 19 38 24 51 12 10 32 25 18 18 13 15 10 21 20 0 24 49 57 12 31 12
54 15 23 16 11 35 29 28 23 25 11 19 10 13 18 18 16 27 41 18 5 53 8 29 46 20 11 17 56 28 33 16 31 46 16 35 0 18 13 23 18 30
71 31 49 28 7 39 25 47 6 23 12 18 4 21 41 24 8 29 35 20 23 33 22 4 51 63 11 40 44 25 63 19 44 36 23 34 10 0 4 42 30 44
58 24 50 26 11 32 53 29 13 21 22 16 5 49 48 41 4 50 21 22 32 66 17 8 66 63 35 44 44 39 42 12 30 34 24 58 27 3 0 37 45 94
22 36 7 11 39 16 19 22 34 13 18 23 24 10 17 25 56 5 43 18 8 24 13 23 15 30 24 17 51 8 9 40 7 41 30 15 31 52 55 0 18 43
28 35 14 18 25 26 36 55 28 17 10 35 41 22 24 6 42 18 57 22 20 54 35 21 21 38 14 2 28 6 20 43 24 59 31 14 16 45 51 13 0 44
0 59 26 30 53 40 33 35 39 35 40 35 82 20 18 27 91 22 37 41 28 42 36 72 11 37 45 39 48 27 15 49 28 44 48 15 46 77 85 25 64 0