7
40
,
0 (19.0, 37.0) 53.0
1 (30.0, 0.0) 61.0
2 (27.0, 21.0) 45.0
3 (48.0, 34.0) 34.0
4 (11.0, 25.0) 87.0
5 (13.0, 18.0) 35.0
6 (8.0, 41.0) 71.0
7 (35.0, 43.0) 36.0
8 (26.0, 25.0) 73.0
9 (32.0, 27.0) 36.0
10 (31.0, 38.0) 67.0
11 (47.0, 39.0) 70.0
12 (23.0, 24.0) 49.0
13 (18.0, 5.0) 57.0
14 (45.0, 4.0) 36.0
15 (50.0, 48.0) 47.0
16 (24.0, 9.0) 70.0
17 (15.0, 40.0) 83.0
18 (10.0, 27.0) 51.0
19 (35.0, 26.0) 33.0
20 (0.0, 40.0) 55.0
21 (31.0, 35.0) 74.0
22 (42.0, 48.0) 32.0
23 (7.0, 13.0) 37.0
24 (4.0, 25.0) 35.0
25 (33.0, 28.0) 85.0
26 (44.0, 14.0) 72.0
27 (2.0, 45.0) 56.0
28 (42.0, 7.0) 51.0
29 (16.0, 5.0) 35.0
30 (29.0, 41.0) 51.0
31 (21.0, 11.0) 51.0
32 (8.0, 43.0) 76.0
33 (21.0, 41.0) 69.0
34 (15.0, 16.0) 50.0
35 (43.0, 28.0) 74.0
36 (45.0, 42.0) 44.0
37 (48.0, 46.0) 30.0
38 (29.0, 11.0) 68.0
39 (42.0, 12.0) 50.0
,
0 21 15 17 29 14 11 21 28 18 21 25 31 17 9 23 35 13 21 14 22 20 23 32 7 13 22 23 23 21 8 25 12 22 23 11 26 31 33 16 22 0
21 0 19 9 15 7 10 6 9 7 8 6 14 7 16 21 16 14 2 7 10 10 6 13 13 10 8 17 9 19 16 5 13 6 2 11 13 13 15 14 17 21
15 19 0 11 19 16 12 23 22 13 14 19 21 12 6 8 26 5 21 17 13 25 18 25 13 18 14 10 26 7 7 21 7 24 21 11 15 22 25 6 8 15
17 9 11 0 12 8 7 14 12 2 4 9 13 2 9 12 18 6 11 9 5 17 7 15 11 12 5 9 17 10 10 10 6 15 10 6 9 14 16 5 9 17
29 15 19 12 0 19 19 20 8 12 9 9 3 13 21 15 7 17 17 19 8 24 9 8 23 22 8 10 24 14 22 10 18 20 14 19 4 4 6 15 11 29
14 7 16 8 19 0 4 8 15 8 11 12 19 6 11 20 23 10 8 1 12 9 11 19 6 4 11 17 11 18 10 12 9 9 9 5 16 19 21 11 17 14
11 10 12 7 19 4 0 12 17 7 11 13 20 6 7 17 24 7 11 5 12 13 12 21 4 6 11 16 15 16 7 14 5 13 12 1 16 20 22 9 15 11
21 6 23 14 20 8 12 0 14 12 14 12 20 11 19 26 21 18 4 7 15 4 12 17 14 8 14 22 4 24 18 10 16 1 6 13 19 19 20 18 22 21
28 9 22 12 8 15 17 14 0 10 8 3 6 11 21 20 8 18 10 15 8 18 4 4 21 18 8 15 17 18 21 3 17 14 7 17 8 5 7 16 16 28
18 7 13 2 12 8 7 12 10 0 3 7 13 2 11 14 17 8 9 8 5 15 6 14 11 11 4 11 16 12 11 8 7 13 8 7 9 13 15 7 10 18
21 8 14 4 9 11 11 14 8 3 0 6 10 5 13 13 14 10 11 11 2 17 4 12 14 14 1 9 17 11 14 7 10 14 9 10 6 10 12 8 9 21
25 6 19 9 9 12 13 12 3 7 6 0 8 8 18 18 11 15 8 12 6 16 2 7 17 15 5 14 15 16 18 2 14 12 5 14 8 7 9 14 14 25
31 14 21 13 3 19 20 20 6 13 10 8 0 14 22 18 5 19 16 19 9 24 8 5 24 23 9 13 23 16 23 9 19 20 13 20 6 2 4 17 14 31
17 7 12 2 13 6 6 11 11 2 5 8 14 0 10 15 18 8 9 7 6 14 7 15 10 10 5 12 15 13 10 9 7 12 9 6 10 14 17 7 11 17
9 16 6 9 21 11 7 19 21 11 13 18 22 10 0 14 27 4 18 12 14 20 16 25 7 12 14 14 22 12 1 19 3 20 18 6 17 23 25 6 12 9
23 21 8 12 15 20 17 26 20 14 13 18 18 15 14 0 22 11 23 21 12 29 17 22 20 23 13 5 30 2 15 20 12 27 22 16 12 19 21 9 4 23
35 16 26 18 7 23 24 21 8 17 14 11 5 18 27 22 0 23 18 23 13 25 12 4 28 26 13 17 24 21 27 11 24 21 15 24 11 4 1 21 18 35
13 14 5 6 17 10 7 18 18 8 10 15 19 8 4 11 23 0 16 11 10 20 13 21 9 13 11 10 21 9 4 16 2 19 16 6 13 20 22 3 9 13
21 2 21 11 17 8 11 4 10 9 11 8 16 9 18 23 18 16 0 7 12 8 8 14 14 9 11 19 7 21 18 7 15 4 3 12 15 15 17 16 19 21
14 7 17 9 19 1 5 7 15 8 11 12 19 7 12 21 23 11 7 0 13 8 11 19 7 3 12 18 10 19 11 12 10 8 9 6 17 19 21 12 18 14
22 10 13 5 8 12 12 15 8 5 2 6 9 6 14 12 13 10 12 13 0 19 5 12 15 16 1 8 19 10 14 8 10 16 10 11 4 9 12 8 8 22
20 10 25 17 24 9 13 4 18 15 17 16 24 14 20 29 25 20 8 8 19 0 16 21 14 8 18 26 3 27 19 15 18 4 11 14 22 23 24 21 25 20
23 6 18 7 9 11 12 12 4 6 4 2 8 7 16 17 12 13 8 11 5 16 0 9 16 14 4 12 15 15 17 3 13 12 6 12 7 8 10 12 13 23
32 13 25 15 8 19 21 17 4 14 12 7 5 15 25 22 4 21 14 19 12 21 9 0 25 22 11 17 20 20 25 7 21 17 11 21 10 3 3 20 18 32
7 13 13 11 23 6 4 14 21 11 14 17 24 10 7 20 28 9 14 7 15 14 16 25 0 6 15 19 16 18 6 18 7 15 16 4 20 24 26 11 18 7
13 10 18 12 22 4 6 8 18 11 14 15 23 10 12 23 26 13 9 3 16 8 14 22 6 0 15 21 10 21 12 15 11 9 12 7 20 22 24 14 20 13
22 8 14 5 8 11 11 14 8 4 1 5 9 5 14 13 13 11 11 12 1 18 4 11 15 15 0 9 18 11 14 7 10 15 9 11 5 9 12 9 9 22
23 17 10 9 10 17 16 22 15 11 9 14 13 12 14 5 17 10 19 18 8 26 12 17 19 21 9 0 26 4 15 15 12 23 18 15 7 14 16 8 1 23
23 9 26 17 24 11 15 4 17 16 17 15 23 15 22 30 24 21 7 10 19 3 15 20 16 10 18 26 0 28 21 14 19 3 10 16 22 22 23 22 26 23
21 19 7 10 14 18 16 24 18 12 11 16 16 13 12 2 21 9 21 19 10 27 15 20 18 21 11 4 28 0 13 18 11 25 20 14 11 18 20 7 2 21
8 16 7 10 22 10 7 18 21 11 14 18 23 10 1 15 27 4 18 11 14 19 17 25 6 12 14 15 21 13 0 19 4 19 18 6 18 24 26 7 13 8
25 5 21 10 10 12 14 10 3 8 7 2 9 9 19 20 11 16 7 12 8 15 3 7 18 15 7 15 14 18 19 0 16 11 4 14 10 8 10 15 16 25
12 13 7 6 18 9 5 16 17 7 10 14 19 7 3 12 24 2 15 10 10 18 13 21 7 11 10 12 19 11 4 16 0 17 15 4 14 20 22 4 11 12
22 6 24 15 20 9 13 1 14 13 14 12 20 12 20 27 21 19 4 8 16 4 12 17 15 9 15 23 3 25 19 11 17 0 7 14 19 19 20 19 23 22
23 2 21 10 14 9 12 6 7 8 9 5 13 9 18 22 15 16 3 9 10 11 6 11 16 12 9 18 10 20 18 4 15 7 0 13 13 12 14 16 18 23
11 11 11 6 19 5 1 13 17 7 10 14 20 6 6 16 24 6 12 6 11 14 12 21 4 7 11 15 16 14 6 14 4 14 13 0 15 20 22 7 14 11
26 13 15 9 4 16 16 19 8 9 6 8 6 10 17 12 11 13 15 17 4 22 7 10 20 20 5 7 22 11 18 10 14 19 13 15 0 7 9 11 8 26
31 13 22 14 4 19 20 19 5 13 10 7 2 14 23 19 4 20 15 19 9 23 8 3 24 22 9 14 22 18 24 8 20 19 12 20 7 0 2 17 15 31
33 15 25 16 6 21 22 20 7 15 12 9 4 17 25 21 1 22 17 21 12 24 10 3 26 24 12 16 23 20 26 10 22 20 14 22 9 2 0 20 17 33
16 14 6 5 15 11 9 18 16 7 8 14 17 7 6 9 21 3 16 12 8 21 12 20 11 14 9 8 22 7 7 15 4 19 16 7 11 17 20 0 7 16
22 17 8 9 11 17 15 22 16 10 9 14 14 11 12 4 18 9 19 18 8 25 13 18 18 20 9 1 26 2 13 16 11 23 18 14 8 15 17 7 0 22
0 21 15 17 29 14 11 21 28 18 21 25 31 17 9 23 35 13 21 14 22 20 23 32 7 13 22 23 23 21 8 25 12 22 23 11 26 31 33 16 22 0
,
0 42 43 45 62 25 16 42 49 20 40 67 79 23 18 31 96 13 63 35 34 30 51 37 9 17 55 65 43 32 13 41 18 46 40 25 70 54 79 39 64 0
59 0 39 15 35 20 19 7 23 15 12 12 20 14 47 25 33 37 7 19 25 20 17 31 19 24 21 30 11 39 30 9 22 8 3 28 16 14 31 23 34 33
23 43 0 23 46 43 30 46 64 16 22 29 38 21 11 16 27 15 59 36 17 39 52 44 22 49 32 23 38 20 10 29 7 41 37 32 25 56 71 15 11 42
49 17 27 0 24 22 17 29 29 4 8 11 29 3 17 22 25 8 20 21 7 22 15 25 16 30 13 22 45 19 19 16 9 16 27 7 13 16 24 14 23 44
37 25 26 22 0 52 35 54 22 21 21 9 5 36 48 16 15 46 43 53 10 67 25 14 33 37 20 17 47 36 33 20 33 23 29 26 11 6 6 29 19 69
36 15 43 10 40 0 6 13 43 18 26 35 22 12 31 44 58 21 21 2 34 15 21 30 14 8 28 22 23 41 29 32 19 10 14 14 24 26 30 21 18 25
29 21 27 10 45 9 0 34 27 22 20 33 58 8 20 35 55 18 31 9 15 27 35 34 4 6 24 35 30 32 8 18 15 35 30 4 44 25 37 21 17 29
43 13 61 20 26 14 15 0 25 35 33 26 33 17 22 32 41 44 4 19 24 8 17 37 19 20 16 27 7 55 52 15 28 3 10 17 47 52 30 22 52 53
51 25 61 15 22 18 42 15 0 23 10 4 6 32 56 25 17 26 23 39 18 42 11 10 33 33 15 18 21 19 34 9 24 28 9 28 18 5 14 18 24 49
23 9 32 5 22 8 17 33 21 0 7 18 17 2 21 19 21 11 21 19 9 36 8 42 24 30 7 20 38 24 27 17 11 22 19 13 21 21 34 20 19 52
57 22 18 9 18 27 21 23 11 5 0 12 18 14 20 14 16 22 31 28 3 32 5 24 25 28 2 15 21 24 26 21 20 33 17 19 7 15 17 9 25 37
66 10 53 11 9 15 38 28 6 7 16 0 19 13 29 49 28 21 16 21 19 26 4 16 26 26 12 32 39 26 32 4 39 31 10 16 19 22 23 26 34 69
90 15 46 27 4 34 28 40 12 35 19 17 0 42 46 45 5 56 38 22 12 60 25 7 57 61 12 36 59 44 62 23 56 47 36 48 16 3 7 19 39 56
23 14 27 4 21 8 11 21 22 3 8 14 29 0 17 25 51 16 9 14 17 24 11 29 16 16 5 17 20 21 18 22 17 18 15 12 22 35 17 14 31 44
17 37 8 11 28 29 10 31 54 18 15 36 39 24 0 14 73 8 20 32 19 26 22 34 20 35 27 18 34 25 3 34 4 36 54 6 31 38 75 13 15 23
54 50 22 30 27 50 32 78 58 14 27 33 19 28 34 0 64 16 59 57 33 73 43 31 33 45 20 12 64 3 15 41 22 70 56 27 17 40 33 15 12 37
50 20 56 52 11 34 45 23 13 46 38 25 11 21 36 22 0 54 38 23 20 52 22 8 52 36 38 38 26 52 43 31 61 47 33 41 27 10 3 36 52 82
17 16 12 11 33 25 19 50 30 17 27 41 27 16 7 30 34 0 21 16 27 53 38 51 11 21 11 26 52 21 11 32 3 50 19 13 14 35 44 6 25 17
40 6 29 15 34 12 27 7 18 10 12 20 45 19 33 38 20 22 0 21 20 16 18 19 35 20 14 43 12 54 23 10 36 5 8 25 41 19 21 39 38 40
25 19 34 10 38 1 7 19 42 22 14 30 26 7 22 28 52 15 20 0 32 13 32 34 11 5 20 43 26 31 30 24 22 21 10 13 47 29 60 36 22 28
45 25 24 7 12 26 32 21 18 13 3 14 23 12 19 20 24 27 23 21 0 23 5 29 29 43 4 13 52 11 15 11 26 39 20 25 8 13 32 20 17 60
51 25 62 21 44 14 37 5 27 33 22 45 62 40 57 62 51 31 8 18 28 0 29 23 18 19 32 52 5 57 50 43 31 12 11 24 59 63 46 30 71 52
29 15 41 13 17 24 32 35 12 16 11 3 20 19 28 38 20 26 13 32 12 28 0 11 26 15 6 30 29 21 25 6 15 30 7 35 17 10 16 21 15 25
58 29 38 33 14 52 30 50 12 24 27 10 7 40 42 24 5 37 34 20 23 40 11 0 25 32 16 27 31 33 63 18 55 34 21 61 11 8 6 34 20 42
19 38 32 23 53 9 6 16 41 24 39 52 41 20 16 51 70 25 31 19 29 29 41 51 0 11 23 38 41 46 10 34 19 17 20 12 37 55 39 21 18 11
24 13 32 26 29 4 11 19 49 26 20 17 41 24 31 38 38 16 26 4 24 10 24 66 16 0 18 28 29 54 13 31 13 22 28 21 41 60 62 42 56 31
40 20 38 11 23 32 12 24 19 4 1 10 10 6 17 32 19 25 22 15 3 21 9 20 44 19 0 25 45 21 15 15 31 33 16 17 5 11 20 11 25 34
55 49 22 25 22 39 41 50 31 20 20 33 20 27 28 8 33 21 40 33 21 53 20 34 54 23 10 0 77 10 19 17 21 39 44 35 13 16 38 19 2 36
55 27 42 40 46 26 38 8 29 24 27 19 58 18 37 45 71 28 13 15 55 4 17 31 17 16 34 38 0 34 40 17 25 6 29 36 30 25 59 50 59 54
24 53 9 28 26 43 31 42 49 27 16 21 17 33 19 5 48 19 22 49 26 70 17 50 47 57 15 4 48 0 22 53 11 63 32 22 26 46 56 8 7 44
10 18 11 14 57 26 10 51 35 23 39 40 67 20 2 23 50 13 48 28 24 56 49 60 12 13 32 33 44 30 0 42 10 38 50 12 21 46 53 14 18 18
31 7 56 29 25 16 22 15 9 15 20 5 21 9 48 42 20 26 7 31 21 24 9 13 34 36 17 31 37 50 21 0 29 20 9 35 10 22 24 42 35 48
27 26 21 10 20 13 15 41 46 14 27 16 30 15 7 31 53 3 28 19 17 44 29 39 20 15 14 35 23 12 6 27 0 17 42 10 40 51 61 11 16 21
34 7 53 31 55 24 15 1 32 26 39 29 31 29 41 59 41 45 9 11 47 12 18 20 20 23 20 30 5 32 52 17 35 0 18 41 22 42 25 24 43 52
34 3 57 14 21 24 32 10 16 12 14 8 25 16 39 32 26 20 7 13 15 31 11 17 18 30 17 36 17 34 48 8 21 7 0 33 13 34 37 38 18 61
15 26 19 19 26 13 2 38 41 16 11 20 35 15 7 23 58 15 25 10 15 38 33 62 13 10 20 19 38 20 15 25 10 20 32 0 21 34 26 12 23 23
74 16 33 23 10 46 24 19 12 9 12 23 11 28 25 26 32 17 44 46 5 35 9 13 56 47 7 17 39 17 43 20 40 52 14 39 0 9 25 29 12 31
76 19 59 17 5 40 22 51 9 26 11 13 5 26 42 36 6 50 18 57 19 28 9 10 71 45 17 39 62 35 64 18 22 23 29 38 16 0 4 31 40 32
92 18 35 33 8 44 64 59 19 23 36 26 7 48 63 26 4 24 30 56 13 45 20 7 57 41 17 19 28 40 51 18 35 23 14 37 16 6 0 23 45 38
34 42 6 12 36 14 16 44 47 9 20 32 38 17 17 13 59 3 24 34 18 36 17 42 14 20 10 21 26 11 10 36 7 47 19 17 17 24 25 0 9 43
22 37 20 11 33 49 37 33 30 17 11 32 38 33 33 6 29 21 29 33 17 75 24 37 45 51 26 3 42 4 23 37 18 54 20 28 22 21 29 15 0 23
0 58 41 21 43 28 25 21 83 54 23 44 65 24 15 51 86 35 31 19 45 47 54 77 16 37 59 66 39 24 19 34 31 47 67 12 40 52 46 31 56 0