7
40
,
0 (19.0, 37.0) 31.0
1 (30.0, 0.0) 46.0
2 (27.0, 21.0) 36.0
3 (48.0, 34.0) 33.0
4 (11.0, 25.0) 39.0
5 (13.0, 18.0) 49.0
6 (8.0, 41.0) 56.0
7 (35.0, 43.0) 69.0
8 (26.0, 25.0) 52.0
9 (32.0, 27.0) 45.0
10 (31.0, 38.0) 37.0
11 (47.0, 39.0) 54.0
12 (23.0, 24.0) 88.0
13 (18.0, 5.0) 77.0
14 (45.0, 4.0) 35.0
15 (50.0, 48.0) 57.0
16 (24.0, 9.0) 80.0
17 (15.0, 40.0) 67.0
18 (10.0, 27.0) 46.0
19 (35.0, 26.0) 47.0
20 (0.0, 40.0) 51.0
21 (31.0, 35.0) 84.0
22 (42.0, 48.0) 61.0
23 (7.0, 13.0) 68.0
24 (4.0, 25.0) 54.0
25 (33.0, 28.0) 59.0
26 (44.0, 14.0) 76.0
27 (2.0, 45.0) 70.0
28 (42.0, 7.0) 30.0
29 (16.0, 5.0) 39.0
30 (29.0, 41.0) 31.0
31 (21.0, 11.0) 82.0
32 (8.0, 43.0) 60.0
33 (21.0, 41.0) 61.0
34 (15.0, 16.0) 39.0
35 (43.0, 28.0) 39.0
36 (45.0, 42.0) 53.0
37 (48.0, 46.0) 42.0
38 (29.0, 11.0) 37.0
39 (42.0, 12.0) 65.0
,
0 21 15 17 29 14 11 21 28 18 21 25 31 17 9 23 35 13 21 14 22 20 23 32 7 13 22 23 23 21 8 25 12 22 23 11 26 31 33 16 22 0
21 0 19 9 15 7 10 6 9 7 8 6 14 7 16 21 16 14 2 7 10 10 6 13 13 10 8 17 9 19 16 5 13 6 2 11 13 13 15 14 17 21
15 19 0 11 19 16 12 23 22 13 14 19 21 12 6 8 26 5 21 17 13 25 18 25 13 18 14 10 26 7 7 21 7 24 21 11 15 22 25 6 8 15
17 9 11 0 12 8 7 14 12 2 4 9 13 2 9 12 18 6 11 9 5 17 7 15 11 12 5 9 17 10 10 10 6 15 10 6 9 14 16 5 9 17
29 15 19 12 0 19 19 20 8 12 9 9 3 13 21 15 7 17 17 19 8 24 9 8 23 22 8 10 24 14 22 10 18 20 14 19 4 4 6 15 11 29
14 7 16 8 19 0 4 8 15 8 11 12 19 6 11 20 23 10 8 1 12 9 11 19 6 4 11 17 11 18 10 12 9 9 9 5 16 19 21 11 17 14
11 10 12 7 19 4 0 12 17 7 11 13 20 6 7 17 24 7 11 5 12 13 12 21 4 6 11 16 15 16 7 14 5 13 12 1 16 20 22 9 15 11
21 6 23 14 20 8 12 0 14 12 14 12 20 11 19 26 21 18 4 7 15 4 12 17 14 8 14 22 4 24 18 10 16 1 6 13 19 19 20 18 22 21
28 9 22 12 8 15 17 14 0 10 8 3 6 11 21 20 8 18 10 15 8 18 4 4 21 18 8 15 17 18 21 3 17 14 7 17 8 5 7 16 16 28
18 7 13 2 12 8 7 12 10 0 3 7 13 2 11 14 17 8 9 8 5 15 6 14 11 11 4 11 16 12 11 8 7 13 8 7 9 13 15 7 10 18
21 8 14 4 9 11 11 14 8 3 0 6 10 5 13 13 14 10 11 11 2 17 4 12 14 14 1 9 17 11 14 7 10 14 9 10 6 10 12 8 9 21
25 6 19 9 9 12 13 12 3 7 6 0 8 8 18 18 11 15 8 12 6 16 2 7 17 15 5 14 15 16 18 2 14 12 5 14 8 7 9 14 14 25
31 14 21 13 3 19 20 20 6 13 10 8 0 14 22 18 5 19 16 19 9 24 8 5 24 23 9 13 23 16 23 9 19 20 13 20 6 2 4 17 14 31
17 7 12 2 13 6 6 11 11 2 5 8 14 0 10 15 18 8 9 7 6 14 7 15 10 10 5 12 15 13 10 9 7 12 9 6 10 14 17 7 11 17
9 16 6 9 21 11 7 19 21 11 13 18 22 10 0 14 27 4 18 12 14 20 16 25 7 12 14 14 22 12 1 19 3 20 18 6 17 23 25 6 12 9
23 21 8 12 15 20 17 26 20 14 13 18 18 15 14 0 22 11 23 21 12 29 17 22 20 23 13 5 30 2 15 20 12 27 22 16 12 19 21 9 4 23
35 16 26 18 7 23 24 21 8 17 14 11 5 18 27 22 0 23 18 23 13 25 12 4 28 26 13 17 24 21 27 11 24 21 15 24 11 4 1 21 18 35
13 14 5 6 17 10 7 18 18 8 10 15 19 8 4 11 23 0 16 11 10 20 13 21 9 13 11 10 21 9 4 16 2 19 16 6 13 20 22 3 9 13
21 2 21 11 17 8 11 4 10 9 11 8 16 9 18 23 18 16 0 7 12 8 8 14 14 9 11 19 7 21 18 7 15 4 3 12 15 15 17 16 19 21
14 7 17 9 19 1 5 7 15 8 11 12 19 7 12 21 23 11 7 0 13 8 11 19 7 3 12 18 10 19 11 12 10 8 9 6 17 19 21 12 18 14
22 10 13 5 8 12 12 15 8 5 2 6 9 6 14 12 13 10 12 13 0 19 5 12 15 16 1 8 19 10 14 8 10 16 10 11 4 9 12 8 8 22
20 10 25 17 24 9 13 4 18 15 17 16 24 14 20 29 25 20 8 8 19 0 16 21 14 8 18 26 3 27 19 15 18 4 11 14 22 23 24 21 25 20
23 6 18 7 9 11 12 12 4 6 4 2 8 7 16 17 12 13 8 11 5 16 0 9 16 14 4 12 15 15 17 3 13 12 6 12 7 8 10 12 13 23
32 13 25 15 8 19 21 17 4 14 12 7 5 15 25 22 4 21 14 19 12 21 9 0 25 22 11 17 20 20 25 7 21 17 11 21 10 3 3 20 18 32
7 13 13 11 23 6 4 14 21 11 14 17 24 10 7 20 28 9 14 7 15 14 16 25 0 6 15 19 16 18 6 18 7 15 16 4 20 24 26 11 18 7
13 10 18 12 22 4 6 8 18 11 14 15 23 10 12 23 26 13 9 3 16 8 14 22 6 0 15 21 10 21 12 15 11 9 12 7 20 22 24 14 20 13
22 8 14 5 8 11 11 14 8 4 1 5 9 5 14 13 13 11 11 12 1 18 4 11 15 15 0 9 18 11 14 7 10 15 9 11 5 9 12 9 9 22
23 17 10 9 10 17 16 22 15 11 9 14 13 12 14 5 17 10 19 18 8 26 12 17 19 21 9 0 26 4 15 15 12 23 18 15 7 14 16 8 1 23
23 9 26 17 24 11 15 4 17 16 17 15 23 15 22 30 24 21 7 10 19 3 15 20 16 10 18 26 0 28 21 14 19 3 10 16 22 22 23 22 26 23
21 19 7 10 14 18 16 24 18 12 11 16 16 13 12 2 21 9 21 19 10 27 15 20 18 21 11 4 28 0 13 18 11 25 20 14 11 18 20 7 2 21
8 16 7 10 22 10 7 18 21 11 14 18 23 10 1 15 27 4 18 11 14 19 17 25 6 12 14 15 21 13 0 19 4 19 18 6 18 24 26 7 13 8
25 5 21 10 10 12 14 10 3 8 7 2 9 9 19 20 11 16 7 12 8 15 3 7 18 15 7 15 14 18 19 0 16 11 4 14 10 8 10 15 16 25
12 13 7 6 18 9 5 16 17 7 10 14 19 7 3 12 24 2 15 10 10 18 13 21 7 11 10 12 19 11 4 16 0 17 15 4 14 20 22 4 11 12
22 6 24 15 20 9 13 1 14 13 14 12 20 12 20 27 21 19 4 8 16 4 12 17 15 9 15 23 3 25 19 11 17 0 7 14 19 19 20 19 23 22
23 2 21 10 14 9 12 6 7 8 9 5 13 9 18 22 15 16 3 9 10 11 6 11 16 12 9 18 10 20 18 4 15 7 0 13 13 12 14 16 18 23
11 11 11 6 19 5 1 13 17 7 10 14 20 6 6 16 24 6 12 6 11 14 12 21 4 7 11 15 16 14 6 14 4 14 13 0 15 20 22 7 14 11
26 13 15 9 4 16 16 19 8 9 6 8 6 10 17 12 11 13 15 17 4 22 7 10 20 20 5 7 22 11 18 10 14 19 13 15 0 7 9 11 8 26
31 13 22 14 4 19 20 19 5 13 10 7 2 14 23 19 4 20 15 19 9 23 8 3 24 22 9 14 22 18 24 8 20 19 12 20 7 0 2 17 15 31
33 15 25 16 6 21 22 20 7 15 12 9 4 17 25 21 1 22 17 21 12 24 10 3 26 24 12 16 23 20 26 10 22 20 14 22 9 2 0 20 17 33
16 14 6 5 15 11 9 18 16 7 8 14 17 7 6 9 21 3 16 12 8 21 12 20 11 14 9 8 22 7 7 15 4 19 16 7 11 17 20 0 7 16
22 17 8 9 11 17 15 22 16 10 9 14 14 11 12 4 18 9 19 18 8 25 13 18 18 20 9 1 26 2 13 16 11 23 18 14 8 15 17 7 0 22
0 21 15 17 29 14 11 21 28 18 21 25 31 17 9 23 35 13 21 14 22 20 23 32 7 13 22 23 23 21 8 25 12 22 23 11 26 31 33 16 22 0
,
0 24 42 31 51 19 13 24 81 25 59 53 78 47 27 42 87 26 36 20 49 42 68 69 12 33 38 41 25 34 22 35 15 37 46 31 46 79 69 41 64 0
39 0 41 10 37 10 16 17 21 13 13 13 32 11 47 58 28 27 6 13 22 28 18 13 16 20 13 20 15 33 30 16 25 8 4 12 15 26 19 27 32 41
26 32 0 17 49 26 30 45 24 19 31 35 26 15 8 14 45 12 46 48 23 55 41 47 24 19 34 24 27 17 10 38 13 57 54 20 40 30 59 13 22 44
24 26 30 0 29 9 16 15 23 4 11 10 16 4 13 29 25 17 22 24 12 43 17 42 24 18 7 26 34 14 17 23 15 35 18 7 19 37 44 11 25 51
45 23 29 26 0 23 32 60 22 13 19 19 5 29 29 33 18 48 50 55 11 24 9 13 29 43 24 21 41 39 55 11 19 56 40 36 7 5 7 35 14 77
25 11 27 20 35 0 9 10 20 10 32 14 43 10 22 32 49 26 12 3 34 23 13 50 8 9 25 42 15 47 30 18 10 15 16 11 39 33 22 15 42 39
17 24 20 18 24 6 0 34 39 16 23 17 44 10 15 30 42 7 19 7 29 26 16 22 9 8 32 34 26 18 8 23 5 29 35 4 20 22 65 23 22 11
42 9 38 21 23 15 19 0 36 31 35 33 47 31 48 60 58 36 7 20 45 4 25 44 31 12 41 30 9 34 25 25 29 2 17 33 54 46 56 23 55 52
51 9 30 23 21 30 21 33 0 23 19 4 18 28 32 28 18 24 16 41 9 27 12 12 56 28 15 39 44 42 28 8 49 17 20 40 20 13 17 42 36 41
28 18 26 6 32 10 13 34 25 0 9 10 16 3 12 31 30 22 14 17 13 25 14 31 17 33 9 17 16 34 17 10 11 20 22 19 23 26 30 20 23 53
31 16 25 6 11 13 32 38 12 6 0 7 15 6 19 34 39 15 19 29 4 18 5 12 38 30 1 9 33 25 32 8 29 28 22 28 12 17 34 14 23 21
53 11 31 24 17 21 26 15 7 8 15 0 13 23 40 48 31 41 9 28 16 21 4 8 18 22 12 28 31 25 25 3 43 12 10 14 19 18 14 19 17 59
58 21 55 24 3 35 55 42 7 23 15 8 0 27 32 25 10 20 44 54 19 67 22 6 46 31 19 17 45 34 42 17 45 22 22 49 8 3 7 20 16 86
36 8 13 5 30 16 17 33 24 2 7 9 28 0 26 15 38 12 9 16 7 19 9 20 19 27 13 19 32 30 29 26 18 19 23 16 12 24 26 16 31 46
23 38 17 10 32 18 9 19 50 14 18 45 41 18 0 24 29 8 41 17 26 30 47 58 14 27 24 14 58 24 3 44 4 27 45 16 23 63 76 18 20 18
66 46 11 25 39 47 19 77 40 30 31 46 37 22 29 0 63 16 41 33 32 42 51 57 35 63 40 12 86 4 43 25 20 70 50 29 15 48 43 20 11 52
85 44 51 42 10 43 57 43 21 40 28 18 12 44 73 55 0 50 44 41 21 57 21 6 48 60 31 30 69 30 62 24 32 54 33 41 12 7 3 54 54 48
19 28 13 13 18 26 19 24 43 22 23 44 21 8 4 13 67 0 32 21 22 50 31 33 9 35 11 11 54 25 6 28 3 35 25 9 35 26 64 7 24 37
52 5 25 20 48 22 15 10 25 17 31 14 39 23 33 48 25 47 0 18 35 9 24 41 15 10 18 48 10 52 41 16 42 9 4 28 34 39 47 40 43 38
21 17 47 25 29 3 13 15 38 20 22 24 20 13 30 49 25 18 13 0 24 11 26 47 10 8 31 34 23 55 19 35 25 21 20 16 23 49 36 18 47 28
49 20 25 11 8 16 14 41 22 9 3 9 14 6 21 30 17 13 18 18 0 30 11 15 29 39 3 17 45 26 28 21 19 42 16 28 7 16 28 11 21 30
30 11 34 22 50 19 15 11 44 24 45 28 32 27 54 65 54 44 21 12 44 0 25 24 38 11 50 47 6 39 21 37 28 12 20 25 32 42 47 26 40 60
57 9 25 20 19 13 14 14 7 15 6 3 20 12 32 30 29 32 15 26 6 39 0 13 32 27 9 23 45 29 33 7 20 27 6 24 14 8 27 17 22 63
81 37 73 39 9 32 57 46 10 23 15 14 13 24 41 23 7 45 32 53 17 35 17 0 48 53 30 41 22 21 29 21 33 34 30 21 16 3 5 53 48 45
14 35 36 17 66 15 6 24 30 25 37 35 58 29 8 20 54 15 22 9 21 18 33 64 0 7 36 21 47 36 10 27 18 20 16 9 28 36 31 32 46 12
25 18 46 18 27 10 9 16 19 26 21 33 65 22 21 55 42 34 23 8 39 9 20 62 15 0 33 29 22 59 14 18 14 22 20 9 43 38 49 32 55 19
38 12 33 10 11 22 20 41 21 10 1 15 18 6 25 38 22 30 20 34 3 41 6 22 33 23 0 19 47 14 35 8 29 44 16 21 12 12 16 18 22 55
42 30 11 17 12 31 39 24 32 18 24 34 32 25 32 12 23 27 38 19 12 35 17 51 45 60 25 0 51 10 24 43 20 66 30 20 16 19 40 10 2 36
54 21 59 31 62 14 31 6 32 32 40 30 67 37 43 52 61 29 8 14 36 4 43 56 22 20 40 50 0 28 36 35 39 6 20 22 45 64 40 57 34 52
41 48 17 27 15 41 44 44 31 34 19 20 45 32 22 2 58 23 62 56 19 43 23 25 41 38 20 6 62 0 25 31 22 63 51 36 18 41 26 7 4 44
9 40 11 23 56 20 7 28 54 22 35 18 56 25 2 21 73 10 47 33 20 55 49 60 7 23 27 25 53 22 0 24 6 30 22 16 51 42 34 12 38 25
43 13 45 21 19 19 24 28 7 23 11 5 17 17 35 60 30 38 9 27 14 22 5 16 25 30 20 39 20 28 29 0 17 22 5 38 14 16 26 35 26 47
19 28 12 15 47 24 14 22 41 15 21 37 49 9 4 24 28 3 16 16 18 45 38 36 7 26 17 17 33 29 5 43 0 50 36 10 26 21 55 8 21 23
62 19 38 25 39 24 32 3 14 34 20 20 51 32 54 60 24 45 11 17 22 6 13 31 16 19 39 47 7 71 40 28 33 0 12 23 51 44 51 56 60 43
60 3 22 27 21 16 31 7 20 24 16 12 15 16 35 47 40 26 8 16 17 14 12 15 44 29 23 41 18 41 45 11 29 12 0 19 23 27 31 17 26 30
14 14 31 18 54 9 3 31 42 21 24 30 52 13 8 39 68 9 18 17 25 22 16 21 10 20 14 25 35 20 15 42 7 36 36 0 19 53 57 20 18 32
72 17 32 23 6 46 23 44 17 22 6 12 14 13 25 31 11 23 26 25 12 66 17 16 40 27 13 17 39 25 44 17 19 40 36 42 0 12 18 14 10 75
64 16 50 29 4 40 55 41 15 20 20 13 4 36 61 51 11 32 24 19 28 25 16 5 60 30 23 28 41 38 45 14 33 50 27 22 16 0 4 42 19 54
98 45 57 21 7 51 28 39 16 35 34 15 9 21 59 24 3 45 47 49 14 39 11 4 74 62 12 25 64 32 51 19 50 34 14 35 10 7 0 50 44 80
44 21 13 8 22 28 24 39 22 9 9 16 50 16 16 14 35 7 41 21 10 28 30 38 13 43 26 10 62 10 13 41 11 35 30 18 20 42 27 0 19 39
61 41 11 21 14 49 23 45 32 28 15 33 17 22 21 7 51 10 36 24 23 53 34 35 32 56 11 2 68 3 20 26 12 67 29 29 14 34 45 14 0 54
0 22 23 29 78 40 19 27 49 27 26 73 52 35 15 47 57 24 33 26 60 51 40 85 13 15 30 46 65 28 18 42 29 47 57 31 27 79 64 45 55 0