7
40
,
0 (19.0, 37.0) 70.0
1 (30.0, 0.0) 52.0
2 (27.0, 21.0) 51.0
3 (48.0, 34.0) 37.0
4 (11.0, 25.0) 64.0
5 (13.0, 18.0) 30.0
6 (8.0, 41.0) 46.0
7 (35.0, 43.0) 48.0
8 (26.0, 25.0) 44.0
9 (32.0, 27.0) 57.0
10 (31.0, 38.0) 50.0
11 (47.0, 39.0) 43.0
12 (23.0, 24.0) 79.0
13 (18.0, 5.0) 51.0
14 (45.0, 4.0) 39.0
15 (50.0, 48.0) 73.0
16 (24.0, 9.0) 30.0
17 (15.0, 40.0) 34.0
18 (10.0, 27.0) 34.0
19 (35.0, 26.0) 42.0
20 (0.0, 40.0) 76.0
21 (31.0, 35.0) 34.0
22 (42.0, 48.0) 57.0
23 (7.0, 13.0) 38.0
24 (4.0, 25.0) 50.0
25 (33.0, 28.0) 55.0
26 (44.0, 14.0) 34.0
27 (2.0, 45.0) 44.0
28 (42.0, 7.0) 43.0
29 (16.0, 5.0) 31.0
30 (29.0, 41.0) 67.0
31 (21.0, 11.0) 41.0
32 (8.0, 43.0) 42.0
33 (21.0, 41.0) 42.0
34 (15.0, 16.0) 77.0
35 (43.0, 28.0) 69.0
36 (45.0, 42.0) 41.0
37 (48.0, 46.0) 32.0
38 (29.0, 11.0) 90.0
39 (42.0, 12.0) 51.0
,
0 21 15 17 29 14 11 21 28 18 21 25 31 17 9 23 35 13 21 14 22 20 23 32 7 13 22 23 23 21 8 25 12 22 23 11 26 31 33 16 22 0
21 0 19 9 15 7 10 6 9 7 8 6 14 7 16 21 16 14 2 7 10 10 6 13 13 10 8 17 9 19 16 5 13 6 2 11 13 13 15 14 17 21
15 19 0 11 19 16 12 23 22 13 14 19 21 12 6 8 26 5 21 17 13 25 18 25 13 18 14 10 26 7 7 21 7 24 21 11 15 22 25 6 8 15
17 9 11 0 12 8 7 14 12 2 4 9 13 2 9 12 18 6 11 9 5 17 7 15 11 12 5 9 17 10 10 10 6 15 10 6 9 14 16 5 9 17
29 15 19 12 0 19 19 20 8 12 9 9 3 13 21 15 7 17 17 19 8 24 9 8 23 22 8 10 24 14 22 10 18 20 14 19 4 4 6 15 11 29
14 7 16 8 19 0 4 8 15 8 11 12 19 6 11 20 23 10 8 1 12 9 11 19 6 4 11 17 11 18 10 12 9 9 9 5 16 19 21 11 17 14
11 10 12 7 19 4 0 12 17 7 11 13 20 6 7 17 24 7 11 5 12 13 12 21 4 6 11 16 15 16 7 14 5 13 12 1 16 20 22 9 15 11
21 6 23 14 20 8 12 0 14 12 14 12 20 11 19 26 21 18 4 7 15 4 12 17 14 8 14 22 4 24 18 10 16 1 6 13 19 19 20 18 22 21
28 9 22 12 8 15 17 14 0 10 8 3 6 11 21 20 8 18 10 15 8 18 4 4 21 18 8 15 17 18 21 3 17 14 7 17 8 5 7 16 16 28
18 7 13 2 12 8 7 12 10 0 3 7 13 2 11 14 17 8 9 8 5 15 6 14 11 11 4 11 16 12 11 8 7 13 8 7 9 13 15 7 10 18
21 8 14 4 9 11 11 14 8 3 0 6 10 5 13 13 14 10 11 11 2 17 4 12 14 14 1 9 17 11 14 7 10 14 9 10 6 10 12 8 9 21
25 6 19 9 9 12 13 12 3 7 6 0 8 8 18 18 11 15 8 12 6 16 2 7 17 15 5 14 15 16 18 2 14 12 5 14 8 7 9 14 14 25
31 14 21 13 3 19 20 20 6 13 10 8 0 14 22 18 5 19 16 19 9 24 8 5 24 23 9 13 23 16 23 9 19 20 13 20 6 2 4 17 14 31
17 7 12 2 13 6 6 11 11 2 5 8 14 0 10 15 18 8 9 7 6 14 7 15 10 10 5 12 15 13 10 9 7 12 9 6 10 14 17 7 11 17
9 16 6 9 21 11 7 19 21 11 13 18 22 10 0 14 27 4 18 12 14 20 16 25 7 12 14 14 22 12 1 19 3 20 18 6 17 23 25 6 12 9
23 21 8 12 15 20 17 26 20 14 13 18 18 15 14 0 22 11 23 21 12 29 17 22 20 23 13 5 30 2 15 20 12 27 22 16 12 19 21 9 4 23
35 16 26 18 7 23 24 21 8 17 14 11 5 18 27 22 0 23 18 23 13 25 12 4 28 26 13 17 24 21 27 11 24 21 15 24 11 4 1 21 18 35
13 14 5 6 17 10 7 18 18 8 10 15 19 8 4 11 23 0 16 11 10 20 13 21 9 13 11 10 21 9 4 16 2 19 16 6 13 20 22 3 9 13
21 2 21 11 17 8 11 4 10 9 11 8 16 9 18 23 18 16 0 7 12 8 8 14 14 9 11 19 7 21 18 7 15 4 3 12 15 15 17 16 19 21
14 7 17 9 19 1 5 7 15 8 11 12 19 7 12 21 23 11 7 0 13 8 11 19 7 3 12 18 10 19 11 12 10 8 9 6 17 19 21 12 18 14
22 10 13 5 8 12 12 15 8 5 2 6 9 6 14 12 13 10 12 13 0 19 5 12 15 16 1 8 19 10 14 8 10 16 10 11 4 9 12 8 8 22
20 10 25 17 24 9 13 4 18 15 17 16 24 14 20 29 25 20 8 8 19 0 16 21 14 8 18 26 3 27 19 15 18 4 11 14 22 23 24 21 25 20
23 6 18 7 9 11 12 12 4 6 4 2 8 7 16 17 12 13 8 11 5 16 0 9 16 14 4 12 15 15 17 3 13 12 6 12 7 8 10 12 13 23
32 13 25 15 8 19 21 17 4 14 12 7 5 15 25 22 4 21 14 19 12 21 9 0 25 22 11 17 20 20 25 7 21 17 11 21 10 3 3 20 18 32
7 13 13 11 23 6 4 14 21 11 14 17 24 10 7 20 28 9 14 7 15 14 16 25 0 6 15 19 16 18 6 18 7 15 16 4 20 24 26 11 18 7
13 10 18 12 22 4 6 8 18 11 14 15 23 10 12 23 26 13 9 3 16 8 14 22 6 0 15 21 10 21 12 15 11 9 12 7 20 22 24 14 20 13
22 8 14 5 8 11 11 14 8 4 1 5 9 5 14 13 13 11 11 12 1 18 4 11 15 15 0 9 18 11 14 7 10 15 9 11 5 9 12 9 9 22
23 17 10 9 10 17 16 22 15 11 9 14 13 12 14 5 17 10 19 18 8 26 12 17 19 21 9 0 26 4 15 15 12 23 18 15 7 14 16 8 1 23
23 9 26 17 24 11 15 4 17 16 17 15 23 15 22 30 24 21 7 10 19 3 15 20 16 10 18 26 0 28 21 14 19 3 10 16 22 22 23 22 26 23
21 19 7 10 14 18 16 24 18 12 11 16 16 13 12 2 21 9 21 19 10 27 15 20 18 21 11 4 28 0 13 18 11 25 20 14 11 18 20 7 2 21
8 16 7 10 22 10 7 18 21 11 14 18 23 10 1 15 27 4 18 11 14 19 17 25 6 12 14 15 21 13 0 19 4 19 18 6 18 24 26 7 13 8
25 5 21 10 10 12 14 10 3 8 7 2 9 9 19 20 11 16 7 12 8 15 3 7 18 15 7 15 14 18 19 0 16 11 4 14 10 8 10 15 16 25
12 13 7 6 18 9 5 16 17 7 10 14 19 7 3 12 24 2 15 10 10 18 13 21 7 11 10 12 19 11 4 16 0 17 15 4 14 20 22 4 11 12
22 6 24 15 20 9 13 1 14 13 14 12 20 12 20 27 21 19 4 8 16 4 12 17 15 9 15 23 3 25 19 11 17 0 7 14 19 19 20 19 23 22
23 2 21 10 14 9 12 6 7 8 9 5 13 9 18 22 15 16 3 9 10 11 6 11 16 12 9 18 10 20 18 4 15 7 0 13 13 12 14 16 18 23
11 11 11 6 19 5 1 13 17 7 10 14 20 6 6 16 24 6 12 6 11 14 12 21 4 7 11 15 16 14 6 14 4 14 13 0 15 20 22 7 14 11
26 13 15 9 4 16 16 19 8 9 6 8 6 10 17 12 11 13 15 17 4 22 7 10 20 20 5 7 22 11 18 10 14 19 13 15 0 7 9 11 8 26
31 13 22 14 4 19 20 19 5 13 10 7 2 14 23 19 4 20 15 19 9 23 8 3 24 22 9 14 22 18 24 8 20 19 12 20 7 0 2 17 15 31
33 15 25 16 6 21 22 20 7 15 12 9 4 17 25 21 1 22 17 21 12 24 10 3 26 24 12 16 23 20 26 10 22 20 14 22 9 2 0 20 17 33
16 14 6 5 15 11 9 18 16 7 8 14 17 7 6 9 21 3 16 12 8 21 12 20 11 14 9 8 22 7 7 15 4 19 16 7 11 17 20 0 7 16
22 17 8 9 11 17 15 22 16 10 9 14 14 11 12 4 18 9 19 18 8 25 13 18 18 20 9 1 26 2 13 16 11 23 18 14 8 15 17 7 0 22
0 21 15 17 29 14 11 21 28 18 21 25 31 17 9 23 35 13 21 14 22 20 23 32 7 13 22 23 23 21 8 25 12 22 23 11 26 31 33 16 22 0
,
0 22 39 33 32 27 32 46 77 39 22 28 62 40 14 44 87 21 48 22 22 36 37 63 14 36 47 62 64 40 25 73 33 44 54 28 36 82 35 28 49 0
40 0 23 21 31 13 15 10 10 14 14 10 21 12 38 57 40 25 6 13 20 13 16 25 13 25 17 34 17 54 38 11 20 17 5 12 38 31 33 40 18 39
43 22 0 19 54 30 33 49 25 27 32 38 48 27 19 12 61 9 44 39 33 53 20 45 20 37 19 24 47 13 16 22 15 68 27 29 23 25 44 10 9 30
34 12 30 0 22 14 14 28 21 5 11 24 37 5 23 25 42 13 21 14 8 26 15 45 12 19 8 9 23 19 19 23 14 41 24 7 26 31 45 7 24 43
72 34 41 31 0 23 40 50 9 32 26 23 5 18 45 35 12 35 21 30 16 45 18 23 43 49 9 24 68 38 51 21 33 38 16 45 8 5 6 16 22 30
15 8 36 24 56 0 10 19 37 20 21 15 22 14 25 28 24 19 13 2 24 18 18 24 12 4 19 43 13 24 13 22 13 24 13 7 19 27 40 19 39 17
17 30 31 11 43 4 0 20 20 12 26 29 42 14 9 28 44 15 31 8 21 27 19 39 4 15 13 28 15 39 13 17 10 35 27 3 40 52 25 23 22 21
44 16 36 34 25 22 18 0 16 15 15 26 52 17 55 77 53 25 10 13 20 11 14 32 35 18 41 27 4 66 34 13 24 2 15 16 55 36 25 54 47 36
44 11 63 19 9 39 34 40 0 21 16 9 13 21 22 32 13 37 26 41 19 44 6 9 49 47 16 26 36 39 51 3 32 22 20 33 20 13 16 44 45 46
36 13 15 6 12 16 21 17 13 0 3 17 27 2 16 16 40 17 21 24 10 41 6 15 15 14 8 11 33 22 24 22 19 37 12 16 25 17 34 8 24 46
40 15 28 6 14 27 20 36 15 7 0 15 11 14 29 22 26 15 22 30 4 30 7 27 25 29 1 12 33 26 33 21 21 29 27 21 15 25 13 10 19 49
26 14 20 14 9 15 38 27 3 15 10 0 17 17 42 33 26 32 13 15 12 17 4 16 51 35 11 36 43 38 19 3 21 16 16 31 19 10 15 30 27 34
36 41 59 21 6 55 56 24 11 21 10 22 0 29 34 39 5 45 44 54 14 38 23 6 48 40 22 30 43 45 28 17 25 29 35 47 10 3 9 21 23 72
45 16 27 3 30 11 17 14 14 3 11 16 22 0 19 41 39 9 23 13 10 28 20 32 12 10 14 23 22 30 13 14 8 23 21 13 15 37 41 14 19 20
23 19 18 13 39 29 20 46 30 24 29 43 56 17 0 14 57 10 51 32 29 27 29 37 10 17 20 32 30 20 3 30 7 54 44 6 19 52 70 8 20 19
25 57 10 17 25 36 29 69 33 19 36 25 23 31 21 0 43 27 41 31 15 74 47 31 58 62 22 13 30 2 20 27 15 48 42 40 15 29 44 12 13 31
50 32 62 18 13 51 57 63 13 24 30 15 13 19 32 25 0 68 51 36 20 36 30 7 52 42 15 38 34 24 54 23 25 34 17 34 21 6 2 44 31 39
38 40 16 9 52 13 18 53 28 21 20 41 43 20 9 16 66 0 37 14 29 26 31 47 11 25 26 24 55 16 10 19 4 34 39 14 18 48 33 7 12 22
29 6 41 21 22 16 18 7 29 15 19 23 25 18 35 45 43 23 0 14 24 16 21 33 15 15 31 47 12 29 43 14 37 5 4 21 36 36 21 29 29 28
37 15 20 23 44 3 12 13 43 10 17 16 23 17 13 49 64 13 8 0 29 21 18 38 9 7 26 48 22 43 16 23 12 15 20 17 49 48 62 16 24 22
30 13 28 9 20 33 28 21 12 7 4 7 16 17 29 21 31 15 13 15 0 40 6 17 41 32 4 13 41 18 32 9 25 30 17 19 12 19 24 10 18 28
43 22 47 22 49 22 36 4 39 26 40 34 30 29 20 45 50 31 12 23 55 0 30 23 33 13 37 76 5 38 39 22 24 7 31 31 39 27 62 24 45 57
32 11 51 10 13 12 22 26 10 9 6 2 24 11 43 23 31 16 11 16 9 39 0 24 21 15 10 16 40 41 34 6 15 12 7 19 16 20 28 17 17 32
58 17 29 19 9 29 43 22 12 23 33 10 11 46 65 51 4 41 21 56 18 54 10 0 32 46 23 50 31 37 46 14 31 44 15 37 29 6 7 32 40 71
16 36 39 25 33 17 10 17 37 12 38 28 61 13 16 28 34 24 27 16 19 38 18 32 0 9 19 54 25 40 10 34 17 41 25 6 52 29 32 23 32 8
38 13 44 28 43 4 7 21 26 24 38 35 67 28 23 69 59 28 14 6 28 20 34 40 11 0 27 54 27 52 27 21 17 19 17 12 55 34 59 27 47 17
54 21 26 6 18 33 20 14 12 10 1 6 19 11 27 37 38 25 29 34 2 39 6 28 41 17 0 24 50 31 38 13 16 29 16 20 7 10 24 23 21 57
32 25 15 18 27 51 42 62 28 28 19 24 31 13 29 14 25 20 23 51 9 28 28 21 26 43 13 0 50 9 41 21 20 39 34 21 12 14 36 15 3 33
65 11 58 24 30 18 36 9 43 21 26 44 26 31 43 77 24 43 12 21 24 4 43 46 28 12 22 77 0 59 39 19 53 3 12 38 59 27 46 23 46 61
45 30 17 16 23 46 38 32 23 21 26 46 48 14 20 4 54 14 46 47 17 35 44 52 45 58 13 10 78 0 25 44 12 36 38 31 12 40 25 10 3 33
13 36 19 15 29 21 10 35 55 12 18 35 26 15 2 40 79 6 47 30 18 48 41 49 12 35 28 17 35 25 0 48 8 27 24 13 39 44 29 11 29 9
43 12 50 23 22 12 32 16 5 19 12 2 12 15 42 41 20 29 16 26 16 26 8 18 52 23 19 16 35 41 19 0 27 30 11 17 22 14 16 21 19 64
29 17 14 17 40 22 7 48 41 18 27 15 28 18 9 22 39 4 35 27 28 20 37 53 9 32 29 19 44 12 9 39 0 38 22 9 25 51 47 8 17 33
65 16 32 16 31 15 30 3 14 18 21 13 32 28 32 38 43 41 5 23 18 5 12 22 28 25 18 37 8 70 39 31 33 0 15 26 30 48 60 55 25 49
44 6 44 19 14 23 27 13 15 22 19 15 38 13 35 35 23 36 8 15 26 21 9 12 37 18 16 50 17 44 51 5 27 19 0 30 30 19 39 40 20 63
30 18 12 9 19 7 4 18 18 18 10 26 44 9 10 18 32 16 17 9 19 35 14 38 9 16 17 22 32 30 11 33 7 36 28 0 31 33 63 10 21 30
70 32 39 18 4 29 45 23 13 22 14 15 11 29 32 17 31 20 22 29 9 37 8 28 29 51 11 16 43 17 23 26 26 29 29 18 0 20 25 12 12 60
36 21 26 18 7 40 33 51 10 27 11 13 4 20 40 42 9 42 26 29 27 45 11 5 35 45 26 31 26 20 50 22 24 43 25 21 15 0 7 40 25 68
41 24 42 22 14 58 48 53 20 42 33 27 7 26 64 52 3 61 17 45 19 61 27 5 52 61 29 46 58 28 42 14 45 26 26 36 17 5 0 32 37 50
19 26 11 10 27 16 25 34 32 9 19 34 19 19 14 20 38 7 23 26 21 29 28 38 12 29 12 14 33 10 8 24 10 21 37 19 32 38 53 0 19 38
48 42 10 15 30 18 18 61 22 20 13 19 27 18 26 12 51 24 52 26 10 31 38 32 18 53 20 2 36 4 25 30 14 24 29 25 9 36 50 18 0 29
0 26 31 45 74 15 26 34 51 54 30 55 46 17 19 41 51 23 23 32 50 43 43 63 20 23 61 67 31 22 9 44 26 55 47 33 70 79 64 46 36 0