7
40
,
0 (19.0, 37.0) 81.0
1 (30.0, 0.0) 31.0
2 (27.0, 21.0) 57.0
3 (48.0, 34.0) 89.0
4 (11.0, 25.0) 39.0
5 (13.0, 18.0) 66.0
6 (8.0, 41.0) 31.0
7 (35.0, 43.0) 49.0
8 (26.0, 25.0) 84.0
9 (32.0, 27.0) 43.0
10 (31.0, 38.0) 43.0
11 (47.0, 39.0) 55.0
12 (23.0, 24.0) 34.0
13 (18.0, 5.0) 70.0
14 (45.0, 4.0) 67.0
15 (50.0, 48.0) 33.0
16 (24.0, 9.0) 71.0
17 (15.0, 40.0) 42.0
18 (10.0, 27.0) 63.0
19 (35.0, 26.0) 61.0
20 (0.0, 40.0) 46.0
21 (31.0, 35.0) 79.0
22 (42.0, 48.0) 39.0
23 (7.0, 13.0) 80.0
24 (4.0, 25.0) 90.0
25 (33.0, 28.0) 42.0
26 (44.0, 14.0) 56.0
27 (2.0, 45.0) 80.0
28 (42.0, 7.0) 70.0
29 (16.0, 5.0) 83.0
30 (29.0, 41.0) 56.0
31 (21.0, 11.0) 36.0
32 (8.0, 43.0) 41.0
33 (21.0, 41.0) 88.0
34 (15.0, 16.0) 70.0
35 (43.0, 28.0) 68.0
36 (45.0, 42.0) 32.0
37 (48.0, 46.0) 57.0
38 (29.0, 11.0) 38.0
39 (42.0, 12.0) 37.0
,
0 21 15 17 29 14 11 21 28 18 21 25 31 17 9 23 35 13 21 14 22 20 23 32 7 13 22 23 23 21 8 25 12 22 23 11 26 31 33 16 22 0
21 0 19 9 15 7 10 6 9 7 8 6 14 7 16 21 16 14 2 7 10 10 6 13 13 10 8 17 9 19 16 5 13 6 2 11 13 13 15 14 17 21
15 19 0 11 19 16 12 23 22 13 14 19 21 12 6 8 26 5 21 17 13 25 18 25 13 18 14 10 26 7 7 21 7 24 21 11 15 22 25 6 8 15
17 9 11 0 12 8 7 14 12 2 4 9 13 2 9 12 18 6 11 9 5 17 7 15 11 12 5 9 17 10 10 10 6 15 10 6 9 14 16 5 9 17
29 15 19 12 0 19 19 20 8 12 9 9 3 13 21 15 7 17 17 19 8 24 9 8 23 22 8 10 24 14 22 10 18 20 14 19 4 4 6 15 11 29
14 7 16 8 19 0 4 8 15 8 11 12 19 6 11 20 23 10 8 1 12 9 11 19 6 4 11 17 11 18 10 12 9 9 9 5 16 19 21 11 17 14
11 10 12 7 19 4 0 12 17 7 11 13 20 6 7 17 24 7 11 5 12 13 12 21 4 6 11 16 15 16 7 14 5 13 12 1 16 20 22 9 15 11
21 6 23 14 20 8 12 0 14 12 14 12 20 11 19 26 21 18 4 7 15 4 12 17 14 8 14 22 4 24 18 10 16 1 6 13 19 19 20 18 22 21
28 9 22 12 8 15 17 14 0 10 8 3 6 11 21 20 8 18 10 15 8 18 4 4 21 18 8 15 17 18 21 3 17 14 7 17 8 5 7 16 16 28
18 7 13 2 12 8 7 12 10 0 3 7 13 2 11 14 17 8 9 8 5 15 6 14 11 11 4 11 16 12 11 8 7 13 8 7 9 13 15 7 10 18
21 8 14 4 9 11 11 14 8 3 0 6 10 5 13 13 14 10 11 11 2 17 4 12 14 14 1 9 17 11 14 7 10 14 9 10 6 10 12 8 9 21
25 6 19 9 9 12 13 12 3 7 6 0 8 8 18 18 11 15 8 12 6 16 2 7 17 15 5 14 15 16 18 2 14 12 5 14 8 7 9 14 14 25
31 14 21 13 3 19 20 20 6 13 10 8 0 14 22 18 5 19 16 19 9 24 8 5 24 23 9 13 23 16 23 9 19 20 13 20 6 2 4 17 14 31
17 7 12 2 13 6 6 11 11 2 5 8 14 0 10 15 18 8 9 7 6 14 7 15 10 10 5 12 15 13 10 9 7 12 9 6 10 14 17 7 11 17
9 16 6 9 21 11 7 19 21 11 13 18 22 10 0 14 27 4 18 12 14 20 16 25 7 12 14 14 22 12 1 19 3 20 18 6 17 23 25 6 12 9
23 21 8 12 15 20 17 26 20 14 13 18 18 15 14 0 22 11 23 21 12 29 17 22 20 23 13 5 30 2 15 20 12 27 22 16 12 19 21 9 4 23
35 16 26 18 7 23 24 21 8 17 14 11 5 18 27 22 0 23 18 23 13 25 12 4 28 26 13 17 24 21 27 11 24 21 15 24 11 4 1 21 18 35
13 14 5 6 17 10 7 18 18 8 10 15 19 8 4 11 23 0 16 11 10 20 13 21 9 13 11 10 21 9 4 16 2 19 16 6 13 20 22 3 9 13
21 2 21 11 17 8 11 4 10 9 11 8 16 9 18 23 18 16 0 7 12 8 8 14 14 9 11 19 7 21 18 7 15 4 3 12 15 15 17 16 19 21
14 7 17 9 19 1 5 7 15 8 11 12 19 7 12 21 23 11 7 0 13 8 11 19 7 3 12 18 10 19 11 12 10 8 9 6 17 19 21 12 18 14
22 10 13 5 8 12 12 15 8 5 2 6 9 6 14 12 13 10 12 13 0 19 5 12 15 16 1 8 19 10 14 8 10 16 10 11 4 9 12 8 8 22
20 10 25 17 24 9 13 4 18 15 17 16 24 14 20 29 25 20 8 8 19 0 16 21 14 8 18 26 3 27 19 15 18 4 11 14 22 23 24 21 25 20
23 6 18 7 9 11 12 12 4 6 4 2 8 7 16 17 12 13 8 11 5 16 0 9 16 14 4 12 15 15 17 3 13 12 6 12 7 8 10 12 13 23
32 13 25 15 8 19 21 17 4 14 12 7 5 15 25 22 4 21 14 19 12 21 9 0 25 22 11 17 20 20 25 7 21 17 11 21 10 3 3 20 18 32
7 13 13 11 23 6 4 14 21 11 14 17 24 10 7 20 28 9 14 7 15 14 16 25 0 6 15 19 16 18 6 18 7 15 16 4 20 24 26 11 18 7
13 10 18 12 22 4 6 8 18 11 14 15 23 10 12 23 26 13 9 3 16 8 14 22 6 0 15 21 10 21 12 15 11 9 12 7 20 22 24 14 20 13
22 8 14 5 8 11 11 14 8 4 1 5 9 5 14 13 13 11 11 12 1 18 4 11 15 15 0 9 18 11 14 7 10 15 9 11 5 9 12 9 9 22
23 17 10 9 10 17 16 22 15 11 9 14 13 12 14 5 17 10 19 18 8 26 12 17 19 21 9 0 26 4 15 15 12 23 18 15 7 14 16 8 1 23
23 9 26 17 24 11 15 4 17 16 17 15 23 15 22 30 24 21 7 10 19 3 15 20 16 10 18 26 0 28 21 14 19 3 10 16 22 22 23 22 26 23
21 19 7 10 14 18 16 24 18 12 11 16 16 13 12 2 21 9 21 19 10 27 15 20 18 21 11 4 28 0 13 18 11 25 20 14 11 18 20 7 2 21
8 16 7 10 22 10 7 18 21 11 14 18 23 10 1 15 27 4 18 11 14 19 17 25 6 12 14 15 21 13 0 19 4 19 18 6 18 24 26 7 13 8
25 5 21 10 10 12 14 10 3 8 7 2 9 9 19 20 11 16 7 12 8 15 3 7 18 15 7 15 14 18 19 0 16 11 4 14 10 8 10 15 16 25
12 13 7 6 18 9 5 16 17 7 10 14 19 7 3 12 24 2 15 10 10 18 13 21 7 11 10 12 19 11 4 16 0 17 15 4 14 20 22 4 11 12
22 6 24 15 20 9 13 1 14 13 14 12 20 12 20 27 21 19 4 8 16 4 12 17 15 9 15 23 3 25 19 11 17 0 7 14 19 19 20 19 23 22
23 2 21 10 14 9 12 6 7 8 9 5 13 9 18 22 15 16 3 9 10 11 6 11 16 12 9 18 10 20 18 4 15 7 0 13 13 12 14 16 18 23
11 11 11 6 19 5 1 13 17 7 10 14 20 6 6 16 24 6 12 6 11 14 12 21 4 7 11 15 16 14 6 14 4 14 13 0 15 20 22 7 14 11
26 13 15 9 4 16 16 19 8 9 6 8 6 10 17 12 11 13 15 17 4 22 7 10 20 20 5 7 22 11 18 10 14 19 13 15 0 7 9 11 8 26
31 13 22 14 4 19 20 19 5 13 10 7 2 14 23 19 4 20 15 19 9 23 8 3 24 22 9 14 22 18 24 8 20 19 12 20 7 0 2 17 15 31
33 15 25 16 6 21 22 20 7 15 12 9 4 17 25 21 1 22 17 21 12 24 10 3 26 24 12 16 23 20 26 10 22 20 14 22 9 2 0 20 17 33
16 14 6 5 15 11 9 18 16 7 8 14 17 7 6 9 21 3 16 12 8 21 12 20 11 14 9 8 22 7 7 15 4 19 16 7 11 17 20 0 7 16
22 17 8 9 11 17 15 22 16 10 9 14 14 11 12 4 18 9 19 18 8 25 13 18 18 20 9 1 26 2 13 16 11 23 18 14 8 15 17 7 0 22
0 21 15 17 29 14 11 21 28 18 21 25 31 17 9 23 35 13 21 14 22 20 23 32 7 13 22 23 23 21 8 25 12 22 23 11 26 31 33 16 22 0
,
0 42 23 51 63 31 24 28 43 40 53 47 81 29 13 28 95 25 32 39 37 32 50 40 18 31 41 27 33 60 10 27 34 28 63 18 68 54 41 30 28 0
35 0 45 27 20 7 10 13 14 20 11 16 30 11 48 50 17 39 5 16 12 27 18 24 23 24 15 40 20 36 34 8 25 18 3 25 13 21 30 37 35 61
19 31 0 21 25 23 34 54 33 19 32 40 40 13 14 10 40 10 58 35 21 36 21 39 17 22 38 21 27 16 9 41 15 34 58 30 34 50 41 7 14 17
41 17 27 0 18 10 9 34 12 4 6 25 35 4 15 15 39 16 20 18 8 22 17 18 21 21 5 23 48 24 26 23 10 25 21 15 16 28 24 7 10 22
87 18 20 33 0 50 20 31 14 12 17 20 8 37 43 24 11 49 41 53 14 42 21 19 45 25 10 13 46 39 58 12 48 45 35 33 10 4 18 19 21 79
25 18 22 20 49 0 6 20 33 22 20 27 21 6 11 58 31 18 12 2 35 10 20 48 17 4 24 22 11 46 16 25 22 9 26 5 39 39 23 17 24 27
33 19 14 20 36 5 0 28 33 22 24 40 29 6 20 19 69 9 18 8 24 37 33 33 7 6 16 16 31 18 16 34 6 18 23 3 39 40 61 16 25 19
47 16 62 19 36 17 12 0 26 16 35 15 51 29 28 53 34 37 5 14 44 6 26 44 32 16 38 29 7 39 28 15 33 3 10 35 26 27 56 27 56 35
58 22 50 21 17 17 30 40 0 23 24 7 16 32 40 53 19 51 13 28 15 39 11 12 53 46 14 35 18 27 24 4 52 21 10 40 16 8 12 28 45 41
49 17 31 6 17 10 19 25 21 0 9 18 24 3 30 27 32 17 27 21 8 36 14 33 20 21 5 23 23 29 30 9 18 25 13 11 16 35 34 16 17 49
52 10 38 10 19 31 11 24 18 5 0 12 26 10 26 17 37 19 16 27 4 32 10 25 42 30 1 12 27 31 15 13 25 15 13 22 10 16 19 18 16 46
38 9 29 15 14 18 32 18 8 19 8 0 18 13 19 30 22 42 13 29 10 16 2 22 41 18 8 21 43 18 36 2 40 33 12 20 14 19 27 40 21 30
59 23 23 20 8 40 41 51 17 16 23 15 0 29 63 50 11 33 24 39 16 37 12 7 50 57 13 20 43 48 64 21 40 53 19 24 12 3 10 20 16 43
27 15 34 3 39 18 6 32 27 3 11 23 25 0 23 16 42 10 11 14 9 35 19 28 29 19 6 15 21 35 12 22 8 19 16 9 18 16 34 8 31 20
27 28 19 15 36 27 17 44 25 30 38 22 60 27 0 30 73 5 46 21 14 36 41 40 18 25 26 34 47 19 3 50 4 41 47 9 28 34 40 8 28 19
48 51 22 26 27 44 22 53 52 37 25 27 32 32 28 0 28 22 66 32 13 74 49 51 33 64 16 6 60 2 22 50 32 60 26 31 17 51 37 17 5 57
79 48 36 23 20 35 50 55 17 28 19 32 7 39 66 25 0 62 41 51 36 56 24 11 72 41 28 19 28 51 56 30 24 45 22 52 15 5 3 40 22 56
34 18 9 9 38 14 17 32 28 17 11 39 37 18 9 16 57 0 36 19 23 54 27 24 9 28 29 11 24 22 5 48 4 24 29 7 31 59 42 7 24 28
60 6 36 12 21 11 15 4 22 23 15 12 18 11 28 34 41 41 0 14 15 10 22 32 35 10 20 49 7 60 30 9 32 10 6 17 37 35 44 18 35 23
19 12 35 26 43 2 7 18 43 14 31 27 51 15 22 43 45 14 19 0 22 9 12 24 15 4 26 31 19 41 16 22 22 14 23 6 17 55 51 14 22 16
43 25 19 8 9 25 19 40 16 6 4 13 21 7 22 16 37 24 35 17 0 42 9 34 21 17 4 8 25 13 35 22 29 33 23 13 6 14 22 13 11 49
44 11 50 19 38 11 16 7 38 38 30 32 33 19 41 83 30 45 16 9 56 0 18 52 35 9 44 58 3 69 41 22 48 6 11 28 28 51 57 27 54 54
60 11 42 21 11 32 17 31 13 10 7 3 13 20 42 51 32 32 22 18 8 24 0 25 25 33 5 24 42 20 37 6 19 28 13 31 11 15 17 21 36 54
95 22 50 25 10 29 60 46 5 39 24 16 9 36 70 28 7 59 17 23 20 42 9 0 59 54 32 37 45 57 67 9 58 22 32 47 14 8 4 54 48 85
19 21 31 18 39 10 10 41 33 23 17 22 64 18 9 42 70 14 39 15 20 30 48 53 0 12 41 31 44 52 13 52 14 16 18 10 34 69 70 15 40 14
29 27 31 14 24 7 14 11 22 27 25 29 62 18 20 32 35 36 23 7 38 23 15 58 19 0 22 48 22 23 18 34 11 21 28 18 33 53 44 37 48 25
38 11 28 9 18 20 32 30 14 9 1 11 25 12 17 24 27 31 19 23 2 25 5 12 18 34 0 10 36 27 27 18 11 36 21 25 12 26 18 9 10 40
47 31 19 15 14 36 30 44 30 31 21 24 27 16 30 6 17 28 56 46 10 49 15 51 32 34 25 0 48 6 38 30 29 54 25 26 13 26 25 19 2 36
47 14 31 40 44 24 37 7 36 30 47 37 31 35 34 60 32 57 12 14 42 8 36 46 19 12 31 43 0 58 47 22 26 8 19 32 42 23 46 38 63 64
42 52 19 12 18 44 29 61 41 36 19 17 41 22 35 4 22 12 24 22 11 62 35 21 29 60 31 9 54 0 28 47 23 43 29 38 27 26 49 20 7 26
20 35 10 25 59 12 19 30 28 12 23 50 32 25 3 18 28 12 24 15 38 26 20 58 12 26 31 26 59 21 0 41 9 35 40 11 22 56 28 11 19 17
49 7 50 16 15 23 35 14 8 22 13 4 23 24 23 30 18 46 19 16 23 26 5 14 52 44 14 23 20 43 27 0 37 19 6 31 12 9 23 19 37 75
19 37 11 9 44 22 8 29 32 21 14 16 55 10 8 21 47 5 41 22 27 37 20 44 16 21 11 32 36 28 8 40 0 49 43 11 32 39 28 8 22 16
31 19 41 33 57 21 25 3 23 24 37 17 35 28 26 60 57 33 10 10 43 5 30 20 27 15 16 41 9 29 33 28 49 0 12 40 34 43 57 48 34 42
67 4 60 30 30 22 21 18 19 14 26 15 23 15 39 29 15 37 7 14 24 26 8 16 16 17 23 29 16 29 22 6 43 15 0 28 36 36 26 22 48 29
24 15 29 19 23 6 3 36 36 13 29 22 33 11 13 37 67 12 18 14 28 22 21 38 10 9 29 38 17 29 16 33 9 29 26 0 26 44 23 21 26 31
60 30 29 14 10 47 22 46 18 18 11 12 12 29 36 28 31 14 25 44 12 47 12 23 22 46 6 19 33 22 48 16 25 52 28 34 0 9 15 23 21 75
87 28 32 31 7 51 55 36 6 13 28 10 5 31 35 34 6 35 23 51 23 40 11 8 43 59 14 21 46 19 67 19 58 19 35 21 16 0 4 45 45 39
58 38 40 23 11 25 36 32 13 32 30 27 10 34 65 46 4 44 32 52 13 62 15 8 53 69 32 45 45 43 57 11 33 59 24 54 16 5 0 51 43 76
42 24 12 7 43 30 24 32 27 8 22 20 46 16 17 19 52 6 41 20 18 43 31 21 11 15 17 21 47 14 19 16 5 46 23 20 23 39 46 0 10 42
43 41 9 20 23 26 25 62 46 28 17 38 25 18 36 11 48 20 58 29 21 28 33 50 31 39 17 2 65 4 15 22 14 23 52 24 21 19 33 9 0 57
0 52 15 38 43 37 17 33 69 40 40 58 82 24 22 30 36 34 37 33 50 54 32 33 14 28 23 62 55 30 23 58 30 63 64 13 75 61 38 36 42 0