7
40
,
0 (19.0, 37.0) 35.0
1 (30.0, 0.0) 56.0
2 (27.0, 21.0) 41.0
3 (48.0, 34.0) 34.0
4 (11.0, 25.0) 74.0
5 (13.0, 18.0) 64.0
6 (8.0, 41.0) 55.0
7 (35.0, 43.0) 83.0
8 (26.0, 25.0) 63.0
9 (32.0, 27.0) 57.0
10 (31.0, 38.0) 57.0
11 (47.0, 39.0) 85.0
12 (23.0, 24.0) 40.0
13 (18.0, 5.0) 58.0
14 (45.0, 4.0) 64.0
15 (50.0, 48.0) 66.0
16 (24.0, 9.0) 39.0
17 (15.0, 40.0) 43.0
18 (10.0, 27.0) 60.0
19 (35.0, 26.0) 74.0
20 (0.0, 40.0) 82.0
21 (31.0, 35.0) 40.0
22 (42.0, 48.0) 47.0
23 (7.0, 13.0) 58.0
24 (4.0, 25.0) 47.0
25 (33.0, 28.0) 46.0
26 (44.0, 14.0) 32.0
27 (2.0, 45.0) 33.0
28 (42.0, 7.0) 89.0
29 (16.0, 5.0) 82.0
30 (29.0, 41.0) 44.0
31 (21.0, 11.0) 67.0
32 (8.0, 43.0) 40.0
33 (21.0, 41.0) 32.0
34 (15.0, 16.0) 74.0
35 (43.0, 28.0) 37.0
36 (45.0, 42.0) 57.0
37 (48.0, 46.0) 41.0
38 (29.0, 11.0) 32.0
39 (42.0, 12.0) 31.0
,
0 21 15 17 29 14 11 21 28 18 21 25 31 17 9 23 35 13 21 14 22 20 23 32 7 13 22 23 23 21 8 25 12 22 23 11 26 31 33 16 22 0
21 0 19 9 15 7 10 6 9 7 8 6 14 7 16 21 16 14 2 7 10 10 6 13 13 10 8 17 9 19 16 5 13 6 2 11 13 13 15 14 17 21
15 19 0 11 19 16 12 23 22 13 14 19 21 12 6 8 26 5 21 17 13 25 18 25 13 18 14 10 26 7 7 21 7 24 21 11 15 22 25 6 8 15
17 9 11 0 12 8 7 14 12 2 4 9 13 2 9 12 18 6 11 9 5 17 7 15 11 12 5 9 17 10 10 10 6 15 10 6 9 14 16 5 9 17
29 15 19 12 0 19 19 20 8 12 9 9 3 13 21 15 7 17 17 19 8 24 9 8 23 22 8 10 24 14 22 10 18 20 14 19 4 4 6 15 11 29
14 7 16 8 19 0 4 8 15 8 11 12 19 6 11 20 23 10 8 1 12 9 11 19 6 4 11 17 11 18 10 12 9 9 9 5 16 19 21 11 17 14
11 10 12 7 19 4 0 12 17 7 11 13 20 6 7 17 24 7 11 5 12 13 12 21 4 6 11 16 15 16 7 14 5 13 12 1 16 20 22 9 15 11
21 6 23 14 20 8 12 0 14 12 14 12 20 11 19 26 21 18 4 7 15 4 12 17 14 8 14 22 4 24 18 10 16 1 6 13 19 19 20 18 22 21
28 9 22 12 8 15 17 14 0 10 8 3 6 11 21 20 8 18 10 15 8 18 4 4 21 18 8 15 17 18 21 3 17 14 7 17 8 5 7 16 16 28
18 7 13 2 12 8 7 12 10 0 3 7 13 2 11 14 17 8 9 8 5 15 6 14 11 11 4 11 16 12 11 8 7 13 8 7 9 13 15 7 10 18
21 8 14 4 9 11 11 14 8 3 0 6 10 5 13 13 14 10 11 11 2 17 4 12 14 14 1 9 17 11 14 7 10 14 9 10 6 10 12 8 9 21
25 6 19 9 9 12 13 12 3 7 6 0 8 8 18 18 11 15 8 12 6 16 2 7 17 15 5 14 15 16 18 2 14 12 5 14 8 7 9 14 14 25
31 14 21 13 3 19 20 20 6 13 10 8 0 14 22 18 5 19 16 19 9 24 8 5 24 23 9 13 23 16 23 9 19 20 13 20 6 2 4 17 14 31
17 7 12 2 13 6 6 11 11 2 5 8 14 0 10 15 18 8 9 7 6 14 7 15 10 10 5 12 15 13 10 9 7 12 9 6 10 14 17 7 11 17
9 16 6 9 21 11 7 19 21 11 13 18 22 10 0 14 27 4 18 12 14 20 16 25 7 12 14 14 22 12 1 19 3 20 18 6 17 23 25 6 12 9
23 21 8 12 15 20 17 26 20 14 13 18 18 15 14 0 22 11 23 21 12 29 17 22 20 23 13 5 30 2 15 20 12 27 22 16 12 19 21 9 4 23
35 16 26 18 7 23 24 21 8 17 14 11 5 18 27 22 0 23 18 23 13 25 12 4 28 26 13 17 24 21 27 11 24 21 15 24 11 4 1 21 18 35
13 14 5 6 17 10 7 18 18 8 10 15 19 8 4 11 23 0 16 11 10 20 13 21 9 13 11 10 21 9 4 16 2 19 16 6 13 20 22 3 9 13
21 2 21 11 17 8 11 4 10 9 11 8 16 9 18 23 18 16 0 7 12 8 8 14 14 9 11 19 7 21 18 7 15 4 3 12 15 15 17 16 19 21
14 7 17 9 19 1 5 7 15 8 11 12 19 7 12 21 23 11 7 0 13 8 11 19 7 3 12 18 10 19 11 12 10 8 9 6 17 19 21 12 18 14
22 10 13 5 8 12 12 15 8 5 2 6 9 6 14 12 13 10 12 13 0 19 5 12 15 16 1 8 19 10 14 8 10 16 10 11 4 9 12 8 8 22
20 10 25 17 24 9 13 4 18 15 17 16 24 14 20 29 25 20 8 8 19 0 16 21 14 8 18 26 3 27 19 15 18 4 11 14 22 23 24 21 25 20
23 6 18 7 9 11 12 12 4 6 4 2 8 7 16 17 12 13 8 11 5 16 0 9 16 14 4 12 15 15 17 3 13 12 6 12 7 8 10 12 13 23
32 13 25 15 8 19 21 17 4 14 12 7 5 15 25 22 4 21 14 19 12 21 9 0 25 22 11 17 20 20 25 7 21 17 11 21 10 3 3 20 18 32
7 13 13 11 23 6 4 14 21 11 14 17 24 10 7 20 28 9 14 7 15 14 16 25 0 6 15 19 16 18 6 18 7 15 16 4 20 24 26 11 18 7
13 10 18 12 22 4 6 8 18 11 14 15 23 10 12 23 26 13 9 3 16 8 14 22 6 0 15 21 10 21 12 15 11 9 12 7 20 22 24 14 20 13
22 8 14 5 8 11 11 14 8 4 1 5 9 5 14 13 13 11 11 12 1 18 4 11 15 15 0 9 18 11 14 7 10 15 9 11 5 9 12 9 9 22
23 17 10 9 10 17 16 22 15 11 9 14 13 12 14 5 17 10 19 18 8 26 12 17 19 21 9 0 26 4 15 15 12 23 18 15 7 14 16 8 1 23
23 9 26 17 24 11 15 4 17 16 17 15 23 15 22 30 24 21 7 10 19 3 15 20 16 10 18 26 0 28 21 14 19 3 10 16 22 22 23 22 26 23
21 19 7 10 14 18 16 24 18 12 11 16 16 13 12 2 21 9 21 19 10 27 15 20 18 21 11 4 28 0 13 18 11 25 20 14 11 18 20 7 2 21
8 16 7 10 22 10 7 18 21 11 14 18 23 10 1 15 27 4 18 11 14 19 17 25 6 12 14 15 21 13 0 19 4 19 18 6 18 24 26 7 13 8
25 5 21 10 10 12 14 10 3 8 7 2 9 9 19 20 11 16 7 12 8 15 3 7 18 15 7 15 14 18 19 0 16 11 4 14 10 8 10 15 16 25
12 13 7 6 18 9 5 16 17 7 10 14 19 7 3 12 24 2 15 10 10 18 13 21 7 11 10 12 19 11 4 16 0 17 15 4 14 20 22 4 11 12
22 6 24 15 20 9 13 1 14 13 14 12 20 12 20 27 21 19 4 8 16 4 12 17 15 9 15 23 3 25 19 11 17 0 7 14 19 19 20 19 23 22
23 2 21 10 14 9 12 6 7 8 9 5 13 9 18 22 15 16 3 9 10 11 6 11 16 12 9 18 10 20 18 4 15 7 0 13 13 12 14 16 18 23
11 11 11 6 19 5 1 13 17 7 10 14 20 6 6 16 24 6 12 6 11 14 12 21 4 7 11 15 16 14 6 14 4 14 13 0 15 20 22 7 14 11
26 13 15 9 4 16 16 19 8 9 6 8 6 10 17 12 11 13 15 17 4 22 7 10 20 20 5 7 22 11 18 10 14 19 13 15 0 7 9 11 8 26
31 13 22 14 4 19 20 19 5 13 10 7 2 14 23 19 4 20 15 19 9 23 8 3 24 22 9 14 22 18 24 8 20 19 12 20 7 0 2 17 15 31
33 15 25 16 6 21 22 20 7 15 12 9 4 17 25 21 1 22 17 21 12 24 10 3 26 24 12 16 23 20 26 10 22 20 14 22 9 2 0 20 17 33
16 14 6 5 15 11 9 18 16 7 8 14 17 7 6 9 21 3 16 12 8 21 12 20 11 14 9 8 22 7 7 15 4 19 16 7 11 17 20 0 7 16
22 17 8 9 11 17 15 22 16 10 9 14 14 11 12 4 18 9 19 18 8 25 13 18 18 20 9 1 26 2 13 16 11 23 18 14 8 15 17 7 0 22
0 21 15 17 29 14 11 21 28 18 21 25 31 17 9 23 35 13 21 14 22 20 23 32 7 13 22 23 23 21 8 25 12 22 23 11 26 31 33 16 22 0
,
0 25 30 23 43 38 32 53 34 49 38 36 34 44 13 65 44 20 49 26 43 53 48 45 15 31 43 64 61 29 22 35 27 42 69 17 49 55 95 29 60 0
28 0 23 14 37 13 25 13 17 17 23 16 17 16 44 57 45 35 4 19 19 12 8 35 27 23 16 37 18 53 44 7 18 6 2 31 14 16 29 16 19 61
38 32 0 18 28 37 26 42 32 26 28 47 51 18 9 12 47 9 63 17 33 53 21 42 17 19 29 14 70 16 12 56 12 47 42 29 44 42 44 13 20 39
34 19 24 0 19 12 9 33 34 2 12 16 17 4 20 24 29 15 31 16 8 35 22 20 30 27 8 10 47 31 13 10 16 30 26 14 10 17 38 6 26 29
41 30 28 15 0 50 34 23 17 16 14 24 7 15 29 32 13 33 49 54 14 66 16 9 39 39 18 14 60 25 60 23 29 21 24 31 6 12 13 23 13 63
41 14 20 15 39 0 7 11 32 8 11 24 55 8 16 32 66 27 12 1 33 22 18 55 13 8 27 47 15 48 12 23 11 27 16 11 41 52 37 16 17 30
22 11 26 18 55 7 0 26 36 17 19 24 38 9 20 36 68 20 23 7 25 33 28 27 10 15 18 23 33 17 15 20 16 38 27 3 34 57 41 12 16 21
58 11 59 23 61 20 25 0 33 35 28 24 52 16 39 62 27 45 9 18 39 5 19 26 24 10 36 64 7 54 55 23 25 1 15 22 27 49 22 51 51 25
39 11 62 28 18 35 41 26 0 12 24 4 11 19 48 33 22 30 26 22 14 43 7 12 60 47 16 29 29 26 51 8 32 24 14 37 11 6 9 28 24 45
37 12 27 6 15 19 9 13 15 0 7 18 37 3 26 30 20 17 16 24 9 17 14 20 17 18 11 19 16 13 15 24 16 23 9 14 24 26 15 14 18 25
55 14 21 9 13 19 29 21 9 4 0 9 13 7 24 29 34 10 15 15 4 25 12 14 25 32 1 19 38 29 29 8 11 28 21 22 8 28 35 12 11 26
54 14 51 13 19 12 25 29 3 13 11 0 13 14 29 19 14 16 17 33 15 39 4 13 18 19 9 34 17 25 42 4 42 13 14 32 16 14 26 17 30 59
64 34 50 39 3 20 47 32 16 20 14 23 0 19 34 22 6 30 29 38 25 55 24 13 44 54 20 37 28 39 24 14 25 52 15 23 9 5 8 49 32 79
49 9 22 5 28 16 11 31 30 2 8 16 31 0 19 36 44 10 14 17 10 33 11 27 21 10 11 25 26 35 19 12 8 18 11 16 18 23 21 14 16 46
23 18 18 21 52 17 20 47 62 20 24 39 63 27 0 37 35 5 29 15 22 58 47 55 17 27 32 33 24 29 3 24 9 53 44 16 35 41 32 18 21 14
62 42 21 36 26 32 47 58 32 37 26 25 41 26 33 0 31 16 33 24 30 75 24 34 31 61 40 14 75 5 41 39 13 72 58 46 23 37 25 18 7 45
43 29 74 50 9 51 25 61 17 28 38 12 8 50 45 58 0 24 26 33 38 64 17 5 71 40 39 21 35 54 61 27 37 33 42 40 13 6 4 41 23 69
36 36 7 6 34 23 10 20 23 10 11 17 31 12 8 26 65 0 26 22 11 45 14 41 24 26 31 17 48 21 7 18 4 43 29 11 20 55 34 7 24 34
48 4 29 18 43 19 27 8 29 27 22 18 29 12 47 41 20 34 0 13 22 12 22 36 36 13 26 33 14 22 41 17 26 9 4 30 32 34 43 30 30 24
31 16 26 13 24 3 8 17 21 16 15 23 41 9 26 44 61 23 17 0 30 13 26 50 8 4 13 37 24 31 29 21 12 22 11 14 17 29 22 33 28 16
48 18 19 11 20 21 29 35 16 5 2 12 18 17 19 21 15 29 18 28 0 56 14 33 27 36 3 15 56 18 34 24 25 44 13 23 9 13 23 14 18 51
53 14 35 44 48 20 20 10 45 24 39 35 69 36 34 43 41 28 17 13 50 0 43 25 41 13 28 58 3 63 40 15 23 5 25 26 65 62 38 43 64 28
65 8 25 8 25 32 28 21 8 16 11 2 20 9 48 35 21 25 19 13 11 47 0 12 44 26 10 30 25 41 29 4 31 25 12 24 13 20 15 21 30 34
82 28 32 37 12 34 59 23 11 42 13 16 12 20 57 65 9 47 14 35 12 47 14 0 49 32 21 48 27 50 30 20 56 37 14 31 24 5 9 59 34 58
15 36 34 18 47 14 9 16 42 24 29 37 48 17 7 39 31 9 41 8 31 16 46 34 0 9 16 41 22 30 7 29 12 32 19 13 31 44 70 12 40 8
31 21 43 14 28 6 16 12 25 27 39 20 56 16 12 31 55 28 25 3 43 18 38 64 18 0 39 45 27 54 25 20 23 27 31 12 52 58 63 38 37 33
25 11 20 10 9 24 32 33 14 10 2 10 18 7 20 38 14 14 18 30 4 49 10 27 40 31 0 10 41 18 17 15 30 30 18 19 7 17 22 17 17 31
50 46 18 24 19 41 30 30 39 14 12 40 35 29 30 8 24 15 49 29 13 35 31 36 53 49 20 0 39 9 32 25 22 43 47 34 14 28 40 22 3 36
61 13 44 36 62 18 33 8 29 25 48 19 24 27 47 55 67 62 20 18 30 5 45 39 28 12 33 52 0 54 38 26 46 8 14 18 54 53 39 45 40 31
62 38 20 16 16 29 30 41 49 13 16 32 31 27 16 4 59 21 28 43 17 60 20 28 46 26 12 6 49 0 30 27 26 54 52 27 17 23 27 15 3 59
13 25 11 23 60 18 15 32 48 32 31 37 36 30 2 44 65 12 23 19 35 48 32 45 10 27 18 33 26 26 0 31 9 38 52 7 20 66 56 12 30 24
54 6 43 26 13 13 23 11 4 20 10 4 25 9 19 48 33 26 15 19 15 34 6 18 43 22 14 22 37 53 25 0 43 18 6 41 11 14 14 15 28 40
35 25 17 15 42 10 9 25 26 21 23 16 36 13 7 24 69 4 26 15 26 25 32 34 15 15 22 33 37 11 5 22 0 19 24 7 32 48 34 10 30 26
52 16 42 30 42 24 23 2 29 14 16 32 56 27 41 52 45 37 10 20 31 8 17 29 23 10 19 32 5 66 36 27 30 0 10 32 24 29 47 41 38 63
23 7 56 15 18 18 25 12 12 16 10 12 20 25 42 63 40 29 8 19 28 29 7 32 20 30 20 25 25 42 41 10 39 10 0 30 17 15 30 45 41 26
29 17 16 16 31 15 3 36 19 17 25 29 32 8 10 24 64 10 32 15 27 21 25 36 6 7 28 22 42 20 6 15 9 38 17 0 29 30 24 20 25 28
60 35 28 23 8 17 21 29 10 25 8 9 16 17 31 32 14 22 40 29 5 33 17 26 52 49 8 16 24 20 44 13 36 51 13 35 0 20 11 32 11 61
48 38 40 29 7 57 25 34 5 35 18 15 4 37 43 35 10 48 44 31 17 61 9 6 59 32 26 32 56 44 46 19 23 20 29 39 15 0 6 32 30 37
35 19 58 31 15 34 63 57 16 44 30 18 6 45 40 56 4 30 48 53 35 53 16 6 39 73 15 44 45 38 65 14 54 51 36 63 10 6 0 38 51 55
36 28 15 12 40 27 10 19 18 9 12 28 31 11 9 16 51 6 17 26 18 61 22 38 27 33 21 22 46 10 9 32 10 27 16 9 19 49 24 0 9 35
24 43 19 24 25 24 23 33 34 15 12 28 23 13 23 10 40 21 26 35 21 47 30 53 41 36 10 4 53 6 31 29 11 63 29 22 11 43 51 14 0 61
0 28 40 44 33 15 30 62 28 19 39 53 71 48 20 37 78 32 41 16 34 48 43 58 21 13 50 30 45 22 10 44 24 24 41 27 39 64 88 23 32 0