7
40
,
0 (19.0, 37.0) 60.0
1 (30.0, 0.0) 69.0
2 (27.0, 21.0) 62.0
3 (48.0, 34.0) 75.0
4 (11.0, 25.0) 75.0
5 (13.0, 18.0) 33.0
6 (8.0, 41.0) 83.0
7 (35.0, 43.0) 77.0
8 (26.0, 25.0) 32.0
9 (32.0, 27.0) 68.0
10 (31.0, 38.0) 69.0
11 (47.0, 39.0) 44.0
12 (23.0, 24.0) 71.0
13 (18.0, 5.0) 71.0
14 (45.0, 4.0) 56.0
15 (50.0, 48.0) 32.0
16 (24.0, 9.0) 32.0
17 (15.0, 40.0) 77.0
18 (10.0, 27.0) 37.0
19 (35.0, 26.0) 65.0
20 (0.0, 40.0) 82.0
21 (31.0, 35.0) 37.0
22 (42.0, 48.0) 84.0
23 (7.0, 13.0) 41.0
24 (4.0, 25.0) 90.0
25 (33.0, 28.0) 51.0
26 (44.0, 14.0) 50.0
27 (2.0, 45.0) 34.0
28 (42.0, 7.0) 72.0
29 (16.0, 5.0) 79.0
30 (29.0, 41.0) 56.0
31 (21.0, 11.0) 42.0
32 (8.0, 43.0) 89.0
33 (21.0, 41.0) 32.0
34 (15.0, 16.0) 64.0
35 (43.0, 28.0) 30.0
36 (45.0, 42.0) 51.0
37 (48.0, 46.0) 33.0
38 (29.0, 11.0) 56.0
39 (42.0, 12.0) 32.0
,
0 21 15 17 29 14 11 21 28 18 21 25 31 17 9 23 35 13 21 14 22 20 23 32 7 13 22 23 23 21 8 25 12 22 23 11 26 31 33 16 22 0
21 0 19 9 15 7 10 6 9 7 8 6 14 7 16 21 16 14 2 7 10 10 6 13 13 10 8 17 9 19 16 5 13 6 2 11 13 13 15 14 17 21
15 19 0 11 19 16 12 23 22 13 14 19 21 12 6 8 26 5 21 17 13 25 18 25 13 18 14 10 26 7 7 21 7 24 21 11 15 22 25 6 8 15
17 9 11 0 12 8 7 14 12 2 4 9 13 2 9 12 18 6 11 9 5 17 7 15 11 12 5 9 17 10 10 10 6 15 10 6 9 14 16 5 9 17
29 15 19 12 0 19 19 20 8 12 9 9 3 13 21 15 7 17 17 19 8 24 9 8 23 22 8 10 24 14 22 10 18 20 14 19 4 4 6 15 11 29
14 7 16 8 19 0 4 8 15 8 11 12 19 6 11 20 23 10 8 1 12 9 11 19 6 4 11 17 11 18 10 12 9 9 9 5 16 19 21 11 17 14
11 10 12 7 19 4 0 12 17 7 11 13 20 6 7 17 24 7 11 5 12 13 12 21 4 6 11 16 15 16 7 14 5 13 12 1 16 20 22 9 15 11
21 6 23 14 20 8 12 0 14 12 14 12 20 11 19 26 21 18 4 7 15 4 12 17 14 8 14 22 4 24 18 10 16 1 6 13 19 19 20 18 22 21
28 9 22 12 8 15 17 14 0 10 8 3 6 11 21 20 8 18 10 15 8 18 4 4 21 18 8 15 17 18 21 3 17 14 7 17 8 5 7 16 16 28
18 7 13 2 12 8 7 12 10 0 3 7 13 2 11 14 17 8 9 8 5 15 6 14 11 11 4 11 16 12 11 8 7 13 8 7 9 13 15 7 10 18
21 8 14 4 9 11 11 14 8 3 0 6 10 5 13 13 14 10 11 11 2 17 4 12 14 14 1 9 17 11 14 7 10 14 9 10 6 10 12 8 9 21
25 6 19 9 9 12 13 12 3 7 6 0 8 8 18 18 11 15 8 12 6 16 2 7 17 15 5 14 15 16 18 2 14 12 5 14 8 7 9 14 14 25
31 14 21 13 3 19 20 20 6 13 10 8 0 14 22 18 5 19 16 19 9 24 8 5 24 23 9 13 23 16 23 9 19 20 13 20 6 2 4 17 14 31
17 7 12 2 13 6 6 11 11 2 5 8 14 0 10 15 18 8 9 7 6 14 7 15 10 10 5 12 15 13 10 9 7 12 9 6 10 14 17 7 11 17
9 16 6 9 21 11 7 19 21 11 13 18 22 10 0 14 27 4 18 12 14 20 16 25 7 12 14 14 22 12 1 19 3 20 18 6 17 23 25 6 12 9
23 21 8 12 15 20 17 26 20 14 13 18 18 15 14 0 22 11 23 21 12 29 17 22 20 23 13 5 30 2 15 20 12 27 22 16 12 19 21 9 4 23
35 16 26 18 7 23 24 21 8 17 14 11 5 18 27 22 0 23 18 23 13 25 12 4 28 26 13 17 24 21 27 11 24 21 15 24 11 4 1 21 18 35
13 14 5 6 17 10 7 18 18 8 10 15 19 8 4 11 23 0 16 11 10 20 13 21 9 13 11 10 21 9 4 16 2 19 16 6 13 20 22 3 9 13
21 2 21 11 17 8 11 4 10 9 11 8 16 9 18 23 18 16 0 7 12 8 8 14 14 9 11 19 7 21 18 7 15 4 3 12 15 15 17 16 19 21
14 7 17 9 19 1 5 7 15 8 11 12 19 7 12 21 23 11 7 0 13 8 11 19 7 3 12 18 10 19 11 12 10 8 9 6 17 19 21 12 18 14
22 10 13 5 8 12 12 15 8 5 2 6 9 6 14 12 13 10 12 13 0 19 5 12 15 16 1 8 19 10 14 8 10 16 10 11 4 9 12 8 8 22
20 10 25 17 24 9 13 4 18 15 17 16 24 14 20 29 25 20 8 8 19 0 16 21 14 8 18 26 3 27 19 15 18 4 11 14 22 23 24 21 25 20
23 6 18 7 9 11 12 12 4 6 4 2 8 7 16 17 12 13 8 11 5 16 0 9 16 14 4 12 15 15 17 3 13 12 6 12 7 8 10 12 13 23
32 13 25 15 8 19 21 17 4 14 12 7 5 15 25 22 4 21 14 19 12 21 9 0 25 22 11 17 20 20 25 7 21 17 11 21 10 3 3 20 18 32
7 13 13 11 23 6 4 14 21 11 14 17 24 10 7 20 28 9 14 7 15 14 16 25 0 6 15 19 16 18 6 18 7 15 16 4 20 24 26 11 18 7
13 10 18 12 22 4 6 8 18 11 14 15 23 10 12 23 26 13 9 3 16 8 14 22 6 0 15 21 10 21 12 15 11 9 12 7 20 22 24 14 20 13
22 8 14 5 8 11 11 14 8 4 1 5 9 5 14 13 13 11 11 12 1 18 4 11 15 15 0 9 18 11 14 7 10 15 9 11 5 9 12 9 9 22
23 17 10 9 10 17 16 22 15 11 9 14 13 12 14 5 17 10 19 18 8 26 12 17 19 21 9 0 26 4 15 15 12 23 18 15 7 14 16 8 1 23
23 9 26 17 24 11 15 4 17 16 17 15 23 15 22 30 24 21 7 10 19 3 15 20 16 10 18 26 0 28 21 14 19 3 10 16 22 22 23 22 26 23
21 19 7 10 14 18 16 24 18 12 11 16 16 13 12 2 21 9 21 19 10 27 15 20 18 21 11 4 28 0 13 18 11 25 20 14 11 18 20 7 2 21
8 16 7 10 22 10 7 18 21 11 14 18 23 10 1 15 27 4 18 11 14 19 17 25 6 12 14 15 21 13 0 19 4 19 18 6 18 24 26 7 13 8
25 5 21 10 10 12 14 10 3 8 7 2 9 9 19 20 11 16 7 12 8 15 3 7 18 15 7 15 14 18 19 0 16 11 4 14 10 8 10 15 16 25
12 13 7 6 18 9 5 16 17 7 10 14 19 7 3 12 24 2 15 10 10 18 13 21 7 11 10 12 19 11 4 16 0 17 15 4 14 20 22 4 11 12
22 6 24 15 20 9 13 1 14 13 14 12 20 12 20 27 21 19 4 8 16 4 12 17 15 9 15 23 3 25 19 11 17 0 7 14 19 19 20 19 23 22
23 2 21 10 14 9 12 6 7 8 9 5 13 9 18 22 15 16 3 9 10 11 6 11 16 12 9 18 10 20 18 4 15 7 0 13 13 12 14 16 18 23
11 11 11 6 19 5 1 13 17 7 10 14 20 6 6 16 24 6 12 6 11 14 12 21 4 7 11 15 16 14 6 14 4 14 13 0 15 20 22 7 14 11
26 13 15 9 4 16 16 19 8 9 6 8 6 10 17 12 11 13 15 17 4 22 7 10 20 20 5 7 22 11 18 10 14 19 13 15 0 7 9 11 8 26
31 13 22 14 4 19 20 19 5 13 10 7 2 14 23 19 4 20 15 19 9 23 8 3 24 22 9 14 22 18 24 8 20 19 12 20 7 0 2 17 15 31
33 15 25 16 6 21 22 20 7 15 12 9 4 17 25 21 1 22 17 21 12 24 10 3 26 24 12 16 23 20 26 10 22 20 14 22 9 2 0 20 17 33
16 14 6 5 15 11 9 18 16 7 8 14 17 7 6 9 21 3 16 12 8 21 12 20 11 14 9 8 22 7 7 15 4 19 16 7 11 17 20 0 7 16
22 17 8 9 11 17 15 22 16 10 9 14 14 11 12 4 18 9 19 18 8 25 13 18 18 20 9 1 26 2 13 16 11 23 18 14 8 15 17 7 0 22
0 21 15 17 29 14 11 21 28 18 21 25 31 17 9 23 35 13 21 14 22 20 23 32 7 13 22 23 23 21 8 25 12 22 23 11 26 31 33 16 22 0
,
0 42 38 42 60 37 26 29 54 19 52 49 72 24 11 32 78 23 29 36 37 57 33 60 18 33 58 62 48 53 16 64 21 30 65 29 34 33 60 32 47 0
55 0 28 13 37 18 14 6 11 11 16 16 33 10 25 29 23 28 6 18 18 17 13 20 29 14 23 37 25 37 18 8 24 14 3 12 14 16 18 16 24 52
41 50 0 19 50 32 16 40 60 31 32 23 45 18 15 12 51 8 34 21 15 59 49 30 38 40 17 20 38 19 20 42 10 27 24 20 23 42 25 15 18 19
37 19 20 0 22 11 12 38 17 2 5 13 35 5 9 18 40 17 13 23 11 17 8 46 31 16 11 21 37 18 15 25 7 29 26 13 24 32 31 14 13 45
61 41 50 19 0 45 35 42 23 34 25 24 3 36 50 22 16 40 48 28 16 33 26 19 49 35 18 18 50 15 24 18 45 39 27 46 10 5 17 39 34 66
15 10 36 23 24 0 4 14 31 9 25 33 53 14 22 22 52 12 9 2 28 18 27 24 14 5 32 39 19 33 26 19 17 10 20 6 16 55 57 32 39 40
29 22 16 21 29 4 0 16 20 16 25 37 30 16 13 39 29 12 20 12 23 17 37 48 8 10 28 21 41 31 15 17 7 30 33 3 34 52 43 26 25 21
61 14 48 21 44 12 25 0 36 36 28 24 31 31 23 37 55 33 7 9 46 10 30 39 29 9 39 46 6 30 20 20 17 3 17 14 50 21 29 50 39 28
31 18 22 15 18 30 49 28 0 17 17 9 9 13 29 52 15 48 21 27 12 27 11 5 58 27 17 30 17 44 50 9 42 34 9 50 15 15 16 44 20 82
29 20 22 6 20 15 17 15 26 0 8 8 18 3 32 16 35 21 25 11 6 18 6 17 32 31 9 11 38 13 29 18 10 32 24 12 12 25 25 13 25 32
55 16 14 12 25 21 18 38 15 9 0 11 24 11 28 31 40 11 20 27 4 30 10 18 17 19 1 22 24 18 28 18 29 40 17 12 9 13 30 12 16 54
54 16 29 12 9 24 34 15 9 12 14 0 23 18 40 55 12 38 24 12 15 38 2 16 47 43 8 18 34 47 35 3 40 23 14 21 14 13 21 36 20 54
46 18 30 37 6 47 44 30 19 35 11 15 0 20 26 47 13 27 30 34 12 46 24 15 49 66 14 23 54 36 27 19 35 20 38 49 11 4 5 33 34 89
20 18 15 6 18 10 9 29 28 2 9 20 25 0 19 23 52 22 23 9 14 15 10 41 13 11 6 12 24 31 22 10 9 26 20 7 12 26 40 20 23 36
13 38 14 11 45 11 16 21 50 17 14 38 60 21 0 26 68 10 49 19 23 40 48 47 10 32 39 15 46 24 2 49 5 52 33 9 42 30 74 16 18 15
52 49 15 36 24 54 28 47 37 34 32 40 29 44 17 0 58 27 35 61 18 43 26 34 40 58 20 5 57 5 42 27 18 78 28 28 33 46 24 24 8 53
98 25 51 22 21 28 35 50 19 23 37 14 11 33 38 25 0 48 34 25 32 53 28 10 32 53 27 33 40 31 39 27 25 47 29 28 14 8 3 31 39 94
25 32 11 6 29 18 14 39 18 9 29 42 43 16 8 27 27 0 31 17 13 47 17 40 21 22 24 17 57 15 13 24 5 28 43 8 23 40 30 5 12 38
46 7 38 12 48 14 15 5 28 16 23 16 31 18 27 49 33 28 0 17 31 19 18 40 28 22 27 42 19 37 39 16 27 9 5 15 20 23 33 24 39 36
20 16 32 20 33 2 14 15 31 17 17 13 28 9 32 62 55 21 20 0 14 19 19 37 14 9 22 40 20 52 16 20 10 22 11 14 47 46 23 25 42 32
52 10 14 7 10 16 28 17 24 7 2 15 15 14 25 35 20 11 36 17 0 55 13 17 24 42 2 8 42 26 18 19 17 26 30 28 7 20 21 10 9 59
28 27 73 18 28 25 20 10 30 43 32 41 49 20 43 52 69 50 18 19 45 0 46 56 31 11 43 27 5 41 45 35 39 6 17 24 50 50 65 23 67 55
61 16 34 20 21 27 22 24 7 14 11 3 20 18 18 35 15 16 25 15 7 47 0 9 30 21 5 18 18 21 41 7 34 32 9 20 11 22 13 23 34 42
65 21 70 38 19 51 40 24 11 37 14 18 7 44 33 39 11 47 20 26 30 31 10 0 64 56 12 43 51 38 29 9 26 46 25 36 15 8 6 38 33 61
13 34 32 25 29 16 10 36 59 32 27 41 44 17 17 43 70 17 23 14 37 24 19 52 0 10 24 25 48 29 7 48 12 34 21 11 55 54 59 20 34 8
16 12 29 28 55 9 16 20 46 27 39 38 30 25 19 63 40 31 10 6 33 12 36 60 10 0 27 33 20 27 32 30 31 25 23 18 29 35 67 39 45 27
24 11 40 10 24 24 21 24 22 11 2 7 9 10 23 25 23 30 24 19 3 25 5 24 22 37 0 15 22 32 37 20 15 41 17 19 7 15 23 19 10 25
32 25 25 26 29 37 30 66 28 11 17 33 14 28 34 7 43 12 47 52 22 68 35 27 31 56 23 0 30 5 41 22 30 64 27 22 11 37 26 10 4 38
61 14 48 50 40 13 35 9 22 39 39 25 24 22 25 86 39 55 21 13 39 7 22 26 17 14 52 46 0 59 28 28 20 5 14 29 24 55 43 49 47 38
47 47 14 18 15 25 37 25 27 33 16 21 24 29 28 4 45 18 44 25 21 66 44 28 51 39 15 9 37 0 30 25 20 65 52 35 11 30 56 20 5 55
24 24 14 28 52 26 8 29 38 32 32 45 66 22 1 40 41 11 18 28 18 30 26 45 17 33 27 32 58 26 0 39 11 25 34 10 33 24 71 20 36 10
48 9 57 22 16 33 30 14 6 17 13 4 27 21 53 54 15 22 17 18 23 17 7 14 44 33 17 24 20 37 53 0 36 21 5 15 19 20 23 20 25 47
18 17 17 17 37 20 16 29 24 17 29 31 25 11 8 15 36 5 42 17 20 34 37 37 21 23 15 13 35 23 11 26 0 20 40 6 24 35 25 11 26 16
28 15 68 21 44 17 37 3 37 23 36 28 20 16 39 71 47 30 11 11 33 6 36 35 44 15 27 33 7 32 38 18 52 0 10 37 29 37 21 19 30 33
63 6 50 13 27 16 18 16 15 21 19 15 20 21 20 47 27 35 5 22 30 27 9 13 22 17 25 23 28 40 33 4 45 7 0 15 29 33 26 21 29 32
14 30 19 14 21 11 2 34 20 20 22 16 58 7 15 22 51 14 15 16 22 24 27 61 8 8 31 35 17 39 14 41 9 23 24 0 16 46 29 22 19 11
74 23 24 24 4 28 43 45 10 16 7 21 6 26 45 35 18 25 30 39 6 44 12 21 50 31 15 20 42 16 42 17 33 43 18 34 0 17 12 24 15 65
60 32 46 37 9 41 57 37 7 29 28 12 3 21 66 22 9 55 25 29 25 31 8 4 60 42 21 35 40 47 50 16 21 41 29 33 9 0 7 42 32 55
90 27 34 31 17 41 28 30 20 45 28 22 7 32 27 25 2 26 49 24 14 31 22 6 47 31 28 29 41 32 48 11 48 29 17 67 25 6 0 41 22 44
36 40 15 6 43 26 24 50 40 17 10 14 47 11 9 18 58 4 30 14 23 47 31 49 28 38 11 12 51 13 21 28 9 30 29 14 27 32 49 0 14 46
38 44 16 21 23 39 17 46 44 16 14 24 37 28 34 6 41 15 21 39 23 36 33 29 19 43 19 3 43 7 17 42 24 48 30 27 15 27 26 20 0 53
0 54 19 28 82 15 11 41 80 22 54 37 50 32 16 36 93 32 29 36 61 41 38 56 12 20 33 67 50 33 10 46 25 47 26 15 58 42 60 33 24 0