7
40
,
0 (19.0, 37.0) 82.0
1 (30.0, 0.0) 44.0
2 (27.0, 21.0) 37.0
3 (48.0, 34.0) 46.0
4 (11.0, 25.0) 43.0
5 (13.0, 18.0) 55.0
6 (8.0, 41.0) 31.0
7 (35.0, 43.0) 65.0
8 (26.0, 25.0) 51.0
9 (32.0, 27.0) 43.0
10 (31.0, 38.0) 84.0
11 (47.0, 39.0) 41.0
12 (23.0, 24.0) 77.0
13 (18.0, 5.0) 51.0
14 (45.0, 4.0) 82.0
15 (50.0, 48.0) 38.0
16 (24.0, 9.0) 37.0
17 (15.0, 40.0) 83.0
18 (10.0, 27.0) 47.0
19 (35.0, 26.0) 83.0
20 (0.0, 40.0) 34.0
21 (31.0, 35.0) 75.0
22 (42.0, 48.0) 78.0
23 (7.0, 13.0) 41.0
24 (4.0, 25.0) 61.0
25 (33.0, 28.0) 54.0
26 (44.0, 14.0) 40.0
27 (2.0, 45.0) 38.0
28 (42.0, 7.0) 47.0
29 (16.0, 5.0) 53.0
30 (29.0, 41.0) 31.0
31 (21.0, 11.0) 48.0
32 (8.0, 43.0) 58.0
33 (21.0, 41.0) 77.0
34 (15.0, 16.0) 53.0
35 (43.0, 28.0) 53.0
36 (45.0, 42.0) 36.0
37 (48.0, 46.0) 42.0
38 (29.0, 11.0) 34.0
39 (42.0, 12.0) 54.0
,
0 21 15 17 29 14 11 21 28 18 21 25 31 17 9 23 35 13 21 14 22 20 23 32 7 13 22 23 23 21 8 25 12 22 23 11 26 31 33 16 22 0
21 0 19 9 15 7 10 6 9 7 8 6 14 7 16 21 16 14 2 7 10 10 6 13 13 10 8 17 9 19 16 5 13 6 2 11 13 13 15 14 17 21
15 19 0 11 19 16 12 23 22 13 14 19 21 12 6 8 26 5 21 17 13 25 18 25 13 18 14 10 26 7 7 21 7 24 21 11 15 22 25 6 8 15
17 9 11 0 12 8 7 14 12 2 4 9 13 2 9 12 18 6 11 9 5 17 7 15 11 12 5 9 17 10 10 10 6 15 10 6 9 14 16 5 9 17
29 15 19 12 0 19 19 20 8 12 9 9 3 13 21 15 7 17 17 19 8 24 9 8 23 22 8 10 24 14 22 10 18 20 14 19 4 4 6 15 11 29
14 7 16 8 19 0 4 8 15 8 11 12 19 6 11 20 23 10 8 1 12 9 11 19 6 4 11 17 11 18 10 12 9 9 9 5 16 19 21 11 17 14
11 10 12 7 19 4 0 12 17 7 11 13 20 6 7 17 24 7 11 5 12 13 12 21 4 6 11 16 15 16 7 14 5 13 12 1 16 20 22 9 15 11
21 6 23 14 20 8 12 0 14 12 14 12 20 11 19 26 21 18 4 7 15 4 12 17 14 8 14 22 4 24 18 10 16 1 6 13 19 19 20 18 22 21
28 9 22 12 8 15 17 14 0 10 8 3 6 11 21 20 8 18 10 15 8 18 4 4 21 18 8 15 17 18 21 3 17 14 7 17 8 5 7 16 16 28
18 7 13 2 12 8 7 12 10 0 3 7 13 2 11 14 17 8 9 8 5 15 6 14 11 11 4 11 16 12 11 8 7 13 8 7 9 13 15 7 10 18
21 8 14 4 9 11 11 14 8 3 0 6 10 5 13 13 14 10 11 11 2 17 4 12 14 14 1 9 17 11 14 7 10 14 9 10 6 10 12 8 9 21
25 6 19 9 9 12 13 12 3 7 6 0 8 8 18 18 11 15 8 12 6 16 2 7 17 15 5 14 15 16 18 2 14 12 5 14 8 7 9 14 14 25
31 14 21 13 3 19 20 20 6 13 10 8 0 14 22 18 5 19 16 19 9 24 8 5 24 23 9 13 23 16 23 9 19 20 13 20 6 2 4 17 14 31
17 7 12 2 13 6 6 11 11 2 5 8 14 0 10 15 18 8 9 7 6 14 7 15 10 10 5 12 15 13 10 9 7 12 9 6 10 14 17 7 11 17
9 16 6 9 21 11 7 19 21 11 13 18 22 10 0 14 27 4 18 12 14 20 16 25 7 12 14 14 22 12 1 19 3 20 18 6 17 23 25 6 12 9
23 21 8 12 15 20 17 26 20 14 13 18 18 15 14 0 22 11 23 21 12 29 17 22 20 23 13 5 30 2 15 20 12 27 22 16 12 19 21 9 4 23
35 16 26 18 7 23 24 21 8 17 14 11 5 18 27 22 0 23 18 23 13 25 12 4 28 26 13 17 24 21 27 11 24 21 15 24 11 4 1 21 18 35
13 14 5 6 17 10 7 18 18 8 10 15 19 8 4 11 23 0 16 11 10 20 13 21 9 13 11 10 21 9 4 16 2 19 16 6 13 20 22 3 9 13
21 2 21 11 17 8 11 4 10 9 11 8 16 9 18 23 18 16 0 7 12 8 8 14 14 9 11 19 7 21 18 7 15 4 3 12 15 15 17 16 19 21
14 7 17 9 19 1 5 7 15 8 11 12 19 7 12 21 23 11 7 0 13 8 11 19 7 3 12 18 10 19 11 12 10 8 9 6 17 19 21 12 18 14
22 10 13 5 8 12 12 15 8 5 2 6 9 6 14 12 13 10 12 13 0 19 5 12 15 16 1 8 19 10 14 8 10 16 10 11 4 9 12 8 8 22
20 10 25 17 24 9 13 4 18 15 17 16 24 14 20 29 25 20 8 8 19 0 16 21 14 8 18 26 3 27 19 15 18 4 11 14 22 23 24 21 25 20
23 6 18 7 9 11 12 12 4 6 4 2 8 7 16 17 12 13 8 11 5 16 0 9 16 14 4 12 15 15 17 3 13 12 6 12 7 8 10 12 13 23
32 13 25 15 8 19 21 17 4 14 12 7 5 15 25 22 4 21 14 19 12 21 9 0 25 22 11 17 20 20 25 7 21 17 11 21 10 3 3 20 18 32
7 13 13 11 23 6 4 14 21 11 14 17 24 10 7 20 28 9 14 7 15 14 16 25 0 6 15 19 16 18 6 18 7 15 16 4 20 24 26 11 18 7
13 10 18 12 22 4 6 8 18 11 14 15 23 10 12 23 26 13 9 3 16 8 14 22 6 0 15 21 10 21 12 15 11 9 12 7 20 22 24 14 20 13
22 8 14 5 8 11 11 14 8 4 1 5 9 5 14 13 13 11 11 12 1 18 4 11 15 15 0 9 18 11 14 7 10 15 9 11 5 9 12 9 9 22
23 17 10 9 10 17 16 22 15 11 9 14 13 12 14 5 17 10 19 18 8 26 12 17 19 21 9 0 26 4 15 15 12 23 18 15 7 14 16 8 1 23
23 9 26 17 24 11 15 4 17 16 17 15 23 15 22 30 24 21 7 10 19 3 15 20 16 10 18 26 0 28 21 14 19 3 10 16 22 22 23 22 26 23
21 19 7 10 14 18 16 24 18 12 11 16 16 13 12 2 21 9 21 19 10 27 15 20 18 21 11 4 28 0 13 18 11 25 20 14 11 18 20 7 2 21
8 16 7 10 22 10 7 18 21 11 14 18 23 10 1 15 27 4 18 11 14 19 17 25 6 12 14 15 21 13 0 19 4 19 18 6 18 24 26 7 13 8
25 5 21 10 10 12 14 10 3 8 7 2 9 9 19 20 11 16 7 12 8 15 3 7 18 15 7 15 14 18 19 0 16 11 4 14 10 8 10 15 16 25
12 13 7 6 18 9 5 16 17 7 10 14 19 7 3 12 24 2 15 10 10 18 13 21 7 11 10 12 19 11 4 16 0 17 15 4 14 20 22 4 11 12
22 6 24 15 20 9 13 1 14 13 14 12 20 12 20 27 21 19 4 8 16 4 12 17 15 9 15 23 3 25 19 11 17 0 7 14 19 19 20 19 23 22
23 2 21 10 14 9 12 6 7 8 9 5 13 9 18 22 15 16 3 9 10 11 6 11 16 12 9 18 10 20 18 4 15 7 0 13 13 12 14 16 18 23
11 11 11 6 19 5 1 13 17 7 10 14 20 6 6 16 24 6 12 6 11 14 12 21 4 7 11 15 16 14 6 14 4 14 13 0 15 20 22 7 14 11
26 13 15 9 4 16 16 19 8 9 6 8 6 10 17 12 11 13 15 17 4 22 7 10 20 20 5 7 22 11 18 10 14 19 13 15 0 7 9 11 8 26
31 13 22 14 4 19 20 19 5 13 10 7 2 14 23 19 4 20 15 19 9 23 8 3 24 22 9 14 22 18 24 8 20 19 12 20 7 0 2 17 15 31
33 15 25 16 6 21 22 20 7 15 12 9 4 17 25 21 1 22 17 21 12 24 10 3 26 24 12 16 23 20 26 10 22 20 14 22 9 2 0 20 17 33
16 14 6 5 15 11 9 18 16 7 8 14 17 7 6 9 21 3 16 12 8 21 12 20 11 14 9 8 22 7 7 15 4 19 16 7 11 17 20 0 7 16
22 17 8 9 11 17 15 22 16 10 9 14 14 11 12 4 18 9 19 18 8 25 13 18 18 20 9 1 26 2 13 16 11 23 18 14 8 15 17 7 0 22
0 21 15 17 29 14 11 21 28 18 21 25 31 17 9 23 35 13 21 14 22 20 23 32 7 13 22 23 23 21 8 25 12 22 23 11 26 31 33 16 22 0
,
0 47 31 35 72 33 18 36 34 52 48 70 55 49 27 33 69 28 49 21 31 48 28 83 18 24 39 59 63 27 11 50 17 64 31 22 32 76 54 28 62 0
49 0 34 13 43 13 26 14 9 12 24 14 22 9 45 31 21 41 5 8 23 15 14 17 22 13 12 32 17 31 36 12 17 7 3 17 28 13 16 33 22 60
32 24 0 17 53 35 14 61 30 34 34 51 56 24 18 13 36 13 28 25 27 72 18 50 23 37 30 25 44 17 18 60 9 55 27 28 41 63 58 14 13 28
27 10 31 0 28 23 8 28 33 3 6 10 25 3 22 15 47 16 26 10 6 17 14 19 31 26 9 14 20 24 18 23 9 36 21 17 15 25 22 9 22 38
31 35 53 14 0 43 38 49 8 15 13 10 3 33 55 23 11 28 50 38 21 60 20 11 29 47 23 18 60 26 44 13 36 23 28 41 9 7 13 22 17 50
37 9 16 14 55 0 8 20 22 17 18 16 26 16 12 56 55 23 12 2 18 19 27 24 9 9 25 40 33 50 22 25 22 12 21 8 41 22 52 22 42 41
31 26 21 9 21 9 0 27 46 18 26 16 42 17 11 40 69 21 20 10 31 29 25 38 11 10 33 41 29 17 15 41 7 31 24 3 33 37 37 22 24 29
26 9 56 14 28 9 32 0 17 25 37 16 58 23 24 35 45 26 8 18 31 9 26 44 39 21 23 45 9 30 40 20 43 3 13 35 51 20 32 52 44 56
52 23 57 32 15 32 44 24 0 19 23 5 10 30 47 60 22 26 22 15 15 35 10 9 39 20 13 30 24 20 43 5 35 35 15 34 14 5 16 40 24 36
34 10 27 3 20 21 19 24 16 0 5 10 14 4 19 29 41 15 22 13 12 27 14 22 15 31 7 22 28 36 17 9 22 35 16 9 12 24 45 19 17 54
29 19 21 12 9 21 20 33 18 5 0 11 26 7 20 23 25 16 25 23 3 29 11 19 16 14 2 26 18 33 23 19 28 43 19 26 15 24 32 14 11 43
36 6 54 9 15 12 32 13 9 18 11 0 18 15 20 36 18 20 10 19 11 31 3 12 28 31 6 15 22 22 50 5 22 34 14 24 13 15 19 20 42 65
86 30 54 37 4 49 37 55 7 13 19 9 0 33 53 22 14 34 22 47 12 35 11 8 34 58 13 36 41 17 46 11 46 39 30 23 12 5 8 35 16 77
47 14 17 5 40 17 13 28 32 3 8 20 15 0 18 39 46 12 25 13 7 25 17 46 22 28 8 15 16 36 13 17 15 29 19 10 29 19 18 18 16 32
10 47 9 21 32 18 18 28 23 12 25 33 41 28 0 29 58 9 32 14 23 26 38 33 12 15 34 19 35 35 1 29 9 57 20 16 50 63 41 17 27 17
66 53 17 33 19 53 24 35 57 40 32 25 34 43 32 0 40 32 48 33 36 39 33 43 46 47 30 10 66 6 39 32 36 40 38 33 34 42 35 24 5 35
83 43 40 53 10 50 66 23 23 22 20 11 5 22 55 59 0 60 24 52 20 59 18 5 46 26 21 30 69 33 44 30 48 22 43 63 30 9 3 47 22 36
13 25 6 7 47 25 16 19 36 23 19 42 48 22 5 25 45 0 45 26 28 32 28 45 23 34 22 17 40 11 7 33 5 32 21 12 33 30 49 5 19 33
34 5 59 16 30 17 14 9 25 18 29 23 42 16 28 36 50 23 0 11 24 8 15 38 15 16 26 20 14 62 30 7 22 9 5 35 29 18 20 22 22 55
17 20 20 22 24 2 11 7 23 24 23 32 29 12 13 22 40 19 12 0 13 13 19 42 15 8 22 33 23 36 13 13 27 24 19 13 29 47 59 30 23 24
42 15 29 8 20 35 30 29 10 12 3 16 25 15 18 19 37 20 31 37 0 34 7 17 16 22 2 21 23 23 41 15 26 19 20 27 8 20 25 16 9 34
42 25 60 45 53 24 27 10 48 39 28 41 41 27 27 54 52 53 10 18 37 0 18 44 31 21 38 57 3 61 29 40 45 12 12 21 25 45 63 51 66 60
32 17 38 14 10 18 30 21 11 15 11 2 22 10 45 45 13 14 16 32 11 17 0 24 40 23 6 15 27 29 48 5 34 20 12 21 15 11 19 17 17 30
83 20 30 39 16 57 30 37 12 27 27 17 10 22 34 34 7 22 41 35 33 34 10 0 49 38 30 19 29 44 57 13 47 26 31 44 13 5 5 57 20 50
20 37 32 15 31 16 4 24 53 17 15 21 66 17 8 37 49 13 15 20 20 28 43 64 0 10 26 27 18 19 15 20 12 30 38 10 53 31 62 32 40 21
22 13 49 27 37 5 15 14 46 17 34 32 38 18 32 66 66 27 17 8 29 21 40 26 16 0 30 52 20 25 16 34 27 17 22 13 35 63 47 25 40 32
56 15 40 12 23 16 19 33 22 4 2 6 22 15 22 30 29 12 30 23 3 49 6 30 45 21 0 21 43 17 36 9 22 31 13 27 10 25 35 9 10 42
61 20 14 13 20 21 27 64 23 17 16 26 24 18 39 8 49 11 57 38 16 67 30 19 46 44 20 0 62 9 28 36 17 56 44 24 16 15 35 13 4 30
32 19 62 42 35 23 37 10 36 17 41 18 64 15 48 56 33 61 20 23 48 4 26 27 30 29 33 76 0 45 39 36 21 5 19 42 61 24 30 27 72 44
23 33 7 21 33 37 31 70 32 13 30 37 47 15 25 2 39 13 50 53 30 55 16 35 19 60 30 5 29 0 16 50 28 42 41 25 21 45 50 8 4 59
15 46 10 22 25 30 19 44 44 18 29 49 46 13 3 15 42 5 25 20 33 56 49 30 15 30 21 17 57 19 0 24 5 54 42 10 25 28 65 17 15 18
59 6 23 21 24 26 23 17 7 15 20 3 19 15 47 56 33 43 10 28 11 32 6 8 51 37 16 16 33 51 36 0 34 16 9 28 22 15 16 25 33 41
13 24 19 13 51 18 12 17 39 15 12 28 44 12 4 20 53 5 34 18 23 24 32 60 16 16 11 25 32 13 9 33 0 48 38 10 20 47 61 11 23 15
59 12 54 21 21 19 22 2 24 28 40 25 39 23 25 68 51 46 10 19 25 5 21 28 27 23 35 51 9 44 26 19 22 0 19 41 56 34 37 54 32 29
52 4 27 15 25 10 14 16 8 13 21 14 26 15 48 34 33 18 6 14 23 19 10 17 27 16 13 23 13 45 29 7 44 8 0 32 36 20 39 18 54 65
15 21 13 16 42 9 4 37 30 19 11 29 20 11 8 17 50 10 33 15 16 41 32 57 9 15 24 24 29 16 7 30 11 31 20 0 33 39 59 19 27 30
69 34 41 25 9 30 27 21 17 21 8 20 11 30 32 28 16 26 34 33 9 23 17 25 42 53 7 13 63 15 53 27 16 56 26 45 0 12 23 24 20 39
48 18 65 22 11 32 45 52 10 16 26 8 5 28 29 39 5 53 22 51 27 54 10 7 27 62 27 28 39 44 63 20 29 30 29 22 15 0 5 37 21 55
42 39 30 27 15 22 43 49 12 44 15 26 5 25 28 39 2 62 41 57 26 27 19 9 52 30 21 43 65 51 45 23 66 47 41 28 18 4 0 23 50 62
18 15 12 12 22 14 11 42 22 17 15 18 22 10 13 20 61 7 42 17 9 60 21 25 11 29 19 8 39 8 18 43 4 31 28 21 27 33 52 0 19 20
46 37 17 11 30 50 27 32 25 29 12 27 28 26 36 7 41 16 49 48 19 73 23 32 18 38 12 2 77 3 23 40 17 42 32 27 9 24 25 14 0 23
0 35 44 23 83 20 17 29 82 47 52 43 73 29 25 59 36 28 61 42 60 49 46 87 11 31 42 48 27 26 16 60 24 35 36 13 48 34 76 34 55 0