7
40
,
0 (19.0, 37.0) 63.0
1 (30.0, 0.0) 37.0
2 (27.0, 21.0) 48.0
3 (48.0, 34.0) 54.0
4 (11.0, 25.0) 35.0
5 (13.0, 18.0) 82.0
6 (8.0, 41.0) 46.0
7 (35.0, 43.0) 59.0
8 (26.0, 25.0) 43.0
9 (32.0, 27.0) 88.0
10 (31.0, 38.0) 60.0
11 (47.0, 39.0) 63.0
12 (23.0, 24.0) 42.0
13 (18.0, 5.0) 73.0
14 (45.0, 4.0) 32.0
15 (50.0, 48.0) 73.0
16 (24.0, 9.0) 30.0
17 (15.0, 40.0) 58.0
18 (10.0, 27.0) 36.0
19 (35.0, 26.0) 55.0
20 (0.0, 40.0) 78.0
21 (31.0, 35.0) 34.0
22 (42.0, 48.0) 49.0
23 (7.0, 13.0) 87.0
24 (4.0, 25.0) 48.0
25 (33.0, 28.0) 44.0
26 (44.0, 14.0) 61.0
27 (2.0, 45.0) 82.0
28 (42.0, 7.0) 66.0
29 (16.0, 5.0) 70.0
30 (29.0, 41.0) 42.0
31 (21.0, 11.0) 64.0
32 (8.0, 43.0) 63.0
33 (21.0, 41.0) 53.0
34 (15.0, 16.0) 40.0
35 (43.0, 28.0) 34.0
36 (45.0, 42.0) 68.0
37 (48.0, 46.0) 38.0
38 (29.0, 11.0) 42.0
39 (42.0, 12.0) 57.0
,
0 21 15 17 29 14 11 21 28 18 21 25 31 17 9 23 35 13 21 14 22 20 23 32 7 13 22 23 23 21 8 25 12 22 23 11 26 31 33 16 22 0
21 0 19 9 15 7 10 6 9 7 8 6 14 7 16 21 16 14 2 7 10 10 6 13 13 10 8 17 9 19 16 5 13 6 2 11 13 13 15 14 17 21
15 19 0 11 19 16 12 23 22 13 14 19 21 12 6 8 26 5 21 17 13 25 18 25 13 18 14 10 26 7 7 21 7 24 21 11 15 22 25 6 8 15
17 9 11 0 12 8 7 14 12 2 4 9 13 2 9 12 18 6 11 9 5 17 7 15 11 12 5 9 17 10 10 10 6 15 10 6 9 14 16 5 9 17
29 15 19 12 0 19 19 20 8 12 9 9 3 13 21 15 7 17 17 19 8 24 9 8 23 22 8 10 24 14 22 10 18 20 14 19 4 4 6 15 11 29
14 7 16 8 19 0 4 8 15 8 11 12 19 6 11 20 23 10 8 1 12 9 11 19 6 4 11 17 11 18 10 12 9 9 9 5 16 19 21 11 17 14
11 10 12 7 19 4 0 12 17 7 11 13 20 6 7 17 24 7 11 5 12 13 12 21 4 6 11 16 15 16 7 14 5 13 12 1 16 20 22 9 15 11
21 6 23 14 20 8 12 0 14 12 14 12 20 11 19 26 21 18 4 7 15 4 12 17 14 8 14 22 4 24 18 10 16 1 6 13 19 19 20 18 22 21
28 9 22 12 8 15 17 14 0 10 8 3 6 11 21 20 8 18 10 15 8 18 4 4 21 18 8 15 17 18 21 3 17 14 7 17 8 5 7 16 16 28
18 7 13 2 12 8 7 12 10 0 3 7 13 2 11 14 17 8 9 8 5 15 6 14 11 11 4 11 16 12 11 8 7 13 8 7 9 13 15 7 10 18
21 8 14 4 9 11 11 14 8 3 0 6 10 5 13 13 14 10 11 11 2 17 4 12 14 14 1 9 17 11 14 7 10 14 9 10 6 10 12 8 9 21
25 6 19 9 9 12 13 12 3 7 6 0 8 8 18 18 11 15 8 12 6 16 2 7 17 15 5 14 15 16 18 2 14 12 5 14 8 7 9 14 14 25
31 14 21 13 3 19 20 20 6 13 10 8 0 14 22 18 5 19 16 19 9 24 8 5 24 23 9 13 23 16 23 9 19 20 13 20 6 2 4 17 14 31
17 7 12 2 13 6 6 11 11 2 5 8 14 0 10 15 18 8 9 7 6 14 7 15 10 10 5 12 15 13 10 9 7 12 9 6 10 14 17 7 11 17
9 16 6 9 21 11 7 19 21 11 13 18 22 10 0 14 27 4 18 12 14 20 16 25 7 12 14 14 22 12 1 19 3 20 18 6 17 23 25 6 12 9
23 21 8 12 15 20 17 26 20 14 13 18 18 15 14 0 22 11 23 21 12 29 17 22 20 23 13 5 30 2 15 20 12 27 22 16 12 19 21 9 4 23
35 16 26 18 7 23 24 21 8 17 14 11 5 18 27 22 0 23 18 23 13 25 12 4 28 26 13 17 24 21 27 11 24 21 15 24 11 4 1 21 18 35
13 14 5 6 17 10 7 18 18 8 10 15 19 8 4 11 23 0 16 11 10 20 13 21 9 13 11 10 21 9 4 16 2 19 16 6 13 20 22 3 9 13
21 2 21 11 17 8 11 4 10 9 11 8 16 9 18 23 18 16 0 7 12 8 8 14 14 9 11 19 7 21 18 7 15 4 3 12 15 15 17 16 19 21
14 7 17 9 19 1 5 7 15 8 11 12 19 7 12 21 23 11 7 0 13 8 11 19 7 3 12 18 10 19 11 12 10 8 9 6 17 19 21 12 18 14
22 10 13 5 8 12 12 15 8 5 2 6 9 6 14 12 13 10 12 13 0 19 5 12 15 16 1 8 19 10 14 8 10 16 10 11 4 9 12 8 8 22
20 10 25 17 24 9 13 4 18 15 17 16 24 14 20 29 25 20 8 8 19 0 16 21 14 8 18 26 3 27 19 15 18 4 11 14 22 23 24 21 25 20
23 6 18 7 9 11 12 12 4 6 4 2 8 7 16 17 12 13 8 11 5 16 0 9 16 14 4 12 15 15 17 3 13 12 6 12 7 8 10 12 13 23
32 13 25 15 8 19 21 17 4 14 12 7 5 15 25 22 4 21 14 19 12 21 9 0 25 22 11 17 20 20 25 7 21 17 11 21 10 3 3 20 18 32
7 13 13 11 23 6 4 14 21 11 14 17 24 10 7 20 28 9 14 7 15 14 16 25 0 6 15 19 16 18 6 18 7 15 16 4 20 24 26 11 18 7
13 10 18 12 22 4 6 8 18 11 14 15 23 10 12 23 26 13 9 3 16 8 14 22 6 0 15 21 10 21 12 15 11 9 12 7 20 22 24 14 20 13
22 8 14 5 8 11 11 14 8 4 1 5 9 5 14 13 13 11 11 12 1 18 4 11 15 15 0 9 18 11 14 7 10 15 9 11 5 9 12 9 9 22
23 17 10 9 10 17 16 22 15 11 9 14 13 12 14 5 17 10 19 18 8 26 12 17 19 21 9 0 26 4 15 15 12 23 18 15 7 14 16 8 1 23
23 9 26 17 24 11 15 4 17 16 17 15 23 15 22 30 24 21 7 10 19 3 15 20 16 10 18 26 0 28 21 14 19 3 10 16 22 22 23 22 26 23
21 19 7 10 14 18 16 24 18 12 11 16 16 13 12 2 21 9 21 19 10 27 15 20 18 21 11 4 28 0 13 18 11 25 20 14 11 18 20 7 2 21
8 16 7 10 22 10 7 18 21 11 14 18 23 10 1 15 27 4 18 11 14 19 17 25 6 12 14 15 21 13 0 19 4 19 18 6 18 24 26 7 13 8
25 5 21 10 10 12 14 10 3 8 7 2 9 9 19 20 11 16 7 12 8 15 3 7 18 15 7 15 14 18 19 0 16 11 4 14 10 8 10 15 16 25
12 13 7 6 18 9 5 16 17 7 10 14 19 7 3 12 24 2 15 10 10 18 13 21 7 11 10 12 19 11 4 16 0 17 15 4 14 20 22 4 11 12
22 6 24 15 20 9 13 1 14 13 14 12 20 12 20 27 21 19 4 8 16 4 12 17 15 9 15 23 3 25 19 11 17 0 7 14 19 19 20 19 23 22
23 2 21 10 14 9 12 6 7 8 9 5 13 9 18 22 15 16 3 9 10 11 6 11 16 12 9 18 10 20 18 4 15 7 0 13 13 12 14 16 18 23
11 11 11 6 19 5 1 13 17 7 10 14 20 6 6 16 24 6 12 6 11 14 12 21 4 7 11 15 16 14 6 14 4 14 13 0 15 20 22 7 14 11
26 13 15 9 4 16 16 19 8 9 6 8 6 10 17 12 11 13 15 17 4 22 7 10 20 20 5 7 22 11 18 10 14 19 13 15 0 7 9 11 8 26
31 13 22 14 4 19 20 19 5 13 10 7 2 14 23 19 4 20 15 19 9 23 8 3 24 22 9 14 22 18 24 8 20 19 12 20 7 0 2 17 15 31
33 15 25 16 6 21 22 20 7 15 12 9 4 17 25 21 1 22 17 21 12 24 10 3 26 24 12 16 23 20 26 10 22 20 14 22 9 2 0 20 17 33
16 14 6 5 15 11 9 18 16 7 8 14 17 7 6 9 21 3 16 12 8 21 12 20 11 14 9 8 22 7 7 15 4 19 16 7 11 17 20 0 7 16
22 17 8 9 11 17 15 22 16 10 9 14 14 11 12 4 18 9 19 18 8 25 13 18 18 20 9 1 26 2 13 16 11 23 18 14 8 15 17 7 0 22
0 21 15 17 29 14 11 21 28 18 21 25 31 17 9 23 35 13 21 14 22 20 23 32 7 13 22 23 23 21 8 25 12 22 23 11 26 31 33 16 22 0
,
0 51 23 49 71 30 28 35 82 35 51 44 42 42 14 30 80 35 58 42 65 53 59 70 11 31 44 32 66 32 12 47 21 56 64 15 55 48 68 33 30 0
57 0 45 20 18 14 30 12 18 19 21 11 40 10 42 27 32 29 7 7 22 21 7 22 25 26 14 41 17 56 42 8 14 15 3 20 27 18 42 24 30 39
26 55 0 26 44 21 30 47 52 14 23 46 58 29 12 15 55 8 52 18 25 71 30 27 39 30 14 29 46 13 17 50 15 50 25 18 17 37 58 11 22 34
43 26 24 0 32 23 19 21 22 4 7 24 33 6 15 37 25 8 15 18 11 43 15 33 23 17 10 18 47 17 14 29 7 21 31 16 16 30 32 9 20 20
67 15 24 30 0 26 46 30 11 32 15 20 3 24 29 32 19 49 31 53 12 49 9 9 36 45 20 22 26 25 56 14 30 60 23 24 10 6 7 17 32 72
15 21 28 17 51 0 4 17 17 21 29 32 39 11 14 53 50 26 16 2 25 20 25 23 13 7 19 26 30 28 18 25 24 24 18 12 28 33 36 27 47 28
26 26 19 12 28 10 0 15 50 20 20 37 23 7 16 50 35 13 30 5 24 15 14 36 9 13 19 30 33 27 13 40 16 21 19 3 39 60 61 12 34 28
43 12 58 15 31 22 29 0 30 30 26 31 42 24 28 54 61 49 7 16 44 7 21 45 27 15 20 46 10 30 36 15 24 3 10 15 35 32 43 40 44 35
80 13 43 32 8 33 19 30 0 22 21 3 18 29 32 36 8 37 17 44 17 48 5 12 21 49 12 42 32 33 54 8 29 37 11 39 11 6 10 49 43 69
48 18 17 5 22 9 12 20 16 0 4 15 28 4 31 36 20 23 28 17 6 29 13 29 31 26 6 22 34 35 29 13 14 36 9 8 22 24 33 9 20 48
51 10 37 5 18 31 15 22 19 9 0 10 28 10 35 36 15 19 23 33 4 21 11 27 19 29 1 22 40 20 19 21 14 34 13 28 10 29 20 15 20 43
61 14 53 22 22 20 27 15 8 14 12 0 10 17 47 42 32 43 14 24 14 20 3 10 40 26 9 20 33 22 35 5 35 14 10 23 21 10 10 40 16 35
88 16 52 39 3 33 39 20 9 18 10 16 0 15 24 32 12 37 19 49 21 63 9 14 38 53 23 36 24 34 30 14 32 43 39 42 13 4 9 24 30 77
45 12 14 6 37 10 13 28 20 2 13 9 23 0 23 17 36 23 15 11 18 27 11 18 15 17 9 18 40 36 14 21 8 19 16 6 24 30 17 21 21 37
14 29 7 16 21 25 11 31 28 17 14 39 49 18 0 23 35 9 29 23 34 50 48 71 8 32 26 30 25 28 2 41 4 39 35 16 42 42 59 13 37 12
61 62 17 34 45 47 20 47 43 14 28 39 31 41 21 0 55 29 68 22 29 77 18 36 26 68 33 12 42 6 32 56 22 28 55 19 13 51 41 23 12 33
61 39 33 33 20 34 40 24 21 29 34 29 10 31 29 61 0 37 31 43 30 71 26 9 59 39 18 42 65 30 41 25 63 34 24 42 17 11 3 24 38 77
30 26 14 7 37 12 19 43 50 17 29 31 37 9 6 30 54 0 23 33 23 25 36 30 17 35 21 25 45 22 6 35 5 48 38 15 23 46 23 3 19 29
56 7 58 32 17 11 30 5 17 18 19 22 30 18 28 67 21 33 0 17 22 16 15 30 16 27 24 36 10 59 30 14 38 4 4 19 44 28 48 39 30 62
25 8 32 21 40 2 8 12 16 17 15 30 40 7 22 42 27 33 16 0 25 21 14 25 12 6 19 25 28 31 31 15 13 24 16 18 18 57 60 28 41 42
46 22 29 8 14 29 18 40 9 9 3 15 24 12 14 16 17 21 33 19 0 28 14 19 25 30 3 13 37 20 24 17 29 46 28 19 7 14 24 18 13 35
22 17 44 29 53 10 19 8 36 32 42 20 52 32 58 60 44 48 20 23 48 0 29 35 21 14 52 52 7 75 19 27 28 7 27 19 27 35 48 25 32 46
29 13 49 11 22 27 33 16 6 9 5 3 13 19 43 22 33 21 25 30 9 20 0 20 31 26 6 20 25 40 38 6 27 29 9 25 16 21 22 31 35 51
79 21 44 41 20 28 32 40 5 31 17 10 6 24 38 30 7 36 38 56 21 26 16 0 32 36 14 43 50 25 67 15 48 40 13 24 22 6 7 49 45 32
13 18 34 32 37 18 9 16 55 28 36 31 30 10 14 33 48 15 29 10 43 18 16 39 0 11 29 32 41 42 9 36 15 39 43 5 51 36 69 12 27 14
34 20 47 27 54 9 6 20 20 17 33 18 50 20 28 65 70 19 21 6 27 16 42 60 17 0 38 47 18 62 31 38 25 9 29 20 49 55 39 38 32 24
36 15 14 7 15 16 22 19 9 7 1 7 14 16 15 24 30 25 18 16 3 39 10 11 25 25 0 21 38 19 17 9 21 35 14 25 13 23 20 9 27 45
51 41 12 18 21 44 19 39 27 22 17 26 23 19 16 12 24 12 29 52 18 72 23 50 38 35 24 0 68 6 17 22 23 39 21 33 11 19 21 22 3 38
53 13 46 46 49 25 23 7 48 44 21 23 29 16 56 31 55 38 20 11 20 5 31 41 48 30 41 55 0 77 30 24 21 5 13 34 43 38 56 30 46 52
23 34 10 25 35 30 30 58 46 15 24 41 25 25 16 5 60 20 53 36 17 46 35 27 20 36 16 10 28 0 28 27 32 57 39 20 30 29 48 10 4 33
24 48 13 18 38 17 11 37 54 22 25 19 55 22 3 25 74 5 22 30 18 36 24 74 10 35 38 44 42 22 0 48 6 27 46 6 41 54 29 21 20 12
43 10 41 18 27 23 29 24 8 24 19 4 18 12 33 48 15 21 16 24 13 39 8 13 51 19 15 28 21 40 28 0 20 31 9 23 13 16 28 18 34 36
13 16 8 8 38 12 14 39 44 9 14 27 51 18 4 37 34 3 15 17 12 50 30 46 9 15 12 12 34 17 7 37 0 47 41 7 28 27 43 10 11 34
36 9 56 34 33 16 24 3 25 22 33 28 21 35 55 34 37 54 5 16 46 9 31 45 39 12 18 51 4 52 25 30 46 0 12 27 42 39 28 44 29 63
30 6 33 30 32 23 15 10 18 18 24 10 22 23 20 26 26 39 8 9 28 13 17 15 24 17 24 44 29 37 31 9 15 8 0 22 35 27 25 21 19 38
30 20 26 12 49 6 2 15 37 10 19 30 25 11 10 31 60 6 30 13 16 32 21 47 11 21 16 22 45 20 12 32 6 23 23 0 39 45 40 19 22 11
39 26 36 19 9 20 36 51 16 10 12 10 13 13 48 14 31 18 36 39 7 42 13 19 36 45 14 17 23 23 27 22 32 35 19 34 0 10 20 19 21 63
39 19 66 15 11 32 21 33 15 34 25 17 4 41 50 24 7 21 39 38 12 64 14 7 43 57 13 15 31 27 29 18 23 31 21 51 10 0 6 29 29 66
51 24 30 47 7 52 67 36 7 24 17 21 5 38 61 37 3 47 43 34 30 65 26 9 59 60 19 30 26 55 50 29 42 34 15 40 19 3 0 49 22 40
24 37 11 8 41 33 19 21 29 13 23 22 23 15 13 19 57 3 24 20 18 37 17 25 11 26 26 10 38 14 15 21 9 39 34 12 27 35 35 0 10 31
50 49 21 21 25 50 17 50 31 16 20 24 35 25 19 10 38 24 21 52 8 61 30 18 27 25 25 3 44 5 35 36 30 52 46 28 20 38 46 8 0 36
0 57 42 28 70 40 27 59 41 38 54 38 31 44 15 61 70 21 54 31 55 28 28 51 12 29 49 46 31 28 17 68 32 34 50 26 50 64 43 17 37 0