4
20
,
0 (8.0, 23.0) 34.0
1 (37.0, 14.0) 72.0
2 (30.0, 6.0) 85.0
3 (25.0, 1.0) 55.0
4 (34.0, 3.0) 46.0
5 (41.0, 44.0) 65.0
6 (0.0, 38.0) 59.0
7 (8.0, 9.0) 44.0
8 (23.0, 31.0) 42.0
9 (39.0, 42.0) 67.0
10 (6.0, 17.0) 40.0
11 (2.0, 11.0) 37.0
12 (17.0, 35.0) 69.0
13 (44.0, 1.0) 61.0
14 (29.0, 18.0) 31.0
15 (20.0, 21.0) 45.0
16 (9.0, 36.0) 53.0
17 (33.0, 6.0) 31.0
18 (1.0, 31.0) 43.0
19 (36.0, 15.0) 70.0
,
0 12 20 15 13 17 30 19 6 19 29 9 6 19 22 17 14 19 17 16 20 0
12 0 15 14 14 16 20 8 7 8 18 3 7 8 21 11 6 7 15 5 15 12
20 15 0 5 9 6 15 22 15 11 14 16 18 14 7 4 9 18 4 20 1 20
15 14 5 0 4 2 20 22 11 13 19 13 14 16 7 6 9 18 2 19 5 15
13 14 9 4 0 5 23 22 9 15 22 12 13 17 10 9 10 19 5 19 9 13
17 16 6 2 5 0 21 24 13 15 20 16 16 18 5 8 11 21 2 22 6 17
30 20 15 20 23 21 0 21 24 11 1 22 26 13 22 14 16 16 19 21 15 30
19 8 22 22 22 24 21 0 15 12 20 11 14 9 29 18 13 5 23 4 21 19
6 7 15 11 9 13 24 15 0 13 23 4 3 14 18 11 8 14 13 12 14 6
19 8 11 13 15 15 11 12 13 0 10 11 14 4 18 7 5 7 13 11 10 19
29 18 14 19 22 20 1 20 23 10 0 21 24 12 21 13 14 15 18 20 14 29
9 3 16 13 12 16 22 11 4 11 21 0 4 11 21 12 7 10 15 7 15 9
6 7 18 14 13 16 26 14 3 14 24 4 0 14 22 14 10 13 16 10 17 6
19 8 14 16 17 18 13 9 14 4 12 11 14 0 22 10 7 4 17 8 14 19
22 21 7 7 10 5 22 29 18 18 21 21 22 22 0 11 16 25 6 26 8 22
17 11 4 6 9 8 14 18 11 7 13 12 14 10 11 0 5 13 6 15 4 17
14 6 9 9 10 11 16 13 8 5 14 7 10 7 16 5 0 9 10 11 9 14
19 7 18 18 19 21 16 5 14 7 15 10 13 4 25 13 9 0 19 5 17 19
17 15 4 2 5 2 19 23 13 13 18 15 16 17 6 6 10 19 0 20 5 17
16 5 20 19 19 22 21 4 12 11 20 7 10 8 26 15 11 5 20 0 19 16
20 15 1 5 9 6 15 21 14 10 14 15 17 14 8 4 9 17 5 19 0 20
0 12 20 15 13 17 30 19 6 19 29 9 6 19 22 17 14 19 17 16 20 0
,
0 16 46 35 34 51 81 32 11 28 66 11 6 53 63 25 37 49 42 26 29 0
22 0 41 36 20 35 28 10 16 19 41 8 11 17 25 32 9 15 23 6 36 24
38 42 0 15 10 9 36 29 43 33 16 38 27 22 11 8 26 46 9 30 2 49
18 25 9 0 10 3 51 25 19 16 54 36 39 26 8 15 24 33 3 46 8 34
21 20 16 11 0 6 36 62 19 20 57 23 13 48 22 26 12 25 5 30 11 20
25 44 15 7 6 0 35 51 21 30 35 21 19 41 11 11 23 26 5 50 9 42
45 44 20 53 59 60 0 24 34 19 2 53 32 21 50 26 41 27 51 60 40 75
56 21 58 30 23 51 22 0 41 35 34 23 28 11 71 26 25 13 47 7 37 39
16 10 17 24 25 32 71 22 0 36 54 5 4 16 38 34 20 19 25 27 21 9
27 10 29 21 39 20 12 17 31 0 29 30 24 9 48 20 12 9 19 15 25 23
47 54 31 51 29 21 4 35 33 17 0 54 39 33 25 15 25 23 24 34 37 57
18 3 35 35 31 34 58 24 8 23 61 0 8 21 38 12 18 19 33 21 26 11
6 16 50 26 19 24 55 28 7 15 32 7 0 33 60 16 20 22 39 29 39 16
51 17 39 42 28 31 27 11 30 5 18 27 23 0 24 14 20 6 47 15 17 47
37 30 18 10 13 5 42 76 37 47 61 33 22 31 0 33 35 43 14 34 13 36
45 32 11 17 10 9 35 37 30 16 15 14 27 22 28 0 10 30 12 42 7 41
28 7 10 10 28 19 19 24 12 9 33 9 16 12 16 7 0 16 18 15 15 29
44 12 28 46 24 27 25 7 20 8 22 26 18 9 67 28 22 0 37 11 51 34
27 23 12 2 9 3 24 67 27 20 43 29 44 44 6 14 15 44 0 59 5 35
39 6 48 45 44 64 25 4 20 29 52 9 21 16 48 24 21 13 51 0 46 31
20 29 1 15 11 13 41 24 23 28 31 45 21 17 14 7 11 28 14 29 0 42
0 28 46 20 35 30 64 27 9 45 83 23 6 28 45 46 34 28 29 27 44 0