4
20
,
0 (8.0, 23.0) 41.0
1 (37.0, 14.0) 40.0
2 (30.0, 6.0) 39.0
3 (25.0, 1.0) 59.0
4 (34.0, 3.0) 33.0
5 (41.0, 44.0) 37.0
6 (0.0, 38.0) 51.0
7 (8.0, 9.0) 34.0
8 (23.0, 31.0) 35.0
9 (39.0, 42.0) 39.0
10 (6.0, 17.0) 46.0
11 (2.0, 11.0) 75.0
12 (17.0, 35.0) 47.0
13 (44.0, 1.0) 56.0
14 (29.0, 18.0) 70.0
15 (20.0, 21.0) 78.0
16 (9.0, 36.0) 31.0
17 (33.0, 6.0) 44.0
18 (1.0, 31.0) 36.0
19 (36.0, 15.0) 32.0
,
0 12 20 15 13 17 30 19 6 19 29 9 6 19 22 17 14 19 17 16 20 0
12 0 15 14 14 16 20 8 7 8 18 3 7 8 21 11 6 7 15 5 15 12
20 15 0 5 9 6 15 22 15 11 14 16 18 14 7 4 9 18 4 20 1 20
15 14 5 0 4 2 20 22 11 13 19 13 14 16 7 6 9 18 2 19 5 15
13 14 9 4 0 5 23 22 9 15 22 12 13 17 10 9 10 19 5 19 9 13
17 16 6 2 5 0 21 24 13 15 20 16 16 18 5 8 11 21 2 22 6 17
30 20 15 20 23 21 0 21 24 11 1 22 26 13 22 14 16 16 19 21 15 30
19 8 22 22 22 24 21 0 15 12 20 11 14 9 29 18 13 5 23 4 21 19
6 7 15 11 9 13 24 15 0 13 23 4 3 14 18 11 8 14 13 12 14 6
19 8 11 13 15 15 11 12 13 0 10 11 14 4 18 7 5 7 13 11 10 19
29 18 14 19 22 20 1 20 23 10 0 21 24 12 21 13 14 15 18 20 14 29
9 3 16 13 12 16 22 11 4 11 21 0 4 11 21 12 7 10 15 7 15 9
6 7 18 14 13 16 26 14 3 14 24 4 0 14 22 14 10 13 16 10 17 6
19 8 14 16 17 18 13 9 14 4 12 11 14 0 22 10 7 4 17 8 14 19
22 21 7 7 10 5 22 29 18 18 21 21 22 22 0 11 16 25 6 26 8 22
17 11 4 6 9 8 14 18 11 7 13 12 14 10 11 0 5 13 6 15 4 17
14 6 9 9 10 11 16 13 8 5 14 7 10 7 16 5 0 9 10 11 9 14
19 7 18 18 19 21 16 5 14 7 15 10 13 4 25 13 9 0 19 5 17 19
17 15 4 2 5 2 19 23 13 13 18 15 16 17 6 6 10 19 0 20 5 17
16 5 20 19 19 22 21 4 12 11 20 7 10 8 26 15 11 5 20 0 19 16
20 15 1 5 9 6 15 21 14 10 14 15 17 14 8 4 9 17 5 19 0 20
0 12 20 15 13 17 30 19 6 19 29 9 6 19 22 17 14 19 17 16 20 0
,
0 14 35 42 32 20 42 24 18 31 80 12 12 25 35 50 29 51 28 35 42 0
23 0 41 15 18 31 56 22 11 15 31 9 9 11 22 17 16 16 23 8 40 27
44 45 0 13 23 12 43 55 24 22 37 43 47 17 15 6 13 31 9 29 1 59
30 31 12 0 7 4 56 63 32 26 38 37 23 34 15 16 20 36 4 31 14 37
34 20 16 4 0 7 49 54 27 28 63 14 26 34 12 18 12 40 13 43 17 33
42 24 14 4 11 0 45 69 27 20 21 33 41 19 14 10 17 41 3 51 7 37
77 25 39 37 62 51 0 58 36 24 3 23 26 24 30 26 17 42 57 32 42 34
56 9 54 24 40 55 27 0 34 17 50 23 38 11 70 39 20 7 36 7 35 27
18 18 36 31 12 26 28 45 0 28 41 10 5 22 44 31 19 24 20 17 28 13
30 24 33 38 31 44 24 24 16 0 22 17 31 7 23 8 7 18 19 30 12 30
39 49 36 53 52 45 4 53 56 25 0 34 52 22 54 26 15 39 42 29 36 55
18 5 18 31 28 41 58 29 12 15 50 0 8 19 41 21 20 14 27 13 44 23
15 18 52 19 19 43 61 20 5 15 61 10 0 23 59 42 29 35 23 12 19 14
48 18 42 17 36 35 19 24 19 6 34 31 29 0 61 16 19 10 23 18 25 22
35 22 8 22 20 8 57 83 21 20 54 57 53 38 0 25 46 55 18 60 9 46
47 24 8 11 18 21 16 40 17 12 27 24 17 24 25 0 7 17 9 35 11 32
35 15 17 23 19 18 24 16 24 14 15 8 30 20 41 8 0 21 16 24 17 18
33 19 36 49 31 41 43 14 23 14 16 16 22 11 67 22 11 0 49 12 33 26
26 38 11 3 9 2 57 24 36 32 35 16 39 24 17 17 23 26 0 40 12 27
36 12 23 36 33 45 56 10 22 20 40 18 24 19 54 29 20 13 49 0 25 30
54 39 1 7 22 17 41 50 34 28 14 19 25 28 23 10 26 28 5 47 0 25
0 24 32 23 25 49 88 33 6 56 83 16 9 47 51 31 22 35 43 27 24 0