4
20
,
0 (8.0, 23.0) 56.0
1 (37.0, 14.0) 46.0
2 (30.0, 6.0) 40.0
3 (25.0, 1.0) 85.0
4 (34.0, 3.0) 48.0
5 (41.0, 44.0) 54.0
6 (0.0, 38.0) 39.0
7 (8.0, 9.0) 78.0
8 (23.0, 31.0) 40.0
9 (39.0, 42.0) 79.0
10 (6.0, 17.0) 71.0
11 (2.0, 11.0) 39.0
12 (17.0, 35.0) 58.0
13 (44.0, 1.0) 76.0
14 (29.0, 18.0) 60.0
15 (20.0, 21.0) 90.0
16 (9.0, 36.0) 73.0
17 (33.0, 6.0) 72.0
18 (1.0, 31.0) 59.0
19 (36.0, 15.0) 77.0
,
0 12 20 15 13 17 30 19 6 19 29 9 6 19 22 17 14 19 17 16 20 0
12 0 15 14 14 16 20 8 7 8 18 3 7 8 21 11 6 7 15 5 15 12
20 15 0 5 9 6 15 22 15 11 14 16 18 14 7 4 9 18 4 20 1 20
15 14 5 0 4 2 20 22 11 13 19 13 14 16 7 6 9 18 2 19 5 15
13 14 9 4 0 5 23 22 9 15 22 12 13 17 10 9 10 19 5 19 9 13
17 16 6 2 5 0 21 24 13 15 20 16 16 18 5 8 11 21 2 22 6 17
30 20 15 20 23 21 0 21 24 11 1 22 26 13 22 14 16 16 19 21 15 30
19 8 22 22 22 24 21 0 15 12 20 11 14 9 29 18 13 5 23 4 21 19
6 7 15 11 9 13 24 15 0 13 23 4 3 14 18 11 8 14 13 12 14 6
19 8 11 13 15 15 11 12 13 0 10 11 14 4 18 7 5 7 13 11 10 19
29 18 14 19 22 20 1 20 23 10 0 21 24 12 21 13 14 15 18 20 14 29
9 3 16 13 12 16 22 11 4 11 21 0 4 11 21 12 7 10 15 7 15 9
6 7 18 14 13 16 26 14 3 14 24 4 0 14 22 14 10 13 16 10 17 6
19 8 14 16 17 18 13 9 14 4 12 11 14 0 22 10 7 4 17 8 14 19
22 21 7 7 10 5 22 29 18 18 21 21 22 22 0 11 16 25 6 26 8 22
17 11 4 6 9 8 14 18 11 7 13 12 14 10 11 0 5 13 6 15 4 17
14 6 9 9 10 11 16 13 8 5 14 7 10 7 16 5 0 9 10 11 9 14
19 7 18 18 19 21 16 5 14 7 15 10 13 4 25 13 9 0 19 5 17 19
17 15 4 2 5 2 19 23 13 13 18 15 16 17 6 6 10 19 0 20 5 17
16 5 20 19 19 22 21 4 12 11 20 7 10 8 26 15 11 5 20 0 19 16
20 15 1 5 9 6 15 21 14 10 14 15 17 14 8 4 9 17 5 19 0 20
0 12 20 15 13 17 30 19 6 19 29 9 6 19 22 17 14 19 17 16 20 0
,
0 18 49 30 31 34 83 56 10 37 32 15 10 57 49 37 36 36 36 30 28 0
16 0 31 28 25 24 47 18 18 24 31 5 12 19 34 32 16 8 25 6 35 15
45 24 0 6 9 16 31 57 44 17 38 24 20 39 11 9 25 44 13 57 2 30
30 19 10 0 10 4 31 58 12 29 38 17 28 25 10 7 27 42 3 46 9 40
21 16 23 7 0 7 65 38 21 25 44 18 34 34 19 22 28 41 8 43 15 23
49 31 9 5 7 0 44 31 23 16 24 35 48 25 11 23 17 45 4 31 13 40
69 28 45 32 31 58 0 36 30 18 2 49 40 29 52 37 46 49 49 36 40 77
24 24 66 57 30 70 36 0 44 35 52 19 15 23 31 41 38 6 49 6 58 34
11 10 25 26 21 37 70 33 0 34 26 7 8 34 37 14 14 36 14 16 20 8
44 21 17 14 20 42 33 24 15 0 29 18 26 4 33 13 7 11 23 13 13 44
58 40 37 52 65 57 3 55 32 20 0 48 31 21 46 33 21 22 51 24 41 55
26 5 30 27 31 38 45 11 11 11 60 0 7 14 32 16 8 13 34 13 37 15
10 16 42 22 16 28 51 38 7 25 43 5 0 42 36 16 15 32 46 25 39 6
26 13 30 34 41 19 26 22 21 6 22 18 37 0 44 16 20 9 34 20 21 44
44 29 19 11 26 10 57 54 35 19 42 21 48 30 0 33 30 37 8 63 9 41
20 20 12 11 22 14 30 40 22 17 23 23 40 10 31 0 10 28 9 46 10 51
25 12 28 11 25 22 37 31 24 7 39 16 21 14 26 14 0 19 24 30 23 20
24 11 23 55 25 41 22 9 33 17 22 17 21 8 67 36 22 0 56 12 42 45
30 30 6 4 12 3 27 30 30 17 35 42 42 45 11 16 10 25 0 45 9 35
30 13 52 45 57 32 48 7 29 29 40 9 14 20 52 36 24 9 53 0 34 38
56 32 1 10 17 17 25 32 35 18 38 33 32 40 24 6 16 26 9 36 0 23
0 33 41 36 28 25 39 46 10 26 56 10 8 44 33 44 41 36 17 17 30 0