4
20
,
0 (8.0, 23.0) 45.0
1 (37.0, 14.0) 41.0
2 (30.0, 6.0) 55.0
3 (25.0, 1.0) 32.0
4 (34.0, 3.0) 84.0
5 (41.0, 44.0) 32.0
6 (0.0, 38.0) 32.0
7 (8.0, 9.0) 88.0
8 (23.0, 31.0) 54.0
9 (39.0, 42.0) 30.0
10 (6.0, 17.0) 79.0
11 (2.0, 11.0) 66.0
12 (17.0, 35.0) 39.0
13 (44.0, 1.0) 82.0
14 (29.0, 18.0) 31.0
15 (20.0, 21.0) 33.0
16 (9.0, 36.0) 44.0
17 (33.0, 6.0) 89.0
18 (1.0, 31.0) 42.0
19 (36.0, 15.0) 80.0
,
0 12 20 15 13 17 30 19 6 19 29 9 6 19 22 17 14 19 17 16 20 0
12 0 15 14 14 16 20 8 7 8 18 3 7 8 21 11 6 7 15 5 15 12
20 15 0 5 9 6 15 22 15 11 14 16 18 14 7 4 9 18 4 20 1 20
15 14 5 0 4 2 20 22 11 13 19 13 14 16 7 6 9 18 2 19 5 15
13 14 9 4 0 5 23 22 9 15 22 12 13 17 10 9 10 19 5 19 9 13
17 16 6 2 5 0 21 24 13 15 20 16 16 18 5 8 11 21 2 22 6 17
30 20 15 20 23 21 0 21 24 11 1 22 26 13 22 14 16 16 19 21 15 30
19 8 22 22 22 24 21 0 15 12 20 11 14 9 29 18 13 5 23 4 21 19
6 7 15 11 9 13 24 15 0 13 23 4 3 14 18 11 8 14 13 12 14 6
19 8 11 13 15 15 11 12 13 0 10 11 14 4 18 7 5 7 13 11 10 19
29 18 14 19 22 20 1 20 23 10 0 21 24 12 21 13 14 15 18 20 14 29
9 3 16 13 12 16 22 11 4 11 21 0 4 11 21 12 7 10 15 7 15 9
6 7 18 14 13 16 26 14 3 14 24 4 0 14 22 14 10 13 16 10 17 6
19 8 14 16 17 18 13 9 14 4 12 11 14 0 22 10 7 4 17 8 14 19
22 21 7 7 10 5 22 29 18 18 21 21 22 22 0 11 16 25 6 26 8 22
17 11 4 6 9 8 14 18 11 7 13 12 14 10 11 0 5 13 6 15 4 17
14 6 9 9 10 11 16 13 8 5 14 7 10 7 16 5 0 9 10 11 9 14
19 7 18 18 19 21 16 5 14 7 15 10 13 4 25 13 9 0 19 5 17 19
17 15 4 2 5 2 19 23 13 13 18 15 16 17 6 6 10 19 0 20 5 17
16 5 20 19 19 22 21 4 12 11 20 7 10 8 26 15 11 5 20 0 19 16
20 15 1 5 9 6 15 21 14 10 14 15 17 14 8 4 9 17 5 19 0 20
0 12 20 15 13 17 30 19 6 19 29 9 6 19 22 17 14 19 17 16 20 0
,
0 18 44 35 37 35 83 33 9 46 57 14 15 27 41 18 16 47 19 34 50 0
25 0 38 29 19 39 45 15 10 22 31 4 18 20 34 29 13 18 20 12 27 14
37 41 0 12 21 7 41 36 17 26 20 24 40 30 16 6 27 21 10 40 2 38
46 29 11 0 4 3 35 39 33 22 43 17 19 44 18 11 11 28 4 46 11 25
17 27 11 8 0 5 33 45 21 30 46 30 30 22 27 13 19 38 10 57 9 27
31 35 9 7 5 0 58 63 33 35 50 46 47 44 6 14 20 41 3 33 7 37
74 51 27 44 34 58 0 49 42 21 3 61 70 36 22 31 42 44 52 50 23 46
38 22 27 64 36 63 49 0 29 27 21 26 37 13 66 21 38 8 41 7 48 27
15 17 39 23 14 24 45 16 0 33 52 6 5 29 55 23 11 28 18 15 40 12
56 19 13 20 34 20 28 26 32 0 14 32 31 8 35 10 6 18 28 17 23 20
34 28 16 42 44 34 4 40 44 15 0 35 35 30 58 35 41 26 51 39 36 67
24 4 30 17 32 21 38 16 11 15 29 0 5 27 56 32 15 26 42 22 41 18
7 10 43 27 23 36 30 18 5 43 61 4 0 31 59 28 17 28 17 20 39 16
48 10 42 42 25 23 28 16 19 10 24 16 38 0 40 30 9 11 22 10 29 43
30 46 18 11 22 14 43 53 33 19 31 50 62 31 0 26 37 32 13 70 10 50
28 29 5 15 23 12 30 43 14 9 35 33 21 25 17 0 7 21 10 26 7 43
35 17 10 12 18 32 39 28 17 13 17 13 11 9 43 7 0 10 17 14 13 42
31 8 35 38 56 36 19 9 29 13 38 20 38 11 57 27 22 0 26 10 43 21
31 35 9 2 13 5 20 60 28 23 50 39 29 48 11 16 20 22 0 25 8 36
40 11 25 24 49 49 33 9 23 22 34 19 30 12 42 20 27 7 48 0 22 41
27 17 2 11 20 16 34 33 16 25 34 30 50 19 14 5 14 51 12 31 0 22
0 28 27 29 33 48 58 54 13 44 79 11 12 23 27 48 22 35 22 31 41 0