4
20
,
0 (8.0, 23.0) 33.0
1 (37.0, 14.0) 35.0
2 (30.0, 6.0) 39.0
3 (25.0, 1.0) 71.0
4 (34.0, 3.0) 58.0
5 (41.0, 44.0) 46.0
6 (0.0, 38.0) 78.0
7 (8.0, 9.0) 43.0
8 (23.0, 31.0) 33.0
9 (39.0, 42.0) 73.0
10 (6.0, 17.0) 49.0
11 (2.0, 11.0) 52.0
12 (17.0, 35.0) 75.0
13 (44.0, 1.0) 67.0
14 (29.0, 18.0) 54.0
15 (20.0, 21.0) 38.0
16 (9.0, 36.0) 31.0
17 (33.0, 6.0) 50.0
18 (1.0, 31.0) 39.0
19 (36.0, 15.0) 36.0
,
0 12 20 15 13 17 30 19 6 19 29 9 6 19 22 17 14 19 17 16 20 0
12 0 15 14 14 16 20 8 7 8 18 3 7 8 21 11 6 7 15 5 15 12
20 15 0 5 9 6 15 22 15 11 14 16 18 14 7 4 9 18 4 20 1 20
15 14 5 0 4 2 20 22 11 13 19 13 14 16 7 6 9 18 2 19 5 15
13 14 9 4 0 5 23 22 9 15 22 12 13 17 10 9 10 19 5 19 9 13
17 16 6 2 5 0 21 24 13 15 20 16 16 18 5 8 11 21 2 22 6 17
30 20 15 20 23 21 0 21 24 11 1 22 26 13 22 14 16 16 19 21 15 30
19 8 22 22 22 24 21 0 15 12 20 11 14 9 29 18 13 5 23 4 21 19
6 7 15 11 9 13 24 15 0 13 23 4 3 14 18 11 8 14 13 12 14 6
19 8 11 13 15 15 11 12 13 0 10 11 14 4 18 7 5 7 13 11 10 19
29 18 14 19 22 20 1 20 23 10 0 21 24 12 21 13 14 15 18 20 14 29
9 3 16 13 12 16 22 11 4 11 21 0 4 11 21 12 7 10 15 7 15 9
6 7 18 14 13 16 26 14 3 14 24 4 0 14 22 14 10 13 16 10 17 6
19 8 14 16 17 18 13 9 14 4 12 11 14 0 22 10 7 4 17 8 14 19
22 21 7 7 10 5 22 29 18 18 21 21 22 22 0 11 16 25 6 26 8 22
17 11 4 6 9 8 14 18 11 7 13 12 14 10 11 0 5 13 6 15 4 17
14 6 9 9 10 11 16 13 8 5 14 7 10 7 16 5 0 9 10 11 9 14
19 7 18 18 19 21 16 5 14 7 15 10 13 4 25 13 9 0 19 5 17 19
17 15 4 2 5 2 19 23 13 13 18 15 16 17 6 6 10 19 0 20 5 17
16 5 20 19 19 22 21 4 12 11 20 7 10 8 26 15 11 5 20 0 19 16
20 15 1 5 9 6 15 21 14 10 14 15 17 14 8 4 9 17 5 19 0 20
0 12 20 15 13 17 30 19 6 19 29 9 6 19 22 17 14 19 17 16 20 0
,
0 34 46 30 20 50 31 25 12 36 57 15 14 45 52 43 22 27 45 41 53 0
14 0 22 16 17 38 25 18 16 23 54 9 14 16 53 12 8 14 26 10 18 32
30 20 0 8 21 7 36 56 44 29 30 44 30 22 19 7 17 26 11 28 1 30
34 18 15 0 10 5 50 48 18 37 39 30 40 19 12 15 25 49 3 34 14 34
34 16 15 9 0 14 27 55 26 29 43 17 31 45 13 23 28 20 13 55 25 25
45 29 15 3 12 0 44 69 19 18 33 25 18 46 12 13 29 25 3 62 13 36
62 40 25 40 51 51 0 53 69 31 2 62 61 17 64 34 39 36 57 60 24 43
28 20 49 46 28 58 53 0 39 19 32 32 23 15 71 51 36 8 56 5 35 53
14 9 23 14 16 37 44 43 0 29 45 8 5 40 52 24 11 15 19 18 28 11
50 23 30 17 18 32 16 21 32 0 21 15 39 4 49 12 7 11 21 29 15 45
83 32 22 38 43 49 4 21 32 26 0 36 26 17 46 36 38 38 20 45 18 69
17 4 45 23 33 24 48 12 5 30 37 0 5 15 38 21 8 17 28 10 39 26
16 10 31 36 24 49 68 26 6 27 67 4 0 22 41 16 15 18 22 19 18 16
42 22 37 26 33 26 18 18 32 7 23 23 29 0 35 11 19 10 22 15 37 28
36 46 22 17 28 12 61 85 31 19 27 34 25 25 0 17 18 65 14 47 12 59
46 27 12 8 15 23 37 46 29 15 36 22 31 11 23 0 11 37 8 16 11 50
25 10 20 20 15 18 40 36 18 10 37 14 13 13 38 14 0 25 11 27 16 18
53 10 49 38 24 21 19 11 14 14 19 21 30 7 73 34 28 0 43 14 33 26
32 30 6 4 13 4 56 26 19 38 53 39 30 50 17 16 14 34 0 46 10 21
40 11 46 21 30 23 56 9 29 21 26 11 26 12 42 40 30 11 38 0 53 16
47 16 2 12 10 9 30 22 20 13 33 20 49 41 14 8 14 18 10 24 0 40
0 17 31 33 18 33 32 25 15 35 33 11 10 37 24 22 43 20 42 27 49 0