4
20
,
0 (8.0, 23.0) 46.0
1 (37.0, 14.0) 44.0
2 (30.0, 6.0) 47.0
3 (25.0, 1.0) 51.0
4 (34.0, 3.0) 80.0
5 (41.0, 44.0) 54.0
6 (0.0, 38.0) 43.0
7 (8.0, 9.0) 59.0
8 (23.0, 31.0) 39.0
9 (39.0, 42.0) 42.0
10 (6.0, 17.0) 44.0
11 (2.0, 11.0) 79.0
12 (17.0, 35.0) 50.0
13 (44.0, 1.0) 32.0
14 (29.0, 18.0) 33.0
15 (20.0, 21.0) 46.0
16 (9.0, 36.0) 55.0
17 (33.0, 6.0) 87.0
18 (1.0, 31.0) 66.0
19 (36.0, 15.0) 32.0
,
0 12 20 15 13 17 30 19 6 19 29 9 6 19 22 17 14 19 17 16 20 0
12 0 15 14 14 16 20 8 7 8 18 3 7 8 21 11 6 7 15 5 15 12
20 15 0 5 9 6 15 22 15 11 14 16 18 14 7 4 9 18 4 20 1 20
15 14 5 0 4 2 20 22 11 13 19 13 14 16 7 6 9 18 2 19 5 15
13 14 9 4 0 5 23 22 9 15 22 12 13 17 10 9 10 19 5 19 9 13
17 16 6 2 5 0 21 24 13 15 20 16 16 18 5 8 11 21 2 22 6 17
30 20 15 20 23 21 0 21 24 11 1 22 26 13 22 14 16 16 19 21 15 30
19 8 22 22 22 24 21 0 15 12 20 11 14 9 29 18 13 5 23 4 21 19
6 7 15 11 9 13 24 15 0 13 23 4 3 14 18 11 8 14 13 12 14 6
19 8 11 13 15 15 11 12 13 0 10 11 14 4 18 7 5 7 13 11 10 19
29 18 14 19 22 20 1 20 23 10 0 21 24 12 21 13 14 15 18 20 14 29
9 3 16 13 12 16 22 11 4 11 21 0 4 11 21 12 7 10 15 7 15 9
6 7 18 14 13 16 26 14 3 14 24 4 0 14 22 14 10 13 16 10 17 6
19 8 14 16 17 18 13 9 14 4 12 11 14 0 22 10 7 4 17 8 14 19
22 21 7 7 10 5 22 29 18 18 21 21 22 22 0 11 16 25 6 26 8 22
17 11 4 6 9 8 14 18 11 7 13 12 14 10 11 0 5 13 6 15 4 17
14 6 9 9 10 11 16 13 8 5 14 7 10 7 16 5 0 9 10 11 9 14
19 7 18 18 19 21 16 5 14 7 15 10 13 4 25 13 9 0 19 5 17 19
17 15 4 2 5 2 19 23 13 13 18 15 16 17 6 6 10 19 0 20 5 17
16 5 20 19 19 22 21 4 12 11 20 7 10 8 26 15 11 5 20 0 19 16
20 15 1 5 9 6 15 21 14 10 14 15 17 14 8 4 9 17 5 19 0 20
0 12 20 15 13 17 30 19 6 19 29 9 6 19 22 17 14 19 17 16 20 0
,
0 14 58 21 29 33 76 50 17 46 72 18 7 26 36 37 33 53 41 43 25 0
18 0 21 18 30 43 22 17 17 23 43 9 20 13 34 32 7 17 31 8 41 24
54 25 0 12 9 8 27 39 19 21 31 29 37 19 8 5 22 53 6 23 2 54
26 25 15 0 9 4 50 29 31 23 21 15 20 29 19 8 12 31 3 52 7 26
22 30 20 10 0 5 48 52 17 28 58 15 30 26 22 22 28 54 5 34 10 34
35 36 12 4 10 0 32 69 14 42 57 37 28 27 7 18 16 37 3 56 7 21
62 28 27 31 26 21 0 61 38 29 4 46 28 21 60 15 30 40 41 41 17 78
31 22 45 35 58 69 42 0 39 21 51 27 26 24 30 50 38 5 54 7 32 54
13 12 25 18 21 26 40 40 0 19 47 12 9 18 29 18 25 36 33 23 21 10
41 12 12 33 29 27 15 21 35 0 15 28 19 9 50 15 9 19 37 30 11 23
66 34 17 42 30 41 4 22 47 25 0 47 38 22 31 34 15 32 25 39 40 70
12 8 24 39 30 41 63 26 7 13 27 0 7 17 39 21 14 25 28 15 27 14
9 8 35 16 18 23 42 33 5 29 29 4 0 26 29 19 30 28 17 14 50 8
38 20 29 17 48 27 31 26 40 11 24 30 16 0 61 24 20 11 25 9 36 22
42 37 14 10 26 12 41 62 37 28 56 42 25 25 0 15 44 36 12 41 18 53
39 15 12 16 26 21 34 24 19 8 23 33 28 17 14 0 10 27 7 22 5 31
37 14 18 22 26 29 20 19 13 7 42 16 23 19 16 8 0 25 14 18 9 34
20 16 24 53 29 57 21 9 40 15 23 17 23 5 53 26 25 0 52 9 29 27
49 24 10 4 13 2 31 62 14 26 30 37 27 39 10 12 12 26 0 34 13 25
43 9 53 53 24 47 58 10 13 21 20 18 19 9 30 16 20 10 34 0 53 39
53 41 1 12 11 9 33 23 42 26 27 27 18 32 9 5 22 46 14 31 0 53
0 36 26 18 20 31 77 56 7 46 80 26 15 56 29 40 43 53 46 39 40 0