4
20
,
0 (8.0, 23.0) 50.0
1 (37.0, 14.0) 67.0
2 (30.0, 6.0) 38.0
3 (25.0, 1.0) 60.0
4 (34.0, 3.0) 32.0
5 (41.0, 44.0) 64.0
6 (0.0, 38.0) 34.0
7 (8.0, 9.0) 43.0
8 (23.0, 31.0) 76.0
9 (39.0, 42.0) 48.0
10 (6.0, 17.0) 43.0
11 (2.0, 11.0) 30.0
12 (17.0, 35.0) 46.0
13 (44.0, 1.0) 46.0
14 (29.0, 18.0) 38.0
15 (20.0, 21.0) 68.0
16 (9.0, 36.0) 69.0
17 (33.0, 6.0) 48.0
18 (1.0, 31.0) 81.0
19 (36.0, 15.0) 41.0
,
0 12 20 15 13 17 30 19 6 19 29 9 6 19 22 17 14 19 17 16 20 0
12 0 15 14 14 16 20 8 7 8 18 3 7 8 21 11 6 7 15 5 15 12
20 15 0 5 9 6 15 22 15 11 14 16 18 14 7 4 9 18 4 20 1 20
15 14 5 0 4 2 20 22 11 13 19 13 14 16 7 6 9 18 2 19 5 15
13 14 9 4 0 5 23 22 9 15 22 12 13 17 10 9 10 19 5 19 9 13
17 16 6 2 5 0 21 24 13 15 20 16 16 18 5 8 11 21 2 22 6 17
30 20 15 20 23 21 0 21 24 11 1 22 26 13 22 14 16 16 19 21 15 30
19 8 22 22 22 24 21 0 15 12 20 11 14 9 29 18 13 5 23 4 21 19
6 7 15 11 9 13 24 15 0 13 23 4 3 14 18 11 8 14 13 12 14 6
19 8 11 13 15 15 11 12 13 0 10 11 14 4 18 7 5 7 13 11 10 19
29 18 14 19 22 20 1 20 23 10 0 21 24 12 21 13 14 15 18 20 14 29
9 3 16 13 12 16 22 11 4 11 21 0 4 11 21 12 7 10 15 7 15 9
6 7 18 14 13 16 26 14 3 14 24 4 0 14 22 14 10 13 16 10 17 6
19 8 14 16 17 18 13 9 14 4 12 11 14 0 22 10 7 4 17 8 14 19
22 21 7 7 10 5 22 29 18 18 21 21 22 22 0 11 16 25 6 26 8 22
17 11 4 6 9 8 14 18 11 7 13 12 14 10 11 0 5 13 6 15 4 17
14 6 9 9 10 11 16 13 8 5 14 7 10 7 16 5 0 9 10 11 9 14
19 7 18 18 19 21 16 5 14 7 15 10 13 4 25 13 9 0 19 5 17 19
17 15 4 2 5 2 19 23 13 13 18 15 16 17 6 6 10 19 0 20 5 17
16 5 20 19 19 22 21 4 12 11 20 7 10 8 26 15 11 5 20 0 19 16
20 15 1 5 9 6 15 21 14 10 14 15 17 14 8 4 9 17 5 19 0 20
0 12 20 15 13 17 30 19 6 19 29 9 6 19 22 17 14 19 17 16 20 0
,
0 14 33 24 32 22 76 48 7 26 68 26 14 37 57 23 34 32 50 18 46 0
15 0 37 25 34 28 37 10 14 25 54 5 10 8 48 15 10 18 20 9 27 14
57 20 0 8 13 6 43 27 15 18 28 45 18 37 18 7 20 51 9 42 2 46
28 24 11 0 9 4 51 52 28 37 40 31 15 19 21 10 14 34 2 36 14 24
18 40 22 6 0 5 51 65 27 19 61 17 32 21 18 12 15 35 12 31 14 32
44 38 8 3 7 0 27 63 29 41 24 26 44 46 11 19 21 49 4 58 13 28
37 32 19 22 27 59 0 42 61 30 2 29 41 15 64 34 42 21 39 30 17 41
24 9 54 58 65 60 61 0 45 32 36 12 16 17 86 42 28 11 40 8 48 52
14 14 23 28 16 37 48 36 0 19 65 9 4 37 24 31 10 27 28 19 23 9
37 14 13 28 19 41 29 28 26 0 21 15 37 7 27 16 8 11 15 29 26 32
78 51 17 22 50 31 3 21 64 15 0 43 40 29 43 22 33 16 25 56 20 72
25 7 30 32 14 39 31 18 11 29 43 0 10 18 43 27 10 21 35 15 23 19
16 16 37 31 37 39 70 25 3 32 27 6 0 38 39 14 29 28 25 26 46 11
43 10 25 18 43 38 18 21 22 8 25 28 22 0 38 19 15 6 36 19 28 44
56 34 11 9 17 9 44 39 37 50 31 23 46 44 0 17 25 60 11 28 19 35
42 31 6 11 12 12 17 34 28 20 23 24 22 25 13 0 10 16 7 19 11 49
20 10 22 24 20 19 23 26 18 15 39 10 17 20 17 14 0 14 24 13 15 20
52 9 18 27 38 61 31 9 14 13 27 22 26 5 56 17 25 0 21 9 35 22
24 27 11 4 7 4 30 45 16 24 34 17 33 45 16 11 20 54 0 58 14 35
43 8 45 46 51 46 30 4 21 12 31 12 22 11 71 26 22 5 42 0 39 33
51 34 2 8 15 14 23 30 24 27 33 22 50 35 22 4 21 50 13 22 0 35
0 26 30 22 31 37 73 50 12 56 61 26 11 47 27 50 30 55 27 27 45 0