4
20
,
0 (8.0, 23.0) 39.0
1 (37.0, 14.0) 39.0
2 (30.0, 6.0) 42.0
3 (25.0, 1.0) 36.0
4 (34.0, 3.0) 68.0
5 (41.0, 44.0) 63.0
6 (0.0, 38.0) 37.0
7 (8.0, 9.0) 83.0
8 (23.0, 31.0) 41.0
9 (39.0, 42.0) 43.0
10 (6.0, 17.0) 41.0
11 (2.0, 11.0) 57.0
12 (17.0, 35.0) 42.0
13 (44.0, 1.0) 39.0
14 (29.0, 18.0) 59.0
15 (20.0, 21.0) 30.0
16 (9.0, 36.0) 35.0
17 (33.0, 6.0) 39.0
18 (1.0, 31.0) 34.0
19 (36.0, 15.0) 58.0
,
0 12 20 15 13 17 30 19 6 19 29 9 6 19 22 17 14 19 17 16 20 0
12 0 15 14 14 16 20 8 7 8 18 3 7 8 21 11 6 7 15 5 15 12
20 15 0 5 9 6 15 22 15 11 14 16 18 14 7 4 9 18 4 20 1 20
15 14 5 0 4 2 20 22 11 13 19 13 14 16 7 6 9 18 2 19 5 15
13 14 9 4 0 5 23 22 9 15 22 12 13 17 10 9 10 19 5 19 9 13
17 16 6 2 5 0 21 24 13 15 20 16 16 18 5 8 11 21 2 22 6 17
30 20 15 20 23 21 0 21 24 11 1 22 26 13 22 14 16 16 19 21 15 30
19 8 22 22 22 24 21 0 15 12 20 11 14 9 29 18 13 5 23 4 21 19
6 7 15 11 9 13 24 15 0 13 23 4 3 14 18 11 8 14 13 12 14 6
19 8 11 13 15 15 11 12 13 0 10 11 14 4 18 7 5 7 13 11 10 19
29 18 14 19 22 20 1 20 23 10 0 21 24 12 21 13 14 15 18 20 14 29
9 3 16 13 12 16 22 11 4 11 21 0 4 11 21 12 7 10 15 7 15 9
6 7 18 14 13 16 26 14 3 14 24 4 0 14 22 14 10 13 16 10 17 6
19 8 14 16 17 18 13 9 14 4 12 11 14 0 22 10 7 4 17 8 14 19
22 21 7 7 10 5 22 29 18 18 21 21 22 22 0 11 16 25 6 26 8 22
17 11 4 6 9 8 14 18 11 7 13 12 14 10 11 0 5 13 6 15 4 17
14 6 9 9 10 11 16 13 8 5 14 7 10 7 16 5 0 9 10 11 9 14
19 7 18 18 19 21 16 5 14 7 15 10 13 4 25 13 9 0 19 5 17 19
17 15 4 2 5 2 19 23 13 13 18 15 16 17 6 6 10 19 0 20 5 17
16 5 20 19 19 22 21 4 12 11 20 7 10 8 26 15 11 5 20 0 19 16
20 15 1 5 9 6 15 21 14 10 14 15 17 14 8 4 9 17 5 19 0 20
0 12 20 15 13 17 30 19 6 19 29 9 6 19 22 17 14 19 17 16 20 0
,
0 26 52 17 13 20 76 50 6 36 73 18 16 45 56 41 43 34 38 25 52 0
34 0 43 22 38 17 42 22 13 25 28 8 19 8 31 25 13 8 32 13 36 29
32 41 0 11 17 13 30 32 30 15 30 27 18 38 20 6 16 21 7 21 2 50
33 28 13 0 10 6 46 24 24 21 31 20 33 47 18 16 17 33 3 43 6 19
25 27 15 4 0 14 46 24 10 17 40 30 34 28 14 26 26 20 5 51 22 13
49 29 8 4 8 0 60 24 31 20 27 32 38 23 14 17 32 42 4 42 18 39
38 53 35 59 49 40 0 36 27 33 2 58 64 20 63 35 33 17 37 43 31 52
42 16 55 32 34 44 44 0 32 28 42 27 17 19 56 49 31 7 58 6 56 50
11 14 30 22 27 20 72 29 0 21 23 11 9 28 39 22 24 16 21 17 31 11
39 20 30 16 35 17 32 22 37 0 14 12 17 9 22 9 7 13 25 15 30 55
39 51 29 25 28 34 3 29 36 20 0 41 43 23 36 19 27 45 23 20 37 85
12 4 29 26 14 29 27 12 11 16 47 0 4 24 33 20 10 28 18 13 37 14
15 15 20 29 33 46 28 18 4 30 37 9 0 20 41 21 13 26 33 23 34 9
44 8 29 27 52 38 14 10 39 5 32 19 21 0 22 12 13 10 25 19 20 41
35 34 14 17 26 7 26 47 24 22 24 27 59 61 0 17 45 47 15 56 22 30
18 31 8 12 23 15 15 20 19 9 30 15 36 12 27 0 12 19 15 31 4 22
18 13 20 9 23 16 19 19 17 14 17 14 11 13 18 13 0 13 27 17 16 15
26 9 22 36 52 45 35 11 33 18 35 10 35 6 69 23 24 0 28 11 34 49
21 37 9 4 12 4 41 64 15 25 42 23 38 40 13 12 24 27 0 38 7 28
18 13 45 32 53 60 28 5 18 15 56 10 28 12 26 17 23 6 37 0 55 27
43 25 1 13 21 14 34 42 34 31 18 33 45 26 24 10 15 51 14 22 0 27
0 15 43 30 22 29 76 37 10 53 72 21 15 39 22 36 17 44 35 40 41 0