4
20
,
0 (10.0, 22.0) 44.0
1 (33.0, 47.0) 20.0
2 (41.0, 33.0) 12.0
3 (26.0, 36.0) 21.0
4 (15.0, 5.0) 16.0
5 (42.0, 26.0) 33.0
6 (8.0, 7.0) 36.0
7 (19.0, 22.0) 11.0
8 (39.0, 24.0) 11.0
9 (5.0, 17.0) 34.0
10 (24.0, 50.0) 21.0
11 (46.0, 47.0) 34.0
12 (31.0, 33.0) 15.0
13 (4.0, 10.0) 25.0
14 (31.0, 7.0) 32.0
15 (37.0, 7.0) 44.0
16 (14.0, 9.0) 13.0
17 (44.0, 40.0) 42.0
18 (43.0, 12.0) 28.0
19 (28.0, 2.0) 38.0
,
0 7 7 4 4 6 3 2 6 1 6 9 5 3 5 6 3 8 7 5
7 0 3 3 9 5 9 6 5 8 2 3 3 9 8 8 8 3 7 9
7 3 0 3 8 1 8 5 2 8 5 3 2 9 6 5 7 2 4 7
4 3 3 0 7 4 7 3 4 6 3 5 1 7 6 6 6 4 6 7
4 9 8 7 0 7 1 3 6 3 9 10 6 2 3 4 1 9 6 3
6 5 1 4 7 0 8 5 1 8 6 4 3 8 4 4 7 3 3 6
3 9 8 7 1 8 0 4 7 2 9 11 7 1 5 6 1 10 7 4
2 6 5 3 3 5 4 0 4 3 6 7 3 4 4 5 3 6 5 4
6 5 2 4 6 1 7 4 0 7 6 5 2 8 4 3 6 3 3 5
1 8 8 6 3 8 2 3 7 0 8 10 6 1 6 7 2 9 8 5
6 2 5 3 9 6 9 6 6 8 0 4 4 9 9 9 8 4 8 10
9 3 3 5 10 4 11 7 5 10 4 0 4 11 9 8 10 1 7 10
5 3 2 1 6 3 7 3 2 6 4 4 0 7 5 5 6 3 5 6
3 9 9 7 2 8 1 4 8 1 9 11 7 0 5 7 2 10 8 5
5 8 6 6 3 4 5 4 4 6 9 9 5 5 0 1 3 7 3 1
6 8 5 6 4 4 6 5 3 7 9 8 5 7 1 0 5 7 2 2
3 8 7 6 1 7 1 3 6 2 8 10 6 2 3 5 0 9 6 3
8 3 2 4 9 3 10 6 3 9 4 1 3 10 7 7 9 0 6 8
7 7 4 6 6 3 7 5 3 8 8 7 5 8 3 2 6 6 0 4
5 9 7 7 3 6 4 4 5 5 10 10 6 5 1 2 3 8 4 0
,
0 48 40 13 23 37 8 7 30 4 26 33 33 16 37 45 9 49 40 18
45 0 22 10 58 26 43 40 23 44 6 17 8 36 51 46 62 9 49 59
29 14 0 20 40 5 42 21 9 42 13 14 5 56 16 20 43 10 28 37
22 17 22 0 28 26 32 9 26 18 17 18 9 46 35 40 40 17 16 34
18 33 54 19 0 26 10 23 35 9 51 43 47 16 23 16 6 38 39 11
41 31 10 17 18 0 33 26 5 25 18 32 11 22 21 28 22 11 21 22
19 62 49 49 8 55 0 15 20 13 53 47 37 4 23 22 9 29 24 20
6 35 12 22 11 20 15 0 12 18 21 32 9 24 15 25 15 24 15 20
31 32 10 13 27 3 31 18 0 27 24 18 11 49 27 21 41 19 8 21
10 53 31 38 18 37 7 20 29 0 26 60 46 6 14 24 17 55 50 17
36 9 25 9 41 29 24 40 18 28 0 18 23 36 31 24 63 20 55 33
45 17 8 15 27 28 56 44 25 37 28 0 17 70 45 44 48 4 44 66
16 21 5 8 38 17 32 22 15 42 27 27 0 48 32 16 41 18 29 46
14 37 22 33 13 58 5 12 52 7 32 72 25 0 33 20 6 40 54 37
29 56 41 29 19 26 23 24 14 41 36 49 25 32 0 7 15 28 9 5
41 51 23 43 14 21 16 18 19 50 48 51 29 31 6 0 27 30 4 15
14 32 47 34 6 22 9 19 33 17 55 65 19 14 22 14 0 25 19 10
29 17 11 12 35 9 66 21 19 33 14 8 17 30 23 49 31 0 23 42
35 44 15 16 37 11 22 20 18 34 30 22 19 49 13 5 34 14 0 14
19 27 31 27 15 23 11 31 22 16 44 57 47 37 8 7 15 27 9 0