4
20
,
0 (10.0, 22.0) 36.0
1 (33.0, 47.0) 31.0
2 (41.0, 33.0) 19.0
3 (26.0, 36.0) 12.0
4 (15.0, 5.0) 43.0
5 (42.0, 26.0) 37.0
6 (8.0, 7.0) 11.0
7 (19.0, 22.0) 17.0
8 (39.0, 24.0) 27.0
9 (5.0, 17.0) 36.0
10 (24.0, 50.0) 12.0
11 (46.0, 47.0) 13.0
12 (31.0, 33.0) 10.0
13 (4.0, 10.0) 10.0
14 (31.0, 7.0) 41.0
15 (37.0, 7.0) 12.0
16 (14.0, 9.0) 44.0
17 (44.0, 40.0) 20.0
18 (43.0, 12.0) 12.0
19 (28.0, 2.0) 11.0
,
0 7 7 4 4 6 3 2 6 1 6 9 5 3 5 6 3 8 7 5
7 0 3 3 9 5 9 6 5 8 2 3 3 9 8 8 8 3 7 9
7 3 0 3 8 1 8 5 2 8 5 3 2 9 6 5 7 2 4 7
4 3 3 0 7 4 7 3 4 6 3 5 1 7 6 6 6 4 6 7
4 9 8 7 0 7 1 3 6 3 9 10 6 2 3 4 1 9 6 3
6 5 1 4 7 0 8 5 1 8 6 4 3 8 4 4 7 3 3 6
3 9 8 7 1 8 0 4 7 2 9 11 7 1 5 6 1 10 7 4
2 6 5 3 3 5 4 0 4 3 6 7 3 4 4 5 3 6 5 4
6 5 2 4 6 1 7 4 0 7 6 5 2 8 4 3 6 3 3 5
1 8 8 6 3 8 2 3 7 0 8 10 6 1 6 7 2 9 8 5
6 2 5 3 9 6 9 6 6 8 0 4 4 9 9 9 8 4 8 10
9 3 3 5 10 4 11 7 5 10 4 0 4 11 9 8 10 1 7 10
5 3 2 1 6 3 7 3 2 6 4 4 0 7 5 5 6 3 5 6
3 9 9 7 2 8 1 4 8 1 9 11 7 0 5 7 2 10 8 5
5 8 6 6 3 4 5 4 4 6 9 9 5 5 0 1 3 7 3 1
6 8 5 6 4 4 6 5 3 7 9 8 5 7 1 0 5 7 2 2
3 8 7 6 1 7 1 3 6 2 8 10 6 2 3 5 0 9 6 3
8 3 2 4 9 3 10 6 3 9 4 1 3 10 7 7 9 0 6 8
7 7 4 6 6 3 7 5 3 8 8 7 5 8 3 2 6 6 0 4
5 9 7 7 3 6 4 4 5 5 10 10 6 5 1 2 3 8 4 0
,
0 43 45 24 15 36 17 13 30 6 23 34 15 12 20 19 19 56 27 27
24 0 13 19 51 23 45 16 25 38 11 7 16 67 41 24 26 8 29 53
27 22 0 10 43 9 53 35 11 55 30 22 14 34 17 15 45 5 31 39
27 12 18 0 47 27 27 18 23 36 14 25 9 51 30 41 35 21 32 29
18 63 25 17 0 19 4 25 34 13 48 49 33 15 24 33 6 45 30 14
42 25 4 10 32 0 23 28 3 32 24 29 14 23 22 24 17 16 8 17
18 29 53 29 4 39 0 16 49 14 26 70 39 3 20 40 4 32 41 19
7 29 36 21 17 12 20 0 19 10 14 41 16 18 23 22 10 40 38 29
15 19 13 17 16 2 29 22 0 49 41 16 15 26 11 18 44 21 15 17
4 46 41 33 14 29 6 12 36 0 44 63 27 8 39 46 10 44 28 23
27 11 29 20 39 31 25 37 32 22 0 29 19 36 39 28 47 24 25 47
61 17 22 33 26 21 82 29 29 65 18 0 16 44 35 24 39 6 51 61
31 16 12 6 35 16 50 8 12 40 20 14 0 38 16 33 39 18 13 40
10 29 50 43 8 56 6 14 42 4 34 61 43 0 20 27 10 35 24 21
25 26 35 31 16 26 31 11 21 14 43 24 35 24 0 4 23 30 17 5
33 48 15 36 12 11 32 32 10 22 66 26 35 23 6 0 32 31 9 9
17 30 28 34 5 19 9 14 39 15 59 48 31 7 22 33 0 37 20 9
41 9 10 15 24 16 44 31 16 30 24 11 8 72 25 37 42 0 34 47
28 29 24 40 16 15 36 31 7 52 46 35 17 25 10 4 33 35 0 18
33 63 48 39 17 28 23 11 18 30 30 37 36 32 4 6 22 37 26 0