4
20
,
0 (10.0, 22.0) 18.0
1 (33.0, 47.0) 22.0
2 (41.0, 33.0) 18.0
3 (26.0, 36.0) 15.0
4 (15.0, 5.0) 19.0
5 (42.0, 26.0) 11.0
6 (8.0, 7.0) 10.0
7 (19.0, 22.0) 17.0
8 (39.0, 24.0) 14.0
9 (5.0, 17.0) 16.0
10 (24.0, 50.0) 21.0
11 (46.0, 47.0) 39.0
12 (31.0, 33.0) 32.0
13 (4.0, 10.0) 36.0
14 (31.0, 7.0) 20.0
15 (37.0, 7.0) 46.0
16 (14.0, 9.0) 26.0
17 (44.0, 40.0) 45.0
18 (43.0, 12.0) 15.0
19 (28.0, 2.0) 42.0
,
0 7 7 4 4 6 3 2 6 1 6 9 5 3 5 6 3 8 7 5
7 0 3 3 9 5 9 6 5 8 2 3 3 9 8 8 8 3 7 9
7 3 0 3 8 1 8 5 2 8 5 3 2 9 6 5 7 2 4 7
4 3 3 0 7 4 7 3 4 6 3 5 1 7 6 6 6 4 6 7
4 9 8 7 0 7 1 3 6 3 9 10 6 2 3 4 1 9 6 3
6 5 1 4 7 0 8 5 1 8 6 4 3 8 4 4 7 3 3 6
3 9 8 7 1 8 0 4 7 2 9 11 7 1 5 6 1 10 7 4
2 6 5 3 3 5 4 0 4 3 6 7 3 4 4 5 3 6 5 4
6 5 2 4 6 1 7 4 0 7 6 5 2 8 4 3 6 3 3 5
1 8 8 6 3 8 2 3 7 0 8 10 6 1 6 7 2 9 8 5
6 2 5 3 9 6 9 6 6 8 0 4 4 9 9 9 8 4 8 10
9 3 3 5 10 4 11 7 5 10 4 0 4 11 9 8 10 1 7 10
5 3 2 1 6 3 7 3 2 6 4 4 0 7 5 5 6 3 5 6
3 9 9 7 2 8 1 4 8 1 9 11 7 0 5 7 2 10 8 5
5 8 6 6 3 4 5 4 4 6 9 9 5 5 0 1 3 7 3 1
6 8 5 6 4 4 6 5 3 7 9 8 5 7 1 0 5 7 2 2
3 8 7 6 1 7 1 3 6 2 8 10 6 2 3 5 0 9 6 3
8 3 2 4 9 3 10 6 3 9 4 1 3 10 7 7 9 0 6 8
7 7 4 6 6 3 7 5 3 8 8 7 5 8 3 2 6 6 0 4
5 9 7 7 3 6 4 4 5 5 10 10 6 5 1 2 3 8 4 0
,
0 18 42 23 23 40 23 6 38 10 28 48 30 16 16 28 12 50 32 32
25 0 8 17 66 20 50 21 25 25 11 7 8 31 45 23 58 15 52 53
39 9 0 10 43 9 37 32 13 28 16 21 11 63 40 27 37 7 27 36
32 11 12 0 44 16 39 21 22 14 18 33 6 25 29 32 44 21 20 30
21 27 47 45 0 30 7 13 30 18 65 72 43 11 18 17 6 36 32 16
48 32 5 21 18 0 41 33 4 55 16 30 16 43 14 23 43 20 18 18
8 54 55 18 5 49 0 15 39 10 53 60 21 3 34 26 8 53 30 11
12 39 16 19 25 17 23 0 11 17 36 51 19 12 27 33 19 37 32 23
39 32 8 16 36 2 18 25 0 41 15 35 14 22 17 10 36 14 12 28
4 21 57 18 13 27 13 14 48 0 31 44 23 10 41 19 10 25 32 38
25 14 26 16 68 38 36 34 37 51 0 19 11 57 22 37 38 19 52 27
53 19 20 17 60 32 41 25 28 63 17 0 26 67 57 30 65 9 44 72
24 12 11 4 24 19 36 15 11 43 14 26 0 52 31 27 38 13 24 28
15 66 65 33 17 41 5 11 49 10 27 51 22 0 26 26 14 52 25 28
27 57 26 15 23 27 32 25 20 34 48 25 33 21 0 5 13 52 7 3
36 53 27 24 15 20 41 22 15 39 30 58 24 23 3 0 24 25 8 11
8 62 47 16 4 24 3 16 18 18 33 25 19 14 11 29 0 43 19 13
19 13 6 21 51 11 71 24 9 34 31 7 17 38 41 50 46 0 42 32
32 21 15 32 24 14 46 21 17 45 41 43 15 47 19 6 39 41 0 24
34 28 45 46 18 14 23 19 21 21 31 27 46 31 6 8 19 35 14 0