4
20
,
0 (10.0, 22.0) 13.0
1 (33.0, 47.0) 11.0
2 (41.0, 33.0) 20.0
3 (26.0, 36.0) 14.0
4 (15.0, 5.0) 20.0
5 (42.0, 26.0) 41.0
6 (8.0, 7.0) 20.0
7 (19.0, 22.0) 42.0
8 (39.0, 24.0) 17.0
9 (5.0, 17.0) 12.0
10 (24.0, 50.0) 17.0
11 (46.0, 47.0) 10.0
12 (31.0, 33.0) 13.0
13 (4.0, 10.0) 34.0
14 (31.0, 7.0) 20.0
15 (37.0, 7.0) 48.0
16 (14.0, 9.0) 11.0
17 (44.0, 40.0) 11.0
18 (43.0, 12.0) 18.0
19 (28.0, 2.0) 25.0
,
0 7 7 4 4 6 3 2 6 1 6 9 5 3 5 6 3 8 7 5
7 0 3 3 9 5 9 6 5 8 2 3 3 9 8 8 8 3 7 9
7 3 0 3 8 1 8 5 2 8 5 3 2 9 6 5 7 2 4 7
4 3 3 0 7 4 7 3 4 6 3 5 1 7 6 6 6 4 6 7
4 9 8 7 0 7 1 3 6 3 9 10 6 2 3 4 1 9 6 3
6 5 1 4 7 0 8 5 1 8 6 4 3 8 4 4 7 3 3 6
3 9 8 7 1 8 0 4 7 2 9 11 7 1 5 6 1 10 7 4
2 6 5 3 3 5 4 0 4 3 6 7 3 4 4 5 3 6 5 4
6 5 2 4 6 1 7 4 0 7 6 5 2 8 4 3 6 3 3 5
1 8 8 6 3 8 2 3 7 0 8 10 6 1 6 7 2 9 8 5
6 2 5 3 9 6 9 6 6 8 0 4 4 9 9 9 8 4 8 10
9 3 3 5 10 4 11 7 5 10 4 0 4 11 9 8 10 1 7 10
5 3 2 1 6 3 7 3 2 6 4 4 0 7 5 5 6 3 5 6
3 9 9 7 2 8 1 4 8 1 9 11 7 0 5 7 2 10 8 5
5 8 6 6 3 4 5 4 4 6 9 9 5 5 0 1 3 7 3 1
6 8 5 6 4 4 6 5 3 7 9 8 5 7 1 0 5 7 2 2
3 8 7 6 1 7 1 3 6 2 8 10 6 2 3 5 0 9 6 3
8 3 2 4 9 3 10 6 3 9 4 1 3 10 7 7 9 0 6 8
7 7 4 6 6 3 7 5 3 8 8 7 5 8 3 2 6 6 0 4
5 9 7 7 3 6 4 4 5 5 10 10 6 5 1 2 3 8 4 0
,
0 40 49 23 17 44 8 5 17 5 25 53 25 18 37 34 14 50 30 22
50 0 21 14 68 16 56 27 26 30 13 18 14 66 43 46 53 15 44 49
39 17 0 14 52 10 37 32 7 43 35 11 10 43 39 23 29 5 17 29
26 9 10 0 27 22 21 17 23 23 14 28 4 47 36 23 25 14 35 30
24 67 39 24 0 29 5 25 33 20 62 26 46 10 9 29 4 61 37 20
35 26 4 12 40 0 42 18 4 20 27 28 18 55 19 23 48 21 11 22
11 67 56 41 4 32 0 20 37 7 34 58 44 7 31 41 5 67 18 15
5 29 21 23 9 26 24 0 20 9 37 45 23 17 22 31 18 22 37 29
32 34 8 22 41 3 18 26 0 48 29 20 13 38 22 14 21 23 18 15
8 23 22 41 18 24 12 16 52 0 23 63 17 9 19 19 12 58 50 21
45 7 31 9 66 18 33 42 21 21 0 29 17 31 25 61 27 33 25 27
43 14 22 19 74 15 44 19 32 34 31 0 31 76 39 42 43 9 43 52
31 10 11 4 17 7 43 15 13 15 18 18 0 36 38 19 35 21 16 38
8 64 28 36 15 37 3 27 55 5 60 51 42 0 30 47 9 44 26 26
14 42 18 27 11 17 28 17 14 34 63 62 17 40 0 7 20 23 16 3
39 45 18 19 27 19 39 23 13 27 56 29 30 47 6 0 20 47 7 12
13 55 21 36 4 33 5 14 40 13 39 70 36 10 13 29 0 50 43 22
28 19 11 11 47 15 54 44 18 35 23 11 17 59 43 39 41 0 14 32
41 38 18 35 22 9 52 27 10 50 38 26 30 46 17 5 24 34 0 20
23 35 25 48 17 26 20 19 27 41 66 25 39 22 3 6 17 61 14 0