4
20
,
0 (10.0, 22.0) 32.0
1 (33.0, 47.0) 35.0
2 (41.0, 33.0) 30.0
3 (26.0, 36.0) 12.0
4 (15.0, 5.0) 18.0
5 (42.0, 26.0) 11.0
6 (8.0, 7.0) 20.0
7 (19.0, 22.0) 11.0
8 (39.0, 24.0) 30.0
9 (5.0, 17.0) 41.0
10 (24.0, 50.0) 15.0
11 (46.0, 47.0) 44.0
12 (31.0, 33.0) 11.0
13 (4.0, 10.0) 10.0
14 (31.0, 7.0) 19.0
15 (37.0, 7.0) 49.0
16 (14.0, 9.0) 11.0
17 (44.0, 40.0) 24.0
18 (43.0, 12.0) 26.0
19 (28.0, 2.0) 37.0
,
0 7 7 4 4 6 3 2 6 1 6 9 5 3 5 6 3 8 7 5
7 0 3 3 9 5 9 6 5 8 2 3 3 9 8 8 8 3 7 9
7 3 0 3 8 1 8 5 2 8 5 3 2 9 6 5 7 2 4 7
4 3 3 0 7 4 7 3 4 6 3 5 1 7 6 6 6 4 6 7
4 9 8 7 0 7 1 3 6 3 9 10 6 2 3 4 1 9 6 3
6 5 1 4 7 0 8 5 1 8 6 4 3 8 4 4 7 3 3 6
3 9 8 7 1 8 0 4 7 2 9 11 7 1 5 6 1 10 7 4
2 6 5 3 3 5 4 0 4 3 6 7 3 4 4 5 3 6 5 4
6 5 2 4 6 1 7 4 0 7 6 5 2 8 4 3 6 3 3 5
1 8 8 6 3 8 2 3 7 0 8 10 6 1 6 7 2 9 8 5
6 2 5 3 9 6 9 6 6 8 0 4 4 9 9 9 8 4 8 10
9 3 3 5 10 4 11 7 5 10 4 0 4 11 9 8 10 1 7 10
5 3 2 1 6 3 7 3 2 6 4 4 0 7 5 5 6 3 5 6
3 9 9 7 2 8 1 4 8 1 9 11 7 0 5 7 2 10 8 5
5 8 6 6 3 4 5 4 4 6 9 9 5 5 0 1 3 7 3 1
6 8 5 6 4 4 6 5 3 7 9 8 5 7 1 0 5 7 2 2
3 8 7 6 1 7 1 3 6 2 8 10 6 2 3 5 0 9 6 3
8 3 2 4 9 3 10 6 3 9 4 1 3 10 7 7 9 0 6 8
7 7 4 6 6 3 7 5 3 8 8 7 5 8 3 2 6 6 0 4
5 9 7 7 3 6 4 4 5 5 10 10 6 5 1 2 3 8 4 0
,
0 32 32 17 19 36 11 11 40 7 23 47 32 19 26 22 14 27 29 29
27 0 22 13 43 29 37 40 34 58 11 7 9 62 55 45 57 18 37 50
33 21 0 17 21 6 30 23 6 49 34 11 6 63 28 21 24 9 12 40
21 8 9 0 48 23 47 9 11 36 8 31 8 45 22 29 28 15 19 24
23 54 34 25 0 18 7 22 43 23 42 54 41 6 16 26 4 62 22 20
32 34 4 19 30 0 21 19 2 30 19 22 15 32 21 25 17 20 18 24
22 47 60 32 4 27 0 20 27 15 48 58 25 4 15 34 6 63 25 26
6 19 21 13 12 13 14 0 20 9 15 20 8 20 11 18 18 38 36 12
21 27 13 19 37 5 18 14 0 39 22 32 7 44 11 17 22 16 15 15
7 24 53 21 21 57 13 12 49 0 49 54 21 10 41 17 15 39 51 38
44 12 17 19 52 16 40 36 42 47 0 29 25 26 50 24 51 30 22 71
34 19 14 18 54 27 79 52 33 29 26 0 24 29 25 35 34 4 29 72
12 10 9 3 27 7 24 14 8 29 11 20 0 33 35 23 26 22 34 39
14 29 34 30 8 61 5 16 31 6 44 28 46 0 41 31 7 66 27 30
19 52 19 40 19 13 33 10 15 28 63 36 16 16 0 6 11 44 17 5
18 32 15 45 31 20 40 27 25 43 46 40 22 35 5 0 15 45 4 10
19 23 29 23 3 23 6 16 30 18 32 35 25 11 12 28 0 23 30 9
36 16 9 24 42 12 42 32 23 41 26 5 8 37 39 42 54 0 19 56
34 22 30 17 35 17 48 14 13 25 22 22 32 44 9 7 22 17 0 20
33 54 25 47 8 32 19 20 18 36 36 40 25 17 5 6 10 34 26 0