4
20
,
0 (10.0, 22.0) 37.0
1 (33.0, 47.0) 13.0
2 (41.0, 33.0) 12.0
3 (26.0, 36.0) 14.0
4 (15.0, 5.0) 27.0
5 (42.0, 26.0) 22.0
6 (8.0, 7.0) 15.0
7 (19.0, 22.0) 29.0
8 (39.0, 24.0) 19.0
9 (5.0, 17.0) 28.0
10 (24.0, 50.0) 24.0
11 (46.0, 47.0) 27.0
12 (31.0, 33.0) 28.0
13 (4.0, 10.0) 44.0
14 (31.0, 7.0) 16.0
15 (37.0, 7.0) 17.0
16 (14.0, 9.0) 16.0
17 (44.0, 40.0) 13.0
18 (43.0, 12.0) 25.0
19 (28.0, 2.0) 16.0
,
0 7 7 4 4 6 3 2 6 1 6 9 5 3 5 6 3 8 7 5
7 0 3 3 9 5 9 6 5 8 2 3 3 9 8 8 8 3 7 9
7 3 0 3 8 1 8 5 2 8 5 3 2 9 6 5 7 2 4 7
4 3 3 0 7 4 7 3 4 6 3 5 1 7 6 6 6 4 6 7
4 9 8 7 0 7 1 3 6 3 9 10 6 2 3 4 1 9 6 3
6 5 1 4 7 0 8 5 1 8 6 4 3 8 4 4 7 3 3 6
3 9 8 7 1 8 0 4 7 2 9 11 7 1 5 6 1 10 7 4
2 6 5 3 3 5 4 0 4 3 6 7 3 4 4 5 3 6 5 4
6 5 2 4 6 1 7 4 0 7 6 5 2 8 4 3 6 3 3 5
1 8 8 6 3 8 2 3 7 0 8 10 6 1 6 7 2 9 8 5
6 2 5 3 9 6 9 6 6 8 0 4 4 9 9 9 8 4 8 10
9 3 3 5 10 4 11 7 5 10 4 0 4 11 9 8 10 1 7 10
5 3 2 1 6 3 7 3 2 6 4 4 0 7 5 5 6 3 5 6
3 9 9 7 2 8 1 4 8 1 9 11 7 0 5 7 2 10 8 5
5 8 6 6 3 4 5 4 4 6 9 9 5 5 0 1 3 7 3 1
6 8 5 6 4 4 6 5 3 7 9 8 5 7 1 0 5 7 2 2
3 8 7 6 1 7 1 3 6 2 8 10 6 2 3 5 0 9 6 3
8 3 2 4 9 3 10 6 3 9 4 1 3 10 7 7 9 0 6 8
7 7 4 6 6 3 7 5 3 8 8 7 5 8 3 2 6 6 0 4
5 9 7 7 3 6 4 4 5 5 10 10 6 5 1 2 3 8 4 0
,
0 33 21 27 23 20 10 7 22 4 44 49 35 19 19 16 10 29 44 17
47 0 15 7 60 31 68 15 22 58 10 14 11 43 24 36 40 18 47 54
25 12 0 17 22 6 26 30 12 52 22 17 7 44 25 25 42 4 17 28
23 7 20 0 40 21 32 19 21 27 17 21 7 20 31 22 20 26 36 32
21 33 36 44 0 37 5 13 30 16 48 36 32 15 9 22 4 40 43 13
37 31 7 19 42 0 52 25 4 25 33 20 10 28 21 23 37 18 18 32
14 51 31 39 10 51 0 19 25 6 25 30 28 3 31 41 4 71 20 26
9 36 30 13 13 29 11 0 23 18 31 46 20 17 20 33 20 26 24 14
30 14 7 24 24 2 29 22 0 48 40 16 14 39 22 25 43 16 8 29
9 39 52 15 21 42 9 16 27 0 53 66 24 8 21 31 9 30 43 25
19 9 26 12 57 25 58 30 32 20 0 32 12 58 26 42 40 14 45 43
31 16 13 30 58 24 48 48 34 32 25 0 26 33 40 30 49 5 22 57
21 21 10 3 40 16 24 19 14 17 17 15 0 53 27 18 35 21 23 41
7 56 53 26 7 53 4 20 36 4 49 56 27 0 28 27 10 48 47 30
34 23 32 29 17 24 20 25 19 33 50 48 14 36 0 3 17 36 18 5
17 20 14 22 24 24 35 24 19 28 30 26 20 30 3 0 27 38 8 12
10 37 39 16 6 49 4 11 32 13 54 60 15 15 25 28 0 45 29 19
44 13 5 12 52 20 29 30 14 33 14 7 15 43 41 40 33 0 22 58
41 42 31 16 40 12 47 14 7 44 23 36 15 51 13 7 24 18 0 25
15 68 47 48 17 40 21 15 17 36 31 30 45 27 7 11 21 48 11 0