4
20
,
0 (10.0, 22.0) 32.0
1 (33.0, 47.0) 12.0
2 (41.0, 33.0) 32.0
3 (26.0, 36.0) 19.0
4 (15.0, 5.0) 26.0
5 (42.0, 26.0) 15.0
6 (8.0, 7.0) 50.0
7 (19.0, 22.0) 39.0
8 (39.0, 24.0) 18.0
9 (5.0, 17.0) 14.0
10 (24.0, 50.0) 24.0
11 (46.0, 47.0) 12.0
12 (31.0, 33.0) 37.0
13 (4.0, 10.0) 36.0
14 (31.0, 7.0) 36.0
15 (37.0, 7.0) 22.0
16 (14.0, 9.0) 18.0
17 (44.0, 40.0) 12.0
18 (43.0, 12.0) 14.0
19 (28.0, 2.0) 17.0
,
0 7 7 4 4 6 3 2 6 1 6 9 5 3 5 6 3 8 7 5
7 0 3 3 9 5 9 6 5 8 2 3 3 9 8 8 8 3 7 9
7 3 0 3 8 1 8 5 2 8 5 3 2 9 6 5 7 2 4 7
4 3 3 0 7 4 7 3 4 6 3 5 1 7 6 6 6 4 6 7
4 9 8 7 0 7 1 3 6 3 9 10 6 2 3 4 1 9 6 3
6 5 1 4 7 0 8 5 1 8 6 4 3 8 4 4 7 3 3 6
3 9 8 7 1 8 0 4 7 2 9 11 7 1 5 6 1 10 7 4
2 6 5 3 3 5 4 0 4 3 6 7 3 4 4 5 3 6 5 4
6 5 2 4 6 1 7 4 0 7 6 5 2 8 4 3 6 3 3 5
1 8 8 6 3 8 2 3 7 0 8 10 6 1 6 7 2 9 8 5
6 2 5 3 9 6 9 6 6 8 0 4 4 9 9 9 8 4 8 10
9 3 3 5 10 4 11 7 5 10 4 0 4 11 9 8 10 1 7 10
5 3 2 1 6 3 7 3 2 6 4 4 0 7 5 5 6 3 5 6
3 9 9 7 2 8 1 4 8 1 9 11 7 0 5 7 2 10 8 5
5 8 6 6 3 4 5 4 4 6 9 9 5 5 0 1 3 7 3 1
6 8 5 6 4 4 6 5 3 7 9 8 5 7 1 0 5 7 2 2
3 8 7 6 1 7 1 3 6 2 8 10 6 2 3 5 0 9 6 3
8 3 2 4 9 3 10 6 3 9 4 1 3 10 7 7 9 0 6 8
7 7 4 6 6 3 7 5 3 8 8 7 5 8 3 2 6 6 0 4
5 9 7 7 3 6 4 4 5 5 10 10 6 5 1 2 3 8 4 0
,
0 35 22 12 25 32 20 11 17 6 34 55 18 19 31 26 9 34 35 16
39 0 14 9 64 16 67 38 15 43 5 15 11 40 58 40 25 11 53 45
20 22 0 17 27 4 53 36 9 55 17 12 9 47 37 19 20 9 22 46
20 7 11 0 28 25 35 8 10 16 20 14 7 36 38 35 36 18 34 46
13 60 33 23 0 50 4 10 17 16 62 65 47 11 24 12 3 31 29 10
47 24 10 10 37 0 22 24 3 48 28 21 17 47 21 13 43 19 17 42
22 60 47 23 9 34 0 13 32 10 68 28 42 5 21 29 7 42 49 23
9 43 16 21 17 30 25 0 14 11 27 20 21 12 17 21 20 32 27 17
18 30 5 11 32 3 46 25 0 41 15 26 12 36 14 22 18 11 15 18
7 52 45 38 12 54 15 10 47 0 23 62 18 4 38 41 7 48 24 39
22 7 29 21 40 21 38 16 26 36 0 13 20 63 32 34 40 15 61 35
49 7 13 15 40 18 32 31 30 52 21 0 18 39 31 56 38 10 19 51
23 17 11 6 34 18 26 20 11 29 22 21 0 37 17 28 25 8 33 42
12 53 49 23 10 50 3 17 50 9 39 55 46 0 17 21 6 30 47 37
28 56 30 43 22 19 25 10 20 17 62 36 15 20 0 4 19 45 9 3
43 44 27 21 24 13 41 27 21 18 23 40 21 32 6 0 31 40 4 8
19 27 45 15 5 36 3 11 40 9 36 53 39 15 10 15 0 41 26 14
47 13 6 10 53 9 65 40 25 27 17 8 18 42 24 46 47 0 41 26
46 44 12 27 38 15 52 25 12 42 35 21 32 35 19 5 29 20 0 13
32 50 21 25 9 25 12 31 32 27 62 29 38 20 4 6 12 42 23 0