4
20
,
0 (10.0, 22.0) 21.0
1 (33.0, 47.0) 10.0
2 (41.0, 33.0) 14.0
3 (26.0, 36.0) 18.0
4 (15.0, 5.0) 26.0
5 (42.0, 26.0) 11.0
6 (8.0, 7.0) 41.0
7 (19.0, 22.0) 16.0
8 (39.0, 24.0) 13.0
9 (5.0, 17.0) 24.0
10 (24.0, 50.0) 36.0
11 (46.0, 47.0) 28.0
12 (31.0, 33.0) 39.0
13 (4.0, 10.0) 10.0
14 (31.0, 7.0) 49.0
15 (37.0, 7.0) 15.0
16 (14.0, 9.0) 34.0
17 (44.0, 40.0) 18.0
18 (43.0, 12.0) 12.0
19 (28.0, 2.0) 17.0
,
0 7 7 4 4 6 3 2 6 1 6 9 5 3 5 6 3 8 7 5
7 0 3 3 9 5 9 6 5 8 2 3 3 9 8 8 8 3 7 9
7 3 0 3 8 1 8 5 2 8 5 3 2 9 6 5 7 2 4 7
4 3 3 0 7 4 7 3 4 6 3 5 1 7 6 6 6 4 6 7
4 9 8 7 0 7 1 3 6 3 9 10 6 2 3 4 1 9 6 3
6 5 1 4 7 0 8 5 1 8 6 4 3 8 4 4 7 3 3 6
3 9 8 7 1 8 0 4 7 2 9 11 7 1 5 6 1 10 7 4
2 6 5 3 3 5 4 0 4 3 6 7 3 4 4 5 3 6 5 4
6 5 2 4 6 1 7 4 0 7 6 5 2 8 4 3 6 3 3 5
1 8 8 6 3 8 2 3 7 0 8 10 6 1 6 7 2 9 8 5
6 2 5 3 9 6 9 6 6 8 0 4 4 9 9 9 8 4 8 10
9 3 3 5 10 4 11 7 5 10 4 0 4 11 9 8 10 1 7 10
5 3 2 1 6 3 7 3 2 6 4 4 0 7 5 5 6 3 5 6
3 9 9 7 2 8 1 4 8 1 9 11 7 0 5 7 2 10 8 5
5 8 6 6 3 4 5 4 4 6 9 9 5 5 0 1 3 7 3 1
6 8 5 6 4 4 6 5 3 7 9 8 5 7 1 0 5 7 2 2
3 8 7 6 1 7 1 3 6 2 8 10 6 2 3 5 0 9 6 3
8 3 2 4 9 3 10 6 3 9 4 1 3 10 7 7 9 0 6 8
7 7 4 6 6 3 7 5 3 8 8 7 5 8 3 2 6 6 0 4
5 9 7 7 3 6 4 4 5 5 10 10 6 5 1 2 3 8 4 0
,
0 47 41 30 19 33 17 8 40 10 33 35 19 19 19 45 7 46 48 31
18 0 15 16 42 23 65 40 17 46 6 8 13 61 41 49 40 17 24 61
39 11 0 18 31 9 27 19 6 23 22 21 11 59 17 31 54 8 29 19
14 10 15 0 45 20 33 8 10 42 13 22 4 21 35 16 39 27 31 36
18 42 47 33 0 30 8 12 33 22 42 34 43 15 10 25 6 52 32 15
41 19 10 16 27 0 27 15 5 24 42 15 10 22 25 23 22 15 12 14
10 30 32 50 8 54 0 22 40 13 51 42 52 4 17 18 6 54 32 17
12 40 29 10 10 16 11 0 11 19 38 27 12 22 18 16 12 17 19 20
43 35 10 18 22 5 25 13 0 37 36 29 7 39 20 17 28 20 15 29
6 41 36 32 14 34 8 20 20 0 24 38 34 10 34 40 7 25 43 18
33 10 30 14 37 19 34 27 43 46 0 22 14 28 25 47 59 20 32 39
33 15 15 33 57 16 39 22 18 35 24 0 23 64 44 47 28 5 23 48
17 18 6 3 39 10 30 12 8 45 24 22 0 35 17 37 38 22 21 42
11 37 32 46 10 23 4 19 48 8 48 38 50 0 18 46 8 37 22 29
25 58 22 38 19 22 34 23 24 36 58 51 19 19 0 6 9 40 12 7
30 28 14 46 19 15 23 20 13 39 41 42 20 35 9 0 15 49 5 13
13 44 33 33 6 26 3 16 20 12 58 56 30 13 17 15 0 48 31 13
40 11 10 16 56 8 59 42 21 39 29 9 20 63 27 26 42 0 23 39
19 46 15 17 28 16 38 27 15 32 55 18 26 49 14 8 35 32 0 19
32 40 20 39 15 18 27 14 26 41 53 42 20 25 3 14 11 58 21 0