4
20
,
0 (10.0, 22.0) 41.0
1 (33.0, 47.0) 26.0
2 (41.0, 33.0) 21.0
3 (26.0, 36.0) 27.0
4 (15.0, 5.0) 15.0
5 (42.0, 26.0) 19.0
6 (8.0, 7.0) 39.0
7 (19.0, 22.0) 14.0
8 (39.0, 24.0) 11.0
9 (5.0, 17.0) 12.0
10 (24.0, 50.0) 21.0
11 (46.0, 47.0) 31.0
12 (31.0, 33.0) 11.0
13 (4.0, 10.0) 45.0
14 (31.0, 7.0) 34.0
15 (37.0, 7.0) 23.0
16 (14.0, 9.0) 11.0
17 (44.0, 40.0) 22.0
18 (43.0, 12.0) 33.0
19 (28.0, 2.0) 12.0
,
0 7 7 4 4 6 3 2 6 1 6 9 5 3 5 6 3 8 7 5
7 0 3 3 9 5 9 6 5 8 2 3 3 9 8 8 8 3 7 9
7 3 0 3 8 1 8 5 2 8 5 3 2 9 6 5 7 2 4 7
4 3 3 0 7 4 7 3 4 6 3 5 1 7 6 6 6 4 6 7
4 9 8 7 0 7 1 3 6 3 9 10 6 2 3 4 1 9 6 3
6 5 1 4 7 0 8 5 1 8 6 4 3 8 4 4 7 3 3 6
3 9 8 7 1 8 0 4 7 2 9 11 7 1 5 6 1 10 7 4
2 6 5 3 3 5 4 0 4 3 6 7 3 4 4 5 3 6 5 4
6 5 2 4 6 1 7 4 0 7 6 5 2 8 4 3 6 3 3 5
1 8 8 6 3 8 2 3 7 0 8 10 6 1 6 7 2 9 8 5
6 2 5 3 9 6 9 6 6 8 0 4 4 9 9 9 8 4 8 10
9 3 3 5 10 4 11 7 5 10 4 0 4 11 9 8 10 1 7 10
5 3 2 1 6 3 7 3 2 6 4 4 0 7 5 5 6 3 5 6
3 9 9 7 2 8 1 4 8 1 9 11 7 0 5 7 2 10 8 5
5 8 6 6 3 4 5 4 4 6 9 9 5 5 0 1 3 7 3 1
6 8 5 6 4 4 6 5 3 7 9 8 5 7 1 0 5 7 2 2
3 8 7 6 1 7 1 3 6 2 8 10 6 2 3 5 0 9 6 3
8 3 2 4 9 3 10 6 3 9 4 1 3 10 7 7 9 0 6 8
7 7 4 6 6 3 7 5 3 8 8 7 5 8 3 2 6 6 0 4
5 9 7 7 3 6 4 4 5 5 10 10 6 5 1 2 3 8 4 0
,
0 31 25 18 24 17 13 5 34 5 31 49 22 12 36 19 11 51 37 24
33 0 17 13 33 24 33 38 28 46 10 13 18 32 47 51 56 19 42 62
26 20 0 16 38 10 57 14 11 28 26 8 12 41 26 16 37 11 26 36
24 14 12 0 34 28 38 19 26 26 16 34 4 21 37 31 32 24 25 25
18 61 31 24 0 24 11 14 37 11 68 47 38 8 20 28 3 44 33 13
18 23 8 25 20 0 46 14 3 43 27 20 11 21 24 18 37 16 7 14
17 30 27 46 7 26 0 13 26 11 49 58 43 3 19 22 8 27 49 22
10 18 27 11 16 31 19 0 17 13 42 52 9 27 26 34 17 42 21 22
36 20 6 9 23 4 42 20 0 44 30 14 12 20 23 15 23 14 10 27
6 58 49 35 16 45 12 11 32 0 40 74 38 6 22 27 10 65 24 37
34 8 34 12 26 29 48 37 30 20 0 26 23 27 47 29 36 18 40 50
30 18 12 13 65 27 49 36 13 64 12 0 13 56 37 44 67 6 42 61
24 13 9 3 47 13 21 24 12 36 12 16 0 32 28 30 16 15 35 30
11 68 65 35 17 56 6 17 42 8 53 80 36 0 18 38 9 48 30 23
19 56 15 36 16 15 29 17 19 18 57 45 23 20 0 4 13 36 8 4
46 41 27 43 28 22 33 32 21 41 31 47 17 29 8 0 26 41 8 7
18 51 23 25 4 49 8 14 16 9 25 37 34 7 20 24 0 42 42 14
34 18 9 16 39 15 27 26 19 53 16 6 11 39 36 40 39 0 27 41
42 53 18 29 21 18 34 19 11 23 62 32 33 25 17 9 18 28 0 16
14 30 40 45 8 36 26 16 33 23 39 59 21 31 3 8 14 39 13 0