4
20
,
0 (10.0, 22.0) 13.0
1 (33.0, 47.0) 22.0
2 (41.0, 33.0) 17.0
3 (26.0, 36.0) 25.0
4 (15.0, 5.0) 15.0
5 (42.0, 26.0) 36.0
6 (8.0, 7.0) 27.0
7 (19.0, 22.0) 17.0
8 (39.0, 24.0) 41.0
9 (5.0, 17.0) 14.0
10 (24.0, 50.0) 16.0
11 (46.0, 47.0) 11.0
12 (31.0, 33.0) 15.0
13 (4.0, 10.0) 40.0
14 (31.0, 7.0) 13.0
15 (37.0, 7.0) 39.0
16 (14.0, 9.0) 45.0
17 (44.0, 40.0) 11.0
18 (43.0, 12.0) 17.0
19 (28.0, 2.0) 47.0
,
0 7 7 4 4 6 3 2 6 1 6 9 5 3 5 6 3 8 7 5
7 0 3 3 9 5 9 6 5 8 2 3 3 9 8 8 8 3 7 9
7 3 0 3 8 1 8 5 2 8 5 3 2 9 6 5 7 2 4 7
4 3 3 0 7 4 7 3 4 6 3 5 1 7 6 6 6 4 6 7
4 9 8 7 0 7 1 3 6 3 9 10 6 2 3 4 1 9 6 3
6 5 1 4 7 0 8 5 1 8 6 4 3 8 4 4 7 3 3 6
3 9 8 7 1 8 0 4 7 2 9 11 7 1 5 6 1 10 7 4
2 6 5 3 3 5 4 0 4 3 6 7 3 4 4 5 3 6 5 4
6 5 2 4 6 1 7 4 0 7 6 5 2 8 4 3 6 3 3 5
1 8 8 6 3 8 2 3 7 0 8 10 6 1 6 7 2 9 8 5
6 2 5 3 9 6 9 6 6 8 0 4 4 9 9 9 8 4 8 10
9 3 3 5 10 4 11 7 5 10 4 0 4 11 9 8 10 1 7 10
5 3 2 1 6 3 7 3 2 6 4 4 0 7 5 5 6 3 5 6
3 9 9 7 2 8 1 4 8 1 9 11 7 0 5 7 2 10 8 5
5 8 6 6 3 4 5 4 4 6 9 9 5 5 0 1 3 7 3 1
6 8 5 6 4 4 6 5 3 7 9 8 5 7 1 0 5 7 2 2
3 8 7 6 1 7 1 3 6 2 8 10 6 2 3 5 0 9 6 3
8 3 2 4 9 3 10 6 3 9 4 1 3 10 7 7 9 0 6 8
7 7 4 6 6 3 7 5 3 8 8 7 5 8 3 2 6 6 0 4
5 9 7 7 3 6 4 4 5 5 10 10 6 5 1 2 3 8 4 0
,
0 21 33 22 24 23 12 11 17 6 37 25 31 14 34 21 12 20 26 28
48 0 18 11 44 13 28 29 29 61 5 8 8 27 30 48 48 16 51 33
20 20 0 11 45 7 22 34 8 50 13 18 11 45 41 15 48 6 26 23
16 19 14 0 25 15 25 12 19 18 8 15 9 41 42 45 40 10 22 21
20 41 50 41 0 30 7 11 40 21 50 77 45 14 15 24 3 45 41 20
42 13 4 27 23 0 24 30 2 54 41 13 10 23 14 27 25 10 16 34
9 30 38 25 8 43 0 25 33 7 43 43 48 4 30 26 7 65 37 17
8 33 15 8 18 28 28 0 23 17 38 30 23 22 24 21 19 28 14 20
20 31 12 11 45 5 45 19 0 36 32 31 10 21 12 9 19 21 8 13
9 22 25 37 20 43 11 11 50 0 41 54 39 5 32 44 11 32 28 35
46 5 30 18 55 17 47 24 30 52 0 12 24 38 47 39 22 29 51 61
24 19 19 14 73 14 55 34 31 31 31 0 23 39 45 44 36 11 19 45
28 21 13 8 20 16 45 20 13 25 11 22 0 31 28 34 31 18 16 41
10 39 30 31 8 54 7 25 21 5 57 65 42 0 20 17 8 51 45 27
19 56 23 30 19 20 23 16 24 27 27 28 34 15 0 3 20 35 8 6
35 39 37 46 26 22 31 30 19 36 24 52 17 40 4 0 22 17 10 11
10 55 42 42 4 33 4 15 19 15 59 48 34 15 22 20 0 46 36 15
22 17 8 15 62 12 33 24 24 39 19 9 16 55 27 29 32 0 21 32
51 32 13 25 26 10 50 16 8 38 50 33 16 49 10 6 30 23 0 20
24 42 20 31 17 18 18 20 36 27 64 73 28 28 6 9 11 24 13 0