4
20
,
0 (10.0, 22.0) 23.0
1 (33.0, 47.0) 16.0
2 (41.0, 33.0) 11.0
3 (26.0, 36.0) 37.0
4 (15.0, 5.0) 24.0
5 (42.0, 26.0) 31.0
6 (8.0, 7.0) 40.0
7 (19.0, 22.0) 24.0
8 (39.0, 24.0) 13.0
9 (5.0, 17.0) 36.0
10 (24.0, 50.0) 21.0
11 (46.0, 47.0) 25.0
12 (31.0, 33.0) 40.0
13 (4.0, 10.0) 46.0
14 (31.0, 7.0) 36.0
15 (37.0, 7.0) 16.0
16 (14.0, 9.0) 14.0
17 (44.0, 40.0) 12.0
18 (43.0, 12.0) 19.0
19 (28.0, 2.0) 23.0
,
0 7 7 4 4 6 3 2 6 1 6 9 5 3 5 6 3 8 7 5
7 0 3 3 9 5 9 6 5 8 2 3 3 9 8 8 8 3 7 9
7 3 0 3 8 1 8 5 2 8 5 3 2 9 6 5 7 2 4 7
4 3 3 0 7 4 7 3 4 6 3 5 1 7 6 6 6 4 6 7
4 9 8 7 0 7 1 3 6 3 9 10 6 2 3 4 1 9 6 3
6 5 1 4 7 0 8 5 1 8 6 4 3 8 4 4 7 3 3 6
3 9 8 7 1 8 0 4 7 2 9 11 7 1 5 6 1 10 7 4
2 6 5 3 3 5 4 0 4 3 6 7 3 4 4 5 3 6 5 4
6 5 2 4 6 1 7 4 0 7 6 5 2 8 4 3 6 3 3 5
1 8 8 6 3 8 2 3 7 0 8 10 6 1 6 7 2 9 8 5
6 2 5 3 9 6 9 6 6 8 0 4 4 9 9 9 8 4 8 10
9 3 3 5 10 4 11 7 5 10 4 0 4 11 9 8 10 1 7 10
5 3 2 1 6 3 7 3 2 6 4 4 0 7 5 5 6 3 5 6
3 9 9 7 2 8 1 4 8 1 9 11 7 0 5 7 2 10 8 5
5 8 6 6 3 4 5 4 4 6 9 9 5 5 0 1 3 7 3 1
6 8 5 6 4 4 6 5 3 7 9 8 5 7 1 0 5 7 2 2
3 8 7 6 1 7 1 3 6 2 8 10 6 2 3 5 0 9 6 3
8 3 2 4 9 3 10 6 3 9 4 1 3 10 7 7 9 0 6 8
7 7 4 6 6 3 7 5 3 8 8 7 5 8 3 2 6 6 0 4
5 9 7 7 3 6 4 4 5 5 10 10 6 5 1 2 3 8 4 0
,
0 46 49 18 12 19 8 13 20 9 19 47 22 10 36 16 16 36 22 38
48 0 24 8 44 17 69 37 33 21 14 7 17 70 31 30 41 16 49 51
34 15 0 16 30 5 48 20 13 29 22 18 8 41 27 15 25 11 27 25
23 17 8 0 43 16 25 13 18 18 13 32 8 26 21 29 36 9 39 18
21 28 35 21 0 27 7 26 17 10 53 76 40 17 13 21 5 64 35 10
35 34 9 25 49 0 57 21 5 53 26 21 9 38 32 28 40 11 10 21
20 48 51 28 6 21 0 10 24 11 65 64 29 3 22 33 5 49 45 14
7 41 26 23 21 30 22 0 26 13 42 26 22 17 13 32 10 15 31 31
21 36 14 25 39 4 30 28 0 45 25 24 17 51 21 25 19 21 9 16
8 33 23 34 21 22 14 14 33 0 27 59 25 6 18 17 10 47 22 38
21 8 20 16 38 30 44 17 35 51 0 20 10 30 62 36 32 20 29 35
51 17 11 31 34 17 36 27 29 62 13 0 20 52 23 22 28 9 31 27
22 18 8 8 46 13 35 23 9 25 9 26 0 25 36 21 21 14 34 29
13 30 37 42 16 28 3 23 31 8 61 59 33 0 34 38 13 68 38 23
16 29 32 36 20 19 34 22 21 41 31 37 15 24 0 9 14 49 9 8
42 37 24 30 17 10 30 29 9 24 28 27 29 33 5 0 34 40 11 9
8 34 39 27 4 34 8 12 16 14 40 37 28 6 11 26 0 50 36 14
57 9 9 13 44 14 61 37 10 41 33 10 17 33 24 36 55 0 29 27
40 41 31 37 30 20 22 28 13 53 35 34 35 30 9 12 33 15 0 25
32 24 41 24 9 32 26 11 15 29 57 31 17 20 8 9 17 55 26 0