4
20
,
0 (10.0, 22.0) 28.0
1 (33.0, 47.0) 17.0
2 (41.0, 33.0) 12.0
3 (26.0, 36.0) 12.0
4 (15.0, 5.0) 21.0
5 (42.0, 26.0) 28.0
6 (8.0, 7.0) 11.0
7 (19.0, 22.0) 15.0
8 (39.0, 24.0) 48.0
9 (5.0, 17.0) 20.0
10 (24.0, 50.0) 16.0
11 (46.0, 47.0) 36.0
12 (31.0, 33.0) 15.0
13 (4.0, 10.0) 37.0
14 (31.0, 7.0) 48.0
15 (37.0, 7.0) 42.0
16 (14.0, 9.0) 44.0
17 (44.0, 40.0) 11.0
18 (43.0, 12.0) 21.0
19 (28.0, 2.0) 10.0
,
0 7 7 4 4 6 3 2 6 1 6 9 5 3 5 6 3 8 7 5
7 0 3 3 9 5 9 6 5 8 2 3 3 9 8 8 8 3 7 9
7 3 0 3 8 1 8 5 2 8 5 3 2 9 6 5 7 2 4 7
4 3 3 0 7 4 7 3 4 6 3 5 1 7 6 6 6 4 6 7
4 9 8 7 0 7 1 3 6 3 9 10 6 2 3 4 1 9 6 3
6 5 1 4 7 0 8 5 1 8 6 4 3 8 4 4 7 3 3 6
3 9 8 7 1 8 0 4 7 2 9 11 7 1 5 6 1 10 7 4
2 6 5 3 3 5 4 0 4 3 6 7 3 4 4 5 3 6 5 4
6 5 2 4 6 1 7 4 0 7 6 5 2 8 4 3 6 3 3 5
1 8 8 6 3 8 2 3 7 0 8 10 6 1 6 7 2 9 8 5
6 2 5 3 9 6 9 6 6 8 0 4 4 9 9 9 8 4 8 10
9 3 3 5 10 4 11 7 5 10 4 0 4 11 9 8 10 1 7 10
5 3 2 1 6 3 7 3 2 6 4 4 0 7 5 5 6 3 5 6
3 9 9 7 2 8 1 4 8 1 9 11 7 0 5 7 2 10 8 5
5 8 6 6 3 4 5 4 4 6 9 9 5 5 0 1 3 7 3 1
6 8 5 6 4 4 6 5 3 7 9 8 5 7 1 0 5 7 2 2
3 8 7 6 1 7 1 3 6 2 8 10 6 2 3 5 0 9 6 3
8 3 2 4 9 3 10 6 3 9 4 1 3 10 7 7 9 0 6 8
7 7 4 6 6 3 7 5 3 8 8 7 5 8 3 2 6 6 0 4
5 9 7 7 3 6 4 4 5 5 10 10 6 5 1 2 3 8 4 0
,
0 19 31 25 22 30 21 11 26 8 31 65 16 16 33 41 10 33 19 32
27 0 21 7 33 24 42 43 32 52 9 17 10 68 53 36 62 15 45 53
36 18 0 19 32 9 60 13 11 24 28 12 11 23 36 16 25 8 23 38
23 9 13 0 36 18 24 10 26 22 7 31 8 51 34 20 26 22 31 37
17 46 24 48 0 30 8 11 42 19 43 63 47 9 13 13 3 25 29 12
33 31 10 13 39 0 47 24 4 47 31 32 18 42 29 24 25 14 13 22
16 58 36 40 11 38 0 26 40 6 25 45 42 3 33 31 4 53 43 12
11 20 28 15 24 28 20 0 14 16 27 20 8 25 19 15 17 31 30 33
42 31 11 22 23 4 37 22 0 31 38 25 11 55 25 15 32 15 19 36
7 46 41 39 18 46 5 20 35 0 24 59 44 5 20 39 8 26 42 35
46 11 19 18 31 39 63 36 21 53 0 21 23 48 63 37 29 13 59 52
56 19 12 31 27 23 63 30 34 60 26 0 27 80 37 33 27 10 38 58
23 18 15 8 19 10 43 22 9 34 12 12 0 46 26 14 17 11 27 25
16 24 34 41 14 26 7 12 39 11 43 37 47 0 20 37 15 49 58 17
29 44 41 39 11 26 23 29 12 19 54 42 26 16 0 9 15 31 10 4
26 51 30 37 12 22 27 17 16 33 58 25 25 41 5 0 29 25 10 11
17 32 47 44 3 20 5 11 38 17 21 69 40 13 11 34 0 42 24 18
53 14 9 19 68 8 65 21 16 53 11 11 11 61 47 48 54 0 41 23
34 32 27 25 22 12 28 25 19 36 41 28 25 57 7 11 21 14 0 10
27 52 34 26 7 30 14 25 15 40 63 38 31 17 4 8 21 43 23 0