4
20
,
0 (10.0, 22.0) 27.0
1 (33.0, 47.0) 32.0
2 (41.0, 33.0) 17.0
3 (26.0, 36.0) 14.0
4 (15.0, 5.0) 16.0
5 (42.0, 26.0) 37.0
6 (8.0, 7.0) 11.0
7 (19.0, 22.0) 16.0
8 (39.0, 24.0) 14.0
9 (5.0, 17.0) 26.0
10 (24.0, 50.0) 25.0
11 (46.0, 47.0) 19.0
12 (31.0, 33.0) 34.0
13 (4.0, 10.0) 32.0
14 (31.0, 7.0) 40.0
15 (37.0, 7.0) 15.0
16 (14.0, 9.0) 10.0
17 (44.0, 40.0) 28.0
18 (43.0, 12.0) 49.0
19 (28.0, 2.0) 44.0
,
0 7 7 4 4 6 3 2 6 1 6 9 5 3 5 6 3 8 7 5
7 0 3 3 9 5 9 6 5 8 2 3 3 9 8 8 8 3 7 9
7 3 0 3 8 1 8 5 2 8 5 3 2 9 6 5 7 2 4 7
4 3 3 0 7 4 7 3 4 6 3 5 1 7 6 6 6 4 6 7
4 9 8 7 0 7 1 3 6 3 9 10 6 2 3 4 1 9 6 3
6 5 1 4 7 0 8 5 1 8 6 4 3 8 4 4 7 3 3 6
3 9 8 7 1 8 0 4 7 2 9 11 7 1 5 6 1 10 7 4
2 6 5 3 3 5 4 0 4 3 6 7 3 4 4 5 3 6 5 4
6 5 2 4 6 1 7 4 0 7 6 5 2 8 4 3 6 3 3 5
1 8 8 6 3 8 2 3 7 0 8 10 6 1 6 7 2 9 8 5
6 2 5 3 9 6 9 6 6 8 0 4 4 9 9 9 8 4 8 10
9 3 3 5 10 4 11 7 5 10 4 0 4 11 9 8 10 1 7 10
5 3 2 1 6 3 7 3 2 6 4 4 0 7 5 5 6 3 5 6
3 9 9 7 2 8 1 4 8 1 9 11 7 0 5 7 2 10 8 5
5 8 6 6 3 4 5 4 4 6 9 9 5 5 0 1 3 7 3 1
6 8 5 6 4 4 6 5 3 7 9 8 5 7 1 0 5 7 2 2
3 8 7 6 1 7 1 3 6 2 8 10 6 2 3 5 0 9 6 3
8 3 2 4 9 3 10 6 3 9 4 1 3 10 7 7 9 0 6 8
7 7 4 6 6 3 7 5 3 8 8 7 5 8 3 2 6 6 0 4
5 9 7 7 3 6 4 4 5 5 10 10 6 5 1 2 3 8 4 0
,
0 48 18 24 16 35 13 10 43 7 45 43 13 13 36 29 17 43 35 32
44 0 23 15 38 16 38 43 30 32 9 8 8 55 37 53 21 11 28 65
46 18 0 17 24 9 38 32 6 44 31 18 8 22 29 34 34 5 14 47
16 16 17 0 20 16 29 18 15 15 17 33 6 27 24 42 20 9 15 40
9 29 49 17 0 41 4 19 33 16 64 45 21 10 23 20 5 43 36 10
23 25 7 16 50 0 54 30 2 43 27 31 13 44 28 16 39 16 16 19
21 35 29 46 9 29 0 22 30 8 33 43 25 4 21 30 7 42 23 16
9 37 36 18 13 29 27 0 20 16 19 24 20 12 18 33 12 23 24 29
34 20 10 11 24 2 50 14 0 23 44 20 7 56 27 10 27 15 16 23
8 52 48 15 20 22 12 21 31 0 22 54 42 10 25 42 11 61 56 23
16 9 25 12 47 40 58 26 28 23 0 21 24 57 30 36 31 19 48 40
56 9 19 18 41 18 69 55 29 64 18 0 20 71 24 23 66 4 33 53
20 20 9 5 47 16 37 11 14 33 24 25 0 20 15 14 33 14 34 22
13 26 28 31 12 42 3 28 32 5 30 55 31 0 22 19 8 63 43 26
20 40 33 25 11 14 25 29 13 30 53 35 31 37 0 6 22 44 11 5
41 29 21 16 12 28 30 35 22 22 53 51 25 29 7 0 33 49 8 8
20 38 46 15 3 34 5 19 29 11 62 63 16 15 10 14 0 51 28 21
48 10 9 15 43 13 43 46 22 35 18 6 15 30 29 49 43 0 35 32
50 52 24 43 21 14 48 38 13 28 39 40 15 45 9 4 42 42 0 26
24 26 20 28 10 35 18 30 21 22 60 58 38 33 3 13 16 40 23 0