4
20
,
0 (10.0, 22.0) 16.0
1 (33.0, 47.0) 10.0
2 (41.0, 33.0) 37.0
3 (26.0, 36.0) 15.0
4 (15.0, 5.0) 27.0
5 (42.0, 26.0) 21.0
6 (8.0, 7.0) 17.0
7 (19.0, 22.0) 15.0
8 (39.0, 24.0) 19.0
9 (5.0, 17.0) 16.0
10 (24.0, 50.0) 32.0
11 (46.0, 47.0) 45.0
12 (31.0, 33.0) 46.0
13 (4.0, 10.0) 36.0
14 (31.0, 7.0) 18.0
15 (37.0, 7.0) 24.0
16 (14.0, 9.0) 36.0
17 (44.0, 40.0) 11.0
18 (43.0, 12.0) 15.0
19 (28.0, 2.0) 24.0
,
0 7 7 4 4 6 3 2 6 1 6 9 5 3 5 6 3 8 7 5
7 0 3 3 9 5 9 6 5 8 2 3 3 9 8 8 8 3 7 9
7 3 0 3 8 1 8 5 2 8 5 3 2 9 6 5 7 2 4 7
4 3 3 0 7 4 7 3 4 6 3 5 1 7 6 6 6 4 6 7
4 9 8 7 0 7 1 3 6 3 9 10 6 2 3 4 1 9 6 3
6 5 1 4 7 0 8 5 1 8 6 4 3 8 4 4 7 3 3 6
3 9 8 7 1 8 0 4 7 2 9 11 7 1 5 6 1 10 7 4
2 6 5 3 3 5 4 0 4 3 6 7 3 4 4 5 3 6 5 4
6 5 2 4 6 1 7 4 0 7 6 5 2 8 4 3 6 3 3 5
1 8 8 6 3 8 2 3 7 0 8 10 6 1 6 7 2 9 8 5
6 2 5 3 9 6 9 6 6 8 0 4 4 9 9 9 8 4 8 10
9 3 3 5 10 4 11 7 5 10 4 0 4 11 9 8 10 1 7 10
5 3 2 1 6 3 7 3 2 6 4 4 0 7 5 5 6 3 5 6
3 9 9 7 2 8 1 4 8 1 9 11 7 0 5 7 2 10 8 5
5 8 6 6 3 4 5 4 4 6 9 9 5 5 0 1 3 7 3 1
6 8 5 6 4 4 6 5 3 7 9 8 5 7 1 0 5 7 2 2
3 8 7 6 1 7 1 3 6 2 8 10 6 2 3 5 0 9 6 3
8 3 2 4 9 3 10 6 3 9 4 1 3 10 7 7 9 0 6 8
7 7 4 6 6 3 7 5 3 8 8 7 5 8 3 2 6 6 0 4
5 9 7 7 3 6 4 4 5 5 10 10 6 5 1 2 3 8 4 0
,
0 25 38 28 13 29 19 5 19 7 19 34 14 13 38 35 7 29 50 16
36 0 18 9 60 12 38 19 17 48 8 19 21 61 52 51 28 17 32 25
18 10 0 23 41 6 45 13 8 47 32 17 12 48 23 37 32 7 21 27
15 12 18 0 35 19 36 20 21 17 14 27 7 23 43 23 36 21 19 34
18 27 25 34 0 29 9 26 29 18 55 73 39 13 13 25 3 64 15 14
39 19 8 11 31 0 30 31 3 32 15 25 12 40 26 22 46 16 16 16
21 68 47 19 8 55 0 13 23 11 50 76 19 7 12 36 5 35 32 26
12 40 27 18 12 25 21 0 15 10 14 31 13 27 22 33 9 16 16 20
42 27 14 19 16 5 47 21 0 51 34 36 9 41 28 9 24 10 15 14
10 23 34 16 17 47 15 17 43 0 42 52 37 4 27 39 10 64 45 16
17 6 34 10 33 25 31 28 28 22 0 15 16 66 53 27 35 20 47 28
62 8 20 19 52 21 65 45 36 62 13 0 18 59 61 43 47 8 43 64
20 15 13 4 19 12 35 19 14 22 22 20 0 25 21 32 33 13 16 23
13 28 63 46 12 49 4 22 31 9 52 51 18 0 33 30 11 32 47 22
16 47 28 16 17 30 24 14 26 30 29 47 20 28 0 5 26 49 7 6
35 34 14 25 23 26 39 26 17 49 55 29 30 42 8 0 18 26 6 11
17 26 42 39 4 43 5 12 43 8 50 56 21 9 14 14 0 27 27 13
37 12 8 21 39 19 65 43 14 35 29 5 7 73 38 27 26 0 16 52
23 25 22 16 20 10 48 26 12 34 27 21 34 50 15 5 33 24 0 19
20 62 33 30 11 30 21 18 31 14 45 48 45 27 5 15 22 30 12 0