4
20
,
0 (10.0, 22.0) 21.0
1 (33.0, 47.0) 20.0
2 (41.0, 33.0) 47.0
3 (26.0, 36.0) 15.0
4 (15.0, 5.0) 15.0
5 (42.0, 26.0) 15.0
6 (8.0, 7.0) 23.0
7 (19.0, 22.0) 20.0
8 (39.0, 24.0) 11.0
9 (5.0, 17.0) 42.0
10 (24.0, 50.0) 12.0
11 (46.0, 47.0) 21.0
12 (31.0, 33.0) 17.0
13 (4.0, 10.0) 14.0
14 (31.0, 7.0) 19.0
15 (37.0, 7.0) 28.0
16 (14.0, 9.0) 34.0
17 (44.0, 40.0) 29.0
18 (43.0, 12.0) 13.0
19 (28.0, 2.0) 28.0
,
0 7 7 4 4 6 3 2 6 1 6 9 5 3 5 6 3 8 7 5
7 0 3 3 9 5 9 6 5 8 2 3 3 9 8 8 8 3 7 9
7 3 0 3 8 1 8 5 2 8 5 3 2 9 6 5 7 2 4 7
4 3 3 0 7 4 7 3 4 6 3 5 1 7 6 6 6 4 6 7
4 9 8 7 0 7 1 3 6 3 9 10 6 2 3 4 1 9 6 3
6 5 1 4 7 0 8 5 1 8 6 4 3 8 4 4 7 3 3 6
3 9 8 7 1 8 0 4 7 2 9 11 7 1 5 6 1 10 7 4
2 6 5 3 3 5 4 0 4 3 6 7 3 4 4 5 3 6 5 4
6 5 2 4 6 1 7 4 0 7 6 5 2 8 4 3 6 3 3 5
1 8 8 6 3 8 2 3 7 0 8 10 6 1 6 7 2 9 8 5
6 2 5 3 9 6 9 6 6 8 0 4 4 9 9 9 8 4 8 10
9 3 3 5 10 4 11 7 5 10 4 0 4 11 9 8 10 1 7 10
5 3 2 1 6 3 7 3 2 6 4 4 0 7 5 5 6 3 5 6
3 9 9 7 2 8 1 4 8 1 9 11 7 0 5 7 2 10 8 5
5 8 6 6 3 4 5 4 4 6 9 9 5 5 0 1 3 7 3 1
6 8 5 6 4 4 6 5 3 7 9 8 5 7 1 0 5 7 2 2
3 8 7 6 1 7 1 3 6 2 8 10 6 2 3 5 0 9 6 3
8 3 2 4 9 3 10 6 3 9 4 1 3 10 7 7 9 0 6 8
7 7 4 6 6 3 7 5 3 8 8 7 5 8 3 2 6 6 0 4
5 9 7 7 3 6 4 4 5 5 10 10 6 5 1 2 3 8 4 0
,
0 20 20 12 25 22 13 9 39 5 39 23 32 12 32 33 8 22 30 18
50 0 10 13 35 21 39 38 29 47 5 9 19 31 25 24 30 8 28 32
34 12 0 21 43 4 49 14 11 41 22 13 12 38 38 24 40 7 21 36
24 14 20 0 42 27 31 15 21 28 17 27 8 18 26 29 22 18 34 35
17 44 33 19 0 48 6 26 43 23 57 26 18 18 23 32 6 34 26 15
16 13 4 24 41 0 42 16 4 47 40 18 16 26 25 18 47 14 13 18
10 45 37 34 9 54 0 23 32 12 38 68 43 5 31 29 5 55 51 15
5 42 21 12 12 21 22 0 19 10 33 26 18 27 24 31 12 37 34 16
33 23 12 15 34 3 19 13 0 35 36 24 12 47 26 20 31 21 17 23
9 22 33 38 17 27 10 18 41 0 55 27 22 6 32 17 16 26 28 26
19 6 13 7 69 17 36 26 17 54 0 30 21 63 25 66 29 15 61 34
36 15 20 31 32 29 79 48 32 31 23 0 12 53 53 56 74 11 39 33
15 7 10 8 29 11 26 15 16 28 27 23 0 28 38 20 41 15 16 27
14 31 27 24 8 48 6 18 33 11 63 45 23 0 31 43 10 41 33 18
31 27 18 39 11 22 31 17 19 31 39 35 33 34 0 5 9 34 8 4
32 25 25 38 31 18 41 20 12 48 54 28 31 36 8 0 34 38 4 11
15 54 36 36 4 41 6 14 39 7 59 60 22 11 15 24 0 32 31 22
36 18 8 19 28 18 65 43 17 46 32 6 9 65 31 49 27 0 25 36
32 52 25 23 37 13 32 13 16 51 61 19 28 48 15 5 17 34 0 19
28 33 23 25 20 17 27 25 17 30 31 66 33 28 5 14 14 36 26 0