4
20
,
0 (10.0, 22.0) 10.0
1 (33.0, 47.0) 44.0
2 (41.0, 33.0) 32.0
3 (26.0, 36.0) 26.0
4 (15.0, 5.0) 18.0
5 (42.0, 26.0) 40.0
6 (8.0, 7.0) 34.0
7 (19.0, 22.0) 33.0
8 (39.0, 24.0) 18.0
9 (5.0, 17.0) 49.0
10 (24.0, 50.0) 11.0
11 (46.0, 47.0) 47.0
12 (31.0, 33.0) 37.0
13 (4.0, 10.0) 43.0
14 (31.0, 7.0) 40.0
15 (37.0, 7.0) 28.0
16 (14.0, 9.0) 20.0
17 (44.0, 40.0) 18.0
18 (43.0, 12.0) 24.0
19 (28.0, 2.0) 21.0
,
0 7 7 4 4 6 3 2 6 1 6 9 5 3 5 6 3 8 7 5
7 0 3 3 9 5 9 6 5 8 2 3 3 9 8 8 8 3 7 9
7 3 0 3 8 1 8 5 2 8 5 3 2 9 6 5 7 2 4 7
4 3 3 0 7 4 7 3 4 6 3 5 1 7 6 6 6 4 6 7
4 9 8 7 0 7 1 3 6 3 9 10 6 2 3 4 1 9 6 3
6 5 1 4 7 0 8 5 1 8 6 4 3 8 4 4 7 3 3 6
3 9 8 7 1 8 0 4 7 2 9 11 7 1 5 6 1 10 7 4
2 6 5 3 3 5 4 0 4 3 6 7 3 4 4 5 3 6 5 4
6 5 2 4 6 1 7 4 0 7 6 5 2 8 4 3 6 3 3 5
1 8 8 6 3 8 2 3 7 0 8 10 6 1 6 7 2 9 8 5
6 2 5 3 9 6 9 6 6 8 0 4 4 9 9 9 8 4 8 10
9 3 3 5 10 4 11 7 5 10 4 0 4 11 9 8 10 1 7 10
5 3 2 1 6 3 7 3 2 6 4 4 0 7 5 5 6 3 5 6
3 9 9 7 2 8 1 4 8 1 9 11 7 0 5 7 2 10 8 5
5 8 6 6 3 4 5 4 4 6 9 9 5 5 0 1 3 7 3 1
6 8 5 6 4 4 6 5 3 7 9 8 5 7 1 0 5 7 2 2
3 8 7 6 1 7 1 3 6 2 8 10 6 2 3 5 0 9 6 3
8 3 2 4 9 3 10 6 3 9 4 1 3 10 7 7 9 0 6 8
7 7 4 6 6 3 7 5 3 8 8 7 5 8 3 2 6 6 0 4
5 9 7 7 3 6 4 4 5 5 10 10 6 5 1 2 3 8 4 0
,
0 25 31 19 18 24 20 7 32 11 17 56 34 8 34 38 14 39 45 35
48 0 15 11 29 21 62 29 34 49 6 7 17 42 46 59 30 18 24 51
24 10 0 21 46 11 43 20 6 47 24 9 13 49 40 34 22 4 29 19
12 13 9 0 40 15 34 19 26 20 14 23 3 46 37 31 38 11 18 26
21 53 30 45 0 36 6 12 26 16 66 29 28 12 14 13 2 42 30 10
18 29 8 21 20 0 54 33 2 48 30 17 18 24 14 12 27 8 7 34
8 28 56 50 7 27 0 28 27 7 25 81 24 5 20 39 7 47 37 26
7 31 30 15 21 31 22 0 21 10 19 54 22 29 19 25 19 36 17 17
23 26 12 12 33 3 20 17 0 31 40 21 9 23 17 11 19 16 7 26
6 40 29 22 16 42 10 20 40 0 42 28 16 8 30 37 7 26 43 24
25 13 29 9 44 36 37 40 33 29 0 16 22 49 56 65 50 26 25 61
42 13 12 32 45 11 72 24 32 72 33 0 26 50 59 47 72 5 44 68
20 10 14 8 26 17 45 13 14 40 27 19 0 43 38 15 39 15 18 45
9 33 23 26 6 56 3 14 44 6 38 82 43 0 40 34 7 39 33 22
30 54 18 41 22 23 21 21 14 38 63 34 15 19 0 8 20 46 11 7
33 46 28 20 14 14 41 22 17 22 66 52 18 37 7 0 13 48 8 10
18 54 50 20 5 41 4 13 40 7 43 47 16 13 17 12 0 48 16 10
30 15 5 20 68 10 45 34 19 38 19 6 17 69 40 24 57 0 17 58
46 23 23 22 15 10 39 20 9 46 22 31 33 26 11 8 25 22 0 21
39 40 37 43 16 27 24 33 21 39 26 39 41 29 5 11 19 31 11 0