2
10
,
0 (28.0, 40.0) 61.0
1 (24.0, 36.0) 73.0
2 (12.0, 31.0) 81.0
3 (50.0, 41.0) 75.0
4 (5.0, 3.0) 34.0
5 (48.0, 14.0) 62.0
6 (18.0, 34.0) 48.0
7 (6.0, 1.0) 62.0
8 (8.0, 16.0) 54.0
9 (37.0, 33.0) 39.0
,
0 24 22 17 32 3 25 19 3 9 25 0
24 0 3 9 11 22 16 6 22 16 6 24
22 3 0 6 13 19 16 3 20 13 7 22
17 9 6 0 20 14 20 3 15 8 13 17
32 11 13 20 0 29 14 16 30 24 8 32
3 22 19 14 29 0 22 17 1 7 22 3
25 16 16 20 14 22 0 18 22 20 11 25
19 6 3 3 16 17 18 0 18 10 10 19
3 22 20 15 30 1 22 18 0 8 22 3
9 16 13 8 24 7 20 10 8 0 17 9
25 6 7 13 8 22 11 10 22 17 0 25
0 24 22 17 32 3 25 19 3 9 25 0
,
0 31 60 44 63 8 59 51 5 26 58 0
47 0 5 27 23 45 49 13 40 30 10 28
40 3 0 14 17 25 23 7 37 19 10 33
36 16 14 0 38 40 43 7 21 16 15 39
62 18 34 39 0 35 26 23 64 39 17 93
5 58 46 21 80 0 43 24 2 10 27 3
73 18 19 40 26 36 0 35 25 55 12 62
54 14 4 6 45 29 39 0 22 18 12 43
6 45 43 23 37 2 54 51 0 21 57 5
21 24 31 12 57 13 54 14 21 0 27 12
66 6 12 33 10 24 15 11 41 48 0 72
0 35 40 47 95 9 43 52 7 12 57 0