2
10
,
0 (28.0, 40.0) 70.0
1 (24.0, 36.0) 36.0
2 (12.0, 31.0) 31.0
3 (50.0, 41.0) 43.0
4 (5.0, 3.0) 40.0
5 (48.0, 14.0) 66.0
6 (18.0, 34.0) 48.0
7 (6.0, 1.0) 30.0
8 (8.0, 16.0) 40.0
9 (37.0, 33.0) 44.0
,
0 24 22 17 32 3 25 19 3 9 25 0
24 0 3 9 11 22 16 6 22 16 6 24
22 3 0 6 13 19 16 3 20 13 7 22
17 9 6 0 20 14 20 3 15 8 13 17
32 11 13 20 0 29 14 16 30 24 8 32
3 22 19 14 29 0 22 17 1 7 22 3
25 16 16 20 14 22 0 18 22 20 11 25
19 6 3 3 16 17 18 0 18 10 10 19
3 22 20 15 30 1 22 18 0 8 22 3
9 16 13 8 24 7 20 10 8 0 17 9
25 6 7 13 8 22 11 10 22 17 0 25
0 24 22 17 32 3 25 19 3 9 25 0
,
0 32 34 32 45 4 39 45 6 10 72 0
70 0 8 23 26 27 21 9 35 36 17 50
39 3 0 18 35 41 47 3 54 36 10 25
27 10 14 0 56 36 54 10 34 11 31 46
47 32 35 53 0 58 31 46 42 70 8 58
5 55 23 35 82 0 39 18 2 16 23 7
59 25 20 35 17 60 0 41 29 55 24 61
46 7 6 9 21 40 43 0 37 27 23 37
6 60 25 34 53 3 42 22 0 14 32 8
23 19 34 11 60 8 33 31 16 0 50 24
35 6 14 23 19 46 29 11 31 32 0 70
0 69 62 39 78 7 53 24 6 25 55 0