2
10
,
0 (28.0, 40.0) 80.0
1 (24.0, 36.0) 79.0
2 (12.0, 31.0) 75.0
3 (50.0, 41.0) 37.0
4 (5.0, 3.0) 34.0
5 (48.0, 14.0) 63.0
6 (18.0, 34.0) 65.0
7 (6.0, 1.0) 61.0
8 (8.0, 16.0) 42.0
9 (37.0, 33.0) 53.0
,
0 24 22 17 32 3 25 19 3 9 25 0
24 0 3 9 11 22 16 6 22 16 6 24
22 3 0 6 13 19 16 3 20 13 7 22
17 9 6 0 20 14 20 3 15 8 13 17
32 11 13 20 0 29 14 16 30 24 8 32
3 22 19 14 29 0 22 17 1 7 22 3
25 16 16 20 14 22 0 18 22 20 11 25
19 6 3 3 16 17 18 0 18 10 10 19
3 22 20 15 30 1 22 18 0 8 22 3
9 16 13 8 24 7 20 10 8 0 17 9
25 6 7 13 8 22 11 10 22 17 0 25
0 24 22 17 32 3 25 19 3 9 25 0
,
0 38 51 48 72 4 26 36 7 18 58 0
71 0 4 12 15 26 25 10 46 44 17 34
58 5 0 12 24 27 41 5 37 26 18 42
19 18 11 0 29 23 51 8 37 16 28 41
69 23 34 30 0 53 18 40 52 50 11 36
5 61 27 38 37 0 65 42 1 14 30 4
68 18 31 29 40 39 0 28 25 25 31 61
48 6 4 8 23 36 42 0 31 14 25 29
6 33 37 25 59 3 45 27 0 13 66 5
12 42 33 21 29 14 48 18 11 0 35 20
65 17 17 29 14 36 31 12 50 21 0 64
0 39 51 31 49 4 26 26 4 17 32 0