2
10
,
0 (28.0, 40.0) 52.0
1 (24.0, 36.0) 74.0
2 (12.0, 31.0) 72.0
3 (50.0, 41.0) 50.0
4 (5.0, 3.0) 58.0
5 (48.0, 14.0) 54.0
6 (18.0, 34.0) 37.0
7 (6.0, 1.0) 50.0
8 (8.0, 16.0) 46.0
9 (37.0, 33.0) 62.0
,
0 24 22 17 32 3 25 19 3 9 25 0
24 0 3 9 11 22 16 6 22 16 6 24
22 3 0 6 13 19 16 3 20 13 7 22
17 9 6 0 20 14 20 3 15 8 13 17
32 11 13 20 0 29 14 16 30 24 8 32
3 22 19 14 29 0 22 17 1 7 22 3
25 16 16 20 14 22 0 18 22 20 11 25
19 6 3 3 16 17 18 0 18 10 10 19
3 22 20 15 30 1 22 18 0 8 22 3
9 16 13 8 24 7 20 10 8 0 17 9
25 6 7 13 8 22 11 10 22 17 0 25
0 24 22 17 32 3 25 19 3 9 25 0
,
0 66 65 20 65 8 42 36 4 11 47 0
25 0 8 15 23 57 26 10 66 24 16 71
46 8 0 8 20 23 48 7 43 21 15 29
47 25 14 0 23 23 56 7 18 21 35 28
63 17 36 50 0 74 32 31 46 50 18 81
4 62 28 38 32 0 23 36 3 14 61 3
41 34 24 44 25 42 0 41 39 40 13 35
45 9 8 4 24 47 54 0 37 13 21 34
7 60 30 43 53 2 24 39 0 19 34 6
12 36 32 17 29 19 58 31 10 0 24 24
49 17 9 21 21 49 26 24 65 19 0 39
0 30 24 33 57 8 64 57 4 22 34 0