2
10
,
0 (26.0, 1.0) 24.0
1 (37.0, 23.0) 46.0
2 (17.0, 8.0) 36.0
3 (0.0, 32.0) 19.0
4 (3.0, 48.0) 10.0
5 (33.0, 10.0) 13.0
6 (31.0, 46.0) 46.0
7 (17.0, 25.0) 49.0
8 (46.0, 37.0) 41.0
9 (34.0, 34.0) 36.0
,
0 5 2 8 10 2 9 5 8 7
5 0 5 8 8 3 5 4 3 2
2 5 0 6 8 3 8 3 8 6
8 8 6 0 3 8 7 4 9 7
10 8 8 3 0 10 6 5 9 7
2 3 3 8 10 0 7 4 6 5
9 5 8 7 6 7 0 5 3 2
5 4 3 4 5 4 5 0 6 4
8 3 8 9 9 6 3 6 0 2
7 2 6 7 7 5 2 4 2 0
,
0 17 10 25 36 8 29 13 35 38
20 0 22 25 61 9 27 18 16 15
15 25 0 39 61 17 24 22 42 32
43 34 19 0 11 36 51 19 57 30
45 28 27 17 0 60 26 36 32 45
10 16 21 23 31 0 50 16 23 14
29 31 59 30 21 22 0 19 19 17
24 18 13 22 20 13 20 0 38 18
54 19 30 54 25 41 25 43 0 9
25 9 45 41 36 22 8 10 15 0