2
10
,
0 (26.0, 1.0) 40.0
1 (37.0, 23.0) 11.0
2 (17.0, 8.0) 21.0
3 (0.0, 32.0) 21.0
4 (3.0, 48.0) 42.0
5 (33.0, 10.0) 18.0
6 (31.0, 46.0) 50.0
7 (17.0, 25.0) 43.0
8 (46.0, 37.0) 11.0
9 (34.0, 34.0) 43.0
,
0 5 2 8 10 2 9 5 8 7
5 0 5 8 8 3 5 4 3 2
2 5 0 6 8 3 8 3 8 6
8 8 6 0 3 8 7 4 9 7
10 8 8 3 0 10 6 5 9 7
2 3 3 8 10 0 7 4 6 5
9 5 8 7 6 7 0 5 3 2
5 4 3 4 5 4 5 0 6 4
8 3 8 9 9 6 3 6 0 2
7 2 6 7 7 5 2 4 2 0
,
0 21 16 21 40 7 36 29 45 24
35 0 34 29 62 17 16 25 9 15
14 17 0 31 27 15 59 16 41 41
52 37 29 0 19 50 46 16 52 44
46 48 53 24 0 65 26 25 56 26
9 12 17 43 49 0 39 31 27 25
55 15 21 18 34 53 0 36 16 15
36 13 17 12 14 28 25 0 17 20
60 23 24 49 39 44 16 35 0 17
18 8 40 22 34 21 12 11 18 0