2
10
,
0 (26.0, 1.0) 17.0
1 (37.0, 23.0) 44.0
2 (17.0, 8.0) 17.0
3 (0.0, 32.0) 11.0
4 (3.0, 48.0) 18.0
5 (33.0, 10.0) 15.0
6 (31.0, 46.0) 20.0
7 (17.0, 25.0) 26.0
8 (46.0, 37.0) 29.0
9 (34.0, 34.0) 38.0
,
0 5 2 8 10 2 9 5 8 7
5 0 5 8 8 3 5 4 3 2
2 5 0 6 8 3 8 3 8 6
8 8 6 0 3 8 7 4 9 7
10 8 8 3 0 10 6 5 9 7
2 3 3 8 10 0 7 4 6 5
9 5 8 7 6 7 0 5 3 2
5 4 3 4 5 4 5 0 6 4
8 3 8 9 9 6 3 6 0 2
7 2 6 7 7 5 2 4 2 0
,
0 19 11 50 71 12 24 37 40 47
27 0 22 29 35 8 26 12 13 10
7 33 0 28 57 10 46 24 49 29
25 50 34 0 19 26 44 17 42 48
60 57 59 23 0 61 32 28 49 48
13 16 17 51 40 0 42 31 34 36
61 25 45 28 36 41 0 27 9 8
24 24 10 27 15 13 24 0 21 12
62 20 34 68 45 37 23 29 0 18
30 10 25 23 30 26 18 20 17 0