2
10
,
0 (26.0, 1.0) 25.0
1 (37.0, 23.0) 17.0
2 (17.0, 8.0) 36.0
3 (0.0, 32.0) 13.0
4 (3.0, 48.0) 49.0
5 (33.0, 10.0) 11.0
6 (31.0, 46.0) 10.0
7 (17.0, 25.0) 32.0
8 (46.0, 37.0) 38.0
9 (34.0, 34.0) 11.0
,
0 5 2 8 10 2 9 5 8 7
5 0 5 8 8 3 5 4 3 2
2 5 0 6 8 3 8 3 8 6
8 8 6 0 3 8 7 4 9 7
10 8 8 3 0 10 6 5 9 7
2 3 3 8 10 0 7 4 6 5
9 5 8 7 6 7 0 5 3 2
5 4 3 4 5 4 5 0 6 4
8 3 8 9 9 6 3 6 0 2
7 2 6 7 7 5 2 4 2 0
,
0 35 9 59 67 6 27 38 28 43
14 0 36 36 22 20 22 25 20 12
13 32 0 42 36 15 50 13 55 42
49 44 18 0 16 41 27 14 27 30
69 24 23 20 0 50 35 19 58 21
8 15 8 55 63 0 42 19 44 15
32 19 60 50 33 37 0 19 26 17
37 21 18 12 20 18 16 0 37 24
61 18 21 34 39 34 16 44 0 10
22 17 27 47 18 34 10 18 11 0