2
10
,
0 (26.0, 1.0) 38.0
1 (37.0, 23.0) 12.0
2 (17.0, 8.0) 11.0
3 (0.0, 32.0) 37.0
4 (3.0, 48.0) 21.0
5 (33.0, 10.0) 17.0
6 (31.0, 46.0) 19.0
7 (17.0, 25.0) 34.0
8 (46.0, 37.0) 29.0
9 (34.0, 34.0) 15.0
,
0 5 2 8 10 2 9 5 8 7
5 0 5 8 8 3 5 4 3 2
2 5 0 6 8 3 8 3 8 6
8 8 6 0 3 8 7 4 9 7
10 8 8 3 0 10 6 5 9 7
2 3 3 8 10 0 7 4 6 5
9 5 8 7 6 7 0 5 3 2
5 4 3 4 5 4 5 0 6 4
8 3 8 9 9 6 3 6 0 2
7 2 6 7 7 5 2 4 2 0
,
0 15 16 55 28 7 37 25 54 49
15 0 36 52 31 19 31 15 12 9
8 37 0 24 63 18 29 12 25 18
44 22 43 0 13 43 39 15 32 47
32 23 54 22 0 42 42 38 63 34
7 19 9 44 58 0 47 25 43 27
56 22 37 36 21 36 0 32 12 11
24 22 16 16 22 12 32 0 26 26
62 18 36 47 57 36 14 20 0 12
46 12 36 40 29 35 19 29 15 0