2
10
,
0 (26.0, 1.0) 17.0
1 (37.0, 23.0) 13.0
2 (17.0, 8.0) 15.0
3 (0.0, 32.0) 11.0
4 (3.0, 48.0) 34.0
5 (33.0, 10.0) 42.0
6 (31.0, 46.0) 25.0
7 (17.0, 25.0) 11.0
8 (46.0, 37.0) 27.0
9 (34.0, 34.0) 30.0
,
0 5 2 8 10 2 9 5 8 7
5 0 5 8 8 3 5 4 3 2
2 5 0 6 8 3 8 3 8 6
8 8 6 0 3 8 7 4 9 7
10 8 8 3 0 10 6 5 9 7
2 3 3 8 10 0 7 4 6 5
9 5 8 7 6 7 0 5 3 2
5 4 3 4 5 4 5 0 6 4
8 3 8 9 9 6 3 6 0 2
7 2 6 7 7 5 2 4 2 0
,
0 16 7 60 63 10 51 13 60 31
18 0 36 28 33 20 34 19 22 12
7 23 0 42 56 19 60 9 47 31
42 48 24 0 15 29 19 13 48 50
46 43 33 10 0 70 25 36 48 21
7 13 12 28 67 0 35 14 18 13
67 23 58 39 23 41 0 16 24 10
19 22 22 16 37 17 29 0 17 21
50 22 42 61 32 27 16 42 0 14
35 16 22 33 30 32 15 28 16 0