2
10
,
0 (26.0, 1.0) 35.0
1 (37.0, 23.0) 46.0
2 (17.0, 8.0) 11.0
3 (0.0, 32.0) 13.0
4 (3.0, 48.0) 35.0
5 (33.0, 10.0) 40.0
6 (31.0, 46.0) 13.0
7 (17.0, 25.0) 16.0
8 (46.0, 37.0) 29.0
9 (34.0, 34.0) 26.0
,
0 5 2 8 10 2 9 5 8 7
5 0 5 8 8 3 5 4 3 2
2 5 0 6 8 3 8 3 8 6
8 8 6 0 3 8 7 4 9 7
10 8 8 3 0 10 6 5 9 7
2 3 3 8 10 0 7 4 6 5
9 5 8 7 6 7 0 5 3 2
5 4 3 4 5 4 5 0 6 4
8 3 8 9 9 6 3 6 0 2
7 2 6 7 7 5 2 4 2 0
,
0 16 17 59 70 10 53 20 49 20
23 0 27 38 36 13 29 11 24 8
10 31 0 37 32 16 57 15 34 43
21 34 29 0 12 42 48 23 52 27
29 51 53 16 0 43 27 36 54 18
16 18 20 28 70 0 46 12 30 21
33 13 46 36 38 26 0 30 21 11
26 14 19 14 20 30 28 0 18 12
34 10 27 40 62 43 20 28 0 9
49 11 43 49 20 19 7 22 15 0