2
10
,
0 (26.0, 1.0) 18.0
1 (37.0, 23.0) 35.0
2 (17.0, 8.0) 25.0
3 (0.0, 32.0) 38.0
4 (3.0, 48.0) 23.0
5 (33.0, 10.0) 28.0
6 (31.0, 46.0) 40.0
7 (17.0, 25.0) 47.0
8 (46.0, 37.0) 25.0
9 (34.0, 34.0) 38.0
,
0 5 2 8 10 2 9 5 8 7
5 0 5 8 8 3 5 4 3 2
2 5 0 6 8 3 8 3 8 6
8 8 6 0 3 8 7 4 9 7
10 8 8 3 0 10 6 5 9 7
2 3 3 8 10 0 7 4 6 5
9 5 8 7 6 7 0 5 3 2
5 4 3 4 5 4 5 0 6 4
8 3 8 9 9 6 3 6 0 2
7 2 6 7 7 5 2 4 2 0
,
0 14 17 22 78 13 32 17 22 40
22 0 25 30 48 17 15 13 15 16
8 21 0 30 26 13 41 14 47 42
34 39 25 0 12 57 36 14 34 22
44 25 56 22 0 28 18 23 50 29
14 11 11 43 43 0 53 24 23 30
53 35 29 45 37 24 0 22 17 18
13 26 18 13 28 14 19 0 25 15
42 16 27 36 50 33 18 34 0 9
46 10 33 37 40 33 16 12 13 0