2
10
,
0 (26.0, 1.0) 28.0
1 (37.0, 23.0) 11.0
2 (17.0, 8.0) 35.0
3 (0.0, 32.0) 36.0
4 (3.0, 48.0) 10.0
5 (33.0, 10.0) 50.0
6 (31.0, 46.0) 17.0
7 (17.0, 25.0) 14.0
8 (46.0, 37.0) 18.0
9 (34.0, 34.0) 15.0
,
0 5 2 8 10 2 9 5 8 7
5 0 5 8 8 3 5 4 3 2
2 5 0 6 8 3 8 3 8 6
8 8 6 0 3 8 7 4 9 7
10 8 8 3 0 10 6 5 9 7
2 3 3 8 10 0 7 4 6 5
9 5 8 7 6 7 0 5 3 2
5 4 3 4 5 4 5 0 6 4
8 3 8 9 9 6 3 6 0 2
7 2 6 7 7 5 2 4 2 0
,
0 32 13 54 70 11 50 38 42 20
13 0 21 30 22 7 15 23 8 17
9 27 0 37 31 20 21 23 27 35
53 19 41 0 13 58 42 16 24 46
77 54 47 17 0 49 20 16 30 19
15 19 24 42 37 0 19 15 25 16
56 23 53 25 27 53 0 14 24 14
26 29 17 15 32 19 16 0 25 18
57 15 27 28 31 33 19 22 0 17
21 12 23 29 30 21 10 28 7 0