2
10
,
0 (26.0, 1.0) 15.0
1 (37.0, 23.0) 10.0
2 (17.0, 8.0) 12.0
3 (0.0, 32.0) 11.0
4 (3.0, 48.0) 13.0
5 (33.0, 10.0) 29.0
6 (31.0, 46.0) 15.0
7 (17.0, 25.0) 20.0
8 (46.0, 37.0) 33.0
9 (34.0, 34.0) 18.0
,
0 5 2 8 10 2 9 5 8 7
5 0 5 8 8 3 5 4 3 2
2 5 0 6 8 3 8 3 8 6
8 8 6 0 3 8 7 4 9 7
10 8 8 3 0 10 6 5 9 7
2 3 3 8 10 0 7 4 6 5
9 5 8 7 6 7 0 5 3 2
5 4 3 4 5 4 5 0 6 4
8 3 8 9 9 6 3 6 0 2
7 2 6 7 7 5 2 4 2 0
,
0 18 12 43 76 16 51 37 39 43
37 0 35 25 37 13 23 10 20 6
7 18 0 35 55 18 60 19 47 37
35 19 35 0 24 43 49 27 25 18
71 31 42 22 0 25 38 30 32 34
11 12 15 55 63 0 37 33 37 17
42 12 24 22 36 24 0 24 16 7
38 17 13 11 39 30 29 0 29 22
43 9 39 30 46 41 24 19 0 12
32 13 44 34 27 13 9 20 9 0