2
10
,
0 (26.0, 1.0) 21.0
1 (37.0, 23.0) 10.0
2 (17.0, 8.0) 48.0
3 (0.0, 32.0) 22.0
4 (3.0, 48.0) 19.0
5 (33.0, 10.0) 18.0
6 (31.0, 46.0) 34.0
7 (17.0, 25.0) 27.0
8 (46.0, 37.0) 37.0
9 (34.0, 34.0) 28.0
,
0 5 2 8 10 2 9 5 8 7
5 0 5 8 8 3 5 4 3 2
2 5 0 6 8 3 8 3 8 6
8 8 6 0 3 8 7 4 9 7
10 8 8 3 0 10 6 5 9 7
2 3 3 8 10 0 7 4 6 5
9 5 8 7 6 7 0 5 3 2
5 4 3 4 5 4 5 0 6 4
8 3 8 9 9 6 3 6 0 2
7 2 6 7 7 5 2 4 2 0
,
0 13 7 36 56 12 40 16 21 40
27 0 20 30 43 8 32 22 20 12
9 27 0 23 56 14 45 9 22 18
36 21 29 0 14 48 51 10 32 40
51 42 46 14 0 65 19 23 61 30
10 12 17 43 35 0 30 24 20 27
50 15 21 47 16 43 0 14 12 9
30 16 16 22 23 15 18 0 37 23
45 13 29 52 33 29 17 41 0 8
33 8 17 34 38 23 15 17 18 0