2
10
,
0 (26.0, 1.0) 21.0
1 (37.0, 23.0) 42.0
2 (17.0, 8.0) 13.0
3 (0.0, 32.0) 27.0
4 (3.0, 48.0) 19.0
5 (33.0, 10.0) 45.0
6 (31.0, 46.0) 36.0
7 (17.0, 25.0) 17.0
8 (46.0, 37.0) 49.0
9 (34.0, 34.0) 17.0
,
0 5 2 8 10 2 9 5 8 7
5 0 5 8 8 3 5 4 3 2
2 5 0 6 8 3 8 3 8 6
8 8 6 0 3 8 7 4 9 7
10 8 8 3 0 10 6 5 9 7
2 3 3 8 10 0 7 4 6 5
9 5 8 7 6 7 0 5 3 2
5 4 3 4 5 4 5 0 6 4
8 3 8 9 9 6 3 6 0 2
7 2 6 7 7 5 2 4 2 0
,
0 30 12 46 34 8 36 26 23 51
20 0 30 52 54 12 13 16 14 9
16 13 0 26 21 9 23 13 35 18
43 24 37 0 9 35 44 23 37 19
75 28 61 21 0 31 20 21 55 48
6 13 12 21 33 0 25 23 16 30
28 32 37 21 38 54 0 36 19 7
17 13 21 15 29 15 25 0 33 24
44 19 35 50 26 28 21 32 0 8
24 13 17 47 38 24 9 18 9 0