2
10
,
0 (26.0, 1.0) 33.0
1 (37.0, 23.0) 24.0
2 (17.0, 8.0) 29.0
3 (0.0, 32.0) 26.0
4 (3.0, 48.0) 35.0
5 (33.0, 10.0) 17.0
6 (31.0, 46.0) 16.0
7 (17.0, 25.0) 44.0
8 (46.0, 37.0) 21.0
9 (34.0, 34.0) 20.0
,
0 5 2 8 10 2 9 5 8 7
5 0 5 8 8 3 5 4 3 2
2 5 0 6 8 3 8 3 8 6
8 8 6 0 3 8 7 4 9 7
10 8 8 3 0 10 6 5 9 7
2 3 3 8 10 0 7 4 6 5
9 5 8 7 6 7 0 5 3 2
5 4 3 4 5 4 5 0 6 4
8 3 8 9 9 6 3 6 0 2
7 2 6 7 7 5 2 4 2 0
,
0 34 9 44 73 6 50 21 32 37
33 0 27 25 48 10 24 20 16 8
15 19 0 37 63 11 27 13 22 24
36 28 19 0 13 31 27 27 48 36
65 59 44 14 0 72 16 15 26 30
17 16 19 50 32 0 26 14 15 16
55 23 53 42 19 50 0 15 26 8
28 12 16 12 18 23 24 0 38 19
42 24 59 44 26 24 15 43 0 17
26 14 45 38 28 19 9 14 8 0