2
10
,
0 (26.0, 1.0) 42.0
1 (37.0, 23.0) 23.0
2 (17.0, 8.0) 17.0
3 (0.0, 32.0) 28.0
4 (3.0, 48.0) 38.0
5 (33.0, 10.0) 35.0
6 (31.0, 46.0) 10.0
7 (17.0, 25.0) 32.0
8 (46.0, 37.0) 13.0
9 (34.0, 34.0) 17.0
,
0 5 2 8 10 2 9 5 8 7
5 0 5 8 8 3 5 4 3 2
2 5 0 6 8 3 8 3 8 6
8 8 6 0 3 8 7 4 9 7
10 8 8 3 0 10 6 5 9 7
2 3 3 8 10 0 7 4 6 5
9 5 8 7 6 7 0 5 3 2
5 4 3 4 5 4 5 0 6 4
8 3 8 9 9 6 3 6 0 2
7 2 6 7 7 5 2 4 2 0
,
0 16 14 58 58 11 40 29 30 48
29 0 26 33 47 13 32 12 19 9
8 27 0 33 30 16 56 25 47 41
22 23 44 0 11 29 17 16 46 21
63 22 42 24 0 49 15 25 38 25
9 13 13 50 29 0 44 32 24 36
46 27 49 23 25 33 0 29 23 10
38 21 15 21 28 28 38 0 25 13
29 12 39 27 32 36 24 41 0 13
23 9 45 38 20 27 11 23 16 0