2
10
,
0 (26.0, 1.0) 14.0
1 (37.0, 23.0) 18.0
2 (17.0, 8.0) 45.0
3 (0.0, 32.0) 27.0
4 (3.0, 48.0) 26.0
5 (33.0, 10.0) 22.0
6 (31.0, 46.0) 43.0
7 (17.0, 25.0) 30.0
8 (46.0, 37.0) 41.0
9 (34.0, 34.0) 44.0
,
0 5 2 8 10 2 9 5 8 7
5 0 5 8 8 3 5 4 3 2
2 5 0 6 8 3 8 3 8 6
8 8 6 0 3 8 7 4 9 7
10 8 8 3 0 10 6 5 9 7
2 3 3 8 10 0 7 4 6 5
9 5 8 7 6 7 0 5 3 2
5 4 3 4 5 4 5 0 6 4
8 3 8 9 9 6 3 6 0 2
7 2 6 7 7 5 2 4 2 0
,
0 20 14 58 32 8 33 30 38 37
14 0 21 51 43 8 12 16 9 7
10 33 0 43 29 11 57 14 60 28
23 54 23 0 11 31 19 15 25 19
75 62 34 22 0 32 25 17 36 33
12 17 10 28 56 0 43 32 23 21
34 35 44 24 37 28 0 28 15 7
32 20 9 13 20 14 26 0 34 20
52 14 29 56 62 28 23 30 0 8
29 14 45 44 40 24 14 26 9 0