2
10
,
0 (26.0, 1.0) 13.0
1 (37.0, 23.0) 40.0
2 (17.0, 8.0) 22.0
3 (0.0, 32.0) 13.0
4 (3.0, 48.0) 28.0
5 (33.0, 10.0) 37.0
6 (31.0, 46.0) 23.0
7 (17.0, 25.0) 12.0
8 (46.0, 37.0) 30.0
9 (34.0, 34.0) 11.0
,
0 5 2 8 10 2 9 5 8 7
5 0 5 8 8 3 5 4 3 2
2 5 0 6 8 3 8 3 8 6
8 8 6 0 3 8 7 4 9 7
10 8 8 3 0 10 6 5 9 7
2 3 3 8 10 0 7 4 6 5
9 5 8 7 6 7 0 5 3 2
5 4 3 4 5 4 5 0 6 4
8 3 8 9 9 6 3 6 0 2
7 2 6 7 7 5 2 4 2 0
,
0 23 13 33 72 12 64 22 28 38
20 0 33 33 55 7 19 29 13 16
13 33 0 36 25 21 61 23 32 29
21 39 15 0 18 37 20 25 27 42
38 55 53 14 0 58 34 36 29 39
15 17 10 36 61 0 32 16 30 35
60 20 40 21 34 37 0 35 17 6
32 17 14 22 29 14 24 0 33 11
35 8 24 68 32 32 17 21 0 13
45 7 30 38 40 16 14 11 7 0