2
10
,
0 (26.0, 1.0) 15.0
1 (37.0, 23.0) 16.0
2 (17.0, 8.0) 39.0
3 (0.0, 32.0) 27.0
4 (3.0, 48.0) 33.0
5 (33.0, 10.0) 19.0
6 (31.0, 46.0) 13.0
7 (17.0, 25.0) 29.0
8 (46.0, 37.0) 38.0
9 (34.0, 34.0) 11.0
,
0 5 2 8 10 2 9 5 8 7
5 0 5 8 8 3 5 4 3 2
2 5 0 6 8 3 8 3 8 6
8 8 6 0 3 8 7 4 9 7
10 8 8 3 0 10 6 5 9 7
2 3 3 8 10 0 7 4 6 5
9 5 8 7 6 7 0 5 3 2
5 4 3 4 5 4 5 0 6 4
8 3 8 9 9 6 3 6 0 2
7 2 6 7 7 5 2 4 2 0
,
0 21 7 57 29 15 65 13 38 35
28 0 25 46 56 14 25 26 25 14
14 29 0 27 45 10 60 10 57 41
54 23 23 0 21 35 20 15 53 39
52 32 40 15 0 66 26 21 23 46
11 13 20 37 52 0 21 29 26 16
30 34 48 23 38 38 0 26 15 16
29 12 14 18 31 31 31 0 34 17
21 8 46 30 39 36 22 40 0 7
29 11 20 34 25 31 12 15 16 0