2
10
,
0 (26.0, 1.0) 44.0
1 (37.0, 23.0) 46.0
2 (17.0, 8.0) 37.0
3 (0.0, 32.0) 40.0
4 (3.0, 48.0) 13.0
5 (33.0, 10.0) 14.0
6 (31.0, 46.0) 49.0
7 (17.0, 25.0) 11.0
8 (46.0, 37.0) 28.0
9 (34.0, 34.0) 28.0
,
0 5 2 8 10 2 9 5 8 7
5 0 5 8 8 3 5 4 3 2
2 5 0 6 8 3 8 3 8 6
8 8 6 0 3 8 7 4 9 7
10 8 8 3 0 10 6 5 9 7
2 3 3 8 10 0 7 4 6 5
9 5 8 7 6 7 0 5 3 2
5 4 3 4 5 4 5 0 6 4
8 3 8 9 9 6 3 6 0 2
7 2 6 7 7 5 2 4 2 0
,
0 32 9 36 53 10 39 22 55 24
25 0 31 53 36 15 21 21 21 9
6 20 0 43 36 13 58 20 35 41
55 39 39 0 22 20 23 24 55 30
29 59 32 15 0 65 36 23 39 27
15 19 24 55 48 0 51 23 27 19
60 13 34 29 19 35 0 31 17 18
15 19 15 19 38 18 13 0 19 23
22 11 42 69 57 28 20 39 0 15
43 6 47 42 49 13 7 11 7 0