2
10
,
0 (26.0, 1.0) 11.0
1 (37.0, 23.0) 37.0
2 (17.0, 8.0) 42.0
3 (0.0, 32.0) 14.0
4 (3.0, 48.0) 31.0
5 (33.0, 10.0) 27.0
6 (31.0, 46.0) 29.0
7 (17.0, 25.0) 16.0
8 (46.0, 37.0) 13.0
9 (34.0, 34.0) 28.0
,
0 5 2 8 10 2 9 5 8 7
5 0 5 8 8 3 5 4 3 2
2 5 0 6 8 3 8 3 8 6
8 8 6 0 3 8 7 4 9 7
10 8 8 3 0 10 6 5 9 7
2 3 3 8 10 0 7 4 6 5
9 5 8 7 6 7 0 5 3 2
5 4 3 4 5 4 5 0 6 4
8 3 8 9 9 6 3 6 0 2
7 2 6 7 7 5 2 4 2 0
,
0 16 8 32 75 16 66 37 32 44
23 0 22 46 23 13 22 11 13 12
9 28 0 39 21 20 55 18 24 32
59 20 39 0 13 48 40 26 48 21
45 26 24 23 0 59 35 19 45 42
12 15 12 58 65 0 20 33 36 34
59 12 46 50 29 46 0 30 16 13
20 22 10 20 20 30 18 0 46 28
24 22 34 53 24 18 14 44 0 9
34 11 29 46 50 14 11 25 8 0