2
10
,
0 (9.0, 35.0) 48.0
1 (37.0, 36.0) 59.0
2 (20.0, 38.0) 57.0
3 (48.0, 41.0) 40.0
4 (4.0, 46.0) 37.0
5 (40.0, 18.0) 68.0
6 (48.0, 35.0) 43.0
7 (17.0, 19.0) 45.0
8 (42.0, 37.0) 59.0
9 (16.0, 28.0) 35.0
,
0 18 26 21 32 23 22 30 13 28 16 0
18 0 14 6 20 6 18 20 9 17 5 18
26 14 0 9 6 17 9 6 13 3 11 26
21 6 9 0 14 9 14 14 10 11 5 21
32 20 6 14 0 22 12 3 19 4 17 32
23 6 17 9 22 0 23 23 15 20 11 23
22 18 9 14 12 23 0 9 12 10 13 22
30 20 6 14 3 23 9 0 17 3 16 30
13 9 13 10 19 15 12 17 0 15 5 13
28 17 3 11 4 20 10 3 15 0 14 28
16 5 11 5 17 11 13 16 5 14 0 16
0 18 26 21 32 23 22 30 13 28 16 0
,
0 42 30 37 84 64 33 85 19 65 23 0
26 0 40 16 30 16 48 40 23 47 14 27
71 34 0 15 12 48 24 13 27 6 11 52
55 9 22 0 16 14 31 21 17 33 14 55
74 31 10 36 0 57 12 4 57 8 44 63
35 17 31 10 53 0 26 43 37 35 22 45
65 49 27 40 25 45 0 21 19 28 18 52
86 54 6 35 9 28 11 0 29 3 28 72
38 26 20 24 24 37 28 50 0 24 8 25
66 45 6 29 4 43 18 5 25 0 30 28
41 14 32 15 43 32 18 22 7 28 0 19
0 22 57 60 89 43 23 49 31 35 17 0