2
10
,
0 (9.0, 35.0) 52.0
1 (37.0, 36.0) 88.0
2 (20.0, 38.0) 50.0
3 (48.0, 41.0) 33.0
4 (4.0, 46.0) 65.0
5 (40.0, 18.0) 32.0
6 (48.0, 35.0) 50.0
7 (17.0, 19.0) 72.0
8 (42.0, 37.0) 67.0
9 (16.0, 28.0) 46.0
,
0 18 26 21 32 23 22 30 13 28 16 0
18 0 14 6 20 6 18 20 9 17 5 18
26 14 0 9 6 17 9 6 13 3 11 26
21 6 9 0 14 9 14 14 10 11 5 21
32 20 6 14 0 22 12 3 19 4 17 32
23 6 17 9 22 0 23 23 15 20 11 23
22 18 9 14 12 23 0 9 12 10 13 22
30 20 6 14 3 23 9 0 17 3 16 30
13 9 13 10 19 15 12 17 0 15 5 13
28 17 3 11 4 20 10 3 15 0 14 28
16 5 11 5 17 11 13 16 5 14 0 16
0 18 26 21 32 23 22 30 13 28 16 0
,
0 36 50 48 35 42 35 69 38 68 24 0
25 0 38 7 36 11 28 49 10 18 13 33
57 32 0 13 15 35 12 8 29 4 24 74
26 8 22 0 25 11 31 20 18 23 15 39
33 49 17 32 0 23 29 5 37 7 40 71
41 15 39 11 25 0 51 64 34 43 11 55
60 24 19 36 35 38 0 13 18 11 28 33
86 58 7 30 8 51 25 0 41 9 43 72
32 14 27 20 43 43 31 35 0 17 8 36
36 41 3 13 7 45 18 8 31 0 26 68
42 13 22 16 35 26 15 19 10 20 0 17
0 25 54 56 40 25 30 77 26 81 25 0