2
10
,
0 (9.0, 35.0) 33.0
1 (37.0, 36.0) 48.0
2 (20.0, 38.0) 34.0
3 (48.0, 41.0) 78.0
4 (4.0, 46.0) 41.0
5 (40.0, 18.0) 38.0
6 (48.0, 35.0) 88.0
7 (17.0, 19.0) 40.0
8 (42.0, 37.0) 86.0
9 (16.0, 28.0) 59.0
,
0 18 26 21 32 23 22 30 13 28 16 0
18 0 14 6 20 6 18 20 9 17 5 18
26 14 0 9 6 17 9 6 13 3 11 26
21 6 9 0 14 9 14 14 10 11 5 21
32 20 6 14 0 22 12 3 19 4 17 32
23 6 17 9 22 0 23 23 15 20 11 23
22 18 9 14 12 23 0 9 12 10 13 22
30 20 6 14 3 23 9 0 17 3 16 30
13 9 13 10 19 15 12 17 0 15 5 13
28 17 3 11 4 20 10 3 15 0 14 28
16 5 11 5 17 11 13 16 5 14 0 16
0 18 26 21 32 23 22 30 13 28 16 0
,
0 29 49 52 77 47 50 59 28 61 39 0
29 0 23 14 26 7 33 47 19 24 8 42
65 21 0 23 15 24 18 7 18 3 17 47
63 13 22 0 28 15 20 27 25 33 7 23
37 34 12 26 0 29 28 9 39 10 39 55
37 11 24 26 64 0 57 26 35 40 29 39
29 53 11 30 31 38 0 16 12 21 27 34
79 20 14 23 6 45 12 0 30 4 46 85
36 17 34 20 48 21 16 27 0 35 7 14
52 17 7 25 5 56 17 7 24 0 20 31
21 14 22 12 35 32 32 31 8 16 0 29
0 40 30 50 62 24 52 32 26 33 44 0