2
10
,
0 (9.0, 35.0) 72.0
1 (37.0, 36.0) 75.0
2 (20.0, 38.0) 61.0
3 (48.0, 41.0) 50.0
4 (4.0, 46.0) 42.0
5 (40.0, 18.0) 42.0
6 (48.0, 35.0) 59.0
7 (17.0, 19.0) 70.0
8 (42.0, 37.0) 68.0
9 (16.0, 28.0) 85.0
,
0 18 26 21 32 23 22 30 13 28 16 0
18 0 14 6 20 6 18 20 9 17 5 18
26 14 0 9 6 17 9 6 13 3 11 26
21 6 9 0 14 9 14 14 10 11 5 21
32 20 6 14 0 22 12 3 19 4 17 32
23 6 17 9 22 0 23 23 15 20 11 23
22 18 9 14 12 23 0 9 12 10 13 22
30 20 6 14 3 23 9 0 17 3 16 30
13 9 13 10 19 15 12 17 0 15 5 13
28 17 3 11 4 20 10 3 15 0 14 28
16 5 11 5 17 11 13 16 5 14 0 16
0 18 26 21 32 23 22 30 13 28 16 0
,
0 34 69 36 89 38 53 35 35 40 41 0
22 0 36 16 44 6 34 54 19 33 14 41
41 19 0 12 15 18 20 14 19 5 23 51
32 7 23 0 31 24 38 38 26 28 15 38
41 30 11 19 0 47 17 4 30 4 42 41
24 15 50 18 28 0 61 63 27 42 13 24
47 41 13 31 26 43 0 18 23 20 28 29
47 45 14 26 4 35 18 0 20 8 40 69
15 16 16 28 22 29 14 34 0 30 12 16
48 36 3 28 10 46 23 5 46 0 38 77
18 6 29 16 37 31 35 19 6 26 0 39
0 41 53 25 82 35 54 87 20 75 36 0