2
10
,
0 (9.0, 35.0) 41.0
1 (37.0, 36.0) 35.0
2 (20.0, 38.0) 40.0
3 (48.0, 41.0) 36.0
4 (4.0, 46.0) 40.0
5 (40.0, 18.0) 70.0
6 (48.0, 35.0) 66.0
7 (17.0, 19.0) 59.0
8 (42.0, 37.0) 38.0
9 (16.0, 28.0) 31.0
,
0 18 26 21 32 23 22 30 13 28 16 0
18 0 14 6 20 6 18 20 9 17 5 18
26 14 0 9 6 17 9 6 13 3 11 26
21 6 9 0 14 9 14 14 10 11 5 21
32 20 6 14 0 22 12 3 19 4 17 32
23 6 17 9 22 0 23 23 15 20 11 23
22 18 9 14 12 23 0 9 12 10 13 22
30 20 6 14 3 23 9 0 17 3 16 30
13 9 13 10 19 15 12 17 0 15 5 13
28 17 3 11 4 20 10 3 15 0 14 28
16 5 11 5 17 11 13 16 5 14 0 16
0 18 26 21 32 23 22 30 13 28 16 0
,
0 46 67 31 81 33 53 68 27 46 43 0
33 0 31 7 55 17 28 44 23 18 12 53
33 35 0 9 7 32 26 9 30 6 26 61
23 11 11 0 36 18 38 31 18 27 10 31
87 26 8 26 0 43 13 3 32 4 37 64
54 13 44 11 44 0 46 23 37 28 30 61
22 26 27 19 31 56 0 18 21 18 35 31
41 33 7 30 8 26 18 0 27 9 32 82
18 12 28 15 34 22 33 40 0 42 13 16
53 45 4 29 7 43 15 7 23 0 30 61
44 12 18 9 37 25 33 39 11 24 0 33
0 43 50 25 56 69 37 65 20 45 36 0