2
10
,
0 (27.0, 43.0) 43.0
1 (35.0, 9.0) 88.0
2 (3.0, 32.0) 52.0
3 (14.0, 46.0) 67.0
4 (50.0, 42.0) 88.0
5 (48.0, 35.0) 76.0
6 (5.0, 1.0) 43.0
7 (38.0, 34.0) 37.0
8 (4.0, 5.0) 77.0
9 (6.0, 19.0) 30.0
,
0 25 18 16 24 33 30 3 25 3 10 0
25 0 17 13 7 12 11 24 7 22 16 25
18 17 0 20 21 18 15 16 13 16 15 18
16 13 20 0 9 24 23 16 18 14 7 16
24 7 21 9 0 18 18 23 13 21 14 24
33 12 18 24 18 0 4 30 7 30 25 33
30 11 15 23 18 4 0 27 5 27 22 30
3 24 16 16 23 30 27 0 23 2 9 3
25 7 13 18 13 7 5 23 0 22 18 25
3 22 16 14 21 30 27 2 22 0 7 3
10 16 15 7 14 25 22 9 18 7 0 10
0 25 18 16 24 33 30 3 25 3 10 0
,
0 70 39 24 25 75 57 5 60 7 21 0
63 0 44 35 11 13 25 53 17 38 47 50
48 30 0 47 57 45 30 17 13 26 20 53
16 34 40 0 15 44 48 24 28 17 17 18
51 17 46 16 0 36 38 59 38 56 32 51
74 22 46 45 30 0 5 41 10 47 30 90
67 21 27 26 50 5 0 69 13 44 33 78
8 35 45 37 43 66 29 0 46 5 16 8
31 16 25 49 39 19 12 25 0 41 26 57
6 44 25 21 35 39 78 6 50 0 18 7
22 47 40 13 41 30 48 22 39 20 0 23
0 44 34 30 67 41 36 6 32 7 12 0