2
10
,
0 (27.0, 43.0) 32.0
1 (35.0, 9.0) 76.0
2 (3.0, 32.0) 46.0
3 (14.0, 46.0) 74.0
4 (50.0, 42.0) 38.0
5 (48.0, 35.0) 48.0
6 (5.0, 1.0) 68.0
7 (38.0, 34.0) 49.0
8 (4.0, 5.0) 75.0
9 (6.0, 19.0) 52.0
,
0 25 18 16 24 33 30 3 25 3 10 0
25 0 17 13 7 12 11 24 7 22 16 25
18 17 0 20 21 18 15 16 13 16 15 18
16 13 20 0 9 24 23 16 18 14 7 16
24 7 21 9 0 18 18 23 13 21 14 24
33 12 18 24 18 0 4 30 7 30 25 33
30 11 15 23 18 4 0 27 5 27 22 30
3 24 16 16 23 30 27 0 23 2 9 3
25 7 13 18 13 7 5 23 0 22 18 25
3 22 16 14 21 30 27 2 22 0 7 3
10 16 15 7 14 25 22 9 18 7 0 10
0 25 18 16 24 33 30 3 25 3 10 0
,
0 51 45 37 49 58 58 3 58 7 22 0
43 0 41 20 18 20 16 28 7 47 36 69
49 20 0 45 39 19 25 30 35 32 21 53
43 31 46 0 11 66 35 35 47 23 7 31
30 14 58 22 0 27 46 53 20 32 17 58
70 16 45 34 50 0 9 57 20 60 40 43
35 13 25 31 51 6 0 73 11 51 49 63
7 36 20 38 33 54 79 0 25 4 14 5
70 12 23 35 31 12 11 29 0 42 49 36
8 64 17 30 33 62 28 2 35 0 12 5
19 35 27 10 33 47 42 12 31 18 0 20
0 55 38 33 49 43 38 5 38 7 21 0