2
10
,
0 (27.0, 43.0) 30.0
1 (35.0, 9.0) 39.0
2 (3.0, 32.0) 77.0
3 (14.0, 46.0) 62.0
4 (50.0, 42.0) 32.0
5 (48.0, 35.0) 40.0
6 (5.0, 1.0) 87.0
7 (38.0, 34.0) 38.0
8 (4.0, 5.0) 41.0
9 (6.0, 19.0) 48.0
,
0 25 18 16 24 33 30 3 25 3 10 0
25 0 17 13 7 12 11 24 7 22 16 25
18 17 0 20 21 18 15 16 13 16 15 18
16 13 20 0 9 24 23 16 18 14 7 16
24 7 21 9 0 18 18 23 13 21 14 24
33 12 18 24 18 0 4 30 7 30 25 33
30 11 15 23 18 4 0 27 5 27 22 30
3 24 16 16 23 30 27 0 23 2 9 3
25 7 13 18 13 7 5 23 0 22 18 25
3 22 16 14 21 30 27 2 22 0 7 3
10 16 15 7 14 25 22 9 18 7 0 10
0 25 18 16 24 33 30 3 25 3 10 0
,
0 69 39 20 52 40 39 3 38 5 19 0
37 0 34 31 20 14 20 46 19 32 35 41
26 50 0 53 34 45 42 23 19 30 43 41
26 15 46 0 15 48 27 24 37 22 17 47
48 20 43 25 0 43 42 59 29 60 15 38
54 12 42 36 53 0 4 74 9 32 73 43
82 22 18 57 39 4 0 33 10 29 47 51
5 28 45 41 53 49 65 0 27 3 21 8
42 20 23 34 22 12 11 39 0 64 47 72
6 36 43 33 35 50 30 5 65 0 10 6
22 20 16 7 22 66 48 19 33 12 0 21
0 67 45 30 48 70 33 5 66 4 22 0