2
10
,
0 (27.0, 43.0) 46.0
1 (35.0, 9.0) 39.0
2 (3.0, 32.0) 50.0
3 (14.0, 46.0) 87.0
4 (50.0, 42.0) 31.0
5 (48.0, 35.0) 66.0
6 (5.0, 1.0) 55.0
7 (38.0, 34.0) 42.0
8 (4.0, 5.0) 32.0
9 (6.0, 19.0) 38.0
,
0 25 18 16 24 33 30 3 25 3 10 0
25 0 17 13 7 12 11 24 7 22 16 25
18 17 0 20 21 18 15 16 13 16 15 18
16 13 20 0 9 24 23 16 18 14 7 16
24 7 21 9 0 18 18 23 13 21 14 24
33 12 18 24 18 0 4 30 7 30 25 33
30 11 15 23 18 4 0 27 5 27 22 30
3 24 16 16 23 30 27 0 23 2 9 3
25 7 13 18 13 7 5 23 0 22 18 25
3 22 16 14 21 30 27 2 22 0 7 3
10 16 15 7 14 25 22 9 18 7 0 10
0 25 18 16 24 33 30 3 25 3 10 0
,
0 49 52 31 25 84 39 7 26 7 28 0
53 0 52 38 20 26 23 66 18 53 33 44
42 43 0 54 32 27 42 27 26 17 20 23
48 28 57 0 22 54 43 41 49 40 14 19
60 18 57 21 0 40 50 32 40 25 14 57
79 26 42 72 24 0 6 41 19 50 49 59
89 22 33 36 32 10 0 51 11 39 43 43
4 45 43 16 54 41 66 0 37 5 25 6
40 14 35 25 26 14 14 37 0 67 36 76
5 45 21 26 32 87 56 5 32 0 13 9
20 41 43 8 23 50 37 19 50 12 0 26
0 38 38 20 70 81 89 5 61 5 27 0