2
10
,
0 (2.0, 28.0) 20.0
1 (18.0, 48.0) 16.0
2 (20.0, 21.0) 23.0
3 (35.0, 28.0) 35.0
4 (28.0, 30.0) 38.0
5 (35.0, 43.0) 15.0
6 (43.0, 26.0) 14.0
7 (48.0, 28.0) 24.0
8 (33.0, 29.0) 11.0
9 (5.0, 7.0) 10.0
,
0 5 4 7 5 7 8 9 6 4
5 0 5 5 4 4 7 7 5 9
4 5 0 3 2 5 5 6 3 4
7 5 3 0 1 3 2 3 0 7
5 4 2 1 0 3 3 4 1 7
7 4 5 3 3 0 4 4 3 9
8 7 5 2 3 4 0 1 2 8
9 7 6 3 4 4 1 0 3 10
6 5 3 0 1 3 2 3 0 7
4 9 4 7 7 9 8 10 7 0
,
0 32 29 22 15 43 45 51 28 18
32 0 38 15 25 20 22 42 20 30
17 36 0 17 17 15 15 28 8 26
17 28 8 0 6 13 12 12 3 36
29 15 10 10 0 12 20 25 4 34
40 25 24 16 21 0 15 24 20 24
44 32 21 11 21 23 0 4 11 52
66 22 40 14 29 22 5 0 20 34
35 35 21 3 5 13 14 13 0 46
17 28 23 25 33 64 50 43 51 0