2
10
,
0 (2.0, 28.0) 22.0
1 (18.0, 48.0) 30.0
2 (20.0, 21.0) 32.0
3 (35.0, 28.0) 40.0
4 (28.0, 30.0) 48.0
5 (35.0, 43.0) 24.0
6 (43.0, 26.0) 16.0
7 (48.0, 28.0) 40.0
8 (33.0, 29.0) 16.0
9 (5.0, 7.0) 33.0
,
0 5 4 7 5 7 8 9 6 4
5 0 5 5 4 4 7 7 5 9
4 5 0 3 2 5 5 6 3 4
7 5 3 0 1 3 2 3 0 7
5 4 2 1 0 3 3 4 1 7
7 4 5 3 3 0 4 4 3 9
8 7 5 2 3 4 0 1 2 8
9 7 6 3 4 4 1 0 3 10
6 5 3 0 1 3 2 3 0 7
4 9 4 7 7 9 8 10 7 0
,
0 37 19 45 38 42 42 67 17 17
31 0 40 32 14 14 30 36 34 37
15 32 0 20 11 31 18 17 10 28
34 30 20 0 5 18 4 11 2 52
14 24 16 4 0 15 22 30 7 25
29 16 30 18 21 0 24 19 7 35
43 37 30 8 14 28 0 7 9 31
45 50 36 12 26 24 6 0 14 29
25 26 19 2 7 12 12 16 0 24
28 35 17 28 27 25 54 63 43 0