2
10
,
0 (2.0, 28.0) 12.0
1 (18.0, 48.0) 13.0
2 (20.0, 21.0) 41.0
3 (35.0, 28.0) 31.0
4 (28.0, 30.0) 41.0
5 (35.0, 43.0) 28.0
6 (43.0, 26.0) 11.0
7 (48.0, 28.0) 14.0
8 (33.0, 29.0) 13.0
9 (5.0, 7.0) 15.0
,
0 5 4 7 5 7 8 9 6 4
5 0 5 5 4 4 7 7 5 9
4 5 0 3 2 5 5 6 3 4
7 5 3 0 1 3 2 3 0 7
5 4 2 1 0 3 3 4 1 7
7 4 5 3 3 0 4 4 3 9
8 7 5 2 3 4 0 1 2 8
9 7 6 3 4 4 1 0 3 10
6 5 3 0 1 3 2 3 0 7
4 9 4 7 7 9 8 10 7 0
,
0 14 15 38 14 54 52 67 36 13
34 0 15 27 22 23 27 41 22 55
24 23 0 19 12 17 21 41 18 15
39 26 10 0 7 17 9 16 3 39
31 20 9 9 0 16 9 18 7 34
40 25 16 9 19 0 11 28 15 50
40 25 33 6 13 20 0 6 6 42
58 20 43 9 18 22 3 0 11 38
38 20 9 2 8 9 12 17 0 35
29 38 13 53 42 35 29 59 49 0