2
10
,
0 (2.0, 28.0) 14.0
1 (18.0, 48.0) 38.0
2 (20.0, 21.0) 13.0
3 (35.0, 28.0) 20.0
4 (28.0, 30.0) 42.0
5 (35.0, 43.0) 39.0
6 (43.0, 26.0) 13.0
7 (48.0, 28.0) 21.0
8 (33.0, 29.0) 17.0
9 (5.0, 7.0) 43.0
,
0 5 4 7 5 7 8 9 6 4
5 0 5 5 4 4 7 7 5 9
4 5 0 3 2 5 5 6 3 4
7 5 3 0 1 3 2 3 0 7
5 4 2 1 0 3 3 4 1 7
7 4 5 3 3 0 4 4 3 9
8 7 5 2 3 4 0 1 2 8
9 7 6 3 4 4 1 0 3 10
6 5 3 0 1 3 2 3 0 7
4 9 4 7 7 9 8 10 7 0
,
0 33 18 28 33 37 41 58 38 13
17 0 19 24 17 23 49 51 32 28
21 17 0 10 12 16 14 41 15 20
33 19 9 0 6 15 12 16 3 43
31 19 12 6 0 12 18 24 4 26
24 13 28 15 11 0 13 13 9 29
46 49 21 5 13 13 0 4 9 38
47 23 42 9 19 25 3 0 11 47
44 13 9 3 5 7 9 21 0 36
23 56 30 24 18 40 58 30 31 0