2
10
,
0 (2.0, 28.0) 20.0
1 (18.0, 48.0) 30.0
2 (20.0, 21.0) 36.0
3 (35.0, 28.0) 23.0
4 (28.0, 30.0) 18.0
5 (35.0, 43.0) 34.0
6 (43.0, 26.0) 15.0
7 (48.0, 28.0) 10.0
8 (33.0, 29.0) 42.0
9 (5.0, 7.0) 45.0
,
0 5 4 7 5 7 8 9 6 4
5 0 5 5 4 4 7 7 5 9
4 5 0 3 2 5 5 6 3 4
7 5 3 0 1 3 2 3 0 7
5 4 2 1 0 3 3 4 1 7
7 4 5 3 3 0 4 4 3 9
8 7 5 2 3 4 0 1 2 8
9 7 6 3 4 4 1 0 3 10
6 5 3 0 1 3 2 3 0 7
4 9 4 7 7 9 8 10 7 0
,
0 38 14 49 31 48 31 63 44 21
30 0 31 18 17 11 26 51 30 45
22 29 0 25 12 16 16 39 22 10
25 38 19 0 9 13 8 14 2 28
23 21 6 8 0 9 13 21 7 35
54 20 38 16 9 0 24 16 12 55
49 31 16 10 9 13 0 4 9 41
66 43 36 17 13 14 3 0 11 24
25 23 8 2 3 18 14 16 0 21
29 62 27 54 19 66 22 31 45 0