2
10
,
0 (2.0, 28.0) 11.0
1 (18.0, 48.0) 32.0
2 (20.0, 21.0) 11.0
3 (35.0, 28.0) 40.0
4 (28.0, 30.0) 37.0
5 (35.0, 43.0) 49.0
6 (43.0, 26.0) 29.0
7 (48.0, 28.0) 31.0
8 (33.0, 29.0) 13.0
9 (5.0, 7.0) 47.0
,
0 5 4 7 5 7 8 9 6 4
5 0 5 5 4 4 7 7 5 9
4 5 0 3 2 5 5 6 3 4
7 5 3 0 1 3 2 3 0 7
5 4 2 1 0 3 3 4 1 7
7 4 5 3 3 0 4 4 3 9
8 7 5 2 3 4 0 1 2 8
9 7 6 3 4 4 1 0 3 10
6 5 3 0 1 3 2 3 0 7
4 9 4 7 7 9 8 10 7 0
,
0 28 27 44 18 51 40 49 19 29
28 0 38 29 29 21 25 22 26 32
15 17 0 23 9 27 15 37 8 24
37 24 18 0 6 9 8 12 2 21
17 26 16 7 0 12 17 14 3 28
31 23 15 12 19 0 27 14 19 65
58 28 32 8 21 10 0 3 9 42
67 44 27 18 12 17 7 0 22 61
24 35 17 2 6 11 8 20 0 40
21 43 29 43 22 28 37 36 22 0