2
10
,
0 (2.0, 28.0) 49.0
1 (18.0, 48.0) 16.0
2 (20.0, 21.0) 18.0
3 (35.0, 28.0) 10.0
4 (28.0, 30.0) 41.0
5 (35.0, 43.0) 21.0
6 (43.0, 26.0) 14.0
7 (48.0, 28.0) 36.0
8 (33.0, 29.0) 41.0
9 (5.0, 7.0) 34.0
,
0 5 4 7 5 7 8 9 6 4
5 0 5 5 4 4 7 7 5 9
4 5 0 3 2 5 5 6 3 4
7 5 3 0 1 3 2 3 0 7
5 4 2 1 0 3 3 4 1 7
7 4 5 3 3 0 4 4 3 9
8 7 5 2 3 4 0 1 2 8
9 7 6 3 4 4 1 0 3 10
6 5 3 0 1 3 2 3 0 7
4 9 4 7 7 9 8 10 7 0
,
0 35 10 46 20 30 32 27 33 19
22 0 40 22 12 22 17 45 19 41
16 27 0 23 14 19 16 32 12 23
34 32 19 0 10 9 5 17 2 47
31 18 6 9 0 17 10 11 5 33
52 25 23 11 12 0 17 22 16 44
32 38 16 9 11 25 0 5 15 32
69 53 29 7 11 19 5 0 21 55
24 21 15 3 3 9 7 11 0 28
19 40 26 52 35 32 48 68 28 0