2
10
,
0 (2.0, 28.0) 23.0
1 (18.0, 48.0) 20.0
2 (20.0, 21.0) 12.0
3 (35.0, 28.0) 11.0
4 (28.0, 30.0) 18.0
5 (35.0, 43.0) 18.0
6 (43.0, 26.0) 19.0
7 (48.0, 28.0) 38.0
8 (33.0, 29.0) 37.0
9 (5.0, 7.0) 50.0
,
0 5 4 7 5 7 8 9 6 4
5 0 5 5 4 4 7 7 5 9
4 5 0 3 2 5 5 6 3 4
7 5 3 0 1 3 2 3 0 7
5 4 2 1 0 3 3 4 1 7
7 4 5 3 3 0 4 4 3 9
8 7 5 2 3 4 0 1 2 8
9 7 6 3 4 4 1 0 3 10
6 5 3 0 1 3 2 3 0 7
4 9 4 7 7 9 8 10 7 0
,
0 21 25 30 20 20 25 32 18 25
17 0 18 16 20 15 21 26 27 54
10 17 0 16 12 29 32 31 13 28
36 39 14 0 9 9 7 14 1 35
32 21 16 9 0 20 16 29 4 26
35 13 30 14 8 0 13 28 13 45
30 19 34 4 20 11 0 5 14 42
63 34 35 11 12 30 4 0 10 25
45 22 11 2 6 13 11 13 0 30
19 28 28 45 44 70 23 49 44 0