2
10
,
0 (2.0, 28.0) 11.0
1 (18.0, 48.0) 11.0
2 (20.0, 21.0) 11.0
3 (35.0, 28.0) 19.0
4 (28.0, 30.0) 49.0
5 (35.0, 43.0) 15.0
6 (43.0, 26.0) 27.0
7 (48.0, 28.0) 36.0
8 (33.0, 29.0) 17.0
9 (5.0, 7.0) 37.0
,
0 5 4 7 5 7 8 9 6 4
5 0 5 5 4 4 7 7 5 9
4 5 0 3 2 5 5 6 3 4
7 5 3 0 1 3 2 3 0 7
5 4 2 1 0 3 3 4 1 7
7 4 5 3 3 0 4 4 3 9
8 7 5 2 3 4 0 1 2 8
9 7 6 3 4 4 1 0 3 10
6 5 3 0 1 3 2 3 0 7
4 9 4 7 7 9 8 10 7 0
,
0 34 27 22 36 26 52 66 27 15
38 0 21 16 13 19 17 21 29 41
23 17 0 13 7 23 15 40 21 14
26 28 14 0 7 10 6 15 2 23
36 25 12 4 0 13 16 13 8 45
43 13 30 20 19 0 11 27 14 55
40 44 19 7 9 22 0 5 8 52
38 53 39 8 11 17 5 0 21 38
16 24 10 3 4 8 7 13 0 21
18 37 28 35 41 68 26 67 48 0