2
10
,
0 (2.0, 28.0) 31.0
1 (18.0, 48.0) 25.0
2 (20.0, 21.0) 34.0
3 (35.0, 28.0) 10.0
4 (28.0, 30.0) 22.0
5 (35.0, 43.0) 27.0
6 (43.0, 26.0) 13.0
7 (48.0, 28.0) 11.0
8 (33.0, 29.0) 28.0
9 (5.0, 7.0) 11.0
,
0 5 4 7 5 7 8 9 6 4
5 0 5 5 4 4 7 7 5 9
4 5 0 3 2 5 5 6 3 4
7 5 3 0 1 3 2 3 0 7
5 4 2 1 0 3 3 4 1 7
7 4 5 3 3 0 4 4 3 9
8 7 5 2 3 4 0 1 2 8
9 7 6 3 4 4 1 0 3 10
6 5 3 0 1 3 2 3 0 7
4 9 4 7 7 9 8 10 7 0
,
0 25 19 45 17 53 55 59 32 25
31 0 40 37 14 21 32 54 20 37
19 25 0 24 16 40 20 43 16 20
43 39 16 0 7 13 10 16 3 47
32 12 17 6 0 12 18 28 3 23
49 22 18 21 18 0 18 25 20 38
55 33 26 5 16 25 0 8 11 40
64 26 28 14 24 20 7 0 20 44
29 13 15 2 4 7 15 18 0 19
31 64 23 31 27 64 46 66 49 0