2
10
,
0 (2.0, 28.0) 11.0
1 (18.0, 48.0) 42.0
2 (20.0, 21.0) 28.0
3 (35.0, 28.0) 17.0
4 (28.0, 30.0) 36.0
5 (35.0, 43.0) 45.0
6 (43.0, 26.0) 27.0
7 (48.0, 28.0) 11.0
8 (33.0, 29.0) 27.0
9 (5.0, 7.0) 39.0
,
0 5 4 7 5 7 8 9 6 4
5 0 5 5 4 4 7 7 5 9
4 5 0 3 2 5 5 6 3 4
7 5 3 0 1 3 2 3 0 7
5 4 2 1 0 3 3 4 1 7
7 4 5 3 3 0 4 4 3 9
8 7 5 2 3 4 0 1 2 8
9 7 6 3 4 4 1 0 3 10
6 5 3 0 1 3 2 3 0 7
4 9 4 7 7 9 8 10 7 0
,
0 18 10 46 39 23 56 64 21 24
26 0 32 24 18 25 20 32 27 56
15 30 0 10 14 24 25 15 19 11
25 30 22 0 7 21 11 12 2 45
33 11 13 10 0 9 10 23 6 17
28 12 19 22 8 0 26 14 19 48
50 25 22 4 12 28 0 3 7 38
38 26 26 15 21 16 6 0 23 38
41 20 18 3 5 17 13 22 0 52
27 29 22 28 23 61 54 64 22 0