2
10
,
0 (2.0, 28.0) 42.0
1 (18.0, 48.0) 11.0
2 (20.0, 21.0) 36.0
3 (35.0, 28.0) 14.0
4 (28.0, 30.0) 12.0
5 (35.0, 43.0) 28.0
6 (43.0, 26.0) 36.0
7 (48.0, 28.0) 20.0
8 (33.0, 29.0) 13.0
9 (5.0, 7.0) 25.0
,
0 5 4 7 5 7 8 9 6 4
5 0 5 5 4 4 7 7 5 9
4 5 0 3 2 5 5 6 3 4
7 5 3 0 1 3 2 3 0 7
5 4 2 1 0 3 3 4 1 7
7 4 5 3 3 0 4 4 3 9
8 7 5 2 3 4 0 1 2 8
9 7 6 3 4 4 1 0 3 10
6 5 3 0 1 3 2 3 0 7
4 9 4 7 7 9 8 10 7 0
,
0 33 29 41 22 52 31 66 30 22
33 0 32 13 16 14 20 44 16 28
25 31 0 16 9 22 23 21 18 21
22 28 19 0 6 12 8 12 3 54
31 21 7 4 0 15 18 15 4 20
26 15 20 16 22 0 25 13 16 60
54 48 23 5 9 10 0 6 16 37
52 31 22 18 17 18 5 0 9 48
29 36 11 1 6 20 10 17 0 47
11 32 10 42 47 66 45 29 52 0