5
30
,
0 (4.0, 23.0) 36.0
1 (25.0, 44.0) 37.0
2 (40.0, 44.0) 46.0
3 (13.0, 27.0) 36.0
4 (35.0, 46.0) 49.0
5 (2.0, 5.0) 68.0
6 (48.0, 23.0) 58.0
7 (9.0, 9.0) 35.0
8 (20.0, 44.0) 58.0
9 (10.0, 16.0) 49.0
10 (42.0, 45.0) 60.0
11 (14.0, 27.0) 87.0
12 (47.0, 21.0) 77.0
13 (32.0, 1.0) 82.0
14 (13.0, 36.0) 41.0
15 (41.0, 41.0) 44.0
16 (15.0, 45.0) 39.0
17 (33.0, 1.0) 33.0
18 (2.0, 20.0) 63.0
19 (42.0, 22.0) 51.0
20 (7.0, 26.0) 69.0
21 (2.0, 30.0) 51.0
22 (15.0, 49.0) 62.0
23 (47.0, 13.0) 89.0
24 (48.0, 16.0) 84.0
25 (2.0, 47.0) 44.0
26 (14.0, 13.0) 31.0
27 (21.0, 16.0) 57.0
28 (31.0, 1.0) 89.0
29 (2.0, 15.0) 65.0
,
0 12 25 30 15 29 3 27 6 24 9 31 15 26 16 19 29 24 17 10 24 13 15 26 24 25 24 10 13 16 8 0
12 0 15 21 5 19 9 22 7 13 5 22 5 22 18 8 21 12 18 2 19 2 4 14 22 22 12 7 9 17 4 12
25 15 0 8 10 5 23 16 19 2 16 9 10 16 22 7 8 5 22 17 14 13 13 6 19 18 12 16 14 22 19 25
30 21 8 0 16 3 27 11 23 10 21 1 16 12 22 14 2 13 22 22 11 19 20 13 16 15 19 20 17 22 24 30
15 5 10 16 0 15 12 18 9 9 6 17 0 17 16 4 16 9 16 7 15 3 6 11 18 18 11 7 7 16 8 15
29 19 5 3 15 0 26 13 23 8 20 4 14 14 23 12 4 10 23 21 12 17 18 10 18 16 17 20 17 23 23 29
3 9 23 27 12 26 0 25 4 21 7 28 13 24 15 16 27 21 16 8 22 11 12 23 23 24 21 7 11 15 5 3
27 22 16 11 18 13 25 0 21 18 19 11 17 1 14 19 10 20 13 23 3 21 23 21 5 4 26 18 14 14 23 27
6 7 19 23 9 23 4 21 0 18 4 24 9 20 12 14 23 18 13 7 18 9 11 20 19 20 19 3 7 12 5 6
24 13 2 10 9 8 21 18 18 0 15 11 9 18 22 5 11 3 22 15 16 11 11 4 21 20 9 16 14 22 17 24
9 5 16 21 6 20 7 19 4 15 0 22 6 19 13 10 20 15 14 4 16 5 8 17 19 19 16 2 6 13 4 9
31 22 9 1 17 4 28 11 24 11 22 0 17 12 23 15 2 14 22 24 12 20 21 14 16 15 20 21 18 23 25 31
15 5 10 16 0 14 13 17 9 9 6 17 0 17 16 5 15 9 16 7 14 4 6 11 18 18 12 7 7 16 8 15
26 22 16 12 17 14 24 1 20 18 19 12 17 0 12 19 10 20 12 23 3 20 23 21 4 3 26 17 13 13 23 26
16 18 22 22 16 23 15 14 12 22 13 23 16 12 0 20 20 24 0 18 12 18 21 25 10 11 27 11 9 0 17 16
19 8 7 14 4 12 16 19 14 5 10 15 5 19 20 0 14 5 20 10 16 6 6 7 21 20 8 12 11 20 12 19
29 21 8 2 16 4 27 10 23 11 20 2 15 10 20 14 0 13 20 22 10 19 20 14 14 13 20 19 16 21 23 29
24 12 5 13 9 10 21 20 18 3 15 14 9 20 24 5 13 0 24 14 18 10 10 2 23 22 7 16 15 23 16 24
17 18 22 22 16 23 16 13 13 22 14 22 16 12 0 20 20 24 0 18 11 18 21 26 9 11 28 11 10 1 17 17
10 2 17 22 7 21 8 23 7 15 4 24 7 23 18 10 22 14 18 0 20 4 5 16 23 23 14 7 10 17 2 10
24 19 14 11 15 12 22 3 18 16 16 12 14 3 12 16 10 18 11 20 0 18 20 19 5 4 24 15 11 12 20 24
13 2 13 19 3 17 11 21 9 11 5 20 4 20 18 6 19 10 18 4 18 0 3 12 21 21 11 7 9 17 6 13
15 4 13 20 6 18 12 23 11 11 8 21 6 23 21 6 20 10 21 5 20 3 0 12 24 24 8 10 12 21 8 15
26 14 6 13 11 10 23 21 20 4 17 14 11 21 25 7 14 2 26 16 19 12 12 0 24 23 7 18 17 25 18 26
24 22 19 16 18 18 23 5 19 21 19 16 18 4 10 21 14 23 9 23 5 21 24 24 0 2 28 16 13 10 23 24
25 22 18 15 18 16 24 4 20 20 19 15 18 3 11 20 13 22 11 23 4 21 24 23 2 0 28 17 14 11 23 25
24 12 12 19 11 17 21 26 19 9 16 20 12 26 27 8 20 7 28 14 24 11 8 7 28 28 0 18 18 27 16 24
10 7 16 20 7 20 7 18 3 16 2 21 7 17 11 12 19 16 11 7 15 7 10 18 16 17 18 0 4 10 6 10
13 9 14 17 7 17 11 14 7 14 6 18 7 13 9 11 16 15 10 10 11 9 12 17 13 14 18 4 0 9 10 13
16 17 22 22 16 23 15 14 12 22 13 23 16 13 0 20 21 23 1 17 12 17 21 25 10 11 27 10 9 0 16 16
8 4 19 24 8 23 5 23 5 17 4 25 8 23 17 12 23 16 17 2 20 6 8 18 23 23 16 6 10 16 0 8
0 12 25 30 15 29 3 27 6 24 9 31 15 26 16 19 29 24 17 10 24 13 15 26 24 25 24 10 13 16 8 0
,
0 13 33 70 37 33 3 33 17 27 18 36 23 73 36 22 74 30 38 12 70 26 18 57 73 44 58 27 38 26 9 0
26 0 30 58 7 48 10 26 15 19 7 41 12 40 42 17 52 30 54 2 19 2 9 30 57 42 34 12 22 19 12 14
73 26 0 14 12 10 58 32 23 5 42 19 30 35 55 12 10 14 31 32 38 32 35 6 42 51 18 34 22 33 42 37
41 51 19 0 35 4 45 12 65 11 55 2 40 20 57 14 4 21 62 46 13 24 42 17 22 23 36 54 35 45 37 74
19 12 14 47 0 18 14 43 19 26 15 36 1 50 40 9 34 19 43 15 36 7 14 30 38 53 12 18 10 46 22 33
60 24 12 4 20 0 63 38 26 12 22 7 30 36 44 22 9 12 38 30 18 23 38 27 26 39 42 29 31 61 29 64
5 10 56 63 23 78 0 46 10 48 13 50 20 59 18 39 45 30 28 19 27 25 26 64 50 51 29 8 26 42 7 7
54 45 21 13 28 26 58 0 34 28 23 20 36 2 22 52 23 51 17 65 9 35 42 62 9 10 53 37 37 24 31 79
16 9 46 59 15 41 12 22 0 27 8 53 10 40 17 34 49 45 20 18 34 24 16 32 20 48 53 9 17 32 8 7
51 39 7 23 13 20 44 41 37 0 22 31 25 45 23 6 27 6 35 35 42 27 29 8 60 44 14 27 22 37 28 62
22 10 26 31 16 35 17 19 8 44 0 56 17 55 38 14 49 18 38 5 48 5 17 44 22 36 28 6 16 22 10 11
45 54 13 1 46 6 41 17 39 14 64 0 34 19 60 17 5 39 50 56 28 34 24 19 43 37 57 53 51 36 56 63
36 8 23 31 1 41 17 45 20 26 6 44 0 43 41 6 21 12 17 8 31 8 10 27 47 26 28 20 14 46 11 28
41 47 22 26 29 21 32 2 35 24 46 21 37 0 29 38 29 51 13 44 7 43 46 28 7 7 44 37 34 15 24 54
44 31 46 40 38 25 27 40 29 37 14 40 39 14 0 52 28 25 1 49 26 24 41 47 22 26 76 29 22 1 19 36
20 16 15 18 13 13 42 54 24 6 18 34 7 55 57 0 34 10 31 26 43 15 15 11 25 53 14 25 20 50 35 42
84 24 11 4 40 8 57 26 30 16 55 4 17 26 47 19 0 23 42 32 28 52 31 25 29 38 44 56 28 42 29 67
46 17 12 18 23 29 39 38 20 7 23 21 25 30 32 5 32 0 64 27 41 17 25 6 25 48 8 36 37 32 23 57
39 27 41 46 24 23 25 18 29 28 40 41 23 29 1 53 61 28 0 36 24 24 54 70 16 14 58 33 22 3 18 40
13 4 20 45 13 27 12 37 16 42 7 27 9 65 47 22 40 21 33 0 21 7 14 26 57 66 34 7 14 47 5 12
68 57 26 23 20 23 32 4 24 42 29 20 23 3 31 32 21 30 12 40 0 22 32 30 8 10 41 35 19 34 50 55
38 3 15 51 4 33 25 37 19 32 15 36 4 30 34 7 27 14 21 8 33 0 7 21 54 58 16 17 20 41 8 29
30 8 39 24 13 43 24 48 28 16 16 59 7 38 26 12 32 21 53 10 51 6 0 14 63 41 13 11 26 46 11 37
77 36 9 25 32 17 30 23 47 10 23 37 15 58 43 19 31 4 58 19 40 19 12 0 37 43 19 32 18 48 31 29
33 31 48 24 38 40 34 12 50 21 40 23 26 4 18 34 19 66 17 39 13 45 61 37 0 3 37 24 20 26 39 52
63 41 38 27 41 17 28 4 22 59 55 32 50 4 18 27 26 56 32 33 10 62 67 50 2 0 73 50 15 24 43 59
37 25 28 36 25 47 23 63 44 24 17 24 23 50 55 19 35 19 37 40 41 17 9 18 83 64 0 30 50 67 20 40
26 19 26 22 20 31 20 29 8 31 4 22 12 41 21 32 58 33 32 13 33 8 13 47 31 51 29 0 7 20 13 15
22 15 36 42 12 34 19 14 9 39 13 37 8 33 17 30 38 15 13 25 23 14 25 38 22 14 45 10 0 19 28 14
37 31 29 52 40 29 27 37 20 46 32 44 19 23 1 59 37 62 1 27 14 49 52 56 11 13 54 14 14 0 21 40
19 5 40 54 13 41 9 66 7 41 7 53 22 61 36 14 40 33 35 5 41 8 10 38 56 41 31 16 13 41 0 18
0 32 52 41 39 63 5 60 15 56 16 49 24 68 17 41 65 32 41 23 24 38 41 32 47 41 68 13 29 46 15 0