5
30
,
0 (4.0, 23.0) 66.0
1 (25.0, 44.0) 39.0
2 (40.0, 44.0) 37.0
3 (13.0, 27.0) 82.0
4 (35.0, 46.0) 40.0
5 (2.0, 5.0) 44.0
6 (48.0, 23.0) 70.0
7 (9.0, 9.0) 34.0
8 (20.0, 44.0) 52.0
9 (10.0, 16.0) 52.0
10 (42.0, 45.0) 87.0
11 (14.0, 27.0) 64.0
12 (47.0, 21.0) 53.0
13 (32.0, 1.0) 47.0
14 (13.0, 36.0) 48.0
15 (41.0, 41.0) 76.0
16 (15.0, 45.0) 61.0
17 (33.0, 1.0) 62.0
18 (2.0, 20.0) 50.0
19 (42.0, 22.0) 82.0
20 (7.0, 26.0) 86.0
21 (2.0, 30.0) 31.0
22 (15.0, 49.0) 82.0
23 (47.0, 13.0) 39.0
24 (48.0, 16.0) 82.0
25 (2.0, 47.0) 40.0
26 (14.0, 13.0) 67.0
27 (21.0, 16.0) 69.0
28 (31.0, 1.0) 31.0
29 (2.0, 15.0) 60.0
,
0 12 25 30 15 29 3 27 6 24 9 31 15 26 16 19 29 24 17 10 24 13 15 26 24 25 24 10 13 16 8 0
12 0 15 21 5 19 9 22 7 13 5 22 5 22 18 8 21 12 18 2 19 2 4 14 22 22 12 7 9 17 4 12
25 15 0 8 10 5 23 16 19 2 16 9 10 16 22 7 8 5 22 17 14 13 13 6 19 18 12 16 14 22 19 25
30 21 8 0 16 3 27 11 23 10 21 1 16 12 22 14 2 13 22 22 11 19 20 13 16 15 19 20 17 22 24 30
15 5 10 16 0 15 12 18 9 9 6 17 0 17 16 4 16 9 16 7 15 3 6 11 18 18 11 7 7 16 8 15
29 19 5 3 15 0 26 13 23 8 20 4 14 14 23 12 4 10 23 21 12 17 18 10 18 16 17 20 17 23 23 29
3 9 23 27 12 26 0 25 4 21 7 28 13 24 15 16 27 21 16 8 22 11 12 23 23 24 21 7 11 15 5 3
27 22 16 11 18 13 25 0 21 18 19 11 17 1 14 19 10 20 13 23 3 21 23 21 5 4 26 18 14 14 23 27
6 7 19 23 9 23 4 21 0 18 4 24 9 20 12 14 23 18 13 7 18 9 11 20 19 20 19 3 7 12 5 6
24 13 2 10 9 8 21 18 18 0 15 11 9 18 22 5 11 3 22 15 16 11 11 4 21 20 9 16 14 22 17 24
9 5 16 21 6 20 7 19 4 15 0 22 6 19 13 10 20 15 14 4 16 5 8 17 19 19 16 2 6 13 4 9
31 22 9 1 17 4 28 11 24 11 22 0 17 12 23 15 2 14 22 24 12 20 21 14 16 15 20 21 18 23 25 31
15 5 10 16 0 14 13 17 9 9 6 17 0 17 16 5 15 9 16 7 14 4 6 11 18 18 12 7 7 16 8 15
26 22 16 12 17 14 24 1 20 18 19 12 17 0 12 19 10 20 12 23 3 20 23 21 4 3 26 17 13 13 23 26
16 18 22 22 16 23 15 14 12 22 13 23 16 12 0 20 20 24 0 18 12 18 21 25 10 11 27 11 9 0 17 16
19 8 7 14 4 12 16 19 14 5 10 15 5 19 20 0 14 5 20 10 16 6 6 7 21 20 8 12 11 20 12 19
29 21 8 2 16 4 27 10 23 11 20 2 15 10 20 14 0 13 20 22 10 19 20 14 14 13 20 19 16 21 23 29
24 12 5 13 9 10 21 20 18 3 15 14 9 20 24 5 13 0 24 14 18 10 10 2 23 22 7 16 15 23 16 24
17 18 22 22 16 23 16 13 13 22 14 22 16 12 0 20 20 24 0 18 11 18 21 26 9 11 28 11 10 1 17 17
10 2 17 22 7 21 8 23 7 15 4 24 7 23 18 10 22 14 18 0 20 4 5 16 23 23 14 7 10 17 2 10
24 19 14 11 15 12 22 3 18 16 16 12 14 3 12 16 10 18 11 20 0 18 20 19 5 4 24 15 11 12 20 24
13 2 13 19 3 17 11 21 9 11 5 20 4 20 18 6 19 10 18 4 18 0 3 12 21 21 11 7 9 17 6 13
15 4 13 20 6 18 12 23 11 11 8 21 6 23 21 6 20 10 21 5 20 3 0 12 24 24 8 10 12 21 8 15
26 14 6 13 11 10 23 21 20 4 17 14 11 21 25 7 14 2 26 16 19 12 12 0 24 23 7 18 17 25 18 26
24 22 19 16 18 18 23 5 19 21 19 16 18 4 10 21 14 23 9 23 5 21 24 24 0 2 28 16 13 10 23 24
25 22 18 15 18 16 24 4 20 20 19 15 18 3 11 20 13 22 11 23 4 21 24 23 2 0 28 17 14 11 23 25
24 12 12 19 11 17 21 26 19 9 16 20 12 26 27 8 20 7 28 14 24 11 8 7 28 28 0 18 18 27 16 24
10 7 16 20 7 20 7 18 3 16 2 21 7 17 11 12 19 16 11 7 15 7 10 18 16 17 18 0 4 10 6 10
13 9 14 17 7 17 11 14 7 14 6 18 7 13 9 11 16 15 10 10 11 9 12 17 13 14 18 4 0 9 10 13
16 17 22 22 16 23 15 14 12 22 13 23 16 13 0 20 21 23 1 17 12 17 21 25 10 11 27 10 9 0 16 16
8 4 19 24 8 23 5 23 5 17 4 25 8 23 17 12 23 16 17 2 20 6 8 18 23 23 16 6 10 16 0 8
0 12 25 30 15 29 3 27 6 24 9 31 15 26 16 19 29 24 17 10 24 13 15 26 24 25 24 10 13 16 8 0
,
0 13 35 48 33 59 7 71 9 25 17 68 44 30 27 54 85 57 24 18 69 22 24 43 37 26 52 12 24 36 16 0
32 0 19 49 11 48 18 45 12 37 8 44 9 29 44 23 49 15 54 4 47 3 7 19 52 33 22 20 24 21 12 33
46 15 0 20 19 14 66 31 28 5 39 12 26 43 65 9 14 12 26 21 27 26 16 12 27 19 17 42 25 28 46 67
54 54 15 0 36 3 43 27 63 17 23 2 16 28 26 30 2 19 46 41 20 56 27 34 22 31 40 59 30 37 49 31
23 7 30 39 0 25 37 26 15 22 13 47 1 35 18 12 27 21 27 17 20 7 12 18 21 18 15 15 15 21 19 32
72 31 9 6 39 0 27 24 34 17 20 5 27 33 46 34 7 12 63 40 31 46 19 25 51 36 47 57 29 51 36 63
3 17 59 63 36 73 0 48 6 42 16 66 21 43 24 22 79 40 42 14 47 26 25 56 32 54 39 11 13 23 10 7
77 55 40 31 48 14 46 0 38 28 37 19 26 2 19 54 16 33 25 28 6 23 48 57 10 10 34 51 28 36 24 68
13 13 44 37 10 44 10 45 0 37 6 28 21 41 25 18 52 30 19 17 36 9 24 31 20 38 27 9 10 18 11 12
27 23 7 18 11 18 23 49 41 0 18 21 20 45 44 8 18 5 30 27 26 28 19 8 33 44 27 17 24 51 48 27
27 9 18 61 17 28 20 25 7 37 0 34 10 55 23 19 34 41 26 9 35 9 22 41 25 55 27 3 6 21 11 15
73 60 15 2 42 8 54 23 61 12 51 0 36 28 57 42 4 19 24 40 29 23 62 39 41 37 46 29 24 46 38 38
34 8 26 37 1 14 31 51 15 17 17 41 0 33 23 10 35 17 32 10 36 5 18 14 30 20 25 17 16 40 12 19
55 31 27 27 35 22 61 1 52 28 48 23 21 0 36 19 14 53 18 32 5 47 49 35 5 5 38 45 33 19 68 72
21 51 30 48 23 62 32 27 31 53 16 28 47 26 0 54 43 60 1 26 33 38 50 48 10 32 66 17 26 1 24 39
51 8 22 33 9 26 18 30 39 15 12 18 9 37 26 0 37 13 42 16 26 6 11 17 57 49 19 22 32 43 23 21
81 51 22 2 18 9 72 23 54 19 59 3 16 27 22 15 0 31 33 51 12 49 52 19 24 18 45 35 36 42 44 45
56 20 5 21 14 27 31 35 32 5 15 32 27 28 63 10 19 0 67 35 22 27 27 6 42 42 18 28 40 69 45 62
39 30 51 51 25 55 46 32 33 52 27 35 27 13 1 43 61 45 0 28 23 42 52 34 10 21 73 33 14 2 22 31
28 5 41 41 17 58 20 54 18 26 5 54 19 38 50 23 34 42 47 0 33 11 13 46 25 58 40 12 17 45 3 24
48 41 32 20 27 20 47 3 23 28 21 18 33 7 29 35 14 46 34 27 0 48 43 53 9 10 31 26 24 13 36 28
18 6 28 28 8 23 23 44 25 31 6 59 6 51 37 16 24 17 49 5 46 0 7 35 41 43 20 9 17 26 8 28
30 7 21 32 15 50 33 59 23 23 14 63 18 27 26 11 53 23 32 12 23 8 0 30 62 65 13 18 15 55 14 23
50 29 10 13 17 28 42 27 26 10 40 23 30 38 58 7 22 4 48 30 53 26 12 0 45 69 16 40 21 36 31 55
49 47 47 26 27 33 36 11 31 43 38 48 49 11 21 59 27 28 15 25 11 57 69 42 0 2 44 46 33 19 41 67
26 63 52 26 43 19 57 10 34 24 40 29 23 5 24 26 35 42 14 39 7 34 64 57 4 0 46 49 30 15 37 37
59 35 19 41 30 35 53 76 31 27 40 35 30 55 36 17 22 18 64 23 64 29 15 7 44 75 0 28 50 46 18 29
27 18 43 53 18 33 16 53 8 37 5 61 10 34 28 29 58 24 19 14 22 9 24 35 38 43 44 0 9 21 15 20
33 27 35 34 11 25 18 27 11 28 11 24 17 32 19 17 41 38 19 12 18 22 34 19 29 16 35 6 0 25 11 18
34 41 30 56 42 35 24 34 29 48 31 61 25 16 1 59 25 36 2 21 27 38 36 62 21 12 72 11 26 0 38 23
22 10 38 66 19 39 9 62 6 31 4 29 16 53 29 24 50 24 32 7 36 7 17 45 47 37 48 13 25 18 0 20
0 21 46 62 17 73 4 69 9 52 19 31 23 46 26 41 86 24 46 17 42 35 45 31 58 30 68 20 32 17 18 0