5
30
,
0 (4.0, 23.0) 35.0
1 (25.0, 44.0) 43.0
2 (40.0, 44.0) 77.0
3 (13.0, 27.0) 53.0
4 (35.0, 46.0) 50.0
5 (2.0, 5.0) 62.0
6 (48.0, 23.0) 86.0
7 (9.0, 9.0) 63.0
8 (20.0, 44.0) 43.0
9 (10.0, 16.0) 66.0
10 (42.0, 45.0) 33.0
11 (14.0, 27.0) 36.0
12 (47.0, 21.0) 35.0
13 (32.0, 1.0) 81.0
14 (13.0, 36.0) 48.0
15 (41.0, 41.0) 67.0
16 (15.0, 45.0) 78.0
17 (33.0, 1.0) 35.0
18 (2.0, 20.0) 50.0
19 (42.0, 22.0) 86.0
20 (7.0, 26.0) 90.0
21 (2.0, 30.0) 82.0
22 (15.0, 49.0) 42.0
23 (47.0, 13.0) 59.0
24 (48.0, 16.0) 80.0
25 (2.0, 47.0) 82.0
26 (14.0, 13.0) 79.0
27 (21.0, 16.0) 47.0
28 (31.0, 1.0) 50.0
29 (2.0, 15.0) 74.0
,
0 12 25 30 15 29 3 27 6 24 9 31 15 26 16 19 29 24 17 10 24 13 15 26 24 25 24 10 13 16 8 0
12 0 15 21 5 19 9 22 7 13 5 22 5 22 18 8 21 12 18 2 19 2 4 14 22 22 12 7 9 17 4 12
25 15 0 8 10 5 23 16 19 2 16 9 10 16 22 7 8 5 22 17 14 13 13 6 19 18 12 16 14 22 19 25
30 21 8 0 16 3 27 11 23 10 21 1 16 12 22 14 2 13 22 22 11 19 20 13 16 15 19 20 17 22 24 30
15 5 10 16 0 15 12 18 9 9 6 17 0 17 16 4 16 9 16 7 15 3 6 11 18 18 11 7 7 16 8 15
29 19 5 3 15 0 26 13 23 8 20 4 14 14 23 12 4 10 23 21 12 17 18 10 18 16 17 20 17 23 23 29
3 9 23 27 12 26 0 25 4 21 7 28 13 24 15 16 27 21 16 8 22 11 12 23 23 24 21 7 11 15 5 3
27 22 16 11 18 13 25 0 21 18 19 11 17 1 14 19 10 20 13 23 3 21 23 21 5 4 26 18 14 14 23 27
6 7 19 23 9 23 4 21 0 18 4 24 9 20 12 14 23 18 13 7 18 9 11 20 19 20 19 3 7 12 5 6
24 13 2 10 9 8 21 18 18 0 15 11 9 18 22 5 11 3 22 15 16 11 11 4 21 20 9 16 14 22 17 24
9 5 16 21 6 20 7 19 4 15 0 22 6 19 13 10 20 15 14 4 16 5 8 17 19 19 16 2 6 13 4 9
31 22 9 1 17 4 28 11 24 11 22 0 17 12 23 15 2 14 22 24 12 20 21 14 16 15 20 21 18 23 25 31
15 5 10 16 0 14 13 17 9 9 6 17 0 17 16 5 15 9 16 7 14 4 6 11 18 18 12 7 7 16 8 15
26 22 16 12 17 14 24 1 20 18 19 12 17 0 12 19 10 20 12 23 3 20 23 21 4 3 26 17 13 13 23 26
16 18 22 22 16 23 15 14 12 22 13 23 16 12 0 20 20 24 0 18 12 18 21 25 10 11 27 11 9 0 17 16
19 8 7 14 4 12 16 19 14 5 10 15 5 19 20 0 14 5 20 10 16 6 6 7 21 20 8 12 11 20 12 19
29 21 8 2 16 4 27 10 23 11 20 2 15 10 20 14 0 13 20 22 10 19 20 14 14 13 20 19 16 21 23 29
24 12 5 13 9 10 21 20 18 3 15 14 9 20 24 5 13 0 24 14 18 10 10 2 23 22 7 16 15 23 16 24
17 18 22 22 16 23 16 13 13 22 14 22 16 12 0 20 20 24 0 18 11 18 21 26 9 11 28 11 10 1 17 17
10 2 17 22 7 21 8 23 7 15 4 24 7 23 18 10 22 14 18 0 20 4 5 16 23 23 14 7 10 17 2 10
24 19 14 11 15 12 22 3 18 16 16 12 14 3 12 16 10 18 11 20 0 18 20 19 5 4 24 15 11 12 20 24
13 2 13 19 3 17 11 21 9 11 5 20 4 20 18 6 19 10 18 4 18 0 3 12 21 21 11 7 9 17 6 13
15 4 13 20 6 18 12 23 11 11 8 21 6 23 21 6 20 10 21 5 20 3 0 12 24 24 8 10 12 21 8 15
26 14 6 13 11 10 23 21 20 4 17 14 11 21 25 7 14 2 26 16 19 12 12 0 24 23 7 18 17 25 18 26
24 22 19 16 18 18 23 5 19 21 19 16 18 4 10 21 14 23 9 23 5 21 24 24 0 2 28 16 13 10 23 24
25 22 18 15 18 16 24 4 20 20 19 15 18 3 11 20 13 22 11 23 4 21 24 23 2 0 28 17 14 11 23 25
24 12 12 19 11 17 21 26 19 9 16 20 12 26 27 8 20 7 28 14 24 11 8 7 28 28 0 18 18 27 16 24
10 7 16 20 7 20 7 18 3 16 2 21 7 17 11 12 19 16 11 7 15 7 10 18 16 17 18 0 4 10 6 10
13 9 14 17 7 17 11 14 7 14 6 18 7 13 9 11 16 15 10 10 11 9 12 17 13 14 18 4 0 9 10 13
16 17 22 22 16 23 15 14 12 22 13 23 16 13 0 20 21 23 1 17 12 17 21 25 10 11 27 10 9 0 16 16
8 4 19 24 8 23 5 23 5 17 4 25 8 23 17 12 23 16 17 2 20 6 8 18 23 23 16 6 10 16 0 8
0 12 25 30 15 29 3 27 6 24 9 31 15 26 16 19 29 24 17 10 24 13 15 26 24 25 24 10 13 16 8 0
,
0 33 28 51 38 44 4 38 15 40 19 91 44 45 26 20 44 63 42 11 40 15 18 76 36 40 65 17 38 46 20 0
21 0 31 24 10 27 13 31 11 30 6 35 8 61 31 19 58 36 26 2 27 2 4 16 53 37 28 15 15 21 5 14
44 40 0 21 19 10 48 27 35 3 34 19 28 44 25 14 18 8 55 32 20 36 34 14 40 20 35 35 40 28 32 36
66 57 22 0 48 6 40 12 52 27 32 3 38 15 62 27 2 14 45 42 20 53 53 34 23 40 27 21 17 51 28 86
35 8 12 37 0 29 34 48 18 24 8 40 1 19 33 10 39 27 39 17 34 8 16 32 33 23 32 10 17 32 14 26
33 29 15 3 16 0 35 26 35 22 26 10 32 14 27 25 11 25 24 51 14 43 54 30 33 19 39 31 50 38 28 49
5 12 28 80 30 60 0 69 11 37 9 50 14 46 27 21 76 31 21 15 57 14 18 44 39 34 55 11 16 24 9 4
47 24 31 23 22 36 52 0 23 37 32 23 34 2 40 36 24 54 27 27 4 32 69 34 9 9 59 34 40 41 68 64
16 20 46 24 13 35 5 42 0 49 4 31 11 24 34 31 61 54 31 15 37 17 11 59 40 32 39 7 12 21 8 9
66 27 4 22 11 10 33 36 55 0 17 30 27 37 57 5 22 7 58 26 20 33 27 10 35 53 24 19 19 40 22 27
18 13 45 31 17 22 19 34 5 32 0 35 8 40 34 13 44 19 31 11 28 7 13 37 32 40 24 6 16 29 10 11
40 65 12 2 24 4 68 29 44 25 35 0 17 17 39 40 3 21 42 54 19 40 56 19 44 36 26 25 22 50 71 91
43 8 14 18 1 19 32 50 27 24 12 18 0 34 29 10 23 23 17 10 23 10 12 23 41 28 17 8 7 25 10 22
56 47 22 35 31 30 65 2 46 36 22 27 46 0 25 53 29 60 36 49 3 22 27 23 10 3 71 46 14 14 44 47
17 51 57 57 42 64 33 18 20 60 36 34 18 23 0 30 27 37 1 21 14 41 33 72 24 23 38 29 27 1 17 25
34 14 21 26 11 27 30 36 19 10 22 33 12 50 36 0 37 6 39 27 27 16 10 9 61 25 17 15 12 36 15 39
33 56 20 4 23 4 57 28 29 31 49 3 29 18 38 31 0 38 45 55 27 37 34 40 26 22 51 48 20 30 28 41
53 34 10 31 13 12 44 36 37 3 30 25 12 53 45 12 30 0 48 34 43 23 12 4 38 22 19 45 31 39 36 44
29 22 58 39 40 52 24 29 21 48 30 38 30 19 1 54 28 42 0 26 28 18 58 65 19 18 72 15 25 3 25 18
16 2 32 23 8 23 12 50 19 31 6 46 19 49 18 26 56 29 36 0 54 5 6 48 28 40 36 18 21 19 6 15
51 40 20 20 33 37 36 6 52 38 36 34 27 6 14 47 10 46 17 46 0 43 53 24 15 8 65 16 13 16 33 60
18 4 16 38 3 27 18 60 15 33 7 54 8 23 38 7 55 12 34 10 40 0 4 35 21 31 32 18 24 33 6 31
45 8 30 46 10 35 27 50 25 21 21 52 17 30 46 17 28 29 49 6 23 3 0 15 26 60 9 16 19 22 9 32
75 38 6 14 27 26 62 52 52 10 36 36 11 47 38 17 32 5 52 41 46 21 31 0 34 26 10 37 27 41 25 40
59 51 20 46 22 19 61 6 21 47 46 37 27 7 16 62 15 41 27 56 15 32 42 36 0 2 45 34 29 21 38 59
68 36 36 16 33 35 39 7 22 25 49 33 47 5 28 50 24 23 26 60 10 62 47 24 3 0 55 39 20 12 43 33
68 22 22 49 25 29 51 28 52 20 39 35 22 44 39 8 26 15 43 21 47 16 25 7 32 72 0 33 42 44 47 43
28 13 29 48 9 32 13 37 6 32 4 31 21 19 19 18 23 33 28 10 26 11 15 37 24 49 24 0 8 13 10 24
21 18 26 21 20 21 23 30 11 27 8 53 11 19 25 17 22 43 13 24 18 22 30 17 25 26 32 5 0 26 24 18
23 46 52 56 36 40 27 27 20 56 35 62 27 29 1 58 42 60 3 39 22 26 51 71 12 21 55 25 13 0 40 28
22 7 34 54 18 66 10 67 8 18 7 71 23 42 21 34 34 34 20 3 23 16 16 53 61 27 45 17 25 23 0 19
0 22 33 73 21 78 8 69 12 28 11 72 30 51 30 32 62 67 37 20 47 26 31 57 54 34 29 26 25 21 19 0