5
30
,
0 (4.0, 23.0) 85.0
1 (25.0, 44.0) 89.0
2 (40.0, 44.0) 37.0
3 (13.0, 27.0) 44.0
4 (35.0, 46.0) 46.0
5 (2.0, 5.0) 71.0
6 (48.0, 23.0) 60.0
7 (9.0, 9.0) 38.0
8 (20.0, 44.0) 40.0
9 (10.0, 16.0) 34.0
10 (42.0, 45.0) 89.0
11 (14.0, 27.0) 60.0
12 (47.0, 21.0) 54.0
13 (32.0, 1.0) 83.0
14 (13.0, 36.0) 70.0
15 (41.0, 41.0) 46.0
16 (15.0, 45.0) 71.0
17 (33.0, 1.0) 61.0
18 (2.0, 20.0) 39.0
19 (42.0, 22.0) 62.0
20 (7.0, 26.0) 80.0
21 (2.0, 30.0) 72.0
22 (15.0, 49.0) 86.0
23 (47.0, 13.0) 90.0
24 (48.0, 16.0) 42.0
25 (2.0, 47.0) 68.0
26 (14.0, 13.0) 68.0
27 (21.0, 16.0) 44.0
28 (31.0, 1.0) 31.0
29 (2.0, 15.0) 39.0
,
0 12 25 30 15 29 3 27 6 24 9 31 15 26 16 19 29 24 17 10 24 13 15 26 24 25 24 10 13 16 8 0
12 0 15 21 5 19 9 22 7 13 5 22 5 22 18 8 21 12 18 2 19 2 4 14 22 22 12 7 9 17 4 12
25 15 0 8 10 5 23 16 19 2 16 9 10 16 22 7 8 5 22 17 14 13 13 6 19 18 12 16 14 22 19 25
30 21 8 0 16 3 27 11 23 10 21 1 16 12 22 14 2 13 22 22 11 19 20 13 16 15 19 20 17 22 24 30
15 5 10 16 0 15 12 18 9 9 6 17 0 17 16 4 16 9 16 7 15 3 6 11 18 18 11 7 7 16 8 15
29 19 5 3 15 0 26 13 23 8 20 4 14 14 23 12 4 10 23 21 12 17 18 10 18 16 17 20 17 23 23 29
3 9 23 27 12 26 0 25 4 21 7 28 13 24 15 16 27 21 16 8 22 11 12 23 23 24 21 7 11 15 5 3
27 22 16 11 18 13 25 0 21 18 19 11 17 1 14 19 10 20 13 23 3 21 23 21 5 4 26 18 14 14 23 27
6 7 19 23 9 23 4 21 0 18 4 24 9 20 12 14 23 18 13 7 18 9 11 20 19 20 19 3 7 12 5 6
24 13 2 10 9 8 21 18 18 0 15 11 9 18 22 5 11 3 22 15 16 11 11 4 21 20 9 16 14 22 17 24
9 5 16 21 6 20 7 19 4 15 0 22 6 19 13 10 20 15 14 4 16 5 8 17 19 19 16 2 6 13 4 9
31 22 9 1 17 4 28 11 24 11 22 0 17 12 23 15 2 14 22 24 12 20 21 14 16 15 20 21 18 23 25 31
15 5 10 16 0 14 13 17 9 9 6 17 0 17 16 5 15 9 16 7 14 4 6 11 18 18 12 7 7 16 8 15
26 22 16 12 17 14 24 1 20 18 19 12 17 0 12 19 10 20 12 23 3 20 23 21 4 3 26 17 13 13 23 26
16 18 22 22 16 23 15 14 12 22 13 23 16 12 0 20 20 24 0 18 12 18 21 25 10 11 27 11 9 0 17 16
19 8 7 14 4 12 16 19 14 5 10 15 5 19 20 0 14 5 20 10 16 6 6 7 21 20 8 12 11 20 12 19
29 21 8 2 16 4 27 10 23 11 20 2 15 10 20 14 0 13 20 22 10 19 20 14 14 13 20 19 16 21 23 29
24 12 5 13 9 10 21 20 18 3 15 14 9 20 24 5 13 0 24 14 18 10 10 2 23 22 7 16 15 23 16 24
17 18 22 22 16 23 16 13 13 22 14 22 16 12 0 20 20 24 0 18 11 18 21 26 9 11 28 11 10 1 17 17
10 2 17 22 7 21 8 23 7 15 4 24 7 23 18 10 22 14 18 0 20 4 5 16 23 23 14 7 10 17 2 10
24 19 14 11 15 12 22 3 18 16 16 12 14 3 12 16 10 18 11 20 0 18 20 19 5 4 24 15 11 12 20 24
13 2 13 19 3 17 11 21 9 11 5 20 4 20 18 6 19 10 18 4 18 0 3 12 21 21 11 7 9 17 6 13
15 4 13 20 6 18 12 23 11 11 8 21 6 23 21 6 20 10 21 5 20 3 0 12 24 24 8 10 12 21 8 15
26 14 6 13 11 10 23 21 20 4 17 14 11 21 25 7 14 2 26 16 19 12 12 0 24 23 7 18 17 25 18 26
24 22 19 16 18 18 23 5 19 21 19 16 18 4 10 21 14 23 9 23 5 21 24 24 0 2 28 16 13 10 23 24
25 22 18 15 18 16 24 4 20 20 19 15 18 3 11 20 13 22 11 23 4 21 24 23 2 0 28 17 14 11 23 25
24 12 12 19 11 17 21 26 19 9 16 20 12 26 27 8 20 7 28 14 24 11 8 7 28 28 0 18 18 27 16 24
10 7 16 20 7 20 7 18 3 16 2 21 7 17 11 12 19 16 11 7 15 7 10 18 16 17 18 0 4 10 6 10
13 9 14 17 7 17 11 14 7 14 6 18 7 13 9 11 16 15 10 10 11 9 12 17 13 14 18 4 0 9 10 13
16 17 22 22 16 23 15 14 12 22 13 23 16 13 0 20 21 23 1 17 12 17 21 25 10 11 27 10 9 0 16 16
8 4 19 24 8 23 5 23 5 17 4 25 8 23 17 12 23 16 17 2 20 6 8 18 23 23 16 6 10 16 0 8
0 12 25 30 15 29 3 27 6 24 9 31 15 26 16 19 29 24 17 10 24 13 15 26 24 25 24 10 13 16 8 0
,
0 12 72 52 42 47 8 78 15 62 17 68 37 56 35 54 83 37 28 15 66 37 17 41 35 42 60 18 32 42 16 0
30 0 18 43 14 42 21 34 18 19 6 37 9 52 41 9 31 18 27 5 20 2 4 42 25 54 30 20 17 18 5 25
75 40 0 9 16 9 35 28 44 6 47 22 19 28 25 19 10 11 43 19 37 31 39 15 21 27 28 48 23 41 42 47
35 46 14 0 38 6 45 32 62 16 24 2 26 13 64 26 3 33 48 43 16 24 29 16 30 22 52 39 20 35 51 52
22 6 22 25 0 36 28 31 24 10 14 50 1 34 45 6 20 20 22 7 18 7 16 13 45 43 22 19 10 39 8 28
78 35 5 8 30 0 51 17 25 14 34 6 24 35 39 19 9 24 46 32 36 28 47 11 25 48 25 48 40 37 66 41
7 25 43 59 26 44 0 51 10 39 13 42 31 67 30 23 37 51 18 11 22 11 27 45 57 44 37 12 12 19 12 3
70 44 23 29 35 27 67 0 40 27 36 30 47 2 31 34 19 24 38 32 4 22 55 40 11 10 71 45 27 27 61 69
12 7 30 32 25 28 6 52 0 42 8 46 22 28 32 31 33 35 31 15 22 11 15 51 21 40 56 9 8 22 13 11
45 14 4 25 25 19 24 23 45 0 19 23 22 43 51 7 27 6 45 29 42 23 12 6 32 41 19 41 31 48 21 55
23 13 24 57 9 32 11 44 6 21 0 29 8 30 39 29 21 18 23 8 44 9 20 28 43 21 28 6 9 32 9 28
69 57 25 2 31 8 74 28 41 17 52 0 46 36 50 28 6 40 62 55 32 26 64 29 27 43 58 63 30 67 45 39
38 10 16 38 1 20 24 25 22 11 11 31 0 47 23 6 45 25 24 12 39 6 14 15 21 22 25 14 19 32 14 30
74 56 44 16 48 29 38 1 43 43 54 24 38 0 13 37 26 60 18 50 4 27 48 55 5 3 68 32 39 37 60 68
46 52 26 43 19 50 32 25 13 47 38 54 34 28 0 40 50 44 1 19 22 23 37 39 17 23 29 19 20 1 46 33
31 14 18 30 12 13 24 24 27 15 22 29 10 55 44 0 25 10 41 23 43 15 7 15 31 50 18 30 14 47 32 57
69 49 17 3 28 10 63 14 45 24 58 6 36 23 42 15 0 15 52 31 13 30 23 38 38 32 26 44 33 52 52 37
46 24 13 35 26 14 45 26 39 7 20 25 14 41 38 8 36 0 58 34 51 22 12 4 24 31 7 43 31 49 24 49
25 38 26 51 27 38 36 19 21 53 30 24 25 27 1 50 38 37 0 27 11 30 24 52 23 19 37 27 18 1 32 27
28 5 39 32 14 23 9 37 19 43 5 37 9 39 34 14 26 39 30 0 57 11 5 35 28 64 34 19 29 35 6 23
28 31 21 25 18 30 43 7 36 42 23 13 17 3 23 32 25 23 21 36 0 27 29 55 6 10 39 23 22 26 56 57
40 5 14 35 6 40 11 60 24 16 13 22 8 38 20 10 54 17 21 9 32 0 8 16 28 58 11 14 19 34 13 24
31 5 21 24 6 45 30 66 31 31 22 44 9 37 49 11 39 16 28 8 27 4 0 13 66 55 21 20 16 49 15 21
41 41 6 30 18 27 44 33 45 10 35 20 16 42 54 10 17 3 34 30 46 17 22 0 35 41 9 28 49 27 21 56
62 41 34 34 20 20 62 13 27 31 36 32 35 10 24 32 30 66 20 31 8 55 48 38 0 2 69 33 26 27 38 73
73 66 41 36 36 33 30 7 32 31 45 16 27 4 23 55 21 38 26 54 9 38 44 31 2 0 54 42 23 15 40 54
37 35 25 30 30 19 32 51 34 27 22 42 25 77 78 15 55 17 83 25 60 23 10 12 83 36 0 52 37 55 31 55
12 11 41 39 21 28 18 46 9 17 6 60 10 34 20 22 23 30 24 14 19 13 21 20 45 47 28 0 9 31 17 11
16 26 23 32 19 17 18 15 15 32 8 38 7 22 15 29 40 42 18 13 15 21 29 22 18 19 30 7 0 26 12 31
45 24 41 50 42 64 19 35 33 43 29 36 37 25 1 45 29 47 2 45 31 21 29 66 24 25 47 15 20 0 47 34
11 5 24 50 14 66 9 41 9 18 6 71 23 48 44 26 39 36 31 6 38 17 21 28 67 60 27 15 22 32 0 12
0 26 29 80 16 56 6 67 12 25 25 80 38 41 18 49 81 66 25 24 52 26 33 59 35 56 51 22 30 26 20 0