5
30
,
0 (4.0, 23.0) 31.0
1 (25.0, 44.0) 43.0
2 (40.0, 44.0) 38.0
3 (13.0, 27.0) 31.0
4 (35.0, 46.0) 61.0
5 (2.0, 5.0) 56.0
6 (48.0, 23.0) 90.0
7 (9.0, 9.0) 34.0
8 (20.0, 44.0) 65.0
9 (10.0, 16.0) 37.0
10 (42.0, 45.0) 65.0
11 (14.0, 27.0) 57.0
12 (47.0, 21.0) 79.0
13 (32.0, 1.0) 88.0
14 (13.0, 36.0) 86.0
15 (41.0, 41.0) 53.0
16 (15.0, 45.0) 61.0
17 (33.0, 1.0) 33.0
18 (2.0, 20.0) 37.0
19 (42.0, 22.0) 34.0
20 (7.0, 26.0) 44.0
21 (2.0, 30.0) 46.0
22 (15.0, 49.0) 40.0
23 (47.0, 13.0) 84.0
24 (48.0, 16.0) 44.0
25 (2.0, 47.0) 70.0
26 (14.0, 13.0) 38.0
27 (21.0, 16.0) 40.0
28 (31.0, 1.0) 77.0
29 (2.0, 15.0) 62.0
,
0 12 25 30 15 29 3 27 6 24 9 31 15 26 16 19 29 24 17 10 24 13 15 26 24 25 24 10 13 16 8 0
12 0 15 21 5 19 9 22 7 13 5 22 5 22 18 8 21 12 18 2 19 2 4 14 22 22 12 7 9 17 4 12
25 15 0 8 10 5 23 16 19 2 16 9 10 16 22 7 8 5 22 17 14 13 13 6 19 18 12 16 14 22 19 25
30 21 8 0 16 3 27 11 23 10 21 1 16 12 22 14 2 13 22 22 11 19 20 13 16 15 19 20 17 22 24 30
15 5 10 16 0 15 12 18 9 9 6 17 0 17 16 4 16 9 16 7 15 3 6 11 18 18 11 7 7 16 8 15
29 19 5 3 15 0 26 13 23 8 20 4 14 14 23 12 4 10 23 21 12 17 18 10 18 16 17 20 17 23 23 29
3 9 23 27 12 26 0 25 4 21 7 28 13 24 15 16 27 21 16 8 22 11 12 23 23 24 21 7 11 15 5 3
27 22 16 11 18 13 25 0 21 18 19 11 17 1 14 19 10 20 13 23 3 21 23 21 5 4 26 18 14 14 23 27
6 7 19 23 9 23 4 21 0 18 4 24 9 20 12 14 23 18 13 7 18 9 11 20 19 20 19 3 7 12 5 6
24 13 2 10 9 8 21 18 18 0 15 11 9 18 22 5 11 3 22 15 16 11 11 4 21 20 9 16 14 22 17 24
9 5 16 21 6 20 7 19 4 15 0 22 6 19 13 10 20 15 14 4 16 5 8 17 19 19 16 2 6 13 4 9
31 22 9 1 17 4 28 11 24 11 22 0 17 12 23 15 2 14 22 24 12 20 21 14 16 15 20 21 18 23 25 31
15 5 10 16 0 14 13 17 9 9 6 17 0 17 16 5 15 9 16 7 14 4 6 11 18 18 12 7 7 16 8 15
26 22 16 12 17 14 24 1 20 18 19 12 17 0 12 19 10 20 12 23 3 20 23 21 4 3 26 17 13 13 23 26
16 18 22 22 16 23 15 14 12 22 13 23 16 12 0 20 20 24 0 18 12 18 21 25 10 11 27 11 9 0 17 16
19 8 7 14 4 12 16 19 14 5 10 15 5 19 20 0 14 5 20 10 16 6 6 7 21 20 8 12 11 20 12 19
29 21 8 2 16 4 27 10 23 11 20 2 15 10 20 14 0 13 20 22 10 19 20 14 14 13 20 19 16 21 23 29
24 12 5 13 9 10 21 20 18 3 15 14 9 20 24 5 13 0 24 14 18 10 10 2 23 22 7 16 15 23 16 24
17 18 22 22 16 23 16 13 13 22 14 22 16 12 0 20 20 24 0 18 11 18 21 26 9 11 28 11 10 1 17 17
10 2 17 22 7 21 8 23 7 15 4 24 7 23 18 10 22 14 18 0 20 4 5 16 23 23 14 7 10 17 2 10
24 19 14 11 15 12 22 3 18 16 16 12 14 3 12 16 10 18 11 20 0 18 20 19 5 4 24 15 11 12 20 24
13 2 13 19 3 17 11 21 9 11 5 20 4 20 18 6 19 10 18 4 18 0 3 12 21 21 11 7 9 17 6 13
15 4 13 20 6 18 12 23 11 11 8 21 6 23 21 6 20 10 21 5 20 3 0 12 24 24 8 10 12 21 8 15
26 14 6 13 11 10 23 21 20 4 17 14 11 21 25 7 14 2 26 16 19 12 12 0 24 23 7 18 17 25 18 26
24 22 19 16 18 18 23 5 19 21 19 16 18 4 10 21 14 23 9 23 5 21 24 24 0 2 28 16 13 10 23 24
25 22 18 15 18 16 24 4 20 20 19 15 18 3 11 20 13 22 11 23 4 21 24 23 2 0 28 17 14 11 23 25
24 12 12 19 11 17 21 26 19 9 16 20 12 26 27 8 20 7 28 14 24 11 8 7 28 28 0 18 18 27 16 24
10 7 16 20 7 20 7 18 3 16 2 21 7 17 11 12 19 16 11 7 15 7 10 18 16 17 18 0 4 10 6 10
13 9 14 17 7 17 11 14 7 14 6 18 7 13 9 11 16 15 10 10 11 9 12 17 13 14 18 4 0 9 10 13
16 17 22 22 16 23 15 14 12 22 13 23 16 13 0 20 21 23 1 17 12 17 21 25 10 11 27 10 9 0 16 16
8 4 19 24 8 23 5 23 5 17 4 25 8 23 17 12 23 16 17 2 20 6 8 18 23 23 16 6 10 16 0 8
0 12 25 30 15 29 3 27 6 24 9 31 15 26 16 19 29 24 17 10 24 13 15 26 24 25 24 10 13 16 8 0
,
0 13 33 36 34 44 4 72 10 24 20 67 41 30 34 42 48 69 21 14 62 29 30 70 69 37 26 15 24 44 21 0
32 0 21 26 6 50 22 50 11 36 10 28 8 35 51 22 32 34 39 4 40 3 5 36 63 34 17 21 19 27 12 23
47 32 0 20 20 8 64 17 20 3 27 22 25 38 30 17 10 5 35 35 22 35 25 8 56 23 33 45 42 36 26 39
55 29 19 0 16 7 45 17 35 10 33 3 32 26 46 29 2 24 57 42 23 41 40 34 24 33 41 46 49 27 36 58
21 8 29 23 0 43 36 52 23 27 9 22 1 32 38 6 29 24 21 8 19 5 17 18 36 25 16 10 20 43 12 43
71 24 9 5 22 0 33 14 54 17 28 5 21 17 32 20 5 26 23 23 16 40 34 12 48 41 33 52 43 57 65 51
4 24 64 76 20 70 0 64 9 47 8 58 31 46 32 22 46 29 18 17 37 17 18 65 40 45 24 8 13 22 10 4
39 50 33 14 50 23 59 0 60 21 54 14 28 2 25 44 10 26 25 29 6 27 40 34 8 10 29 37 40 40 39 42
13 22 54 31 15 54 7 55 0 50 10 47 13 32 27 20 63 21 28 19 37 23 19 54 44 49 20 5 7 31 6 6
49 23 4 24 27 14 54 25 40 0 16 26 16 35 50 7 17 6 58 31 24 31 25 6 31 44 24 23 17 64 36 55
12 11 40 26 6 32 11 45 6 32 0 35 9 28 31 23 37 33 31 9 23 11 15 23 29 50 18 3 6 20 9 26
43 30 15 2 37 9 60 17 53 25 58 0 23 25 52 27 5 37 50 63 12 43 47 33 39 37 52 59 48 44 29 52
20 7 19 35 1 23 27 46 15 13 9 29 0 42 34 8 36 10 27 18 42 9 7 31 35 37 35 17 7 37 16 29
70 32 22 12 39 24 36 3 56 47 28 26 44 0 37 40 19 38 30 59 5 52 48 43 4 5 76 42 31 38 61 42
41 27 24 39 38 66 29 19 29 42 32 35 26 20 0 49 33 38 1 41 21 21 48 63 24 14 69 23 28 1 46 16
50 19 15 30 13 36 19 42 32 15 23 21 8 26 46 0 25 12 46 28 18 14 12 15 30 60 22 30 31 39 30 26
84 22 20 4 38 10 37 26 40 14 45 5 25 19 36 16 0 33 32 40 14 40 59 29 40 23 23 24 24 40 26 74
42 27 6 26 14 11 53 46 50 6 16 21 17 55 44 9 39 0 49 38 28 11 20 6 32 62 9 17 29 55 35 68
27 44 46 62 42 57 23 19 15 37 32 46 33 24 1 26 31 61 0 30 30 43 40 74 16 22 53 25 17 2 18 44
22 5 42 39 14 52 8 44 18 38 6 28 13 47 23 12 39 34 23 0 42 11 8 35 34 44 39 15 21 27 7 12
62 42 41 28 28 21 46 4 28 32 26 16 21 4 34 45 10 18 30 59 0 47 30 43 5 11 42 37 17 34 33 62
22 5 31 46 8 31 27 24 17 15 15 24 5 34 22 15 40 21 46 5 43 0 7 16 60 56 12 12 14 43 14 17
29 5 17 47 14 21 14 56 21 13 14 55 9 23 59 8 30 16 33 9 29 7 0 18 49 24 10 14 20 52 21 24
59 26 16 17 15 26 51 31 45 4 42 40 18 40 42 16 40 3 30 25 53 23 30 0 70 27 13 33 38 47 25 66
54 57 27 45 51 51 59 7 34 26 49 48 28 9 21 26 19 31 13 36 6 37 43 66 0 4 79 42 15 23 57 38
71 27 36 37 53 45 38 7 51 28 40 41 24 7 20 28 25 63 17 36 6 23 52 38 3 0 47 20 24 26 53 52
47 21 17 39 15 18 27 57 30 12 27 57 18 69 70 10 50 17 28 38 40 31 24 17 81 76 0 44 22 79 23 35
20 9 42 22 20 42 8 18 3 26 6 32 19 31 30 34 33 25 17 8 28 21 16 29 35 29 39 0 8 27 11 13
27 26 42 25 8 31 31 15 19 24 12 36 14 30 15 24 19 18 12 28 17 9 24 28 21 17 34 8 0 10 19 19
26 30 45 66 44 39 35 38 20 64 16 27 34 30 1 26 58 27 3 49 31 38 31 31 20 26 76 26 15 0 25 39
18 8 31 46 18 23 9 70 8 30 8 40 10 50 50 18 33 37 22 7 29 16 9 29 50 31 28 11 16 17 0 20
0 31 64 80 24 48 3 57 11 31 10 43 25 73 23 26 79 37 27 28 35 37 36 50 40 53 27 12 33 33 14 0