5
30
,
0 (4.0, 23.0) 43.0
1 (25.0, 44.0) 68.0
2 (40.0, 44.0) 76.0
3 (13.0, 27.0) 31.0
4 (35.0, 46.0) 50.0
5 (2.0, 5.0) 66.0
6 (48.0, 23.0) 62.0
7 (9.0, 9.0) 41.0
8 (20.0, 44.0) 32.0
9 (10.0, 16.0) 33.0
10 (42.0, 45.0) 66.0
11 (14.0, 27.0) 32.0
12 (47.0, 21.0) 31.0
13 (32.0, 1.0) 48.0
14 (13.0, 36.0) 69.0
15 (41.0, 41.0) 55.0
16 (15.0, 45.0) 88.0
17 (33.0, 1.0) 54.0
18 (2.0, 20.0) 56.0
19 (42.0, 22.0) 82.0
20 (7.0, 26.0) 55.0
21 (2.0, 30.0) 38.0
22 (15.0, 49.0) 82.0
23 (47.0, 13.0) 86.0
24 (48.0, 16.0) 64.0
25 (2.0, 47.0) 55.0
26 (14.0, 13.0) 57.0
27 (21.0, 16.0) 43.0
28 (31.0, 1.0) 37.0
29 (2.0, 15.0) 41.0
,
0 12 25 30 15 29 3 27 6 24 9 31 15 26 16 19 29 24 17 10 24 13 15 26 24 25 24 10 13 16 8 0
12 0 15 21 5 19 9 22 7 13 5 22 5 22 18 8 21 12 18 2 19 2 4 14 22 22 12 7 9 17 4 12
25 15 0 8 10 5 23 16 19 2 16 9 10 16 22 7 8 5 22 17 14 13 13 6 19 18 12 16 14 22 19 25
30 21 8 0 16 3 27 11 23 10 21 1 16 12 22 14 2 13 22 22 11 19 20 13 16 15 19 20 17 22 24 30
15 5 10 16 0 15 12 18 9 9 6 17 0 17 16 4 16 9 16 7 15 3 6 11 18 18 11 7 7 16 8 15
29 19 5 3 15 0 26 13 23 8 20 4 14 14 23 12 4 10 23 21 12 17 18 10 18 16 17 20 17 23 23 29
3 9 23 27 12 26 0 25 4 21 7 28 13 24 15 16 27 21 16 8 22 11 12 23 23 24 21 7 11 15 5 3
27 22 16 11 18 13 25 0 21 18 19 11 17 1 14 19 10 20 13 23 3 21 23 21 5 4 26 18 14 14 23 27
6 7 19 23 9 23 4 21 0 18 4 24 9 20 12 14 23 18 13 7 18 9 11 20 19 20 19 3 7 12 5 6
24 13 2 10 9 8 21 18 18 0 15 11 9 18 22 5 11 3 22 15 16 11 11 4 21 20 9 16 14 22 17 24
9 5 16 21 6 20 7 19 4 15 0 22 6 19 13 10 20 15 14 4 16 5 8 17 19 19 16 2 6 13 4 9
31 22 9 1 17 4 28 11 24 11 22 0 17 12 23 15 2 14 22 24 12 20 21 14 16 15 20 21 18 23 25 31
15 5 10 16 0 14 13 17 9 9 6 17 0 17 16 5 15 9 16 7 14 4 6 11 18 18 12 7 7 16 8 15
26 22 16 12 17 14 24 1 20 18 19 12 17 0 12 19 10 20 12 23 3 20 23 21 4 3 26 17 13 13 23 26
16 18 22 22 16 23 15 14 12 22 13 23 16 12 0 20 20 24 0 18 12 18 21 25 10 11 27 11 9 0 17 16
19 8 7 14 4 12 16 19 14 5 10 15 5 19 20 0 14 5 20 10 16 6 6 7 21 20 8 12 11 20 12 19
29 21 8 2 16 4 27 10 23 11 20 2 15 10 20 14 0 13 20 22 10 19 20 14 14 13 20 19 16 21 23 29
24 12 5 13 9 10 21 20 18 3 15 14 9 20 24 5 13 0 24 14 18 10 10 2 23 22 7 16 15 23 16 24
17 18 22 22 16 23 16 13 13 22 14 22 16 12 0 20 20 24 0 18 11 18 21 26 9 11 28 11 10 1 17 17
10 2 17 22 7 21 8 23 7 15 4 24 7 23 18 10 22 14 18 0 20 4 5 16 23 23 14 7 10 17 2 10
24 19 14 11 15 12 22 3 18 16 16 12 14 3 12 16 10 18 11 20 0 18 20 19 5 4 24 15 11 12 20 24
13 2 13 19 3 17 11 21 9 11 5 20 4 20 18 6 19 10 18 4 18 0 3 12 21 21 11 7 9 17 6 13
15 4 13 20 6 18 12 23 11 11 8 21 6 23 21 6 20 10 21 5 20 3 0 12 24 24 8 10 12 21 8 15
26 14 6 13 11 10 23 21 20 4 17 14 11 21 25 7 14 2 26 16 19 12 12 0 24 23 7 18 17 25 18 26
24 22 19 16 18 18 23 5 19 21 19 16 18 4 10 21 14 23 9 23 5 21 24 24 0 2 28 16 13 10 23 24
25 22 18 15 18 16 24 4 20 20 19 15 18 3 11 20 13 22 11 23 4 21 24 23 2 0 28 17 14 11 23 25
24 12 12 19 11 17 21 26 19 9 16 20 12 26 27 8 20 7 28 14 24 11 8 7 28 28 0 18 18 27 16 24
10 7 16 20 7 20 7 18 3 16 2 21 7 17 11 12 19 16 11 7 15 7 10 18 16 17 18 0 4 10 6 10
13 9 14 17 7 17 11 14 7 14 6 18 7 13 9 11 16 15 10 10 11 9 12 17 13 14 18 4 0 9 10 13
16 17 22 22 16 23 15 14 12 22 13 23 16 13 0 20 21 23 1 17 12 17 21 25 10 11 27 10 9 0 16 16
8 4 19 24 8 23 5 23 5 17 4 25 8 23 17 12 23 16 17 2 20 6 8 18 23 23 16 6 10 16 0 8
0 12 25 30 15 29 3 27 6 24 9 31 15 26 16 19 29 24 17 10 24 13 15 26 24 25 24 10 13 16 8 0
,
0 33 65 31 43 52 6 77 18 59 21 69 28 44 42 35 52 34 45 28 58 32 29 68 25 62 45 27 22 35 13 0
30 0 32 42 14 57 12 57 9 24 6 61 16 31 21 17 39 15 39 3 35 5 9 21 30 64 35 8 25 37 7 32
47 23 0 13 30 14 24 23 31 3 40 21 25 19 36 16 18 9 59 46 20 18 26 8 21 54 27 17 28 22 27 50
54 41 8 0 35 4 79 19 31 17 36 2 18 30 52 17 2 24 63 67 14 20 27 33 35 32 33 58 49 59 48 63
38 13 25 26 0 20 17 31 20 17 16 43 1 50 37 9 25 26 36 12 28 4 8 30 43 21 22 17 19 16 21 18
53 28 6 7 36 0 31 24 52 10 37 10 20 31 28 25 6 15 50 53 18 31 37 14 22 27 48 34 40 42 66 59
6 26 44 55 35 35 0 33 11 44 18 66 23 54 41 21 71 48 18 9 40 19 23 58 63 24 48 7 29 25 8 8
32 30 46 22 48 39 47 0 29 39 31 26 28 2 29 20 14 23 37 44 5 31 35 29 15 10 32 48 34 25 49 79
14 11 30 67 21 24 6 21 0 27 8 33 21 49 31 21 50 53 15 15 53 22 27 45 20 52 26 7 12 20 12 9
67 18 6 29 18 14 23 22 50 0 27 14 15 23 25 5 32 5 45 42 23 13 15 5 43 59 13 20 33 63 20 54
21 5 44 34 11 26 19 40 7 20 0 22 11 25 28 21 25 38 22 9 25 9 21 38 36 25 27 7 7 22 11 20
65 61 16 3 36 6 72 22 61 26 54 0 33 28 35 42 3 15 38 52 20 55 39 22 32 33 30 46 41 48 44 90
40 7 14 42 1 25 30 48 13 11 12 40 0 32 33 10 18 25 29 13 28 4 14 27 37 24 27 19 11 35 21 26
56 41 33 21 20 38 43 3 50 21 28 35 26 0 26 46 13 51 15 34 3 44 57 42 9 3 75 46 27 33 67 62
39 33 56 65 37 27 32 19 20 47 29 65 32 26 0 41 34 66 1 41 28 32 45 75 12 22 30 26 21 1 20 23
26 21 9 38 9 35 31 46 31 8 18 42 5 31 26 0 41 6 57 28 17 9 7 13 61 25 10 21 12 51 17 37
37 39 14 4 17 7 66 28 64 24 57 4 41 16 51 28 0 14 46 35 24 22 48 39 42 31 25 36 18 61 36 46
44 23 9 25 14 17 55 47 43 7 22 23 25 31 42 7 23 0 52 25 29 25 28 5 42 53 14 29 35 50 36 58
39 34 65 57 45 46 25 25 17 55 24 46 24 28 1 54 34 34 0 50 34 49 61 37 11 21 44 19 11 2 23 47
22 5 30 37 10 59 11 41 17 20 5 67 16 37 36 29 63 38 52 0 28 11 14 42 24 60 20 16 27 17 5 21
30 23 32 31 25 27 52 5 37 43 18 32 14 7 20 35 25 37 31 55 0 28 29 33 8 6 44 29 26 15 46 53
21 3 29 30 7 39 19 62 16 14 8 24 8 44 46 8 23 18 45 6 25 0 8 15 24 32 17 17 16 30 10 16
42 8 37 52 8 49 25 60 16 29 13 51 12 34 42 12 31 25 35 8 27 6 0 19 25 72 21 21 19 54 10 41
76 25 10 19 23 21 56 25 34 9 43 28 13 47 60 14 18 4 32 44 57 24 34 0 27 66 7 35 39 27 53 76
61 39 25 39 30 34 26 12 35 57 45 45 26 11 10 44 35 59 13 35 9 33 29 45 0 4 56 30 23 25 52 60
42 64 23 39 50 24 31 8 26 31 35 34 49 4 15 39 32 36 22 58 12 25 48 53 3 0 66 27 31 23 30 73
48 36 32 56 18 43 38 31 38 24 26 40 20 45 78 17 41 12 78 28 55 18 14 13 66 52 0 38 49 48 24 34
26 9 24 23 18 30 18 48 8 23 3 28 17 35 15 15 41 21 20 8 37 19 11 43 39 43 48 0 7 31 9 17
15 16 17 19 20 48 18 15 7 26 8 47 9 22 26 18 31 33 18 11 31 15 25 24 24 14 40 7 0 25 17 25
30 24 52 38 27 26 28 14 13 65 18 26 17 20 1 58 36 27 2 45 12 41 33 45 22 14 29 23 27 0 20 35
16 12 48 47 12 46 8 26 11 41 8 54 11 51 17 13 28 36 34 5 20 9 12 45 30 31 35 10 16 20 0 21
0 12 47 82 41 45 6 80 10 60 19 74 23 65 31 34 33 43 31 15 47 30 32 76 55 42 25 23 21 39 18 0