5
30
,
0 (4.0, 23.0) 45.0
1 (25.0, 44.0) 57.0
2 (40.0, 44.0) 70.0
3 (13.0, 27.0) 36.0
4 (35.0, 46.0) 72.0
5 (2.0, 5.0) 60.0
6 (48.0, 23.0) 74.0
7 (9.0, 9.0) 77.0
8 (20.0, 44.0) 39.0
9 (10.0, 16.0) 32.0
10 (42.0, 45.0) 79.0
11 (14.0, 27.0) 58.0
12 (47.0, 21.0) 44.0
13 (32.0, 1.0) 42.0
14 (13.0, 36.0) 57.0
15 (41.0, 41.0) 84.0
16 (15.0, 45.0) 80.0
17 (33.0, 1.0) 38.0
18 (2.0, 20.0) 61.0
19 (42.0, 22.0) 88.0
20 (7.0, 26.0) 43.0
21 (2.0, 30.0) 69.0
22 (15.0, 49.0) 49.0
23 (47.0, 13.0) 86.0
24 (48.0, 16.0) 34.0
25 (2.0, 47.0) 77.0
26 (14.0, 13.0) 31.0
27 (21.0, 16.0) 35.0
28 (31.0, 1.0) 32.0
29 (2.0, 15.0) 58.0
,
0 12 25 30 15 29 3 27 6 24 9 31 15 26 16 19 29 24 17 10 24 13 15 26 24 25 24 10 13 16 8 0
12 0 15 21 5 19 9 22 7 13 5 22 5 22 18 8 21 12 18 2 19 2 4 14 22 22 12 7 9 17 4 12
25 15 0 8 10 5 23 16 19 2 16 9 10 16 22 7 8 5 22 17 14 13 13 6 19 18 12 16 14 22 19 25
30 21 8 0 16 3 27 11 23 10 21 1 16 12 22 14 2 13 22 22 11 19 20 13 16 15 19 20 17 22 24 30
15 5 10 16 0 15 12 18 9 9 6 17 0 17 16 4 16 9 16 7 15 3 6 11 18 18 11 7 7 16 8 15
29 19 5 3 15 0 26 13 23 8 20 4 14 14 23 12 4 10 23 21 12 17 18 10 18 16 17 20 17 23 23 29
3 9 23 27 12 26 0 25 4 21 7 28 13 24 15 16 27 21 16 8 22 11 12 23 23 24 21 7 11 15 5 3
27 22 16 11 18 13 25 0 21 18 19 11 17 1 14 19 10 20 13 23 3 21 23 21 5 4 26 18 14 14 23 27
6 7 19 23 9 23 4 21 0 18 4 24 9 20 12 14 23 18 13 7 18 9 11 20 19 20 19 3 7 12 5 6
24 13 2 10 9 8 21 18 18 0 15 11 9 18 22 5 11 3 22 15 16 11 11 4 21 20 9 16 14 22 17 24
9 5 16 21 6 20 7 19 4 15 0 22 6 19 13 10 20 15 14 4 16 5 8 17 19 19 16 2 6 13 4 9
31 22 9 1 17 4 28 11 24 11 22 0 17 12 23 15 2 14 22 24 12 20 21 14 16 15 20 21 18 23 25 31
15 5 10 16 0 14 13 17 9 9 6 17 0 17 16 5 15 9 16 7 14 4 6 11 18 18 12 7 7 16 8 15
26 22 16 12 17 14 24 1 20 18 19 12 17 0 12 19 10 20 12 23 3 20 23 21 4 3 26 17 13 13 23 26
16 18 22 22 16 23 15 14 12 22 13 23 16 12 0 20 20 24 0 18 12 18 21 25 10 11 27 11 9 0 17 16
19 8 7 14 4 12 16 19 14 5 10 15 5 19 20 0 14 5 20 10 16 6 6 7 21 20 8 12 11 20 12 19
29 21 8 2 16 4 27 10 23 11 20 2 15 10 20 14 0 13 20 22 10 19 20 14 14 13 20 19 16 21 23 29
24 12 5 13 9 10 21 20 18 3 15 14 9 20 24 5 13 0 24 14 18 10 10 2 23 22 7 16 15 23 16 24
17 18 22 22 16 23 16 13 13 22 14 22 16 12 0 20 20 24 0 18 11 18 21 26 9 11 28 11 10 1 17 17
10 2 17 22 7 21 8 23 7 15 4 24 7 23 18 10 22 14 18 0 20 4 5 16 23 23 14 7 10 17 2 10
24 19 14 11 15 12 22 3 18 16 16 12 14 3 12 16 10 18 11 20 0 18 20 19 5 4 24 15 11 12 20 24
13 2 13 19 3 17 11 21 9 11 5 20 4 20 18 6 19 10 18 4 18 0 3 12 21 21 11 7 9 17 6 13
15 4 13 20 6 18 12 23 11 11 8 21 6 23 21 6 20 10 21 5 20 3 0 12 24 24 8 10 12 21 8 15
26 14 6 13 11 10 23 21 20 4 17 14 11 21 25 7 14 2 26 16 19 12 12 0 24 23 7 18 17 25 18 26
24 22 19 16 18 18 23 5 19 21 19 16 18 4 10 21 14 23 9 23 5 21 24 24 0 2 28 16 13 10 23 24
25 22 18 15 18 16 24 4 20 20 19 15 18 3 11 20 13 22 11 23 4 21 24 23 2 0 28 17 14 11 23 25
24 12 12 19 11 17 21 26 19 9 16 20 12 26 27 8 20 7 28 14 24 11 8 7 28 28 0 18 18 27 16 24
10 7 16 20 7 20 7 18 3 16 2 21 7 17 11 12 19 16 11 7 15 7 10 18 16 17 18 0 4 10 6 10
13 9 14 17 7 17 11 14 7 14 6 18 7 13 9 11 16 15 10 10 11 9 12 17 13 14 18 4 0 9 10 13
16 17 22 22 16 23 15 14 12 22 13 23 16 13 0 20 21 23 1 17 12 17 21 25 10 11 27 10 9 0 16 16
8 4 19 24 8 23 5 23 5 17 4 25 8 23 17 12 23 16 17 2 20 6 8 18 23 23 16 6 10 16 0 8
0 12 25 30 15 29 3 27 6 24 9 31 15 26 16 19 29 24 17 10 24 13 15 26 24 25 24 10 13 16 8 0
,
0 24 43 62 19 66 4 48 12 66 20 53 43 77 36 48 40 64 36 12 68 22 29 57 68 27 37 21 31 34 11 0
24 0 35 56 9 31 19 44 10 31 11 59 10 60 45 9 41 18 45 5 40 5 4 21 51 49 27 14 12 43 5 12
62 25 0 10 27 8 65 30 49 3 27 25 24 32 25 8 18 8 43 24 32 37 24 11 22 19 20 30 41 25 44 48
49 39 18 0 32 8 55 18 26 10 58 3 44 33 50 23 2 31 45 30 21 41 58 32 28 15 38 36 42 42 49 57
38 11 18 43 0 15 26 39 22 13 14 44 1 46 19 5 24 11 24 13 18 5 17 32 35 53 33 8 10 33 17 22
69 33 15 6 17 0 51 22 43 18 54 4 40 19 25 24 5 20 23 37 16 37 47 29 29 48 18 30 20 32 38 44
8 13 45 54 19 37 0 66 7 55 20 62 33 68 30 38 76 56 17 16 52 19 29 47 36 36 28 22 27 38 9 6
64 35 18 27 53 19 72 0 32 48 39 22 47 1 31 52 20 30 37 40 3 49 66 33 10 9 42 37 28 21 55 67
16 9 19 52 20 24 7 43 0 36 7 47 19 26 29 24 65 47 28 17 38 13 16 59 26 52 29 8 11 25 12 16
51 23 7 19 26 22 36 41 21 0 25 13 17 50 47 8 22 8 48 44 47 23 16 4 32 29 10 21 25 44 18 43
21 12 21 29 9 33 18 48 8 20 0 45 15 36 29 20 34 15 28 6 37 12 15 31 52 54 40 3 7 20 10 23
86 61 11 3 31 4 85 27 72 26 64 0 18 20 30 26 5 17 63 39 34 56 33 40 48 43 40 28 48 57 59 81
16 8 27 20 1 31 30 35 27 17 11 26 0 42 44 11 24 16 17 7 27 6 7 12 44 50 19 16 17 27 16 19
51 29 37 27 44 22 42 2 41 38 51 36 41 0 22 25 17 40 17 63 6 49 30 31 12 5 31 45 36 21 57 63
37 39 44 57 34 25 17 24 25 52 19 24 39 22 0 40 49 43 1 23 13 46 31 44 10 32 53 30 13 1 46 25
50 23 20 28 13 23 37 43 15 11 22 39 5 30 35 0 35 6 24 17 27 14 8 20 24 21 16 21 22 32 35 23
67 34 23 4 40 10 38 10 23 27 48 3 16 18 25 20 0 26 23 29 29 48 23 14 42 17 23 39 20 43 62 56
42 29 6 36 20 14 23 49 50 6 24 40 20 49 47 9 18 0 49 26 40 20 14 4 61 26 18 45 18 42 38 44
20 54 53 31 20 29 38 20 15 49 35 51 42 13 1 42 46 42 0 49 15 45 22 56 20 24 39 30 26 1 45 48
15 3 19 63 16 30 14 58 18 25 9 58 16 51 42 12 52 36 49 0 57 5 6 18 34 46 31 11 10 44 7 26
62 25 26 14 30 20 50 5 23 30 26 15 37 7 17 39 14 50 16 50 0 34 35 39 8 5 39 19 12 27 24 69
18 5 29 36 5 49 30 24 20 33 11 23 5 24 31 8 24 15 44 5 37 0 9 17 39 34 30 17 23 43 10 39
21 10 15 54 6 46 30 51 31 28 12 44 15 41 26 11 50 19 25 12 28 8 0 27 41 40 17 11 19 33 12 31
40 40 6 25 25 21 38 49 49 9 33 35 20 32 48 13 28 2 47 25 57 14 23 0 51 36 14 49 40 39 51 68
63 47 49 42 33 21 30 10 32 32 41 39 46 6 27 50 35 35 15 38 9 57 61 46 0 3 55 34 29 13 30 39
50 46 40 15 27 44 41 6 26 57 38 27 23 4 24 58 35 43 24 34 12 22 25 39 3 0 47 23 30 32 33 74
61 35 14 27 26 47 37 48 21 13 37 21 15 37 64 10 21 11 46 33 48 14 22 11 42 31 0 28 37 30 17 68
10 10 47 53 12 20 8 49 4 34 6 37 11 27 21 19 29 36 30 18 36 14 15 33 34 36 38 0 8 25 17 19
15 24 28 48 17 43 23 38 13 40 16 42 13 23 14 27 41 39 10 18 19 14 16 23 21 22 35 9 0 26 21 27
42 43 57 25 33 50 42 40 25 60 15 24 35 32 1 31 23 46 1 21 35 34 27 35 15 25 77 17 20 0 29 46
16 12 39 64 24 53 7 67 5 20 7 55 10 35 49 18 62 22 50 6 24 9 13 26 66 30 39 17 15 27 0 20
0 23 66 31 38 82 6 62 14 49 26 49 25 56 39 49 45 45 38 14 54 28 32 30 46 52 25 25 39 33 16 0