5
30
,
0 (4.0, 23.0) 69.0
1 (25.0, 44.0) 38.0
2 (40.0, 44.0) 82.0
3 (13.0, 27.0) 86.0
4 (35.0, 46.0) 60.0
5 (2.0, 5.0) 88.0
6 (48.0, 23.0) 67.0
7 (9.0, 9.0) 53.0
8 (20.0, 44.0) 32.0
9 (10.0, 16.0) 85.0
10 (42.0, 45.0) 69.0
11 (14.0, 27.0) 81.0
12 (47.0, 21.0) 66.0
13 (32.0, 1.0) 30.0
14 (13.0, 36.0) 36.0
15 (41.0, 41.0) 50.0
16 (15.0, 45.0) 40.0
17 (33.0, 1.0) 74.0
18 (2.0, 20.0) 79.0
19 (42.0, 22.0) 66.0
20 (7.0, 26.0) 81.0
21 (2.0, 30.0) 45.0
22 (15.0, 49.0) 71.0
23 (47.0, 13.0) 47.0
24 (48.0, 16.0) 69.0
25 (2.0, 47.0) 40.0
26 (14.0, 13.0) 67.0
27 (21.0, 16.0) 49.0
28 (31.0, 1.0) 70.0
29 (2.0, 15.0) 31.0
,
0 12 25 30 15 29 3 27 6 24 9 31 15 26 16 19 29 24 17 10 24 13 15 26 24 25 24 10 13 16 8 0
12 0 15 21 5 19 9 22 7 13 5 22 5 22 18 8 21 12 18 2 19 2 4 14 22 22 12 7 9 17 4 12
25 15 0 8 10 5 23 16 19 2 16 9 10 16 22 7 8 5 22 17 14 13 13 6 19 18 12 16 14 22 19 25
30 21 8 0 16 3 27 11 23 10 21 1 16 12 22 14 2 13 22 22 11 19 20 13 16 15 19 20 17 22 24 30
15 5 10 16 0 15 12 18 9 9 6 17 0 17 16 4 16 9 16 7 15 3 6 11 18 18 11 7 7 16 8 15
29 19 5 3 15 0 26 13 23 8 20 4 14 14 23 12 4 10 23 21 12 17 18 10 18 16 17 20 17 23 23 29
3 9 23 27 12 26 0 25 4 21 7 28 13 24 15 16 27 21 16 8 22 11 12 23 23 24 21 7 11 15 5 3
27 22 16 11 18 13 25 0 21 18 19 11 17 1 14 19 10 20 13 23 3 21 23 21 5 4 26 18 14 14 23 27
6 7 19 23 9 23 4 21 0 18 4 24 9 20 12 14 23 18 13 7 18 9 11 20 19 20 19 3 7 12 5 6
24 13 2 10 9 8 21 18 18 0 15 11 9 18 22 5 11 3 22 15 16 11 11 4 21 20 9 16 14 22 17 24
9 5 16 21 6 20 7 19 4 15 0 22 6 19 13 10 20 15 14 4 16 5 8 17 19 19 16 2 6 13 4 9
31 22 9 1 17 4 28 11 24 11 22 0 17 12 23 15 2 14 22 24 12 20 21 14 16 15 20 21 18 23 25 31
15 5 10 16 0 14 13 17 9 9 6 17 0 17 16 5 15 9 16 7 14 4 6 11 18 18 12 7 7 16 8 15
26 22 16 12 17 14 24 1 20 18 19 12 17 0 12 19 10 20 12 23 3 20 23 21 4 3 26 17 13 13 23 26
16 18 22 22 16 23 15 14 12 22 13 23 16 12 0 20 20 24 0 18 12 18 21 25 10 11 27 11 9 0 17 16
19 8 7 14 4 12 16 19 14 5 10 15 5 19 20 0 14 5 20 10 16 6 6 7 21 20 8 12 11 20 12 19
29 21 8 2 16 4 27 10 23 11 20 2 15 10 20 14 0 13 20 22 10 19 20 14 14 13 20 19 16 21 23 29
24 12 5 13 9 10 21 20 18 3 15 14 9 20 24 5 13 0 24 14 18 10 10 2 23 22 7 16 15 23 16 24
17 18 22 22 16 23 16 13 13 22 14 22 16 12 0 20 20 24 0 18 11 18 21 26 9 11 28 11 10 1 17 17
10 2 17 22 7 21 8 23 7 15 4 24 7 23 18 10 22 14 18 0 20 4 5 16 23 23 14 7 10 17 2 10
24 19 14 11 15 12 22 3 18 16 16 12 14 3 12 16 10 18 11 20 0 18 20 19 5 4 24 15 11 12 20 24
13 2 13 19 3 17 11 21 9 11 5 20 4 20 18 6 19 10 18 4 18 0 3 12 21 21 11 7 9 17 6 13
15 4 13 20 6 18 12 23 11 11 8 21 6 23 21 6 20 10 21 5 20 3 0 12 24 24 8 10 12 21 8 15
26 14 6 13 11 10 23 21 20 4 17 14 11 21 25 7 14 2 26 16 19 12 12 0 24 23 7 18 17 25 18 26
24 22 19 16 18 18 23 5 19 21 19 16 18 4 10 21 14 23 9 23 5 21 24 24 0 2 28 16 13 10 23 24
25 22 18 15 18 16 24 4 20 20 19 15 18 3 11 20 13 22 11 23 4 21 24 23 2 0 28 17 14 11 23 25
24 12 12 19 11 17 21 26 19 9 16 20 12 26 27 8 20 7 28 14 24 11 8 7 28 28 0 18 18 27 16 24
10 7 16 20 7 20 7 18 3 16 2 21 7 17 11 12 19 16 11 7 15 7 10 18 16 17 18 0 4 10 6 10
13 9 14 17 7 17 11 14 7 14 6 18 7 13 9 11 16 15 10 10 11 9 12 17 13 14 18 4 0 9 10 13
16 17 22 22 16 23 15 14 12 22 13 23 16 13 0 20 21 23 1 17 12 17 21 25 10 11 27 10 9 0 16 16
8 4 19 24 8 23 5 23 5 17 4 25 8 23 17 12 23 16 17 2 20 6 8 18 23 23 16 6 10 16 0 8
0 12 25 30 15 29 3 27 6 24 9 31 15 26 16 19 29 24 17 10 24 13 15 26 24 25 24 10 13 16 8 0
,
0 19 70 78 36 65 6 70 17 35 12 70 28 42 35 20 82 55 49 26 57 28 34 64 71 75 63 23 24 41 17 0
29 0 33 29 10 54 20 63 21 27 8 57 13 26 27 9 56 24 52 5 23 6 7 33 47 40 25 10 23 48 6 12
55 39 0 10 20 14 48 36 40 5 34 25 19 29 33 19 10 11 25 28 24 23 35 14 22 30 12 34 39 58 54 41
60 36 17 0 38 3 78 20 68 11 29 2 32 28 24 42 3 32 56 46 19 33 54 15 29 29 26 52 50 32 67 75
22 6 25 26 0 31 22 24 23 23 12 39 1 26 36 7 31 14 41 19 38 8 13 15 54 33 31 14 19 34 15 40
48 55 11 5 35 0 72 29 56 19 21 7 17 30 55 15 7 19 23 41 27 40 37 20 23 40 37 30 48 53 53 70
8 21 48 73 29 76 0 41 11 47 12 28 24 28 17 40 50 37 34 9 27 12 15 57 62 37 44 12 30 41 9 5
57 26 35 24 38 24 27 0 22 35 56 17 24 2 20 42 14 46 35 65 6 31 47 51 6 9 54 50 22 14 42 57
12 9 25 38 27 51 11 49 0 26 8 36 20 58 15 33 44 49 22 14 30 17 24 42 47 57 41 8 7 15 8 8
59 19 3 14 19 8 50 39 21 0 24 21 10 23 26 16 18 4 55 17 36 14 26 7 50 27 20 36 23 40 31 46
19 9 16 61 8 33 18 25 4 26 0 46 14 49 17 13 22 15 16 10 32 6 15 25 37 43 28 5 6 39 6 14
92 26 25 2 43 8 36 24 27 30 42 0 32 14 65 29 3 23 49 67 22 38 63 24 17 34 45 60 34 42 35 57
38 6 27 21 1 28 15 25 15 20 12 20 0 26 27 11 19 27 22 18 21 8 8 25 29 34 20 18 19 43 15 28
76 62 39 19 26 35 39 2 44 50 28 32 33 0 28 44 21 44 33 64 3 57 64 25 4 8 68 19 24 18 36 59
17 35 63 58 27 44 27 28 14 58 29 30 33 19 0 20 33 54 1 53 18 20 57 45 25 17 38 22 23 1 46 33
47 17 14 40 13 30 43 36 40 10 13 25 10 28 34 0 36 11 27 18 24 14 9 11 31 36 8 25 23 36 32 49
83 31 21 3 30 10 52 16 43 21 32 4 30 27 53 22 0 27 57 62 18 42 50 18 24 20 55 38 42 26 31 42
66 35 9 17 10 29 35 30 30 8 26 30 15 58 46 8 21 0 45 36 47 21 25 5 51 42 13 24 22 68 34 56
24 48 24 64 18 36 27 15 20 50 29 27 48 24 1 21 35 27 0 54 26 36 63 41 14 16 50 26 19 1 26 20
28 5 19 62 19 29 10 24 16 43 6 41 20 35 48 15 26 39 44 0 55 12 8 24 55 65 35 20 11 18 5 12
42 49 25 32 42 35 58 9 47 45 49 30 19 5 15 17 22 49 30 27 0 36 35 39 13 11 48 41 27 22 28 50
19 6 19 22 9 37 23 30 22 12 12 22 8 26 22 17 21 22 26 4 39 0 8 31 36 33 25 22 20 36 7 27
23 4 34 57 8 50 18 31 30 18 9 36 9 38 25 10 21 26 32 8 44 8 0 23 71 53 11 26 33 56 12 41
33 35 9 17 32 28 26 36 46 5 18 33 21 41 53 15 17 5 44 42 47 34 15 0 41 47 18 52 20 40 38 31
36 52 24 38 52 27 48 7 26 37 41 28 41 9 27 39 42 39 11 34 12 49 67 45 0 2 78 29 25 29 24 36
63 30 32 41 40 42 34 6 56 31 48 29 30 6 18 44 20 63 23 66 11 23 40 50 5 0 32 18 20 30 29 75
41 14 30 29 13 19 44 35 30 18 40 20 30 40 71 16 54 19 52 31 49 20 14 18 47 48 0 26 46 65 23 36
21 18 22 29 9 46 7 18 9 23 6 35 7 20 31 27 23 31 28 19 24 12 12 45 25 36 46 0 4 11 18 13
22 10 25 23 10 44 31 18 15 34 8 24 9 17 10 24 40 32 26 26 25 18 29 34 19 40 47 10 0 22 17 31
31 21 63 64 23 64 29 36 32 46 38 29 42 28 1 31 40 35 3 50 32 30 36 52 27 21 49 26 19 0 30 16
21 11 47 29 21 38 14 30 5 41 7 44 16 31 26 30 58 42 50 4 22 12 20 44 26 60 18 11 20 37 0 8
0 23 56 35 20 83 7 45 18 67 19 40 29 39 41 46 84 66 20 28 26 13 43 34 71 36 65 28 14 28 10 0