5
30
,
0 (4.0, 23.0) 62.0
1 (25.0, 44.0) 37.0
2 (40.0, 44.0) 34.0
3 (13.0, 27.0) 70.0
4 (35.0, 46.0) 77.0
5 (2.0, 5.0) 69.0
6 (48.0, 23.0) 84.0
7 (9.0, 9.0) 33.0
8 (20.0, 44.0) 56.0
9 (10.0, 16.0) 70.0
10 (42.0, 45.0) 60.0
11 (14.0, 27.0) 33.0
12 (47.0, 21.0) 46.0
13 (32.0, 1.0) 50.0
14 (13.0, 36.0) 50.0
15 (41.0, 41.0) 31.0
16 (15.0, 45.0) 33.0
17 (33.0, 1.0) 53.0
18 (2.0, 20.0) 39.0
19 (42.0, 22.0) 32.0
20 (7.0, 26.0) 60.0
21 (2.0, 30.0) 38.0
22 (15.0, 49.0) 43.0
23 (47.0, 13.0) 36.0
24 (48.0, 16.0) 83.0
25 (2.0, 47.0) 42.0
26 (14.0, 13.0) 60.0
27 (21.0, 16.0) 36.0
28 (31.0, 1.0) 36.0
29 (2.0, 15.0) 47.0
,
0 12 25 30 15 29 3 27 6 24 9 31 15 26 16 19 29 24 17 10 24 13 15 26 24 25 24 10 13 16 8 0
12 0 15 21 5 19 9 22 7 13 5 22 5 22 18 8 21 12 18 2 19 2 4 14 22 22 12 7 9 17 4 12
25 15 0 8 10 5 23 16 19 2 16 9 10 16 22 7 8 5 22 17 14 13 13 6 19 18 12 16 14 22 19 25
30 21 8 0 16 3 27 11 23 10 21 1 16 12 22 14 2 13 22 22 11 19 20 13 16 15 19 20 17 22 24 30
15 5 10 16 0 15 12 18 9 9 6 17 0 17 16 4 16 9 16 7 15 3 6 11 18 18 11 7 7 16 8 15
29 19 5 3 15 0 26 13 23 8 20 4 14 14 23 12 4 10 23 21 12 17 18 10 18 16 17 20 17 23 23 29
3 9 23 27 12 26 0 25 4 21 7 28 13 24 15 16 27 21 16 8 22 11 12 23 23 24 21 7 11 15 5 3
27 22 16 11 18 13 25 0 21 18 19 11 17 1 14 19 10 20 13 23 3 21 23 21 5 4 26 18 14 14 23 27
6 7 19 23 9 23 4 21 0 18 4 24 9 20 12 14 23 18 13 7 18 9 11 20 19 20 19 3 7 12 5 6
24 13 2 10 9 8 21 18 18 0 15 11 9 18 22 5 11 3 22 15 16 11 11 4 21 20 9 16 14 22 17 24
9 5 16 21 6 20 7 19 4 15 0 22 6 19 13 10 20 15 14 4 16 5 8 17 19 19 16 2 6 13 4 9
31 22 9 1 17 4 28 11 24 11 22 0 17 12 23 15 2 14 22 24 12 20 21 14 16 15 20 21 18 23 25 31
15 5 10 16 0 14 13 17 9 9 6 17 0 17 16 5 15 9 16 7 14 4 6 11 18 18 12 7 7 16 8 15
26 22 16 12 17 14 24 1 20 18 19 12 17 0 12 19 10 20 12 23 3 20 23 21 4 3 26 17 13 13 23 26
16 18 22 22 16 23 15 14 12 22 13 23 16 12 0 20 20 24 0 18 12 18 21 25 10 11 27 11 9 0 17 16
19 8 7 14 4 12 16 19 14 5 10 15 5 19 20 0 14 5 20 10 16 6 6 7 21 20 8 12 11 20 12 19
29 21 8 2 16 4 27 10 23 11 20 2 15 10 20 14 0 13 20 22 10 19 20 14 14 13 20 19 16 21 23 29
24 12 5 13 9 10 21 20 18 3 15 14 9 20 24 5 13 0 24 14 18 10 10 2 23 22 7 16 15 23 16 24
17 18 22 22 16 23 16 13 13 22 14 22 16 12 0 20 20 24 0 18 11 18 21 26 9 11 28 11 10 1 17 17
10 2 17 22 7 21 8 23 7 15 4 24 7 23 18 10 22 14 18 0 20 4 5 16 23 23 14 7 10 17 2 10
24 19 14 11 15 12 22 3 18 16 16 12 14 3 12 16 10 18 11 20 0 18 20 19 5 4 24 15 11 12 20 24
13 2 13 19 3 17 11 21 9 11 5 20 4 20 18 6 19 10 18 4 18 0 3 12 21 21 11 7 9 17 6 13
15 4 13 20 6 18 12 23 11 11 8 21 6 23 21 6 20 10 21 5 20 3 0 12 24 24 8 10 12 21 8 15
26 14 6 13 11 10 23 21 20 4 17 14 11 21 25 7 14 2 26 16 19 12 12 0 24 23 7 18 17 25 18 26
24 22 19 16 18 18 23 5 19 21 19 16 18 4 10 21 14 23 9 23 5 21 24 24 0 2 28 16 13 10 23 24
25 22 18 15 18 16 24 4 20 20 19 15 18 3 11 20 13 22 11 23 4 21 24 23 2 0 28 17 14 11 23 25
24 12 12 19 11 17 21 26 19 9 16 20 12 26 27 8 20 7 28 14 24 11 8 7 28 28 0 18 18 27 16 24
10 7 16 20 7 20 7 18 3 16 2 21 7 17 11 12 19 16 11 7 15 7 10 18 16 17 18 0 4 10 6 10
13 9 14 17 7 17 11 14 7 14 6 18 7 13 9 11 16 15 10 10 11 9 12 17 13 14 18 4 0 9 10 13
16 17 22 22 16 23 15 14 12 22 13 23 16 13 0 20 21 23 1 17 12 17 21 25 10 11 27 10 9 0 16 16
8 4 19 24 8 23 5 23 5 17 4 25 8 23 17 12 23 16 17 2 20 6 8 18 23 23 16 6 10 16 0 8
0 12 25 30 15 29 3 27 6 24 9 31 15 26 16 19 29 24 17 10 24 13 15 26 24 25 24 10 13 16 8 0
,
0 19 29 79 31 43 6 61 14 38 10 72 31 44 42 27 39 36 27 29 43 33 41 64 53 30 59 21 29 19 9 0
12 0 33 32 9 38 9 29 11 18 8 61 11 44 39 17 52 35 39 5 37 5 5 27 50 33 19 13 21 48 7 17
28 30 0 11 20 7 32 45 25 5 36 11 28 45 23 15 16 6 50 17 23 25 39 14 31 18 27 28 35 45 19 50
78 22 17 0 24 3 32 21 63 11 56 2 18 35 33 36 3 25 63 32 27 54 30 29 26 25 21 58 48 61 53 77
28 12 12 47 0 35 18 23 25 17 6 42 1 26 37 8 20 23 22 15 29 9 10 13 45 24 15 7 16 24 10 32
32 42 6 4 42 0 49 34 29 15 21 9 18 27 63 27 10 18 50 38 36 24 33 11 32 29 22 46 24 31 50 35
6 11 37 74 31 75 0 68 11 23 19 74 27 61 16 24 28 25 23 21 49 25 36 63 63 47 56 11 14 20 7 8
72 36 34 14 39 25 53 0 26 49 39 18 38 1 18 52 28 34 34 51 4 48 32 34 9 10 67 33 22 24 67 54
10 9 45 53 11 57 11 45 0 32 7 60 18 57 14 34 47 26 36 8 36 21 11 26 24 47 57 4 15 32 10 11
70 37 7 13 16 22 61 41 40 0 22 15 26 53 23 6 11 5 25 37 19 14 25 10 50 46 16 32 40 65 30 65
18 5 30 61 9 33 17 30 8 43 0 52 9 41 27 17 31 41 33 5 40 15 15 35 24 39 29 6 10 16 9 23
53 53 18 3 43 10 63 29 56 14 22 0 33 14 50 34 5 36 47 25 33 36 47 15 24 15 35 26 29 56 50 87
27 10 28 46 1 42 28 49 15 9 8 35 0 26 16 12 16 19 32 8 39 8 14 25 18 46 34 11 11 38 16 29
30 61 24 34 22 38 35 3 25 48 40 35 21 0 17 53 17 42 15 59 3 34 62 57 6 7 71 33 39 31 59 48
43 19 30 49 45 59 23 31 13 38 31 62 23 30 0 59 22 27 1 32 13 30 23 54 27 21 65 13 9 1 46 30
36 13 19 29 13 15 45 31 32 10 27 18 7 45 26 0 32 10 39 24 30 7 7 16 25 44 16 19 12 40 19 45
47 26 21 3 31 9 32 17 32 27 45 5 17 13 45 29 0 19 56 62 24 48 28 33 28 27 42 49 34 29 40 43
42 24 8 25 13 27 31 22 54 7 44 40 26 24 44 8 27 0 36 18 19 30 21 6 25 28 13 23 33 51 27 60
27 44 42 44 26 64 46 16 26 25 38 37 24 31 1 30 22 50 0 50 28 50 34 52 21 12 53 12 10 1 36 27
17 3 49 23 19 55 8 43 9 40 10 43 15 28 48 10 26 21 46 0 27 9 6 34 61 47 21 8 28 47 4 20
51 57 32 12 26 16 31 6 35 40 30 29 27 4 21 26 22 51 13 52 0 25 52 35 9 10 64 38 17 32 28 44
22 3 31 20 8 34 12 45 20 29 6 30 7 41 38 14 24 17 49 5 20 0 6 36 49 25 17 14 12 47 8 30
20 5 31 26 12 19 14 42 32 28 12 25 11 23 54 13 41 10 56 8 54 8 0 28 59 28 11 24 31 52 16 39
37 29 13 20 26 11 39 60 56 9 41 39 25 47 72 14 24 5 67 16 35 24 13 0 39 52 9 44 28 51 33 33
30 50 20 27 39 22 42 7 38 29 48 31 44 10 16 23 39 50 17 41 11 62 41 25 0 3 59 49 29 23 65 73
55 52 54 40 40 43 55 6 27 31 52 21 28 3 23 32 32 39 30 46 11 24 56 28 2 0 60 50 39 26 33 49
41 15 14 43 15 41 30 72 58 24 25 20 34 59 47 21 41 16 57 19 25 17 10 7 83 32 0 20 38 61 34 49
17 7 18 31 20 26 10 52 5 21 6 50 19 45 31 21 32 47 32 7 38 11 24 25 21 45 31 0 7 20 12 10
24 12 15 47 15 43 19 25 13 18 10 39 14 37 26 29 20 27 27 12 25 9 15 47 26 34 26 8 0 24 12 19
42 25 65 46 20 57 16 16 24 48 15 41 35 25 1 42 30 40 2 39 14 40 61 70 16 26 72 30 21 0 32 23
9 6 26 37 22 36 6 48 11 38 5 44 18 65 29 14 42 40 33 6 23 7 21 41 60 46 34 10 18 44 0 22
0 25 38 53 37 65 5 63 10 54 20 80 37 57 25 49 47 61 33 20 46 21 20 38 40 45 65 25 28 21 11 0