5
30
,
0 (4.0, 23.0) 66.0
1 (25.0, 44.0) 43.0
2 (40.0, 44.0) 34.0
3 (13.0, 27.0) 39.0
4 (35.0, 46.0) 37.0
5 (2.0, 5.0) 67.0
6 (48.0, 23.0) 34.0
7 (9.0, 9.0) 79.0
8 (20.0, 44.0) 57.0
9 (10.0, 16.0) 50.0
10 (42.0, 45.0) 49.0
11 (14.0, 27.0) 71.0
12 (47.0, 21.0) 31.0
13 (32.0, 1.0) 63.0
14 (13.0, 36.0) 32.0
15 (41.0, 41.0) 68.0
16 (15.0, 45.0) 33.0
17 (33.0, 1.0) 45.0
18 (2.0, 20.0) 73.0
19 (42.0, 22.0) 35.0
20 (7.0, 26.0) 31.0
21 (2.0, 30.0) 51.0
22 (15.0, 49.0) 45.0
23 (47.0, 13.0) 31.0
24 (48.0, 16.0) 34.0
25 (2.0, 47.0) 60.0
26 (14.0, 13.0) 30.0
27 (21.0, 16.0) 55.0
28 (31.0, 1.0) 39.0
29 (2.0, 15.0) 68.0
,
0 12 25 30 15 29 3 27 6 24 9 31 15 26 16 19 29 24 17 10 24 13 15 26 24 25 24 10 13 16 8 0
12 0 15 21 5 19 9 22 7 13 5 22 5 22 18 8 21 12 18 2 19 2 4 14 22 22 12 7 9 17 4 12
25 15 0 8 10 5 23 16 19 2 16 9 10 16 22 7 8 5 22 17 14 13 13 6 19 18 12 16 14 22 19 25
30 21 8 0 16 3 27 11 23 10 21 1 16 12 22 14 2 13 22 22 11 19 20 13 16 15 19 20 17 22 24 30
15 5 10 16 0 15 12 18 9 9 6 17 0 17 16 4 16 9 16 7 15 3 6 11 18 18 11 7 7 16 8 15
29 19 5 3 15 0 26 13 23 8 20 4 14 14 23 12 4 10 23 21 12 17 18 10 18 16 17 20 17 23 23 29
3 9 23 27 12 26 0 25 4 21 7 28 13 24 15 16 27 21 16 8 22 11 12 23 23 24 21 7 11 15 5 3
27 22 16 11 18 13 25 0 21 18 19 11 17 1 14 19 10 20 13 23 3 21 23 21 5 4 26 18 14 14 23 27
6 7 19 23 9 23 4 21 0 18 4 24 9 20 12 14 23 18 13 7 18 9 11 20 19 20 19 3 7 12 5 6
24 13 2 10 9 8 21 18 18 0 15 11 9 18 22 5 11 3 22 15 16 11 11 4 21 20 9 16 14 22 17 24
9 5 16 21 6 20 7 19 4 15 0 22 6 19 13 10 20 15 14 4 16 5 8 17 19 19 16 2 6 13 4 9
31 22 9 1 17 4 28 11 24 11 22 0 17 12 23 15 2 14 22 24 12 20 21 14 16 15 20 21 18 23 25 31
15 5 10 16 0 14 13 17 9 9 6 17 0 17 16 5 15 9 16 7 14 4 6 11 18 18 12 7 7 16 8 15
26 22 16 12 17 14 24 1 20 18 19 12 17 0 12 19 10 20 12 23 3 20 23 21 4 3 26 17 13 13 23 26
16 18 22 22 16 23 15 14 12 22 13 23 16 12 0 20 20 24 0 18 12 18 21 25 10 11 27 11 9 0 17 16
19 8 7 14 4 12 16 19 14 5 10 15 5 19 20 0 14 5 20 10 16 6 6 7 21 20 8 12 11 20 12 19
29 21 8 2 16 4 27 10 23 11 20 2 15 10 20 14 0 13 20 22 10 19 20 14 14 13 20 19 16 21 23 29
24 12 5 13 9 10 21 20 18 3 15 14 9 20 24 5 13 0 24 14 18 10 10 2 23 22 7 16 15 23 16 24
17 18 22 22 16 23 16 13 13 22 14 22 16 12 0 20 20 24 0 18 11 18 21 26 9 11 28 11 10 1 17 17
10 2 17 22 7 21 8 23 7 15 4 24 7 23 18 10 22 14 18 0 20 4 5 16 23 23 14 7 10 17 2 10
24 19 14 11 15 12 22 3 18 16 16 12 14 3 12 16 10 18 11 20 0 18 20 19 5 4 24 15 11 12 20 24
13 2 13 19 3 17 11 21 9 11 5 20 4 20 18 6 19 10 18 4 18 0 3 12 21 21 11 7 9 17 6 13
15 4 13 20 6 18 12 23 11 11 8 21 6 23 21 6 20 10 21 5 20 3 0 12 24 24 8 10 12 21 8 15
26 14 6 13 11 10 23 21 20 4 17 14 11 21 25 7 14 2 26 16 19 12 12 0 24 23 7 18 17 25 18 26
24 22 19 16 18 18 23 5 19 21 19 16 18 4 10 21 14 23 9 23 5 21 24 24 0 2 28 16 13 10 23 24
25 22 18 15 18 16 24 4 20 20 19 15 18 3 11 20 13 22 11 23 4 21 24 23 2 0 28 17 14 11 23 25
24 12 12 19 11 17 21 26 19 9 16 20 12 26 27 8 20 7 28 14 24 11 8 7 28 28 0 18 18 27 16 24
10 7 16 20 7 20 7 18 3 16 2 21 7 17 11 12 19 16 11 7 15 7 10 18 16 17 18 0 4 10 6 10
13 9 14 17 7 17 11 14 7 14 6 18 7 13 9 11 16 15 10 10 11 9 12 17 13 14 18 4 0 9 10 13
16 17 22 22 16 23 15 14 12 22 13 23 16 13 0 20 21 23 1 17 12 17 21 25 10 11 27 10 9 0 16 16
8 4 19 24 8 23 5 23 5 17 4 25 8 23 17 12 23 16 17 2 20 6 8 18 23 23 16 6 10 16 0 8
0 12 25 30 15 29 3 27 6 24 9 31 15 26 16 19 29 24 17 10 24 13 15 26 24 25 24 10 13 16 8 0
,
0 32 56 81 24 30 3 60 11 34 26 72 18 51 39 20 82 30 31 15 29 30 15 52 57 58 68 16 34 27 20 0
17 0 28 32 10 26 17 63 8 21 9 34 14 24 38 23 32 21 24 3 20 3 4 33 38 30 24 15 18 26 9 20
46 19 0 15 30 9 40 23 54 3 30 21 13 45 42 15 16 6 48 27 31 38 16 15 29 32 15 38 32 31 37 53
34 37 9 0 35 3 33 25 31 29 55 2 31 31 30 37 3 15 33 31 28 30 33 34 25 17 56 52 33 23 37 69
28 13 13 23 0 38 16 31 9 26 8 26 1 42 28 11 45 17 29 7 18 7 14 28 42 50 32 21 8 36 11 26
59 40 6 7 19 0 27 39 68 20 21 10 31 30 24 34 8 20 59 57 36 28 50 15 49 32 38 43 33 62 26 42
7 13 32 34 21 78 0 61 7 60 13 67 23 29 18 45 47 41 24 19 43 17 16 32 33 34 47 11 12 35 5 6
32 49 43 25 31 21 63 0 48 51 36 28 42 3 33 32 19 54 22 67 5 25 27 22 10 4 61 44 23 24 30 66
13 8 37 34 26 53 9 36 0 52 8 58 24 49 22 35 54 48 22 9 27 15 14 55 30 54 47 7 13 18 12 18
71 28 6 16 11 10 28 18 53 0 34 12 14 48 30 7 16 3 35 17 35 16 27 6 46 56 15 16 32 51 33 60
25 11 22 57 10 44 13 23 5 43 0 51 13 40 19 28 31 32 22 12 17 15 18 22 40 52 33 6 16 36 12 25
87 40 23 2 22 6 59 19 66 21 32 0 18 30 51 24 6 26 30 57 27 55 38 21 16 34 55 50 18 31 38 40
38 16 12 23 1 30 34 38 18 13 9 27 0 43 16 7 41 12 32 11 24 4 15 28 46 42 20 8 10 26 24 40
49 34 18 26 45 21 49 2 57 27 46 26 28 0 19 45 12 38 20 57 6 33 68 40 9 6 55 42 30 29 24 47
20 48 30 45 19 58 23 20 26 25 15 44 40 37 0 45 56 60 1 53 20 36 34 37 17 17 55 14 27 1 50 43
45 10 18 34 5 31 42 45 21 13 26 42 13 19 38 0 16 10 27 17 29 8 18 14 25 25 21 31 32 32 26 56
63 60 8 2 39 7 47 29 53 26 35 4 32 25 41 15 0 26 29 51 11 35 43 16 39 27 21 33 31 41 46 54
32 26 14 25 20 15 62 27 31 4 22 30 18 44 53 9 29 0 60 15 41 22 13 5 24 57 18 32 16 67 21 62
37 19 53 30 26 47 38 36 35 59 33 57 29 12 1 44 52 63 0 23 33 48 64 40 20 17 60 32 24 2 51 30
28 3 18 45 18 57 16 54 15 24 10 63 10 39 50 13 63 36 49 0 38 5 9 17 34 30 21 20 19 34 4 10
59 55 21 15 25 36 59 8 50 39 27 16 36 5 19 18 18 52 16 26 0 22 26 26 7 10 64 26 25 29 51 68
39 4 23 32 4 26 15 31 19 19 6 34 5 43 43 7 20 20 27 12 46 0 7 36 56 33 21 20 20 43 11 26
26 5 39 33 11 30 33 51 24 26 11 42 9 33 63 16 56 19 24 14 60 7 0 28 53 54 16 25 33 30 16 30
45 29 7 29 16 22 52 62 60 10 43 37 17 41 74 18 27 3 62 19 41 19 19 0 58 65 9 46 45 62 34 44
57 52 37 25 45 27 41 10 44 26 23 17 27 6 20 22 25 48 24 52 9 33 34 61 0 4 77 48 18 12 23 54
53 53 42 15 50 28 31 10 35 24 56 25 25 4 20 30 26 34 32 67 9 40 37 52 3 0 59 48 21 25 24 63
38 33 14 49 23 23 36 60 45 17 17 55 21 77 62 12 50 19 66 19 70 16 13 14 42 44 0 52 37 48 38 51
27 16 43 27 7 27 17 48 4 27 6 22 16 35 19 21 22 19 20 15 16 17 20 46 28 33 42 0 9 18 15 15
35 20 22 43 14 19 26 19 12 39 9 31 12 34 24 24 38 44 22 11 19 13 31 33 20 29 24 5 0 17 12 31
40 43 46 32 28 26 41 14 19 57 15 62 22 26 1 33 60 34 3 22 18 25 56 75 22 17 71 30 15 0 20 44
18 5 48 43 20 60 5 69 9 36 11 26 24 55 33 31 51 45 28 7 28 15 12 44 64 44 45 8 11 25 0 13
0 17 33 33 20 47 6 76 14 53 12 41 20 68 19 55 30 30 23 16 51 21 23 50 56 68 31 21 16 44 9 0