5
30
,
0 (4.0, 23.0) 49.0
1 (25.0, 44.0) 47.0
2 (40.0, 44.0) 72.0
3 (13.0, 27.0) 58.0
4 (35.0, 46.0) 40.0
5 (2.0, 5.0) 64.0
6 (48.0, 23.0) 80.0
7 (9.0, 9.0) 82.0
8 (20.0, 44.0) 33.0
9 (10.0, 16.0) 56.0
10 (42.0, 45.0) 46.0
11 (14.0, 27.0) 33.0
12 (47.0, 21.0) 84.0
13 (32.0, 1.0) 56.0
14 (13.0, 36.0) 78.0
15 (41.0, 41.0) 74.0
16 (15.0, 45.0) 49.0
17 (33.0, 1.0) 41.0
18 (2.0, 20.0) 37.0
19 (42.0, 22.0) 81.0
20 (7.0, 26.0) 68.0
21 (2.0, 30.0) 53.0
22 (15.0, 49.0) 35.0
23 (47.0, 13.0) 54.0
24 (48.0, 16.0) 55.0
25 (2.0, 47.0) 57.0
26 (14.0, 13.0) 63.0
27 (21.0, 16.0) 72.0
28 (31.0, 1.0) 33.0
29 (2.0, 15.0) 31.0
,
0 12 25 30 15 29 3 27 6 24 9 31 15 26 16 19 29 24 17 10 24 13 15 26 24 25 24 10 13 16 8 0
12 0 15 21 5 19 9 22 7 13 5 22 5 22 18 8 21 12 18 2 19 2 4 14 22 22 12 7 9 17 4 12
25 15 0 8 10 5 23 16 19 2 16 9 10 16 22 7 8 5 22 17 14 13 13 6 19 18 12 16 14 22 19 25
30 21 8 0 16 3 27 11 23 10 21 1 16 12 22 14 2 13 22 22 11 19 20 13 16 15 19 20 17 22 24 30
15 5 10 16 0 15 12 18 9 9 6 17 0 17 16 4 16 9 16 7 15 3 6 11 18 18 11 7 7 16 8 15
29 19 5 3 15 0 26 13 23 8 20 4 14 14 23 12 4 10 23 21 12 17 18 10 18 16 17 20 17 23 23 29
3 9 23 27 12 26 0 25 4 21 7 28 13 24 15 16 27 21 16 8 22 11 12 23 23 24 21 7 11 15 5 3
27 22 16 11 18 13 25 0 21 18 19 11 17 1 14 19 10 20 13 23 3 21 23 21 5 4 26 18 14 14 23 27
6 7 19 23 9 23 4 21 0 18 4 24 9 20 12 14 23 18 13 7 18 9 11 20 19 20 19 3 7 12 5 6
24 13 2 10 9 8 21 18 18 0 15 11 9 18 22 5 11 3 22 15 16 11 11 4 21 20 9 16 14 22 17 24
9 5 16 21 6 20 7 19 4 15 0 22 6 19 13 10 20 15 14 4 16 5 8 17 19 19 16 2 6 13 4 9
31 22 9 1 17 4 28 11 24 11 22 0 17 12 23 15 2 14 22 24 12 20 21 14 16 15 20 21 18 23 25 31
15 5 10 16 0 14 13 17 9 9 6 17 0 17 16 5 15 9 16 7 14 4 6 11 18 18 12 7 7 16 8 15
26 22 16 12 17 14 24 1 20 18 19 12 17 0 12 19 10 20 12 23 3 20 23 21 4 3 26 17 13 13 23 26
16 18 22 22 16 23 15 14 12 22 13 23 16 12 0 20 20 24 0 18 12 18 21 25 10 11 27 11 9 0 17 16
19 8 7 14 4 12 16 19 14 5 10 15 5 19 20 0 14 5 20 10 16 6 6 7 21 20 8 12 11 20 12 19
29 21 8 2 16 4 27 10 23 11 20 2 15 10 20 14 0 13 20 22 10 19 20 14 14 13 20 19 16 21 23 29
24 12 5 13 9 10 21 20 18 3 15 14 9 20 24 5 13 0 24 14 18 10 10 2 23 22 7 16 15 23 16 24
17 18 22 22 16 23 16 13 13 22 14 22 16 12 0 20 20 24 0 18 11 18 21 26 9 11 28 11 10 1 17 17
10 2 17 22 7 21 8 23 7 15 4 24 7 23 18 10 22 14 18 0 20 4 5 16 23 23 14 7 10 17 2 10
24 19 14 11 15 12 22 3 18 16 16 12 14 3 12 16 10 18 11 20 0 18 20 19 5 4 24 15 11 12 20 24
13 2 13 19 3 17 11 21 9 11 5 20 4 20 18 6 19 10 18 4 18 0 3 12 21 21 11 7 9 17 6 13
15 4 13 20 6 18 12 23 11 11 8 21 6 23 21 6 20 10 21 5 20 3 0 12 24 24 8 10 12 21 8 15
26 14 6 13 11 10 23 21 20 4 17 14 11 21 25 7 14 2 26 16 19 12 12 0 24 23 7 18 17 25 18 26
24 22 19 16 18 18 23 5 19 21 19 16 18 4 10 21 14 23 9 23 5 21 24 24 0 2 28 16 13 10 23 24
25 22 18 15 18 16 24 4 20 20 19 15 18 3 11 20 13 22 11 23 4 21 24 23 2 0 28 17 14 11 23 25
24 12 12 19 11 17 21 26 19 9 16 20 12 26 27 8 20 7 28 14 24 11 8 7 28 28 0 18 18 27 16 24
10 7 16 20 7 20 7 18 3 16 2 21 7 17 11 12 19 16 11 7 15 7 10 18 16 17 18 0 4 10 6 10
13 9 14 17 7 17 11 14 7 14 6 18 7 13 9 11 16 15 10 10 11 9 12 17 13 14 18 4 0 9 10 13
16 17 22 22 16 23 15 14 12 22 13 23 16 13 0 20 21 23 1 17 12 17 21 25 10 11 27 10 9 0 16 16
8 4 19 24 8 23 5 23 5 17 4 25 8 23 17 12 23 16 17 2 20 6 8 18 23 23 16 6 10 16 0 8
0 12 25 30 15 29 3 27 6 24 9 31 15 26 16 19 29 24 17 10 24 13 15 26 24 25 24 10 13 16 8 0
,
0 13 57 39 43 71 7 30 16 56 24 71 26 26 47 25 69 47 23 28 67 23 24 29 47 55 40 22 26 36 19 0
32 0 28 43 7 32 26 45 13 23 11 40 6 32 43 16 44 33 28 3 46 6 9 31 56 65 16 12 12 29 10 29
66 33 0 9 12 6 38 17 47 5 22 16 12 30 48 9 13 10 55 18 28 23 39 13 35 44 26 41 29 52 41 45
33 48 10 0 35 8 51 16 62 26 35 3 24 21 31 27 3 28 63 23 25 49 56 15 24 25 36 58 36 49 34 66
21 6 14 25 0 30 34 32 22 27 6 24 1 32 28 11 33 13 22 10 19 9 11 17 42 46 31 11 9 38 14 35
54 34 12 3 29 0 59 30 29 13 29 5 29 22 23 23 8 28 42 27 26 51 45 22 52 27 35 37 33 53 46 74
5 17 65 43 35 78 0 44 11 64 16 64 16 67 27 49 73 31 33 12 32 29 16 55 26 55 28 12 32 35 8 4
31 49 21 31 41 16 33 0 37 52 52 28 46 3 38 37 25 40 32 41 8 43 58 26 11 7 70 45 25 33 24 76
18 22 56 55 15 34 6 33 0 40 10 40 13 43 26 29 25 46 37 17 38 12 32 45 27 30 54 8 10 24 11 12
52 17 6 20 20 13 36 50 49 0 41 21 19 31 56 12 31 4 40 29 20 15 22 6 48 47 16 28 33 55 19 48
20 9 28 29 17 38 17 50 9 43 0 64 17 50 35 18 55 27 21 11 32 9 23 35 32 51 45 7 6 29 8 24
70 65 22 1 49 9 44 16 53 19 54 0 49 30 57 42 3 32 39 59 27 42 28 40 30 19 21 39 39 51 25 65
37 6 25 30 1 24 30 39 27 20 11 27 0 21 42 13 40 17 20 18 20 9 13 15 37 44 21 19 16 33 25 16
42 36 17 30 24 40 36 2 45 21 39 13 41 0 26 41 13 38 17 26 4 49 62 61 11 7 69 41 23 31 58 28
38 27 43 59 22 44 16 19 23 61 40 43 19 23 0 45 43 40 1 38 22 28 47 48 16 26 65 21 22 1 19 38
43 19 10 38 5 31 30 37 20 12 30 22 11 25 22 0 26 8 48 22 20 11 19 8 56 34 11 33 26 42 12 43
54 54 17 3 21 11 74 13 24 27 20 6 36 23 61 39 0 24 28 28 18 34 23 29 24 19 30 45 32 50 48 73
47 22 6 33 10 18 32 28 24 5 31 22 24 38 36 5 16 0 55 25 25 13 22 6 61 38 10 27 44 56 37 47
24 19 47 33 38 61 31 28 28 40 26 54 27 21 1 58 27 26 0 31 17 47 47 28 14 14 73 14 10 2 29 40
17 4 19 56 16 30 22 38 12 23 13 54 21 35 53 13 25 29 26 0 36 9 14 20 49 43 16 15 26 20 5 15
39 30 25 33 15 16 31 5 22 19 24 31 40 3 17 47 16 44 26 53 0 48 54 25 7 10 51 31 19 28 42 62
36 2 14 40 8 32 20 38 21 12 6 22 4 35 47 8 34 13 24 11 53 0 8 21 28 53 25 12 21 22 8 33
24 8 24 39 7 55 19 51 21 28 10 52 7 49 51 13 45 15 50 8 43 7 0 20 38 55 17 26 35 30 22 37
29 25 11 27 30 27 37 24 29 10 42 19 16 24 76 18 40 3 36 22 36 29 33 0 35 35 9 43 29 62 48 41
47 64 39 32 35 36 51 11 32 22 38 19 45 10 15 33 15 44 21 31 7 38 25 45 0 4 44 30 25 30 32 33
67 27 30 24 20 41 61 8 38 51 34 18 36 6 15 35 27 55 26 65 10 61 65 61 2 0 83 35 27 22 64 54
49 21 14 37 26 37 44 67 40 11 27 23 13 72 68 18 58 13 46 21 67 28 23 12 73 67 0 18 24 28 29 69
25 13 38 33 19 53 15 51 7 35 6 62 11 19 24 31 25 27 19 13 16 15 18 27 48 23 45 0 10 21 18 15
23 24 41 39 17 43 29 28 13 27 6 20 16 27 13 24 36 19 21 23 24 10 25 22 31 14 47 5 0 13 13 16
46 30 59 60 28 50 24 35 28 40 15 59 45 22 1 48 62 66 2 45 20 40 46 26 15 28 81 29 18 0 26 22
18 6 38 63 24 53 11 56 5 27 12 32 19 24 40 29 38 49 48 7 53 9 13 40 59 43 36 16 13 43 0 8
0 30 64 88 17 57 8 27 18 26 19 41 17 62 17 41 59 53 32 26 55 23 20 62 54 57 28 12 21 29 21 0