5
30
,
0 (33.0, 1.0) 46.0
1 (32.0, 17.0) 13.0
2 (16.0, 25.0) 17.0
3 (16.0, 11.0) 23.0
4 (24.0, 18.0) 38.0
5 (8.0, 13.0) 17.0
6 (11.0, 24.0) 48.0
7 (4.0, 21.0) 12.0
8 (39.0, 42.0) 48.0
9 (25.0, 47.0) 23.0
10 (8.0, 5.0) 30.0
11 (33.0, 32.0) 46.0
12 (34.0, 32.0) 23.0
13 (48.0, 29.0) 15.0
14 (21.0, 2.0) 18.0
15 (46.0, 4.0) 11.0
16 (8.0, 9.0) 16.0
17 (47.0, 44.0) 32.0
18 (19.0, 7.0) 23.0
19 (5.0, 49.0) 22.0
20 (3.0, 23.0) 19.0
21 (16.0, 33.0) 43.0
22 (11.0, 29.0) 12.0
23 (8.0, 30.0) 34.0
24 (43.0, 16.0) 31.0
25 (21.0, 50.0) 27.0
26 (34.0, 25.0) 46.0
27 (28.0, 4.0) 16.0
28 (11.0, 10.0) 34.0
29 (43.0, 18.0) 13.0
,
0 3 6 4 4 6 6 7 8 9 5 6 6 6 2 3 5 9 3 11 7 7 7 8 4 10 5 1 5 4
3 0 4 3 2 5 4 6 5 6 5 3 3 4 4 4 5 6 3 8 6 5 5 5 2 7 2 3 4 2
6 4 0 3 2 3 1 3 6 5 4 4 4 6 5 7 4 7 4 5 3 2 1 2 6 5 4 5 3 6
4 3 3 0 2 2 3 3 8 7 2 5 6 7 2 6 2 9 1 8 4 4 4 4 5 8 5 3 1 6
4 2 2 2 0 3 3 4 6 6 4 3 3 5 3 5 4 7 2 7 4 3 3 4 4 6 2 3 3 4
6 5 3 2 3 0 2 2 8 8 2 6 6 9 3 8 1 10 3 7 2 4 3 3 7 8 6 4 1 7
6 4 1 3 3 2 0 2 7 5 4 5 5 7 5 8 3 8 4 5 2 2 1 1 7 6 5 5 3 7
7 6 3 3 4 2 2 0 8 7 3 6 6 9 5 9 3 10 4 6 0 3 2 2 8 7 6 6 3 8
8 5 6 8 6 8 7 8 0 3 10 2 2 3 9 8 9 2 8 7 8 5 6 7 5 4 4 8 9 5
9 6 5 7 6 8 5 7 3 0 9 3 3 6 9 10 8 4 8 4 7 3 5 5 7 1 5 9 8 7
5 5 4 2 4 2 4 3 10 9 0 7 7 9 3 8 1 11 2 9 4 6 5 5 7 9 7 4 1 7
6 3 4 5 3 6 5 6 2 3 7 0 0 3 6 6 7 4 6 7 6 3 4 5 4 4 1 6 6 3
6 3 4 6 3 6 5 6 2 3 7 0 0 3 7 6 7 4 6 7 6 4 5 5 4 4 1 6 6 3
6 4 6 7 5 9 7 9 3 6 9 3 3 0 8 5 9 3 7 9 9 6 7 8 3 7 3 6 8 2
2 4 5 2 3 3 5 5 9 9 3 6 7 8 0 5 3 10 1 10 6 6 6 6 5 10 5 1 3 5
3 4 7 6 5 8 8 9 8 10 8 6 6 5 5 0 8 8 5 12 9 8 9 9 2 10 5 4 7 3
5 5 4 2 4 1 3 3 9 8 1 7 7 9 3 8 0 10 2 8 3 5 4 4 7 9 6 4 1 7
9 6 7 9 7 10 8 10 2 4 11 4 4 3 10 8 10 0 9 8 10 7 8 8 6 5 5 9 10 5
3 3 4 1 2 3 4 4 8 8 2 6 6 7 1 5 2 9 0 9 5 5 5 5 5 9 5 2 2 5
11 8 5 8 7 7 5 6 7 4 9 7 7 9 10 12 8 8 9 0 5 4 4 4 10 3 8 10 8 10
7 6 3 4 4 2 2 0 8 7 4 6 6 9 6 9 3 10 5 5 0 3 2 2 8 6 6 6 3 8
7 5 2 4 3 4 2 3 5 3 6 3 4 6 6 8 5 7 5 4 3 0 1 2 6 4 4 6 5 6
7 5 1 4 3 3 1 2 6 5 5 4 5 7 6 9 4 8 5 4 2 1 0 1 7 5 5 6 4 7
8 5 2 4 4 3 1 2 7 5 5 5 5 8 6 9 4 8 5 4 2 2 1 0 8 5 5 7 4 7
4 2 6 5 4 7 7 8 5 7 7 4 4 3 5 2 7 6 5 10 8 6 7 8 0 8 3 4 7 0
10 7 5 8 6 8 6 7 4 1 9 4 4 7 10 10 9 5 9 3 6 4 5 5 8 0 6 9 8 8
5 2 4 5 2 6 5 6 4 5 7 1 1 3 5 5 6 5 5 8 6 4 5 5 3 6 0 4 5 2
1 3 5 3 3 4 5 6 8 9 4 6 6 6 1 4 4 9 2 10 6 6 6 7 4 9 4 0 4 4
5 4 3 1 3 1 3 3 9 8 1 6 6 8 3 7 1 10 2 8 3 5 4 4 7 8 5 4 0 7
4 2 6 6 4 7 7 8 5 7 7 3 3 2 5 3 7 5 5 10 8 6 7 7 0 8 2 4 7 0
,
0 23 16 16 18 25 38 33 36 44 24 38 33 22 7 20 22 24 22 41 20 54 43 28 17 67 32 4 33 22
10 0 18 22 9 25 19 32 27 26 22 15 13 14 24 21 25 42 10 52 30 23 25 35 12 52 5 13 26 9
17 27 0 8 9 19 4 8 34 15 20 27 19 36 28 30 17 21 24 34 18 5 7 5 34 34 18 17 24 37
20 16 17 0 12 12 7 13 36 36 14 16 41 29 15 23 10 34 6 53 17 17 16 24 30 29 16 21 6 19
12 5 10 14 0 11 20 22 14 18 14 15 11 23 18 37 13 49 9 33 13 17 24 18 12 37 7 12 17 25
22 31 18 5 14 0 15 8 30 35 8 33 36 53 25 42 2 63 10 44 14 17 17 17 26 26 24 31 2 45
44 14 6 13 17 8 0 6 25 30 19 16 29 31 25 38 20 47 13 27 5 12 6 8 23 38 14 24 8 48
28 21 17 15 12 10 9 0 43 43 23 20 46 63 30 59 16 44 20 31 3 24 7 11 52 47 41 34 20 48
29 18 37 43 36 44 28 35 0 17 42 14 8 14 57 33 46 7 37 36 42 30 33 48 16 24 23 58 55 36
68 42 26 41 37 26 36 18 19 0 32 13 23 37 24 49 25 16 27 15 31 19 14 17 49 4 21 25 28 29
32 16 23 12 23 4 12 10 68 46 0 27 29 40 12 43 2 51 6 30 20 42 33 37 50 34 29 17 7 42
29 12 12 15 9 32 14 29 17 11 35 0 1 16 17 20 38 12 38 37 38 18 31 32 22 21 10 15 28 22
36 13 11 28 15 42 22 34 9 21 51 1 0 12 43 26 20 22 39 40 17 12 33 39 13 31 5 23 41 24
42 27 40 26 35 33 30 27 24 21 32 21 10 0 50 16 52 8 48 29 43 24 36 38 15 46 21 24 55 17
9 18 20 13 10 20 29 26 29 62 18 31 39 42 0 15 20 31 4 35 37 32 23 24 24 57 26 6 19 24
19 14 19 34 23 46 41 54 35 57 36 29 43 30 26 0 20 55 30 63 33 56 58 64 11 66 28 14 41 15
14 29 23 9 15 6 8 16 65 52 5 18 39 38 12 41 0 74 7 29 17 17 30 22 46 39 26 26 4 34
56 24 30 65 23 45 59 61 9 12 31 17 23 20 29 49 40 0 58 30 26 23 41 42 17 39 29 48 53 23
18 12 9 4 13 9 21 18 45 26 6 29 21 43 6 30 13 62 0 50 20 32 25 22 36 30 17 13 6 37
52 31 28 44 33 36 34 32 28 13 22 20 44 32 47 86 42 25 43 0 15 10 25 21 66 18 20 49 38 60
45 42 8 26 14 9 7 2 50 33 17 19 25 40 24 53 17 28 33 30 0 15 13 10 45 34 42 45 10 21
34 30 9 31 23 11 10 10 13 20 27 20 22 20 42 46 27 29 23 20 9 0 9 8 39 19 28 28 32 32
24 16 4 10 11 21 6 12 41 22 31 14 22 34 23 39 19 25 31 12 6 8 0 4 28 19 12 19 26 29
48 25 12 22 14 20 10 5 26 28 28 18 15 23 46 30 18 59 35 26 6 5 2 0 49 15 29 23 29 21
22 11 26 15 27 35 36 41 28 45 51 10 16 13 28 9 22 35 22 64 32 17 22 53 0 23 15 10 30 2
64 39 28 58 29 26 28 39 22 5 24 24 11 18 26 54 51 35 64 18 49 13 12 22 29 0 17 36 29 34
28 4 19 26 7 36 24 38 14 29 32 5 7 19 15 29 39 12 28 48 22 23 31 35 13 18 0 25 31 16
8 16 18 20 8 30 36 18 48 22 15 25 32 17 9 18 29 49 8 37 17 26 20 25 25 32 20 0 27 24
21 25 8 6 12 2 13 18 62 29 8 23 42 54 10 51 2 63 10 23 10 24 13 21 33 26 15 24 0 27
10 11 34 24 15 48 48 47 14 50 29 15 19 10 38 12 23 22 39 63 50 22 18 47 2 58 17 30 36 0