5
30
,
0 (33.0, 1.0) 32.0
1 (32.0, 17.0) 41.0
2 (16.0, 25.0) 43.0
3 (16.0, 11.0) 21.0
4 (24.0, 18.0) 38.0
5 (8.0, 13.0) 27.0
6 (11.0, 24.0) 45.0
7 (4.0, 21.0) 13.0
8 (39.0, 42.0) 47.0
9 (25.0, 47.0) 42.0
10 (8.0, 5.0) 27.0
11 (33.0, 32.0) 16.0
12 (34.0, 32.0) 44.0
13 (48.0, 29.0) 14.0
14 (21.0, 2.0) 29.0
15 (46.0, 4.0) 33.0
16 (8.0, 9.0) 14.0
17 (47.0, 44.0) 39.0
18 (19.0, 7.0) 14.0
19 (5.0, 49.0) 10.0
20 (3.0, 23.0) 34.0
21 (16.0, 33.0) 18.0
22 (11.0, 29.0) 21.0
23 (8.0, 30.0) 30.0
24 (43.0, 16.0) 26.0
25 (21.0, 50.0) 36.0
26 (34.0, 25.0) 50.0
27 (28.0, 4.0) 47.0
28 (11.0, 10.0) 34.0
29 (43.0, 18.0) 29.0
,
0 3 6 4 4 6 6 7 8 9 5 6 6 6 2 3 5 9 3 11 7 7 7 8 4 10 5 1 5 4
3 0 4 3 2 5 4 6 5 6 5 3 3 4 4 4 5 6 3 8 6 5 5 5 2 7 2 3 4 2
6 4 0 3 2 3 1 3 6 5 4 4 4 6 5 7 4 7 4 5 3 2 1 2 6 5 4 5 3 6
4 3 3 0 2 2 3 3 8 7 2 5 6 7 2 6 2 9 1 8 4 4 4 4 5 8 5 3 1 6
4 2 2 2 0 3 3 4 6 6 4 3 3 5 3 5 4 7 2 7 4 3 3 4 4 6 2 3 3 4
6 5 3 2 3 0 2 2 8 8 2 6 6 9 3 8 1 10 3 7 2 4 3 3 7 8 6 4 1 7
6 4 1 3 3 2 0 2 7 5 4 5 5 7 5 8 3 8 4 5 2 2 1 1 7 6 5 5 3 7
7 6 3 3 4 2 2 0 8 7 3 6 6 9 5 9 3 10 4 6 0 3 2 2 8 7 6 6 3 8
8 5 6 8 6 8 7 8 0 3 10 2 2 3 9 8 9 2 8 7 8 5 6 7 5 4 4 8 9 5
9 6 5 7 6 8 5 7 3 0 9 3 3 6 9 10 8 4 8 4 7 3 5 5 7 1 5 9 8 7
5 5 4 2 4 2 4 3 10 9 0 7 7 9 3 8 1 11 2 9 4 6 5 5 7 9 7 4 1 7
6 3 4 5 3 6 5 6 2 3 7 0 0 3 6 6 7 4 6 7 6 3 4 5 4 4 1 6 6 3
6 3 4 6 3 6 5 6 2 3 7 0 0 3 7 6 7 4 6 7 6 4 5 5 4 4 1 6 6 3
6 4 6 7 5 9 7 9 3 6 9 3 3 0 8 5 9 3 7 9 9 6 7 8 3 7 3 6 8 2
2 4 5 2 3 3 5 5 9 9 3 6 7 8 0 5 3 10 1 10 6 6 6 6 5 10 5 1 3 5
3 4 7 6 5 8 8 9 8 10 8 6 6 5 5 0 8 8 5 12 9 8 9 9 2 10 5 4 7 3
5 5 4 2 4 1 3 3 9 8 1 7 7 9 3 8 0 10 2 8 3 5 4 4 7 9 6 4 1 7
9 6 7 9 7 10 8 10 2 4 11 4 4 3 10 8 10 0 9 8 10 7 8 8 6 5 5 9 10 5
3 3 4 1 2 3 4 4 8 8 2 6 6 7 1 5 2 9 0 9 5 5 5 5 5 9 5 2 2 5
11 8 5 8 7 7 5 6 7 4 9 7 7 9 10 12 8 8 9 0 5 4 4 4 10 3 8 10 8 10
7 6 3 4 4 2 2 0 8 7 4 6 6 9 6 9 3 10 5 5 0 3 2 2 8 6 6 6 3 8
7 5 2 4 3 4 2 3 5 3 6 3 4 6 6 8 5 7 5 4 3 0 1 2 6 4 4 6 5 6
7 5 1 4 3 3 1 2 6 5 5 4 5 7 6 9 4 8 5 4 2 1 0 1 7 5 5 6 4 7
8 5 2 4 4 3 1 2 7 5 5 5 5 8 6 9 4 8 5 4 2 2 1 0 8 5 5 7 4 7
4 2 6 5 4 7 7 8 5 7 7 4 4 3 5 2 7 6 5 10 8 6 7 8 0 8 3 4 7 0
10 7 5 8 6 8 6 7 4 1 9 4 4 7 10 10 9 5 9 3 6 4 5 5 8 0 6 9 8 8
5 2 4 5 2 6 5 6 4 5 7 1 1 3 5 5 6 5 5 8 6 4 5 5 3 6 0 4 5 2
1 3 5 3 3 4 5 6 8 9 4 6 6 6 1 4 4 9 2 10 6 6 6 7 4 9 4 0 4 4
5 4 3 1 3 1 3 3 9 8 1 6 6 8 3 7 1 10 2 8 3 5 4 4 7 8 5 4 0 7
4 2 6 6 4 7 7 8 5 7 7 3 3 2 5 3 7 5 5 10 8 6 7 7 0 8 2 4 7 0
,
0 10 41 11 23 30 41 28 53 33 37 42 43 44 10 20 18 32 11 56 23 52 38 42 13 31 18 5 25 11
13 0 16 24 6 23 24 18 17 37 37 19 10 21 22 27 21 16 16 48 42 31 29 39 15 42 9 10 30 6
34 16 0 19 12 17 4 18 27 17 26 12 28 20 26 44 26 22 14 25 16 12 8 14 32 38 26 17 19 41
19 22 15 0 13 10 9 12 57 21 15 18 24 20 7 19 9 66 4 25 17 21 26 25 31 21 30 14 6 37
26 8 11 10 0 24 21 21 23 17 29 18 11 38 15 29 27 46 12 25 13 21 19 27 15 31 10 17 14 15
31 18 19 5 12 0 6 10 41 22 8 29 24 52 17 54 5 35 11 28 6 22 10 21 38 20 20 19 4 32
42 23 3 11 10 12 0 7 38 18 25 18 35 34 25 24 16 53 12 16 10 8 7 9 19 19 20 13 10 35
41 32 8 16 24 13 10 0 32 38 17 19 39 63 23 41 7 46 27 31 2 15 7 5 41 46 21 23 8 51
37 13 23 40 28 54 47 61 0 15 30 17 11 10 25 40 42 5 54 27 42 36 42 29 29 23 24 51 34 24
50 18 32 51 18 25 22 37 21 0 62 21 13 32 28 52 48 31 23 23 37 18 12 12 46 7 25 29 33 26
23 39 22 5 17 11 14 10 48 54 0 27 50 60 15 37 4 49 14 25 26 27 16 23 53 69 48 19 8 35
42 22 13 33 23 21 20 25 16 23 50 0 1 14 37 23 49 21 35 20 33 24 25 20 17 26 9 14 26 20
25 8 15 38 11 39 18 32 17 15 23 1 0 11 24 26 26 10 23 24 37 22 20 26 17 27 9 25 42 20
21 22 16 25 21 48 34 28 20 31 25 15 21 0 20 22 28 19 21 62 42 39 53 44 16 25 21 43 43 16
17 16 35 15 17 22 22 14 49 27 14 40 18 42 0 30 11 66 6 40 29 42 18 37 15 28 24 4 14 37
8 12 42 26 25 23 43 51 45 33 41 33 38 19 29 0 40 26 17 69 45 21 23 64 10 56 22 12 43 12
36 29 16 6 24 6 10 13 53 27 5 36 34 53 12 40 0 56 17 44 22 37 16 27 45 28 21 29 2 41
38 25 23 62 22 52 52 36 5 15 52 15 20 20 32 46 50 0 50 24 40 33 47 32 29 29 15 64 36 17
21 24 12 3 12 9 18 18 42 31 9 19 41 21 3 34 12 59 0 50 16 14 23 31 26 36 23 11 7 27
37 45 15 24 51 34 30 41 46 12 27 18 25 39 40 55 59 41 42 0 13 28 31 22 73 20 50 30 54 56
31 24 18 11 22 15 4 1 46 32 20 22 41 50 30 65 21 56 14 37 0 14 6 5 58 30 23 20 19 56
47 32 7 25 12 24 6 21 36 10 29 17 13 23 41 55 17 45 18 11 19 0 6 8 34 25 21 26 31 16
30 21 8 16 24 16 7 10 39 34 20 17 17 48 41 60 24 45 24 30 9 6 0 3 21 24 14 43 24 28
33 25 12 26 11 14 7 14 31 19 14 29 36 33 40 58 30 41 19 27 8 11 3 0 48 23 35 43 25 38
18 6 36 20 25 40 27 54 17 31 49 13 13 19 37 13 50 27 15 45 25 27 40 47 0 55 10 22 38 2
44 20 14 40 36 41 19 40 26 3 59 14 12 18 57 64 32 24 39 10 39 17 24 34 34 0 23 67 25 29
32 10 23 31 13 21 25 28 26 27 29 4 9 10 16 35 22 23 28 44 42 17 29 35 8 22 0 16 28 6
8 19 34 15 15 17 16 37 43 44 29 40 38 42 8 20 24 58 7 36 26 27 22 31 13 63 23 0 18 13
34 19 11 4 19 4 9 18 31 51 8 41 46 37 16 39 2 40 5 23 22 20 24 19 42 50 34 11 0 44
14 8 14 41 25 48 22 32 33 48 43 17 11 7 20 19 31 31 33 52 49 31 23 27 3 50 15 14 47 0