5
30
,
0 (33.0, 1.0) 24.0
1 (32.0, 17.0) 14.0
2 (16.0, 25.0) 20.0
3 (16.0, 11.0) 27.0
4 (24.0, 18.0) 18.0
5 (8.0, 13.0) 26.0
6 (11.0, 24.0) 33.0
7 (4.0, 21.0) 12.0
8 (39.0, 42.0) 21.0
9 (25.0, 47.0) 15.0
10 (8.0, 5.0) 11.0
11 (33.0, 32.0) 27.0
12 (34.0, 32.0) 48.0
13 (48.0, 29.0) 18.0
14 (21.0, 2.0) 44.0
15 (46.0, 4.0) 18.0
16 (8.0, 9.0) 14.0
17 (47.0, 44.0) 38.0
18 (19.0, 7.0) 12.0
19 (5.0, 49.0) 25.0
20 (3.0, 23.0) 47.0
21 (16.0, 33.0) 11.0
22 (11.0, 29.0) 16.0
23 (8.0, 30.0) 49.0
24 (43.0, 16.0) 23.0
25 (21.0, 50.0) 17.0
26 (34.0, 25.0) 45.0
27 (28.0, 4.0) 13.0
28 (11.0, 10.0) 21.0
29 (43.0, 18.0) 33.0
,
0 3 6 4 4 6 6 7 8 9 5 6 6 6 2 3 5 9 3 11 7 7 7 8 4 10 5 1 5 4
3 0 4 3 2 5 4 6 5 6 5 3 3 4 4 4 5 6 3 8 6 5 5 5 2 7 2 3 4 2
6 4 0 3 2 3 1 3 6 5 4 4 4 6 5 7 4 7 4 5 3 2 1 2 6 5 4 5 3 6
4 3 3 0 2 2 3 3 8 7 2 5 6 7 2 6 2 9 1 8 4 4 4 4 5 8 5 3 1 6
4 2 2 2 0 3 3 4 6 6 4 3 3 5 3 5 4 7 2 7 4 3 3 4 4 6 2 3 3 4
6 5 3 2 3 0 2 2 8 8 2 6 6 9 3 8 1 10 3 7 2 4 3 3 7 8 6 4 1 7
6 4 1 3 3 2 0 2 7 5 4 5 5 7 5 8 3 8 4 5 2 2 1 1 7 6 5 5 3 7
7 6 3 3 4 2 2 0 8 7 3 6 6 9 5 9 3 10 4 6 0 3 2 2 8 7 6 6 3 8
8 5 6 8 6 8 7 8 0 3 10 2 2 3 9 8 9 2 8 7 8 5 6 7 5 4 4 8 9 5
9 6 5 7 6 8 5 7 3 0 9 3 3 6 9 10 8 4 8 4 7 3 5 5 7 1 5 9 8 7
5 5 4 2 4 2 4 3 10 9 0 7 7 9 3 8 1 11 2 9 4 6 5 5 7 9 7 4 1 7
6 3 4 5 3 6 5 6 2 3 7 0 0 3 6 6 7 4 6 7 6 3 4 5 4 4 1 6 6 3
6 3 4 6 3 6 5 6 2 3 7 0 0 3 7 6 7 4 6 7 6 4 5 5 4 4 1 6 6 3
6 4 6 7 5 9 7 9 3 6 9 3 3 0 8 5 9 3 7 9 9 6 7 8 3 7 3 6 8 2
2 4 5 2 3 3 5 5 9 9 3 6 7 8 0 5 3 10 1 10 6 6 6 6 5 10 5 1 3 5
3 4 7 6 5 8 8 9 8 10 8 6 6 5 5 0 8 8 5 12 9 8 9 9 2 10 5 4 7 3
5 5 4 2 4 1 3 3 9 8 1 7 7 9 3 8 0 10 2 8 3 5 4 4 7 9 6 4 1 7
9 6 7 9 7 10 8 10 2 4 11 4 4 3 10 8 10 0 9 8 10 7 8 8 6 5 5 9 10 5
3 3 4 1 2 3 4 4 8 8 2 6 6 7 1 5 2 9 0 9 5 5 5 5 5 9 5 2 2 5
11 8 5 8 7 7 5 6 7 4 9 7 7 9 10 12 8 8 9 0 5 4 4 4 10 3 8 10 8 10
7 6 3 4 4 2 2 0 8 7 4 6 6 9 6 9 3 10 5 5 0 3 2 2 8 6 6 6 3 8
7 5 2 4 3 4 2 3 5 3 6 3 4 6 6 8 5 7 5 4 3 0 1 2 6 4 4 6 5 6
7 5 1 4 3 3 1 2 6 5 5 4 5 7 6 9 4 8 5 4 2 1 0 1 7 5 5 6 4 7
8 5 2 4 4 3 1 2 7 5 5 5 5 8 6 9 4 8 5 4 2 2 1 0 8 5 5 7 4 7
4 2 6 5 4 7 7 8 5 7 7 4 4 3 5 2 7 6 5 10 8 6 7 8 0 8 3 4 7 0
10 7 5 8 6 8 6 7 4 1 9 4 4 7 10 10 9 5 9 3 6 4 5 5 8 0 6 9 8 8
5 2 4 5 2 6 5 6 4 5 7 1 1 3 5 5 6 5 5 8 6 4 5 5 3 6 0 4 5 2
1 3 5 3 3 4 5 6 8 9 4 6 6 6 1 4 4 9 2 10 6 6 6 7 4 9 4 0 4 4
5 4 3 1 3 1 3 3 9 8 1 6 6 8 3 7 1 10 2 8 3 5 4 4 7 8 5 4 0 7
4 2 6 6 4 7 7 8 5 7 7 3 3 2 5 3 7 5 5 10 8 6 7 7 0 8 2 4 7 0
,
0 17 43 13 14 28 18 33 57 39 20 16 43 37 15 12 35 64 16 77 49 28 32 45 11 58 31 6 18 19
8 0 24 18 11 17 22 26 15 35 14 19 21 11 12 14 20 17 14 41 26 23 31 18 12 19 8 12 20 15
27 13 0 13 7 17 4 15 20 35 19 9 13 29 31 49 20 51 16 38 11 7 6 7 35 18 22 36 13 17
22 20 20 0 8 10 10 22 35 27 12 31 27 31 9 30 11 41 6 58 19 24 10 12 31 57 28 14 7 30
16 7 13 6 0 22 20 10 33 16 17 21 22 17 11 26 12 41 13 19 32 10 18 28 17 20 13 21 13 21
35 18 11 12 24 0 16 7 22 30 7 42 39 53 18 28 5 63 18 36 11 29 12 16 34 35 37 20 2 28
25 26 4 20 20 7 0 9 20 21 14 12 20 41 21 21 11 57 22 26 11 13 4 4 28 20 15 26 15 16
29 36 9 15 30 5 11 0 57 21 14 28 31 24 33 25 17 49 17 21 2 19 10 13 48 25 36 43 12 39
57 36 26 34 29 63 20 58 0 13 26 10 11 20 40 28 24 5 45 36 39 33 17 32 29 16 16 41 42 13
51 23 18 55 39 26 20 28 8 0 63 12 19 17 44 48 62 14 43 25 25 17 24 29 51 5 35 61 41 50
18 39 25 12 19 12 14 16 58 37 0 41 26 48 15 35 2 50 17 29 27 43 29 23 31 25 26 15 8 48
17 19 15 30 12 19 27 28 16 19 44 0 1 23 32 30 43 21 19 47 41 12 17 19 23 32 6 24 36 25
45 17 26 33 11 23 28 28 13 16 36 1 0 15 49 23 30 16 29 39 36 15 15 30 13 12 6 41 38 19
30 27 36 23 14 29 47 55 22 20 64 18 11 0 43 19 56 21 48 62 26 38 40 39 18 29 13 34 23 11
16 22 12 10 9 14 26 36 25 43 19 34 48 30 0 37 14 54 5 43 24 20 36 26 39 38 28 7 8 19
18 17 47 44 25 22 52 57 45 55 38 29 23 22 32 0 19 38 21 59 68 43 52 46 16 67 24 24 50 10
37 31 12 12 10 2 16 11 27 22 6 30 45 30 19 43 0 31 13 53 22 31 12 17 45 45 41 15 2 41
34 37 21 50 18 53 44 69 9 16 70 27 24 12 71 40 44 0 24 54 29 19 30 28 31 24 28 47 40 16
13 21 22 3 17 18 21 24 39 47 11 42 20 39 6 32 17 56 0 59 24 17 27 21 37 64 26 9 6 33
65 33 17 44 35 39 26 37 39 22 35 26 33 39 54 77 31 60 25 0 24 18 27 22 44 19 33 73 22 64
52 16 15 22 25 12 8 2 60 43 13 16 43 47 33 45 20 53 20 29 0 11 13 9 45 37 22 41 14 40
24 28 10 26 24 24 13 15 30 21 21 11 19 46 36 55 29 20 28 24 16 0 3 12 24 14 23 36 24 43
42 30 8 10 12 18 6 16 22 29 22 31 33 51 22 49 28 34 31 30 15 8 0 2 39 30 12 45 12 37
22 28 8 24 21 12 7 14 21 27 15 29 29 22 31 59 12 56 29 12 4 5 3 0 29 36 33 36 17 45
17 9 21 25 13 19 24 53 19 37 41 12 15 18 26 9 26 23 32 30 58 44 49 52 0 47 8 24 30 1
53 24 24 33 36 53 26 18 18 6 69 21 30 48 24 49 44 32 34 10 36 23 18 19 27 0 41 42 27 47
23 8 16 22 10 23 19 28 15 21 39 4 4 18 23 18 36 33 15 46 37 17 27 39 12 29 0 13 25 9
5 18 33 19 21 28 30 20 35 62 25 43 23 48 6 10 11 48 14 28 44 22 30 37 12 34 29 0 17 21
26 15 9 4 22 5 13 15 37 26 6 26 38 32 12 30 4 69 12 38 20 25 22 18 18 41 26 10 0 48
10 6 32 24 17 51 29 43 16 30 30 25 19 16 22 14 23 39 22 55 54 18 46 39 1 26 9 23 46 0