5
30
,
0 (33.0, 1.0) 16.0
1 (32.0, 17.0) 28.0
2 (16.0, 25.0) 14.0
3 (16.0, 11.0) 26.0
4 (24.0, 18.0) 28.0
5 (8.0, 13.0) 15.0
6 (11.0, 24.0) 25.0
7 (4.0, 21.0) 46.0
8 (39.0, 42.0) 12.0
9 (25.0, 47.0) 24.0
10 (8.0, 5.0) 13.0
11 (33.0, 32.0) 23.0
12 (34.0, 32.0) 14.0
13 (48.0, 29.0) 16.0
14 (21.0, 2.0) 11.0
15 (46.0, 4.0) 19.0
16 (8.0, 9.0) 45.0
17 (47.0, 44.0) 43.0
18 (19.0, 7.0) 26.0
19 (5.0, 49.0) 16.0
20 (3.0, 23.0) 24.0
21 (16.0, 33.0) 10.0
22 (11.0, 29.0) 43.0
23 (8.0, 30.0) 14.0
24 (43.0, 16.0) 38.0
25 (21.0, 50.0) 19.0
26 (34.0, 25.0) 40.0
27 (28.0, 4.0) 12.0
28 (11.0, 10.0) 25.0
29 (43.0, 18.0) 15.0
,
0 3 6 4 4 6 6 7 8 9 5 6 6 6 2 3 5 9 3 11 7 7 7 8 4 10 5 1 5 4
3 0 4 3 2 5 4 6 5 6 5 3 3 4 4 4 5 6 3 8 6 5 5 5 2 7 2 3 4 2
6 4 0 3 2 3 1 3 6 5 4 4 4 6 5 7 4 7 4 5 3 2 1 2 6 5 4 5 3 6
4 3 3 0 2 2 3 3 8 7 2 5 6 7 2 6 2 9 1 8 4 4 4 4 5 8 5 3 1 6
4 2 2 2 0 3 3 4 6 6 4 3 3 5 3 5 4 7 2 7 4 3 3 4 4 6 2 3 3 4
6 5 3 2 3 0 2 2 8 8 2 6 6 9 3 8 1 10 3 7 2 4 3 3 7 8 6 4 1 7
6 4 1 3 3 2 0 2 7 5 4 5 5 7 5 8 3 8 4 5 2 2 1 1 7 6 5 5 3 7
7 6 3 3 4 2 2 0 8 7 3 6 6 9 5 9 3 10 4 6 0 3 2 2 8 7 6 6 3 8
8 5 6 8 6 8 7 8 0 3 10 2 2 3 9 8 9 2 8 7 8 5 6 7 5 4 4 8 9 5
9 6 5 7 6 8 5 7 3 0 9 3 3 6 9 10 8 4 8 4 7 3 5 5 7 1 5 9 8 7
5 5 4 2 4 2 4 3 10 9 0 7 7 9 3 8 1 11 2 9 4 6 5 5 7 9 7 4 1 7
6 3 4 5 3 6 5 6 2 3 7 0 0 3 6 6 7 4 6 7 6 3 4 5 4 4 1 6 6 3
6 3 4 6 3 6 5 6 2 3 7 0 0 3 7 6 7 4 6 7 6 4 5 5 4 4 1 6 6 3
6 4 6 7 5 9 7 9 3 6 9 3 3 0 8 5 9 3 7 9 9 6 7 8 3 7 3 6 8 2
2 4 5 2 3 3 5 5 9 9 3 6 7 8 0 5 3 10 1 10 6 6 6 6 5 10 5 1 3 5
3 4 7 6 5 8 8 9 8 10 8 6 6 5 5 0 8 8 5 12 9 8 9 9 2 10 5 4 7 3
5 5 4 2 4 1 3 3 9 8 1 7 7 9 3 8 0 10 2 8 3 5 4 4 7 9 6 4 1 7
9 6 7 9 7 10 8 10 2 4 11 4 4 3 10 8 10 0 9 8 10 7 8 8 6 5 5 9 10 5
3 3 4 1 2 3 4 4 8 8 2 6 6 7 1 5 2 9 0 9 5 5 5 5 5 9 5 2 2 5
11 8 5 8 7 7 5 6 7 4 9 7 7 9 10 12 8 8 9 0 5 4 4 4 10 3 8 10 8 10
7 6 3 4 4 2 2 0 8 7 4 6 6 9 6 9 3 10 5 5 0 3 2 2 8 6 6 6 3 8
7 5 2 4 3 4 2 3 5 3 6 3 4 6 6 8 5 7 5 4 3 0 1 2 6 4 4 6 5 6
7 5 1 4 3 3 1 2 6 5 5 4 5 7 6 9 4 8 5 4 2 1 0 1 7 5 5 6 4 7
8 5 2 4 4 3 1 2 7 5 5 5 5 8 6 9 4 8 5 4 2 2 1 0 8 5 5 7 4 7
4 2 6 5 4 7 7 8 5 7 7 4 4 3 5 2 7 6 5 10 8 6 7 8 0 8 3 4 7 0
10 7 5 8 6 8 6 7 4 1 9 4 4 7 10 10 9 5 9 3 6 4 5 5 8 0 6 9 8 8
5 2 4 5 2 6 5 6 4 5 7 1 1 3 5 5 6 5 5 8 6 4 5 5 3 6 0 4 5 2
1 3 5 3 3 4 5 6 8 9 4 6 6 6 1 4 4 9 2 10 6 6 6 7 4 9 4 0 4 4
5 4 3 1 3 1 3 3 9 8 1 6 6 8 3 7 1 10 2 8 3 5 4 4 7 8 5 4 0 7
4 2 6 6 4 7 7 8 5 7 7 3 3 2 5 3 7 5 5 10 8 6 7 7 0 8 2 4 7 0
,
0 16 36 27 21 17 38 52 56 42 32 29 25 38 17 12 24 42 10 47 36 26 19 23 24 52 34 7 34 26
19 0 23 25 6 25 26 15 20 42 15 16 10 13 26 13 28 23 10 40 20 17 30 37 11 50 6 18 31 11
28 15 0 8 13 17 3 17 15 35 18 13 29 33 20 47 19 27 10 18 12 7 9 7 21 32 19 16 15 39
18 10 13 0 14 10 20 17 48 39 12 37 18 54 12 25 10 50 5 25 12 21 14 15 14 20 31 7 6 30
21 5 11 13 0 13 11 16 36 25 25 23 13 20 10 36 10 20 17 34 30 24 11 24 15 36 16 13 11 17
16 32 19 6 23 0 17 6 62 45 5 20 36 53 20 58 5 61 10 26 10 29 13 17 23 33 18 29 4 44
22 28 6 8 13 7 0 8 18 22 28 16 27 51 18 38 9 41 11 21 9 9 6 10 27 29 30 31 13 27
39 42 14 22 27 7 6 0 52 46 14 42 33 67 27 28 12 57 15 39 2 21 15 7 34 37 37 20 15 42
34 26 38 41 22 63 36 56 0 15 62 9 14 20 48 47 59 5 33 46 23 24 25 27 25 14 16 30 45 23
37 24 21 47 24 39 18 34 8 0 30 9 25 38 31 70 28 14 26 28 26 18 15 24 45 6 34 52 31 31
28 25 27 8 17 11 15 17 25 38 0 23 38 49 16 34 2 45 8 32 19 36 31 16 51 59 17 21 5 51
26 20 14 20 8 32 12 32 7 21 46 0 1 16 48 26 31 11 26 34 30 13 27 27 15 27 6 40 26 16
36 19 11 34 17 43 32 35 8 22 51 1 0 17 39 23 25 13 22 17 22 24 16 23 24 18 10 35 38 16
41 15 36 42 27 64 44 56 10 19 34 16 20 0 39 24 39 9 21 52 34 38 52 20 16 30 15 32 53 16
11 15 23 6 9 21 31 18 27 29 7 48 24 41 0 35 14 61 5 46 18 44 15 23 34 31 15 7 8 24
11 27 27 16 17 57 59 60 50 61 19 17 40 29 33 0 33 27 27 53 27 35 32 46 14 50 18 14 46 12
15 14 16 12 19 5 12 10 29 57 5 22 34 42 16 31 0 71 8 48 18 35 10 14 28 41 20 18 3 50
28 35 53 32 40 44 47 31 12 31 44 18 19 13 56 26 70 0 48 42 37 21 49 29 25 24 15 24 55 14
15 18 14 7 17 16 21 25 60 25 6 26 23 53 8 16 10 66 0 45 13 39 18 23 31 26 15 11 8 28
44 40 36 57 48 22 16 27 29 26 60 29 40 47 58 55 48 47 58 0 13 27 23 27 67 23 34 65 34 54
26 22 9 9 18 9 11 2 47 27 24 26 31 55 29 70 18 55 34 30 0 16 6 5 52 48 21 32 21 43
46 18 10 33 24 16 8 22 14 10 33 20 21 17 21 24 26 22 36 28 20 0 9 7 47 24 11 19 25 42
44 26 9 20 12 21 4 11 38 19 18 15 27 33 23 25 11 34 29 30 9 5 0 3 42 19 17 22 10 37
38 15 11 16 13 24 8 14 40 15 37 31 18 54 18 55 30 31 35 21 11 8 3 0 48 33 18 36 12 40
9 11 22 14 20 29 47 57 35 34 53 23 24 10 13 13 37 29 17 41 53 38 44 27 0 56 17 24 38 2
52 40 38 25 41 49 24 26 17 3 65 22 22 24 50 33 61 37 50 21 20 14 20 21 36 0 19 31 46 33
28 5 13 12 18 34 25 17 20 27 48 9 4 14 14 13 26 25 12 24 23 19 26 34 14 18 0 31 25 6
4 11 19 15 17 22 38 41 36 40 28 40 24 19 11 11 17 31 6 48 37 16 21 46 19 55 28 0 12 11
13 16 22 7 22 3 8 14 63 33 4 18 21 54 14 47 3 48 8 54 23 13 13 24 29 45 37 14 0 34
21 7 36 32 19 42 42 41 35 20 37 25 19 6 41 10 36 16 17 48 22 36 37 26 2 50 6 24 22 0