5
30
,
0 (33.0, 1.0) 21.0
1 (32.0, 17.0) 13.0
2 (16.0, 25.0) 34.0
3 (16.0, 11.0) 12.0
4 (24.0, 18.0) 13.0
5 (8.0, 13.0) 34.0
6 (11.0, 24.0) 17.0
7 (4.0, 21.0) 23.0
8 (39.0, 42.0) 17.0
9 (25.0, 47.0) 15.0
10 (8.0, 5.0) 45.0
11 (33.0, 32.0) 37.0
12 (34.0, 32.0) 47.0
13 (48.0, 29.0) 43.0
14 (21.0, 2.0) 38.0
15 (46.0, 4.0) 18.0
16 (8.0, 9.0) 25.0
17 (47.0, 44.0) 30.0
18 (19.0, 7.0) 40.0
19 (5.0, 49.0) 28.0
20 (3.0, 23.0) 22.0
21 (16.0, 33.0) 12.0
22 (11.0, 29.0) 47.0
23 (8.0, 30.0) 15.0
24 (43.0, 16.0) 46.0
25 (21.0, 50.0) 20.0
26 (34.0, 25.0) 21.0
27 (28.0, 4.0) 29.0
28 (11.0, 10.0) 26.0
29 (43.0, 18.0) 23.0
,
0 3 6 4 4 6 6 7 8 9 5 6 6 6 2 3 5 9 3 11 7 7 7 8 4 10 5 1 5 4
3 0 4 3 2 5 4 6 5 6 5 3 3 4 4 4 5 6 3 8 6 5 5 5 2 7 2 3 4 2
6 4 0 3 2 3 1 3 6 5 4 4 4 6 5 7 4 7 4 5 3 2 1 2 6 5 4 5 3 6
4 3 3 0 2 2 3 3 8 7 2 5 6 7 2 6 2 9 1 8 4 4 4 4 5 8 5 3 1 6
4 2 2 2 0 3 3 4 6 6 4 3 3 5 3 5 4 7 2 7 4 3 3 4 4 6 2 3 3 4
6 5 3 2 3 0 2 2 8 8 2 6 6 9 3 8 1 10 3 7 2 4 3 3 7 8 6 4 1 7
6 4 1 3 3 2 0 2 7 5 4 5 5 7 5 8 3 8 4 5 2 2 1 1 7 6 5 5 3 7
7 6 3 3 4 2 2 0 8 7 3 6 6 9 5 9 3 10 4 6 0 3 2 2 8 7 6 6 3 8
8 5 6 8 6 8 7 8 0 3 10 2 2 3 9 8 9 2 8 7 8 5 6 7 5 4 4 8 9 5
9 6 5 7 6 8 5 7 3 0 9 3 3 6 9 10 8 4 8 4 7 3 5 5 7 1 5 9 8 7
5 5 4 2 4 2 4 3 10 9 0 7 7 9 3 8 1 11 2 9 4 6 5 5 7 9 7 4 1 7
6 3 4 5 3 6 5 6 2 3 7 0 0 3 6 6 7 4 6 7 6 3 4 5 4 4 1 6 6 3
6 3 4 6 3 6 5 6 2 3 7 0 0 3 7 6 7 4 6 7 6 4 5 5 4 4 1 6 6 3
6 4 6 7 5 9 7 9 3 6 9 3 3 0 8 5 9 3 7 9 9 6 7 8 3 7 3 6 8 2
2 4 5 2 3 3 5 5 9 9 3 6 7 8 0 5 3 10 1 10 6 6 6 6 5 10 5 1 3 5
3 4 7 6 5 8 8 9 8 10 8 6 6 5 5 0 8 8 5 12 9 8 9 9 2 10 5 4 7 3
5 5 4 2 4 1 3 3 9 8 1 7 7 9 3 8 0 10 2 8 3 5 4 4 7 9 6 4 1 7
9 6 7 9 7 10 8 10 2 4 11 4 4 3 10 8 10 0 9 8 10 7 8 8 6 5 5 9 10 5
3 3 4 1 2 3 4 4 8 8 2 6 6 7 1 5 2 9 0 9 5 5 5 5 5 9 5 2 2 5
11 8 5 8 7 7 5 6 7 4 9 7 7 9 10 12 8 8 9 0 5 4 4 4 10 3 8 10 8 10
7 6 3 4 4 2 2 0 8 7 4 6 6 9 6 9 3 10 5 5 0 3 2 2 8 6 6 6 3 8
7 5 2 4 3 4 2 3 5 3 6 3 4 6 6 8 5 7 5 4 3 0 1 2 6 4 4 6 5 6
7 5 1 4 3 3 1 2 6 5 5 4 5 7 6 9 4 8 5 4 2 1 0 1 7 5 5 6 4 7
8 5 2 4 4 3 1 2 7 5 5 5 5 8 6 9 4 8 5 4 2 2 1 0 8 5 5 7 4 7
4 2 6 5 4 7 7 8 5 7 7 4 4 3 5 2 7 6 5 10 8 6 7 8 0 8 3 4 7 0
10 7 5 8 6 8 6 7 4 1 9 4 4 7 10 10 9 5 9 3 6 4 5 5 8 0 6 9 8 8
5 2 4 5 2 6 5 6 4 5 7 1 1 3 5 5 6 5 5 8 6 4 5 5 3 6 0 4 5 2
1 3 5 3 3 4 5 6 8 9 4 6 6 6 1 4 4 9 2 10 6 6 6 7 4 9 4 0 4 4
5 4 3 1 3 1 3 3 9 8 1 6 6 8 3 7 1 10 2 8 3 5 4 4 7 8 5 4 0 7
4 2 6 6 4 7 7 8 5 7 7 3 3 2 5 3 7 5 5 10 8 6 7 7 0 8 2 4 7 0
,
0 14 21 19 14 37 22 21 44 66 34 23 21 31 11 15 28 45 9 65 51 25 37 54 22 35 36 9 16 24
9 0 24 20 7 21 24 18 22 34 33 15 10 28 12 21 32 36 22 51 35 13 32 33 12 41 8 14 28 10
43 19 0 8 6 8 4 9 26 15 18 27 12 22 15 38 23 30 11 23 15 6 6 6 28 15 19 33 17 25
24 19 17 0 7 6 11 21 51 19 7 16 25 50 12 18 12 26 4 54 18 22 10 26 30 39 23 8 3 32
11 6 12 14 0 13 17 23 24 39 22 9 20 21 24 18 13 31 11 24 29 24 14 23 26 43 11 11 18 20
30 36 10 7 9 0 10 13 55 47 8 33 32 37 24 55 5 59 12 30 14 20 23 19 37 20 18 15 6 35
20 20 6 16 14 15 0 5 25 15 21 16 20 21 31 31 15 32 27 30 12 12 7 7 39 28 18 33 10 35
23 33 15 20 10 7 4 0 39 43 19 45 18 49 30 56 7 54 26 27 2 24 7 13 53 45 41 37 9 28
38 35 18 31 36 59 45 49 0 15 61 13 11 12 64 27 40 10 25 31 24 26 22 23 21 12 9 39 54 25
33 23 14 42 18 21 25 45 16 0 32 22 25 44 45 56 61 21 52 24 36 17 21 23 31 5 27 64 31 31
14 24 18 11 17 4 17 10 35 54 0 51 24 53 11 45 4 61 8 55 11 43 25 17 21 63 48 24 5 35
23 12 12 26 22 45 19 34 6 24 26 0 1 20 45 37 18 24 23 43 20 21 19 20 23 12 10 38 22 10
32 13 26 27 15 44 17 17 15 24 40 1 0 19 45 15 41 21 39 17 46 12 14 16 25 14 4 34 42 25
40 17 34 37 37 61 26 45 12 21 34 19 11 0 24 24 58 19 32 62 23 33 43 52 14 44 12 20 55 10
14 18 34 9 9 14 20 13 65 54 15 28 41 48 0 14 15 43 5 25 38 23 28 40 30 30 21 11 11 15
8 14 35 17 26 39 48 45 56 46 50 32 38 15 16 0 28 33 20 70 48 54 22 42 7 30 33 24 37 18
26 25 20 5 14 4 12 12 66 49 4 43 18 40 10 54 0 58 15 52 12 20 11 11 49 50 25 15 4 23
40 21 38 58 45 49 41 67 7 19 55 16 20 8 41 51 44 0 30 27 52 46 45 36 29 18 31 66 39 32
18 23 27 7 14 13 20 26 35 26 12 35 42 31 7 35 15 36 0 27 30 24 23 16 35 23 24 8 9 39
56 56 31 37 47 47 33 23 30 23 27 44 23 58 54 39 50 63 37 0 19 26 26 19 39 15 51 71 35 27
44 26 12 16 29 12 11 2 47 29 18 16 38 58 41 62 21 57 21 16 0 13 13 7 53 35 16 27 12 22
22 22 9 14 11 20 14 15 19 12 35 12 26 20 34 52 14 18 32 12 13 0 6 11 47 11 28 21 23 28
42 20 4 17 25 18 7 13 32 28 33 13 29 44 17 64 27 48 24 22 7 8 0 4 45 24 30 24 28 39
35 27 13 27 28 18 6 15 19 25 35 28 37 28 29 62 28 55 28 14 5 10 2 0 39 32 19 30 30 49
22 11 15 33 21 44 28 46 37 28 28 11 19 14 20 12 46 26 14 54 37 24 33 53 0 22 10 25 39 3
66 27 16 44 26 26 31 26 29 5 47 16 29 32 55 29 55 38 32 22 19 21 24 16 46 0 29 33 48 42
29 5 16 19 13 18 24 24 22 13 42 9 5 18 18 20 21 24 18 39 28 20 16 39 16 33 0 14 39 16
3 7 16 17 19 25 28 19 40 44 28 31 35 26 5 17 28 28 9 55 20 39 38 19 23 59 31 0 25 21
16 26 14 5 10 4 13 8 47 29 8 33 21 27 14 42 4 51 11 42 16 30 23 19 28 33 30 13 0 47
11 15 22 34 16 46 41 45 26 43 55 19 25 13 24 19 23 29 30 31 23 20 40 44 3 53 9 20 40 0