5
30
,
0 (33.0, 1.0) 41.0
1 (32.0, 17.0) 19.0
2 (16.0, 25.0) 23.0
3 (16.0, 11.0) 23.0
4 (24.0, 18.0) 23.0
5 (8.0, 13.0) 11.0
6 (11.0, 24.0) 25.0
7 (4.0, 21.0) 50.0
8 (39.0, 42.0) 24.0
9 (25.0, 47.0) 32.0
10 (8.0, 5.0) 20.0
11 (33.0, 32.0) 14.0
12 (34.0, 32.0) 29.0
13 (48.0, 29.0) 11.0
14 (21.0, 2.0) 12.0
15 (46.0, 4.0) 11.0
16 (8.0, 9.0) 30.0
17 (47.0, 44.0) 30.0
18 (19.0, 7.0) 18.0
19 (5.0, 49.0) 17.0
20 (3.0, 23.0) 17.0
21 (16.0, 33.0) 20.0
22 (11.0, 29.0) 21.0
23 (8.0, 30.0) 37.0
24 (43.0, 16.0) 13.0
25 (21.0, 50.0) 28.0
26 (34.0, 25.0) 17.0
27 (28.0, 4.0) 33.0
28 (11.0, 10.0) 16.0
29 (43.0, 18.0) 30.0
,
0 3 6 4 4 6 6 7 8 9 5 6 6 6 2 3 5 9 3 11 7 7 7 8 4 10 5 1 5 4
3 0 4 3 2 5 4 6 5 6 5 3 3 4 4 4 5 6 3 8 6 5 5 5 2 7 2 3 4 2
6 4 0 3 2 3 1 3 6 5 4 4 4 6 5 7 4 7 4 5 3 2 1 2 6 5 4 5 3 6
4 3 3 0 2 2 3 3 8 7 2 5 6 7 2 6 2 9 1 8 4 4 4 4 5 8 5 3 1 6
4 2 2 2 0 3 3 4 6 6 4 3 3 5 3 5 4 7 2 7 4 3 3 4 4 6 2 3 3 4
6 5 3 2 3 0 2 2 8 8 2 6 6 9 3 8 1 10 3 7 2 4 3 3 7 8 6 4 1 7
6 4 1 3 3 2 0 2 7 5 4 5 5 7 5 8 3 8 4 5 2 2 1 1 7 6 5 5 3 7
7 6 3 3 4 2 2 0 8 7 3 6 6 9 5 9 3 10 4 6 0 3 2 2 8 7 6 6 3 8
8 5 6 8 6 8 7 8 0 3 10 2 2 3 9 8 9 2 8 7 8 5 6 7 5 4 4 8 9 5
9 6 5 7 6 8 5 7 3 0 9 3 3 6 9 10 8 4 8 4 7 3 5 5 7 1 5 9 8 7
5 5 4 2 4 2 4 3 10 9 0 7 7 9 3 8 1 11 2 9 4 6 5 5 7 9 7 4 1 7
6 3 4 5 3 6 5 6 2 3 7 0 0 3 6 6 7 4 6 7 6 3 4 5 4 4 1 6 6 3
6 3 4 6 3 6 5 6 2 3 7 0 0 3 7 6 7 4 6 7 6 4 5 5 4 4 1 6 6 3
6 4 6 7 5 9 7 9 3 6 9 3 3 0 8 5 9 3 7 9 9 6 7 8 3 7 3 6 8 2
2 4 5 2 3 3 5 5 9 9 3 6 7 8 0 5 3 10 1 10 6 6 6 6 5 10 5 1 3 5
3 4 7 6 5 8 8 9 8 10 8 6 6 5 5 0 8 8 5 12 9 8 9 9 2 10 5 4 7 3
5 5 4 2 4 1 3 3 9 8 1 7 7 9 3 8 0 10 2 8 3 5 4 4 7 9 6 4 1 7
9 6 7 9 7 10 8 10 2 4 11 4 4 3 10 8 10 0 9 8 10 7 8 8 6 5 5 9 10 5
3 3 4 1 2 3 4 4 8 8 2 6 6 7 1 5 2 9 0 9 5 5 5 5 5 9 5 2 2 5
11 8 5 8 7 7 5 6 7 4 9 7 7 9 10 12 8 8 9 0 5 4 4 4 10 3 8 10 8 10
7 6 3 4 4 2 2 0 8 7 4 6 6 9 6 9 3 10 5 5 0 3 2 2 8 6 6 6 3 8
7 5 2 4 3 4 2 3 5 3 6 3 4 6 6 8 5 7 5 4 3 0 1 2 6 4 4 6 5 6
7 5 1 4 3 3 1 2 6 5 5 4 5 7 6 9 4 8 5 4 2 1 0 1 7 5 5 6 4 7
8 5 2 4 4 3 1 2 7 5 5 5 5 8 6 9 4 8 5 4 2 2 1 0 8 5 5 7 4 7
4 2 6 5 4 7 7 8 5 7 7 4 4 3 5 2 7 6 5 10 8 6 7 8 0 8 3 4 7 0
10 7 5 8 6 8 6 7 4 1 9 4 4 7 10 10 9 5 9 3 6 4 5 5 8 0 6 9 8 8
5 2 4 5 2 6 5 6 4 5 7 1 1 3 5 5 6 5 5 8 6 4 5 5 3 6 0 4 5 2
1 3 5 3 3 4 5 6 8 9 4 6 6 6 1 4 4 9 2 10 6 6 6 7 4 9 4 0 4 4
5 4 3 1 3 1 3 3 9 8 1 6 6 8 3 7 1 10 2 8 3 5 4 4 7 8 5 4 0 7
4 2 6 6 4 7 7 8 5 7 7 3 3 2 5 3 7 5 5 10 8 6 7 7 0 8 2 4 7 0
,
0 23 36 24 13 16 25 28 37 25 32 35 18 20 7 9 20 62 17 42 19 37 23 25 17 29 27 9 19 20
14 0 9 18 9 22 18 23 35 36 27 22 9 22 14 25 21 45 11 24 35 22 13 27 13 34 4 15 17 15
24 23 0 19 7 21 6 10 16 31 23 26 21 27 14 50 11 37 21 23 8 12 9 6 15 13 25 31 23 15
17 12 8 0 15 11 20 16 28 44 11 27 18 38 6 38 6 65 7 54 25 29 22 16 16 49 27 19 7 15
23 9 13 10 0 10 21 15 37 25 22 9 19 36 22 36 15 43 15 53 14 19 16 16 11 21 8 10 8 13
26 33 15 12 20 0 8 10 25 32 6 36 43 57 19 28 6 36 11 27 13 12 20 14 27 50 32 24 4 51
40 20 6 8 18 9 0 7 31 17 12 31 19 49 35 50 22 24 22 18 10 12 7 4 24 40 14 27 17 42
30 15 12 15 23 7 10 0 52 45 10 43 26 51 35 41 11 51 12 25 1 19 7 10 38 21 37 25 8 51
53 37 24 28 22 53 18 43 0 13 39 15 15 8 59 42 57 11 50 26 61 27 38 46 18 22 12 38 25 12
58 25 16 43 39 44 24 44 18 0 59 25 18 23 68 43 23 11 27 16 20 16 26 31 19 4 22 40 30 48
18 26 11 13 27 5 16 16 70 64 0 54 30 54 14 44 5 30 13 50 22 25 13 33 21 52 46 19 4 36
37 9 10 39 13 27 16 26 12 14 37 0 1 10 25 41 49 14 34 28 30 13 31 21 20 12 4 17 25 16
35 15 20 28 23 18 28 35 6 12 50 1 0 8 27 17 30 21 38 50 43 24 24 20 20 32 4 32 30 9
38 19 20 43 26 38 31 50 20 34 50 20 17 0 50 13 47 10 49 49 47 31 43 41 21 48 17 21 28 14
14 18 21 12 24 23 31 36 39 26 15 45 24 45 0 32 13 41 7 26 25 24 30 35 26 68 19 11 16 15
9 24 24 34 19 38 59 49 24 63 37 32 29 30 33 0 47 26 39 84 69 48 40 32 15 42 17 15 49 19
17 37 22 11 17 3 9 14 34 32 4 44 30 27 12 28 0 36 9 33 10 13 27 19 51 42 19 22 4 46
66 44 43 26 20 42 28 73 11 30 79 19 20 16 54 27 48 0 48 53 52 22 46 62 21 21 27 60 71 35
11 22 14 4 8 14 13 13 23 37 10 34 29 39 7 25 8 43 0 27 24 33 29 18 36 47 25 13 9 18
45 58 31 27 43 24 26 34 48 13 28 31 38 26 72 51 37 56 29 0 18 22 16 22 40 23 42 69 39 36
28 30 15 26 17 15 9 3 29 22 23 38 20 38 29 52 20 72 12 31 0 13 12 7 28 45 32 37 18 22
29 24 6 24 25 28 8 24 36 10 42 12 12 32 33 56 25 17 37 27 21 0 4 12 44 24 16 26 29 35
31 29 4 22 21 13 5 11 38 25 31 19 34 23 17 26 22 49 24 23 13 7 0 4 27 20 34 19 22 28
26 40 8 16 18 25 9 10 19 35 16 33 30 33 22 41 24 28 34 13 11 8 2 0 36 20 23 45 18 40
22 11 26 33 14 40 46 47 35 40 25 25 14 8 23 7 43 17 16 69 54 40 51 36 0 31 14 12 36 2
74 31 34 22 37 53 33 45 11 4 34 29 30 42 42 58 22 22 53 14 21 21 32 27 32 0 27 50 24 53
22 8 27 12 18 28 14 30 10 29 40 9 9 8 38 23 40 30 30 31 16 22 17 31 17 38 0 12 36 12
6 7 31 15 15 29 32 25 27 22 27 41 39 17 10 18 25 25 11 56 22 33 17 28 15 61 20 0 18 21
32 14 21 4 10 2 10 8 21 37 4 40 23 27 18 37 4 74 10 58 9 28 27 25 21 27 19 22 0 44
10 8 28 21 28 20 45 36 24 41 39 17 23 11 39 8 29 25 30 34 35 21 33 50 2 35 15 29 43 0