5
30
,
0 (33.0, 1.0) 19.0
1 (32.0, 17.0) 12.0
2 (16.0, 25.0) 47.0
3 (16.0, 11.0) 13.0
4 (24.0, 18.0) 33.0
5 (8.0, 13.0) 14.0
6 (11.0, 24.0) 28.0
7 (4.0, 21.0) 14.0
8 (39.0, 42.0) 14.0
9 (25.0, 47.0) 19.0
10 (8.0, 5.0) 11.0
11 (33.0, 32.0) 14.0
12 (34.0, 32.0) 13.0
13 (48.0, 29.0) 40.0
14 (21.0, 2.0) 20.0
15 (46.0, 4.0) 22.0
16 (8.0, 9.0) 40.0
17 (47.0, 44.0) 37.0
18 (19.0, 7.0) 20.0
19 (5.0, 49.0) 20.0
20 (3.0, 23.0) 33.0
21 (16.0, 33.0) 40.0
22 (11.0, 29.0) 13.0
23 (8.0, 30.0) 37.0
24 (43.0, 16.0) 41.0
25 (21.0, 50.0) 10.0
26 (34.0, 25.0) 23.0
27 (28.0, 4.0) 12.0
28 (11.0, 10.0) 10.0
29 (43.0, 18.0) 17.0
,
0 3 6 4 4 6 6 7 8 9 5 6 6 6 2 3 5 9 3 11 7 7 7 8 4 10 5 1 5 4
3 0 4 3 2 5 4 6 5 6 5 3 3 4 4 4 5 6 3 8 6 5 5 5 2 7 2 3 4 2
6 4 0 3 2 3 1 3 6 5 4 4 4 6 5 7 4 7 4 5 3 2 1 2 6 5 4 5 3 6
4 3 3 0 2 2 3 3 8 7 2 5 6 7 2 6 2 9 1 8 4 4 4 4 5 8 5 3 1 6
4 2 2 2 0 3 3 4 6 6 4 3 3 5 3 5 4 7 2 7 4 3 3 4 4 6 2 3 3 4
6 5 3 2 3 0 2 2 8 8 2 6 6 9 3 8 1 10 3 7 2 4 3 3 7 8 6 4 1 7
6 4 1 3 3 2 0 2 7 5 4 5 5 7 5 8 3 8 4 5 2 2 1 1 7 6 5 5 3 7
7 6 3 3 4 2 2 0 8 7 3 6 6 9 5 9 3 10 4 6 0 3 2 2 8 7 6 6 3 8
8 5 6 8 6 8 7 8 0 3 10 2 2 3 9 8 9 2 8 7 8 5 6 7 5 4 4 8 9 5
9 6 5 7 6 8 5 7 3 0 9 3 3 6 9 10 8 4 8 4 7 3 5 5 7 1 5 9 8 7
5 5 4 2 4 2 4 3 10 9 0 7 7 9 3 8 1 11 2 9 4 6 5 5 7 9 7 4 1 7
6 3 4 5 3 6 5 6 2 3 7 0 0 3 6 6 7 4 6 7 6 3 4 5 4 4 1 6 6 3
6 3 4 6 3 6 5 6 2 3 7 0 0 3 7 6 7 4 6 7 6 4 5 5 4 4 1 6 6 3
6 4 6 7 5 9 7 9 3 6 9 3 3 0 8 5 9 3 7 9 9 6 7 8 3 7 3 6 8 2
2 4 5 2 3 3 5 5 9 9 3 6 7 8 0 5 3 10 1 10 6 6 6 6 5 10 5 1 3 5
3 4 7 6 5 8 8 9 8 10 8 6 6 5 5 0 8 8 5 12 9 8 9 9 2 10 5 4 7 3
5 5 4 2 4 1 3 3 9 8 1 7 7 9 3 8 0 10 2 8 3 5 4 4 7 9 6 4 1 7
9 6 7 9 7 10 8 10 2 4 11 4 4 3 10 8 10 0 9 8 10 7 8 8 6 5 5 9 10 5
3 3 4 1 2 3 4 4 8 8 2 6 6 7 1 5 2 9 0 9 5 5 5 5 5 9 5 2 2 5
11 8 5 8 7 7 5 6 7 4 9 7 7 9 10 12 8 8 9 0 5 4 4 4 10 3 8 10 8 10
7 6 3 4 4 2 2 0 8 7 4 6 6 9 6 9 3 10 5 5 0 3 2 2 8 6 6 6 3 8
7 5 2 4 3 4 2 3 5 3 6 3 4 6 6 8 5 7 5 4 3 0 1 2 6 4 4 6 5 6
7 5 1 4 3 3 1 2 6 5 5 4 5 7 6 9 4 8 5 4 2 1 0 1 7 5 5 6 4 7
8 5 2 4 4 3 1 2 7 5 5 5 5 8 6 9 4 8 5 4 2 2 1 0 8 5 5 7 4 7
4 2 6 5 4 7 7 8 5 7 7 4 4 3 5 2 7 6 5 10 8 6 7 8 0 8 3 4 7 0
10 7 5 8 6 8 6 7 4 1 9 4 4 7 10 10 9 5 9 3 6 4 5 5 8 0 6 9 8 8
5 2 4 5 2 6 5 6 4 5 7 1 1 3 5 5 6 5 5 8 6 4 5 5 3 6 0 4 5 2
1 3 5 3 3 4 5 6 8 9 4 6 6 6 1 4 4 9 2 10 6 6 6 7 4 9 4 0 4 4
5 4 3 1 3 1 3 3 9 8 1 6 6 8 3 7 1 10 2 8 3 5 4 4 7 8 5 4 0 7
4 2 6 6 4 7 7 8 5 7 7 3 3 2 5 3 7 5 5 10 8 6 7 7 0 8 2 4 7 0
,
0 19 20 26 23 19 43 45 28 68 15 21 30 26 12 16 35 65 22 82 47 38 31 22 21 44 17 8 14 11
15 0 23 20 5 22 26 42 18 28 13 20 11 14 22 18 23 44 22 45 17 18 26 32 13 40 7 19 17 6
16 14 0 20 11 20 7 18 32 23 22 21 26 27 25 20 13 52 20 38 16 7 9 8 35 16 18 13 23 39
27 19 15 0 8 10 8 20 27 33 14 35 32 28 8 21 5 40 4 37 9 29 12 21 40 59 22 17 7 30
11 9 13 8 0 9 17 19 28 39 15 22 10 36 15 22 25 48 7 50 23 10 20 26 10 20 17 13 8 16
31 32 17 8 17 0 13 7 27 32 5 28 22 40 15 22 4 51 16 51 12 14 9 24 31 50 22 17 5 29
45 15 7 20 9 15 0 10 39 28 10 19 16 20 26 23 15 39 12 23 6 11 7 10 31 30 12 14 15 43
52 33 6 20 22 6 10 0 48 31 8 30 40 35 29 37 17 45 20 20 1 12 11 10 53 49 29 23 9 58
36 33 35 22 28 46 47 24 0 9 63 11 7 22 56 54 59 11 47 34 28 32 29 26 23 19 23 45 49 20
42 29 19 29 25 28 21 28 19 0 63 24 20 42 26 63 29 26 22 26 34 20 27 31 35 3 35 36 34 43
27 37 32 7 25 7 12 15 64 38 0 54 27 37 14 43 4 54 16 38 10 19 18 13 43 68 25 17 4 28
27 9 24 32 19 43 26 38 15 14 47 0 1 12 43 33 28 24 30 23 29 20 19 16 27 32 6 24 18 24
33 20 11 36 23 26 34 47 9 23 23 1 0 16 46 17 29 22 24 20 48 24 32 28 25 19 9 30 22 23
36 26 44 53 26 26 36 37 11 29 25 22 16 0 47 27 66 11 45 48 47 36 51 47 14 22 19 38 48 6
16 19 26 8 13 15 27 24 25 59 17 31 46 21 0 24 15 67 8 73 28 34 26 35 35 39 39 7 9 17
20 13 30 30 21 36 58 41 45 45 37 35 27 15 25 0 27 33 28 91 58 43 34 46 7 70 32 15 31 8
26 24 14 8 25 5 14 19 57 26 2 23 34 42 15 53 0 76 6 46 12 29 11 15 40 56 36 18 2 53
37 35 42 58 20 72 38 69 12 16 66 21 23 20 61 37 57 0 26 56 59 47 25 52 18 28 29 57 56 17
20 17 12 7 13 9 15 24 57 22 7 35 33 49 7 34 10 39 0 27 26 38 34 22 38 40 27 7 11 18
47 48 32 25 24 50 30 30 21 14 36 28 47 26 64 34 45 35 41 0 33 24 22 11 58 16 37 27 36 31
21 43 15 21 11 13 9 3 47 26 18 28 33 39 15 61 19 27 24 30 0 16 10 12 38 24 44 17 22 23
42 19 5 27 15 30 6 9 26 21 37 16 11 20 20 51 24 17 17 29 24 0 10 6 21 9 28 33 34 41
53 29 9 11 12 15 4 9 36 30 25 19 34 51 40 47 15 39 26 17 7 7 0 5 25 33 32 22 12 25
48 24 10 24 21 18 5 12 38 27 18 16 18 24 44 57 28 22 19 20 9 8 5 0 38 18 24 37 30 27
27 15 21 24 24 22 23 34 16 25 26 26 23 14 31 11 46 16 33 27 35 32 19 35 0 60 16 18 29 2
53 27 18 57 39 33 29 36 28 5 29 25 21 50 67 37 26 22 62 22 25 23 15 18 26 0 27 62 31 50
30 5 23 31 12 15 25 27 26 14 30 8 6 13 20 22 29 14 35 31 36 29 26 19 17 40 0 20 21 17
6 13 18 10 16 21 34 30 40 64 17 33 17 47 10 13 30 64 9 42 36 30 19 28 13 50 28 0 19 24
32 23 19 5 16 6 13 18 61 58 7 42 41 43 14 51 2 63 10 33 10 14 20 30 22 56 28 9 0 22
13 11 30 37 10 49 42 39 36 42 32 15 9 10 18 17 39 17 28 42 26 29 26 31 1 38 14 18 42 0