5
30
,
0 (33.0, 1.0) 29.0
1 (32.0, 17.0) 18.0
2 (16.0, 25.0) 17.0
3 (16.0, 11.0) 22.0
4 (24.0, 18.0) 30.0
5 (8.0, 13.0) 32.0
6 (11.0, 24.0) 26.0
7 (4.0, 21.0) 15.0
8 (39.0, 42.0) 17.0
9 (25.0, 47.0) 15.0
10 (8.0, 5.0) 20.0
11 (33.0, 32.0) 41.0
12 (34.0, 32.0) 22.0
13 (48.0, 29.0) 34.0
14 (21.0, 2.0) 14.0
15 (46.0, 4.0) 15.0
16 (8.0, 9.0) 20.0
17 (47.0, 44.0) 17.0
18 (19.0, 7.0) 17.0
19 (5.0, 49.0) 41.0
20 (3.0, 23.0) 10.0
21 (16.0, 33.0) 42.0
22 (11.0, 29.0) 28.0
23 (8.0, 30.0) 16.0
24 (43.0, 16.0) 45.0
25 (21.0, 50.0) 25.0
26 (34.0, 25.0) 21.0
27 (28.0, 4.0) 18.0
28 (11.0, 10.0) 23.0
29 (43.0, 18.0) 19.0
,
0 3 6 4 4 6 6 7 8 9 5 6 6 6 2 3 5 9 3 11 7 7 7 8 4 10 5 1 5 4
3 0 4 3 2 5 4 6 5 6 5 3 3 4 4 4 5 6 3 8 6 5 5 5 2 7 2 3 4 2
6 4 0 3 2 3 1 3 6 5 4 4 4 6 5 7 4 7 4 5 3 2 1 2 6 5 4 5 3 6
4 3 3 0 2 2 3 3 8 7 2 5 6 7 2 6 2 9 1 8 4 4 4 4 5 8 5 3 1 6
4 2 2 2 0 3 3 4 6 6 4 3 3 5 3 5 4 7 2 7 4 3 3 4 4 6 2 3 3 4
6 5 3 2 3 0 2 2 8 8 2 6 6 9 3 8 1 10 3 7 2 4 3 3 7 8 6 4 1 7
6 4 1 3 3 2 0 2 7 5 4 5 5 7 5 8 3 8 4 5 2 2 1 1 7 6 5 5 3 7
7 6 3 3 4 2 2 0 8 7 3 6 6 9 5 9 3 10 4 6 0 3 2 2 8 7 6 6 3 8
8 5 6 8 6 8 7 8 0 3 10 2 2 3 9 8 9 2 8 7 8 5 6 7 5 4 4 8 9 5
9 6 5 7 6 8 5 7 3 0 9 3 3 6 9 10 8 4 8 4 7 3 5 5 7 1 5 9 8 7
5 5 4 2 4 2 4 3 10 9 0 7 7 9 3 8 1 11 2 9 4 6 5 5 7 9 7 4 1 7
6 3 4 5 3 6 5 6 2 3 7 0 0 3 6 6 7 4 6 7 6 3 4 5 4 4 1 6 6 3
6 3 4 6 3 6 5 6 2 3 7 0 0 3 7 6 7 4 6 7 6 4 5 5 4 4 1 6 6 3
6 4 6 7 5 9 7 9 3 6 9 3 3 0 8 5 9 3 7 9 9 6 7 8 3 7 3 6 8 2
2 4 5 2 3 3 5 5 9 9 3 6 7 8 0 5 3 10 1 10 6 6 6 6 5 10 5 1 3 5
3 4 7 6 5 8 8 9 8 10 8 6 6 5 5 0 8 8 5 12 9 8 9 9 2 10 5 4 7 3
5 5 4 2 4 1 3 3 9 8 1 7 7 9 3 8 0 10 2 8 3 5 4 4 7 9 6 4 1 7
9 6 7 9 7 10 8 10 2 4 11 4 4 3 10 8 10 0 9 8 10 7 8 8 6 5 5 9 10 5
3 3 4 1 2 3 4 4 8 8 2 6 6 7 1 5 2 9 0 9 5 5 5 5 5 9 5 2 2 5
11 8 5 8 7 7 5 6 7 4 9 7 7 9 10 12 8 8 9 0 5 4 4 4 10 3 8 10 8 10
7 6 3 4 4 2 2 0 8 7 4 6 6 9 6 9 3 10 5 5 0 3 2 2 8 6 6 6 3 8
7 5 2 4 3 4 2 3 5 3 6 3 4 6 6 8 5 7 5 4 3 0 1 2 6 4 4 6 5 6
7 5 1 4 3 3 1 2 6 5 5 4 5 7 6 9 4 8 5 4 2 1 0 1 7 5 5 6 4 7
8 5 2 4 4 3 1 2 7 5 5 5 5 8 6 9 4 8 5 4 2 2 1 0 8 5 5 7 4 7
4 2 6 5 4 7 7 8 5 7 7 4 4 3 5 2 7 6 5 10 8 6 7 8 0 8 3 4 7 0
10 7 5 8 6 8 6 7 4 1 9 4 4 7 10 10 9 5 9 3 6 4 5 5 8 0 6 9 8 8
5 2 4 5 2 6 5 6 4 5 7 1 1 3 5 5 6 5 5 8 6 4 5 5 3 6 0 4 5 2
1 3 5 3 3 4 5 6 8 9 4 6 6 6 1 4 4 9 2 10 6 6 6 7 4 9 4 0 4 4
5 4 3 1 3 1 3 3 9 8 1 6 6 8 3 7 1 10 2 8 3 5 4 4 7 8 5 4 0 7
4 2 6 6 4 7 7 8 5 7 7 3 3 2 5 3 7 5 5 10 8 6 7 7 0 8 2 4 7 0
,
0 17 31 25 19 27 28 21 42 32 13 23 31 35 12 16 14 54 9 79 42 36 32 26 16 44 17 5 26 18
8 0 10 16 11 20 25 24 29 39 35 19 19 20 23 15 29 36 19 30 15 32 23 33 11 43 10 19 31 16
43 14 0 8 9 11 5 9 27 20 24 17 11 17 18 35 24 32 11 15 18 11 6 13 36 22 18 13 24 38
28 14 15 0 11 7 17 13 44 55 15 40 40 36 6 19 10 45 4 21 15 15 19 23 22 23 25 7 3 34
18 8 6 13 0 17 18 27 22 15 20 24 15 16 18 31 15 22 11 49 17 20 16 25 19 39 10 10 14 17
31 27 11 8 19 0 6 5 40 56 5 35 18 22 13 35 3 60 16 41 9 26 21 12 41 50 26 21 5 37
30 13 5 13 18 11 0 8 22 39 27 15 17 41 20 29 16 22 12 24 12 15 7 4 32 39 13 29 16 29
21 37 14 19 24 7 5 0 31 36 21 28 41 37 22 28 11 49 19 34 1 24 6 9 54 48 24 40 18 47
27 22 16 38 16 22 19 58 0 20 33 17 11 23 55 38 34 5 35 35 51 18 32 20 22 10 24 35 57 29
69 39 23 47 41 41 26 21 17 0 63 25 11 26 39 28 54 15 33 16 34 9 33 27 43 3 26 64 52 27
21 31 14 12 29 8 14 13 39 62 0 38 53 50 12 21 6 73 10 48 16 19 27 26 30 66 21 16 5 45
44 12 24 15 22 22 32 26 11 16 40 0 1 9 19 26 27 21 20 41 47 19 31 23 28 25 5 31 29 15
45 22 14 23 19 17 22 16 11 12 49 1 0 8 39 34 31 26 29 18 31 16 20 18 15 26 7 43 18 21
27 29 34 30 22 50 37 23 11 40 65 21 18 0 20 20 51 21 37 35 25 28 51 33 14 39 21 19 47 16
7 13 16 10 10 11 23 30 57 62 18 36 18 49 0 20 8 28 5 37 30 43 29 41 20 60 16 6 11 26
8 21 35 44 27 47 47 23 47 36 37 15 26 30 36 0 32 44 35 63 24 35 53 66 7 48 36 15 41 19
20 21 25 4 20 3 18 8 57 30 5 29 40 25 11 30 0 46 16 43 10 33 19 29 29 23 27 11 2 25
30 17 29 24 49 33 22 47 10 12 66 13 26 11 65 33 57 0 41 49 39 23 48 45 34 19 25 46 39 16
11 9 18 4 6 7 14 29 43 55 16 33 39 20 4 30 16 67 0 24 21 26 19 24 20 34 24 12 5 13
70 24 34 51 20 24 36 30 22 18 35 41 23 47 71 56 47 55 44 0 14 18 23 22 68 14 47 29 21 73
46 44 17 25 22 11 7 3 54 28 26 44 39 36 41 54 16 56 30 28 0 13 9 9 36 47 19 23 21 31
28 19 12 30 18 30 6 17 21 23 40 24 16 21 25 31 25 17 39 22 20 0 9 11 42 11 26 29 23 19
37 20 4 26 22 23 6 6 44 31 22 23 14 22 35 36 11 21 16 15 9 9 0 4 42 13 24 26 21 39
45 26 14 23 20 18 4 6 45 20 31 28 20 36 44 65 31 59 17 15 13 8 4 0 40 19 34 35 25 55
18 6 35 17 21 31 23 42 26 52 46 19 24 14 25 11 40 26 38 74 38 29 30 30 0 24 16 24 39 1
26 25 30 31 42 55 27 28 11 6 28 27 31 25 37 72 22 39 38 23 26 15 17 23 30 0 19 61 46 47
22 9 22 30 7 19 24 35 25 17 30 8 8 13 38 32 30 31 33 53 28 18 25 37 13 16 0 22 25 15
7 19 17 11 22 26 30 41 48 45 13 20 38 36 9 24 21 34 13 75 36 44 21 48 23 66 18 0 9 25
26 19 16 6 16 4 16 10 43 22 4 24 38 51 14 40 4 25 5 50 19 15 19 25 32 32 33 19 0 43
29 13 42 32 13 44 30 55 34 51 24 21 15 16 29 19 49 20 22 56 24 18 22 27 3 42 9 12 45 0