5
30
,
0 (33.0, 1.0) 15.0
1 (32.0, 17.0) 20.0
2 (16.0, 25.0) 34.0
3 (16.0, 11.0) 28.0
4 (24.0, 18.0) 13.0
5 (8.0, 13.0) 17.0
6 (11.0, 24.0) 26.0
7 (4.0, 21.0) 16.0
8 (39.0, 42.0) 16.0
9 (25.0, 47.0) 18.0
10 (8.0, 5.0) 29.0
11 (33.0, 32.0) 21.0
12 (34.0, 32.0) 41.0
13 (48.0, 29.0) 13.0
14 (21.0, 2.0) 37.0
15 (46.0, 4.0) 47.0
16 (8.0, 9.0) 12.0
17 (47.0, 44.0) 22.0
18 (19.0, 7.0) 11.0
19 (5.0, 49.0) 14.0
20 (3.0, 23.0) 20.0
21 (16.0, 33.0) 23.0
22 (11.0, 29.0) 17.0
23 (8.0, 30.0) 11.0
24 (43.0, 16.0) 12.0
25 (21.0, 50.0) 34.0
26 (34.0, 25.0) 40.0
27 (28.0, 4.0) 31.0
28 (11.0, 10.0) 31.0
29 (43.0, 18.0) 24.0
,
0 3 6 4 4 6 6 7 8 9 5 6 6 6 2 3 5 9 3 11 7 7 7 8 4 10 5 1 5 4
3 0 4 3 2 5 4 6 5 6 5 3 3 4 4 4 5 6 3 8 6 5 5 5 2 7 2 3 4 2
6 4 0 3 2 3 1 3 6 5 4 4 4 6 5 7 4 7 4 5 3 2 1 2 6 5 4 5 3 6
4 3 3 0 2 2 3 3 8 7 2 5 6 7 2 6 2 9 1 8 4 4 4 4 5 8 5 3 1 6
4 2 2 2 0 3 3 4 6 6 4 3 3 5 3 5 4 7 2 7 4 3 3 4 4 6 2 3 3 4
6 5 3 2 3 0 2 2 8 8 2 6 6 9 3 8 1 10 3 7 2 4 3 3 7 8 6 4 1 7
6 4 1 3 3 2 0 2 7 5 4 5 5 7 5 8 3 8 4 5 2 2 1 1 7 6 5 5 3 7
7 6 3 3 4 2 2 0 8 7 3 6 6 9 5 9 3 10 4 6 0 3 2 2 8 7 6 6 3 8
8 5 6 8 6 8 7 8 0 3 10 2 2 3 9 8 9 2 8 7 8 5 6 7 5 4 4 8 9 5
9 6 5 7 6 8 5 7 3 0 9 3 3 6 9 10 8 4 8 4 7 3 5 5 7 1 5 9 8 7
5 5 4 2 4 2 4 3 10 9 0 7 7 9 3 8 1 11 2 9 4 6 5 5 7 9 7 4 1 7
6 3 4 5 3 6 5 6 2 3 7 0 0 3 6 6 7 4 6 7 6 3 4 5 4 4 1 6 6 3
6 3 4 6 3 6 5 6 2 3 7 0 0 3 7 6 7 4 6 7 6 4 5 5 4 4 1 6 6 3
6 4 6 7 5 9 7 9 3 6 9 3 3 0 8 5 9 3 7 9 9 6 7 8 3 7 3 6 8 2
2 4 5 2 3 3 5 5 9 9 3 6 7 8 0 5 3 10 1 10 6 6 6 6 5 10 5 1 3 5
3 4 7 6 5 8 8 9 8 10 8 6 6 5 5 0 8 8 5 12 9 8 9 9 2 10 5 4 7 3
5 5 4 2 4 1 3 3 9 8 1 7 7 9 3 8 0 10 2 8 3 5 4 4 7 9 6 4 1 7
9 6 7 9 7 10 8 10 2 4 11 4 4 3 10 8 10 0 9 8 10 7 8 8 6 5 5 9 10 5
3 3 4 1 2 3 4 4 8 8 2 6 6 7 1 5 2 9 0 9 5 5 5 5 5 9 5 2 2 5
11 8 5 8 7 7 5 6 7 4 9 7 7 9 10 12 8 8 9 0 5 4 4 4 10 3 8 10 8 10
7 6 3 4 4 2 2 0 8 7 4 6 6 9 6 9 3 10 5 5 0 3 2 2 8 6 6 6 3 8
7 5 2 4 3 4 2 3 5 3 6 3 4 6 6 8 5 7 5 4 3 0 1 2 6 4 4 6 5 6
7 5 1 4 3 3 1 2 6 5 5 4 5 7 6 9 4 8 5 4 2 1 0 1 7 5 5 6 4 7
8 5 2 4 4 3 1 2 7 5 5 5 5 8 6 9 4 8 5 4 2 2 1 0 8 5 5 7 4 7
4 2 6 5 4 7 7 8 5 7 7 4 4 3 5 2 7 6 5 10 8 6 7 8 0 8 3 4 7 0
10 7 5 8 6 8 6 7 4 1 9 4 4 7 10 10 9 5 9 3 6 4 5 5 8 0 6 9 8 8
5 2 4 5 2 6 5 6 4 5 7 1 1 3 5 5 6 5 5 8 6 4 5 5 3 6 0 4 5 2
1 3 5 3 3 4 5 6 8 9 4 6 6 6 1 4 4 9 2 10 6 6 6 7 4 9 4 0 4 4
5 4 3 1 3 1 3 3 9 8 1 6 6 8 3 7 1 10 2 8 3 5 4 4 7 8 5 4 0 7
4 2 6 6 4 7 7 8 5 7 7 3 3 2 5 3 7 5 5 10 8 6 7 7 0 8 2 4 7 0
,
0 11 19 15 13 28 20 46 26 57 33 26 44 16 17 12 23 30 17 66 44 30 25 45 18 28 35 8 25 16
12 0 15 21 9 31 16 30 35 19 37 18 16 21 13 20 34 24 24 37 44 22 26 24 8 19 7 12 27 13
36 25 0 14 6 18 6 11 30 35 29 20 27 31 21 36 10 36 20 38 15 11 8 7 42 24 10 19 21 19
27 23 20 0 9 8 19 13 45 53 13 31 15 41 12 19 8 41 4 39 23 12 25 19 20 54 12 13 4 41
29 10 8 7 0 22 14 12 26 28 22 13 15 16 17 20 11 26 15 21 20 24 20 26 14 28 12 21 15 19
20 17 11 7 24 0 17 5 35 52 5 44 20 55 14 32 4 62 11 42 6 13 16 15 42 52 18 30 3 49
36 23 4 17 12 12 0 5 40 37 24 28 33 31 34 47 18 38 17 33 7 8 4 7 35 33 22 35 15 34
29 31 17 21 22 11 6 0 45 40 22 21 45 57 24 47 14 73 12 16 2 23 6 15 51 23 22 40 16 50
27 16 22 32 20 22 26 54 0 9 48 10 11 20 23 51 27 9 45 26 50 14 16 18 23 18 22 58 47 22
66 29 26 32 25 38 21 50 10 0 65 24 24 23 31 29 25 18 54 20 39 17 26 21 20 5 18 33 38 38
24 20 26 6 22 10 23 16 53 57 0 34 26 24 11 36 3 35 17 25 17 16 14 35 51 39 47 29 7 50
43 20 10 22 10 41 25 44 10 24 40 0 1 9 45 41 25 27 25 48 20 15 16 27 12 11 4 27 32 21
20 13 24 26 12 38 30 23 8 25 25 1 0 16 36 26 33 10 17 24 34 14 18 14 25 22 8 40 22 21
44 27 44 38 18 45 34 23 18 17 44 11 13 0 55 36 40 22 49 35 44 30 35 44 20 36 17 42 46 18
17 22 19 13 24 14 13 16 57 34 11 19 27 47 0 21 19 65 3 37 22 32 17 33 15 53 22 10 17 34
20 20 33 46 14 22 57 41 55 49 27 15 16 24 15 0 50 58 22 53 29 40 26 65 8 62 15 22 25 17
35 32 21 12 20 4 13 9 59 47 5 22 39 34 9 40 0 70 14 50 16 20 29 17 39 48 38 21 2 49
26 23 41 25 45 40 51 67 6 14 65 12 10 10 54 23 60 0 38 40 73 18 37 37 24 23 30 52 28 22
21 16 18 3 13 10 11 16 21 47 14 21 17 30 4 33 10 55 0 49 20 34 22 35 14 33 15 14 11 37
63 43 15 32 37 40 33 16 33 13 49 49 42 56 41 75 59 56 51 0 23 20 13 14 33 10 30 70 59 56
35 34 7 15 24 7 7 2 39 29 13 41 35 36 23 54 12 39 17 28 0 11 6 9 57 31 27 28 10 22
35 33 12 12 19 12 8 23 16 21 19 25 11 19 32 62 30 25 19 22 17 0 6 10 39 22 17 27 22 22
47 16 4 14 9 21 7 12 21 22 28 22 32 31 21 32 19 20 18 26 10 6 0 4 33 20 34 28 20 40
54 20 14 12 26 10 7 10 36 14 29 33 37 39 19 51 19 22 26 25 11 12 2 0 43 24 34 33 11 47
18 7 33 26 14 46 23 59 26 44 42 15 12 19 26 18 40 34 25 62 51 33 43 53 0 40 16 16 19 3
56 43 34 53 35 40 33 29 11 7 37 26 22 42 35 48 56 20 62 19 47 26 28 30 36 0 38 32 61 44
13 9 14 31 12 39 26 27 12 22 27 6 7 21 26 24 43 12 17 31 44 17 17 22 19 23 0 18 18 15
4 13 22 9 10 26 28 32 22 35 28 40 31 32 9 15 22 65 6 62 35 25 27 22 18 30 19 0 18 18
33 13 9 4 22 3 15 14 62 37 8 29 31 34 7 38 3 29 12 53 16 22 26 28 46 51 34 24 0 27
26 8 31 36 20 41 48 55 27 25 38 22 11 12 25 8 38 39 27 32 53 23 22 35 1 27 7 13 37 0