5
30
,
0 (33.0, 1.0) 26.0
1 (32.0, 17.0) 21.0
2 (16.0, 25.0) 19.0
3 (16.0, 11.0) 48.0
4 (24.0, 18.0) 24.0
5 (8.0, 13.0) 25.0
6 (11.0, 24.0) 18.0
7 (4.0, 21.0) 26.0
8 (39.0, 42.0) 24.0
9 (25.0, 47.0) 15.0
10 (8.0, 5.0) 28.0
11 (33.0, 32.0) 35.0
12 (34.0, 32.0) 34.0
13 (48.0, 29.0) 41.0
14 (21.0, 2.0) 13.0
15 (46.0, 4.0) 38.0
16 (8.0, 9.0) 30.0
17 (47.0, 44.0) 10.0
18 (19.0, 7.0) 31.0
19 (5.0, 49.0) 13.0
20 (3.0, 23.0) 18.0
21 (16.0, 33.0) 13.0
22 (11.0, 29.0) 48.0
23 (8.0, 30.0) 33.0
24 (43.0, 16.0) 16.0
25 (21.0, 50.0) 37.0
26 (34.0, 25.0) 46.0
27 (28.0, 4.0) 21.0
28 (11.0, 10.0) 21.0
29 (43.0, 18.0) 19.0
,
0 3 6 4 4 6 6 7 8 9 5 6 6 6 2 3 5 9 3 11 7 7 7 8 4 10 5 1 5 4
3 0 4 3 2 5 4 6 5 6 5 3 3 4 4 4 5 6 3 8 6 5 5 5 2 7 2 3 4 2
6 4 0 3 2 3 1 3 6 5 4 4 4 6 5 7 4 7 4 5 3 2 1 2 6 5 4 5 3 6
4 3 3 0 2 2 3 3 8 7 2 5 6 7 2 6 2 9 1 8 4 4 4 4 5 8 5 3 1 6
4 2 2 2 0 3 3 4 6 6 4 3 3 5 3 5 4 7 2 7 4 3 3 4 4 6 2 3 3 4
6 5 3 2 3 0 2 2 8 8 2 6 6 9 3 8 1 10 3 7 2 4 3 3 7 8 6 4 1 7
6 4 1 3 3 2 0 2 7 5 4 5 5 7 5 8 3 8 4 5 2 2 1 1 7 6 5 5 3 7
7 6 3 3 4 2 2 0 8 7 3 6 6 9 5 9 3 10 4 6 0 3 2 2 8 7 6 6 3 8
8 5 6 8 6 8 7 8 0 3 10 2 2 3 9 8 9 2 8 7 8 5 6 7 5 4 4 8 9 5
9 6 5 7 6 8 5 7 3 0 9 3 3 6 9 10 8 4 8 4 7 3 5 5 7 1 5 9 8 7
5 5 4 2 4 2 4 3 10 9 0 7 7 9 3 8 1 11 2 9 4 6 5 5 7 9 7 4 1 7
6 3 4 5 3 6 5 6 2 3 7 0 0 3 6 6 7 4 6 7 6 3 4 5 4 4 1 6 6 3
6 3 4 6 3 6 5 6 2 3 7 0 0 3 7 6 7 4 6 7 6 4 5 5 4 4 1 6 6 3
6 4 6 7 5 9 7 9 3 6 9 3 3 0 8 5 9 3 7 9 9 6 7 8 3 7 3 6 8 2
2 4 5 2 3 3 5 5 9 9 3 6 7 8 0 5 3 10 1 10 6 6 6 6 5 10 5 1 3 5
3 4 7 6 5 8 8 9 8 10 8 6 6 5 5 0 8 8 5 12 9 8 9 9 2 10 5 4 7 3
5 5 4 2 4 1 3 3 9 8 1 7 7 9 3 8 0 10 2 8 3 5 4 4 7 9 6 4 1 7
9 6 7 9 7 10 8 10 2 4 11 4 4 3 10 8 10 0 9 8 10 7 8 8 6 5 5 9 10 5
3 3 4 1 2 3 4 4 8 8 2 6 6 7 1 5 2 9 0 9 5 5 5 5 5 9 5 2 2 5
11 8 5 8 7 7 5 6 7 4 9 7 7 9 10 12 8 8 9 0 5 4 4 4 10 3 8 10 8 10
7 6 3 4 4 2 2 0 8 7 4 6 6 9 6 9 3 10 5 5 0 3 2 2 8 6 6 6 3 8
7 5 2 4 3 4 2 3 5 3 6 3 4 6 6 8 5 7 5 4 3 0 1 2 6 4 4 6 5 6
7 5 1 4 3 3 1 2 6 5 5 4 5 7 6 9 4 8 5 4 2 1 0 1 7 5 5 6 4 7
8 5 2 4 4 3 1 2 7 5 5 5 5 8 6 9 4 8 5 4 2 2 1 0 8 5 5 7 4 7
4 2 6 5 4 7 7 8 5 7 7 4 4 3 5 2 7 6 5 10 8 6 7 8 0 8 3 4 7 0
10 7 5 8 6 8 6 7 4 1 9 4 4 7 10 10 9 5 9 3 6 4 5 5 8 0 6 9 8 8
5 2 4 5 2 6 5 6 4 5 7 1 1 3 5 5 6 5 5 8 6 4 5 5 3 6 0 4 5 2
1 3 5 3 3 4 5 6 8 9 4 6 6 6 1 4 4 9 2 10 6 6 6 7 4 9 4 0 4 4
5 4 3 1 3 1 3 3 9 8 1 6 6 8 3 7 1 10 2 8 3 5 4 4 7 8 5 4 0 7
4 2 6 6 4 7 7 8 5 7 7 3 3 2 5 3 7 5 5 10 8 6 7 7 0 8 2 4 7 0
,
0 18 19 26 23 29 48 40 35 25 31 26 41 44 17 11 39 62 17 30 20 33 22 54 10 75 31 6 34 27
8 0 19 12 5 22 27 15 37 41 24 18 11 23 25 20 37 22 12 22 31 21 19 31 10 39 6 10 20 12
42 15 0 12 7 10 6 15 29 31 30 14 19 32 18 23 25 43 18 30 19 6 10 10 26 30 13 21 16 41
28 17 8 0 11 7 10 13 34 31 10 30 30 44 12 22 12 49 7 44 16 26 18 12 37 32 34 17 6 25
20 11 12 9 0 20 21 15 22 30 28 12 25 25 23 32 20 46 6 31 14 23 14 23 21 36 13 21 13 21
40 31 8 9 9 0 13 5 27 20 5 41 21 43 15 56 4 29 15 51 8 28 9 21 33 57 33 22 2 26
39 31 6 17 13 16 0 5 24 35 26 34 25 55 20 23 19 46 23 33 12 7 6 7 40 36 20 37 10 19
23 37 15 21 26 8 10 0 34 26 20 32 21 45 38 43 7 73 27 27 3 24 12 7 37 18 21 35 8 56
34 35 32 25 27 32 29 57 0 20 28 11 15 20 36 37 48 10 49 36 38 14 37 26 37 21 26 35 63 13
38 27 28 44 33 47 16 29 7 0 42 19 11 34 34 62 23 22 32 16 37 14 30 14 44 5 24 53 47 49
18 22 13 13 13 10 12 13 47 63 0 45 52 53 19 54 5 50 14 54 24 35 20 21 42 56 17 25 6 38
33 17 23 14 17 19 26 43 8 21 42 0 1 18 43 27 29 13 17 37 44 19 23 34 17 24 7 23 22 22
20 15 24 34 17 35 13 33 7 25 46 1 0 20 25 23 46 24 30 40 46 27 13 23 14 28 10 16 20 17
36 17 34 36 35 49 35 32 23 23 41 14 10 0 19 36 31 15 23 37 48 47 29 60 14 47 12 37 53 11
14 12 13 13 13 20 31 18 31 49 17 21 23 31 0 14 15 60 5 36 41 39 17 25 14 47 37 11 12 15
19 13 43 33 24 33 35 46 53 61 43 33 34 24 26 0 44 35 30 55 62 62 54 48 12 75 16 27 24 8
16 31 21 10 15 4 8 10 28 40 3 21 48 44 15 33 0 69 13 57 8 35 13 18 24 58 19 26 2 43
27 39 54 56 25 50 23 46 5 21 34 16 10 11 59 44 54 0 45 29 69 21 53 42 24 32 25 55 26 29
23 21 23 4 16 16 21 14 53 41 8 34 32 20 3 24 17 54 0 34 34 26 24 14 22 32 34 11 7 20
80 39 18 48 51 37 28 26 43 21 42 47 31 37 48 71 51 62 33 0 28 15 12 22 48 24 29 36 39 71
54 39 9 20 22 14 9 1 54 35 10 28 17 45 27 60 12 30 33 22 0 18 14 12 58 33 26 19 23 39
25 18 10 25 11 26 9 18 17 17 41 19 11 45 42 29 28 17 31 22 24 0 9 5 44 23 16 20 13 35
20 23 8 22 10 21 5 15 35 32 35 21 14 45 35 64 21 27 23 31 10 8 0 3 33 27 13 31 19 49
30 29 11 10 30 18 9 8 32 15 16 20 26 27 43 35 18 59 28 21 7 8 5 0 50 35 31 38 10 30
11 7 34 33 13 29 27 40 23 51 39 20 25 9 18 13 20 38 14 48 43 39 41 49 0 41 11 26 27 1
60 29 20 54 30 47 22 42 22 3 70 24 15 21 70 59 47 26 64 19 39 15 29 22 55 0 30 62 24 46
23 11 12 31 15 16 28 34 27 24 36 6 7 11 34 14 20 24 29 36 28 20 26 40 9 20 0 12 37 8
5 17 18 11 18 31 31 26 58 48 16 17 37 26 10 26 22 60 9 58 17 24 24 45 26 27 27 0 23 22
35 19 17 4 10 3 21 8 46 50 6 39 33 29 13 28 4 54 5 53 15 17 12 27 47 49 22 20 0 48
27 14 23 34 18 49 42 24 14 24 24 17 21 11 40 20 45 18 25 42 21 46 47 48 2 33 9 17 44 0