5
30
,
0 (33.0, 1.0) 11.0
1 (32.0, 17.0) 18.0
2 (16.0, 25.0) 48.0
3 (16.0, 11.0) 11.0
4 (24.0, 18.0) 48.0
5 (8.0, 13.0) 30.0
6 (11.0, 24.0) 18.0
7 (4.0, 21.0) 11.0
8 (39.0, 42.0) 34.0
9 (25.0, 47.0) 14.0
10 (8.0, 5.0) 27.0
11 (33.0, 32.0) 21.0
12 (34.0, 32.0) 19.0
13 (48.0, 29.0) 49.0
14 (21.0, 2.0) 24.0
15 (46.0, 4.0) 12.0
16 (8.0, 9.0) 13.0
17 (47.0, 44.0) 26.0
18 (19.0, 7.0) 31.0
19 (5.0, 49.0) 29.0
20 (3.0, 23.0) 33.0
21 (16.0, 33.0) 16.0
22 (11.0, 29.0) 36.0
23 (8.0, 30.0) 34.0
24 (43.0, 16.0) 46.0
25 (21.0, 50.0) 43.0
26 (34.0, 25.0) 36.0
27 (28.0, 4.0) 29.0
28 (11.0, 10.0) 12.0
29 (43.0, 18.0) 15.0
,
0 3 6 4 4 6 6 7 8 9 5 6 6 6 2 3 5 9 3 11 7 7 7 8 4 10 5 1 5 4
3 0 4 3 2 5 4 6 5 6 5 3 3 4 4 4 5 6 3 8 6 5 5 5 2 7 2 3 4 2
6 4 0 3 2 3 1 3 6 5 4 4 4 6 5 7 4 7 4 5 3 2 1 2 6 5 4 5 3 6
4 3 3 0 2 2 3 3 8 7 2 5 6 7 2 6 2 9 1 8 4 4 4 4 5 8 5 3 1 6
4 2 2 2 0 3 3 4 6 6 4 3 3 5 3 5 4 7 2 7 4 3 3 4 4 6 2 3 3 4
6 5 3 2 3 0 2 2 8 8 2 6 6 9 3 8 1 10 3 7 2 4 3 3 7 8 6 4 1 7
6 4 1 3 3 2 0 2 7 5 4 5 5 7 5 8 3 8 4 5 2 2 1 1 7 6 5 5 3 7
7 6 3 3 4 2 2 0 8 7 3 6 6 9 5 9 3 10 4 6 0 3 2 2 8 7 6 6 3 8
8 5 6 8 6 8 7 8 0 3 10 2 2 3 9 8 9 2 8 7 8 5 6 7 5 4 4 8 9 5
9 6 5 7 6 8 5 7 3 0 9 3 3 6 9 10 8 4 8 4 7 3 5 5 7 1 5 9 8 7
5 5 4 2 4 2 4 3 10 9 0 7 7 9 3 8 1 11 2 9 4 6 5 5 7 9 7 4 1 7
6 3 4 5 3 6 5 6 2 3 7 0 0 3 6 6 7 4 6 7 6 3 4 5 4 4 1 6 6 3
6 3 4 6 3 6 5 6 2 3 7 0 0 3 7 6 7 4 6 7 6 4 5 5 4 4 1 6 6 3
6 4 6 7 5 9 7 9 3 6 9 3 3 0 8 5 9 3 7 9 9 6 7 8 3 7 3 6 8 2
2 4 5 2 3 3 5 5 9 9 3 6 7 8 0 5 3 10 1 10 6 6 6 6 5 10 5 1 3 5
3 4 7 6 5 8 8 9 8 10 8 6 6 5 5 0 8 8 5 12 9 8 9 9 2 10 5 4 7 3
5 5 4 2 4 1 3 3 9 8 1 7 7 9 3 8 0 10 2 8 3 5 4 4 7 9 6 4 1 7
9 6 7 9 7 10 8 10 2 4 11 4 4 3 10 8 10 0 9 8 10 7 8 8 6 5 5 9 10 5
3 3 4 1 2 3 4 4 8 8 2 6 6 7 1 5 2 9 0 9 5 5 5 5 5 9 5 2 2 5
11 8 5 8 7 7 5 6 7 4 9 7 7 9 10 12 8 8 9 0 5 4 4 4 10 3 8 10 8 10
7 6 3 4 4 2 2 0 8 7 4 6 6 9 6 9 3 10 5 5 0 3 2 2 8 6 6 6 3 8
7 5 2 4 3 4 2 3 5 3 6 3 4 6 6 8 5 7 5 4 3 0 1 2 6 4 4 6 5 6
7 5 1 4 3 3 1 2 6 5 5 4 5 7 6 9 4 8 5 4 2 1 0 1 7 5 5 6 4 7
8 5 2 4 4 3 1 2 7 5 5 5 5 8 6 9 4 8 5 4 2 2 1 0 8 5 5 7 4 7
4 2 6 5 4 7 7 8 5 7 7 4 4 3 5 2 7 6 5 10 8 6 7 8 0 8 3 4 7 0
10 7 5 8 6 8 6 7 4 1 9 4 4 7 10 10 9 5 9 3 6 4 5 5 8 0 6 9 8 8
5 2 4 5 2 6 5 6 4 5 7 1 1 3 5 5 6 5 5 8 6 4 5 5 3 6 0 4 5 2
1 3 5 3 3 4 5 6 8 9 4 6 6 6 1 4 4 9 2 10 6 6 6 7 4 9 4 0 4 4
5 4 3 1 3 1 3 3 9 8 1 6 6 8 3 7 1 10 2 8 3 5 4 4 7 8 5 4 0 7
4 2 6 6 4 7 7 8 5 7 7 3 3 2 5 3 7 5 5 10 8 6 7 7 0 8 2 4 7 0
,
0 19 35 16 27 37 25 18 41 48 14 44 40 23 16 7 25 34 11 45 24 37 37 37 24 37 36 7 34 15
21 0 24 22 6 13 28 18 23 45 32 9 8 15 20 23 25 23 13 24 23 24 19 40 11 48 4 11 21 7
17 21 0 16 13 8 7 14 15 25 26 22 15 18 34 40 22 28 12 32 15 6 6 8 24 26 27 15 14 38
27 16 18 0 15 7 12 18 23 32 5 21 24 19 13 42 12 43 4 36 25 13 11 17 27 46 32 15 5 24
27 7 10 14 0 17 8 16 30 43 15 25 23 39 17 14 26 32 6 31 16 21 22 25 27 38 11 14 18 11
30 18 17 6 18 0 11 12 45 44 7 43 22 40 9 46 5 65 9 31 9 31 20 25 31 36 42 15 3 30
31 19 3 15 10 17 0 6 24 27 20 30 36 42 29 33 15 24 17 33 10 6 5 6 49 30 20 22 10 28
30 40 10 11 15 7 5 0 23 17 13 22 43 55 20 39 7 60 22 17 2 21 7 14 36 26 45 43 16 32
28 32 36 42 20 60 39 24 0 22 27 15 12 10 58 24 28 5 54 34 42 36 25 34 33 25 24 31 47 16
48 37 17 25 30 25 30 30 9 0 31 15 16 36 55 62 61 15 26 16 38 23 16 26 45 6 28 43 49 49
38 21 25 7 27 7 21 19 68 33 0 51 42 31 10 56 4 43 12 47 28 32 26 18 52 67 40 19 9 35
22 12 18 15 10 41 15 27 17 11 47 0 1 14 38 24 31 25 27 40 22 14 12 22 17 19 11 21 45 18
46 15 20 23 21 43 22 23 13 21 28 1 0 19 38 25 50 20 42 41 40 21 32 21 18 30 6 17 27 12
28 25 44 29 16 53 22 29 11 22 67 17 21 0 49 17 33 21 39 39 51 18 39 46 9 33 10 48 29 12
17 15 29 11 10 23 13 37 43 61 16 48 41 36 0 33 14 54 3 51 32 17 35 38 31 37 24 10 11 39
14 16 21 16 39 53 55 25 23 29 44 35 41 16 14 0 32 24 15 60 50 49 64 23 13 74 25 11 50 14
19 20 11 8 15 4 20 13 35 26 4 24 30 44 16 49 0 31 16 21 8 23 25 31 50 57 19 21 4 28
49 46 41 43 20 38 41 45 11 14 81 24 18 11 43 21 66 0 54 22 36 25 22 56 42 16 13 49 49 28
18 23 19 4 9 15 20 29 47 41 7 21 40 34 8 39 17 44 0 55 20 30 34 34 21 59 17 9 10 37
79 63 17 47 26 35 17 21 47 28 52 29 28 62 54 90 27 39 30 0 27 12 23 14 47 16 23 54 29 58
19 20 13 20 14 7 7 3 34 21 11 40 48 28 36 56 13 28 22 35 0 13 8 10 52 35 19 22 13 28
48 24 12 32 19 19 13 20 30 24 26 15 13 45 29 53 20 33 36 14 23 0 9 12 18 15 21 38 22 44
47 24 8 22 24 11 4 11 22 13 17 33 32 46 36 35 16 21 24 12 13 5 0 3 40 17 33 38 22 47
55 22 12 16 17 16 8 7 40 18 29 19 32 56 36 59 14 45 34 10 12 9 2 0 41 30 19 31 14 40
26 10 32 34 26 28 21 45 16 20 25 23 22 14 32 12 23 16 18 63 35 17 28 39 0 22 8 28 42 3
41 36 24 21 36 51 25 38 28 6 62 15 16 26 44 73 22 27 37 10 18 11 20 22 33 0 37 43 22 21
34 10 10 32 7 31 18 45 25 22 45 4 8 13 20 36 38 17 29 22 36 15 20 32 7 41 0 21 33 10
4 16 29 15 22 16 21 35 37 22 27 18 20 39 10 16 11 56 11 74 41 33 37 34 27 46 19 0 21 17
36 18 8 5 14 3 18 10 31 58 9 18 17 61 12 33 2 65 11 42 19 12 14 12 22 32 16 26 0 23
14 11 34 24 14 40 23 49 36 45 31 25 17 13 39 17 37 38 19 66 21 35 34 40 3 34 9 27 32 0