5
30
,
0 (33.0, 1.0) 30.0
1 (32.0, 17.0) 49.0
2 (16.0, 25.0) 10.0
3 (16.0, 11.0) 24.0
4 (24.0, 18.0) 11.0
5 (8.0, 13.0) 24.0
6 (11.0, 24.0) 20.0
7 (4.0, 21.0) 45.0
8 (39.0, 42.0) 16.0
9 (25.0, 47.0) 25.0
10 (8.0, 5.0) 12.0
11 (33.0, 32.0) 12.0
12 (34.0, 32.0) 20.0
13 (48.0, 29.0) 47.0
14 (21.0, 2.0) 31.0
15 (46.0, 4.0) 20.0
16 (8.0, 9.0) 37.0
17 (47.0, 44.0) 42.0
18 (19.0, 7.0) 32.0
19 (5.0, 49.0) 11.0
20 (3.0, 23.0) 48.0
21 (16.0, 33.0) 16.0
22 (11.0, 29.0) 13.0
23 (8.0, 30.0) 22.0
24 (43.0, 16.0) 35.0
25 (21.0, 50.0) 14.0
26 (34.0, 25.0) 30.0
27 (28.0, 4.0) 30.0
28 (11.0, 10.0) 11.0
29 (43.0, 18.0) 15.0
,
0 3 6 4 4 6 6 7 8 9 5 6 6 6 2 3 5 9 3 11 7 7 7 8 4 10 5 1 5 4
3 0 4 3 2 5 4 6 5 6 5 3 3 4 4 4 5 6 3 8 6 5 5 5 2 7 2 3 4 2
6 4 0 3 2 3 1 3 6 5 4 4 4 6 5 7 4 7 4 5 3 2 1 2 6 5 4 5 3 6
4 3 3 0 2 2 3 3 8 7 2 5 6 7 2 6 2 9 1 8 4 4 4 4 5 8 5 3 1 6
4 2 2 2 0 3 3 4 6 6 4 3 3 5 3 5 4 7 2 7 4 3 3 4 4 6 2 3 3 4
6 5 3 2 3 0 2 2 8 8 2 6 6 9 3 8 1 10 3 7 2 4 3 3 7 8 6 4 1 7
6 4 1 3 3 2 0 2 7 5 4 5 5 7 5 8 3 8 4 5 2 2 1 1 7 6 5 5 3 7
7 6 3 3 4 2 2 0 8 7 3 6 6 9 5 9 3 10 4 6 0 3 2 2 8 7 6 6 3 8
8 5 6 8 6 8 7 8 0 3 10 2 2 3 9 8 9 2 8 7 8 5 6 7 5 4 4 8 9 5
9 6 5 7 6 8 5 7 3 0 9 3 3 6 9 10 8 4 8 4 7 3 5 5 7 1 5 9 8 7
5 5 4 2 4 2 4 3 10 9 0 7 7 9 3 8 1 11 2 9 4 6 5 5 7 9 7 4 1 7
6 3 4 5 3 6 5 6 2 3 7 0 0 3 6 6 7 4 6 7 6 3 4 5 4 4 1 6 6 3
6 3 4 6 3 6 5 6 2 3 7 0 0 3 7 6 7 4 6 7 6 4 5 5 4 4 1 6 6 3
6 4 6 7 5 9 7 9 3 6 9 3 3 0 8 5 9 3 7 9 9 6 7 8 3 7 3 6 8 2
2 4 5 2 3 3 5 5 9 9 3 6 7 8 0 5 3 10 1 10 6 6 6 6 5 10 5 1 3 5
3 4 7 6 5 8 8 9 8 10 8 6 6 5 5 0 8 8 5 12 9 8 9 9 2 10 5 4 7 3
5 5 4 2 4 1 3 3 9 8 1 7 7 9 3 8 0 10 2 8 3 5 4 4 7 9 6 4 1 7
9 6 7 9 7 10 8 10 2 4 11 4 4 3 10 8 10 0 9 8 10 7 8 8 6 5 5 9 10 5
3 3 4 1 2 3 4 4 8 8 2 6 6 7 1 5 2 9 0 9 5 5 5 5 5 9 5 2 2 5
11 8 5 8 7 7 5 6 7 4 9 7 7 9 10 12 8 8 9 0 5 4 4 4 10 3 8 10 8 10
7 6 3 4 4 2 2 0 8 7 4 6 6 9 6 9 3 10 5 5 0 3 2 2 8 6 6 6 3 8
7 5 2 4 3 4 2 3 5 3 6 3 4 6 6 8 5 7 5 4 3 0 1 2 6 4 4 6 5 6
7 5 1 4 3 3 1 2 6 5 5 4 5 7 6 9 4 8 5 4 2 1 0 1 7 5 5 6 4 7
8 5 2 4 4 3 1 2 7 5 5 5 5 8 6 9 4 8 5 4 2 2 1 0 8 5 5 7 4 7
4 2 6 5 4 7 7 8 5 7 7 4 4 3 5 2 7 6 5 10 8 6 7 8 0 8 3 4 7 0
10 7 5 8 6 8 6 7 4 1 9 4 4 7 10 10 9 5 9 3 6 4 5 5 8 0 6 9 8 8
5 2 4 5 2 6 5 6 4 5 7 1 1 3 5 5 6 5 5 8 6 4 5 5 3 6 0 4 5 2
1 3 5 3 3 4 5 6 8 9 4 6 6 6 1 4 4 9 2 10 6 6 6 7 4 9 4 0 4 4
5 4 3 1 3 1 3 3 9 8 1 6 6 8 3 7 1 10 2 8 3 5 4 4 7 8 5 4 0 7
4 2 6 6 4 7 7 8 5 7 7 3 3 2 5 3 7 5 5 10 8 6 7 7 0 8 2 4 7 0
,
0 22 38 22 24 33 42 27 27 46 25 42 17 25 14 15 27 38 17 52 31 45 53 30 9 36 32 5 19 29
22 0 11 16 8 27 16 21 31 39 38 11 16 11 10 24 18 40 16 44 36 30 17 28 15 28 12 19 30 9
21 9 0 19 7 19 3 11 25 27 29 23 12 32 18 54 18 38 22 28 8 9 8 5 17 23 17 34 16 36
28 26 9 0 15 5 19 8 19 20 11 15 29 34 9 32 4 42 5 33 26 17 12 18 37 51 20 10 6 34
11 11 12 10 0 15 16 20 25 33 11 19 16 25 23 14 20 19 13 33 27 9 21 29 18 41 15 22 12 16
28 31 15 11 13 0 14 6 45 57 4 34 44 36 12 57 5 69 15 34 10 26 18 14 47 33 29 28 5 47
38 30 4 11 13 17 0 11 21 27 22 15 35 45 25 21 19 31 12 36 9 9 3 6 30 40 22 20 9 40
22 31 7 12 11 12 11 0 22 45 9 24 20 37 16 63 8 65 20 37 1 12 8 10 26 25 19 42 9 43
22 13 21 45 16 39 24 21 0 11 39 7 9 17 33 27 44 5 24 51 53 26 23 24 21 17 18 55 25 18
33 16 30 40 18 24 34 26 13 0 27 20 12 26 63 59 61 18 60 23 45 8 20 20 25 5 35 34 59 42
21 34 11 13 30 8 12 20 25 65 0 53 36 34 19 38 5 53 16 51 21 34 18 34 38 51 40 29 6 47
23 9 10 35 13 24 15 19 9 15 51 0 1 9 16 31 27 24 18 35 41 21 25 18 24 21 4 25 22 14
22 16 18 33 21 16 24 21 12 21 34 1 0 17 40 35 51 15 32 19 35 13 34 24 14 30 10 26 32 12
35 27 31 50 35 26 29 49 24 21 65 13 7 0 46 34 66 22 39 45 50 30 50 32 19 35 20 28 40 17
7 15 17 11 20 19 16 13 26 67 19 41 22 51 0 24 8 40 8 31 28 33 32 43 18 63 27 5 17 31
19 22 33 23 34 58 41 41 35 38 36 16 18 32 33 0 57 24 34 82 55 22 52 24 8 62 17 9 34 18
36 21 12 7 27 3 21 19 35 51 6 46 51 49 20 32 0 48 16 37 16 38 13 23 39 53 36 18 5 25
23 21 31 67 22 40 44 27 7 21 78 17 19 9 43 45 72 0 35 59 28 34 35 31 26 24 20 47 25 37
20 25 17 7 18 17 13 26 47 59 9 20 41 30 4 35 6 40 0 66 28 33 30 35 14 34 34 8 12 18
58 38 20 46 30 28 13 22 52 12 33 24 41 65 37 40 34 27 38 0 35 28 23 19 60 13 27 64 38 69
45 39 9 25 23 16 10 2 45 17 17 32 44 51 41 42 16 29 14 20 0 20 14 11 35 19 37 46 13 37
36 25 6 18 11 28 9 15 29 15 39 20 13 18 18 59 18 34 18 19 10 0 9 8 24 9 24 17 17 21
51 24 7 14 19 24 7 13 41 13 31 32 17 23 34 50 30 45 28 12 8 4 0 4 34 30 35 21 16 35
45 32 11 30 12 10 9 9 48 24 31 15 17 25 33 28 25 37 14 25 9 5 4 0 50 14 37 23 18 51
14 8 31 27 12 41 44 47 15 25 21 12 12 13 30 13 41 33 35 27 22 16 37 48 0 43 19 23 38 2
31 43 22 55 35 45 36 40 13 5 60 31 19 25 38 72 49 27 44 10 40 18 29 35 56 0 35 33 35 41
14 7 15 13 17 36 31 34 23 25 33 7 4 20 37 23 31 15 29 53 33 24 35 34 9 15 0 19 22 16
7 13 19 16 18 12 36 35 52 31 16 29 34 47 4 22 14 55 6 42 39 19 41 28 15 28 11 0 12 30
33 23 18 5 21 6 8 7 41 29 7 29 41 52 7 37 4 72 7 38 9 15 12 17 21 50 33 26 0 38
17 8 19 18 28 52 48 58 14 46 52 23 19 10 35 10 40 39 25 51 39 42 49 34 2 27 9 28 22 0