5
30
,
0 (33.0, 1.0) 27.0
1 (32.0, 17.0) 25.0
2 (16.0, 25.0) 33.0
3 (16.0, 11.0) 17.0
4 (24.0, 18.0) 36.0
5 (8.0, 13.0) 50.0
6 (11.0, 24.0) 42.0
7 (4.0, 21.0) 44.0
8 (39.0, 42.0) 20.0
9 (25.0, 47.0) 13.0
10 (8.0, 5.0) 42.0
11 (33.0, 32.0) 17.0
12 (34.0, 32.0) 12.0
13 (48.0, 29.0) 24.0
14 (21.0, 2.0) 26.0
15 (46.0, 4.0) 11.0
16 (8.0, 9.0) 30.0
17 (47.0, 44.0) 35.0
18 (19.0, 7.0) 36.0
19 (5.0, 49.0) 15.0
20 (3.0, 23.0) 13.0
21 (16.0, 33.0) 29.0
22 (11.0, 29.0) 32.0
23 (8.0, 30.0) 22.0
24 (43.0, 16.0) 43.0
25 (21.0, 50.0) 22.0
26 (34.0, 25.0) 13.0
27 (28.0, 4.0) 24.0
28 (11.0, 10.0) 28.0
29 (43.0, 18.0) 11.0
,
0 3 6 4 4 6 6 7 8 9 5 6 6 6 2 3 5 9 3 11 7 7 7 8 4 10 5 1 5 4
3 0 4 3 2 5 4 6 5 6 5 3 3 4 4 4 5 6 3 8 6 5 5 5 2 7 2 3 4 2
6 4 0 3 2 3 1 3 6 5 4 4 4 6 5 7 4 7 4 5 3 2 1 2 6 5 4 5 3 6
4 3 3 0 2 2 3 3 8 7 2 5 6 7 2 6 2 9 1 8 4 4 4 4 5 8 5 3 1 6
4 2 2 2 0 3 3 4 6 6 4 3 3 5 3 5 4 7 2 7 4 3 3 4 4 6 2 3 3 4
6 5 3 2 3 0 2 2 8 8 2 6 6 9 3 8 1 10 3 7 2 4 3 3 7 8 6 4 1 7
6 4 1 3 3 2 0 2 7 5 4 5 5 7 5 8 3 8 4 5 2 2 1 1 7 6 5 5 3 7
7 6 3 3 4 2 2 0 8 7 3 6 6 9 5 9 3 10 4 6 0 3 2 2 8 7 6 6 3 8
8 5 6 8 6 8 7 8 0 3 10 2 2 3 9 8 9 2 8 7 8 5 6 7 5 4 4 8 9 5
9 6 5 7 6 8 5 7 3 0 9 3 3 6 9 10 8 4 8 4 7 3 5 5 7 1 5 9 8 7
5 5 4 2 4 2 4 3 10 9 0 7 7 9 3 8 1 11 2 9 4 6 5 5 7 9 7 4 1 7
6 3 4 5 3 6 5 6 2 3 7 0 0 3 6 6 7 4 6 7 6 3 4 5 4 4 1 6 6 3
6 3 4 6 3 6 5 6 2 3 7 0 0 3 7 6 7 4 6 7 6 4 5 5 4 4 1 6 6 3
6 4 6 7 5 9 7 9 3 6 9 3 3 0 8 5 9 3 7 9 9 6 7 8 3 7 3 6 8 2
2 4 5 2 3 3 5 5 9 9 3 6 7 8 0 5 3 10 1 10 6 6 6 6 5 10 5 1 3 5
3 4 7 6 5 8 8 9 8 10 8 6 6 5 5 0 8 8 5 12 9 8 9 9 2 10 5 4 7 3
5 5 4 2 4 1 3 3 9 8 1 7 7 9 3 8 0 10 2 8 3 5 4 4 7 9 6 4 1 7
9 6 7 9 7 10 8 10 2 4 11 4 4 3 10 8 10 0 9 8 10 7 8 8 6 5 5 9 10 5
3 3 4 1 2 3 4 4 8 8 2 6 6 7 1 5 2 9 0 9 5 5 5 5 5 9 5 2 2 5
11 8 5 8 7 7 5 6 7 4 9 7 7 9 10 12 8 8 9 0 5 4 4 4 10 3 8 10 8 10
7 6 3 4 4 2 2 0 8 7 4 6 6 9 6 9 3 10 5 5 0 3 2 2 8 6 6 6 3 8
7 5 2 4 3 4 2 3 5 3 6 3 4 6 6 8 5 7 5 4 3 0 1 2 6 4 4 6 5 6
7 5 1 4 3 3 1 2 6 5 5 4 5 7 6 9 4 8 5 4 2 1 0 1 7 5 5 6 4 7
8 5 2 4 4 3 1 2 7 5 5 5 5 8 6 9 4 8 5 4 2 2 1 0 8 5 5 7 4 7
4 2 6 5 4 7 7 8 5 7 7 4 4 3 5 2 7 6 5 10 8 6 7 8 0 8 3 4 7 0
10 7 5 8 6 8 6 7 4 1 9 4 4 7 10 10 9 5 9 3 6 4 5 5 8 0 6 9 8 8
5 2 4 5 2 6 5 6 4 5 7 1 1 3 5 5 6 5 5 8 6 4 5 5 3 6 0 4 5 2
1 3 5 3 3 4 5 6 8 9 4 6 6 6 1 4 4 9 2 10 6 6 6 7 4 9 4 0 4 4
5 4 3 1 3 1 3 3 9 8 1 6 6 8 3 7 1 10 2 8 3 5 4 4 7 8 5 4 0 7
4 2 6 6 4 7 7 8 5 7 7 3 3 2 5 3 7 5 5 10 8 6 7 7 0 8 2 4 7 0
,
0 20 43 10 13 22 46 37 39 57 29 35 43 30 6 10 18 47 22 58 50 22 22 53 27 38 15 6 15 20
16 0 14 18 4 29 30 29 30 45 24 19 8 18 25 28 33 32 11 36 38 27 29 18 15 26 6 11 13 7
16 9 0 16 7 15 4 16 35 33 13 19 17 27 31 55 16 27 19 27 19 8 8 8 27 17 10 14 23 25
12 17 12 0 7 7 18 9 55 48 8 17 38 42 7 44 10 61 5 26 17 19 27 15 22 39 21 12 7 28
17 9 6 9 0 9 19 11 20 34 22 18 20 23 19 34 14 49 16 24 29 22 20 11 26 36 8 19 16 19
40 28 8 8 22 0 8 9 35 49 7 38 45 27 23 34 3 37 16 40 9 31 10 13 19 58 23 23 6 30
37 30 6 11 18 8 0 7 18 25 29 21 25 45 32 35 12 36 15 38 9 13 5 4 35 38 34 15 13 28
45 33 9 12 26 5 8 0 25 49 15 27 35 23 37 44 13 32 27 27 2 11 12 8 34 46 27 44 11 28
47 30 36 56 28 29 27 61 0 10 38 11 14 13 28 50 66 7 48 20 49 28 35 21 25 20 14 57 35 21
30 44 22 47 19 45 23 45 21 0 33 15 11 21 63 65 53 27 49 14 32 21 30 33 20 6 17 33 29 42
30 24 31 13 22 5 20 16 33 62 0 46 46 43 19 40 5 57 16 23 27 15 19 25 37 59 33 19 3 32
34 8 18 35 18 43 21 34 12 20 40 0 1 18 22 44 49 12 17 28 36 20 11 31 12 20 8 17 39 9
23 13 23 36 18 20 18 39 12 14 32 1 0 13 46 44 27 20 15 19 47 15 19 25 15 14 7 33 42 25
43 14 27 54 16 35 48 48 15 33 32 16 9 0 49 31 40 16 21 59 53 22 23 58 19 49 8 21 38 14
8 25 20 7 14 15 19 31 42 24 15 36 49 29 0 35 9 64 3 72 25 33 27 44 23 40 25 5 12 19
13 12 21 36 21 31 49 59 23 66 52 16 29 14 27 0 44 49 14 44 70 40 29 23 11 54 29 27 30 12
16 37 20 11 22 6 10 17 40 55 3 42 39 29 19 24 0 35 12 20 21 22 11 20 44 35 27 18 4 24
33 39 47 48 19 59 58 41 8 24 34 12 13 21 74 31 34 0 62 25 26 17 24 27 16 14 26 37 49 31
14 8 13 6 14 18 13 15 51 60 13 38 25 49 5 36 16 49 0 52 13 34 22 22 16 51 23 13 12 28
80 29 34 34 52 30 36 30 47 13 41 36 20 46 56 32 32 62 61 0 18 11 26 11 42 8 19 71 49 58
28 17 12 22 12 15 6 3 41 21 14 44 35 43 21 45 11 34 18 15 0 22 12 6 30 32 44 28 12 54
43 22 5 29 11 28 10 10 18 15 33 24 17 24 18 25 30 49 25 13 16 0 5 10 18 16 19 40 30 31
42 18 4 14 12 23 3 8 46 12 35 30 15 23 35 43 28 35 17 14 11 4 0 4 24 17 34 22 24 34
30 28 13 15 17 18 5 9 46 25 35 18 24 55 36 41 29 40 26 12 7 7 3 0 45 15 19 48 17 49
26 15 16 18 21 31 27 49 35 18 26 13 21 11 14 14 52 27 30 53 35 38 21 47 0 41 13 17 16 1
45 35 37 39 40 45 34 30 18 3 48 26 18 30 65 54 54 35 27 12 46 19 22 16 30 0 31 61 40 42
28 9 22 32 11 15 27 39 25 16 49 5 7 10 22 20 38 16 23 26 29 25 33 14 13 37 0 18 40 10
5 7 19 16 8 16 18 35 53 40 25 15 37 40 11 14 14 26 5 38 43 26 36 25 29 50 20 0 10 10
32 23 12 5 13 5 15 10 41 48 7 29 17 39 17 30 5 64 11 32 15 14 23 29 33 24 21 15 0 22
27 8 20 35 13 21 33 41 31 23 55 21 13 11 37 10 31 24 39 41 46 41 19 44 3 40 12 28 21 0