5
30
,
0 (33.0, 1.0) 32.0
1 (32.0, 17.0) 36.0
2 (16.0, 25.0) 21.0
3 (16.0, 11.0) 36.0
4 (24.0, 18.0) 18.0
5 (8.0, 13.0) 18.0
6 (11.0, 24.0) 14.0
7 (4.0, 21.0) 12.0
8 (39.0, 42.0) 48.0
9 (25.0, 47.0) 31.0
10 (8.0, 5.0) 44.0
11 (33.0, 32.0) 25.0
12 (34.0, 32.0) 32.0
13 (48.0, 29.0) 43.0
14 (21.0, 2.0) 36.0
15 (46.0, 4.0) 29.0
16 (8.0, 9.0) 48.0
17 (47.0, 44.0) 28.0
18 (19.0, 7.0) 17.0
19 (5.0, 49.0) 42.0
20 (3.0, 23.0) 46.0
21 (16.0, 33.0) 17.0
22 (11.0, 29.0) 45.0
23 (8.0, 30.0) 31.0
24 (43.0, 16.0) 17.0
25 (21.0, 50.0) 43.0
26 (34.0, 25.0) 28.0
27 (28.0, 4.0) 17.0
28 (11.0, 10.0) 31.0
29 (43.0, 18.0) 44.0
,
0 3 6 4 4 6 6 7 8 9 5 6 6 6 2 3 5 9 3 11 7 7 7 8 4 10 5 1 5 4
3 0 4 3 2 5 4 6 5 6 5 3 3 4 4 4 5 6 3 8 6 5 5 5 2 7 2 3 4 2
6 4 0 3 2 3 1 3 6 5 4 4 4 6 5 7 4 7 4 5 3 2 1 2 6 5 4 5 3 6
4 3 3 0 2 2 3 3 8 7 2 5 6 7 2 6 2 9 1 8 4 4 4 4 5 8 5 3 1 6
4 2 2 2 0 3 3 4 6 6 4 3 3 5 3 5 4 7 2 7 4 3 3 4 4 6 2 3 3 4
6 5 3 2 3 0 2 2 8 8 2 6 6 9 3 8 1 10 3 7 2 4 3 3 7 8 6 4 1 7
6 4 1 3 3 2 0 2 7 5 4 5 5 7 5 8 3 8 4 5 2 2 1 1 7 6 5 5 3 7
7 6 3 3 4 2 2 0 8 7 3 6 6 9 5 9 3 10 4 6 0 3 2 2 8 7 6 6 3 8
8 5 6 8 6 8 7 8 0 3 10 2 2 3 9 8 9 2 8 7 8 5 6 7 5 4 4 8 9 5
9 6 5 7 6 8 5 7 3 0 9 3 3 6 9 10 8 4 8 4 7 3 5 5 7 1 5 9 8 7
5 5 4 2 4 2 4 3 10 9 0 7 7 9 3 8 1 11 2 9 4 6 5 5 7 9 7 4 1 7
6 3 4 5 3 6 5 6 2 3 7 0 0 3 6 6 7 4 6 7 6 3 4 5 4 4 1 6 6 3
6 3 4 6 3 6 5 6 2 3 7 0 0 3 7 6 7 4 6 7 6 4 5 5 4 4 1 6 6 3
6 4 6 7 5 9 7 9 3 6 9 3 3 0 8 5 9 3 7 9 9 6 7 8 3 7 3 6 8 2
2 4 5 2 3 3 5 5 9 9 3 6 7 8 0 5 3 10 1 10 6 6 6 6 5 10 5 1 3 5
3 4 7 6 5 8 8 9 8 10 8 6 6 5 5 0 8 8 5 12 9 8 9 9 2 10 5 4 7 3
5 5 4 2 4 1 3 3 9 8 1 7 7 9 3 8 0 10 2 8 3 5 4 4 7 9 6 4 1 7
9 6 7 9 7 10 8 10 2 4 11 4 4 3 10 8 10 0 9 8 10 7 8 8 6 5 5 9 10 5
3 3 4 1 2 3 4 4 8 8 2 6 6 7 1 5 2 9 0 9 5 5 5 5 5 9 5 2 2 5
11 8 5 8 7 7 5 6 7 4 9 7 7 9 10 12 8 8 9 0 5 4 4 4 10 3 8 10 8 10
7 6 3 4 4 2 2 0 8 7 4 6 6 9 6 9 3 10 5 5 0 3 2 2 8 6 6 6 3 8
7 5 2 4 3 4 2 3 5 3 6 3 4 6 6 8 5 7 5 4 3 0 1 2 6 4 4 6 5 6
7 5 1 4 3 3 1 2 6 5 5 4 5 7 6 9 4 8 5 4 2 1 0 1 7 5 5 6 4 7
8 5 2 4 4 3 1 2 7 5 5 5 5 8 6 9 4 8 5 4 2 2 1 0 8 5 5 7 4 7
4 2 6 5 4 7 7 8 5 7 7 4 4 3 5 2 7 6 5 10 8 6 7 8 0 8 3 4 7 0
10 7 5 8 6 8 6 7 4 1 9 4 4 7 10 10 9 5 9 3 6 4 5 5 8 0 6 9 8 8
5 2 4 5 2 6 5 6 4 5 7 1 1 3 5 5 6 5 5 8 6 4 5 5 3 6 0 4 5 2
1 3 5 3 3 4 5 6 8 9 4 6 6 6 1 4 4 9 2 10 6 6 6 7 4 9 4 0 4 4
5 4 3 1 3 1 3 3 9 8 1 6 6 8 3 7 1 10 2 8 3 5 4 4 7 8 5 4 0 7
4 2 6 6 4 7 7 8 5 7 7 3 3 2 5 3 7 5 5 10 8 6 7 7 0 8 2 4 7 0
,
0 15 42 12 12 26 27 38 35 58 35 19 41 21 15 12 17 65 9 80 56 26 39 39 22 30 32 8 15 12
19 0 18 19 8 25 23 36 26 24 33 20 16 21 14 21 19 39 21 37 39 25 34 30 10 37 7 12 15 11
43 17 0 21 10 16 7 14 34 31 22 12 20 43 31 36 11 26 25 32 10 10 4 10 30 13 12 31 10 19
28 19 14 0 8 10 14 11 20 28 8 26 24 50 6 16 11 55 3 24 21 22 14 14 20 44 22 12 3 20
13 4 16 13 0 24 20 30 34 31 24 15 16 34 24 34 18 20 11 54 24 11 22 16 22 47 9 18 22 22
38 27 20 11 19 0 12 11 58 21 6 22 32 53 24 58 4 53 6 40 11 20 15 16 32 44 42 28 6 44
28 14 4 18 11 8 0 6 48 24 18 33 19 34 18 47 8 57 17 23 5 12 7 7 39 22 13 18 11 48
24 19 6 22 18 11 10 0 21 44 17 42 26 30 21 50 12 69 12 39 2 25 10 11 57 21 23 32 9 55
38 27 14 45 27 39 46 54 0 22 66 14 11 16 43 41 63 6 48 29 32 15 37 41 19 28 25 28 57 23
39 33 26 49 41 40 28 28 17 0 38 22 24 15 58 66 34 20 24 22 42 15 23 22 51 3 22 35 29 31
27 29 16 13 13 10 12 15 64 48 0 49 50 34 17 28 3 70 9 60 19 17 12 22 54 66 30 18 4 28
29 16 21 19 15 42 30 35 10 12 25 0 1 13 37 35 29 15 19 19 20 11 31 29 16 30 10 36 27 14
39 17 21 18 15 34 29 47 14 22 36 1 0 8 32 22 44 22 33 26 45 10 16 15 27 28 5 36 25 15
39 27 23 29 30 45 37 67 8 39 55 21 8 0 32 20 45 9 31 58 43 36 47 38 17 43 16 19 44 9
9 17 29 12 23 19 36 18 28 61 19 32 49 31 0 36 18 31 8 54 40 22 25 42 20 35 32 6 11 27
19 11 49 22 24 21 39 41 48 47 34 39 17 23 34 0 41 58 17 78 63 59 53 43 17 36 31 20 36 13
26 17 14 10 22 2 23 19 30 45 5 25 21 24 9 29 0 62 8 28 10 25 19 19 50 31 21 25 3 36
41 37 45 39 50 58 59 32 12 17 28 19 11 10 32 28 48 0 59 53 52 28 36 40 40 38 25 58 64 38
21 11 12 6 9 8 19 23 39 56 8 24 36 48 5 28 11 28 0 25 25 35 32 22 34 37 15 12 6 39
30 55 38 54 32 23 35 42 19 13 56 42 29 33 47 39 55 56 24 0 32 15 14 28 74 15 40 67 52 67
32 25 16 19 20 8 5 2 31 44 10 25 38 62 20 32 10 54 13 14 0 17 11 11 27 27 19 36 21 26
33 19 4 12 23 23 10 20 30 22 27 22 26 45 40 57 14 21 14 20 12 0 10 10 31 9 24 42 34 22
32 15 9 20 11 18 6 14 43 29 17 31 17 35 15 62 12 24 32 22 10 8 0 2 20 33 20 38 26 27
34 20 5 18 25 9 7 12 48 31 29 35 21 31 19 50 25 41 37 25 11 12 3 0 21 23 23 42 13 20
11 6 42 21 17 45 45 28 31 20 23 24 10 11 13 15 33 20 24 46 37 41 47 40 0 29 17 27 23 1
69 50 24 52 20 43 31 34 28 5 48 25 23 40 52 78 45 18 41 11 21 17 20 14 53 0 38 40 46 48
13 5 10 17 6 21 33 38 16 26 34 8 8 10 17 19 31 21 12 36 29 21 22 19 15 28 0 16 26 10
8 8 27 20 15 13 27 17 26 56 16 32 22 27 10 18 29 42 13 64 29 26 23 37 13 32 29 0 26 25
16 20 17 3 11 6 13 16 61 30 3 45 40 38 7 50 3 61 5 43 15 31 24 17 37 59 24 14 0 18
21 9 41 17 26 34 44 54 32 44 47 19 24 8 32 10 36 32 33 31 31 25 45 30 2 36 9 23 30 0