5
30
,
0 (33.0, 1.0) 15.0
1 (32.0, 17.0) 27.0
2 (16.0, 25.0) 14.0
3 (16.0, 11.0) 29.0
4 (24.0, 18.0) 28.0
5 (8.0, 13.0) 16.0
6 (11.0, 24.0) 32.0
7 (4.0, 21.0) 14.0
8 (39.0, 42.0) 20.0
9 (25.0, 47.0) 14.0
10 (8.0, 5.0) 32.0
11 (33.0, 32.0) 47.0
12 (34.0, 32.0) 44.0
13 (48.0, 29.0) 12.0
14 (21.0, 2.0) 46.0
15 (46.0, 4.0) 20.0
16 (8.0, 9.0) 17.0
17 (47.0, 44.0) 34.0
18 (19.0, 7.0) 20.0
19 (5.0, 49.0) 15.0
20 (3.0, 23.0) 17.0
21 (16.0, 33.0) 15.0
22 (11.0, 29.0) 11.0
23 (8.0, 30.0) 38.0
24 (43.0, 16.0) 12.0
25 (21.0, 50.0) 44.0
26 (34.0, 25.0) 12.0
27 (28.0, 4.0) 29.0
28 (11.0, 10.0) 42.0
29 (43.0, 18.0) 34.0
,
0 3 6 4 4 6 6 7 8 9 5 6 6 6 2 3 5 9 3 11 7 7 7 8 4 10 5 1 5 4
3 0 4 3 2 5 4 6 5 6 5 3 3 4 4 4 5 6 3 8 6 5 5 5 2 7 2 3 4 2
6 4 0 3 2 3 1 3 6 5 4 4 4 6 5 7 4 7 4 5 3 2 1 2 6 5 4 5 3 6
4 3 3 0 2 2 3 3 8 7 2 5 6 7 2 6 2 9 1 8 4 4 4 4 5 8 5 3 1 6
4 2 2 2 0 3 3 4 6 6 4 3 3 5 3 5 4 7 2 7 4 3 3 4 4 6 2 3 3 4
6 5 3 2 3 0 2 2 8 8 2 6 6 9 3 8 1 10 3 7 2 4 3 3 7 8 6 4 1 7
6 4 1 3 3 2 0 2 7 5 4 5 5 7 5 8 3 8 4 5 2 2 1 1 7 6 5 5 3 7
7 6 3 3 4 2 2 0 8 7 3 6 6 9 5 9 3 10 4 6 0 3 2 2 8 7 6 6 3 8
8 5 6 8 6 8 7 8 0 3 10 2 2 3 9 8 9 2 8 7 8 5 6 7 5 4 4 8 9 5
9 6 5 7 6 8 5 7 3 0 9 3 3 6 9 10 8 4 8 4 7 3 5 5 7 1 5 9 8 7
5 5 4 2 4 2 4 3 10 9 0 7 7 9 3 8 1 11 2 9 4 6 5 5 7 9 7 4 1 7
6 3 4 5 3 6 5 6 2 3 7 0 0 3 6 6 7 4 6 7 6 3 4 5 4 4 1 6 6 3
6 3 4 6 3 6 5 6 2 3 7 0 0 3 7 6 7 4 6 7 6 4 5 5 4 4 1 6 6 3
6 4 6 7 5 9 7 9 3 6 9 3 3 0 8 5 9 3 7 9 9 6 7 8 3 7 3 6 8 2
2 4 5 2 3 3 5 5 9 9 3 6 7 8 0 5 3 10 1 10 6 6 6 6 5 10 5 1 3 5
3 4 7 6 5 8 8 9 8 10 8 6 6 5 5 0 8 8 5 12 9 8 9 9 2 10 5 4 7 3
5 5 4 2 4 1 3 3 9 8 1 7 7 9 3 8 0 10 2 8 3 5 4 4 7 9 6 4 1 7
9 6 7 9 7 10 8 10 2 4 11 4 4 3 10 8 10 0 9 8 10 7 8 8 6 5 5 9 10 5
3 3 4 1 2 3 4 4 8 8 2 6 6 7 1 5 2 9 0 9 5 5 5 5 5 9 5 2 2 5
11 8 5 8 7 7 5 6 7 4 9 7 7 9 10 12 8 8 9 0 5 4 4 4 10 3 8 10 8 10
7 6 3 4 4 2 2 0 8 7 4 6 6 9 6 9 3 10 5 5 0 3 2 2 8 6 6 6 3 8
7 5 2 4 3 4 2 3 5 3 6 3 4 6 6 8 5 7 5 4 3 0 1 2 6 4 4 6 5 6
7 5 1 4 3 3 1 2 6 5 5 4 5 7 6 9 4 8 5 4 2 1 0 1 7 5 5 6 4 7
8 5 2 4 4 3 1 2 7 5 5 5 5 8 6 9 4 8 5 4 2 2 1 0 8 5 5 7 4 7
4 2 6 5 4 7 7 8 5 7 7 4 4 3 5 2 7 6 5 10 8 6 7 8 0 8 3 4 7 0
10 7 5 8 6 8 6 7 4 1 9 4 4 7 10 10 9 5 9 3 6 4 5 5 8 0 6 9 8 8
5 2 4 5 2 6 5 6 4 5 7 1 1 3 5 5 6 5 5 8 6 4 5 5 3 6 0 4 5 2
1 3 5 3 3 4 5 6 8 9 4 6 6 6 1 4 4 9 2 10 6 6 6 7 4 9 4 0 4 4
5 4 3 1 3 1 3 3 9 8 1 6 6 8 3 7 1 10 2 8 3 5 4 4 7 8 5 4 0 7
4 2 6 6 4 7 7 8 5 7 7 3 3 2 5 3 7 5 5 10 8 6 7 7 0 8 2 4 7 0
,
0 10 18 22 23 36 45 21 56 59 36 29 19 29 13 8 26 57 20 28 47 20 43 51 22 72 25 6 30 12
12 0 23 9 6 36 11 41 36 17 19 16 13 18 17 18 34 44 20 33 27 13 28 34 16 48 9 10 26 10
22 25 0 7 7 20 8 16 17 31 13 22 15 20 26 49 10 37 23 13 14 6 6 11 34 13 12 22 20 42
24 22 18 0 13 9 17 13 52 40 9 40 29 44 11 34 9 60 4 23 9 25 22 21 16 23 14 18 6 37
14 6 16 15 0 17 18 19 26 33 18 22 21 23 14 29 14 41 17 37 24 18 23 18 16 43 17 13 8 25
24 15 21 10 24 0 10 8 49 35 6 38 37 25 14 56 4 33 9 53 8 32 16 13 25 51 36 28 4 20
45 26 3 13 14 11 0 4 36 17 16 25 16 49 35 27 12 36 24 33 10 6 4 5 28 37 20 16 10 25
34 37 7 19 15 10 11 0 48 45 21 31 39 65 17 54 14 51 25 37 3 23 6 10 45 48 35 40 15 43
24 35 35 38 32 60 43 33 0 11 31 9 17 9 65 36 43 8 54 30 42 34 26 38 19 23 24 24 42 36
53 18 32 32 37 39 24 25 16 0 45 25 15 21 67 31 40 18 42 15 37 20 32 16 49 7 34 31 34 45
20 40 13 9 24 6 11 16 57 40 0 29 26 66 16 22 6 78 11 39 26 23 13 29 19 49 37 24 3 27
39 16 22 21 16 31 27 32 12 16 32 0 1 9 40 41 43 13 20 41 23 14 13 35 24 15 8 18 27 21
26 11 28 40 24 47 14 42 13 9 36 1 0 16 17 41 19 19 25 25 29 23 13 22 19 21 9 28 41 17
42 18 24 24 33 40 38 45 22 16 46 21 18 0 39 18 40 17 22 26 39 33 44 56 18 49 16 36 52 9
17 20 29 12 15 21 12 16 39 34 15 36 26 23 0 32 22 69 7 39 32 21 34 44 30 70 16 4 14 24
12 24 52 18 15 40 55 36 57 51 46 31 22 28 23 0 46 58 31 87 27 32 47 47 14 47 12 23 53 8
26 17 18 12 19 2 13 7 34 51 4 49 23 55 10 30 0 76 6 55 21 28 14 13 23 59 20 11 3 53
62 30 40 32 52 52 44 71 10 33 70 17 15 10 53 48 37 0 52 35 70 18 38 31 19 27 22 29 29 13
16 12 26 7 17 11 12 26 37 56 7 41 33 42 4 24 10 30 0 28 31 35 20 36 19 40 25 5 7 33
51 50 23 21 19 34 34 20 45 28 56 46 39 57 26 71 53 49 47 0 16 19 11 21 26 12 41 36 20 38
35 24 12 14 18 7 11 1 48 30 19 16 22 60 31 53 21 55 14 18 0 11 7 6 31 29 41 22 15 58
45 32 4 25 16 14 8 25 22 23 26 17 17 42 35 62 19 17 26 28 12 0 8 11 22 26 22 36 30 30
32 25 5 17 25 19 5 9 20 17 24 25 16 41 35 64 29 31 29 15 12 5 0 5 23 24 30 23 21 51
24 17 11 20 26 20 5 6 19 28 30 26 31 57 42 44 18 25 22 19 7 10 3 0 34 19 38 39 23 32
25 16 19 24 13 42 34 26 36 47 37 17 11 12 31 16 32 40 17 68 37 42 18 41 0 51 15 11 48 3
31 31 24 51 32 58 22 30 20 7 49 27 23 37 42 44 51 35 28 19 40 11 33 29 50 0 35 67 59 56
19 5 10 27 8 27 12 17 11 26 33 7 9 16 37 18 21 27 14 40 22 28 35 21 9 28 0 21 35 13
8 13 33 9 11 28 29 43 29 25 16 20 32 26 5 26 25 51 7 39 39 26 31 33 16 52 28 0 17 14
14 14 13 5 22 5 14 17 57 27 6 28 34 56 14 39 2 55 11 53 17 30 24 28 21 48 16 25 0 29
21 7 28 18 13 26 49 25 18 47 43 12 24 6 38 13 44 23 14 56 25 17 32 51 3 58 13 12 37 0