5
30
,
0 (33.0, 1.0) 19.0
1 (32.0, 17.0) 17.0
2 (16.0, 25.0) 12.0
3 (16.0, 11.0) 22.0
4 (24.0, 18.0) 28.0
5 (8.0, 13.0) 14.0
6 (11.0, 24.0) 36.0
7 (4.0, 21.0) 20.0
8 (39.0, 42.0) 35.0
9 (25.0, 47.0) 45.0
10 (8.0, 5.0) 13.0
11 (33.0, 32.0) 40.0
12 (34.0, 32.0) 20.0
13 (48.0, 29.0) 12.0
14 (21.0, 2.0) 22.0
15 (46.0, 4.0) 16.0
16 (8.0, 9.0) 29.0
17 (47.0, 44.0) 25.0
18 (19.0, 7.0) 13.0
19 (5.0, 49.0) 13.0
20 (3.0, 23.0) 20.0
21 (16.0, 33.0) 44.0
22 (11.0, 29.0) 44.0
23 (8.0, 30.0) 44.0
24 (43.0, 16.0) 11.0
25 (21.0, 50.0) 15.0
26 (34.0, 25.0) 12.0
27 (28.0, 4.0) 15.0
28 (11.0, 10.0) 15.0
29 (43.0, 18.0) 31.0
,
0 3 6 4 4 6 6 7 8 9 5 6 6 6 2 3 5 9 3 11 7 7 7 8 4 10 5 1 5 4
3 0 4 3 2 5 4 6 5 6 5 3 3 4 4 4 5 6 3 8 6 5 5 5 2 7 2 3 4 2
6 4 0 3 2 3 1 3 6 5 4 4 4 6 5 7 4 7 4 5 3 2 1 2 6 5 4 5 3 6
4 3 3 0 2 2 3 3 8 7 2 5 6 7 2 6 2 9 1 8 4 4 4 4 5 8 5 3 1 6
4 2 2 2 0 3 3 4 6 6 4 3 3 5 3 5 4 7 2 7 4 3 3 4 4 6 2 3 3 4
6 5 3 2 3 0 2 2 8 8 2 6 6 9 3 8 1 10 3 7 2 4 3 3 7 8 6 4 1 7
6 4 1 3 3 2 0 2 7 5 4 5 5 7 5 8 3 8 4 5 2 2 1 1 7 6 5 5 3 7
7 6 3 3 4 2 2 0 8 7 3 6 6 9 5 9 3 10 4 6 0 3 2 2 8 7 6 6 3 8
8 5 6 8 6 8 7 8 0 3 10 2 2 3 9 8 9 2 8 7 8 5 6 7 5 4 4 8 9 5
9 6 5 7 6 8 5 7 3 0 9 3 3 6 9 10 8 4 8 4 7 3 5 5 7 1 5 9 8 7
5 5 4 2 4 2 4 3 10 9 0 7 7 9 3 8 1 11 2 9 4 6 5 5 7 9 7 4 1 7
6 3 4 5 3 6 5 6 2 3 7 0 0 3 6 6 7 4 6 7 6 3 4 5 4 4 1 6 6 3
6 3 4 6 3 6 5 6 2 3 7 0 0 3 7 6 7 4 6 7 6 4 5 5 4 4 1 6 6 3
6 4 6 7 5 9 7 9 3 6 9 3 3 0 8 5 9 3 7 9 9 6 7 8 3 7 3 6 8 2
2 4 5 2 3 3 5 5 9 9 3 6 7 8 0 5 3 10 1 10 6 6 6 6 5 10 5 1 3 5
3 4 7 6 5 8 8 9 8 10 8 6 6 5 5 0 8 8 5 12 9 8 9 9 2 10 5 4 7 3
5 5 4 2 4 1 3 3 9 8 1 7 7 9 3 8 0 10 2 8 3 5 4 4 7 9 6 4 1 7
9 6 7 9 7 10 8 10 2 4 11 4 4 3 10 8 10 0 9 8 10 7 8 8 6 5 5 9 10 5
3 3 4 1 2 3 4 4 8 8 2 6 6 7 1 5 2 9 0 9 5 5 5 5 5 9 5 2 2 5
11 8 5 8 7 7 5 6 7 4 9 7 7 9 10 12 8 8 9 0 5 4 4 4 10 3 8 10 8 10
7 6 3 4 4 2 2 0 8 7 4 6 6 9 6 9 3 10 5 5 0 3 2 2 8 6 6 6 3 8
7 5 2 4 3 4 2 3 5 3 6 3 4 6 6 8 5 7 5 4 3 0 1 2 6 4 4 6 5 6
7 5 1 4 3 3 1 2 6 5 5 4 5 7 6 9 4 8 5 4 2 1 0 1 7 5 5 6 4 7
8 5 2 4 4 3 1 2 7 5 5 5 5 8 6 9 4 8 5 4 2 2 1 0 8 5 5 7 4 7
4 2 6 5 4 7 7 8 5 7 7 4 4 3 5 2 7 6 5 10 8 6 7 8 0 8 3 4 7 0
10 7 5 8 6 8 6 7 4 1 9 4 4 7 10 10 9 5 9 3 6 4 5 5 8 0 6 9 8 8
5 2 4 5 2 6 5 6 4 5 7 1 1 3 5 5 6 5 5 8 6 4 5 5 3 6 0 4 5 2
1 3 5 3 3 4 5 6 8 9 4 6 6 6 1 4 4 9 2 10 6 6 6 7 4 9 4 0 4 4
5 4 3 1 3 1 3 3 9 8 1 6 6 8 3 7 1 10 2 8 3 5 4 4 7 8 5 4 0 7
4 2 6 6 4 7 7 8 5 7 7 3 3 2 5 3 7 5 5 10 8 6 7 7 0 8 2 4 7 0
,
0 16 19 14 17 16 38 30 51 30 31 26 43 42 9 18 31 62 17 58 36 32 35 49 26 60 18 8 27 29
22 0 22 16 10 13 21 26 27 34 14 18 14 11 28 24 24 18 22 60 37 32 16 28 13 38 10 7 30 16
29 12 0 11 12 16 4 17 37 34 30 25 27 30 32 29 12 25 25 26 16 11 5 5 41 22 13 26 14 42
23 15 10 0 6 6 14 13 46 30 11 34 37 32 12 31 11 68 5 36 23 20 26 16 16 30 20 11 6 16
22 9 8 6 0 14 8 19 26 24 17 13 15 13 21 34 27 45 9 52 25 19 12 19 23 19 9 9 11 11
33 35 13 11 13 0 12 7 40 38 8 18 47 51 14 50 4 45 11 47 10 18 9 11 29 25 26 23 6 33
38 26 6 21 18 17 0 4 42 25 11 30 23 26 23 29 13 27 25 32 5 10 3 4 19 26 29 29 13 46
22 24 16 20 18 13 11 0 45 49 19 26 26 42 21 46 19 42 15 15 2 11 8 5 31 31 18 32 16 23
36 18 41 28 39 49 17 57 0 21 32 8 14 15 45 40 35 10 46 31 55 24 30 45 24 17 17 32 62 27
25 30 22 34 33 45 31 25 18 0 57 20 13 26 36 64 41 16 50 11 30 14 14 32 37 5 25 55 59 37
33 14 26 7 29 5 25 23 31 31 0 33 28 38 16 43 4 38 15 58 27 37 25 36 37 59 47 21 9 19
45 22 12 34 10 25 21 37 12 12 27 0 1 10 17 16 24 18 24 31 46 18 28 15 14 20 8 17 42 13
33 21 26 40 24 46 28 20 12 14 48 1 0 19 49 19 38 25 24 27 43 12 23 25 15 29 6 37 33 17
25 28 35 43 25 23 44 35 10 33 41 23 18 0 48 18 28 17 29 62 54 27 48 52 12 19 18 40 39 12
16 10 35 10 8 9 27 26 27 26 8 34 43 43 0 37 11 47 6 37 21 40 20 34 17 68 28 10 7 22
14 20 33 39 14 28 36 36 57 39 35 23 38 31 27 0 53 44 24 64 50 44 60 24 10 36 23 15 45 17
25 14 21 5 16 6 21 11 35 42 5 51 18 44 16 39 0 52 11 32 17 20 17 16 36 24 18 16 2 35
38 37 48 38 18 36 21 52 9 21 67 10 14 19 44 48 43 0 54 54 53 44 41 58 37 32 12 27 49 18
8 24 18 5 7 11 16 25 53 37 13 16 35 29 6 19 10 68 0 56 22 16 35 38 37 64 22 13 8 32
58 49 36 43 46 20 19 15 35 16 39 37 40 25 72 66 49 51 66 0 39 27 30 27 27 11 55 44 50 52
46 24 11 12 25 13 9 2 25 42 13 16 46 39 29 49 8 55 24 30 0 10 8 11 59 21 47 26 15 37
33 28 7 33 19 31 15 21 36 21 41 19 10 41 43 61 36 34 37 25 14 0 6 9 16 17 16 18 16 32
18 20 5 23 17 22 3 8 30 24 20 20 15 38 36 26 10 34 15 21 15 8 0 2 25 13 20 30 16 20
28 21 12 25 16 12 4 9 22 20 36 16 38 37 39 66 13 61 27 23 12 7 4 0 26 33 28 37 21 22
14 7 26 15 11 30 24 51 27 45 44 25 24 8 22 18 21 29 27 57 52 46 28 36 0 40 7 28 38 2
61 26 28 50 27 41 27 26 26 6 33 28 27 30 29 73 28 32 23 15 35 24 32 24 60 0 39 33 32 47
31 5 22 19 8 21 25 15 10 29 38 5 7 9 38 30 31 20 20 22 23 27 13 29 10 15 0 31 20 11
6 10 17 8 17 19 18 26 21 57 19 35 23 19 6 21 19 26 10 33 25 31 39 38 27 34 24 0 12 15
30 30 16 6 8 3 13 8 52 26 4 18 17 49 19 33 2 52 5 53 9 23 23 12 19 59 28 22 0 34
23 9 19 24 21 52 40 51 14 21 42 9 9 14 31 9 39 20 15 37 34 45 46 25 2 27 14 30 49 0