5
30
,
0 (33.0, 1.0) 39.0
1 (32.0, 17.0) 18.0
2 (16.0, 25.0) 44.0
3 (16.0, 11.0) 35.0
4 (24.0, 18.0) 15.0
5 (8.0, 13.0) 16.0
6 (11.0, 24.0) 12.0
7 (4.0, 21.0) 14.0
8 (39.0, 42.0) 19.0
9 (25.0, 47.0) 10.0
10 (8.0, 5.0) 26.0
11 (33.0, 32.0) 41.0
12 (34.0, 32.0) 27.0
13 (48.0, 29.0) 43.0
14 (21.0, 2.0) 43.0
15 (46.0, 4.0) 17.0
16 (8.0, 9.0) 27.0
17 (47.0, 44.0) 31.0
18 (19.0, 7.0) 13.0
19 (5.0, 49.0) 31.0
20 (3.0, 23.0) 24.0
21 (16.0, 33.0) 40.0
22 (11.0, 29.0) 33.0
23 (8.0, 30.0) 11.0
24 (43.0, 16.0) 15.0
25 (21.0, 50.0) 47.0
26 (34.0, 25.0) 37.0
27 (28.0, 4.0) 48.0
28 (11.0, 10.0) 18.0
29 (43.0, 18.0) 13.0
,
0 3 6 4 4 6 6 7 8 9 5 6 6 6 2 3 5 9 3 11 7 7 7 8 4 10 5 1 5 4
3 0 4 3 2 5 4 6 5 6 5 3 3 4 4 4 5 6 3 8 6 5 5 5 2 7 2 3 4 2
6 4 0 3 2 3 1 3 6 5 4 4 4 6 5 7 4 7 4 5 3 2 1 2 6 5 4 5 3 6
4 3 3 0 2 2 3 3 8 7 2 5 6 7 2 6 2 9 1 8 4 4 4 4 5 8 5 3 1 6
4 2 2 2 0 3 3 4 6 6 4 3 3 5 3 5 4 7 2 7 4 3 3 4 4 6 2 3 3 4
6 5 3 2 3 0 2 2 8 8 2 6 6 9 3 8 1 10 3 7 2 4 3 3 7 8 6 4 1 7
6 4 1 3 3 2 0 2 7 5 4 5 5 7 5 8 3 8 4 5 2 2 1 1 7 6 5 5 3 7
7 6 3 3 4 2 2 0 8 7 3 6 6 9 5 9 3 10 4 6 0 3 2 2 8 7 6 6 3 8
8 5 6 8 6 8 7 8 0 3 10 2 2 3 9 8 9 2 8 7 8 5 6 7 5 4 4 8 9 5
9 6 5 7 6 8 5 7 3 0 9 3 3 6 9 10 8 4 8 4 7 3 5 5 7 1 5 9 8 7
5 5 4 2 4 2 4 3 10 9 0 7 7 9 3 8 1 11 2 9 4 6 5 5 7 9 7 4 1 7
6 3 4 5 3 6 5 6 2 3 7 0 0 3 6 6 7 4 6 7 6 3 4 5 4 4 1 6 6 3
6 3 4 6 3 6 5 6 2 3 7 0 0 3 7 6 7 4 6 7 6 4 5 5 4 4 1 6 6 3
6 4 6 7 5 9 7 9 3 6 9 3 3 0 8 5 9 3 7 9 9 6 7 8 3 7 3 6 8 2
2 4 5 2 3 3 5 5 9 9 3 6 7 8 0 5 3 10 1 10 6 6 6 6 5 10 5 1 3 5
3 4 7 6 5 8 8 9 8 10 8 6 6 5 5 0 8 8 5 12 9 8 9 9 2 10 5 4 7 3
5 5 4 2 4 1 3 3 9 8 1 7 7 9 3 8 0 10 2 8 3 5 4 4 7 9 6 4 1 7
9 6 7 9 7 10 8 10 2 4 11 4 4 3 10 8 10 0 9 8 10 7 8 8 6 5 5 9 10 5
3 3 4 1 2 3 4 4 8 8 2 6 6 7 1 5 2 9 0 9 5 5 5 5 5 9 5 2 2 5
11 8 5 8 7 7 5 6 7 4 9 7 7 9 10 12 8 8 9 0 5 4 4 4 10 3 8 10 8 10
7 6 3 4 4 2 2 0 8 7 4 6 6 9 6 9 3 10 5 5 0 3 2 2 8 6 6 6 3 8
7 5 2 4 3 4 2 3 5 3 6 3 4 6 6 8 5 7 5 4 3 0 1 2 6 4 4 6 5 6
7 5 1 4 3 3 1 2 6 5 5 4 5 7 6 9 4 8 5 4 2 1 0 1 7 5 5 6 4 7
8 5 2 4 4 3 1 2 7 5 5 5 5 8 6 9 4 8 5 4 2 2 1 0 8 5 5 7 4 7
4 2 6 5 4 7 7 8 5 7 7 4 4 3 5 2 7 6 5 10 8 6 7 8 0 8 3 4 7 0
10 7 5 8 6 8 6 7 4 1 9 4 4 7 10 10 9 5 9 3 6 4 5 5 8 0 6 9 8 8
5 2 4 5 2 6 5 6 4 5 7 1 1 3 5 5 6 5 5 8 6 4 5 5 3 6 0 4 5 2
1 3 5 3 3 4 5 6 8 9 4 6 6 6 1 4 4 9 2 10 6 6 6 7 4 9 4 0 4 4
5 4 3 1 3 1 3 3 9 8 1 6 6 8 3 7 1 10 2 8 3 5 4 4 7 8 5 4 0 7
4 2 6 6 4 7 7 8 5 7 7 3 3 2 5 3 7 5 5 10 8 6 7 7 0 8 2 4 7 0
,
0 22 16 12 14 35 18 35 31 68 19 29 43 34 11 8 16 25 12 78 50 27 30 54 17 32 25 7 18 11
12 0 10 10 11 15 15 23 38 43 31 8 19 20 20 24 16 23 20 43 22 15 20 27 6 47 10 13 21 12
35 12 0 13 8 9 4 10 17 25 11 25 23 31 12 46 12 51 20 27 7 9 9 11 20 21 9 31 11 40
22 13 12 0 14 7 19 17 42 55 9 18 25 31 11 30 10 56 7 41 15 26 20 20 24 44 19 20 8 25
14 11 8 15 0 9 20 19 22 21 14 19 12 17 9 27 23 43 15 25 25 17 19 12 24 25 15 18 20 28
26 36 13 7 22 0 10 7 39 56 7 24 41 55 10 58 3 68 13 30 17 27 11 12 20 35 29 31 6 22
43 26 3 18 9 13 0 7 34 24 28 35 14 26 26 31 15 56 26 26 7 8 7 4 29 25 31 28 12 26
46 17 18 14 15 10 6 0 51 33 22 23 32 39 19 31 11 32 12 19 3 23 6 6 37 33 24 28 13 54
39 34 16 42 25 21 38 60 0 21 26 11 6 13 49 32 53 8 33 36 48 26 45 21 36 13 24 21 57 13
58 40 34 44 33 42 16 41 13 0 45 9 18 43 60 28 29 28 43 14 21 19 25 31 51 3 35 26 31 30
16 14 14 8 16 8 20 13 44 30 0 31 36 28 10 30 4 74 15 47 22 28 23 16 51 67 23 21 7 43
41 16 11 31 9 40 33 32 14 20 24 0 1 21 47 32 46 15 41 46 46 20 26 37 25 20 6 31 45 23
43 20 27 31 15 27 30 37 17 9 45 1 0 10 18 31 44 19 32 45 19 26 16 24 19 17 7 37 22 14
26 20 30 33 26 44 44 44 16 26 55 17 15 0 39 24 38 10 39 32 58 44 30 44 15 50 19 21 48 16
7 12 27 10 18 23 13 37 40 60 9 18 45 54 0 36 19 32 6 72 21 30 25 34 20 65 26 7 12 30
12 28 37 19 28 26 38 30 31 33 53 41 33 17 18 0 54 29 27 49 60 33 58 40 16 54 35 15 46 14
20 24 9 12 12 2 22 13 26 27 4 41 41 52 21 22 0 71 9 48 9 30 23 31 31 49 35 26 4 44
28 37 19 47 32 45 55 59 11 21 29 18 20 14 58 43 50 0 43 47 69 46 22 43 35 37 15 32 47 29
20 17 17 7 17 18 15 29 28 30 13 24 26 39 5 34 14 56 0 41 18 31 33 37 28 59 32 13 7 19
31 58 37 24 22 20 20 24 50 20 63 24 30 56 71 67 51 46 60 0 29 26 17 20 66 15 23 55 30 40
31 42 12 17 27 6 11 1 53 38 15 22 33 35 15 62 16 31 13 33 0 15 10 11 59 48 16 23 23 33
27 15 12 22 17 15 7 23 32 13 17 21 16 29 32 51 20 47 37 25 24 0 5 10 26 10 18 25 12 38
24 20 9 25 10 20 4 6 18 30 30 15 19 23 42 29 25 56 12 11 6 9 0 4 39 23 20 39 27 22
28 24 5 17 12 15 5 5 48 26 23 26 27 20 32 29 25 23 20 25 7 9 2 0 52 30 26 29 23 40
18 8 33 21 28 27 19 57 36 47 46 16 13 18 17 8 26 29 23 34 37 44 45 34 0 29 18 23 28 2
71 46 36 50 23 51 31 22 10 7 27 11 18 20 39 41 31 26 26 21 29 25 13 31 36 0 42 41 55 33
23 9 19 24 14 28 15 43 13 20 44 9 5 10 25 20 41 26 32 43 41 14 32 27 12 20 0 30 22 14
6 11 14 14 13 23 23 42 51 61 23 36 21 32 11 23 20 59 9 56 28 23 31 27 11 61 18 0 11 12
20 21 16 4 22 4 21 11 48 55 6 35 23 43 12 36 2 72 7 44 22 27 18 28 38 41 27 21 0 39
26 11 22 15 13 32 48 55 28 41 44 18 15 13 32 9 25 31 21 59 31 27 18 44 2 58 7 26 41 0