5
30
,
0 (33.0, 1.0) 24.0
1 (32.0, 17.0) 38.0
2 (16.0, 25.0) 36.0
3 (16.0, 11.0) 36.0
4 (24.0, 18.0) 27.0
5 (8.0, 13.0) 15.0
6 (11.0, 24.0) 12.0
7 (4.0, 21.0) 37.0
8 (39.0, 42.0) 30.0
9 (25.0, 47.0) 27.0
10 (8.0, 5.0) 46.0
11 (33.0, 32.0) 30.0
12 (34.0, 32.0) 28.0
13 (48.0, 29.0) 32.0
14 (21.0, 2.0) 32.0
15 (46.0, 4.0) 15.0
16 (8.0, 9.0) 36.0
17 (47.0, 44.0) 43.0
18 (19.0, 7.0) 12.0
19 (5.0, 49.0) 22.0
20 (3.0, 23.0) 21.0
21 (16.0, 33.0) 11.0
22 (11.0, 29.0) 38.0
23 (8.0, 30.0) 14.0
24 (43.0, 16.0) 17.0
25 (21.0, 50.0) 11.0
26 (34.0, 25.0) 14.0
27 (28.0, 4.0) 15.0
28 (11.0, 10.0) 14.0
29 (43.0, 18.0) 32.0
,
0 3 6 4 4 6 6 7 8 9 5 6 6 6 2 3 5 9 3 11 7 7 7 8 4 10 5 1 5 4
3 0 4 3 2 5 4 6 5 6 5 3 3 4 4 4 5 6 3 8 6 5 5 5 2 7 2 3 4 2
6 4 0 3 2 3 1 3 6 5 4 4 4 6 5 7 4 7 4 5 3 2 1 2 6 5 4 5 3 6
4 3 3 0 2 2 3 3 8 7 2 5 6 7 2 6 2 9 1 8 4 4 4 4 5 8 5 3 1 6
4 2 2 2 0 3 3 4 6 6 4 3 3 5 3 5 4 7 2 7 4 3 3 4 4 6 2 3 3 4
6 5 3 2 3 0 2 2 8 8 2 6 6 9 3 8 1 10 3 7 2 4 3 3 7 8 6 4 1 7
6 4 1 3 3 2 0 2 7 5 4 5 5 7 5 8 3 8 4 5 2 2 1 1 7 6 5 5 3 7
7 6 3 3 4 2 2 0 8 7 3 6 6 9 5 9 3 10 4 6 0 3 2 2 8 7 6 6 3 8
8 5 6 8 6 8 7 8 0 3 10 2 2 3 9 8 9 2 8 7 8 5 6 7 5 4 4 8 9 5
9 6 5 7 6 8 5 7 3 0 9 3 3 6 9 10 8 4 8 4 7 3 5 5 7 1 5 9 8 7
5 5 4 2 4 2 4 3 10 9 0 7 7 9 3 8 1 11 2 9 4 6 5 5 7 9 7 4 1 7
6 3 4 5 3 6 5 6 2 3 7 0 0 3 6 6 7 4 6 7 6 3 4 5 4 4 1 6 6 3
6 3 4 6 3 6 5 6 2 3 7 0 0 3 7 6 7 4 6 7 6 4 5 5 4 4 1 6 6 3
6 4 6 7 5 9 7 9 3 6 9 3 3 0 8 5 9 3 7 9 9 6 7 8 3 7 3 6 8 2
2 4 5 2 3 3 5 5 9 9 3 6 7 8 0 5 3 10 1 10 6 6 6 6 5 10 5 1 3 5
3 4 7 6 5 8 8 9 8 10 8 6 6 5 5 0 8 8 5 12 9 8 9 9 2 10 5 4 7 3
5 5 4 2 4 1 3 3 9 8 1 7 7 9 3 8 0 10 2 8 3 5 4 4 7 9 6 4 1 7
9 6 7 9 7 10 8 10 2 4 11 4 4 3 10 8 10 0 9 8 10 7 8 8 6 5 5 9 10 5
3 3 4 1 2 3 4 4 8 8 2 6 6 7 1 5 2 9 0 9 5 5 5 5 5 9 5 2 2 5
11 8 5 8 7 7 5 6 7 4 9 7 7 9 10 12 8 8 9 0 5 4 4 4 10 3 8 10 8 10
7 6 3 4 4 2 2 0 8 7 4 6 6 9 6 9 3 10 5 5 0 3 2 2 8 6 6 6 3 8
7 5 2 4 3 4 2 3 5 3 6 3 4 6 6 8 5 7 5 4 3 0 1 2 6 4 4 6 5 6
7 5 1 4 3 3 1 2 6 5 5 4 5 7 6 9 4 8 5 4 2 1 0 1 7 5 5 6 4 7
8 5 2 4 4 3 1 2 7 5 5 5 5 8 6 9 4 8 5 4 2 2 1 0 8 5 5 7 4 7
4 2 6 5 4 7 7 8 5 7 7 4 4 3 5 2 7 6 5 10 8 6 7 8 0 8 3 4 7 0
10 7 5 8 6 8 6 7 4 1 9 4 4 7 10 10 9 5 9 3 6 4 5 5 8 0 6 9 8 8
5 2 4 5 2 6 5 6 4 5 7 1 1 3 5 5 6 5 5 8 6 4 5 5 3 6 0 4 5 2
1 3 5 3 3 4 5 6 8 9 4 6 6 6 1 4 4 9 2 10 6 6 6 7 4 9 4 0 4 4
5 4 3 1 3 1 3 3 9 8 1 6 6 8 3 7 1 10 2 8 3 5 4 4 7 8 5 4 0 7
4 2 6 6 4 7 7 8 5 7 7 3 3 2 5 3 7 5 5 10 8 6 7 7 0 8 2 4 7 0
,
0 10 37 11 28 24 44 35 60 36 25 16 38 27 13 10 38 63 19 62 41 25 26 19 21 26 17 5 29 19
12 0 21 10 6 29 32 38 32 40 17 9 14 24 9 13 26 38 14 33 39 15 22 36 16 36 11 10 12 8
35 12 0 17 8 20 3 14 19 12 14 11 23 42 26 27 18 53 17 23 10 6 8 6 22 38 14 15 12 42
11 13 9 0 15 9 20 10 49 49 11 27 38 21 10 17 7 57 3 58 22 26 28 22 19 51 29 9 3 22
22 5 10 6 0 21 12 28 24 27 22 13 10 34 16 24 15 40 8 38 24 17 18 25 23 47 16 19 10 14
19 28 9 11 17 0 16 9 25 21 7 31 37 61 18 25 3 40 11 19 7 29 14 19 18 55 26 31 3 41
31 26 4 15 13 11 0 4 20 34 11 12 15 20 35 28 22 22 22 18 10 9 6 9 28 17 21 20 18 31
43 25 7 19 20 12 10 0 57 49 14 16 32 56 14 34 17 72 22 32 3 11 7 6 43 40 36 41 9 45
37 30 22 43 22 31 43 57 0 9 35 14 12 14 34 21 58 9 34 42 44 13 45 32 30 13 24 41 52 26
29 16 18 55 39 31 38 19 14 0 51 11 13 32 53 41 28 27 53 18 37 23 12 24 31 5 24 51 44 32
31 31 28 10 26 8 12 11 54 32 0 24 25 30 18 46 5 32 6 27 25 24 27 33 33 68 25 19 6 23
21 15 22 40 14 37 31 39 9 19 28 0 1 17 48 39 28 14 30 23 24 13 11 22 23 14 9 36 44 9
39 19 26 27 24 45 35 16 13 16 29 1 0 13 21 41 28 19 30 32 36 26 22 15 16 31 5 34 41 20
30 28 45 28 21 52 53 36 24 25 54 16 12 0 31 28 40 21 40 67 25 28 36 47 18 42 8 28 58 11
13 26 31 12 18 10 20 21 30 46 8 17 43 47 0 36 22 34 4 63 36 21 36 41 24 62 17 8 15 27
9 23 24 40 21 28 44 28 48 50 33 16 28 21 20 0 42 54 18 77 53 61 23 68 13 43 30 9 30 19
14 38 24 12 10 4 18 16 36 44 3 40 47 42 13 57 0 59 14 21 21 25 14 18 30 23 33 29 4 48
60 44 45 28 25 52 53 47 5 17 53 24 21 14 44 48 33 0 26 60 69 20 55 25 38 34 27 22 72 37
15 11 25 4 6 17 27 11 29 50 17 23 15 32 8 33 9 32 0 65 31 27 13 34 26 36 34 7 12 34
77 31 37 42 36 20 30 33 39 19 39 17 38 24 27 69 50 26 24 0 38 16 15 26 74 20 21 44 23 42
47 44 18 15 23 9 6 3 48 22 23 27 44 27 28 69 8 38 27 22 0 15 12 7 48 44 24 28 20 28
27 30 6 15 21 32 14 15 32 18 25 13 22 45 44 55 37 31 39 24 24 0 4 8 31 21 17 19 26 33
22 12 7 26 9 12 6 14 34 33 35 27 17 37 33 35 21 42 24 28 5 4 0 3 41 20 24 36 13 37
34 19 12 19 18 24 5 9 26 20 15 23 19 36 18 44 21 39 25 26 8 8 3 0 34 16 13 49 19 21
26 13 22 29 19 41 44 47 29 22 36 24 24 20 23 13 24 37 16 33 27 26 41 27 0 40 11 11 43 3
36 37 18 35 48 45 30 48 18 5 59 22 32 50 72 43 32 36 35 17 45 15 19 31 30 0 33 48 57 27
12 5 15 26 10 30 26 33 26 35 36 10 9 21 17 19 35 22 13 31 23 20 14 27 17 25 0 18 41 10
8 10 33 21 11 31 13 33 24 41 13 26 18 18 4 20 13 62 6 72 40 46 36 22 19 30 12 0 10 27
31 17 10 3 8 5 7 10 40 35 9 17 44 61 18 47 5 55 13 54 22 21 28 13 46 49 39 13 0 34
27 15 19 25 13 49 31 39 26 32 49 17 16 9 33 13 25 34 22 44 35 19 24 43 2 33 16 22 48 0