5
30
,
0 (33.0, 1.0) 14.0
1 (32.0, 17.0) 40.0
2 (16.0, 25.0) 37.0
3 (16.0, 11.0) 36.0
4 (24.0, 18.0) 11.0
5 (8.0, 13.0) 30.0
6 (11.0, 24.0) 33.0
7 (4.0, 21.0) 35.0
8 (39.0, 42.0) 42.0
9 (25.0, 47.0) 40.0
10 (8.0, 5.0) 13.0
11 (33.0, 32.0) 12.0
12 (34.0, 32.0) 28.0
13 (48.0, 29.0) 41.0
14 (21.0, 2.0) 47.0
15 (46.0, 4.0) 29.0
16 (8.0, 9.0) 12.0
17 (47.0, 44.0) 18.0
18 (19.0, 7.0) 27.0
19 (5.0, 49.0) 38.0
20 (3.0, 23.0) 44.0
21 (16.0, 33.0) 20.0
22 (11.0, 29.0) 36.0
23 (8.0, 30.0) 22.0
24 (43.0, 16.0) 10.0
25 (21.0, 50.0) 28.0
26 (34.0, 25.0) 41.0
27 (28.0, 4.0) 24.0
28 (11.0, 10.0) 41.0
29 (43.0, 18.0) 33.0
,
0 3 6 4 4 6 6 7 8 9 5 6 6 6 2 3 5 9 3 11 7 7 7 8 4 10 5 1 5 4
3 0 4 3 2 5 4 6 5 6 5 3 3 4 4 4 5 6 3 8 6 5 5 5 2 7 2 3 4 2
6 4 0 3 2 3 1 3 6 5 4 4 4 6 5 7 4 7 4 5 3 2 1 2 6 5 4 5 3 6
4 3 3 0 2 2 3 3 8 7 2 5 6 7 2 6 2 9 1 8 4 4 4 4 5 8 5 3 1 6
4 2 2 2 0 3 3 4 6 6 4 3 3 5 3 5 4 7 2 7 4 3 3 4 4 6 2 3 3 4
6 5 3 2 3 0 2 2 8 8 2 6 6 9 3 8 1 10 3 7 2 4 3 3 7 8 6 4 1 7
6 4 1 3 3 2 0 2 7 5 4 5 5 7 5 8 3 8 4 5 2 2 1 1 7 6 5 5 3 7
7 6 3 3 4 2 2 0 8 7 3 6 6 9 5 9 3 10 4 6 0 3 2 2 8 7 6 6 3 8
8 5 6 8 6 8 7 8 0 3 10 2 2 3 9 8 9 2 8 7 8 5 6 7 5 4 4 8 9 5
9 6 5 7 6 8 5 7 3 0 9 3 3 6 9 10 8 4 8 4 7 3 5 5 7 1 5 9 8 7
5 5 4 2 4 2 4 3 10 9 0 7 7 9 3 8 1 11 2 9 4 6 5 5 7 9 7 4 1 7
6 3 4 5 3 6 5 6 2 3 7 0 0 3 6 6 7 4 6 7 6 3 4 5 4 4 1 6 6 3
6 3 4 6 3 6 5 6 2 3 7 0 0 3 7 6 7 4 6 7 6 4 5 5 4 4 1 6 6 3
6 4 6 7 5 9 7 9 3 6 9 3 3 0 8 5 9 3 7 9 9 6 7 8 3 7 3 6 8 2
2 4 5 2 3 3 5 5 9 9 3 6 7 8 0 5 3 10 1 10 6 6 6 6 5 10 5 1 3 5
3 4 7 6 5 8 8 9 8 10 8 6 6 5 5 0 8 8 5 12 9 8 9 9 2 10 5 4 7 3
5 5 4 2 4 1 3 3 9 8 1 7 7 9 3 8 0 10 2 8 3 5 4 4 7 9 6 4 1 7
9 6 7 9 7 10 8 10 2 4 11 4 4 3 10 8 10 0 9 8 10 7 8 8 6 5 5 9 10 5
3 3 4 1 2 3 4 4 8 8 2 6 6 7 1 5 2 9 0 9 5 5 5 5 5 9 5 2 2 5
11 8 5 8 7 7 5 6 7 4 9 7 7 9 10 12 8 8 9 0 5 4 4 4 10 3 8 10 8 10
7 6 3 4 4 2 2 0 8 7 4 6 6 9 6 9 3 10 5 5 0 3 2 2 8 6 6 6 3 8
7 5 2 4 3 4 2 3 5 3 6 3 4 6 6 8 5 7 5 4 3 0 1 2 6 4 4 6 5 6
7 5 1 4 3 3 1 2 6 5 5 4 5 7 6 9 4 8 5 4 2 1 0 1 7 5 5 6 4 7
8 5 2 4 4 3 1 2 7 5 5 5 5 8 6 9 4 8 5 4 2 2 1 0 8 5 5 7 4 7
4 2 6 5 4 7 7 8 5 7 7 4 4 3 5 2 7 6 5 10 8 6 7 8 0 8 3 4 7 0
10 7 5 8 6 8 6 7 4 1 9 4 4 7 10 10 9 5 9 3 6 4 5 5 8 0 6 9 8 8
5 2 4 5 2 6 5 6 4 5 7 1 1 3 5 5 6 5 5 8 6 4 5 5 3 6 0 4 5 2
1 3 5 3 3 4 5 6 8 9 4 6 6 6 1 4 4 9 2 10 6 6 6 7 4 9 4 0 4 4
5 4 3 1 3 1 3 3 9 8 1 6 6 8 3 7 1 10 2 8 3 5 4 4 7 8 5 4 0 7
4 2 6 6 4 7 7 8 5 7 7 3 3 2 5 3 7 5 5 10 8 6 7 7 0 8 2 4 7 0
,
0 9 32 17 15 39 43 50 24 58 37 17 18 28 14 10 18 51 23 40 38 30 19 35 19 68 31 6 24 25
21 0 21 16 4 23 11 23 32 21 38 11 19 20 26 12 30 18 17 24 24 15 22 35 11 48 7 18 26 13
23 25 0 10 9 16 3 13 34 19 26 27 28 47 22 30 15 52 13 37 12 6 10 6 14 32 22 22 15 34
26 11 18 0 8 4 13 15 27 41 8 34 33 37 7 16 9 34 4 57 11 17 26 19 38 39 12 15 6 37
22 11 7 12 0 23 8 28 18 41 24 23 19 17 15 21 22 40 18 45 19 22 22 30 17 35 7 13 15 25
24 25 8 8 13 0 8 9 41 22 10 44 42 29 10 57 5 73 7 36 6 13 16 15 42 56 43 16 2 48
38 25 7 18 19 8 0 6 23 17 15 34 23 25 34 49 12 52 21 20 6 15 7 8 20 24 19 38 14 47
32 25 7 12 18 11 8 0 36 40 13 16 31 33 35 39 8 54 15 36 2 12 13 14 42 42 28 31 7 39
30 14 27 50 39 40 37 33 0 12 67 17 10 22 24 55 54 9 22 40 35 34 18 36 37 11 9 25 22 19
34 21 17 40 36 40 30 19 12 0 60 11 25 44 36 56 62 21 38 22 26 19 28 19 51 7 18 41 21 47
28 17 23 6 26 4 18 21 66 36 0 19 20 61 15 44 4 72 16 44 16 15 16 27 33 38 34 13 8 52
30 22 27 32 16 44 32 27 10 19 38 0 1 12 22 36 45 25 41 31 43 24 30 29 19 32 5 33 44 24
34 21 24 31 24 24 25 31 14 13 22 1 0 14 36 36 22 25 21 22 46 9 16 39 20 30 8 32 21 21
43 12 36 48 37 48 56 39 14 19 44 15 20 0 45 36 59 15 54 64 24 45 54 48 8 20 16 47 33 12
10 19 21 13 16 21 14 13 41 43 19 41 27 20 0 25 13 49 3 49 19 37 23 28 32 40 27 10 13 27
18 17 43 21 31 31 51 62 47 28 37 27 29 27 37 0 54 44 27 66 50 47 26 26 13 46 26 11 50 20
25 14 24 11 14 4 18 9 30 54 6 46 47 55 18 21 0 66 8 20 13 25 26 20 32 37 36 24 4 40
58 32 47 38 44 71 46 33 7 12 75 10 25 16 58 43 66 0 50 56 60 21 30 25 16 30 33 62 40 13
22 20 14 6 9 16 28 16 27 25 10 21 20 52 4 15 12 59 0 38 16 15 24 37 25 31 16 6 11 19
62 33 37 25 31 45 29 38 39 17 42 32 37 69 51 56 38 61 32 0 25 18 25 20 63 16 21 32 26 69
32 37 13 21 32 14 5 3 32 29 18 37 37 39 32 66 13 55 14 26 0 23 8 9 46 45 16 25 17 29
45 15 5 31 12 20 11 16 36 14 42 16 19 41 41 58 38 36 23 13 14 0 9 5 41 22 16 17 21 16
24 21 9 15 12 14 3 12 18 23 34 23 33 31 27 26 16 36 30 14 15 4 0 3 21 23 20 19 23 34
45 17 5 27 14 20 7 6 29 34 14 20 33 31 28 27 31 58 26 19 8 12 3 0 49 27 29 42 14 28
19 9 28 24 14 28 21 51 33 24 51 25 15 16 19 13 52 16 33 70 48 35 28 31 0 55 17 25 34 2
64 50 20 55 18 41 22 46 29 6 32 25 21 49 41 65 30 40 57 19 34 26 13 19 46 0 37 31 53 43
21 6 20 21 13 22 18 24 17 24 17 5 6 13 27 26 42 22 33 25 24 28 18 21 11 33 0 32 14 11
3 14 19 11 9 32 35 25 22 47 10 42 31 31 6 20 27 32 14 74 19 27 45 47 24 48 16 0 10 19
26 27 22 7 22 5 13 19 53 40 3 35 46 25 10 51 2 37 6 36 10 31 13 21 33 42 41 11 0 45
11 14 34 33 23 45 19 20 34 23 46 24 15 17 30 16 36 17 20 47 33 29 43 35 1 36 16 27 49 0