5
30
,
0 (33.0, 1.0) 32.0
1 (32.0, 17.0) 26.0
2 (16.0, 25.0) 26.0
3 (16.0, 11.0) 20.0
4 (24.0, 18.0) 16.0
5 (8.0, 13.0) 11.0
6 (11.0, 24.0) 24.0
7 (4.0, 21.0) 30.0
8 (39.0, 42.0) 35.0
9 (25.0, 47.0) 42.0
10 (8.0, 5.0) 21.0
11 (33.0, 32.0) 32.0
12 (34.0, 32.0) 48.0
13 (48.0, 29.0) 28.0
14 (21.0, 2.0) 10.0
15 (46.0, 4.0) 24.0
16 (8.0, 9.0) 21.0
17 (47.0, 44.0) 14.0
18 (19.0, 7.0) 46.0
19 (5.0, 49.0) 13.0
20 (3.0, 23.0) 11.0
21 (16.0, 33.0) 12.0
22 (11.0, 29.0) 16.0
23 (8.0, 30.0) 30.0
24 (43.0, 16.0) 16.0
25 (21.0, 50.0) 19.0
26 (34.0, 25.0) 30.0
27 (28.0, 4.0) 23.0
28 (11.0, 10.0) 11.0
29 (43.0, 18.0) 33.0
,
0 3 6 4 4 6 6 7 8 9 5 6 6 6 2 3 5 9 3 11 7 7 7 8 4 10 5 1 5 4
3 0 4 3 2 5 4 6 5 6 5 3 3 4 4 4 5 6 3 8 6 5 5 5 2 7 2 3 4 2
6 4 0 3 2 3 1 3 6 5 4 4 4 6 5 7 4 7 4 5 3 2 1 2 6 5 4 5 3 6
4 3 3 0 2 2 3 3 8 7 2 5 6 7 2 6 2 9 1 8 4 4 4 4 5 8 5 3 1 6
4 2 2 2 0 3 3 4 6 6 4 3 3 5 3 5 4 7 2 7 4 3 3 4 4 6 2 3 3 4
6 5 3 2 3 0 2 2 8 8 2 6 6 9 3 8 1 10 3 7 2 4 3 3 7 8 6 4 1 7
6 4 1 3 3 2 0 2 7 5 4 5 5 7 5 8 3 8 4 5 2 2 1 1 7 6 5 5 3 7
7 6 3 3 4 2 2 0 8 7 3 6 6 9 5 9 3 10 4 6 0 3 2 2 8 7 6 6 3 8
8 5 6 8 6 8 7 8 0 3 10 2 2 3 9 8 9 2 8 7 8 5 6 7 5 4 4 8 9 5
9 6 5 7 6 8 5 7 3 0 9 3 3 6 9 10 8 4 8 4 7 3 5 5 7 1 5 9 8 7
5 5 4 2 4 2 4 3 10 9 0 7 7 9 3 8 1 11 2 9 4 6 5 5 7 9 7 4 1 7
6 3 4 5 3 6 5 6 2 3 7 0 0 3 6 6 7 4 6 7 6 3 4 5 4 4 1 6 6 3
6 3 4 6 3 6 5 6 2 3 7 0 0 3 7 6 7 4 6 7 6 4 5 5 4 4 1 6 6 3
6 4 6 7 5 9 7 9 3 6 9 3 3 0 8 5 9 3 7 9 9 6 7 8 3 7 3 6 8 2
2 4 5 2 3 3 5 5 9 9 3 6 7 8 0 5 3 10 1 10 6 6 6 6 5 10 5 1 3 5
3 4 7 6 5 8 8 9 8 10 8 6 6 5 5 0 8 8 5 12 9 8 9 9 2 10 5 4 7 3
5 5 4 2 4 1 3 3 9 8 1 7 7 9 3 8 0 10 2 8 3 5 4 4 7 9 6 4 1 7
9 6 7 9 7 10 8 10 2 4 11 4 4 3 10 8 10 0 9 8 10 7 8 8 6 5 5 9 10 5
3 3 4 1 2 3 4 4 8 8 2 6 6 7 1 5 2 9 0 9 5 5 5 5 5 9 5 2 2 5
11 8 5 8 7 7 5 6 7 4 9 7 7 9 10 12 8 8 9 0 5 4 4 4 10 3 8 10 8 10
7 6 3 4 4 2 2 0 8 7 4 6 6 9 6 9 3 10 5 5 0 3 2 2 8 6 6 6 3 8
7 5 2 4 3 4 2 3 5 3 6 3 4 6 6 8 5 7 5 4 3 0 1 2 6 4 4 6 5 6
7 5 1 4 3 3 1 2 6 5 5 4 5 7 6 9 4 8 5 4 2 1 0 1 7 5 5 6 4 7
8 5 2 4 4 3 1 2 7 5 5 5 5 8 6 9 4 8 5 4 2 2 1 0 8 5 5 7 4 7
4 2 6 5 4 7 7 8 5 7 7 4 4 3 5 2 7 6 5 10 8 6 7 8 0 8 3 4 7 0
10 7 5 8 6 8 6 7 4 1 9 4 4 7 10 10 9 5 9 3 6 4 5 5 8 0 6 9 8 8
5 2 4 5 2 6 5 6 4 5 7 1 1 3 5 5 6 5 5 8 6 4 5 5 3 6 0 4 5 2
1 3 5 3 3 4 5 6 8 9 4 6 6 6 1 4 4 9 2 10 6 6 6 7 4 9 4 0 4 4
5 4 3 1 3 1 3 3 9 8 1 6 6 8 3 7 1 10 2 8 3 5 4 4 7 8 5 4 0 7
4 2 6 6 4 7 7 8 5 7 7 3 3 2 5 3 7 5 5 10 8 6 7 7 0 8 2 4 7 0
,
0 21 21 22 18 40 22 44 58 26 35 36 19 33 14 10 20 35 16 32 46 26 51 21 24 54 21 6 19 15
19 0 14 20 5 20 25 28 17 32 21 15 20 19 21 11 30 44 24 45 19 25 21 24 14 20 12 14 18 6
33 19 0 17 7 8 6 17 33 33 31 22 15 45 18 25 10 46 12 33 18 7 4 6 29 26 23 12 20 23
14 13 20 0 13 8 14 20 36 39 12 20 41 50 12 44 5 32 6 38 11 18 27 26 19 57 27 19 3 40
22 8 14 14 0 11 12 28 27 38 19 11 13 31 23 38 17 19 11 51 11 25 10 20 10 27 16 8 19 12
34 27 14 12 16 0 12 7 34 46 10 26 40 30 14 57 2 68 18 32 10 26 21 17 49 50 41 14 3 50
27 30 5 10 12 15 0 10 22 31 21 26 14 23 14 21 18 61 26 14 12 7 3 9 30 21 34 39 9 33
33 19 16 20 15 7 9 0 59 45 10 39 41 36 13 59 8 30 20 16 3 18 13 10 55 24 35 29 14 52
31 32 35 55 16 34 30 28 0 19 48 12 8 10 53 27 45 5 36 37 43 15 36 40 36 17 13 52 24 33
34 38 23 37 23 27 18 48 15 0 30 10 18 38 28 45 58 22 47 21 20 10 19 36 30 7 32 44 42 44
34 18 27 13 22 8 10 17 32 23 0 21 29 55 18 41 6 56 8 28 10 34 35 29 38 57 26 10 5 23
33 21 23 25 16 22 16 33 17 13 18 0 1 20 48 29 24 12 32 25 28 10 28 29 15 29 4 38 25 14
42 8 19 23 15 18 19 47 7 24 38 1 0 9 30 43 24 26 18 27 18 12 26 26 19 23 4 14 21 10
29 30 34 30 20 57 34 53 19 41 32 16 12 0 46 26 29 21 36 58 67 20 44 28 11 35 14 39 56 14
18 15 20 6 9 13 29 30 35 53 10 17 39 45 0 30 14 56 5 36 24 23 30 27 17 52 17 10 17 30
18 18 40 22 13 27 33 54 40 63 44 41 37 25 37 0 24 59 40 68 32 61 42 48 8 63 33 18 28 16
32 30 23 7 22 3 11 11 60 48 4 25 20 67 9 54 0 69 10 58 14 13 24 26 39 22 25 23 2 37
61 34 45 31 19 62 44 28 9 19 48 10 17 15 52 52 51 0 33 44 34 25 49 48 29 38 19 25 74 33
17 10 16 6 16 11 26 16 53 33 14 34 36 46 5 20 7 31 0 55 33 30 12 29 19 30 31 13 5 32
76 38 25 35 48 27 16 28 27 18 25 46 43 45 35 60 39 41 23 0 21 29 25 17 62 15 37 36 20 41
32 15 16 15 26 8 6 2 33 25 11 38 37 65 36 39 18 31 23 26 0 12 9 4 58 21 40 44 12 31
31 30 11 23 18 17 14 16 29 11 28 20 18 36 24 46 25 44 24 18 11 0 5 4 29 16 17 47 17 40
46 23 8 27 19 19 3 9 36 27 31 15 20 43 34 27 21 22 22 24 10 4 0 3 18 22 30 30 26 36
30 32 12 13 28 23 10 14 27 26 24 34 18 58 21 33 26 39 27 26 7 11 4 0 56 21 26 30 11 45
23 7 26 17 28 26 44 40 21 34 44 20 25 20 18 13 22 42 27 26 27 18 18 43 0 60 11 21 23 1
56 26 25 39 27 41 30 27 14 7 29 32 26 43 61 68 54 35 52 8 41 13 18 23 47 0 30 56 49 54
21 9 13 24 13 32 34 45 14 21 21 7 6 17 30 35 37 16 26 30 31 10 14 23 15 23 0 25 39 6
4 19 27 12 8 19 21 44 53 34 16 31 41 33 6 15 24 63 8 70 26 41 31 22 12 62 29 0 24 11
25 32 10 3 11 3 8 8 27 42 5 43 46 62 17 24 2 70 12 32 14 17 21 21 44 61 29 10 0 27
28 15 22 30 12 44 26 33 36 22 32 23 25 14 17 14 31 39 28 55 39 23 25 21 1 36 10 30 36 0