5
30
,
0 (33.0, 1.0) 11.0
1 (32.0, 17.0) 36.0
2 (16.0, 25.0) 27.0
3 (16.0, 11.0) 29.0
4 (24.0, 18.0) 16.0
5 (8.0, 13.0) 32.0
6 (11.0, 24.0) 40.0
7 (4.0, 21.0) 25.0
8 (39.0, 42.0) 21.0
9 (25.0, 47.0) 23.0
10 (8.0, 5.0) 32.0
11 (33.0, 32.0) 50.0
12 (34.0, 32.0) 15.0
13 (48.0, 29.0) 13.0
14 (21.0, 2.0) 10.0
15 (46.0, 4.0) 11.0
16 (8.0, 9.0) 19.0
17 (47.0, 44.0) 39.0
18 (19.0, 7.0) 21.0
19 (5.0, 49.0) 17.0
20 (3.0, 23.0) 10.0
21 (16.0, 33.0) 43.0
22 (11.0, 29.0) 40.0
23 (8.0, 30.0) 23.0
24 (43.0, 16.0) 31.0
25 (21.0, 50.0) 29.0
26 (34.0, 25.0) 18.0
27 (28.0, 4.0) 15.0
28 (11.0, 10.0) 12.0
29 (43.0, 18.0) 44.0
,
0 3 6 4 4 6 6 7 8 9 5 6 6 6 2 3 5 9 3 11 7 7 7 8 4 10 5 1 5 4
3 0 4 3 2 5 4 6 5 6 5 3 3 4 4 4 5 6 3 8 6 5 5 5 2 7 2 3 4 2
6 4 0 3 2 3 1 3 6 5 4 4 4 6 5 7 4 7 4 5 3 2 1 2 6 5 4 5 3 6
4 3 3 0 2 2 3 3 8 7 2 5 6 7 2 6 2 9 1 8 4 4 4 4 5 8 5 3 1 6
4 2 2 2 0 3 3 4 6 6 4 3 3 5 3 5 4 7 2 7 4 3 3 4 4 6 2 3 3 4
6 5 3 2 3 0 2 2 8 8 2 6 6 9 3 8 1 10 3 7 2 4 3 3 7 8 6 4 1 7
6 4 1 3 3 2 0 2 7 5 4 5 5 7 5 8 3 8 4 5 2 2 1 1 7 6 5 5 3 7
7 6 3 3 4 2 2 0 8 7 3 6 6 9 5 9 3 10 4 6 0 3 2 2 8 7 6 6 3 8
8 5 6 8 6 8 7 8 0 3 10 2 2 3 9 8 9 2 8 7 8 5 6 7 5 4 4 8 9 5
9 6 5 7 6 8 5 7 3 0 9 3 3 6 9 10 8 4 8 4 7 3 5 5 7 1 5 9 8 7
5 5 4 2 4 2 4 3 10 9 0 7 7 9 3 8 1 11 2 9 4 6 5 5 7 9 7 4 1 7
6 3 4 5 3 6 5 6 2 3 7 0 0 3 6 6 7 4 6 7 6 3 4 5 4 4 1 6 6 3
6 3 4 6 3 6 5 6 2 3 7 0 0 3 7 6 7 4 6 7 6 4 5 5 4 4 1 6 6 3
6 4 6 7 5 9 7 9 3 6 9 3 3 0 8 5 9 3 7 9 9 6 7 8 3 7 3 6 8 2
2 4 5 2 3 3 5 5 9 9 3 6 7 8 0 5 3 10 1 10 6 6 6 6 5 10 5 1 3 5
3 4 7 6 5 8 8 9 8 10 8 6 6 5 5 0 8 8 5 12 9 8 9 9 2 10 5 4 7 3
5 5 4 2 4 1 3 3 9 8 1 7 7 9 3 8 0 10 2 8 3 5 4 4 7 9 6 4 1 7
9 6 7 9 7 10 8 10 2 4 11 4 4 3 10 8 10 0 9 8 10 7 8 8 6 5 5 9 10 5
3 3 4 1 2 3 4 4 8 8 2 6 6 7 1 5 2 9 0 9 5 5 5 5 5 9 5 2 2 5
11 8 5 8 7 7 5 6 7 4 9 7 7 9 10 12 8 8 9 0 5 4 4 4 10 3 8 10 8 10
7 6 3 4 4 2 2 0 8 7 4 6 6 9 6 9 3 10 5 5 0 3 2 2 8 6 6 6 3 8
7 5 2 4 3 4 2 3 5 3 6 3 4 6 6 8 5 7 5 4 3 0 1 2 6 4 4 6 5 6
7 5 1 4 3 3 1 2 6 5 5 4 5 7 6 9 4 8 5 4 2 1 0 1 7 5 5 6 4 7
8 5 2 4 4 3 1 2 7 5 5 5 5 8 6 9 4 8 5 4 2 2 1 0 8 5 5 7 4 7
4 2 6 5 4 7 7 8 5 7 7 4 4 3 5 2 7 6 5 10 8 6 7 8 0 8 3 4 7 0
10 7 5 8 6 8 6 7 4 1 9 4 4 7 10 10 9 5 9 3 6 4 5 5 8 0 6 9 8 8
5 2 4 5 2 6 5 6 4 5 7 1 1 3 5 5 6 5 5 8 6 4 5 5 3 6 0 4 5 2
1 3 5 3 3 4 5 6 8 9 4 6 6 6 1 4 4 9 2 10 6 6 6 7 4 9 4 0 4 4
5 4 3 1 3 1 3 3 9 8 1 6 6 8 3 7 1 10 2 8 3 5 4 4 7 8 5 4 0 7
4 2 6 6 4 7 7 8 5 7 7 3 3 2 5 3 7 5 5 10 8 6 7 7 0 8 2 4 7 0
,
0 23 20 23 24 25 32 40 47 58 35 34 46 36 11 14 22 61 19 73 48 51 26 52 26 66 18 6 32 28
14 0 14 22 6 34 33 18 31 23 14 18 16 11 21 16 24 25 16 38 31 31 32 23 15 30 9 14 30 8
34 12 0 9 12 14 7 12 26 32 24 12 18 40 33 35 26 20 10 39 10 7 4 11 25 23 15 20 17 18
19 11 13 0 12 11 12 16 49 44 6 30 22 51 5 18 9 24 3 38 25 16 19 23 26 53 13 15 3 25
29 5 8 12 0 14 13 18 15 27 28 20 14 35 15 31 26 20 11 37 29 13 18 24 12 28 10 15 21 15
14 24 21 12 16 0 11 13 37 44 7 46 16 23 23 31 2 43 11 20 6 18 9 18 18 44 25 18 3 49
16 27 3 9 18 15 0 11 30 32 28 13 35 38 15 29 23 34 19 22 11 14 3 4 21 31 21 27 19 18
37 20 14 9 21 7 11 0 37 35 19 44 29 42 36 62 17 67 22 17 2 10 11 14 38 17 38 18 12 23
49 33 35 24 28 53 26 23 0 20 55 17 12 18 52 30 41 11 43 26 50 21 16 29 19 22 10 23 53 26
36 29 35 29 25 27 14 20 19 0 42 9 20 36 49 70 27 30 60 16 38 22 27 28 46 4 35 41 21 34
34 20 21 6 29 10 15 18 36 66 0 24 37 29 19 37 2 57 13 45 14 40 19 17 48 39 37 27 8 26
39 19 9 32 14 20 25 42 8 25 38 0 1 8 23 23 40 25 21 40 30 13 26 20 14 13 9 28 26 19
40 10 19 31 13 21 18 17 14 20 37 1 0 19 32 43 23 18 38 27 34 26 20 28 16 28 5 35 23 24
45 21 28 30 21 37 55 38 22 37 46 16 15 0 46 34 41 9 19 49 45 23 46 39 14 41 8 42 49 8
16 13 20 6 20 24 26 13 66 38 14 41 46 27 0 30 18 42 7 34 25 33 18 32 35 63 25 5 7 37
7 17 38 18 19 23 46 31 40 35 20 16 27 25 25 0 44 30 20 70 47 59 35 50 14 70 35 11 22 20
35 18 15 5 23 3 18 12 43 53 4 19 26 34 8 41 0 34 9 43 18 22 28 17 38 29 42 24 5 42
59 32 36 34 28 62 33 58 12 24 54 26 23 19 37 54 59 0 30 28 34 18 55 42 18 16 34 59 45 17
17 13 23 6 10 10 14 25 29 36 11 41 18 52 6 32 13 28 0 52 19 14 27 26 21 30 33 7 12 28
68 34 30 41 49 23 38 25 35 22 23 21 44 25 54 88 57 52 49 0 18 10 12 26 27 10 44 38 39 28
41 39 10 21 30 11 4 3 26 48 12 16 39 42 15 32 8 28 22 27 0 13 7 13 51 24 22 21 10 46
21 16 5 28 15 15 13 11 37 18 18 25 14 32 30 60 27 19 19 28 18 0 5 8 37 13 27 29 23 21
18 34 5 17 10 18 4 13 41 19 19 22 20 47 24 62 23 40 14 26 10 5 0 3 44 20 30 37 15 45
33 38 13 16 28 16 5 9 33 23 29 29 13 41 40 26 26 39 38 27 11 10 4 0 47 36 36 28 22 31
16 9 25 38 10 39 36 45 25 52 39 22 12 12 34 15 28 15 18 46 40 42 20 35 0 54 14 15 40 1
53 36 15 50 40 47 29 36 16 3 40 22 28 18 29 65 48 26 64 24 45 19 33 28 49 0 28 57 57 49
25 7 12 32 15 31 20 36 25 23 33 5 9 19 17 16 16 20 14 24 27 24 21 21 8 20 0 30 27 11
7 12 16 15 16 29 20 21 39 40 14 20 16 41 11 12 19 42 10 65 42 35 39 21 20 29 21 0 23 10
13 24 15 6 21 3 12 9 62 40 3 29 40 53 19 36 4 71 12 54 13 24 20 17 21 43 29 21 0 41
22 15 40 40 19 42 44 54 31 25 30 19 11 14 32 13 33 37 29 31 27 41 26 45 2 46 6 29 21 0