4
20
,
0 (25.0, 39.0) 56.0
1 (16.0, 5.0) 46.0
2 (29.0, 30.0) 35.0
3 (32.0, 4.0) 43.0
4 (47.0, 46.0) 61.0
5 (39.0, 33.0) 48.0
6 (13.0, 14.0) 60.0
7 (48.0, 47.0) 32.0
8 (45.0, 34.0) 42.0
9 (31.0, 25.0) 46.0
10 (45.0, 44.0) 42.0
11 (46.0, 41.0) 64.0
12 (19.0, 31.0) 44.0
13 (4.0, 10.0) 32.0
14 (30.0, 41.0) 75.0
15 (35.0, 47.0) 31.0
16 (16.0, 49.0) 83.0
17 (34.0, 20.0) 69.0
18 (39.0, 36.0) 43.0
19 (43.0, 4.0) 31.0
,
0 23 8 21 16 33 26 10 34 28 20 31 31 18 5 25 29 26 20 27 22 0
23 0 18 5 18 12 8 14 12 10 8 10 11 5 18 3 6 7 11 7 20 23
8 18 0 14 8 26 18 5 26 21 12 24 23 13 6 19 23 22 12 19 14 8
21 5 14 0 13 12 5 11 13 8 3 11 10 5 16 6 9 12 6 6 15 21
16 18 8 13 0 22 15 11 23 16 11 21 20 15 14 19 22 24 8 16 6 16
33 12 26 12 22 0 8 23 1 6 13 1 3 16 28 9 6 16 15 6 21 33
26 8 18 5 15 8 0 16 8 3 6 6 5 10 21 6 7 14 7 2 15 26
10 14 5 11 11 23 16 0 24 19 11 22 21 9 5 16 20 18 11 17 16 10
34 12 26 13 23 1 8 24 0 7 14 2 3 17 29 9 6 16 15 7 22 34
28 10 21 8 16 6 3 19 7 0 8 5 4 13 24 8 8 16 9 3 15 28
20 8 12 3 11 13 6 11 14 8 0 12 11 7 15 8 11 14 3 7 12 20
31 10 24 11 21 1 6 22 2 5 12 0 2 15 27 8 5 15 13 5 20 31
31 11 23 10 20 3 5 21 3 4 11 2 0 14 26 8 6 16 12 4 19 31
18 5 13 5 15 16 10 9 17 13 7 15 14 0 13 7 11 9 9 10 18 18
5 18 6 16 14 28 21 5 29 24 15 27 26 13 0 20 24 20 16 22 20 5
25 3 19 6 19 9 6 16 9 8 8 8 8 7 20 0 4 8 11 5 20 25
29 6 23 9 22 6 7 20 6 8 11 5 6 11 24 4 0 10 14 6 22 29
26 7 22 12 24 16 14 18 16 16 14 15 16 9 20 8 10 0 17 13 26 26
20 11 12 6 8 15 7 11 15 9 3 13 12 9 16 11 14 17 0 8 9 20
27 7 19 6 16 6 2 17 7 3 7 5 4 10 22 5 6 13 8 0 16 27
22 20 14 15 6 21 15 16 22 15 12 20 19 18 20 20 22 26 9 16 0 22
0 23 8 21 16 33 26 10 34 28 20 31 31 18 5 25 29 26 20 27 22 0
,
0 29 19 53 27 70 69 21 89 57 45 42 81 19 15 57 77 29 57 28 45 0
28 0 42 7 18 19 11 27 26 25 14 21 12 11 28 8 17 13 25 12 43 55
20 44 0 21 22 68 35 12 31 57 20 69 38 33 10 28 26 29 19 44 21 13
27 8 38 0 36 22 13 24 21 23 7 26 10 7 33 6 21 17 13 14 40 37
43 27 11 37 0 54 29 25 59 23 24 48 45 33 24 44 55 70 20 38 15 29
77 23 43 24 28 0 21 29 1 9 38 3 6 30 41 9 18 18 33 14 37 96
64 14 53 15 32 9 0 44 12 5 12 12 9 13 33 15 8 25 12 2 44 68
15 21 10 14 13 60 42 0 56 44 23 54 31 23 9 29 47 41 19 22 31 20
52 34 63 16 35 2 16 30 0 17 34 3 6 49 81 25 11 45 24 12 62 93
81 30 25 18 18 13 6 56 14 0 20 8 6 28 28 12 22 35 13 4 26 40
23 16 17 8 25 19 8 19 15 18 0 24 28 11 15 23 33 32 4 13 26 22
73 28 62 17 37 4 17 44 3 15 27 0 2 18 66 14 8 24 18 12 46 50
46 26 29 23 24 7 15 29 6 9 24 4 0 37 52 12 17 19 16 8 20 74
51 9 36 14 20 40 19 27 25 21 10 27 37 0 35 15 16 21 24 13 53 29
10 41 15 29 39 50 51 12 73 58 19 71 55 38 0 43 56 54 40 25 43 7
69 7 30 8 40 21 16 37 20 24 12 14 16 21 31 0 9 9 17 14 52 39
80 12 46 25 26 15 8 22 14 10 14 11 12 12 45 8 0 19 20 16 41 31
30 7 56 34 49 40 27 21 31 39 25 28 34 20 60 15 11 0 22 31 26 35
28 13 23 9 8 25 8 32 16 9 4 21 23 13 30 12 20 29 0 22 19 45
45 17 24 7 21 17 4 49 13 5 7 6 5 12 57 13 17 18 25 0 30 77
42 24 35 42 9 27 33 19 46 26 36 60 47 52 42 34 38 52 24 41 0 30
0 57 14 37 36 79 42 23 98 50 58 38 64 31 10 64 76 52 36 78 28 0