4
20
,
0 (25.0, 39.0) 87.0
1 (16.0, 5.0) 56.0
2 (29.0, 30.0) 53.0
3 (32.0, 4.0) 31.0
4 (47.0, 46.0) 78.0
5 (39.0, 33.0) 34.0
6 (13.0, 14.0) 43.0
7 (48.0, 47.0) 32.0
8 (45.0, 34.0) 44.0
9 (31.0, 25.0) 54.0
10 (45.0, 44.0) 65.0
11 (46.0, 41.0) 85.0
12 (19.0, 31.0) 42.0
13 (4.0, 10.0) 37.0
14 (30.0, 41.0) 54.0
15 (35.0, 47.0) 69.0
16 (16.0, 49.0) 41.0
17 (34.0, 20.0) 72.0
18 (39.0, 36.0) 31.0
19 (43.0, 4.0) 87.0
,
0 23 8 21 16 33 26 10 34 28 20 31 31 18 5 25 29 26 20 27 22 0
23 0 18 5 18 12 8 14 12 10 8 10 11 5 18 3 6 7 11 7 20 23
8 18 0 14 8 26 18 5 26 21 12 24 23 13 6 19 23 22 12 19 14 8
21 5 14 0 13 12 5 11 13 8 3 11 10 5 16 6 9 12 6 6 15 21
16 18 8 13 0 22 15 11 23 16 11 21 20 15 14 19 22 24 8 16 6 16
33 12 26 12 22 0 8 23 1 6 13 1 3 16 28 9 6 16 15 6 21 33
26 8 18 5 15 8 0 16 8 3 6 6 5 10 21 6 7 14 7 2 15 26
10 14 5 11 11 23 16 0 24 19 11 22 21 9 5 16 20 18 11 17 16 10
34 12 26 13 23 1 8 24 0 7 14 2 3 17 29 9 6 16 15 7 22 34
28 10 21 8 16 6 3 19 7 0 8 5 4 13 24 8 8 16 9 3 15 28
20 8 12 3 11 13 6 11 14 8 0 12 11 7 15 8 11 14 3 7 12 20
31 10 24 11 21 1 6 22 2 5 12 0 2 15 27 8 5 15 13 5 20 31
31 11 23 10 20 3 5 21 3 4 11 2 0 14 26 8 6 16 12 4 19 31
18 5 13 5 15 16 10 9 17 13 7 15 14 0 13 7 11 9 9 10 18 18
5 18 6 16 14 28 21 5 29 24 15 27 26 13 0 20 24 20 16 22 20 5
25 3 19 6 19 9 6 16 9 8 8 8 8 7 20 0 4 8 11 5 20 25
29 6 23 9 22 6 7 20 6 8 11 5 6 11 24 4 0 10 14 6 22 29
26 7 22 12 24 16 14 18 16 16 14 15 16 9 20 8 10 0 17 13 26 26
20 11 12 6 8 15 7 11 15 9 3 13 12 9 16 11 14 17 0 8 9 20
27 7 19 6 16 6 2 17 7 3 7 5 4 10 22 5 6 13 8 0 16 27
22 20 14 15 6 21 15 16 22 15 12 20 19 18 20 20 22 26 9 16 0 22
0 23 8 21 16 33 26 10 34 28 20 31 31 18 5 25 29 26 20 27 22 0
,
0 58 17 36 18 45 54 29 64 32 44 56 92 30 12 29 84 52 43 70 51 0
44 0 36 10 19 12 10 38 13 22 22 24 25 8 19 6 10 17 19 10 38 52
21 38 0 19 22 39 38 6 31 59 15 41 65 28 13 47 45 61 17 58 33 12
35 14 40 0 33 16 13 30 34 21 5 20 28 13 20 11 12 32 15 13 17 61
28 46 23 37 0 29 32 16 24 28 31 25 55 28 19 51 23 57 19 28 13 42
68 30 53 16 25 0 22 50 1 7 22 4 7 45 44 20 15 26 25 12 25 42
55 9 30 13 32 17 0 28 22 7 10 11 15 18 44 8 14 20 13 4 22 62
14 24 10 22 19 61 42 0 37 26 27 33 60 20 7 38 22 20 29 29 42 17
38 18 32 21 58 2 12 68 0 11 26 2 7 23 30 17 18 36 41 9 30 47
60 24 53 12 18 7 9 35 7 0 13 6 5 21 40 10 22 40 13 4 39 39
27 10 21 7 18 35 12 20 27 25 0 18 28 17 20 15 31 31 4 14 22 48
34 28 65 22 27 2 6 46 3 15 33 0 2 39 31 9 7 35 34 5 58 42
72 28 45 14 36 6 8 48 9 10 17 4 0 17 61 17 11 18 31 11 45 71
25 14 33 11 24 25 30 10 39 35 17 15 39 0 15 18 13 14 18 13 35 32
7 37 19 45 35 33 55 9 40 56 33 41 66 36 0 29 42 45 35 31 49 15
33 6 47 8 32 11 12 45 16 17 8 13 11 14 44 0 8 14 27 10 36 42
87 13 34 24 37 12 14 45 11 14 31 12 17 17 56 8 0 27 22 11 54 57
35 8 35 28 53 25 38 49 28 23 21 34 39 12 39 13 13 0 20 14 58 32
33 19 25 16 12 37 19 30 17 11 7 37 22 13 34 29 26 46 0 18 14 24
51 8 45 12 23 16 4 48 11 9 8 7 7 13 24 15 6 29 25 0 28 37
42 29 34 25 6 60 43 31 24 33 24 50 35 42 22 26 40 49 9 17 0 48
0 24 12 53 28 76 51 10 96 85 60 88 61 32 8 27 65 51 52 59 54 0