4
20
,
0 (25.0, 39.0) 43.0
1 (16.0, 5.0) 39.0
2 (29.0, 30.0) 88.0
3 (32.0, 4.0) 30.0
4 (47.0, 46.0) 84.0
5 (39.0, 33.0) 53.0
6 (13.0, 14.0) 43.0
7 (48.0, 47.0) 83.0
8 (45.0, 34.0) 56.0
9 (31.0, 25.0) 79.0
10 (45.0, 44.0) 42.0
11 (46.0, 41.0) 57.0
12 (19.0, 31.0) 33.0
13 (4.0, 10.0) 67.0
14 (30.0, 41.0) 85.0
15 (35.0, 47.0) 30.0
16 (16.0, 49.0) 45.0
17 (34.0, 20.0) 43.0
18 (39.0, 36.0) 86.0
19 (43.0, 4.0) 62.0
,
0 23 8 21 16 33 26 10 34 28 20 31 31 18 5 25 29 26 20 27 22 0
23 0 18 5 18 12 8 14 12 10 8 10 11 5 18 3 6 7 11 7 20 23
8 18 0 14 8 26 18 5 26 21 12 24 23 13 6 19 23 22 12 19 14 8
21 5 14 0 13 12 5 11 13 8 3 11 10 5 16 6 9 12 6 6 15 21
16 18 8 13 0 22 15 11 23 16 11 21 20 15 14 19 22 24 8 16 6 16
33 12 26 12 22 0 8 23 1 6 13 1 3 16 28 9 6 16 15 6 21 33
26 8 18 5 15 8 0 16 8 3 6 6 5 10 21 6 7 14 7 2 15 26
10 14 5 11 11 23 16 0 24 19 11 22 21 9 5 16 20 18 11 17 16 10
34 12 26 13 23 1 8 24 0 7 14 2 3 17 29 9 6 16 15 7 22 34
28 10 21 8 16 6 3 19 7 0 8 5 4 13 24 8 8 16 9 3 15 28
20 8 12 3 11 13 6 11 14 8 0 12 11 7 15 8 11 14 3 7 12 20
31 10 24 11 21 1 6 22 2 5 12 0 2 15 27 8 5 15 13 5 20 31
31 11 23 10 20 3 5 21 3 4 11 2 0 14 26 8 6 16 12 4 19 31
18 5 13 5 15 16 10 9 17 13 7 15 14 0 13 7 11 9 9 10 18 18
5 18 6 16 14 28 21 5 29 24 15 27 26 13 0 20 24 20 16 22 20 5
25 3 19 6 19 9 6 16 9 8 8 8 8 7 20 0 4 8 11 5 20 25
29 6 23 9 22 6 7 20 6 8 11 5 6 11 24 4 0 10 14 6 22 29
26 7 22 12 24 16 14 18 16 16 14 15 16 9 20 8 10 0 17 13 26 26
20 11 12 6 8 15 7 11 15 9 3 13 12 9 16 11 14 17 0 8 9 20
27 7 19 6 16 6 2 17 7 3 7 5 4 10 22 5 6 13 8 0 16 27
22 20 14 15 6 21 15 16 22 15 12 20 19 18 20 20 22 26 9 16 0 22
0 23 8 21 16 33 26 10 34 28 20 31 31 18 5 25 29 26 20 27 22 0
,
0 65 15 43 39 41 26 15 50 33 34 75 60 37 12 50 48 28 47 67 23 0
39 0 32 6 33 19 8 19 31 21 12 23 19 9 36 5 13 15 21 12 59 39
23 28 0 19 12 46 21 6 36 36 33 61 40 28 16 35 30 59 14 44 22 20
23 6 36 0 17 17 9 23 28 19 6 16 25 8 29 12 18 27 14 10 23 57
35 39 18 13 0 56 37 29 34 26 27 32 41 24 33 30 50 35 18 24 7 20
55 25 43 36 58 0 9 62 2 13 24 2 5 39 45 12 15 24 41 14 63 33
37 17 19 6 21 9 0 27 23 7 17 9 7 20 37 10 13 18 12 4 21 75
28 25 9 32 27 49 23 0 42 34 22 52 37 23 10 32 38 26 29 32 31 20
76 21 42 32 34 2 13 27 0 19 29 6 9 48 59 26 13 48 18 8 37 45
80 28 50 24 42 16 6 35 7 0 23 13 9 17 29 14 12 37 11 7 41 48
54 14 24 4 21 34 10 14 37 23 0 26 11 17 37 13 24 18 5 11 31 48
91 14 45 24 44 3 8 63 3 6 14 0 3 32 71 19 15 18 37 13 35 73
56 13 36 20 44 8 13 52 8 7 11 3 0 22 54 19 11 16 13 11 37 86
37 11 18 11 21 26 25 12 25 32 14 32 41 0 22 17 27 19 25 18 18 23
11 22 9 34 20 66 36 13 41 70 36 67 31 35 0 34 31 58 29 64 21 13
47 6 26 15 54 12 14 43 11 11 17 17 15 10 42 0 9 15 16 12 38 29
52 9 50 11 47 17 10 43 12 14 24 13 14 16 70 11 0 23 28 15 49 47
56 17 45 17 57 17 15 25 16 19 38 21 43 26 38 16 17 0 50 39 63 61
54 19 29 9 13 40 11 22 16 19 3 21 14 19 38 16 30 39 0 17 13 26
60 11 41 7 29 19 2 39 11 6 20 14 9 21 57 14 12 19 9 0 22 40
56 50 31 38 7 54 40 46 56 28 30 31 22 20 31 24 57 39 13 37 0 46
0 53 20 39 33 96 33 22 93 45 57 34 91 41 9 38 57 76 31 62 36 0