4
20
,
0 (25.0, 39.0) 47.0
1 (16.0, 5.0) 48.0
2 (29.0, 30.0) 31.0
3 (32.0, 4.0) 56.0
4 (47.0, 46.0) 53.0
5 (39.0, 33.0) 56.0
6 (13.0, 14.0) 85.0
7 (48.0, 47.0) 81.0
8 (45.0, 34.0) 65.0
9 (31.0, 25.0) 58.0
10 (45.0, 44.0) 34.0
11 (46.0, 41.0) 65.0
12 (19.0, 31.0) 40.0
13 (4.0, 10.0) 43.0
14 (30.0, 41.0) 35.0
15 (35.0, 47.0) 33.0
16 (16.0, 49.0) 64.0
17 (34.0, 20.0) 71.0
18 (39.0, 36.0) 76.0
19 (43.0, 4.0) 52.0
,
0 23 8 21 16 33 26 10 34 28 20 31 31 18 5 25 29 26 20 27 22 0
23 0 18 5 18 12 8 14 12 10 8 10 11 5 18 3 6 7 11 7 20 23
8 18 0 14 8 26 18 5 26 21 12 24 23 13 6 19 23 22 12 19 14 8
21 5 14 0 13 12 5 11 13 8 3 11 10 5 16 6 9 12 6 6 15 21
16 18 8 13 0 22 15 11 23 16 11 21 20 15 14 19 22 24 8 16 6 16
33 12 26 12 22 0 8 23 1 6 13 1 3 16 28 9 6 16 15 6 21 33
26 8 18 5 15 8 0 16 8 3 6 6 5 10 21 6 7 14 7 2 15 26
10 14 5 11 11 23 16 0 24 19 11 22 21 9 5 16 20 18 11 17 16 10
34 12 26 13 23 1 8 24 0 7 14 2 3 17 29 9 6 16 15 7 22 34
28 10 21 8 16 6 3 19 7 0 8 5 4 13 24 8 8 16 9 3 15 28
20 8 12 3 11 13 6 11 14 8 0 12 11 7 15 8 11 14 3 7 12 20
31 10 24 11 21 1 6 22 2 5 12 0 2 15 27 8 5 15 13 5 20 31
31 11 23 10 20 3 5 21 3 4 11 2 0 14 26 8 6 16 12 4 19 31
18 5 13 5 15 16 10 9 17 13 7 15 14 0 13 7 11 9 9 10 18 18
5 18 6 16 14 28 21 5 29 24 15 27 26 13 0 20 24 20 16 22 20 5
25 3 19 6 19 9 6 16 9 8 8 8 8 7 20 0 4 8 11 5 20 25
29 6 23 9 22 6 7 20 6 8 11 5 6 11 24 4 0 10 14 6 22 29
26 7 22 12 24 16 14 18 16 16 14 15 16 9 20 8 10 0 17 13 26 26
20 11 12 6 8 15 7 11 15 9 3 13 12 9 16 11 14 17 0 8 9 20
27 7 19 6 16 6 2 17 7 3 7 5 4 10 22 5 6 13 8 0 16 27
22 20 14 15 6 21 15 16 22 15 12 20 19 18 20 20 22 26 9 16 0 22
0 23 8 21 16 33 26 10 34 28 20 31 31 18 5 25 29 26 20 27 22 0
,
0 61 17 49 45 73 69 27 54 80 48 84 71 29 14 65 80 76 21 68 30 0
36 0 25 14 36 15 16 32 33 30 17 30 13 10 32 7 19 15 17 18 36 23
14 34 0 30 22 43 20 13 69 41 31 24 40 13 16 36 32 57 31 55 30 19
43 14 37 0 32 35 11 16 15 9 7 31 19 6 30 7 16 26 11 7 19 52
34 19 17 33 0 55 43 19 61 20 26 41 58 23 36 46 22 35 16 34 15 19
55 25 65 29 51 0 13 43 1 13 31 1 3 19 78 22 12 26 15 13 38 49
42 8 52 15 31 16 0 33 15 7 16 9 15 20 27 17 10 18 9 3 28 58
17 14 9 31 23 33 44 0 44 46 16 28 29 16 9 47 31 35 18 20 25 10
91 15 32 23 46 1 18 52 0 9 19 5 5 35 40 21 17 22 30 12 27 89
63 16 34 17 18 8 6 31 9 0 15 11 4 34 27 24 23 18 15 5 31 79
31 11 30 8 22 22 9 12 33 22 0 25 20 17 40 11 14 30 8 13 16 26
52 17 53 16 30 2 9 51 5 7 29 0 2 39 73 11 14 20 31 6 57 68
70 11 49 21 27 4 13 36 7 5 14 2 0 30 41 8 7 42 17 12 36 87
24 6 34 15 27 32 16 22 23 19 9 21 33 0 14 10 27 17 24 15 42 32
7 34 9 27 16 46 51 9 52 64 26 47 32 20 0 56 36 52 29 59 28 15
67 8 43 12 24 24 11 28 18 20 13 17 23 15 22 0 7 8 21 7 21 56
68 16 32 12 48 8 20 22 9 21 13 14 13 21 39 6 0 24 16 12 56 49
60 19 29 15 69 44 26 40 46 27 39 41 34 21 57 17 17 0 37 20 70 30
49 22 26 7 15 23 8 12 29 26 6 26 33 23 21 20 24 32 0 21 26 51
66 21 40 17 19 11 2 51 14 4 9 6 5 16 24 5 16 27 16 0 28 57
41 35 29 40 12 22 40 27 51 38 17 58 20 49 36 42 45 55 20 42 0 55
0 61 14 33 17 72 64 16 59 74 35 40 62 29 13 28 66 53 21 63 24 0