4
20
,
0 (25.0, 39.0) 48.0
1 (16.0, 5.0) 51.0
2 (29.0, 30.0) 64.0
3 (32.0, 4.0) 72.0
4 (47.0, 46.0) 39.0
5 (39.0, 33.0) 31.0
6 (13.0, 14.0) 31.0
7 (48.0, 47.0) 73.0
8 (45.0, 34.0) 62.0
9 (31.0, 25.0) 52.0
10 (45.0, 44.0) 59.0
11 (46.0, 41.0) 59.0
12 (19.0, 31.0) 57.0
13 (4.0, 10.0) 35.0
14 (30.0, 41.0) 67.0
15 (35.0, 47.0) 84.0
16 (16.0, 49.0) 41.0
17 (34.0, 20.0) 87.0
18 (39.0, 36.0) 37.0
19 (43.0, 4.0) 37.0
,
0 23 8 21 16 33 26 10 34 28 20 31 31 18 5 25 29 26 20 27 22 0
23 0 18 5 18 12 8 14 12 10 8 10 11 5 18 3 6 7 11 7 20 23
8 18 0 14 8 26 18 5 26 21 12 24 23 13 6 19 23 22 12 19 14 8
21 5 14 0 13 12 5 11 13 8 3 11 10 5 16 6 9 12 6 6 15 21
16 18 8 13 0 22 15 11 23 16 11 21 20 15 14 19 22 24 8 16 6 16
33 12 26 12 22 0 8 23 1 6 13 1 3 16 28 9 6 16 15 6 21 33
26 8 18 5 15 8 0 16 8 3 6 6 5 10 21 6 7 14 7 2 15 26
10 14 5 11 11 23 16 0 24 19 11 22 21 9 5 16 20 18 11 17 16 10
34 12 26 13 23 1 8 24 0 7 14 2 3 17 29 9 6 16 15 7 22 34
28 10 21 8 16 6 3 19 7 0 8 5 4 13 24 8 8 16 9 3 15 28
20 8 12 3 11 13 6 11 14 8 0 12 11 7 15 8 11 14 3 7 12 20
31 10 24 11 21 1 6 22 2 5 12 0 2 15 27 8 5 15 13 5 20 31
31 11 23 10 20 3 5 21 3 4 11 2 0 14 26 8 6 16 12 4 19 31
18 5 13 5 15 16 10 9 17 13 7 15 14 0 13 7 11 9 9 10 18 18
5 18 6 16 14 28 21 5 29 24 15 27 26 13 0 20 24 20 16 22 20 5
25 3 19 6 19 9 6 16 9 8 8 8 8 7 20 0 4 8 11 5 20 25
29 6 23 9 22 6 7 20 6 8 11 5 6 11 24 4 0 10 14 6 22 29
26 7 22 12 24 16 14 18 16 16 14 15 16 9 20 8 10 0 17 13 26 26
20 11 12 6 8 15 7 11 15 9 3 13 12 9 16 11 14 17 0 8 9 20
27 7 19 6 16 6 2 17 7 3 7 5 4 10 22 5 6 13 8 0 16 27
22 20 14 15 6 21 15 16 22 15 12 20 19 18 20 20 22 26 9 16 0 22
0 23 8 21 16 33 26 10 34 28 20 31 31 18 5 25 29 26 20 27 22 0
,
0 68 25 57 17 86 72 12 86 84 52 76 68 39 10 55 67 27 36 77 59 0
64 0 53 8 25 18 14 28 30 28 19 19 22 9 23 5 18 8 27 13 27 55
13 39 0 26 15 67 25 11 67 57 19 71 44 35 19 36 39 42 26 38 21 17
29 8 30 0 38 22 8 17 15 10 7 19 18 13 38 10 19 29 9 7 39 42
24 35 12 17 0 44 31 17 25 17 17 58 27 43 31 35 23 57 10 26 10 30
85 15 61 19 34 0 19 38 1 17 22 2 3 23 34 13 16 42 21 16 44 79
42 12 39 16 40 11 0 29 23 7 15 18 14 25 24 14 15 16 13 3 22 30
24 33 8 21 25 58 44 0 49 53 21 26 37 26 13 40 50 28 27 25 29 17
90 36 48 35 66 2 24 53 0 14 41 5 5 31 75 28 18 27 38 20 34 40
46 24 59 16 21 8 6 54 8 0 14 9 10 27 52 11 13 27 22 7 21 58
37 12 24 7 23 22 6 13 34 9 0 31 31 16 42 20 34 28 9 11 33 46
83 13 40 12 22 3 10 45 6 10 13 0 3 17 37 12 13 42 20 13 44 60
83 25 35 21 36 3 13 60 8 10 14 3 0 39 34 15 16 38 31 8 19 60
38 11 30 12 25 36 15 19 27 28 14 28 31 0 19 8 20 27 28 13 51 20
15 45 14 30 27 47 59 6 52 54 46 60 62 38 0 57 60 28 20 55 23 9
60 4 31 13 28 23 13 25 28 21 9 19 17 19 54 0 5 14 29 6 25 62
78 18 57 13 25 16 13 46 11 11 30 7 12 27 69 11 0 23 22 13 25 73
71 15 62 19 31 41 42 52 22 24 27 16 43 25 21 9 10 0 23 37 75 51
58 12 24 7 15 43 15 25 17 21 7 15 34 25 24 15 18 29 0 17 22 39
36 8 39 11 17 8 2 28 15 3 13 7 10 19 57 14 14 14 11 0 36 55
35 26 21 17 7 37 20 34 23 29 34 33 36 22 43 23 36 29 27 42 0 61
0 31 10 33 33 66 36 28 69 43 43 74 70 28 13 55 59 28 38 64 25 0