4
20
,
0 (7.0, 34.0) 39.0
1 (36.0, 28.0) 11.0
2 (29.0, 47.0) 15.0
3 (0.0, 8.0) 20.0
4 (20.0, 35.0) 17.0
5 (16.0, 7.0) 41.0
6 (36.0, 10.0) 21.0
7 (42.0, 33.0) 15.0
8 (13.0, 13.0) 15.0
9 (10.0, 50.0) 11.0
10 (25.0, 36.0) 44.0
11 (44.0, 46.0) 43.0
12 (4.0, 21.0) 11.0
13 (21.0, 50.0) 15.0
14 (40.0, 6.0) 37.0
15 (45.0, 32.0) 21.0
16 (28.0, 50.0) 25.0
17 (37.0, 27.0) 20.0
18 (38.0, 48.0) 16.0
19 (12.0, 28.0) 42.0
,
0 6 5 5 3 6 8 7 4 3 4 8 3 4 9 8 5 6 7 2
6 0 4 8 3 6 4 2 5 7 3 4 7 5 4 2 5 0 4 5
5 4 0 10 3 8 8 4 8 4 2 3 7 2 8 4 1 4 2 5
5 8 10 0 7 3 7 10 3 9 8 12 3 9 8 10 10 8 11 5
3 3 3 7 0 6 6 4 5 4 1 5 4 3 7 5 3 4 4 2
6 6 8 3 6 0 4 7 1 9 6 10 4 9 5 8 9 6 9 4
8 4 8 7 6 4 0 5 5 10 6 7 7 9 1 5 8 3 8 6
7 2 4 10 4 7 5 0 7 7 3 3 8 5 5 1 4 2 3 6
4 5 8 3 5 1 5 7 0 7 5 9 2 8 6 7 8 6 9 3
3 7 4 9 4 9 10 7 7 0 4 7 6 2 11 8 4 7 6 4
4 3 2 8 1 6 6 3 5 4 0 4 5 3 7 4 3 3 4 3
8 4 3 12 5 10 7 3 9 7 4 0 9 5 8 3 3 4 1 7
3 7 7 3 4 4 7 8 2 6 5 9 0 7 8 8 8 7 9 2
4 5 2 9 3 9 9 5 8 2 3 5 7 0 10 6 1 6 3 5
9 4 8 8 7 5 1 5 6 11 7 8 8 10 0 5 9 4 8 7
8 2 4 10 5 8 5 1 7 8 4 3 8 6 5 0 5 2 3 7
5 5 1 10 3 9 8 4 8 4 3 3 8 1 9 5 0 5 2 5
6 0 4 8 4 6 3 2 6 7 3 4 7 6 4 2 5 0 4 5
7 4 2 11 4 9 8 3 9 6 4 1 9 3 8 3 2 4 0 7
2 5 5 5 2 4 6 6 3 4 3 7 2 5 7 7 5 5 7 0
,
0 41 37 34 12 32 34 21 30 12 16 39 18 12 59 27 18 37 35 5
25 0 16 58 24 38 16 10 14 35 8 12 26 35 14 11 22 1 18 36
13 21 0 35 9 48 21 22 41 23 11 12 38 6 36 28 2 15 11 30
19 54 28 0 44 12 43 48 16 60 22 51 12 47 36 62 27 21 58 31
14 18 20 32 0 24 21 22 34 20 3 29 22 11 32 27 17 22 31 14
15 32 39 22 25 0 21 21 6 41 20 28 24 47 24 44 31 15 49 14
27 12 36 45 20 18 0 23 27 26 26 25 49 48 4 20 58 18 27 30
22 6 23 25 17 46 16 0 47 34 22 19 56 25 17 4 12 9 13 43
28 23 29 10 25 10 29 47 0 41 33 30 7 24 28 52 55 21 25 11
15 24 13 52 14 45 46 26 26 0 30 24 30 13 70 32 16 21 15 32
22 14 9 33 5 35 40 14 18 17 0 11 18 18 33 12 12 18 15 14
52 22 8 86 26 27 46 16 43 44 14 0 48 12 42 17 24 26 6 54
10 41 32 13 25 25 48 39 7 35 16 67 0 47 36 48 50 37 32 6
27 23 8 36 21 60 63 35 51 8 13 14 50 0 71 39 5 27 24 33
55 29 32 57 50 32 8 35 33 40 45 35 34 30 0 24 62 13 31 38
27 6 24 69 35 51 23 5 32 56 23 20 51 43 32 0 36 12 19 37
28 18 3 75 17 63 44 33 45 13 8 25 38 9 34 18 0 35 6 30
29 2 29 22 10 40 18 11 24 52 22 29 18 20 29 7 34 0 16 28
35 16 7 75 21 43 46 9 50 30 11 7 54 22 55 15 6 29 0 21
8 28 26 16 8 19 45 23 21 27 16 26 7 26 45 17 18 25 28 0