4
20
,
0 (7.0, 34.0) 24.0
1 (36.0, 28.0) 42.0
2 (29.0, 47.0) 16.0
3 (0.0, 8.0) 12.0
4 (20.0, 35.0) 44.0
5 (16.0, 7.0) 37.0
6 (36.0, 10.0) 17.0
7 (42.0, 33.0) 36.0
8 (13.0, 13.0) 23.0
9 (10.0, 50.0) 16.0
10 (25.0, 36.0) 31.0
11 (44.0, 46.0) 42.0
12 (4.0, 21.0) 13.0
13 (21.0, 50.0) 12.0
14 (40.0, 6.0) 24.0
15 (45.0, 32.0) 18.0
16 (28.0, 50.0) 39.0
17 (37.0, 27.0) 17.0
18 (38.0, 48.0) 22.0
19 (12.0, 28.0) 18.0
,
0 6 5 5 3 6 8 7 4 3 4 8 3 4 9 8 5 6 7 2
6 0 4 8 3 6 4 2 5 7 3 4 7 5 4 2 5 0 4 5
5 4 0 10 3 8 8 4 8 4 2 3 7 2 8 4 1 4 2 5
5 8 10 0 7 3 7 10 3 9 8 12 3 9 8 10 10 8 11 5
3 3 3 7 0 6 6 4 5 4 1 5 4 3 7 5 3 4 4 2
6 6 8 3 6 0 4 7 1 9 6 10 4 9 5 8 9 6 9 4
8 4 8 7 6 4 0 5 5 10 6 7 7 9 1 5 8 3 8 6
7 2 4 10 4 7 5 0 7 7 3 3 8 5 5 1 4 2 3 6
4 5 8 3 5 1 5 7 0 7 5 9 2 8 6 7 8 6 9 3
3 7 4 9 4 9 10 7 7 0 4 7 6 2 11 8 4 7 6 4
4 3 2 8 1 6 6 3 5 4 0 4 5 3 7 4 3 3 4 3
8 4 3 12 5 10 7 3 9 7 4 0 9 5 8 3 3 4 1 7
3 7 7 3 4 4 7 8 2 6 5 9 0 7 8 8 8 7 9 2
4 5 2 9 3 9 9 5 8 2 3 5 7 0 10 6 1 6 3 5
9 4 8 8 7 5 1 5 6 11 7 8 8 10 0 5 9 4 8 7
8 2 4 10 5 8 5 1 7 8 4 3 8 6 5 0 5 2 3 7
5 5 1 10 3 9 8 4 8 4 3 3 8 1 9 5 0 5 2 5
6 0 4 8 4 6 3 2 6 7 3 4 7 6 4 2 5 0 4 5
7 4 2 11 4 9 8 3 9 6 4 1 9 3 8 3 2 4 0 7
2 5 5 5 2 4 6 6 3 4 3 7 2 5 7 7 5 5 7 0
,
0 17 22 15 15 31 24 39 25 21 17 35 12 22 37 30 15 46 50 5
18 0 14 43 18 32 27 11 41 22 19 12 19 14 27 12 20 2 26 30
31 15 0 41 16 51 25 10 55 29 15 21 42 12 47 11 4 29 11 31
22 50 44 0 35 24 42 44 20 33 32 57 13 59 25 39 65 33 75 19
7 11 18 27 0 32 32 12 21 23 7 14 24 11 35 26 17 15 26 15
27 42 62 9 37 0 29 21 6 22 39 49 10 38 36 28 31 37 26 25
34 23 33 33 22 28 0 32 26 63 31 47 24 30 8 30 52 12 52 37
43 10 15 73 15 40 26 0 26 37 17 12 34 20 33 3 24 9 13 24
28 39 30 10 23 6 15 53 0 32 14 59 8 21 32 36 30 25 50 11
20 21 18 65 11 45 44 35 49 0 17 51 38 7 72 51 17 45 18 19
12 8 12 49 6 45 24 13 36 15 0 13 31 14 29 21 20 15 13 16
42 13 12 64 19 33 42 14 56 29 23 0 44 20 58 10 10 12 7 30
15 37 38 16 17 19 44 52 14 40 35 47 0 19 35 31 42 39 54 10
32 35 5 29 12 54 26 30 49 7 10 30 42 0 53 36 9 40 20 18
34 27 60 56 39 30 3 26 35 37 36 44 34 27 0 19 25 30 38 36
21 10 20 29 33 29 32 4 24 22 17 21 58 28 30 0 27 14 10 46
37 32 3 59 12 64 23 18 30 24 13 17 36 5 40 22 0 31 6 39
45 1 17 45 11 23 18 5 20 35 18 17 37 30 22 14 33 0 30 35
25 25 12 42 16 55 38 14 36 16 17 9 55 25 28 20 10 11 0 45
6 14 27 35 6 13 23 32 20 25 13 45 7 16 43 37 26 20 36 0