4
20
,
0 (7.0, 34.0) 24.0
1 (36.0, 28.0) 11.0
2 (29.0, 47.0) 10.0
3 (0.0, 8.0) 16.0
4 (20.0, 35.0) 38.0
5 (16.0, 7.0) 19.0
6 (36.0, 10.0) 15.0
7 (42.0, 33.0) 44.0
8 (13.0, 13.0) 19.0
9 (10.0, 50.0) 37.0
10 (25.0, 36.0) 17.0
11 (44.0, 46.0) 30.0
12 (4.0, 21.0) 48.0
13 (21.0, 50.0) 15.0
14 (40.0, 6.0) 24.0
15 (45.0, 32.0) 45.0
16 (28.0, 50.0) 10.0
17 (37.0, 27.0) 10.0
18 (38.0, 48.0) 21.0
19 (12.0, 28.0) 25.0
,
0 6 5 5 3 6 8 7 4 3 4 8 3 4 9 8 5 6 7 2
6 0 4 8 3 6 4 2 5 7 3 4 7 5 4 2 5 0 4 5
5 4 0 10 3 8 8 4 8 4 2 3 7 2 8 4 1 4 2 5
5 8 10 0 7 3 7 10 3 9 8 12 3 9 8 10 10 8 11 5
3 3 3 7 0 6 6 4 5 4 1 5 4 3 7 5 3 4 4 2
6 6 8 3 6 0 4 7 1 9 6 10 4 9 5 8 9 6 9 4
8 4 8 7 6 4 0 5 5 10 6 7 7 9 1 5 8 3 8 6
7 2 4 10 4 7 5 0 7 7 3 3 8 5 5 1 4 2 3 6
4 5 8 3 5 1 5 7 0 7 5 9 2 8 6 7 8 6 9 3
3 7 4 9 4 9 10 7 7 0 4 7 6 2 11 8 4 7 6 4
4 3 2 8 1 6 6 3 5 4 0 4 5 3 7 4 3 3 4 3
8 4 3 12 5 10 7 3 9 7 4 0 9 5 8 3 3 4 1 7
3 7 7 3 4 4 7 8 2 6 5 9 0 7 8 8 8 7 9 2
4 5 2 9 3 9 9 5 8 2 3 5 7 0 10 6 1 6 3 5
9 4 8 8 7 5 1 5 6 11 7 8 8 10 0 5 9 4 8 7
8 2 4 10 5 8 5 1 7 8 4 3 8 6 5 0 5 2 3 7
5 5 1 10 3 9 8 4 8 4 3 3 8 1 9 5 0 5 2 5
6 0 4 8 4 6 3 2 6 7 3 4 7 6 4 2 5 0 4 5
7 4 2 11 4 9 8 3 9 6 4 1 9 3 8 3 2 4 0 7
2 5 5 5 2 4 6 6 3 4 3 7 2 5 7 7 5 5 7 0
,
0 16 24 36 11 30 47 47 19 22 15 22 8 23 54 36 35 38 40 9
31 0 13 41 10 24 11 4 41 31 16 21 28 31 33 13 28 2 20 32
14 25 0 59 10 22 41 15 45 25 14 18 44 9 62 25 2 32 6 32
31 26 41 0 46 23 23 41 10 46 33 50 8 55 37 65 59 36 63 15
18 21 17 20 0 40 40 14 27 15 5 15 13 10 22 13 9 13 29 11
19 30 43 13 20 0 11 49 4 27 32 69 22 49 30 40 38 18 69 27
21 26 31 31 44 18 0 33 18 56 15 45 38 23 8 30 47 20 33 42
33 11 25 56 22 21 12 0 40 49 23 13 21 15 20 3 13 7 18 41
23 31 21 8 19 7 17 42 0 23 18 52 16 54 33 41 24 33 31 19
17 46 27 32 19 48 41 47 48 0 29 26 36 6 73 38 15 33 29 11
15 18 7 29 6 25 15 10 15 22 0 29 31 19 24 25 10 17 10 21
57 26 10 58 15 44 49 14 63 47 13 0 29 14 46 12 15 15 9 50
8 27 38 18 14 10 19 42 8 36 26 49 0 47 24 58 37 40 33 6
21 33 10 32 16 53 32 28 47 10 15 28 50 0 60 18 7 32 10 31
51 12 47 34 49 26 7 21 19 34 37 57 24 64 0 21 55 29 60 26
45 6 19 47 28 41 36 2 41 41 15 13 37 45 17 0 24 12 22 28
26 28 3 73 13 47 21 25 25 22 14 13 19 6 60 33 0 26 14 26
30 1 21 39 16 21 25 9 17 47 11 13 26 40 17 13 36 0 12 32
43 20 13 70 14 68 45 10 60 25 19 6 64 21 60 13 9 17 0 30
4 34 32 26 9 30 43 33 14 14 22 27 13 28 19 22 28 23 43 0