4
20
,
0 (7.0, 34.0) 47.0
1 (36.0, 28.0) 26.0
2 (29.0, 47.0) 17.0
3 (0.0, 8.0) 16.0
4 (20.0, 35.0) 20.0
5 (16.0, 7.0) 21.0
6 (36.0, 10.0) 30.0
7 (42.0, 33.0) 29.0
8 (13.0, 13.0) 29.0
9 (10.0, 50.0) 15.0
10 (25.0, 36.0) 34.0
11 (44.0, 46.0) 21.0
12 (4.0, 21.0) 11.0
13 (21.0, 50.0) 11.0
14 (40.0, 6.0) 33.0
15 (45.0, 32.0) 35.0
16 (28.0, 50.0) 18.0
17 (37.0, 27.0) 43.0
18 (38.0, 48.0) 13.0
19 (12.0, 28.0) 21.0
,
0 6 5 5 3 6 8 7 4 3 4 8 3 4 9 8 5 6 7 2
6 0 4 8 3 6 4 2 5 7 3 4 7 5 4 2 5 0 4 5
5 4 0 10 3 8 8 4 8 4 2 3 7 2 8 4 1 4 2 5
5 8 10 0 7 3 7 10 3 9 8 12 3 9 8 10 10 8 11 5
3 3 3 7 0 6 6 4 5 4 1 5 4 3 7 5 3 4 4 2
6 6 8 3 6 0 4 7 1 9 6 10 4 9 5 8 9 6 9 4
8 4 8 7 6 4 0 5 5 10 6 7 7 9 1 5 8 3 8 6
7 2 4 10 4 7 5 0 7 7 3 3 8 5 5 1 4 2 3 6
4 5 8 3 5 1 5 7 0 7 5 9 2 8 6 7 8 6 9 3
3 7 4 9 4 9 10 7 7 0 4 7 6 2 11 8 4 7 6 4
4 3 2 8 1 6 6 3 5 4 0 4 5 3 7 4 3 3 4 3
8 4 3 12 5 10 7 3 9 7 4 0 9 5 8 3 3 4 1 7
3 7 7 3 4 4 7 8 2 6 5 9 0 7 8 8 8 7 9 2
4 5 2 9 3 9 9 5 8 2 3 5 7 0 10 6 1 6 3 5
9 4 8 8 7 5 1 5 6 11 7 8 8 10 0 5 9 4 8 7
8 2 4 10 5 8 5 1 7 8 4 3 8 6 5 0 5 2 3 7
5 5 1 10 3 9 8 4 8 4 3 3 8 1 9 5 0 5 2 5
6 0 4 8 4 6 3 2 6 7 3 4 7 6 4 2 5 0 4 5
7 4 2 11 4 9 8 3 9 6 4 1 9 3 8 3 2 4 0 7
2 5 5 5 2 4 6 6 3 4 3 7 2 5 7 7 5 5 7 0
,
0 35 19 15 8 14 51 29 33 18 17 21 19 23 24 54 39 34 43 12
44 0 14 44 18 36 22 8 24 42 11 27 46 20 32 15 17 2 25 31
22 28 0 41 10 23 53 11 31 24 11 16 50 8 42 23 2 19 12 26
34 32 42 0 25 23 20 46 12 33 26 64 7 34 59 46 34 56 35 16
16 17 18 46 0 16 39 23 25 17 6 15 27 18 52 22 20 23 17 15
26 15 23 15 17 0 19 32 7 65 40 48 22 63 28 38 28 30 35 26
22 22 55 29 33 26 0 13 19 55 21 23 29 58 7 17 28 9 33 29
38 11 24 66 25 47 20 0 47 36 26 8 43 23 16 2 27 7 12 37
18 23 37 19 22 9 27 18 0 31 24 61 15 31 32 38 32 20 22 21
22 39 21 52 13 55 71 22 42 0 15 45 15 15 78 41 20 27 29 28
11 8 12 48 5 42 42 10 37 20 0 16 23 21 31 21 16 13 24 18
46 13 9 60 17 51 35 16 31 22 25 0 61 24 31 18 14 17 3 36
12 20 38 17 21 17 27 57 6 25 26 48 0 25 34 22 31 49 56 7
31 32 12 25 20 56 47 21 39 8 8 20 42 0 26 18 10 37 20 24
54 18 53 28 20 20 3 31 28 30 33 35 50 27 0 35 31 22 48 35
56 7 19 40 15 44 28 4 50 26 13 13 34 19 35 0 34 9 25 18
37 30 2 74 15 25 55 16 45 19 9 22 48 7 31 24 0 35 9 34
45 1 15 23 17 28 21 4 31 49 8 21 31 25 16 11 24 0 24 25
42 11 12 79 33 39 20 16 49 34 22 6 51 25 48 26 15 12 0 45
6 32 25 30 8 23 28 26 14 14 12 46 11 13 34 23 21 29 19 0