4
20
,
0 (7.0, 34.0) 10.0
1 (36.0, 28.0) 48.0
2 (29.0, 47.0) 11.0
3 (0.0, 8.0) 25.0
4 (20.0, 35.0) 24.0
5 (16.0, 7.0) 11.0
6 (36.0, 10.0) 49.0
7 (42.0, 33.0) 19.0
8 (13.0, 13.0) 38.0
9 (10.0, 50.0) 32.0
10 (25.0, 36.0) 19.0
11 (44.0, 46.0) 30.0
12 (4.0, 21.0) 10.0
13 (21.0, 50.0) 15.0
14 (40.0, 6.0) 12.0
15 (45.0, 32.0) 12.0
16 (28.0, 50.0) 11.0
17 (37.0, 27.0) 18.0
18 (38.0, 48.0) 14.0
19 (12.0, 28.0) 33.0
,
0 6 5 5 3 6 8 7 4 3 4 8 3 4 9 8 5 6 7 2
6 0 4 8 3 6 4 2 5 7 3 4 7 5 4 2 5 0 4 5
5 4 0 10 3 8 8 4 8 4 2 3 7 2 8 4 1 4 2 5
5 8 10 0 7 3 7 10 3 9 8 12 3 9 8 10 10 8 11 5
3 3 3 7 0 6 6 4 5 4 1 5 4 3 7 5 3 4 4 2
6 6 8 3 6 0 4 7 1 9 6 10 4 9 5 8 9 6 9 4
8 4 8 7 6 4 0 5 5 10 6 7 7 9 1 5 8 3 8 6
7 2 4 10 4 7 5 0 7 7 3 3 8 5 5 1 4 2 3 6
4 5 8 3 5 1 5 7 0 7 5 9 2 8 6 7 8 6 9 3
3 7 4 9 4 9 10 7 7 0 4 7 6 2 11 8 4 7 6 4
4 3 2 8 1 6 6 3 5 4 0 4 5 3 7 4 3 3 4 3
8 4 3 12 5 10 7 3 9 7 4 0 9 5 8 3 3 4 1 7
3 7 7 3 4 4 7 8 2 6 5 9 0 7 8 8 8 7 9 2
4 5 2 9 3 9 9 5 8 2 3 5 7 0 10 6 1 6 3 5
9 4 8 8 7 5 1 5 6 11 7 8 8 10 0 5 9 4 8 7
8 2 4 10 5 8 5 1 7 8 4 3 8 6 5 0 5 2 3 7
5 5 1 10 3 9 8 4 8 4 3 3 8 1 9 5 0 5 2 5
6 0 4 8 4 6 3 2 6 7 3 4 7 6 4 2 5 0 4 5
7 4 2 11 4 9 8 3 9 6 4 1 9 3 8 3 2 4 0 7
2 5 5 5 2 4 6 6 3 4 3 7 2 5 7 7 5 5 7 0
,
0 40 35 25 9 22 54 20 22 11 26 30 20 26 63 53 39 46 22 10
36 0 12 58 23 40 23 8 22 28 16 10 28 35 16 6 27 2 11 20
22 27 0 28 13 47 23 14 37 10 13 12 46 8 44 28 4 11 5 16
34 49 35 0 19 17 43 54 7 45 43 38 11 48 47 70 38 58 79 24
13 17 21 39 0 20 26 11 28 21 6 24 27 10 18 22 21 18 27 9
25 37 33 23 20 0 27 41 7 25 32 71 12 26 33 54 28 15 45 27
21 23 56 37 19 29 0 28 33 32 42 54 30 39 4 24 22 9 26 34
41 10 11 57 18 30 34 0 27 18 17 9 25 14 15 2 17 11 17 37
25 16 42 11 21 5 14 39 0 24 38 28 15 42 31 55 45 18 56 18
23 42 28 48 16 53 31 51 51 0 30 38 22 7 28 32 21 19 17 15
19 20 16 35 6 33 25 26 28 10 0 25 29 19 37 25 12 14 22 17
31 14 22 53 20 44 40 14 59 35 30 0 62 33 45 8 24 16 9 32
9 47 50 10 32 17 36 21 14 21 37 26 0 40 55 53 29 26 34 13
26 31 9 37 13 36 42 30 48 14 18 31 22 0 38 21 5 17 16 33
60 28 35 46 22 32 7 32 27 55 37 41 31 34 0 31 62 17 22 50
49 6 19 38 18 56 23 4 51 26 17 16 61 27 34 0 30 6 25 18
22 18 3 45 17 30 31 27 55 16 13 23 48 8 42 19 0 33 7 17
44 2 15 27 27 27 21 7 18 51 9 26 19 30 22 13 28 0 18 30
45 25 8 71 27 26 20 13 60 31 27 7 53 12 40 12 14 12 0 21
10 34 23 25 12 16 36 36 15 18 23 50 9 26 39 44 38 22 37 0