4
20
,
0 (7.0, 34.0) 44.0
1 (36.0, 28.0) 10.0
2 (29.0, 47.0) 35.0
3 (0.0, 8.0) 31.0
4 (20.0, 35.0) 43.0
5 (16.0, 7.0) 13.0
6 (36.0, 10.0) 45.0
7 (42.0, 33.0) 10.0
8 (13.0, 13.0) 45.0
9 (10.0, 50.0) 20.0
10 (25.0, 36.0) 19.0
11 (44.0, 46.0) 16.0
12 (4.0, 21.0) 21.0
13 (21.0, 50.0) 28.0
14 (40.0, 6.0) 32.0
15 (45.0, 32.0) 46.0
16 (28.0, 50.0) 30.0
17 (37.0, 27.0) 21.0
18 (38.0, 48.0) 32.0
19 (12.0, 28.0) 45.0
,
0 6 5 5 3 6 8 7 4 3 4 8 3 4 9 8 5 6 7 2
6 0 4 8 3 6 4 2 5 7 3 4 7 5 4 2 5 0 4 5
5 4 0 10 3 8 8 4 8 4 2 3 7 2 8 4 1 4 2 5
5 8 10 0 7 3 7 10 3 9 8 12 3 9 8 10 10 8 11 5
3 3 3 7 0 6 6 4 5 4 1 5 4 3 7 5 3 4 4 2
6 6 8 3 6 0 4 7 1 9 6 10 4 9 5 8 9 6 9 4
8 4 8 7 6 4 0 5 5 10 6 7 7 9 1 5 8 3 8 6
7 2 4 10 4 7 5 0 7 7 3 3 8 5 5 1 4 2 3 6
4 5 8 3 5 1 5 7 0 7 5 9 2 8 6 7 8 6 9 3
3 7 4 9 4 9 10 7 7 0 4 7 6 2 11 8 4 7 6 4
4 3 2 8 1 6 6 3 5 4 0 4 5 3 7 4 3 3 4 3
8 4 3 12 5 10 7 3 9 7 4 0 9 5 8 3 3 4 1 7
3 7 7 3 4 4 7 8 2 6 5 9 0 7 8 8 8 7 9 2
4 5 2 9 3 9 9 5 8 2 3 5 7 0 10 6 1 6 3 5
9 4 8 8 7 5 1 5 6 11 7 8 8 10 0 5 9 4 8 7
8 2 4 10 5 8 5 1 7 8 4 3 8 6 5 0 5 2 3 7
5 5 1 10 3 9 8 4 8 4 3 3 8 1 9 5 0 5 2 5
6 0 4 8 4 6 3 2 6 7 3 4 7 6 4 2 5 0 4 5
7 4 2 11 4 9 8 3 9 6 4 1 9 3 8 3 2 4 0 7
2 5 5 5 2 4 6 6 3 4 3 7 2 5 7 7 5 5 7 0
,
0 44 26 19 16 30 30 23 14 11 19 51 18 21 35 40 31 42 50 8
33 0 12 41 10 41 25 7 35 40 19 21 40 33 27 8 27 2 29 12
15 20 0 25 18 30 30 12 51 16 12 19 19 10 24 14 4 25 8 29
22 47 55 0 43 22 33 43 14 51 43 43 8 44 27 62 52 34 40 31
7 18 9 28 0 21 38 11 31 16 5 19 17 15 34 15 24 22 30 15
16 28 52 10 16 0 14 20 4 24 33 71 28 43 13 42 46 29 43 25
35 24 28 48 17 26 0 19 26 25 25 55 41 32 6 33 33 23 47 30
40 12 10 59 23 45 23 0 21 45 24 8 32 19 24 2 25 6 18 42
31 21 44 16 14 10 17 42 0 50 30 41 9 49 29 19 44 26 26 14
17 36 18 22 21 29 49 30 24 0 25 20 23 13 66 49 27 21 39 20
24 11 13 22 3 17 22 24 33 16 0 29 31 11 17 23 19 12 25 9
20 23 17 58 19 39 30 15 26 41 28 0 67 18 27 8 9 16 6 41
11 18 45 11 11 10 28 29 10 27 31 34 0 31 52 34 37 46 62 8
20 15 11 37 13 28 38 16 37 11 12 13 25 0 58 34 10 16 22 17
32 13 39 25 44 36 7 26 18 50 34 44 24 68 0 16 40 29 44 42
36 5 14 68 13 23 31 2 34 50 15 14 30 19 32 0 32 6 20 19
14 23 3 57 19 23 36 27 49 11 17 20 32 7 59 27 0 24 12 24
30 1 14 40 18 34 24 5 35 48 12 13 42 39 30 13 33 0 28 20
18 21 12 29 19 26 23 22 30 33 18 6 33 19 36 16 9 13 0 48
5 20 32 19 8 29 27 18 12 32 12 36 15 12 50 43 37 16 22 0