4
20
,
0 (7.0, 34.0) 43.0
1 (36.0, 28.0) 46.0
2 (29.0, 47.0) 20.0
3 (0.0, 8.0) 20.0
4 (20.0, 35.0) 26.0
5 (16.0, 7.0) 28.0
6 (36.0, 10.0) 10.0
7 (42.0, 33.0) 14.0
8 (13.0, 13.0) 17.0
9 (10.0, 50.0) 11.0
10 (25.0, 36.0) 33.0
11 (44.0, 46.0) 39.0
12 (4.0, 21.0) 21.0
13 (21.0, 50.0) 11.0
14 (40.0, 6.0) 15.0
15 (45.0, 32.0) 13.0
16 (28.0, 50.0) 16.0
17 (37.0, 27.0) 13.0
18 (38.0, 48.0) 11.0
19 (12.0, 28.0) 46.0
,
0 6 5 5 3 6 8 7 4 3 4 8 3 4 9 8 5 6 7 2
6 0 4 8 3 6 4 2 5 7 3 4 7 5 4 2 5 0 4 5
5 4 0 10 3 8 8 4 8 4 2 3 7 2 8 4 1 4 2 5
5 8 10 0 7 3 7 10 3 9 8 12 3 9 8 10 10 8 11 5
3 3 3 7 0 6 6 4 5 4 1 5 4 3 7 5 3 4 4 2
6 6 8 3 6 0 4 7 1 9 6 10 4 9 5 8 9 6 9 4
8 4 8 7 6 4 0 5 5 10 6 7 7 9 1 5 8 3 8 6
7 2 4 10 4 7 5 0 7 7 3 3 8 5 5 1 4 2 3 6
4 5 8 3 5 1 5 7 0 7 5 9 2 8 6 7 8 6 9 3
3 7 4 9 4 9 10 7 7 0 4 7 6 2 11 8 4 7 6 4
4 3 2 8 1 6 6 3 5 4 0 4 5 3 7 4 3 3 4 3
8 4 3 12 5 10 7 3 9 7 4 0 9 5 8 3 3 4 1 7
3 7 7 3 4 4 7 8 2 6 5 9 0 7 8 8 8 7 9 2
4 5 2 9 3 9 9 5 8 2 3 5 7 0 10 6 1 6 3 5
9 4 8 8 7 5 1 5 6 11 7 8 8 10 0 5 9 4 8 7
8 2 4 10 5 8 5 1 7 8 4 3 8 6 5 0 5 2 3 7
5 5 1 10 3 9 8 4 8 4 3 3 8 1 9 5 0 5 2 5
6 0 4 8 4 6 3 2 6 7 3 4 7 6 4 2 5 0 4 5
7 4 2 11 4 9 8 3 9 6 4 1 9 3 8 3 2 4 0 7
2 5 5 5 2 4 6 6 3 4 3 7 2 5 7 7 5 5 7 0
,
0 36 26 27 13 14 21 47 19 23 18 54 16 13 42 47 24 39 40 10
32 0 28 24 25 22 25 6 20 19 9 28 29 17 32 11 12 2 21 30
20 29 0 60 13 62 50 12 39 15 10 11 18 6 22 12 2 20 5 18
22 51 30 0 38 16 50 51 16 57 29 82 12 35 22 32 59 30 63 24
12 26 8 34 0 30 24 30 20 17 7 28 14 12 45 37 25 22 21 13
23 25 27 21 40 0 20 46 6 43 41 26 10 63 36 46 40 20 26 26
39 19 21 49 15 25 0 20 19 40 31 51 36 53 8 29 37 18 23 40
23 11 26 31 22 41 14 0 20 41 15 12 33 18 28 3 14 5 21 25
20 15 49 14 26 9 27 40 0 24 34 36 14 50 25 31 35 27 36 13
24 30 16 58 21 28 36 26 44 0 25 20 42 6 36 22 17 42 25 23
15 19 7 34 3 42 20 24 37 18 0 11 24 13 20 27 12 19 15 21
52 25 13 38 16 69 24 18 25 19 14 0 46 29 28 8 19 21 3 29
7 37 42 12 24 24 31 44 18 36 18 25 0 24 36 23 49 20 40 5
12 16 7 60 14 36 26 34 49 14 21 24 48 0 45 20 9 16 10 31
56 21 34 53 37 16 5 39 16 40 30 37 44 38 0 27 65 19 22 46
56 11 30 29 14 28 15 3 24 24 13 8 53 44 25 0 26 10 15 42
21 20 2 63 14 33 52 14 33 13 8 9 52 9 29 36 0 25 9 20
26 1 26 50 14 16 19 7 31 37 8 15 22 37 28 10 33 0 18 22
27 19 8 75 13 45 31 13 42 18 14 9 33 19 32 18 12 14 0 20
7 20 38 19 14 29 26 23 9 31 16 34 7 34 19 41 21 29 24 0