4
20
,
0 (7.0, 34.0) 15.0
1 (36.0, 28.0) 41.0
2 (29.0, 47.0) 12.0
3 (0.0, 8.0) 20.0
4 (20.0, 35.0) 14.0
5 (16.0, 7.0) 32.0
6 (36.0, 10.0) 31.0
7 (42.0, 33.0) 20.0
8 (13.0, 13.0) 24.0
9 (10.0, 50.0) 36.0
10 (25.0, 36.0) 16.0
11 (44.0, 46.0) 38.0
12 (4.0, 21.0) 11.0
13 (21.0, 50.0) 38.0
14 (40.0, 6.0) 26.0
15 (45.0, 32.0) 36.0
16 (28.0, 50.0) 22.0
17 (37.0, 27.0) 28.0
18 (38.0, 48.0) 39.0
19 (12.0, 28.0) 43.0
,
0 6 5 5 3 6 8 7 4 3 4 8 3 4 9 8 5 6 7 2
6 0 4 8 3 6 4 2 5 7 3 4 7 5 4 2 5 0 4 5
5 4 0 10 3 8 8 4 8 4 2 3 7 2 8 4 1 4 2 5
5 8 10 0 7 3 7 10 3 9 8 12 3 9 8 10 10 8 11 5
3 3 3 7 0 6 6 4 5 4 1 5 4 3 7 5 3 4 4 2
6 6 8 3 6 0 4 7 1 9 6 10 4 9 5 8 9 6 9 4
8 4 8 7 6 4 0 5 5 10 6 7 7 9 1 5 8 3 8 6
7 2 4 10 4 7 5 0 7 7 3 3 8 5 5 1 4 2 3 6
4 5 8 3 5 1 5 7 0 7 5 9 2 8 6 7 8 6 9 3
3 7 4 9 4 9 10 7 7 0 4 7 6 2 11 8 4 7 6 4
4 3 2 8 1 6 6 3 5 4 0 4 5 3 7 4 3 3 4 3
8 4 3 12 5 10 7 3 9 7 4 0 9 5 8 3 3 4 1 7
3 7 7 3 4 4 7 8 2 6 5 9 0 7 8 8 8 7 9 2
4 5 2 9 3 9 9 5 8 2 3 5 7 0 10 6 1 6 3 5
9 4 8 8 7 5 1 5 6 11 7 8 8 10 0 5 9 4 8 7
8 2 4 10 5 8 5 1 7 8 4 3 8 6 5 0 5 2 3 7
5 5 1 10 3 9 8 4 8 4 3 3 8 1 9 5 0 5 2 5
6 0 4 8 4 6 3 2 6 7 3 4 7 6 4 2 5 0 4 5
7 4 2 11 4 9 8 3 9 6 4 1 9 3 8 3 2 4 0 7
2 5 5 5 2 4 6 6 3 4 3 7 2 5 7 7 5 5 7 0
,
0 23 35 18 14 42 27 19 26 11 17 43 9 23 54 38 36 18 47 10
43 0 14 36 12 37 10 6 27 38 20 24 42 13 22 9 27 1 24 29
35 17 0 60 21 39 46 22 49 24 7 12 43 7 49 16 2 15 12 31
28 48 36 0 21 24 42 30 10 62 43 75 9 54 29 65 60 49 40 17
13 26 9 26 0 26 36 32 18 14 7 39 20 19 25 16 19 19 21 7
27 24 34 21 15 0 14 22 6 29 34 58 11 49 27 22 50 16 34 13
43 13 19 19 17 30 0 27 32 54 20 41 28 42 7 26 42 22 53 24
32 11 16 61 12 41 18 0 18 26 24 13 48 34 21 2 31 10 23 32
18 21 29 18 28 6 33 44 0 21 29 53 9 52 32 33 41 31 62 15
13 51 10 40 11 51 66 19 21 0 16 45 35 13 41 28 19 29 25 12
21 19 11 23 7 35 28 15 37 14 0 12 34 14 19 26 21 15 14 16
34 20 18 61 22 53 21 16 54 30 11 0 56 35 48 19 18 23 6 54
18 19 20 18 28 16 24 47 8 43 38 40 0 49 25 38 35 39 37 11
26 28 12 42 10 42 41 32 52 10 18 15 45 0 49 28 10 40 22 32
45 28 46 30 47 20 3 27 24 41 17 47 43 45 0 16 49 20 50 26
53 8 31 74 29 38 19 4 46 54 15 21 60 44 14 0 23 13 21 34
16 17 4 66 15 52 30 26 27 17 19 15 41 7 58 30 0 26 9 16
31 2 31 34 12 17 15 5 41 45 18 25 36 24 14 8 28 0 22 31
43 14 11 34 19 46 39 12 63 33 24 9 63 14 39 23 15 30 0 34
11 17 19 33 15 12 35 43 14 29 17 44 13 16 32 27 19 30 36 0