4
20
,
0 (7.0, 34.0) 40.0
1 (36.0, 28.0) 38.0
2 (29.0, 47.0) 10.0
3 (0.0, 8.0) 16.0
4 (20.0, 35.0) 39.0
5 (16.0, 7.0) 17.0
6 (36.0, 10.0) 29.0
7 (42.0, 33.0) 20.0
8 (13.0, 13.0) 29.0
9 (10.0, 50.0) 18.0
10 (25.0, 36.0) 13.0
11 (44.0, 46.0) 25.0
12 (4.0, 21.0) 30.0
13 (21.0, 50.0) 13.0
14 (40.0, 6.0) 12.0
15 (45.0, 32.0) 49.0
16 (28.0, 50.0) 44.0
17 (37.0, 27.0) 18.0
18 (38.0, 48.0) 20.0
19 (12.0, 28.0) 12.0
,
0 6 5 5 3 6 8 7 4 3 4 8 3 4 9 8 5 6 7 2
6 0 4 8 3 6 4 2 5 7 3 4 7 5 4 2 5 0 4 5
5 4 0 10 3 8 8 4 8 4 2 3 7 2 8 4 1 4 2 5
5 8 10 0 7 3 7 10 3 9 8 12 3 9 8 10 10 8 11 5
3 3 3 7 0 6 6 4 5 4 1 5 4 3 7 5 3 4 4 2
6 6 8 3 6 0 4 7 1 9 6 10 4 9 5 8 9 6 9 4
8 4 8 7 6 4 0 5 5 10 6 7 7 9 1 5 8 3 8 6
7 2 4 10 4 7 5 0 7 7 3 3 8 5 5 1 4 2 3 6
4 5 8 3 5 1 5 7 0 7 5 9 2 8 6 7 8 6 9 3
3 7 4 9 4 9 10 7 7 0 4 7 6 2 11 8 4 7 6 4
4 3 2 8 1 6 6 3 5 4 0 4 5 3 7 4 3 3 4 3
8 4 3 12 5 10 7 3 9 7 4 0 9 5 8 3 3 4 1 7
3 7 7 3 4 4 7 8 2 6 5 9 0 7 8 8 8 7 9 2
4 5 2 9 3 9 9 5 8 2 3 5 7 0 10 6 1 6 3 5
9 4 8 8 7 5 1 5 6 11 7 8 8 10 0 5 9 4 8 7
8 2 4 10 5 8 5 1 7 8 4 3 8 6 5 0 5 2 3 7
5 5 1 10 3 9 8 4 8 4 3 3 8 1 9 5 0 5 2 5
6 0 4 8 4 6 3 2 6 7 3 4 7 6 4 2 5 0 4 5
7 4 2 11 4 9 8 3 9 6 4 1 9 3 8 3 2 4 0 7
2 5 5 5 2 4 6 6 3 4 3 7 2 5 7 7 5 5 7 0
,
0 18 38 29 13 25 30 41 27 10 19 49 8 22 52 28 20 26 27 9
15 0 13 27 24 33 17 10 24 30 9 17 30 17 18 7 15 1 22 34
19 21 0 48 15 41 38 21 27 29 6 20 48 13 29 11 2 24 13 36
37 43 57 0 34 16 28 71 16 36 22 50 7 60 34 48 32 30 48 13
16 12 11 25 0 27 30 21 21 10 7 15 19 17 20 18 24 27 11 15
23 32 37 22 38 0 13 20 7 22 32 68 16 46 19 45 44 40 56 18
24 19 34 53 29 15 0 31 19 30 18 29 28 33 4 30 28 25 48 33
51 9 26 53 12 30 29 0 39 19 18 16 29 34 31 3 19 11 13 36
14 31 36 9 19 9 15 40 0 27 27 67 14 37 38 51 53 31 27 22
12 31 13 51 9 52 27 37 43 0 12 40 16 9 75 31 14 43 21 30
27 12 10 42 5 21 32 20 32 10 0 24 20 13 49 13 9 21 21 19
42 26 8 47 39 50 49 16 54 23 18 0 33 30 38 17 14 17 8 47
10 40 22 11 19 14 30 55 6 20 17 31 0 23 40 49 46 28 22 14
13 17 12 31 10 27 58 22 31 16 18 26 24 0 62 17 9 31 20 15
48 29 50 21 37 14 6 31 29 55 45 50 49 25 0 23 30 30 52 35
29 5 13 35 16 35 22 4 43 33 14 9 40 43 31 0 18 7 9 49
14 24 3 35 22 27 39 19 43 27 10 16 24 9 68 29 0 22 14 15
38 1 27 55 14 26 9 6 19 24 12 23 37 25 17 9 30 0 25 35
36 29 10 82 26 36 31 8 51 22 13 9 45 21 54 14 13 19 0 35
9 32 27 25 6 18 18 16 10 31 9 54 6 28 22 24 17 25 26 0