4
20
,
0 (7.0, 34.0) 18.0
1 (36.0, 28.0) 25.0
2 (29.0, 47.0) 21.0
3 (0.0, 8.0) 42.0
4 (20.0, 35.0) 34.0
5 (16.0, 7.0) 20.0
6 (36.0, 10.0) 27.0
7 (42.0, 33.0) 45.0
8 (13.0, 13.0) 29.0
9 (10.0, 50.0) 20.0
10 (25.0, 36.0) 30.0
11 (44.0, 46.0) 23.0
12 (4.0, 21.0) 11.0
13 (21.0, 50.0) 32.0
14 (40.0, 6.0) 27.0
15 (45.0, 32.0) 14.0
16 (28.0, 50.0) 43.0
17 (37.0, 27.0) 27.0
18 (38.0, 48.0) 29.0
19 (12.0, 28.0) 15.0
,
0 6 5 5 3 6 8 7 4 3 4 8 3 4 9 8 5 6 7 2
6 0 4 8 3 6 4 2 5 7 3 4 7 5 4 2 5 0 4 5
5 4 0 10 3 8 8 4 8 4 2 3 7 2 8 4 1 4 2 5
5 8 10 0 7 3 7 10 3 9 8 12 3 9 8 10 10 8 11 5
3 3 3 7 0 6 6 4 5 4 1 5 4 3 7 5 3 4 4 2
6 6 8 3 6 0 4 7 1 9 6 10 4 9 5 8 9 6 9 4
8 4 8 7 6 4 0 5 5 10 6 7 7 9 1 5 8 3 8 6
7 2 4 10 4 7 5 0 7 7 3 3 8 5 5 1 4 2 3 6
4 5 8 3 5 1 5 7 0 7 5 9 2 8 6 7 8 6 9 3
3 7 4 9 4 9 10 7 7 0 4 7 6 2 11 8 4 7 6 4
4 3 2 8 1 6 6 3 5 4 0 4 5 3 7 4 3 3 4 3
8 4 3 12 5 10 7 3 9 7 4 0 9 5 8 3 3 4 1 7
3 7 7 3 4 4 7 8 2 6 5 9 0 7 8 8 8 7 9 2
4 5 2 9 3 9 9 5 8 2 3 5 7 0 10 6 1 6 3 5
9 4 8 8 7 5 1 5 6 11 7 8 8 10 0 5 9 4 8 7
8 2 4 10 5 8 5 1 7 8 4 3 8 6 5 0 5 2 3 7
5 5 1 10 3 9 8 4 8 4 3 3 8 1 9 5 0 5 2 5
6 0 4 8 4 6 3 2 6 7 3 4 7 6 4 2 5 0 4 5
7 4 2 11 4 9 8 3 9 6 4 1 9 3 8 3 2 4 0 7
2 5 5 5 2 4 6 6 3 4 3 7 2 5 7 7 5 5 7 0
,
0 30 37 36 18 36 32 22 21 15 26 23 14 24 35 51 38 26 30 4
20 0 19 26 21 35 16 11 17 38 13 26 37 30 23 14 18 2 15 21
26 29 0 31 22 50 33 27 39 14 17 18 41 5 52 33 2 32 11 27
20 41 41 0 38 18 39 28 14 62 35 74 11 51 43 28 65 61 28 13
14 24 11 19 0 38 18 33 12 12 6 29 17 10 43 29 22 18 13 10
28 28 58 19 35 0 21 28 9 46 32 65 10 47 34 25 31 17 56 13
52 26 37 40 28 23 0 24 14 28 17 36 36 42 4 27 47 14 27 39
30 9 15 62 30 54 27 0 44 46 9 16 41 17 18 5 32 6 12 19
17 41 35 8 32 9 17 50 0 34 34 53 11 49 33 48 40 18 54 12
18 45 20 32 25 59 33 39 47 0 24 41 27 15 77 37 26 36 20 27
18 10 15 47 4 42 26 11 17 31 0 22 29 15 37 27 9 21 17 23
21 14 11 47 32 56 32 12 31 19 19 0 35 19 58 13 16 21 8 40
7 25 36 9 21 24 17 37 14 36 32 58 0 48 27 38 38 26 35 7
23 29 5 70 17 51 32 26 29 8 17 18 47 0 24 26 4 18 25 25
56 19 57 58 42 36 3 34 17 75 17 24 40 34 0 19 34 14 53 32
26 7 15 59 22 45 13 4 31 55 29 14 59 17 30 0 21 5 25 44
39 17 2 42 23 63 37 23 53 24 21 18 34 6 64 21 0 16 9 27
39 2 22 42 16 27 19 5 34 41 20 17 27 37 11 6 13 0 26 27
41 18 9 44 30 44 38 15 55 37 26 7 48 18 48 10 8 13 0 45
10 19 23 25 14 28 27 24 17 16 19 45 10 17 53 24 38 15 23 0