4
20
,
0 (7.0, 34.0) 48.0
1 (36.0, 28.0) 16.0
2 (29.0, 47.0) 36.0
3 (0.0, 8.0) 20.0
4 (20.0, 35.0) 45.0
5 (16.0, 7.0) 44.0
6 (36.0, 10.0) 30.0
7 (42.0, 33.0) 42.0
8 (13.0, 13.0) 42.0
9 (10.0, 50.0) 12.0
10 (25.0, 36.0) 17.0
11 (44.0, 46.0) 10.0
12 (4.0, 21.0) 21.0
13 (21.0, 50.0) 20.0
14 (40.0, 6.0) 19.0
15 (45.0, 32.0) 14.0
16 (28.0, 50.0) 49.0
17 (37.0, 27.0) 49.0
18 (38.0, 48.0) 19.0
19 (12.0, 28.0) 33.0
,
0 6 5 5 3 6 8 7 4 3 4 8 3 4 9 8 5 6 7 2
6 0 4 8 3 6 4 2 5 7 3 4 7 5 4 2 5 0 4 5
5 4 0 10 3 8 8 4 8 4 2 3 7 2 8 4 1 4 2 5
5 8 10 0 7 3 7 10 3 9 8 12 3 9 8 10 10 8 11 5
3 3 3 7 0 6 6 4 5 4 1 5 4 3 7 5 3 4 4 2
6 6 8 3 6 0 4 7 1 9 6 10 4 9 5 8 9 6 9 4
8 4 8 7 6 4 0 5 5 10 6 7 7 9 1 5 8 3 8 6
7 2 4 10 4 7 5 0 7 7 3 3 8 5 5 1 4 2 3 6
4 5 8 3 5 1 5 7 0 7 5 9 2 8 6 7 8 6 9 3
3 7 4 9 4 9 10 7 7 0 4 7 6 2 11 8 4 7 6 4
4 3 2 8 1 6 6 3 5 4 0 4 5 3 7 4 3 3 4 3
8 4 3 12 5 10 7 3 9 7 4 0 9 5 8 3 3 4 1 7
3 7 7 3 4 4 7 8 2 6 5 9 0 7 8 8 8 7 9 2
4 5 2 9 3 9 9 5 8 2 3 5 7 0 10 6 1 6 3 5
9 4 8 8 7 5 1 5 6 11 7 8 8 10 0 5 9 4 8 7
8 2 4 10 5 8 5 1 7 8 4 3 8 6 5 0 5 2 3 7
5 5 1 10 3 9 8 4 8 4 3 3 8 1 9 5 0 5 2 5
6 0 4 8 4 6 3 2 6 7 3 4 7 6 4 2 5 0 4 5
7 4 2 11 4 9 8 3 9 6 4 1 9 3 8 3 2 4 0 7
2 5 5 5 2 4 6 6 3 4 3 7 2 5 7 7 5 5 7 0
,
0 32 17 28 7 16 56 19 18 14 13 44 11 13 32 19 20 16 25 5
21 0 19 41 10 32 23 12 25 36 8 13 44 24 18 5 24 2 20 13
25 14 0 71 17 28 51 20 29 14 10 21 54 12 53 26 2 31 7 29
14 57 53 0 27 18 45 49 21 49 20 47 16 57 23 58 26 55 33 18
15 10 17 37 0 34 18 20 14 16 3 16 20 20 45 29 17 28 24 12
15 21 31 23 36 0 13 31 5 43 23 26 25 23 21 24 61 34 45 24
21 14 42 33 25 21 0 21 34 43 33 54 30 50 8 17 50 11 32 43
21 7 25 52 31 50 30 0 29 43 15 9 47 35 38 5 18 11 9 33
17 33 38 8 19 8 13 39 0 46 19 29 12 50 40 23 55 19 47 22
18 37 13 64 19 55 71 29 19 0 12 28 26 7 72 43 17 36 28 28
21 8 11 28 5 23 42 13 20 16 0 22 26 21 17 24 17 18 14 12
30 21 14 57 32 36 41 9 57 45 24 0 70 26 57 10 23 10 5 35
18 22 20 17 19 16 44 55 8 30 23 26 0 36 28 32 48 39 39 13
15 36 10 51 17 61 56 28 38 16 14 31 46 0 66 41 7 14 11 25
59 12 45 48 36 33 6 39 24 29 50 27 51 32 0 15 41 13 54 36
24 8 30 48 35 38 30 5 40 28 21 12 48 41 20 0 14 12 22 40
22 21 4 60 23 28 33 19 51 22 20 17 33 7 47 33 0 28 12 16
23 1 18 61 10 36 18 9 22 22 10 25 44 19 14 10 37 0 30 32
46 20 5 55 16 31 52 16 39 28 13 4 49 25 31 22 7 25 0 34
8 34 34 33 15 18 32 41 19 17 13 44 16 33 33 34 21 20 40 0