4
20
,
0 (7.0, 34.0) 35.0
1 (36.0, 28.0) 10.0
2 (29.0, 47.0) 37.0
3 (0.0, 8.0) 19.0
4 (20.0, 35.0) 26.0
5 (16.0, 7.0) 22.0
6 (36.0, 10.0) 19.0
7 (42.0, 33.0) 28.0
8 (13.0, 13.0) 29.0
9 (10.0, 50.0) 15.0
10 (25.0, 36.0) 45.0
11 (44.0, 46.0) 38.0
12 (4.0, 21.0) 20.0
13 (21.0, 50.0) 10.0
14 (40.0, 6.0) 13.0
15 (45.0, 32.0) 14.0
16 (28.0, 50.0) 28.0
17 (37.0, 27.0) 14.0
18 (38.0, 48.0) 16.0
19 (12.0, 28.0) 16.0
,
0 6 5 5 3 6 8 7 4 3 4 8 3 4 9 8 5 6 7 2
6 0 4 8 3 6 4 2 5 7 3 4 7 5 4 2 5 0 4 5
5 4 0 10 3 8 8 4 8 4 2 3 7 2 8 4 1 4 2 5
5 8 10 0 7 3 7 10 3 9 8 12 3 9 8 10 10 8 11 5
3 3 3 7 0 6 6 4 5 4 1 5 4 3 7 5 3 4 4 2
6 6 8 3 6 0 4 7 1 9 6 10 4 9 5 8 9 6 9 4
8 4 8 7 6 4 0 5 5 10 6 7 7 9 1 5 8 3 8 6
7 2 4 10 4 7 5 0 7 7 3 3 8 5 5 1 4 2 3 6
4 5 8 3 5 1 5 7 0 7 5 9 2 8 6 7 8 6 9 3
3 7 4 9 4 9 10 7 7 0 4 7 6 2 11 8 4 7 6 4
4 3 2 8 1 6 6 3 5 4 0 4 5 3 7 4 3 3 4 3
8 4 3 12 5 10 7 3 9 7 4 0 9 5 8 3 3 4 1 7
3 7 7 3 4 4 7 8 2 6 5 9 0 7 8 8 8 7 9 2
4 5 2 9 3 9 9 5 8 2 3 5 7 0 10 6 1 6 3 5
9 4 8 8 7 5 1 5 6 11 7 8 8 10 0 5 9 4 8 7
8 2 4 10 5 8 5 1 7 8 4 3 8 6 5 0 5 2 3 7
5 5 1 10 3 9 8 4 8 4 3 3 8 1 9 5 0 5 2 5
6 0 4 8 4 6 3 2 6 7 3 4 7 6 4 2 5 0 4 5
7 4 2 11 4 9 8 3 9 6 4 1 9 3 8 3 2 4 0 7
2 5 5 5 2 4 6 6 3 4 3 7 2 5 7 7 5 5 7 0
,
0 16 18 14 16 33 36 27 30 16 10 37 17 11 49 33 39 18 41 10
30 0 23 53 25 27 26 6 26 27 10 27 23 19 25 5 31 1 11 32
22 15 0 39 19 57 44 25 43 20 13 18 32 11 29 31 4 16 13 18
24 50 53 0 35 17 31 64 20 28 38 65 12 54 46 31 34 41 60 32
15 20 22 46 0 21 25 22 20 16 3 32 19 18 31 26 17 12 15 14
17 40 26 14 20 0 13 45 7 63 16 39 27 63 14 35 35 31 47 27
52 15 49 47 27 19 0 27 24 25 17 45 32 51 4 28 37 17 25 23
42 6 11 64 11 55 35 0 27 45 26 8 45 20 35 3 14 11 12 35
23 20 50 14 23 6 21 32 0 23 26 58 17 35 15 24 58 21 39 22
21 24 22 24 19 24 69 28 37 0 28 26 40 11 36 24 11 20 17 29
27 20 6 30 4 22 39 18 22 22 0 20 37 16 37 17 12 9 25 9
29 18 21 39 24 33 19 11 45 29 18 0 52 25 52 14 21 21 3 43
15 20 35 20 11 17 31 29 15 34 30 31 0 45 44 58 22 30 27 5
24 29 11 31 15 57 28 15 38 10 15 12 46 0 52 40 9 21 17 14
44 12 37 38 47 26 6 20 24 42 28 22 31 68 0 27 54 26 28 19
22 9 14 48 20 35 31 3 26 29 11 8 30 16 27 0 26 9 17 28
14 14 2 31 13 56 38 14 53 23 9 18 52 8 51 30 0 18 7 16
39 1 29 36 23 23 24 10 40 40 17 11 36 23 20 9 31 0 28 33
43 14 8 44 33 63 42 11 53 26 25 9 48 24 46 20 12 20 0 44
9 15 18 27 13 27 15 30 13 20 22 50 12 16 27 48 35 20 35 0