7
40
,
0 (18.0, 27.0) 40.0
1 (6.0, 26.0) 74.0
2 (11.0, 28.0) 46.0
3 (10.0, 23.0) 46.0
4 (8.0, 43.0) 39.0
5 (3.0, 2.0) 84.0
6 (2.0, 21.0) 45.0
7 (44.0, 23.0) 49.0
8 (19.0, 32.0) 49.0
9 (4.0, 28.0) 39.0
10 (28.0, 17.0) 53.0
11 (39.0, 13.0) 80.0
12 (37.0, 47.0) 49.0
13 (39.0, 33.0) 70.0
14 (42.0, 45.0) 49.0
15 (25.0, 0.0) 43.0
16 (42.0, 5.0) 75.0
17 (44.0, 16.0) 38.0
18 (3.0, 26.0) 53.0
19 (38.0, 3.0) 35.0
20 (3.0, 48.0) 59.0
21 (23.0, 44.0) 37.0
22 (21.0, 34.0) 45.0
23 (22.0, 20.0) 59.0
24 (9.0, 50.0) 53.0
25 (37.0, 24.0) 55.0
26 (11.0, 28.0) 37.0
27 (33.0, 11.0) 81.0
28 (46.0, 15.0) 76.0
29 (28.0, 8.0) 37.0
30 (42.0, 48.0) 90.0
31 (41.0, 35.0) 75.0
32 (30.0, 4.0) 43.0
33 (38.0, 47.0) 75.0
34 (46.0, 37.0) 44.0
35 (23.0, 26.0) 70.0
36 (10.0, 10.0) 40.0
37 (19.0, 38.0) 47.0
38 (41.0, 37.0) 63.0
39 (44.0, 39.0) 36.0
,
0 16 13 15 13 22 2 11 25 19 14 16 21 30 26 31 12 21 23 13 19 24 25 20 15 25 22 15 17 24 15 32 27 15 30 30 17 7 21 28 29 0
16 0 6 4 4 9 15 9 13 3 7 7 13 14 11 15 14 16 14 8 16 13 9 4 4 12 10 4 11 15 11 16 12 13 14 15 3 9 6 13 14 16
13 6 0 3 2 9 12 3 19 7 1 12 18 19 17 20 16 21 20 2 20 11 12 8 9 12 16 3 15 21 14 21 18 16 19 21 8 8 9 18 20 13
15 4 3 0 3 8 14 6 17 4 4 10 16 16 14 18 16 19 18 4 18 11 10 6 7 11 13 0 14 19 13 18 15 15 17 18 6 9 6 16 17 15
13 4 2 3 0 10 11 4 17 6 4 9 15 18 15 19 14 18 17 4 17 13 12 8 6 14 14 3 13 18 12 20 17 14 18 19 7 6 9 17 19 13
22 9 9 8 10 0 21 11 21 8 8 16 22 15 16 17 23 25 22 9 25 4 8 8 13 4 17 8 20 24 20 17 17 22 15 19 11 17 6 17 18 22
2 15 12 14 11 21 0 10 23 17 13 15 19 28 24 29 11 20 22 12 18 23 23 18 13 24 20 14 16 22 13 30 25 14 29 28 16 5 20 26 28 2
11 9 3 6 4 11 10 0 21 10 4 13 19 22 19 23 16 22 21 3 20 14 16 12 10 15 18 6 16 22 15 24 21 16 22 23 11 7 12 21 23 11
25 13 19 17 17 21 23 21 0 13 20 9 6 12 6 11 15 9 4 21 10 24 15 13 11 22 4 17 8 4 11 13 6 12 12 7 11 18 15 7 8 25
19 3 7 4 6 8 17 10 13 0 8 9 14 12 10 13 16 18 15 9 17 11 6 1 6 10 10 4 13 16 13 14 11 15 12 14 4 12 3 11 13 19
14 7 1 4 4 8 13 4 20 8 0 13 19 19 18 21 18 22 21 1 21 10 12 9 10 11 17 4 17 22 16 21 19 18 19 21 10 9 9 19 21 14
16 7 12 10 9 16 15 13 9 9 13 0 6 16 10 16 9 9 8 13 9 20 14 9 3 19 6 10 4 9 4 17 11 7 16 13 5 10 11 12 14 16
21 13 18 16 15 22 19 19 6 14 19 6 0 17 10 16 10 4 3 19 5 25 17 14 9 24 6 16 3 4 6 18 11 6 17 12 10 15 16 12 13 21
30 14 19 16 18 15 28 22 12 12 19 16 17 0 7 3 24 21 16 20 22 17 7 10 15 14 12 16 18 17 20 3 6 22 0 7 13 23 10 5 5 30
26 11 17 14 15 16 24 19 6 10 18 10 10 7 0 6 18 14 9 18 15 20 10 9 11 17 5 14 11 10 14 8 1 15 7 4 9 19 10 2 4 26
31 15 20 18 19 17 29 23 11 13 21 16 16 3 6 0 24 20 15 22 21 20 10 12 16 17 11 18 18 15 20 2 5 21 2 4 13 24 12 4 3 31
12 14 16 16 14 23 11 16 15 16 18 9 10 24 18 24 0 9 12 17 7 26 22 17 10 26 13 16 7 13 4 25 19 3 24 21 13 9 19 20 22 12
21 16 21 19 18 25 20 22 9 18 22 9 4 21 14 20 9 0 6 22 2 29 22 18 12 28 10 19 5 5 7 22 15 6 21 16 14 16 20 16 17 21
23 14 20 18 17 22 22 21 4 15 21 8 3 16 9 15 12 6 0 21 7 26 18 15 11 24 5 18 6 1 9 16 10 9 16 11 12 17 17 11 12 23
13 8 2 4 4 9 12 3 21 9 1 13 19 20 18 22 17 22 21 0 21 11 13 10 10 12 17 4 17 22 15 22 20 17 20 22 10 9 10 20 22 13
19 16 20 18 17 25 18 20 10 17 21 9 5 22 15 21 7 2 7 21 0 29 22 18 12 28 11 18 5 7 6 23 16 4 22 17 14 14 20 17 18 19
24 13 11 11 13 4 23 14 24 11 10 20 25 17 20 20 26 29 26 11 29 0 10 11 17 3 21 11 24 27 24 20 20 26 18 22 15 19 9 20 21 24
25 9 12 10 12 8 23 16 15 6 12 14 17 7 10 10 22 22 18 13 22 10 0 5 12 8 12 10 17 19 18 10 10 20 8 12 9 18 4 10 11 25
20 4 8 6 8 8 18 12 13 1 9 9 14 10 9 12 17 18 15 10 18 11 5 0 7 10 9 6 13 16 13 13 10 16 11 13 4 13 2 10 12 20
15 4 9 7 6 13 13 10 11 6 10 3 9 15 11 16 10 12 11 10 12 17 12 7 0 16 8 7 7 12 7 17 12 9 16 15 3 8 9 13 15 15
25 12 12 11 14 4 24 15 22 10 11 19 24 14 17 17 26 28 24 12 28 3 8 10 16 0 19 11 23 25 23 17 18 25 15 20 14 20 8 17 18 25
22 10 16 13 14 17 20 18 4 10 17 6 6 12 5 11 13 10 5 17 11 21 12 9 8 19 0 13 7 6 9 12 6 11 12 8 7 15 11 7 8 22
15 4 3 0 3 8 14 6 17 4 4 10 16 16 14 18 16 19 18 4 18 11 10 6 7 11 13 0 14 19 13 18 15 15 17 18 6 9 6 16 17 15
17 11 15 14 13 20 16 16 8 13 17 4 3 18 11 18 7 5 6 17 5 24 17 13 7 23 7 14 0 7 3 19 13 4 18 15 9 12 15 14 15 17
24 15 21 19 18 24 22 22 4 16 22 9 4 17 10 15 13 5 1 22 7 27 19 16 12 25 6 19 7 0 10 17 10 10 16 11 13 18 18 11 12 24
15 11 14 13 12 20 13 15 11 13 16 4 6 20 14 20 4 7 9 15 6 24 18 13 7 23 9 13 3 10 0 21 15 2 20 17 9 9 16 16 17 15
32 16 21 18 20 17 30 24 13 14 21 17 18 3 8 2 25 22 16 22 23 20 10 13 17 17 12 18 19 17 21 0 7 23 2 6 15 25 13 6 5 32
27 12 18 15 17 17 25 21 6 11 19 11 11 6 1 5 19 15 10 20 16 20 10 10 12 18 6 15 13 10 15 7 0 16 6 3 10 20 11 1 2 27
15 13 16 15 14 22 14 16 12 15 18 7 6 22 15 21 3 6 9 17 4 26 20 16 9 25 11 15 4 10 2 23 16 0 22 18 12 10 18 17 19 15
30 14 19 17 18 15 29 22 12 12 19 16 17 0 7 2 24 21 16 20 22 18 8 11 16 15 12 17 18 16 20 2 6 22 0 6 13 23 11 5 5 30
30 15 21 18 19 19 28 23 7 14 21 13 12 7 4 4 21 16 11 22 17 22 12 13 15 20 8 18 15 11 17 6 3 18 6 0 13 22 14 2 1 30
17 3 8 6 7 11 16 11 11 4 10 5 10 13 9 13 13 14 12 10 14 15 9 4 3 14 7 6 9 13 9 15 10 12 13 13 0 10 6 11 12 17
7 9 8 9 6 17 5 7 18 12 9 10 15 23 19 24 9 16 17 9 14 19 18 13 8 20 15 9 12 18 9 25 20 10 23 22 10 0 15 21 22 7
21 6 9 6 9 6 20 12 15 3 9 11 16 10 10 12 19 20 17 10 20 9 4 2 9 8 11 6 15 18 16 13 11 18 11 14 6 15 0 11 13 21
28 13 18 16 17 17 26 21 7 11 19 12 12 5 2 4 20 16 11 20 17 20 10 10 13 17 7 16 14 11 16 6 1 17 5 2 11 21 11 0 2 28
29 14 20 17 19 18 28 23 8 13 21 14 13 5 4 3 22 17 12 22 18 21 11 12 15 18 8 17 15 12 17 5 2 19 5 1 12 22 13 2 0 29
0 16 13 15 13 22 2 11 25 19 14 16 21 30 26 31 12 21 23 13 19 24 25 20 15 25 22 15 17 24 15 32 27 15 30 30 17 7 21 28 29 0
,
0 32 31 25 37 51 2 20 56 32 19 35 46 37 49 61 21 33 51 29 23 69 65 22 30 26 62 33 31 52 42 78 79 40 43 43 43 19 33 75 50 0
40 0 8 8 11 17 19 17 35 3 20 14 27 29 28 42 40 24 20 12 28 34 13 10 9 28 23 5 13 25 22 36 35 30 15 21 4 14 6 25 29 29
26 16 0 3 3 16 32 5 37 11 3 28 45 54 48 29 33 45 34 2 36 27 34 13 9 12 26 4 22 28 28 33 25 18 34 24 21 14 15 38 59 20
34 9 5 0 6 9 28 16 48 8 10 12 25 45 28 20 26 28 30 8 37 20 25 15 8 29 27 0 30 22 21 19 27 23 40 49 12 23 13 21 38 27
34 13 4 6 0 20 25 6 26 17 6 22 23 49 43 50 26 30 31 9 42 22 13 10 13 26 16 4 14 39 34 53 21 26 38 30 14 11 15 45 22 20
43 26 18 17 22 0 43 25 22 10 18 26 33 34 16 37 30 58 24 21 43 6 13 17 38 4 47 12 36 69 53 23 49 46 30 47 29 37 8 17 43 53
3 19 17 25 21 36 0 22 47 45 22 21 35 62 50 64 25 41 45 33 51 38 40 49 29 39 61 16 31 66 23 65 49 29 38 56 18 10 28 32 30 2
17 11 5 11 8 22 28 0 58 19 8 34 36 62 48 49 42 37 46 6 37 18 30 12 21 44 37 14 24 59 30 37 38 21 43 57 12 18 15 62 51 28
56 26 44 36 43 45 33 51 0 33 34 25 9 36 14 19 15 17 8 52 16 24 28 36 11 33 8 22 22 11 28 35 15 26 31 15 24 47 42 21 21 67
32 6 21 5 8 19 25 24 33 0 8 23 33 26 25 19 47 27 38 13 46 15 15 3 11 31 10 10 24 24 21 41 29 39 20 34 8 26 5 13 16 53
42 10 3 8 10 12 35 5 33 18 0 36 41 52 39 23 46 60 56 3 38 19 37 15 24 25 22 10 33 45 35 49 25 25 28 29 24 15 27 32 32 19
33 14 12 13 13 22 19 27 21 23 16 0 16 26 11 24 16 19 17 15 9 57 41 23 7 44 10 24 5 27 11 46 12 15 32 29 12 19 17 25 23 38
27 34 20 47 21 40 48 19 10 25 56 10 0 50 12 46 20 5 3 27 14 56 40 25 25 35 6 39 7 9 10 29 13 19 31 33 16 30 18 19 26 22
87 24 40 22 22 16 84 32 31 20 25 29 29 0 15 4 26 49 18 33 33 27 13 19 46 15 17 31 24 18 36 4 7 45 1 14 30 63 19 11 11 40
26 24 47 29 46 29 55 31 14 20 21 15 21 7 0 16 25 41 19 20 16 27 18 10 29 43 13 20 12 12 35 9 2 25 19 12 15 26 24 3 9 37
44 42 42 30 50 20 33 70 22 35 39 38 27 6 15 0 35 50 27 61 61 32 25 32 20 43 17 36 27 24 26 3 15 45 3 8 37 54 34 7 8 37
14 24 19 34 37 58 22 33 16 21 22 19 25 51 32 28 0 23 35 49 10 40 35 17 25 31 36 24 13 23 6 32 41 8 51 58 35 20 37 22 26 23
27 19 23 33 28 64 35 44 17 33 24 23 5 49 35 36 18 0 13 55 4 59 29 28 32 47 11 35 9 11 16 28 26 17 51 25 24 41 52 45 24 54
27 33 45 44 22 61 49 30 4 33 24 16 6 38 26 19 25 15 0 45 20 33 50 36 19 58 7 27 14 2 24 45 26 10 30 14 34 46 26 12 12 68
24 18 4 11 8 17 24 3 28 16 2 25 24 28 37 62 34 46 58 0 57 19 14 18 23 15 39 10 35 30 43 31 55 41 47 46 23 15 21 31 55 37
36 28 28 25 18 35 35 53 16 44 42 10 7 63 42 27 15 3 10 28 0 40 23 18 13 36 15 39 5 16 10 56 21 8 53 26 20 27 51 31 24 56
29 22 12 19 34 10 40 27 45 12 25 44 53 26 51 32 50 30 54 15 39 0 26 31 42 9 22 12 62 43 37 33 32 44 35 55 40 46 21 30 32 54
64 26 29 17 17 8 62 38 21 18 37 22 49 20 25 13 66 28 26 21 64 14 0 12 13 21 14 27 31 29 23 11 16 42 11 22 20 47 5 22 20 54
54 4 21 11 14 20 23 13 22 3 10 15 15 23 12 30 44 20 15 14 31 19 12 0 9 26 25 11 17 21 19 23 19 23 13 34 11 34 5 11 21 54
27 7 9 9 11 30 21 17 12 18 26 9 18 16 13 33 26 14 17 16 31 24 19 12 0 31 19 7 18 25 16 26 36 11 26 39 8 23 16 15 38 19
37 15 13 14 30 8 48 17 23 13 18 50 57 25 47 37 48 42 69 32 44 6 17 25 39 0 47 26 45 57 28 37 43 58 32 55 22 47 19 47 47 45
45 11 18 34 28 47 35 47 4 14 29 7 11 29 8 23 23 21 7 44 11 33 29 10 18 46 0 36 10 11 10 36 9 16 27 10 14 43 11 13 23 34
25 7 4 0 6 15 23 6 24 8 10 19 40 24 29 25 37 30 36 7 37 16 11 14 18 30 21 0 17 51 27 26 36 28 32 43 16 24 12 20 37 31
45 13 37 22 21 35 33 34 18 29 34 8 7 27 13 47 17 10 13 48 5 50 43 13 19 38 11 35 0 9 8 53 32 10 52 21 16 32 16 40 18 45
44 40 32 37 41 55 46 30 5 25 33 17 7 20 14 30 18 7 3 49 8 40 30 23 30 41 16 47 16 0 26 24 21 23 25 11 25 50 45 29 28 64
39 25 18 32 30 37 37 16 24 30 17 12 9 37 27 37 5 10 17 17 14 26 26 32 14 27 16 35 8 25 0 58 34 5 23 28 14 13 26 23 47 36
40 25 25 25 25 30 31 52 13 21 46 21 39 4 13 2 33 42 25 43 62 34 24 23 21 22 13 28 21 31 49 0 8 55 3 9 31 25 36 14 12 49
68 33 19 23 40 50 41 30 11 15 56 13 28 14 2 13 51 19 19 36 26 22 23 25 27 28 9 45 13 12 33 10 0 19 10 4 21 44 18 2 4 61
26 14 28 45 16 23 38 35 17 26 43 18 17 40 37 48 8 10 17 39 11 72 51 44 12 69 29 36 6 16 5 58 25 0 41 47 26 27 25 26 29 25
61 41 40 19 53 27 64 30 30 34 56 37 31 1 13 2 45 38 43 61 56 30 12 11 17 17 21 23 45 44 52 3 14 60 0 7 32 35 30 15 12 81
32 15 53 23 30 24 63 33 14 28 62 33 32 11 8 12 52 34 30 30 32 32 20 35 27 55 20 42 31 22 42 7 4 47 13 0 33 29 35 3 3 81
35 6 20 17 12 12 22 22 25 4 17 10 23 15 25 36 23 29 13 27 41 34 12 8 9 16 10 13 13 29 23 42 19 18 16 28 0 24 12 14 33 24
17 12 22 10 19 47 6 9 49 24 18 11 16 45 52 66 11 23 28 24 40 43 42 21 13 53 19 14 33 42 15 52 45 23 36 24 21 0 20 38 55 10
63 16 19 11 18 9 48 34 21 6 13 26 31 12 24 32 38 38 26 22 37 23 9 4 19 15 16 12 25 33 21 33 25 42 24 14 10 30 0 29 27 59
30 38 49 26 31 18 66 39 17 16 24 31 23 10 6 7 32 38 15 51 46 30 24 20 23 43 19 42 33 26 38 14 1 23 15 5 16 29 19 0 4 30
81 16 35 28 48 46 52 56 23 13 56 30 30 13 9 4 65 33 15 26 28 48 14 21 36 42 22 31 45 15 49 12 4 41 6 4 30 40 33 4 0 67
0 36 26 39 26 57 3 12 34 37 40 21 31 61 31 66 36 49 23 14 47 35 70 23 23 34 31 27 30 45 23 50 54 44 66 85 32 9 22 73 65 0