7
40
,
0 (18.0, 27.0) 81.0
1 (6.0, 26.0) 64.0
2 (11.0, 28.0) 35.0
3 (10.0, 23.0) 74.0
4 (8.0, 43.0) 67.0
5 (3.0, 2.0) 35.0
6 (2.0, 21.0) 79.0
7 (44.0, 23.0) 47.0
8 (19.0, 32.0) 38.0
9 (4.0, 28.0) 49.0
10 (28.0, 17.0) 75.0
11 (39.0, 13.0) 41.0
12 (37.0, 47.0) 65.0
13 (39.0, 33.0) 77.0
14 (42.0, 45.0) 87.0
15 (25.0, 0.0) 40.0
16 (42.0, 5.0) 31.0
17 (44.0, 16.0) 67.0
18 (3.0, 26.0) 40.0
19 (38.0, 3.0) 74.0
20 (3.0, 48.0) 63.0
21 (23.0, 44.0) 35.0
22 (21.0, 34.0) 30.0
23 (22.0, 20.0) 38.0
24 (9.0, 50.0) 32.0
25 (37.0, 24.0) 39.0
26 (11.0, 28.0) 77.0
27 (33.0, 11.0) 76.0
28 (46.0, 15.0) 60.0
29 (28.0, 8.0) 31.0
30 (42.0, 48.0) 30.0
31 (41.0, 35.0) 67.0
32 (30.0, 4.0) 37.0
33 (38.0, 47.0) 52.0
34 (46.0, 37.0) 63.0
35 (23.0, 26.0) 36.0
36 (10.0, 10.0) 51.0
37 (19.0, 38.0) 81.0
38 (41.0, 37.0) 38.0
39 (44.0, 39.0) 84.0
,
0 16 13 15 13 22 2 11 25 19 14 16 21 30 26 31 12 21 23 13 19 24 25 20 15 25 22 15 17 24 15 32 27 15 30 30 17 7 21 28 29 0
16 0 6 4 4 9 15 9 13 3 7 7 13 14 11 15 14 16 14 8 16 13 9 4 4 12 10 4 11 15 11 16 12 13 14 15 3 9 6 13 14 16
13 6 0 3 2 9 12 3 19 7 1 12 18 19 17 20 16 21 20 2 20 11 12 8 9 12 16 3 15 21 14 21 18 16 19 21 8 8 9 18 20 13
15 4 3 0 3 8 14 6 17 4 4 10 16 16 14 18 16 19 18 4 18 11 10 6 7 11 13 0 14 19 13 18 15 15 17 18 6 9 6 16 17 15
13 4 2 3 0 10 11 4 17 6 4 9 15 18 15 19 14 18 17 4 17 13 12 8 6 14 14 3 13 18 12 20 17 14 18 19 7 6 9 17 19 13
22 9 9 8 10 0 21 11 21 8 8 16 22 15 16 17 23 25 22 9 25 4 8 8 13 4 17 8 20 24 20 17 17 22 15 19 11 17 6 17 18 22
2 15 12 14 11 21 0 10 23 17 13 15 19 28 24 29 11 20 22 12 18 23 23 18 13 24 20 14 16 22 13 30 25 14 29 28 16 5 20 26 28 2
11 9 3 6 4 11 10 0 21 10 4 13 19 22 19 23 16 22 21 3 20 14 16 12 10 15 18 6 16 22 15 24 21 16 22 23 11 7 12 21 23 11
25 13 19 17 17 21 23 21 0 13 20 9 6 12 6 11 15 9 4 21 10 24 15 13 11 22 4 17 8 4 11 13 6 12 12 7 11 18 15 7 8 25
19 3 7 4 6 8 17 10 13 0 8 9 14 12 10 13 16 18 15 9 17 11 6 1 6 10 10 4 13 16 13 14 11 15 12 14 4 12 3 11 13 19
14 7 1 4 4 8 13 4 20 8 0 13 19 19 18 21 18 22 21 1 21 10 12 9 10 11 17 4 17 22 16 21 19 18 19 21 10 9 9 19 21 14
16 7 12 10 9 16 15 13 9 9 13 0 6 16 10 16 9 9 8 13 9 20 14 9 3 19 6 10 4 9 4 17 11 7 16 13 5 10 11 12 14 16
21 13 18 16 15 22 19 19 6 14 19 6 0 17 10 16 10 4 3 19 5 25 17 14 9 24 6 16 3 4 6 18 11 6 17 12 10 15 16 12 13 21
30 14 19 16 18 15 28 22 12 12 19 16 17 0 7 3 24 21 16 20 22 17 7 10 15 14 12 16 18 17 20 3 6 22 0 7 13 23 10 5 5 30
26 11 17 14 15 16 24 19 6 10 18 10 10 7 0 6 18 14 9 18 15 20 10 9 11 17 5 14 11 10 14 8 1 15 7 4 9 19 10 2 4 26
31 15 20 18 19 17 29 23 11 13 21 16 16 3 6 0 24 20 15 22 21 20 10 12 16 17 11 18 18 15 20 2 5 21 2 4 13 24 12 4 3 31
12 14 16 16 14 23 11 16 15 16 18 9 10 24 18 24 0 9 12 17 7 26 22 17 10 26 13 16 7 13 4 25 19 3 24 21 13 9 19 20 22 12
21 16 21 19 18 25 20 22 9 18 22 9 4 21 14 20 9 0 6 22 2 29 22 18 12 28 10 19 5 5 7 22 15 6 21 16 14 16 20 16 17 21
23 14 20 18 17 22 22 21 4 15 21 8 3 16 9 15 12 6 0 21 7 26 18 15 11 24 5 18 6 1 9 16 10 9 16 11 12 17 17 11 12 23
13 8 2 4 4 9 12 3 21 9 1 13 19 20 18 22 17 22 21 0 21 11 13 10 10 12 17 4 17 22 15 22 20 17 20 22 10 9 10 20 22 13
19 16 20 18 17 25 18 20 10 17 21 9 5 22 15 21 7 2 7 21 0 29 22 18 12 28 11 18 5 7 6 23 16 4 22 17 14 14 20 17 18 19
24 13 11 11 13 4 23 14 24 11 10 20 25 17 20 20 26 29 26 11 29 0 10 11 17 3 21 11 24 27 24 20 20 26 18 22 15 19 9 20 21 24
25 9 12 10 12 8 23 16 15 6 12 14 17 7 10 10 22 22 18 13 22 10 0 5 12 8 12 10 17 19 18 10 10 20 8 12 9 18 4 10 11 25
20 4 8 6 8 8 18 12 13 1 9 9 14 10 9 12 17 18 15 10 18 11 5 0 7 10 9 6 13 16 13 13 10 16 11 13 4 13 2 10 12 20
15 4 9 7 6 13 13 10 11 6 10 3 9 15 11 16 10 12 11 10 12 17 12 7 0 16 8 7 7 12 7 17 12 9 16 15 3 8 9 13 15 15
25 12 12 11 14 4 24 15 22 10 11 19 24 14 17 17 26 28 24 12 28 3 8 10 16 0 19 11 23 25 23 17 18 25 15 20 14 20 8 17 18 25
22 10 16 13 14 17 20 18 4 10 17 6 6 12 5 11 13 10 5 17 11 21 12 9 8 19 0 13 7 6 9 12 6 11 12 8 7 15 11 7 8 22
15 4 3 0 3 8 14 6 17 4 4 10 16 16 14 18 16 19 18 4 18 11 10 6 7 11 13 0 14 19 13 18 15 15 17 18 6 9 6 16 17 15
17 11 15 14 13 20 16 16 8 13 17 4 3 18 11 18 7 5 6 17 5 24 17 13 7 23 7 14 0 7 3 19 13 4 18 15 9 12 15 14 15 17
24 15 21 19 18 24 22 22 4 16 22 9 4 17 10 15 13 5 1 22 7 27 19 16 12 25 6 19 7 0 10 17 10 10 16 11 13 18 18 11 12 24
15 11 14 13 12 20 13 15 11 13 16 4 6 20 14 20 4 7 9 15 6 24 18 13 7 23 9 13 3 10 0 21 15 2 20 17 9 9 16 16 17 15
32 16 21 18 20 17 30 24 13 14 21 17 18 3 8 2 25 22 16 22 23 20 10 13 17 17 12 18 19 17 21 0 7 23 2 6 15 25 13 6 5 32
27 12 18 15 17 17 25 21 6 11 19 11 11 6 1 5 19 15 10 20 16 20 10 10 12 18 6 15 13 10 15 7 0 16 6 3 10 20 11 1 2 27
15 13 16 15 14 22 14 16 12 15 18 7 6 22 15 21 3 6 9 17 4 26 20 16 9 25 11 15 4 10 2 23 16 0 22 18 12 10 18 17 19 15
30 14 19 17 18 15 29 22 12 12 19 16 17 0 7 2 24 21 16 20 22 18 8 11 16 15 12 17 18 16 20 2 6 22 0 6 13 23 11 5 5 30
30 15 21 18 19 19 28 23 7 14 21 13 12 7 4 4 21 16 11 22 17 22 12 13 15 20 8 18 15 11 17 6 3 18 6 0 13 22 14 2 1 30
17 3 8 6 7 11 16 11 11 4 10 5 10 13 9 13 13 14 12 10 14 15 9 4 3 14 7 6 9 13 9 15 10 12 13 13 0 10 6 11 12 17
7 9 8 9 6 17 5 7 18 12 9 10 15 23 19 24 9 16 17 9 14 19 18 13 8 20 15 9 12 18 9 25 20 10 23 22 10 0 15 21 22 7
21 6 9 6 9 6 20 12 15 3 9 11 16 10 10 12 19 20 17 10 20 9 4 2 9 8 11 6 15 18 16 13 11 18 11 14 6 15 0 11 13 21
28 13 18 16 17 17 26 21 7 11 19 12 12 5 2 4 20 16 11 20 17 20 10 10 13 17 7 16 14 11 16 6 1 17 5 2 11 21 11 0 2 28
29 14 20 17 19 18 28 23 8 13 21 14 13 5 4 3 22 17 12 22 18 21 11 12 15 18 8 17 15 12 17 5 2 19 5 1 12 22 13 2 0 29
0 16 13 15 13 22 2 11 25 19 14 16 21 30 26 31 12 21 23 13 19 24 25 20 15 25 22 15 17 24 15 32 27 15 30 30 17 7 21 28 29 0
,
0 42 16 40 20 49 4 17 46 43 38 21 30 34 44 35 23 22 53 38 33 71 70 39 29 73 64 19 51 40 23 67 64 29 63 83 36 20 60 71 41 0
36 0 17 5 9 12 44 11 32 8 19 13 17 17 15 27 29 28 34 14 17 14 22 10 8 22 21 4 19 21 22 25 24 17 33 21 6 21 14 32 24 41
21 13 0 4 4 19 31 7 32 17 2 13 22 30 34 41 16 54 24 2 51 26 14 16 20 23 36 7 30 29 26 56 47 47 26 41 10 10 26 25 26 28
45 4 7 0 3 12 33 17 42 6 8 22 36 27 31 37 29 21 37 9 47 31 12 15 9 22 16 0 15 21 28 45 24 32 45 49 8 15 9 40 50 31
27 13 7 4 0 17 16 12 38 14 8 20 37 45 40 26 30 35 45 5 49 33 17 18 10 23 40 3 33 54 14 35 33 31 31 41 18 19 12 21 45 18
61 16 16 18 20 0 51 22 24 10 9 31 65 16 22 41 39 76 33 22 63 5 9 14 28 9 46 21 24 65 38 43 37 48 18 42 20 31 13 35 19 58
2 22 35 14 22 42 0 20 62 47 32 23 51 40 63 54 31 58 56 22 40 59 59 40 31 50 36 33 22 30 30 80 47 29 61 48 27 13 20 68 53 2
16 15 8 17 11 18 28 0 40 13 6 36 53 58 23 70 45 40 29 4 46 27 44 23 30 39 33 15 44 43 18 55 45 24 23 61 19 18 16 45 61 26
74 17 42 42 18 45 34 26 0 23 41 20 6 27 7 12 35 15 5 32 30 65 39 19 20 24 5 26 16 10 27 30 10 34 27 13 24 54 39 10 13 56
23 3 17 6 15 20 37 12 25 0 22 12 26 15 13 30 33 30 24 21 18 20 17 4 14 29 10 5 16 39 16 31 31 41 30 18 5 33 6 28 27 48
18 18 4 8 6 14 15 7 59 12 0 28 45 54 30 48 29 63 47 2 25 23 28 16 22 13 30 5 38 28 42 44 21 44 42 55 11 18 26 50 58 34
39 9 26 25 15 29 23 26 9 12 27 0 7 34 18 31 24 25 11 27 24 48 36 19 5 40 11 21 6 17 12 42 22 18 20 22 15 23 23 22 34 41
50 25 24 20 26 46 31 31 15 32 23 9 0 47 13 27 11 8 7 37 12 33 37 25 13 52 15 24 4 8 11 39 26 14 42 18 22 22 17 26 17 50
81 28 40 20 48 30 79 53 36 29 35 20 33 0 15 3 48 37 36 37 49 18 13 21 34 38 22 39 35 33 42 3 7 53 1 7 23 46 29 15 14 88
54 17 36 23 31 24 61 23 15 16 34 12 16 13 0 12 39 22 19 48 17 31 20 16 23 19 6 25 31 25 34 23 2 34 9 7 19 36 13 6 10 42
88 33 28 37 39 44 78 56 30 26 29 20 42 6 12 0 53 35 25 32 33 58 24 21 46 17 27 51 29 17 57 4 6 35 5 11 27 29 24 10 5 82
32 33 17 37 15 44 30 40 22 36 35 15 23 61 51 36 0 22 35 42 20 63 23 24 13 28 33 16 18 34 11 47 50 4 36 37 31 25 40 52 50 19
34 26 30 56 44 63 33 35 15 34 66 14 8 29 21 59 9 0 10 61 5 72 34 46 26 37 19 56 11 7 21 24 32 8 51 40 33 26 58 23 34 61
27 29 21 46 36 38 39 62 6 24 63 24 6 25 19 40 25 13 0 38 12 77 48 39 33 49 8 25 9 2 11 30 13 25 39 12 26 18 28 14 18 65
28 17 3 7 5 18 28 7 60 25 2 29 48 24 36 48 34 57 32 0 23 18 15 24 20 29 21 6 18 41 26 46 40 45 51 30 23 17 27 57 45 37
26 32 55 30 25 60 23 22 12 30 32 23 10 59 36 30 17 2 21 57 0 29 24 25 19 55 25 30 11 14 9 44 29 12 60 37 38 25 21 29 54 28
47 34 24 16 37 5 25 28 26 33 22 57 28 46 52 51 46 37 60 21 55 0 28 26 46 5 56 26 41 39 43 47 37 41 30 27 29 30 14 21 44 63
71 26 31 23 15 10 50 20 28 15 23 33 26 8 10 18 59 25 52 31 42 25 0 10 24 12 29 21 45 19 19 12 12 59 16 25 17 35 8 26 20 30
51 6 17 8 13 13 46 21 33 3 18 23 41 16 23 18 26 39 17 13 28 14 7 0 14 15 28 16 17 41 15 15 22 42 28 37 10 30 4 26 19 36
25 7 23 16 12 28 30 28 32 13 13 4 24 34 29 44 16 19 26 12 22 18 21 12 0 46 19 9 21 16 17 33 31 13 45 16 8 20 17 29 39 28
47 18 25 31 33 4 59 20 56 26 20 37 65 28 37 19 53 77 54 33 36 9 18 19 44 0 32 23 30 40 44 21 48 63 34 54 36 22 19 40 26 46
41 13 21 38 15 49 48 28 7 28 48 12 14 31 14 31 18 25 15 45 16 61 16 12 16 50 0 22 15 18 22 19 8 26 20 14 10 41 33 16 17 34
26 4 4 0 6 11 35 12 32 13 7 15 33 32 26 47 37 20 38 4 53 30 21 13 12 16 19 0 31 54 15 34 41 35 47 31 17 17 15 21 32 24
37 23 30 21 28 29 38 38 13 22 32 11 9 40 22 27 19 16 16 45 10 42 40 32 18 29 20 41 0 13 6 31 25 11 24 33 19 28 32 38 21 49
28 22 56 36 41 30 43 43 8 41 45 22 4 30 25 39 21 6 2 49 19 80 53 20 20 34 11 21 13 0 11 21 14 23 24 20 24 36 32 18 28 71
23 29 37 25 23 38 17 39 19 28 38 6 15 30 26 56 6 12 27 40 11 26 21 16 9 23 27 31 6 15 0 36 25 2 29 38 16 16 24 17 25 43
81 28 22 42 60 21 87 31 22 28 30 37 36 3 20 3 36 45 21 58 45 40 20 20 37 32 27 50 46 32 59 0 16 30 5 7 34 69 18 11 8 70
34 17 22 44 19 23 51 35 7 28 56 19 26 9 3 6 47 21 14 20 33 37 18 22 16 19 8 16 36 25 39 17 0 31 18 8 23 23 16 2 3 72
36 17 37 30 26 31 21 30 24 42 44 8 16 43 29 28 3 9 12 33 7 30 53 23 15 39 14 46 7 26 6 38 32 0 30 51 13 14 36 47 34 19
73 28 29 32 24 37 34 31 30 26 32 33 44 1 12 4 49 59 35 56 36 19 21 21 37 28 21 41 54 38 33 4 18 41 0 16 32 37 23 8 9 81
70 43 55 34 57 27 33 54 17 18 35 20 18 9 10 11 54 29 26 47 33 58 22 30 20 31 11 32 27 26 34 6 6 33 7 0 36 33 30 7 2 76
21 4 20 6 10 27 18 18 27 10 10 15 15 14 15 35 24 27 17 24 35 32 26 11 9 30 11 10 19 36 17 31 25 19 34 30 0 25 18 14 34 47
11 16 14 15 7 21 12 10 25 32 23 22 26 59 38 64 26 45 30 12 38 27 39 20 12 54 20 23 15 44 17 34 49 23 37 47 18 0 25 49 31 20
43 13 10 13 11 15 25 27 30 5 15 15 32 28 23 34 55 31 47 24 38 19 8 2 10 23 17 17 43 41 21 20 26 45 17 40 18 26 0 31 17 59
59 33 21 17 37 48 27 26 18 12 32 36 12 9 3 10 55 20 29 22 50 42 19 13 13 36 18 39 39 15 16 13 2 37 7 5 14 53 14 0 5 63
31 32 32 49 50 24 75 31 17 15 41 26 15 6 9 5 40 34 23 57 38 42 29 25 39 46 20 38 19 32 26 13 5 53 11 2 17 38 33 4 0 39
0 34 34 45 29 40 4 30 63 42 21 45 34 83 51 81 13 52 26 19 52 29 44 56 24 32 36 41 36 55 33 90 67 33 64 33 41 8 34 32 87 0