7
40
,
0 (18.0, 27.0) 70.0
1 (6.0, 26.0) 30.0
2 (11.0, 28.0) 51.0
3 (10.0, 23.0) 34.0
4 (8.0, 43.0) 49.0
5 (3.0, 2.0) 38.0
6 (2.0, 21.0) 38.0
7 (44.0, 23.0) 77.0
8 (19.0, 32.0) 48.0
9 (4.0, 28.0) 82.0
10 (28.0, 17.0) 53.0
11 (39.0, 13.0) 77.0
12 (37.0, 47.0) 77.0
13 (39.0, 33.0) 44.0
14 (42.0, 45.0) 71.0
15 (25.0, 0.0) 84.0
16 (42.0, 5.0) 50.0
17 (44.0, 16.0) 81.0
18 (3.0, 26.0) 75.0
19 (38.0, 3.0) 85.0
20 (3.0, 48.0) 71.0
21 (23.0, 44.0) 79.0
22 (21.0, 34.0) 50.0
23 (22.0, 20.0) 39.0
24 (9.0, 50.0) 41.0
25 (37.0, 24.0) 35.0
26 (11.0, 28.0) 81.0
27 (33.0, 11.0) 61.0
28 (46.0, 15.0) 76.0
29 (28.0, 8.0) 41.0
30 (42.0, 48.0) 55.0
31 (41.0, 35.0) 34.0
32 (30.0, 4.0) 56.0
33 (38.0, 47.0) 35.0
34 (46.0, 37.0) 36.0
35 (23.0, 26.0) 36.0
36 (10.0, 10.0) 33.0
37 (19.0, 38.0) 54.0
38 (41.0, 37.0) 37.0
39 (44.0, 39.0) 89.0
,
0 16 13 15 13 22 2 11 25 19 14 16 21 30 26 31 12 21 23 13 19 24 25 20 15 25 22 15 17 24 15 32 27 15 30 30 17 7 21 28 29 0
16 0 6 4 4 9 15 9 13 3 7 7 13 14 11 15 14 16 14 8 16 13 9 4 4 12 10 4 11 15 11 16 12 13 14 15 3 9 6 13 14 16
13 6 0 3 2 9 12 3 19 7 1 12 18 19 17 20 16 21 20 2 20 11 12 8 9 12 16 3 15 21 14 21 18 16 19 21 8 8 9 18 20 13
15 4 3 0 3 8 14 6 17 4 4 10 16 16 14 18 16 19 18 4 18 11 10 6 7 11 13 0 14 19 13 18 15 15 17 18 6 9 6 16 17 15
13 4 2 3 0 10 11 4 17 6 4 9 15 18 15 19 14 18 17 4 17 13 12 8 6 14 14 3 13 18 12 20 17 14 18 19 7 6 9 17 19 13
22 9 9 8 10 0 21 11 21 8 8 16 22 15 16 17 23 25 22 9 25 4 8 8 13 4 17 8 20 24 20 17 17 22 15 19 11 17 6 17 18 22
2 15 12 14 11 21 0 10 23 17 13 15 19 28 24 29 11 20 22 12 18 23 23 18 13 24 20 14 16 22 13 30 25 14 29 28 16 5 20 26 28 2
11 9 3 6 4 11 10 0 21 10 4 13 19 22 19 23 16 22 21 3 20 14 16 12 10 15 18 6 16 22 15 24 21 16 22 23 11 7 12 21 23 11
25 13 19 17 17 21 23 21 0 13 20 9 6 12 6 11 15 9 4 21 10 24 15 13 11 22 4 17 8 4 11 13 6 12 12 7 11 18 15 7 8 25
19 3 7 4 6 8 17 10 13 0 8 9 14 12 10 13 16 18 15 9 17 11 6 1 6 10 10 4 13 16 13 14 11 15 12 14 4 12 3 11 13 19
14 7 1 4 4 8 13 4 20 8 0 13 19 19 18 21 18 22 21 1 21 10 12 9 10 11 17 4 17 22 16 21 19 18 19 21 10 9 9 19 21 14
16 7 12 10 9 16 15 13 9 9 13 0 6 16 10 16 9 9 8 13 9 20 14 9 3 19 6 10 4 9 4 17 11 7 16 13 5 10 11 12 14 16
21 13 18 16 15 22 19 19 6 14 19 6 0 17 10 16 10 4 3 19 5 25 17 14 9 24 6 16 3 4 6 18 11 6 17 12 10 15 16 12 13 21
30 14 19 16 18 15 28 22 12 12 19 16 17 0 7 3 24 21 16 20 22 17 7 10 15 14 12 16 18 17 20 3 6 22 0 7 13 23 10 5 5 30
26 11 17 14 15 16 24 19 6 10 18 10 10 7 0 6 18 14 9 18 15 20 10 9 11 17 5 14 11 10 14 8 1 15 7 4 9 19 10 2 4 26
31 15 20 18 19 17 29 23 11 13 21 16 16 3 6 0 24 20 15 22 21 20 10 12 16 17 11 18 18 15 20 2 5 21 2 4 13 24 12 4 3 31
12 14 16 16 14 23 11 16 15 16 18 9 10 24 18 24 0 9 12 17 7 26 22 17 10 26 13 16 7 13 4 25 19 3 24 21 13 9 19 20 22 12
21 16 21 19 18 25 20 22 9 18 22 9 4 21 14 20 9 0 6 22 2 29 22 18 12 28 10 19 5 5 7 22 15 6 21 16 14 16 20 16 17 21
23 14 20 18 17 22 22 21 4 15 21 8 3 16 9 15 12 6 0 21 7 26 18 15 11 24 5 18 6 1 9 16 10 9 16 11 12 17 17 11 12 23
13 8 2 4 4 9 12 3 21 9 1 13 19 20 18 22 17 22 21 0 21 11 13 10 10 12 17 4 17 22 15 22 20 17 20 22 10 9 10 20 22 13
19 16 20 18 17 25 18 20 10 17 21 9 5 22 15 21 7 2 7 21 0 29 22 18 12 28 11 18 5 7 6 23 16 4 22 17 14 14 20 17 18 19
24 13 11 11 13 4 23 14 24 11 10 20 25 17 20 20 26 29 26 11 29 0 10 11 17 3 21 11 24 27 24 20 20 26 18 22 15 19 9 20 21 24
25 9 12 10 12 8 23 16 15 6 12 14 17 7 10 10 22 22 18 13 22 10 0 5 12 8 12 10 17 19 18 10 10 20 8 12 9 18 4 10 11 25
20 4 8 6 8 8 18 12 13 1 9 9 14 10 9 12 17 18 15 10 18 11 5 0 7 10 9 6 13 16 13 13 10 16 11 13 4 13 2 10 12 20
15 4 9 7 6 13 13 10 11 6 10 3 9 15 11 16 10 12 11 10 12 17 12 7 0 16 8 7 7 12 7 17 12 9 16 15 3 8 9 13 15 15
25 12 12 11 14 4 24 15 22 10 11 19 24 14 17 17 26 28 24 12 28 3 8 10 16 0 19 11 23 25 23 17 18 25 15 20 14 20 8 17 18 25
22 10 16 13 14 17 20 18 4 10 17 6 6 12 5 11 13 10 5 17 11 21 12 9 8 19 0 13 7 6 9 12 6 11 12 8 7 15 11 7 8 22
15 4 3 0 3 8 14 6 17 4 4 10 16 16 14 18 16 19 18 4 18 11 10 6 7 11 13 0 14 19 13 18 15 15 17 18 6 9 6 16 17 15
17 11 15 14 13 20 16 16 8 13 17 4 3 18 11 18 7 5 6 17 5 24 17 13 7 23 7 14 0 7 3 19 13 4 18 15 9 12 15 14 15 17
24 15 21 19 18 24 22 22 4 16 22 9 4 17 10 15 13 5 1 22 7 27 19 16 12 25 6 19 7 0 10 17 10 10 16 11 13 18 18 11 12 24
15 11 14 13 12 20 13 15 11 13 16 4 6 20 14 20 4 7 9 15 6 24 18 13 7 23 9 13 3 10 0 21 15 2 20 17 9 9 16 16 17 15
32 16 21 18 20 17 30 24 13 14 21 17 18 3 8 2 25 22 16 22 23 20 10 13 17 17 12 18 19 17 21 0 7 23 2 6 15 25 13 6 5 32
27 12 18 15 17 17 25 21 6 11 19 11 11 6 1 5 19 15 10 20 16 20 10 10 12 18 6 15 13 10 15 7 0 16 6 3 10 20 11 1 2 27
15 13 16 15 14 22 14 16 12 15 18 7 6 22 15 21 3 6 9 17 4 26 20 16 9 25 11 15 4 10 2 23 16 0 22 18 12 10 18 17 19 15
30 14 19 17 18 15 29 22 12 12 19 16 17 0 7 2 24 21 16 20 22 18 8 11 16 15 12 17 18 16 20 2 6 22 0 6 13 23 11 5 5 30
30 15 21 18 19 19 28 23 7 14 21 13 12 7 4 4 21 16 11 22 17 22 12 13 15 20 8 18 15 11 17 6 3 18 6 0 13 22 14 2 1 30
17 3 8 6 7 11 16 11 11 4 10 5 10 13 9 13 13 14 12 10 14 15 9 4 3 14 7 6 9 13 9 15 10 12 13 13 0 10 6 11 12 17
7 9 8 9 6 17 5 7 18 12 9 10 15 23 19 24 9 16 17 9 14 19 18 13 8 20 15 9 12 18 9 25 20 10 23 22 10 0 15 21 22 7
21 6 9 6 9 6 20 12 15 3 9 11 16 10 10 12 19 20 17 10 20 9 4 2 9 8 11 6 15 18 16 13 11 18 11 14 6 15 0 11 13 21
28 13 18 16 17 17 26 21 7 11 19 12 12 5 2 4 20 16 11 20 17 20 10 10 13 17 7 16 14 11 16 6 1 17 5 2 11 21 11 0 2 28
29 14 20 17 19 18 28 23 8 13 21 14 13 5 4 3 22 17 12 22 18 21 11 12 15 18 8 17 15 12 17 5 2 19 5 1 12 22 13 2 0 29
0 16 13 15 13 22 2 11 25 19 14 16 21 30 26 31 12 21 23 13 19 24 25 20 15 25 22 15 17 24 15 32 27 15 30 30 17 7 21 28 29 0
,
0 36 27 24 15 44 5 22 48 51 23 31 33 71 43 48 21 33 25 19 38 71 31 37 25 32 31 30 37 25 38 86 61 36 61 75 42 13 39 65 42 0
48 0 11 5 8 25 24 13 37 6 17 21 37 18 30 16 25 39 29 15 45 37 18 7 10 26 11 5 23 20 11 36 30 20 17 31 5 21 16 23 23 25
15 9 0 6 4 12 34 4 30 11 2 23 25 19 30 34 43 34 29 4 30 27 27 22 17 31 27 3 33 36 31 26 26 44 34 35 24 15 26 39 46 17
38 8 5 0 5 22 28 14 23 13 9 17 31 46 25 26 16 38 40 6 43 22 13 7 13 33 16 0 26 22 31 30 28 16 23 21 6 19 11 18 47 20
26 7 7 3 0 11 18 7 46 14 4 25 40 27 22 55 38 28 20 10 32 17 33 17 8 36 14 7 27 49 16 51 39 33 21 39 18 12 21 24 45 23
27 27 11 16 22 0 27 13 30 9 16 36 32 31 27 29 27 39 36 10 32 7 22 10 29 9 20 21 47 70 47 29 45 47 16 38 21 37 17 27 50 30
3 30 29 41 28 52 0 21 55 38 13 42 26 83 27 51 25 43 37 13 22 32 40 48 30 51 42 21 32 39 37 47 55 35 38 59 19 13 40 69 47 5
11 20 8 14 10 12 18 0 29 25 7 29 22 37 35 56 24 50 59 6 51 26 28 30 28 38 35 9 35 58 16 71 47 25 36 65 26 10 27 39 37 28
51 34 35 31 42 39 69 38 0 23 48 19 10 31 16 11 19 24 10 55 24 61 29 36 13 30 5 43 11 11 18 33 6 23 25 19 21 24 18 11 21 31
40 6 17 7 13 15 38 28 29 0 9 11 33 24 21 29 31 25 26 22 30 31 7 2 9 26 20 11 17 26 19 15 27 38 24 36 5 25 5 20 29 36
26 20 2 7 11 19 14 7 36 18 0 30 54 55 26 55 32 31 38 2 61 22 26 14 10 33 24 5 48 50 18 37 52 40 38 23 13 13 18 25 45 25
48 9 18 25 10 39 17 21 9 16 24 0 6 24 26 42 21 15 19 30 13 46 17 16 7 27 14 27 9 20 5 33 20 9 43 26 6 24 23 27 18 17
36 16 32 33 21 55 21 52 13 23 23 9 0 42 13 40 21 12 3 57 11 28 34 33 12 24 11 29 5 10 15 23 31 10 46 17 12 42 28 18 35 42
69 41 54 39 30 35 37 60 30 12 33 37 40 0 9 8 28 41 29 51 57 47 19 24 30 35 20 20 53 46 42 4 9 31 1 19 16 37 15 15 7 78
37 23 50 23 31 32 28 24 10 30 34 15 17 14 0 10 26 41 19 22 19 31 28 14 17 51 6 25 12 24 20 11 2 22 17 8 11 26 28 3 9 57
80 24 51 36 26 42 38 39 13 28 40 40 37 7 7 0 41 51 19 27 35 53 18 29 25 33 11 45 27 17 43 3 12 40 3 6 32 51 35 6 9 91
29 18 40 40 33 47 27 42 29 26 46 15 28 70 23 39 0 19 26 45 15 37 49 47 30 51 33 41 17 26 9 42 48 9 53 27 34 16 36 39 51 37
59 42 56 24 21 61 59 62 21 30 30 20 7 51 33 49 23 0 14 31 3 51 32 21 31 39 14 19 7 10 9 31 26 12 41 47 42 18 38 35 17 45
62 29 28 47 49 55 62 33 4 39 54 17 4 40 26 41 31 12 0 23 13 56 48 30 29 72 10 25 14 2 19 24 24 22 38 27 27 51 28 11 25 37
18 13 4 5 6 20 34 3 33 22 3 26 42 53 37 54 34 50 54 0 35 28 31 14 27 26 35 7 25 29 17 41 55 40 52 58 23 25 28 50 59 15
27 16 46 34 39 55 40 40 16 22 45 23 12 55 21 60 9 4 14 25 0 41 43 43 33 51 18 27 13 16 7 60 43 9 34 43 33 31 53 34 30 44
49 36 23 28 38 5 38 35 49 17 30 31 32 26 30 21 66 75 70 23 85 0 13 17 42 5 41 27 41 53 35 39 27 47 34 64 16 40 26 40 53 42
60 10 21 10 33 12 66 45 25 18 30 22 50 18 20 27 63 48 35 15 41 12 0 6 23 17 20 30 30 34 22 28 28 39 23 13 25 27 4 25 22 52
35 4 23 12 20 12 26 30 32 4 24 25 38 12 10 22 48 44 42 22 40 25 12 0 7 24 10 7 21 39 21 14 10 47 25 33 7 18 4 17 26 39
23 8 19 14 9 20 30 26 14 9 15 10 16 21 26 44 28 33 28 20 18 46 19 15 0 26 23 19 20 33 12 20 28 15 45 23 6 23 22 21 21 29
64 27 19 12 20 4 49 44 55 27 15 20 53 26 33 36 31 83 40 31 33 6 14 14 45 0 55 29 47 36 59 28 34 75 32 51 35 58 20 48 30 59
51 22 35 18 31 34 22 41 7 20 46 12 8 33 7 23 33 12 16 39 27 59 29 18 17 46 0 24 12 11 25 31 11 13 24 14 14 25 15 15 12 50
16 8 4 0 5 15 40 11 32 11 10 27 21 29 20 34 30 56 38 8 18 25 20 10 12 23 22 0 21 23 27 34 16 31 31 23 16 21 11 43 25 35
19 23 21 17 18 55 20 41 21 30 21 4 6 23 23 25 9 10 16 46 10 60 31 30 17 50 9 41 0 15 6 32 14 10 41 42 13 23 29 41 16 31
71 40 51 27 34 32 66 36 8 28 25 26 11 50 26 42 26 11 2 65 12 80 43 33 23 33 14 47 17 0 15 35 27 17 30 13 14 32 33 17 34 71
24 13 20 38 28 31 29 40 23 32 26 7 10 50 26 51 12 19 11 33 11 35 46 31 14 61 12 21 4 19 0 27 33 6 49 35 13 10 43 19 32 37
60 34 63 50 51 30 30 66 24 36 24 32 34 4 13 3 43 54 31 24 29 31 23 21 27 31 12 31 54 37 28 0 14 55 5 10 36 72 35 9 9 51
50 24 30 18 42 34 41 55 18 21 25 33 20 9 3 11 54 30 18 53 43 27 23 28 35 25 10 19 27 11 38 8 0 47 12 6 12 59 28 1 6 54
19 33 40 22 16 23 25 24 31 32 21 8 11 35 25 38 8 12 26 20 5 65 29 44 20 68 18 38 10 13 3 64 35 0 63 51 14 24 28 35 30 36
33 36 27 41 21 24 78 37 16 16 42 25 37 1 13 6 71 52 21 43 32 21 19 13 37 16 30 43 27 49 40 5 16 23 0 9 18 25 15 13 6 82
36 37 60 27 22 31 78 25 8 27 28 23 26 12 12 9 29 31 23 66 24 49 32 27 32 57 19 24 33 12 32 12 8 42 19 0 19 56 25 4 3 44
20 7 19 6 12 30 35 31 26 4 27 7 15 15 16 27 16 33 32 28 31 19 21 9 3 30 10 7 19 33 13 24 27 28 27 17 0 25 14 12 22 48
18 28 11 14 16 36 12 20 20 15 24 15 36 32 36 47 16 37 39 17 27 46 30 24 15 31 19 17 16 25 23 67 40 14 50 55 31 0 36 45 38 13
28 15 26 18 13 7 48 15 35 4 15 33 29 13 26 24 28 55 27 11 31 20 5 4 12 9 26 17 33 49 44 35 21 52 11 40 11 30 0 13 30 28
81 21 20 46 51 17 60 41 9 15 34 25 22 15 5 8 58 30 29 26 36 33 27 13 29 18 18 30 20 15 43 14 2 50 16 6 20 42 17 0 2 62
61 38 27 44 53 50 56 28 21 17 49 28 31 8 10 6 28 38 19 37 37 59 13 17 29 24 21 33 39 20 44 7 4 23 10 2 16 38 30 4 0 41
0 24 22 30 30 32 5 15 57 22 32 24 50 83 41 77 18 25 32 23 20 45 50 43 25 76 24 32 21 65 38 57 31 43 65 60 51 14 44 65 52 0