7
40
,
0 (18.0, 27.0) 52.0
1 (6.0, 26.0) 62.0
2 (11.0, 28.0) 40.0
3 (10.0, 23.0) 40.0
4 (8.0, 43.0) 39.0
5 (3.0, 2.0) 35.0
6 (2.0, 21.0) 73.0
7 (44.0, 23.0) 67.0
8 (19.0, 32.0) 41.0
9 (4.0, 28.0) 81.0
10 (28.0, 17.0) 32.0
11 (39.0, 13.0) 64.0
12 (37.0, 47.0) 40.0
13 (39.0, 33.0) 66.0
14 (42.0, 45.0) 55.0
15 (25.0, 0.0) 40.0
16 (42.0, 5.0) 68.0
17 (44.0, 16.0) 36.0
18 (3.0, 26.0) 31.0
19 (38.0, 3.0) 32.0
20 (3.0, 48.0) 41.0
21 (23.0, 44.0) 66.0
22 (21.0, 34.0) 32.0
23 (22.0, 20.0) 43.0
24 (9.0, 50.0) 58.0
25 (37.0, 24.0) 62.0
26 (11.0, 28.0) 35.0
27 (33.0, 11.0) 81.0
28 (46.0, 15.0) 32.0
29 (28.0, 8.0) 31.0
30 (42.0, 48.0) 47.0
31 (41.0, 35.0) 33.0
32 (30.0, 4.0) 37.0
33 (38.0, 47.0) 42.0
34 (46.0, 37.0) 55.0
35 (23.0, 26.0) 32.0
36 (10.0, 10.0) 75.0
37 (19.0, 38.0) 40.0
38 (41.0, 37.0) 39.0
39 (44.0, 39.0) 60.0
,
0 16 13 15 13 22 2 11 25 19 14 16 21 30 26 31 12 21 23 13 19 24 25 20 15 25 22 15 17 24 15 32 27 15 30 30 17 7 21 28 29 0
16 0 6 4 4 9 15 9 13 3 7 7 13 14 11 15 14 16 14 8 16 13 9 4 4 12 10 4 11 15 11 16 12 13 14 15 3 9 6 13 14 16
13 6 0 3 2 9 12 3 19 7 1 12 18 19 17 20 16 21 20 2 20 11 12 8 9 12 16 3 15 21 14 21 18 16 19 21 8 8 9 18 20 13
15 4 3 0 3 8 14 6 17 4 4 10 16 16 14 18 16 19 18 4 18 11 10 6 7 11 13 0 14 19 13 18 15 15 17 18 6 9 6 16 17 15
13 4 2 3 0 10 11 4 17 6 4 9 15 18 15 19 14 18 17 4 17 13 12 8 6 14 14 3 13 18 12 20 17 14 18 19 7 6 9 17 19 13
22 9 9 8 10 0 21 11 21 8 8 16 22 15 16 17 23 25 22 9 25 4 8 8 13 4 17 8 20 24 20 17 17 22 15 19 11 17 6 17 18 22
2 15 12 14 11 21 0 10 23 17 13 15 19 28 24 29 11 20 22 12 18 23 23 18 13 24 20 14 16 22 13 30 25 14 29 28 16 5 20 26 28 2
11 9 3 6 4 11 10 0 21 10 4 13 19 22 19 23 16 22 21 3 20 14 16 12 10 15 18 6 16 22 15 24 21 16 22 23 11 7 12 21 23 11
25 13 19 17 17 21 23 21 0 13 20 9 6 12 6 11 15 9 4 21 10 24 15 13 11 22 4 17 8 4 11 13 6 12 12 7 11 18 15 7 8 25
19 3 7 4 6 8 17 10 13 0 8 9 14 12 10 13 16 18 15 9 17 11 6 1 6 10 10 4 13 16 13 14 11 15 12 14 4 12 3 11 13 19
14 7 1 4 4 8 13 4 20 8 0 13 19 19 18 21 18 22 21 1 21 10 12 9 10 11 17 4 17 22 16 21 19 18 19 21 10 9 9 19 21 14
16 7 12 10 9 16 15 13 9 9 13 0 6 16 10 16 9 9 8 13 9 20 14 9 3 19 6 10 4 9 4 17 11 7 16 13 5 10 11 12 14 16
21 13 18 16 15 22 19 19 6 14 19 6 0 17 10 16 10 4 3 19 5 25 17 14 9 24 6 16 3 4 6 18 11 6 17 12 10 15 16 12 13 21
30 14 19 16 18 15 28 22 12 12 19 16 17 0 7 3 24 21 16 20 22 17 7 10 15 14 12 16 18 17 20 3 6 22 0 7 13 23 10 5 5 30
26 11 17 14 15 16 24 19 6 10 18 10 10 7 0 6 18 14 9 18 15 20 10 9 11 17 5 14 11 10 14 8 1 15 7 4 9 19 10 2 4 26
31 15 20 18 19 17 29 23 11 13 21 16 16 3 6 0 24 20 15 22 21 20 10 12 16 17 11 18 18 15 20 2 5 21 2 4 13 24 12 4 3 31
12 14 16 16 14 23 11 16 15 16 18 9 10 24 18 24 0 9 12 17 7 26 22 17 10 26 13 16 7 13 4 25 19 3 24 21 13 9 19 20 22 12
21 16 21 19 18 25 20 22 9 18 22 9 4 21 14 20 9 0 6 22 2 29 22 18 12 28 10 19 5 5 7 22 15 6 21 16 14 16 20 16 17 21
23 14 20 18 17 22 22 21 4 15 21 8 3 16 9 15 12 6 0 21 7 26 18 15 11 24 5 18 6 1 9 16 10 9 16 11 12 17 17 11 12 23
13 8 2 4 4 9 12 3 21 9 1 13 19 20 18 22 17 22 21 0 21 11 13 10 10 12 17 4 17 22 15 22 20 17 20 22 10 9 10 20 22 13
19 16 20 18 17 25 18 20 10 17 21 9 5 22 15 21 7 2 7 21 0 29 22 18 12 28 11 18 5 7 6 23 16 4 22 17 14 14 20 17 18 19
24 13 11 11 13 4 23 14 24 11 10 20 25 17 20 20 26 29 26 11 29 0 10 11 17 3 21 11 24 27 24 20 20 26 18 22 15 19 9 20 21 24
25 9 12 10 12 8 23 16 15 6 12 14 17 7 10 10 22 22 18 13 22 10 0 5 12 8 12 10 17 19 18 10 10 20 8 12 9 18 4 10 11 25
20 4 8 6 8 8 18 12 13 1 9 9 14 10 9 12 17 18 15 10 18 11 5 0 7 10 9 6 13 16 13 13 10 16 11 13 4 13 2 10 12 20
15 4 9 7 6 13 13 10 11 6 10 3 9 15 11 16 10 12 11 10 12 17 12 7 0 16 8 7 7 12 7 17 12 9 16 15 3 8 9 13 15 15
25 12 12 11 14 4 24 15 22 10 11 19 24 14 17 17 26 28 24 12 28 3 8 10 16 0 19 11 23 25 23 17 18 25 15 20 14 20 8 17 18 25
22 10 16 13 14 17 20 18 4 10 17 6 6 12 5 11 13 10 5 17 11 21 12 9 8 19 0 13 7 6 9 12 6 11 12 8 7 15 11 7 8 22
15 4 3 0 3 8 14 6 17 4 4 10 16 16 14 18 16 19 18 4 18 11 10 6 7 11 13 0 14 19 13 18 15 15 17 18 6 9 6 16 17 15
17 11 15 14 13 20 16 16 8 13 17 4 3 18 11 18 7 5 6 17 5 24 17 13 7 23 7 14 0 7 3 19 13 4 18 15 9 12 15 14 15 17
24 15 21 19 18 24 22 22 4 16 22 9 4 17 10 15 13 5 1 22 7 27 19 16 12 25 6 19 7 0 10 17 10 10 16 11 13 18 18 11 12 24
15 11 14 13 12 20 13 15 11 13 16 4 6 20 14 20 4 7 9 15 6 24 18 13 7 23 9 13 3 10 0 21 15 2 20 17 9 9 16 16 17 15
32 16 21 18 20 17 30 24 13 14 21 17 18 3 8 2 25 22 16 22 23 20 10 13 17 17 12 18 19 17 21 0 7 23 2 6 15 25 13 6 5 32
27 12 18 15 17 17 25 21 6 11 19 11 11 6 1 5 19 15 10 20 16 20 10 10 12 18 6 15 13 10 15 7 0 16 6 3 10 20 11 1 2 27
15 13 16 15 14 22 14 16 12 15 18 7 6 22 15 21 3 6 9 17 4 26 20 16 9 25 11 15 4 10 2 23 16 0 22 18 12 10 18 17 19 15
30 14 19 17 18 15 29 22 12 12 19 16 17 0 7 2 24 21 16 20 22 18 8 11 16 15 12 17 18 16 20 2 6 22 0 6 13 23 11 5 5 30
30 15 21 18 19 19 28 23 7 14 21 13 12 7 4 4 21 16 11 22 17 22 12 13 15 20 8 18 15 11 17 6 3 18 6 0 13 22 14 2 1 30
17 3 8 6 7 11 16 11 11 4 10 5 10 13 9 13 13 14 12 10 14 15 9 4 3 14 7 6 9 13 9 15 10 12 13 13 0 10 6 11 12 17
7 9 8 9 6 17 5 7 18 12 9 10 15 23 19 24 9 16 17 9 14 19 18 13 8 20 15 9 12 18 9 25 20 10 23 22 10 0 15 21 22 7
21 6 9 6 9 6 20 12 15 3 9 11 16 10 10 12 19 20 17 10 20 9 4 2 9 8 11 6 15 18 16 13 11 18 11 14 6 15 0 11 13 21
28 13 18 16 17 17 26 21 7 11 19 12 12 5 2 4 20 16 11 20 17 20 10 10 13 17 7 16 14 11 16 6 1 17 5 2 11 21 11 0 2 28
29 14 20 17 19 18 28 23 8 13 21 14 13 5 4 3 22 17 12 22 18 21 11 12 15 18 8 17 15 12 17 5 2 19 5 1 12 22 13 2 0 29
0 16 13 15 13 22 2 11 25 19 14 16 21 30 26 31 12 21 23 13 19 24 25 20 15 25 22 15 17 24 15 32 27 15 30 30 17 7 21 28 29 0
,
0 45 17 40 18 65 4 28 54 54 40 40 51 36 59 70 22 38 24 33 49 34 45 41 36 26 60 30 30 28 32 51 45 32 84 44 50 11 62 28 72 0
31 0 13 10 8 11 26 15 23 3 17 18 14 28 24 19 16 22 38 14 42 21 14 9 6 13 18 11 22 27 26 24 16 24 32 15 7 10 13 18 22 47
34 15 0 6 5 17 27 6 24 12 3 28 19 29 45 52 21 45 45 2 25 31 35 25 21 17 24 7 23 22 35 37 38 36 31 54 10 14 17 27 24 14
20 8 7 0 5 10 15 10 20 7 5 24 39 31 22 48 46 46 43 5 49 27 23 11 14 21 28 0 20 42 31 52 22 34 29 32 11 18 10 24 36 35
31 9 3 4 0 24 29 6 33 18 9 12 44 48 34 36 16 54 27 7 32 18 35 17 18 28 21 5 22 21 18 29 46 41 31 54 10 11 14 38 22 22
60 17 12 11 18 0 34 12 29 23 12 46 64 36 22 34 46 53 53 12 32 7 19 20 14 9 38 8 54 42 43 49 50 38 27 30 12 39 15 44 22 56
3 40 27 28 32 55 0 27 35 37 14 27 28 76 61 76 12 35 39 29 49 69 24 25 35 58 35 30 39 42 35 73 27 30 80 67 40 7 52 55 45 4
16 12 5 17 6 32 17 0 48 16 4 32 31 57 40 25 39 50 59 5 57 20 22 18 25 31 28 13 37 25 43 41 57 36 48 47 29 11 18 63 45 27
62 25 50 38 41 27 50 63 0 24 25 22 17 32 14 18 15 9 7 40 25 69 36 21 13 33 5 27 16 5 17 17 11 20 12 20 12 24 29 12 24 71
51 8 10 6 8 23 45 11 36 0 11 10 34 18 21 32 17 21 44 11 49 25 7 4 16 22 11 9 26 42 17 41 20 33 34 32 9 23 6 22 17 30
42 9 4 9 7 15 18 6 54 11 0 24 50 57 38 28 40 31 26 3 25 25 29 26 26 24 27 5 27 35 35 34 26 50 44 39 18 20 26 57 37 29
42 12 19 15 22 17 41 35 15 20 37 0 15 28 24 20 25 22 23 16 22 42 30 17 6 30 8 30 8 22 10 19 28 16 27 25 6 19 12 28 35 37
27 32 38 43 31 36 37 44 13 16 29 12 0 42 18 43 23 5 4 40 11 40 31 18 16 49 11 37 8 7 6 43 28 15 32 21 12 34 45 26 33 34
53 29 20 38 32 27 49 35 26 17 46 38 21 0 7 6 56 28 31 38 45 35 17 13 46 37 12 17 20 37 22 3 12 40 1 13 36 53 15 14 10 70
27 28 33 22 39 29 29 52 10 23 21 29 12 13 0 15 26 19 25 32 38 36 12 24 13 30 12 22 32 24 26 11 2 22 9 8 15 34 15 5 8 39
78 17 32 39 57 43 56 63 29 37 29 28 16 4 13 0 59 41 25 65 46 52 11 30 47 40 13 18 33 20 27 2 9 52 5 10 26 65 35 11 4 79
27 26 32 36 26 42 25 29 15 34 35 24 22 58 49 41 0 23 17 25 12 52 24 18 11 49 22 46 8 18 12 61 40 4 64 60 29 9 45 57 34 18
30 37 21 39 45 53 48 36 15 24 33 26 6 61 40 24 10 0 14 65 6 57 24 44 37 58 13 39 14 16 13 51 19 17 44 22 34 23 21 25 26 48
52 28 53 39 22 65 45 55 4 27 33 10 6 25 18 20 23 10 0 63 9 65 44 28 21 64 15 36 9 1 19 31 21 11 47 22 24 46 44 16 14 25
37 8 3 8 5 18 19 3 34 25 2 33 38 37 24 58 30 32 50 0 22 22 28 25 17 18 48 5 18 35 16 26 36 26 29 56 29 17 25 58 36 32
49 47 29 42 30 57 22 47 13 46 39 25 6 24 35 34 19 4 18 34 0 30 37 20 27 54 24 45 13 12 14 44 38 7 30 29 26 20 20 24 51 34
69 18 28 32 37 4 32 38 51 31 29 27 47 36 58 56 62 85 55 28 34 0 10 32 29 3 58 26 39 49 63 58 50 74 31 59 36 50 18 25 25 31
59 23 28 14 16 11 32 19 32 16 21 32 46 13 20 10 28 57 49 32 47 21 0 9 21 23 36 28 33 38 39 24 16 24 21 21 17 28 4 25 19 61
32 8 25 11 13 12 21 18 37 3 26 15 39 24 26 15 28 22 24 11 20 15 13 0 14 10 23 13 17 45 38 29 22 23 21 17 10 35 3 19 23 21
38 5 25 8 7 17 19 28 18 17 26 5 9 26 30 45 30 19 22 16 32 26 18 16 0 26 15 10 16 19 15 42 12 14 27 28 7 22 19 35 20 37
30 21 18 14 39 4 60 24 41 17 31 48 64 34 19 38 48 81 52 17 76 9 14 12 28 0 44 12 58 68 68 18 27 74 20 42 39 53 10 19 25 26
47 24 31 19 30 41 24 23 4 26 22 6 16 16 13 21 28 14 11 32 23 49 34 10 18 32 0 18 8 14 24 25 16 28 17 9 19 29 25 19 19 23
22 9 7 0 5 12 29 14 36 5 4 24 17 25 31 48 35 28 42 12 47 16 20 7 11 16 21 0 33 35 14 35 42 22 29 31 14 14 19 38 32 19
35 30 18 34 35 47 45 30 15 37 36 7 8 41 19 42 17 10 13 40 14 48 46 33 19 68 19 35 0 19 8 33 30 10 49 30 17 26 38 32 22 38
72 22 59 47 29 63 33 50 5 34 46 25 5 37 16 16 31 9 3 50 14 45 53 46 32 37 15 44 19 0 21 43 10 23 18 25 16 39 26 29 20 58
30 13 28 29 20 41 15 28 14 27 19 12 17 29 24 30 8 21 20 26 14 60 40 24 13 60 16 18 9 20 0 26 42 6 54 34 26 10 21 34 21 24
94 28 40 42 51 44 71 51 14 41 46 46 52 7 9 3 65 53 17 44 67 20 10 16 32 32 27 23 57 24 39 0 15 27 5 15 23 29 13 9 9 68
28 17 41 37 19 37 74 52 18 13 50 28 12 8 1 6 32 36 12 56 45 58 28 11 15 18 12 42 34 15 28 11 0 29 10 8 15 52 18 3 6 68
25 27 40 28 31 24 35 46 20 25 38 14 18 24 20 40 7 16 20 51 7 77 30 31 10 42 12 15 10 23 5 39 45 0 35 49 31 14 40 45 40 35
35 23 53 33 32 29 43 54 29 19 46 25 32 1 10 5 64 45 38 29 40 49 8 29 24 22 17 28 18 44 21 5 18 46 0 13 23 58 24 10 7 61
51 33 59 22 40 47 40 50 11 30 53 39 25 8 9 6 53 19 22 31 41 63 16 21 23 43 19 48 39 16 38 9 3 31 16 0 29 55 14 6 3 39
51 3 19 13 14 30 17 25 18 8 27 15 17 36 18 23 32 27 20 14 15 18 10 6 6 28 18 13 10 34 24 39 25 22 31 21 0 28 7 23 35 20
14 20 17 22 13 47 16 12 54 28 24 27 38 39 32 26 22 40 20 26 43 23 39 33 9 23 16 27 23 38 12 65 45 13 48 57 24 0 23 34 49 13
46 12 11 15 21 8 50 27 40 9 18 19 45 20 11 23 27 48 23 19 51 25 7 3 25 16 32 7 21 34 32 30 18 43 18 15 16 31 0 17 21 53
38 22 37 18 33 44 66 49 21 25 38 18 36 6 2 6 52 48 24 46 33 30 15 27 28 26 19 46 14 26 35 6 2 40 15 5 17 59 22 0 4 82
79 35 50 43 49 22 38 34 11 23 60 17 20 6 11 6 46 29 24 51 48 45 29 18 29 48 17 41 33 27 38 6 5 36 11 3 19 45 29 5 0 52
0 29 16 22 19 24 3 15 42 22 36 22 39 33 32 52 28 48 67 34 40 69 39 31 38 71 37 33 22 40 22 91 31 31 45 49 34 10 22 29 38 0