7
40
,
0 (18.0, 27.0) 40.0
1 (6.0, 26.0) 83.0
2 (11.0, 28.0) 53.0
3 (10.0, 23.0) 38.0
4 (8.0, 43.0) 58.0
5 (3.0, 2.0) 58.0
6 (2.0, 21.0) 43.0
7 (44.0, 23.0) 51.0
8 (19.0, 32.0) 61.0
9 (4.0, 28.0) 42.0
10 (28.0, 17.0) 41.0
11 (39.0, 13.0) 63.0
12 (37.0, 47.0) 87.0
13 (39.0, 33.0) 52.0
14 (42.0, 45.0) 45.0
15 (25.0, 0.0) 38.0
16 (42.0, 5.0) 58.0
17 (44.0, 16.0) 72.0
18 (3.0, 26.0) 74.0
19 (38.0, 3.0) 57.0
20 (3.0, 48.0) 87.0
21 (23.0, 44.0) 45.0
22 (21.0, 34.0) 45.0
23 (22.0, 20.0) 45.0
24 (9.0, 50.0) 49.0
25 (37.0, 24.0) 40.0
26 (11.0, 28.0) 44.0
27 (33.0, 11.0) 36.0
28 (46.0, 15.0) 59.0
29 (28.0, 8.0) 61.0
30 (42.0, 48.0) 52.0
31 (41.0, 35.0) 34.0
32 (30.0, 4.0) 39.0
33 (38.0, 47.0) 87.0
34 (46.0, 37.0) 33.0
35 (23.0, 26.0) 30.0
36 (10.0, 10.0) 58.0
37 (19.0, 38.0) 70.0
38 (41.0, 37.0) 51.0
39 (44.0, 39.0) 72.0
,
0 16 13 15 13 22 2 11 25 19 14 16 21 30 26 31 12 21 23 13 19 24 25 20 15 25 22 15 17 24 15 32 27 15 30 30 17 7 21 28 29 0
16 0 6 4 4 9 15 9 13 3 7 7 13 14 11 15 14 16 14 8 16 13 9 4 4 12 10 4 11 15 11 16 12 13 14 15 3 9 6 13 14 16
13 6 0 3 2 9 12 3 19 7 1 12 18 19 17 20 16 21 20 2 20 11 12 8 9 12 16 3 15 21 14 21 18 16 19 21 8 8 9 18 20 13
15 4 3 0 3 8 14 6 17 4 4 10 16 16 14 18 16 19 18 4 18 11 10 6 7 11 13 0 14 19 13 18 15 15 17 18 6 9 6 16 17 15
13 4 2 3 0 10 11 4 17 6 4 9 15 18 15 19 14 18 17 4 17 13 12 8 6 14 14 3 13 18 12 20 17 14 18 19 7 6 9 17 19 13
22 9 9 8 10 0 21 11 21 8 8 16 22 15 16 17 23 25 22 9 25 4 8 8 13 4 17 8 20 24 20 17 17 22 15 19 11 17 6 17 18 22
2 15 12 14 11 21 0 10 23 17 13 15 19 28 24 29 11 20 22 12 18 23 23 18 13 24 20 14 16 22 13 30 25 14 29 28 16 5 20 26 28 2
11 9 3 6 4 11 10 0 21 10 4 13 19 22 19 23 16 22 21 3 20 14 16 12 10 15 18 6 16 22 15 24 21 16 22 23 11 7 12 21 23 11
25 13 19 17 17 21 23 21 0 13 20 9 6 12 6 11 15 9 4 21 10 24 15 13 11 22 4 17 8 4 11 13 6 12 12 7 11 18 15 7 8 25
19 3 7 4 6 8 17 10 13 0 8 9 14 12 10 13 16 18 15 9 17 11 6 1 6 10 10 4 13 16 13 14 11 15 12 14 4 12 3 11 13 19
14 7 1 4 4 8 13 4 20 8 0 13 19 19 18 21 18 22 21 1 21 10 12 9 10 11 17 4 17 22 16 21 19 18 19 21 10 9 9 19 21 14
16 7 12 10 9 16 15 13 9 9 13 0 6 16 10 16 9 9 8 13 9 20 14 9 3 19 6 10 4 9 4 17 11 7 16 13 5 10 11 12 14 16
21 13 18 16 15 22 19 19 6 14 19 6 0 17 10 16 10 4 3 19 5 25 17 14 9 24 6 16 3 4 6 18 11 6 17 12 10 15 16 12 13 21
30 14 19 16 18 15 28 22 12 12 19 16 17 0 7 3 24 21 16 20 22 17 7 10 15 14 12 16 18 17 20 3 6 22 0 7 13 23 10 5 5 30
26 11 17 14 15 16 24 19 6 10 18 10 10 7 0 6 18 14 9 18 15 20 10 9 11 17 5 14 11 10 14 8 1 15 7 4 9 19 10 2 4 26
31 15 20 18 19 17 29 23 11 13 21 16 16 3 6 0 24 20 15 22 21 20 10 12 16 17 11 18 18 15 20 2 5 21 2 4 13 24 12 4 3 31
12 14 16 16 14 23 11 16 15 16 18 9 10 24 18 24 0 9 12 17 7 26 22 17 10 26 13 16 7 13 4 25 19 3 24 21 13 9 19 20 22 12
21 16 21 19 18 25 20 22 9 18 22 9 4 21 14 20 9 0 6 22 2 29 22 18 12 28 10 19 5 5 7 22 15 6 21 16 14 16 20 16 17 21
23 14 20 18 17 22 22 21 4 15 21 8 3 16 9 15 12 6 0 21 7 26 18 15 11 24 5 18 6 1 9 16 10 9 16 11 12 17 17 11 12 23
13 8 2 4 4 9 12 3 21 9 1 13 19 20 18 22 17 22 21 0 21 11 13 10 10 12 17 4 17 22 15 22 20 17 20 22 10 9 10 20 22 13
19 16 20 18 17 25 18 20 10 17 21 9 5 22 15 21 7 2 7 21 0 29 22 18 12 28 11 18 5 7 6 23 16 4 22 17 14 14 20 17 18 19
24 13 11 11 13 4 23 14 24 11 10 20 25 17 20 20 26 29 26 11 29 0 10 11 17 3 21 11 24 27 24 20 20 26 18 22 15 19 9 20 21 24
25 9 12 10 12 8 23 16 15 6 12 14 17 7 10 10 22 22 18 13 22 10 0 5 12 8 12 10 17 19 18 10 10 20 8 12 9 18 4 10 11 25
20 4 8 6 8 8 18 12 13 1 9 9 14 10 9 12 17 18 15 10 18 11 5 0 7 10 9 6 13 16 13 13 10 16 11 13 4 13 2 10 12 20
15 4 9 7 6 13 13 10 11 6 10 3 9 15 11 16 10 12 11 10 12 17 12 7 0 16 8 7 7 12 7 17 12 9 16 15 3 8 9 13 15 15
25 12 12 11 14 4 24 15 22 10 11 19 24 14 17 17 26 28 24 12 28 3 8 10 16 0 19 11 23 25 23 17 18 25 15 20 14 20 8 17 18 25
22 10 16 13 14 17 20 18 4 10 17 6 6 12 5 11 13 10 5 17 11 21 12 9 8 19 0 13 7 6 9 12 6 11 12 8 7 15 11 7 8 22
15 4 3 0 3 8 14 6 17 4 4 10 16 16 14 18 16 19 18 4 18 11 10 6 7 11 13 0 14 19 13 18 15 15 17 18 6 9 6 16 17 15
17 11 15 14 13 20 16 16 8 13 17 4 3 18 11 18 7 5 6 17 5 24 17 13 7 23 7 14 0 7 3 19 13 4 18 15 9 12 15 14 15 17
24 15 21 19 18 24 22 22 4 16 22 9 4 17 10 15 13 5 1 22 7 27 19 16 12 25 6 19 7 0 10 17 10 10 16 11 13 18 18 11 12 24
15 11 14 13 12 20 13 15 11 13 16 4 6 20 14 20 4 7 9 15 6 24 18 13 7 23 9 13 3 10 0 21 15 2 20 17 9 9 16 16 17 15
32 16 21 18 20 17 30 24 13 14 21 17 18 3 8 2 25 22 16 22 23 20 10 13 17 17 12 18 19 17 21 0 7 23 2 6 15 25 13 6 5 32
27 12 18 15 17 17 25 21 6 11 19 11 11 6 1 5 19 15 10 20 16 20 10 10 12 18 6 15 13 10 15 7 0 16 6 3 10 20 11 1 2 27
15 13 16 15 14 22 14 16 12 15 18 7 6 22 15 21 3 6 9 17 4 26 20 16 9 25 11 15 4 10 2 23 16 0 22 18 12 10 18 17 19 15
30 14 19 17 18 15 29 22 12 12 19 16 17 0 7 2 24 21 16 20 22 18 8 11 16 15 12 17 18 16 20 2 6 22 0 6 13 23 11 5 5 30
30 15 21 18 19 19 28 23 7 14 21 13 12 7 4 4 21 16 11 22 17 22 12 13 15 20 8 18 15 11 17 6 3 18 6 0 13 22 14 2 1 30
17 3 8 6 7 11 16 11 11 4 10 5 10 13 9 13 13 14 12 10 14 15 9 4 3 14 7 6 9 13 9 15 10 12 13 13 0 10 6 11 12 17
7 9 8 9 6 17 5 7 18 12 9 10 15 23 19 24 9 16 17 9 14 19 18 13 8 20 15 9 12 18 9 25 20 10 23 22 10 0 15 21 22 7
21 6 9 6 9 6 20 12 15 3 9 11 16 10 10 12 19 20 17 10 20 9 4 2 9 8 11 6 15 18 16 13 11 18 11 14 6 15 0 11 13 21
28 13 18 16 17 17 26 21 7 11 19 12 12 5 2 4 20 16 11 20 17 20 10 10 13 17 7 16 14 11 16 6 1 17 5 2 11 21 11 0 2 28
29 14 20 17 19 18 28 23 8 13 21 14 13 5 4 3 22 17 12 22 18 21 11 12 15 18 8 17 15 12 17 5 2 19 5 1 12 22 13 2 0 29
0 16 13 15 13 22 2 11 25 19 14 16 21 30 26 31 12 21 23 13 19 24 25 20 15 25 22 15 17 24 15 32 27 15 30 30 17 7 21 28 29 0
,
0 39 37 22 35 49 3 23 73 27 18 21 54 43 32 58 16 52 64 19 56 72 64 24 22 36 29 26 45 30 38 38 54 15 33 81 49 13 47 33 76 0
18 0 6 8 12 26 26 21 16 6 15 12 33 16 26 33 35 41 22 9 42 24 21 10 6 31 13 5 17 22 24 17 29 26 29 15 7 27 8 14 43 28
18 9 0 5 5 13 22 8 50 8 2 14 33 34 22 47 19 31 58 4 46 24 13 22 19 20 38 4 33 35 34 44 51 45 48 31 11 9 16 39 48 16
17 5 4 0 4 20 35 16 43 7 6 15 39 26 21 34 25 22 50 12 54 22 22 11 20 30 26 0 33 24 32 35 18 45 40 40 18 12 16 39 33 28
29 9 6 5 0 24 33 10 36 14 7 23 23 53 46 19 26 30 38 9 30 34 35 16 14 33 22 5 15 52 30 26 29 32 53 42 10 10 10 45 20 35
46 26 20 8 25 0 58 26 36 8 9 47 39 19 28 41 45 41 29 20 47 4 15 10 38 5 38 8 54 31 37 37 28 35 21 33 25 31 17 38 42 43
4 37 21 27 23 29 0 11 26 27 33 40 45 59 64 82 20 58 44 14 48 60 30 48 23 36 35 17 31 63 15 53 41 38 82 65 19 10 20 29 62 5
21 24 4 14 9 16 18 0 21 10 7 23 39 49 33 60 21 57 37 4 51 31 38 31 20 23 29 13 30 29 40 66 25 23 42 61 31 9 24 60 43 29
59 19 49 19 42 29 25 59 0 30 47 14 12 29 15 31 16 18 10 52 16 71 24 18 18 25 9 18 20 12 17 33 8 24 20 20 31 26 17 21 19 72
31 5 12 9 10 16 39 17 15 0 10 13 16 28 19 21 31 20 19 11 26 14 14 2 7 21 19 10 16 21 13 32 28 30 26 25 8 18 7 25 15 52
25 9 4 10 8 18 36 5 34 20 0 26 20 44 47 50 41 57 46 2 43 16 14 26 19 32 40 4 42 61 46 64 45 24 53 32 22 27 18 52 40 21
25 15 15 10 20 21 40 29 14 12 33 0 12 45 21 18 16 15 18 17 23 36 25 19 8 57 9 25 10 19 8 40 29 12 40 33 14 14 13 21 35 22
55 15 44 16 16 28 56 27 10 16 38 10 0 31 27 41 17 5 6 51 6 42 23 22 23 46 6 42 5 8 15 37 28 11 49 35 19 17 29 23 15 30
60 24 42 24 22 31 32 48 20 15 23 42 24 0 17 6 39 24 31 45 61 28 19 14 17 19 33 47 29 41 31 6 14 27 1 16 17 37 23 12 10 82
43 25 19 42 26 44 43 20 16 13 47 10 12 13 0 14 21 33 22 38 35 47 27 26 31 49 13 17 13 24 15 9 4 43 14 5 15 51 11 4 6 50
40 31 30 45 35 29 62 40 19 24 32 47 38 4 9 0 62 49 35 59 53 28 11 21 34 25 29 52 22 39 23 3 10 61 4 8 36 53 36 8 5 47
34 37 47 40 34 40 19 31 34 31 19 14 15 40 33 34 0 9 36 24 12 66 33 24 10 59 37 17 11 37 10 28 27 5 50 49 35 15 29 38 32 14
33 40 38 46 46 66 46 60 12 52 23 16 9 50 25 49 9 0 13 49 4 38 46 43 24 29 23 36 14 16 10 57 17 13 59 35 20 18 45 33 31 54
51 30 22 43 38 34 63 28 5 23 36 18 4 41 13 22 30 7 0 37 12 56 41 28 15 73 14 32 8 3 16 20 12 25 41 21 20 37 37 11 27 59
39 21 4 4 8 12 17 7 40 21 2 19 20 36 52 60 37 48 50 0 29 25 22 29 23 32 38 12 40 61 44 58 24 45 48 49 26 25 24 24 36 21
25 33 55 25 21 59 19 24 26 42 40 18 14 62 29 48 19 3 16 38 0 35 54 34 30 50 20 24 7 21 10 46 21 6 49 48 31 38 24 30 29 40
41 28 29 18 19 9 49 32 35 14 19 36 63 38 49 25 58 53 51 31 74 0 19 20 24 5 36 22 32 29 62 56 38 73 47 55 30 55 21 31 58 34
58 26 23 21 32 14 28 26 22 17 21 18 35 17 23 27 41 56 47 31 51 18 0 12 20 14 32 11 21 26 22 21 26 49 18 29 15 54 6 26 22 26
26 6 9 12 20 23 30 17 32 2 9 19 20 16 14 25 44 40 23 13 34 33 8 0 19 29 23 12 27 41 16 25 14 40 26 18 6 32 4 26 27 32
24 11 24 9 6 19 15 24 14 18 23 8 15 38 21 25 29 29 11 21 21 48 23 15 0 48 17 11 13 21 18 23 19 9 27 22 8 21 25 27 37 15
63 25 15 14 24 10 44 16 61 12 12 36 70 41 35 19 46 73 27 24 55 6 19 23 38 0 52 12 67 54 50 38 45 65 17 55 35 23 20 20 43 72
24 15 18 26 25 23 38 34 8 22 39 17 9 25 12 27 25 22 10 34 20 50 29 13 17 35 0 39 7 8 17 17 6 22 30 15 10 36 20 13 21 29
29 6 3 0 4 23 15 15 21 12 9 12 21 44 19 32 31 48 42 12 53 27 19 13 13 28 17 0 32 52 23 22 36 44 36 38 14 13 9 40 37 17
30 26 26 38 27 37 40 43 24 32 49 9 6 53 15 23 18 12 10 41 9 25 19 24 17 46 19 15 0 18 4 25 27 7 35 32 15 17 43 32 27 24
39 32 27 46 20 63 43 46 11 40 28 13 10 43 29 33 16 6 2 47 9 44 20 18 27 51 16 48 14 0 15 22 21 15 44 19 14 45 21 31 27 69
38 16 36 23 20 30 26 21 24 28 29 12 13 33 38 40 11 19 11 46 7 24 22 18 8 56 22 29 6 14 0 28 42 3 30 34 10 18 40 39 36 42
61 41 53 50 40 51 56 63 14 31 25 24 29 6 20 4 58 61 20 62 49 54 15 18 32 18 28 47 27 20 29 0 12 57 6 9 23 68 14 7 7 61
36 30 32 41 20 31 38 55 8 26 29 17 31 8 3 7 38 44 16 44 40 47 11 25 24 39 9 21 30 30 38 16 0 23 17 3 11 56 12 2 7 72
20 16 47 42 39 47 21 40 30 22 46 19 10 22 43 33 7 11 11 49 6 64 31 18 18 26 22 43 11 11 5 38 48 0 29 45 29 17 45 19 46 36
43 20 31 19 30 22 63 51 26 28 41 38 33 1 18 5 46 62 40 29 28 50 14 15 19 31 15 39 18 20 52 6 11 26 0 12 29 56 22 10 5 36
39 28 48 23 31 22 79 65 15 40 42 27 15 12 4 8 58 19 23 27 37 65 29 13 44 55 9 38 26 17 46 10 3 27 7 0 32 41 32 7 2 85
31 3 25 8 17 17 29 12 30 9 12 12 28 22 15 33 28 30 15 29 36 27 10 7 4 16 16 8 25 14 18 36 24 32 19 24 0 12 15 25 19 22
16 11 17 17 17 22 9 14 27 29 15 10 28 60 21 37 18 36 41 17 15 48 38 19 12 33 37 15 16 46 21 57 56 26 24 28 16 0 31 58 57 19
27 7 13 14 24 12 24 16 21 4 12 26 21 23 24 25 35 36 45 21 56 13 4 6 14 16 32 9 23 36 16 20 23 22 14 35 13 24 0 31 30 52
39 35 42 18 34 29 53 38 18 17 43 25 19 10 4 6 30 47 11 58 45 56 16 22 14 40 12 31 39 24 20 13 3 36 8 6 17 43 30 0 5 30
62 35 38 39 20 23 41 54 19 15 37 26 39 7 11 5 56 50 18 38 46 41 16 22 32 36 19 50 36 24 48 6 5 36 14 2 21 38 13 5 0 72
0 36 15 34 32 42 2 29 69 30 17 40 42 78 66 50 20 40 30 16 48 29 70 34 32 27 49 40 44 44 28 39 35 27 75 64 21 20 34 56 50 0