7
40
,
0 (18.0, 27.0) 55.0
1 (6.0, 26.0) 42.0
2 (11.0, 28.0) 34.0
3 (10.0, 23.0) 41.0
4 (8.0, 43.0) 55.0
5 (3.0, 2.0) 39.0
6 (2.0, 21.0) 63.0
7 (44.0, 23.0) 33.0
8 (19.0, 32.0) 69.0
9 (4.0, 28.0) 37.0
10 (28.0, 17.0) 76.0
11 (39.0, 13.0) 54.0
12 (37.0, 47.0) 32.0
13 (39.0, 33.0) 74.0
14 (42.0, 45.0) 78.0
15 (25.0, 0.0) 38.0
16 (42.0, 5.0) 80.0
17 (44.0, 16.0) 69.0
18 (3.0, 26.0) 43.0
19 (38.0, 3.0) 65.0
20 (3.0, 48.0) 79.0
21 (23.0, 44.0) 38.0
22 (21.0, 34.0) 40.0
23 (22.0, 20.0) 78.0
24 (9.0, 50.0) 43.0
25 (37.0, 24.0) 72.0
26 (11.0, 28.0) 31.0
27 (33.0, 11.0) 45.0
28 (46.0, 15.0) 75.0
29 (28.0, 8.0) 64.0
30 (42.0, 48.0) 50.0
31 (41.0, 35.0) 84.0
32 (30.0, 4.0) 83.0
33 (38.0, 47.0) 42.0
34 (46.0, 37.0) 45.0
35 (23.0, 26.0) 79.0
36 (10.0, 10.0) 30.0
37 (19.0, 38.0) 46.0
38 (41.0, 37.0) 73.0
39 (44.0, 39.0) 64.0
,
0 16 13 15 13 22 2 11 25 19 14 16 21 30 26 31 12 21 23 13 19 24 25 20 15 25 22 15 17 24 15 32 27 15 30 30 17 7 21 28 29 0
16 0 6 4 4 9 15 9 13 3 7 7 13 14 11 15 14 16 14 8 16 13 9 4 4 12 10 4 11 15 11 16 12 13 14 15 3 9 6 13 14 16
13 6 0 3 2 9 12 3 19 7 1 12 18 19 17 20 16 21 20 2 20 11 12 8 9 12 16 3 15 21 14 21 18 16 19 21 8 8 9 18 20 13
15 4 3 0 3 8 14 6 17 4 4 10 16 16 14 18 16 19 18 4 18 11 10 6 7 11 13 0 14 19 13 18 15 15 17 18 6 9 6 16 17 15
13 4 2 3 0 10 11 4 17 6 4 9 15 18 15 19 14 18 17 4 17 13 12 8 6 14 14 3 13 18 12 20 17 14 18 19 7 6 9 17 19 13
22 9 9 8 10 0 21 11 21 8 8 16 22 15 16 17 23 25 22 9 25 4 8 8 13 4 17 8 20 24 20 17 17 22 15 19 11 17 6 17 18 22
2 15 12 14 11 21 0 10 23 17 13 15 19 28 24 29 11 20 22 12 18 23 23 18 13 24 20 14 16 22 13 30 25 14 29 28 16 5 20 26 28 2
11 9 3 6 4 11 10 0 21 10 4 13 19 22 19 23 16 22 21 3 20 14 16 12 10 15 18 6 16 22 15 24 21 16 22 23 11 7 12 21 23 11
25 13 19 17 17 21 23 21 0 13 20 9 6 12 6 11 15 9 4 21 10 24 15 13 11 22 4 17 8 4 11 13 6 12 12 7 11 18 15 7 8 25
19 3 7 4 6 8 17 10 13 0 8 9 14 12 10 13 16 18 15 9 17 11 6 1 6 10 10 4 13 16 13 14 11 15 12 14 4 12 3 11 13 19
14 7 1 4 4 8 13 4 20 8 0 13 19 19 18 21 18 22 21 1 21 10 12 9 10 11 17 4 17 22 16 21 19 18 19 21 10 9 9 19 21 14
16 7 12 10 9 16 15 13 9 9 13 0 6 16 10 16 9 9 8 13 9 20 14 9 3 19 6 10 4 9 4 17 11 7 16 13 5 10 11 12 14 16
21 13 18 16 15 22 19 19 6 14 19 6 0 17 10 16 10 4 3 19 5 25 17 14 9 24 6 16 3 4 6 18 11 6 17 12 10 15 16 12 13 21
30 14 19 16 18 15 28 22 12 12 19 16 17 0 7 3 24 21 16 20 22 17 7 10 15 14 12 16 18 17 20 3 6 22 0 7 13 23 10 5 5 30
26 11 17 14 15 16 24 19 6 10 18 10 10 7 0 6 18 14 9 18 15 20 10 9 11 17 5 14 11 10 14 8 1 15 7 4 9 19 10 2 4 26
31 15 20 18 19 17 29 23 11 13 21 16 16 3 6 0 24 20 15 22 21 20 10 12 16 17 11 18 18 15 20 2 5 21 2 4 13 24 12 4 3 31
12 14 16 16 14 23 11 16 15 16 18 9 10 24 18 24 0 9 12 17 7 26 22 17 10 26 13 16 7 13 4 25 19 3 24 21 13 9 19 20 22 12
21 16 21 19 18 25 20 22 9 18 22 9 4 21 14 20 9 0 6 22 2 29 22 18 12 28 10 19 5 5 7 22 15 6 21 16 14 16 20 16 17 21
23 14 20 18 17 22 22 21 4 15 21 8 3 16 9 15 12 6 0 21 7 26 18 15 11 24 5 18 6 1 9 16 10 9 16 11 12 17 17 11 12 23
13 8 2 4 4 9 12 3 21 9 1 13 19 20 18 22 17 22 21 0 21 11 13 10 10 12 17 4 17 22 15 22 20 17 20 22 10 9 10 20 22 13
19 16 20 18 17 25 18 20 10 17 21 9 5 22 15 21 7 2 7 21 0 29 22 18 12 28 11 18 5 7 6 23 16 4 22 17 14 14 20 17 18 19
24 13 11 11 13 4 23 14 24 11 10 20 25 17 20 20 26 29 26 11 29 0 10 11 17 3 21 11 24 27 24 20 20 26 18 22 15 19 9 20 21 24
25 9 12 10 12 8 23 16 15 6 12 14 17 7 10 10 22 22 18 13 22 10 0 5 12 8 12 10 17 19 18 10 10 20 8 12 9 18 4 10 11 25
20 4 8 6 8 8 18 12 13 1 9 9 14 10 9 12 17 18 15 10 18 11 5 0 7 10 9 6 13 16 13 13 10 16 11 13 4 13 2 10 12 20
15 4 9 7 6 13 13 10 11 6 10 3 9 15 11 16 10 12 11 10 12 17 12 7 0 16 8 7 7 12 7 17 12 9 16 15 3 8 9 13 15 15
25 12 12 11 14 4 24 15 22 10 11 19 24 14 17 17 26 28 24 12 28 3 8 10 16 0 19 11 23 25 23 17 18 25 15 20 14 20 8 17 18 25
22 10 16 13 14 17 20 18 4 10 17 6 6 12 5 11 13 10 5 17 11 21 12 9 8 19 0 13 7 6 9 12 6 11 12 8 7 15 11 7 8 22
15 4 3 0 3 8 14 6 17 4 4 10 16 16 14 18 16 19 18 4 18 11 10 6 7 11 13 0 14 19 13 18 15 15 17 18 6 9 6 16 17 15
17 11 15 14 13 20 16 16 8 13 17 4 3 18 11 18 7 5 6 17 5 24 17 13 7 23 7 14 0 7 3 19 13 4 18 15 9 12 15 14 15 17
24 15 21 19 18 24 22 22 4 16 22 9 4 17 10 15 13 5 1 22 7 27 19 16 12 25 6 19 7 0 10 17 10 10 16 11 13 18 18 11 12 24
15 11 14 13 12 20 13 15 11 13 16 4 6 20 14 20 4 7 9 15 6 24 18 13 7 23 9 13 3 10 0 21 15 2 20 17 9 9 16 16 17 15
32 16 21 18 20 17 30 24 13 14 21 17 18 3 8 2 25 22 16 22 23 20 10 13 17 17 12 18 19 17 21 0 7 23 2 6 15 25 13 6 5 32
27 12 18 15 17 17 25 21 6 11 19 11 11 6 1 5 19 15 10 20 16 20 10 10 12 18 6 15 13 10 15 7 0 16 6 3 10 20 11 1 2 27
15 13 16 15 14 22 14 16 12 15 18 7 6 22 15 21 3 6 9 17 4 26 20 16 9 25 11 15 4 10 2 23 16 0 22 18 12 10 18 17 19 15
30 14 19 17 18 15 29 22 12 12 19 16 17 0 7 2 24 21 16 20 22 18 8 11 16 15 12 17 18 16 20 2 6 22 0 6 13 23 11 5 5 30
30 15 21 18 19 19 28 23 7 14 21 13 12 7 4 4 21 16 11 22 17 22 12 13 15 20 8 18 15 11 17 6 3 18 6 0 13 22 14 2 1 30
17 3 8 6 7 11 16 11 11 4 10 5 10 13 9 13 13 14 12 10 14 15 9 4 3 14 7 6 9 13 9 15 10 12 13 13 0 10 6 11 12 17
7 9 8 9 6 17 5 7 18 12 9 10 15 23 19 24 9 16 17 9 14 19 18 13 8 20 15 9 12 18 9 25 20 10 23 22 10 0 15 21 22 7
21 6 9 6 9 6 20 12 15 3 9 11 16 10 10 12 19 20 17 10 20 9 4 2 9 8 11 6 15 18 16 13 11 18 11 14 6 15 0 11 13 21
28 13 18 16 17 17 26 21 7 11 19 12 12 5 2 4 20 16 11 20 17 20 10 10 13 17 7 16 14 11 16 6 1 17 5 2 11 21 11 0 2 28
29 14 20 17 19 18 28 23 8 13 21 14 13 5 4 3 22 17 12 22 18 21 11 12 15 18 8 17 15 12 17 5 2 19 5 1 12 22 13 2 0 29
0 16 13 15 13 22 2 11 25 19 14 16 21 30 26 31 12 21 23 13 19 24 25 20 15 25 22 15 17 24 15 32 27 15 30 30 17 7 21 28 29 0
,
0 27 35 30 25 53 5 26 51 44 34 47 47 87 75 67 27 46 49 29 41 25 34 55 42 75 38 20 42 28 38 39 69 32 59 31 41 13 38 39 83 0
46 0 14 6 13 15 17 25 18 6 10 9 26 33 28 16 17 21 34 15 36 13 18 9 10 16 29 7 24 45 12 41 33 32 17 25 3 17 8 13 24 17
27 7 0 8 3 15 20 8 52 21 3 14 32 21 45 24 32 32 25 2 57 31 32 22 18 33 36 8 27 43 15 26 23 40 51 31 20 17 21 20 60 38
16 4 6 0 6 17 14 8 21 11 6 11 30 36 31 49 22 51 46 9 40 32 23 8 18 32 28 0 38 44 16 41 23 28 32 20 7 17 11 35 37 42
36 6 5 7 0 26 15 11 35 16 8 10 38 37 30 43 30 51 20 10 39 22 35 15 14 32 38 3 29 54 15 60 33 23 48 49 17 8 16 45 27 34
22 11 12 14 23 0 31 32 47 10 10 18 49 24 20 41 59 41 29 12 67 10 10 23 26 9 50 22 30 26 59 35 34 34 41 48 32 19 12 35 54 35
2 20 33 27 11 60 0 18 47 29 35 23 33 33 55 65 16 32 49 16 41 41 51 26 38 52 39 25 19 52 18 85 54 19 49 78 24 7 37 39 32 5
25 17 7 13 8 12 14 0 32 30 9 31 43 39 42 31 38 31 26 3 42 27 20 32 25 32 28 11 42 48 33 54 23 30 24 43 23 12 22 62 51 28
37 21 55 20 38 37 47 30 0 34 31 17 8 18 13 11 27 13 5 36 16 27 20 13 17 28 8 20 10 9 17 25 18 21 17 7 29 23 19 21 22 49
51 7 12 5 12 12 42 22 20 0 15 24 32 25 25 37 31 42 32 9 40 21 14 3 11 24 21 7 17 20 16 25 30 34 15 22 9 14 7 33 28 31
17 16 3 7 6 10 18 4 31 21 0 35 37 46 51 31 37 32 43 2 49 22 36 23 22 32 35 7 18 49 27 51 25 26 26 63 15 16 18 28 37 20
48 13 26 23 26 34 21 18 16 25 34 0 9 39 29 40 22 14 13 26 25 43 15 10 10 33 16 11 11 12 11 37 31 16 42 19 8 18 24 19 24 23
55 16 43 21 27 57 40 24 14 38 36 12 0 25 19 23 24 5 5 32 10 52 46 16 15 49 17 38 9 6 17 34 24 13 24 33 27 26 33 12 30 35
45 20 24 47 36 37 63 39 17 32 22 40 39 0 13 7 55 56 26 50 61 24 19 18 26 21 28 18 46 46 52 6 13 40 1 15 32 33 23 7 8 32
72 26 24 33 25 20 38 47 10 18 25 15 21 20 0 8 49 28 10 53 32 26 21 26 23 42 10 31 30 24 19 14 3 39 8 9 12 35 26 2 7 34
63 22 32 35 47 20 58 35 20 31 56 20 24 6 8 0 28 35 39 35 36 55 25 23 41 42 21 21 42 26 38 2 6 22 5 10 38 29 19 6 7 51
22 38 35 28 22 68 22 27 23 28 51 9 18 32 49 26 0 18 34 30 7 64 32 29 24 78 17 40 14 24 11 72 27 4 52 41 15 17 41 48 63 37
32 41 54 22 30 53 22 36 19 20 30 19 11 27 34 23 13 0 13 42 5 76 26 44 35 31 18 33 7 7 13 28 20 7 35 48 39 29 45 39 26 24
52 23 32 24 25 66 45 29 9 27 60 21 4 22 10 29 37 8 0 59 15 57 26 16 11 49 13 38 14 1 24 20 11 24 26 17 28 36 24 20 13 61
25 14 3 7 9 17 33 3 57 9 2 36 21 45 32 60 44 58 29 0 24 26 21 24 13 22 51 5 24 63 24 54 52 27 48 55 12 15 26 40 63 20
51 18 54 37 39 66 39 27 20 20 54 18 8 28 21 55 13 3 18 58 0 52 25 49 19 65 20 39 13 15 11 58 42 12 23 31 25 19 35 46 31 21
61 38 14 12 21 10 63 35 64 14 30 23 35 17 24 29 40 65 55 24 47 0 11 18 30 4 32 13 40 28 69 51 58 74 44 66 25 20 16 46 39 68
29 17 31 16 24 18 36 20 36 18 23 18 34 9 12 20 51 26 48 34 26 20 0 15 28 8 19 17 20 46 45 14 20 40 18 34 12 19 8 11 17 35
23 4 20 12 11 19 51 33 36 3 17 25 25 18 9 29 49 54 27 14 52 22 7 0 14 16 15 11 30 16 20 37 16 20 14 35 10 15 4 15 17 48
33 5 12 15 9 22 19 15 21 11 13 5 23 34 17 24 22 33 32 15 26 40 31 17 0 23 18 10 19 31 10 43 31 20 42 32 6 9 20 28 34 22
38 31 18 27 39 7 49 22 58 13 29 43 71 29 35 42 74 51 25 13 37 4 17 21 35 0 35 15 47 76 53 17 38 58 26 31 17 51 12 31 47 59
63 13 26 19 36 36 41 46 8 12 22 7 7 32 6 30 30 20 6 27 19 55 22 27 12 36 0 33 19 7 19 36 10 23 25 13 11 24 15 12 23 44
24 9 6 0 5 11 14 9 45 9 10 13 39 18 20 20 31 38 20 5 39 19 20 14 20 30 14 0 28 54 28 20 23 25 49 49 8 15 17 40 32 22
26 27 33 38 19 61 24 47 21 33 38 9 4 20 15 44 15 10 12 26 12 59 46 30 10 58 8 20 0 18 6 47 16 10 28 24 18 12 45 34 38 37
33 42 49 56 26 30 64 40 9 17 48 16 8 43 26 32 18 7 3 42 19 68 38 22 13 34 10 21 20 0 17 22 27 29 49 11 14 22 43 13 22 60
18 15 20 16 21 21 25 37 15 29 41 13 18 31 34 27 8 15 10 33 13 65 46 36 10 48 27 17 5 10 0 52 17 4 58 18 20 24 33 23 39 23
40 20 31 30 32 24 86 40 24 18 50 28 27 4 14 4 48 61 21 43 46 31 18 24 26 27 27 38 32 49 56 0 9 32 4 16 16 30 25 10 9 46
41 35 25 38 34 20 40 42 14 31 43 18 13 14 3 8 31 33 14 38 45 33 26 10 36 43 7 31 26 29 30 19 0 36 9 5 23 46 29 3 6 73
28 18 30 36 14 33 40 35 19 17 29 18 7 64 23 25 4 17 14 33 11 47 22 45 26 28 29 39 9 21 6 52 35 0 57 55 16 11 26 23 20 35
39 34 45 26 48 26 47 46 31 24 27 32 22 1 11 3 45 24 36 47 56 51 17 21 37 15 19 42 41 25 59 4 7 30 0 10 36 61 18 9 9 81
36 17 38 18 33 45 77 28 16 40 33 37 25 17 5 5 31 23 14 48 21 63 20 22 23 55 17 51 38 31 45 7 5 46 16 0 29 62 20 4 2 84
48 4 18 9 19 17 43 30 21 7 18 10 18 23 9 14 35 17 33 15 35 41 14 11 9 22 12 11 20 17 21 27 27 13 26 19 0 16 7 23 35 18
13 17 12 17 16 47 14 12 32 30 10 14 41 26 22 49 19 37 45 17 23 29 22 18 13 31 19 11 31 44 25 61 51 13 24 27 15 0 23 34 54 15
23 10 16 17 26 10 39 16 15 9 20 17 26 16 16 33 22 23 30 12 44 19 8 4 11 20 34 13 31 46 31 20 18 33 29 28 15 35 0 31 32 52
43 32 29 21 45 17 63 27 17 12 46 19 25 10 4 7 38 37 12 59 48 43 11 30 18 48 10 23 14 26 21 10 2 38 11 6 32 34 18 0 2 33
67 41 52 19 36 44 66 37 9 27 57 38 20 12 7 9 55 20 28 52 44 60 26 32 39 55 16 50 34 17 40 6 6 22 13 3 24 47 21 5 0 67
0 36 23 19 22 65 5 24 45 41 33 38 42 43 74 86 24 27 57 23 29 47 31 41 34 60 65 25 44 65 39 66 48 39 83 74 32 20 56 48 74 0