7
40
,
0 (18.0, 27.0) 69.0
1 (6.0, 26.0) 40.0
2 (11.0, 28.0) 67.0
3 (10.0, 23.0) 53.0
4 (8.0, 43.0) 51.0
5 (3.0, 2.0) 32.0
6 (2.0, 21.0) 37.0
7 (44.0, 23.0) 68.0
8 (19.0, 32.0) 34.0
9 (4.0, 28.0) 32.0
10 (28.0, 17.0) 82.0
11 (39.0, 13.0) 55.0
12 (37.0, 47.0) 71.0
13 (39.0, 33.0) 81.0
14 (42.0, 45.0) 30.0
15 (25.0, 0.0) 50.0
16 (42.0, 5.0) 48.0
17 (44.0, 16.0) 55.0
18 (3.0, 26.0) 36.0
19 (38.0, 3.0) 76.0
20 (3.0, 48.0) 47.0
21 (23.0, 44.0) 46.0
22 (21.0, 34.0) 89.0
23 (22.0, 20.0) 34.0
24 (9.0, 50.0) 56.0
25 (37.0, 24.0) 48.0
26 (11.0, 28.0) 49.0
27 (33.0, 11.0) 48.0
28 (46.0, 15.0) 71.0
29 (28.0, 8.0) 42.0
30 (42.0, 48.0) 69.0
31 (41.0, 35.0) 58.0
32 (30.0, 4.0) 55.0
33 (38.0, 47.0) 49.0
34 (46.0, 37.0) 56.0
35 (23.0, 26.0) 46.0
36 (10.0, 10.0) 54.0
37 (19.0, 38.0) 63.0
38 (41.0, 37.0) 40.0
39 (44.0, 39.0) 66.0
,
0 16 13 15 13 22 2 11 25 19 14 16 21 30 26 31 12 21 23 13 19 24 25 20 15 25 22 15 17 24 15 32 27 15 30 30 17 7 21 28 29 0
16 0 6 4 4 9 15 9 13 3 7 7 13 14 11 15 14 16 14 8 16 13 9 4 4 12 10 4 11 15 11 16 12 13 14 15 3 9 6 13 14 16
13 6 0 3 2 9 12 3 19 7 1 12 18 19 17 20 16 21 20 2 20 11 12 8 9 12 16 3 15 21 14 21 18 16 19 21 8 8 9 18 20 13
15 4 3 0 3 8 14 6 17 4 4 10 16 16 14 18 16 19 18 4 18 11 10 6 7 11 13 0 14 19 13 18 15 15 17 18 6 9 6 16 17 15
13 4 2 3 0 10 11 4 17 6 4 9 15 18 15 19 14 18 17 4 17 13 12 8 6 14 14 3 13 18 12 20 17 14 18 19 7 6 9 17 19 13
22 9 9 8 10 0 21 11 21 8 8 16 22 15 16 17 23 25 22 9 25 4 8 8 13 4 17 8 20 24 20 17 17 22 15 19 11 17 6 17 18 22
2 15 12 14 11 21 0 10 23 17 13 15 19 28 24 29 11 20 22 12 18 23 23 18 13 24 20 14 16 22 13 30 25 14 29 28 16 5 20 26 28 2
11 9 3 6 4 11 10 0 21 10 4 13 19 22 19 23 16 22 21 3 20 14 16 12 10 15 18 6 16 22 15 24 21 16 22 23 11 7 12 21 23 11
25 13 19 17 17 21 23 21 0 13 20 9 6 12 6 11 15 9 4 21 10 24 15 13 11 22 4 17 8 4 11 13 6 12 12 7 11 18 15 7 8 25
19 3 7 4 6 8 17 10 13 0 8 9 14 12 10 13 16 18 15 9 17 11 6 1 6 10 10 4 13 16 13 14 11 15 12 14 4 12 3 11 13 19
14 7 1 4 4 8 13 4 20 8 0 13 19 19 18 21 18 22 21 1 21 10 12 9 10 11 17 4 17 22 16 21 19 18 19 21 10 9 9 19 21 14
16 7 12 10 9 16 15 13 9 9 13 0 6 16 10 16 9 9 8 13 9 20 14 9 3 19 6 10 4 9 4 17 11 7 16 13 5 10 11 12 14 16
21 13 18 16 15 22 19 19 6 14 19 6 0 17 10 16 10 4 3 19 5 25 17 14 9 24 6 16 3 4 6 18 11 6 17 12 10 15 16 12 13 21
30 14 19 16 18 15 28 22 12 12 19 16 17 0 7 3 24 21 16 20 22 17 7 10 15 14 12 16 18 17 20 3 6 22 0 7 13 23 10 5 5 30
26 11 17 14 15 16 24 19 6 10 18 10 10 7 0 6 18 14 9 18 15 20 10 9 11 17 5 14 11 10 14 8 1 15 7 4 9 19 10 2 4 26
31 15 20 18 19 17 29 23 11 13 21 16 16 3 6 0 24 20 15 22 21 20 10 12 16 17 11 18 18 15 20 2 5 21 2 4 13 24 12 4 3 31
12 14 16 16 14 23 11 16 15 16 18 9 10 24 18 24 0 9 12 17 7 26 22 17 10 26 13 16 7 13 4 25 19 3 24 21 13 9 19 20 22 12
21 16 21 19 18 25 20 22 9 18 22 9 4 21 14 20 9 0 6 22 2 29 22 18 12 28 10 19 5 5 7 22 15 6 21 16 14 16 20 16 17 21
23 14 20 18 17 22 22 21 4 15 21 8 3 16 9 15 12 6 0 21 7 26 18 15 11 24 5 18 6 1 9 16 10 9 16 11 12 17 17 11 12 23
13 8 2 4 4 9 12 3 21 9 1 13 19 20 18 22 17 22 21 0 21 11 13 10 10 12 17 4 17 22 15 22 20 17 20 22 10 9 10 20 22 13
19 16 20 18 17 25 18 20 10 17 21 9 5 22 15 21 7 2 7 21 0 29 22 18 12 28 11 18 5 7 6 23 16 4 22 17 14 14 20 17 18 19
24 13 11 11 13 4 23 14 24 11 10 20 25 17 20 20 26 29 26 11 29 0 10 11 17 3 21 11 24 27 24 20 20 26 18 22 15 19 9 20 21 24
25 9 12 10 12 8 23 16 15 6 12 14 17 7 10 10 22 22 18 13 22 10 0 5 12 8 12 10 17 19 18 10 10 20 8 12 9 18 4 10 11 25
20 4 8 6 8 8 18 12 13 1 9 9 14 10 9 12 17 18 15 10 18 11 5 0 7 10 9 6 13 16 13 13 10 16 11 13 4 13 2 10 12 20
15 4 9 7 6 13 13 10 11 6 10 3 9 15 11 16 10 12 11 10 12 17 12 7 0 16 8 7 7 12 7 17 12 9 16 15 3 8 9 13 15 15
25 12 12 11 14 4 24 15 22 10 11 19 24 14 17 17 26 28 24 12 28 3 8 10 16 0 19 11 23 25 23 17 18 25 15 20 14 20 8 17 18 25
22 10 16 13 14 17 20 18 4 10 17 6 6 12 5 11 13 10 5 17 11 21 12 9 8 19 0 13 7 6 9 12 6 11 12 8 7 15 11 7 8 22
15 4 3 0 3 8 14 6 17 4 4 10 16 16 14 18 16 19 18 4 18 11 10 6 7 11 13 0 14 19 13 18 15 15 17 18 6 9 6 16 17 15
17 11 15 14 13 20 16 16 8 13 17 4 3 18 11 18 7 5 6 17 5 24 17 13 7 23 7 14 0 7 3 19 13 4 18 15 9 12 15 14 15 17
24 15 21 19 18 24 22 22 4 16 22 9 4 17 10 15 13 5 1 22 7 27 19 16 12 25 6 19 7 0 10 17 10 10 16 11 13 18 18 11 12 24
15 11 14 13 12 20 13 15 11 13 16 4 6 20 14 20 4 7 9 15 6 24 18 13 7 23 9 13 3 10 0 21 15 2 20 17 9 9 16 16 17 15
32 16 21 18 20 17 30 24 13 14 21 17 18 3 8 2 25 22 16 22 23 20 10 13 17 17 12 18 19 17 21 0 7 23 2 6 15 25 13 6 5 32
27 12 18 15 17 17 25 21 6 11 19 11 11 6 1 5 19 15 10 20 16 20 10 10 12 18 6 15 13 10 15 7 0 16 6 3 10 20 11 1 2 27
15 13 16 15 14 22 14 16 12 15 18 7 6 22 15 21 3 6 9 17 4 26 20 16 9 25 11 15 4 10 2 23 16 0 22 18 12 10 18 17 19 15
30 14 19 17 18 15 29 22 12 12 19 16 17 0 7 2 24 21 16 20 22 18 8 11 16 15 12 17 18 16 20 2 6 22 0 6 13 23 11 5 5 30
30 15 21 18 19 19 28 23 7 14 21 13 12 7 4 4 21 16 11 22 17 22 12 13 15 20 8 18 15 11 17 6 3 18 6 0 13 22 14 2 1 30
17 3 8 6 7 11 16 11 11 4 10 5 10 13 9 13 13 14 12 10 14 15 9 4 3 14 7 6 9 13 9 15 10 12 13 13 0 10 6 11 12 17
7 9 8 9 6 17 5 7 18 12 9 10 15 23 19 24 9 16 17 9 14 19 18 13 8 20 15 9 12 18 9 25 20 10 23 22 10 0 15 21 22 7
21 6 9 6 9 6 20 12 15 3 9 11 16 10 10 12 19 20 17 10 20 9 4 2 9 8 11 6 15 18 16 13 11 18 11 14 6 15 0 11 13 21
28 13 18 16 17 17 26 21 7 11 19 12 12 5 2 4 20 16 11 20 17 20 10 10 13 17 7 16 14 11 16 6 1 17 5 2 11 21 11 0 2 28
29 14 20 17 19 18 28 23 8 13 21 14 13 5 4 3 22 17 12 22 18 21 11 12 15 18 8 17 15 12 17 5 2 19 5 1 12 22 13 2 0 29
0 16 13 15 13 22 2 11 25 19 14 16 21 30 26 31 12 21 23 13 19 24 25 20 15 25 22 15 17 24 15 32 27 15 30 30 17 7 21 28 29 0
,
0 18 32 36 26 44 3 13 51 21 20 43 53 88 48 90 25 35 28 36 28 68 63 25 22 63 56 32 29 55 35 62 44 45 47 30 20 19 24 52 66 0
27 0 11 9 13 16 18 11 13 3 8 17 29 20 15 37 24 23 17 9 19 29 23 7 7 32 21 10 15 39 14 41 29 23 24 26 4 26 9 36 36 28
22 17 0 4 5 16 16 5 31 12 3 29 22 55 50 55 36 39 38 2 54 18 27 21 17 23 19 5 33 27 25 57 37 46 35 34 17 11 23 22 21 19
23 8 7 0 4 19 33 9 48 5 9 29 46 32 24 39 33 58 31 10 25 32 23 10 15 13 19 0 31 36 13 35 31 39 18 25 9 25 17 30 49 23
28 6 4 7 0 27 19 12 28 18 4 24 18 41 26 56 25 35 21 4 32 16 27 8 10 24 31 6 23 33 23 43 20 40 19 31 11 9 17 31 19 24
61 15 20 10 29 0 49 25 56 17 17 46 63 42 30 45 27 37 58 17 31 8 8 15 38 5 42 19 41 49 35 34 38 40 40 34 13 49 10 40 46 26
2 24 23 16 17 22 0 19 61 33 18 37 55 72 27 57 13 58 29 34 42 64 27 35 31 60 29 23 30 42 37 88 43 35 44 79 23 14 51 77 34 3
16 22 6 8 9 18 11 0 26 27 6 29 57 49 50 55 44 55 22 5 26 17 27 28 12 39 26 9 19 28 21 70 53 38 41 61 31 16 19 42 38 16
36 26 52 43 45 52 52 28 0 39 38 18 12 26 12 32 18 21 4 56 17 36 30 23 32 57 8 29 20 8 14 29 10 22 26 20 13 33 41 9 20 67
42 3 14 7 8 14 30 15 34 0 18 22 32 33 26 25 19 44 17 13 45 14 9 2 8 21 18 9 20 19 25 21 15 27 13 33 9 30 4 28 15 36
27 15 4 10 10 17 17 10 33 11 0 14 55 26 24 21 26 32 61 1 28 28 37 19 13 23 21 8 28 50 29 37 27 21 39 22 22 16 19 43 61 28
25 17 13 18 20 45 17 37 20 15 36 0 12 41 24 38 9 22 23 21 18 33 26 23 7 38 12 14 12 25 6 28 26 19 21 22 5 20 20 14 21 41
35 19 40 28 37 50 52 27 9 30 40 7 0 46 16 19 27 11 4 37 10 51 35 38 10 59 8 34 5 4 13 25 19 9 41 25 26 32 30 27 31 29
62 26 49 34 39 43 41 38 13 35 40 31 37 0 17 4 59 42 32 29 37 40 18 30 44 24 20 48 21 44 35 4 15 23 1 7 16 55 23 9 9 47
52 16 47 18 46 40 68 26 15 28 19 24 14 7 0 12 28 38 20 34 19 44 28 14 15 31 9 34 16 15 31 10 4 44 15 7 25 21 20 3 5 47
72 30 33 20 51 19 85 29 17 38 59 24 38 5 12 0 51 47 19 28 34 27 25 15 38 21 13 52 49 42 48 4 7 35 4 9 26 51 29 12 6 51
19 40 44 40 15 40 32 25 28 48 23 22 19 58 25 68 0 25 34 42 12 51 29 26 10 72 27 27 16 26 12 65 28 7 48 42 36 13 24 32 44 14
23 22 49 22 34 64 40 49 15 30 62 19 11 22 31 42 10 0 13 30 6 38 29 19 32 39 25 56 11 15 14 61 40 9 23 33 26 30 25 19 47 63
56 21 23 26 40 41 64 61 7 39 54 20 7 22 18 35 22 12 0 47 14 40 41 23 17 62 7 34 15 3 19 46 14 22 26 18 19 47 33 25 28 51
28 16 2 9 7 15 23 7 49 21 2 27 20 38 53 60 26 66 54 0 36 32 37 20 18 34 36 8 23 66 45 50 50 19 34 49 11 14 30 49 53 22
23 23 43 42 46 71 45 57 21 37 51 17 9 36 43 26 14 6 9 47 0 79 58 45 29 60 14 19 14 18 14 25 47 9 32 51 38 19 41 24 29 54
59 22 28 11 27 4 39 14 41 12 27 30 69 47 49 49 35 60 36 18 57 0 24 22 48 7 21 26 64 61 58 43 42 41 40 42 23 24 16 33 40 47
29 25 32 23 21 17 47 17 16 19 33 36 29 18 16 19 47 28 50 17 43 15 0 6 31 20 16 16 27 49 44 14 18 55 18 34 24 43 9 27 23 38
44 11 14 7 13 20 48 26 32 1 20 11 21 30 10 33 39 34 43 13 23 22 9 0 19 26 15 6 19 33 39 14 25 42 26 17 8 38 3 17 13 25
27 8 11 8 7 37 32 27 18 17 24 7 20 16 29 35 26 32 21 23 27 18 25 15 0 31 17 13 14 26 12 51 25 10 45 38 4 20 21 17 27 36
64 19 24 26 29 9 59 42 26 19 26 49 46 42 32 35 50 46 58 30 51 6 22 26 38 0 43 29 25 42 43 45 38 32 32 52 31 43 10 22 36 64
50 23 34 25 27 22 30 26 9 22 36 17 11 18 10 28 24 29 10 25 21 42 16 15 12 22 0 22 17 12 22 21 12 20 26 19 16 27 12 12 14 28
39 6 7 0 6 17 16 12 50 5 4 21 46 20 16 41 17 51 28 8 42 19 15 17 8 21 28 0 25 34 27 19 21 34 24 33 15 24 8 46 41 35
42 21 32 26 29 50 22 30 12 35 28 6 3 53 29 26 16 13 8 29 8 54 22 21 8 65 10 24 0 12 5 55 19 10 31 41 26 24 29 29 21 22
52 27 58 56 27 33 56 38 12 19 36 11 7 28 17 30 27 10 2 37 10 37 42 38 31 71 8 50 13 0 22 27 21 15 45 32 35 51 26 11 15 69
40 31 16 21 31 51 30 31 15 31 43 5 7 37 21 45 9 18 24 26 13 53 41 27 9 53 21 38 4 14 0 34 30 3 59 22 23 26 34 34 46 22
94 22 55 35 34 17 49 72 28 17 44 20 20 4 12 2 26 26 35 56 49 25 21 21 26 19 13 52 24 47 52 0 12 38 6 17 28 43 30 12 7 94
59 37 44 22 34 23 59 43 8 11 45 30 31 11 4 8 53 23 21 48 18 38 17 13 17 20 15 18 23 27 29 11 0 22 11 3 15 56 22 2 7 53
30 23 36 20 26 40 20 45 22 44 37 9 17 30 25 61 3 16 14 45 7 53 23 17 16 31 13 39 6 19 6 26 47 0 65 50 12 21 25 23 22 40
35 21 33 42 36 25 83 35 17 28 33 47 18 1 20 6 57 25 33 23 57 31 11 17 17 30 12 35 43 38 31 3 11 53 0 14 37 57 25 8 5 86
30 20 48 27 49 46 71 41 18 26 45 22 20 18 9 13 31 22 12 29 21 49 20 25 40 28 23 43 29 24 46 7 5 47 12 0 21 49 19 5 3 75
51 4 20 11 11 13 30 24 25 4 23 13 26 13 9 19 28 18 18 18 30 17 10 9 4 37 14 9 13 17 23 15 15 33 36 14 0 22 8 24 37 39
13 16 16 16 11 22 10 17 50 15 28 11 27 42 50 46 16 44 43 21 32 23 46 15 20 46 30 24 34 23 21 69 22 24 64 50 29 0 35 36 51 18
56 7 24 12 18 12 30 25 39 7 9 27 47 17 11 35 45 36 38 22 33 10 4 5 16 18 25 17 36 44 24 18 15 27 17 35 14 21 0 14 34 63
33 27 27 35 42 33 77 63 19 30 27 32 29 7 5 10 31 28 15 52 34 35 27 15 23 19 10 43 17 33 24 10 2 18 12 6 30 60 29 0 2 36
57 34 21 44 28 47 67 64 19 18 46 26 27 10 6 8 30 48 24 27 43 60 13 17 20 29 16 29 34 34 35 5 6 27 7 2 36 53 29 4 0 51
0 24 20 43 25 35 2 28 60 51 32 22 26 44 39 85 27 55 25 34 25 61 42 47 35 35 46 23 43 39 21 88 55 37 38 56 43 20 54 52 78 0