7
40
,
0 (18.0, 27.0) 84.0
1 (6.0, 26.0) 41.0
2 (11.0, 28.0) 40.0
3 (10.0, 23.0) 57.0
4 (8.0, 43.0) 38.0
5 (3.0, 2.0) 32.0
6 (2.0, 21.0) 37.0
7 (44.0, 23.0) 51.0
8 (19.0, 32.0) 61.0
9 (4.0, 28.0) 70.0
10 (28.0, 17.0) 66.0
11 (39.0, 13.0) 46.0
12 (37.0, 47.0) 78.0
13 (39.0, 33.0) 82.0
14 (42.0, 45.0) 65.0
15 (25.0, 0.0) 83.0
16 (42.0, 5.0) 33.0
17 (44.0, 16.0) 82.0
18 (3.0, 26.0) 32.0
19 (38.0, 3.0) 47.0
20 (3.0, 48.0) 31.0
21 (23.0, 44.0) 80.0
22 (21.0, 34.0) 36.0
23 (22.0, 20.0) 39.0
24 (9.0, 50.0) 31.0
25 (37.0, 24.0) 31.0
26 (11.0, 28.0) 73.0
27 (33.0, 11.0) 40.0
28 (46.0, 15.0) 76.0
29 (28.0, 8.0) 84.0
30 (42.0, 48.0) 37.0
31 (41.0, 35.0) 71.0
32 (30.0, 4.0) 59.0
33 (38.0, 47.0) 43.0
34 (46.0, 37.0) 36.0
35 (23.0, 26.0) 89.0
36 (10.0, 10.0) 35.0
37 (19.0, 38.0) 57.0
38 (41.0, 37.0) 64.0
39 (44.0, 39.0) 85.0
,
0 16 13 15 13 22 2 11 25 19 14 16 21 30 26 31 12 21 23 13 19 24 25 20 15 25 22 15 17 24 15 32 27 15 30 30 17 7 21 28 29 0
16 0 6 4 4 9 15 9 13 3 7 7 13 14 11 15 14 16 14 8 16 13 9 4 4 12 10 4 11 15 11 16 12 13 14 15 3 9 6 13 14 16
13 6 0 3 2 9 12 3 19 7 1 12 18 19 17 20 16 21 20 2 20 11 12 8 9 12 16 3 15 21 14 21 18 16 19 21 8 8 9 18 20 13
15 4 3 0 3 8 14 6 17 4 4 10 16 16 14 18 16 19 18 4 18 11 10 6 7 11 13 0 14 19 13 18 15 15 17 18 6 9 6 16 17 15
13 4 2 3 0 10 11 4 17 6 4 9 15 18 15 19 14 18 17 4 17 13 12 8 6 14 14 3 13 18 12 20 17 14 18 19 7 6 9 17 19 13
22 9 9 8 10 0 21 11 21 8 8 16 22 15 16 17 23 25 22 9 25 4 8 8 13 4 17 8 20 24 20 17 17 22 15 19 11 17 6 17 18 22
2 15 12 14 11 21 0 10 23 17 13 15 19 28 24 29 11 20 22 12 18 23 23 18 13 24 20 14 16 22 13 30 25 14 29 28 16 5 20 26 28 2
11 9 3 6 4 11 10 0 21 10 4 13 19 22 19 23 16 22 21 3 20 14 16 12 10 15 18 6 16 22 15 24 21 16 22 23 11 7 12 21 23 11
25 13 19 17 17 21 23 21 0 13 20 9 6 12 6 11 15 9 4 21 10 24 15 13 11 22 4 17 8 4 11 13 6 12 12 7 11 18 15 7 8 25
19 3 7 4 6 8 17 10 13 0 8 9 14 12 10 13 16 18 15 9 17 11 6 1 6 10 10 4 13 16 13 14 11 15 12 14 4 12 3 11 13 19
14 7 1 4 4 8 13 4 20 8 0 13 19 19 18 21 18 22 21 1 21 10 12 9 10 11 17 4 17 22 16 21 19 18 19 21 10 9 9 19 21 14
16 7 12 10 9 16 15 13 9 9 13 0 6 16 10 16 9 9 8 13 9 20 14 9 3 19 6 10 4 9 4 17 11 7 16 13 5 10 11 12 14 16
21 13 18 16 15 22 19 19 6 14 19 6 0 17 10 16 10 4 3 19 5 25 17 14 9 24 6 16 3 4 6 18 11 6 17 12 10 15 16 12 13 21
30 14 19 16 18 15 28 22 12 12 19 16 17 0 7 3 24 21 16 20 22 17 7 10 15 14 12 16 18 17 20 3 6 22 0 7 13 23 10 5 5 30
26 11 17 14 15 16 24 19 6 10 18 10 10 7 0 6 18 14 9 18 15 20 10 9 11 17 5 14 11 10 14 8 1 15 7 4 9 19 10 2 4 26
31 15 20 18 19 17 29 23 11 13 21 16 16 3 6 0 24 20 15 22 21 20 10 12 16 17 11 18 18 15 20 2 5 21 2 4 13 24 12 4 3 31
12 14 16 16 14 23 11 16 15 16 18 9 10 24 18 24 0 9 12 17 7 26 22 17 10 26 13 16 7 13 4 25 19 3 24 21 13 9 19 20 22 12
21 16 21 19 18 25 20 22 9 18 22 9 4 21 14 20 9 0 6 22 2 29 22 18 12 28 10 19 5 5 7 22 15 6 21 16 14 16 20 16 17 21
23 14 20 18 17 22 22 21 4 15 21 8 3 16 9 15 12 6 0 21 7 26 18 15 11 24 5 18 6 1 9 16 10 9 16 11 12 17 17 11 12 23
13 8 2 4 4 9 12 3 21 9 1 13 19 20 18 22 17 22 21 0 21 11 13 10 10 12 17 4 17 22 15 22 20 17 20 22 10 9 10 20 22 13
19 16 20 18 17 25 18 20 10 17 21 9 5 22 15 21 7 2 7 21 0 29 22 18 12 28 11 18 5 7 6 23 16 4 22 17 14 14 20 17 18 19
24 13 11 11 13 4 23 14 24 11 10 20 25 17 20 20 26 29 26 11 29 0 10 11 17 3 21 11 24 27 24 20 20 26 18 22 15 19 9 20 21 24
25 9 12 10 12 8 23 16 15 6 12 14 17 7 10 10 22 22 18 13 22 10 0 5 12 8 12 10 17 19 18 10 10 20 8 12 9 18 4 10 11 25
20 4 8 6 8 8 18 12 13 1 9 9 14 10 9 12 17 18 15 10 18 11 5 0 7 10 9 6 13 16 13 13 10 16 11 13 4 13 2 10 12 20
15 4 9 7 6 13 13 10 11 6 10 3 9 15 11 16 10 12 11 10 12 17 12 7 0 16 8 7 7 12 7 17 12 9 16 15 3 8 9 13 15 15
25 12 12 11 14 4 24 15 22 10 11 19 24 14 17 17 26 28 24 12 28 3 8 10 16 0 19 11 23 25 23 17 18 25 15 20 14 20 8 17 18 25
22 10 16 13 14 17 20 18 4 10 17 6 6 12 5 11 13 10 5 17 11 21 12 9 8 19 0 13 7 6 9 12 6 11 12 8 7 15 11 7 8 22
15 4 3 0 3 8 14 6 17 4 4 10 16 16 14 18 16 19 18 4 18 11 10 6 7 11 13 0 14 19 13 18 15 15 17 18 6 9 6 16 17 15
17 11 15 14 13 20 16 16 8 13 17 4 3 18 11 18 7 5 6 17 5 24 17 13 7 23 7 14 0 7 3 19 13 4 18 15 9 12 15 14 15 17
24 15 21 19 18 24 22 22 4 16 22 9 4 17 10 15 13 5 1 22 7 27 19 16 12 25 6 19 7 0 10 17 10 10 16 11 13 18 18 11 12 24
15 11 14 13 12 20 13 15 11 13 16 4 6 20 14 20 4 7 9 15 6 24 18 13 7 23 9 13 3 10 0 21 15 2 20 17 9 9 16 16 17 15
32 16 21 18 20 17 30 24 13 14 21 17 18 3 8 2 25 22 16 22 23 20 10 13 17 17 12 18 19 17 21 0 7 23 2 6 15 25 13 6 5 32
27 12 18 15 17 17 25 21 6 11 19 11 11 6 1 5 19 15 10 20 16 20 10 10 12 18 6 15 13 10 15 7 0 16 6 3 10 20 11 1 2 27
15 13 16 15 14 22 14 16 12 15 18 7 6 22 15 21 3 6 9 17 4 26 20 16 9 25 11 15 4 10 2 23 16 0 22 18 12 10 18 17 19 15
30 14 19 17 18 15 29 22 12 12 19 16 17 0 7 2 24 21 16 20 22 18 8 11 16 15 12 17 18 16 20 2 6 22 0 6 13 23 11 5 5 30
30 15 21 18 19 19 28 23 7 14 21 13 12 7 4 4 21 16 11 22 17 22 12 13 15 20 8 18 15 11 17 6 3 18 6 0 13 22 14 2 1 30
17 3 8 6 7 11 16 11 11 4 10 5 10 13 9 13 13 14 12 10 14 15 9 4 3 14 7 6 9 13 9 15 10 12 13 13 0 10 6 11 12 17
7 9 8 9 6 17 5 7 18 12 9 10 15 23 19 24 9 16 17 9 14 19 18 13 8 20 15 9 12 18 9 25 20 10 23 22 10 0 15 21 22 7
21 6 9 6 9 6 20 12 15 3 9 11 16 10 10 12 19 20 17 10 20 9 4 2 9 8 11 6 15 18 16 13 11 18 11 14 6 15 0 11 13 21
28 13 18 16 17 17 26 21 7 11 19 12 12 5 2 4 20 16 11 20 17 20 10 10 13 17 7 16 14 11 16 6 1 17 5 2 11 21 11 0 2 28
29 14 20 17 19 18 28 23 8 13 21 14 13 5 4 3 22 17 12 22 18 21 11 12 15 18 8 17 15 12 17 5 2 19 5 1 12 22 13 2 0 29
0 16 13 15 13 22 2 11 25 19 14 16 21 30 26 31 12 21 23 13 19 24 25 20 15 25 22 15 17 24 15 32 27 15 30 30 17 7 21 28 29 0
,
0 22 15 15 33 42 5 25 40 37 26 41 21 55 61 42 30 63 39 31 27 35 70 50 19 63 28 41 37 40 39 91 33 19 44 37 51 17 63 75 35 0
45 0 11 5 9 14 34 18 14 6 16 10 16 38 21 26 34 44 29 15 38 27 20 10 8 30 24 7 26 33 15 38 15 27 20 36 6 21 14 26 26 39
37 12 0 4 6 23 16 6 34 18 2 15 35 28 41 47 28 58 43 3 51 12 36 13 11 35 42 4 42 58 15 57 41 24 34 21 15 18 22 35 39 35
29 10 3 0 4 10 29 13 47 5 8 30 40 19 37 41 46 24 52 11 21 29 27 11 18 19 31 0 36 54 23 37 31 35 43 36 18 17 15 37 27 40
27 5 5 6 0 16 11 10 35 8 9 21 25 36 28 47 22 31 36 10 23 37 28 20 16 14 24 7 27 35 20 29 42 40 32 27 12 10 22 43 43 29
35 14 20 15 19 0 60 32 31 15 15 21 55 38 23 39 55 34 33 12 57 7 10 13 24 9 24 14 31 26 28 37 23 43 31 39 22 35 14 19 54 32
5 16 17 19 24 32 0 28 45 35 16 24 26 32 48 38 30 36 44 31 40 24 60 29 35 46 36 29 32 36 20 69 69 37 84 73 31 13 56 43 75 2
17 22 4 12 5 21 12 0 55 26 10 33 39 58 22 55 22 39 24 7 42 22 32 15 13 35 25 7 23 42 17 25 29 18 54 45 17 18 17 27 32 13
39 38 23 20 34 26 49 26 0 34 22 20 12 35 16 30 38 21 10 44 18 45 20 30 33 37 4 25 24 12 28 28 16 31 36 17 15 46 16 12 11 66
33 4 21 11 10 22 41 15 25 0 23 11 39 19 23 21 38 18 19 9 31 27 10 3 7 26 12 7 20 47 15 24 17 26 30 30 7 12 5 25 34 39
29 10 2 10 11 20 38 11 48 15 0 30 52 27 25 45 38 48 55 2 54 14 20 15 28 17 30 7 40 33 36 61 53 29 49 34 26 13 13 31 51 24
37 13 29 16 19 27 33 23 12 19 30 0 14 42 19 47 21 22 18 32 16 48 31 23 6 41 16 18 11 19 9 19 30 11 23 24 8 22 13 17 18 35
53 19 52 47 25 39 35 43 12 17 32 8 0 37 18 29 18 9 5 55 11 52 50 17 12 67 16 47 8 5 17 31 27 9 30 37 25 22 22 24 31 24
40 28 19 26 23 28 48 44 26 17 45 45 37 0 13 7 66 49 24 25 44 42 11 23 27 16 28 35 22 22 49 6 15 39 1 11 29 33 17 6 13 86
50 12 35 23 38 20 31 44 7 26 35 25 16 10 0 16 24 30 19 28 42 39 11 16 19 41 8 21 13 20 24 14 4 39 9 11 23 46 31 5 5 35
73 30 30 31 43 34 82 34 29 17 40 20 35 4 15 0 55 56 23 57 44 48 22 33 35 39 26 21 22 40 25 3 11 24 5 9 25 31 32 8 5 36
33 41 19 38 34 45 18 30 32 46 41 19 28 28 49 31 0 13 15 20 15 49 65 39 25 50 19 34 18 19 12 58 52 5 33 35 39 18 54 51 40 31
44 23 31 45 34 41 33 23 18 47 29 14 5 24 26 37 10 0 9 50 3 86 56 45 23 50 21 34 6 11 13 34 16 10 35 41 20 25 35 27 45 36
32 19 56 33 42 48 25 22 8 23 39 15 4 25 22 36 14 6 0 34 16 58 34 40 14 30 6 50 16 3 20 18 26 22 25 21 34 33 24 30 26 24
30 21 3 10 6 26 14 5 60 17 1 40 55 56 54 27 26 26 45 0 28 18 37 21 13 16 49 6 27 31 29 55 55 43 52 60 17 11 19 44 58 15
39 36 56 37 26 59 39 59 13 50 57 14 11 25 37 51 18 2 12 21 0 78 25 45 31 36 18 40 10 12 15 64 42 12 47 33 24 22 58 30 35 23
56 37 15 22 30 8 52 21 38 17 20 42 47 28 58 53 77 55 48 24 46 0 26 18 42 9 47 21 28 72 60 51 42 56 48 47 30 55 23 23 35 30
46 11 21 26 20 16 31 36 18 12 19 40 48 19 13 20 63 49 40 18 40 27 0 14 34 16 29 18 46 47 32 21 26 21 8 18 15 43 9 11 32 45
24 6 13 14 20 24 26 27 36 3 16 13 33 16 16 17 51 42 28 19 42 12 7 0 18 29 12 8 15 21 26 30 28 45 27 21 11 34 6 15 13 24
32 11 16 14 9 31 32 13 19 11 10 10 26 17 11 34 11 31 30 23 16 42 13 16 0 47 10 13 17 22 18 25 15 23 32 32 6 16 13 31 39 37
71 29 13 18 32 7 54 29 38 18 28 31 57 31 23 43 34 36 48 31 30 6 23 25 36 0 45 16 64 36 32 46 29 41 21 50 34 26 8 34 38 41
30 23 29 27 30 20 47 47 5 26 23 13 13 15 10 18 17 12 7 30 24 40 18 10 13 32 0 23 19 14 19 28 11 26 19 16 15 17 33 10 17 41
28 7 3 0 7 9 23 16 30 11 9 11 21 27 14 46 46 28 21 6 37 22 26 8 17 12 23 0 39 32 39 35 27 25 42 41 15 22 10 40 47 44
34 28 29 18 14 27 41 25 23 34 29 6 4 36 20 18 16 12 8 31 10 33 27 14 18 57 15 23 0 16 5 43 19 7 30 32 11 28 24 25 26 22
72 46 32 48 24 29 54 28 5 34 60 23 7 46 24 25 16 8 2 48 12 77 50 23 33 27 13 45 9 0 12 40 28 20 43 16 32 40 22 29 17 41
40 30 38 34 32 22 23 25 24 16 16 8 11 30 28 20 12 18 18 15 13 49 50 39 7 32 18 31 8 11 0 52 39 5 21 51 27 13 29 35 44 27
81 30 38 20 23 23 35 63 18 19 50 49 22 7 9 2 43 27 26 41 36 58 21 19 51 49 17 23 45 42 36 0 11 37 4 13 34 38 19 11 6 83
54 33 40 36 42 42 57 56 7 30 29 12 20 11 1 15 22 22 21 48 22 49 26 11 24 51 17 22 32 26 24 19 0 48 18 5 12 32 13 2 4 54
19 32 49 21 21 65 19 33 16 33 45 15 8 39 43 35 6 17 23 23 9 38 43 32 14 38 31 41 7 18 6 37 18 0 57 49 13 24 22 32 20 23
62 41 26 39 33 16 63 66 31 13 27 38 46 1 15 6 59 40 19 51 61 52 9 31 21 39 33 24 28 35 24 6 8 41 0 16 26 65 28 12 9 39
51 33 59 25 21 50 40 27 7 15 56 23 21 20 7 11 32 27 18 44 29 36 33 19 28 48 16 20 36 15 28 17 5 49 10 0 36 40 20 4 3 66
42 6 19 16 14 21 41 23 15 7 25 9 25 35 25 23 35 38 16 28 18 25 11 6 8 23 18 12 11 29 25 23 27 32 28 34 0 22 7 19 21 22
14 16 11 21 12 28 13 17 30 26 24 18 33 49 55 40 17 37 19 22 32 35 41 27 20 49 19 24 30 48 14 39 42 14 61 45 24 0 43 52 66 20
43 6 24 18 17 17 44 18 21 6 17 24 19 17 27 33 34 32 30 10 43 25 9 4 27 9 33 18 32 35 34 29 24 35 19 28 11 36 0 19 32 32
45 27 36 45 28 43 36 39 14 32 21 24 12 12 5 9 54 38 30 49 33 27 22 13 20 47 15 33 31 21 43 11 2 37 5 6 13 29 30 0 4 34
82 26 38 18 27 25 45 53 22 16 27 22 34 7 7 8 53 20 14 46 53 24 29 17 22 21 11 49 16 14 43 13 3 32 14 4 24 31 37 4 0 47
0 20 39 29 17 55 2 17 71 19 22 37 21 85 33 45 26 51 50 30 25 68 44 60 20 47 59 27 39 44 43 68 67 38 55 77 20 18 54 32 82 0