7
40
,
0 (18.0, 27.0) 34.0
1 (6.0, 26.0) 62.0
2 (11.0, 28.0) 53.0
3 (10.0, 23.0) 32.0
4 (8.0, 43.0) 69.0
5 (3.0, 2.0) 79.0
6 (2.0, 21.0) 85.0
7 (44.0, 23.0) 58.0
8 (19.0, 32.0) 30.0
9 (4.0, 28.0) 87.0
10 (28.0, 17.0) 42.0
11 (39.0, 13.0) 66.0
12 (37.0, 47.0) 44.0
13 (39.0, 33.0) 37.0
14 (42.0, 45.0) 52.0
15 (25.0, 0.0) 42.0
16 (42.0, 5.0) 35.0
17 (44.0, 16.0) 61.0
18 (3.0, 26.0) 72.0
19 (38.0, 3.0) 58.0
20 (3.0, 48.0) 79.0
21 (23.0, 44.0) 42.0
22 (21.0, 34.0) 41.0
23 (22.0, 20.0) 57.0
24 (9.0, 50.0) 76.0
25 (37.0, 24.0) 66.0
26 (11.0, 28.0) 74.0
27 (33.0, 11.0) 74.0
28 (46.0, 15.0) 35.0
29 (28.0, 8.0) 45.0
30 (42.0, 48.0) 34.0
31 (41.0, 35.0) 58.0
32 (30.0, 4.0) 34.0
33 (38.0, 47.0) 66.0
34 (46.0, 37.0) 76.0
35 (23.0, 26.0) 54.0
36 (10.0, 10.0) 65.0
37 (19.0, 38.0) 71.0
38 (41.0, 37.0) 81.0
39 (44.0, 39.0) 50.0
,
0 16 13 15 13 22 2 11 25 19 14 16 21 30 26 31 12 21 23 13 19 24 25 20 15 25 22 15 17 24 15 32 27 15 30 30 17 7 21 28 29 0
16 0 6 4 4 9 15 9 13 3 7 7 13 14 11 15 14 16 14 8 16 13 9 4 4 12 10 4 11 15 11 16 12 13 14 15 3 9 6 13 14 16
13 6 0 3 2 9 12 3 19 7 1 12 18 19 17 20 16 21 20 2 20 11 12 8 9 12 16 3 15 21 14 21 18 16 19 21 8 8 9 18 20 13
15 4 3 0 3 8 14 6 17 4 4 10 16 16 14 18 16 19 18 4 18 11 10 6 7 11 13 0 14 19 13 18 15 15 17 18 6 9 6 16 17 15
13 4 2 3 0 10 11 4 17 6 4 9 15 18 15 19 14 18 17 4 17 13 12 8 6 14 14 3 13 18 12 20 17 14 18 19 7 6 9 17 19 13
22 9 9 8 10 0 21 11 21 8 8 16 22 15 16 17 23 25 22 9 25 4 8 8 13 4 17 8 20 24 20 17 17 22 15 19 11 17 6 17 18 22
2 15 12 14 11 21 0 10 23 17 13 15 19 28 24 29 11 20 22 12 18 23 23 18 13 24 20 14 16 22 13 30 25 14 29 28 16 5 20 26 28 2
11 9 3 6 4 11 10 0 21 10 4 13 19 22 19 23 16 22 21 3 20 14 16 12 10 15 18 6 16 22 15 24 21 16 22 23 11 7 12 21 23 11
25 13 19 17 17 21 23 21 0 13 20 9 6 12 6 11 15 9 4 21 10 24 15 13 11 22 4 17 8 4 11 13 6 12 12 7 11 18 15 7 8 25
19 3 7 4 6 8 17 10 13 0 8 9 14 12 10 13 16 18 15 9 17 11 6 1 6 10 10 4 13 16 13 14 11 15 12 14 4 12 3 11 13 19
14 7 1 4 4 8 13 4 20 8 0 13 19 19 18 21 18 22 21 1 21 10 12 9 10 11 17 4 17 22 16 21 19 18 19 21 10 9 9 19 21 14
16 7 12 10 9 16 15 13 9 9 13 0 6 16 10 16 9 9 8 13 9 20 14 9 3 19 6 10 4 9 4 17 11 7 16 13 5 10 11 12 14 16
21 13 18 16 15 22 19 19 6 14 19 6 0 17 10 16 10 4 3 19 5 25 17 14 9 24 6 16 3 4 6 18 11 6 17 12 10 15 16 12 13 21
30 14 19 16 18 15 28 22 12 12 19 16 17 0 7 3 24 21 16 20 22 17 7 10 15 14 12 16 18 17 20 3 6 22 0 7 13 23 10 5 5 30
26 11 17 14 15 16 24 19 6 10 18 10 10 7 0 6 18 14 9 18 15 20 10 9 11 17 5 14 11 10 14 8 1 15 7 4 9 19 10 2 4 26
31 15 20 18 19 17 29 23 11 13 21 16 16 3 6 0 24 20 15 22 21 20 10 12 16 17 11 18 18 15 20 2 5 21 2 4 13 24 12 4 3 31
12 14 16 16 14 23 11 16 15 16 18 9 10 24 18 24 0 9 12 17 7 26 22 17 10 26 13 16 7 13 4 25 19 3 24 21 13 9 19 20 22 12
21 16 21 19 18 25 20 22 9 18 22 9 4 21 14 20 9 0 6 22 2 29 22 18 12 28 10 19 5 5 7 22 15 6 21 16 14 16 20 16 17 21
23 14 20 18 17 22 22 21 4 15 21 8 3 16 9 15 12 6 0 21 7 26 18 15 11 24 5 18 6 1 9 16 10 9 16 11 12 17 17 11 12 23
13 8 2 4 4 9 12 3 21 9 1 13 19 20 18 22 17 22 21 0 21 11 13 10 10 12 17 4 17 22 15 22 20 17 20 22 10 9 10 20 22 13
19 16 20 18 17 25 18 20 10 17 21 9 5 22 15 21 7 2 7 21 0 29 22 18 12 28 11 18 5 7 6 23 16 4 22 17 14 14 20 17 18 19
24 13 11 11 13 4 23 14 24 11 10 20 25 17 20 20 26 29 26 11 29 0 10 11 17 3 21 11 24 27 24 20 20 26 18 22 15 19 9 20 21 24
25 9 12 10 12 8 23 16 15 6 12 14 17 7 10 10 22 22 18 13 22 10 0 5 12 8 12 10 17 19 18 10 10 20 8 12 9 18 4 10 11 25
20 4 8 6 8 8 18 12 13 1 9 9 14 10 9 12 17 18 15 10 18 11 5 0 7 10 9 6 13 16 13 13 10 16 11 13 4 13 2 10 12 20
15 4 9 7 6 13 13 10 11 6 10 3 9 15 11 16 10 12 11 10 12 17 12 7 0 16 8 7 7 12 7 17 12 9 16 15 3 8 9 13 15 15
25 12 12 11 14 4 24 15 22 10 11 19 24 14 17 17 26 28 24 12 28 3 8 10 16 0 19 11 23 25 23 17 18 25 15 20 14 20 8 17 18 25
22 10 16 13 14 17 20 18 4 10 17 6 6 12 5 11 13 10 5 17 11 21 12 9 8 19 0 13 7 6 9 12 6 11 12 8 7 15 11 7 8 22
15 4 3 0 3 8 14 6 17 4 4 10 16 16 14 18 16 19 18 4 18 11 10 6 7 11 13 0 14 19 13 18 15 15 17 18 6 9 6 16 17 15
17 11 15 14 13 20 16 16 8 13 17 4 3 18 11 18 7 5 6 17 5 24 17 13 7 23 7 14 0 7 3 19 13 4 18 15 9 12 15 14 15 17
24 15 21 19 18 24 22 22 4 16 22 9 4 17 10 15 13 5 1 22 7 27 19 16 12 25 6 19 7 0 10 17 10 10 16 11 13 18 18 11 12 24
15 11 14 13 12 20 13 15 11 13 16 4 6 20 14 20 4 7 9 15 6 24 18 13 7 23 9 13 3 10 0 21 15 2 20 17 9 9 16 16 17 15
32 16 21 18 20 17 30 24 13 14 21 17 18 3 8 2 25 22 16 22 23 20 10 13 17 17 12 18 19 17 21 0 7 23 2 6 15 25 13 6 5 32
27 12 18 15 17 17 25 21 6 11 19 11 11 6 1 5 19 15 10 20 16 20 10 10 12 18 6 15 13 10 15 7 0 16 6 3 10 20 11 1 2 27
15 13 16 15 14 22 14 16 12 15 18 7 6 22 15 21 3 6 9 17 4 26 20 16 9 25 11 15 4 10 2 23 16 0 22 18 12 10 18 17 19 15
30 14 19 17 18 15 29 22 12 12 19 16 17 0 7 2 24 21 16 20 22 18 8 11 16 15 12 17 18 16 20 2 6 22 0 6 13 23 11 5 5 30
30 15 21 18 19 19 28 23 7 14 21 13 12 7 4 4 21 16 11 22 17 22 12 13 15 20 8 18 15 11 17 6 3 18 6 0 13 22 14 2 1 30
17 3 8 6 7 11 16 11 11 4 10 5 10 13 9 13 13 14 12 10 14 15 9 4 3 14 7 6 9 13 9 15 10 12 13 13 0 10 6 11 12 17
7 9 8 9 6 17 5 7 18 12 9 10 15 23 19 24 9 16 17 9 14 19 18 13 8 20 15 9 12 18 9 25 20 10 23 22 10 0 15 21 22 7
21 6 9 6 9 6 20 12 15 3 9 11 16 10 10 12 19 20 17 10 20 9 4 2 9 8 11 6 15 18 16 13 11 18 11 14 6 15 0 11 13 21
28 13 18 16 17 17 26 21 7 11 19 12 12 5 2 4 20 16 11 20 17 20 10 10 13 17 7 16 14 11 16 6 1 17 5 2 11 21 11 0 2 28
29 14 20 17 19 18 28 23 8 13 21 14 13 5 4 3 22 17 12 22 18 21 11 12 15 18 8 17 15 12 17 5 2 19 5 1 12 22 13 2 0 29
0 16 13 15 13 22 2 11 25 19 14 16 21 30 26 31 12 21 23 13 19 24 25 20 15 25 22 15 17 24 15 32 27 15 30 30 17 7 21 28 29 0
,
0 45 33 26 33 49 5 24 32 45 28 21 28 87 64 38 14 43 42 24 20 52 43 27 37 39 63 43 46 54 35 72 76 19 73 42 30 18 43 35 39 0
43 0 12 9 7 13 15 13 39 7 9 20 35 34 12 17 31 41 37 15 47 26 10 9 7 26 29 6 32 39 29 20 35 14 29 22 5 27 9 13 35 28
38 16 0 7 4 11 35 4 44 17 2 21 25 28 36 39 27 39 44 3 55 25 35 25 17 24 41 5 32 42 27 51 32 24 54 40 19 9 19 47 44 23
27 8 3 0 6 19 24 10 43 10 10 22 29 16 20 30 21 57 44 7 24 14 12 11 18 11 19 0 16 39 29 37 37 21 36 38 10 21 14 25 38 18
20 11 7 8 0 28 11 7 33 9 10 20 36 21 36 46 36 29 51 7 24 33 35 20 12 23 36 4 30 51 14 22 38 25 43 24 8 19 26 44 40 33
31 16 9 13 27 0 28 26 40 17 18 30 30 36 29 26 46 55 55 14 51 8 12 19 21 5 44 19 57 57 47 26 20 55 43 24 30 17 14 18 25 47
3 22 36 18 15 39 0 13 57 50 27 38 34 46 55 38 15 58 61 20 27 26 50 43 23 31 37 23 28 56 20 64 48 14 65 46 28 14 45 46 38 3
30 17 7 7 11 21 26 0 61 16 5 22 38 38 47 53 42 22 28 6 48 28 30 17 22 39 37 14 31 38 41 36 43 38 28 56 29 18 24 50 66 21
47 21 24 28 31 31 62 43 0 29 21 9 8 24 14 15 35 22 4 50 22 37 35 25 22 23 5 50 21 9 29 34 15 28 20 10 29 51 22 13 22 48
21 3 15 7 12 10 36 24 24 0 11 26 24 30 23 28 38 40 27 22 39 22 17 2 14 18 24 7 28 32 26 19 25 33 20 32 8 29 6 15 26 24
28 19 3 4 9 11 37 9 37 9 0 16 37 50 39 60 37 45 44 3 48 16 22 11 10 26 43 6 41 57 30 60 26 52 56 44 17 16 20 19 48 37
48 13 28 29 10 34 36 21 19 9 37 0 16 17 21 30 21 12 21 32 18 28 27 14 6 51 11 12 12 22 7 42 18 19 45 40 10 18 22 31 38 48
33 36 18 44 26 55 49 20 15 40 43 11 0 33 15 29 12 5 3 20 9 48 51 36 16 46 9 42 8 10 6 44 24 16 48 22 26 41 40 26 14 49
52 29 30 30 35 31 66 22 25 15 54 44 24 0 10 7 71 33 46 30 54 27 15 19 27 38 16 39 24 25 44 4 8 30 1 8 26 67 18 8 10 76
57 20 44 19 24 33 25 44 6 26 40 20 28 8 0 15 22 30 23 30 17 24 12 12 15 37 7 16 13 29 30 15 3 34 17 5 13 32 27 5 5 49
47 25 55 37 51 48 69 50 26 24 38 31 28 5 12 0 51 46 37 48 62 29 16 28 35 47 17 19 49 30 52 2 7 52 6 10 24 70 19 12 9 41
28 24 23 21 14 26 30 19 44 34 43 12 20 64 27 56 0 22 29 23 16 50 60 46 26 77 19 30 15 34 6 58 42 5 41 54 28 16 49 60 47 22
26 40 54 48 29 62 58 64 24 42 27 20 5 43 19 20 14 0 16 56 6 54 57 28 29 42 21 52 8 6 10 55 20 14 46 47 29 24 28 39 28 55
47 38 46 48 50 63 24 41 6 31 38 20 7 40 14 33 37 12 0 61 18 72 31 31 33 56 11 30 11 3 19 42 26 26 19 20 16 18 49 19 19 24
26 9 3 9 7 12 15 6 61 11 3 32 50 30 43 61 39 46 29 0 49 25 15 29 16 29 43 5 39 65 28 25 58 50 22 28 18 23 18 33 42 14
34 25 37 37 46 31 23 30 18 44 23 22 14 39 17 41 11 4 11 24 0 58 55 30 28 73 17 26 6 21 9 29 31 10 51 40 27 21 39 49 45 31
58 28 11 19 21 5 67 32 66 29 15 51 47 43 25 38 42 51 61 15 62 0 30 34 28 9 39 13 60 29 68 32 51 29 39 38 32 42 20 52 49 28
66 18 21 19 13 15 61 42 24 8 16 40 50 21 10 10 65 52 47 25 60 29 0 6 21 21 35 25 44 46 30 16 24 52 16 34 9 45 6 13 27 57
44 5 16 12 17 11 20 24 33 3 23 14 17 20 19 35 51 48 36 14 40 16 15 0 10 14 19 13 24 32 36 28 12 39 23 24 7 32 4 20 30 54
19 6 24 11 9 29 31 23 27 17 10 5 19 29 28 43 20 28 18 29 25 36 34 17 0 40 15 16 17 35 12 46 28 15 26 38 6 23 12 34 30 25
56 28 19 30 14 9 47 22 46 21 21 24 47 35 48 42 52 69 69 33 78 6 13 19 45 0 45 22 46 51 25 23 29 44 34 40 41 24 14 18 28 27
24 16 22 37 33 49 25 46 6 22 44 6 14 34 13 26 23 10 13 30 14 56 20 27 17 36 0 25 15 15 20 24 15 13 21 9 12 33 30 7 11 55
42 5 4 0 8 23 25 10 35 12 4 27 41 33 33 20 37 46 31 4 26 21 29 7 18 14 31 0 18 29 14 35 28 19 35 39 16 18 11 38 43 44
47 30 20 18 33 52 33 18 16 17 36 10 8 38 28 40 19 12 18 31 12 58 23 15 8 42 17 20 0 16 4 36 33 5 44 17 19 23 16 25 23 44
30 27 56 50 19 36 49 33 11 20 42 20 6 46 18 31 21 13 2 25 18 66 22 18 34 48 11 23 14 0 18 36 18 20 23 28 21 50 22 26 21 67
35 32 35 26 13 44 34 33 29 33 26 12 8 53 16 34 11 8 15 38 14 36 29 25 9 31 10 26 6 25 0 48 17 6 59 24 19 20 41 18 34 39
48 24 56 30 22 36 69 68 29 26 30 34 29 5 21 4 35 58 18 26 52 47 18 31 24 43 27 24 23 34 42 0 18 44 4 16 22 74 17 7 12 53
33 15 29 31 42 19 35 32 11 15 38 20 25 11 2 6 27 30 11 34 41 23 15 30 13 30 13 28 20 30 21 10 0 20 9 5 20 35 14 1 6 56
23 23 21 35 39 49 14 32 15 28 23 13 18 59 31 58 7 9 15 35 5 70 50 37 27 63 27 26 4 19 6 27 28 0 28 51 26 15 32 22 54 40
50 22 55 18 30 34 54 45 28 17 34 23 24 1 11 5 39 32 21 61 22 22 17 29 31 42 15 22 53 22 58 6 17 42 0 13 19 58 25 11 10 78
47 44 44 50 23 55 83 66 19 30 41 37 22 7 8 13 46 40 24 41 50 49 24 15 23 53 12 46 22 22 39 11 6 37 10 0 14 39 23 5 3 86
26 3 20 13 13 30 43 20 29 11 16 7 26 20 23 25 17 22 31 27 18 35 13 10 9 25 20 14 24 35 19 37 28 24 27 18 0 14 16 26 29 49
16 20 18 24 7 45 11 17 48 14 17 29 32 60 35 44 12 29 38 19 27 57 24 37 17 42 21 18 18 28 22 60 43 27 61 50 15 0 20 29 31 15
59 7 24 17 17 8 51 28 30 9 15 15 24 14 23 27 31 34 18 29 38 17 10 6 19 11 14 14 31 26 45 29 14 44 21 36 15 30 0 11 20 38
81 36 53 18 34 28 65 24 19 33 38 22 28 15 5 5 47 21 12 58 36 43 19 14 21 32 18 30 38 28 30 15 3 18 11 5 11 26 21 0 5 37
72 26 57 47 25 23 82 27 16 27 61 32 14 13 7 8 35 29 12 36 36 59 24 15 15 44 23 46 31 16 41 9 5 31 8 4 35 33 30 5 0 49
0 46 32 32 23 39 5 18 52 20 32 29 22 54 58 32 23 63 58 20 42 64 27 30 41 62 24 16 26 51 24 93 28 40 72 33 35 13 24 74 82 0