7
40
,
0 (18.0, 27.0) 87.0
1 (6.0, 26.0) 34.0
2 (11.0, 28.0) 33.0
3 (10.0, 23.0) 38.0
4 (8.0, 43.0) 82.0
5 (3.0, 2.0) 33.0
6 (2.0, 21.0) 69.0
7 (44.0, 23.0) 38.0
8 (19.0, 32.0) 60.0
9 (4.0, 28.0) 67.0
10 (28.0, 17.0) 31.0
11 (39.0, 13.0) 52.0
12 (37.0, 47.0) 38.0
13 (39.0, 33.0) 34.0
14 (42.0, 45.0) 56.0
15 (25.0, 0.0) 60.0
16 (42.0, 5.0) 45.0
17 (44.0, 16.0) 86.0
18 (3.0, 26.0) 45.0
19 (38.0, 3.0) 33.0
20 (3.0, 48.0) 82.0
21 (23.0, 44.0) 36.0
22 (21.0, 34.0) 47.0
23 (22.0, 20.0) 52.0
24 (9.0, 50.0) 30.0
25 (37.0, 24.0) 30.0
26 (11.0, 28.0) 37.0
27 (33.0, 11.0) 77.0
28 (46.0, 15.0) 52.0
29 (28.0, 8.0) 37.0
30 (42.0, 48.0) 34.0
31 (41.0, 35.0) 32.0
32 (30.0, 4.0) 81.0
33 (38.0, 47.0) 54.0
34 (46.0, 37.0) 73.0
35 (23.0, 26.0) 44.0
36 (10.0, 10.0) 76.0
37 (19.0, 38.0) 53.0
38 (41.0, 37.0) 64.0
39 (44.0, 39.0) 33.0
,
0 16 13 15 13 22 2 11 25 19 14 16 21 30 26 31 12 21 23 13 19 24 25 20 15 25 22 15 17 24 15 32 27 15 30 30 17 7 21 28 29 0
16 0 6 4 4 9 15 9 13 3 7 7 13 14 11 15 14 16 14 8 16 13 9 4 4 12 10 4 11 15 11 16 12 13 14 15 3 9 6 13 14 16
13 6 0 3 2 9 12 3 19 7 1 12 18 19 17 20 16 21 20 2 20 11 12 8 9 12 16 3 15 21 14 21 18 16 19 21 8 8 9 18 20 13
15 4 3 0 3 8 14 6 17 4 4 10 16 16 14 18 16 19 18 4 18 11 10 6 7 11 13 0 14 19 13 18 15 15 17 18 6 9 6 16 17 15
13 4 2 3 0 10 11 4 17 6 4 9 15 18 15 19 14 18 17 4 17 13 12 8 6 14 14 3 13 18 12 20 17 14 18 19 7 6 9 17 19 13
22 9 9 8 10 0 21 11 21 8 8 16 22 15 16 17 23 25 22 9 25 4 8 8 13 4 17 8 20 24 20 17 17 22 15 19 11 17 6 17 18 22
2 15 12 14 11 21 0 10 23 17 13 15 19 28 24 29 11 20 22 12 18 23 23 18 13 24 20 14 16 22 13 30 25 14 29 28 16 5 20 26 28 2
11 9 3 6 4 11 10 0 21 10 4 13 19 22 19 23 16 22 21 3 20 14 16 12 10 15 18 6 16 22 15 24 21 16 22 23 11 7 12 21 23 11
25 13 19 17 17 21 23 21 0 13 20 9 6 12 6 11 15 9 4 21 10 24 15 13 11 22 4 17 8 4 11 13 6 12 12 7 11 18 15 7 8 25
19 3 7 4 6 8 17 10 13 0 8 9 14 12 10 13 16 18 15 9 17 11 6 1 6 10 10 4 13 16 13 14 11 15 12 14 4 12 3 11 13 19
14 7 1 4 4 8 13 4 20 8 0 13 19 19 18 21 18 22 21 1 21 10 12 9 10 11 17 4 17 22 16 21 19 18 19 21 10 9 9 19 21 14
16 7 12 10 9 16 15 13 9 9 13 0 6 16 10 16 9 9 8 13 9 20 14 9 3 19 6 10 4 9 4 17 11 7 16 13 5 10 11 12 14 16
21 13 18 16 15 22 19 19 6 14 19 6 0 17 10 16 10 4 3 19 5 25 17 14 9 24 6 16 3 4 6 18 11 6 17 12 10 15 16 12 13 21
30 14 19 16 18 15 28 22 12 12 19 16 17 0 7 3 24 21 16 20 22 17 7 10 15 14 12 16 18 17 20 3 6 22 0 7 13 23 10 5 5 30
26 11 17 14 15 16 24 19 6 10 18 10 10 7 0 6 18 14 9 18 15 20 10 9 11 17 5 14 11 10 14 8 1 15 7 4 9 19 10 2 4 26
31 15 20 18 19 17 29 23 11 13 21 16 16 3 6 0 24 20 15 22 21 20 10 12 16 17 11 18 18 15 20 2 5 21 2 4 13 24 12 4 3 31
12 14 16 16 14 23 11 16 15 16 18 9 10 24 18 24 0 9 12 17 7 26 22 17 10 26 13 16 7 13 4 25 19 3 24 21 13 9 19 20 22 12
21 16 21 19 18 25 20 22 9 18 22 9 4 21 14 20 9 0 6 22 2 29 22 18 12 28 10 19 5 5 7 22 15 6 21 16 14 16 20 16 17 21
23 14 20 18 17 22 22 21 4 15 21 8 3 16 9 15 12 6 0 21 7 26 18 15 11 24 5 18 6 1 9 16 10 9 16 11 12 17 17 11 12 23
13 8 2 4 4 9 12 3 21 9 1 13 19 20 18 22 17 22 21 0 21 11 13 10 10 12 17 4 17 22 15 22 20 17 20 22 10 9 10 20 22 13
19 16 20 18 17 25 18 20 10 17 21 9 5 22 15 21 7 2 7 21 0 29 22 18 12 28 11 18 5 7 6 23 16 4 22 17 14 14 20 17 18 19
24 13 11 11 13 4 23 14 24 11 10 20 25 17 20 20 26 29 26 11 29 0 10 11 17 3 21 11 24 27 24 20 20 26 18 22 15 19 9 20 21 24
25 9 12 10 12 8 23 16 15 6 12 14 17 7 10 10 22 22 18 13 22 10 0 5 12 8 12 10 17 19 18 10 10 20 8 12 9 18 4 10 11 25
20 4 8 6 8 8 18 12 13 1 9 9 14 10 9 12 17 18 15 10 18 11 5 0 7 10 9 6 13 16 13 13 10 16 11 13 4 13 2 10 12 20
15 4 9 7 6 13 13 10 11 6 10 3 9 15 11 16 10 12 11 10 12 17 12 7 0 16 8 7 7 12 7 17 12 9 16 15 3 8 9 13 15 15
25 12 12 11 14 4 24 15 22 10 11 19 24 14 17 17 26 28 24 12 28 3 8 10 16 0 19 11 23 25 23 17 18 25 15 20 14 20 8 17 18 25
22 10 16 13 14 17 20 18 4 10 17 6 6 12 5 11 13 10 5 17 11 21 12 9 8 19 0 13 7 6 9 12 6 11 12 8 7 15 11 7 8 22
15 4 3 0 3 8 14 6 17 4 4 10 16 16 14 18 16 19 18 4 18 11 10 6 7 11 13 0 14 19 13 18 15 15 17 18 6 9 6 16 17 15
17 11 15 14 13 20 16 16 8 13 17 4 3 18 11 18 7 5 6 17 5 24 17 13 7 23 7 14 0 7 3 19 13 4 18 15 9 12 15 14 15 17
24 15 21 19 18 24 22 22 4 16 22 9 4 17 10 15 13 5 1 22 7 27 19 16 12 25 6 19 7 0 10 17 10 10 16 11 13 18 18 11 12 24
15 11 14 13 12 20 13 15 11 13 16 4 6 20 14 20 4 7 9 15 6 24 18 13 7 23 9 13 3 10 0 21 15 2 20 17 9 9 16 16 17 15
32 16 21 18 20 17 30 24 13 14 21 17 18 3 8 2 25 22 16 22 23 20 10 13 17 17 12 18 19 17 21 0 7 23 2 6 15 25 13 6 5 32
27 12 18 15 17 17 25 21 6 11 19 11 11 6 1 5 19 15 10 20 16 20 10 10 12 18 6 15 13 10 15 7 0 16 6 3 10 20 11 1 2 27
15 13 16 15 14 22 14 16 12 15 18 7 6 22 15 21 3 6 9 17 4 26 20 16 9 25 11 15 4 10 2 23 16 0 22 18 12 10 18 17 19 15
30 14 19 17 18 15 29 22 12 12 19 16 17 0 7 2 24 21 16 20 22 18 8 11 16 15 12 17 18 16 20 2 6 22 0 6 13 23 11 5 5 30
30 15 21 18 19 19 28 23 7 14 21 13 12 7 4 4 21 16 11 22 17 22 12 13 15 20 8 18 15 11 17 6 3 18 6 0 13 22 14 2 1 30
17 3 8 6 7 11 16 11 11 4 10 5 10 13 9 13 13 14 12 10 14 15 9 4 3 14 7 6 9 13 9 15 10 12 13 13 0 10 6 11 12 17
7 9 8 9 6 17 5 7 18 12 9 10 15 23 19 24 9 16 17 9 14 19 18 13 8 20 15 9 12 18 9 25 20 10 23 22 10 0 15 21 22 7
21 6 9 6 9 6 20 12 15 3 9 11 16 10 10 12 19 20 17 10 20 9 4 2 9 8 11 6 15 18 16 13 11 18 11 14 6 15 0 11 13 21
28 13 18 16 17 17 26 21 7 11 19 12 12 5 2 4 20 16 11 20 17 20 10 10 13 17 7 16 14 11 16 6 1 17 5 2 11 21 11 0 2 28
29 14 20 17 19 18 28 23 8 13 21 14 13 5 4 3 22 17 12 22 18 21 11 12 15 18 8 17 15 12 17 5 2 19 5 1 12 22 13 2 0 29
0 16 13 15 13 22 2 11 25 19 14 16 21 30 26 31 12 21 23 13 19 24 25 20 15 25 22 15 17 24 15 32 27 15 30 30 17 7 21 28 29 0
,
0 47 14 31 25 61 2 17 26 19 19 43 42 50 32 57 21 51 45 22 31 53 57 55 39 68 27 23 36 46 35 94 54 21 35 66 21 13 58 40 51 0
25 0 12 8 7 22 31 13 14 4 18 7 24 17 27 23 19 28 23 17 44 30 22 5 12 17 23 10 24 28 12 27 34 26 37 39 6 18 6 18 37 31
26 8 0 4 5 13 29 6 45 18 4 32 21 51 49 56 48 39 54 4 29 12 24 11 13 34 44 3 41 57 37 58 40 26 34 34 9 12 12 28 22 14
19 8 3 0 4 13 28 13 42 11 10 26 43 43 42 34 28 45 37 6 39 30 16 11 11 29 26 0 23 20 24 21 27 33 43 33 16 17 10 27 37 20
35 10 3 4 0 14 27 7 46 10 7 23 37 32 35 56 32 32 47 10 17 30 18 21 15 16 18 3 36 45 34 58 18 29 36 28 10 8 24 35 45 19
43 16 12 21 19 0 56 29 30 9 22 34 22 31 40 29 37 71 50 9 29 5 16 16 14 5 35 18 57 34 59 37 25 38 18 56 15 46 9 23 33 39
3 29 16 30 14 44 0 21 31 42 16 16 39 39 71 53 20 54 24 16 45 39 23 28 27 50 58 30 16 54 30 67 52 14 31 40 43 9 46 59 68 2
21 15 9 12 5 31 11 0 59 19 10 37 53 55 22 25 43 44 41 7 29 28 23 19 26 35 34 10 37 29 41 69 54 40 43 70 12 20 14 39 40 16
57 32 41 32 26 62 27 58 0 31 30 24 15 28 15 24 29 17 6 61 16 53 31 27 21 57 5 46 19 8 31 32 11 25 27 17 25 23 17 17 13 62
25 7 17 5 7 9 44 27 30 0 9 20 15 24 19 34 17 37 43 10 46 19 18 4 10 20 29 7 25 48 17 16 21 23 31 21 9 31 7 26 21 30
21 16 2 8 4 13 19 4 31 21 0 39 36 25 21 62 30 31 61 2 33 16 22 24 15 25 46 7 44 59 40 47 38 35 38 60 23 12 22 38 22 22
30 7 34 11 27 38 32 16 20 21 25 0 16 29 15 28 9 20 19 24 20 37 23 21 7 52 7 19 8 24 5 47 33 8 27 26 6 11 31 22 28 16
21 29 42 33 39 60 39 48 11 27 55 8 0 35 26 30 11 5 5 51 8 52 30 31 20 67 9 18 5 6 14 43 27 18 48 37 28 41 48 15 37 39
37 25 39 36 32 25 70 40 33 27 21 34 50 0 19 3 58 35 19 38 23 50 21 16 40 31 25 40 20 39 39 7 14 47 1 16 23 60 19 8 12 51
64 31 47 18 38 29 34 31 16 10 52 17 13 15 0 10 27 39 11 31 40 27 28 20 18 35 12 38 29 15 34 14 2 29 14 10 11 41 19 5 7 26
72 17 20 37 41 27 42 46 32 14 52 34 45 8 17 0 35 40 36 57 60 29 23 25 45 42 15 45 31 42 38 4 12 33 5 12 22 33 20 10 9 67
19 19 29 24 17 38 22 42 44 43 41 20 15 26 30 62 0 23 22 41 8 51 35 29 14 70 28 22 9 24 9 64 48 6 48 57 17 15 22 55 41 13
56 41 25 37 31 71 30 58 21 49 57 18 12 31 38 29 18 0 10 57 7 62 25 22 17 65 14 53 16 7 21 51 24 16 37 45 16 45 28 17 47 36
42 30 33 52 43 42 23 42 8 33 29 17 5 31 26 43 16 8 0 55 20 71 26 24 13 25 12 18 9 3 14 21 23 14 42 17 20 48 24 12 32 59
28 20 3 6 6 21 34 4 54 20 2 24 25 33 41 64 46 56 34 0 56 22 23 29 29 14 35 8 30 61 41 45 58 33 28 46 12 16 16 23 39 19
50 27 23 47 31 68 39 33 18 48 48 21 10 25 30 40 7 4 14 27 0 79 65 53 34 81 24 32 12 18 8 41 21 9 44 28 27 41 56 17 54 57
61 14 21 14 31 9 27 16 71 18 16 53 43 27 45 52 75 48 55 15 81 0 29 26 36 6 59 31 66 66 24 55 33 52 33 46 19 37 19 28 59 63
41 25 16 29 16 19 38 34 40 12 30 26 39 15 17 18 31 36 23 20 41 18 0 8 12 19 14 30 38 55 36 21 12 34 21 29 21 30 4 15 30 58
23 8 22 10 16 20 30 15 15 4 11 14 35 20 18 23 35 18 17 24 27 16 14 0 13 23 19 14 22 22 18 34 14 24 31 19 5 23 2 14 31 28
27 8 22 14 13 28 13 13 28 16 15 6 24 21 26 30 14 17 14 28 22 22 35 20 0 45 17 10 20 26 14 23 31 9 40 38 7 21 20 25 22 17
64 28 22 31 38 8 39 30 34 14 26 26 59 38 36 21 77 39 72 13 49 7 10 29 48 0 49 19 33 75 60 25 43 73 23 21 28 21 18 48 47 43
62 13 19 14 17 18 45 49 9 16 37 10 8 21 5 30 36 13 8 49 14 58 13 15 11 21 0 21 8 17 12 16 17 19 20 9 15 41 25 10 13 38
19 10 4 0 6 15 25 15 27 11 8 29 22 43 26 33 28 44 50 5 43 26 24 6 14 24 17 0 41 28 26 32 31 46 36 32 14 10 14 44 25 31
36 16 41 20 28 40 46 35 16 22 45 8 6 47 20 33 11 12 7 42 9 39 37 33 9 32 19 31 0 18 4 42 23 11 38 22 22 31 34 19 23 43
29 16 56 27 55 48 35 28 6 41 31 10 4 38 20 18 33 9 1 42 11 37 54 34 22 40 11 41 7 0 17 20 23 11 23 31 24 35 47 13 15 25
16 27 22 33 33 22 30 31 18 19 43 8 11 36 32 59 5 12 22 22 15 61 22 21 13 65 15 38 4 19 0 34 38 7 35 37 12 10 25 23 26 16
69 22 60 50 53 22 60 45 31 24 43 38 24 4 9 3 27 29 24 43 38 46 13 27 47 31 31 19 28 23 39 0 11 48 5 7 19 72 18 6 7 57
33 16 48 28 19 39 36 25 12 28 28 21 12 9 2 6 58 35 21 51 19 46 25 22 36 43 13 24 22 30 27 15 0 25 7 3 19 48 27 1 4 80
44 17 43 28 33 43 31 27 24 36 27 8 9 32 25 49 8 17 10 35 7 49 33 39 12 31 15 37 7 11 6 32 17 0 43 34 26 24 48 51 27 43
68 21 30 28 42 16 50 30 32 18 52 24 21 1 15 6 66 50 20 24 57 46 11 29 34 21 17 46 39 21 20 4 8 25 0 16 36 69 17 8 12 63
87 37 28 49 56 30 61 47 13 31 26 29 31 16 7 6 53 28 12 24 27 43 17 38 22 36 17 42 26 21 22 10 7 19 10 0 17 51 24 3 2 66
32 7 23 16 15 32 44 24 28 8 24 12 26 25 13 23 27 42 17 18 24 41 19 10 5 20 16 16 21 24 16 25 26 30 16 14 0 26 7 20 15 35
12 14 23 22 17 19 9 19 38 17 20 17 21 30 31 36 14 40 22 17 30 39 35 29 23 39 38 26 25 43 23 42 41 21 29 61 16 0 28 25 39 11
24 16 10 18 9 17 34 31 38 9 18 29 33 24 13 27 22 30 34 30 28 16 7 2 25 20 30 11 29 41 17 20 23 42 14 27 7 34 0 31 27 30
77 20 37 41 27 41 54 30 21 30 54 29 15 7 6 10 44 35 30 25 34 21 27 17 21 35 9 36 38 12 33 6 2 26 6 3 21 21 28 0 3 70
34 38 60 27 44 38 57 46 18 31 60 33 22 7 7 5 57 27 30 33 39 31 13 19 22 35 11 44 35 26 39 13 3 45 13 4 14 64 21 3 0 75
0 40 28 37 24 44 4 16 41 54 20 18 57 50 52 81 25 40 24 35 37 42 34 47 22 58 26 35 34 30 25 54 75 34 70 75 34 16 29 69 52 0