7
40
,
0 (44.0, 27.0) 25.0
1 (21.0, 27.0) 20.0
2 (49.0, 17.0) 18.0
3 (39.0, 7.0) 18.0
4 (45.0, 5.0) 10.0
5 (37.0, 20.0) 18.0
6 (38.0, 10.0) 17.0
7 (36.0, 15.0) 11.0
8 (0.0, 21.0) 19.0
9 (11.0, 27.0) 15.0
10 (41.0, 46.0) 42.0
11 (47.0, 43.0) 32.0
12 (9.0, 2.0) 17.0
13 (27.0, 41.0) 25.0
14 (16.0, 47.0) 22.0
15 (21.0, 34.0) 31.0
16 (17.0, 1.0) 16.0
17 (29.0, 17.0) 14.0
18 (17.0, 47.0) 36.0
19 (41.0, 29.0) 26.0
20 (22.0, 26.0) 40.0
21 (34.0, 15.0) 43.0
22 (29.0, 38.0) 27.0
23 (5.0, 45.0) 42.0
24 (3.0, 37.0) 12.0
25 (16.0, 47.0) 42.0
26 (49.0, 44.0) 24.0
27 (20.0, 4.0) 25.0
28 (14.0, 45.0) 16.0
29 (50.0, 40.0) 12.0
30 (22.0, 7.0) 13.0
31 (40.0, 19.0) 20.0
32 (36.0, 1.0) 45.0
33 (49.0, 23.0) 13.0
34 (6.0, 10.0) 29.0
35 (26.0, 32.0) 17.0
36 (24.0, 39.0) 11.0
37 (31.0, 10.0) 21.0
38 (6.0, 48.0) 27.0
39 (35.0, 17.0) 13.0
,
0 5 2 4 4 2 4 3 9 7 4 3 9 4 7 5 7 4 7 1 4 3 4 9 8 7 4 7 7 3 6 2 5 1 8 4 5 4 9 3
5 0 6 5 7 3 5 4 4 2 6 6 6 3 4 1 5 3 4 4 0 4 3 5 4 4 7 5 4 6 4 4 6 6 5 1 2 4 5 3
2 6 0 3 3 2 3 3 10 8 6 5 9 7 9 7 7 4 9 3 6 3 6 10 10 9 5 6 9 5 6 2 4 1 9 5 7 4 11 3
4 5 3 0 1 3 1 2 8 7 8 7 6 7 9 6 5 3 9 4 5 2 7 10 9 9 8 4 9 7 3 2 1 4 7 6 7 2 11 2
4 7 3 1 0 3 2 3 10 8 8 8 7 8 10 8 6 4 10 5 6 3 7 11 11 10 8 5 10 7 5 3 2 4 8 7 8 3 12 3
2 3 2 3 3 0 2 1 7 5 5 5 7 5 7 4 6 2 7 2 3 1 4 8 8 7 5 5 7 5 4 1 4 2 7 3 5 2 8 1
4 5 3 1 2 2 0 1 8 6 7 7 6 7 9 6 5 2 9 4 5 1 6 10 9 9 7 4 8 6 3 2 2 3 6 5 6 1 10 2
3 4 3 2 3 1 1 0 7 6 6 6 6 6 8 5 5 1 7 3 4 0 5 9 8 8 6 4 7 6 3 1 3 3 6 4 5 1 9 0
9 4 10 8 10 7 8 7 0 3 10 10 4 7 6 5 5 6 6 8 5 7 7 5 3 6 11 5 6 11 5 8 8 10 3 6 6 7 6 7
7 2 8 7 8 5 6 6 3 0 7 8 5 4 4 2 5 4 4 6 2 5 4 4 3 4 8 5 4 8 5 6 7 8 4 3 4 5 4 5
4 6 6 8 8 5 7 6 10 7 0 1 11 3 5 5 10 6 5 3 6 6 3 7 8 5 2 9 5 2 9 5 9 5 10 4 4 7 7 6
3 6 5 7 8 5 7 6 10 8 1 0 11 4 6 6 10 6 6 3 6 6 4 8 9 6 0 9 7 1 9 5 9 4 11 5 5 7 8 6
9 6 9 6 7 7 6 6 4 5 11 11 0 9 9 7 2 5 9 8 5 6 8 9 7 9 12 2 9 11 3 7 5 9 2 7 8 5 9 6
4 3 7 7 8 5 7 6 7 4 3 4 9 0 3 2 8 5 2 4 3 5 1 4 5 3 4 8 3 5 7 5 8 6 7 2 1 6 4 5
7 4 9 9 10 7 9 8 6 4 5 6 9 3 0 3 9 7 0 6 4 7 3 2 3 0 7 9 1 7 8 7 10 8 8 4 2 8 2 7
5 1 7 6 8 4 6 5 5 2 5 6 7 2 3 0 7 4 3 4 2 5 2 4 4 3 6 6 3 6 5 5 7 6 6 1 1 5 4 4
7 5 7 5 6 6 5 5 5 5 10 10 2 8 9 7 0 4 9 7 5 4 8 9 8 9 11 1 9 10 2 6 4 8 3 6 8 3 10 5
4 3 4 3 4 2 2 1 6 4 6 6 5 5 7 4 4 0 6 3 2 1 4 7 7 7 7 3 6 6 2 2 3 4 5 3 5 1 8 1
7 4 9 9 10 7 9 7 6 4 5 6 9 2 0 3 9 6 0 6 4 7 3 2 3 0 6 9 1 7 8 7 10 8 8 3 2 8 2 7
1 4 3 4 5 2 4 3 8 6 3 3 8 4 6 4 7 3 6 0 4 3 3 8 8 6 3 7 6 3 6 2 6 2 8 3 4 4 8 3
4 0 6 5 6 3 5 4 5 2 6 6 5 3 4 2 5 2 4 4 0 3 3 5 4 4 6 4 4 6 4 4 6 5 5 1 3 4 5 3
3 4 3 2 3 1 1 0 7 5 6 6 6 5 7 5 4 1 7 3 3 0 5 8 8 7 7 4 7 6 3 1 3 3 6 4 5 1 9 0
4 3 6 7 7 4 6 5 7 4 3 4 8 1 3 2 8 4 3 3 3 5 0 5 5 3 4 7 3 4 6 4 8 5 7 1 1 6 5 4
9 5 10 10 11 8 10 9 5 4 7 8 9 4 2 4 9 7 2 8 5 8 5 0 2 2 9 9 2 9 8 9 11 10 7 5 4 9 1 8
8 4 10 9 11 8 9 8 3 3 8 9 7 5 3 4 8 7 3 8 4 8 5 2 0 3 9 7 3 9 7 8 10 10 5 5 4 8 2 8
7 4 9 9 10 7 9 8 6 4 5 6 9 3 0 3 9 7 0 6 4 7 3 2 3 0 7 9 1 7 8 7 10 8 8 4 2 8 2 7
4 7 5 8 8 5 7 6 11 8 2 0 12 4 7 6 11 7 6 3 6 7 4 9 9 7 0 10 7 1 9 5 9 4 11 5 5 8 9 6
7 5 6 4 5 5 4 4 5 5 9 9 2 8 9 6 1 3 9 7 4 4 7 9 7 9 10 0 8 9 1 5 3 7 3 6 7 3 9 4
7 4 9 9 10 7 8 7 6 4 5 7 9 3 1 3 9 6 1 6 4 7 3 2 3 1 7 8 0 7 8 7 10 8 7 4 2 8 2 7
3 6 5 7 7 5 6 6 11 8 2 1 11 5 7 6 10 6 7 3 6 6 4 9 9 7 1 9 7 0 9 5 8 3 11 5 5 7 9 5
6 4 6 3 5 4 3 3 5 5 9 9 3 7 8 5 2 2 8 6 4 3 6 8 7 8 9 1 8 9 0 4 3 6 3 5 6 2 9 3
2 4 2 2 3 1 2 1 8 6 5 5 7 5 7 5 6 2 7 2 4 1 4 9 8 7 5 5 7 5 4 0 4 2 7 4 5 3 9 1
5 6 4 1 2 4 2 3 8 7 9 9 5 8 10 7 4 3 10 6 6 3 8 11 10 10 9 3 10 8 3 4 0 5 6 7 8 2 11 3
1 6 1 4 4 2 3 3 10 8 5 4 9 6 8 6 8 4 8 2 5 3 5 10 10 8 4 7 8 3 6 2 5 0 9 5 6 4 10 3
8 5 9 7 8 7 6 6 3 4 10 11 2 7 8 6 3 5 8 8 5 6 7 7 5 8 11 3 7 11 3 7 6 9 0 6 7 5 8 6
4 1 5 6 7 3 5 4 6 3 4 5 7 2 4 1 6 3 3 3 1 4 1 5 5 4 5 6 4 5 5 4 7 5 6 0 1 5 5 3
5 2 7 7 8 5 6 5 6 4 4 5 8 1 2 1 8 5 2 4 3 5 1 4 4 2 5 7 2 5 6 5 8 6 7 1 0 6 4 5
4 4 4 2 3 2 1 1 7 5 7 7 5 6 8 5 3 1 8 4 4 1 6 9 8 8 8 3 8 7 2 3 2 4 5 5 6 0 9 2
9 5 11 11 12 8 10 9 6 4 7 8 9 4 2 4 10 8 2 8 5 9 5 1 2 2 9 9 2 9 9 9 11 10 8 5 4 9 0 8
3 3 3 2 3 1 2 0 7 5 6 6 6 5 7 4 5 1 7 3 3 0 4 8 8 7 6 4 7 5 3 1 3 3 6 3 5 2 8 0
,
0 15 16 23 28 13 20 15 42 48 12 19 33 19 51 29 22 19 44 4 20 17 22 46 54 29 17 50 20 18 18 12 30 4 26 19 17 22 37 14
26 0 33 19 17 20 22 28 20 10 25 44 41 17 12 9 20 11 23 17 1 24 14 16 29 24 35 20 27 42 24 19 34 31 32 10 7 25 21 22
10 38 0 12 12 7 19 11 70 35 28 17 43 31 63 37 35 16 65 20 19 12 36 56 63 44 37 20 62 21 35 6 20 3 26 33 36 17 71 18
15 14 18 0 4 16 5 13 55 26 42 33 38 51 61 44 27 20 64 30 15 9 23 76 56 42 25 24 48 45 17 18 3 10 22 40 24 8 37 11
21 32 8 5 0 25 9 16 69 49 56 35 44 21 32 26 22 26 31 31 46 13 21 71 51 75 49 27 58 36 31 13 13 26 53 22 34 15 36 10
8 15 9 10 18 0 9 5 26 40 18 35 47 18 38 23 26 10 37 9 18 8 11 50 50 48 24 28 27 21 11 3 27 10 32 11 29 8 34 4
25 25 15 3 10 9 0 5 53 20 42 21 36 43 42 37 26 9 51 20 23 9 30 46 55 38 51 23 27 18 18 10 5 12 33 13 32 10 42 5
15 17 9 7 9 3 5 0 42 37 42 27 32 28 53 25 17 10 55 11 15 2 30 62 27 34 29 14 25 36 9 7 14 14 44 13 17 5 27 3
27 15 35 56 43 42 35 32 0 12 26 58 26 26 37 29 31 32 41 60 30 37 48 31 13 27 48 14 36 52 18 34 56 41 9 31 43 41 14 22
41 14 21 51 31 25 23 17 18 0 46 46 34 20 23 17 24 24 22 35 11 23 21 20 8 19 60 21 10 33 33 22 43 34 19 23 22 19 17 31
13 34 35 42 31 22 34 39 63 53 0 8 44 11 27 17 39 23 24 22 21 40 18 26 29 26 5 59 36 14 43 14 40 25 40 30 10 40 38 43
14 45 39 39 38 18 51 30 68 55 9 0 76 17 34 17 36 41 25 18 30 45 17 44 63 43 1 50 42 6 56 37 40 28 41 13 22 25 45 40
33 24 48 17 18 35 42 33 12 36 56 73 0 25 43 48 10 17 43 50 18 36 37 61 46 42 54 9 27 70 8 29 27 33 12 38 52 31 65 39
19 23 46 53 52 23 17 38 47 17 10 16 24 0 9 12 33 36 11 26 13 35 4 28 33 14 24 35 16 19 37 27 45 18 43 11 5 29 21 31
41 30 23 59 66 41 48 34 23 24 27 18 66 6 0 18 32 44 1 43 26 55 8 12 14 0 37 52 1 39 37 39 44 45 27 25 13 45 6 52
26 7 42 47 32 15 40 32 16 15 33 26 18 11 14 0 40 24 9 26 10 12 9 14 21 17 27 42 18 41 17 29 43 19 18 4 6 34 22 23
24 34 29 29 36 30 16 31 37 36 59 70 8 56 42 26 0 10 63 33 25 33 58 64 33 68 30 6 37 26 10 33 11 58 15 16 51 19 72 30
11 12 20 15 20 7 14 8 22 18 43 41 34 17 42 24 14 0 34 16 11 4 12 35 20 20 24 18 44 22 16 17 12 30 26 20 26 9 39 4
21 29 57 37 55 33 52 35 46 31 24 41 54 14 1 19 66 25 0 41 32 44 14 6 14 1 39 25 4 48 49 30 36 34 24 16 12 51 16 33
5 30 18 24 27 10 15 14 51 27 19 8 36 12 19 11 45 24 29 0 12 15 17 25 52 23 25 19 32 15 30 9 28 15 59 19 22 23 29 19
27 1 23 33 29 12 30 14 18 8 31 17 33 17 31 9 17 13 19 14 0 15 7 38 25 16 37 19 24 47 23 26 21 21 19 10 13 17 24 11
10 23 8 6 12 8 8 2 34 22 31 23 30 30 38 32 11 7 24 23 19 0 29 29 27 33 49 16 33 27 9 4 20 23 42 22 24 8 53 2
16 14 27 38 31 13 40 25 21 21 15 22 32 4 17 7 34 15 20 16 8 22 0 26 19 21 19 42 15 19 36 27 24 28 21 10 4 15 20 26
49 13 53 33 44 26 71 35 29 20 24 56 54 19 10 19 67 23 9 42 25 26 29 0 12 15 28 59 11 47 23 42 70 47 48 14 12 49 3 25
21 15 45 59 75 50 58 46 12 7 20 44 35 36 19 18 26 24 19 58 17 39 23 12 0 19 67 23 9 52 37 33 44 49 29 16 22 31 9 35
32 20 54 26 42 43 42 22 32 11 22 39 58 12 0 7 47 38 1 35 27 19 12 11 20 0 41 54 2 50 49 42 48 36 29 22 14 59 11 38
16 44 37 33 47 28 20 41 42 59 11 3 48 31 32 44 70 26 27 19 21 29 23 66 50 34 0 60 29 6 46 34 28 25 55 29 34 19 57 41
42 26 42 13 13 27 11 13 34 27 32 65 12 50 55 16 6 22 24 26 18 23 32 41 37 49 63 0 29 53 4 28 8 50 10 15 52 18 46 17
52 16 38 63 52 50 35 30 23 23 14 21 45 14 3 14 53 33 5 21 22 48 24 10 10 2 50 49 0 30 55 47 69 59 52 22 16 22 5 25
16 33 14 43 24 30 48 29 56 57 12 6 71 21 50 20 33 42 20 12 31 23 18 25 53 28 4 51 27 0 43 27 47 25 68 21 27 35 52 37
40 29 24 12 30 21 21 16 23 20 58 36 18 29 43 20 6 16 46 20 24 10 25 62 21 22 65 3 23 56 0 18 16 28 11 19 24 14 61 18
10 18 8 9 11 5 11 6 36 22 34 17 41 33 49 26 43 6 36 14 22 10 13 55 26 25 33 16 41 19 32 0 27 10 51 11 22 14 53 5
16 23 16 9 10 22 13 11 29 32 43 50 25 27 60 26 23 23 53 30 19 11 33 65 68 51 44 23 66 60 10 16 0 27 27 45 41 6 79 12
8 28 4 15 12 9 19 12 70 54 19 16 65 16 35 23 22 21 50 6 31 19 31 49 52 60 16 50 43 10 46 7 15 0 25 20 22 30 43 19
30 19 54 44 44 20 31 19 10 15 33 29 7 21 33 30 11 18 44 23 12 32 45 36 14 20 49 11 31 73 8 25 36 36 0 36 40 31 37 40
11 7 24 32 41 11 36 23 35 18 16 13 38 12 23 5 20 20 14 9 7 20 8 30 34 24 32 19 22 24 17 19 40 33 27 0 10 14 34 9
34 13 23 39 30 19 40 19 42 14 13 33 52 4 9 7 32 14 7 29 18 35 3 28 27 12 31 43 12 17 26 32 48 38 35 10 0 30 26 31
29 15 13 7 17 8 7 4 17 17 52 39 19 30 58 24 16 4 49 25 14 4 26 42 41 36 27 8 20 42 13 7 6 27 23 17 42 0 60 5
40 20 47 78 85 33 48 46 32 18 26 29 45 32 11 19 34 36 13 59 34 29 16 3 13 15 22 47 7 29 42 53 53 49 47 25 27 54 0 23
10 24 10 13 18 4 9 1 33 24 21 39 26 25 45 28 34 8 44 15 18 2 29 35 53 19 44 16 28 30 14 5 11 14 25 15 20 10 62 0