7
40
,
0 (44.0, 27.0) 35.0
1 (21.0, 27.0) 11.0
2 (49.0, 17.0) 26.0
3 (39.0, 7.0) 28.0
4 (45.0, 5.0) 24.0
5 (37.0, 20.0) 45.0
6 (38.0, 10.0) 17.0
7 (36.0, 15.0) 18.0
8 (0.0, 21.0) 16.0
9 (11.0, 27.0) 21.0
10 (41.0, 46.0) 15.0
11 (47.0, 43.0) 31.0
12 (9.0, 2.0) 31.0
13 (27.0, 41.0) 31.0
14 (16.0, 47.0) 29.0
15 (21.0, 34.0) 13.0
16 (17.0, 1.0) 47.0
17 (29.0, 17.0) 21.0
18 (17.0, 47.0) 11.0
19 (41.0, 29.0) 27.0
20 (22.0, 26.0) 11.0
21 (34.0, 15.0) 48.0
22 (29.0, 38.0) 15.0
23 (5.0, 45.0) 23.0
24 (3.0, 37.0) 26.0
25 (16.0, 47.0) 39.0
26 (49.0, 44.0) 32.0
27 (20.0, 4.0) 14.0
28 (14.0, 45.0) 15.0
29 (50.0, 40.0) 27.0
30 (22.0, 7.0) 29.0
31 (40.0, 19.0) 40.0
32 (36.0, 1.0) 19.0
33 (49.0, 23.0) 23.0
34 (6.0, 10.0) 24.0
35 (26.0, 32.0) 44.0
36 (24.0, 39.0) 48.0
37 (31.0, 10.0) 30.0
38 (6.0, 48.0) 26.0
39 (35.0, 17.0) 11.0
,
0 5 2 4 4 2 4 3 9 7 4 3 9 4 7 5 7 4 7 1 4 3 4 9 8 7 4 7 7 3 6 2 5 1 8 4 5 4 9 3
5 0 6 5 7 3 5 4 4 2 6 6 6 3 4 1 5 3 4 4 0 4 3 5 4 4 7 5 4 6 4 4 6 6 5 1 2 4 5 3
2 6 0 3 3 2 3 3 10 8 6 5 9 7 9 7 7 4 9 3 6 3 6 10 10 9 5 6 9 5 6 2 4 1 9 5 7 4 11 3
4 5 3 0 1 3 1 2 8 7 8 7 6 7 9 6 5 3 9 4 5 2 7 10 9 9 8 4 9 7 3 2 1 4 7 6 7 2 11 2
4 7 3 1 0 3 2 3 10 8 8 8 7 8 10 8 6 4 10 5 6 3 7 11 11 10 8 5 10 7 5 3 2 4 8 7 8 3 12 3
2 3 2 3 3 0 2 1 7 5 5 5 7 5 7 4 6 2 7 2 3 1 4 8 8 7 5 5 7 5 4 1 4 2 7 3 5 2 8 1
4 5 3 1 2 2 0 1 8 6 7 7 6 7 9 6 5 2 9 4 5 1 6 10 9 9 7 4 8 6 3 2 2 3 6 5 6 1 10 2
3 4 3 2 3 1 1 0 7 6 6 6 6 6 8 5 5 1 7 3 4 0 5 9 8 8 6 4 7 6 3 1 3 3 6 4 5 1 9 0
9 4 10 8 10 7 8 7 0 3 10 10 4 7 6 5 5 6 6 8 5 7 7 5 3 6 11 5 6 11 5 8 8 10 3 6 6 7 6 7
7 2 8 7 8 5 6 6 3 0 7 8 5 4 4 2 5 4 4 6 2 5 4 4 3 4 8 5 4 8 5 6 7 8 4 3 4 5 4 5
4 6 6 8 8 5 7 6 10 7 0 1 11 3 5 5 10 6 5 3 6 6 3 7 8 5 2 9 5 2 9 5 9 5 10 4 4 7 7 6
3 6 5 7 8 5 7 6 10 8 1 0 11 4 6 6 10 6 6 3 6 6 4 8 9 6 0 9 7 1 9 5 9 4 11 5 5 7 8 6
9 6 9 6 7 7 6 6 4 5 11 11 0 9 9 7 2 5 9 8 5 6 8 9 7 9 12 2 9 11 3 7 5 9 2 7 8 5 9 6
4 3 7 7 8 5 7 6 7 4 3 4 9 0 3 2 8 5 2 4 3 5 1 4 5 3 4 8 3 5 7 5 8 6 7 2 1 6 4 5
7 4 9 9 10 7 9 8 6 4 5 6 9 3 0 3 9 7 0 6 4 7 3 2 3 0 7 9 1 7 8 7 10 8 8 4 2 8 2 7
5 1 7 6 8 4 6 5 5 2 5 6 7 2 3 0 7 4 3 4 2 5 2 4 4 3 6 6 3 6 5 5 7 6 6 1 1 5 4 4
7 5 7 5 6 6 5 5 5 5 10 10 2 8 9 7 0 4 9 7 5 4 8 9 8 9 11 1 9 10 2 6 4 8 3 6 8 3 10 5
4 3 4 3 4 2 2 1 6 4 6 6 5 5 7 4 4 0 6 3 2 1 4 7 7 7 7 3 6 6 2 2 3 4 5 3 5 1 8 1
7 4 9 9 10 7 9 7 6 4 5 6 9 2 0 3 9 6 0 6 4 7 3 2 3 0 6 9 1 7 8 7 10 8 8 3 2 8 2 7
1 4 3 4 5 2 4 3 8 6 3 3 8 4 6 4 7 3 6 0 4 3 3 8 8 6 3 7 6 3 6 2 6 2 8 3 4 4 8 3
4 0 6 5 6 3 5 4 5 2 6 6 5 3 4 2 5 2 4 4 0 3 3 5 4 4 6 4 4 6 4 4 6 5 5 1 3 4 5 3
3 4 3 2 3 1 1 0 7 5 6 6 6 5 7 5 4 1 7 3 3 0 5 8 8 7 7 4 7 6 3 1 3 3 6 4 5 1 9 0
4 3 6 7 7 4 6 5 7 4 3 4 8 1 3 2 8 4 3 3 3 5 0 5 5 3 4 7 3 4 6 4 8 5 7 1 1 6 5 4
9 5 10 10 11 8 10 9 5 4 7 8 9 4 2 4 9 7 2 8 5 8 5 0 2 2 9 9 2 9 8 9 11 10 7 5 4 9 1 8
8 4 10 9 11 8 9 8 3 3 8 9 7 5 3 4 8 7 3 8 4 8 5 2 0 3 9 7 3 9 7 8 10 10 5 5 4 8 2 8
7 4 9 9 10 7 9 8 6 4 5 6 9 3 0 3 9 7 0 6 4 7 3 2 3 0 7 9 1 7 8 7 10 8 8 4 2 8 2 7
4 7 5 8 8 5 7 6 11 8 2 0 12 4 7 6 11 7 6 3 6 7 4 9 9 7 0 10 7 1 9 5 9 4 11 5 5 8 9 6
7 5 6 4 5 5 4 4 5 5 9 9 2 8 9 6 1 3 9 7 4 4 7 9 7 9 10 0 8 9 1 5 3 7 3 6 7 3 9 4
7 4 9 9 10 7 8 7 6 4 5 7 9 3 1 3 9 6 1 6 4 7 3 2 3 1 7 8 0 7 8 7 10 8 7 4 2 8 2 7
3 6 5 7 7 5 6 6 11 8 2 1 11 5 7 6 10 6 7 3 6 6 4 9 9 7 1 9 7 0 9 5 8 3 11 5 5 7 9 5
6 4 6 3 5 4 3 3 5 5 9 9 3 7 8 5 2 2 8 6 4 3 6 8 7 8 9 1 8 9 0 4 3 6 3 5 6 2 9 3
2 4 2 2 3 1 2 1 8 6 5 5 7 5 7 5 6 2 7 2 4 1 4 9 8 7 5 5 7 5 4 0 4 2 7 4 5 3 9 1
5 6 4 1 2 4 2 3 8 7 9 9 5 8 10 7 4 3 10 6 6 3 8 11 10 10 9 3 10 8 3 4 0 5 6 7 8 2 11 3
1 6 1 4 4 2 3 3 10 8 5 4 9 6 8 6 8 4 8 2 5 3 5 10 10 8 4 7 8 3 6 2 5 0 9 5 6 4 10 3
8 5 9 7 8 7 6 6 3 4 10 11 2 7 8 6 3 5 8 8 5 6 7 7 5 8 11 3 7 11 3 7 6 9 0 6 7 5 8 6
4 1 5 6 7 3 5 4 6 3 4 5 7 2 4 1 6 3 3 3 1 4 1 5 5 4 5 6 4 5 5 4 7 5 6 0 1 5 5 3
5 2 7 7 8 5 6 5 6 4 4 5 8 1 2 1 8 5 2 4 3 5 1 4 4 2 5 7 2 5 6 5 8 6 7 1 0 6 4 5
4 4 4 2 3 2 1 1 7 5 7 7 5 6 8 5 3 1 8 4 4 1 6 9 8 8 8 3 8 7 2 3 2 4 5 5 6 0 9 2
9 5 11 11 12 8 10 9 6 4 7 8 9 4 2 4 10 8 2 8 5 9 5 1 2 2 9 9 2 9 9 9 11 10 8 5 4 9 0 8
3 3 3 2 3 1 2 0 7 5 6 6 6 5 7 4 5 1 7 3 3 0 4 8 8 7 6 4 7 5 3 1 3 3 6 3 5 2 8 0
,
0 23 10 23 26 14 12 21 46 29 28 24 49 16 31 32 52 14 46 3 17 23 12 33 35 21 21 34 19 19 44 9 39 3 45 23 28 30 50 15
26 0 26 32 34 22 14 16 15 14 41 19 21 11 30 10 26 8 26 23 2 10 14 23 22 15 18 29 27 32 27 26 30 22 33 9 18 15 30 18
7 32 0 19 19 11 13 7 38 29 20 38 56 40 51 46 40 17 57 18 17 20 21 42 58 50 37 19 45 25 40 9 13 4 24 31 45 25 65 20
20 36 12 0 8 8 3 5 40 35 30 34 28 36 34 17 17 12 51 32 36 12 48 44 40 38 38 19 67 26 17 11 5 23 38 40 44 10 39 8
12 42 6 9 0 16 5 15 26 38 27 33 38 51 44 42 19 15 34 27 41 11 52 39 37 57 47 30 67 47 19 12 15 17 47 31 53 21 50 8
14 22 8 16 9 0 10 5 19 35 22 33 46 34 33 13 17 10 20 11 14 5 12 57 30 41 32 32 27 20 17 4 26 15 28 13 22 14 23 3
15 13 13 3 8 11 0 5 36 46 36 31 33 31 56 41 25 7 26 29 12 8 33 31 25 59 48 25 53 37 24 11 8 14 18 18 45 5 53 7
12 24 18 11 18 7 7 0 45 21 41 40 28 21 53 15 18 4 19 14 13 3 13 59 49 19 21 11 20 34 18 5 13 12 41 27 19 8 45 1
56 16 64 46 68 48 33 41 0 18 25 47 22 45 32 21 32 40 18 54 21 35 29 30 23 23 54 27 16 59 13 40 45 26 8 16 16 21 16 27
22 8 53 36 28 25 24 20 17 0 37 39 19 12 30 7 24 21 22 28 14 18 19 27 19 19 46 17 21 57 27 24 51 20 13 11 23 35 17 18
27 27 34 25 41 34 25 42 43 52 0 10 35 15 20 18 57 35 22 14 17 23 15 44 36 34 9 32 21 14 33 38 66 33 73 17 23 52 33 26
14 36 29 21 36 17 38 31 50 48 6 0 75 19 40 24 37 34 44 20 37 31 12 33 57 20 2 56 23 5 60 13 27 17 58 26 30 49 61 28
63 32 32 42 32 29 18 16 11 28 33 57 0 45 65 43 11 27 65 41 31 24 57 61 33 45 85 12 25 82 18 39 23 33 9 46 30 28 25 15
29 14 23 21 38 17 37 39 18 11 11 26 43 0 8 14 54 20 15 17 23 27 3 21 19 7 27 29 17 19 30 17 47 27 47 8 2 22 26 24
44 29 24 41 69 47 25 25 20 18 26 45 39 19 0 12 57 43 1 28 16 38 15 10 24 0 39 62 4 51 42 54 60 46 22 11 17 33 9 32
13 8 25 25 26 27 16 21 30 10 21 18 28 10 20 0 31 25 12 16 10 19 7 19 12 18 18 39 10 31 37 18 30 23 23 5 4 23 15 15
24 13 38 31 23 14 15 28 28 20 68 76 7 25 29 21 0 26 48 32 37 30 46 44 33 50 28 5 39 43 5 36 16 50 11 35 49 19 55 22
22 13 11 14 26 7 13 9 25 27 45 29 14 28 37 19 24 0 22 24 16 8 22 47 44 18 18 12 26 25 10 12 25 24 25 11 30 4 56 7
23 25 28 27 62 41 53 53 29 28 16 44 56 10 1 20 46 43 0 24 28 52 18 11 17 1 32 28 4 25 23 45 42 58 31 13 12 38 6 40
3 27 9 26 18 8 19 19 54 30 23 13 50 21 37 26 48 24 27 0 14 13 17 29 46 41 14 45 44 12 31 6 39 13 23 19 11 16 28 17
25 1 20 34 42 13 34 27 29 8 36 35 22 12 27 12 29 17 28 28 0 15 12 16 32 32 48 16 29 37 21 20 42 29 27 6 15 12 27 13
23 17 13 9 21 9 4 3 30 36 33 22 39 39 55 24 30 4 52 10 13 0 33 22 36 31 26 19 49 38 9 4 20 12 38 26 16 7 28 2
12 15 40 23 33 15 20 14 28 27 10 27 60 2 18 6 22 15 14 11 14 15 0 31 20 16 27 25 20 17 22 29 56 17 21 5 6 33 13 20
55 25 75 64 42 34 62 39 21 17 38 24 53 19 16 16 68 20 10 41 22 26 26 0 8 12 54 41 12 50 30 62 28 57 19 17 23 62 3 27
28 15 60 35 36 52 31 42 16 8 29 39 38 21 15 13 43 29 10 33 23 33 34 11 0 22 58 31 14 61 22 23 37 29 37 23 22 44 10 52
47 13 65 66 76 32 41 46 23 10 25 46 46 13 0 10 66 18 1 16 17 35 10 14 9 0 17 53 2 45 43 53 25 46 38 17 11 36 14 47
23 18 34 28 41 28 25 25 37 55 11 3 62 28 44 16 34 26 19 14 18 22 11 53 39 47 0 66 41 5 27 28 37 22 28 36 17 40 43 34
43 13 19 13 21 18 12 18 25 36 53 45 7 56 34 18 4 24 43 32 32 26 45 29 52 49 33 0 50 70 4 20 16 49 16 24 26 16 27 25
33 17 43 65 64 43 36 27 40 25 36 22 29 16 4 18 47 46 4 17 14 46 14 5 12 2 52 46 0 47 47 32 28 34 26 24 16 37 11 27
17 34 29 27 52 20 21 17 35 32 16 6 49 32 18 19 31 46 31 21 34 43 29 36 39 25 2 69 41 0 30 35 23 9 60 31 16 34 50 14
30 14 42 25 15 28 19 19 36 32 59 59 10 21 45 36 9 16 31 38 23 21 18 46 34 45 52 3 38 34 0 23 20 24 20 21 46 9 27 16
6 18 9 15 19 3 11 7 57 36 36 24 31 26 34 35 21 16 36 7 27 6 11 54 43 50 27 18 27 24 31 0 15 10 25 26 27 7 54 6
32 23 11 5 5 14 8 7 60 50 63 55 16 53 45 43 16 12 57 31 40 15 26 67 33 71 46 19 63 41 9 14 0 37 20 29 54 13 41 24
5 38 5 21 22 18 25 9 45 20 29 21 58 18 28 32 27 28 38 13 15 16 22 49 29 42 20 46 49 15 35 8 16 0 50 19 26 31 29 8
44 13 25 49 33 26 38 19 14 9 65 78 5 33 43 23 14 32 57 56 32 34 20 35 18 28 28 11 37 76 20 47 35 36 0 36 38 37 50 32
13 4 24 36 39 10 33 25 15 9 28 34 43 5 17 5 20 17 18 17 8 24 6 21 13 21 25 33 9 31 25 19 28 32 34 0 5 33 18 10
27 16 44 51 55 13 44 21 16 17 19 21 26 5 12 8 39 13 10 26 14 31 5 12 26 17 24 30 17 23 33 24 32 43 33 7 0 36 21 13
18 15 24 5 22 11 9 9 18 22 29 50 27 25 54 17 11 7 54 20 21 7 34 61 49 47 34 18 47 53 6 8 6 13 19 24 20 0 62 8
53 20 48 37 33 57 26 31 15 27 30 53 46 33 6 12 32 30 12 58 30 39 35 3 11 14 48 46 8 32 45 26 67 26 52 19 11 55 0 59
15 14 8 6 21 4 9 2 50 18 35 34 34 15 44 24 29 8 52 14 16 2 14 29 26 46 38 28 19 23 11 6 22 11 38 25 30 7 49 0