7
40
,
0 (44.0, 27.0) 12.0
1 (21.0, 27.0) 23.0
2 (49.0, 17.0) 42.0
3 (39.0, 7.0) 25.0
4 (45.0, 5.0) 12.0
5 (37.0, 20.0) 28.0
6 (38.0, 10.0) 23.0
7 (36.0, 15.0) 46.0
8 (0.0, 21.0) 43.0
9 (11.0, 27.0) 13.0
10 (41.0, 46.0) 29.0
11 (47.0, 43.0) 31.0
12 (9.0, 2.0) 30.0
13 (27.0, 41.0) 29.0
14 (16.0, 47.0) 29.0
15 (21.0, 34.0) 34.0
16 (17.0, 1.0) 40.0
17 (29.0, 17.0) 35.0
18 (17.0, 47.0) 29.0
19 (41.0, 29.0) 28.0
20 (22.0, 26.0) 49.0
21 (34.0, 15.0) 27.0
22 (29.0, 38.0) 18.0
23 (5.0, 45.0) 25.0
24 (3.0, 37.0) 30.0
25 (16.0, 47.0) 45.0
26 (49.0, 44.0) 15.0
27 (20.0, 4.0) 25.0
28 (14.0, 45.0) 16.0
29 (50.0, 40.0) 43.0
30 (22.0, 7.0) 37.0
31 (40.0, 19.0) 19.0
32 (36.0, 1.0) 33.0
33 (49.0, 23.0) 40.0
34 (6.0, 10.0) 16.0
35 (26.0, 32.0) 24.0
36 (24.0, 39.0) 36.0
37 (31.0, 10.0) 34.0
38 (6.0, 48.0) 16.0
39 (35.0, 17.0) 46.0
,
0 5 2 4 4 2 4 3 9 7 4 3 9 4 7 5 7 4 7 1 4 3 4 9 8 7 4 7 7 3 6 2 5 1 8 4 5 4 9 3
5 0 6 5 7 3 5 4 4 2 6 6 6 3 4 1 5 3 4 4 0 4 3 5 4 4 7 5 4 6 4 4 6 6 5 1 2 4 5 3
2 6 0 3 3 2 3 3 10 8 6 5 9 7 9 7 7 4 9 3 6 3 6 10 10 9 5 6 9 5 6 2 4 1 9 5 7 4 11 3
4 5 3 0 1 3 1 2 8 7 8 7 6 7 9 6 5 3 9 4 5 2 7 10 9 9 8 4 9 7 3 2 1 4 7 6 7 2 11 2
4 7 3 1 0 3 2 3 10 8 8 8 7 8 10 8 6 4 10 5 6 3 7 11 11 10 8 5 10 7 5 3 2 4 8 7 8 3 12 3
2 3 2 3 3 0 2 1 7 5 5 5 7 5 7 4 6 2 7 2 3 1 4 8 8 7 5 5 7 5 4 1 4 2 7 3 5 2 8 1
4 5 3 1 2 2 0 1 8 6 7 7 6 7 9 6 5 2 9 4 5 1 6 10 9 9 7 4 8 6 3 2 2 3 6 5 6 1 10 2
3 4 3 2 3 1 1 0 7 6 6 6 6 6 8 5 5 1 7 3 4 0 5 9 8 8 6 4 7 6 3 1 3 3 6 4 5 1 9 0
9 4 10 8 10 7 8 7 0 3 10 10 4 7 6 5 5 6 6 8 5 7 7 5 3 6 11 5 6 11 5 8 8 10 3 6 6 7 6 7
7 2 8 7 8 5 6 6 3 0 7 8 5 4 4 2 5 4 4 6 2 5 4 4 3 4 8 5 4 8 5 6 7 8 4 3 4 5 4 5
4 6 6 8 8 5 7 6 10 7 0 1 11 3 5 5 10 6 5 3 6 6 3 7 8 5 2 9 5 2 9 5 9 5 10 4 4 7 7 6
3 6 5 7 8 5 7 6 10 8 1 0 11 4 6 6 10 6 6 3 6 6 4 8 9 6 0 9 7 1 9 5 9 4 11 5 5 7 8 6
9 6 9 6 7 7 6 6 4 5 11 11 0 9 9 7 2 5 9 8 5 6 8 9 7 9 12 2 9 11 3 7 5 9 2 7 8 5 9 6
4 3 7 7 8 5 7 6 7 4 3 4 9 0 3 2 8 5 2 4 3 5 1 4 5 3 4 8 3 5 7 5 8 6 7 2 1 6 4 5
7 4 9 9 10 7 9 8 6 4 5 6 9 3 0 3 9 7 0 6 4 7 3 2 3 0 7 9 1 7 8 7 10 8 8 4 2 8 2 7
5 1 7 6 8 4 6 5 5 2 5 6 7 2 3 0 7 4 3 4 2 5 2 4 4 3 6 6 3 6 5 5 7 6 6 1 1 5 4 4
7 5 7 5 6 6 5 5 5 5 10 10 2 8 9 7 0 4 9 7 5 4 8 9 8 9 11 1 9 10 2 6 4 8 3 6 8 3 10 5
4 3 4 3 4 2 2 1 6 4 6 6 5 5 7 4 4 0 6 3 2 1 4 7 7 7 7 3 6 6 2 2 3 4 5 3 5 1 8 1
7 4 9 9 10 7 9 7 6 4 5 6 9 2 0 3 9 6 0 6 4 7 3 2 3 0 6 9 1 7 8 7 10 8 8 3 2 8 2 7
1 4 3 4 5 2 4 3 8 6 3 3 8 4 6 4 7 3 6 0 4 3 3 8 8 6 3 7 6 3 6 2 6 2 8 3 4 4 8 3
4 0 6 5 6 3 5 4 5 2 6 6 5 3 4 2 5 2 4 4 0 3 3 5 4 4 6 4 4 6 4 4 6 5 5 1 3 4 5 3
3 4 3 2 3 1 1 0 7 5 6 6 6 5 7 5 4 1 7 3 3 0 5 8 8 7 7 4 7 6 3 1 3 3 6 4 5 1 9 0
4 3 6 7 7 4 6 5 7 4 3 4 8 1 3 2 8 4 3 3 3 5 0 5 5 3 4 7 3 4 6 4 8 5 7 1 1 6 5 4
9 5 10 10 11 8 10 9 5 4 7 8 9 4 2 4 9 7 2 8 5 8 5 0 2 2 9 9 2 9 8 9 11 10 7 5 4 9 1 8
8 4 10 9 11 8 9 8 3 3 8 9 7 5 3 4 8 7 3 8 4 8 5 2 0 3 9 7 3 9 7 8 10 10 5 5 4 8 2 8
7 4 9 9 10 7 9 8 6 4 5 6 9 3 0 3 9 7 0 6 4 7 3 2 3 0 7 9 1 7 8 7 10 8 8 4 2 8 2 7
4 7 5 8 8 5 7 6 11 8 2 0 12 4 7 6 11 7 6 3 6 7 4 9 9 7 0 10 7 1 9 5 9 4 11 5 5 8 9 6
7 5 6 4 5 5 4 4 5 5 9 9 2 8 9 6 1 3 9 7 4 4 7 9 7 9 10 0 8 9 1 5 3 7 3 6 7 3 9 4
7 4 9 9 10 7 8 7 6 4 5 7 9 3 1 3 9 6 1 6 4 7 3 2 3 1 7 8 0 7 8 7 10 8 7 4 2 8 2 7
3 6 5 7 7 5 6 6 11 8 2 1 11 5 7 6 10 6 7 3 6 6 4 9 9 7 1 9 7 0 9 5 8 3 11 5 5 7 9 5
6 4 6 3 5 4 3 3 5 5 9 9 3 7 8 5 2 2 8 6 4 3 6 8 7 8 9 1 8 9 0 4 3 6 3 5 6 2 9 3
2 4 2 2 3 1 2 1 8 6 5 5 7 5 7 5 6 2 7 2 4 1 4 9 8 7 5 5 7 5 4 0 4 2 7 4 5 3 9 1
5 6 4 1 2 4 2 3 8 7 9 9 5 8 10 7 4 3 10 6 6 3 8 11 10 10 9 3 10 8 3 4 0 5 6 7 8 2 11 3
1 6 1 4 4 2 3 3 10 8 5 4 9 6 8 6 8 4 8 2 5 3 5 10 10 8 4 7 8 3 6 2 5 0 9 5 6 4 10 3
8 5 9 7 8 7 6 6 3 4 10 11 2 7 8 6 3 5 8 8 5 6 7 7 5 8 11 3 7 11 3 7 6 9 0 6 7 5 8 6
4 1 5 6 7 3 5 4 6 3 4 5 7 2 4 1 6 3 3 3 1 4 1 5 5 4 5 6 4 5 5 4 7 5 6 0 1 5 5 3
5 2 7 7 8 5 6 5 6 4 4 5 8 1 2 1 8 5 2 4 3 5 1 4 4 2 5 7 2 5 6 5 8 6 7 1 0 6 4 5
4 4 4 2 3 2 1 1 7 5 7 7 5 6 8 5 3 1 8 4 4 1 6 9 8 8 8 3 8 7 2 3 2 4 5 5 6 0 9 2
9 5 11 11 12 8 10 9 6 4 7 8 9 4 2 4 10 8 2 8 5 9 5 1 2 2 9 9 2 9 9 9 11 10 8 5 4 9 0 8
3 3 3 2 3 1 2 0 7 5 6 6 6 5 7 4 5 1 7 3 3 0 4 8 8 7 6 4 7 5 3 1 3 3 6 3 5 2 8 0
,
0 30 7 22 22 10 24 16 26 26 12 21 44 22 29 28 30 16 31 4 15 8 20 42 27 44 9 23 19 19 16 8 37 6 58 13 34 22 43 13
15 0 21 20 33 14 28 23 32 7 17 19 25 12 16 9 26 14 28 30 2 10 16 22 18 19 23 28 14 32 23 18 45 37 29 6 7 14 16 25
15 20 0 12 16 8 18 19 38 21 20 14 24 27 61 32 52 21 56 13 41 21 35 69 63 43 30 35 35 33 15 10 24 8 30 31 27 22 28 10
28 27 13 0 5 13 3 11 41 35 20 55 33 46 38 36 34 11 47 32 28 9 35 68 35 50 28 28 56 25 15 12 5 21 34 15 32 12 76 12
28 37 9 7 0 20 13 10 55 58 45 42 25 46 45 27 20 11 39 19 40 17 48 81 62 71 33 15 45 28 13 19 11 24 33 24 24 21 47 19
6 14 17 12 24 0 8 4 41 19 21 23 34 12 24 17 16 10 26 12 20 9 14 54 52 35 28 15 45 21 15 5 13 11 46 18 34 9 55 3
11 16 14 4 9 9 0 4 49 43 26 24 45 49 22 23 21 16 33 25 12 4 43 30 52 22 19 24 22 22 12 11 14 12 24 14 17 6 63 5
22 10 19 11 7 7 5 0 22 23 27 21 22 31 20 18 30 7 22 12 12 3 30 39 43 27 29 19 41 25 13 6 14 22 29 25 25 6 47 1
28 30 32 48 33 48 21 25 0 18 64 32 17 45 35 27 32 26 40 56 29 49 35 29 24 25 68 20 39 68 28 56 43 49 9 35 41 32 24 24
18 6 52 45 45 32 40 30 11 0 41 46 37 32 10 9 15 21 26 22 15 20 21 12 19 19 43 30 12 46 20 26 21 48 19 17 13 22 15 28
13 14 31 50 23 38 31 27 31 28 0 4 78 7 16 18 59 25 30 16 18 23 15 26 58 30 12 48 30 9 26 16 37 22 38 26 26 19 42 34
21 16 29 24 53 28 36 19 39 47 6 0 62 20 21 19 45 36 32 17 36 34 19 36 30 40 3 39 25 2 45 30 22 22 55 25 29 24 36 41
30 15 56 22 41 40 17 17 15 21 75 77 0 38 24 28 9 34 67 30 40 31 34 62 32 31 79 13 59 52 19 50 16 44 5 31 44 21 59 31
12 10 23 28 24 30 19 38 28 31 18 24 59 0 6 6 30 20 10 22 13 34 3 22 29 16 24 53 7 29 38 37 50 32 39 8 3 42 33 13
34 17 60 51 57 25 34 42 17 23 37 27 27 12 0 17 33 26 1 18 22 45 19 11 9 0 48 48 2 47 23 19 30 41 41 13 16 20 15 23
33 8 40 26 45 30 20 35 25 12 33 35 50 9 7 0 42 15 20 23 11 21 12 13 16 8 38 36 15 16 19 16 35 30 28 5 5 13 18 22
48 15 47 20 20 17 30 24 26 19 65 50 9 27 38 33 0 13 67 21 20 12 42 45 25 48 45 6 23 32 10 32 18 37 20 39 52 22 27 18
23 12 11 13 17 12 15 4 18 15 28 36 20 16 34 15 24 0 38 12 7 6 15 39 41 39 33 21 37 32 8 11 16 23 23 12 13 5 34 9
47 29 28 38 55 34 27 36 45 12 19 32 63 6 1 7 44 29 0 38 12 21 13 11 17 1 42 47 4 50 57 30 33 39 28 16 14 58 15 43
3 14 13 25 32 5 28 18 62 41 15 21 33 19 35 17 41 25 34 0 28 16 20 22 49 32 19 23 34 8 28 6 22 10 55 10 25 16 48 19
27 2 24 26 16 23 14 21 14 12 24 36 40 15 19 5 19 11 19 26 0 9 14 30 12 17 25 22 20 34 24 24 34 24 16 10 10 23 36 13
20 22 22 6 19 4 9 1 21 19 47 23 18 39 43 21 32 5 36 11 20 0 15 52 51 40 33 11 46 26 8 10 20 20 42 25 34 7 56 1
21 15 35 44 28 12 17 29 42 11 16 26 43 2 20 13 35 25 17 18 11 20 0 31 15 13 30 48 16 21 19 18 37 16 26 7 4 39 21 12
28 32 68 44 32 49 35 44 22 12 38 35 44 32 15 24 28 36 15 51 35 47 21 0 10 15 34 41 9 27 25 54 45 49 47 33 23 62 2 35
40 22 58 56 45 49 29 20 22 13 21 32 41 16 18 13 33 37 18 37 11 40 36 10 0 15 68 51 12 37 19 22 43 39 24 34 20 35 10 38
24 21 38 46 30 46 62 28 33 13 24 43 52 17 0 20 45 29 1 26 28 24 15 11 10 0 20 53 2 52 43 23 61 59 23 25 14 33 14 46
13 21 23 19 38 33 44 30 36 25 6 2 59 21 28 25 70 42 27 21 28 39 30 38 46 17 0 67 40 3 26 32 48 14 70 37 24 25 36 26
35 32 38 27 19 32 13 12 23 33 38 61 14 30 54 43 3 9 26 37 20 16 31 38 44 63 31 0 41 52 3 29 11 48 16 34 27 15 49 15
37 12 44 33 68 26 58 27 19 16 26 39 43 14 2 8 59 17 2 30 17 47 10 8 10 2 51 22 0 49 56 40 26 36 44 11 15 44 6 51
14 26 29 21 19 36 33 18 46 50 8 5 67 27 48 43 48 39 50 19 26 28 26 66 57 40 5 38 19 0 44 28 54 13 45 37 27 48 52 34
24 28 33 20 20 24 11 11 34 12 24 61 8 43 34 36 8 16 56 22 28 19 29 26 34 20 48 3 57 23 0 29 10 19 14 22 27 10 42 12
13 13 14 14 13 2 12 7 53 23 38 18 20 34 31 20 40 8 25 9 22 8 24 30 24 19 34 32 50 21 28 0 11 14 38 26 32 16 43 7
25 22 15 5 13 15 14 20 21 28 60 52 38 31 43 47 22 14 47 36 22 14 39 56 70 60 36 24 62 43 9 17 0 37 41 45 44 7 51 19
6 33 8 12 19 6 25 9 32 48 23 10 23 16 25 20 46 28 58 9 14 13 22 35 66 52 27 42 31 14 25 13 25 0 41 26 23 26 31 16
53 33 25 25 21 39 23 38 16 18 60 69 5 35 52 22 21 25 43 33 26 15 26 22 26 41 35 8 48 67 24 37 27 58 0 17 21 14 36 19
26 5 30 23 29 20 19 18 14 13 22 31 18 10 12 4 31 14 12 17 11 28 7 16 12 24 26 15 11 35 26 27 37 23 29 0 9 14 25 14
23 10 28 42 27 28 23 21 28 13 10 33 53 4 13 8 33 29 16 25 17 14 4 22 19 6 16 49 14 30 43 14 23 43 50 9 0 37 10 23
15 27 19 12 8 12 7 5 23 32 44 36 31 21 35 27 21 8 39 14 11 8 25 64 40 39 21 18 46 42 13 18 10 23 32 29 20 0 58 7
31 14 45 74 32 33 26 65 18 21 22 45 41 16 9 14 63 54 9 43 36 61 17 5 16 14 41 30 8 25 42 27 57 73 51 32 27 66 0 28
9 13 19 10 22 2 6 2 44 14 26 32 27 13 42 22 16 6 29 17 23 2 23 45 55 27 30 18 25 22 19 5 22 18 25 18 19 4 50 0