7
40
,
0 (44.0, 27.0) 16.0
1 (21.0, 27.0) 45.0
2 (49.0, 17.0) 35.0
3 (39.0, 7.0) 38.0
4 (45.0, 5.0) 37.0
5 (37.0, 20.0) 40.0
6 (38.0, 10.0) 11.0
7 (36.0, 15.0) 25.0
8 (0.0, 21.0) 10.0
9 (11.0, 27.0) 12.0
10 (41.0, 46.0) 41.0
11 (47.0, 43.0) 20.0
12 (9.0, 2.0) 22.0
13 (27.0, 41.0) 16.0
14 (16.0, 47.0) 22.0
15 (21.0, 34.0) 35.0
16 (17.0, 1.0) 48.0
17 (29.0, 17.0) 15.0
18 (17.0, 47.0) 21.0
19 (41.0, 29.0) 17.0
20 (22.0, 26.0) 29.0
21 (34.0, 15.0) 13.0
22 (29.0, 38.0) 12.0
23 (5.0, 45.0) 25.0
24 (3.0, 37.0) 32.0
25 (16.0, 47.0) 20.0
26 (49.0, 44.0) 11.0
27 (20.0, 4.0) 49.0
28 (14.0, 45.0) 11.0
29 (50.0, 40.0) 16.0
30 (22.0, 7.0) 24.0
31 (40.0, 19.0) 17.0
32 (36.0, 1.0) 15.0
33 (49.0, 23.0) 14.0
34 (6.0, 10.0) 30.0
35 (26.0, 32.0) 28.0
36 (24.0, 39.0) 19.0
37 (31.0, 10.0) 33.0
38 (6.0, 48.0) 22.0
39 (35.0, 17.0) 38.0
,
0 5 2 4 4 2 4 3 9 7 4 3 9 4 7 5 7 4 7 1 4 3 4 9 8 7 4 7 7 3 6 2 5 1 8 4 5 4 9 3
5 0 6 5 7 3 5 4 4 2 6 6 6 3 4 1 5 3 4 4 0 4 3 5 4 4 7 5 4 6 4 4 6 6 5 1 2 4 5 3
2 6 0 3 3 2 3 3 10 8 6 5 9 7 9 7 7 4 9 3 6 3 6 10 10 9 5 6 9 5 6 2 4 1 9 5 7 4 11 3
4 5 3 0 1 3 1 2 8 7 8 7 6 7 9 6 5 3 9 4 5 2 7 10 9 9 8 4 9 7 3 2 1 4 7 6 7 2 11 2
4 7 3 1 0 3 2 3 10 8 8 8 7 8 10 8 6 4 10 5 6 3 7 11 11 10 8 5 10 7 5 3 2 4 8 7 8 3 12 3
2 3 2 3 3 0 2 1 7 5 5 5 7 5 7 4 6 2 7 2 3 1 4 8 8 7 5 5 7 5 4 1 4 2 7 3 5 2 8 1
4 5 3 1 2 2 0 1 8 6 7 7 6 7 9 6 5 2 9 4 5 1 6 10 9 9 7 4 8 6 3 2 2 3 6 5 6 1 10 2
3 4 3 2 3 1 1 0 7 6 6 6 6 6 8 5 5 1 7 3 4 0 5 9 8 8 6 4 7 6 3 1 3 3 6 4 5 1 9 0
9 4 10 8 10 7 8 7 0 3 10 10 4 7 6 5 5 6 6 8 5 7 7 5 3 6 11 5 6 11 5 8 8 10 3 6 6 7 6 7
7 2 8 7 8 5 6 6 3 0 7 8 5 4 4 2 5 4 4 6 2 5 4 4 3 4 8 5 4 8 5 6 7 8 4 3 4 5 4 5
4 6 6 8 8 5 7 6 10 7 0 1 11 3 5 5 10 6 5 3 6 6 3 7 8 5 2 9 5 2 9 5 9 5 10 4 4 7 7 6
3 6 5 7 8 5 7 6 10 8 1 0 11 4 6 6 10 6 6 3 6 6 4 8 9 6 0 9 7 1 9 5 9 4 11 5 5 7 8 6
9 6 9 6 7 7 6 6 4 5 11 11 0 9 9 7 2 5 9 8 5 6 8 9 7 9 12 2 9 11 3 7 5 9 2 7 8 5 9 6
4 3 7 7 8 5 7 6 7 4 3 4 9 0 3 2 8 5 2 4 3 5 1 4 5 3 4 8 3 5 7 5 8 6 7 2 1 6 4 5
7 4 9 9 10 7 9 8 6 4 5 6 9 3 0 3 9 7 0 6 4 7 3 2 3 0 7 9 1 7 8 7 10 8 8 4 2 8 2 7
5 1 7 6 8 4 6 5 5 2 5 6 7 2 3 0 7 4 3 4 2 5 2 4 4 3 6 6 3 6 5 5 7 6 6 1 1 5 4 4
7 5 7 5 6 6 5 5 5 5 10 10 2 8 9 7 0 4 9 7 5 4 8 9 8 9 11 1 9 10 2 6 4 8 3 6 8 3 10 5
4 3 4 3 4 2 2 1 6 4 6 6 5 5 7 4 4 0 6 3 2 1 4 7 7 7 7 3 6 6 2 2 3 4 5 3 5 1 8 1
7 4 9 9 10 7 9 7 6 4 5 6 9 2 0 3 9 6 0 6 4 7 3 2 3 0 6 9 1 7 8 7 10 8 8 3 2 8 2 7
1 4 3 4 5 2 4 3 8 6 3 3 8 4 6 4 7 3 6 0 4 3 3 8 8 6 3 7 6 3 6 2 6 2 8 3 4 4 8 3
4 0 6 5 6 3 5 4 5 2 6 6 5 3 4 2 5 2 4 4 0 3 3 5 4 4 6 4 4 6 4 4 6 5 5 1 3 4 5 3
3 4 3 2 3 1 1 0 7 5 6 6 6 5 7 5 4 1 7 3 3 0 5 8 8 7 7 4 7 6 3 1 3 3 6 4 5 1 9 0
4 3 6 7 7 4 6 5 7 4 3 4 8 1 3 2 8 4 3 3 3 5 0 5 5 3 4 7 3 4 6 4 8 5 7 1 1 6 5 4
9 5 10 10 11 8 10 9 5 4 7 8 9 4 2 4 9 7 2 8 5 8 5 0 2 2 9 9 2 9 8 9 11 10 7 5 4 9 1 8
8 4 10 9 11 8 9 8 3 3 8 9 7 5 3 4 8 7 3 8 4 8 5 2 0 3 9 7 3 9 7 8 10 10 5 5 4 8 2 8
7 4 9 9 10 7 9 8 6 4 5 6 9 3 0 3 9 7 0 6 4 7 3 2 3 0 7 9 1 7 8 7 10 8 8 4 2 8 2 7
4 7 5 8 8 5 7 6 11 8 2 0 12 4 7 6 11 7 6 3 6 7 4 9 9 7 0 10 7 1 9 5 9 4 11 5 5 8 9 6
7 5 6 4 5 5 4 4 5 5 9 9 2 8 9 6 1 3 9 7 4 4 7 9 7 9 10 0 8 9 1 5 3 7 3 6 7 3 9 4
7 4 9 9 10 7 8 7 6 4 5 7 9 3 1 3 9 6 1 6 4 7 3 2 3 1 7 8 0 7 8 7 10 8 7 4 2 8 2 7
3 6 5 7 7 5 6 6 11 8 2 1 11 5 7 6 10 6 7 3 6 6 4 9 9 7 1 9 7 0 9 5 8 3 11 5 5 7 9 5
6 4 6 3 5 4 3 3 5 5 9 9 3 7 8 5 2 2 8 6 4 3 6 8 7 8 9 1 8 9 0 4 3 6 3 5 6 2 9 3
2 4 2 2 3 1 2 1 8 6 5 5 7 5 7 5 6 2 7 2 4 1 4 9 8 7 5 5 7 5 4 0 4 2 7 4 5 3 9 1
5 6 4 1 2 4 2 3 8 7 9 9 5 8 10 7 4 3 10 6 6 3 8 11 10 10 9 3 10 8 3 4 0 5 6 7 8 2 11 3
1 6 1 4 4 2 3 3 10 8 5 4 9 6 8 6 8 4 8 2 5 3 5 10 10 8 4 7 8 3 6 2 5 0 9 5 6 4 10 3
8 5 9 7 8 7 6 6 3 4 10 11 2 7 8 6 3 5 8 8 5 6 7 7 5 8 11 3 7 11 3 7 6 9 0 6 7 5 8 6
4 1 5 6 7 3 5 4 6 3 4 5 7 2 4 1 6 3 3 3 1 4 1 5 5 4 5 6 4 5 5 4 7 5 6 0 1 5 5 3
5 2 7 7 8 5 6 5 6 4 4 5 8 1 2 1 8 5 2 4 3 5 1 4 4 2 5 7 2 5 6 5 8 6 7 1 0 6 4 5
4 4 4 2 3 2 1 1 7 5 7 7 5 6 8 5 3 1 8 4 4 1 6 9 8 8 8 3 8 7 2 3 2 4 5 5 6 0 9 2
9 5 11 11 12 8 10 9 6 4 7 8 9 4 2 4 10 8 2 8 5 9 5 1 2 2 9 9 2 9 9 9 11 10 8 5 4 9 0 8
3 3 3 2 3 1 2 0 7 5 6 6 6 5 7 4 5 1 7 3 3 0 4 8 8 7 6 4 7 5 3 1 3 3 6 3 5 2 8 0
,
0 17 10 30 14 5 22 19 39 40 16 19 32 15 29 15 27 19 22 3 16 15 24 23 23 51 11 22 24 19 41 8 15 6 30 21 26 12 62 19
24 0 34 34 21 15 12 28 27 14 19 22 21 21 26 8 29 18 13 29 1 15 20 20 14 23 20 34 11 38 28 18 41 23 32 6 12 18 32 10
6 38 0 20 11 10 11 13 53 23 22 23 25 28 55 40 21 23 46 15 17 22 24 39 43 35 22 45 42 15 21 13 17 8 55 36 45 22 46 18
25 18 19 0 6 16 4 12 59 27 29 42 28 32 44 47 13 11 58 13 32 5 46 38 28 24 27 10 50 45 13 17 10 19 35 42 34 8 68 8
18 26 14 8 0 19 8 8 50 41 57 45 34 51 40 22 26 16 65 30 35 20 48 65 52 42 32 32 75 26 19 16 13 14 31 22 22 17 73 16
8 11 15 11 24 0 6 7 30 23 31 28 44 18 45 21 26 11 22 6 10 4 23 30 55 33 30 13 40 17 20 2 21 12 49 9 27 10 49 4
13 24 17 3 5 5 0 6 29 46 26 38 16 34 57 41 29 7 44 20 28 9 44 70 50 59 47 11 42 25 13 5 11 9 35 35 33 5 48 6
17 28 19 13 12 7 6 0 52 35 44 30 39 34 25 15 32 9 41 15 19 1 21 65 38 57 38 19 28 33 21 6 11 12 39 26 36 7 66 1
24 21 58 31 36 41 35 49 0 11 39 28 30 25 18 16 21 38 31 32 32 46 37 27 17 27 58 39 19 49 28 43 55 48 8 14 18 34 23 23
32 10 45 44 56 38 32 33 17 0 42 35 34 12 28 12 14 30 11 43 12 25 11 23 8 28 38 36 16 42 20 38 52 32 21 15 26 19 15 36
12 22 34 57 61 25 33 29 46 30 0 7 67 17 31 25 67 20 32 14 24 22 17 49 33 24 12 45 24 10 24 21 34 33 56 29 25 38 31 39
19 29 33 39 49 31 19 21 74 34 7 0 46 26 35 18 57 34 26 9 28 16 22 28 33 39 1 36 30 5 59 18 49 26 46 18 27 19 22 22
50 41 60 27 20 28 15 33 12 34 67 82 0 38 68 35 10 27 28 59 36 17 59 31 41 25 76 11 36 36 12 39 24 26 10 39 39 25 66 20
25 9 29 29 24 13 27 34 28 22 19 30 31 0 7 8 49 13 13 22 9 23 2 17 34 18 27 35 12 18 40 34 61 42 23 5 4 25 14 25
26 11 39 29 41 30 52 21 31 13 14 32 45 16 0 18 44 17 1 40 21 45 23 6 24 0 28 38 2 33 44 40 29 47 28 15 9 45 14 43
30 6 33 39 53 24 23 17 13 14 19 37 17 10 16 0 48 18 16 16 6 16 11 18 27 8 27 15 11 43 29 27 47 35 42 6 9 14 25 21
50 27 44 26 16 39 12 20 37 36 67 53 6 21 50 39 0 29 44 38 37 24 43 63 22 45 27 4 29 34 10 39 28 42 19 36 48 24 28 25
24 13 21 11 23 10 9 11 22 28 31 34 14 22 40 28 20 0 47 24 6 6 15 52 38 41 49 19 16 36 9 10 21 25 22 16 24 5 46 5
38 29 58 68 27 38 22 43 30 26 20 29 29 14 1 15 25 32 0 27 32 37 15 7 9 1 33 53 5 43 29 31 69 56 40 25 12 44 15 50
4 20 19 29 27 7 22 8 62 33 9 23 45 20 38 21 19 12 35 0 19 13 15 37 47 36 22 46 30 17 40 8 21 7 32 19 15 32 26 17
14 1 15 26 30 14 29 13 22 13 39 36 19 18 14 11 30 17 24 27 0 19 19 23 27 31 32 27 20 44 19 18 33 34 32 7 15 10 24 21
18 26 19 13 8 6 8 2 52 36 45 25 19 37 25 22 12 5 51 9 16 0 27 59 19 52 17 14 21 17 7 5 14 19 35 23 25 4 36 1
24 16 25 42 54 24 37 18 23 22 10 23 54 3 20 13 47 25 18 13 17 18 0 32 15 21 17 30 10 31 33 12 34 20 54 6 3 37 33 14
33 14 77 65 34 35 27 42 17 22 20 26 61 24 7 23 58 38 10 55 23 33 17 0 10 8 57 25 13 63 24 39 70 60 29 28 29 53 4 28
32 14 38 70 32 45 33 53 16 7 51 48 25 16 17 21 20 22 15 55 12 32 25 7 0 22 26 44 13 52 44 44 65 57 18 19 19 36 10 46
27 15 29 27 34 22 41 51 20 22 37 17 24 13 0 17 34 19 1 43 21 31 8 16 13 0 42 26 2 30 46 46 45 41 26 17 10 40 14 27
15 32 20 49 22 33 21 42 52 47 10 2 68 14 39 35 45 35 17 10 27 21 31 50 39 50 0 46 48 5 38 20 40 19 70 34 25 43 52 22
43 18 37 10 30 33 25 24 14 22 53 29 14 38 49 44 4 15 56 48 17 24 40 52 50 43 48 0 27 66 2 16 16 47 17 42 19 15 47 10
49 24 23 24 33 30 50 32 19 17 27 32 58 11 3 17 38 23 3 19 13 22 23 8 13 2 22 26 0 21 43 29 40 47 49 10 15 48 8 37
19 21 19 41 41 25 45 42 74 55 9 3 76 29 29 42 61 20 21 20 17 38 23 56 25 40 3 57 48 0 37 20 37 18 54 13 20 50 51 29
24 19 15 17 23 19 15 20 21 26 37 42 7 39 48 35 4 7 49 23 14 17 37 22 38 22 32 3 40 34 0 17 18 39 14 32 28 6 43 20
6 14 7 17 16 5 13 6 40 32 20 28 35 31 33 32 20 8 45 10 18 4 14 35 26 23 25 31 47 27 15 0 26 5 42 25 23 12 38 4
18 37 16 5 11 16 5 20 38 46 54 23 34 41 72 37 22 20 52 27 26 15 32 59 72 37 44 10 34 43 19 23 0 33 37 37 60 6 79 17
9 16 8 17 26 9 17 12 51 42 36 15 24 35 43 24 42 15 32 11 29 17 34 73 52 24 11 21 33 17 32 6 29 0 67 33 26 17 44 12
47 24 23 40 48 29 31 18 11 20 71 48 11 25 23 17 21 32 26 31 19 41 45 53 17 49 28 19 20 67 22 46 39 65 0 30 28 26 45 22
18 10 34 31 43 22 22 18 34 16 11 32 28 6 15 6 40 20 17 13 4 24 8 29 15 20 36 16 17 29 13 26 26 22 19 0 8 31 17 14
30 10 43 35 20 28 46 38 31 11 18 34 46 4 12 8 22 20 15 24 16 34 4 11 30 14 30 35 6 30 31 15 51 39 24 8 0 41 21 30
19 24 16 6 17 17 5 7 48 26 36 38 33 46 28 35 13 6 57 32 13 4 37 62 32 50 42 10 24 50 13 9 14 21 30 34 34 0 24 4
62 35 62 36 83 54 67 30 19 26 46 27 55 13 8 21 67 50 7 34 24 38 29 2 15 8 27 24 9 48 62 37 41 61 54 20 21 51 0 47
14 17 17 10 11 4 9 2 22 24 21 33 35 26 36 29 29 5 23 11 22 3 17 54 44 43 45 24 34 24 19 6 17 21 20 25 26 6 37 0