7
40
,
0 (44.0, 27.0) 22.0
1 (21.0, 27.0) 11.0
2 (49.0, 17.0) 14.0
3 (39.0, 7.0) 31.0
4 (45.0, 5.0) 45.0
5 (37.0, 20.0) 28.0
6 (38.0, 10.0) 25.0
7 (36.0, 15.0) 47.0
8 (0.0, 21.0) 19.0
9 (11.0, 27.0) 16.0
10 (41.0, 46.0) 36.0
11 (47.0, 43.0) 30.0
12 (9.0, 2.0) 37.0
13 (27.0, 41.0) 13.0
14 (16.0, 47.0) 17.0
15 (21.0, 34.0) 13.0
16 (17.0, 1.0) 38.0
17 (29.0, 17.0) 28.0
18 (17.0, 47.0) 37.0
19 (41.0, 29.0) 20.0
20 (22.0, 26.0) 12.0
21 (34.0, 15.0) 14.0
22 (29.0, 38.0) 25.0
23 (5.0, 45.0) 22.0
24 (3.0, 37.0) 18.0
25 (16.0, 47.0) 13.0
26 (49.0, 44.0) 12.0
27 (20.0, 4.0) 21.0
28 (14.0, 45.0) 14.0
29 (50.0, 40.0) 27.0
30 (22.0, 7.0) 28.0
31 (40.0, 19.0) 22.0
32 (36.0, 1.0) 25.0
33 (49.0, 23.0) 11.0
34 (6.0, 10.0) 26.0
35 (26.0, 32.0) 16.0
36 (24.0, 39.0) 14.0
37 (31.0, 10.0) 24.0
38 (6.0, 48.0) 43.0
39 (35.0, 17.0) 27.0
,
0 5 2 4 4 2 4 3 9 7 4 3 9 4 7 5 7 4 7 1 4 3 4 9 8 7 4 7 7 3 6 2 5 1 8 4 5 4 9 3
5 0 6 5 7 3 5 4 4 2 6 6 6 3 4 1 5 3 4 4 0 4 3 5 4 4 7 5 4 6 4 4 6 6 5 1 2 4 5 3
2 6 0 3 3 2 3 3 10 8 6 5 9 7 9 7 7 4 9 3 6 3 6 10 10 9 5 6 9 5 6 2 4 1 9 5 7 4 11 3
4 5 3 0 1 3 1 2 8 7 8 7 6 7 9 6 5 3 9 4 5 2 7 10 9 9 8 4 9 7 3 2 1 4 7 6 7 2 11 2
4 7 3 1 0 3 2 3 10 8 8 8 7 8 10 8 6 4 10 5 6 3 7 11 11 10 8 5 10 7 5 3 2 4 8 7 8 3 12 3
2 3 2 3 3 0 2 1 7 5 5 5 7 5 7 4 6 2 7 2 3 1 4 8 8 7 5 5 7 5 4 1 4 2 7 3 5 2 8 1
4 5 3 1 2 2 0 1 8 6 7 7 6 7 9 6 5 2 9 4 5 1 6 10 9 9 7 4 8 6 3 2 2 3 6 5 6 1 10 2
3 4 3 2 3 1 1 0 7 6 6 6 6 6 8 5 5 1 7 3 4 0 5 9 8 8 6 4 7 6 3 1 3 3 6 4 5 1 9 0
9 4 10 8 10 7 8 7 0 3 10 10 4 7 6 5 5 6 6 8 5 7 7 5 3 6 11 5 6 11 5 8 8 10 3 6 6 7 6 7
7 2 8 7 8 5 6 6 3 0 7 8 5 4 4 2 5 4 4 6 2 5 4 4 3 4 8 5 4 8 5 6 7 8 4 3 4 5 4 5
4 6 6 8 8 5 7 6 10 7 0 1 11 3 5 5 10 6 5 3 6 6 3 7 8 5 2 9 5 2 9 5 9 5 10 4 4 7 7 6
3 6 5 7 8 5 7 6 10 8 1 0 11 4 6 6 10 6 6 3 6 6 4 8 9 6 0 9 7 1 9 5 9 4 11 5 5 7 8 6
9 6 9 6 7 7 6 6 4 5 11 11 0 9 9 7 2 5 9 8 5 6 8 9 7 9 12 2 9 11 3 7 5 9 2 7 8 5 9 6
4 3 7 7 8 5 7 6 7 4 3 4 9 0 3 2 8 5 2 4 3 5 1 4 5 3 4 8 3 5 7 5 8 6 7 2 1 6 4 5
7 4 9 9 10 7 9 8 6 4 5 6 9 3 0 3 9 7 0 6 4 7 3 2 3 0 7 9 1 7 8 7 10 8 8 4 2 8 2 7
5 1 7 6 8 4 6 5 5 2 5 6 7 2 3 0 7 4 3 4 2 5 2 4 4 3 6 6 3 6 5 5 7 6 6 1 1 5 4 4
7 5 7 5 6 6 5 5 5 5 10 10 2 8 9 7 0 4 9 7 5 4 8 9 8 9 11 1 9 10 2 6 4 8 3 6 8 3 10 5
4 3 4 3 4 2 2 1 6 4 6 6 5 5 7 4 4 0 6 3 2 1 4 7 7 7 7 3 6 6 2 2 3 4 5 3 5 1 8 1
7 4 9 9 10 7 9 7 6 4 5 6 9 2 0 3 9 6 0 6 4 7 3 2 3 0 6 9 1 7 8 7 10 8 8 3 2 8 2 7
1 4 3 4 5 2 4 3 8 6 3 3 8 4 6 4 7 3 6 0 4 3 3 8 8 6 3 7 6 3 6 2 6 2 8 3 4 4 8 3
4 0 6 5 6 3 5 4 5 2 6 6 5 3 4 2 5 2 4 4 0 3 3 5 4 4 6 4 4 6 4 4 6 5 5 1 3 4 5 3
3 4 3 2 3 1 1 0 7 5 6 6 6 5 7 5 4 1 7 3 3 0 5 8 8 7 7 4 7 6 3 1 3 3 6 4 5 1 9 0
4 3 6 7 7 4 6 5 7 4 3 4 8 1 3 2 8 4 3 3 3 5 0 5 5 3 4 7 3 4 6 4 8 5 7 1 1 6 5 4
9 5 10 10 11 8 10 9 5 4 7 8 9 4 2 4 9 7 2 8 5 8 5 0 2 2 9 9 2 9 8 9 11 10 7 5 4 9 1 8
8 4 10 9 11 8 9 8 3 3 8 9 7 5 3 4 8 7 3 8 4 8 5 2 0 3 9 7 3 9 7 8 10 10 5 5 4 8 2 8
7 4 9 9 10 7 9 8 6 4 5 6 9 3 0 3 9 7 0 6 4 7 3 2 3 0 7 9 1 7 8 7 10 8 8 4 2 8 2 7
4 7 5 8 8 5 7 6 11 8 2 0 12 4 7 6 11 7 6 3 6 7 4 9 9 7 0 10 7 1 9 5 9 4 11 5 5 8 9 6
7 5 6 4 5 5 4 4 5 5 9 9 2 8 9 6 1 3 9 7 4 4 7 9 7 9 10 0 8 9 1 5 3 7 3 6 7 3 9 4
7 4 9 9 10 7 8 7 6 4 5 7 9 3 1 3 9 6 1 6 4 7 3 2 3 1 7 8 0 7 8 7 10 8 7 4 2 8 2 7
3 6 5 7 7 5 6 6 11 8 2 1 11 5 7 6 10 6 7 3 6 6 4 9 9 7 1 9 7 0 9 5 8 3 11 5 5 7 9 5
6 4 6 3 5 4 3 3 5 5 9 9 3 7 8 5 2 2 8 6 4 3 6 8 7 8 9 1 8 9 0 4 3 6 3 5 6 2 9 3
2 4 2 2 3 1 2 1 8 6 5 5 7 5 7 5 6 2 7 2 4 1 4 9 8 7 5 5 7 5 4 0 4 2 7 4 5 3 9 1
5 6 4 1 2 4 2 3 8 7 9 9 5 8 10 7 4 3 10 6 6 3 8 11 10 10 9 3 10 8 3 4 0 5 6 7 8 2 11 3
1 6 1 4 4 2 3 3 10 8 5 4 9 6 8 6 8 4 8 2 5 3 5 10 10 8 4 7 8 3 6 2 5 0 9 5 6 4 10 3
8 5 9 7 8 7 6 6 3 4 10 11 2 7 8 6 3 5 8 8 5 6 7 7 5 8 11 3 7 11 3 7 6 9 0 6 7 5 8 6
4 1 5 6 7 3 5 4 6 3 4 5 7 2 4 1 6 3 3 3 1 4 1 5 5 4 5 6 4 5 5 4 7 5 6 0 1 5 5 3
5 2 7 7 8 5 6 5 6 4 4 5 8 1 2 1 8 5 2 4 3 5 1 4 4 2 5 7 2 5 6 5 8 6 7 1 0 6 4 5
4 4 4 2 3 2 1 1 7 5 7 7 5 6 8 5 3 1 8 4 4 1 6 9 8 8 8 3 8 7 2 3 2 4 5 5 6 0 9 2
9 5 11 11 12 8 10 9 6 4 7 8 9 4 2 4 10 8 2 8 5 9 5 1 2 2 9 9 2 9 9 9 11 10 8 5 4 9 0 8
3 3 3 2 3 1 2 0 7 5 6 6 6 5 7 4 5 1 7 3 3 0 4 8 8 7 6 4 7 5 3 1 3 3 6 3 5 2 8 0
,
0 24 7 25 24 8 12 7 35 17 16 22 24 12 26 31 32 13 26 4 19 16 22 61 30 25 13 22 38 18 37 10 27 6 61 25 34 21 53 15
12 0 17 27 27 22 28 20 13 7 14 42 17 10 24 6 36 9 30 21 2 16 14 35 10 17 41 22 28 40 27 11 40 31 20 9 10 13 31 15
16 16 0 10 16 7 7 17 63 41 36 20 49 47 55 45 35 17 25 19 20 8 25 57 42 47 23 38 44 28 38 8 29 5 25 17 37 17 53 10
12 25 8 0 6 8 4 4 38 23 47 30 34 28 29 21 15 7 43 14 31 7 46 45 69 37 21 19 26 43 12 9 9 18 47 34 20 10 69 6
21 35 8 5 0 21 6 9 64 27 22 43 24 40 74 29 40 21 30 16 34 8 19 59 52 32 31 27 67 40 31 11 14 12 26 36 50 19 61 22
6 15 17 18 14 0 9 4 51 31 24 28 27 33 29 16 14 11 34 10 21 4 11 58 31 37 37 18 39 14 28 3 14 7 40 13 25 9 53 5
20 32 11 4 9 11 0 7 33 44 42 26 28 40 31 42 23 11 34 11 16 7 26 52 53 52 23 24 22 35 23 12 11 15 43 21 25 7 44 10
9 15 15 9 16 6 7 0 32 19 31 44 16 39 45 27 19 8 31 17 26 2 18 36 22 22 33 14 48 25 18 8 17 12 24 14 20 4 51 2
32 30 32 59 49 41 47 22 0 17 27 63 11 32 34 34 16 26 35 37 24 26 28 14 12 29 61 36 33 53 36 55 61 41 18 18 26 43 20 18
37 10 27 41 40 31 34 15 13 0 24 52 29 12 21 6 28 19 23 17 8 36 22 28 8 27 44 24 12 31 19 36 38 33 19 15 11 34 15 14
27 23 38 47 23 36 41 23 31 44 0 6 56 18 16 16 61 37 28 22 40 45 12 23 50 32 10 43 22 9 63 17 29 20 38 19 14 41 29 27
14 28 34 19 29 22 39 42 77 43 7 0 37 24 25 37 56 45 31 8 32 19 10 41 64 39 3 32 26 3 36 29 32 12 76 18 30 30 39 38
25 26 54 39 26 43 20 31 22 18 55 39 0 47 43 31 5 33 56 41 26 27 25 32 31 37 58 14 26 63 20 28 38 38 11 24 58 31 58 22
33 9 30 19 36 18 47 14 18 11 12 16 33 0 12 12 58 33 15 17 18 35 4 23 21 12 18 51 20 24 43 19 57 37 39 5 4 28 32 28
33 19 45 42 43 43 44 29 19 20 22 17 32 7 0 7 68 24 1 32 27 22 18 11 12 0 28 37 2 34 24 31 74 48 44 22 15 54 11 39
13 5 38 40 35 31 30 27 34 8 23 38 49 7 8 0 34 14 12 13 4 27 12 20 27 11 15 24 8 22 19 23 51 41 22 8 4 15 24 31
30 27 37 33 21 17 24 33 29 14 57 53 7 53 58 30 0 27 45 30 22 30 33 36 35 50 29 5 31 31 6 16 17 25 9 31 40 21 41 31
24 13 28 20 19 7 6 7 20 28 46 29 16 28 32 27 27 0 17 16 9 3 28 26 47 18 50 22 16 43 7 6 18 18 24 21 18 8 39 8
18 18 55 50 70 46 63 19 29 29 36 25 59 9 1 17 58 18 0 23 25 27 13 12 22 1 32 60 5 28 29 23 36 42 29 15 13 44 11 46
3 10 10 31 26 13 20 15 51 37 17 11 29 23 31 18 47 10 29 0 24 22 15 49 44 42 16 37 23 19 17 12 21 12 52 11 20 21 35 17
20 1 19 27 26 23 27 14 28 14 17 22 15 17 24 12 17 17 26 25 0 18 20 24 24 30 38 32 21 37 12 26 32 40 21 7 12 23 24 21
14 12 20 5 8 4 7 1 38 15 25 23 20 35 34 13 32 3 27 15 21 0 17 48 29 39 23 20 52 20 21 9 9 10 17 25 14 6 30 1
27 14 20 16 23 17 28 29 38 20 13 28 57 4 20 7 21 13 13 20 10 26 0 14 33 13 18 21 18 16 18 17 43 32 31 5 3 21 34 29
41 19 62 63 37 21 43 54 13 24 51 30 36 18 6 14 30 30 7 33 15 34 13 0 7 11 56 45 9 32 36 32 54 54 42 24 10 25 2 55
40 29 43 50 59 24 56 43 14 17 56 45 37 35 23 17 22 21 18 33 25 46 35 9 0 14 44 36 15 57 28 54 54 33 19 22 26 22 15 49
48 16 29 65 30 44 63 27 17 20 23 46 35 15 0 13 24 21 1 18 11 37 19 9 23 0 24 22 4 20 20 35 39 32 50 21 16 57 9 20
12 31 34 43 57 26 48 25 78 33 11 3 38 33 27 42 78 22 24 22 29 38 23 60 29 34 0 60 24 6 42 19 29 24 58 14 30 33 58 36
44 13 35 17 34 20 17 24 31 30 33 63 10 46 63 41 6 13 23 29 24 19 18 42 52 47 59 0 60 67 5 31 17 46 13 18 20 17 41 26
35 26 63 47 54 50 42 34 16 22 34 34 55 12 3 9 32 42 4 18 17 29 24 6 18 1 24 31 0 35 50 53 52 43 34 26 12 28 12 24
14 20 17 35 43 20 41 37 79 44 6 5 52 33 21 30 32 31 28 9 44 21 27 53 59 34 4 69 40 0 50 26 55 12 74 36 16 45 42 31
43 10 26 21 12 21 17 10 15 17 52 27 10 39 54 27 7 9 28 43 27 16 38 42 39 41 27 4 51 50 0 25 10 19 19 16 48 14 37 19
5 11 11 7 19 2 9 4 49 40 24 35 18 24 47 17 36 8 53 7 27 7 11 49 32 31 15 23 28 31 23 0 25 13 37 21 36 12 56 6
41 39 10 6 12 11 14 17 60 36 58 22 17 43 34 52 24 12 41 22 30 17 25 36 36 54 35 9 58 27 22 11 0 33 40 35 42 14 67 22
8 32 8 26 22 15 23 8 34 31 12 28 34 18 58 34 26 12 24 8 20 10 35 72 59 39 29 35 37 11 21 12 21 0 39 17 32 33 46 12
60 19 46 34 57 35 29 40 9 15 56 62 9 27 33 39 11 31 21 42 22 19 52 24 31 56 51 20 30 66 16 32 46 41 0 36 48 27 46 39
16 10 28 20 17 12 18 22 16 13 11 31 41 9 25 6 40 19 13 8 4 16 8 36 15 15 38 34 11 19 16 13 17 28 21 0 7 25 23 14
15 16 33 49 57 34 37 21 15 22 16 18 50 2 7 7 54 17 11 18 18 24 6 18 12 10 30 24 15 22 27 24 24 40 46 8 0 39 15 22
30 25 14 11 11 15 7 7 21 15 38 20 18 47 48 29 20 5 59 32 15 6 42 56 46 46 50 14 48 18 12 16 13 12 26 21 37 0 27 7
59 37 73 76 78 60 47 38 18 19 36 55 28 28 12 25 35 54 9 55 39 46 20 2 15 11 29 25 12 52 33 27 80 30 49 16 25 49 0 26
11 19 13 14 22 4 10 3 51 35 31 32 44 15 40 33 24 8 20 10 21 3 24 51 35 51 18 25 26 28 21 3 11 10 42 26 37 5 56 0