7
40
,
0 (44.0, 27.0) 19.0
1 (21.0, 27.0) 13.0
2 (49.0, 17.0) 21.0
3 (39.0, 7.0) 50.0
4 (45.0, 5.0) 10.0
5 (37.0, 20.0) 16.0
6 (38.0, 10.0) 46.0
7 (36.0, 15.0) 30.0
8 (0.0, 21.0) 30.0
9 (11.0, 27.0) 15.0
10 (41.0, 46.0) 14.0
11 (47.0, 43.0) 35.0
12 (9.0, 2.0) 40.0
13 (27.0, 41.0) 41.0
14 (16.0, 47.0) 41.0
15 (21.0, 34.0) 15.0
16 (17.0, 1.0) 11.0
17 (29.0, 17.0) 20.0
18 (17.0, 47.0) 35.0
19 (41.0, 29.0) 12.0
20 (22.0, 26.0) 35.0
21 (34.0, 15.0) 19.0
22 (29.0, 38.0) 18.0
23 (5.0, 45.0) 31.0
24 (3.0, 37.0) 42.0
25 (16.0, 47.0) 24.0
26 (49.0, 44.0) 22.0
27 (20.0, 4.0) 19.0
28 (14.0, 45.0) 40.0
29 (50.0, 40.0) 16.0
30 (22.0, 7.0) 17.0
31 (40.0, 19.0) 12.0
32 (36.0, 1.0) 17.0
33 (49.0, 23.0) 18.0
34 (6.0, 10.0) 31.0
35 (26.0, 32.0) 18.0
36 (24.0, 39.0) 11.0
37 (31.0, 10.0) 19.0
38 (6.0, 48.0) 10.0
39 (35.0, 17.0) 19.0
,
0 5 2 4 4 2 4 3 9 7 4 3 9 4 7 5 7 4 7 1 4 3 4 9 8 7 4 7 7 3 6 2 5 1 8 4 5 4 9 3
5 0 6 5 7 3 5 4 4 2 6 6 6 3 4 1 5 3 4 4 0 4 3 5 4 4 7 5 4 6 4 4 6 6 5 1 2 4 5 3
2 6 0 3 3 2 3 3 10 8 6 5 9 7 9 7 7 4 9 3 6 3 6 10 10 9 5 6 9 5 6 2 4 1 9 5 7 4 11 3
4 5 3 0 1 3 1 2 8 7 8 7 6 7 9 6 5 3 9 4 5 2 7 10 9 9 8 4 9 7 3 2 1 4 7 6 7 2 11 2
4 7 3 1 0 3 2 3 10 8 8 8 7 8 10 8 6 4 10 5 6 3 7 11 11 10 8 5 10 7 5 3 2 4 8 7 8 3 12 3
2 3 2 3 3 0 2 1 7 5 5 5 7 5 7 4 6 2 7 2 3 1 4 8 8 7 5 5 7 5 4 1 4 2 7 3 5 2 8 1
4 5 3 1 2 2 0 1 8 6 7 7 6 7 9 6 5 2 9 4 5 1 6 10 9 9 7 4 8 6 3 2 2 3 6 5 6 1 10 2
3 4 3 2 3 1 1 0 7 6 6 6 6 6 8 5 5 1 7 3 4 0 5 9 8 8 6 4 7 6 3 1 3 3 6 4 5 1 9 0
9 4 10 8 10 7 8 7 0 3 10 10 4 7 6 5 5 6 6 8 5 7 7 5 3 6 11 5 6 11 5 8 8 10 3 6 6 7 6 7
7 2 8 7 8 5 6 6 3 0 7 8 5 4 4 2 5 4 4 6 2 5 4 4 3 4 8 5 4 8 5 6 7 8 4 3 4 5 4 5
4 6 6 8 8 5 7 6 10 7 0 1 11 3 5 5 10 6 5 3 6 6 3 7 8 5 2 9 5 2 9 5 9 5 10 4 4 7 7 6
3 6 5 7 8 5 7 6 10 8 1 0 11 4 6 6 10 6 6 3 6 6 4 8 9 6 0 9 7 1 9 5 9 4 11 5 5 7 8 6
9 6 9 6 7 7 6 6 4 5 11 11 0 9 9 7 2 5 9 8 5 6 8 9 7 9 12 2 9 11 3 7 5 9 2 7 8 5 9 6
4 3 7 7 8 5 7 6 7 4 3 4 9 0 3 2 8 5 2 4 3 5 1 4 5 3 4 8 3 5 7 5 8 6 7 2 1 6 4 5
7 4 9 9 10 7 9 8 6 4 5 6 9 3 0 3 9 7 0 6 4 7 3 2 3 0 7 9 1 7 8 7 10 8 8 4 2 8 2 7
5 1 7 6 8 4 6 5 5 2 5 6 7 2 3 0 7 4 3 4 2 5 2 4 4 3 6 6 3 6 5 5 7 6 6 1 1 5 4 4
7 5 7 5 6 6 5 5 5 5 10 10 2 8 9 7 0 4 9 7 5 4 8 9 8 9 11 1 9 10 2 6 4 8 3 6 8 3 10 5
4 3 4 3 4 2 2 1 6 4 6 6 5 5 7 4 4 0 6 3 2 1 4 7 7 7 7 3 6 6 2 2 3 4 5 3 5 1 8 1
7 4 9 9 10 7 9 7 6 4 5 6 9 2 0 3 9 6 0 6 4 7 3 2 3 0 6 9 1 7 8 7 10 8 8 3 2 8 2 7
1 4 3 4 5 2 4 3 8 6 3 3 8 4 6 4 7 3 6 0 4 3 3 8 8 6 3 7 6 3 6 2 6 2 8 3 4 4 8 3
4 0 6 5 6 3 5 4 5 2 6 6 5 3 4 2 5 2 4 4 0 3 3 5 4 4 6 4 4 6 4 4 6 5 5 1 3 4 5 3
3 4 3 2 3 1 1 0 7 5 6 6 6 5 7 5 4 1 7 3 3 0 5 8 8 7 7 4 7 6 3 1 3 3 6 4 5 1 9 0
4 3 6 7 7 4 6 5 7 4 3 4 8 1 3 2 8 4 3 3 3 5 0 5 5 3 4 7 3 4 6 4 8 5 7 1 1 6 5 4
9 5 10 10 11 8 10 9 5 4 7 8 9 4 2 4 9 7 2 8 5 8 5 0 2 2 9 9 2 9 8 9 11 10 7 5 4 9 1 8
8 4 10 9 11 8 9 8 3 3 8 9 7 5 3 4 8 7 3 8 4 8 5 2 0 3 9 7 3 9 7 8 10 10 5 5 4 8 2 8
7 4 9 9 10 7 9 8 6 4 5 6 9 3 0 3 9 7 0 6 4 7 3 2 3 0 7 9 1 7 8 7 10 8 8 4 2 8 2 7
4 7 5 8 8 5 7 6 11 8 2 0 12 4 7 6 11 7 6 3 6 7 4 9 9 7 0 10 7 1 9 5 9 4 11 5 5 8 9 6
7 5 6 4 5 5 4 4 5 5 9 9 2 8 9 6 1 3 9 7 4 4 7 9 7 9 10 0 8 9 1 5 3 7 3 6 7 3 9 4
7 4 9 9 10 7 8 7 6 4 5 7 9 3 1 3 9 6 1 6 4 7 3 2 3 1 7 8 0 7 8 7 10 8 7 4 2 8 2 7
3 6 5 7 7 5 6 6 11 8 2 1 11 5 7 6 10 6 7 3 6 6 4 9 9 7 1 9 7 0 9 5 8 3 11 5 5 7 9 5
6 4 6 3 5 4 3 3 5 5 9 9 3 7 8 5 2 2 8 6 4 3 6 8 7 8 9 1 8 9 0 4 3 6 3 5 6 2 9 3
2 4 2 2 3 1 2 1 8 6 5 5 7 5 7 5 6 2 7 2 4 1 4 9 8 7 5 5 7 5 4 0 4 2 7 4 5 3 9 1
5 6 4 1 2 4 2 3 8 7 9 9 5 8 10 7 4 3 10 6 6 3 8 11 10 10 9 3 10 8 3 4 0 5 6 7 8 2 11 3
1 6 1 4 4 2 3 3 10 8 5 4 9 6 8 6 8 4 8 2 5 3 5 10 10 8 4 7 8 3 6 2 5 0 9 5 6 4 10 3
8 5 9 7 8 7 6 6 3 4 10 11 2 7 8 6 3 5 8 8 5 6 7 7 5 8 11 3 7 11 3 7 6 9 0 6 7 5 8 6
4 1 5 6 7 3 5 4 6 3 4 5 7 2 4 1 6 3 3 3 1 4 1 5 5 4 5 6 4 5 5 4 7 5 6 0 1 5 5 3
5 2 7 7 8 5 6 5 6 4 4 5 8 1 2 1 8 5 2 4 3 5 1 4 4 2 5 7 2 5 6 5 8 6 7 1 0 6 4 5
4 4 4 2 3 2 1 1 7 5 7 7 5 6 8 5 3 1 8 4 4 1 6 9 8 8 8 3 8 7 2 3 2 4 5 5 6 0 9 2
9 5 11 11 12 8 10 9 6 4 7 8 9 4 2 4 10 8 2 8 5 9 5 1 2 2 9 9 2 9 9 9 11 10 8 5 4 9 0 8
3 3 3 2 3 1 2 0 7 5 6 6 6 5 7 4 5 1 7 3 3 0 4 8 8 7 6 4 7 5 3 1 3 3 6 3 5 2 8 0
,
0 12 8 24 12 7 25 11 30 47 29 21 55 14 49 23 54 20 49 3 32 16 22 57 45 22 16 49 40 18 20 6 22 7 21 18 25 17 30 20
23 0 42 24 48 15 24 25 26 10 16 33 23 18 20 4 28 13 30 25 2 18 12 13 26 11 20 26 14 31 17 18 27 37 32 9 16 10 22 19
7 18 0 20 11 17 8 11 55 37 33 20 32 34 45 40 47 29 60 19 27 12 37 59 53 51 31 24 43 20 28 6 16 7 41 17 23 21 49 10
17 38 9 0 7 10 2 5 26 24 41 33 28 31 39 33 13 19 50 30 30 13 44 51 38 32 37 24 40 21 20 18 6 18 32 29 48 5 53 6
23 38 9 8 0 9 6 20 32 38 51 23 43 44 71 23 22 14 26 32 46 11 38 29 71 50 56 24 26 21 18 15 10 19 50 39 50 14 78 21
5 16 14 19 21 0 10 7 43 28 39 15 36 17 18 26 20 9 50 15 19 6 20 57 30 41 27 34 22 21 18 2 12 16 24 16 30 10 61 3
26 26 9 2 8 15 0 7 44 37 43 36 42 19 57 16 26 9 27 14 21 5 39 47 50 31 18 19 37 42 23 8 9 24 16 30 38 6 72 11
14 26 12 6 12 6 6 0 26 39 29 41 34 18 41 25 20 7 26 17 16 3 27 24 52 28 16 21 47 26 11 8 18 10 32 18 39 5 56 3
66 27 64 27 27 34 38 55 0 17 33 65 14 36 38 20 31 24 31 25 29 49 22 17 18 29 43 29 35 57 16 42 40 44 18 40 43 33 31 19
19 14 33 19 29 37 38 20 10 0 22 41 26 22 22 12 17 15 13 27 14 39 26 21 6 16 42 34 25 48 18 42 43 25 25 11 11 39 14 27
27 28 45 52 34 31 20 30 42 41 0 5 57 8 16 32 58 22 20 20 32 30 10 42 58 15 10 56 18 8 54 40 44 31 33 30 23 53 27 17
16 24 38 19 26 23 26 36 62 45 4 0 30 19 28 38 41 44 33 18 16 15 18 39 40 45 2 47 39 4 44 17 49 20 32 28 30 51 27 19
41 30 47 25 43 22 24 35 11 21 63 33 0 58 46 51 5 27 46 35 19 22 30 53 46 53 33 8 65 82 7 27 24 51 10 51 33 27 67 42
30 18 33 34 31 22 49 40 27 18 16 21 36 0 14 6 41 23 10 22 10 26 5 16 34 12 22 38 19 26 32 28 24 25 23 12 3 45 12 15
25 11 59 58 54 20 26 29 31 20 22 27 40 18 0 8 24 46 1 23 32 26 16 6 9 0 42 36 2 52 60 33 45 21 57 24 7 38 5 43
14 10 43 35 35 19 34 26 29 6 32 18 41 9 13 0 33 24 19 30 7 20 8 24 13 9 16 22 14 34 33 26 20 25 38 4 5 19 25 26
35 27 47 29 27 30 27 33 36 38 58 45 9 55 31 25 0 20 44 38 32 23 31 62 26 46 36 5 30 59 5 29 25 52 13 44 35 9 40 25
14 13 29 20 27 5 7 7 19 12 21 46 35 26 39 21 21 0 40 9 13 3 16 34 37 22 29 20 21 33 6 12 17 17 13 10 28 8 49 8
31 13 48 47 66 21 47 21 35 23 29 42 57 6 1 8 46 19 0 28 12 42 20 12 12 1 31 30 4 20 28 37 40 20 24 16 12 25 10 33
4 24 12 18 14 6 16 12 61 40 10 9 61 25 31 14 32 17 41 0 28 16 9 58 52 44 9 26 42 10 43 5 41 11 31 8 11 14 42 7
19 2 26 34 20 16 23 11 31 10 32 28 28 8 15 9 36 16 13 18 0 22 16 34 26 20 34 21 19 33 25 29 17 18 18 10 11 27 28 8
19 19 16 14 10 6 4 2 51 26 24 29 36 27 24 24 27 7 23 22 11 0 24 61 34 39 43 14 27 16 10 9 19 23 29 15 37 7 35 3
24 17 33 25 51 13 20 33 39 19 12 22 54 4 18 9 20 15 18 16 15 34 0 32 15 19 28 37 18 27 27 23 45 35 36 7 7 21 34 19
50 30 72 75 73 52 69 37 12 12 24 38 58 20 7 28 52 44 13 37 16 37 13 0 6 12 46 33 13 34 54 43 78 64 20 23 29 55 4 54
41 29 69 26 38 52 43 46 10 9 58 28 48 26 10 24 40 48 21 26 21 52 16 8 0 23 44 40 9 31 30 40 27 57 21 24 20 29 14 29
18 27 63 67 66 34 51 22 29 28 26 24 38 10 0 11 37 35 1 28 26 24 17 10 15 0 33 58 2 18 21 21 57 44 47 18 16 24 11 48
15 26 17 39 55 28 35 29 78 25 10 1 54 16 38 18 54 20 19 14 42 25 25 45 59 32 0 26 23 6 46 24 33 24 43 22 22 51 40 17
50 13 30 21 33 17 21 13 27 37 38 71 12 24 41 45 5 23 34 40 16 23 39 42 33 37 31 0 50 49 2 24 9 41 22 25 32 17 52 23
25 19 31 35 47 23 42 36 15 17 17 43 61 8 2 15 60 20 3 45 30 40 23 13 14 2 43 52 0 31 30 37 28 53 40 12 11 51 10 27
15 37 33 32 22 30 25 43 38 29 9 4 81 29 47 20 34 32 31 10 19 34 18 54 54 40 4 52 46 0 39 22 25 9 64 19 20 26 62 23
21 15 43 24 34 25 20 10 30 19 26 40 16 34 30 24 5 15 51 16 25 12 28 35 18 35 47 3 22 32 0 26 12 33 8 32 17 7 56 24
13 21 5 13 21 3 13 7 39 45 37 14 25 14 51 36 38 6 18 11 25 10 23 49 21 42 33 14 38 20 11 0 9 6 51 25 33 8 58 7
32 35 19 4 9 12 12 15 43 24 44 31 37 37 45 32 23 10 59 42 27 11 45 66 48 40 45 14 62 61 21 21 0 17 30 21 51 15 73 21
7 22 8 11 12 9 21 17 36 25 20 11 61 35 33 19 41 20 33 9 22 16 20 49 38 48 21 45 43 19 47 9 21 0 61 17 28 18 46 16
59 13 46 38 49 27 37 17 15 25 28 54 12 54 48 19 20 36 25 43 16 36 54 42 39 26 65 12 52 77 19 45 34 45 0 26 42 25 30 18
20 9 35 34 24 17 15 19 37 15 14 19 21 12 20 3 44 17 12 15 10 10 9 24 24 19 33 38 11 18 15 21 46 18 34 0 10 14 15 15
12 18 41 45 59 12 23 16 29 14 21 32 39 4 8 8 44 13 10 23 16 16 5 18 13 7 21 44 17 36 39 22 39 16 38 5 0 17 12 29
27 16 15 11 17 7 7 6 31 17 37 37 24 27 46 32 10 7 49 31 16 7 26 28 32 59 55 13 55 22 11 16 15 24 20 20 29 0 28 10
26 19 72 29 35 53 54 25 38 27 45 58 60 18 8 12 71 38 8 32 27 33 19 4 11 10 45 53 10 59 39 54 39 48 39 30 21 37 0 33
19 18 13 14 13 3 8 1 37 34 35 30 33 21 47 15 18 7 37 8 21 2 14 56 56 36 17 26 49 16 14 8 21 11 35 17 13 10 59 0