7
40
,
0 (44.0, 27.0) 30.0
1 (21.0, 27.0) 21.0
2 (49.0, 17.0) 22.0
3 (39.0, 7.0) 23.0
4 (45.0, 5.0) 17.0
5 (37.0, 20.0) 28.0
6 (38.0, 10.0) 14.0
7 (36.0, 15.0) 22.0
8 (0.0, 21.0) 16.0
9 (11.0, 27.0) 22.0
10 (41.0, 46.0) 27.0
11 (47.0, 43.0) 17.0
12 (9.0, 2.0) 14.0
13 (27.0, 41.0) 15.0
14 (16.0, 47.0) 24.0
15 (21.0, 34.0) 36.0
16 (17.0, 1.0) 22.0
17 (29.0, 17.0) 12.0
18 (17.0, 47.0) 36.0
19 (41.0, 29.0) 46.0
20 (22.0, 26.0) 41.0
21 (34.0, 15.0) 11.0
22 (29.0, 38.0) 11.0
23 (5.0, 45.0) 23.0
24 (3.0, 37.0) 19.0
25 (16.0, 47.0) 21.0
26 (49.0, 44.0) 46.0
27 (20.0, 4.0) 41.0
28 (14.0, 45.0) 42.0
29 (50.0, 40.0) 28.0
30 (22.0, 7.0) 41.0
31 (40.0, 19.0) 43.0
32 (36.0, 1.0) 35.0
33 (49.0, 23.0) 29.0
34 (6.0, 10.0) 17.0
35 (26.0, 32.0) 12.0
36 (24.0, 39.0) 49.0
37 (31.0, 10.0) 16.0
38 (6.0, 48.0) 37.0
39 (35.0, 17.0) 49.0
,
0 5 2 4 4 2 4 3 9 7 4 3 9 4 7 5 7 4 7 1 4 3 4 9 8 7 4 7 7 3 6 2 5 1 8 4 5 4 9 3
5 0 6 5 7 3 5 4 4 2 6 6 6 3 4 1 5 3 4 4 0 4 3 5 4 4 7 5 4 6 4 4 6 6 5 1 2 4 5 3
2 6 0 3 3 2 3 3 10 8 6 5 9 7 9 7 7 4 9 3 6 3 6 10 10 9 5 6 9 5 6 2 4 1 9 5 7 4 11 3
4 5 3 0 1 3 1 2 8 7 8 7 6 7 9 6 5 3 9 4 5 2 7 10 9 9 8 4 9 7 3 2 1 4 7 6 7 2 11 2
4 7 3 1 0 3 2 3 10 8 8 8 7 8 10 8 6 4 10 5 6 3 7 11 11 10 8 5 10 7 5 3 2 4 8 7 8 3 12 3
2 3 2 3 3 0 2 1 7 5 5 5 7 5 7 4 6 2 7 2 3 1 4 8 8 7 5 5 7 5 4 1 4 2 7 3 5 2 8 1
4 5 3 1 2 2 0 1 8 6 7 7 6 7 9 6 5 2 9 4 5 1 6 10 9 9 7 4 8 6 3 2 2 3 6 5 6 1 10 2
3 4 3 2 3 1 1 0 7 6 6 6 6 6 8 5 5 1 7 3 4 0 5 9 8 8 6 4 7 6 3 1 3 3 6 4 5 1 9 0
9 4 10 8 10 7 8 7 0 3 10 10 4 7 6 5 5 6 6 8 5 7 7 5 3 6 11 5 6 11 5 8 8 10 3 6 6 7 6 7
7 2 8 7 8 5 6 6 3 0 7 8 5 4 4 2 5 4 4 6 2 5 4 4 3 4 8 5 4 8 5 6 7 8 4 3 4 5 4 5
4 6 6 8 8 5 7 6 10 7 0 1 11 3 5 5 10 6 5 3 6 6 3 7 8 5 2 9 5 2 9 5 9 5 10 4 4 7 7 6
3 6 5 7 8 5 7 6 10 8 1 0 11 4 6 6 10 6 6 3 6 6 4 8 9 6 0 9 7 1 9 5 9 4 11 5 5 7 8 6
9 6 9 6 7 7 6 6 4 5 11 11 0 9 9 7 2 5 9 8 5 6 8 9 7 9 12 2 9 11 3 7 5 9 2 7 8 5 9 6
4 3 7 7 8 5 7 6 7 4 3 4 9 0 3 2 8 5 2 4 3 5 1 4 5 3 4 8 3 5 7 5 8 6 7 2 1 6 4 5
7 4 9 9 10 7 9 8 6 4 5 6 9 3 0 3 9 7 0 6 4 7 3 2 3 0 7 9 1 7 8 7 10 8 8 4 2 8 2 7
5 1 7 6 8 4 6 5 5 2 5 6 7 2 3 0 7 4 3 4 2 5 2 4 4 3 6 6 3 6 5 5 7 6 6 1 1 5 4 4
7 5 7 5 6 6 5 5 5 5 10 10 2 8 9 7 0 4 9 7 5 4 8 9 8 9 11 1 9 10 2 6 4 8 3 6 8 3 10 5
4 3 4 3 4 2 2 1 6 4 6 6 5 5 7 4 4 0 6 3 2 1 4 7 7 7 7 3 6 6 2 2 3 4 5 3 5 1 8 1
7 4 9 9 10 7 9 7 6 4 5 6 9 2 0 3 9 6 0 6 4 7 3 2 3 0 6 9 1 7 8 7 10 8 8 3 2 8 2 7
1 4 3 4 5 2 4 3 8 6 3 3 8 4 6 4 7 3 6 0 4 3 3 8 8 6 3 7 6 3 6 2 6 2 8 3 4 4 8 3
4 0 6 5 6 3 5 4 5 2 6 6 5 3 4 2 5 2 4 4 0 3 3 5 4 4 6 4 4 6 4 4 6 5 5 1 3 4 5 3
3 4 3 2 3 1 1 0 7 5 6 6 6 5 7 5 4 1 7 3 3 0 5 8 8 7 7 4 7 6 3 1 3 3 6 4 5 1 9 0
4 3 6 7 7 4 6 5 7 4 3 4 8 1 3 2 8 4 3 3 3 5 0 5 5 3 4 7 3 4 6 4 8 5 7 1 1 6 5 4
9 5 10 10 11 8 10 9 5 4 7 8 9 4 2 4 9 7 2 8 5 8 5 0 2 2 9 9 2 9 8 9 11 10 7 5 4 9 1 8
8 4 10 9 11 8 9 8 3 3 8 9 7 5 3 4 8 7 3 8 4 8 5 2 0 3 9 7 3 9 7 8 10 10 5 5 4 8 2 8
7 4 9 9 10 7 9 8 6 4 5 6 9 3 0 3 9 7 0 6 4 7 3 2 3 0 7 9 1 7 8 7 10 8 8 4 2 8 2 7
4 7 5 8 8 5 7 6 11 8 2 0 12 4 7 6 11 7 6 3 6 7 4 9 9 7 0 10 7 1 9 5 9 4 11 5 5 8 9 6
7 5 6 4 5 5 4 4 5 5 9 9 2 8 9 6 1 3 9 7 4 4 7 9 7 9 10 0 8 9 1 5 3 7 3 6 7 3 9 4
7 4 9 9 10 7 8 7 6 4 5 7 9 3 1 3 9 6 1 6 4 7 3 2 3 1 7 8 0 7 8 7 10 8 7 4 2 8 2 7
3 6 5 7 7 5 6 6 11 8 2 1 11 5 7 6 10 6 7 3 6 6 4 9 9 7 1 9 7 0 9 5 8 3 11 5 5 7 9 5
6 4 6 3 5 4 3 3 5 5 9 9 3 7 8 5 2 2 8 6 4 3 6 8 7 8 9 1 8 9 0 4 3 6 3 5 6 2 9 3
2 4 2 2 3 1 2 1 8 6 5 5 7 5 7 5 6 2 7 2 4 1 4 9 8 7 5 5 7 5 4 0 4 2 7 4 5 3 9 1
5 6 4 1 2 4 2 3 8 7 9 9 5 8 10 7 4 3 10 6 6 3 8 11 10 10 9 3 10 8 3 4 0 5 6 7 8 2 11 3
1 6 1 4 4 2 3 3 10 8 5 4 9 6 8 6 8 4 8 2 5 3 5 10 10 8 4 7 8 3 6 2 5 0 9 5 6 4 10 3
8 5 9 7 8 7 6 6 3 4 10 11 2 7 8 6 3 5 8 8 5 6 7 7 5 8 11 3 7 11 3 7 6 9 0 6 7 5 8 6
4 1 5 6 7 3 5 4 6 3 4 5 7 2 4 1 6 3 3 3 1 4 1 5 5 4 5 6 4 5 5 4 7 5 6 0 1 5 5 3
5 2 7 7 8 5 6 5 6 4 4 5 8 1 2 1 8 5 2 4 3 5 1 4 4 2 5 7 2 5 6 5 8 6 7 1 0 6 4 5
4 4 4 2 3 2 1 1 7 5 7 7 5 6 8 5 3 1 8 4 4 1 6 9 8 8 8 3 8 7 2 3 2 4 5 5 6 0 9 2
9 5 11 11 12 8 10 9 6 4 7 8 9 4 2 4 10 8 2 8 5 9 5 1 2 2 9 9 2 9 9 9 11 10 8 5 4 9 0 8
3 3 3 2 3 1 2 0 7 5 6 6 6 5 7 4 5 1 7 3 3 0 4 8 8 7 6 4 7 5 3 1 3 3 6 3 5 2 8 0
,
0 32 14 25 21 10 20 20 46 20 25 19 45 16 35 31 27 15 42 3 26 15 22 29 40 29 12 44 24 10 37 6 37 4 29 19 31 12 39 18
22 0 37 19 19 17 34 20 31 6 32 39 15 16 22 4 22 12 17 29 1 22 14 30 18 27 18 15 10 38 12 21 29 18 21 7 11 20 36 11
8 40 0 14 17 11 16 10 36 48 39 16 27 44 57 30 21 20 63 11 28 18 30 49 56 31 39 20 50 24 34 9 26 7 46 21 26 20 66 12
18 35 10 0 8 8 5 5 36 43 52 41 30 23 37 47 13 17 34 20 30 10 30 68 27 40 45 20 55 21 13 9 8 14 21 29 41 13 57 10
13 39 8 6 0 13 8 12 45 55 28 33 38 39 76 51 34 21 26 28 45 13 22 58 75 57 28 21 63 52 16 17 5 22 34 31 29 18 56 13
6 17 11 7 14 0 11 4 39 31 18 32 42 15 22 27 39 6 18 12 21 8 20 51 31 23 28 28 43 27 14 2 20 12 42 22 20 13 21 4
22 35 9 2 11 6 0 7 40 39 50 23 17 44 37 31 20 15 32 28 25 6 31 37 40 37 20 27 33 19 9 11 7 23 34 30 37 5 35 7
20 11 13 12 16 3 5 0 48 28 41 36 44 27 33 16 28 5 30 12 11 1 24 40 54 50 20 27 37 38 14 6 12 19 23 24 20 5 66 3
38 13 54 40 36 21 44 44 0 18 45 59 22 31 35 25 14 34 30 60 23 33 35 20 17 24 65 28 20 29 31 53 54 42 15 28 25 38 30 30
37 9 25 31 27 19 40 30 8 0 51 46 16 26 23 11 25 20 31 45 12 23 31 22 11 17 48 35 14 54 28 38 19 41 16 17 16 24 14 22
15 22 30 36 58 33 27 22 55 28 0 4 80 17 31 29 27 22 33 21 20 41 18 21 28 26 7 48 26 14 51 20 48 15 47 30 24 54 22 35
19 45 39 28 29 31 39 15 37 46 7 0 38 21 21 17 55 33 25 13 26 42 22 62 53 22 2 40 21 5 61 16 61 29 73 29 18 35 29 23
34 14 51 41 27 46 19 27 11 36 49 62 0 49 51 36 8 16 47 24 18 21 22 60 26 32 63 14 60 50 14 24 21 37 5 47 53 35 65 21
26 13 41 26 57 30 43 35 43 24 8 29 29 0 11 10 32 28 7 18 24 26 3 16 25 8 16 26 16 33 49 26 46 17 56 10 5 41 22 31
39 12 66 52 28 29 22 30 32 17 27 16 36 12 0 11 28 38 1 29 21 29 12 6 13 0 31 22 3 44 57 24 49 54 26 20 13 41 6 34
21 9 22 33 50 27 20 29 33 11 31 24 36 8 20 0 46 26 8 15 10 30 11 11 22 18 36 24 12 39 33 23 42 18 32 5 8 20 27 15
51 28 25 18 17 19 34 16 27 15 47 47 10 25 40 45 0 29 50 40 31 29 20 31 20 41 71 3 52 53 4 35 13 43 21 36 31 21 31 30
26 15 14 14 11 10 11 9 25 12 36 39 17 31 30 15 14 0 35 24 14 6 13 52 25 43 45 23 28 45 9 15 19 25 34 15 26 8 39 8
19 13 25 66 73 34 27 37 25 22 21 38 38 14 1 14 65 19 0 36 20 48 9 7 19 1 16 54 5 40 47 24 27 38 30 25 5 47 9 28
2 22 11 13 13 12 14 14 56 42 18 19 40 19 34 16 51 21 26 0 18 21 15 28 51 23 14 26 28 21 43 9 22 6 34 13 12 26 55 13
27 1 33 20 29 16 12 11 13 13 16 29 15 19 27 7 23 8 14 16 0 16 11 27 19 13 47 19 22 35 12 13 34 22 15 5 12 27 25 8
8 25 18 7 9 3 7 1 49 24 32 44 20 25 41 32 29 3 52 12 20 0 13 47 41 44 40 11 26 30 16 6 13 9 32 17 17 7 62 2
16 16 30 40 37 25 25 26 21 14 7 12 52 3 21 11 31 18 17 13 18 27 0 26 29 9 27 50 14 19 22 24 51 18 40 4 4 31 32 15
32 12 65 68 60 28 71 63 26 22 22 28 62 30 14 20 27 54 7 34 17 30 26 0 5 15 43 37 11 64 49 53 48 69 32 24 28 25 4 26
53 26 44 61 53 35 27 56 14 7 25 37 36 13 14 20 48 35 15 53 29 54 30 8 0 15 24 23 7 40 50 55 46 25 36 19 23 52 9 20
19 30 33 38 41 48 29 21 17 23 34 17 23 7 0 13 62 44 1 21 18 38 14 9 24 0 25 47 2 19 41 43 60 50 49 12 14 53 5 38
15 21 24 30 48 36 30 16 74 22 11 2 40 22 28 26 67 48 39 23 24 22 25 53 34 25 0 68 33 4 32 14 65 26 62 16 30 36 34 16
45 27 33 15 31 13 24 21 35 16 43 30 12 40 41 42 4 21 59 21 30 16 26 32 19 34 55 0 24 51 4 25 18 40 21 18 35 12 69 11
47 11 52 48 46 39 34 48 40 21 18 17 46 10 3 9 63 33 2 39 26 35 15 5 14 2 39 51 0 54 31 42 37 38 20 11 6 38 9 24
9 21 25 30 33 18 24 24 33 34 12 4 58 31 20 18 60 44 33 9 17 40 12 34 33 52 2 32 19 0 37 34 55 19 68 23 15 50 44 21
33 25 42 25 20 20 18 10 27 26 24 39 8 36 57 25 11 9 20 26 10 21 44 34 52 32 32 5 58 65 0 16 20 35 12 36 43 8 41 17
11 27 12 13 21 3 10 6 26 27 25 25 51 24 27 26 33 14 37 10 24 10 14 23 32 41 19 27 47 26 28 0 28 7 33 20 29 9 55 8
15 40 29 4 14 13 7 7 35 23 47 39 24 24 70 25 21 26 46 22 35 17 38 37 34 65 45 16 51 28 8 20 0 24 37 39 58 10 70 9
6 35 7 18 20 14 9 8 32 55 33 13 54 42 33 22 40 26 24 7 27 10 22 64 51 61 15 50 28 11 24 10 35 0 33 14 35 25 48 18
35 20 34 37 57 18 35 44 11 13 27 52 8 25 48 33 16 29 49 51 15 21 39 47 20 47 58 19 47 43 10 32 32 48 0 20 44 37 56 22
13 6 37 24 22 20 36 15 21 8 11 32 45 5 15 7 46 16 23 18 7 27 9 34 13 22 20 32 12 27 37 17 45 34 17 0 8 23 32 12
24 18 17 41 26 15 40 16 19 15 27 25 31 2 7 5 40 27 12 14 9 20 4 10 13 7 25 24 15 21 28 32 38 33 27 5 0 40 21 16
13 16 20 9 9 12 8 9 35 19 33 31 21 44 39 18 13 10 58 16 18 5 29 65 43 37 51 18 35 48 12 7 14 18 17 24 24 0 64 12
38 16 72 30 58 35 35 44 34 11 40 59 67 26 13 31 63 52 12 51 22 29 36 2 12 13 27 61 9 50 46 59 78 49 51 14 15 47 0 53
17 19 19 9 10 5 4 3 34 29 40 26 44 20 22 28 20 8 31 16 23 2 26 50 32 45 31 29 36 31 24 4 16 20 39 25 32 12 26 0