5
30
,
0 (15.0, 40.0) 43.0
1 (27.0, 37.0) 66.0
2 (41.0, 36.0) 35.0
3 (37.0, 17.0) 40.0
4 (21.0, 49.0) 61.0
5 (40.0, 13.0) 73.0
6 (37.0, 16.0) 39.0
7 (27.0, 3.0) 44.0
8 (20.0, 19.0) 84.0
9 (40.0, 6.0) 89.0
10 (16.0, 5.0) 62.0
11 (1.0, 1.0) 50.0
12 (0.0, 17.0) 49.0
13 (21.0, 8.0) 87.0
14 (41.0, 32.0) 58.0
15 (47.0, 35.0) 82.0
16 (31.0, 6.0) 69.0
17 (3.0, 39.0) 71.0
18 (35.0, 42.0) 76.0
19 (1.0, 22.0) 54.0
20 (21.0, 8.0) 84.0
21 (21.0, 26.0) 42.0
22 (44.0, 5.0) 77.0
23 (48.0, 2.0) 65.0
24 (37.0, 8.0) 72.0
25 (50.0, 8.0) 60.0
26 (31.0, 11.0) 43.0
27 (23.0, 31.0) 46.0
28 (48.0, 18.0) 32.0
29 (35.0, 33.0) 34.0
,
0 21 23 27 20 27 21 20 14 14 20 8 1 8 11 26 29 16 20 27 11 11 17 22 24 19 25 16 19 26 24 0
21 0 6 13 16 5 18 16 19 11 21 18 21 14 16 14 16 19 6 10 11 16 8 23 25 19 24 17 6 20 11 21
23 6 0 7 11 7 14 12 17 10 17 17 22 17 15 7 10 16 12 5 15 15 6 18 20 15 19 13 4 14 4 23
27 13 7 0 10 12 12 10 18 14 15 20 27 23 17 2 3 16 19 4 21 17 11 16 17 14 15 13 9 10 3 27
20 16 11 10 0 18 2 0 9 9 6 12 20 18 9 8 10 6 20 13 18 9 9 7 9 4 8 4 10 6 8 20
27 5 7 12 18 0 20 18 23 15 24 22 26 19 20 13 15 22 10 8 17 20 12 25 27 22 25 20 9 21 11 27
21 18 14 12 2 20 0 2 8 10 4 13 20 20 10 10 12 6 23 15 20 10 12 4 7 3 6 5 12 5 10 21
20 16 12 10 0 18 2 0 8 9 5 12 20 19 9 8 11 6 21 13 18 9 9 7 9 4 8 4 10 6 9 20
14 19 17 18 9 23 8 8 0 9 7 6 13 15 4 16 19 2 22 20 16 4 12 9 11 6 12 4 14 13 16 14
14 11 10 14 9 15 10 9 9 0 12 7 13 10 6 12 16 9 13 14 10 6 4 14 16 10 16 7 6 14 10 14
20 21 17 15 6 24 4 5 7 12 0 12 20 21 10 13 15 4 25 18 21 10 14 2 4 2 5 5 15 7 14 20
8 18 17 20 12 22 13 12 6 7 12 0 8 10 3 18 22 8 18 21 11 3 11 14 16 11 17 8 13 17 17 8
1 21 22 27 20 26 20 20 13 13 20 8 0 8 11 25 29 15 19 27 10 11 16 22 24 18 25 16 19 25 23 1
8 14 17 23 18 19 20 19 15 10 21 10 8 0 11 22 25 16 11 22 3 11 11 23 25 19 25 16 13 24 19 8
11 16 15 17 9 20 10 9 4 6 10 3 11 11 0 16 19 5 18 18 12 0 9 12 14 8 14 5 12 14 14 11
26 14 7 2 8 13 10 8 16 12 13 18 25 22 16 0 3 14 19 6 21 16 10 14 15 12 13 12 9 8 3 26
29 16 10 3 10 15 12 11 19 16 15 22 29 25 19 3 0 17 22 7 24 19 14 15 17 14 14 14 12 9 6 29
16 19 16 16 6 22 6 6 2 9 4 8 15 16 5 14 17 0 22 18 17 5 11 7 9 3 10 2 13 10 14 16
20 6 12 19 20 10 23 21 22 13 25 18 19 11 18 19 22 22 0 16 9 18 11 27 29 23 28 20 11 25 16 20
27 10 5 4 13 8 15 13 20 14 18 21 27 22 18 6 7 18 16 0 20 18 11 19 21 17 19 16 8 14 4 27
11 11 15 21 18 17 20 18 16 10 21 11 10 3 12 21 24 17 9 20 0 12 10 23 26 19 25 16 12 24 18 11
11 16 15 17 9 20 10 9 4 6 10 3 11 11 0 16 19 5 18 18 12 0 9 12 14 8 14 5 12 14 14 11
17 8 6 11 9 12 12 9 12 4 14 11 16 11 9 10 14 11 11 11 10 9 0 16 18 12 17 9 3 14 8 17
22 23 18 16 7 25 4 7 9 14 2 14 22 23 12 14 15 7 27 19 23 12 16 0 2 4 3 7 17 7 15 22
24 25 20 17 9 27 7 9 11 16 4 16 24 25 14 15 17 9 29 21 26 14 18 2 0 6 3 10 19 8 17 24
19 19 15 14 4 22 3 4 6 10 2 11 18 19 8 12 14 3 23 17 19 8 12 4 6 0 6 3 13 7 13 19
25 24 19 15 8 25 6 8 12 16 5 17 25 25 14 13 14 10 28 19 25 14 17 3 3 6 0 10 18 5 15 25
16 17 13 13 4 20 5 4 4 7 5 8 16 16 5 12 14 2 20 16 16 5 9 7 10 3 10 0 11 9 11 16
19 6 4 9 10 9 12 10 14 6 15 13 19 13 12 9 12 13 11 8 12 12 3 17 19 13 18 11 0 14 6 19
26 20 14 10 6 21 5 6 13 14 7 17 25 24 14 8 9 10 25 14 24 14 14 7 8 7 5 9 14 0 10 26
24 11 4 3 8 11 10 9 16 10 14 17 23 19 14 3 6 14 16 4 18 14 8 15 17 13 15 11 6 10 0 24
0 21 23 27 20 27 21 20 14 14 20 8 1 8 11 26 29 16 20 27 11 11 17 22 24 19 25 16 19 26 24 0
,
0 63 29 47 53 40 31 28 14 35 51 14 1 9 16 48 66 47 44 64 24 14 26 59 28 40 62 38 30 76 61 0
46 0 12 22 44 13 33 32 39 13 36 19 45 20 21 24 33 39 14 27 31 27 8 58 44 44 53 39 11 46 12 33
40 18 0 15 19 18 34 12 41 16 19 46 34 40 30 10 14 20 30 7 34 21 15 49 27 26 37 28 4 23 13 64
63 33 17 0 20 20 31 16 18 22 25 35 79 37 49 3 5 40 29 10 55 39 22 26 50 27 20 32 21 14 8 62
54 22 20 14 0 22 6 1 25 22 13 30 34 25 14 18 19 13 35 27 36 19 12 12 21 13 12 5 15 16 18 54
34 11 18 21 48 0 25 22 37 30 37 62 61 44 47 39 39 64 22 21 49 31 23 68 78 51 74 58 12 43 18 64
52 35 15 26 4 48 0 2 13 28 9 37 26 38 25 10 15 16 43 21 52 11 24 10 16 6 12 8 29 6 12 47
45 40 35 24 1 48 3 0 18 9 8 20 27 34 19 22 20 10 55 24 47 9 25 13 24 10 10 6 26 13 11 38
35 31 45 29 14 67 24 24 0 13 17 13 38 39 12 42 28 4 55 26 19 6 29 24 18 6 22 10 25 25 21 25
36 26 15 18 23 17 28 12 16 0 28 8 34 13 12 30 18 12 16 15 24 13 5 34 46 13 32 19 14 15 19 19
36 50 37 28 10 57 9 11 14 30 0 35 25 31 26 24 16 5 60 32 22 10 26 6 10 2 5 8 42 21 21 24
13 25 24 24 22 32 24 26 8 9 14 0 13 28 9 39 26 17 22 23 27 4 29 31 32 13 38 19 20 28 50 18
2 38 51 61 22 45 28 40 20 31 41 11 0 13 24 56 42 24 49 40 26 17 17 25 50 45 47 19 33 49 65 2
20 31 24 67 26 39 56 53 42 28 46 17 21 0 30 28 51 21 24 26 8 25 15 26 42 40 74 38 35 28 48 21
19 19 27 27 14 58 24 12 8 9 17 4 29 20 0 34 38 13 25 26 14 0 23 26 19 8 28 8 34 26 19 16
26 15 10 2 13 28 26 19 19 26 14 27 26 58 46 0 8 19 54 8 22 32 21 24 46 19 22 17 24 23 8 69
44 36 28 4 25 32 29 30 32 38 34 28 46 72 23 4 0 26 65 17 54 52 35 38 41 38 16 29 15 24 6 48
18 21 42 42 13 64 15 10 3 11 9 15 40 33 7 15 21 0 39 49 46 6 19 12 25 5 27 5 27 19 38 37
41 14 16 51 49 16 64 59 28 37 53 25 56 29 49 33 52 32 0 42 13 36 18 67 33 31 71 41 24 38 46 58
61 21 7 6 29 9 23 28 58 33 28 55 41 25 20 17 12 52 19 0 53 48 29 35 39 39 55 46 15 17 12 74
19 29 15 35 29 43 55 48 40 20 63 16 17 3 30 30 70 43 9 56 0 33 24 41 68 56 44 23 12 63 19 28
29 36 39 45 26 41 28 20 7 13 22 7 14 26 0 32 40 11 44 53 12 0 12 35 34 18 20 7 12 33 41 31
45 11 15 26 23 27 33 18 21 5 30 15 42 24 11 27 37 23 30 13 31 20 0 43 26 19 22 13 7 30 13 25
46 61 47 36 11 29 6 12 24 36 6 41 35 26 18 22 23 19 78 48 64 34 29 0 5 6 6 20 45 10 37 29
45 26 22 45 18 68 14 10 11 33 6 29 61 64 38 38 38 26 76 53 71 16 51 6 0 7 9 24 52 11 46 49
35 43 44 28 8 65 6 9 14 12 4 11 19 42 10 18 16 9 69 40 49 16 35 9 17 0 7 5 14 10 35 30
44 63 51 37 13 42 9 19 14 42 6 47 73 65 27 19 33 15 79 40 53 25 39 7 8 16 0 28 50 12 39 44
35 46 31 14 8 22 8 5 9 13 11 17 20 28 11 27 29 6 26 43 28 6 25 14 17 5 25 0 25 11 27 24
49 14 7 12 24 27 34 28 40 11 43 14 22 20 30 18 32 36 16 9 13 31 6 31 52 33 24 26 0 39 18 34
65 22 40 18 10 37 8 9 18 19 11 31 73 69 43 13 22 14 31 37 68 23 40 7 22 16 6 27 23 0 27 71
68 14 5 8 20 23 24 9 40 24 21 27 60 54 21 3 14 23 36 5 45 22 14 27 21 15 15 28 15 24 0 36
0 55 36 61 46 80 45 22 26 16 42 10 2 12 12 44 45 43 38 77 26 25 42 53 63 52 43 32 24 55 61 0