5
30
,
0 (15.0, 40.0) 74.0
1 (27.0, 37.0) 62.0
2 (41.0, 36.0) 60.0
3 (37.0, 17.0) 85.0
4 (21.0, 49.0) 36.0
5 (40.0, 13.0) 84.0
6 (37.0, 16.0) 72.0
7 (27.0, 3.0) 68.0
8 (20.0, 19.0) 40.0
9 (40.0, 6.0) 89.0
10 (16.0, 5.0) 31.0
11 (1.0, 1.0) 32.0
12 (0.0, 17.0) 33.0
13 (21.0, 8.0) 51.0
14 (41.0, 32.0) 73.0
15 (47.0, 35.0) 34.0
16 (31.0, 6.0) 40.0
17 (3.0, 39.0) 81.0
18 (35.0, 42.0) 41.0
19 (1.0, 22.0) 60.0
20 (21.0, 8.0) 69.0
21 (21.0, 26.0) 31.0
22 (44.0, 5.0) 78.0
23 (48.0, 2.0) 54.0
24 (37.0, 8.0) 42.0
25 (50.0, 8.0) 53.0
26 (31.0, 11.0) 40.0
27 (23.0, 31.0) 65.0
28 (48.0, 18.0) 55.0
29 (35.0, 33.0) 87.0
,
0 21 23 27 20 27 21 20 14 14 20 8 1 8 11 26 29 16 20 27 11 11 17 22 24 19 25 16 19 26 24 0
21 0 6 13 16 5 18 16 19 11 21 18 21 14 16 14 16 19 6 10 11 16 8 23 25 19 24 17 6 20 11 21
23 6 0 7 11 7 14 12 17 10 17 17 22 17 15 7 10 16 12 5 15 15 6 18 20 15 19 13 4 14 4 23
27 13 7 0 10 12 12 10 18 14 15 20 27 23 17 2 3 16 19 4 21 17 11 16 17 14 15 13 9 10 3 27
20 16 11 10 0 18 2 0 9 9 6 12 20 18 9 8 10 6 20 13 18 9 9 7 9 4 8 4 10 6 8 20
27 5 7 12 18 0 20 18 23 15 24 22 26 19 20 13 15 22 10 8 17 20 12 25 27 22 25 20 9 21 11 27
21 18 14 12 2 20 0 2 8 10 4 13 20 20 10 10 12 6 23 15 20 10 12 4 7 3 6 5 12 5 10 21
20 16 12 10 0 18 2 0 8 9 5 12 20 19 9 8 11 6 21 13 18 9 9 7 9 4 8 4 10 6 9 20
14 19 17 18 9 23 8 8 0 9 7 6 13 15 4 16 19 2 22 20 16 4 12 9 11 6 12 4 14 13 16 14
14 11 10 14 9 15 10 9 9 0 12 7 13 10 6 12 16 9 13 14 10 6 4 14 16 10 16 7 6 14 10 14
20 21 17 15 6 24 4 5 7 12 0 12 20 21 10 13 15 4 25 18 21 10 14 2 4 2 5 5 15 7 14 20
8 18 17 20 12 22 13 12 6 7 12 0 8 10 3 18 22 8 18 21 11 3 11 14 16 11 17 8 13 17 17 8
1 21 22 27 20 26 20 20 13 13 20 8 0 8 11 25 29 15 19 27 10 11 16 22 24 18 25 16 19 25 23 1
8 14 17 23 18 19 20 19 15 10 21 10 8 0 11 22 25 16 11 22 3 11 11 23 25 19 25 16 13 24 19 8
11 16 15 17 9 20 10 9 4 6 10 3 11 11 0 16 19 5 18 18 12 0 9 12 14 8 14 5 12 14 14 11
26 14 7 2 8 13 10 8 16 12 13 18 25 22 16 0 3 14 19 6 21 16 10 14 15 12 13 12 9 8 3 26
29 16 10 3 10 15 12 11 19 16 15 22 29 25 19 3 0 17 22 7 24 19 14 15 17 14 14 14 12 9 6 29
16 19 16 16 6 22 6 6 2 9 4 8 15 16 5 14 17 0 22 18 17 5 11 7 9 3 10 2 13 10 14 16
20 6 12 19 20 10 23 21 22 13 25 18 19 11 18 19 22 22 0 16 9 18 11 27 29 23 28 20 11 25 16 20
27 10 5 4 13 8 15 13 20 14 18 21 27 22 18 6 7 18 16 0 20 18 11 19 21 17 19 16 8 14 4 27
11 11 15 21 18 17 20 18 16 10 21 11 10 3 12 21 24 17 9 20 0 12 10 23 26 19 25 16 12 24 18 11
11 16 15 17 9 20 10 9 4 6 10 3 11 11 0 16 19 5 18 18 12 0 9 12 14 8 14 5 12 14 14 11
17 8 6 11 9 12 12 9 12 4 14 11 16 11 9 10 14 11 11 11 10 9 0 16 18 12 17 9 3 14 8 17
22 23 18 16 7 25 4 7 9 14 2 14 22 23 12 14 15 7 27 19 23 12 16 0 2 4 3 7 17 7 15 22
24 25 20 17 9 27 7 9 11 16 4 16 24 25 14 15 17 9 29 21 26 14 18 2 0 6 3 10 19 8 17 24
19 19 15 14 4 22 3 4 6 10 2 11 18 19 8 12 14 3 23 17 19 8 12 4 6 0 6 3 13 7 13 19
25 24 19 15 8 25 6 8 12 16 5 17 25 25 14 13 14 10 28 19 25 14 17 3 3 6 0 10 18 5 15 25
16 17 13 13 4 20 5 4 4 7 5 8 16 16 5 12 14 2 20 16 16 5 9 7 10 3 10 0 11 9 11 16
19 6 4 9 10 9 12 10 14 6 15 13 19 13 12 9 12 13 11 8 12 12 3 17 19 13 18 11 0 14 6 19
26 20 14 10 6 21 5 6 13 14 7 17 25 24 14 8 9 10 25 14 24 14 14 7 8 7 5 9 14 0 10 26
24 11 4 3 8 11 10 9 16 10 14 17 23 19 14 3 6 14 16 4 18 14 8 15 17 13 15 11 6 10 0 24
0 21 23 27 20 27 21 20 14 14 20 8 1 8 11 26 29 16 20 27 11 11 17 22 24 19 25 16 19 26 24 0
,
0 50 47 64 60 54 31 36 36 18 22 9 2 11 24 43 78 31 22 72 12 33 32 31 51 25 54 42 33 53 29 0
50 0 14 17 24 16 31 45 27 13 27 24 42 38 27 41 23 26 14 17 18 26 10 61 51 41 36 39 17 50 23 51
37 10 0 18 18 8 36 20 43 26 42 39 31 44 27 9 27 42 34 12 38 22 12 30 49 37 51 22 9 15 9 39
45 24 18 0 17 19 23 15 51 29 30 37 59 24 29 3 4 25 24 11 55 34 25 38 27 35 35 25 26 17 9 60
60 32 25 22 0 31 4 1 16 20 13 27 54 46 24 12 28 13 26 34 33 14 26 19 21 9 23 8 10 15 23 34
53 10 17 25 19 0 47 37 45 36 47 61 78 45 61 14 15 56 25 19 35 25 18 33 56 46 26 43 25 29 12 59
41 54 20 26 7 47 0 2 24 15 7 33 26 39 13 10 34 6 57 36 20 28 19 7 13 3 16 11 18 12 18 25
44 49 15 21 1 45 4 0 9 14 7 12 34 26 16 22 18 10 60 26 23 15 11 19 16 11 11 7 20 14 17 31
38 27 41 39 16 58 15 15 0 22 20 16 18 16 6 32 27 5 24 29 30 8 17 20 14 8 23 10 22 26 17 18
17 28 20 22 12 25 22 16 21 0 16 16 16 17 12 15 40 13 37 23 11 13 9 27 26 22 23 9 14 33 16 18
30 39 21 21 12 41 8 13 10 19 0 21 26 25 16 14 23 12 51 52 25 22 27 5 8 3 5 11 31 9 41 30
9 39 20 21 30 60 30 28 8 16 31 0 19 24 4 45 51 16 48 61 22 4 20 28 35 24 45 13 26 27 41 23
2 51 37 74 24 70 32 43 32 28 55 11 0 24 12 41 43 19 30 30 11 15 33 63 48 39 52 29 40 46 59 2
9 23 35 54 52 30 23 31 40 14 53 21 11 0 23 32 70 25 24 34 3 23 21 33 68 25 41 21 35 68 21 9
13 19 30 35 26 31 19 16 4 10 16 8 18 31 0 31 54 8 37 19 15 0 26 15 24 11 42 12 25 27 25 27
60 15 18 6 10 24 18 17 17 16 29 41 32 47 16 0 3 16 40 9 27 18 27 18 20 33 19 15 25 16 9 66
72 43 25 5 21 29 29 13 42 36 36 44 67 35 28 9 0 39 33 17 33 20 29 26 17 23 31 24 13 11 6 46
43 22 43 16 15 64 13 8 3 23 10 22 21 33 6 37 29 0 56 29 18 6 31 17 22 5 20 3 24 23 14 46
52 13 21 39 28 18 42 37 54 27 59 20 52 16 34 24 41 46 0 44 18 26 27 80 62 39 33 42 23 58 29 43
54 25 5 5 32 8 32 38 48 40 22 25 44 49 25 12 8 34 24 0 52 53 27 19 26 20 37 44 20 35 11 64
13 27 15 44 50 41 54 46 40 17 37 15 30 4 22 44 58 49 17 37 0 35 18 30 65 39 56 24 26 61 35 23
31 32 19 21 27 56 19 15 6 10 28 5 16 15 0 46 40 6 47 46 26 0 24 28 38 22 27 6 26 19 30 15
42 14 17 25 20 23 16 22 29 6 40 25 37 27 20 28 21 11 24 11 21 25 0 43 51 23 49 21 4 21 14 46
23 57 22 19 10 42 10 7 21 42 3 19 26 26 23 25 25 19 65 56 29 12 34 0 6 5 7 9 40 15 29 23
66 65 42 42 25 58 17 21 31 49 12 34 27 57 22 42 23 22 66 38 44 23 52 5 0 10 4 15 46 10 24 64
39 26 20 31 13 49 7 7 14 11 2 13 40 22 23 26 21 5 58 44 29 14 35 7 12 0 12 8 33 16 38 46
73 46 53 41 14 31 6 14 14 27 8 26 44 26 19 32 29 18 40 34 28 35 45 4 6 7 0 28 50 15 36 46
20 44 17 40 11 47 10 6 13 20 13 13 20 25 15 32 42 5 58 28 26 7 10 20 13 7 18 0 32 10 17 47
48 9 4 21 18 24 32 16 35 7 32 26 40 16 17 13 30 21 25 12 15 18 5 42 48 25 48 30 0 17 12 26
44 55 35 16 15 47 12 13 32 19 16 25 61 39 40 9 17 27 56 24 43 31 22 13 21 13 8 11 19 0 15 42
68 21 12 9 22 21 26 9 44 15 38 36 43 20 34 5 8 24 42 6 49 16 20 26 27 36 19 23 14 25 0 43
0 62 44 47 46 50 41 21 23 27 22 23 1 16 23 59 35 25 49 29 12 17 24 33 60 22 64 23 57 30 27 0