5
30
,
0 (15.0, 40.0) 36.0
1 (27.0, 37.0) 83.0
2 (41.0, 36.0) 56.0
3 (37.0, 17.0) 31.0
4 (21.0, 49.0) 52.0
5 (40.0, 13.0) 46.0
6 (37.0, 16.0) 56.0
7 (27.0, 3.0) 42.0
8 (20.0, 19.0) 36.0
9 (40.0, 6.0) 77.0
10 (16.0, 5.0) 31.0
11 (1.0, 1.0) 35.0
12 (0.0, 17.0) 48.0
13 (21.0, 8.0) 45.0
14 (41.0, 32.0) 45.0
15 (47.0, 35.0) 60.0
16 (31.0, 6.0) 76.0
17 (3.0, 39.0) 46.0
18 (35.0, 42.0) 34.0
19 (1.0, 22.0) 82.0
20 (21.0, 8.0) 67.0
21 (21.0, 26.0) 66.0
22 (44.0, 5.0) 41.0
23 (48.0, 2.0) 32.0
24 (37.0, 8.0) 53.0
25 (50.0, 8.0) 49.0
26 (31.0, 11.0) 32.0
27 (23.0, 31.0) 51.0
28 (48.0, 18.0) 47.0
29 (35.0, 33.0) 44.0
,
0 21 23 27 20 27 21 20 14 14 20 8 1 8 11 26 29 16 20 27 11 11 17 22 24 19 25 16 19 26 24 0
21 0 6 13 16 5 18 16 19 11 21 18 21 14 16 14 16 19 6 10 11 16 8 23 25 19 24 17 6 20 11 21
23 6 0 7 11 7 14 12 17 10 17 17 22 17 15 7 10 16 12 5 15 15 6 18 20 15 19 13 4 14 4 23
27 13 7 0 10 12 12 10 18 14 15 20 27 23 17 2 3 16 19 4 21 17 11 16 17 14 15 13 9 10 3 27
20 16 11 10 0 18 2 0 9 9 6 12 20 18 9 8 10 6 20 13 18 9 9 7 9 4 8 4 10 6 8 20
27 5 7 12 18 0 20 18 23 15 24 22 26 19 20 13 15 22 10 8 17 20 12 25 27 22 25 20 9 21 11 27
21 18 14 12 2 20 0 2 8 10 4 13 20 20 10 10 12 6 23 15 20 10 12 4 7 3 6 5 12 5 10 21
20 16 12 10 0 18 2 0 8 9 5 12 20 19 9 8 11 6 21 13 18 9 9 7 9 4 8 4 10 6 9 20
14 19 17 18 9 23 8 8 0 9 7 6 13 15 4 16 19 2 22 20 16 4 12 9 11 6 12 4 14 13 16 14
14 11 10 14 9 15 10 9 9 0 12 7 13 10 6 12 16 9 13 14 10 6 4 14 16 10 16 7 6 14 10 14
20 21 17 15 6 24 4 5 7 12 0 12 20 21 10 13 15 4 25 18 21 10 14 2 4 2 5 5 15 7 14 20
8 18 17 20 12 22 13 12 6 7 12 0 8 10 3 18 22 8 18 21 11 3 11 14 16 11 17 8 13 17 17 8
1 21 22 27 20 26 20 20 13 13 20 8 0 8 11 25 29 15 19 27 10 11 16 22 24 18 25 16 19 25 23 1
8 14 17 23 18 19 20 19 15 10 21 10 8 0 11 22 25 16 11 22 3 11 11 23 25 19 25 16 13 24 19 8
11 16 15 17 9 20 10 9 4 6 10 3 11 11 0 16 19 5 18 18 12 0 9 12 14 8 14 5 12 14 14 11
26 14 7 2 8 13 10 8 16 12 13 18 25 22 16 0 3 14 19 6 21 16 10 14 15 12 13 12 9 8 3 26
29 16 10 3 10 15 12 11 19 16 15 22 29 25 19 3 0 17 22 7 24 19 14 15 17 14 14 14 12 9 6 29
16 19 16 16 6 22 6 6 2 9 4 8 15 16 5 14 17 0 22 18 17 5 11 7 9 3 10 2 13 10 14 16
20 6 12 19 20 10 23 21 22 13 25 18 19 11 18 19 22 22 0 16 9 18 11 27 29 23 28 20 11 25 16 20
27 10 5 4 13 8 15 13 20 14 18 21 27 22 18 6 7 18 16 0 20 18 11 19 21 17 19 16 8 14 4 27
11 11 15 21 18 17 20 18 16 10 21 11 10 3 12 21 24 17 9 20 0 12 10 23 26 19 25 16 12 24 18 11
11 16 15 17 9 20 10 9 4 6 10 3 11 11 0 16 19 5 18 18 12 0 9 12 14 8 14 5 12 14 14 11
17 8 6 11 9 12 12 9 12 4 14 11 16 11 9 10 14 11 11 11 10 9 0 16 18 12 17 9 3 14 8 17
22 23 18 16 7 25 4 7 9 14 2 14 22 23 12 14 15 7 27 19 23 12 16 0 2 4 3 7 17 7 15 22
24 25 20 17 9 27 7 9 11 16 4 16 24 25 14 15 17 9 29 21 26 14 18 2 0 6 3 10 19 8 17 24
19 19 15 14 4 22 3 4 6 10 2 11 18 19 8 12 14 3 23 17 19 8 12 4 6 0 6 3 13 7 13 19
25 24 19 15 8 25 6 8 12 16 5 17 25 25 14 13 14 10 28 19 25 14 17 3 3 6 0 10 18 5 15 25
16 17 13 13 4 20 5 4 4 7 5 8 16 16 5 12 14 2 20 16 16 5 9 7 10 3 10 0 11 9 11 16
19 6 4 9 10 9 12 10 14 6 15 13 19 13 12 9 12 13 11 8 12 12 3 17 19 13 18 11 0 14 6 19
26 20 14 10 6 21 5 6 13 14 7 17 25 24 14 8 9 10 25 14 24 14 14 7 8 7 5 9 14 0 10 26
24 11 4 3 8 11 10 9 16 10 14 17 23 19 14 3 6 14 16 4 18 14 8 15 17 13 15 11 6 10 0 24
0 21 23 27 20 27 21 20 14 14 20 8 1 8 11 26 29 16 20 27 11 11 17 22 24 19 25 16 19 26 24 0
,
0 63 58 63 41 36 50 57 30 34 35 23 1 22 28 53 73 16 37 30 12 30 40 23 27 36 45 28 26 46 47 0
35 0 12 38 26 9 24 44 33 16 44 23 46 35 33 40 34 34 9 22 16 42 15 23 33 44 69 29 14 30 20 35
28 11 0 10 30 14 14 19 43 20 28 30 26 26 18 13 22 19 36 10 45 31 10 37 33 37 42 24 7 40 5 28
62 34 10 0 16 31 14 21 43 31 37 50 62 40 40 3 4 36 51 6 39 34 24 39 29 19 27 22 14 29 6 81
56 31 28 11 0 42 6 1 16 11 17 21 33 23 23 19 15 14 31 16 51 24 13 12 17 5 23 9 15 14 14 49
45 11 17 19 37 0 57 51 61 19 51 43 31 48 54 27 43 55 20 9 33 39 23 69 55 37 63 56 16 25 11 28
29 47 31 17 3 22 0 2 15 15 5 17 41 44 23 23 27 11 46 37 58 28 28 12 20 5 11 5 21 10 23 49
51 31 23 24 1 49 5 0 14 13 9 29 42 21 27 21 30 11 60 31 28 10 10 14 9 6 11 6 11 16 10 38
27 49 24 38 21 45 21 8 0 24 11 10 38 38 5 20 33 5 33 22 34 11 21 24 19 6 13 5 40 32 36 26
14 32 25 39 21 16 25 16 9 0 35 9 17 25 11 13 25 19 19 17 23 14 5 34 27 13 30 15 19 23 25 36
41 61 50 43 17 37 4 11 17 24 0 13 57 26 21 22 19 9 29 41 42 12 35 4 6 4 8 8 17 15 14 59
18 21 24 23 31 31 23 30 11 10 22 0 9 17 7 34 63 9 26 23 18 8 14 21 31 26 38 24 40 47 35 25
2 41 24 49 58 78 44 34 14 37 44 14 0 14 16 56 35 25 41 28 28 19 29 51 69 22 26 43 33 30 46 2
12 29 43 27 28 52 45 31 40 26 53 23 22 0 16 43 73 42 24 29 4 26 14 67 35 32 40 30 31 31 41 16
27 29 31 44 27 60 25 19 4 9 17 5 20 28 0 26 43 8 26 23 25 0 16 17 40 23 31 11 18 27 19 29
50 29 16 3 20 23 27 12 48 36 13 34 61 29 21 0 10 16 31 16 43 24 20 32 31 26 38 29 18 11 5 53
74 34 29 5 14 16 15 30 40 40 41 55 61 73 56 8 0 19 32 10 70 32 19 35 43 18 19 32 20 15 18 56
26 55 42 36 17 34 17 14 5 21 8 19 44 32 11 32 30 0 58 18 44 9 21 15 16 8 20 7 28 15 19 32
25 11 14 20 33 22 51 54 30 24 25 32 38 14 26 24 52 51 0 48 12 18 23 71 39 37 38 51 18 50 41 37
73 22 12 7 36 23 18 36 37 25 29 39 39 50 22 12 11 34 22 0 37 51 12 25 42 38 36 29 16 17 9 43
30 17 31 26 35 46 22 20 46 10 63 20 25 7 16 48 25 40 21 21 0 27 17 38 50 57 48 17 20 63 47 30
25 41 30 25 22 49 19 15 6 16 25 9 16 12 0 33 20 10 24 47 24 0 16 18 24 10 30 15 26 41 32 27
17 22 14 18 24 27 34 23 27 7 35 23 25 34 13 23 37 16 24 20 16 22 0 36 20 27 22 24 8 18 22 50
65 25 38 24 20 66 12 7 17 19 2 39 33 51 34 39 42 18 41 25 43 13 23 0 4 8 6 13 20 14 27 64
59 28 57 22 14 29 10 21 29 22 10 19 35 54 14 44 32 19 59 31 43 30 50 7 0 12 8 27 36 16 27 46
48 47 33 36 9 63 3 6 10 15 2 26 25 39 18 13 28 4 57 22 40 9 22 4 7 0 16 4 23 16 36 24
43 51 21 42 22 38 7 13 32 29 13 34 66 31 33 30 16 19 44 44 75 38 25 4 9 19 0 24 52 8 22 76
29 29 33 18 10 22 8 10 11 18 13 13 46 34 10 26 36 4 36 30 23 9 15 8 16 4 18 0 28 15 26 30
31 9 11 23 29 15 35 27 41 11 39 13 37 32 25 18 18 34 31 21 16 20 7 46 28 19 41 28 0 42 7 33
26 22 16 20 11 27 11 6 38 30 21 32 65 71 39 12 18 24 35 26 61 23 33 13 16 21 7 21 25 0 20 56
47 20 7 9 9 16 25 17 31 27 39 45 68 48 36 7 10 36 16 11 30 33 20 32 30 21 31 14 15 17 0 27
0 51 65 43 43 50 57 51 32 35 23 19 1 11 19 74 58 24 49 33 19 14 26 47 34 49 46 17 30 49 62 0