5
30
,
0 (15.0, 40.0) 74.0
1 (27.0, 37.0) 33.0
2 (41.0, 36.0) 76.0
3 (37.0, 17.0) 44.0
4 (21.0, 49.0) 31.0
5 (40.0, 13.0) 82.0
6 (37.0, 16.0) 57.0
7 (27.0, 3.0) 38.0
8 (20.0, 19.0) 88.0
9 (40.0, 6.0) 73.0
10 (16.0, 5.0) 46.0
11 (1.0, 1.0) 51.0
12 (0.0, 17.0) 59.0
13 (21.0, 8.0) 35.0
14 (41.0, 32.0) 63.0
15 (47.0, 35.0) 83.0
16 (31.0, 6.0) 77.0
17 (3.0, 39.0) 79.0
18 (35.0, 42.0) 37.0
19 (1.0, 22.0) 71.0
20 (21.0, 8.0) 86.0
21 (21.0, 26.0) 39.0
22 (44.0, 5.0) 38.0
23 (48.0, 2.0) 89.0
24 (37.0, 8.0) 37.0
25 (50.0, 8.0) 82.0
26 (31.0, 11.0) 32.0
27 (23.0, 31.0) 34.0
28 (48.0, 18.0) 78.0
29 (35.0, 33.0) 40.0
,
0 21 23 27 20 27 21 20 14 14 20 8 1 8 11 26 29 16 20 27 11 11 17 22 24 19 25 16 19 26 24 0
21 0 6 13 16 5 18 16 19 11 21 18 21 14 16 14 16 19 6 10 11 16 8 23 25 19 24 17 6 20 11 21
23 6 0 7 11 7 14 12 17 10 17 17 22 17 15 7 10 16 12 5 15 15 6 18 20 15 19 13 4 14 4 23
27 13 7 0 10 12 12 10 18 14 15 20 27 23 17 2 3 16 19 4 21 17 11 16 17 14 15 13 9 10 3 27
20 16 11 10 0 18 2 0 9 9 6 12 20 18 9 8 10 6 20 13 18 9 9 7 9 4 8 4 10 6 8 20
27 5 7 12 18 0 20 18 23 15 24 22 26 19 20 13 15 22 10 8 17 20 12 25 27 22 25 20 9 21 11 27
21 18 14 12 2 20 0 2 8 10 4 13 20 20 10 10 12 6 23 15 20 10 12 4 7 3 6 5 12 5 10 21
20 16 12 10 0 18 2 0 8 9 5 12 20 19 9 8 11 6 21 13 18 9 9 7 9 4 8 4 10 6 9 20
14 19 17 18 9 23 8 8 0 9 7 6 13 15 4 16 19 2 22 20 16 4 12 9 11 6 12 4 14 13 16 14
14 11 10 14 9 15 10 9 9 0 12 7 13 10 6 12 16 9 13 14 10 6 4 14 16 10 16 7 6 14 10 14
20 21 17 15 6 24 4 5 7 12 0 12 20 21 10 13 15 4 25 18 21 10 14 2 4 2 5 5 15 7 14 20
8 18 17 20 12 22 13 12 6 7 12 0 8 10 3 18 22 8 18 21 11 3 11 14 16 11 17 8 13 17 17 8
1 21 22 27 20 26 20 20 13 13 20 8 0 8 11 25 29 15 19 27 10 11 16 22 24 18 25 16 19 25 23 1
8 14 17 23 18 19 20 19 15 10 21 10 8 0 11 22 25 16 11 22 3 11 11 23 25 19 25 16 13 24 19 8
11 16 15 17 9 20 10 9 4 6 10 3 11 11 0 16 19 5 18 18 12 0 9 12 14 8 14 5 12 14 14 11
26 14 7 2 8 13 10 8 16 12 13 18 25 22 16 0 3 14 19 6 21 16 10 14 15 12 13 12 9 8 3 26
29 16 10 3 10 15 12 11 19 16 15 22 29 25 19 3 0 17 22 7 24 19 14 15 17 14 14 14 12 9 6 29
16 19 16 16 6 22 6 6 2 9 4 8 15 16 5 14 17 0 22 18 17 5 11 7 9 3 10 2 13 10 14 16
20 6 12 19 20 10 23 21 22 13 25 18 19 11 18 19 22 22 0 16 9 18 11 27 29 23 28 20 11 25 16 20
27 10 5 4 13 8 15 13 20 14 18 21 27 22 18 6 7 18 16 0 20 18 11 19 21 17 19 16 8 14 4 27
11 11 15 21 18 17 20 18 16 10 21 11 10 3 12 21 24 17 9 20 0 12 10 23 26 19 25 16 12 24 18 11
11 16 15 17 9 20 10 9 4 6 10 3 11 11 0 16 19 5 18 18 12 0 9 12 14 8 14 5 12 14 14 11
17 8 6 11 9 12 12 9 12 4 14 11 16 11 9 10 14 11 11 11 10 9 0 16 18 12 17 9 3 14 8 17
22 23 18 16 7 25 4 7 9 14 2 14 22 23 12 14 15 7 27 19 23 12 16 0 2 4 3 7 17 7 15 22
24 25 20 17 9 27 7 9 11 16 4 16 24 25 14 15 17 9 29 21 26 14 18 2 0 6 3 10 19 8 17 24
19 19 15 14 4 22 3 4 6 10 2 11 18 19 8 12 14 3 23 17 19 8 12 4 6 0 6 3 13 7 13 19
25 24 19 15 8 25 6 8 12 16 5 17 25 25 14 13 14 10 28 19 25 14 17 3 3 6 0 10 18 5 15 25
16 17 13 13 4 20 5 4 4 7 5 8 16 16 5 12 14 2 20 16 16 5 9 7 10 3 10 0 11 9 11 16
19 6 4 9 10 9 12 10 14 6 15 13 19 13 12 9 12 13 11 8 12 12 3 17 19 13 18 11 0 14 6 19
26 20 14 10 6 21 5 6 13 14 7 17 25 24 14 8 9 10 25 14 24 14 14 7 8 7 5 9 14 0 10 26
24 11 4 3 8 11 10 9 16 10 14 17 23 19 14 3 6 14 16 4 18 14 8 15 17 13 15 11 6 10 0 24
0 21 23 27 20 27 21 20 14 14 20 8 1 8 11 26 29 16 20 27 11 11 17 22 24 19 25 16 19 26 24 0
,
0 53 66 30 44 33 56 34 26 27 58 10 2 15 30 60 79 36 24 54 15 30 46 46 70 32 27 45 48 39 60 0
58 0 14 35 43 14 23 46 39 27 60 36 44 20 27 23 26 29 7 26 13 33 11 45 53 51 53 36 9 34 31 30
48 9 0 14 23 10 21 34 40 11 35 41 36 23 43 14 29 21 30 8 34 30 11 25 38 41 34 16 6 23 13 32
36 27 11 0 23 15 15 28 44 37 23 55 45 54 46 5 4 40 55 4 59 46 32 45 20 26 31 32 23 11 5 76
56 32 33 18 0 26 5 1 16 18 16 35 32 34 18 12 13 11 45 32 27 26 16 18 24 10 13 8 15 12 19 28
33 16 20 34 44 0 23 29 49 32 55 40 56 36 50 34 29 24 14 19 26 43 20 64 38 54 54 28 12 51 17 75
31 34 17 16 7 38 0 3 10 13 6 20 55 36 17 20 25 12 32 30 34 19 18 11 14 6 10 12 29 13 22 32
39 36 27 28 1 50 3 0 13 17 11 18 49 36 21 21 29 10 27 37 24 10 13 18 20 9 21 10 17 16 14 56
32 58 51 25 18 56 21 12 0 25 14 12 24 17 6 34 48 7 39 42 19 8 14 9 29 16 14 11 29 22 29 33
29 22 29 34 14 22 29 16 14 0 13 17 29 24 11 34 39 12 25 17 11 10 10 35 42 15 26 17 11 42 26 28
60 28 32 17 11 24 5 8 10 21 0 29 43 61 21 31 35 5 42 30 55 27 16 4 10 4 12 9 28 18 27 45
14 49 24 44 20 55 24 35 13 20 18 0 22 11 7 20 58 21 33 37 26 5 26 39 44 22 19 10 33 29 22 11
2 29 25 61 50 63 57 35 27 27 24 10 0 20 16 55 74 21 43 42 30 12 48 40 33 44 52 22 39 35 44 1
21 35 46 38 31 34 52 19 45 25 53 17 19 0 14 60 61 34 20 30 3 26 20 33 47 36 44 24 37 50 53 25
29 49 25 27 9 41 28 23 11 14 26 7 22 23 0 19 28 8 38 39 28 0 25 19 26 24 32 13 29 32 19 31
27 22 8 5 13 32 22 18 27 23 26 35 57 48 42 0 4 16 42 12 53 40 15 33 38 19 17 14 25 9 5 59
31 18 18 7 17 27 26 32 47 45 18 41 38 41 19 8 0 25 46 18 41 29 16 35 41 24 36 33 24 10 14 75
23 22 38 35 19 49 9 16 5 25 7 17 44 39 15 40 38 0 33 28 47 14 23 19 12 8 10 6 34 12 17 19
23 9 17 24 34 25 62 25 39 31 44 44 31 23 52 26 45 48 0 23 26 28 22 57 32 47 48 33 24 45 22 25
65 16 11 9 30 20 23 28 27 22 21 31 50 53 31 17 12 40 28 0 30 50 23 49 47 23 39 34 20 16 8 81
15 31 26 32 20 50 38 18 37 11 31 14 24 7 28 21 55 24 23 23 0 29 23 49 39 53 59 46 12 26 44 24
18 35 41 22 12 59 25 11 10 15 28 3 25 22 0 35 55 9 50 34 24 0 23 24 37 13 30 12 27 28 29 12
34 19 16 30 12 24 23 12 31 4 32 14 31 14 18 18 20 30 14 26 23 24 0 40 35 18 35 14 4 42 10 36
57 65 38 19 12 64 9 15 21 28 5 35 55 48 14 37 29 9 68 54 49 31 43 0 7 9 4 20 22 18 23 46
56 27 47 28 18 52 8 9 28 37 5 46 66 39 28 29 49 11 50 31 72 21 53 7 0 12 6 23 46 23 36 38
43 25 41 39 7 47 4 7 6 26 5 28 38 19 11 12 29 8 62 30 50 21 21 6 18 0 16 6 35 15 17 46
48 37 28 27 9 64 11 21 34 44 12 29 64 32 19 33 36 12 64 41 73 38 23 4 7 19 0 11 33 7 43 74
23 29 14 17 10 40 12 7 11 18 8 21 31 23 11 29 21 4 57 29 31 13 15 10 26 10 20 0 19 10 15 31
40 17 4 24 23 17 15 28 31 10 39 26 36 34 28 10 17 33 29 20 27 30 4 43 42 33 35 21 0 41 16 37
66 36 24 25 9 48 13 9 35 17 10 28 45 59 15 10 19 15 38 24 48 15 38 12 23 13 9 12 33 0 21 48
46 14 12 7 16 23 27 26 33 19 41 24 29 57 38 4 9 31 28 12 45 43 10 43 37 37 20 30 12 14 0 68
0 34 27 47 49 48 35 21 24 22 29 16 2 21 28 50 65 21 55 41 16 19 46 29 36 42 34 23 22 40 33 0