5
30
,
0 (15.0, 40.0) 88.0
1 (27.0, 37.0) 36.0
2 (41.0, 36.0) 40.0
3 (37.0, 17.0) 40.0
4 (21.0, 49.0) 46.0
5 (40.0, 13.0) 55.0
6 (37.0, 16.0) 41.0
7 (27.0, 3.0) 36.0
8 (20.0, 19.0) 62.0
9 (40.0, 6.0) 66.0
10 (16.0, 5.0) 86.0
11 (1.0, 1.0) 36.0
12 (0.0, 17.0) 44.0
13 (21.0, 8.0) 67.0
14 (41.0, 32.0) 62.0
15 (47.0, 35.0) 46.0
16 (31.0, 6.0) 67.0
17 (3.0, 39.0) 81.0
18 (35.0, 42.0) 83.0
19 (1.0, 22.0) 70.0
20 (21.0, 8.0) 52.0
21 (21.0, 26.0) 51.0
22 (44.0, 5.0) 66.0
23 (48.0, 2.0) 40.0
24 (37.0, 8.0) 37.0
25 (50.0, 8.0) 31.0
26 (31.0, 11.0) 31.0
27 (23.0, 31.0) 57.0
28 (48.0, 18.0) 58.0
29 (35.0, 33.0) 39.0
,
0 21 23 27 20 27 21 20 14 14 20 8 1 8 11 26 29 16 20 27 11 11 17 22 24 19 25 16 19 26 24 0
21 0 6 13 16 5 18 16 19 11 21 18 21 14 16 14 16 19 6 10 11 16 8 23 25 19 24 17 6 20 11 21
23 6 0 7 11 7 14 12 17 10 17 17 22 17 15 7 10 16 12 5 15 15 6 18 20 15 19 13 4 14 4 23
27 13 7 0 10 12 12 10 18 14 15 20 27 23 17 2 3 16 19 4 21 17 11 16 17 14 15 13 9 10 3 27
20 16 11 10 0 18 2 0 9 9 6 12 20 18 9 8 10 6 20 13 18 9 9 7 9 4 8 4 10 6 8 20
27 5 7 12 18 0 20 18 23 15 24 22 26 19 20 13 15 22 10 8 17 20 12 25 27 22 25 20 9 21 11 27
21 18 14 12 2 20 0 2 8 10 4 13 20 20 10 10 12 6 23 15 20 10 12 4 7 3 6 5 12 5 10 21
20 16 12 10 0 18 2 0 8 9 5 12 20 19 9 8 11 6 21 13 18 9 9 7 9 4 8 4 10 6 9 20
14 19 17 18 9 23 8 8 0 9 7 6 13 15 4 16 19 2 22 20 16 4 12 9 11 6 12 4 14 13 16 14
14 11 10 14 9 15 10 9 9 0 12 7 13 10 6 12 16 9 13 14 10 6 4 14 16 10 16 7 6 14 10 14
20 21 17 15 6 24 4 5 7 12 0 12 20 21 10 13 15 4 25 18 21 10 14 2 4 2 5 5 15 7 14 20
8 18 17 20 12 22 13 12 6 7 12 0 8 10 3 18 22 8 18 21 11 3 11 14 16 11 17 8 13 17 17 8
1 21 22 27 20 26 20 20 13 13 20 8 0 8 11 25 29 15 19 27 10 11 16 22 24 18 25 16 19 25 23 1
8 14 17 23 18 19 20 19 15 10 21 10 8 0 11 22 25 16 11 22 3 11 11 23 25 19 25 16 13 24 19 8
11 16 15 17 9 20 10 9 4 6 10 3 11 11 0 16 19 5 18 18 12 0 9 12 14 8 14 5 12 14 14 11
26 14 7 2 8 13 10 8 16 12 13 18 25 22 16 0 3 14 19 6 21 16 10 14 15 12 13 12 9 8 3 26
29 16 10 3 10 15 12 11 19 16 15 22 29 25 19 3 0 17 22 7 24 19 14 15 17 14 14 14 12 9 6 29
16 19 16 16 6 22 6 6 2 9 4 8 15 16 5 14 17 0 22 18 17 5 11 7 9 3 10 2 13 10 14 16
20 6 12 19 20 10 23 21 22 13 25 18 19 11 18 19 22 22 0 16 9 18 11 27 29 23 28 20 11 25 16 20
27 10 5 4 13 8 15 13 20 14 18 21 27 22 18 6 7 18 16 0 20 18 11 19 21 17 19 16 8 14 4 27
11 11 15 21 18 17 20 18 16 10 21 11 10 3 12 21 24 17 9 20 0 12 10 23 26 19 25 16 12 24 18 11
11 16 15 17 9 20 10 9 4 6 10 3 11 11 0 16 19 5 18 18 12 0 9 12 14 8 14 5 12 14 14 11
17 8 6 11 9 12 12 9 12 4 14 11 16 11 9 10 14 11 11 11 10 9 0 16 18 12 17 9 3 14 8 17
22 23 18 16 7 25 4 7 9 14 2 14 22 23 12 14 15 7 27 19 23 12 16 0 2 4 3 7 17 7 15 22
24 25 20 17 9 27 7 9 11 16 4 16 24 25 14 15 17 9 29 21 26 14 18 2 0 6 3 10 19 8 17 24
19 19 15 14 4 22 3 4 6 10 2 11 18 19 8 12 14 3 23 17 19 8 12 4 6 0 6 3 13 7 13 19
25 24 19 15 8 25 6 8 12 16 5 17 25 25 14 13 14 10 28 19 25 14 17 3 3 6 0 10 18 5 15 25
16 17 13 13 4 20 5 4 4 7 5 8 16 16 5 12 14 2 20 16 16 5 9 7 10 3 10 0 11 9 11 16
19 6 4 9 10 9 12 10 14 6 15 13 19 13 12 9 12 13 11 8 12 12 3 17 19 13 18 11 0 14 6 19
26 20 14 10 6 21 5 6 13 14 7 17 25 24 14 8 9 10 25 14 24 14 14 7 8 7 5 9 14 0 10 26
24 11 4 3 8 11 10 9 16 10 14 17 23 19 14 3 6 14 16 4 18 14 8 15 17 13 15 11 6 10 0 24
0 21 23 27 20 27 21 20 14 14 20 8 1 8 11 26 29 16 20 27 11 11 17 22 24 19 25 16 19 26 24 0
,
0 38 47 65 56 32 24 41 22 31 58 9 1 23 12 44 32 33 32 37 26 31 34 36 42 55 45 22 49 75 30 0
32 0 18 22 34 12 33 17 43 13 45 19 56 31 28 25 47 25 8 12 18 30 16 43 54 30 48 19 9 28 12 43
35 10 0 20 25 15 32 28 43 17 42 45 32 25 20 19 21 30 14 9 33 40 10 42 39 37 22 31 9 42 11 37
78 27 16 0 27 19 18 16 37 23 43 24 49 50 26 5 7 22 38 6 58 22 23 24 39 38 28 37 27 16 7 35
22 17 27 27 0 27 6 1 20 19 7 32 55 39 25 18 29 8 26 34 48 23 18 17 20 11 10 11 11 15 23 49
54 10 8 19 21 0 33 47 26 21 56 45 68 32 61 29 41 52 30 23 41 28 33 66 81 54 47 54 18 44 24 33
33 28 38 24 3 23 0 2 10 15 7 28 56 30 15 19 19 13 33 19 51 21 21 10 19 7 12 9 22 7 15 29
55 34 15 23 1 45 5 0 18 10 8 26 37 30 13 17 20 13 27 21 39 15 25 10 21 5 13 11 24 10 13 37
20 30 46 28 11 68 17 25 0 12 15 13 28 23 8 26 36 4 45 46 45 4 22 17 26 14 29 9 28 29 43 23
20 11 22 27 12 43 14 10 18 0 36 18 16 26 10 29 41 11 27 28 22 6 4 30 20 20 29 19 10 21 17 30
22 22 17 26 6 33 10 15 7 30 0 35 54 30 13 20 29 8 26 49 31 19 39 5 7 3 11 9 26 18 40 39
16 49 31 41 14 37 33 31 8 20 34 0 11 16 8 54 49 17 25 28 29 8 26 30 37 19 41 20 39 51 33 13
2 32 26 56 50 74 52 49 20 38 39 18 0 10 29 40 39 35 20 27 25 15 44 36 69 39 47 18 42 40 59 1
12 31 38 31 53 45 54 24 25 18 43 12 20 0 21 41 58 22 11 59 3 32 31 32 57 43 48 19 30 46 45 12
22 22 23 40 15 42 18 26 6 8 12 4 13 27 0 46 49 6 32 46 21 0 14 25 15 19 43 6 13 17 16 29
27 27 16 3 17 26 13 16 43 33 36 51 56 62 21 0 6 27 55 8 40 33 20 40 30 19 32 15 24 10 5 73
65 40 21 9 19 36 30 24 43 24 42 30 71 28 39 7 0 33 37 12 42 51 34 18 23 37 33 18 22 13 9 42
28 48 21 31 10 42 13 12 3 12 10 11 17 25 12 22 42 0 56 26 34 8 12 19 22 5 27 3 26 30 18 41
39 17 36 26 51 24 49 49 64 15 43 39 24 18 53 42 55 29 0 42 21 29 32 65 75 27 75 42 20 41 40 41
33 19 8 5 16 8 39 15 43 26 47 46 42 22 54 14 14 53 46 0 58 43 15 25 52 31 28 37 17 18 9 30
26 17 45 41 47 32 58 36 40 20 51 14 12 3 24 58 63 27 20 42 0 33 16 55 44 21 33 38 35 57 29 22
15 20 28 33 17 42 12 23 6 11 22 8 15 33 0 43 35 5 19 39 16 0 15 27 28 23 26 6 20 21 34 17
31 12 11 30 24 26 29 26 26 6 29 30 42 27 15 16 19 32 19 20 27 19 0 31 27 32 28 22 7 15 14 18
40 39 28 25 8 32 5 19 23 24 5 27 59 62 28 18 42 11 39 30 28 23 16 0 6 7 9 17 33 14 28 23
38 33 46 19 15 39 10 26 23 29 7 29 29 68 21 37 24 26 59 22 31 28 45 4 0 19 7 17 32 23 42 66
41 21 40 21 5 65 7 12 11 25 2 15 33 27 9 30 38 9 26 45 57 19 21 4 18 0 11 7 34 16 18 21
69 49 43 25 9 75 11 10 17 48 9 40 43 71 41 17 27 10 52 32 74 33 46 10 6 8 0 11 26 8 15 47
33 44 36 37 11 23 8 7 11 7 15 18 44 37 10 21 23 3 40 37 36 10 23 18 11 8 20 0 12 17 16 41
56 17 10 16 15 13 26 20 22 18 44 25 32 25 27 13 29 21 24 24 35 28 3 26 34 21 22 17 0 26 11 39
31 49 20 14 15 28 10 9 23 25 10 35 73 67 25 9 20 28 71 31 42 28 24 8 19 10 6 20 35 0 29 60
55 18 6 4 10 21 22 13 16 19 33 20 61 39 41 8 16 21 19 11 44 35 13 37 44 33 38 24 12 18 0 59
0 49 65 76 30 52 35 43 24 23 21 14 2 14 12 30 70 25 24 54 20 27 21 29 36 33 33 22 58 35 51 0