5
30
,
0 (15.0, 40.0) 33.0
1 (27.0, 37.0) 61.0
2 (41.0, 36.0) 77.0
3 (37.0, 17.0) 46.0
4 (21.0, 49.0) 75.0
5 (40.0, 13.0) 65.0
6 (37.0, 16.0) 37.0
7 (27.0, 3.0) 43.0
8 (20.0, 19.0) 45.0
9 (40.0, 6.0) 31.0
10 (16.0, 5.0) 31.0
11 (1.0, 1.0) 57.0
12 (0.0, 17.0) 78.0
13 (21.0, 8.0) 54.0
14 (41.0, 32.0) 38.0
15 (47.0, 35.0) 34.0
16 (31.0, 6.0) 70.0
17 (3.0, 39.0) 72.0
18 (35.0, 42.0) 60.0
19 (1.0, 22.0) 71.0
20 (21.0, 8.0) 45.0
21 (21.0, 26.0) 73.0
22 (44.0, 5.0) 35.0
23 (48.0, 2.0) 42.0
24 (37.0, 8.0) 55.0
25 (50.0, 8.0) 30.0
26 (31.0, 11.0) 42.0
27 (23.0, 31.0) 63.0
28 (48.0, 18.0) 36.0
29 (35.0, 33.0) 62.0
,
0 21 23 27 20 27 21 20 14 14 20 8 1 8 11 26 29 16 20 27 11 11 17 22 24 19 25 16 19 26 24 0
21 0 6 13 16 5 18 16 19 11 21 18 21 14 16 14 16 19 6 10 11 16 8 23 25 19 24 17 6 20 11 21
23 6 0 7 11 7 14 12 17 10 17 17 22 17 15 7 10 16 12 5 15 15 6 18 20 15 19 13 4 14 4 23
27 13 7 0 10 12 12 10 18 14 15 20 27 23 17 2 3 16 19 4 21 17 11 16 17 14 15 13 9 10 3 27
20 16 11 10 0 18 2 0 9 9 6 12 20 18 9 8 10 6 20 13 18 9 9 7 9 4 8 4 10 6 8 20
27 5 7 12 18 0 20 18 23 15 24 22 26 19 20 13 15 22 10 8 17 20 12 25 27 22 25 20 9 21 11 27
21 18 14 12 2 20 0 2 8 10 4 13 20 20 10 10 12 6 23 15 20 10 12 4 7 3 6 5 12 5 10 21
20 16 12 10 0 18 2 0 8 9 5 12 20 19 9 8 11 6 21 13 18 9 9 7 9 4 8 4 10 6 9 20
14 19 17 18 9 23 8 8 0 9 7 6 13 15 4 16 19 2 22 20 16 4 12 9 11 6 12 4 14 13 16 14
14 11 10 14 9 15 10 9 9 0 12 7 13 10 6 12 16 9 13 14 10 6 4 14 16 10 16 7 6 14 10 14
20 21 17 15 6 24 4 5 7 12 0 12 20 21 10 13 15 4 25 18 21 10 14 2 4 2 5 5 15 7 14 20
8 18 17 20 12 22 13 12 6 7 12 0 8 10 3 18 22 8 18 21 11 3 11 14 16 11 17 8 13 17 17 8
1 21 22 27 20 26 20 20 13 13 20 8 0 8 11 25 29 15 19 27 10 11 16 22 24 18 25 16 19 25 23 1
8 14 17 23 18 19 20 19 15 10 21 10 8 0 11 22 25 16 11 22 3 11 11 23 25 19 25 16 13 24 19 8
11 16 15 17 9 20 10 9 4 6 10 3 11 11 0 16 19 5 18 18 12 0 9 12 14 8 14 5 12 14 14 11
26 14 7 2 8 13 10 8 16 12 13 18 25 22 16 0 3 14 19 6 21 16 10 14 15 12 13 12 9 8 3 26
29 16 10 3 10 15 12 11 19 16 15 22 29 25 19 3 0 17 22 7 24 19 14 15 17 14 14 14 12 9 6 29
16 19 16 16 6 22 6 6 2 9 4 8 15 16 5 14 17 0 22 18 17 5 11 7 9 3 10 2 13 10 14 16
20 6 12 19 20 10 23 21 22 13 25 18 19 11 18 19 22 22 0 16 9 18 11 27 29 23 28 20 11 25 16 20
27 10 5 4 13 8 15 13 20 14 18 21 27 22 18 6 7 18 16 0 20 18 11 19 21 17 19 16 8 14 4 27
11 11 15 21 18 17 20 18 16 10 21 11 10 3 12 21 24 17 9 20 0 12 10 23 26 19 25 16 12 24 18 11
11 16 15 17 9 20 10 9 4 6 10 3 11 11 0 16 19 5 18 18 12 0 9 12 14 8 14 5 12 14 14 11
17 8 6 11 9 12 12 9 12 4 14 11 16 11 9 10 14 11 11 11 10 9 0 16 18 12 17 9 3 14 8 17
22 23 18 16 7 25 4 7 9 14 2 14 22 23 12 14 15 7 27 19 23 12 16 0 2 4 3 7 17 7 15 22
24 25 20 17 9 27 7 9 11 16 4 16 24 25 14 15 17 9 29 21 26 14 18 2 0 6 3 10 19 8 17 24
19 19 15 14 4 22 3 4 6 10 2 11 18 19 8 12 14 3 23 17 19 8 12 4 6 0 6 3 13 7 13 19
25 24 19 15 8 25 6 8 12 16 5 17 25 25 14 13 14 10 28 19 25 14 17 3 3 6 0 10 18 5 15 25
16 17 13 13 4 20 5 4 4 7 5 8 16 16 5 12 14 2 20 16 16 5 9 7 10 3 10 0 11 9 11 16
19 6 4 9 10 9 12 10 14 6 15 13 19 13 12 9 12 13 11 8 12 12 3 17 19 13 18 11 0 14 6 19
26 20 14 10 6 21 5 6 13 14 7 17 25 24 14 8 9 10 25 14 24 14 14 7 8 7 5 9 14 0 10 26
24 11 4 3 8 11 10 9 16 10 14 17 23 19 14 3 6 14 16 4 18 14 8 15 17 13 15 11 6 10 0 24
0 21 23 27 20 27 21 20 14 14 20 8 1 8 11 26 29 16 20 27 11 11 17 22 24 19 25 16 19 26 24 0
,
0 59 34 30 58 69 58 30 38 40 22 11 1 22 14 62 77 32 27 40 11 13 47 64 29 30 76 36 54 36 28 0
48 0 15 28 34 10 54 45 48 14 60 32 56 23 39 14 28 24 18 14 31 37 8 24 44 33 34 44 12 20 17 39
31 11 0 16 21 14 18 16 22 13 50 41 64 20 36 21 23 26 16 14 17 16 14 31 56 29 49 16 7 21 8 30
67 27 10 0 28 24 26 20 34 23 36 40 63 43 42 5 4 44 37 9 49 24 11 44 22 26 22 18 11 21 5 44
54 30 26 23 0 51 3 1 10 14 16 28 56 51 23 9 21 17 52 20 45 19 16 16 24 11 16 9 28 9 11 52
63 15 8 15 44 0 27 53 39 25 45 28 33 30 30 20 19 63 25 20 39 59 14 36 78 25 45 55 23 46 22 79
36 49 35 32 6 60 0 6 19 30 6 28 45 50 22 17 14 16 27 17 48 28 16 8 15 8 14 13 15 6 19 35
25 19 15 31 1 19 6 0 21 25 6 32 45 34 21 16 31 16 52 36 42 23 14 19 26 10 15 9 25 16 12 48
26 38 42 40 19 34 19 17 0 14 14 12 23 30 8 41 44 6 31 33 22 11 26 11 29 14 22 12 28 34 33 36
35 13 21 28 15 25 11 23 13 0 24 22 14 17 6 26 28 22 23 29 24 13 5 22 32 14 25 9 8 27 21 29
39 21 46 43 15 42 5 15 13 14 0 24 25 43 24 30 34 8 73 51 50 27 27 6 11 5 13 15 15 13 41 36
10 24 28 40 16 63 19 19 9 12 19 0 20 19 5 45 36 13 36 36 27 6 19 35 19 24 27 16 25 26 30 20
1 33 50 66 53 41 58 29 23 32 29 18 0 16 25 70 38 15 56 38 28 23 42 43 55 40 44 41 44 51 53 2
18 14 29 37 35 40 44 34 20 19 36 18 22 0 33 36 45 40 24 49 6 30 27 28 38 43 70 23 30 67 41 14
21 45 32 26 27 43 27 12 9 10 25 4 28 19 0 34 27 6 38 49 19 0 9 19 30 8 33 10 22 20 18 14
77 21 13 2 22 33 15 21 30 17 15 28 72 50 26 0 8 27 36 13 30 42 24 22 41 35 20 28 11 11 8 59
79 24 16 3 18 43 19 21 51 28 16 39 51 42 46 8 0 27 32 15 24 49 31 27 26 33 29 31 14 14 17 55
31 54 23 19 19 53 14 8 4 11 12 9 34 45 9 37 32 0 48 19 49 8 22 19 12 9 16 4 39 11 27 19
35 16 13 40 23 21 68 41 60 21 42 19 34 12 36 48 38 45 0 43 12 39 20 73 61 29 29 39 12 52 34 46
42 23 7 12 28 16 38 21 59 21 35 54 59 59 42 7 15 51 35 0 52 43 13 29 28 18 42 21 20 32 12 77
18 26 27 22 37 46 49 29 16 13 32 22 26 5 26 34 32 31 19 46 0 29 24 51 29 54 63 41 29 45 47 20
31 47 37 37 23 48 19 17 9 10 17 6 30 25 0 40 42 12 47 33 18 0 10 26 31 19 19 15 33 30 26 12
22 15 7 14 12 20 13 15 18 5 30 13 29 14 27 27 36 23 12 18 30 16 0 22 50 32 37 12 7 21 16 34
36 68 29 38 10 58 5 10 14 19 3 30 44 68 21 14 19 16 65 40 59 15 46 0 4 6 6 16 36 9 43 57
71 67 26 42 18 70 14 20 31 44 11 31 44 63 15 33 19 10 68 58 43 16 34 5 0 9 8 21 45 22 39 28
38 50 43 25 6 29 6 8 6 19 3 23 20 30 19 23 35 7 45 28 26 17 32 8 13 0 18 4 17 10 33 30
60 38 31 35 8 39 10 14 15 32 7 30 29 58 17 18 18 21 35 44 57 20 37 8 6 15 0 13 39 14 27 40
22 39 32 32 12 50 12 11 6 16 7 22 28 21 10 31 29 5 56 43 40 6 26 21 16 5 25 0 24 25 19 43
48 8 8 18 15 15 32 19 41 8 34 20 28 22 20 22 14 21 28 15 26 20 6 36 24 31 22 28 0 40 11 40
54 58 26 28 15 45 10 13 15 33 17 40 52 53 26 14 13 19 27 23 36 15 40 10 12 15 12 20 36 0 24 38
64 19 11 10 15 30 23 17 29 26 32 44 45 30 28 5 17 15 48 11 43 28 8 22 33 25 37 13 8 16 0 61
0 37 65 70 46 49 28 57 34 32 40 23 1 18 16 67 31 32 45 45 16 16 41 43 57 53 50 36 46 56 35 0