5
30
,
0 (15.0, 40.0) 56.0
1 (27.0, 37.0) 31.0
2 (41.0, 36.0) 32.0
3 (37.0, 17.0) 37.0
4 (21.0, 49.0) 65.0
5 (40.0, 13.0) 90.0
6 (37.0, 16.0) 48.0
7 (27.0, 3.0) 49.0
8 (20.0, 19.0) 87.0
9 (40.0, 6.0) 84.0
10 (16.0, 5.0) 90.0
11 (1.0, 1.0) 86.0
12 (0.0, 17.0) 32.0
13 (21.0, 8.0) 45.0
14 (41.0, 32.0) 62.0
15 (47.0, 35.0) 34.0
16 (31.0, 6.0) 49.0
17 (3.0, 39.0) 53.0
18 (35.0, 42.0) 47.0
19 (1.0, 22.0) 64.0
20 (21.0, 8.0) 80.0
21 (21.0, 26.0) 45.0
22 (44.0, 5.0) 38.0
23 (48.0, 2.0) 71.0
24 (37.0, 8.0) 38.0
25 (50.0, 8.0) 37.0
26 (31.0, 11.0) 58.0
27 (23.0, 31.0) 38.0
28 (48.0, 18.0) 57.0
29 (35.0, 33.0) 52.0
,
0 21 23 27 20 27 21 20 14 14 20 8 1 8 11 26 29 16 20 27 11 11 17 22 24 19 25 16 19 26 24 0
21 0 6 13 16 5 18 16 19 11 21 18 21 14 16 14 16 19 6 10 11 16 8 23 25 19 24 17 6 20 11 21
23 6 0 7 11 7 14 12 17 10 17 17 22 17 15 7 10 16 12 5 15 15 6 18 20 15 19 13 4 14 4 23
27 13 7 0 10 12 12 10 18 14 15 20 27 23 17 2 3 16 19 4 21 17 11 16 17 14 15 13 9 10 3 27
20 16 11 10 0 18 2 0 9 9 6 12 20 18 9 8 10 6 20 13 18 9 9 7 9 4 8 4 10 6 8 20
27 5 7 12 18 0 20 18 23 15 24 22 26 19 20 13 15 22 10 8 17 20 12 25 27 22 25 20 9 21 11 27
21 18 14 12 2 20 0 2 8 10 4 13 20 20 10 10 12 6 23 15 20 10 12 4 7 3 6 5 12 5 10 21
20 16 12 10 0 18 2 0 8 9 5 12 20 19 9 8 11 6 21 13 18 9 9 7 9 4 8 4 10 6 9 20
14 19 17 18 9 23 8 8 0 9 7 6 13 15 4 16 19 2 22 20 16 4 12 9 11 6 12 4 14 13 16 14
14 11 10 14 9 15 10 9 9 0 12 7 13 10 6 12 16 9 13 14 10 6 4 14 16 10 16 7 6 14 10 14
20 21 17 15 6 24 4 5 7 12 0 12 20 21 10 13 15 4 25 18 21 10 14 2 4 2 5 5 15 7 14 20
8 18 17 20 12 22 13 12 6 7 12 0 8 10 3 18 22 8 18 21 11 3 11 14 16 11 17 8 13 17 17 8
1 21 22 27 20 26 20 20 13 13 20 8 0 8 11 25 29 15 19 27 10 11 16 22 24 18 25 16 19 25 23 1
8 14 17 23 18 19 20 19 15 10 21 10 8 0 11 22 25 16 11 22 3 11 11 23 25 19 25 16 13 24 19 8
11 16 15 17 9 20 10 9 4 6 10 3 11 11 0 16 19 5 18 18 12 0 9 12 14 8 14 5 12 14 14 11
26 14 7 2 8 13 10 8 16 12 13 18 25 22 16 0 3 14 19 6 21 16 10 14 15 12 13 12 9 8 3 26
29 16 10 3 10 15 12 11 19 16 15 22 29 25 19 3 0 17 22 7 24 19 14 15 17 14 14 14 12 9 6 29
16 19 16 16 6 22 6 6 2 9 4 8 15 16 5 14 17 0 22 18 17 5 11 7 9 3 10 2 13 10 14 16
20 6 12 19 20 10 23 21 22 13 25 18 19 11 18 19 22 22 0 16 9 18 11 27 29 23 28 20 11 25 16 20
27 10 5 4 13 8 15 13 20 14 18 21 27 22 18 6 7 18 16 0 20 18 11 19 21 17 19 16 8 14 4 27
11 11 15 21 18 17 20 18 16 10 21 11 10 3 12 21 24 17 9 20 0 12 10 23 26 19 25 16 12 24 18 11
11 16 15 17 9 20 10 9 4 6 10 3 11 11 0 16 19 5 18 18 12 0 9 12 14 8 14 5 12 14 14 11
17 8 6 11 9 12 12 9 12 4 14 11 16 11 9 10 14 11 11 11 10 9 0 16 18 12 17 9 3 14 8 17
22 23 18 16 7 25 4 7 9 14 2 14 22 23 12 14 15 7 27 19 23 12 16 0 2 4 3 7 17 7 15 22
24 25 20 17 9 27 7 9 11 16 4 16 24 25 14 15 17 9 29 21 26 14 18 2 0 6 3 10 19 8 17 24
19 19 15 14 4 22 3 4 6 10 2 11 18 19 8 12 14 3 23 17 19 8 12 4 6 0 6 3 13 7 13 19
25 24 19 15 8 25 6 8 12 16 5 17 25 25 14 13 14 10 28 19 25 14 17 3 3 6 0 10 18 5 15 25
16 17 13 13 4 20 5 4 4 7 5 8 16 16 5 12 14 2 20 16 16 5 9 7 10 3 10 0 11 9 11 16
19 6 4 9 10 9 12 10 14 6 15 13 19 13 12 9 12 13 11 8 12 12 3 17 19 13 18 11 0 14 6 19
26 20 14 10 6 21 5 6 13 14 7 17 25 24 14 8 9 10 25 14 24 14 14 7 8 7 5 9 14 0 10 26
24 11 4 3 8 11 10 9 16 10 14 17 23 19 14 3 6 14 16 4 18 14 8 15 17 13 15 11 6 10 0 24
0 21 23 27 20 27 21 20 14 14 20 8 1 8 11 26 29 16 20 27 11 11 17 22 24 19 25 16 19 26 24 0
,
0 26 43 78 50 51 45 23 21 38 57 17 2 16 20 61 67 32 24 44 24 15 47 23 47 26 68 25 49 69 66 0
39 0 17 39 38 15 28 29 45 12 54 48 48 17 22 40 39 27 13 26 21 36 18 33 34 25 44 30 16 43 17 44
42 11 0 9 21 10 36 32 33 22 19 29 62 24 41 21 17 20 21 11 17 24 18 46 33 29 41 14 8 22 11 46
77 36 19 0 28 23 12 18 22 26 38 49 57 44 36 5 9 40 25 8 39 48 23 26 50 36 39 18 14 26 10 59
35 31 27 27 0 46 6 1 11 24 7 17 48 48 23 11 19 19 36 31 35 10 27 17 27 6 23 9 23 13 8 55
42 9 18 24 30 0 38 20 24 26 51 58 37 24 41 33 25 31 30 8 27 28 27 41 57 50 39 23 26 56 14 64
26 21 28 21 4 31 0 5 19 21 5 16 58 24 18 26 14 14 28 33 31 15 19 10 13 6 6 10 18 12 20 56
39 29 30 28 1 31 6 0 16 23 11 32 39 49 17 18 24 7 58 23 30 21 19 16 12 4 18 8 18 11 13 46
29 51 18 38 19 59 18 13 0 21 15 8 19 33 11 20 27 7 26 48 42 9 34 12 26 15 35 10 20 29 28 37
16 20 28 31 20 29 15 21 18 0 29 12 35 23 16 17 21 22 35 36 19 10 7 14 29 14 18 20 16 23 16 27
28 31 47 28 8 55 5 11 12 30 0 29 29 23 14 22 40 13 59 43 53 12 22 4 8 2 11 9 29 20 24 34
14 26 29 46 20 45 17 17 14 12 28 0 10 12 5 45 33 14 51 52 20 7 21 20 39 22 27 19 19 23 21 11
2 53 31 34 42 65 53 57 28 38 35 22 0 10 31 75 78 32 26 31 17 23 36 45 41 43 32 39 42 33 24 2
11 17 37 41 49 26 37 54 27 21 50 18 22 0 25 28 28 31 14 34 3 23 32 39 36 45 42 25 27 64 57 25
22 24 29 42 26 31 13 21 5 10 20 4 11 19 0 42 32 11 38 38 14 0 15 12 18 16 19 15 27 36 28 34
49 15 9 4 13 34 18 18 23 31 13 50 42 37 20 0 6 25 54 8 35 24 17 34 21 35 33 24 19 17 5 57
70 33 17 8 25 38 17 21 38 45 16 41 62 75 37 6 0 27 54 10 32 54 14 19 44 37 14 17 33 16 15 43
46 37 44 31 16 37 11 9 3 17 11 18 45 26 5 37 42 0 37 23 26 14 29 11 12 7 26 6 28 26 16 16
35 9 13 41 27 28 39 60 38 14 61 35 37 16 27 28 30 40 0 35 23 30 28 55 61 32 40 38 26 59 33 34
34 11 13 7 25 13 18 18 57 26 52 48 43 62 26 9 9 30 32 0 36 43 12 49 54 27 30 34 24 21 6 56
13 31 22 39 50 29 44 48 21 12 60 30 17 6 25 47 39 40 13 56 0 29 17 66 45 49 58 27 19 58 33 14
23 36 30 21 17 57 25 21 9 11 21 6 28 25 0 26 39 13 25 37 17 0 23 28 41 21 32 8 17 17 30 32
31 18 12 18 18 32 17 25 25 8 24 17 32 27 21 15 37 32 26 16 24 18 0 41 46 20 49 25 6 37 13 28
46 64 25 18 15 47 12 17 11 36 3 29 28 29 32 40 25 18 73 19 65 21 25 0 6 8 4 7 21 13 38 46
52 46 43 50 24 31 17 25 22 35 5 44 67 49 26 16 31 13 48 57 43 15 44 4 0 14 9 14 38 14 25 42
38 24 39 24 6 26 4 6 15 20 4 20 25 31 10 19 40 7 61 19 33 10 29 7 10 0 10 10 16 17 30 36
34 44 36 35 17 58 14 18 24 38 15 25 57 41 15 36 21 13 45 27 35 42 28 7 8 10 0 12 40 12 20 51
28 19 17 23 11 27 8 10 7 19 8 23 38 40 7 32 24 6 23 44 18 14 21 18 22 5 27 0 31 17 29 46
44 17 9 24 12 19 20 17 27 9 31 17 50 25 14 10 36 26 11 19 30 18 5 42 34 30 37 25 0 29 13 39
73 39 33 13 9 39 10 10 27 37 12 29 61 72 20 22 17 24 41 41 29 15 41 10 13 15 13 17 41 0 17 45
32 21 7 4 9 24 23 25 36 19 35 35 60 29 17 5 8 31 41 8 41 21 20 16 31 14 30 20 14 18 0 32
0 35 60 36 38 41 50 28 28 33 52 14 1 12 20 27 45 27 35 48 24 26 22 62 70 57 41 31 49 74 72 0