5
30
,
0 (15.0, 40.0) 69.0
1 (27.0, 37.0) 52.0
2 (41.0, 36.0) 42.0
3 (37.0, 17.0) 70.0
4 (21.0, 49.0) 57.0
5 (40.0, 13.0) 49.0
6 (37.0, 16.0) 56.0
7 (27.0, 3.0) 36.0
8 (20.0, 19.0) 63.0
9 (40.0, 6.0) 73.0
10 (16.0, 5.0) 39.0
11 (1.0, 1.0) 31.0
12 (0.0, 17.0) 87.0
13 (21.0, 8.0) 40.0
14 (41.0, 32.0) 85.0
15 (47.0, 35.0) 55.0
16 (31.0, 6.0) 57.0
17 (3.0, 39.0) 82.0
18 (35.0, 42.0) 43.0
19 (1.0, 22.0) 75.0
20 (21.0, 8.0) 39.0
21 (21.0, 26.0) 40.0
22 (44.0, 5.0) 87.0
23 (48.0, 2.0) 48.0
24 (37.0, 8.0) 50.0
25 (50.0, 8.0) 54.0
26 (31.0, 11.0) 31.0
27 (23.0, 31.0) 56.0
28 (48.0, 18.0) 79.0
29 (35.0, 33.0) 31.0
,
0 21 23 27 20 27 21 20 14 14 20 8 1 8 11 26 29 16 20 27 11 11 17 22 24 19 25 16 19 26 24 0
21 0 6 13 16 5 18 16 19 11 21 18 21 14 16 14 16 19 6 10 11 16 8 23 25 19 24 17 6 20 11 21
23 6 0 7 11 7 14 12 17 10 17 17 22 17 15 7 10 16 12 5 15 15 6 18 20 15 19 13 4 14 4 23
27 13 7 0 10 12 12 10 18 14 15 20 27 23 17 2 3 16 19 4 21 17 11 16 17 14 15 13 9 10 3 27
20 16 11 10 0 18 2 0 9 9 6 12 20 18 9 8 10 6 20 13 18 9 9 7 9 4 8 4 10 6 8 20
27 5 7 12 18 0 20 18 23 15 24 22 26 19 20 13 15 22 10 8 17 20 12 25 27 22 25 20 9 21 11 27
21 18 14 12 2 20 0 2 8 10 4 13 20 20 10 10 12 6 23 15 20 10 12 4 7 3 6 5 12 5 10 21
20 16 12 10 0 18 2 0 8 9 5 12 20 19 9 8 11 6 21 13 18 9 9 7 9 4 8 4 10 6 9 20
14 19 17 18 9 23 8 8 0 9 7 6 13 15 4 16 19 2 22 20 16 4 12 9 11 6 12 4 14 13 16 14
14 11 10 14 9 15 10 9 9 0 12 7 13 10 6 12 16 9 13 14 10 6 4 14 16 10 16 7 6 14 10 14
20 21 17 15 6 24 4 5 7 12 0 12 20 21 10 13 15 4 25 18 21 10 14 2 4 2 5 5 15 7 14 20
8 18 17 20 12 22 13 12 6 7 12 0 8 10 3 18 22 8 18 21 11 3 11 14 16 11 17 8 13 17 17 8
1 21 22 27 20 26 20 20 13 13 20 8 0 8 11 25 29 15 19 27 10 11 16 22 24 18 25 16 19 25 23 1
8 14 17 23 18 19 20 19 15 10 21 10 8 0 11 22 25 16 11 22 3 11 11 23 25 19 25 16 13 24 19 8
11 16 15 17 9 20 10 9 4 6 10 3 11 11 0 16 19 5 18 18 12 0 9 12 14 8 14 5 12 14 14 11
26 14 7 2 8 13 10 8 16 12 13 18 25 22 16 0 3 14 19 6 21 16 10 14 15 12 13 12 9 8 3 26
29 16 10 3 10 15 12 11 19 16 15 22 29 25 19 3 0 17 22 7 24 19 14 15 17 14 14 14 12 9 6 29
16 19 16 16 6 22 6 6 2 9 4 8 15 16 5 14 17 0 22 18 17 5 11 7 9 3 10 2 13 10 14 16
20 6 12 19 20 10 23 21 22 13 25 18 19 11 18 19 22 22 0 16 9 18 11 27 29 23 28 20 11 25 16 20
27 10 5 4 13 8 15 13 20 14 18 21 27 22 18 6 7 18 16 0 20 18 11 19 21 17 19 16 8 14 4 27
11 11 15 21 18 17 20 18 16 10 21 11 10 3 12 21 24 17 9 20 0 12 10 23 26 19 25 16 12 24 18 11
11 16 15 17 9 20 10 9 4 6 10 3 11 11 0 16 19 5 18 18 12 0 9 12 14 8 14 5 12 14 14 11
17 8 6 11 9 12 12 9 12 4 14 11 16 11 9 10 14 11 11 11 10 9 0 16 18 12 17 9 3 14 8 17
22 23 18 16 7 25 4 7 9 14 2 14 22 23 12 14 15 7 27 19 23 12 16 0 2 4 3 7 17 7 15 22
24 25 20 17 9 27 7 9 11 16 4 16 24 25 14 15 17 9 29 21 26 14 18 2 0 6 3 10 19 8 17 24
19 19 15 14 4 22 3 4 6 10 2 11 18 19 8 12 14 3 23 17 19 8 12 4 6 0 6 3 13 7 13 19
25 24 19 15 8 25 6 8 12 16 5 17 25 25 14 13 14 10 28 19 25 14 17 3 3 6 0 10 18 5 15 25
16 17 13 13 4 20 5 4 4 7 5 8 16 16 5 12 14 2 20 16 16 5 9 7 10 3 10 0 11 9 11 16
19 6 4 9 10 9 12 10 14 6 15 13 19 13 12 9 12 13 11 8 12 12 3 17 19 13 18 11 0 14 6 19
26 20 14 10 6 21 5 6 13 14 7 17 25 24 14 8 9 10 25 14 24 14 14 7 8 7 5 9 14 0 10 26
24 11 4 3 8 11 10 9 16 10 14 17 23 19 14 3 6 14 16 4 18 14 8 15 17 13 15 11 6 10 0 24
0 21 23 27 20 27 21 20 14 14 20 8 1 8 11 26 29 16 20 27 11 11 17 22 24 19 25 16 19 26 24 0
,
0 40 24 35 40 52 60 47 24 24 53 22 2 14 17 63 73 26 24 76 30 14 22 37 70 25 57 47 21 45 63 0
39 0 14 25 22 11 38 33 34 32 23 50 24 29 37 17 41 46 14 15 14 34 8 41 54 58 71 32 14 50 21 34
29 12 0 14 30 17 37 12 46 16 24 23 25 29 32 15 12 16 27 8 28 22 13 23 55 30 26 31 6 21 13 28
42 38 18 0 21 29 13 29 21 14 18 54 77 66 42 3 4 40 55 11 22 49 20 39 26 17 44 15 14 26 4 79
48 35 29 25 0 29 5 1 18 13 11 29 39 25 24 23 26 14 45 27 53 18 13 17 19 11 12 7 27 8 12 32
66 9 18 30 51 0 47 39 55 37 49 47 47 37 21 35 25 41 27 16 42 48 13 71 35 51 49 32 20 52 20 40
60 32 29 15 4 53 0 4 9 23 8 22 55 41 15 20 17 13 46 20 26 22 14 12 9 7 6 7 18 10 20 49
26 33 14 12 1 23 2 0 23 17 6 22 32 45 21 15 25 12 61 38 19 20 23 19 13 9 15 12 22 6 19 37
14 41 35 38 18 36 18 16 0 20 11 9 22 33 9 31 25 5 60 40 33 8 21 24 17 11 31 6 40 36 24 28
37 30 21 22 11 33 23 25 17 0 22 19 13 23 11 33 46 18 36 40 14 9 8 25 29 29 35 18 10 30 12 25
54 57 26 33 13 33 8 11 12 28 0 21 27 25 19 18 35 13 71 45 43 16 20 2 9 5 10 12 39 14 40 23
24 52 18 36 17 27 35 35 8 20 22 0 23 28 7 21 52 21 28 28 17 4 27 17 22 13 39 9 34 34 47 11
1 45 40 72 42 67 24 26 31 26 32 15 0 18 11 28 85 18 37 58 17 24 40 51 58 31 66 30 39 45 45 1
16 23 41 43 54 41 49 55 31 16 61 26 23 0 32 37 69 21 30 48 4 32 32 48 57 21 49 40 22 50 34 24
31 30 17 20 21 60 13 17 6 6 23 5 25 23 0 42 31 14 35 31 22 0 21 15 28 13 40 11 22 42 37 21
31 40 18 5 15 14 17 12 19 16 30 54 55 28 21 0 8 39 38 15 31 39 19 21 16 31 15 22 10 21 4 44
35 20 27 7 22 35 16 32 26 26 30 32 48 71 28 10 0 34 59 18 54 35 27 35 47 28 35 26 18 24 8 30
47 26 18 30 9 36 15 17 7 11 8 12 39 33 7 25 24 0 55 48 46 6 17 19 15 6 18 5 16 13 14 38
43 16 27 37 45 13 29 40 60 31 65 49 24 30 27 22 53 59 0 41 17 49 12 55 39 46 36 48 32 34 29 29
76 26 7 5 34 10 21 35 58 33 45 26 65 31 22 16 10 41 36 0 48 43 18 45 31 17 27 27 21 16 11 31
28 27 26 44 42 23 56 51 38 18 26 22 28 3 15 27 61 44 24 53 0 21 21 48 30 32 39 34 25 25 24 14
22 47 43 42 18 56 24 24 11 7 18 6 23 18 0 32 47 6 31 45 14 0 19 23 35 15 34 9 26 20 18 33
18 13 8 11 19 27 25 13 13 6 38 22 41 18 20 25 21 30 16 22 19 15 0 35 44 26 21 9 3 18 18 39
32 52 34 26 8 61 13 11 26 37 3 16 58 26 32 19 19 14 35 56 60 35 47 0 5 10 6 10 37 16 33 47
29 68 60 34 17 50 8 16 16 40 8 31 60 47 25 37 22 26 59 44 75 33 53 5 0 13 8 17 55 11 49 61
25 39 33 23 10 63 4 7 11 12 5 17 22 24 13 25 24 4 34 39 42 9 26 11 11 0 8 9 32 8 31 25
39 70 38 23 17 36 11 19 28 17 13 25 38 58 27 26 20 24 32 36 38 23 25 4 8 14 0 15 44 10 30 28
25 26 17 29 7 28 13 4 7 9 6 10 21 30 14 12 16 4 36 20 32 13 25 10 10 6 15 0 13 25 31 28
41 11 9 21 23 25 19 29 28 14 22 38 40 21 27 23 26 27 12 20 25 35 5 18 44 28 44 22 0 33 18 26
59 34 19 16 6 48 12 12 33 23 19 26 63 62 19 12 23 24 53 33 28 24 30 19 24 15 12 25 21 0 11 26
71 22 9 6 24 12 13 23 29 13 28 49 61 49 35 4 10 19 23 8 32 26 10 43 26 24 25 30 16 13 0 52
0 48 44 29 48 77 53 29 35 14 26 9 2 25 14 65 31 35 21 38 20 31 46 55 69 51 54 33 42 40 58 0