5
30
,
0 (15.0, 40.0) 37.0
1 (27.0, 37.0) 43.0
2 (41.0, 36.0) 62.0
3 (37.0, 17.0) 41.0
4 (21.0, 49.0) 77.0
5 (40.0, 13.0) 60.0
6 (37.0, 16.0) 45.0
7 (27.0, 3.0) 52.0
8 (20.0, 19.0) 54.0
9 (40.0, 6.0) 57.0
10 (16.0, 5.0) 43.0
11 (1.0, 1.0) 32.0
12 (0.0, 17.0) 49.0
13 (21.0, 8.0) 63.0
14 (41.0, 32.0) 83.0
15 (47.0, 35.0) 50.0
16 (31.0, 6.0) 34.0
17 (3.0, 39.0) 50.0
18 (35.0, 42.0) 89.0
19 (1.0, 22.0) 61.0
20 (21.0, 8.0) 46.0
21 (21.0, 26.0) 56.0
22 (44.0, 5.0) 60.0
23 (48.0, 2.0) 37.0
24 (37.0, 8.0) 40.0
25 (50.0, 8.0) 60.0
26 (31.0, 11.0) 59.0
27 (23.0, 31.0) 89.0
28 (48.0, 18.0) 57.0
29 (35.0, 33.0) 76.0
,
0 21 23 27 20 27 21 20 14 14 20 8 1 8 11 26 29 16 20 27 11 11 17 22 24 19 25 16 19 26 24 0
21 0 6 13 16 5 18 16 19 11 21 18 21 14 16 14 16 19 6 10 11 16 8 23 25 19 24 17 6 20 11 21
23 6 0 7 11 7 14 12 17 10 17 17 22 17 15 7 10 16 12 5 15 15 6 18 20 15 19 13 4 14 4 23
27 13 7 0 10 12 12 10 18 14 15 20 27 23 17 2 3 16 19 4 21 17 11 16 17 14 15 13 9 10 3 27
20 16 11 10 0 18 2 0 9 9 6 12 20 18 9 8 10 6 20 13 18 9 9 7 9 4 8 4 10 6 8 20
27 5 7 12 18 0 20 18 23 15 24 22 26 19 20 13 15 22 10 8 17 20 12 25 27 22 25 20 9 21 11 27
21 18 14 12 2 20 0 2 8 10 4 13 20 20 10 10 12 6 23 15 20 10 12 4 7 3 6 5 12 5 10 21
20 16 12 10 0 18 2 0 8 9 5 12 20 19 9 8 11 6 21 13 18 9 9 7 9 4 8 4 10 6 9 20
14 19 17 18 9 23 8 8 0 9 7 6 13 15 4 16 19 2 22 20 16 4 12 9 11 6 12 4 14 13 16 14
14 11 10 14 9 15 10 9 9 0 12 7 13 10 6 12 16 9 13 14 10 6 4 14 16 10 16 7 6 14 10 14
20 21 17 15 6 24 4 5 7 12 0 12 20 21 10 13 15 4 25 18 21 10 14 2 4 2 5 5 15 7 14 20
8 18 17 20 12 22 13 12 6 7 12 0 8 10 3 18 22 8 18 21 11 3 11 14 16 11 17 8 13 17 17 8
1 21 22 27 20 26 20 20 13 13 20 8 0 8 11 25 29 15 19 27 10 11 16 22 24 18 25 16 19 25 23 1
8 14 17 23 18 19 20 19 15 10 21 10 8 0 11 22 25 16 11 22 3 11 11 23 25 19 25 16 13 24 19 8
11 16 15 17 9 20 10 9 4 6 10 3 11 11 0 16 19 5 18 18 12 0 9 12 14 8 14 5 12 14 14 11
26 14 7 2 8 13 10 8 16 12 13 18 25 22 16 0 3 14 19 6 21 16 10 14 15 12 13 12 9 8 3 26
29 16 10 3 10 15 12 11 19 16 15 22 29 25 19 3 0 17 22 7 24 19 14 15 17 14 14 14 12 9 6 29
16 19 16 16 6 22 6 6 2 9 4 8 15 16 5 14 17 0 22 18 17 5 11 7 9 3 10 2 13 10 14 16
20 6 12 19 20 10 23 21 22 13 25 18 19 11 18 19 22 22 0 16 9 18 11 27 29 23 28 20 11 25 16 20
27 10 5 4 13 8 15 13 20 14 18 21 27 22 18 6 7 18 16 0 20 18 11 19 21 17 19 16 8 14 4 27
11 11 15 21 18 17 20 18 16 10 21 11 10 3 12 21 24 17 9 20 0 12 10 23 26 19 25 16 12 24 18 11
11 16 15 17 9 20 10 9 4 6 10 3 11 11 0 16 19 5 18 18 12 0 9 12 14 8 14 5 12 14 14 11
17 8 6 11 9 12 12 9 12 4 14 11 16 11 9 10 14 11 11 11 10 9 0 16 18 12 17 9 3 14 8 17
22 23 18 16 7 25 4 7 9 14 2 14 22 23 12 14 15 7 27 19 23 12 16 0 2 4 3 7 17 7 15 22
24 25 20 17 9 27 7 9 11 16 4 16 24 25 14 15 17 9 29 21 26 14 18 2 0 6 3 10 19 8 17 24
19 19 15 14 4 22 3 4 6 10 2 11 18 19 8 12 14 3 23 17 19 8 12 4 6 0 6 3 13 7 13 19
25 24 19 15 8 25 6 8 12 16 5 17 25 25 14 13 14 10 28 19 25 14 17 3 3 6 0 10 18 5 15 25
16 17 13 13 4 20 5 4 4 7 5 8 16 16 5 12 14 2 20 16 16 5 9 7 10 3 10 0 11 9 11 16
19 6 4 9 10 9 12 10 14 6 15 13 19 13 12 9 12 13 11 8 12 12 3 17 19 13 18 11 0 14 6 19
26 20 14 10 6 21 5 6 13 14 7 17 25 24 14 8 9 10 25 14 24 14 14 7 8 7 5 9 14 0 10 26
24 11 4 3 8 11 10 9 16 10 14 17 23 19 14 3 6 14 16 4 18 14 8 15 17 13 15 11 6 10 0 24
0 21 23 27 20 27 21 20 14 14 20 8 1 8 11 26 29 16 20 27 11 11 17 22 24 19 25 16 19 26 24 0
,
0 49 53 74 21 68 49 41 32 33 49 8 2 18 16 65 82 38 42 39 28 31 23 65 61 41 70 47 55 33 63 0
47 0 11 26 44 15 22 45 37 19 53 36 22 33 32 22 45 34 14 24 33 38 17 52 69 27 28 41 7 42 26 54
61 14 0 20 15 16 22 30 39 22 21 48 38 19 33 15 29 31 27 11 40 33 8 44 40 30 42 28 5 29 13 49
44 34 17 0 17 25 25 28 33 28 37 29 56 26 23 4 4 31 45 8 29 19 24 19 44 42 21 27 24 12 4 65
21 28 23 21 0 27 4 1 18 12 10 18 55 33 27 15 13 17 31 13 46 20 24 16 20 13 21 9 28 9 22 49
75 12 20 16 46 0 24 34 50 28 42 49 51 41 44 19 44 32 22 14 43 47 12 53 41 42 38 56 24 45 16 58
25 23 39 14 6 52 0 3 24 21 8 18 55 23 17 17 16 15 45 29 31 28 25 9 17 8 12 11 27 6 29 60
34 17 30 22 1 44 6 0 12 24 9 15 58 44 19 15 19 17 40 13 25 10 20 14 9 4 15 4 13 12 19 37
29 22 21 46 11 65 21 22 0 14 11 10 13 36 11 42 46 3 52 42 20 10 35 16 16 12 30 6 27 18 19 21
20 19 25 36 22 22 29 16 25 0 15 9 31 17 6 26 17 21 38 29 21 8 7 36 18 30 26 8 18 15 25 16
34 47 29 19 11 34 8 15 11 25 0 35 23 61 23 30 26 5 64 20 40 15 31 5 6 3 13 8 37 12 32 47
19 52 43 52 33 29 21 29 6 16 35 0 19 26 7 44 25 11 52 35 31 4 28 17 38 29 27 11 15 47 32 19
2 38 63 41 41 63 61 20 36 28 59 11 0 13 11 63 59 28 42 44 30 26 22 64 45 24 64 35 52 26 52 2
18 30 47 57 21 21 32 31 30 23 50 20 19 0 16 37 63 24 13 35 3 14 21 55 37 42 39 37 19 28 42 16
27 30 22 40 11 57 17 24 5 13 20 4 22 22 0 22 37 9 28 27 15 0 20 20 22 13 15 11 27 34 33 21
56 23 14 3 13 21 18 14 19 22 21 41 55 49 46 0 5 34 48 15 23 23 21 22 45 16 20 25 23 9 9 57
65 46 28 6 23 21 16 27 25 32 23 29 79 26 53 8 0 42 29 16 25 51 25 42 23 20 33 43 36 16 13 56
29 46 19 30 16 49 13 12 5 14 13 11 28 48 14 22 39 0 23 38 37 14 18 19 26 9 19 7 37 25 36 27
49 7 12 36 21 23 35 52 29 26 43 39 27 14 36 31 58 27 0 32 23 26 15 31 29 68 30 22 21 36 46 41
49 27 13 5 33 14 38 31 53 23 42 27 63 57 30 11 9 38 27 0 28 22 23 19 40 44 50 16 9 26 7 73
28 20 37 61 25 21 34 40 32 20 37 31 12 3 30 37 29 48 17 55 0 24 14 54 50 40 57 42 20 62 21 13
30 18 27 23 10 48 22 16 5 6 12 5 24 28 0 46 39 11 20 47 31 0 20 23 30 11 28 13 12 28 36 32
25 20 10 17 24 26 15 12 20 6 36 13 35 30 11 22 16 16 31 30 20 12 0 23 29 16 26 10 4 30 10 33
42 56 25 22 19 50 8 16 16 31 4 19 61 28 32 15 23 15 44 31 40 17 19 0 5 5 4 15 43 19 17 41
35 47 22 44 23 74 19 23 18 28 11 38 38 64 24 46 48 16 82 39 33 26 35 3 0 8 5 20 55 17 27 54
41 42 43 38 6 34 6 6 7 25 3 11 48 54 17 32 30 6 63 24 56 17 33 6 14 0 15 4 40 19 21 49
72 64 45 34 19 50 12 13 24 26 10 26 46 46 41 14 15 28 74 48 75 36 45 6 7 18 0 22 28 5 26 65
19 17 28 33 12 38 11 10 7 16 5 9 24 32 6 21 22 4 58 31 39 6 24 9 28 7 21 0 17 15 12 32
33 18 11 27 23 15 32 24 26 18 43 30 51 20 19 27 34 32 16 22 22 30 8 25 52 28 30 21 0 18 17 53
40 32 36 15 12 45 12 12 35 39 10 41 27 58 25 13 14 22 68 29 66 40 15 19 19 14 10 11 36 0 21 51
38 15 5 8 17 23 16 11 33 27 19 24 38 21 22 4 13 16 48 11 52 36 16 25 48 29 21 22 13 13 0 71
0 31 31 75 29 64 25 44 22 27 43 19 2 20 29 49 88 16 54 44 14 15 32 65 24 31 48 22 37 61 35 0