5
30
,
0 (15.0, 40.0) 46.0
1 (27.0, 37.0) 35.0
2 (41.0, 36.0) 54.0
3 (37.0, 17.0) 32.0
4 (21.0, 49.0) 60.0
5 (40.0, 13.0) 85.0
6 (37.0, 16.0) 33.0
7 (27.0, 3.0) 54.0
8 (20.0, 19.0) 42.0
9 (40.0, 6.0) 56.0
10 (16.0, 5.0) 90.0
11 (1.0, 1.0) 67.0
12 (0.0, 17.0) 60.0
13 (21.0, 8.0) 35.0
14 (41.0, 32.0) 77.0
15 (47.0, 35.0) 39.0
16 (31.0, 6.0) 81.0
17 (3.0, 39.0) 55.0
18 (35.0, 42.0) 46.0
19 (1.0, 22.0) 46.0
20 (21.0, 8.0) 83.0
21 (21.0, 26.0) 55.0
22 (44.0, 5.0) 72.0
23 (48.0, 2.0) 90.0
24 (37.0, 8.0) 34.0
25 (50.0, 8.0) 68.0
26 (31.0, 11.0) 74.0
27 (23.0, 31.0) 70.0
28 (48.0, 18.0) 40.0
29 (35.0, 33.0) 47.0
,
0 21 23 27 20 27 21 20 14 14 20 8 1 8 11 26 29 16 20 27 11 11 17 22 24 19 25 16 19 26 24 0
21 0 6 13 16 5 18 16 19 11 21 18 21 14 16 14 16 19 6 10 11 16 8 23 25 19 24 17 6 20 11 21
23 6 0 7 11 7 14 12 17 10 17 17 22 17 15 7 10 16 12 5 15 15 6 18 20 15 19 13 4 14 4 23
27 13 7 0 10 12 12 10 18 14 15 20 27 23 17 2 3 16 19 4 21 17 11 16 17 14 15 13 9 10 3 27
20 16 11 10 0 18 2 0 9 9 6 12 20 18 9 8 10 6 20 13 18 9 9 7 9 4 8 4 10 6 8 20
27 5 7 12 18 0 20 18 23 15 24 22 26 19 20 13 15 22 10 8 17 20 12 25 27 22 25 20 9 21 11 27
21 18 14 12 2 20 0 2 8 10 4 13 20 20 10 10 12 6 23 15 20 10 12 4 7 3 6 5 12 5 10 21
20 16 12 10 0 18 2 0 8 9 5 12 20 19 9 8 11 6 21 13 18 9 9 7 9 4 8 4 10 6 9 20
14 19 17 18 9 23 8 8 0 9 7 6 13 15 4 16 19 2 22 20 16 4 12 9 11 6 12 4 14 13 16 14
14 11 10 14 9 15 10 9 9 0 12 7 13 10 6 12 16 9 13 14 10 6 4 14 16 10 16 7 6 14 10 14
20 21 17 15 6 24 4 5 7 12 0 12 20 21 10 13 15 4 25 18 21 10 14 2 4 2 5 5 15 7 14 20
8 18 17 20 12 22 13 12 6 7 12 0 8 10 3 18 22 8 18 21 11 3 11 14 16 11 17 8 13 17 17 8
1 21 22 27 20 26 20 20 13 13 20 8 0 8 11 25 29 15 19 27 10 11 16 22 24 18 25 16 19 25 23 1
8 14 17 23 18 19 20 19 15 10 21 10 8 0 11 22 25 16 11 22 3 11 11 23 25 19 25 16 13 24 19 8
11 16 15 17 9 20 10 9 4 6 10 3 11 11 0 16 19 5 18 18 12 0 9 12 14 8 14 5 12 14 14 11
26 14 7 2 8 13 10 8 16 12 13 18 25 22 16 0 3 14 19 6 21 16 10 14 15 12 13 12 9 8 3 26
29 16 10 3 10 15 12 11 19 16 15 22 29 25 19 3 0 17 22 7 24 19 14 15 17 14 14 14 12 9 6 29
16 19 16 16 6 22 6 6 2 9 4 8 15 16 5 14 17 0 22 18 17 5 11 7 9 3 10 2 13 10 14 16
20 6 12 19 20 10 23 21 22 13 25 18 19 11 18 19 22 22 0 16 9 18 11 27 29 23 28 20 11 25 16 20
27 10 5 4 13 8 15 13 20 14 18 21 27 22 18 6 7 18 16 0 20 18 11 19 21 17 19 16 8 14 4 27
11 11 15 21 18 17 20 18 16 10 21 11 10 3 12 21 24 17 9 20 0 12 10 23 26 19 25 16 12 24 18 11
11 16 15 17 9 20 10 9 4 6 10 3 11 11 0 16 19 5 18 18 12 0 9 12 14 8 14 5 12 14 14 11
17 8 6 11 9 12 12 9 12 4 14 11 16 11 9 10 14 11 11 11 10 9 0 16 18 12 17 9 3 14 8 17
22 23 18 16 7 25 4 7 9 14 2 14 22 23 12 14 15 7 27 19 23 12 16 0 2 4 3 7 17 7 15 22
24 25 20 17 9 27 7 9 11 16 4 16 24 25 14 15 17 9 29 21 26 14 18 2 0 6 3 10 19 8 17 24
19 19 15 14 4 22 3 4 6 10 2 11 18 19 8 12 14 3 23 17 19 8 12 4 6 0 6 3 13 7 13 19
25 24 19 15 8 25 6 8 12 16 5 17 25 25 14 13 14 10 28 19 25 14 17 3 3 6 0 10 18 5 15 25
16 17 13 13 4 20 5 4 4 7 5 8 16 16 5 12 14 2 20 16 16 5 9 7 10 3 10 0 11 9 11 16
19 6 4 9 10 9 12 10 14 6 15 13 19 13 12 9 12 13 11 8 12 12 3 17 19 13 18 11 0 14 6 19
26 20 14 10 6 21 5 6 13 14 7 17 25 24 14 8 9 10 25 14 24 14 14 7 8 7 5 9 14 0 10 26
24 11 4 3 8 11 10 9 16 10 14 17 23 19 14 3 6 14 16 4 18 14 8 15 17 13 15 11 6 10 0 24
0 21 23 27 20 27 21 20 14 14 20 8 1 8 11 26 29 16 20 27 11 11 17 22 24 19 25 16 19 26 24 0
,
0 39 26 35 28 42 44 36 36 37 52 19 1 24 22 76 51 45 47 48 13 28 43 50 42 52 72 46 49 29 34 0
33 0 10 35 45 13 24 23 52 20 49 30 43 34 23 28 34 24 9 18 32 47 14 37 47 41 53 18 13 42 23 45
59 10 0 18 21 13 26 27 46 27 50 39 30 32 21 12 24 18 26 11 15 17 8 52 50 22 22 31 10 35 4 55
76 32 19 0 26 33 28 24 53 31 38 49 60 41 39 3 6 31 53 11 59 39 20 36 50 19 39 21 24 27 9 79
50 41 20 17 0 37 3 1 15 10 10 29 31 36 22 16 19 7 34 25 31 17 22 18 16 9 20 10 25 7 16 38
50 7 18 21 25 0 30 39 45 38 30 40 48 33 25 19 35 62 14 20 47 31 24 34 35 56 28 46 12 29 13 38
58 41 25 26 7 47 0 4 20 22 10 36 55 52 25 27 28 15 45 41 26 21 21 9 9 6 8 6 16 12 16 27
40 30 29 23 1 31 4 0 22 17 11 15 53 45 15 16 29 7 58 29 33 12 25 16 25 12 22 6 22 16 18 52
39 42 30 51 24 58 15 20 0 18 19 14 28 39 5 39 44 3 50 28 21 4 35 14 15 10 22 12 15 35 26 40
30 12 13 33 12 27 14 11 16 0 33 14 18 28 16 36 46 22 36 22 11 12 9 28 49 25 17 11 6 38 30 16
44 35 43 26 17 53 9 13 10 16 0 13 39 45 18 32 23 7 66 49 60 16 38 6 12 4 12 5 22 12 25 61
10 23 32 58 35 44 37 32 10 19 26 0 15 29 8 19 28 10 30 48 12 5 29 34 32 21 26 19 23 45 26 18
1 31 61 75 31 50 47 55 39 26 21 10 0 21 11 48 42 40 40 59 31 20 43 34 26 37 61 47 31 55 32 1
9 17 47 46 38 54 33 20 26 16 48 13 10 0 24 65 52 36 33 63 6 34 34 46 58 25 72 35 33 61 57 14
18 29 18 51 15 38 20 23 8 12 16 4 17 33 0 18 49 15 37 24 27 0 20 25 32 11 15 8 25 28 40 16
46 29 16 3 12 22 20 20 19 24 32 28 33 26 43 0 9 26 22 14 29 44 12 37 23 31 35 14 21 20 3 51
58 17 18 4 14 38 19 28 43 25 35 38 42 40 26 10 0 20 46 14 44 26 21 15 38 40 19 35 26 23 9 31
46 50 29 32 19 28 12 8 6 15 6 19 33 36 14 27 33 0 32 41 37 14 28 16 23 8 18 4 19 11 22 33
42 17 33 55 54 16 27 42 52 23 60 49 53 30 45 41 46 52 0 29 25 36 12 78 82 37 49 49 30 57 41 57
67 22 9 8 33 13 33 23 21 41 32 61 44 33 47 9 15 30 38 0 54 25 27 21 56 32 30 42 14 26 6 40
31 24 19 63 51 47 24 47 36 22 41 16 26 7 36 29 39 35 23 47 0 30 20 65 61 28 30 42 19 53 48 21
29 35 38 49 22 43 21 25 4 13 14 5 22 29 0 46 53 12 37 31 34 0 16 28 18 24 21 14 16 32 20 23
45 10 17 30 13 13 16 15 27 4 29 17 25 31 22 23 38 34 25 11 21 16 0 41 42 32 25 13 5 20 10 18
55 52 47 41 13 55 7 9 20 30 4 17 51 39 30 32 37 19 55 22 58 18 38 0 4 6 8 13 35 16 31 53
51 61 36 40 23 74 15 25 22 39 9 46 53 68 21 22 23 24 77 21 40 36 39 4 0 15 6 26 49 21 37 57
57 39 41 17 7 34 6 4 7 24 4 19 51 55 24 25 42 7 47 41 52 20 15 5 7 0 18 4 31 17 16 37
70 52 27 42 24 42 8 14 19 48 7 44 73 62 39 13 34 15 56 44 60 41 35 4 8 15 0 16 52 13 39 62
37 34 28 35 4 54 13 7 6 17 15 11 43 44 6 29 18 5 24 26 31 12 20 18 24 6 28 0 26 20 19 20
34 11 9 14 25 17 35 10 23 13 34 27 38 33 17 24 22 22 24 14 16 25 3 37 47 27 20 16 0 41 12 34
50 41 19 26 13 60 9 16 32 28 17 44 67 25 40 17 25 18 71 37 66 37 39 11 19 15 12 17 36 0 17 40
43 20 5 6 12 18 14 14 28 11 14 48 60 28 43 5 9 20 40 8 20 28 10 21 28 24 31 27 18 12 0 55
0 62 40 43 46 73 41 31 37 39 37 14 1 11 17 60 72 37 54 65 13 15 29 62 27 46 72 46 37 68 49 0