5
30
,
0 (15.0, 40.0) 58.0
1 (27.0, 37.0) 57.0
2 (41.0, 36.0) 57.0
3 (37.0, 17.0) 49.0
4 (21.0, 49.0) 77.0
5 (40.0, 13.0) 31.0
6 (37.0, 16.0) 72.0
7 (27.0, 3.0) 58.0
8 (20.0, 19.0) 79.0
9 (40.0, 6.0) 42.0
10 (16.0, 5.0) 80.0
11 (1.0, 1.0) 51.0
12 (0.0, 17.0) 89.0
13 (21.0, 8.0) 52.0
14 (41.0, 32.0) 35.0
15 (47.0, 35.0) 68.0
16 (31.0, 6.0) 79.0
17 (3.0, 39.0) 65.0
18 (35.0, 42.0) 32.0
19 (1.0, 22.0) 46.0
20 (21.0, 8.0) 75.0
21 (21.0, 26.0) 82.0
22 (44.0, 5.0) 57.0
23 (48.0, 2.0) 53.0
24 (37.0, 8.0) 58.0
25 (50.0, 8.0) 31.0
26 (31.0, 11.0) 64.0
27 (23.0, 31.0) 37.0
28 (48.0, 18.0) 37.0
29 (35.0, 33.0) 74.0
,
0 21 23 27 20 27 21 20 14 14 20 8 1 8 11 26 29 16 20 27 11 11 17 22 24 19 25 16 19 26 24 0
21 0 6 13 16 5 18 16 19 11 21 18 21 14 16 14 16 19 6 10 11 16 8 23 25 19 24 17 6 20 11 21
23 6 0 7 11 7 14 12 17 10 17 17 22 17 15 7 10 16 12 5 15 15 6 18 20 15 19 13 4 14 4 23
27 13 7 0 10 12 12 10 18 14 15 20 27 23 17 2 3 16 19 4 21 17 11 16 17 14 15 13 9 10 3 27
20 16 11 10 0 18 2 0 9 9 6 12 20 18 9 8 10 6 20 13 18 9 9 7 9 4 8 4 10 6 8 20
27 5 7 12 18 0 20 18 23 15 24 22 26 19 20 13 15 22 10 8 17 20 12 25 27 22 25 20 9 21 11 27
21 18 14 12 2 20 0 2 8 10 4 13 20 20 10 10 12 6 23 15 20 10 12 4 7 3 6 5 12 5 10 21
20 16 12 10 0 18 2 0 8 9 5 12 20 19 9 8 11 6 21 13 18 9 9 7 9 4 8 4 10 6 9 20
14 19 17 18 9 23 8 8 0 9 7 6 13 15 4 16 19 2 22 20 16 4 12 9 11 6 12 4 14 13 16 14
14 11 10 14 9 15 10 9 9 0 12 7 13 10 6 12 16 9 13 14 10 6 4 14 16 10 16 7 6 14 10 14
20 21 17 15 6 24 4 5 7 12 0 12 20 21 10 13 15 4 25 18 21 10 14 2 4 2 5 5 15 7 14 20
8 18 17 20 12 22 13 12 6 7 12 0 8 10 3 18 22 8 18 21 11 3 11 14 16 11 17 8 13 17 17 8
1 21 22 27 20 26 20 20 13 13 20 8 0 8 11 25 29 15 19 27 10 11 16 22 24 18 25 16 19 25 23 1
8 14 17 23 18 19 20 19 15 10 21 10 8 0 11 22 25 16 11 22 3 11 11 23 25 19 25 16 13 24 19 8
11 16 15 17 9 20 10 9 4 6 10 3 11 11 0 16 19 5 18 18 12 0 9 12 14 8 14 5 12 14 14 11
26 14 7 2 8 13 10 8 16 12 13 18 25 22 16 0 3 14 19 6 21 16 10 14 15 12 13 12 9 8 3 26
29 16 10 3 10 15 12 11 19 16 15 22 29 25 19 3 0 17 22 7 24 19 14 15 17 14 14 14 12 9 6 29
16 19 16 16 6 22 6 6 2 9 4 8 15 16 5 14 17 0 22 18 17 5 11 7 9 3 10 2 13 10 14 16
20 6 12 19 20 10 23 21 22 13 25 18 19 11 18 19 22 22 0 16 9 18 11 27 29 23 28 20 11 25 16 20
27 10 5 4 13 8 15 13 20 14 18 21 27 22 18 6 7 18 16 0 20 18 11 19 21 17 19 16 8 14 4 27
11 11 15 21 18 17 20 18 16 10 21 11 10 3 12 21 24 17 9 20 0 12 10 23 26 19 25 16 12 24 18 11
11 16 15 17 9 20 10 9 4 6 10 3 11 11 0 16 19 5 18 18 12 0 9 12 14 8 14 5 12 14 14 11
17 8 6 11 9 12 12 9 12 4 14 11 16 11 9 10 14 11 11 11 10 9 0 16 18 12 17 9 3 14 8 17
22 23 18 16 7 25 4 7 9 14 2 14 22 23 12 14 15 7 27 19 23 12 16 0 2 4 3 7 17 7 15 22
24 25 20 17 9 27 7 9 11 16 4 16 24 25 14 15 17 9 29 21 26 14 18 2 0 6 3 10 19 8 17 24
19 19 15 14 4 22 3 4 6 10 2 11 18 19 8 12 14 3 23 17 19 8 12 4 6 0 6 3 13 7 13 19
25 24 19 15 8 25 6 8 12 16 5 17 25 25 14 13 14 10 28 19 25 14 17 3 3 6 0 10 18 5 15 25
16 17 13 13 4 20 5 4 4 7 5 8 16 16 5 12 14 2 20 16 16 5 9 7 10 3 10 0 11 9 11 16
19 6 4 9 10 9 12 10 14 6 15 13 19 13 12 9 12 13 11 8 12 12 3 17 19 13 18 11 0 14 6 19
26 20 14 10 6 21 5 6 13 14 7 17 25 24 14 8 9 10 25 14 24 14 14 7 8 7 5 9 14 0 10 26
24 11 4 3 8 11 10 9 16 10 14 17 23 19 14 3 6 14 16 4 18 14 8 15 17 13 15 11 6 10 0 24
0 21 23 27 20 27 21 20 14 14 20 8 1 8 11 26 29 16 20 27 11 11 17 22 24 19 25 16 19 26 24 0
,
0 57 46 31 35 76 33 53 34 37 60 20 2 17 27 39 43 32 53 49 26 30 18 42 72 39 66 31 42 57 25 0
26 0 16 18 47 11 53 32 26 17 34 43 45 28 42 24 39 22 11 25 34 41 16 38 34 29 70 40 8 30 22 45
26 10 0 15 20 20 39 15 46 17 33 43 25 27 35 22 26 33 20 12 37 37 17 41 47 17 37 23 9 17 12 35
57 32 15 0 19 24 15 16 41 31 26 33 33 47 25 4 6 46 31 9 25 49 19 42 27 38 28 30 15 12 4 65
26 46 12 27 0 27 5 1 18 17 12 31 47 29 23 13 19 8 42 21 29 12 21 13 10 8 13 6 14 9 21 36
59 11 17 21 40 0 32 47 56 26 49 52 46 27 45 38 41 43 23 16 33 30 26 71 71 30 31 37 24 43 22 67
22 39 32 26 4 55 0 4 20 18 4 28 26 38 13 23 28 8 46 39 22 21 19 9 7 4 16 11 12 5 17 26
38 17 15 15 1 49 5 0 18 12 12 25 28 22 15 21 32 13 55 21 19 19 22 10 16 10 21 6 26 14 19 22
15 56 25 30 22 67 18 11 0 19 7 14 24 19 10 30 45 6 35 25 28 7 32 21 15 7 33 10 37 37 28 34
24 23 18 20 21 26 26 12 25 0 22 16 15 27 11 29 34 25 18 40 27 10 4 32 21 13 41 17 18 31 12 26
34 46 29 30 7 55 9 13 11 32 0 21 53 41 24 24 33 7 66 43 24 23 41 5 6 5 6 14 33 21 27 41
13 42 47 51 19 50 26 29 11 15 30 0 21 24 3 31 39 11 18 59 16 6 18 37 17 21 21 23 38 27 30 24
1 41 30 53 55 51 55 53 38 25 55 22 0 8 29 58 73 24 22 42 15 20 48 53 58 23 31 28 53 61 60 1
23 25 30 47 21 33 42 19 44 29 24 17 17 0 34 26 38 22 17 32 6 32 26 53 30 44 75 29 21 37 33 14
28 18 31 31 20 44 23 21 7 12 13 7 22 17 0 17 26 10 44 32 24 0 26 26 39 14 41 7 25 15 41 19
52 15 16 2 16 34 14 17 17 33 17 46 27 52 18 0 10 31 35 16 32 27 20 40 26 35 17 33 13 23 9 77
84 19 11 6 24 25 29 26 30 38 19 64 57 37 31 10 0 43 65 7 68 44 40 41 44 22 23 35 34 11 17 32
38 33 30 43 6 59 6 10 7 21 6 22 38 28 14 34 20 0 26 48 46 9 28 8 12 7 28 5 25 12 37 36
44 12 22 33 51 21 44 43 49 23 73 26 19 19 52 40 59 31 0 47 21 21 31 75 48 64 52 42 12 70 28 38
81 25 8 9 26 20 27 37 55 27 38 53 58 34 41 16 15 45 42 0 57 23 27 48 45 34 52 22 9 25 9 37
21 22 27 51 54 47 34 48 27 24 27 32 24 7 17 49 34 29 18 34 0 21 13 33 27 36 37 48 30 48 19 30
28 39 16 18 20 37 22 17 11 8 15 9 16 15 0 29 28 15 53 47 33 0 15 13 39 20 19 12 19 38 20 26
37 15 6 19 22 29 17 28 27 9 33 29 31 16 18 11 31 32 22 26 15 16 0 22 54 32 47 14 8 23 12 20
29 39 53 23 17 37 12 13 14 22 3 16 23 67 12 41 21 19 59 54 38 19 17 0 3 6 5 10 34 8 20 40
41 63 47 24 27 42 17 24 11 30 11 26 32 64 14 33 44 20 59 33 70 26 47 6 0 13 5 13 21 9 24 62
40 51 34 36 10 45 6 5 8 15 4 25 27 22 10 29 34 5 52 26 21 24 18 9 12 0 19 7 31 19 30 49
36 46 53 31 17 60 6 12 14 26 8 21 68 63 18 33 18 15 81 53 69 28 24 4 9 17 0 22 49 10 24 30
44 22 21 33 9 57 8 7 12 16 11 13 27 33 8 21 19 7 49 36 40 15 25 13 28 9 21 0 31 18 23 43
53 7 5 10 18 11 27 12 17 12 20 36 34 33 22 10 18 19 14 14 18 21 4 46 35 40 26 11 0 26 16 29
38 44 27 29 15 60 9 10 36 41 21 42 70 40 42 18 23 26 28 23 28 30 26 9 10 20 14 13 31 0 20 42
58 21 11 7 17 22 12 12 17 15 36 29 46 54 41 6 17 23 27 13 25 32 20 24 45 27 25 27 7 20 0 35
0 23 43 66 30 70 51 43 31 22 28 12 2 17 23 74 65 42 44 73 17 29 41 36 54 30 72 27 51 44 29 0