5
30
,
0 (21.0, 49.0) 35.0
1 (45.0, 48.0) 11.0
2 (31.0, 28.0) 13.0
3 (27.0, 8.0) 36.0
4 (15.0, 21.0) 21.0
5 (48.0, 27.0) 49.0
6 (25.0, 12.0) 11.0
7 (10.0, 12.0) 37.0
8 (30.0, 7.0) 12.0
9 (11.0, 9.0) 20.0
10 (22.0, 43.0) 13.0
11 (12.0, 20.0) 16.0
12 (44.0, 44.0) 30.0
13 (37.0, 33.0) 13.0
14 (31.0, 5.0) 40.0
15 (42.0, 43.0) 46.0
16 (14.0, 15.0) 12.0
17 (48.0, 10.0) 46.0
18 (34.0, 4.0) 40.0
19 (40.0, 12.0) 45.0
20 (20.0, 19.0) 11.0
21 (46.0, 33.0) 28.0
22 (34.0, 44.0) 19.0
23 (42.0, 6.0) 34.0
24 (45.0, 5.0) 26.0
25 (32.0, 42.0) 28.0
26 (46.0, 5.0) 13.0
27 (47.0, 41.0) 23.0
28 (31.0, 37.0) 20.0
29 (22.0, 43.0) 11.0
,
0 5 5 8 6 7 7 8 9 8 1 6 5 5 9 4 7 9 9 8 6 6 3 10 10 3 10 5 3 1
5 0 5 9 8 4 8 10 9 10 5 9 1 3 9 1 9 8 9 7 8 3 2 8 9 3 9 1 4 5
5 5 0 4 3 3 3 5 4 6 3 4 4 2 5 4 4 5 5 4 3 3 3 5 5 3 5 4 2 3
8 9 4 0 4 6 1 3 1 3 7 4 8 5 1 8 3 4 2 3 3 6 7 3 4 7 4 8 6 7
6 8 3 4 0 7 3 2 4 3 5 1 7 5 5 7 1 7 5 5 1 7 6 6 7 5 7 8 5 5
7 4 3 6 7 0 5 8 5 8 6 7 3 3 6 3 7 3 5 3 6 1 4 4 4 4 4 3 4 6
7 8 3 1 3 5 0 3 1 3 6 3 7 5 2 7 2 5 2 3 2 6 7 4 4 6 4 7 5 6
8 10 5 3 2 8 3 0 4 1 7 2 9 7 4 9 1 8 5 6 2 8 8 7 7 7 7 9 7 7
9 9 4 1 4 5 1 4 0 4 7 4 8 5 0 8 4 4 1 2 3 6 7 2 3 7 3 8 6 7
8 10 6 3 3 8 3 1 4 0 7 2 10 7 4 9 1 7 5 6 3 8 8 6 7 8 7 10 7 7
1 5 3 7 5 6 6 7 7 7 0 5 4 4 8 4 6 8 8 7 5 5 2 8 9 2 9 5 2 0
6 9 4 4 1 7 3 2 4 2 5 0 8 6 5 8 1 7 5 6 2 7 7 7 7 6 7 8 5 5
5 1 4 8 7 3 7 9 8 10 4 8 0 3 8 0 8 7 8 6 7 2 2 8 8 2 8 1 3 4
5 3 2 5 5 3 5 7 5 7 4 6 3 0 6 2 6 5 6 4 4 2 2 5 6 2 6 3 1 4
9 9 5 1 5 6 2 4 0 4 8 5 8 6 0 8 4 4 1 2 4 6 8 2 3 7 3 8 6 8
4 1 4 8 7 3 7 9 8 9 4 8 0 2 8 0 8 7 8 6 7 2 2 7 8 2 8 1 3 4
7 9 4 3 1 7 2 1 4 1 6 1 8 6 4 8 0 7 5 5 1 7 7 6 7 6 7 8 6 6
9 8 5 4 7 3 5 8 4 7 8 7 7 5 4 7 7 0 3 2 6 5 7 1 1 7 1 6 6 8
9 9 5 2 5 5 2 5 1 5 8 5 8 6 1 8 5 3 0 2 4 6 8 2 2 8 2 8 7 8
8 7 4 3 5 3 3 6 2 6 7 6 6 4 2 6 5 2 2 0 4 4 7 1 2 6 2 6 5 7
6 8 3 3 1 6 2 2 3 3 5 2 7 4 4 7 1 6 4 4 0 6 6 5 6 5 6 7 4 5
6 3 3 6 7 1 6 8 6 8 5 7 2 2 6 2 7 5 6 4 6 0 3 5 6 3 6 2 3 5
3 2 3 7 6 4 7 8 7 8 2 7 2 2 8 2 7 7 8 7 6 3 0 8 8 1 8 3 2 2
10 8 5 3 6 4 4 7 2 6 8 7 8 5 2 7 6 1 2 1 5 5 8 0 1 7 1 7 7 8
10 9 5 4 7 4 4 7 3 7 9 7 8 6 3 8 7 1 2 2 6 6 8 1 0 8 0 7 7 9
3 3 3 7 5 4 6 7 7 8 2 6 2 2 7 2 6 7 8 6 5 3 1 7 8 0 8 3 1 2
10 9 5 4 7 4 4 7 3 7 9 7 8 6 3 8 7 1 2 2 6 6 8 1 0 8 0 7 7 9
5 1 4 8 8 3 7 9 8 10 5 8 1 3 8 1 8 6 8 6 7 2 3 7 7 3 7 0 3 5
3 4 2 6 5 4 5 7 6 7 2 5 3 1 6 3 6 6 7 5 4 3 2 7 7 1 7 3 0 2
1 5 3 7 5 6 6 7 7 7 0 5 4 4 8 4 6 8 8 7 5 5 2 8 9 2 9 5 2 0
,
0 29 30 21 37 32 38 43 26 23 8 45 15 29 59 20 40 44 42 23 39 24 19 61 44 11 63 17 12 7
23 0 36 27 46 19 41 44 59 35 18 56 3 14 44 8 26 53 32 35 27 21 16 21 40 12 52 9 11 34
28 33 0 24 21 13 10 16 29 26 22 22 23 4 31 18 29 13 29 14 16 9 18 35 20 18 28 28 7 23
42 55 23 0 14 42 5 24 4 13 44 24 27 38 4 49 14 31 10 12 9 47 36 19 19 34 22 37 41 46
38 32 11 26 0 38 12 12 20 16 18 3 38 13 23 21 7 30 29 17 4 24 28 40 50 23 49 48 24 32
39 28 13 27 20 0 36 26 19 23 23 43 24 11 30 13 47 10 15 13 19 7 13 32 32 23 16 13 27 29
43 43 13 3 8 32 0 20 7 7 29 8 27 24 9 43 17 32 9 16 7 44 24 19 13 44 23 53 37 24
42 64 36 20 10 57 21 0 12 4 27 11 52 51 33 56 3 23 15 36 11 47 56 21 25 45 38 36 21 21
42 34 24 3 13 24 6 29 0 19 23 26 31 20 3 45 18 23 7 13 11 17 25 9 19 46 20 34 17 41
24 64 18 9 8 24 13 5 12 0 51 6 37 37 18 53 6 49 25 34 16 53 43 27 43 22 44 62 31 35
9 34 9 28 12 25 18 34 44 26 0 33 24 13 50 16 26 41 58 32 20 25 8 33 30 9 32 15 15 0
27 29 28 20 5 42 12 9 29 6 33 0 42 16 22 42 4 32 32 19 11 33 24 21 25 17 52 50 16 23
18 5 28 40 47 17 37 53 52 69 16 48 0 9 50 2 44 45 59 19 19 9 12 28 31 9 52 6 14 32
17 22 7 34 30 15 36 33 26 28 9 21 17 0 40 8 16 37 20 20 21 11 14 32 24 8 31 16 6 14
35 30 17 7 31 32 8 33 2 17 33 19 37 41 0 34 11 21 2 14 11 25 24 11 11 37 9 56 17 39
13 7 27 35 42 18 44 64 23 58 12 31 2 14 21 0 29 48 26 26 24 9 9 26 56 9 53 3 19 16
20 52 24 21 8 28 9 7 13 5 20 5 57 32 15 23 0 47 12 26 10 48 41 41 37 31 23 49 21 27
35 49 24 14 32 21 18 26 25 47 54 42 32 38 15 47 27 0 21 7 33 18 46 10 5 38 5 33 22 31
30 50 23 10 16 23 16 34 3 25 21 27 35 34 4 59 29 21 0 7 18 19 24 12 6 51 13 28 27 41
42 20 24 8 38 19 8 26 6 25 41 39 28 16 7 45 36 12 13 0 25 16 42 8 5 16 9 27 29 46
26 24 21 7 3 34 10 15 23 9 31 8 21 20 21 28 5 36 26 28 0 24 27 34 31 35 35 38 16 18
39 16 16 37 20 5 36 31 17 60 14 38 11 12 47 6 45 34 41 16 25 0 17 16 29 13 25 6 11 13
16 16 9 47 35 15 30 52 28 62 8 32 15 12 37 6 50 34 35 24 19 10 0 31 42 2 21 11 4 15
44 46 22 22 28 16 24 43 14 33 57 48 31 34 14 38 19 6 8 9 38 38 58 0 4 45 4 20 29 56
51 49 32 25 45 24 16 30 13 22 38 51 53 33 18 56 33 5 15 11 37 32 39 3 0 43 1 26 37 47
14 12 13 48 30 21 34 46 26 46 5 33 15 10 44 8 40 19 20 36 30 23 4 23 51 0 57 8 7 7
51 46 26 16 43 22 14 49 24 52 53 55 39 20 20 54 34 4 12 7 17 24 35 6 1 40 0 51 24 48
39 7 25 34 46 19 20 28 54 27 30 42 4 13 42 6 28 24 48 34 32 7 7 50 20 19 46 0 23 23
22 12 13 43 28 25 33 44 42 22 6 32 8 4 23 10 32 34 48 28 30 11 7 21 43 7 35 11 0 9
6 31 20 26 25 39 29 21 21 47 0 28 30 19 40 12 18 30 39 44 30 31 11 34 31 6 23 22 13 0