5
30
,
0 (21.0, 49.0) 19.0
1 (45.0, 48.0) 40.0
2 (31.0, 28.0) 15.0
3 (27.0, 8.0) 42.0
4 (15.0, 21.0) 10.0
5 (48.0, 27.0) 46.0
6 (25.0, 12.0) 46.0
7 (10.0, 12.0) 23.0
8 (30.0, 7.0) 26.0
9 (11.0, 9.0) 19.0
10 (22.0, 43.0) 20.0
11 (12.0, 20.0) 39.0
12 (44.0, 44.0) 50.0
13 (37.0, 33.0) 36.0
14 (31.0, 5.0) 44.0
15 (42.0, 43.0) 43.0
16 (14.0, 15.0) 16.0
17 (48.0, 10.0) 20.0
18 (34.0, 4.0) 24.0
19 (40.0, 12.0) 42.0
20 (20.0, 19.0) 30.0
21 (46.0, 33.0) 16.0
22 (34.0, 44.0) 43.0
23 (42.0, 6.0) 32.0
24 (45.0, 5.0) 16.0
25 (32.0, 42.0) 15.0
26 (46.0, 5.0) 46.0
27 (47.0, 41.0) 20.0
28 (31.0, 37.0) 41.0
29 (22.0, 43.0) 36.0
,
0 5 5 8 6 7 7 8 9 8 1 6 5 5 9 4 7 9 9 8 6 6 3 10 10 3 10 5 3 1
5 0 5 9 8 4 8 10 9 10 5 9 1 3 9 1 9 8 9 7 8 3 2 8 9 3 9 1 4 5
5 5 0 4 3 3 3 5 4 6 3 4 4 2 5 4 4 5 5 4 3 3 3 5 5 3 5 4 2 3
8 9 4 0 4 6 1 3 1 3 7 4 8 5 1 8 3 4 2 3 3 6 7 3 4 7 4 8 6 7
6 8 3 4 0 7 3 2 4 3 5 1 7 5 5 7 1 7 5 5 1 7 6 6 7 5 7 8 5 5
7 4 3 6 7 0 5 8 5 8 6 7 3 3 6 3 7 3 5 3 6 1 4 4 4 4 4 3 4 6
7 8 3 1 3 5 0 3 1 3 6 3 7 5 2 7 2 5 2 3 2 6 7 4 4 6 4 7 5 6
8 10 5 3 2 8 3 0 4 1 7 2 9 7 4 9 1 8 5 6 2 8 8 7 7 7 7 9 7 7
9 9 4 1 4 5 1 4 0 4 7 4 8 5 0 8 4 4 1 2 3 6 7 2 3 7 3 8 6 7
8 10 6 3 3 8 3 1 4 0 7 2 10 7 4 9 1 7 5 6 3 8 8 6 7 8 7 10 7 7
1 5 3 7 5 6 6 7 7 7 0 5 4 4 8 4 6 8 8 7 5 5 2 8 9 2 9 5 2 0
6 9 4 4 1 7 3 2 4 2 5 0 8 6 5 8 1 7 5 6 2 7 7 7 7 6 7 8 5 5
5 1 4 8 7 3 7 9 8 10 4 8 0 3 8 0 8 7 8 6 7 2 2 8 8 2 8 1 3 4
5 3 2 5 5 3 5 7 5 7 4 6 3 0 6 2 6 5 6 4 4 2 2 5 6 2 6 3 1 4
9 9 5 1 5 6 2 4 0 4 8 5 8 6 0 8 4 4 1 2 4 6 8 2 3 7 3 8 6 8
4 1 4 8 7 3 7 9 8 9 4 8 0 2 8 0 8 7 8 6 7 2 2 7 8 2 8 1 3 4
7 9 4 3 1 7 2 1 4 1 6 1 8 6 4 8 0 7 5 5 1 7 7 6 7 6 7 8 6 6
9 8 5 4 7 3 5 8 4 7 8 7 7 5 4 7 7 0 3 2 6 5 7 1 1 7 1 6 6 8
9 9 5 2 5 5 2 5 1 5 8 5 8 6 1 8 5 3 0 2 4 6 8 2 2 8 2 8 7 8
8 7 4 3 5 3 3 6 2 6 7 6 6 4 2 6 5 2 2 0 4 4 7 1 2 6 2 6 5 7
6 8 3 3 1 6 2 2 3 3 5 2 7 4 4 7 1 6 4 4 0 6 6 5 6 5 6 7 4 5
6 3 3 6 7 1 6 8 6 8 5 7 2 2 6 2 7 5 6 4 6 0 3 5 6 3 6 2 3 5
3 2 3 7 6 4 7 8 7 8 2 7 2 2 8 2 7 7 8 7 6 3 0 8 8 1 8 3 2 2
10 8 5 3 6 4 4 7 2 6 8 7 8 5 2 7 6 1 2 1 5 5 8 0 1 7 1 7 7 8
10 9 5 4 7 4 4 7 3 7 9 7 8 6 3 8 7 1 2 2 6 6 8 1 0 8 0 7 7 9
3 3 3 7 5 4 6 7 7 8 2 6 2 2 7 2 6 7 8 6 5 3 1 7 8 0 8 3 1 2
10 9 5 4 7 4 4 7 3 7 9 7 8 6 3 8 7 1 2 2 6 6 8 1 0 8 0 7 7 9
5 1 4 8 8 3 7 9 8 10 5 8 1 3 8 1 8 6 8 6 7 2 3 7 7 3 7 0 3 5
3 4 2 6 5 4 5 7 6 7 2 5 3 1 6 3 6 6 7 5 4 3 2 7 7 1 7 3 0 2
1 5 3 7 5 6 6 7 7 7 0 5 4 4 8 4 6 8 8 7 5 5 2 8 9 2 9 5 2 0
,
0 31 33 58 20 24 43 43 43 25 7 24 29 15 51 23 36 56 45 23 39 25 15 43 42 12 45 35 13 8
27 0 33 42 55 11 44 51 52 63 13 56 3 19 53 7 59 43 47 31 40 8 15 36 31 10 60 10 13 18
18 17 0 16 18 14 20 15 20 21 16 29 16 5 27 24 20 14 36 16 20 11 24 28 26 13 29 20 12 16
50 47 18 0 13 22 3 19 3 24 22 23 58 37 3 41 10 11 4 10 10 30 25 15 25 28 25 23 37 33
16 57 24 10 0 40 16 6 18 8 24 3 23 22 29 41 7 35 25 32 6 39 40 26 39 18 21 46 20 29
22 27 25 38 29 0 14 44 14 55 33 33 24 18 39 17 53 11 23 20 42 5 12 33 19 31 27 7 21 41
48 62 17 2 19 32 0 16 6 15 28 16 39 24 9 23 17 29 7 19 11 25 23 17 20 18 24 40 26 39
57 45 37 15 7 50 16 0 11 5 23 7 58 43 14 64 7 44 26 16 17 31 22 39 45 22 45 44 43 23
49 49 22 2 26 31 10 28 0 11 29 28 36 17 1 32 15 18 6 8 10 45 43 16 11 37 19 44 20 46
27 28 37 21 12 60 10 2 11 0 18 10 67 45 18 57 8 20 30 25 16 29 23 46 37 22 40 45 48 21
4 14 22 32 12 32 26 18 52 47 0 20 27 27 56 19 25 29 41 18 32 35 17 38 46 12 49 20 14 0
37 36 12 28 3 19 13 6 23 12 33 0 29 26 12 21 6 27 20 34 5 39 18 45 40 22 50 34 36 20
13 6 12 37 48 22 30 37 30 45 23 29 0 8 30 3 32 23 29 41 29 8 7 41 48 13 57 5 17 32
28 22 4 18 36 14 17 37 32 22 23 26 12 0 29 8 33 13 36 21 22 10 13 18 24 11 40 11 9 12
59 29 13 6 21 21 6 18 2 12 36 17 31 43 0 51 13 22 4 8 12 18 46 6 11 23 18 38 17 56
28 5 22 43 39 10 21 32 21 30 17 38 1 13 51 0 25 45 56 30 34 13 5 42 23 8 24 7 10 21
20 43 16 15 5 19 8 3 17 8 16 3 46 36 19 31 0 25 17 23 7 25 35 23 38 41 19 32 19 19
52 20 26 18 33 15 33 27 10 55 55 52 21 37 24 43 31 0 9 11 34 27 20 4 4 24 5 25 33 62
33 41 22 7 16 39 14 16 5 22 53 19 27 32 4 32 25 9 0 13 14 44 35 10 8 24 14 41 29 31
34 36 13 19 38 19 8 24 9 26 45 23 32 16 15 21 39 5 9 0 13 28 46 6 5 22 5 26 25 40
30 24 13 15 5 29 7 10 9 16 35 9 40 14 25 39 6 41 15 11 0 36 22 37 24 18 35 28 26 21
29 10 9 34 48 8 44 46 26 43 30 32 8 11 16 10 25 15 45 20 37 0 22 21 25 21 25 9 23 16
15 14 9 31 42 27 17 50 47 26 16 32 9 11 22 11 43 49 43 31 30 9 0 54 48 4 37 12 4 12
39 59 24 22 22 23 20 23 18 16 28 35 23 14 16 44 43 11 5 4 24 26 54 0 3 52 6 37 24 36
50 31 36 19 37 27 15 30 17 42 64 25 51 32 8 25 42 4 11 7 15 40 58 3 0 45 1 44 42 42
13 15 15 21 17 21 43 27 35 44 13 24 16 14 22 13 23 40 44 35 29 22 2 23 32 0 33 19 4 14
37 46 19 16 41 12 30 46 13 41 49 24 40 16 19 20 40 6 11 13 41 29 45 4 1 46 0 43 48 25
38 5 11 58 35 10 35 57 26 55 36 43 5 7 26 6 32 21 45 15 40 7 11 48 27 12 23 0 21 22
19 15 5 24 22 28 19 25 16 41 9 29 21 8 39 15 33 40 43 24 18 15 6 30 27 4 21 12 0 14
8 14 24 47 27 15 43 46 30 22 0 16 33 25 43 24 40 38 32 31 30 17 12 53 35 13 29 14 12 0