5
30
,
0 (21.0, 49.0) 47.0
1 (45.0, 48.0) 27.0
2 (31.0, 28.0) 19.0
3 (27.0, 8.0) 24.0
4 (15.0, 21.0) 12.0
5 (48.0, 27.0) 24.0
6 (25.0, 12.0) 38.0
7 (10.0, 12.0) 11.0
8 (30.0, 7.0) 36.0
9 (11.0, 9.0) 45.0
10 (22.0, 43.0) 17.0
11 (12.0, 20.0) 27.0
12 (44.0, 44.0) 22.0
13 (37.0, 33.0) 21.0
14 (31.0, 5.0) 15.0
15 (42.0, 43.0) 14.0
16 (14.0, 15.0) 13.0
17 (48.0, 10.0) 38.0
18 (34.0, 4.0) 13.0
19 (40.0, 12.0) 16.0
20 (20.0, 19.0) 45.0
21 (46.0, 33.0) 18.0
22 (34.0, 44.0) 40.0
23 (42.0, 6.0) 12.0
24 (45.0, 5.0) 16.0
25 (32.0, 42.0) 14.0
26 (46.0, 5.0) 45.0
27 (47.0, 41.0) 11.0
28 (31.0, 37.0) 23.0
29 (22.0, 43.0) 32.0
,
0 5 5 8 6 7 7 8 9 8 1 6 5 5 9 4 7 9 9 8 6 6 3 10 10 3 10 5 3 1
5 0 5 9 8 4 8 10 9 10 5 9 1 3 9 1 9 8 9 7 8 3 2 8 9 3 9 1 4 5
5 5 0 4 3 3 3 5 4 6 3 4 4 2 5 4 4 5 5 4 3 3 3 5 5 3 5 4 2 3
8 9 4 0 4 6 1 3 1 3 7 4 8 5 1 8 3 4 2 3 3 6 7 3 4 7 4 8 6 7
6 8 3 4 0 7 3 2 4 3 5 1 7 5 5 7 1 7 5 5 1 7 6 6 7 5 7 8 5 5
7 4 3 6 7 0 5 8 5 8 6 7 3 3 6 3 7 3 5 3 6 1 4 4 4 4 4 3 4 6
7 8 3 1 3 5 0 3 1 3 6 3 7 5 2 7 2 5 2 3 2 6 7 4 4 6 4 7 5 6
8 10 5 3 2 8 3 0 4 1 7 2 9 7 4 9 1 8 5 6 2 8 8 7 7 7 7 9 7 7
9 9 4 1 4 5 1 4 0 4 7 4 8 5 0 8 4 4 1 2 3 6 7 2 3 7 3 8 6 7
8 10 6 3 3 8 3 1 4 0 7 2 10 7 4 9 1 7 5 6 3 8 8 6 7 8 7 10 7 7
1 5 3 7 5 6 6 7 7 7 0 5 4 4 8 4 6 8 8 7 5 5 2 8 9 2 9 5 2 0
6 9 4 4 1 7 3 2 4 2 5 0 8 6 5 8 1 7 5 6 2 7 7 7 7 6 7 8 5 5
5 1 4 8 7 3 7 9 8 10 4 8 0 3 8 0 8 7 8 6 7 2 2 8 8 2 8 1 3 4
5 3 2 5 5 3 5 7 5 7 4 6 3 0 6 2 6 5 6 4 4 2 2 5 6 2 6 3 1 4
9 9 5 1 5 6 2 4 0 4 8 5 8 6 0 8 4 4 1 2 4 6 8 2 3 7 3 8 6 8
4 1 4 8 7 3 7 9 8 9 4 8 0 2 8 0 8 7 8 6 7 2 2 7 8 2 8 1 3 4
7 9 4 3 1 7 2 1 4 1 6 1 8 6 4 8 0 7 5 5 1 7 7 6 7 6 7 8 6 6
9 8 5 4 7 3 5 8 4 7 8 7 7 5 4 7 7 0 3 2 6 5 7 1 1 7 1 6 6 8
9 9 5 2 5 5 2 5 1 5 8 5 8 6 1 8 5 3 0 2 4 6 8 2 2 8 2 8 7 8
8 7 4 3 5 3 3 6 2 6 7 6 6 4 2 6 5 2 2 0 4 4 7 1 2 6 2 6 5 7
6 8 3 3 1 6 2 2 3 3 5 2 7 4 4 7 1 6 4 4 0 6 6 5 6 5 6 7 4 5
6 3 3 6 7 1 6 8 6 8 5 7 2 2 6 2 7 5 6 4 6 0 3 5 6 3 6 2 3 5
3 2 3 7 6 4 7 8 7 8 2 7 2 2 8 2 7 7 8 7 6 3 0 8 8 1 8 3 2 2
10 8 5 3 6 4 4 7 2 6 8 7 8 5 2 7 6 1 2 1 5 5 8 0 1 7 1 7 7 8
10 9 5 4 7 4 4 7 3 7 9 7 8 6 3 8 7 1 2 2 6 6 8 1 0 8 0 7 7 9
3 3 3 7 5 4 6 7 7 8 2 6 2 2 7 2 6 7 8 6 5 3 1 7 8 0 8 3 1 2
10 9 5 4 7 4 4 7 3 7 9 7 8 6 3 8 7 1 2 2 6 6 8 1 0 8 0 7 7 9
5 1 4 8 8 3 7 9 8 10 5 8 1 3 8 1 8 6 8 6 7 2 3 7 7 3 7 0 3 5
3 4 2 6 5 4 5 7 6 7 2 5 3 1 6 3 6 6 7 5 4 3 2 7 7 1 7 3 0 2
1 5 3 7 5 6 6 7 7 7 0 5 4 4 8 4 6 8 8 7 5 5 2 8 9 2 9 5 2 0
,
0 23 13 33 37 18 36 28 62 58 9 22 32 31 36 33 21 30 69 54 27 37 12 65 54 11 74 38 15 6
14 0 14 33 33 21 57 33 49 52 28 42 5 18 40 3 29 34 32 52 40 10 6 41 53 20 26 6 20 18
21 17 0 22 16 13 13 28 13 21 17 17 10 8 20 22 24 20 25 12 19 8 16 16 19 20 19 17 11 22
55 60 21 0 20 36 4 21 2 17 22 22 30 26 3 50 18 27 9 20 14 37 20 10 26 27 15 22 24 24
42 51 21 11 0 25 11 7 19 14 22 4 35 14 25 34 4 19 21 32 6 20 27 40 34 37 52 25 20 25
32 12 23 30 21 0 17 27 21 29 37 48 15 10 32 19 25 9 26 13 27 7 32 30 32 19 23 8 20 26
44 34 24 3 10 14 0 21 5 19 45 21 20 32 9 47 13 13 7 19 7 29 17 18 23 16 27 31 25 33
49 62 33 15 5 43 12 0 27 4 27 5 48 48 24 37 6 36 32 18 14 45 59 38 31 43 25 57 33 36
46 52 24 4 20 27 4 18 0 10 43 20 46 24 3 44 12 26 5 13 11 41 48 17 15 24 24 25 45 47
39 30 18 16 11 55 16 5 27 0 45 7 35 29 19 67 10 44 24 20 10 40 33 20 50 20 25 49 20 25
5 33 10 38 18 36 25 31 42 26 0 13 13 16 40 16 35 59 41 43 14 18 15 30 44 11 49 29 14 0
23 56 21 23 4 38 8 7 17 9 22 0 56 38 14 39 6 28 40 25 7 22 17 29 20 44 45 50 23 37
35 3 11 50 49 17 31 62 50 51 31 23 0 15 29 3 26 24 50 18 35 9 7 27 21 14 20 4 15 20
32 19 9 34 14 11 23 38 40 52 12 28 18 0 21 15 16 37 16 14 22 12 12 15 19 8 23 18 8 17
40 45 21 4 22 23 8 18 2 18 41 25 29 42 0 34 16 18 4 6 20 22 30 15 21 26 13 35 35 21
28 4 23 27 30 25 38 29 22 42 14 48 3 15 48 0 59 41 20 17 42 11 8 55 36 8 51 5 16 11
42 66 15 18 5 37 8 5 17 9 16 5 46 20 11 37 0 39 26 36 7 20 32 19 25 32 44 44 34 31
56 52 37 13 52 11 20 26 19 40 22 48 46 28 24 28 42 0 17 12 36 30 30 5 9 44 7 35 29 41
25 60 18 10 25 23 17 32 5 26 56 31 41 26 4 24 30 18 0 10 23 38 23 9 7 25 16 30 18 32
26 46 26 15 29 24 21 19 14 26 30 15 19 15 11 37 23 5 10 0 15 23 31 8 12 44 6 18 33 52
23 23 9 13 5 27 10 12 16 19 13 5 49 11 19 47 8 36 23 11 0 17 33 16 17 22 17 52 13 28
28 19 18 40 20 8 34 35 29 33 26 20 10 7 17 7 44 27 18 27 17 0 14 34 23 14 40 7 14 33
19 12 19 26 31 19 41 41 23 27 12 31 14 12 37 11 23 47 41 32 19 9 0 23 43 2 42 17 8 11
64 26 18 13 28 14 15 42 6 36 53 20 49 30 15 26 33 9 8 9 15 33 22 0 2 25 5 45 28 29
45 62 29 14 18 31 28 22 20 48 62 29 51 36 13 52 34 7 7 9 33 35 22 2 0 45 1 37 22 34
8 19 16 36 14 30 41 45 48 41 6 38 18 14 50 9 45 31 49 17 30 16 3 41 45 0 28 9 3 10
66 53 25 15 28 13 29 33 20 33 48 43 35 22 17 22 43 8 15 8 44 19 54 5 1 54 0 42 33 42
22 7 28 20 25 11 49 36 49 55 33 52 3 8 48 5 60 22 58 41 46 5 19 48 45 19 19 0 12 19
19 13 10 31 13 24 27 27 26 20 12 27 8 10 22 10 18 38 21 13 29 16 7 47 38 5 49 15 0 7
7 21 23 38 29 39 30 43 43 43 0 33 30 12 53 26 26 47 58 27 15 23 7 38 35 8 64 15 16 0