5
30
,
0 (21.0, 49.0) 13.0
1 (45.0, 48.0) 36.0
2 (31.0, 28.0) 20.0
3 (27.0, 8.0) 47.0
4 (15.0, 21.0) 47.0
5 (48.0, 27.0) 39.0
6 (25.0, 12.0) 12.0
7 (10.0, 12.0) 11.0
8 (30.0, 7.0) 35.0
9 (11.0, 9.0) 37.0
10 (22.0, 43.0) 49.0
11 (12.0, 20.0) 10.0
12 (44.0, 44.0) 12.0
13 (37.0, 33.0) 35.0
14 (31.0, 5.0) 30.0
15 (42.0, 43.0) 31.0
16 (14.0, 15.0) 21.0
17 (48.0, 10.0) 24.0
18 (34.0, 4.0) 25.0
19 (40.0, 12.0) 17.0
20 (20.0, 19.0) 40.0
21 (46.0, 33.0) 30.0
22 (34.0, 44.0) 17.0
23 (42.0, 6.0) 33.0
24 (45.0, 5.0) 49.0
25 (32.0, 42.0) 36.0
26 (46.0, 5.0) 16.0
27 (47.0, 41.0) 21.0
28 (31.0, 37.0) 25.0
29 (22.0, 43.0) 31.0
,
0 5 5 8 6 7 7 8 9 8 1 6 5 5 9 4 7 9 9 8 6 6 3 10 10 3 10 5 3 1
5 0 5 9 8 4 8 10 9 10 5 9 1 3 9 1 9 8 9 7 8 3 2 8 9 3 9 1 4 5
5 5 0 4 3 3 3 5 4 6 3 4 4 2 5 4 4 5 5 4 3 3 3 5 5 3 5 4 2 3
8 9 4 0 4 6 1 3 1 3 7 4 8 5 1 8 3 4 2 3 3 6 7 3 4 7 4 8 6 7
6 8 3 4 0 7 3 2 4 3 5 1 7 5 5 7 1 7 5 5 1 7 6 6 7 5 7 8 5 5
7 4 3 6 7 0 5 8 5 8 6 7 3 3 6 3 7 3 5 3 6 1 4 4 4 4 4 3 4 6
7 8 3 1 3 5 0 3 1 3 6 3 7 5 2 7 2 5 2 3 2 6 7 4 4 6 4 7 5 6
8 10 5 3 2 8 3 0 4 1 7 2 9 7 4 9 1 8 5 6 2 8 8 7 7 7 7 9 7 7
9 9 4 1 4 5 1 4 0 4 7 4 8 5 0 8 4 4 1 2 3 6 7 2 3 7 3 8 6 7
8 10 6 3 3 8 3 1 4 0 7 2 10 7 4 9 1 7 5 6 3 8 8 6 7 8 7 10 7 7
1 5 3 7 5 6 6 7 7 7 0 5 4 4 8 4 6 8 8 7 5 5 2 8 9 2 9 5 2 0
6 9 4 4 1 7 3 2 4 2 5 0 8 6 5 8 1 7 5 6 2 7 7 7 7 6 7 8 5 5
5 1 4 8 7 3 7 9 8 10 4 8 0 3 8 0 8 7 8 6 7 2 2 8 8 2 8 1 3 4
5 3 2 5 5 3 5 7 5 7 4 6 3 0 6 2 6 5 6 4 4 2 2 5 6 2 6 3 1 4
9 9 5 1 5 6 2 4 0 4 8 5 8 6 0 8 4 4 1 2 4 6 8 2 3 7 3 8 6 8
4 1 4 8 7 3 7 9 8 9 4 8 0 2 8 0 8 7 8 6 7 2 2 7 8 2 8 1 3 4
7 9 4 3 1 7 2 1 4 1 6 1 8 6 4 8 0 7 5 5 1 7 7 6 7 6 7 8 6 6
9 8 5 4 7 3 5 8 4 7 8 7 7 5 4 7 7 0 3 2 6 5 7 1 1 7 1 6 6 8
9 9 5 2 5 5 2 5 1 5 8 5 8 6 1 8 5 3 0 2 4 6 8 2 2 8 2 8 7 8
8 7 4 3 5 3 3 6 2 6 7 6 6 4 2 6 5 2 2 0 4 4 7 1 2 6 2 6 5 7
6 8 3 3 1 6 2 2 3 3 5 2 7 4 4 7 1 6 4 4 0 6 6 5 6 5 6 7 4 5
6 3 3 6 7 1 6 8 6 8 5 7 2 2 6 2 7 5 6 4 6 0 3 5 6 3 6 2 3 5
3 2 3 7 6 4 7 8 7 8 2 7 2 2 8 2 7 7 8 7 6 3 0 8 8 1 8 3 2 2
10 8 5 3 6 4 4 7 2 6 8 7 8 5 2 7 6 1 2 1 5 5 8 0 1 7 1 7 7 8
10 9 5 4 7 4 4 7 3 7 9 7 8 6 3 8 7 1 2 2 6 6 8 1 0 8 0 7 7 9
3 3 3 7 5 4 6 7 7 8 2 6 2 2 7 2 6 7 8 6 5 3 1 7 8 0 8 3 1 2
10 9 5 4 7 4 4 7 3 7 9 7 8 6 3 8 7 1 2 2 6 6 8 1 0 8 0 7 7 9
5 1 4 8 8 3 7 9 8 10 5 8 1 3 8 1 8 6 8 6 7 2 3 7 7 3 7 0 3 5
3 4 2 6 5 4 5 7 6 7 2 5 3 1 6 3 6 6 7 5 4 3 2 7 7 1 7 3 0 2
1 5 3 7 5 6 6 7 7 7 0 5 4 4 8 4 6 8 8 7 5 5 2 8 9 2 9 5 2 0
,
0 26 14 39 24 51 36 21 40 49 8 36 18 14 61 19 47 42 63 61 18 23 13 70 39 12 49 24 9 8
30 0 28 36 48 20 42 60 44 55 27 25 3 21 26 8 66 51 27 25 24 8 11 29 46 8 63 10 22 27
22 29 0 21 26 19 19 36 23 15 23 11 15 10 20 15 27 18 31 23 13 13 9 28 38 9 36 27 9 18
32 36 25 0 18 27 2 23 3 21 34 14 52 36 6 31 8 30 10 15 17 41 44 21 17 39 17 35 25 43
20 57 19 24 0 40 7 14 27 16 15 4 40 32 16 38 4 30 20 20 8 44 33 34 36 34 24 49 27 28
43 25 13 39 40 0 16 30 14 22 45 46 13 16 23 9 37 17 40 23 27 8 27 16 15 16 31 11 21 31
42 57 10 5 8 39 0 11 4 19 18 14 49 32 9 30 16 22 12 9 11 23 29 12 25 28 24 42 22 27
20 42 21 12 9 54 11 0 29 3 35 7 30 38 16 56 3 26 28 32 16 23 57 34 23 46 52 62 33 32
45 32 22 2 14 32 7 30 0 20 44 22 21 13 2 19 17 26 3 8 20 18 37 10 17 35 22 30 17 39
35 43 16 19 15 28 14 3 10 0 43 9 48 25 27 62 9 23 27 35 17 25 49 30 33 23 30 69 51 51
9 12 19 35 25 39 18 37 29 22 0 19 14 18 47 15 33 51 51 28 34 31 15 33 49 7 43 24 10 0
23 27 18 24 2 43 9 11 27 10 33 0 27 18 27 49 7 47 38 24 6 45 47 34 52 38 54 38 38 34
31 3 11 54 29 22 21 64 49 47 14 31 0 17 28 2 41 38 37 37 38 16 14 47 53 12 40 4 21 25
17 23 6 15 33 12 35 33 14 51 26 37 14 0 29 17 20 27 43 21 15 7 9 37 28 13 38 9 11 23
50 59 19 6 22 22 8 21 2 20 36 22 31 22 0 58 19 11 2 11 9 33 59 13 18 22 21 33 34 25
25 7 28 19 52 17 28 53 23 47 21 40 3 16 55 0 44 18 21 23 24 11 8 46 25 11 30 8 11 25
39 57 23 21 6 43 16 7 25 9 32 5 31 32 10 30 0 44 23 15 8 35 23 18 36 37 40 48 39 31
46 57 31 23 37 9 22 31 22 19 41 33 34 34 24 27 26 0 20 4 39 25 31 5 8 32 5 16 29 47
34 28 26 8 31 38 8 21 7 18 53 14 31 20 2 36 27 18 0 10 23 31 49 12 7 19 7 48 18 34
32 25 13 10 39 16 11 40 12 19 49 21 18 19 12 20 21 10 10 0 31 14 35 8 11 40 9 32 24 34
23 45 18 7 6 33 13 13 17 13 20 12 40 13 15 20 7 24 19 17 0 24 20 31 21 27 29 33 18 34
43 11 10 45 43 6 25 41 18 43 29 26 11 8 29 7 18 24 33 19 17 0 19 33 19 10 30 6 10 18
13 7 23 29 36 18 32 26 39 27 14 17 12 16 55 5 37 20 56 19 24 12 0 57 21 3 35 11 5 8
71 29 27 10 36 17 12 40 7 35 49 19 48 32 12 47 41 6 8 8 23 31 35 0 3 42 4 24 39 40
39 56 22 14 18 33 18 51 13 50 30 29 42 28 16 47 27 7 15 12 19 37 24 3 0 26 1 31 48 62
18 17 8 44 37 19 43 48 28 30 11 44 7 11 49 7 33 33 37 19 19 13 2 28 32 0 50 17 4 7
72 46 36 25 30 22 26 23 13 19 53 29 27 33 8 41 39 3 18 6 25 14 22 4 1 20 0 28 22 40
30 8 16 28 39 14 19 41 40 65 25 32 4 10 37 6 59 35 33 23 36 11 8 46 32 20 51 0 10 25
15 17 9 34 15 24 22 29 17 28 11 35 22 5 21 10 18 34 41 33 19 12 4 37 29 6 44 9 0 9
3 32 13 25 31 35 26 37 31 53 0 27 29 26 32 10 38 44 32 35 30 14 14 41 42 13 46 29 16 0