5
30
,
0 (21.0, 49.0) 32.0
1 (45.0, 48.0) 31.0
2 (31.0, 28.0) 44.0
3 (27.0, 8.0) 42.0
4 (15.0, 21.0) 21.0
5 (48.0, 27.0) 25.0
6 (25.0, 12.0) 14.0
7 (10.0, 12.0) 25.0
8 (30.0, 7.0) 19.0
9 (11.0, 9.0) 30.0
10 (22.0, 43.0) 36.0
11 (12.0, 20.0) 17.0
12 (44.0, 44.0) 33.0
13 (37.0, 33.0) 44.0
14 (31.0, 5.0) 36.0
15 (42.0, 43.0) 24.0
16 (14.0, 15.0) 12.0
17 (48.0, 10.0) 41.0
18 (34.0, 4.0) 40.0
19 (40.0, 12.0) 44.0
20 (20.0, 19.0) 19.0
21 (46.0, 33.0) 46.0
22 (34.0, 44.0) 11.0
23 (42.0, 6.0) 23.0
24 (45.0, 5.0) 14.0
25 (32.0, 42.0) 32.0
26 (46.0, 5.0) 40.0
27 (47.0, 41.0) 17.0
28 (31.0, 37.0) 46.0
29 (22.0, 43.0) 29.0
,
0 5 5 8 6 7 7 8 9 8 1 6 5 5 9 4 7 9 9 8 6 6 3 10 10 3 10 5 3 1
5 0 5 9 8 4 8 10 9 10 5 9 1 3 9 1 9 8 9 7 8 3 2 8 9 3 9 1 4 5
5 5 0 4 3 3 3 5 4 6 3 4 4 2 5 4 4 5 5 4 3 3 3 5 5 3 5 4 2 3
8 9 4 0 4 6 1 3 1 3 7 4 8 5 1 8 3 4 2 3 3 6 7 3 4 7 4 8 6 7
6 8 3 4 0 7 3 2 4 3 5 1 7 5 5 7 1 7 5 5 1 7 6 6 7 5 7 8 5 5
7 4 3 6 7 0 5 8 5 8 6 7 3 3 6 3 7 3 5 3 6 1 4 4 4 4 4 3 4 6
7 8 3 1 3 5 0 3 1 3 6 3 7 5 2 7 2 5 2 3 2 6 7 4 4 6 4 7 5 6
8 10 5 3 2 8 3 0 4 1 7 2 9 7 4 9 1 8 5 6 2 8 8 7 7 7 7 9 7 7
9 9 4 1 4 5 1 4 0 4 7 4 8 5 0 8 4 4 1 2 3 6 7 2 3 7 3 8 6 7
8 10 6 3 3 8 3 1 4 0 7 2 10 7 4 9 1 7 5 6 3 8 8 6 7 8 7 10 7 7
1 5 3 7 5 6 6 7 7 7 0 5 4 4 8 4 6 8 8 7 5 5 2 8 9 2 9 5 2 0
6 9 4 4 1 7 3 2 4 2 5 0 8 6 5 8 1 7 5 6 2 7 7 7 7 6 7 8 5 5
5 1 4 8 7 3 7 9 8 10 4 8 0 3 8 0 8 7 8 6 7 2 2 8 8 2 8 1 3 4
5 3 2 5 5 3 5 7 5 7 4 6 3 0 6 2 6 5 6 4 4 2 2 5 6 2 6 3 1 4
9 9 5 1 5 6 2 4 0 4 8 5 8 6 0 8 4 4 1 2 4 6 8 2 3 7 3 8 6 8
4 1 4 8 7 3 7 9 8 9 4 8 0 2 8 0 8 7 8 6 7 2 2 7 8 2 8 1 3 4
7 9 4 3 1 7 2 1 4 1 6 1 8 6 4 8 0 7 5 5 1 7 7 6 7 6 7 8 6 6
9 8 5 4 7 3 5 8 4 7 8 7 7 5 4 7 7 0 3 2 6 5 7 1 1 7 1 6 6 8
9 9 5 2 5 5 2 5 1 5 8 5 8 6 1 8 5 3 0 2 4 6 8 2 2 8 2 8 7 8
8 7 4 3 5 3 3 6 2 6 7 6 6 4 2 6 5 2 2 0 4 4 7 1 2 6 2 6 5 7
6 8 3 3 1 6 2 2 3 3 5 2 7 4 4 7 1 6 4 4 0 6 6 5 6 5 6 7 4 5
6 3 3 6 7 1 6 8 6 8 5 7 2 2 6 2 7 5 6 4 6 0 3 5 6 3 6 2 3 5
3 2 3 7 6 4 7 8 7 8 2 7 2 2 8 2 7 7 8 7 6 3 0 8 8 1 8 3 2 2
10 8 5 3 6 4 4 7 2 6 8 7 8 5 2 7 6 1 2 1 5 5 8 0 1 7 1 7 7 8
10 9 5 4 7 4 4 7 3 7 9 7 8 6 3 8 7 1 2 2 6 6 8 1 0 8 0 7 7 9
3 3 3 7 5 4 6 7 7 8 2 6 2 2 7 2 6 7 8 6 5 3 1 7 8 0 8 3 1 2
10 9 5 4 7 4 4 7 3 7 9 7 8 6 3 8 7 1 2 2 6 6 8 1 0 8 0 7 7 9
5 1 4 8 8 3 7 9 8 10 5 8 1 3 8 1 8 6 8 6 7 2 3 7 7 3 7 0 3 5
3 4 2 6 5 4 5 7 6 7 2 5 3 1 6 3 6 6 7 5 4 3 2 7 7 1 7 3 0 2
1 5 3 7 5 6 6 7 7 7 0 5 4 4 8 4 6 8 8 7 5 5 2 8 9 2 9 5 2 0
,
0 14 26 46 38 19 51 54 29 49 7 25 25 21 65 29 26 64 35 52 44 25 11 48 29 10 27 23 16 8
27 0 17 38 33 28 61 34 59 41 32 58 4 21 47 7 51 26 45 28 47 10 9 23 36 13 29 6 17 26
20 26 0 20 24 12 15 30 21 26 17 31 29 4 23 23 19 23 19 19 14 22 15 36 37 14 30 29 11 13
55 57 15 0 22 17 6 10 2 11 28 17 44 28 5 56 16 14 11 12 13 16 24 13 20 22 17 34 37 28
21 27 13 11 0 24 10 14 23 8 32 3 54 19 25 20 6 32 23 17 5 46 42 17 26 36 37 55 15 27
26 19 24 27 22 0 37 23 30 23 33 42 13 9 38 14 36 11 38 24 16 6 12 21 20 13 16 18 19 33
37 46 18 3 11 40 0 21 4 14 23 16 46 20 12 45 15 20 11 10 5 38 39 16 28 20 19 28 37 35
28 56 18 23 8 23 19 0 15 5 32 9 40 37 20 54 5 38 27 28 9 31 50 40 34 50 44 28 23 28
36 45 29 4 29 16 8 31 0 25 26 11 57 19 1 48 9 24 3 13 19 17 36 11 22 47 22 36 33 21
50 40 40 15 9 54 10 5 25 0 38 9 51 18 23 51 7 23 33 43 13 47 25 40 48 35 43 35 33 25
3 24 11 21 13 17 41 19 53 43 0 19 22 15 49 25 15 47 56 45 17 22 9 51 34 11 65 21 6 0
29 45 30 23 2 27 9 5 23 9 36 0 33 32 17 20 7 40 38 28 10 20 44 33 44 21 33 42 26 25
30 2 16 41 22 18 26 36 54 58 17 20 0 18 25 3 60 51 24 25 43 9 10 46 43 15 47 4 11 14
16 12 11 18 13 19 23 25 18 45 25 42 10 0 26 7 24 16 24 25 30 6 8 17 17 14 18 9 5 27
47 28 12 4 18 41 9 32 1 17 32 15 55 20 0 35 22 24 2 11 23 27 58 13 17 22 19 39 25 36
11 5 15 28 20 13 39 62 19 40 24 34 3 11 23 0 45 45 32 38 20 15 4 47 24 8 41 6 14 14
40 26 21 19 8 23 12 3 16 7 35 4 48 24 24 27 0 47 31 31 9 35 18 42 37 24 42 24 29 26
53 30 20 16 40 22 27 54 24 27 24 36 43 14 10 40 44 0 10 5 35 18 39 4 8 40 5 18 36 54
45 49 33 9 15 16 17 16 3 21 44 35 59 39 3 21 17 16 0 15 25 34 52 7 9 42 13 44 22 33
48 32 26 10 26 13 13 34 8 44 44 21 22 20 8 28 22 7 10 0 12 24 18 3 7 22 7 22 20 40
38 35 14 9 3 15 4 8 12 7 27 11 49 17 15 24 6 29 19 16 0 17 32 14 41 24 31 28 23 21
32 11 19 19 21 6 36 45 32 41 27 18 10 5 21 7 28 32 41 30 29 0 21 33 16 9 15 6 18 39
15 11 21 34 28 30 42 38 20 55 11 41 13 17 33 7 36 33 29 22 20 10 0 33 23 4 34 11 8 14
24 31 16 17 32 24 10 24 17 40 62 44 37 22 7 30 22 10 4 5 19 26 43 0 5 30 2 24 45 27
39 48 38 17 32 23 14 52 16 51 48 36 41 43 17 30 16 4 8 7 18 37 60 5 0 45 1 24 44 37
10 12 21 51 38 13 26 27 50 41 15 15 12 13 55 8 40 48 22 22 16 11 2 26 32 0 30 20 5 11
39 38 20 17 34 17 18 50 19 27 35 38 30 27 9 32 35 6 18 6 16 37 35 4 1 40 0 46 37 67
29 10 30 43 50 20 53 61 43 49 34 48 2 12 22 8 50 43 47 41 42 10 20 34 44 11 21 0 21 32
8 26 11 26 32 12 38 29 17 41 13 33 11 6 31 7 19 41 47 36 31 14 10 26 41 6 27 22 0 16
9 22 23 52 16 38 33 38 33 26 0 37 11 17 25 13 37 62 30 29 32 34 17 52 66 9 24 17 12 0