5
30
,
0 (21.0, 49.0) 12.0
1 (45.0, 48.0) 18.0
2 (31.0, 28.0) 17.0
3 (27.0, 8.0) 24.0
4 (15.0, 21.0) 37.0
5 (48.0, 27.0) 40.0
6 (25.0, 12.0) 13.0
7 (10.0, 12.0) 35.0
8 (30.0, 7.0) 10.0
9 (11.0, 9.0) 30.0
10 (22.0, 43.0) 47.0
11 (12.0, 20.0) 48.0
12 (44.0, 44.0) 13.0
13 (37.0, 33.0) 36.0
14 (31.0, 5.0) 18.0
15 (42.0, 43.0) 16.0
16 (14.0, 15.0) 19.0
17 (48.0, 10.0) 20.0
18 (34.0, 4.0) 35.0
19 (40.0, 12.0) 37.0
20 (20.0, 19.0) 38.0
21 (46.0, 33.0) 34.0
22 (34.0, 44.0) 32.0
23 (42.0, 6.0) 33.0
24 (45.0, 5.0) 28.0
25 (32.0, 42.0) 22.0
26 (46.0, 5.0) 20.0
27 (47.0, 41.0) 13.0
28 (31.0, 37.0) 24.0
29 (22.0, 43.0) 14.0
,
0 5 5 8 6 7 7 8 9 8 1 6 5 5 9 4 7 9 9 8 6 6 3 10 10 3 10 5 3 1
5 0 5 9 8 4 8 10 9 10 5 9 1 3 9 1 9 8 9 7 8 3 2 8 9 3 9 1 4 5
5 5 0 4 3 3 3 5 4 6 3 4 4 2 5 4 4 5 5 4 3 3 3 5 5 3 5 4 2 3
8 9 4 0 4 6 1 3 1 3 7 4 8 5 1 8 3 4 2 3 3 6 7 3 4 7 4 8 6 7
6 8 3 4 0 7 3 2 4 3 5 1 7 5 5 7 1 7 5 5 1 7 6 6 7 5 7 8 5 5
7 4 3 6 7 0 5 8 5 8 6 7 3 3 6 3 7 3 5 3 6 1 4 4 4 4 4 3 4 6
7 8 3 1 3 5 0 3 1 3 6 3 7 5 2 7 2 5 2 3 2 6 7 4 4 6 4 7 5 6
8 10 5 3 2 8 3 0 4 1 7 2 9 7 4 9 1 8 5 6 2 8 8 7 7 7 7 9 7 7
9 9 4 1 4 5 1 4 0 4 7 4 8 5 0 8 4 4 1 2 3 6 7 2 3 7 3 8 6 7
8 10 6 3 3 8 3 1 4 0 7 2 10 7 4 9 1 7 5 6 3 8 8 6 7 8 7 10 7 7
1 5 3 7 5 6 6 7 7 7 0 5 4 4 8 4 6 8 8 7 5 5 2 8 9 2 9 5 2 0
6 9 4 4 1 7 3 2 4 2 5 0 8 6 5 8 1 7 5 6 2 7 7 7 7 6 7 8 5 5
5 1 4 8 7 3 7 9 8 10 4 8 0 3 8 0 8 7 8 6 7 2 2 8 8 2 8 1 3 4
5 3 2 5 5 3 5 7 5 7 4 6 3 0 6 2 6 5 6 4 4 2 2 5 6 2 6 3 1 4
9 9 5 1 5 6 2 4 0 4 8 5 8 6 0 8 4 4 1 2 4 6 8 2 3 7 3 8 6 8
4 1 4 8 7 3 7 9 8 9 4 8 0 2 8 0 8 7 8 6 7 2 2 7 8 2 8 1 3 4
7 9 4 3 1 7 2 1 4 1 6 1 8 6 4 8 0 7 5 5 1 7 7 6 7 6 7 8 6 6
9 8 5 4 7 3 5 8 4 7 8 7 7 5 4 7 7 0 3 2 6 5 7 1 1 7 1 6 6 8
9 9 5 2 5 5 2 5 1 5 8 5 8 6 1 8 5 3 0 2 4 6 8 2 2 8 2 8 7 8
8 7 4 3 5 3 3 6 2 6 7 6 6 4 2 6 5 2 2 0 4 4 7 1 2 6 2 6 5 7
6 8 3 3 1 6 2 2 3 3 5 2 7 4 4 7 1 6 4 4 0 6 6 5 6 5 6 7 4 5
6 3 3 6 7 1 6 8 6 8 5 7 2 2 6 2 7 5 6 4 6 0 3 5 6 3 6 2 3 5
3 2 3 7 6 4 7 8 7 8 2 7 2 2 8 2 7 7 8 7 6 3 0 8 8 1 8 3 2 2
10 8 5 3 6 4 4 7 2 6 8 7 8 5 2 7 6 1 2 1 5 5 8 0 1 7 1 7 7 8
10 9 5 4 7 4 4 7 3 7 9 7 8 6 3 8 7 1 2 2 6 6 8 1 0 8 0 7 7 9
3 3 3 7 5 4 6 7 7 8 2 6 2 2 7 2 6 7 8 6 5 3 1 7 8 0 8 3 1 2
10 9 5 4 7 4 4 7 3 7 9 7 8 6 3 8 7 1 2 2 6 6 8 1 0 8 0 7 7 9
5 1 4 8 8 3 7 9 8 10 5 8 1 3 8 1 8 6 8 6 7 2 3 7 7 3 7 0 3 5
3 4 2 6 5 4 5 7 6 7 2 5 3 1 6 3 6 6 7 5 4 3 2 7 7 1 7 3 0 2
1 5 3 7 5 6 6 7 7 7 0 5 4 4 8 4 6 8 8 7 5 5 2 8 9 2 9 5 2 0
,
0 14 28 42 33 27 27 57 25 59 6 42 34 33 63 26 46 37 40 32 32 16 14 40 28 16 60 25 20 5
29 0 35 43 31 26 41 52 28 51 26 44 3 9 43 4 66 55 65 32 41 13 13 56 33 17 53 5 25 13
33 19 0 24 23 16 24 16 14 36 15 28 18 5 14 25 20 17 33 13 17 21 19 18 29 15 32 28 5 16
29 48 28 0 18 22 4 25 4 13 42 17 48 33 4 43 18 19 7 17 18 40 50 14 15 34 21 20 33 44
22 26 15 21 0 43 8 5 23 17 29 4 43 33 26 22 6 36 15 39 4 28 30 33 26 14 37 33 14 28
20 28 21 27 44 0 28 31 39 22 28 52 14 14 37 24 41 18 19 22 22 3 29 16 14 24 32 19 14 34
50 21 22 5 9 25 0 15 9 20 18 15 44 30 5 37 10 16 11 11 10 24 33 22 31 29 29 53 23 25
48 71 31 17 15 27 17 0 24 2 24 6 53 29 21 39 4 47 25 27 16 46 34 47 24 55 37 34 37 27
42 30 27 2 18 33 9 15 0 21 46 31 28 32 3 57 17 9 5 9 11 39 50 8 20 40 20 25 23 19
22 40 36 22 16 44 15 2 29 0 45 8 65 40 19 67 10 31 22 23 11 61 46 18 42 45 21 40 34 34
6 22 16 36 31 31 23 28 26 42 0 20 23 26 41 29 37 42 56 36 22 28 16 21 26 7 54 29 8 0
29 22 28 17 4 37 10 12 17 17 29 0 33 31 18 56 7 26 16 34 4 41 36 43 33 40 39 45 28 16
20 4 25 55 48 24 47 62 44 41 17 57 0 18 47 2 58 31 42 32 31 13 10 54 52 10 36 3 9 26
32 15 6 28 13 19 16 50 24 21 15 17 10 0 25 14 23 32 28 29 32 9 16 17 32 8 21 11 4 17
24 60 31 3 19 26 5 15 2 24 43 34 34 20 0 51 14 24 3 12 9 23 20 15 11 48 15 33 29 40
31 8 27 45 19 23 29 56 35 42 16 34 2 16 52 0 36 19 57 27 32 11 10 21 51 12 22 8 18 23
42 28 30 10 4 35 10 7 12 4 23 3 62 26 29 39 0 47 14 38 6 20 28 15 26 23 21 58 24 31
28 40 18 30 17 13 17 46 24 26 58 54 42 33 24 45 32 0 22 7 32 15 19 6 6 52 3 18 34 61
41 48 18 6 32 16 11 30 5 29 47 29 45 30 3 45 14 14 0 10 31 24 41 5 13 36 17 50 33 27
31 30 16 17 23 13 16 40 15 23 47 41 39 27 9 46 32 8 6 0 30 25 40 8 10 42 8 42 19 49
15 54 21 13 8 36 6 12 14 9 16 10 37 26 26 35 10 43 31 21 0 34 29 22 35 23 27 23 18 13
30 9 16 17 24 6 33 25 21 58 20 43 11 9 38 6 19 30 23 20 24 0 15 27 16 21 36 9 14 38
9 15 9 20 27 31 25 44 43 27 16 40 8 15 47 5 20 52 46 18 27 18 0 51 50 3 24 17 11 9
29 37 28 11 37 32 13 18 11 17 44 41 52 35 15 20 21 5 11 7 20 27 31 0 3 27 5 45 26 44
30 31 37 13 20 14 16 29 22 39 61 54 34 43 21 46 28 5 10 9 15 31 47 5 0 53 1 44 33 43
11 20 8 29 16 15 26 33 33 28 10 43 15 14 36 10 42 51 27 24 18 15 4 35 32 0 30 11 4 15
33 62 26 26 40 23 15 41 24 24 36 31 39 42 20 33 44 6 10 8 16 35 28 4 1 36 0 41 42 51
27 6 17 40 29 17 22 54 20 40 28 34 2 19 21 7 48 35 32 30 39 9 19 50 19 17 52 0 13 20
22 16 10 22 34 27 22 43 38 21 7 34 17 10 21 8 31 38 31 14 26 13 9 45 20 5 26 25 0 8
9 30 9 23 30 34 46 34 40 23 0 21 30 18 58 29 31 60 44 46 16 28 15 40 32 14 62 18 7 0