5
30
,
0 (21.0, 49.0) 15.0
1 (45.0, 48.0) 19.0
2 (31.0, 28.0) 26.0
3 (27.0, 8.0) 12.0
4 (15.0, 21.0) 19.0
5 (48.0, 27.0) 46.0
6 (25.0, 12.0) 48.0
7 (10.0, 12.0) 34.0
8 (30.0, 7.0) 11.0
9 (11.0, 9.0) 20.0
10 (22.0, 43.0) 45.0
11 (12.0, 20.0) 17.0
12 (44.0, 44.0) 21.0
13 (37.0, 33.0) 24.0
14 (31.0, 5.0) 12.0
15 (42.0, 43.0) 32.0
16 (14.0, 15.0) 14.0
17 (48.0, 10.0) 11.0
18 (34.0, 4.0) 46.0
19 (40.0, 12.0) 21.0
20 (20.0, 19.0) 29.0
21 (46.0, 33.0) 41.0
22 (34.0, 44.0) 26.0
23 (42.0, 6.0) 17.0
24 (45.0, 5.0) 23.0
25 (32.0, 42.0) 28.0
26 (46.0, 5.0) 11.0
27 (47.0, 41.0) 42.0
28 (31.0, 37.0) 25.0
29 (22.0, 43.0) 49.0
,
0 5 5 8 6 7 7 8 9 8 1 6 5 5 9 4 7 9 9 8 6 6 3 10 10 3 10 5 3 1
5 0 5 9 8 4 8 10 9 10 5 9 1 3 9 1 9 8 9 7 8 3 2 8 9 3 9 1 4 5
5 5 0 4 3 3 3 5 4 6 3 4 4 2 5 4 4 5 5 4 3 3 3 5 5 3 5 4 2 3
8 9 4 0 4 6 1 3 1 3 7 4 8 5 1 8 3 4 2 3 3 6 7 3 4 7 4 8 6 7
6 8 3 4 0 7 3 2 4 3 5 1 7 5 5 7 1 7 5 5 1 7 6 6 7 5 7 8 5 5
7 4 3 6 7 0 5 8 5 8 6 7 3 3 6 3 7 3 5 3 6 1 4 4 4 4 4 3 4 6
7 8 3 1 3 5 0 3 1 3 6 3 7 5 2 7 2 5 2 3 2 6 7 4 4 6 4 7 5 6
8 10 5 3 2 8 3 0 4 1 7 2 9 7 4 9 1 8 5 6 2 8 8 7 7 7 7 9 7 7
9 9 4 1 4 5 1 4 0 4 7 4 8 5 0 8 4 4 1 2 3 6 7 2 3 7 3 8 6 7
8 10 6 3 3 8 3 1 4 0 7 2 10 7 4 9 1 7 5 6 3 8 8 6 7 8 7 10 7 7
1 5 3 7 5 6 6 7 7 7 0 5 4 4 8 4 6 8 8 7 5 5 2 8 9 2 9 5 2 0
6 9 4 4 1 7 3 2 4 2 5 0 8 6 5 8 1 7 5 6 2 7 7 7 7 6 7 8 5 5
5 1 4 8 7 3 7 9 8 10 4 8 0 3 8 0 8 7 8 6 7 2 2 8 8 2 8 1 3 4
5 3 2 5 5 3 5 7 5 7 4 6 3 0 6 2 6 5 6 4 4 2 2 5 6 2 6 3 1 4
9 9 5 1 5 6 2 4 0 4 8 5 8 6 0 8 4 4 1 2 4 6 8 2 3 7 3 8 6 8
4 1 4 8 7 3 7 9 8 9 4 8 0 2 8 0 8 7 8 6 7 2 2 7 8 2 8 1 3 4
7 9 4 3 1 7 2 1 4 1 6 1 8 6 4 8 0 7 5 5 1 7 7 6 7 6 7 8 6 6
9 8 5 4 7 3 5 8 4 7 8 7 7 5 4 7 7 0 3 2 6 5 7 1 1 7 1 6 6 8
9 9 5 2 5 5 2 5 1 5 8 5 8 6 1 8 5 3 0 2 4 6 8 2 2 8 2 8 7 8
8 7 4 3 5 3 3 6 2 6 7 6 6 4 2 6 5 2 2 0 4 4 7 1 2 6 2 6 5 7
6 8 3 3 1 6 2 2 3 3 5 2 7 4 4 7 1 6 4 4 0 6 6 5 6 5 6 7 4 5
6 3 3 6 7 1 6 8 6 8 5 7 2 2 6 2 7 5 6 4 6 0 3 5 6 3 6 2 3 5
3 2 3 7 6 4 7 8 7 8 2 7 2 2 8 2 7 7 8 7 6 3 0 8 8 1 8 3 2 2
10 8 5 3 6 4 4 7 2 6 8 7 8 5 2 7 6 1 2 1 5 5 8 0 1 7 1 7 7 8
10 9 5 4 7 4 4 7 3 7 9 7 8 6 3 8 7 1 2 2 6 6 8 1 0 8 0 7 7 9
3 3 3 7 5 4 6 7 7 8 2 6 2 2 7 2 6 7 8 6 5 3 1 7 8 0 8 3 1 2
10 9 5 4 7 4 4 7 3 7 9 7 8 6 3 8 7 1 2 2 6 6 8 1 0 8 0 7 7 9
5 1 4 8 8 3 7 9 8 10 5 8 1 3 8 1 8 6 8 6 7 2 3 7 7 3 7 0 3 5
3 4 2 6 5 4 5 7 6 7 2 5 3 1 6 3 6 6 7 5 4 3 2 7 7 1 7 3 0 2
1 5 3 7 5 6 6 7 7 7 0 5 4 4 8 4 6 8 8 7 5 5 2 8 9 2 9 5 2 0
,
0 33 31 28 39 47 25 41 63 36 6 33 16 13 37 11 36 64 50 33 15 43 7 52 72 19 36 22 12 6
25 0 13 31 35 30 44 29 41 59 22 36 3 11 67 7 66 24 38 52 28 8 6 37 35 9 41 6 14 24
19 14 0 11 10 18 17 29 11 22 22 11 14 8 16 28 26 26 15 27 13 10 18 23 40 10 33 27 7 17
61 64 27 0 16 38 2 11 2 14 35 28 52 24 3 31 18 17 11 10 12 39 22 9 17 30 11 46 15 34
32 40 11 14 0 30 12 6 14 10 24 3 40 17 23 22 4 27 27 30 3 48 25 41 28 38 33 20 18 27
19 26 9 26 38 0 38 41 31 50 38 43 24 17 23 24 36 23 21 25 24 9 28 17 11 31 26 7 21 17
28 25 15 4 12 17 0 13 9 8 35 22 51 13 13 44 11 32 15 10 5 25 49 11 12 40 21 49 14 45
28 54 31 17 12 61 10 0 23 3 19 10 56 26 25 41 4 41 19 35 11 49 53 31 34 43 35 60 40 34
58 57 30 4 12 24 9 28 0 28 36 20 25 24 1 53 20 23 6 9 15 20 47 18 16 44 12 52 41 36
55 60 29 10 10 45 13 3 17 0 49 8 47 27 18 35 10 44 26 35 20 23 39 29 25 27 34 69 31 29
6 31 14 40 22 38 26 49 26 45 0 19 29 13 57 30 16 40 23 20 13 37 15 56 55 6 54 38 9 0
21 27 21 23 3 22 21 10 21 7 32 0 29 14 31 36 4 22 27 28 8 40 30 38 39 33 42 56 20 36
26 6 16 20 22 11 46 36 51 70 19 59 0 9 25 2 59 38 24 16 41 6 6 30 53 9 30 6 21 19
17 15 11 21 16 18 18 42 39 44 22 22 10 0 40 14 23 17 23 16 20 9 13 26 32 11 18 11 6 12
47 46 21 5 29 37 7 33 3 13 32 23 50 15 0 37 22 11 4 7 24 47 22 8 18 53 13 25 17 34
20 8 13 50 44 17 42 60 40 24 10 24 2 14 58 0 41 31 57 35 29 9 11 20 42 7 47 5 14 11
32 49 20 13 8 21 16 7 21 4 40 4 50 33 29 46 0 24 28 14 8 52 34 39 37 37 40 52 26 36
48 32 24 21 39 18 25 48 26 38 31 50 44 34 17 42 33 0 8 12 25 19 40 7 8 52 7 25 41 31
67 29 15 6 22 23 11 23 5 27 42 28 21 29 3 46 14 21 0 9 24 33 31 6 8 57 16 27 25 45
46 34 18 17 15 13 16 27 6 27 52 25 35 19 11 37 29 5 12 0 30 22 42 8 12 30 6 32 27 51
32 26 19 14 6 27 6 15 19 15 22 8 24 15 19 26 10 23 25 11 0 27 20 27 26 24 22 24 30 13
31 9 17 29 21 5 36 47 40 52 37 32 7 12 42 11 35 15 38 18 20 0 15 22 42 20 16 7 12 21
10 16 21 31 18 17 27 23 28 60 9 45 12 9 53 12 48 39 58 42 32 22 0 49 30 2 22 20 4 9
63 45 15 22 32 22 26 37 9 24 46 40 42 39 9 31 28 10 7 4 21 40 38 0 3 46 4 34 19 37
28 51 32 10 45 22 28 32 9 21 26 48 43 35 18 48 32 8 11 9 42 34 50 3 0 36 1 25 44 31
12 16 15 49 33 12 38 21 23 49 7 15 13 12 55 13 22 53 51 42 33 22 2 25 39 0 38 11 7 11
72 57 25 13 29 13 20 40 23 51 33 19 49 16 18 41 18 7 13 13 22 36 34 3 1 53 0 50 25 44
25 6 29 46 36 15 37 53 49 64 29 26 6 10 50 8 23 18 32 38 29 12 13 21 33 8 26 0 22 33
17 18 8 27 30 21 14 33 36 41 13 23 14 7 18 9 32 18 43 15 29 19 11 39 19 5 53 10 0 11
8 17 18 29 32 37 17 24 54 40 0 37 26 16 40 22 32 22 36 32 18 15 6 34 30 6 37 20 9 0