5
30
,
0 (21.0, 49.0) 11.0
1 (45.0, 48.0) 16.0
2 (31.0, 28.0) 19.0
3 (27.0, 8.0) 39.0
4 (15.0, 21.0) 41.0
5 (48.0, 27.0) 20.0
6 (25.0, 12.0) 37.0
7 (10.0, 12.0) 23.0
8 (30.0, 7.0) 14.0
9 (11.0, 9.0) 12.0
10 (22.0, 43.0) 17.0
11 (12.0, 20.0) 13.0
12 (44.0, 44.0) 19.0
13 (37.0, 33.0) 23.0
14 (31.0, 5.0) 29.0
15 (42.0, 43.0) 41.0
16 (14.0, 15.0) 35.0
17 (48.0, 10.0) 43.0
18 (34.0, 4.0) 16.0
19 (40.0, 12.0) 28.0
20 (20.0, 19.0) 21.0
21 (46.0, 33.0) 31.0
22 (34.0, 44.0) 38.0
23 (42.0, 6.0) 20.0
24 (45.0, 5.0) 12.0
25 (32.0, 42.0) 11.0
26 (46.0, 5.0) 15.0
27 (47.0, 41.0) 37.0
28 (31.0, 37.0) 15.0
29 (22.0, 43.0) 24.0
,
0 5 5 8 6 7 7 8 9 8 1 6 5 5 9 4 7 9 9 8 6 6 3 10 10 3 10 5 3 1
5 0 5 9 8 4 8 10 9 10 5 9 1 3 9 1 9 8 9 7 8 3 2 8 9 3 9 1 4 5
5 5 0 4 3 3 3 5 4 6 3 4 4 2 5 4 4 5 5 4 3 3 3 5 5 3 5 4 2 3
8 9 4 0 4 6 1 3 1 3 7 4 8 5 1 8 3 4 2 3 3 6 7 3 4 7 4 8 6 7
6 8 3 4 0 7 3 2 4 3 5 1 7 5 5 7 1 7 5 5 1 7 6 6 7 5 7 8 5 5
7 4 3 6 7 0 5 8 5 8 6 7 3 3 6 3 7 3 5 3 6 1 4 4 4 4 4 3 4 6
7 8 3 1 3 5 0 3 1 3 6 3 7 5 2 7 2 5 2 3 2 6 7 4 4 6 4 7 5 6
8 10 5 3 2 8 3 0 4 1 7 2 9 7 4 9 1 8 5 6 2 8 8 7 7 7 7 9 7 7
9 9 4 1 4 5 1 4 0 4 7 4 8 5 0 8 4 4 1 2 3 6 7 2 3 7 3 8 6 7
8 10 6 3 3 8 3 1 4 0 7 2 10 7 4 9 1 7 5 6 3 8 8 6 7 8 7 10 7 7
1 5 3 7 5 6 6 7 7 7 0 5 4 4 8 4 6 8 8 7 5 5 2 8 9 2 9 5 2 0
6 9 4 4 1 7 3 2 4 2 5 0 8 6 5 8 1 7 5 6 2 7 7 7 7 6 7 8 5 5
5 1 4 8 7 3 7 9 8 10 4 8 0 3 8 0 8 7 8 6 7 2 2 8 8 2 8 1 3 4
5 3 2 5 5 3 5 7 5 7 4 6 3 0 6 2 6 5 6 4 4 2 2 5 6 2 6 3 1 4
9 9 5 1 5 6 2 4 0 4 8 5 8 6 0 8 4 4 1 2 4 6 8 2 3 7 3 8 6 8
4 1 4 8 7 3 7 9 8 9 4 8 0 2 8 0 8 7 8 6 7 2 2 7 8 2 8 1 3 4
7 9 4 3 1 7 2 1 4 1 6 1 8 6 4 8 0 7 5 5 1 7 7 6 7 6 7 8 6 6
9 8 5 4 7 3 5 8 4 7 8 7 7 5 4 7 7 0 3 2 6 5 7 1 1 7 1 6 6 8
9 9 5 2 5 5 2 5 1 5 8 5 8 6 1 8 5 3 0 2 4 6 8 2 2 8 2 8 7 8
8 7 4 3 5 3 3 6 2 6 7 6 6 4 2 6 5 2 2 0 4 4 7 1 2 6 2 6 5 7
6 8 3 3 1 6 2 2 3 3 5 2 7 4 4 7 1 6 4 4 0 6 6 5 6 5 6 7 4 5
6 3 3 6 7 1 6 8 6 8 5 7 2 2 6 2 7 5 6 4 6 0 3 5 6 3 6 2 3 5
3 2 3 7 6 4 7 8 7 8 2 7 2 2 8 2 7 7 8 7 6 3 0 8 8 1 8 3 2 2
10 8 5 3 6 4 4 7 2 6 8 7 8 5 2 7 6 1 2 1 5 5 8 0 1 7 1 7 7 8
10 9 5 4 7 4 4 7 3 7 9 7 8 6 3 8 7 1 2 2 6 6 8 1 0 8 0 7 7 9
3 3 3 7 5 4 6 7 7 8 2 6 2 2 7 2 6 7 8 6 5 3 1 7 8 0 8 3 1 2
10 9 5 4 7 4 4 7 3 7 9 7 8 6 3 8 7 1 2 2 6 6 8 1 0 8 0 7 7 9
5 1 4 8 8 3 7 9 8 10 5 8 1 3 8 1 8 6 8 6 7 2 3 7 7 3 7 0 3 5
3 4 2 6 5 4 5 7 6 7 2 5 3 1 6 3 6 6 7 5 4 3 2 7 7 1 7 3 0 2
1 5 3 7 5 6 6 7 7 7 0 5 4 4 8 4 6 8 8 7 5 5 2 8 9 2 9 5 2 0
,
0 32 17 28 34 29 45 47 62 29 4 31 13 27 62 25 27 41 53 61 25 43 7 25 55 17 48 16 12 4
22 0 36 63 24 22 46 74 53 29 28 39 5 18 41 3 45 32 43 49 49 11 14 31 48 21 63 4 23 13
34 21 0 16 20 10 20 17 20 39 18 14 30 9 27 24 29 28 24 20 15 14 14 13 26 14 22 17 6 22
52 62 13 0 15 19 4 18 2 9 49 18 53 19 3 28 8 26 7 16 18 23 22 18 24 33 16 43 41 19
27 59 17 17 0 20 11 11 29 9 18 2 37 33 17 44 4 47 20 25 6 44 19 36 38 19 36 49 26 30
36 13 25 36 46 0 40 43 18 56 19 29 11 14 30 14 30 15 37 20 15 5 26 28 23 17 15 21 21 43
32 34 25 3 7 37 0 9 9 18 24 17 25 18 9 19 10 34 11 8 6 23 43 17 13 35 14 53 26 18
32 34 20 20 8 44 20 0 14 2 17 5 59 22 18 40 6 21 25 36 15 34 44 28 29 53 37 24 48 46
62 59 16 4 18 16 10 19 0 15 45 24 29 15 3 28 11 16 3 14 17 27 41 13 13 25 10 47 25 34
24 46 22 11 18 43 19 3 22 0 21 10 25 25 19 54 5 51 24 34 8 64 34 22 46 29 25 30 31 52
8 26 23 52 25 16 41 32 26 44 0 32 20 20 49 23 33 62 31 26 35 28 10 61 31 13 55 15 9 0
22 38 21 13 4 43 11 11 33 8 20 0 24 30 24 45 4 21 38 40 5 38 32 26 43 17 24 47 33 33
25 5 17 25 55 22 42 52 40 29 20 20 0 17 32 1 48 34 57 31 50 10 12 35 51 14 23 3 10 19
12 10 8 39 16 14 26 41 34 37 16 34 11 0 32 12 16 35 36 31 30 8 12 30 36 8 35 7 11 14
62 40 21 7 14 16 6 29 2 27 30 19 32 38 0 36 29 19 4 7 10 30 49 14 9 22 8 36 38 42
24 6 17 56 48 9 45 43 46 54 20 31 2 6 34 0 31 43 38 33 20 13 10 32 44 9 54 4 16 20
40 59 26 11 4 51 15 7 26 7 20 7 38 25 15 43 0 21 26 30 10 36 52 18 44 40 25 35 25 35
53 57 25 30 25 12 26 33 16 44 28 30 44 18 25 42 24 0 20 7 31 21 36 9 5 33 4 17 19 25
55 31 14 11 22 32 11 32 3 20 34 38 38 17 4 54 18 15 0 11 14 26 55 4 6 23 7 43 34 27
35 41 24 12 22 20 10 27 11 20 21 23 17 22 16 39 17 10 13 0 32 16 44 9 11 40 11 40 22 44
34 29 20 12 7 39 11 9 13 15 19 11 32 13 13 23 4 24 28 25 0 42 40 22 33 31 27 43 24 25
17 13 20 23 41 5 38 22 42 31 35 39 14 9 40 15 19 12 20 29 17 0 23 15 28 13 27 10 20 38
7 6 19 30 21 23 25 28 26 38 13 17 9 9 21 10 19 54 45 31 29 23 0 46 30 4 45 16 7 6
26 34 25 9 34 32 12 41 17 18 50 39 45 40 10 49 30 7 10 6 14 16 46 0 4 37 3 43 34 48
37 30 23 13 50 29 11 21 11 25 65 43 41 41 16 49 35 3 12 6 24 41 40 4 0 43 1 51 42 47
11 13 17 21 35 13 16 51 19 56 11 27 7 13 44 13 17 31 23 39 20 17 1 42 31 0 55 21 5 7
33 32 16 24 50 13 13 26 23 52 53 39 55 25 13 52 38 5 6 12 39 40 38 5 1 38 0 40 31 32
23 6 13 52 32 10 42 70 47 66 19 24 3 12 38 4 46 26 42 28 33 9 16 52 31 19 18 0 10 34
12 16 12 17 19 21 13 39 43 17 14 24 19 8 30 15 15 45 44 33 18 22 5 17 30 7 32 12 0 13
7 30 25 43 23 33 16 21 32 36 0 22 22 13 33 22 30 26 57 28 23 26 16 57 52 14 54 25 7 0