5
30
,
0 (21.0, 49.0) 38.0
1 (45.0, 48.0) 14.0
2 (31.0, 28.0) 11.0
3 (27.0, 8.0) 45.0
4 (15.0, 21.0) 21.0
5 (48.0, 27.0) 38.0
6 (25.0, 12.0) 43.0
7 (10.0, 12.0) 23.0
8 (30.0, 7.0) 14.0
9 (11.0, 9.0) 38.0
10 (22.0, 43.0) 14.0
11 (12.0, 20.0) 20.0
12 (44.0, 44.0) 31.0
13 (37.0, 33.0) 47.0
14 (31.0, 5.0) 14.0
15 (42.0, 43.0) 17.0
16 (14.0, 15.0) 31.0
17 (48.0, 10.0) 25.0
18 (34.0, 4.0) 46.0
19 (40.0, 12.0) 10.0
20 (20.0, 19.0) 46.0
21 (46.0, 33.0) 21.0
22 (34.0, 44.0) 12.0
23 (42.0, 6.0) 19.0
24 (45.0, 5.0) 16.0
25 (32.0, 42.0) 23.0
26 (46.0, 5.0) 19.0
27 (47.0, 41.0) 17.0
28 (31.0, 37.0) 15.0
29 (22.0, 43.0) 20.0
,
0 5 5 8 6 7 7 8 9 8 1 6 5 5 9 4 7 9 9 8 6 6 3 10 10 3 10 5 3 1
5 0 5 9 8 4 8 10 9 10 5 9 1 3 9 1 9 8 9 7 8 3 2 8 9 3 9 1 4 5
5 5 0 4 3 3 3 5 4 6 3 4 4 2 5 4 4 5 5 4 3 3 3 5 5 3 5 4 2 3
8 9 4 0 4 6 1 3 1 3 7 4 8 5 1 8 3 4 2 3 3 6 7 3 4 7 4 8 6 7
6 8 3 4 0 7 3 2 4 3 5 1 7 5 5 7 1 7 5 5 1 7 6 6 7 5 7 8 5 5
7 4 3 6 7 0 5 8 5 8 6 7 3 3 6 3 7 3 5 3 6 1 4 4 4 4 4 3 4 6
7 8 3 1 3 5 0 3 1 3 6 3 7 5 2 7 2 5 2 3 2 6 7 4 4 6 4 7 5 6
8 10 5 3 2 8 3 0 4 1 7 2 9 7 4 9 1 8 5 6 2 8 8 7 7 7 7 9 7 7
9 9 4 1 4 5 1 4 0 4 7 4 8 5 0 8 4 4 1 2 3 6 7 2 3 7 3 8 6 7
8 10 6 3 3 8 3 1 4 0 7 2 10 7 4 9 1 7 5 6 3 8 8 6 7 8 7 10 7 7
1 5 3 7 5 6 6 7 7 7 0 5 4 4 8 4 6 8 8 7 5 5 2 8 9 2 9 5 2 0
6 9 4 4 1 7 3 2 4 2 5 0 8 6 5 8 1 7 5 6 2 7 7 7 7 6 7 8 5 5
5 1 4 8 7 3 7 9 8 10 4 8 0 3 8 0 8 7 8 6 7 2 2 8 8 2 8 1 3 4
5 3 2 5 5 3 5 7 5 7 4 6 3 0 6 2 6 5 6 4 4 2 2 5 6 2 6 3 1 4
9 9 5 1 5 6 2 4 0 4 8 5 8 6 0 8 4 4 1 2 4 6 8 2 3 7 3 8 6 8
4 1 4 8 7 3 7 9 8 9 4 8 0 2 8 0 8 7 8 6 7 2 2 7 8 2 8 1 3 4
7 9 4 3 1 7 2 1 4 1 6 1 8 6 4 8 0 7 5 5 1 7 7 6 7 6 7 8 6 6
9 8 5 4 7 3 5 8 4 7 8 7 7 5 4 7 7 0 3 2 6 5 7 1 1 7 1 6 6 8
9 9 5 2 5 5 2 5 1 5 8 5 8 6 1 8 5 3 0 2 4 6 8 2 2 8 2 8 7 8
8 7 4 3 5 3 3 6 2 6 7 6 6 4 2 6 5 2 2 0 4 4 7 1 2 6 2 6 5 7
6 8 3 3 1 6 2 2 3 3 5 2 7 4 4 7 1 6 4 4 0 6 6 5 6 5 6 7 4 5
6 3 3 6 7 1 6 8 6 8 5 7 2 2 6 2 7 5 6 4 6 0 3 5 6 3 6 2 3 5
3 2 3 7 6 4 7 8 7 8 2 7 2 2 8 2 7 7 8 7 6 3 0 8 8 1 8 3 2 2
10 8 5 3 6 4 4 7 2 6 8 7 8 5 2 7 6 1 2 1 5 5 8 0 1 7 1 7 7 8
10 9 5 4 7 4 4 7 3 7 9 7 8 6 3 8 7 1 2 2 6 6 8 1 0 8 0 7 7 9
3 3 3 7 5 4 6 7 7 8 2 6 2 2 7 2 6 7 8 6 5 3 1 7 8 0 8 3 1 2
10 9 5 4 7 4 4 7 3 7 9 7 8 6 3 8 7 1 2 2 6 6 8 1 0 8 0 7 7 9
5 1 4 8 8 3 7 9 8 10 5 8 1 3 8 1 8 6 8 6 7 2 3 7 7 3 7 0 3 5
3 4 2 6 5 4 5 7 6 7 2 5 3 1 6 3 6 6 7 5 4 3 2 7 7 1 7 3 0 2
1 5 3 7 5 6 6 7 7 7 0 5 4 4 8 4 6 8 8 7 5 5 2 8 9 2 9 5 2 0
,
0 29 22 33 23 51 51 50 49 42 5 26 20 31 56 13 29 37 30 23 30 31 13 30 64 14 36 18 10 6
20 0 17 43 54 22 29 67 58 42 27 58 5 11 61 6 45 53 26 31 50 9 15 50 36 21 46 9 17 21
24 15 0 14 15 18 17 38 27 36 23 25 17 8 33 15 20 31 21 19 21 19 14 18 37 9 16 26 9 15
50 50 28 0 17 37 7 15 3 22 21 24 36 20 6 49 9 22 10 16 10 46 51 18 15 41 11 51 17 25
23 55 23 21 0 45 13 8 26 7 30 4 26 28 13 18 7 33 31 33 5 19 31 29 48 40 43 40 21 33
47 30 13 42 27 0 21 51 31 58 22 52 9 9 21 17 25 24 15 13 39 3 32 13 19 25 24 9 29 22
29 22 19 3 13 38 0 14 6 9 16 16 21 13 9 39 13 27 7 11 13 30 45 22 26 40 12 52 13 31
47 47 26 24 7 23 22 0 19 4 26 5 29 21 18 60 3 30 34 30 13 57 37 45 27 33 26 25 41 45
51 64 19 3 10 14 6 28 0 11 39 25 47 16 2 24 15 20 5 10 20 44 27 10 12 46 10 25 41 21
48 74 15 16 15 39 11 3 26 0 54 16 63 42 26 60 9 21 20 16 8 46 56 31 49 29 35 47 43 36
5 27 14 28 21 39 28 18 35 21 0 16 18 24 58 25 29 31 50 27 18 22 17 32 22 7 49 15 15 0
41 32 24 18 4 33 22 6 27 16 18 0 57 28 15 39 7 45 34 26 12 36 47 33 46 22 55 27 26 22
21 2 26 42 44 9 24 49 40 60 16 54 0 16 35 1 44 19 37 34 29 14 6 51 44 10 58 3 18 32
22 24 11 29 30 11 15 45 38 35 12 31 14 0 42 7 40 16 17 29 28 8 10 24 19 13 37 6 5 15
52 53 25 7 20 24 10 28 3 27 25 20 26 16 0 42 14 26 3 16 16 21 55 7 13 45 8 56 32 26
31 7 21 31 43 17 19 29 37 25 20 39 2 15 29 0 48 26 43 44 23 5 10 45 37 8 38 4 15 19
27 44 21 10 9 28 12 3 13 8 21 5 56 41 18 43 0 29 20 37 8 52 48 44 35 26 45 42 28 39
50 20 29 21 32 25 33 55 15 31 52 30 37 35 19 30 41 0 22 10 24 24 54 4 7 36 5 24 29 36
48 55 27 7 37 29 11 36 5 15 40 15 32 19 3 57 15 16 0 14 21 30 55 10 6 26 17 56 23 60
23 51 26 14 27 25 17 34 16 28 22 20 33 14 10 34 13 7 8 0 18 24 18 5 5 32 10 21 27 30
40 32 17 14 7 18 12 17 17 7 20 10 27 14 9 41 9 37 14 13 0 42 18 18 26 29 21 38 15 29
34 16 17 32 30 7 35 56 20 25 34 34 14 13 19 13 37 17 41 29 35 0 18 27 37 20 19 6 8 29
9 6 20 28 33 26 48 30 19 43 14 24 10 11 33 11 43 52 53 43 42 13 0 20 28 2 45 15 9 17
52 36 18 11 24 15 27 33 7 32 57 21 57 19 9 44 33 9 8 9 21 37 24 0 4 42 4 30 35 57
62 52 26 14 43 19 16 39 18 35 50 46 24 27 14 33 31 9 10 11 22 41 48 2 0 48 1 44 19 60
17 9 8 40 30 32 16 42 35 21 10 30 14 9 40 9 16 37 57 25 13 10 3 34 20 0 53 8 4 8
37 63 34 23 31 30 26 27 11 27 33 53 44 31 19 25 30 3 18 11 36 38 50 5 1 28 0 32 48 33
38 11 15 53 43 21 39 68 53 61 19 33 3 17 32 6 51 26 34 28 25 10 15 44 38 18 35 0 12 14
19 26 6 41 30 10 32 27 22 33 11 24 8 8 25 18 29 36 35 27 28 23 9 22 37 6 45 18 0 7
3 16 23 39 20 23 29 40 30 39 0 23 21 23 32 25 35 47 26 31 14 31 7 27 65 10 39 35 14 0