5
30
,
0 (21.0, 49.0) 33.0
1 (45.0, 48.0) 28.0
2 (31.0, 28.0) 36.0
3 (27.0, 8.0) 34.0
4 (15.0, 21.0) 29.0
5 (48.0, 27.0) 38.0
6 (25.0, 12.0) 15.0
7 (10.0, 12.0) 13.0
8 (30.0, 7.0) 13.0
9 (11.0, 9.0) 14.0
10 (22.0, 43.0) 24.0
11 (12.0, 20.0) 14.0
12 (44.0, 44.0) 16.0
13 (37.0, 33.0) 15.0
14 (31.0, 5.0) 42.0
15 (42.0, 43.0) 42.0
16 (14.0, 15.0) 12.0
17 (48.0, 10.0) 13.0
18 (34.0, 4.0) 39.0
19 (40.0, 12.0) 28.0
20 (20.0, 19.0) 46.0
21 (46.0, 33.0) 12.0
22 (34.0, 44.0) 19.0
23 (42.0, 6.0) 14.0
24 (45.0, 5.0) 24.0
25 (32.0, 42.0) 13.0
26 (46.0, 5.0) 46.0
27 (47.0, 41.0) 10.0
28 (31.0, 37.0) 35.0
29 (22.0, 43.0) 26.0
,
0 5 5 8 6 7 7 8 9 8 1 6 5 5 9 4 7 9 9 8 6 6 3 10 10 3 10 5 3 1
5 0 5 9 8 4 8 10 9 10 5 9 1 3 9 1 9 8 9 7 8 3 2 8 9 3 9 1 4 5
5 5 0 4 3 3 3 5 4 6 3 4 4 2 5 4 4 5 5 4 3 3 3 5 5 3 5 4 2 3
8 9 4 0 4 6 1 3 1 3 7 4 8 5 1 8 3 4 2 3 3 6 7 3 4 7 4 8 6 7
6 8 3 4 0 7 3 2 4 3 5 1 7 5 5 7 1 7 5 5 1 7 6 6 7 5 7 8 5 5
7 4 3 6 7 0 5 8 5 8 6 7 3 3 6 3 7 3 5 3 6 1 4 4 4 4 4 3 4 6
7 8 3 1 3 5 0 3 1 3 6 3 7 5 2 7 2 5 2 3 2 6 7 4 4 6 4 7 5 6
8 10 5 3 2 8 3 0 4 1 7 2 9 7 4 9 1 8 5 6 2 8 8 7 7 7 7 9 7 7
9 9 4 1 4 5 1 4 0 4 7 4 8 5 0 8 4 4 1 2 3 6 7 2 3 7 3 8 6 7
8 10 6 3 3 8 3 1 4 0 7 2 10 7 4 9 1 7 5 6 3 8 8 6 7 8 7 10 7 7
1 5 3 7 5 6 6 7 7 7 0 5 4 4 8 4 6 8 8 7 5 5 2 8 9 2 9 5 2 0
6 9 4 4 1 7 3 2 4 2 5 0 8 6 5 8 1 7 5 6 2 7 7 7 7 6 7 8 5 5
5 1 4 8 7 3 7 9 8 10 4 8 0 3 8 0 8 7 8 6 7 2 2 8 8 2 8 1 3 4
5 3 2 5 5 3 5 7 5 7 4 6 3 0 6 2 6 5 6 4 4 2 2 5 6 2 6 3 1 4
9 9 5 1 5 6 2 4 0 4 8 5 8 6 0 8 4 4 1 2 4 6 8 2 3 7 3 8 6 8
4 1 4 8 7 3 7 9 8 9 4 8 0 2 8 0 8 7 8 6 7 2 2 7 8 2 8 1 3 4
7 9 4 3 1 7 2 1 4 1 6 1 8 6 4 8 0 7 5 5 1 7 7 6 7 6 7 8 6 6
9 8 5 4 7 3 5 8 4 7 8 7 7 5 4 7 7 0 3 2 6 5 7 1 1 7 1 6 6 8
9 9 5 2 5 5 2 5 1 5 8 5 8 6 1 8 5 3 0 2 4 6 8 2 2 8 2 8 7 8
8 7 4 3 5 3 3 6 2 6 7 6 6 4 2 6 5 2 2 0 4 4 7 1 2 6 2 6 5 7
6 8 3 3 1 6 2 2 3 3 5 2 7 4 4 7 1 6 4 4 0 6 6 5 6 5 6 7 4 5
6 3 3 6 7 1 6 8 6 8 5 7 2 2 6 2 7 5 6 4 6 0 3 5 6 3 6 2 3 5
3 2 3 7 6 4 7 8 7 8 2 7 2 2 8 2 7 7 8 7 6 3 0 8 8 1 8 3 2 2
10 8 5 3 6 4 4 7 2 6 8 7 8 5 2 7 6 1 2 1 5 5 8 0 1 7 1 7 7 8
10 9 5 4 7 4 4 7 3 7 9 7 8 6 3 8 7 1 2 2 6 6 8 1 0 8 0 7 7 9
3 3 3 7 5 4 6 7 7 8 2 6 2 2 7 2 6 7 8 6 5 3 1 7 8 0 8 3 1 2
10 9 5 4 7 4 4 7 3 7 9 7 8 6 3 8 7 1 2 2 6 6 8 1 0 8 0 7 7 9
5 1 4 8 8 3 7 9 8 10 5 8 1 3 8 1 8 6 8 6 7 2 3 7 7 3 7 0 3 5
3 4 2 6 5 4 5 7 6 7 2 5 3 1 6 3 6 6 7 5 4 3 2 7 7 1 7 3 0 2
1 5 3 7 5 6 6 7 7 7 0 5 4 4 8 4 6 8 8 7 5 5 2 8 9 2 9 5 2 0
,
0 17 23 50 17 45 24 36 51 41 6 31 20 13 37 11 29 42 51 50 20 25 19 58 51 17 50 35 12 8
27 0 25 59 40 11 32 26 46 34 18 29 2 15 42 8 56 22 68 40 23 16 7 22 37 9 37 8 19 16
33 26 0 16 20 18 26 39 21 14 16 22 26 7 24 19 17 13 15 19 8 19 16 31 17 10 15 29 12 24
48 59 27 0 14 26 6 23 4 20 22 23 31 39 7 40 17 30 12 15 17 46 44 20 16 18 19 29 23 30
19 24 18 18 0 41 8 11 14 11 30 5 35 34 16 36 7 40 26 22 5 48 19 32 39 19 25 43 33 28
45 31 17 25 17 0 27 56 30 36 17 35 14 18 30 15 46 11 38 19 18 9 32 19 18 28 26 11 24 36
27 25 18 5 19 28 0 21 6 9 40 17 28 16 7 23 11 17 11 12 5 30 18 13 23 40 27 31 21 41
50 46 28 22 8 30 16 0 12 4 47 10 48 50 29 55 3 45 24 29 18 55 36 34 52 52 25 26 48 48
30 47 31 3 22 20 5 19 0 10 41 20 51 23 3 53 24 13 5 15 11 30 20 13 21 37 16 41 25 20
37 60 22 23 13 32 8 3 15 0 42 7 55 22 11 51 9 29 17 33 9 62 56 44 18 45 51 57 36 27
4 18 19 46 21 26 21 48 54 47 0 36 26 27 47 28 42 44 48 21 29 36 18 35 41 10 27 23 7 0
17 33 20 24 4 27 13 8 26 13 22 0 47 17 31 52 5 27 27 23 6 42 45 22 29 21 38 27 19 26
31 6 25 34 52 20 37 64 50 47 28 43 0 15 23 3 49 36 24 34 30 7 12 44 56 18 51 5 14 24
34 13 6 26 28 9 22 44 24 25 18 26 15 0 15 12 24 28 21 15 22 5 7 23 18 11 25 15 9 24
63 37 20 3 29 25 14 19 1 27 56 22 35 28 0 36 17 25 3 14 22 17 25 16 20 22 16 40 48 52
16 5 14 53 24 26 45 32 49 59 11 21 2 11 43 0 27 44 54 46 20 14 5 37 39 14 27 3 19 14
38 37 21 8 8 30 6 3 24 10 40 3 26 23 20 39 0 47 30 18 11 33 20 33 35 19 45 33 16 35
62 29 21 11 20 13 14 52 17 22 28 42 25 20 22 47 29 0 11 9 37 29 41 6 7 31 4 44 37 24
32 64 20 4 33 15 17 30 3 24 48 29 49 36 4 57 28 19 0 8 30 17 25 7 14 56 13 21 46 51
36 30 14 10 32 22 20 43 6 20 45 38 32 14 16 31 29 9 12 0 24 30 31 4 12 26 7 28 28 46
37 39 7 14 6 17 9 11 14 18 15 5 48 24 14 24 6 32 16 27 0 35 42 29 37 17 25 37 18 33
22 22 18 38 20 7 25 21 23 21 17 44 14 8 38 6 31 17 41 23 21 0 17 38 35 23 16 7 10 36
8 14 19 55 18 31 31 51 55 43 14 24 15 6 54 9 38 45 36 33 22 20 0 58 35 3 44 8 5 17
70 43 21 20 37 18 13 38 17 43 43 31 39 15 12 38 17 10 11 9 26 26 55 0 4 32 3 18 24 29
44 42 21 14 20 25 21 45 12 36 52 40 41 15 11 33 17 6 13 9 35 37 45 4 0 45 1 46 47 42
19 18 12 29 36 21 34 24 37 44 6 20 14 10 22 6 21 25 33 25 36 19 2 42 50 0 32 14 4 8
68 26 16 13 51 23 32 38 24 39 35 41 58 38 22 37 42 3 9 8 33 18 45 2 1 59 0 38 28 23
18 8 26 57 53 17 37 47 20 58 30 44 4 17 26 6 51 17 27 36 32 7 9 40 31 16 35 0 11 31
21 26 13 39 30 28 36 47 32 32 8 30 10 4 45 13 20 27 41 24 24 18 6 23 29 5 39 23 0 11
5 19 10 47 15 32 23 26 30 25 0 26 13 21 33 26 18 57 54 39 34 34 7 55 41 13 23 23 15 0