5
30
,
0 (21.0, 49.0) 11.0
1 (45.0, 48.0) 19.0
2 (31.0, 28.0) 39.0
3 (27.0, 8.0) 20.0
4 (15.0, 21.0) 40.0
5 (48.0, 27.0) 20.0
6 (25.0, 12.0) 16.0
7 (10.0, 12.0) 26.0
8 (30.0, 7.0) 19.0
9 (11.0, 9.0) 31.0
10 (22.0, 43.0) 31.0
11 (12.0, 20.0) 25.0
12 (44.0, 44.0) 10.0
13 (37.0, 33.0) 22.0
14 (31.0, 5.0) 44.0
15 (42.0, 43.0) 28.0
16 (14.0, 15.0) 39.0
17 (48.0, 10.0) 40.0
18 (34.0, 4.0) 13.0
19 (40.0, 12.0) 44.0
20 (20.0, 19.0) 14.0
21 (46.0, 33.0) 34.0
22 (34.0, 44.0) 35.0
23 (42.0, 6.0) 12.0
24 (45.0, 5.0) 10.0
25 (32.0, 42.0) 41.0
26 (46.0, 5.0) 25.0
27 (47.0, 41.0) 17.0
28 (31.0, 37.0) 47.0
29 (22.0, 43.0) 40.0
,
0 5 5 8 6 7 7 8 9 8 1 6 5 5 9 4 7 9 9 8 6 6 3 10 10 3 10 5 3 1
5 0 5 9 8 4 8 10 9 10 5 9 1 3 9 1 9 8 9 7 8 3 2 8 9 3 9 1 4 5
5 5 0 4 3 3 3 5 4 6 3 4 4 2 5 4 4 5 5 4 3 3 3 5 5 3 5 4 2 3
8 9 4 0 4 6 1 3 1 3 7 4 8 5 1 8 3 4 2 3 3 6 7 3 4 7 4 8 6 7
6 8 3 4 0 7 3 2 4 3 5 1 7 5 5 7 1 7 5 5 1 7 6 6 7 5 7 8 5 5
7 4 3 6 7 0 5 8 5 8 6 7 3 3 6 3 7 3 5 3 6 1 4 4 4 4 4 3 4 6
7 8 3 1 3 5 0 3 1 3 6 3 7 5 2 7 2 5 2 3 2 6 7 4 4 6 4 7 5 6
8 10 5 3 2 8 3 0 4 1 7 2 9 7 4 9 1 8 5 6 2 8 8 7 7 7 7 9 7 7
9 9 4 1 4 5 1 4 0 4 7 4 8 5 0 8 4 4 1 2 3 6 7 2 3 7 3 8 6 7
8 10 6 3 3 8 3 1 4 0 7 2 10 7 4 9 1 7 5 6 3 8 8 6 7 8 7 10 7 7
1 5 3 7 5 6 6 7 7 7 0 5 4 4 8 4 6 8 8 7 5 5 2 8 9 2 9 5 2 0
6 9 4 4 1 7 3 2 4 2 5 0 8 6 5 8 1 7 5 6 2 7 7 7 7 6 7 8 5 5
5 1 4 8 7 3 7 9 8 10 4 8 0 3 8 0 8 7 8 6 7 2 2 8 8 2 8 1 3 4
5 3 2 5 5 3 5 7 5 7 4 6 3 0 6 2 6 5 6 4 4 2 2 5 6 2 6 3 1 4
9 9 5 1 5 6 2 4 0 4 8 5 8 6 0 8 4 4 1 2 4 6 8 2 3 7 3 8 6 8
4 1 4 8 7 3 7 9 8 9 4 8 0 2 8 0 8 7 8 6 7 2 2 7 8 2 8 1 3 4
7 9 4 3 1 7 2 1 4 1 6 1 8 6 4 8 0 7 5 5 1 7 7 6 7 6 7 8 6 6
9 8 5 4 7 3 5 8 4 7 8 7 7 5 4 7 7 0 3 2 6 5 7 1 1 7 1 6 6 8
9 9 5 2 5 5 2 5 1 5 8 5 8 6 1 8 5 3 0 2 4 6 8 2 2 8 2 8 7 8
8 7 4 3 5 3 3 6 2 6 7 6 6 4 2 6 5 2 2 0 4 4 7 1 2 6 2 6 5 7
6 8 3 3 1 6 2 2 3 3 5 2 7 4 4 7 1 6 4 4 0 6 6 5 6 5 6 7 4 5
6 3 3 6 7 1 6 8 6 8 5 7 2 2 6 2 7 5 6 4 6 0 3 5 6 3 6 2 3 5
3 2 3 7 6 4 7 8 7 8 2 7 2 2 8 2 7 7 8 7 6 3 0 8 8 1 8 3 2 2
10 8 5 3 6 4 4 7 2 6 8 7 8 5 2 7 6 1 2 1 5 5 8 0 1 7 1 7 7 8
10 9 5 4 7 4 4 7 3 7 9 7 8 6 3 8 7 1 2 2 6 6 8 1 0 8 0 7 7 9
3 3 3 7 5 4 6 7 7 8 2 6 2 2 7 2 6 7 8 6 5 3 1 7 8 0 8 3 1 2
10 9 5 4 7 4 4 7 3 7 9 7 8 6 3 8 7 1 2 2 6 6 8 1 0 8 0 7 7 9
5 1 4 8 8 3 7 9 8 10 5 8 1 3 8 1 8 6 8 6 7 2 3 7 7 3 7 0 3 5
3 4 2 6 5 4 5 7 6 7 2 5 3 1 6 3 6 6 7 5 4 3 2 7 7 1 7 3 0 2
1 5 3 7 5 6 6 7 7 7 0 5 4 4 8 4 6 8 8 7 5 5 2 8 9 2 9 5 2 0
,
0 26 12 50 29 43 55 32 50 59 3 34 31 34 56 28 26 37 62 55 20 16 12 31 43 16 41 33 17 9
22 0 21 25 22 19 54 44 43 40 28 62 3 19 43 6 31 51 68 54 43 9 12 56 49 21 34 9 16 20
17 24 0 18 12 25 20 21 24 35 23 27 26 5 25 21 20 27 20 16 20 12 9 29 17 14 39 29 8 17
26 35 25 0 26 21 5 15 4 20 22 19 29 24 7 32 8 11 7 12 18 41 44 20 25 46 21 40 16 37
24 22 20 18 0 43 16 14 30 12 34 2 47 22 21 28 4 24 25 22 3 41 29 21 41 17 36 19 27 13
36 21 17 24 18 0 16 22 19 35 43 26 14 12 22 10 50 11 33 22 25 8 31 16 24 26 15 10 15 42
55 61 9 7 11 22 0 10 10 17 36 11 26 17 10 35 9 14 17 16 5 30 33 23 13 34 31 54 35 32
34 52 23 18 8 33 12 0 19 2 31 4 66 32 23 30 7 45 28 39 16 27 55 43 51 49 20 38 17 39
54 45 20 5 27 29 6 29 0 19 28 27 33 32 2 29 22 12 5 16 14 26 33 17 22 33 15 51 34 33
28 65 35 8 15 23 19 2 24 0 22 9 48 28 30 25 8 38 15 26 10 63 33 35 34 41 29 32 50 20
8 34 11 38 25 17 18 19 53 36 0 37 15 22 25 19 37 34 35 40 32 21 11 24 29 12 28 26 6 0
33 23 24 16 4 45 12 4 18 13 35 0 40 23 25 35 7 33 21 22 8 32 17 38 48 33 24 54 28 25
14 6 15 34 32 21 22 39 35 45 31 45 0 9 46 1 26 47 38 39 43 10 12 47 27 16 25 3 20 25
13 12 8 22 20 11 14 38 15 26 16 32 19 0 38 7 35 35 35 25 14 5 12 27 30 5 39 16 9 27
31 40 31 5 19 34 5 27 2 26 20 24 48 17 0 32 10 23 3 15 11 24 52 15 8 40 20 39 44 55
16 5 16 42 26 22 37 60 28 64 17 30 3 15 23 0 51 35 29 21 30 12 8 23 35 11 40 3 8 10
18 30 29 15 9 48 10 5 17 8 19 5 57 27 13 31 0 41 33 37 10 22 38 42 35 24 34 40 16 16
49 54 13 23 48 21 25 34 11 41 56 38 28 17 11 32 22 0 17 12 44 13 51 5 5 45 4 29 31 24
60 37 26 8 36 32 17 32 5 17 34 37 22 40 2 46 20 20 0 15 18 47 54 10 7 47 10 52 26 28
55 39 21 18 26 13 22 20 15 18 23 34 38 19 7 19 36 9 10 0 13 24 40 7 7 27 5 31 31 41
28 31 13 14 7 40 10 16 14 11 18 5 33 15 25 31 7 30 30 32 0 43 43 17 16 19 43 52 16 31
26 10 9 27 34 8 23 43 18 62 36 32 11 12 24 13 53 27 46 24 20 0 15 41 27 24 23 10 21 31
8 9 14 40 18 12 26 33 40 32 16 23 14 16 43 12 21 34 41 40 36 22 0 40 49 3 59 20 6 9
66 52 34 11 45 29 14 45 10 26 51 44 39 20 14 19 35 5 5 5 30 22 41 0 4 29 4 20 44 61
54 64 36 23 26 33 23 52 12 50 55 33 46 41 8 21 26 6 6 8 21 41 53 2 0 43 1 22 28 25
19 20 18 26 22 12 30 24 23 23 10 41 16 7 45 15 20 41 42 39 21 13 2 41 46 0 22 9 6 11
47 42 38 16 46 28 17 46 10 33 65 26 29 28 12 27 20 7 12 6 24 34 37 3 1 31 0 33 30 57
23 6 30 44 35 21 27 30 33 47 19 23 4 7 20 7 22 27 37 20 23 6 10 37 47 19 31 0 22 23
11 10 6 29 33 26 36 21 43 22 14 30 11 4 25 15 37 35 36 37 20 10 8 36 29 4 41 10 0 14
8 30 20 20 35 35 28 24 46 31 0 28 13 15 46 27 23 57 61 35 35 27 14 49 44 12 45 36 6 0