5
30
,
0 (21.0, 49.0) 38.0
1 (45.0, 48.0) 40.0
2 (31.0, 28.0) 14.0
3 (27.0, 8.0) 11.0
4 (15.0, 21.0) 42.0
5 (48.0, 27.0) 17.0
6 (25.0, 12.0) 19.0
7 (10.0, 12.0) 19.0
8 (30.0, 7.0) 14.0
9 (11.0, 9.0) 24.0
10 (22.0, 43.0) 31.0
11 (12.0, 20.0) 17.0
12 (44.0, 44.0) 12.0
13 (37.0, 33.0) 14.0
14 (31.0, 5.0) 13.0
15 (42.0, 43.0) 12.0
16 (14.0, 15.0) 31.0
17 (48.0, 10.0) 17.0
18 (34.0, 4.0) 19.0
19 (40.0, 12.0) 16.0
20 (20.0, 19.0) 16.0
21 (46.0, 33.0) 12.0
22 (34.0, 44.0) 43.0
23 (42.0, 6.0) 18.0
24 (45.0, 5.0) 39.0
25 (32.0, 42.0) 24.0
26 (46.0, 5.0) 21.0
27 (47.0, 41.0) 29.0
28 (31.0, 37.0) 42.0
29 (22.0, 43.0) 21.0
,
0 5 5 8 6 7 7 8 9 8 1 6 5 5 9 4 7 9 9 8 6 6 3 10 10 3 10 5 3 1
5 0 5 9 8 4 8 10 9 10 5 9 1 3 9 1 9 8 9 7 8 3 2 8 9 3 9 1 4 5
5 5 0 4 3 3 3 5 4 6 3 4 4 2 5 4 4 5 5 4 3 3 3 5 5 3 5 4 2 3
8 9 4 0 4 6 1 3 1 3 7 4 8 5 1 8 3 4 2 3 3 6 7 3 4 7 4 8 6 7
6 8 3 4 0 7 3 2 4 3 5 1 7 5 5 7 1 7 5 5 1 7 6 6 7 5 7 8 5 5
7 4 3 6 7 0 5 8 5 8 6 7 3 3 6 3 7 3 5 3 6 1 4 4 4 4 4 3 4 6
7 8 3 1 3 5 0 3 1 3 6 3 7 5 2 7 2 5 2 3 2 6 7 4 4 6 4 7 5 6
8 10 5 3 2 8 3 0 4 1 7 2 9 7 4 9 1 8 5 6 2 8 8 7 7 7 7 9 7 7
9 9 4 1 4 5 1 4 0 4 7 4 8 5 0 8 4 4 1 2 3 6 7 2 3 7 3 8 6 7
8 10 6 3 3 8 3 1 4 0 7 2 10 7 4 9 1 7 5 6 3 8 8 6 7 8 7 10 7 7
1 5 3 7 5 6 6 7 7 7 0 5 4 4 8 4 6 8 8 7 5 5 2 8 9 2 9 5 2 0
6 9 4 4 1 7 3 2 4 2 5 0 8 6 5 8 1 7 5 6 2 7 7 7 7 6 7 8 5 5
5 1 4 8 7 3 7 9 8 10 4 8 0 3 8 0 8 7 8 6 7 2 2 8 8 2 8 1 3 4
5 3 2 5 5 3 5 7 5 7 4 6 3 0 6 2 6 5 6 4 4 2 2 5 6 2 6 3 1 4
9 9 5 1 5 6 2 4 0 4 8 5 8 6 0 8 4 4 1 2 4 6 8 2 3 7 3 8 6 8
4 1 4 8 7 3 7 9 8 9 4 8 0 2 8 0 8 7 8 6 7 2 2 7 8 2 8 1 3 4
7 9 4 3 1 7 2 1 4 1 6 1 8 6 4 8 0 7 5 5 1 7 7 6 7 6 7 8 6 6
9 8 5 4 7 3 5 8 4 7 8 7 7 5 4 7 7 0 3 2 6 5 7 1 1 7 1 6 6 8
9 9 5 2 5 5 2 5 1 5 8 5 8 6 1 8 5 3 0 2 4 6 8 2 2 8 2 8 7 8
8 7 4 3 5 3 3 6 2 6 7 6 6 4 2 6 5 2 2 0 4 4 7 1 2 6 2 6 5 7
6 8 3 3 1 6 2 2 3 3 5 2 7 4 4 7 1 6 4 4 0 6 6 5 6 5 6 7 4 5
6 3 3 6 7 1 6 8 6 8 5 7 2 2 6 2 7 5 6 4 6 0 3 5 6 3 6 2 3 5
3 2 3 7 6 4 7 8 7 8 2 7 2 2 8 2 7 7 8 7 6 3 0 8 8 1 8 3 2 2
10 8 5 3 6 4 4 7 2 6 8 7 8 5 2 7 6 1 2 1 5 5 8 0 1 7 1 7 7 8
10 9 5 4 7 4 4 7 3 7 9 7 8 6 3 8 7 1 2 2 6 6 8 1 0 8 0 7 7 9
3 3 3 7 5 4 6 7 7 8 2 6 2 2 7 2 6 7 8 6 5 3 1 7 8 0 8 3 1 2
10 9 5 4 7 4 4 7 3 7 9 7 8 6 3 8 7 1 2 2 6 6 8 1 0 8 0 7 7 9
5 1 4 8 8 3 7 9 8 10 5 8 1 3 8 1 8 6 8 6 7 2 3 7 7 3 7 0 3 5
3 4 2 6 5 4 5 7 6 7 2 5 3 1 6 3 6 6 7 5 4 3 2 7 7 1 7 3 0 2
1 5 3 7 5 6 6 7 7 7 0 5 4 4 8 4 6 8 8 7 5 5 2 8 9 2 9 5 2 0
,
0 13 19 39 36 34 37 40 26 53 6 38 15 13 33 22 32 49 59 43 44 27 15 62 50 7 73 15 15 6
27 0 15 50 33 29 61 66 24 42 33 41 5 12 65 4 29 22 29 29 30 11 16 60 59 18 41 10 21 13
34 20 0 13 17 20 11 36 16 20 15 22 24 4 28 21 19 14 28 22 8 13 14 16 24 12 27 27 6 24
61 31 14 0 12 30 4 10 3 12 36 24 52 32 7 25 16 13 7 17 15 18 51 16 24 52 19 54 19 27
36 55 10 20 0 43 7 13 24 15 12 2 19 27 18 23 5 50 14 30 6 24 26 18 50 39 35 48 29 18
52 20 19 19 20 0 38 44 36 52 31 28 22 8 23 10 41 15 38 25 33 4 28 18 15 11 27 18 20 26
44 23 22 6 13 41 0 15 6 7 36 13 19 15 11 45 8 12 14 20 7 30 50 21 11 17 24 43 37 28
45 71 25 26 10 23 17 0 16 3 40 5 40 39 30 56 6 39 13 25 15 53 38 36 29 48 55 25 29 25
25 60 15 2 26 22 4 29 0 20 49 19 42 23 1 48 21 17 7 12 20 30 34 18 12 23 13 19 17 20
58 41 41 19 7 48 20 2 16 0 24 6 61 45 27 66 5 42 23 38 17 29 61 19 51 27 42 27 36 44
5 19 14 35 13 40 22 49 42 50 0 30 33 10 45 15 35 60 27 50 23 17 9 24 24 13 63 17 9 0
17 54 19 22 4 48 20 10 20 6 37 0 24 36 22 52 5 35 20 35 11 23 19 21 51 30 49 41 31 27
19 3 23 45 52 15 35 46 36 47 27 24 0 18 35 1 61 47 60 40 48 9 9 31 34 12 58 6 13 24
23 10 5 21 35 19 15 21 40 36 12 30 15 0 22 9 35 24 40 17 18 9 14 18 21 7 16 13 10 23
38 65 13 7 21 31 7 21 2 20 28 21 48 38 0 52 19 19 4 16 13 18 30 12 19 25 15 39 25 51
33 7 18 51 41 21 50 42 45 37 25 39 2 14 34 0 21 38 59 27 29 13 7 53 45 10 41 6 12 15
48 48 29 21 4 26 13 5 23 4 26 5 31 22 19 55 0 20 30 29 7 34 47 39 19 17 33 58 41 18
69 50 22 24 48 17 32 22 18 42 28 19 51 15 18 19 48 0 8 8 32 15 34 9 4 36 6 44 21 53
37 23 23 12 34 15 17 18 6 34 29 27 43 24 3 47 22 13 0 10 15 33 51 7 15 36 16 24 26 34
33 27 15 9 28 15 18 16 8 17 27 29 41 24 11 20 34 5 14 0 27 15 37 9 9 37 7 31 14 21
21 45 14 17 3 41 9 7 17 12 32 6 19 17 21 46 10 43 17 31 0 34 28 32 28 16 17 47 13 20
27 23 16 44 35 9 27 29 24 31 25 39 8 13 43 9 50 14 46 18 26 0 13 38 24 22 15 11 22 19
8 15 8 20 33 17 37 40 40 33 11 39 15 6 23 4 20 48 39 24 29 18 0 22 53 3 60 9 9 10
58 43 29 11 28 25 12 33 10 30 52 20 56 16 9 55 34 4 12 4 24 41 33 0 3 34 5 18 17 27
52 49 39 24 33 12 23 53 11 44 26 36 34 39 20 43 20 6 10 4 38 15 41 2 0 28 1 43 34 46
8 10 12 42 38 30 30 35 25 39 14 24 8 6 32 14 20 32 48 19 28 22 1 41 36 0 33 17 7 10
27 42 36 28 22 23 13 24 18 36 54 33 25 22 19 26 17 6 12 6 41 33 44 5 1 47 0 37 46 36
30 11 17 28 54 16 40 24 41 50 30 29 3 17 22 3 39 45 31 36 31 5 10 49 34 9 34 0 11 21
18 24 7 32 22 26 30 39 43 38 11 36 10 10 35 15 37 45 48 35 19 14 8 22 47 4 25 11 0 7
9 32 24 53 28 37 30 19 54 47 0 26 26 22 58 21 34 41 48 40 18 17 15 27 27 12 63 31 13 0