5
30
,
0 (21.0, 49.0) 25.0
1 (45.0, 48.0) 17.0
2 (31.0, 28.0) 17.0
3 (27.0, 8.0) 13.0
4 (15.0, 21.0) 28.0
5 (48.0, 27.0) 13.0
6 (25.0, 12.0) 30.0
7 (10.0, 12.0) 19.0
8 (30.0, 7.0) 45.0
9 (11.0, 9.0) 32.0
10 (22.0, 43.0) 12.0
11 (12.0, 20.0) 19.0
12 (44.0, 44.0) 11.0
13 (37.0, 33.0) 37.0
14 (31.0, 5.0) 28.0
15 (42.0, 43.0) 50.0
16 (14.0, 15.0) 47.0
17 (48.0, 10.0) 15.0
18 (34.0, 4.0) 33.0
19 (40.0, 12.0) 26.0
20 (20.0, 19.0) 34.0
21 (46.0, 33.0) 25.0
22 (34.0, 44.0) 27.0
23 (42.0, 6.0) 33.0
24 (45.0, 5.0) 21.0
25 (32.0, 42.0) 20.0
26 (46.0, 5.0) 30.0
27 (47.0, 41.0) 14.0
28 (31.0, 37.0) 23.0
29 (22.0, 43.0) 15.0
,
0 5 5 8 6 7 7 8 9 8 1 6 5 5 9 4 7 9 9 8 6 6 3 10 10 3 10 5 3 1
5 0 5 9 8 4 8 10 9 10 5 9 1 3 9 1 9 8 9 7 8 3 2 8 9 3 9 1 4 5
5 5 0 4 3 3 3 5 4 6 3 4 4 2 5 4 4 5 5 4 3 3 3 5 5 3 5 4 2 3
8 9 4 0 4 6 1 3 1 3 7 4 8 5 1 8 3 4 2 3 3 6 7 3 4 7 4 8 6 7
6 8 3 4 0 7 3 2 4 3 5 1 7 5 5 7 1 7 5 5 1 7 6 6 7 5 7 8 5 5
7 4 3 6 7 0 5 8 5 8 6 7 3 3 6 3 7 3 5 3 6 1 4 4 4 4 4 3 4 6
7 8 3 1 3 5 0 3 1 3 6 3 7 5 2 7 2 5 2 3 2 6 7 4 4 6 4 7 5 6
8 10 5 3 2 8 3 0 4 1 7 2 9 7 4 9 1 8 5 6 2 8 8 7 7 7 7 9 7 7
9 9 4 1 4 5 1 4 0 4 7 4 8 5 0 8 4 4 1 2 3 6 7 2 3 7 3 8 6 7
8 10 6 3 3 8 3 1 4 0 7 2 10 7 4 9 1 7 5 6 3 8 8 6 7 8 7 10 7 7
1 5 3 7 5 6 6 7 7 7 0 5 4 4 8 4 6 8 8 7 5 5 2 8 9 2 9 5 2 0
6 9 4 4 1 7 3 2 4 2 5 0 8 6 5 8 1 7 5 6 2 7 7 7 7 6 7 8 5 5
5 1 4 8 7 3 7 9 8 10 4 8 0 3 8 0 8 7 8 6 7 2 2 8 8 2 8 1 3 4
5 3 2 5 5 3 5 7 5 7 4 6 3 0 6 2 6 5 6 4 4 2 2 5 6 2 6 3 1 4
9 9 5 1 5 6 2 4 0 4 8 5 8 6 0 8 4 4 1 2 4 6 8 2 3 7 3 8 6 8
4 1 4 8 7 3 7 9 8 9 4 8 0 2 8 0 8 7 8 6 7 2 2 7 8 2 8 1 3 4
7 9 4 3 1 7 2 1 4 1 6 1 8 6 4 8 0 7 5 5 1 7 7 6 7 6 7 8 6 6
9 8 5 4 7 3 5 8 4 7 8 7 7 5 4 7 7 0 3 2 6 5 7 1 1 7 1 6 6 8
9 9 5 2 5 5 2 5 1 5 8 5 8 6 1 8 5 3 0 2 4 6 8 2 2 8 2 8 7 8
8 7 4 3 5 3 3 6 2 6 7 6 6 4 2 6 5 2 2 0 4 4 7 1 2 6 2 6 5 7
6 8 3 3 1 6 2 2 3 3 5 2 7 4 4 7 1 6 4 4 0 6 6 5 6 5 6 7 4 5
6 3 3 6 7 1 6 8 6 8 5 7 2 2 6 2 7 5 6 4 6 0 3 5 6 3 6 2 3 5
3 2 3 7 6 4 7 8 7 8 2 7 2 2 8 2 7 7 8 7 6 3 0 8 8 1 8 3 2 2
10 8 5 3 6 4 4 7 2 6 8 7 8 5 2 7 6 1 2 1 5 5 8 0 1 7 1 7 7 8
10 9 5 4 7 4 4 7 3 7 9 7 8 6 3 8 7 1 2 2 6 6 8 1 0 8 0 7 7 9
3 3 3 7 5 4 6 7 7 8 2 6 2 2 7 2 6 7 8 6 5 3 1 7 8 0 8 3 1 2
10 9 5 4 7 4 4 7 3 7 9 7 8 6 3 8 7 1 2 2 6 6 8 1 0 8 0 7 7 9
5 1 4 8 8 3 7 9 8 10 5 8 1 3 8 1 8 6 8 6 7 2 3 7 7 3 7 0 3 5
3 4 2 6 5 4 5 7 6 7 2 5 3 1 6 3 6 6 7 5 4 3 2 7 7 1 7 3 0 2
1 5 3 7 5 6 6 7 7 7 0 5 4 4 8 4 6 8 8 7 5 5 2 8 9 2 9 5 2 0
,
0 34 15 41 40 35 30 21 31 29 8 43 15 33 44 27 44 51 26 49 24 39 16 62 27 19 48 37 13 5
29 0 35 32 53 28 23 29 32 42 28 34 2 10 64 3 34 28 41 27 26 8 12 48 51 18 48 4 23 18
22 26 0 27 9 24 20 17 16 15 10 14 19 9 29 17 30 24 33 23 20 15 11 28 17 12 41 25 10 16
21 54 20 0 14 28 5 21 2 21 45 23 56 30 3 29 15 27 5 7 18 16 43 18 11 45 21 31 43 32
41 55 15 12 0 31 14 6 22 11 30 4 52 21 28 24 6 34 24 21 4 30 36 40 21 22 39 39 30 29
29 23 14 32 18 0 36 49 27 48 33 51 24 7 40 21 22 20 14 13 27 6 28 16 26 27 23 12 11 16
43 60 12 6 9 39 0 19 9 8 23 23 35 18 6 19 6 20 18 13 11 19 46 10 30 21 19 45 16 33
56 35 26 18 15 50 11 0 16 2 34 10 48 51 26 40 6 50 36 19 13 26 40 21 33 39 45 61 22 36
48 27 25 4 23 27 6 22 0 11 40 24 25 31 3 48 10 12 4 11 13 31 34 7 15 31 10 31 33 28
54 37 33 11 12 44 17 4 25 0 49 10 54 27 14 46 8 28 30 21 7 54 35 24 30 54 37 53 30 42
8 20 13 41 15 21 37 41 43 26 0 18 16 22 37 20 18 58 51 27 36 33 6 35 64 13 33 32 11 0
20 34 30 18 2 21 18 9 30 8 21 0 28 36 13 57 6 27 22 16 7 46 20 30 37 33 22 30 36 27
33 3 21 30 29 11 27 49 56 28 19 23 0 18 31 2 35 43 26 40 21 14 6 33 26 16 51 3 11 21
31 22 9 14 22 13 21 31 34 31 26 40 19 0 16 16 20 27 30 23 33 10 11 30 34 7 30 17 5 27
55 28 22 7 25 16 6 15 3 14 41 26 53 19 0 53 15 19 2 6 12 35 46 8 12 21 19 39 16 55
14 8 24 37 21 22 30 43 26 37 12 50 2 16 40 0 53 47 41 47 41 14 9 36 21 10 48 6 7 21
20 57 24 22 4 40 7 3 26 6 19 3 49 27 14 51 0 24 26 33 8 29 20 18 38 46 40 34 39 16
29 27 29 13 49 13 24 26 14 24 22 43 31 33 15 47 37 0 9 6 36 26 32 7 8 48 5 24 47 34
35 63 23 7 18 16 11 14 3 29 58 33 49 38 3 43 12 9 0 13 15 37 37 7 11 32 17 40 43 50
32 50 23 14 19 19 9 30 15 18 43 41 48 21 16 27 26 9 7 0 17 17 31 5 8 22 13 27 14 43
25 27 12 19 3 27 13 7 21 18 30 11 49 25 12 17 9 37 20 15 0 22 42 19 25 25 35 30 27 33
30 16 9 43 18 4 30 46 41 56 36 52 10 5 20 9 43 15 46 21 42 0 9 28 23 19 26 11 16 30
18 10 10 45 29 17 34 54 32 55 18 19 12 14 54 6 18 24 30 40 21 13 0 25 24 2 28 9 10 16
29 57 33 14 31 27 21 40 9 21 60 30 25 14 11 26 37 5 11 7 32 33 31 0 3 45 6 40 38 23
29 59 19 20 22 15 21 22 10 50 51 44 31 40 18 56 33 9 8 6 21 22 32 4 0 39 1 40 48 65
9 9 10 29 20 28 46 31 22 56 5 20 17 10 42 15 42 38 37 28 37 19 3 51 40 0 47 11 4 12
40 36 27 27 33 21 23 38 19 39 53 50 25 16 22 28 21 7 16 13 20 24 32 5 1 29 0 31 34 64
27 9 30 25 26 21 20 67 49 45 22 27 3 8 59 7 33 24 29 34 30 5 10 18 22 14 25 0 11 20
18 20 8 35 27 15 35 25 16 26 14 16 17 6 22 18 21 40 43 21 31 12 10 29 44 4 32 11 0 13
6 14 15 43 23 21 40 43 40 19 0 15 32 20 48 22 41 52 39 32 19 22 12 49 52 7 39 38 11 0