5
30
,
0 (21.0, 49.0) 34.0
1 (45.0, 48.0) 25.0
2 (31.0, 28.0) 15.0
3 (27.0, 8.0) 47.0
4 (15.0, 21.0) 18.0
5 (48.0, 27.0) 48.0
6 (25.0, 12.0) 15.0
7 (10.0, 12.0) 27.0
8 (30.0, 7.0) 18.0
9 (11.0, 9.0) 41.0
10 (22.0, 43.0) 45.0
11 (12.0, 20.0) 32.0
12 (44.0, 44.0) 11.0
13 (37.0, 33.0) 12.0
14 (31.0, 5.0) 47.0
15 (42.0, 43.0) 24.0
16 (14.0, 15.0) 26.0
17 (48.0, 10.0) 12.0
18 (34.0, 4.0) 25.0
19 (40.0, 12.0) 47.0
20 (20.0, 19.0) 23.0
21 (46.0, 33.0) 40.0
22 (34.0, 44.0) 23.0
23 (42.0, 6.0) 24.0
24 (45.0, 5.0) 25.0
25 (32.0, 42.0) 43.0
26 (46.0, 5.0) 48.0
27 (47.0, 41.0) 14.0
28 (31.0, 37.0) 44.0
29 (22.0, 43.0) 12.0
,
0 5 5 8 6 7 7 8 9 8 1 6 5 5 9 4 7 9 9 8 6 6 3 10 10 3 10 5 3 1
5 0 5 9 8 4 8 10 9 10 5 9 1 3 9 1 9 8 9 7 8 3 2 8 9 3 9 1 4 5
5 5 0 4 3 3 3 5 4 6 3 4 4 2 5 4 4 5 5 4 3 3 3 5 5 3 5 4 2 3
8 9 4 0 4 6 1 3 1 3 7 4 8 5 1 8 3 4 2 3 3 6 7 3 4 7 4 8 6 7
6 8 3 4 0 7 3 2 4 3 5 1 7 5 5 7 1 7 5 5 1 7 6 6 7 5 7 8 5 5
7 4 3 6 7 0 5 8 5 8 6 7 3 3 6 3 7 3 5 3 6 1 4 4 4 4 4 3 4 6
7 8 3 1 3 5 0 3 1 3 6 3 7 5 2 7 2 5 2 3 2 6 7 4 4 6 4 7 5 6
8 10 5 3 2 8 3 0 4 1 7 2 9 7 4 9 1 8 5 6 2 8 8 7 7 7 7 9 7 7
9 9 4 1 4 5 1 4 0 4 7 4 8 5 0 8 4 4 1 2 3 6 7 2 3 7 3 8 6 7
8 10 6 3 3 8 3 1 4 0 7 2 10 7 4 9 1 7 5 6 3 8 8 6 7 8 7 10 7 7
1 5 3 7 5 6 6 7 7 7 0 5 4 4 8 4 6 8 8 7 5 5 2 8 9 2 9 5 2 0
6 9 4 4 1 7 3 2 4 2 5 0 8 6 5 8 1 7 5 6 2 7 7 7 7 6 7 8 5 5
5 1 4 8 7 3 7 9 8 10 4 8 0 3 8 0 8 7 8 6 7 2 2 8 8 2 8 1 3 4
5 3 2 5 5 3 5 7 5 7 4 6 3 0 6 2 6 5 6 4 4 2 2 5 6 2 6 3 1 4
9 9 5 1 5 6 2 4 0 4 8 5 8 6 0 8 4 4 1 2 4 6 8 2 3 7 3 8 6 8
4 1 4 8 7 3 7 9 8 9 4 8 0 2 8 0 8 7 8 6 7 2 2 7 8 2 8 1 3 4
7 9 4 3 1 7 2 1 4 1 6 1 8 6 4 8 0 7 5 5 1 7 7 6 7 6 7 8 6 6
9 8 5 4 7 3 5 8 4 7 8 7 7 5 4 7 7 0 3 2 6 5 7 1 1 7 1 6 6 8
9 9 5 2 5 5 2 5 1 5 8 5 8 6 1 8 5 3 0 2 4 6 8 2 2 8 2 8 7 8
8 7 4 3 5 3 3 6 2 6 7 6 6 4 2 6 5 2 2 0 4 4 7 1 2 6 2 6 5 7
6 8 3 3 1 6 2 2 3 3 5 2 7 4 4 7 1 6 4 4 0 6 6 5 6 5 6 7 4 5
6 3 3 6 7 1 6 8 6 8 5 7 2 2 6 2 7 5 6 4 6 0 3 5 6 3 6 2 3 5
3 2 3 7 6 4 7 8 7 8 2 7 2 2 8 2 7 7 8 7 6 3 0 8 8 1 8 3 2 2
10 8 5 3 6 4 4 7 2 6 8 7 8 5 2 7 6 1 2 1 5 5 8 0 1 7 1 7 7 8
10 9 5 4 7 4 4 7 3 7 9 7 8 6 3 8 7 1 2 2 6 6 8 1 0 8 0 7 7 9
3 3 3 7 5 4 6 7 7 8 2 6 2 2 7 2 6 7 8 6 5 3 1 7 8 0 8 3 1 2
10 9 5 4 7 4 4 7 3 7 9 7 8 6 3 8 7 1 2 2 6 6 8 1 0 8 0 7 7 9
5 1 4 8 8 3 7 9 8 10 5 8 1 3 8 1 8 6 8 6 7 2 3 7 7 3 7 0 3 5
3 4 2 6 5 4 5 7 6 7 2 5 3 1 6 3 6 6 7 5 4 3 2 7 7 1 7 3 0 2
1 5 3 7 5 6 6 7 7 7 0 5 4 4 8 4 6 8 8 7 5 5 2 8 9 2 9 5 2 0
,
0 23 34 21 34 19 35 39 57 48 8 41 23 16 65 26 29 53 33 51 35 43 13 45 53 19 67 32 13 9
30 0 37 30 48 27 45 57 30 43 18 28 3 15 51 8 51 24 38 21 31 15 17 47 38 19 28 6 23 16
16 16 0 20 25 15 18 14 19 21 22 15 29 5 12 19 15 31 15 14 12 23 17 32 24 10 28 15 10 25
28 64 23 0 20 32 6 10 5 17 25 11 27 25 6 36 14 29 10 19 9 21 37 9 14 37 22 32 17 37
43 36 13 25 0 19 14 8 18 16 13 3 51 14 23 39 4 26 29 29 6 38 27 20 28 25 32 45 32 13
44 16 9 20 21 0 18 56 28 31 21 29 24 15 40 12 54 18 35 11 16 5 32 13 33 16 28 10 21 30
37 39 14 4 8 26 0 13 4 19 17 8 39 26 13 18 9 18 13 15 11 35 45 25 23 36 14 27 30 38
49 69 22 15 10 42 11 0 13 2 23 10 45 25 17 31 5 30 23 43 7 58 23 18 35 30 22 53 29 38
30 24 27 3 30 17 10 26 0 23 43 25 36 31 2 56 12 21 5 16 14 18 26 10 14 34 22 50 24 47
27 60 29 11 15 23 14 3 15 0 47 15 36 41 24 46 8 23 35 43 14 57 43 16 37 31 22 38 47 21
3 13 22 42 23 18 33 17 33 22 0 25 33 23 21 24 33 22 41 42 31 19 9 34 42 14 58 36 11 0
37 53 22 24 4 28 10 7 14 9 28 0 27 27 34 55 8 25 29 34 8 31 31 49 54 44 36 21 34 30
21 5 19 31 31 21 26 27 32 67 21 42 0 7 29 2 36 42 24 41 29 13 14 28 46 11 44 4 12 28
21 19 11 33 21 8 35 27 14 31 20 29 8 0 30 12 28 13 35 32 14 12 17 19 38 12 22 15 11 11
35 65 21 4 18 32 5 18 1 24 45 14 53 27 0 51 15 9 4 6 26 29 25 10 13 26 19 45 40 50
26 5 22 48 31 12 24 64 36 45 22 26 2 11 52 0 58 41 23 35 40 5 10 46 44 13 32 6 16 22
50 38 24 17 7 52 17 4 13 7 40 3 32 29 23 29 0 18 12 15 10 48 46 19 27 26 18 27 39 20
45 36 14 17 31 16 17 37 20 39 51 27 28 26 10 33 26 0 15 9 23 18 50 9 6 43 6 39 22 49
60 53 24 9 31 36 8 32 6 20 23 18 53 23 3 23 19 10 0 5 27 25 59 11 7 34 16 49 44 32
30 52 25 12 20 11 13 23 16 25 36 18 26 22 9 46 20 5 9 0 14 13 19 6 6 26 13 32 25 47
41 52 11 9 7 18 5 8 9 15 23 10 35 13 15 45 8 19 14 26 0 41 22 28 24 39 25 25 21 32
33 17 9 31 26 9 42 41 35 30 33 30 11 6 44 13 42 33 18 28 37 0 17 24 35 18 41 10 22 24
12 12 17 54 39 26 46 52 30 29 8 20 11 9 43 10 29 48 58 31 27 23 0 42 24 4 42 14 8 9
26 54 30 10 18 25 22 18 7 29 54 32 48 24 14 42 26 6 7 5 22 16 46 0 3 52 3 24 25 56
39 32 24 10 23 12 18 47 22 29 47 24 54 35 12 43 46 6 9 11 19 37 36 3 0 53 1 42 31 28
7 21 16 51 32 12 44 25 37 48 10 17 16 11 19 6 26 27 55 38 13 17 4 43 26 0 36 15 6 11
53 58 21 25 42 17 27 23 9 19 60 51 44 28 18 20 30 7 12 12 30 25 33 3 1 51 0 23 34 45
22 5 17 53 42 14 46 66 27 70 33 31 3 18 40 3 38 25 35 24 26 4 8 47 26 16 46 0 21 31
8 12 11 31 22 12 26 42 26 43 6 36 18 5 25 9 16 40 48 14 16 13 9 25 37 7 50 21 0 8
7 16 25 27 13 40 41 25 33 49 0 14 23 27 42 15 43 51 49 29 15 28 8 51 43 14 33 13 8 0