5
30
,
0 (21.0, 49.0) 28.0
1 (45.0, 48.0) 42.0
2 (31.0, 28.0) 30.0
3 (27.0, 8.0) 17.0
4 (15.0, 21.0) 37.0
5 (48.0, 27.0) 30.0
6 (25.0, 12.0) 21.0
7 (10.0, 12.0) 31.0
8 (30.0, 7.0) 12.0
9 (11.0, 9.0) 11.0
10 (22.0, 43.0) 28.0
11 (12.0, 20.0) 41.0
12 (44.0, 44.0) 45.0
13 (37.0, 33.0) 14.0
14 (31.0, 5.0) 26.0
15 (42.0, 43.0) 17.0
16 (14.0, 15.0) 12.0
17 (48.0, 10.0) 26.0
18 (34.0, 4.0) 26.0
19 (40.0, 12.0) 17.0
20 (20.0, 19.0) 12.0
21 (46.0, 33.0) 22.0
22 (34.0, 44.0) 12.0
23 (42.0, 6.0) 13.0
24 (45.0, 5.0) 20.0
25 (32.0, 42.0) 46.0
26 (46.0, 5.0) 15.0
27 (47.0, 41.0) 40.0
28 (31.0, 37.0) 35.0
29 (22.0, 43.0) 15.0
,
0 5 5 8 6 7 7 8 9 8 1 6 5 5 9 4 7 9 9 8 6 6 3 10 10 3 10 5 3 1
5 0 5 9 8 4 8 10 9 10 5 9 1 3 9 1 9 8 9 7 8 3 2 8 9 3 9 1 4 5
5 5 0 4 3 3 3 5 4 6 3 4 4 2 5 4 4 5 5 4 3 3 3 5 5 3 5 4 2 3
8 9 4 0 4 6 1 3 1 3 7 4 8 5 1 8 3 4 2 3 3 6 7 3 4 7 4 8 6 7
6 8 3 4 0 7 3 2 4 3 5 1 7 5 5 7 1 7 5 5 1 7 6 6 7 5 7 8 5 5
7 4 3 6 7 0 5 8 5 8 6 7 3 3 6 3 7 3 5 3 6 1 4 4 4 4 4 3 4 6
7 8 3 1 3 5 0 3 1 3 6 3 7 5 2 7 2 5 2 3 2 6 7 4 4 6 4 7 5 6
8 10 5 3 2 8 3 0 4 1 7 2 9 7 4 9 1 8 5 6 2 8 8 7 7 7 7 9 7 7
9 9 4 1 4 5 1 4 0 4 7 4 8 5 0 8 4 4 1 2 3 6 7 2 3 7 3 8 6 7
8 10 6 3 3 8 3 1 4 0 7 2 10 7 4 9 1 7 5 6 3 8 8 6 7 8 7 10 7 7
1 5 3 7 5 6 6 7 7 7 0 5 4 4 8 4 6 8 8 7 5 5 2 8 9 2 9 5 2 0
6 9 4 4 1 7 3 2 4 2 5 0 8 6 5 8 1 7 5 6 2 7 7 7 7 6 7 8 5 5
5 1 4 8 7 3 7 9 8 10 4 8 0 3 8 0 8 7 8 6 7 2 2 8 8 2 8 1 3 4
5 3 2 5 5 3 5 7 5 7 4 6 3 0 6 2 6 5 6 4 4 2 2 5 6 2 6 3 1 4
9 9 5 1 5 6 2 4 0 4 8 5 8 6 0 8 4 4 1 2 4 6 8 2 3 7 3 8 6 8
4 1 4 8 7 3 7 9 8 9 4 8 0 2 8 0 8 7 8 6 7 2 2 7 8 2 8 1 3 4
7 9 4 3 1 7 2 1 4 1 6 1 8 6 4 8 0 7 5 5 1 7 7 6 7 6 7 8 6 6
9 8 5 4 7 3 5 8 4 7 8 7 7 5 4 7 7 0 3 2 6 5 7 1 1 7 1 6 6 8
9 9 5 2 5 5 2 5 1 5 8 5 8 6 1 8 5 3 0 2 4 6 8 2 2 8 2 8 7 8
8 7 4 3 5 3 3 6 2 6 7 6 6 4 2 6 5 2 2 0 4 4 7 1 2 6 2 6 5 7
6 8 3 3 1 6 2 2 3 3 5 2 7 4 4 7 1 6 4 4 0 6 6 5 6 5 6 7 4 5
6 3 3 6 7 1 6 8 6 8 5 7 2 2 6 2 7 5 6 4 6 0 3 5 6 3 6 2 3 5
3 2 3 7 6 4 7 8 7 8 2 7 2 2 8 2 7 7 8 7 6 3 0 8 8 1 8 3 2 2
10 8 5 3 6 4 4 7 2 6 8 7 8 5 2 7 6 1 2 1 5 5 8 0 1 7 1 7 7 8
10 9 5 4 7 4 4 7 3 7 9 7 8 6 3 8 7 1 2 2 6 6 8 1 0 8 0 7 7 9
3 3 3 7 5 4 6 7 7 8 2 6 2 2 7 2 6 7 8 6 5 3 1 7 8 0 8 3 1 2
10 9 5 4 7 4 4 7 3 7 9 7 8 6 3 8 7 1 2 2 6 6 8 1 0 8 0 7 7 9
5 1 4 8 8 3 7 9 8 10 5 8 1 3 8 1 8 6 8 6 7 2 3 7 7 3 7 0 3 5
3 4 2 6 5 4 5 7 6 7 2 5 3 1 6 3 6 6 7 5 4 3 2 7 7 1 7 3 0 2
1 5 3 7 5 6 6 7 7 7 0 5 4 4 8 4 6 8 8 7 5 5 2 8 9 2 9 5 2 0
,
0 29 33 30 40 46 45 26 44 29 4 35 28 14 47 23 29 30 41 23 42 25 7 30 38 11 34 30 21 5
16 0 18 54 30 27 50 64 51 40 14 30 4 10 27 4 28 40 50 48 41 20 8 47 41 12 37 11 16 13
26 35 0 21 12 25 19 35 20 31 11 15 14 7 31 16 13 32 21 17 17 19 24 27 39 14 18 22 13 18
27 25 20 0 26 37 4 18 3 13 37 25 44 29 6 29 10 24 11 13 10 35 22 16 11 20 13 27 32 46
21 24 11 13 0 45 7 7 17 19 12 4 46 22 32 30 5 37 38 24 7 24 38 27 36 33 27 33 28 31
20 26 20 24 18 0 31 51 35 55 19 20 19 17 30 14 42 9 29 13 30 5 18 28 15 15 26 20 24 37
51 61 25 3 9 28 0 11 10 14 40 20 47 27 9 52 6 21 15 9 10 43 39 18 19 23 17 48 15 43
31 66 39 10 11 35 13 0 22 4 46 9 53 28 15 38 5 52 37 43 13 43 58 34 19 34 40 30 38 49
53 62 24 3 18 36 5 23 0 15 40 28 52 21 2 33 25 9 7 16 17 40 24 16 16 52 19 52 24 53
47 28 31 19 17 37 11 3 18 0 38 15 69 48 24 57 4 49 19 40 11 55 24 26 19 47 21 36 27 30
5 27 21 27 35 29 35 48 35 48 0 15 18 23 57 17 36 35 58 18 32 37 17 63 57 9 29 31 9 0
30 59 18 22 3 42 13 10 17 16 35 0 60 24 21 30 3 26 37 18 6 22 32 42 39 21 29 26 38 15
27 2 30 22 28 26 36 25 29 63 15 26 0 10 43 2 34 19 57 31 52 8 13 44 29 10 35 4 20 13
30 10 9 22 21 10 32 47 29 38 24 24 11 0 30 8 43 35 25 19 26 10 14 38 30 5 23 11 10 10
55 31 28 3 13 35 12 17 2 14 28 14 42 40 0 45 27 13 3 10 14 30 55 11 15 42 8 22 31 23
19 8 18 49 43 10 48 36 36 29 16 42 3 6 44 0 31 26 52 25 22 14 7 46 56 8 39 6 12 24
22 44 15 20 6 44 14 5 13 8 39 5 39 24 14 31 0 21 29 39 5 45 42 40 18 32 22 35 30 23
40 30 16 30 39 21 33 46 9 23 59 19 22 27 11 43 30 0 23 8 32 22 33 5 4 50 6 45 22 63
68 67 13 9 25 36 9 33 3 26 35 37 28 42 3 52 20 17 0 10 11 28 30 6 11 46 15 30 26 59
52 39 9 13 39 25 8 43 6 35 20 21 25 28 17 20 39 10 13 0 18 12 30 7 13 24 5 37 24 53
37 38 20 18 7 30 5 6 10 9 20 10 36 22 18 47 11 26 21 27 0 39 42 16 32 22 22 40 30 19
44 8 9 19 38 7 34 57 32 45 29 51 10 12 34 11 47 23 44 22 34 0 24 29 22 20 22 4 11 38
10 13 12 19 30 13 44 56 49 27 14 42 9 12 40 9 34 54 53 32 36 15 0 27 31 2 55 16 5 17
39 37 21 15 27 13 14 24 14 20 27 43 40 40 10 46 19 11 8 4 13 34 30 0 2 48 5 33 37 57
31 46 28 12 33 20 20 51 20 20 53 53 57 33 8 38 19 7 12 12 32 34 34 3 0 48 1 46 24 44
17 12 10 30 14 29 25 52 30 39 15 40 14 6 35 6 43 20 30 35 16 12 2 41 34 0 44 19 4 11
48 54 27 23 40 20 24 47 18 27 37 47 21 24 9 30 40 5 10 12 41 37 34 2 1 49 0 32 26 53
15 10 17 24 48 8 26 65 29 43 20 45 4 13 34 4 57 32 46 40 21 8 16 21 35 16 33 0 16 27
15 13 9 25 27 26 15 45 17 48 10 37 21 8 16 16 33 33 47 19 21 8 8 38 32 4 44 9 0 10
9 16 17 44 13 34 45 32 43 46 0 15 23 21 22 28 32 33 30 19 26 32 13 41 44 13 41 38 8 0