5
30
,
0 (21.0, 49.0) 26.0
1 (45.0, 48.0) 12.0
2 (31.0, 28.0) 30.0
3 (27.0, 8.0) 29.0
4 (15.0, 21.0) 25.0
5 (48.0, 27.0) 10.0
6 (25.0, 12.0) 31.0
7 (10.0, 12.0) 23.0
8 (30.0, 7.0) 14.0
9 (11.0, 9.0) 29.0
10 (22.0, 43.0) 16.0
11 (12.0, 20.0) 14.0
12 (44.0, 44.0) 38.0
13 (37.0, 33.0) 16.0
14 (31.0, 5.0) 22.0
15 (42.0, 43.0) 13.0
16 (14.0, 15.0) 36.0
17 (48.0, 10.0) 17.0
18 (34.0, 4.0) 45.0
19 (40.0, 12.0) 16.0
20 (20.0, 19.0) 22.0
21 (46.0, 33.0) 13.0
22 (34.0, 44.0) 13.0
23 (42.0, 6.0) 26.0
24 (45.0, 5.0) 41.0
25 (32.0, 42.0) 23.0
26 (46.0, 5.0) 13.0
27 (47.0, 41.0) 11.0
28 (31.0, 37.0) 39.0
29 (22.0, 43.0) 20.0
,
0 5 5 8 6 7 7 8 9 8 1 6 5 5 9 4 7 9 9 8 6 6 3 10 10 3 10 5 3 1
5 0 5 9 8 4 8 10 9 10 5 9 1 3 9 1 9 8 9 7 8 3 2 8 9 3 9 1 4 5
5 5 0 4 3 3 3 5 4 6 3 4 4 2 5 4 4 5 5 4 3 3 3 5 5 3 5 4 2 3
8 9 4 0 4 6 1 3 1 3 7 4 8 5 1 8 3 4 2 3 3 6 7 3 4 7 4 8 6 7
6 8 3 4 0 7 3 2 4 3 5 1 7 5 5 7 1 7 5 5 1 7 6 6 7 5 7 8 5 5
7 4 3 6 7 0 5 8 5 8 6 7 3 3 6 3 7 3 5 3 6 1 4 4 4 4 4 3 4 6
7 8 3 1 3 5 0 3 1 3 6 3 7 5 2 7 2 5 2 3 2 6 7 4 4 6 4 7 5 6
8 10 5 3 2 8 3 0 4 1 7 2 9 7 4 9 1 8 5 6 2 8 8 7 7 7 7 9 7 7
9 9 4 1 4 5 1 4 0 4 7 4 8 5 0 8 4 4 1 2 3 6 7 2 3 7 3 8 6 7
8 10 6 3 3 8 3 1 4 0 7 2 10 7 4 9 1 7 5 6 3 8 8 6 7 8 7 10 7 7
1 5 3 7 5 6 6 7 7 7 0 5 4 4 8 4 6 8 8 7 5 5 2 8 9 2 9 5 2 0
6 9 4 4 1 7 3 2 4 2 5 0 8 6 5 8 1 7 5 6 2 7 7 7 7 6 7 8 5 5
5 1 4 8 7 3 7 9 8 10 4 8 0 3 8 0 8 7 8 6 7 2 2 8 8 2 8 1 3 4
5 3 2 5 5 3 5 7 5 7 4 6 3 0 6 2 6 5 6 4 4 2 2 5 6 2 6 3 1 4
9 9 5 1 5 6 2 4 0 4 8 5 8 6 0 8 4 4 1 2 4 6 8 2 3 7 3 8 6 8
4 1 4 8 7 3 7 9 8 9 4 8 0 2 8 0 8 7 8 6 7 2 2 7 8 2 8 1 3 4
7 9 4 3 1 7 2 1 4 1 6 1 8 6 4 8 0 7 5 5 1 7 7 6 7 6 7 8 6 6
9 8 5 4 7 3 5 8 4 7 8 7 7 5 4 7 7 0 3 2 6 5 7 1 1 7 1 6 6 8
9 9 5 2 5 5 2 5 1 5 8 5 8 6 1 8 5 3 0 2 4 6 8 2 2 8 2 8 7 8
8 7 4 3 5 3 3 6 2 6 7 6 6 4 2 6 5 2 2 0 4 4 7 1 2 6 2 6 5 7
6 8 3 3 1 6 2 2 3 3 5 2 7 4 4 7 1 6 4 4 0 6 6 5 6 5 6 7 4 5
6 3 3 6 7 1 6 8 6 8 5 7 2 2 6 2 7 5 6 4 6 0 3 5 6 3 6 2 3 5
3 2 3 7 6 4 7 8 7 8 2 7 2 2 8 2 7 7 8 7 6 3 0 8 8 1 8 3 2 2
10 8 5 3 6 4 4 7 2 6 8 7 8 5 2 7 6 1 2 1 5 5 8 0 1 7 1 7 7 8
10 9 5 4 7 4 4 7 3 7 9 7 8 6 3 8 7 1 2 2 6 6 8 1 0 8 0 7 7 9
3 3 3 7 5 4 6 7 7 8 2 6 2 2 7 2 6 7 8 6 5 3 1 7 8 0 8 3 1 2
10 9 5 4 7 4 4 7 3 7 9 7 8 6 3 8 7 1 2 2 6 6 8 1 0 8 0 7 7 9
5 1 4 8 8 3 7 9 8 10 5 8 1 3 8 1 8 6 8 6 7 2 3 7 7 3 7 0 3 5
3 4 2 6 5 4 5 7 6 7 2 5 3 1 6 3 6 6 7 5 4 3 2 7 7 1 7 3 0 2
1 5 3 7 5 6 6 7 7 7 0 5 4 4 8 4 6 8 8 7 5 5 2 8 9 2 9 5 2 0
,
0 19 23 58 25 26 22 34 54 26 5 41 25 13 26 21 36 40 32 49 23 41 17 37 61 10 53 25 21 4
23 0 28 39 41 12 56 39 56 44 12 31 5 19 34 6 25 28 55 28 43 19 17 25 45 10 55 9 18 22
31 22 0 13 24 9 17 28 13 34 15 28 30 6 26 16 20 35 20 14 21 10 10 22 32 19 35 22 8 13
36 35 11 0 25 20 3 20 2 19 28 27 23 15 6 36 22 29 4 15 13 24 24 10 14 39 12 51 38 52
29 23 19 25 0 35 17 6 19 15 24 3 23 26 20 20 9 29 26 32 8 31 26 30 27 31 28 40 15 29
32 20 14 20 50 0 24 44 32 33 24 34 9 19 14 25 24 16 27 20 31 5 18 29 26 11 23 9 27 41
40 26 23 2 16 21 0 19 10 20 30 17 44 34 9 26 14 28 10 14 9 31 22 24 29 37 20 54 16 33
52 46 35 19 9 44 19 0 21 2 39 12 43 19 22 23 4 55 29 31 17 31 45 17 20 22 48 52 48 20
58 57 16 4 23 29 9 29 0 14 22 32 32 27 3 22 25 19 5 16 8 17 32 17 11 38 19 28 32 27
31 64 29 20 18 29 15 2 28 0 31 13 57 44 28 68 8 23 27 19 8 26 26 16 44 57 51 30 47 37
4 20 10 42 31 39 19 26 19 40 0 26 23 13 38 10 31 38 40 22 27 34 11 38 39 11 48 31 15 0
32 42 17 26 2 55 16 5 18 9 19 0 38 32 31 36 4 33 30 16 10 43 23 25 43 19 23 42 28 26
19 3 25 24 27 15 37 52 38 28 17 28 0 8 47 3 51 42 25 27 46 15 8 42 54 6 25 6 9 14
18 9 4 30 29 10 25 22 27 50 10 28 7 0 38 14 33 27 25 28 30 8 12 21 19 8 22 8 4 19
65 24 13 7 26 22 7 33 3 30 25 28 28 31 0 46 19 13 2 12 23 34 32 14 12 45 10 35 44 23
25 8 14 46 51 16 51 22 37 38 17 39 1 6 41 0 31 42 47 39 38 14 11 32 35 9 23 7 13 19
35 58 11 15 4 44 11 4 18 5 16 7 55 37 15 30 0 20 13 27 5 39 51 39 49 23 47 25 39 33
34 32 29 24 35 19 18 39 20 39 27 28 39 24 11 22 18 0 11 7 37 30 31 5 6 20 8 27 28 53
44 67 21 10 15 15 12 19 5 15 33 19 36 20 3 21 27 18 0 5 11 23 23 11 16 25 17 55 32 24
49 25 20 11 14 14 16 22 15 43 48 21 25 28 9 41 14 10 15 0 15 23 27 5 9 42 7 38 36 45
35 41 10 12 8 17 11 8 18 13 34 11 45 11 12 24 10 18 19 16 0 42 42 30 29 26 22 41 19 35
21 8 20 27 18 6 20 26 34 32 35 22 16 5 25 6 32 30 28 20 22 0 12 33 22 25 32 11 20 37
16 6 21 46 41 19 23 51 47 58 15 33 12 9 37 5 52 53 39 25 28 19 0 40 52 3 26 16 5 7
44 59 31 13 43 25 19 29 14 19 23 36 54 26 16 20 40 4 4 8 34 20 42 0 2 24 3 20 41 41
74 38 26 26 45 31 18 33 15 31 62 49 33 16 9 49 31 7 11 6 17 20 44 4 0 56 1 44 49 23
18 12 9 36 31 24 29 29 22 56 8 40 14 14 24 6 42 33 40 19 15 11 2 55 26 0 57 8 4 7
37 64 36 16 47 20 26 29 16 35 56 47 52 42 17 25 45 6 7 5 26 21 59 4 1 21 0 29 38 45
20 9 12 28 25 8 32 46 48 66 17 40 4 13 38 3 63 26 32 34 49 5 18 39 44 19 32 0 17 21
23 21 10 27 32 15 21 21 33 27 13 20 18 9 17 8 22 28 49 20 18 12 11 31 25 4 46 14 0 10
9 17 22 33 13 22 33 48 45 36 0 38 31 19 48 23 21 50 55 29 15 35 16 42 30 15 39 26 10 0