5
30
,
0 (21.0, 49.0) 15.0
1 (45.0, 48.0) 13.0
2 (31.0, 28.0) 26.0
3 (27.0, 8.0) 26.0
4 (15.0, 21.0) 12.0
5 (48.0, 27.0) 13.0
6 (25.0, 12.0) 13.0
7 (10.0, 12.0) 15.0
8 (30.0, 7.0) 36.0
9 (11.0, 9.0) 33.0
10 (22.0, 43.0) 22.0
11 (12.0, 20.0) 24.0
12 (44.0, 44.0) 49.0
13 (37.0, 33.0) 16.0
14 (31.0, 5.0) 15.0
15 (42.0, 43.0) 13.0
16 (14.0, 15.0) 47.0
17 (48.0, 10.0) 40.0
18 (34.0, 4.0) 17.0
19 (40.0, 12.0) 21.0
20 (20.0, 19.0) 16.0
21 (46.0, 33.0) 27.0
22 (34.0, 44.0) 15.0
23 (42.0, 6.0) 50.0
24 (45.0, 5.0) 13.0
25 (32.0, 42.0) 17.0
26 (46.0, 5.0) 39.0
27 (47.0, 41.0) 19.0
28 (31.0, 37.0) 39.0
29 (22.0, 43.0) 48.0
,
0 5 5 8 6 7 7 8 9 8 1 6 5 5 9 4 7 9 9 8 6 6 3 10 10 3 10 5 3 1
5 0 5 9 8 4 8 10 9 10 5 9 1 3 9 1 9 8 9 7 8 3 2 8 9 3 9 1 4 5
5 5 0 4 3 3 3 5 4 6 3 4 4 2 5 4 4 5 5 4 3 3 3 5 5 3 5 4 2 3
8 9 4 0 4 6 1 3 1 3 7 4 8 5 1 8 3 4 2 3 3 6 7 3 4 7 4 8 6 7
6 8 3 4 0 7 3 2 4 3 5 1 7 5 5 7 1 7 5 5 1 7 6 6 7 5 7 8 5 5
7 4 3 6 7 0 5 8 5 8 6 7 3 3 6 3 7 3 5 3 6 1 4 4 4 4 4 3 4 6
7 8 3 1 3 5 0 3 1 3 6 3 7 5 2 7 2 5 2 3 2 6 7 4 4 6 4 7 5 6
8 10 5 3 2 8 3 0 4 1 7 2 9 7 4 9 1 8 5 6 2 8 8 7 7 7 7 9 7 7
9 9 4 1 4 5 1 4 0 4 7 4 8 5 0 8 4 4 1 2 3 6 7 2 3 7 3 8 6 7
8 10 6 3 3 8 3 1 4 0 7 2 10 7 4 9 1 7 5 6 3 8 8 6 7 8 7 10 7 7
1 5 3 7 5 6 6 7 7 7 0 5 4 4 8 4 6 8 8 7 5 5 2 8 9 2 9 5 2 0
6 9 4 4 1 7 3 2 4 2 5 0 8 6 5 8 1 7 5 6 2 7 7 7 7 6 7 8 5 5
5 1 4 8 7 3 7 9 8 10 4 8 0 3 8 0 8 7 8 6 7 2 2 8 8 2 8 1 3 4
5 3 2 5 5 3 5 7 5 7 4 6 3 0 6 2 6 5 6 4 4 2 2 5 6 2 6 3 1 4
9 9 5 1 5 6 2 4 0 4 8 5 8 6 0 8 4 4 1 2 4 6 8 2 3 7 3 8 6 8
4 1 4 8 7 3 7 9 8 9 4 8 0 2 8 0 8 7 8 6 7 2 2 7 8 2 8 1 3 4
7 9 4 3 1 7 2 1 4 1 6 1 8 6 4 8 0 7 5 5 1 7 7 6 7 6 7 8 6 6
9 8 5 4 7 3 5 8 4 7 8 7 7 5 4 7 7 0 3 2 6 5 7 1 1 7 1 6 6 8
9 9 5 2 5 5 2 5 1 5 8 5 8 6 1 8 5 3 0 2 4 6 8 2 2 8 2 8 7 8
8 7 4 3 5 3 3 6 2 6 7 6 6 4 2 6 5 2 2 0 4 4 7 1 2 6 2 6 5 7
6 8 3 3 1 6 2 2 3 3 5 2 7 4 4 7 1 6 4 4 0 6 6 5 6 5 6 7 4 5
6 3 3 6 7 1 6 8 6 8 5 7 2 2 6 2 7 5 6 4 6 0 3 5 6 3 6 2 3 5
3 2 3 7 6 4 7 8 7 8 2 7 2 2 8 2 7 7 8 7 6 3 0 8 8 1 8 3 2 2
10 8 5 3 6 4 4 7 2 6 8 7 8 5 2 7 6 1 2 1 5 5 8 0 1 7 1 7 7 8
10 9 5 4 7 4 4 7 3 7 9 7 8 6 3 8 7 1 2 2 6 6 8 1 0 8 0 7 7 9
3 3 3 7 5 4 6 7 7 8 2 6 2 2 7 2 6 7 8 6 5 3 1 7 8 0 8 3 1 2
10 9 5 4 7 4 4 7 3 7 9 7 8 6 3 8 7 1 2 2 6 6 8 1 0 8 0 7 7 9
5 1 4 8 8 3 7 9 8 10 5 8 1 3 8 1 8 6 8 6 7 2 3 7 7 3 7 0 3 5
3 4 2 6 5 4 5 7 6 7 2 5 3 1 6 3 6 6 7 5 4 3 2 7 7 1 7 3 0 2
1 5 3 7 5 6 6 7 7 7 0 5 4 4 8 4 6 8 8 7 5 5 2 8 9 2 9 5 2 0
,
0 12 12 38 22 34 55 55 27 26 4 43 15 30 44 19 33 39 60 50 36 16 19 69 66 10 62 38 11 6
22 0 36 38 51 18 35 42 24 36 13 51 5 25 58 3 32 42 62 20 53 22 12 50 48 14 64 6 9 25
18 15 0 12 12 17 9 32 11 38 16 28 18 9 12 27 16 36 36 10 15 20 9 31 23 17 25 12 5 20
59 38 13 0 23 17 2 12 3 9 44 11 45 26 6 51 18 13 7 15 12 26 51 17 23 36 18 42 36 27
25 33 26 18 0 25 17 15 24 10 18 3 35 36 19 51 8 35 25 17 4 21 41 25 50 40 22 46 12 25
49 16 21 36 50 0 18 28 26 58 42 43 10 17 26 18 25 22 14 20 40 6 31 13 19 20 29 13 29 24
24 61 12 3 18 25 0 14 8 15 26 19 34 18 9 48 6 20 8 16 8 19 29 14 23 19 17 49 21 42
35 63 19 22 10 34 15 0 18 3 47 12 43 26 33 31 6 56 23 36 17 54 39 18 29 51 32 66 32 27
62 48 25 3 14 18 6 24 0 22 37 22 30 25 3 44 12 20 4 11 14 31 25 9 22 51 21 39 33 20
25 42 38 13 10 23 19 3 28 0 47 9 48 45 21 64 5 35 30 37 10 22 50 46 39 36 39 38 47 40
5 22 11 24 27 31 17 37 24 48 0 18 18 23 26 29 23 32 34 40 35 14 8 24 25 9 26 18 8 0
25 59 31 26 2 35 21 11 27 12 21 0 37 35 34 56 4 46 41 38 10 40 30 44 32 38 24 57 18 26
23 3 11 39 41 13 34 24 40 47 19 28 0 14 54 3 39 43 47 31 26 7 6 43 45 16 38 4 18 16
20 11 7 29 33 10 25 30 34 32 11 27 11 0 31 6 36 26 21 26 11 6 9 26 36 14 36 17 5 23
58 34 27 7 14 25 12 17 3 17 28 20 61 19 0 34 23 15 3 13 14 27 25 11 10 30 20 45 44 40
17 7 16 19 26 24 47 52 28 46 21 43 3 9 52 0 21 17 44 28 41 10 5 52 35 7 19 3 11 28
22 42 32 21 4 33 16 6 19 5 17 8 43 29 16 23 0 25 25 14 7 48 32 23 41 18 35 33 31 32
70 49 31 20 18 13 26 27 27 42 49 36 42 17 10 39 37 0 11 11 24 26 51 5 7 47 8 30 46 47
43 29 24 12 19 21 18 15 3 31 36 18 36 35 2 56 21 14 0 10 10 42 27 10 9 26 13 40 47 48
45 49 24 10 28 10 9 44 15 37 33 16 48 13 12 32 36 6 8 0 14 12 27 5 7 25 12 38 20 46
27 51 14 8 5 17 7 18 12 19 33 9 36 20 24 41 11 25 11 14 0 23 43 29 25 15 35 43 15 26
19 17 23 23 21 6 26 39 27 29 18 33 13 5 16 8 55 24 45 12 39 0 18 14 19 24 17 11 11 20
17 12 13 43 26 14 35 41 55 41 12 40 7 14 29 7 35 20 54 30 30 23 0 57 33 2 31 16 6 18
57 42 22 23 37 30 25 38 16 28 24 45 45 19 6 30 41 9 8 9 18 34 23 0 3 22 5 35 19 29
44 35 32 23 19 31 32 35 15 28 64 38 55 40 9 52 21 5 15 8 38 29 24 5 0 42 1 41 46 32
12 12 19 42 17 23 26 54 39 55 9 18 11 14 37 9 29 32 53 17 38 15 2 26 31 0 43 8 3 9
76 49 30 26 47 23 13 32 11 44 53 44 48 21 10 21 27 4 14 7 42 28 46 4 1 57 0 21 29 61
30 7 30 54 48 8 20 58 48 40 28 31 6 8 26 6 45 30 20 19 40 9 12 28 42 13 39 0 24 20
15 14 7 37 29 17 27 25 16 45 7 17 16 5 27 16 16 23 19 20 29 17 7 26 50 3 44 22 0 14
5 25 9 38 20 33 19 44 32 25 0 25 28 11 34 25 42 23 43 44 29 19 18 26 43 10 44 31 13 0