5
30
,
0 (21.0, 49.0) 18.0
1 (45.0, 48.0) 31.0
2 (31.0, 28.0) 17.0
3 (27.0, 8.0) 27.0
4 (15.0, 21.0) 13.0
5 (48.0, 27.0) 33.0
6 (25.0, 12.0) 20.0
7 (10.0, 12.0) 27.0
8 (30.0, 7.0) 14.0
9 (11.0, 9.0) 26.0
10 (22.0, 43.0) 27.0
11 (12.0, 20.0) 20.0
12 (44.0, 44.0) 17.0
13 (37.0, 33.0) 19.0
14 (31.0, 5.0) 47.0
15 (42.0, 43.0) 16.0
16 (14.0, 15.0) 15.0
17 (48.0, 10.0) 13.0
18 (34.0, 4.0) 45.0
19 (40.0, 12.0) 13.0
20 (20.0, 19.0) 15.0
21 (46.0, 33.0) 39.0
22 (34.0, 44.0) 23.0
23 (42.0, 6.0) 12.0
24 (45.0, 5.0) 23.0
25 (32.0, 42.0) 12.0
26 (46.0, 5.0) 12.0
27 (47.0, 41.0) 22.0
28 (31.0, 37.0) 45.0
29 (22.0, 43.0) 44.0
,
0 5 5 8 6 7 7 8 9 8 1 6 5 5 9 4 7 9 9 8 6 6 3 10 10 3 10 5 3 1
5 0 5 9 8 4 8 10 9 10 5 9 1 3 9 1 9 8 9 7 8 3 2 8 9 3 9 1 4 5
5 5 0 4 3 3 3 5 4 6 3 4 4 2 5 4 4 5 5 4 3 3 3 5 5 3 5 4 2 3
8 9 4 0 4 6 1 3 1 3 7 4 8 5 1 8 3 4 2 3 3 6 7 3 4 7 4 8 6 7
6 8 3 4 0 7 3 2 4 3 5 1 7 5 5 7 1 7 5 5 1 7 6 6 7 5 7 8 5 5
7 4 3 6 7 0 5 8 5 8 6 7 3 3 6 3 7 3 5 3 6 1 4 4 4 4 4 3 4 6
7 8 3 1 3 5 0 3 1 3 6 3 7 5 2 7 2 5 2 3 2 6 7 4 4 6 4 7 5 6
8 10 5 3 2 8 3 0 4 1 7 2 9 7 4 9 1 8 5 6 2 8 8 7 7 7 7 9 7 7
9 9 4 1 4 5 1 4 0 4 7 4 8 5 0 8 4 4 1 2 3 6 7 2 3 7 3 8 6 7
8 10 6 3 3 8 3 1 4 0 7 2 10 7 4 9 1 7 5 6 3 8 8 6 7 8 7 10 7 7
1 5 3 7 5 6 6 7 7 7 0 5 4 4 8 4 6 8 8 7 5 5 2 8 9 2 9 5 2 0
6 9 4 4 1 7 3 2 4 2 5 0 8 6 5 8 1 7 5 6 2 7 7 7 7 6 7 8 5 5
5 1 4 8 7 3 7 9 8 10 4 8 0 3 8 0 8 7 8 6 7 2 2 8 8 2 8 1 3 4
5 3 2 5 5 3 5 7 5 7 4 6 3 0 6 2 6 5 6 4 4 2 2 5 6 2 6 3 1 4
9 9 5 1 5 6 2 4 0 4 8 5 8 6 0 8 4 4 1 2 4 6 8 2 3 7 3 8 6 8
4 1 4 8 7 3 7 9 8 9 4 8 0 2 8 0 8 7 8 6 7 2 2 7 8 2 8 1 3 4
7 9 4 3 1 7 2 1 4 1 6 1 8 6 4 8 0 7 5 5 1 7 7 6 7 6 7 8 6 6
9 8 5 4 7 3 5 8 4 7 8 7 7 5 4 7 7 0 3 2 6 5 7 1 1 7 1 6 6 8
9 9 5 2 5 5 2 5 1 5 8 5 8 6 1 8 5 3 0 2 4 6 8 2 2 8 2 8 7 8
8 7 4 3 5 3 3 6 2 6 7 6 6 4 2 6 5 2 2 0 4 4 7 1 2 6 2 6 5 7
6 8 3 3 1 6 2 2 3 3 5 2 7 4 4 7 1 6 4 4 0 6 6 5 6 5 6 7 4 5
6 3 3 6 7 1 6 8 6 8 5 7 2 2 6 2 7 5 6 4 6 0 3 5 6 3 6 2 3 5
3 2 3 7 6 4 7 8 7 8 2 7 2 2 8 2 7 7 8 7 6 3 0 8 8 1 8 3 2 2
10 8 5 3 6 4 4 7 2 6 8 7 8 5 2 7 6 1 2 1 5 5 8 0 1 7 1 7 7 8
10 9 5 4 7 4 4 7 3 7 9 7 8 6 3 8 7 1 2 2 6 6 8 1 0 8 0 7 7 9
3 3 3 7 5 4 6 7 7 8 2 6 2 2 7 2 6 7 8 6 5 3 1 7 8 0 8 3 1 2
10 9 5 4 7 4 4 7 3 7 9 7 8 6 3 8 7 1 2 2 6 6 8 1 0 8 0 7 7 9
5 1 4 8 8 3 7 9 8 10 5 8 1 3 8 1 8 6 8 6 7 2 3 7 7 3 7 0 3 5
3 4 2 6 5 4 5 7 6 7 2 5 3 1 6 3 6 6 7 5 4 3 2 7 7 1 7 3 0 2
1 5 3 7 5 6 6 7 7 7 0 5 4 4 8 4 6 8 8 7 5 5 2 8 9 2 9 5 2 0
,
0 18 15 44 31 52 46 47 39 24 7 18 32 13 29 13 20 48 53 42 19 42 20 63 54 16 74 39 10 7
22 0 23 35 36 18 39 67 29 62 20 34 2 13 35 6 47 48 55 32 48 9 7 49 33 11 35 9 13 32
21 18 0 17 23 17 10 23 21 33 23 12 22 9 21 10 14 13 34 16 17 23 22 24 34 13 23 29 7 22
47 27 30 0 19 33 2 22 5 9 31 20 26 40 4 43 21 30 6 11 16 38 40 17 11 37 23 54 39 32
39 37 12 12 0 28 13 5 18 14 14 2 33 16 16 23 7 48 26 27 4 40 40 44 32 40 28 31 24 25
44 19 25 25 34 0 14 35 29 26 17 31 18 17 37 23 44 23 24 21 22 8 17 26 16 23 31 11 28 42
52 57 16 6 11 15 0 18 5 16 17 9 33 32 13 25 12 29 15 20 13 17 23 19 19 39 32 34 35 21
45 31 37 22 14 36 22 0 26 2 38 5 26 44 33 66 3 32 18 38 8 52 27 30 32 22 28 30 30 49
50 37 29 3 14 34 4 16 0 13 36 11 44 30 3 29 24 16 4 7 22 37 20 9 19 24 16 25 22 37
53 71 28 24 16 48 16 5 26 0 37 16 37 20 13 65 6 34 29 38 7 52 60 28 36 46 39 29 38 48
8 13 9 45 31 29 27 21 52 20 0 28 14 19 48 24 39 38 40 32 14 25 12 60 55 8 25 18 7 0
17 54 15 16 4 23 11 7 20 7 24 0 24 29 32 27 4 38 33 18 11 23 37 24 20 41 46 52 13 27
23 3 13 36 33 26 20 58 54 61 19 43 0 16 25 2 33 40 35 43 47 9 7 25 49 16 54 5 13 23
22 16 5 36 24 14 31 43 18 34 23 25 10 0 16 7 23 27 25 17 29 8 11 22 20 14 44 10 5 18
65 38 12 4 12 34 7 20 3 27 21 31 51 40 0 58 16 13 2 16 21 42 26 15 17 45 18 33 33 51
21 3 19 55 28 20 45 32 32 34 26 49 3 8 37 0 30 29 51 35 43 13 11 40 28 10 52 8 11 19
24 67 28 20 3 41 10 4 23 10 40 8 53 24 28 57 0 46 29 22 7 28 45 38 42 46 22 53 42 42
46 24 36 15 38 15 15 26 10 45 25 24 35 19 9 30 22 0 9 7 39 27 20 4 5 48 6 22 40 35
28 59 34 8 37 14 11 19 4 24 28 40 33 36 4 57 31 9 0 12 21 46 27 10 9 27 7 41 27 53
36 49 11 18 16 20 11 39 6 22 53 39 39 31 8 32 19 6 9 0 14 12 47 6 4 30 10 19 36 39
19 32 7 16 4 21 6 11 21 18 35 9 49 12 21 27 4 44 24 19 0 38 36 16 20 19 27 35 16 16
19 12 12 34 19 6 32 27 36 41 13 52 9 9 23 14 27 16 16 26 42 0 12 36 33 21 27 6 19 18
20 11 19 19 22 24 25 34 51 37 13 23 6 9 27 6 18 24 34 22 29 10 0 52 37 2 29 7 11 16
35 25 23 9 23 12 13 38 17 18 26 47 43 24 12 45 15 8 11 8 20 36 42 0 2 33 4 30 49 52
50 59 18 17 42 32 20 49 11 24 55 41 27 31 21 49 20 5 15 6 14 34 24 2 0 28 1 19 43 66
18 10 8 48 28 16 38 55 29 36 10 26 15 7 42 14 48 52 35 21 28 9 4 40 30 0 23 16 5 5
76 47 40 24 42 27 11 32 18 52 61 34 43 31 20 47 42 7 15 9 21 35 47 4 1 37 0 33 36 43
22 7 17 42 20 8 46 68 23 69 19 51 4 7 35 6 48 35 21 40 47 11 7 40 52 12 40 0 13 18
12 13 7 27 15 24 31 20 25 31 14 27 11 5 22 8 36 31 32 19 11 15 11 28 38 6 23 12 0 11
5 34 26 48 22 31 24 24 53 19 0 16 27 24 29 20 29 57 48 30 31 34 9 34 28 8 34 14 12 0