7
40
,
0 (34.0, 33.0) 64.0
1 (42.0, 12.0) 56.0
2 (29.0, 3.0) 68.0
3 (6.0, 20.0) 75.0
4 (25.0, 47.0) 64.0
5 (19.0, 23.0) 65.0
6 (3.0, 7.0) 39.0
7 (11.0, 32.0) 73.0
8 (13.0, 28.0) 48.0
9 (35.0, 9.0) 65.0
10 (26.0, 36.0) 40.0
11 (41.0, 2.0) 32.0
12 (28.0, 46.0) 40.0
13 (1.0, 8.0) 39.0
14 (35.0, 44.0) 54.0
15 (21.0, 38.0) 48.0
16 (37.0, 34.0) 86.0
17 (31.0, 7.0) 65.0
18 (15.0, 5.0) 70.0
19 (14.0, 24.0) 41.0
20 (7.0, 5.0) 74.0
21 (44.0, 20.0) 44.0
22 (25.0, 15.0) 36.0
23 (14.0, 25.0) 76.0
24 (24.0, 3.0) 55.0
25 (3.0, 24.0) 48.0
26 (31.0, 39.0) 41.0
27 (41.0, 1.0) 50.0
28 (21.0, 6.0) 63.0
29 (13.0, 23.0) 71.0
30 (1.0, 1.0) 33.0
31 (8.0, 16.0) 60.0
32 (36.0, 8.0) 49.0
33 (31.0, 48.0) 60.0
34 (25.0, 25.0) 34.0
35 (30.0, 44.0) 46.0
36 (1.0, 46.0) 30.0
37 (16.0, 18.0) 78.0
38 (32.0, 22.0) 80.0
39 (45.0, 25.0) 47.0
,
0 24 22 15 10 27 15 4 17 15 18 22 21 27 4 28 22 25 16 8 14 4 24 15 14 12 12 25 21 11 13 1 9 18 29 18 27 23 12 19 26 0
24 0 11 15 15 8 9 20 12 11 12 4 16 7 21 6 7 2 13 17 11 19 8 10 11 16 16 3 16 15 12 23 16 13 8 6 6 18 12 6 7 24
22 11 0 8 18 19 13 20 18 17 4 14 5 18 21 16 17 11 6 14 15 18 4 9 15 10 20 15 6 11 16 21 17 4 19 11 17 27 13 7 7 22
15 15 8 0 14 22 11 13 17 15 4 17 6 22 14 21 18 16 2 7 13 11 11 6 13 2 17 18 6 4 13 14 12 4 23 11 21 26 10 10 14 15
10 15 18 14 0 17 7 7 6 5 16 13 20 17 6 19 12 17 14 9 4 8 19 10 5 12 2 16 20 10 4 10 2 16 19 10 17 13 5 13 20 10
27 8 19 22 17 0 12 23 10 11 20 6 24 2 23 5 5 9 20 22 13 23 17 16 12 22 16 5 24 21 13 26 18 20 3 11 3 12 15 13 15 27
15 9 13 11 7 12 0 11 6 4 11 7 15 12 12 13 8 11 10 9 3 11 13 5 3 10 8 10 16 9 3 14 7 11 14 3 12 15 3 7 13 15
4 20 20 13 7 23 11 0 13 12 16 19 19 23 1 24 18 22 14 6 10 2 22 12 11 11 8 21 19 9 9 3 5 17 25 14 23 20 9 16 23 4
17 12 18 17 6 10 6 13 0 2 17 8 21 11 13 13 6 13 16 14 4 14 18 11 4 16 6 11 22 14 5 16 8 17 13 8 11 9 7 12 17 17
15 11 17 15 5 11 4 12 2 0 15 8 19 12 12 14 6 12 14 12 2 12 16 9 2 14 5 11 19 12 2 15 6 15 13 6 12 11 5 10 16 15
18 12 4 4 16 20 11 16 17 15 0 14 5 19 17 18 16 13 2 10 13 14 7 6 13 6 18 15 5 7 13 17 14 1 20 9 18 25 11 7 9 18
22 4 14 17 13 6 7 19 8 8 14 0 19 5 19 6 3 6 15 16 8 18 12 11 8 17 13 3 19 15 9 22 13 15 6 6 4 13 10 8 11 22
21 16 5 6 20 24 15 19 21 19 5 19 0 23 20 21 21 16 6 13 17 17 9 10 18 9 22 19 0 10 18 20 18 4 24 14 22 30 15 11 12 21
27 7 18 22 17 2 12 23 11 12 19 5 23 0 23 4 5 8 20 22 13 23 15 16 13 22 17 4 23 20 14 26 18 19 2 11 1 14 15 12 14 27
4 21 21 14 6 23 12 1 13 12 17 19 20 23 0 25 18 22 15 7 10 3 22 12 11 12 8 22 20 10 10 4 5 18 25 15 23 19 9 17 24 4
28 6 16 21 19 5 13 24 13 14 18 6 21 4 25 0 8 5 19 22 14 24 13 15 14 21 19 3 22 20 15 27 19 18 3 11 2 17 16 11 11 28
22 7 17 18 12 5 8 18 6 6 16 3 21 5 18 8 0 8 16 17 8 18 15 12 7 18 11 5 21 16 8 21 13 17 7 7 5 11 10 10 14 22
25 2 11 16 17 9 11 22 13 12 13 6 16 8 22 5 8 0 14 18 13 21 8 11 12 17 18 4 17 16 13 24 17 13 8 8 6 19 13 6 6 25
16 13 6 2 14 20 10 14 16 14 2 15 6 20 15 19 16 14 0 8 12 12 9 5 12 4 16 16 6 5 12 15 12 3 20 9 19 25 9 8 11 16
8 17 14 7 9 22 9 6 14 12 10 16 13 22 7 22 17 18 8 0 10 4 16 7 10 5 11 19 13 3 9 7 7 11 23 11 21 22 7 12 18 8
14 11 15 13 4 13 3 10 4 2 13 8 17 13 10 14 8 13 12 10 0 10 15 7 0 12 6 11 18 10 1 13 5 14 15 6 13 13 3 9 16 14
4 19 18 11 8 23 11 2 14 12 14 18 17 23 3 24 18 21 12 4 10 0 20 10 11 9 10 21 17 7 9 4 6 15 25 13 23 21 8 15 21 4
24 8 4 11 19 17 13 22 18 16 7 12 9 15 22 13 15 8 9 16 15 20 0 10 15 13 21 12 10 13 16 24 18 7 15 10 14 25 14 6 3 24
15 10 9 6 10 16 5 12 11 9 6 11 10 16 12 15 12 11 5 7 7 10 10 0 7 6 12 12 11 5 7 14 9 7 17 5 15 20 5 5 11 15
14 11 15 13 5 12 3 11 4 2 13 8 18 13 11 14 7 12 12 10 0 11 15 7 0 12 6 11 18 10 1 14 5 14 14 6 12 12 4 9 16 14
12 16 10 2 12 22 10 11 16 14 6 17 9 22 12 21 18 17 4 5 12 9 13 6 12 0 15 18 9 2 11 12 10 6 23 11 21 24 8 10 15 12
12 16 20 17 2 16 8 8 6 5 18 13 22 17 8 19 11 18 16 11 6 10 21 12 6 15 0 16 22 13 5 12 5 18 18 11 17 11 7 15 21 12
25 3 15 18 16 5 10 21 11 11 15 3 19 4 22 3 5 4 16 19 11 21 12 12 11 18 16 0 20 17 12 24 16 16 4 8 3 15 13 9 10 25
21 16 6 6 20 24 16 19 22 19 5 19 0 23 20 22 21 17 6 13 18 17 10 11 18 9 22 20 0 10 18 20 18 4 24 14 22 30 15 11 12 21
11 15 11 4 10 21 9 9 14 12 7 15 10 20 10 20 16 16 5 3 10 7 13 5 10 2 13 17 10 0 9 10 8 8 22 10 20 22 6 10 15 11
13 12 16 13 4 13 3 9 5 2 13 9 18 14 10 15 8 13 12 9 1 9 16 7 1 11 5 12 18 9 0 13 4 14 15 6 14 13 3 10 16 13
1 23 21 14 10 26 14 3 16 15 17 22 20 26 4 27 21 24 15 7 13 4 24 14 14 12 12 24 20 10 13 0 8 18 28 17 26 22 11 19 25 1
9 16 17 12 2 18 7 5 8 6 14 13 18 18 5 19 13 17 12 7 5 6 18 9 5 10 5 16 18 8 4 8 0 15 20 10 18 15 4 12 19 9
18 13 4 4 16 20 11 17 17 15 1 15 4 19 18 18 17 13 3 11 14 15 7 7 14 6 18 16 4 8 14 18 15 0 20 10 18 26 11 7 10 18
29 8 19 23 19 3 14 25 13 13 20 6 24 2 25 3 7 8 20 23 15 25 15 17 14 23 18 4 24 22 15 28 20 20 0 12 2 15 17 13 13 29
18 6 11 11 10 11 3 14 8 6 9 6 14 11 15 11 7 8 9 11 6 13 10 5 6 11 11 8 14 10 6 17 10 10 12 0 10 16 6 4 10 18
27 6 17 21 17 3 12 23 11 12 18 4 22 1 23 2 5 6 19 21 13 23 14 15 12 21 17 3 22 20 14 26 18 18 2 10 0 15 15 11 12 27
23 18 27 26 13 12 15 20 9 11 25 13 30 14 19 17 11 19 25 22 13 21 25 20 12 24 11 15 30 22 13 22 15 26 15 16 15 0 16 20 24 23
12 12 13 10 5 15 3 9 7 5 11 10 15 15 9 16 10 13 9 7 3 8 14 5 4 8 7 13 15 6 3 11 4 11 17 6 15 16 0 8 15 12
19 6 7 10 13 13 7 16 12 10 7 8 11 12 17 11 10 6 8 12 9 15 6 5 9 10 15 9 11 10 10 19 12 7 13 4 11 20 8 0 7 19
26 7 7 14 20 15 13 23 17 16 9 11 12 14 24 11 14 6 11 18 16 21 3 11 16 15 21 10 12 15 16 25 19 10 13 10 12 24 15 7 0 26
0 24 22 15 10 27 15 4 17 15 18 22 21 27 4 28 22 25 16 8 14 4 24 15 14 12 12 25 21 11 13 1 9 18 29 18 27 23 12 19 26 0
,
0 66 40 36 29 51 37 6 29 23 34 52 54 71 12 65 43 27 33 9 26 10 51 33 23 31 36 33 32 23 23 1 15 20 56 40 75 25 28 20 73 0
30 0 17 21 28 24 16 40 30 16 16 12 30 12 21 11 10 3 15 38 29 24 21 27 23 27 19 4 18 33 29 56 16 34 8 10 8 37 25 8 11 69
28 28 0 17 33 26 30 45 34 20 7 17 14 33 61 27 27 29 9 18 36 22 7 12 18 20 25 22 10 25 43 22 27 9 19 15 40 70 28 17 9 42
15 22 10 0 19 49 17 28 39 26 7 23 16 24 37 44 36 38 3 18 31 15 17 18 32 6 19 50 9 10 33 32 14 5 45 31 61 55 21 21 27 17
27 29 51 38 0 31 14 19 11 12 33 27 20 40 8 20 35 43 39 26 10 22 48 29 7 32 4 40 49 30 5 24 4 25 36 16 41 21 13 14 41 11
54 15 53 54 18 0 18 30 15 25 28 7 36 2 43 10 10 24 38 43 33 49 37 31 34 38 32 6 36 32 37 62 29 55 7 26 5 30 22 32 27 66
35 15 17 31 10 34 0 24 8 9 16 19 44 23 20 27 20 31 21 16 3 31 14 7 3 14 18 11 26 24 6 21 16 29 15 5 17 39 4 10 37 27
4 47 48 23 7 49 22 0 22 29 44 28 21 60 2 33 25 24 33 13 19 6 54 13 28 22 24 38 45 21 23 7 14 32 47 22 44 39 25 31 44 10
21 29 35 27 8 28 14 32 0 6 35 15 34 19 38 32 14 39 38 33 12 21 36 28 4 33 8 28 56 32 7 20 11 22 28 10 31 17 18 29 23 37
17 21 48 39 6 31 10 25 3 0 33 19 56 28 25 17 10 30 40 32 5 16 47 25 4 19 13 29 43 25 7 29 16 44 33 14 27 23 14 15 30 35
30 14 5 6 20 36 14 37 43 41 0 30 8 32 49 24 34 14 4 30 20 34 8 11 29 19 53 30 15 11 14 41 16 1 34 26 37 31 13 17 25 48
50 4 16 46 28 10 16 53 14 20 42 0 27 11 42 9 3 12 19 39 11 32 20 21 19 41 39 8 55 31 14 58 37 40 17 10 5 26 28 13 29 37
40 27 13 8 57 53 25 54 39 20 11 35 0 44 41 36 25 32 7 30 34 49 15 26 33 17 52 21 1 27 19 30 52 4 34 30 52 48 44 13 19 59
41 11 35 40 41 4 21 30 27 17 43 11 52 0 25 9 7 21 24 32 32 67 16 29 19 28 36 7 52 26 33 53 46 29 2 23 3 33 23 15 25 44
9 41 22 26 7 66 14 1 23 17 36 30 52 50 0 44 23 47 44 18 30 9 66 20 15 15 17 56 47 20 25 5 10 42 58 31 39 54 18 34 66 9
66 16 21 60 34 5 14 61 21 18 35 17 47 7 27 0 13 15 27 32 19 56 19 30 37 53 30 4 59 41 22 33 39 41 5 19 4 19 22 20 29 33
28 10 34 27 31 14 11 52 7 17 43 4 29 10 33 11 0 15 22 40 13 20 18 20 8 22 32 11 38 30 16 48 31 49 16 11 13 21 31 15 15 30
37 4 15 42 31 22 12 45 21 36 13 11 42 21 25 13 15 0 37 38 28 59 20 33 22 20 20 8 29 47 16 60 39 17 9 19 16 52 21 14 9 33
42 34 11 5 30 41 22 27 45 28 5 24 17 36 41 55 39 19 0 23 19 18 26 9 32 4 41 25 13 5 16 27 28 7 51 25 20 25 26 14 20 47
14 32 36 10 16 41 10 13 19 12 27 20 36 52 12 26 34 31 18 0 22 11 26 9 20 6 20 23 20 4 13 10 15 32 45 28 46 27 19 26 32 20
34 26 17 36 13 31 7 26 7 6 31 20 41 21 22 17 22 21 12 18 0 14 20 16 1 21 10 27 50 19 1 30 9 21 26 11 24 22 7 13 30 31
8 44 53 26 21 27 30 4 18 23 24 20 50 30 5 64 45 51 33 5 22 0 37 23 26 19 22 38 21 14 18 10 9 42 44 35 24 49 22 45 43 9
44 24 9 16 45 36 29 38 33 45 15 21 17 43 65 32 15 19 21 33 45 48 0 22 42 15 24 32 17 23 24 69 27 9 25 25 32 69 28 10 5 25
37 21 14 17 28 24 10 23 17 13 8 16 23 39 31 30 17 16 6 21 12 25 14 0 9 17 25 27 17 7 10 33 24 11 21 9 44 33 11 7 17 24
21 21 34 28 8 15 4 25 6 4 18 14 48 27 15 25 16 32 13 19 1 27 44 9 0 24 15 23 47 12 1 32 12 35 33 11 31 33 8 11 28 32
34 44 12 7 34 29 17 32 20 33 10 25 10 24 20 27 50 39 10 12 28 13 25 17 30 0 41 41 24 2 34 24 21 14 24 27 62 32 15 22 33 21
16 30 47 42 6 25 10 23 7 12 32 33 53 38 19 56 34 27 43 12 9 25 24 31 6 32 0 47 48 29 7 35 14 22 21 14 36 30 8 19 46 15
63 6 17 52 27 9 29 63 17 11 20 3 54 10 26 4 8 9 24 39 25 62 15 20 19 26 46 0 55 45 31 50 32 29 7 23 7 44 32 25 14 54
40 24 6 17 22 36 29 31 60 24 5 22 1 61 31 63 45 20 17 20 22 48 13 27 20 10 32 48 0 21 47 21 48 10 53 33 56 55 28 19 21 39
21 34 27 9 17 56 9 21 24 35 18 31 14 42 25 41 26 40 14 5 26 15 26 9 19 5 26 49 29 0 15 12 23 9 64 16 54 55 18 17 22 23
22 20 26 30 8 26 9 27 9 4 35 26 45 32 13 18 15 34 34 10 1 21 40 9 1 19 14 16 34 27 0 17 10 36 20 6 21 23 8 16 23 28
1 56 32 17 10 67 37 5 43 32 33 51 42 28 9 80 61 66 36 17 33 7 51 23 14 16 19 53 57 19 26 0 24 51 53 29 42 23 18 55 50 2
16 26 37 33 7 40 16 9 17 10 29 35 38 21 13 57 36 17 17 18 13 9 37 10 13 18 6 42 42 23 8 17 0 33 29 26 27 31 10 25 55 25
20 22 4 12 37 22 21 38 50 44 2 37 5 35 32 43 34 26 5 21 31 35 7 16 35 11 35 36 7 9 22 44 25 0 34 27 23 65 32 18 10 51
73 10 45 32 25 9 35 27 23 38 45 19 41 4 54 8 10 8 32 52 41 71 35 38 35 34 21 9 53 54 39 67 21 26 0 17 6 39 44 18 24 41
48 17 17 20 10 25 8 21 12 7 20 14 15 15 22 16 11 12 10 24 11 18 19 11 12 24 26 12 31 22 14 31 21 19 13 0 29 20 7 10 26 26
27 9 28 40 36 7 15 49 17 22 29 9 34 4 66 4 13 10 33 55 23 43 39 43 35 44 33 3 24 56 34 51 38 23 6 26 0 40 40 25 31 72
37 30 59 30 23 20 16 20 18 29 62 30 42 38 36 24 17 36 37 44 25 24 51 52 19 63 31 38 38 50 33 61 23 29 33 23 38 0 47 32 30 39
15 33 34 23 15 24 5 16 11 11 15 15 19 17 23 43 20 34 28 15 6 23 40 6 9 12 21 13 37 13 5 23 12 18 42 11 28 41 0 20 33 35
56 17 7 27 36 21 7 32 21 29 11 11 26 14 35 29 19 18 8 19 15 19 14 12 19 29 30 10 26 10 24 38 37 12 26 6 22 41 9 0 16 21
29 17 12 38 58 42 33 58 27 33 15 21 28 33 56 15 18 8 13 37 44 63 6 22 39 43 50 23 21 30 30 65 39 15 21 13 34 28 34 12 0 59
0 33 47 17 21 43 24 9 24 43 42 42 35 56 11 68 55 57 40 22 31 7 66 17 31 20 21 35 44 20 24 1 16 33 39 36 61 67 27 31 50 0