7
40
,
0 (34.0, 33.0) 53.0
1 (42.0, 12.0) 39.0
2 (29.0, 3.0) 82.0
3 (6.0, 20.0) 60.0
4 (25.0, 47.0) 48.0
5 (19.0, 23.0) 34.0
6 (3.0, 7.0) 47.0
7 (11.0, 32.0) 43.0
8 (13.0, 28.0) 30.0
9 (35.0, 9.0) 52.0
10 (26.0, 36.0) 71.0
11 (41.0, 2.0) 45.0
12 (28.0, 46.0) 65.0
13 (1.0, 8.0) 37.0
14 (35.0, 44.0) 69.0
15 (21.0, 38.0) 65.0
16 (37.0, 34.0) 71.0
17 (31.0, 7.0) 51.0
18 (15.0, 5.0) 36.0
19 (14.0, 24.0) 83.0
20 (7.0, 5.0) 89.0
21 (44.0, 20.0) 67.0
22 (25.0, 15.0) 83.0
23 (14.0, 25.0) 44.0
24 (24.0, 3.0) 60.0
25 (3.0, 24.0) 57.0
26 (31.0, 39.0) 57.0
27 (41.0, 1.0) 31.0
28 (21.0, 6.0) 58.0
29 (13.0, 23.0) 41.0
30 (1.0, 1.0) 39.0
31 (8.0, 16.0) 49.0
32 (36.0, 8.0) 61.0
33 (31.0, 48.0) 43.0
34 (25.0, 25.0) 51.0
35 (30.0, 44.0) 79.0
36 (1.0, 46.0) 58.0
37 (16.0, 18.0) 39.0
38 (32.0, 22.0) 38.0
39 (45.0, 25.0) 49.0
,
0 24 22 15 10 27 15 4 17 15 18 22 21 27 4 28 22 25 16 8 14 4 24 15 14 12 12 25 21 11 13 1 9 18 29 18 27 23 12 19 26 0
24 0 11 15 15 8 9 20 12 11 12 4 16 7 21 6 7 2 13 17 11 19 8 10 11 16 16 3 16 15 12 23 16 13 8 6 6 18 12 6 7 24
22 11 0 8 18 19 13 20 18 17 4 14 5 18 21 16 17 11 6 14 15 18 4 9 15 10 20 15 6 11 16 21 17 4 19 11 17 27 13 7 7 22
15 15 8 0 14 22 11 13 17 15 4 17 6 22 14 21 18 16 2 7 13 11 11 6 13 2 17 18 6 4 13 14 12 4 23 11 21 26 10 10 14 15
10 15 18 14 0 17 7 7 6 5 16 13 20 17 6 19 12 17 14 9 4 8 19 10 5 12 2 16 20 10 4 10 2 16 19 10 17 13 5 13 20 10
27 8 19 22 17 0 12 23 10 11 20 6 24 2 23 5 5 9 20 22 13 23 17 16 12 22 16 5 24 21 13 26 18 20 3 11 3 12 15 13 15 27
15 9 13 11 7 12 0 11 6 4 11 7 15 12 12 13 8 11 10 9 3 11 13 5 3 10 8 10 16 9 3 14 7 11 14 3 12 15 3 7 13 15
4 20 20 13 7 23 11 0 13 12 16 19 19 23 1 24 18 22 14 6 10 2 22 12 11 11 8 21 19 9 9 3 5 17 25 14 23 20 9 16 23 4
17 12 18 17 6 10 6 13 0 2 17 8 21 11 13 13 6 13 16 14 4 14 18 11 4 16 6 11 22 14 5 16 8 17 13 8 11 9 7 12 17 17
15 11 17 15 5 11 4 12 2 0 15 8 19 12 12 14 6 12 14 12 2 12 16 9 2 14 5 11 19 12 2 15 6 15 13 6 12 11 5 10 16 15
18 12 4 4 16 20 11 16 17 15 0 14 5 19 17 18 16 13 2 10 13 14 7 6 13 6 18 15 5 7 13 17 14 1 20 9 18 25 11 7 9 18
22 4 14 17 13 6 7 19 8 8 14 0 19 5 19 6 3 6 15 16 8 18 12 11 8 17 13 3 19 15 9 22 13 15 6 6 4 13 10 8 11 22
21 16 5 6 20 24 15 19 21 19 5 19 0 23 20 21 21 16 6 13 17 17 9 10 18 9 22 19 0 10 18 20 18 4 24 14 22 30 15 11 12 21
27 7 18 22 17 2 12 23 11 12 19 5 23 0 23 4 5 8 20 22 13 23 15 16 13 22 17 4 23 20 14 26 18 19 2 11 1 14 15 12 14 27
4 21 21 14 6 23 12 1 13 12 17 19 20 23 0 25 18 22 15 7 10 3 22 12 11 12 8 22 20 10 10 4 5 18 25 15 23 19 9 17 24 4
28 6 16 21 19 5 13 24 13 14 18 6 21 4 25 0 8 5 19 22 14 24 13 15 14 21 19 3 22 20 15 27 19 18 3 11 2 17 16 11 11 28
22 7 17 18 12 5 8 18 6 6 16 3 21 5 18 8 0 8 16 17 8 18 15 12 7 18 11 5 21 16 8 21 13 17 7 7 5 11 10 10 14 22
25 2 11 16 17 9 11 22 13 12 13 6 16 8 22 5 8 0 14 18 13 21 8 11 12 17 18 4 17 16 13 24 17 13 8 8 6 19 13 6 6 25
16 13 6 2 14 20 10 14 16 14 2 15 6 20 15 19 16 14 0 8 12 12 9 5 12 4 16 16 6 5 12 15 12 3 20 9 19 25 9 8 11 16
8 17 14 7 9 22 9 6 14 12 10 16 13 22 7 22 17 18 8 0 10 4 16 7 10 5 11 19 13 3 9 7 7 11 23 11 21 22 7 12 18 8
14 11 15 13 4 13 3 10 4 2 13 8 17 13 10 14 8 13 12 10 0 10 15 7 0 12 6 11 18 10 1 13 5 14 15 6 13 13 3 9 16 14
4 19 18 11 8 23 11 2 14 12 14 18 17 23 3 24 18 21 12 4 10 0 20 10 11 9 10 21 17 7 9 4 6 15 25 13 23 21 8 15 21 4
24 8 4 11 19 17 13 22 18 16 7 12 9 15 22 13 15 8 9 16 15 20 0 10 15 13 21 12 10 13 16 24 18 7 15 10 14 25 14 6 3 24
15 10 9 6 10 16 5 12 11 9 6 11 10 16 12 15 12 11 5 7 7 10 10 0 7 6 12 12 11 5 7 14 9 7 17 5 15 20 5 5 11 15
14 11 15 13 5 12 3 11 4 2 13 8 18 13 11 14 7 12 12 10 0 11 15 7 0 12 6 11 18 10 1 14 5 14 14 6 12 12 4 9 16 14
12 16 10 2 12 22 10 11 16 14 6 17 9 22 12 21 18 17 4 5 12 9 13 6 12 0 15 18 9 2 11 12 10 6 23 11 21 24 8 10 15 12
12 16 20 17 2 16 8 8 6 5 18 13 22 17 8 19 11 18 16 11 6 10 21 12 6 15 0 16 22 13 5 12 5 18 18 11 17 11 7 15 21 12
25 3 15 18 16 5 10 21 11 11 15 3 19 4 22 3 5 4 16 19 11 21 12 12 11 18 16 0 20 17 12 24 16 16 4 8 3 15 13 9 10 25
21 16 6 6 20 24 16 19 22 19 5 19 0 23 20 22 21 17 6 13 18 17 10 11 18 9 22 20 0 10 18 20 18 4 24 14 22 30 15 11 12 21
11 15 11 4 10 21 9 9 14 12 7 15 10 20 10 20 16 16 5 3 10 7 13 5 10 2 13 17 10 0 9 10 8 8 22 10 20 22 6 10 15 11
13 12 16 13 4 13 3 9 5 2 13 9 18 14 10 15 8 13 12 9 1 9 16 7 1 11 5 12 18 9 0 13 4 14 15 6 14 13 3 10 16 13
1 23 21 14 10 26 14 3 16 15 17 22 20 26 4 27 21 24 15 7 13 4 24 14 14 12 12 24 20 10 13 0 8 18 28 17 26 22 11 19 25 1
9 16 17 12 2 18 7 5 8 6 14 13 18 18 5 19 13 17 12 7 5 6 18 9 5 10 5 16 18 8 4 8 0 15 20 10 18 15 4 12 19 9
18 13 4 4 16 20 11 17 17 15 1 15 4 19 18 18 17 13 3 11 14 15 7 7 14 6 18 16 4 8 14 18 15 0 20 10 18 26 11 7 10 18
29 8 19 23 19 3 14 25 13 13 20 6 24 2 25 3 7 8 20 23 15 25 15 17 14 23 18 4 24 22 15 28 20 20 0 12 2 15 17 13 13 29
18 6 11 11 10 11 3 14 8 6 9 6 14 11 15 11 7 8 9 11 6 13 10 5 6 11 11 8 14 10 6 17 10 10 12 0 10 16 6 4 10 18
27 6 17 21 17 3 12 23 11 12 18 4 22 1 23 2 5 6 19 21 13 23 14 15 12 21 17 3 22 20 14 26 18 18 2 10 0 15 15 11 12 27
23 18 27 26 13 12 15 20 9 11 25 13 30 14 19 17 11 19 25 22 13 21 25 20 12 24 11 15 30 22 13 22 15 26 15 16 15 0 16 20 24 23
12 12 13 10 5 15 3 9 7 5 11 10 15 15 9 16 10 13 9 7 3 8 14 5 4 8 7 13 15 6 3 11 4 11 17 6 15 16 0 8 15 12
19 6 7 10 13 13 7 16 12 10 7 8 11 12 17 11 10 6 8 12 9 15 6 5 9 10 15 9 11 10 10 19 12 7 13 4 11 20 8 0 7 19
26 7 7 14 20 15 13 23 17 16 9 11 12 14 24 11 14 6 11 18 16 21 3 11 16 15 21 10 12 15 16 25 19 10 13 10 12 24 15 7 0 26
0 24 22 15 10 27 15 4 17 15 18 22 21 27 4 28 22 25 16 8 14 4 24 15 14 12 12 25 21 11 13 1 9 18 29 18 27 23 12 19 26 0
,
0 69 43 38 31 72 34 7 46 16 26 51 34 41 10 46 54 48 36 11 29 6 62 28 32 23 33 32 40 15 18 2 22 27 84 21 51 46 23 51 47 0
38 0 22 19 35 16 12 30 21 26 33 6 46 21 29 16 14 4 30 24 18 28 21 23 29 24 19 5 31 39 22 29 33 14 15 15 16 20 20 13 19 24
36 15 0 14 22 20 19 28 23 42 5 35 11 51 43 43 30 16 7 36 31 25 10 17 32 28 43 29 15 14 42 53 22 11 31 18 26 66 20 12 20 53
26 25 12 0 42 30 15 15 33 36 8 38 11 48 31 31 50 19 3 15 37 12 17 9 18 6 28 49 16 4 30 29 14 11 57 11 57 58 11 20 26 33
30 24 22 27 0 31 19 13 10 10 16 37 52 50 7 23 19 46 22 11 13 14 30 22 5 25 5 34 41 25 10 26 5 26 20 19 19 34 13 33 52 24
49 8 30 42 46 0 25 50 23 32 57 14 44 3 64 10 7 26 58 48 33 60 38 16 17 32 39 8 59 43 22 56 48 31 7 30 3 31 24 23 38 74
17 14 31 26 16 32 0 28 16 10 16 15 31 34 25 20 19 30 12 20 7 26 27 11 8 25 15 23 21 15 4 30 7 28 15 8 18 19 4 18 39 18
5 26 54 28 11 30 32 0 28 27 35 31 21 48 1 59 27 62 25 17 26 3 27 16 22 18 16 57 46 15 16 7 10 33 34 22 24 31 9 47 49 9
47 32 27 39 9 23 12 37 0 5 35 12 41 31 39 38 12 27 39 31 8 23 50 28 8 29 10 21 24 20 11 38 12 29 28 22 14 13 16 17 28 49
30 27 48 22 10 21 6 14 4 0 21 20 20 21 33 38 17 22 28 30 5 35 33 12 2 38 11 16 43 30 7 16 12 34 26 10 33 13 7 27 37 44
33 15 7 8 44 36 28 34 30 33 0 39 11 38 37 41 29 25 5 14 27 28 16 14 23 12 27 43 15 18 22 27 21 2 39 11 45 30 24 13 28 53
53 13 28 27 31 10 14 54 9 18 24 0 38 8 40 15 5 9 16 43 13 26 36 30 17 42 31 4 44 22 13 57 32 34 8 15 6 30 14 14 28 34
60 28 10 11 34 48 22 36 64 52 8 53 0 46 28 28 50 43 10 29 49 40 21 11 53 19 31 33 1 11 35 26 21 5 63 19 28 88 44 24 32 30
62 9 32 50 29 2 26 58 21 13 23 14 42 0 56 7 12 17 42 34 14 27 23 38 30 42 18 6 48 60 25 60 43 24 5 18 4 32 37 18 24 79
4 33 47 15 10 60 19 3 21 32 34 38 51 51 0 47 42 46 25 8 16 9 67 15 25 26 20 57 45 16 26 7 8 40 53 26 67 30 19 41 58 11
70 8 41 58 39 15 34 30 27 34 51 18 42 8 42 0 19 8 29 34 28 61 24 41 42 35 51 4 49 52 39 63 34 48 7 30 5 40 25 12 29 46
65 18 23 31 23 12 15 34 16 18 45 3 51 12 39 22 0 17 27 28 16 44 20 33 9 41 17 8 46 35 23 54 35 30 14 14 9 16 26 12 40 35
30 2 26 39 24 24 17 32 14 16 36 15 45 13 60 9 14 0 20 33 16 53 20 14 16 19 40 11 41 46 16 34 33 19 18 10 13 31 17 12 14 26
20 16 8 3 37 33 12 14 25 22 5 41 6 57 43 31 25 26 0 21 29 33 22 10 16 7 43 19 16 9 33 38 31 6 46 17 33 69 9 18 17 27
20 32 35 19 21 45 13 8 18 24 29 35 24 27 17 24 35 43 21 0 14 11 31 11 17 12 24 30 31 6 18 16 18 13 55 18 36 26 9 32 34 22
27 13 16 32 6 30 8 22 11 5 20 12 18 14 14 30 20 14 22 17 0 28 20 7 1 32 9 12 47 19 1 24 11 37 21 9 31 27 4 19 18 24
8 42 21 27 9 41 16 2 23 20 33 41 44 60 5 53 50 25 20 8 24 0 39 26 15 22 27 30 28 10 10 8 6 24 51 21 67 21 17 20 49 12
47 10 6 28 39 34 17 31 34 44 13 33 22 37 47 34 31 18 20 37 16 20 0 13 34 13 45 34 22 16 34 66 22 20 45 26 28 68 22 10 3 56
21 14 25 15 25 25 13 26 18 23 8 17 25 30 25 41 19 30 7 11 21 12 18 0 10 14 13 19 26 15 16 33 10 11 31 13 31 42 12 14 31 17
35 21 17 19 9 36 8 16 11 2 30 23 32 28 27 19 13 30 26 14 1 28 34 12 0 17 16 31 31 11 2 18 9 16 38 9 32 18 11 15 20 41
33 30 26 5 23 45 27 20 34 23 13 36 17 60 29 29 32 29 9 10 12 22 29 12 23 0 35 32 13 4 27 13 24 15 65 21 32 45 9 12 16 14
25 48 45 28 5 43 10 15 9 8 45 17 46 39 20 47 23 28 37 18 6 21 50 32 14 27 0 44 57 24 7 17 5 48 19 29 42 23 18 40 56 20
31 4 23 21 20 12 20 62 17 21 39 4 28 11 35 6 15 10 37 44 24 33 31 24 17 53 44 0 30 23 26 58 45 41 9 15 7 42 18 20 15 50
34 41 13 7 49 37 34 26 49 49 12 49 1 29 22 32 46 39 12 24 47 24 22 21 41 11 30 52 0 21 52 54 49 12 38 27 31 36 34 34 30 49
20 42 25 12 13 60 15 22 15 20 9 24 19 35 22 25 19 33 12 3 14 16 37 5 28 4 35 18 19 0 19 27 20 17 42 16 25 60 13 24 32 25
20 15 27 30 5 37 6 27 7 4 36 11 23 37 23 20 12 20 14 26 1 11 38 12 2 17 12 24 20 21 0 36 10 33 30 6 25 25 4 10 30 28
2 65 49 27 23 49 27 9 46 18 22 22 57 78 4 39 26 37 30 12 25 7 27 26 14 25 23 52 29 19 16 0 25 36 48 36 43 47 15 48 33 1
12 37 20 28 5 42 12 5 16 10 41 25 43 42 6 25 38 43 23 15 12 7 35 13 8 28 10 44 22 13 10 15 0 22 29 29 20 30 7 34 38 14
38 30 8 13 40 26 15 20 30 24 1 25 10 48 30 41 17 20 7 31 40 21 7 10 29 9 25 30 13 12 26 21 23 0 42 17 20 30 12 21 18 37
57 23 21 32 35 7 35 37 22 24 32 19 67 5 51 7 19 14 28 44 30 57 33 19 36 66 22 10 57 60 21 82 33 37 0 31 3 24 30 37 20 49
22 16 19 23 11 23 8 37 13 7 18 7 24 27 35 31 17 15 21 23 8 19 28 11 14 17 17 12 17 20 11 37 13 21 12 0 27 43 14 11 19 46
41 14 31 40 26 7 16 43 34 15 40 8 41 2 26 3 15 14 39 32 27 42 23 34 31 49 48 4 56 31 30 29 32 25 4 17 0 20 36 28 18 28
53 51 50 70 19 26 39 49 21 11 65 15 57 22 30 44 11 51 60 50 38 34 67 27 15 53 20 40 32 39 28 32 19 50 28 42 30 0 48 30 29 65
24 21 18 14 8 39 6 14 10 10 28 22 17 32 10 37 25 33 22 14 9 18 31 6 10 12 12 13 17 9 4 33 4 20 26 7 37 33 0 14 25 30
25 16 10 13 24 29 19 36 26 19 19 22 19 12 39 20 19 13 20 29 12 17 15 7 22 29 38 11 22 26 16 40 19 10 38 11 29 47 21 0 12 43
30 13 17 14 48 31 20 44 26 31 23 27 20 35 59 22 37 12 30 45 45 57 4 13 26 27 52 26 29 26 18 50 49 25 19 23 34 62 42 10 0 64
0 67 29 41 26 63 36 7 46 25 43 54 25 32 4 45 64 52 20 22 33 13 61 21 26 25 16 34 23 20 30 1 25 25 62 21 73 54 25 29 46 0