7
40
,
0 (34.0, 33.0) 32.0
1 (42.0, 12.0) 68.0
2 (29.0, 3.0) 65.0
3 (6.0, 20.0) 68.0
4 (25.0, 47.0) 71.0
5 (19.0, 23.0) 49.0
6 (3.0, 7.0) 52.0
7 (11.0, 32.0) 37.0
8 (13.0, 28.0) 63.0
9 (35.0, 9.0) 65.0
10 (26.0, 36.0) 69.0
11 (41.0, 2.0) 35.0
12 (28.0, 46.0) 73.0
13 (1.0, 8.0) 53.0
14 (35.0, 44.0) 34.0
15 (21.0, 38.0) 50.0
16 (37.0, 34.0) 74.0
17 (31.0, 7.0) 47.0
18 (15.0, 5.0) 43.0
19 (14.0, 24.0) 68.0
20 (7.0, 5.0) 77.0
21 (44.0, 20.0) 51.0
22 (25.0, 15.0) 88.0
23 (14.0, 25.0) 67.0
24 (24.0, 3.0) 42.0
25 (3.0, 24.0) 31.0
26 (31.0, 39.0) 84.0
27 (41.0, 1.0) 47.0
28 (21.0, 6.0) 81.0
29 (13.0, 23.0) 44.0
30 (1.0, 1.0) 34.0
31 (8.0, 16.0) 76.0
32 (36.0, 8.0) 78.0
33 (31.0, 48.0) 46.0
34 (25.0, 25.0) 59.0
35 (30.0, 44.0) 56.0
36 (1.0, 46.0) 55.0
37 (16.0, 18.0) 49.0
38 (32.0, 22.0) 77.0
39 (45.0, 25.0) 35.0
,
0 24 22 15 10 27 15 4 17 15 18 22 21 27 4 28 22 25 16 8 14 4 24 15 14 12 12 25 21 11 13 1 9 18 29 18 27 23 12 19 26 0
24 0 11 15 15 8 9 20 12 11 12 4 16 7 21 6 7 2 13 17 11 19 8 10 11 16 16 3 16 15 12 23 16 13 8 6 6 18 12 6 7 24
22 11 0 8 18 19 13 20 18 17 4 14 5 18 21 16 17 11 6 14 15 18 4 9 15 10 20 15 6 11 16 21 17 4 19 11 17 27 13 7 7 22
15 15 8 0 14 22 11 13 17 15 4 17 6 22 14 21 18 16 2 7 13 11 11 6 13 2 17 18 6 4 13 14 12 4 23 11 21 26 10 10 14 15
10 15 18 14 0 17 7 7 6 5 16 13 20 17 6 19 12 17 14 9 4 8 19 10 5 12 2 16 20 10 4 10 2 16 19 10 17 13 5 13 20 10
27 8 19 22 17 0 12 23 10 11 20 6 24 2 23 5 5 9 20 22 13 23 17 16 12 22 16 5 24 21 13 26 18 20 3 11 3 12 15 13 15 27
15 9 13 11 7 12 0 11 6 4 11 7 15 12 12 13 8 11 10 9 3 11 13 5 3 10 8 10 16 9 3 14 7 11 14 3 12 15 3 7 13 15
4 20 20 13 7 23 11 0 13 12 16 19 19 23 1 24 18 22 14 6 10 2 22 12 11 11 8 21 19 9 9 3 5 17 25 14 23 20 9 16 23 4
17 12 18 17 6 10 6 13 0 2 17 8 21 11 13 13 6 13 16 14 4 14 18 11 4 16 6 11 22 14 5 16 8 17 13 8 11 9 7 12 17 17
15 11 17 15 5 11 4 12 2 0 15 8 19 12 12 14 6 12 14 12 2 12 16 9 2 14 5 11 19 12 2 15 6 15 13 6 12 11 5 10 16 15
18 12 4 4 16 20 11 16 17 15 0 14 5 19 17 18 16 13 2 10 13 14 7 6 13 6 18 15 5 7 13 17 14 1 20 9 18 25 11 7 9 18
22 4 14 17 13 6 7 19 8 8 14 0 19 5 19 6 3 6 15 16 8 18 12 11 8 17 13 3 19 15 9 22 13 15 6 6 4 13 10 8 11 22
21 16 5 6 20 24 15 19 21 19 5 19 0 23 20 21 21 16 6 13 17 17 9 10 18 9 22 19 0 10 18 20 18 4 24 14 22 30 15 11 12 21
27 7 18 22 17 2 12 23 11 12 19 5 23 0 23 4 5 8 20 22 13 23 15 16 13 22 17 4 23 20 14 26 18 19 2 11 1 14 15 12 14 27
4 21 21 14 6 23 12 1 13 12 17 19 20 23 0 25 18 22 15 7 10 3 22 12 11 12 8 22 20 10 10 4 5 18 25 15 23 19 9 17 24 4
28 6 16 21 19 5 13 24 13 14 18 6 21 4 25 0 8 5 19 22 14 24 13 15 14 21 19 3 22 20 15 27 19 18 3 11 2 17 16 11 11 28
22 7 17 18 12 5 8 18 6 6 16 3 21 5 18 8 0 8 16 17 8 18 15 12 7 18 11 5 21 16 8 21 13 17 7 7 5 11 10 10 14 22
25 2 11 16 17 9 11 22 13 12 13 6 16 8 22 5 8 0 14 18 13 21 8 11 12 17 18 4 17 16 13 24 17 13 8 8 6 19 13 6 6 25
16 13 6 2 14 20 10 14 16 14 2 15 6 20 15 19 16 14 0 8 12 12 9 5 12 4 16 16 6 5 12 15 12 3 20 9 19 25 9 8 11 16
8 17 14 7 9 22 9 6 14 12 10 16 13 22 7 22 17 18 8 0 10 4 16 7 10 5 11 19 13 3 9 7 7 11 23 11 21 22 7 12 18 8
14 11 15 13 4 13 3 10 4 2 13 8 17 13 10 14 8 13 12 10 0 10 15 7 0 12 6 11 18 10 1 13 5 14 15 6 13 13 3 9 16 14
4 19 18 11 8 23 11 2 14 12 14 18 17 23 3 24 18 21 12 4 10 0 20 10 11 9 10 21 17 7 9 4 6 15 25 13 23 21 8 15 21 4
24 8 4 11 19 17 13 22 18 16 7 12 9 15 22 13 15 8 9 16 15 20 0 10 15 13 21 12 10 13 16 24 18 7 15 10 14 25 14 6 3 24
15 10 9 6 10 16 5 12 11 9 6 11 10 16 12 15 12 11 5 7 7 10 10 0 7 6 12 12 11 5 7 14 9 7 17 5 15 20 5 5 11 15
14 11 15 13 5 12 3 11 4 2 13 8 18 13 11 14 7 12 12 10 0 11 15 7 0 12 6 11 18 10 1 14 5 14 14 6 12 12 4 9 16 14
12 16 10 2 12 22 10 11 16 14 6 17 9 22 12 21 18 17 4 5 12 9 13 6 12 0 15 18 9 2 11 12 10 6 23 11 21 24 8 10 15 12
12 16 20 17 2 16 8 8 6 5 18 13 22 17 8 19 11 18 16 11 6 10 21 12 6 15 0 16 22 13 5 12 5 18 18 11 17 11 7 15 21 12
25 3 15 18 16 5 10 21 11 11 15 3 19 4 22 3 5 4 16 19 11 21 12 12 11 18 16 0 20 17 12 24 16 16 4 8 3 15 13 9 10 25
21 16 6 6 20 24 16 19 22 19 5 19 0 23 20 22 21 17 6 13 18 17 10 11 18 9 22 20 0 10 18 20 18 4 24 14 22 30 15 11 12 21
11 15 11 4 10 21 9 9 14 12 7 15 10 20 10 20 16 16 5 3 10 7 13 5 10 2 13 17 10 0 9 10 8 8 22 10 20 22 6 10 15 11
13 12 16 13 4 13 3 9 5 2 13 9 18 14 10 15 8 13 12 9 1 9 16 7 1 11 5 12 18 9 0 13 4 14 15 6 14 13 3 10 16 13
1 23 21 14 10 26 14 3 16 15 17 22 20 26 4 27 21 24 15 7 13 4 24 14 14 12 12 24 20 10 13 0 8 18 28 17 26 22 11 19 25 1
9 16 17 12 2 18 7 5 8 6 14 13 18 18 5 19 13 17 12 7 5 6 18 9 5 10 5 16 18 8 4 8 0 15 20 10 18 15 4 12 19 9
18 13 4 4 16 20 11 17 17 15 1 15 4 19 18 18 17 13 3 11 14 15 7 7 14 6 18 16 4 8 14 18 15 0 20 10 18 26 11 7 10 18
29 8 19 23 19 3 14 25 13 13 20 6 24 2 25 3 7 8 20 23 15 25 15 17 14 23 18 4 24 22 15 28 20 20 0 12 2 15 17 13 13 29
18 6 11 11 10 11 3 14 8 6 9 6 14 11 15 11 7 8 9 11 6 13 10 5 6 11 11 8 14 10 6 17 10 10 12 0 10 16 6 4 10 18
27 6 17 21 17 3 12 23 11 12 18 4 22 1 23 2 5 6 19 21 13 23 14 15 12 21 17 3 22 20 14 26 18 18 2 10 0 15 15 11 12 27
23 18 27 26 13 12 15 20 9 11 25 13 30 14 19 17 11 19 25 22 13 21 25 20 12 24 11 15 30 22 13 22 15 26 15 16 15 0 16 20 24 23
12 12 13 10 5 15 3 9 7 5 11 10 15 15 9 16 10 13 9 7 3 8 14 5 4 8 7 13 15 6 3 11 4 11 17 6 15 16 0 8 15 12
19 6 7 10 13 13 7 16 12 10 7 8 11 12 17 11 10 6 8 12 9 15 6 5 9 10 15 9 11 10 10 19 12 7 13 4 11 20 8 0 7 19
26 7 7 14 20 15 13 23 17 16 9 11 12 14 24 11 14 6 11 18 16 21 3 11 16 15 21 10 12 15 16 25 19 10 13 10 12 24 15 7 0 26
0 24 22 15 10 27 15 4 17 15 18 22 21 27 4 28 22 25 16 8 14 4 24 15 14 12 12 25 21 11 13 1 9 18 29 18 27 23 12 19 26 0
,
0 47 44 18 19 36 19 5 25 18 28 33 27 70 12 31 41 26 32 18 22 13 61 38 34 36 27 40 25 28 26 2 10 48 73 46 27 64 25 42 33 0
58 0 20 28 26 18 10 53 26 25 33 8 37 19 40 15 16 2 31 50 23 43 21 20 31 27 26 4 39 34 20 57 32 23 14 10 14 48 21 7 11 55
60 27 0 9 50 26 27 22 29 45 5 16 6 20 60 29 48 15 16 18 18 18 12 26 19 13 42 34 8 23 37 40 49 4 30 30 24 61 28 17 8 29
33 24 20 0 33 34 30 23 48 40 6 49 13 52 27 50 47 21 4 18 22 26 24 12 23 3 17 30 8 8 34 19 15 9 57 15 25 47 19 28 30 44
25 34 34 14 0 27 17 16 16 7 23 19 44 47 12 26 20 47 17 24 10 21 42 13 5 25 5 42 42 16 9 29 5 41 24 13 21 35 10 36 50 16
36 15 43 33 39 0 32 26 30 17 50 13 67 2 29 8 6 20 51 48 17 46 32 35 16 27 37 5 55 40 37 38 52 58 4 11 6 15 45 28 34 73
32 14 20 17 16 30 0 16 11 5 15 20 34 14 30 25 16 16 14 25 6 20 26 12 4 19 19 23 37 17 7 38 12 28 41 8 33 20 8 19 31 30
4 43 50 23 17 42 24 0 35 27 24 46 38 46 2 35 30 65 27 10 20 3 34 12 15 32 18 47 55 25 14 5 10 18 51 33 51 21 14 46 26 10
35 12 41 23 9 18 13 30 0 5 26 10 48 12 23 18 6 30 35 14 5 19 46 32 7 34 13 13 64 34 9 23 23 33 33 11 30 9 19 21 35 30
25 24 18 41 13 22 6 25 6 0 41 10 29 29 32 17 17 33 24 31 5 21 34 15 2 35 15 13 24 30 4 17 13 17 23 16 20 29 6 19 21 36
47 18 6 8 16 38 23 30 39 25 0 20 5 45 30 19 27 37 5 25 26 25 13 12 19 9 36 17 12 11 23 31 21 1 21 18 35 62 14 8 17 27
54 7 22 35 23 16 16 55 10 21 31 0 47 8 29 11 5 15 19 49 18 32 34 29 12 47 17 6 20 22 27 50 26 39 18 15 11 38 29 9 30 57
30 27 10 15 57 39 23 32 23 47 14 42 0 39 43 62 36 17 14 16 24 40 9 12 34 18 55 25 1 18 42 27 46 8 66 25 54 89 21 14 27 59
44 7 46 53 27 4 35 26 30 13 37 13 24 0 58 9 6 18 57 29 35 60 44 25 30 31 20 4 30 22 22 36 33 23 4 21 4 26 39 36 29 30
6 46 25 32 11 53 26 3 21 25 37 30 28 69 0 72 21 56 35 8 22 7 46 28 20 24 21 40 51 15 23 7 14 34 47 34 25 42 13 35 24 5
42 15 22 28 21 8 34 37 34 38 27 13 26 9 46 0 8 12 46 62 15 40 31 26 25 63 27 3 48 52 45 68 42 22 7 25 3 49 45 20 28 38
47 13 33 28 16 12 19 43 11 17 47 3 44 15 41 17 0 19 26 46 14 39 21 13 12 31 31 8 43 25 16 28 21 28 16 11 7 19 28 19 31 61
74 5 14 35 47 19 20 25 14 30 23 6 33 14 36 9 24 0 19 54 26 32 22 12 27 44 23 6 38 19 34 45 22 29 8 18 6 28 35 17 17 68
42 27 16 5 32 45 30 38 36 23 5 24 7 22 34 43 18 40 0 15 32 26 10 13 29 4 46 28 7 9 23 34 36 7 32 28 34 73 22 10 21 29
19 26 22 10 11 34 11 13 35 32 29 43 39 41 12 57 32 25 11 0 28 9 27 10 12 5 11 44 15 6 15 13 7 25 50 32 46 57 8 29 40 24
29 19 31 33 12 17 7 28 7 4 31 24 25 21 12 32 17 29 24 16 0 15 24 21 1 30 14 12 42 18 2 39 13 39 44 6 24 27 5 25 45 31
10 24 24 19 15 36 20 4 17 15 34 49 41 28 6 38 53 51 35 10 14 0 36 26 13 18 11 40 37 8 10 8 16 30 50 27 49 27 14 23 30 4
35 10 9 24 22 49 37 64 44 32 19 33 23 32 35 15 19 15 23 46 36 24 0 22 41 16 60 26 14 19 43 29 28 19 38 21 28 61 21 15 6 42
25 28 11 11 26 34 11 23 25 23 11 25 15 22 36 22 16 18 9 20 18 20 20 0 13 17 23 21 14 5 7 40 24 14 46 9 21 40 12 13 16 16
24 29 35 25 7 27 7 13 10 4 24 22 30 37 18 16 22 34 15 23 1 28 33 11 0 28 8 24 49 26 1 22 11 15 18 15 25 21 11 22 46 34
32 43 29 7 19 38 30 18 33 22 12 47 19 61 32 64 32 20 6 9 27 15 29 7 26 0 32 54 13 6 15 13 29 14 36 22 36 29 17 17 19 33
15 29 47 17 6 32 9 22 12 12 46 14 25 34 9 40 23 31 19 16 7 18 26 14 16 24 0 35 53 19 14 32 12 20 38 12 26 25 11 16 37 23
35 8 43 33 31 14 22 31 30 18 37 9 54 6 58 4 12 11 17 19 20 54 19 31 17 52 31 0 50 48 31 35 35 28 5 16 8 27 26 12 18 35
42 24 11 17 47 56 19 40 37 39 12 55 1 66 45 29 49 17 15 21 24 19 21 15 38 15 31 37 0 24 20 35 28 6 37 42 66 31 17 28 27 39
19 39 13 5 19 22 14 14 29 14 21 18 26 20 19 47 38 34 14 4 23 10 29 6 26 6 16 22 26 0 13 13 23 20 25 14 57 59 19 17 20 23
32 22 39 24 7 22 3 12 13 6 36 15 44 29 23 20 16 25 23 16 2 25 17 12 1 33 14 34 23 11 0 22 9 22 29 18 23 35 8 12 40 26
2 63 25 15 18 35 35 6 19 18 29 55 32 78 7 39 41 58 23 15 20 5 25 14 35 13 34 62 40 13 30 0 15 25 41 31 48 29 34 43 44 1
17 24 40 12 4 29 7 9 16 17 18 39 52 31 7 49 18 27 23 8 14 10 18 22 12 28 7 31 54 17 4 14 0 42 31 21 22 29 6 28 37 17
26 17 8 10 28 26 21 39 46 21 1 41 8 55 43 46 40 29 6 31 35 26 17 14 35 16 53 18 8 9 24 47 26 0 25 17 37 68 16 17 26 30
72 12 56 52 34 5 22 50 23 29 56 13 42 4 57 5 19 13 43 52 19 51 28 49 24 67 47 13 33 48 18 78 35 41 0 19 4 35 26 30 27 76
21 18 17 33 22 18 6 34 22 14 14 7 25 21 36 30 14 15 23 16 12 26 21 11 8 22 28 15 29 28 13 18 20 25 30 0 24 31 12 10 16 33
70 12 49 30 24 7 16 30 22 18 27 7 28 2 63 3 12 18 38 55 29 47 24 40 16 23 27 7 55 36 18 54 53 52 6 20 0 20 18 29 33 56
34 24 47 74 28 13 34 24 15 31 51 30 67 37 38 30 27 56 55 28 20 29 49 55 27 54 23 29 33 40 35 59 26 66 29 17 15 0 25 56 32 49
25 29 25 14 12 45 7 20 12 9 17 25 27 37 10 31 11 14 24 19 7 16 32 5 8 18 10 33 32 8 6 19 12 29 29 7 20 19 0 20 24 30
36 16 9 13 37 18 10 27 12 28 17 10 21 35 41 13 23 10 21 15 16 21 7 10 12 20 39 10 21 25 13 38 25 8 20 9 21 59 8 0 15 38
37 12 18 19 58 36 16 61 27 39 14 14 27 38 33 31 30 14 32 34 30 42 4 31 45 19 24 23 20 25 38 72 52 11 33 10 21 49 30 10 0 45
0 36 31 43 21 75 25 5 47 20 38 31 39 36 11 67 48 63 30 10 38 5 25 38 23 25 35 38 35 24 23 1 23 36 68 30 76 27 15 22 47 0