7
40
,
0 (34.0, 33.0) 85.0
1 (42.0, 12.0) 43.0
2 (29.0, 3.0) 47.0
3 (6.0, 20.0) 79.0
4 (25.0, 47.0) 67.0
5 (19.0, 23.0) 39.0
6 (3.0, 7.0) 56.0
7 (11.0, 32.0) 35.0
8 (13.0, 28.0) 72.0
9 (35.0, 9.0) 74.0
10 (26.0, 36.0) 49.0
11 (41.0, 2.0) 66.0
12 (28.0, 46.0) 88.0
13 (1.0, 8.0) 75.0
14 (35.0, 44.0) 31.0
15 (21.0, 38.0) 63.0
16 (37.0, 34.0) 78.0
17 (31.0, 7.0) 47.0
18 (15.0, 5.0) 78.0
19 (14.0, 24.0) 81.0
20 (7.0, 5.0) 54.0
21 (44.0, 20.0) 38.0
22 (25.0, 15.0) 76.0
23 (14.0, 25.0) 83.0
24 (24.0, 3.0) 51.0
25 (3.0, 24.0) 31.0
26 (31.0, 39.0) 36.0
27 (41.0, 1.0) 50.0
28 (21.0, 6.0) 67.0
29 (13.0, 23.0) 55.0
30 (1.0, 1.0) 38.0
31 (8.0, 16.0) 41.0
32 (36.0, 8.0) 35.0
33 (31.0, 48.0) 40.0
34 (25.0, 25.0) 57.0
35 (30.0, 44.0) 72.0
36 (1.0, 46.0) 70.0
37 (16.0, 18.0) 52.0
38 (32.0, 22.0) 77.0
39 (45.0, 25.0) 54.0
,
0 24 22 15 10 27 15 4 17 15 18 22 21 27 4 28 22 25 16 8 14 4 24 15 14 12 12 25 21 11 13 1 9 18 29 18 27 23 12 19 26 0
24 0 11 15 15 8 9 20 12 11 12 4 16 7 21 6 7 2 13 17 11 19 8 10 11 16 16 3 16 15 12 23 16 13 8 6 6 18 12 6 7 24
22 11 0 8 18 19 13 20 18 17 4 14 5 18 21 16 17 11 6 14 15 18 4 9 15 10 20 15 6 11 16 21 17 4 19 11 17 27 13 7 7 22
15 15 8 0 14 22 11 13 17 15 4 17 6 22 14 21 18 16 2 7 13 11 11 6 13 2 17 18 6 4 13 14 12 4 23 11 21 26 10 10 14 15
10 15 18 14 0 17 7 7 6 5 16 13 20 17 6 19 12 17 14 9 4 8 19 10 5 12 2 16 20 10 4 10 2 16 19 10 17 13 5 13 20 10
27 8 19 22 17 0 12 23 10 11 20 6 24 2 23 5 5 9 20 22 13 23 17 16 12 22 16 5 24 21 13 26 18 20 3 11 3 12 15 13 15 27
15 9 13 11 7 12 0 11 6 4 11 7 15 12 12 13 8 11 10 9 3 11 13 5 3 10 8 10 16 9 3 14 7 11 14 3 12 15 3 7 13 15
4 20 20 13 7 23 11 0 13 12 16 19 19 23 1 24 18 22 14 6 10 2 22 12 11 11 8 21 19 9 9 3 5 17 25 14 23 20 9 16 23 4
17 12 18 17 6 10 6 13 0 2 17 8 21 11 13 13 6 13 16 14 4 14 18 11 4 16 6 11 22 14 5 16 8 17 13 8 11 9 7 12 17 17
15 11 17 15 5 11 4 12 2 0 15 8 19 12 12 14 6 12 14 12 2 12 16 9 2 14 5 11 19 12 2 15 6 15 13 6 12 11 5 10 16 15
18 12 4 4 16 20 11 16 17 15 0 14 5 19 17 18 16 13 2 10 13 14 7 6 13 6 18 15 5 7 13 17 14 1 20 9 18 25 11 7 9 18
22 4 14 17 13 6 7 19 8 8 14 0 19 5 19 6 3 6 15 16 8 18 12 11 8 17 13 3 19 15 9 22 13 15 6 6 4 13 10 8 11 22
21 16 5 6 20 24 15 19 21 19 5 19 0 23 20 21 21 16 6 13 17 17 9 10 18 9 22 19 0 10 18 20 18 4 24 14 22 30 15 11 12 21
27 7 18 22 17 2 12 23 11 12 19 5 23 0 23 4 5 8 20 22 13 23 15 16 13 22 17 4 23 20 14 26 18 19 2 11 1 14 15 12 14 27
4 21 21 14 6 23 12 1 13 12 17 19 20 23 0 25 18 22 15 7 10 3 22 12 11 12 8 22 20 10 10 4 5 18 25 15 23 19 9 17 24 4
28 6 16 21 19 5 13 24 13 14 18 6 21 4 25 0 8 5 19 22 14 24 13 15 14 21 19 3 22 20 15 27 19 18 3 11 2 17 16 11 11 28
22 7 17 18 12 5 8 18 6 6 16 3 21 5 18 8 0 8 16 17 8 18 15 12 7 18 11 5 21 16 8 21 13 17 7 7 5 11 10 10 14 22
25 2 11 16 17 9 11 22 13 12 13 6 16 8 22 5 8 0 14 18 13 21 8 11 12 17 18 4 17 16 13 24 17 13 8 8 6 19 13 6 6 25
16 13 6 2 14 20 10 14 16 14 2 15 6 20 15 19 16 14 0 8 12 12 9 5 12 4 16 16 6 5 12 15 12 3 20 9 19 25 9 8 11 16
8 17 14 7 9 22 9 6 14 12 10 16 13 22 7 22 17 18 8 0 10 4 16 7 10 5 11 19 13 3 9 7 7 11 23 11 21 22 7 12 18 8
14 11 15 13 4 13 3 10 4 2 13 8 17 13 10 14 8 13 12 10 0 10 15 7 0 12 6 11 18 10 1 13 5 14 15 6 13 13 3 9 16 14
4 19 18 11 8 23 11 2 14 12 14 18 17 23 3 24 18 21 12 4 10 0 20 10 11 9 10 21 17 7 9 4 6 15 25 13 23 21 8 15 21 4
24 8 4 11 19 17 13 22 18 16 7 12 9 15 22 13 15 8 9 16 15 20 0 10 15 13 21 12 10 13 16 24 18 7 15 10 14 25 14 6 3 24
15 10 9 6 10 16 5 12 11 9 6 11 10 16 12 15 12 11 5 7 7 10 10 0 7 6 12 12 11 5 7 14 9 7 17 5 15 20 5 5 11 15
14 11 15 13 5 12 3 11 4 2 13 8 18 13 11 14 7 12 12 10 0 11 15 7 0 12 6 11 18 10 1 14 5 14 14 6 12 12 4 9 16 14
12 16 10 2 12 22 10 11 16 14 6 17 9 22 12 21 18 17 4 5 12 9 13 6 12 0 15 18 9 2 11 12 10 6 23 11 21 24 8 10 15 12
12 16 20 17 2 16 8 8 6 5 18 13 22 17 8 19 11 18 16 11 6 10 21 12 6 15 0 16 22 13 5 12 5 18 18 11 17 11 7 15 21 12
25 3 15 18 16 5 10 21 11 11 15 3 19 4 22 3 5 4 16 19 11 21 12 12 11 18 16 0 20 17 12 24 16 16 4 8 3 15 13 9 10 25
21 16 6 6 20 24 16 19 22 19 5 19 0 23 20 22 21 17 6 13 18 17 10 11 18 9 22 20 0 10 18 20 18 4 24 14 22 30 15 11 12 21
11 15 11 4 10 21 9 9 14 12 7 15 10 20 10 20 16 16 5 3 10 7 13 5 10 2 13 17 10 0 9 10 8 8 22 10 20 22 6 10 15 11
13 12 16 13 4 13 3 9 5 2 13 9 18 14 10 15 8 13 12 9 1 9 16 7 1 11 5 12 18 9 0 13 4 14 15 6 14 13 3 10 16 13
1 23 21 14 10 26 14 3 16 15 17 22 20 26 4 27 21 24 15 7 13 4 24 14 14 12 12 24 20 10 13 0 8 18 28 17 26 22 11 19 25 1
9 16 17 12 2 18 7 5 8 6 14 13 18 18 5 19 13 17 12 7 5 6 18 9 5 10 5 16 18 8 4 8 0 15 20 10 18 15 4 12 19 9
18 13 4 4 16 20 11 17 17 15 1 15 4 19 18 18 17 13 3 11 14 15 7 7 14 6 18 16 4 8 14 18 15 0 20 10 18 26 11 7 10 18
29 8 19 23 19 3 14 25 13 13 20 6 24 2 25 3 7 8 20 23 15 25 15 17 14 23 18 4 24 22 15 28 20 20 0 12 2 15 17 13 13 29
18 6 11 11 10 11 3 14 8 6 9 6 14 11 15 11 7 8 9 11 6 13 10 5 6 11 11 8 14 10 6 17 10 10 12 0 10 16 6 4 10 18
27 6 17 21 17 3 12 23 11 12 18 4 22 1 23 2 5 6 19 21 13 23 14 15 12 21 17 3 22 20 14 26 18 18 2 10 0 15 15 11 12 27
23 18 27 26 13 12 15 20 9 11 25 13 30 14 19 17 11 19 25 22 13 21 25 20 12 24 11 15 30 22 13 22 15 26 15 16 15 0 16 20 24 23
12 12 13 10 5 15 3 9 7 5 11 10 15 15 9 16 10 13 9 7 3 8 14 5 4 8 7 13 15 6 3 11 4 11 17 6 15 16 0 8 15 12
19 6 7 10 13 13 7 16 12 10 7 8 11 12 17 11 10 6 8 12 9 15 6 5 9 10 15 9 11 10 10 19 12 7 13 4 11 20 8 0 7 19
26 7 7 14 20 15 13 23 17 16 9 11 12 14 24 11 14 6 11 18 16 21 3 11 16 15 21 10 12 15 16 25 19 10 13 10 12 24 15 7 0 26
0 24 22 15 10 27 15 4 17 15 18 22 21 27 4 28 22 25 16 8 14 4 24 15 14 12 12 25 21 11 13 1 9 18 29 18 27 23 12 19 26 0
,
0 58 36 39 15 45 21 7 45 38 38 40 39 53 10 50 36 26 38 18 19 9 68 42 35 35 18 43 50 22 20 1 20 31 60 23 52 28 28 20 55 0
67 0 19 24 37 18 23 30 31 24 31 5 38 19 23 14 16 3 32 31 28 26 8 30 25 30 28 9 23 26 32 40 20 22 12 10 13 32 13 13 13 50
51 28 0 21 21 45 16 27 54 49 10 31 6 34 32 34 42 28 10 26 43 33 11 15 17 29 21 37 14 19 34 46 28 6 39 11 49 55 30 21 18 41
15 39 19 0 32 57 28 16 41 40 7 40 16 28 20 53 37 27 6 17 17 29 29 9 24 3 19 30 16 8 16 34 21 5 29 25 26 40 26 27 22 28
15 37 33 22 0 32 15 8 16 11 19 13 26 40 8 30 12 26 29 10 9 9 30 24 13 31 3 42 43 15 5 14 5 42 54 28 24 31 11 27 55 24
35 12 33 56 49 0 16 65 13 31 22 14 47 3 46 11 6 12 34 33 26 50 29 25 19 51 38 12 69 57 28 52 35 40 7 13 6 27 40 31 42 51
35 11 13 23 20 13 0 28 8 6 18 16 40 27 19 27 17 21 24 16 3 22 25 9 6 27 18 27 19 25 6 21 10 20 17 8 25 38 6 13 15 36
11 21 32 14 16 50 16 0 33 34 32 27 33 60 2 71 50 33 38 18 17 4 50 28 14 21 13 47 55 16 11 8 14 22 51 41 52 43 23 22 66 5
38 21 39 34 18 23 8 18 0 5 27 23 41 13 14 39 14 22 21 24 10 21 50 16 11 23 14 11 53 37 8 27 15 21 19 13 27 20 19 16 21 43
43 23 19 36 9 16 7 18 5 0 34 18 43 32 18 25 18 21 40 32 6 14 23 24 3 26 10 31 39 14 7 36 17 27 32 11 24 24 12 19 40 16
36 16 6 5 20 46 11 40 19 29 0 32 12 20 38 37 48 29 3 27 31 23 20 10 19 9 51 34 9 12 18 41 31 1 40 11 36 72 29 16 13 52
27 11 16 27 13 9 17 36 14 22 20 0 42 12 26 7 4 13 25 31 13 43 30 14 16 19 37 8 25 30 22 24 29 25 18 15 11 25 18 19 32 47
56 43 11 7 43 46 17 37 63 27 9 45 0 36 53 55 57 29 12 16 34 44 15 30 25 19 31 44 1 25 44 25 48 5 43 35 37 54 20 15 14 49
68 16 38 52 23 2 15 41 27 15 44 8 43 0 68 10 13 9 30 61 19 40 36 19 15 63 30 10 62 54 21 72 53 24 5 30 4 36 30 19 32 34
11 32 51 18 16 45 20 2 14 33 37 47 38 30 0 46 53 36 25 10 19 7 37 31 25 22 21 37 33 13 17 8 7 29 56 44 33 30 10 20 66 10
47 10 20 58 23 14 29 50 34 21 33 12 42 4 56 0 22 9 53 44 28 51 38 41 25 26 45 4 31 44 18 54 54 31 6 29 3 25 43 15 16 28
63 10 23 51 28 8 18 39 16 18 39 7 26 10 44 13 0 22 26 32 22 28 25 13 10 21 26 9 34 30 14 45 30 46 7 11 14 17 26 23 21 59
55 3 27 33 39 19 24 56 17 34 18 7 48 15 32 6 15 0 30 23 14 24 8 20 24 42 22 10 18 39 19 33 22 25 21 9 6 57 17 12 9 28
19 20 7 3 19 35 13 37 39 15 5 29 12 32 33 35 23 28 0 15 33 35 17 13 16 4 18 31 8 7 20 20 14 4 56 12 46 32 19 17 20 47
16 32 20 14 21 60 17 11 19 16 14 45 21 63 10 33 43 44 19 0 10 6 28 10 24 6 12 22 16 5 20 10 7 16 44 26 31 24 7 29 50 21
26 20 45 28 6 18 6 21 9 4 18 14 45 13 25 34 22 23 16 22 0 22 20 16 1 29 7 16 20 22 2 22 5 20 22 13 28 17 5 21 31 31
9 23 48 28 13 43 14 6 28 15 16 27 51 45 5 38 47 50 22 6 17 0 44 20 17 9 22 30 21 17 11 11 7 34 39 35 52 23 16 32 54 4
71 15 11 31 30 27 18 30 23 32 11 19 24 45 32 27 25 23 22 19 41 20 0 19 45 34 54 33 15 29 26 63 24 14 32 14 14 29 34 10 6 54
29 24 16 14 23 40 5 20 19 20 9 17 21 26 34 19 22 23 5 7 11 20 19 0 18 12 35 15 28 8 21 21 25 8 43 10 42 56 10 6 22 31
33 26 38 38 5 18 5 21 6 3 25 22 26 28 23 23 7 32 20 13 1 28 38 19 0 28 9 12 50 16 3 27 9 34 37 8 29 20 8 10 25 32
34 31 29 5 30 34 14 16 33 36 11 40 16 37 31 30 39 31 10 6 19 17 18 15 32 0 38 33 22 6 24 28 19 18 44 17 30 65 17 10 18 29
26 20 34 21 7 24 19 9 14 9 50 20 30 23 14 28 13 44 36 13 14 22 31 21 16 24 0 24 31 21 11 18 8 37 27 24 48 20 19 21 30 34
65 8 21 30 24 15 23 55 12 27 41 7 27 6 57 5 7 8 47 39 28 49 31 23 15 35 23 0 22 21 36 69 34 44 9 12 5 39 14 21 18 42
30 45 16 7 45 70 40 34 38 41 12 40 1 62 31 40 31 45 10 22 27 36 28 27 44 11 45 56 0 17 30 38 45 8 56 18 42 76 45 19 15 50
18 38 17 8 25 53 19 18 32 34 19 35 23 57 13 56 21 19 6 8 17 13 28 14 24 5 14 23 20 0 12 30 24 14 64 25 40 48 8 18 33 27
33 13 34 32 5 39 3 13 7 3 26 27 47 25 26 35 20 31 24 15 1 10 23 11 1 28 6 31 41 15 0 31 6 32 42 15 15 32 8 15 21 16
1 68 53 39 22 29 23 9 33 26 38 55 40 35 5 47 59 37 40 19 13 11 28 34 23 14 33 66 23 30 14 0 12 40 68 35 56 37 23 24 55 1
12 34 23 32 3 35 8 6 20 7 31 15 48 43 13 37 28 18 31 15 9 17 51 23 14 22 9 42 33 23 6 10 0 30 25 12 23 32 6 19 39 17
24 35 9 7 44 30 16 26 39 25 1 30 6 50 42 22 34 29 4 23 20 17 19 11 32 13 44 22 12 19 29 23 33 0 25 26 50 56 26 18 28 38
59 15 45 23 41 6 37 67 19 25 48 11 25 4 36 5 20 8 37 44 43 45 29 28 27 68 53 12 41 27 29 53 34 32 0 23 5 45 38 30 24 40
40 16 12 25 11 30 4 41 17 7 16 10 15 12 20 30 10 21 21 15 14 18 10 11 16 27 18 8 22 25 10 30 27 15 30 0 16 25 6 5 17 21
45 13 23 57 22 7 26 25 15 24 37 12 45 2 53 3 9 16 23 34 28 39 32 32 29 32 21 5 34 26 25 54 27 51 5 27 0 37 39 15 21 44
38 52 76 27 17 36 37 22 10 26 57 35 34 24 40 17 25 39 40 61 21 33 65 22 21 31 15 23 42 30 25 47 22 36 28 44 37 0 37 57 51 52
13 16 24 26 6 32 6 20 8 14 31 28 26 21 20 18 11 30 11 13 5 22 27 10 11 10 10 37 20 19 6 23 9 14 39 11 43 34 0 13 33 18
42 13 18 14 30 27 9 31 19 28 18 20 18 36 50 33 28 19 18 27 10 31 12 11 10 21 42 23 28 19 16 51 17 11 38 5 13 31 14 0 16 31
65 9 9 36 41 29 25 65 19 35 13 24 27 28 57 28 16 9 27 37 29 53 7 26 24 29 24 17 31 36 35 66 49 13 33 15 31 31 31 11 0 66
0 30 27 21 21 46 24 10 18 31 43 23 55 69 11 33 58 32 35 22 21 7 66 21 34 27 36 42 43 12 30 1 15 26 46 48 31 32 19 38 55 0