7
40
,
0 (34.0, 33.0) 31.0
1 (42.0, 12.0) 42.0
2 (29.0, 3.0) 52.0
3 (6.0, 20.0) 70.0
4 (25.0, 47.0) 31.0
5 (19.0, 23.0) 75.0
6 (3.0, 7.0) 46.0
7 (11.0, 32.0) 66.0
8 (13.0, 28.0) 32.0
9 (35.0, 9.0) 31.0
10 (26.0, 36.0) 49.0
11 (41.0, 2.0) 81.0
12 (28.0, 46.0) 84.0
13 (1.0, 8.0) 77.0
14 (35.0, 44.0) 70.0
15 (21.0, 38.0) 45.0
16 (37.0, 34.0) 54.0
17 (31.0, 7.0) 66.0
18 (15.0, 5.0) 46.0
19 (14.0, 24.0) 83.0
20 (7.0, 5.0) 56.0
21 (44.0, 20.0) 38.0
22 (25.0, 15.0) 63.0
23 (14.0, 25.0) 79.0
24 (24.0, 3.0) 49.0
25 (3.0, 24.0) 47.0
26 (31.0, 39.0) 34.0
27 (41.0, 1.0) 78.0
28 (21.0, 6.0) 90.0
29 (13.0, 23.0) 44.0
30 (1.0, 1.0) 58.0
31 (8.0, 16.0) 65.0
32 (36.0, 8.0) 55.0
33 (31.0, 48.0) 83.0
34 (25.0, 25.0) 77.0
35 (30.0, 44.0) 65.0
36 (1.0, 46.0) 84.0
37 (16.0, 18.0) 62.0
38 (32.0, 22.0) 46.0
39 (45.0, 25.0) 79.0
,
0 24 22 15 10 27 15 4 17 15 18 22 21 27 4 28 22 25 16 8 14 4 24 15 14 12 12 25 21 11 13 1 9 18 29 18 27 23 12 19 26 0
24 0 11 15 15 8 9 20 12 11 12 4 16 7 21 6 7 2 13 17 11 19 8 10 11 16 16 3 16 15 12 23 16 13 8 6 6 18 12 6 7 24
22 11 0 8 18 19 13 20 18 17 4 14 5 18 21 16 17 11 6 14 15 18 4 9 15 10 20 15 6 11 16 21 17 4 19 11 17 27 13 7 7 22
15 15 8 0 14 22 11 13 17 15 4 17 6 22 14 21 18 16 2 7 13 11 11 6 13 2 17 18 6 4 13 14 12 4 23 11 21 26 10 10 14 15
10 15 18 14 0 17 7 7 6 5 16 13 20 17 6 19 12 17 14 9 4 8 19 10 5 12 2 16 20 10 4 10 2 16 19 10 17 13 5 13 20 10
27 8 19 22 17 0 12 23 10 11 20 6 24 2 23 5 5 9 20 22 13 23 17 16 12 22 16 5 24 21 13 26 18 20 3 11 3 12 15 13 15 27
15 9 13 11 7 12 0 11 6 4 11 7 15 12 12 13 8 11 10 9 3 11 13 5 3 10 8 10 16 9 3 14 7 11 14 3 12 15 3 7 13 15
4 20 20 13 7 23 11 0 13 12 16 19 19 23 1 24 18 22 14 6 10 2 22 12 11 11 8 21 19 9 9 3 5 17 25 14 23 20 9 16 23 4
17 12 18 17 6 10 6 13 0 2 17 8 21 11 13 13 6 13 16 14 4 14 18 11 4 16 6 11 22 14 5 16 8 17 13 8 11 9 7 12 17 17
15 11 17 15 5 11 4 12 2 0 15 8 19 12 12 14 6 12 14 12 2 12 16 9 2 14 5 11 19 12 2 15 6 15 13 6 12 11 5 10 16 15
18 12 4 4 16 20 11 16 17 15 0 14 5 19 17 18 16 13 2 10 13 14 7 6 13 6 18 15 5 7 13 17 14 1 20 9 18 25 11 7 9 18
22 4 14 17 13 6 7 19 8 8 14 0 19 5 19 6 3 6 15 16 8 18 12 11 8 17 13 3 19 15 9 22 13 15 6 6 4 13 10 8 11 22
21 16 5 6 20 24 15 19 21 19 5 19 0 23 20 21 21 16 6 13 17 17 9 10 18 9 22 19 0 10 18 20 18 4 24 14 22 30 15 11 12 21
27 7 18 22 17 2 12 23 11 12 19 5 23 0 23 4 5 8 20 22 13 23 15 16 13 22 17 4 23 20 14 26 18 19 2 11 1 14 15 12 14 27
4 21 21 14 6 23 12 1 13 12 17 19 20 23 0 25 18 22 15 7 10 3 22 12 11 12 8 22 20 10 10 4 5 18 25 15 23 19 9 17 24 4
28 6 16 21 19 5 13 24 13 14 18 6 21 4 25 0 8 5 19 22 14 24 13 15 14 21 19 3 22 20 15 27 19 18 3 11 2 17 16 11 11 28
22 7 17 18 12 5 8 18 6 6 16 3 21 5 18 8 0 8 16 17 8 18 15 12 7 18 11 5 21 16 8 21 13 17 7 7 5 11 10 10 14 22
25 2 11 16 17 9 11 22 13 12 13 6 16 8 22 5 8 0 14 18 13 21 8 11 12 17 18 4 17 16 13 24 17 13 8 8 6 19 13 6 6 25
16 13 6 2 14 20 10 14 16 14 2 15 6 20 15 19 16 14 0 8 12 12 9 5 12 4 16 16 6 5 12 15 12 3 20 9 19 25 9 8 11 16
8 17 14 7 9 22 9 6 14 12 10 16 13 22 7 22 17 18 8 0 10 4 16 7 10 5 11 19 13 3 9 7 7 11 23 11 21 22 7 12 18 8
14 11 15 13 4 13 3 10 4 2 13 8 17 13 10 14 8 13 12 10 0 10 15 7 0 12 6 11 18 10 1 13 5 14 15 6 13 13 3 9 16 14
4 19 18 11 8 23 11 2 14 12 14 18 17 23 3 24 18 21 12 4 10 0 20 10 11 9 10 21 17 7 9 4 6 15 25 13 23 21 8 15 21 4
24 8 4 11 19 17 13 22 18 16 7 12 9 15 22 13 15 8 9 16 15 20 0 10 15 13 21 12 10 13 16 24 18 7 15 10 14 25 14 6 3 24
15 10 9 6 10 16 5 12 11 9 6 11 10 16 12 15 12 11 5 7 7 10 10 0 7 6 12 12 11 5 7 14 9 7 17 5 15 20 5 5 11 15
14 11 15 13 5 12 3 11 4 2 13 8 18 13 11 14 7 12 12 10 0 11 15 7 0 12 6 11 18 10 1 14 5 14 14 6 12 12 4 9 16 14
12 16 10 2 12 22 10 11 16 14 6 17 9 22 12 21 18 17 4 5 12 9 13 6 12 0 15 18 9 2 11 12 10 6 23 11 21 24 8 10 15 12
12 16 20 17 2 16 8 8 6 5 18 13 22 17 8 19 11 18 16 11 6 10 21 12 6 15 0 16 22 13 5 12 5 18 18 11 17 11 7 15 21 12
25 3 15 18 16 5 10 21 11 11 15 3 19 4 22 3 5 4 16 19 11 21 12 12 11 18 16 0 20 17 12 24 16 16 4 8 3 15 13 9 10 25
21 16 6 6 20 24 16 19 22 19 5 19 0 23 20 22 21 17 6 13 18 17 10 11 18 9 22 20 0 10 18 20 18 4 24 14 22 30 15 11 12 21
11 15 11 4 10 21 9 9 14 12 7 15 10 20 10 20 16 16 5 3 10 7 13 5 10 2 13 17 10 0 9 10 8 8 22 10 20 22 6 10 15 11
13 12 16 13 4 13 3 9 5 2 13 9 18 14 10 15 8 13 12 9 1 9 16 7 1 11 5 12 18 9 0 13 4 14 15 6 14 13 3 10 16 13
1 23 21 14 10 26 14 3 16 15 17 22 20 26 4 27 21 24 15 7 13 4 24 14 14 12 12 24 20 10 13 0 8 18 28 17 26 22 11 19 25 1
9 16 17 12 2 18 7 5 8 6 14 13 18 18 5 19 13 17 12 7 5 6 18 9 5 10 5 16 18 8 4 8 0 15 20 10 18 15 4 12 19 9
18 13 4 4 16 20 11 17 17 15 1 15 4 19 18 18 17 13 3 11 14 15 7 7 14 6 18 16 4 8 14 18 15 0 20 10 18 26 11 7 10 18
29 8 19 23 19 3 14 25 13 13 20 6 24 2 25 3 7 8 20 23 15 25 15 17 14 23 18 4 24 22 15 28 20 20 0 12 2 15 17 13 13 29
18 6 11 11 10 11 3 14 8 6 9 6 14 11 15 11 7 8 9 11 6 13 10 5 6 11 11 8 14 10 6 17 10 10 12 0 10 16 6 4 10 18
27 6 17 21 17 3 12 23 11 12 18 4 22 1 23 2 5 6 19 21 13 23 14 15 12 21 17 3 22 20 14 26 18 18 2 10 0 15 15 11 12 27
23 18 27 26 13 12 15 20 9 11 25 13 30 14 19 17 11 19 25 22 13 21 25 20 12 24 11 15 30 22 13 22 15 26 15 16 15 0 16 20 24 23
12 12 13 10 5 15 3 9 7 5 11 10 15 15 9 16 10 13 9 7 3 8 14 5 4 8 7 13 15 6 3 11 4 11 17 6 15 16 0 8 15 12
19 6 7 10 13 13 7 16 12 10 7 8 11 12 17 11 10 6 8 12 9 15 6 5 9 10 15 9 11 10 10 19 12 7 13 4 11 20 8 0 7 19
26 7 7 14 20 15 13 23 17 16 9 11 12 14 24 11 14 6 11 18 16 21 3 11 16 15 21 10 12 15 16 25 19 10 13 10 12 24 15 7 0 26
0 24 22 15 10 27 15 4 17 15 18 22 21 27 4 28 22 25 16 8 14 4 24 15 14 12 12 25 21 11 13 1 9 18 29 18 27 23 12 19 26 0
,
0 69 52 34 11 63 25 10 28 31 54 65 41 40 8 44 26 65 35 20 28 4 52 23 15 22 35 47 46 12 20 1 26 33 33 18 48 39 16 20 49 0
70 0 33 35 24 12 11 28 19 21 13 10 32 20 30 6 10 2 39 39 18 48 23 18 32 40 32 6 47 42 12 54 28 34 11 8 7 21 34 6 12 33
54 19 0 8 26 47 18 29 36 47 5 30 14 54 38 26 31 13 15 37 35 22 5 12 45 24 58 29 7 25 35 24 34 5 50 28 19 35 29 20 8 29
30 21 23 0 29 46 14 21 48 41 8 19 14 33 20 50 54 42 6 13 17 17 17 16 27 7 47 34 17 8 36 42 13 6 55 25 43 58 16 15 29 35
19 43 31 32 0 17 8 10 13 6 22 37 40 40 8 35 17 49 41 17 6 16 32 17 5 20 6 32 37 13 10 15 5 36 56 21 19 27 6 25 41 16
62 21 35 43 45 0 35 28 23 26 49 14 71 3 37 10 8 9 32 62 37 60 17 18 31 61 19 12 55 57 18 40 27 37 6 21 6 24 38 17 21 78
37 14 30 29 12 29 0 16 17 11 25 10 34 21 20 38 15 11 24 18 7 27 15 9 3 26 23 18 20 13 4 22 8 27 31 3 16 31 7 12 27 42
11 40 58 26 14 24 25 0 36 15 48 53 42 50 2 72 46 43 35 16 29 4 57 25 28 20 10 22 24 16 23 9 9 29 38 32 47 31 13 37 59 6
34 12 30 23 12 21 8 22 0 3 43 8 41 17 16 25 11 14 42 32 11 27 27 31 6 33 13 25 27 34 12 17 16 37 31 10 33 23 11 30 48 47
22 14 23 35 16 13 7 26 4 0 33 13 44 22 22 36 16 32 16 25 3 14 36 10 4 20 9 25 51 15 3 29 18 36 14 16 26 17 11 17 45 41
28 35 10 12 46 21 18 28 43 39 0 42 7 53 37 22 38 14 6 13 18 18 12 16 17 15 42 25 8 8 25 26 38 1 28 21 50 70 15 17 12 27
33 11 28 39 18 12 12 43 19 9 33 0 37 12 47 11 6 7 34 44 23 37 21 20 24 38 22 4 46 43 24 60 30 23 12 10 12 24 18 10 14 39
46 37 8 15 46 34 18 54 46 51 14 45 0 36 48 61 48 48 7 37 30 40 10 30 32 18 51 51 1 13 46 35 43 11 70 38 44 31 35 12 12 50
36 16 28 42 23 3 14 47 18 26 55 15 23 0 69 6 12 21 26 52 20 69 23 26 17 52 22 6 51 51 22 53 48 39 5 28 1 30 34 25 19 63
7 47 56 22 12 46 34 2 29 34 31 29 44 58 0 45 44 41 25 20 21 9 25 35 15 27 21 33 37 18 17 5 8 40 56 37 48 27 18 40 61 10
69 14 36 43 26 11 33 30 17 15 21 17 25 9 27 0 12 11 27 44 40 71 33 29 23 49 38 6 32 47 36 35 50 50 3 19 6 19 41 30 23 45
48 11 47 18 29 8 13 21 10 9 30 5 60 8 44 13 0 23 34 28 13 43 34 18 14 28 26 9 63 16 9 38 32 39 15 17 12 32 28 28 18 47
54 4 34 21 42 26 14 33 17 33 19 17 28 21 49 13 11 0 32 25 34 36 12 28 30 32 52 5 45 21 14 60 43 16 22 13 15 56 24 12 13 26
43 24 9 5 38 40 20 35 46 26 5 23 7 34 37 55 25 40 0 15 34 35 18 15 14 10 22 17 16 9 30 29 27 5 48 14 52 27 10 9 31 38
22 47 39 16 23 23 19 16 34 30 25 28 21 53 12 59 21 21 15 0 17 11 27 19 23 5 14 33 35 7 11 17 8 30 60 32 30 61 15 30 37 13
15 12 37 17 6 19 5 21 8 4 25 9 23 34 28 42 12 30 27 17 0 12 36 8 1 12 16 34 39 11 1 24 8 32 29 8 31 33 9 22 24 35
7 25 47 31 14 61 15 5 40 14 21 29 24 64 7 54 23 35 33 8 29 0 58 26 15 19 25 48 37 14 21 7 10 34 50 24 23 24 15 30 34 10
41 17 8 23 31 40 28 59 30 19 14 28 26 41 37 26 18 18 21 34 35 51 0 27 28 30 49 28 21 36 20 48 29 19 33 21 41 49 15 14 6 57
23 14 24 16 28 47 14 20 21 12 9 13 27 45 36 44 25 22 10 13 15 11 15 0 10 13 13 21 12 12 10 15 20 18 31 12 21 53 8 14 27 27
37 32 44 27 8 16 5 12 10 4 13 13 23 34 25 20 19 33 34 12 1 23 22 19 0 33 7 20 38 26 3 32 6 21 36 10 32 30 4 25 28 37
20 41 29 6 32 25 25 15 42 36 16 37 19 27 15 29 32 28 11 8 29 22 23 13 24 0 31 53 25 5 28 17 25 13 46 21 31 51 18 19 41 27
19 37 26 34 5 38 20 9 7 11 20 38 30 36 10 21 16 45 31 23 11 14 51 14 11 41 0 33 65 21 6 24 6 50 52 27 40 15 9 18 53 14
57 7 26 48 27 6 14 49 25 24 27 8 53 6 38 5 14 5 22 46 16 33 32 22 14 44 36 0 20 21 18 49 16 45 13 16 4 41 37 23 20 58
37 44 9 17 21 38 38 41 32 51 12 55 1 59 37 63 52 47 15 24 37 18 14 29 21 13 59 53 0 13 43 41 47 6 45 24 48 60 45 31 32 39
25 20 32 8 17 24 23 13 20 13 13 22 26 23 30 20 41 17 6 6 23 10 31 5 27 4 20 45 16 0 16 31 11 15 30 15 37 63 16 17 22 23
24 23 41 38 6 28 4 24 5 7 16 13 21 38 18 43 11 27 25 20 2 23 46 11 2 25 10 21 50 10 0 32 12 28 41 11 38 33 8 28 42 37
2 60 25 20 11 42 25 8 29 38 38 54 49 28 6 77 24 44 45 12 25 11 68 18 32 21 25 50 49 19 35 0 11 27 53 18 34 37 23 52 38 2
23 26 31 22 3 23 9 10 11 16 22 25 19 30 7 51 14 33 37 7 14 12 24 25 13 13 5 42 23 24 8 20 0 31 28 22 48 35 7 23 49 22
21 13 6 8 18 44 33 27 43 43 2 18 6 39 47 44 46 29 7 24 36 43 11 16 40 11 35 24 7 10 32 41 31 0 57 20 25 53 25 10 19 44
75 9 46 58 53 6 18 53 22 20 32 10 68 3 37 4 19 15 55 25 44 31 28 48 23 58 28 13 41 35 32 50 28 35 0 18 4 39 17 25 29 76
18 17 31 26 21 17 9 26 18 13 21 9 22 26 34 13 20 14 23 11 9 36 26 10 11 14 24 16 22 18 9 43 15 26 35 0 27 43 11 5 26 35
59 16 28 51 50 4 18 67 33 28 49 5 44 2 24 4 13 17 30 50 32 40 35 19 23 60 23 3 46 39 19 55 41 49 2 21 0 34 31 15 15 32
35 28 63 46 13 24 38 58 15 28 62 37 69 18 26 37 30 55 48 23 15 30 27 45 37 52 17 28 33 47 15 36 16 47 40 26 41 0 30 25 56 39
14 26 25 28 9 21 5 20 10 15 23 26 25 21 19 17 30 20 23 13 4 24 17 6 6 18 18 25 28 13 7 30 7 23 19 14 23 23 0 12 22 15
44 13 20 26 28 21 10 31 31 18 18 17 15 34 32 12 24 14 19 27 10 25 15 14 25 24 29 21 22 22 10 39 34 18 37 7 24 39 10 0 17 43
60 8 20 23 34 26 19 40 19 41 17 18 20 29 49 24 32 14 17 22 28 26 6 17 43 45 56 29 16 23 28 64 47 18 28 14 14 65 42 14 0 53
0 27 48 30 16 76 42 6 31 39 37 36 31 53 12 83 27 58 33 19 29 11 58 20 34 18 36 59 61 24 27 1 12 18 47 30 48 28 22 41 39 0