7
40
,
0 (34.0, 33.0) 40.0
1 (42.0, 12.0) 74.0
2 (29.0, 3.0) 56.0
3 (6.0, 20.0) 42.0
4 (25.0, 47.0) 59.0
5 (19.0, 23.0) 87.0
6 (3.0, 7.0) 32.0
7 (11.0, 32.0) 69.0
8 (13.0, 28.0) 57.0
9 (35.0, 9.0) 44.0
10 (26.0, 36.0) 73.0
11 (41.0, 2.0) 87.0
12 (28.0, 46.0) 41.0
13 (1.0, 8.0) 32.0
14 (35.0, 44.0) 68.0
15 (21.0, 38.0) 74.0
16 (37.0, 34.0) 56.0
17 (31.0, 7.0) 47.0
18 (15.0, 5.0) 50.0
19 (14.0, 24.0) 56.0
20 (7.0, 5.0) 30.0
21 (44.0, 20.0) 73.0
22 (25.0, 15.0) 49.0
23 (14.0, 25.0) 31.0
24 (24.0, 3.0) 83.0
25 (3.0, 24.0) 36.0
26 (31.0, 39.0) 52.0
27 (41.0, 1.0) 40.0
28 (21.0, 6.0) 32.0
29 (13.0, 23.0) 62.0
30 (1.0, 1.0) 80.0
31 (8.0, 16.0) 41.0
32 (36.0, 8.0) 54.0
33 (31.0, 48.0) 60.0
34 (25.0, 25.0) 48.0
35 (30.0, 44.0) 37.0
36 (1.0, 46.0) 72.0
37 (16.0, 18.0) 56.0
38 (32.0, 22.0) 83.0
39 (45.0, 25.0) 72.0
,
0 24 22 15 10 27 15 4 17 15 18 22 21 27 4 28 22 25 16 8 14 4 24 15 14 12 12 25 21 11 13 1 9 18 29 18 27 23 12 19 26 0
24 0 11 15 15 8 9 20 12 11 12 4 16 7 21 6 7 2 13 17 11 19 8 10 11 16 16 3 16 15 12 23 16 13 8 6 6 18 12 6 7 24
22 11 0 8 18 19 13 20 18 17 4 14 5 18 21 16 17 11 6 14 15 18 4 9 15 10 20 15 6 11 16 21 17 4 19 11 17 27 13 7 7 22
15 15 8 0 14 22 11 13 17 15 4 17 6 22 14 21 18 16 2 7 13 11 11 6 13 2 17 18 6 4 13 14 12 4 23 11 21 26 10 10 14 15
10 15 18 14 0 17 7 7 6 5 16 13 20 17 6 19 12 17 14 9 4 8 19 10 5 12 2 16 20 10 4 10 2 16 19 10 17 13 5 13 20 10
27 8 19 22 17 0 12 23 10 11 20 6 24 2 23 5 5 9 20 22 13 23 17 16 12 22 16 5 24 21 13 26 18 20 3 11 3 12 15 13 15 27
15 9 13 11 7 12 0 11 6 4 11 7 15 12 12 13 8 11 10 9 3 11 13 5 3 10 8 10 16 9 3 14 7 11 14 3 12 15 3 7 13 15
4 20 20 13 7 23 11 0 13 12 16 19 19 23 1 24 18 22 14 6 10 2 22 12 11 11 8 21 19 9 9 3 5 17 25 14 23 20 9 16 23 4
17 12 18 17 6 10 6 13 0 2 17 8 21 11 13 13 6 13 16 14 4 14 18 11 4 16 6 11 22 14 5 16 8 17 13 8 11 9 7 12 17 17
15 11 17 15 5 11 4 12 2 0 15 8 19 12 12 14 6 12 14 12 2 12 16 9 2 14 5 11 19 12 2 15 6 15 13 6 12 11 5 10 16 15
18 12 4 4 16 20 11 16 17 15 0 14 5 19 17 18 16 13 2 10 13 14 7 6 13 6 18 15 5 7 13 17 14 1 20 9 18 25 11 7 9 18
22 4 14 17 13 6 7 19 8 8 14 0 19 5 19 6 3 6 15 16 8 18 12 11 8 17 13 3 19 15 9 22 13 15 6 6 4 13 10 8 11 22
21 16 5 6 20 24 15 19 21 19 5 19 0 23 20 21 21 16 6 13 17 17 9 10 18 9 22 19 0 10 18 20 18 4 24 14 22 30 15 11 12 21
27 7 18 22 17 2 12 23 11 12 19 5 23 0 23 4 5 8 20 22 13 23 15 16 13 22 17 4 23 20 14 26 18 19 2 11 1 14 15 12 14 27
4 21 21 14 6 23 12 1 13 12 17 19 20 23 0 25 18 22 15 7 10 3 22 12 11 12 8 22 20 10 10 4 5 18 25 15 23 19 9 17 24 4
28 6 16 21 19 5 13 24 13 14 18 6 21 4 25 0 8 5 19 22 14 24 13 15 14 21 19 3 22 20 15 27 19 18 3 11 2 17 16 11 11 28
22 7 17 18 12 5 8 18 6 6 16 3 21 5 18 8 0 8 16 17 8 18 15 12 7 18 11 5 21 16 8 21 13 17 7 7 5 11 10 10 14 22
25 2 11 16 17 9 11 22 13 12 13 6 16 8 22 5 8 0 14 18 13 21 8 11 12 17 18 4 17 16 13 24 17 13 8 8 6 19 13 6 6 25
16 13 6 2 14 20 10 14 16 14 2 15 6 20 15 19 16 14 0 8 12 12 9 5 12 4 16 16 6 5 12 15 12 3 20 9 19 25 9 8 11 16
8 17 14 7 9 22 9 6 14 12 10 16 13 22 7 22 17 18 8 0 10 4 16 7 10 5 11 19 13 3 9 7 7 11 23 11 21 22 7 12 18 8
14 11 15 13 4 13 3 10 4 2 13 8 17 13 10 14 8 13 12 10 0 10 15 7 0 12 6 11 18 10 1 13 5 14 15 6 13 13 3 9 16 14
4 19 18 11 8 23 11 2 14 12 14 18 17 23 3 24 18 21 12 4 10 0 20 10 11 9 10 21 17 7 9 4 6 15 25 13 23 21 8 15 21 4
24 8 4 11 19 17 13 22 18 16 7 12 9 15 22 13 15 8 9 16 15 20 0 10 15 13 21 12 10 13 16 24 18 7 15 10 14 25 14 6 3 24
15 10 9 6 10 16 5 12 11 9 6 11 10 16 12 15 12 11 5 7 7 10 10 0 7 6 12 12 11 5 7 14 9 7 17 5 15 20 5 5 11 15
14 11 15 13 5 12 3 11 4 2 13 8 18 13 11 14 7 12 12 10 0 11 15 7 0 12 6 11 18 10 1 14 5 14 14 6 12 12 4 9 16 14
12 16 10 2 12 22 10 11 16 14 6 17 9 22 12 21 18 17 4 5 12 9 13 6 12 0 15 18 9 2 11 12 10 6 23 11 21 24 8 10 15 12
12 16 20 17 2 16 8 8 6 5 18 13 22 17 8 19 11 18 16 11 6 10 21 12 6 15 0 16 22 13 5 12 5 18 18 11 17 11 7 15 21 12
25 3 15 18 16 5 10 21 11 11 15 3 19 4 22 3 5 4 16 19 11 21 12 12 11 18 16 0 20 17 12 24 16 16 4 8 3 15 13 9 10 25
21 16 6 6 20 24 16 19 22 19 5 19 0 23 20 22 21 17 6 13 18 17 10 11 18 9 22 20 0 10 18 20 18 4 24 14 22 30 15 11 12 21
11 15 11 4 10 21 9 9 14 12 7 15 10 20 10 20 16 16 5 3 10 7 13 5 10 2 13 17 10 0 9 10 8 8 22 10 20 22 6 10 15 11
13 12 16 13 4 13 3 9 5 2 13 9 18 14 10 15 8 13 12 9 1 9 16 7 1 11 5 12 18 9 0 13 4 14 15 6 14 13 3 10 16 13
1 23 21 14 10 26 14 3 16 15 17 22 20 26 4 27 21 24 15 7 13 4 24 14 14 12 12 24 20 10 13 0 8 18 28 17 26 22 11 19 25 1
9 16 17 12 2 18 7 5 8 6 14 13 18 18 5 19 13 17 12 7 5 6 18 9 5 10 5 16 18 8 4 8 0 15 20 10 18 15 4 12 19 9
18 13 4 4 16 20 11 17 17 15 1 15 4 19 18 18 17 13 3 11 14 15 7 7 14 6 18 16 4 8 14 18 15 0 20 10 18 26 11 7 10 18
29 8 19 23 19 3 14 25 13 13 20 6 24 2 25 3 7 8 20 23 15 25 15 17 14 23 18 4 24 22 15 28 20 20 0 12 2 15 17 13 13 29
18 6 11 11 10 11 3 14 8 6 9 6 14 11 15 11 7 8 9 11 6 13 10 5 6 11 11 8 14 10 6 17 10 10 12 0 10 16 6 4 10 18
27 6 17 21 17 3 12 23 11 12 18 4 22 1 23 2 5 6 19 21 13 23 14 15 12 21 17 3 22 20 14 26 18 18 2 10 0 15 15 11 12 27
23 18 27 26 13 12 15 20 9 11 25 13 30 14 19 17 11 19 25 22 13 21 25 20 12 24 11 15 30 22 13 22 15 26 15 16 15 0 16 20 24 23
12 12 13 10 5 15 3 9 7 5 11 10 15 15 9 16 10 13 9 7 3 8 14 5 4 8 7 13 15 6 3 11 4 11 17 6 15 16 0 8 15 12
19 6 7 10 13 13 7 16 12 10 7 8 11 12 17 11 10 6 8 12 9 15 6 5 9 10 15 9 11 10 10 19 12 7 13 4 11 20 8 0 7 19
26 7 7 14 20 15 13 23 17 16 9 11 12 14 24 11 14 6 11 18 16 21 3 11 16 15 21 10 12 15 16 25 19 10 13 10 12 24 15 7 0 26
0 24 22 15 10 27 15 4 17 15 18 22 21 27 4 28 22 25 16 8 14 4 24 15 14 12 12 25 21 11 13 1 9 18 29 18 27 23 12 19 26 0
,
0 43 35 23 20 71 19 10 48 27 52 38 54 71 10 76 46 54 29 10 17 10 70 26 35 23 25 55 57 15 39 2 26 26 43 53 39 36 33 54 49 0
66 0 18 24 35 10 14 57 21 25 13 5 40 17 53 7 11 4 28 27 16 56 23 25 27 44 43 10 17 17 24 44 46 15 12 6 9 38 19 9 12 56
50 17 0 17 50 43 23 54 45 25 8 27 11 45 50 20 32 32 13 16 26 52 9 20 34 17 52 30 13 31 28 42 19 6 54 28 21 71 36 15 7 49
38 36 22 0 19 38 17 37 50 28 5 23 13 33 27 58 41 39 3 15 30 14 30 10 27 5 18 49 16 11 13 21 23 6 29 23 54 64 28 18 37 43
23 27 22 35 0 33 18 15 8 11 37 20 21 36 14 37 33 28 38 26 9 21 24 18 12 29 3 40 55 24 5 14 5 25 41 20 48 29 14 35 50 16
79 11 52 62 26 0 13 62 24 29 29 12 66 4 49 15 7 24 33 30 25 27 42 37 35 32 19 11 58 23 21 59 25 43 5 16 8 31 41 25 29 39
41 12 24 33 9 16 0 33 10 7 14 10 42 32 13 23 22 19 15 15 3 26 21 12 7 12 23 23 44 25 8 39 8 22 24 7 28 30 8 10 31 16
11 32 26 25 20 44 27 0 30 31 25 36 55 67 1 59 42 60 15 7 27 3 45 18 14 19 20 56 33 15 10 8 11 31 63 38 31 39 24 45 24 7
25 28 55 35 16 15 17 33 0 7 32 14 63 25 21 40 6 19 30 27 5 32 48 30 10 17 15 27 26 21 8 44 19 24 19 18 13 16 15 12 29 35
28 28 30 27 10 25 11 28 5 0 38 21 22 13 23 28 11 32 15 13 4 34 21 23 4 37 16 31 35 16 6 25 10 29 35 11 18 14 7 19 26 28
27 33 8 6 38 31 29 26 46 25 0 15 5 30 28 39 42 37 5 27 32 36 21 6 30 8 45 37 14 7 34 30 37 1 20 14 45 48 17 10 28 19
39 10 21 26 18 14 20 19 18 20 17 0 36 12 33 7 5 13 27 27 24 26 36 28 18 34 23 3 52 44 15 29 30 29 14 6 11 20 12 8 15 61
44 31 11 14 23 47 24 46 26 29 12 53 0 57 42 33 35 27 9 18 33 41 18 13 28 20 41 57 1 18 18 51 45 8 31 32 55 64 15 14 16 47
64 9 36 45 23 4 35 46 21 32 22 8 38 0 44 10 11 8 55 62 21 60 32 29 28 25 23 8 41 39 37 37 27 52 4 27 2 14 43 18 23 43
9 44 25 18 13 33 18 3 29 24 28 46 28 44 0 66 25 29 21 18 23 9 64 22 26 31 21 52 53 26 26 7 13 33 26 23 66 31 19 45 58 12
55 9 23 28 34 11 15 68 30 17 20 12 29 9 29 0 22 13 39 37 35 37 26 30 15 48 56 4 22 31 21 51 29 39 3 28 7 26 39 17 17 71
54 9 39 50 22 10 11 23 16 14 38 4 27 6 52 21 0 15 47 26 16 34 43 12 16 53 29 13 56 35 11 63 18 47 9 12 9 15 25 24 26 55
59 3 19 23 19 10 22 56 32 29 15 7 23 12 35 5 18 0 17 20 21 26 9 17 32 22 25 7 20 20 30 47 25 38 13 9 8 45 35 15 13 39
18 27 12 4 41 25 20 19 33 26 3 40 9 51 32 54 35 37 0 15 32 30 16 13 27 9 28 20 6 11 33 44 13 7 26 14 52 52 16 16 33 32
11 20 21 9 21 38 20 16 23 12 17 32 35 54 7 65 36 46 24 0 14 6 36 19 22 7 31 35 27 9 14 19 14 27 55 25 38 51 11 23 27 19
15 26 26 34 9 22 4 16 12 5 28 11 23 26 22 27 20 28 13 13 0 22 38 11 1 12 14 12 26 16 1 14 12 28 19 11 23 15 9 15 33 28
11 34 19 24 11 23 24 3 15 24 25 25 30 39 9 69 48 31 35 7 22 0 23 27 27 10 11 48 25 19 14 10 8 23 71 15 64 23 16 37 23 5
54 19 5 20 28 41 35 52 29 42 8 34 24 34 38 14 29 12 21 47 20 51 0 22 23 32 36 18 19 25 19 53 20 8 35 14 41 54 41 12 5 48
27 27 13 15 24 29 9 24 29 14 13 30 20 43 29 19 25 31 11 20 13 25 17 0 14 14 18 35 28 6 16 18 11 10 50 12 36 45 8 5 18 43
29 11 31 28 5 29 6 20 9 3 15 18 37 17 15 37 17 36 26 19 1 18 28 11 0 13 7 13 25 20 2 26 8 21 18 6 21 16 10 24 31 22
32 41 19 6 31 46 30 30 34 41 18 22 10 45 25 31 25 26 7 11 21 25 25 14 23 0 24 38 25 6 31 26 25 15 40 32 56 67 10 13 38 21
30 48 54 21 3 40 17 16 6 10 45 27 28 26 23 36 27 48 28 25 12 12 44 22 13 31 0 21 32 18 11 17 12 36 28 16 38 17 12 34 31 21
30 10 36 23 24 12 14 27 25 16 17 8 44 10 60 6 13 5 31 55 24 48 15 15 13 38 46 0 20 39 17 72 48 40 8 9 3 17 36 16 13 46
30 49 12 10 32 29 28 51 41 22 12 32 1 34 36 47 57 29 8 19 53 36 29 27 54 14 42 43 0 20 18 34 47 8 40 31 23 38 35 21 17 59
11 42 21 8 20 35 20 15 25 29 19 40 21 58 28 42 31 28 6 9 24 20 18 13 27 3 20 23 20 0 18 29 17 13 36 23 56 67 8 22 44 30
26 22 26 37 5 34 3 22 8 6 23 20 37 33 18 22 10 20 31 19 1 25 18 10 2 13 12 28 32 23 0 28 8 21 25 9 38 29 9 19 28 31
1 56 40 20 19 30 22 4 36 43 50 35 40 32 8 72 33 58 32 18 21 9 25 22 22 29 21 60 49 23 26 0 14 31 38 48 71 34 12 46 52 1
14 24 48 25 3 23 10 12 22 12 19 40 53 35 14 22 37 28 23 14 10 7 35 24 6 15 5 24 21 13 10 10 0 18 25 12 32 22 11 23 52 15
51 21 11 5 29 25 21 22 18 26 1 40 5 28 35 24 38 37 8 21 18 27 10 10 22 19 35 40 11 22 30 52 26 0 34 11 30 66 25 18 19 33
45 10 26 65 41 6 31 42 35 15 57 14 45 3 61 8 15 17 45 23 39 36 39 33 41 30 55 9 64 33 27 54 45 23 0 28 6 36 33 18 21 47
18 16 21 27 24 16 6 30 11 7 11 12 36 28 32 22 8 12 26 31 11 25 14 13 8 18 31 11 25 21 14 31 27 23 17 0 24 28 11 8 18 49
37 9 18 52 41 8 16 44 20 32 47 10 49 3 42 3 5 17 31 62 18 25 23 24 26 24 44 5 33 30 32 33 24 25 2 27 0 18 26 12 31 41
24 50 44 33 14 25 21 25 20 29 74 19 78 28 35 25 29 31 72 44 13 56 46 48 30 68 27 31 57 43 33 60 36 42 19 23 24 0 45 47 58 67
28 33 27 24 15 40 5 11 19 8 20 29 31 29 22 39 13 28 15 18 8 14 33 7 5 24 16 20 33 9 3 25 10 15 20 8 31 20 0 15 26 14
40 6 8 21 26 19 11 19 12 26 11 16 18 36 50 18 10 7 20 30 11 23 7 10 25 27 43 17 20 19 15 31 22 14 23 6 26 25 10 0 9 27
36 12 15 34 26 22 33 36 36 20 12 19 31 16 63 12 34 10 19 36 40 64 4 12 32 29 60 19 26 37 18 42 46 12 17 18 21 30 38 15 0 41
0 50 43 32 12 39 34 8 21 36 43 50 56 63 5 33 25 28 45 8 19 11 50 31 30 29 15 40 34 31 23 1 15 42 72 22 31 42 25 31 47 0