7
40
,
0 (34.0, 33.0) 38.0
1 (42.0, 12.0) 65.0
2 (29.0, 3.0) 75.0
3 (6.0, 20.0) 73.0
4 (25.0, 47.0) 62.0
5 (19.0, 23.0) 51.0
6 (3.0, 7.0) 71.0
7 (11.0, 32.0) 79.0
8 (13.0, 28.0) 82.0
9 (35.0, 9.0) 65.0
10 (26.0, 36.0) 88.0
11 (41.0, 2.0) 64.0
12 (28.0, 46.0) 36.0
13 (1.0, 8.0) 74.0
14 (35.0, 44.0) 44.0
15 (21.0, 38.0) 66.0
16 (37.0, 34.0) 55.0
17 (31.0, 7.0) 45.0
18 (15.0, 5.0) 38.0
19 (14.0, 24.0) 61.0
20 (7.0, 5.0) 62.0
21 (44.0, 20.0) 54.0
22 (25.0, 15.0) 64.0
23 (14.0, 25.0) 32.0
24 (24.0, 3.0) 40.0
25 (3.0, 24.0) 64.0
26 (31.0, 39.0) 52.0
27 (41.0, 1.0) 57.0
28 (21.0, 6.0) 31.0
29 (13.0, 23.0) 33.0
30 (1.0, 1.0) 31.0
31 (8.0, 16.0) 49.0
32 (36.0, 8.0) 47.0
33 (31.0, 48.0) 56.0
34 (25.0, 25.0) 74.0
35 (30.0, 44.0) 78.0
36 (1.0, 46.0) 41.0
37 (16.0, 18.0) 43.0
38 (32.0, 22.0) 78.0
39 (45.0, 25.0) 89.0
,
0 24 22 15 10 27 15 4 17 15 18 22 21 27 4 28 22 25 16 8 14 4 24 15 14 12 12 25 21 11 13 1 9 18 29 18 27 23 12 19 26 0
24 0 11 15 15 8 9 20 12 11 12 4 16 7 21 6 7 2 13 17 11 19 8 10 11 16 16 3 16 15 12 23 16 13 8 6 6 18 12 6 7 24
22 11 0 8 18 19 13 20 18 17 4 14 5 18 21 16 17 11 6 14 15 18 4 9 15 10 20 15 6 11 16 21 17 4 19 11 17 27 13 7 7 22
15 15 8 0 14 22 11 13 17 15 4 17 6 22 14 21 18 16 2 7 13 11 11 6 13 2 17 18 6 4 13 14 12 4 23 11 21 26 10 10 14 15
10 15 18 14 0 17 7 7 6 5 16 13 20 17 6 19 12 17 14 9 4 8 19 10 5 12 2 16 20 10 4 10 2 16 19 10 17 13 5 13 20 10
27 8 19 22 17 0 12 23 10 11 20 6 24 2 23 5 5 9 20 22 13 23 17 16 12 22 16 5 24 21 13 26 18 20 3 11 3 12 15 13 15 27
15 9 13 11 7 12 0 11 6 4 11 7 15 12 12 13 8 11 10 9 3 11 13 5 3 10 8 10 16 9 3 14 7 11 14 3 12 15 3 7 13 15
4 20 20 13 7 23 11 0 13 12 16 19 19 23 1 24 18 22 14 6 10 2 22 12 11 11 8 21 19 9 9 3 5 17 25 14 23 20 9 16 23 4
17 12 18 17 6 10 6 13 0 2 17 8 21 11 13 13 6 13 16 14 4 14 18 11 4 16 6 11 22 14 5 16 8 17 13 8 11 9 7 12 17 17
15 11 17 15 5 11 4 12 2 0 15 8 19 12 12 14 6 12 14 12 2 12 16 9 2 14 5 11 19 12 2 15 6 15 13 6 12 11 5 10 16 15
18 12 4 4 16 20 11 16 17 15 0 14 5 19 17 18 16 13 2 10 13 14 7 6 13 6 18 15 5 7 13 17 14 1 20 9 18 25 11 7 9 18
22 4 14 17 13 6 7 19 8 8 14 0 19 5 19 6 3 6 15 16 8 18 12 11 8 17 13 3 19 15 9 22 13 15 6 6 4 13 10 8 11 22
21 16 5 6 20 24 15 19 21 19 5 19 0 23 20 21 21 16 6 13 17 17 9 10 18 9 22 19 0 10 18 20 18 4 24 14 22 30 15 11 12 21
27 7 18 22 17 2 12 23 11 12 19 5 23 0 23 4 5 8 20 22 13 23 15 16 13 22 17 4 23 20 14 26 18 19 2 11 1 14 15 12 14 27
4 21 21 14 6 23 12 1 13 12 17 19 20 23 0 25 18 22 15 7 10 3 22 12 11 12 8 22 20 10 10 4 5 18 25 15 23 19 9 17 24 4
28 6 16 21 19 5 13 24 13 14 18 6 21 4 25 0 8 5 19 22 14 24 13 15 14 21 19 3 22 20 15 27 19 18 3 11 2 17 16 11 11 28
22 7 17 18 12 5 8 18 6 6 16 3 21 5 18 8 0 8 16 17 8 18 15 12 7 18 11 5 21 16 8 21 13 17 7 7 5 11 10 10 14 22
25 2 11 16 17 9 11 22 13 12 13 6 16 8 22 5 8 0 14 18 13 21 8 11 12 17 18 4 17 16 13 24 17 13 8 8 6 19 13 6 6 25
16 13 6 2 14 20 10 14 16 14 2 15 6 20 15 19 16 14 0 8 12 12 9 5 12 4 16 16 6 5 12 15 12 3 20 9 19 25 9 8 11 16
8 17 14 7 9 22 9 6 14 12 10 16 13 22 7 22 17 18 8 0 10 4 16 7 10 5 11 19 13 3 9 7 7 11 23 11 21 22 7 12 18 8
14 11 15 13 4 13 3 10 4 2 13 8 17 13 10 14 8 13 12 10 0 10 15 7 0 12 6 11 18 10 1 13 5 14 15 6 13 13 3 9 16 14
4 19 18 11 8 23 11 2 14 12 14 18 17 23 3 24 18 21 12 4 10 0 20 10 11 9 10 21 17 7 9 4 6 15 25 13 23 21 8 15 21 4
24 8 4 11 19 17 13 22 18 16 7 12 9 15 22 13 15 8 9 16 15 20 0 10 15 13 21 12 10 13 16 24 18 7 15 10 14 25 14 6 3 24
15 10 9 6 10 16 5 12 11 9 6 11 10 16 12 15 12 11 5 7 7 10 10 0 7 6 12 12 11 5 7 14 9 7 17 5 15 20 5 5 11 15
14 11 15 13 5 12 3 11 4 2 13 8 18 13 11 14 7 12 12 10 0 11 15 7 0 12 6 11 18 10 1 14 5 14 14 6 12 12 4 9 16 14
12 16 10 2 12 22 10 11 16 14 6 17 9 22 12 21 18 17 4 5 12 9 13 6 12 0 15 18 9 2 11 12 10 6 23 11 21 24 8 10 15 12
12 16 20 17 2 16 8 8 6 5 18 13 22 17 8 19 11 18 16 11 6 10 21 12 6 15 0 16 22 13 5 12 5 18 18 11 17 11 7 15 21 12
25 3 15 18 16 5 10 21 11 11 15 3 19 4 22 3 5 4 16 19 11 21 12 12 11 18 16 0 20 17 12 24 16 16 4 8 3 15 13 9 10 25
21 16 6 6 20 24 16 19 22 19 5 19 0 23 20 22 21 17 6 13 18 17 10 11 18 9 22 20 0 10 18 20 18 4 24 14 22 30 15 11 12 21
11 15 11 4 10 21 9 9 14 12 7 15 10 20 10 20 16 16 5 3 10 7 13 5 10 2 13 17 10 0 9 10 8 8 22 10 20 22 6 10 15 11
13 12 16 13 4 13 3 9 5 2 13 9 18 14 10 15 8 13 12 9 1 9 16 7 1 11 5 12 18 9 0 13 4 14 15 6 14 13 3 10 16 13
1 23 21 14 10 26 14 3 16 15 17 22 20 26 4 27 21 24 15 7 13 4 24 14 14 12 12 24 20 10 13 0 8 18 28 17 26 22 11 19 25 1
9 16 17 12 2 18 7 5 8 6 14 13 18 18 5 19 13 17 12 7 5 6 18 9 5 10 5 16 18 8 4 8 0 15 20 10 18 15 4 12 19 9
18 13 4 4 16 20 11 17 17 15 1 15 4 19 18 18 17 13 3 11 14 15 7 7 14 6 18 16 4 8 14 18 15 0 20 10 18 26 11 7 10 18
29 8 19 23 19 3 14 25 13 13 20 6 24 2 25 3 7 8 20 23 15 25 15 17 14 23 18 4 24 22 15 28 20 20 0 12 2 15 17 13 13 29
18 6 11 11 10 11 3 14 8 6 9 6 14 11 15 11 7 8 9 11 6 13 10 5 6 11 11 8 14 10 6 17 10 10 12 0 10 16 6 4 10 18
27 6 17 21 17 3 12 23 11 12 18 4 22 1 23 2 5 6 19 21 13 23 14 15 12 21 17 3 22 20 14 26 18 18 2 10 0 15 15 11 12 27
23 18 27 26 13 12 15 20 9 11 25 13 30 14 19 17 11 19 25 22 13 21 25 20 12 24 11 15 30 22 13 22 15 26 15 16 15 0 16 20 24 23
12 12 13 10 5 15 3 9 7 5 11 10 15 15 9 16 10 13 9 7 3 8 14 5 4 8 7 13 15 6 3 11 4 11 17 6 15 16 0 8 15 12
19 6 7 10 13 13 7 16 12 10 7 8 11 12 17 11 10 6 8 12 9 15 6 5 9 10 15 9 11 10 10 19 12 7 13 4 11 20 8 0 7 19
26 7 7 14 20 15 13 23 17 16 9 11 12 14 24 11 14 6 11 18 16 21 3 11 16 15 21 10 12 15 16 25 19 10 13 10 12 24 15 7 0 26
0 24 22 15 10 27 15 4 17 15 18 22 21 27 4 28 22 25 16 8 14 4 24 15 14 12 12 25 21 11 13 1 9 18 29 18 27 23 12 19 26 0
,
0 29 55 28 23 53 40 10 35 19 50 24 36 57 10 61 59 57 21 9 16 8 50 37 30 29 16 72 30 29 24 1 15 28 60 24 66 52 13 35 43 0
60 0 19 32 19 16 20 49 19 12 20 11 37 8 48 16 18 4 19 40 25 27 13 14 25 17 39 10 41 16 16 30 24 31 22 17 15 35 19 8 13 61
50 12 0 14 22 32 37 51 41 28 8 35 14 41 47 44 43 19 16 18 23 30 4 18 46 20 38 18 12 30 35 46 18 10 46 30 51 72 38 9 14 48
17 36 12 0 38 52 25 24 46 35 6 48 14 30 42 27 31 18 5 20 15 16 26 8 34 5 38 32 8 13 24 31 28 9 60 24 31 67 23 16 24 21
19 44 50 35 0 48 8 14 17 13 18 29 52 22 16 34 32 22 30 24 6 22 33 10 6 31 4 33 36 14 8 19 3 19 30 26 24 31 10 17 38 11
64 16 30 58 27 0 19 33 28 19 22 8 28 4 65 8 13 20 46 46 17 23 38 24 30 22 23 13 33 51 22 30 50 58 9 21 4 14 20 20 41 79
30 11 25 22 11 28 0 17 10 7 29 11 28 29 28 36 18 13 25 13 8 27 26 14 7 30 24 24 20 18 8 25 14 31 18 6 21 21 5 13 25 25
4 34 51 18 10 30 24 0 22 29 21 34 56 28 2 32 29 24 19 15 14 3 25 32 11 15 18 50 47 11 21 9 14 21 50 36 58 55 15 27 48 10
43 18 47 19 16 28 10 32 0 3 36 11 56 28 19 35 13 34 21 14 5 18 43 15 8 21 16 14 53 21 12 37 10 35 19 21 21 11 13 22 35 22
36 13 20 33 12 31 7 23 3 0 38 12 32 28 24 26 11 34 30 23 3 28 37 13 3 26 6 30 54 31 7 31 16 43 17 7 25 13 9 27 33 44
38 23 8 8 22 41 16 17 45 31 0 40 6 38 18 22 39 24 3 23 31 31 13 6 23 8 23 15 5 9 35 52 38 2 26 12 41 71 23 7 16 31
59 9 29 41 19 16 13 36 15 15 28 0 50 7 38 7 7 13 37 22 9 32 29 12 11 44 14 4 41 40 25 50 33 27 18 6 7 29 31 13 24 54
58 27 10 7 53 39 27 41 23 22 10 51 0 32 59 55 44 25 15 32 20 48 12 13 27 9 47 37 1 15 29 60 53 11 30 18 62 70 37 20 23 61
54 20 54 40 18 3 32 62 23 28 54 7 63 0 61 5 11 11 46 60 34 49 30 43 27 44 34 11 41 39 16 78 38 23 3 28 2 40 16 19 19 52
7 33 37 36 7 37 26 3 25 16 27 25 54 34 0 65 47 31 37 8 31 10 48 37 32 27 15 22 23 20 11 5 13 32 46 33 39 23 9 29 54 8
36 10 27 24 48 15 27 50 15 33 21 8 39 8 68 0 14 15 25 61 28 35 23 19 31 46 39 3 65 60 36 52 33 23 8 31 6 44 20 29 18 75
33 13 23 44 17 5 15 34 15 18 32 7 39 7 51 20 0 18 35 18 11 44 41 13 11 38 29 9 28 34 15 41 19 45 12 10 8 16 24 18 41 60
67 2 29 24 23 10 17 25 24 19 31 16 17 17 63 10 24 0 41 23 24 26 17 23 21 44 39 8 39 38 26 71 31 19 22 17 13 54 27 18 9 64
47 16 15 3 31 41 19 28 20 24 5 44 16 55 37 19 31 27 0 16 32 16 12 7 18 11 33 29 17 6 22 29 16 8 49 28 31 60 26 17 30 47
17 50 27 16 18 60 21 8 39 31 11 24 31 44 18 35 50 30 23 0 27 6 43 16 29 9 26 49 22 4 9 17 16 20 53 30 47 39 10 22 54 8
29 26 40 34 9 24 7 30 10 5 26 16 34 16 18 15 13 26 33 24 0 20 37 14 1 17 15 18 50 28 1 20 8 36 21 11 30 22 6 13 21 24
11 31 22 21 10 32 16 5 14 12 42 48 20 26 4 30 41 61 13 10 20 0 45 15 26 11 23 58 44 8 24 9 10 34 39 34 51 57 22 37 44 13
57 16 10 23 43 36 15 39 31 16 10 34 25 27 32 23 17 23 9 46 39 46 0 15 37 36 61 17 18 26 36 28 38 12 33 13 26 32 38 11 5 49
34 24 26 14 16 40 15 27 22 17 8 18 24 45 15 26 15 23 11 7 17 27 16 0 10 13 28 33 24 10 15 41 9 12 18 11 30 52 11 10 19 43
22 22 45 35 7 25 4 16 5 2 21 12 41 32 17 37 15 17 18 22 1 26 45 8 0 25 16 27 20 25 2 16 11 15 39 12 26 15 6 26 45 22
20 16 17 4 20 30 30 32 18 19 10 45 19 60 20 36 42 45 5 8 25 13 25 13 24 0 32 21 25 4 30 31 26 7 32 23 24 64 24 29 26 25
36 34 48 23 7 47 15 11 15 11 46 37 47 33 9 26 28 48 49 16 11 28 45 21 10 37 0 37 26 31 8 13 12 24 33 30 22 13 13 26 62 25
67 9 31 38 25 11 16 59 24 19 44 5 56 5 46 7 10 4 29 25 30 32 33 23 23 37 22 0 34 37 23 57 19 20 8 16 3 19 18 24 16 59
54 47 13 11 48 69 38 20 58 20 13 33 1 66 29 27 29 40 7 26 50 17 22 13 22 17 30 44 0 14 28 22 35 12 43 40 26 61 42 16 20 36
12 43 14 11 21 31 10 13 33 28 17 33 14 25 10 48 29 31 13 8 21 13 30 7 11 6 17 51 16 0 24 19 20 20 30 11 55 56 18 17 27 32
29 16 36 20 8 27 6 20 12 5 38 20 24 35 14 20 13 39 16 22 2 23 35 20 3 25 5 22 29 13 0 24 9 22 38 13 34 28 6 16 24 18
2 49 56 20 13 36 37 5 39 24 36 40 44 75 10 51 31 54 23 8 24 7 32 32 39 12 13 25 28 24 22 0 23 38 55 19 73 39 29 19 62 2
22 40 47 31 3 33 18 8 12 11 21 27 49 31 13 36 16 20 21 18 15 11 30 13 8 25 14 35 25 16 5 22 0 16 45 18 41 22 4 30 54 20
35 13 10 10 30 54 31 36 46 36 1 41 11 53 43 28 33 16 3 18 23 23 9 9 31 7 26 32 10 8 29 53 40 0 54 17 25 48 15 18 12 36
81 23 24 34 19 4 24 62 27 35 56 8 36 2 71 6 20 9 22 25 15 53 38 22 33 31 24 9 64 64 38 43 46 55 0 14 6 18 38 35 37 81
38 13 29 15 14 21 7 41 16 13 23 7 42 12 16 31 7 10 23 28 11 20 24 7 10 19 21 9 33 19 17 34 21 27 14 0 27 36 7 6 24 27
47 14 23 30 51 9 35 24 26 33 53 11 33 2 36 7 12 16 19 42 19 36 37 17 36 50 19 3 49 40 32 50 40 41 5 15 0 17 33 17 21 36
31 34 69 49 38 31 30 20 22 26 65 40 40 26 21 17 16 48 33 48 29 51 57 55 29 67 14 42 35 26 21 59 32 36 27 26 29 0 25 40 62 34
34 33 26 22 7 31 9 25 13 8 26 25 31 37 10 42 29 21 27 15 9 20 42 9 8 24 21 34 44 15 5 31 9 30 50 15 17 18 0 16 32 14
33 7 14 19 34 16 12 37 35 15 15 16 28 18 51 20 18 12 22 13 11 28 7 8 24 25 43 16 25 11 16 23 32 18 15 9 31 43 22 0 14 36
74 10 13 33 56 32 23 60 28 29 27 12 33 19 37 26 36 13 23 28 45 43 3 28 33 23 29 25 28 25 22 65 47 20 26 26 21 69 40 7 0 43
0 58 61 27 14 73 23 9 19 35 26 29 55 35 10 50 36 28 23 11 29 7 55 22 18 24 20 50 26 31 18 1 17 31 32 44 69 37 31 48 75 0