7
40
,
0 (34.0, 33.0) 77.0
1 (42.0, 12.0) 32.0
2 (29.0, 3.0) 31.0
3 (6.0, 20.0) 66.0
4 (25.0, 47.0) 41.0
5 (19.0, 23.0) 80.0
6 (3.0, 7.0) 40.0
7 (11.0, 32.0) 70.0
8 (13.0, 28.0) 83.0
9 (35.0, 9.0) 86.0
10 (26.0, 36.0) 39.0
11 (41.0, 2.0) 45.0
12 (28.0, 46.0) 45.0
13 (1.0, 8.0) 31.0
14 (35.0, 44.0) 51.0
15 (21.0, 38.0) 79.0
16 (37.0, 34.0) 59.0
17 (31.0, 7.0) 46.0
18 (15.0, 5.0) 51.0
19 (14.0, 24.0) 36.0
20 (7.0, 5.0) 51.0
21 (44.0, 20.0) 35.0
22 (25.0, 15.0) 39.0
23 (14.0, 25.0) 77.0
24 (24.0, 3.0) 30.0
25 (3.0, 24.0) 43.0
26 (31.0, 39.0) 48.0
27 (41.0, 1.0) 37.0
28 (21.0, 6.0) 66.0
29 (13.0, 23.0) 36.0
30 (1.0, 1.0) 46.0
31 (8.0, 16.0) 77.0
32 (36.0, 8.0) 34.0
33 (31.0, 48.0) 89.0
34 (25.0, 25.0) 30.0
35 (30.0, 44.0) 63.0
36 (1.0, 46.0) 46.0
37 (16.0, 18.0) 82.0
38 (32.0, 22.0) 80.0
39 (45.0, 25.0) 51.0
,
0 24 22 15 10 27 15 4 17 15 18 22 21 27 4 28 22 25 16 8 14 4 24 15 14 12 12 25 21 11 13 1 9 18 29 18 27 23 12 19 26 0
24 0 11 15 15 8 9 20 12 11 12 4 16 7 21 6 7 2 13 17 11 19 8 10 11 16 16 3 16 15 12 23 16 13 8 6 6 18 12 6 7 24
22 11 0 8 18 19 13 20 18 17 4 14 5 18 21 16 17 11 6 14 15 18 4 9 15 10 20 15 6 11 16 21 17 4 19 11 17 27 13 7 7 22
15 15 8 0 14 22 11 13 17 15 4 17 6 22 14 21 18 16 2 7 13 11 11 6 13 2 17 18 6 4 13 14 12 4 23 11 21 26 10 10 14 15
10 15 18 14 0 17 7 7 6 5 16 13 20 17 6 19 12 17 14 9 4 8 19 10 5 12 2 16 20 10 4 10 2 16 19 10 17 13 5 13 20 10
27 8 19 22 17 0 12 23 10 11 20 6 24 2 23 5 5 9 20 22 13 23 17 16 12 22 16 5 24 21 13 26 18 20 3 11 3 12 15 13 15 27
15 9 13 11 7 12 0 11 6 4 11 7 15 12 12 13 8 11 10 9 3 11 13 5 3 10 8 10 16 9 3 14 7 11 14 3 12 15 3 7 13 15
4 20 20 13 7 23 11 0 13 12 16 19 19 23 1 24 18 22 14 6 10 2 22 12 11 11 8 21 19 9 9 3 5 17 25 14 23 20 9 16 23 4
17 12 18 17 6 10 6 13 0 2 17 8 21 11 13 13 6 13 16 14 4 14 18 11 4 16 6 11 22 14 5 16 8 17 13 8 11 9 7 12 17 17
15 11 17 15 5 11 4 12 2 0 15 8 19 12 12 14 6 12 14 12 2 12 16 9 2 14 5 11 19 12 2 15 6 15 13 6 12 11 5 10 16 15
18 12 4 4 16 20 11 16 17 15 0 14 5 19 17 18 16 13 2 10 13 14 7 6 13 6 18 15 5 7 13 17 14 1 20 9 18 25 11 7 9 18
22 4 14 17 13 6 7 19 8 8 14 0 19 5 19 6 3 6 15 16 8 18 12 11 8 17 13 3 19 15 9 22 13 15 6 6 4 13 10 8 11 22
21 16 5 6 20 24 15 19 21 19 5 19 0 23 20 21 21 16 6 13 17 17 9 10 18 9 22 19 0 10 18 20 18 4 24 14 22 30 15 11 12 21
27 7 18 22 17 2 12 23 11 12 19 5 23 0 23 4 5 8 20 22 13 23 15 16 13 22 17 4 23 20 14 26 18 19 2 11 1 14 15 12 14 27
4 21 21 14 6 23 12 1 13 12 17 19 20 23 0 25 18 22 15 7 10 3 22 12 11 12 8 22 20 10 10 4 5 18 25 15 23 19 9 17 24 4
28 6 16 21 19 5 13 24 13 14 18 6 21 4 25 0 8 5 19 22 14 24 13 15 14 21 19 3 22 20 15 27 19 18 3 11 2 17 16 11 11 28
22 7 17 18 12 5 8 18 6 6 16 3 21 5 18 8 0 8 16 17 8 18 15 12 7 18 11 5 21 16 8 21 13 17 7 7 5 11 10 10 14 22
25 2 11 16 17 9 11 22 13 12 13 6 16 8 22 5 8 0 14 18 13 21 8 11 12 17 18 4 17 16 13 24 17 13 8 8 6 19 13 6 6 25
16 13 6 2 14 20 10 14 16 14 2 15 6 20 15 19 16 14 0 8 12 12 9 5 12 4 16 16 6 5 12 15 12 3 20 9 19 25 9 8 11 16
8 17 14 7 9 22 9 6 14 12 10 16 13 22 7 22 17 18 8 0 10 4 16 7 10 5 11 19 13 3 9 7 7 11 23 11 21 22 7 12 18 8
14 11 15 13 4 13 3 10 4 2 13 8 17 13 10 14 8 13 12 10 0 10 15 7 0 12 6 11 18 10 1 13 5 14 15 6 13 13 3 9 16 14
4 19 18 11 8 23 11 2 14 12 14 18 17 23 3 24 18 21 12 4 10 0 20 10 11 9 10 21 17 7 9 4 6 15 25 13 23 21 8 15 21 4
24 8 4 11 19 17 13 22 18 16 7 12 9 15 22 13 15 8 9 16 15 20 0 10 15 13 21 12 10 13 16 24 18 7 15 10 14 25 14 6 3 24
15 10 9 6 10 16 5 12 11 9 6 11 10 16 12 15 12 11 5 7 7 10 10 0 7 6 12 12 11 5 7 14 9 7 17 5 15 20 5 5 11 15
14 11 15 13 5 12 3 11 4 2 13 8 18 13 11 14 7 12 12 10 0 11 15 7 0 12 6 11 18 10 1 14 5 14 14 6 12 12 4 9 16 14
12 16 10 2 12 22 10 11 16 14 6 17 9 22 12 21 18 17 4 5 12 9 13 6 12 0 15 18 9 2 11 12 10 6 23 11 21 24 8 10 15 12
12 16 20 17 2 16 8 8 6 5 18 13 22 17 8 19 11 18 16 11 6 10 21 12 6 15 0 16 22 13 5 12 5 18 18 11 17 11 7 15 21 12
25 3 15 18 16 5 10 21 11 11 15 3 19 4 22 3 5 4 16 19 11 21 12 12 11 18 16 0 20 17 12 24 16 16 4 8 3 15 13 9 10 25
21 16 6 6 20 24 16 19 22 19 5 19 0 23 20 22 21 17 6 13 18 17 10 11 18 9 22 20 0 10 18 20 18 4 24 14 22 30 15 11 12 21
11 15 11 4 10 21 9 9 14 12 7 15 10 20 10 20 16 16 5 3 10 7 13 5 10 2 13 17 10 0 9 10 8 8 22 10 20 22 6 10 15 11
13 12 16 13 4 13 3 9 5 2 13 9 18 14 10 15 8 13 12 9 1 9 16 7 1 11 5 12 18 9 0 13 4 14 15 6 14 13 3 10 16 13
1 23 21 14 10 26 14 3 16 15 17 22 20 26 4 27 21 24 15 7 13 4 24 14 14 12 12 24 20 10 13 0 8 18 28 17 26 22 11 19 25 1
9 16 17 12 2 18 7 5 8 6 14 13 18 18 5 19 13 17 12 7 5 6 18 9 5 10 5 16 18 8 4 8 0 15 20 10 18 15 4 12 19 9
18 13 4 4 16 20 11 17 17 15 1 15 4 19 18 18 17 13 3 11 14 15 7 7 14 6 18 16 4 8 14 18 15 0 20 10 18 26 11 7 10 18
29 8 19 23 19 3 14 25 13 13 20 6 24 2 25 3 7 8 20 23 15 25 15 17 14 23 18 4 24 22 15 28 20 20 0 12 2 15 17 13 13 29
18 6 11 11 10 11 3 14 8 6 9 6 14 11 15 11 7 8 9 11 6 13 10 5 6 11 11 8 14 10 6 17 10 10 12 0 10 16 6 4 10 18
27 6 17 21 17 3 12 23 11 12 18 4 22 1 23 2 5 6 19 21 13 23 14 15 12 21 17 3 22 20 14 26 18 18 2 10 0 15 15 11 12 27
23 18 27 26 13 12 15 20 9 11 25 13 30 14 19 17 11 19 25 22 13 21 25 20 12 24 11 15 30 22 13 22 15 26 15 16 15 0 16 20 24 23
12 12 13 10 5 15 3 9 7 5 11 10 15 15 9 16 10 13 9 7 3 8 14 5 4 8 7 13 15 6 3 11 4 11 17 6 15 16 0 8 15 12
19 6 7 10 13 13 7 16 12 10 7 8 11 12 17 11 10 6 8 12 9 15 6 5 9 10 15 9 11 10 10 19 12 7 13 4 11 20 8 0 7 19
26 7 7 14 20 15 13 23 17 16 9 11 12 14 24 11 14 6 11 18 16 21 3 11 16 15 21 10 12 15 16 25 19 10 13 10 12 24 15 7 0 26
0 24 22 15 10 27 15 4 17 15 18 22 21 27 4 28 22 25 16 8 14 4 24 15 14 12 12 25 21 11 13 1 9 18 29 18 27 23 12 19 26 0
,
0 59 44 18 28 59 19 8 28 45 33 29 48 66 8 73 43 42 37 14 28 7 43 35 20 33 36 47 36 25 20 2 20 44 74 23 43 56 34 42 77 0
40 0 21 40 16 11 12 49 20 22 21 8 46 15 33 14 11 3 15 49 27 25 12 22 30 46 27 9 32 38 17 58 20 23 9 17 12 47 35 13 11 44
47 11 0 20 36 42 14 49 22 23 8 41 6 55 33 44 35 14 10 19 21 20 11 12 18 28 23 28 15 27 31 61 30 8 47 12 42 66 29 17 12 56
37 17 14 0 17 33 20 31 35 24 5 23 10 39 31 49 27 20 3 21 35 12 25 13 37 7 23 23 9 5 35 14 25 12 32 22 23 64 21 10 17 37
17 23 27 42 0 22 17 13 19 11 16 23 51 44 15 53 23 18 30 10 12 22 28 14 6 15 3 39 38 17 9 18 2 24 49 14 30 15 11 26 24 22
56 18 36 25 36 0 25 49 17 14 23 6 42 3 28 13 14 11 40 40 33 25 31 30 15 32 23 12 30 21 20 61 30 28 8 32 5 34 38 38 33 58
22 16 36 28 16 33 0 23 14 4 31 9 32 21 17 31 16 28 29 14 6 32 36 12 5 12 17 23 22 16 4 16 11 21 29 8 13 21 3 12 16 37
5 50 58 38 17 58 34 0 17 34 37 26 22 59 2 38 44 35 32 7 29 3 38 24 29 14 12 57 41 20 14 7 15 27 56 27 57 44 18 33 39 5
46 20 53 50 12 24 9 36 0 6 34 10 33 16 17 28 9 38 19 35 11 33 26 16 9 46 13 18 23 20 12 22 10 29 34 12 20 19 8 17 38 43
33 30 21 44 12 13 9 13 6 0 34 10 48 12 28 15 16 19 26 17 6 15 47 15 3 38 10 21 58 31 4 44 19 16 18 18 28 20 10 15 32 37
38 15 5 7 33 56 16 16 18 20 0 27 7 31 37 22 35 15 4 11 27 29 20 8 38 13 32 41 7 21 18 30 25 1 51 13 19 60 24 13 13 31
32 10 22 30 37 14 16 30 14 22 23 0 39 10 36 15 4 9 34 35 12 49 22 15 18 49 24 7 47 16 14 50 25 40 13 9 11 15 23 22 20 56
51 32 11 6 21 65 22 39 41 27 8 35 0 24 47 33 53 38 10 34 28 39 21 21 48 13 62 27 1 27 45 57 51 11 61 34 36 38 30 33 30 30
76 20 48 38 25 4 20 48 22 34 33 5 62 0 45 8 16 8 20 55 25 38 16 40 24 49 33 5 61 27 39 59 32 56 5 30 4 15 37 20 33 76
9 34 60 24 12 26 19 2 22 31 32 50 31 70 0 74 30 44 44 12 25 9 63 24 26 27 12 55 27 29 14 10 6 52 45 27 29 52 26 39 45 11
38 16 40 25 41 6 24 32 23 35 35 7 27 4 71 0 16 12 46 57 27 49 22 42 30 50 23 7 42 55 40 66 28 52 4 25 3 48 45 31 25 64
44 15 26 43 25 14 21 29 10 14 45 7 46 14 51 21 0 15 41 45 18 45 29 32 18 35 24 7 44 21 16 39 27 22 9 11 13 11 25 26 16 42
27 4 30 42 26 12 23 52 38 32 24 14 16 14 61 14 23 0 34 46 30 30 15 31 33 45 23 6 23 48 24 67 41 38 13 18 15 53 39 19 7 68
24 21 10 5 27 38 22 26 27 38 6 44 8 34 41 48 30 33 0 21 23 25 20 8 26 12 42 47 15 6 20 37 14 5 55 27 43 66 10 16 15 21
16 47 41 21 13 41 21 9 25 19 15 25 14 34 17 31 31 22 15 0 15 7 17 9 25 6 12 40 28 3 22 18 9 21 43 21 21 61 9 31 34 18
31 12 31 33 5 29 4 23 12 5 33 16 47 39 27 31 19 30 26 11 0 26 37 15 1 29 16 28 46 14 1 20 11 15 40 12 30 33 5 13 24 34
6 53 52 12 14 64 20 4 16 19 19 19 38 63 6 50 49 49 14 5 13 0 50 19 15 21 26 54 46 18 28 4 7 22 52 37 52 44 20 33 59 12
37 9 11 33 41 36 29 22 45 30 10 23 24 31 60 32 30 21 13 31 41 34 0 27 40 25 54 17 22 26 33 29 20 10 22 22 35 40 36 12 3 59
22 28 13 17 25 30 7 18 25 11 16 17 28 35 37 23 24 15 14 17 18 20 21 0 19 10 29 19 28 13 14 28 16 10 35 13 38 34 13 7 19 31
40 29 35 32 11 23 8 30 6 2 18 20 26 30 30 34 10 35 22 21 1 22 38 15 0 24 6 28 54 15 3 27 14 22 37 8 29 31 10 9 44 33
20 37 11 3 16 53 20 16 39 21 13 40 20 60 12 35 36 50 8 6 33 13 23 16 20 0 19 18 16 5 26 27 11 11 59 22 58 55 18 25 32 30
22 25 23 33 6 45 21 20 16 13 29 33 39 17 12 51 30 29 28 31 16 20 43 15 15 37 0 32 29 25 6 27 10 32 21 28 25 19 17 18 29 31
36 3 24 46 40 7 13 25 28 29 22 5 21 11 64 9 8 5 45 47 24 38 22 32 11 34 42 0 52 24 18 44 29 37 5 19 3 45 23 16 29 72
28 40 11 11 33 57 38 24 33 40 12 36 1 69 43 53 49 19 15 32 37 17 12 19 49 18 65 22 0 17 52 35 52 12 34 30 44 61 44 34 31 35
26 23 18 12 15 36 17 10 17 19 21 30 19 56 12 21 40 21 7 5 27 9 40 8 13 4 35 23 17 0 18 17 14 9 55 13 52 23 17 20 18 25
14 33 23 27 8 29 8 26 13 4 21 12 39 25 10 32 19 25 20 22 1 21 16 7 3 20 12 33 23 24 0 26 9 27 23 10 17 21 3 19 47 29
1 39 39 37 24 71 40 7 20 29 40 46 37 32 4 38 43 32 39 21 21 7 65 22 24 17 13 67 59 30 31 0 9 26 51 36 55 45 13 36 50 2
10 35 46 14 5 26 16 15 23 8 23 14 43 35 16 49 28 36 23 12 6 12 35 11 13 11 9 20 43 13 10 21 0 42 58 27 34 39 9 21 51 20
21 15 10 12 25 32 14 18 17 44 1 25 8 42 21 27 23 18 3 16 27 38 21 10 30 9 36 41 8 8 31 38 33 0 25 27 51 31 15 9 28 46
29 19 56 49 19 3 31 71 30 31 44 14 44 5 37 3 13 10 43 33 30 65 43 49 34 26 25 13 41 28 26 36 35 31 0 29 3 18 44 38 21 69
20 10 31 32 10 32 6 32 17 9 26 6 40 30 29 31 18 9 27 15 11 39 23 14 8 32 13 9 35 20 9 38 13 14 35 0 28 45 7 10 21 19
71 7 20 25 30 7 25 44 23 32 30 12 46 4 68 6 13 15 38 61 30 39 26 30 16 31 48 8 66 41 16 48 23 19 3 15 0 21 33 11 28 79
36 52 53 42 14 16 26 57 25 16 32 37 74 23 49 29 21 39 45 63 23 21 40 49 37 72 15 19 51 63 32 39 29 27 19 47 32 0 26 58 26 58
17 25 32 17 12 28 8 25 7 11 30 25 20 44 25 18 17 17 18 8 3 22 27 8 11 13 19 33 19 17 8 21 11 16 30 9 18 33 0 16 28 31
33 14 21 13 14 23 7 28 35 13 10 11 18 20 19 27 24 12 16 17 14 25 8 10 12 16 24 13 27 23 18 21 26 22 16 7 19 58 19 0 8 43
65 20 10 18 49 24 18 31 30 20 12 20 25 18 55 32 19 13 18 19 32 43 6 18 44 44 31 19 26 26 36 65 56 25 17 25 15 36 44 15 0 61
0 58 51 40 29 34 41 9 41 24 42 31 61 56 10 61 53 43 25 18 15 8 26 41 32 17 13 29 56 30 15 1 17 53 63 28 54 53 19 27 41 0