7
40
,
0 (18.0, 42.0) 12.0
1 (26.0, 26.0) 43.0
2 (31.0, 24.0) 32.0
3 (12.0, 21.0) 16.0
4 (4.0, 22.0) 22.0
5 (0.0, 34.0) 43.0
6 (3.0, 7.0) 14.0
7 (39.0, 48.0) 31.0
8 (9.0, 29.0) 26.0
9 (32.0, 50.0) 20.0
10 (26.0, 47.0) 18.0
11 (44.0, 18.0) 46.0
12 (47.0, 5.0) 49.0
13 (47.0, 46.0) 48.0
14 (4.0, 38.0) 31.0
15 (35.0, 16.0) 13.0
16 (46.0, 30.0) 23.0
17 (45.0, 16.0) 10.0
18 (26.0, 37.0) 50.0
19 (42.0, 35.0) 11.0
20 (44.0, 9.0) 28.0
21 (43.0, 42.0) 13.0
22 (45.0, 5.0) 48.0
23 (6.0, 28.0) 23.0
24 (2.0, 38.0) 14.0
25 (45.0, 38.0) 27.0
26 (14.0, 15.0) 21.0
27 (28.0, 47.0) 48.0
28 (33.0, 21.0) 47.0
29 (31.0, 34.0) 24.0
30 (25.0, 48.0) 28.0
31 (30.0, 20.0) 26.0
32 (44.0, 26.0) 49.0
33 (14.0, 41.0) 26.0
34 (24.0, 17.0) 15.0
35 (28.0, 37.0) 33.0
36 (17.0, 32.0) 38.0
37 (44.0, 22.0) 26.0
38 (17.0, 29.0) 30.0
39 (13.0, 40.0) 35.0
,
0 4 4 4 5 4 8 4 3 3 2 7 9 6 3 6 6 7 2 5 8 5 9 4 3 5 5 2 5 3 2 5 6 1 5 2 2 7 3 1
4 0 1 3 4 5 6 5 3 5 4 4 6 6 5 3 4 4 2 4 5 5 6 4 5 4 3 4 2 2 4 1 4 4 2 2 2 4 2 4
4 1 0 4 5 7 7 5 5 5 5 3 5 5 6 2 3 3 3 3 4 4 5 5 6 4 4 5 1 2 5 1 3 5 2 3 3 3 3 5
4 3 4 0 2 4 3 8 2 7 6 6 8 9 4 5 7 7 4 7 7 7 7 2 4 7 1 6 4 5 6 4 6 4 3 5 2 6 2 4
5 4 5 2 0 3 3 9 2 8 7 8 9 10 3 6 9 8 5 8 8 9 9 1 3 9 2 7 6 6 7 5 8 4 4 6 3 8 3 4
4 5 7 4 3 0 5 8 2 7 6 9 11 10 1 8 9 10 5 8 10 9 11 2 1 9 5 6 7 6 6 7 9 3 6 6 3 9 4 3
8 6 7 3 3 5 0 11 5 10 9 8 9 12 6 7 10 9 8 10 8 11 8 4 6 10 3 9 7 8 9 6 9 7 5 8 6 9 5 7
4 5 5 8 9 8 11 0 7 1 3 6 9 2 7 6 4 7 3 3 8 1 9 8 8 2 8 2 6 3 3 6 5 5 7 3 5 5 6 5
3 3 5 2 2 2 5 7 0 6 5 7 9 8 2 6 7 8 4 7 8 7 9 1 2 7 3 5 5 5 5 5 7 3 4 4 2 7 2 2
3 5 5 7 8 7 10 1 6 0 1 7 9 3 6 7 5 7 3 4 9 3 9 7 6 4 8 1 6 3 1 6 5 4 7 3 5 6 5 4
2 4 5 6 7 6 9 3 5 1 0 7 9 4 5 6 5 7 2 4 8 4 9 6 5 4 7 0 5 3 0 5 6 3 6 2 3 6 4 3
7 4 3 6 8 9 8 6 7 7 7 0 3 6 9 2 2 0 5 3 2 5 3 8 9 4 6 7 2 4 7 3 2 8 4 5 6 1 6 8
9 6 5 8 9 11 9 9 9 9 9 3 0 8 11 3 5 2 8 6 1 7 0 9 11 7 7 9 4 7 10 5 4 10 5 7 8 3 8 10
6 6 5 9 10 10 12 2 8 3 4 6 8 0 9 6 3 6 5 2 7 1 8 9 9 2 9 4 6 4 4 6 4 7 7 4 7 5 7 7
3 5 6 4 3 1 6 7 2 6 5 9 11 9 0 8 9 9 4 8 10 8 11 2 0 8 5 5 7 5 5 6 8 2 6 5 3 9 3 2
6 3 2 5 6 8 7 6 6 7 6 2 3 6 8 0 4 2 5 4 2 5 3 6 8 5 4 6 1 4 7 1 3 7 2 4 5 2 4 7
6 4 3 7 9 9 10 4 7 5 5 2 5 3 9 4 0 3 4 1 4 2 5 8 9 2 7 5 3 3 6 4 1 7 5 4 6 2 6 7
7 4 3 7 8 10 9 7 8 7 7 0 2 6 9 2 3 0 6 4 1 5 2 8 10 4 6 7 3 5 8 3 2 8 4 5 6 1 6 8
2 2 3 4 5 5 8 3 4 3 2 5 8 5 4 5 4 6 0 3 7 4 7 4 5 4 5 2 3 1 2 3 4 3 4 0 2 5 2 3
5 4 3 7 8 8 10 3 7 4 4 3 6 2 8 4 1 4 3 0 5 1 6 7 8 1 7 4 3 2 4 4 2 6 5 3 5 3 5 6
8 5 4 7 8 10 8 8 8 9 8 2 1 7 10 2 4 1 7 5 0 7 1 8 10 6 6 8 3 6 9 4 3 9 4 6 7 3 7 9
5 5 4 7 9 9 11 1 7 3 4 5 7 1 8 5 2 5 4 1 7 0 7 8 8 1 8 3 5 3 4 5 3 6 6 3 6 4 6 6
9 6 5 7 9 11 8 9 9 9 9 3 0 8 11 3 5 2 7 6 1 7 0 9 11 7 7 9 4 6 9 4 4 10 5 7 8 3 7 9
4 4 5 2 1 2 4 8 1 7 6 8 9 9 2 6 8 8 4 7 8 8 9 0 2 8 3 6 6 5 6 5 8 3 4 5 2 8 2 3
3 5 6 4 3 1 6 8 2 6 5 9 11 9 0 8 9 10 5 8 10 8 11 2 0 9 5 6 7 6 5 7 9 2 6 5 3 9 3 2
5 4 4 7 9 9 10 2 7 4 4 4 7 2 8 5 2 4 4 1 6 1 7 8 9 0 8 4 4 3 4 5 2 6 6 3 6 3 6 6
5 3 4 1 2 5 3 8 3 8 7 6 7 9 5 4 7 6 5 7 6 8 7 3 5 8 0 7 4 5 7 3 6 5 2 5 3 6 3 5
2 4 5 6 7 6 9 2 5 1 0 7 9 4 5 6 5 7 2 4 8 3 9 6 6 4 7 0 5 3 1 5 5 3 6 2 4 6 4 3
5 2 1 4 6 7 7 6 5 6 5 2 4 6 7 1 3 3 3 3 3 5 4 6 7 4 4 5 0 3 6 1 2 6 2 3 4 2 4 6
3 2 2 5 6 6 8 3 5 3 3 4 7 4 5 4 3 5 1 2 6 3 6 5 6 3 5 3 3 0 3 3 3 4 4 1 3 4 3 4
2 4 5 6 7 6 9 3 5 1 0 7 10 4 5 7 6 8 2 4 9 4 9 6 5 4 7 1 6 3 0 6 6 3 6 2 4 6 4 3
5 1 1 4 5 7 6 6 5 6 5 3 5 6 6 1 4 3 3 4 4 5 4 5 7 5 3 5 1 3 6 0 3 5 1 3 4 3 3 5
6 4 3 6 8 9 9 5 7 5 6 2 4 4 8 3 1 2 4 2 3 3 4 8 9 2 6 5 2 3 6 3 0 7 4 4 6 1 5 7
1 4 5 4 4 3 7 5 3 4 3 8 10 7 2 7 7 8 3 6 9 6 10 3 2 6 5 3 6 4 3 5 7 0 5 3 2 7 2 0
5 2 2 3 4 6 5 7 4 7 6 4 5 7 6 2 5 4 4 5 4 6 5 4 6 6 2 6 2 4 6 1 4 5 0 4 3 4 3 5
2 2 3 5 6 6 8 3 4 3 2 5 7 4 5 4 4 5 0 3 6 3 7 5 5 3 5 2 3 1 2 3 4 3 4 0 2 4 3 3
2 2 3 2 3 3 6 5 2 5 3 6 8 7 3 5 6 6 2 5 7 6 8 2 3 6 3 4 4 3 4 4 6 2 3 2 0 6 1 2
7 4 3 6 8 9 9 5 7 6 6 1 3 5 9 2 2 1 5 3 3 4 3 8 9 3 6 6 2 4 6 3 1 7 4 4 6 0 6 7
3 2 3 2 3 4 5 6 2 5 4 6 8 7 3 4 6 6 2 5 7 6 7 2 3 6 3 4 4 3 4 3 5 2 3 3 1 6 0 2
1 4 5 4 4 3 7 5 2 4 3 8 10 7 2 7 7 8 3 6 9 6 9 3 2 6 5 3 6 4 3 5 7 0 5 3 2 7 2 0
,
0 25 18 11 31 15 26 23 10 12 13 44 63 20 18 26 45 42 6 29 58 21 25 24 20 21 35 6 19 15 11 13 44 3 30 10 12 29 18 5
18 0 3 12 27 17 36 34 14 29 13 28 38 21 35 20 11 27 9 26 36 35 15 22 19 23 17 31 12 13 11 9 20 19 11 7 8 15 9 24
30 4 0 28 15 17 30 17 23 28 25 11 31 24 16 5 23 10 16 14 12 19 31 30 34 26 22 29 5 13 13 3 18 18 15 19 20 15 19 13
14 16 15 0 4 21 15 31 5 41 43 20 38 56 20 19 49 27 11 22 30 23 36 8 29 39 8 43 12 32 24 25 25 13 8 31 17 36 7 17
28 28 22 12 0 10 13 23 5 35 25 36 54 31 22 34 41 47 26 42 40 44 33 7 15 30 12 51 20 30 44 27 55 17 13 32 24 57 8 30
21 19 39 18 15 0 39 48 9 38 29 31 62 28 8 39 55 33 20 50 31 57 47 11 5 47 13 46 48 20 31 48 31 21 15 38 17 35 15 21
45 17 37 14 17 23 0 44 25 72 40 52 55 57 37 39 51 46 56 41 41 50 46 15 21 49 12 46 21 27 70 30 45 29 35 45 31 44 25 47
16 35 32 23 23 57 36 0 49 5 18 33 65 4 33 27 28 21 14 17 50 10 45 57 27 13 23 14 35 21 11 28 16 28 44 18 41 25 19 29
24 22 18 7 7 12 28 20 0 19 23 42 42 56 11 43 51 21 20 41 45 27 25 2 15 31 11 14 36 16 37 26 39 9 22 29 6 47 12 11
10 20 19 18 34 32 72 8 45 0 8 37 29 9 18 18 13 51 10 18 43 12 57 29 35 22 40 5 33 22 10 29 25 29 41 10 27 16 25 19
12 11 32 38 22 22 60 13 33 6 0 21 52 21 28 38 20 42 12 13 32 20 49 28 24 19 20 1 25 15 1 35 27 7 18 7 18 42 22 18
19 21 16 35 41 62 59 33 28 39 23 0 11 21 23 10 7 3 21 19 6 16 18 42 48 22 33 25 14 21 34 14 11 34 21 26 35 3 15 34
41 28 37 44 56 53 36 38 37 32 53 12 0 40 59 23 24 15 38 24 4 22 2 33 59 44 23 52 12 45 66 12 31 43 21 50 22 10 23 48
21 32 14 36 40 32 37 11 27 10 14 30 40 0 40 19 17 27 12 11 27 3 31 30 45 8 63 11 26 27 19 44 13 22 22 27 29 29 27 46
10 32 26 14 20 7 21 35 7 29 25 33 71 64 0 46 62 43 28 40 42 48 37 8 2 46 29 27 36 31 20 39 44 7 35 28 18 49 9 10
41 17 12 25 29 31 37 42 19 46 44 10 23 25 30 0 13 14 26 21 8 36 13 37 24 25 23 34 5 27 50 9 13 45 10 22 28 7 12 48
43 28 15 19 63 67 28 24 39 23 35 18 17 24 40 16 0 7 21 6 30 8 23 35 28 10 19 22 18 17 21 17 5 25 14 24 23 5 42 30
26 13 9 48 49 46 55 46 54 32 36 2 17 24 69 10 17 0 27 22 8 27 10 50 66 22 38 49 17 26 42 11 11 32 15 32 42 7 34 23
11 7 9 25 16 28 36 11 10 15 6 38 57 31 16 25 19 27 0 14 29 12 52 19 19 22 21 6 25 4 11 9 26 14 12 1 15 18 12 17
21 17 15 48 50 52 51 11 41 23 20 24 29 18 33 22 10 18 22 0 34 9 16 54 28 5 47 15 21 12 27 20 13 41 30 18 38 13 21 32
44 30 10 35 42 30 40 20 28 56 28 8 3 45 35 10 14 4 49 17 0 27 6 33 29 22 19 56 17 24 46 13 15 62 20 28 42 16 42 43
26 31 15 35 39 26 37 6 54 14 22 32 47 6 46 26 10 35 15 8 31 0 33 39 23 3 38 14 19 9 21 18 10 34 28 20 35 23 18 39
33 42 22 41 46 53 62 59 38 65 45 15 3 59 47 10 18 10 31 32 5 52 0 63 61 29 34 52 26 43 34 12 12 43 14 20 51 10 43 57
21 26 20 9 8 10 26 23 3 43 30 35 25 60 9 46 48 22 12 51 59 28 53 0 16 50 20 22 36 21 39 21 22 16 27 22 17 31 11 21
12 23 25 11 12 6 30 32 11 41 33 56 61 63 2 28 24 70 16 56 41 51 32 10 0 25 21 34 43 23 31 34 59 13 40 36 14 61 11 8
26 14 24 25 42 36 70 14 39 13 29 28 19 4 39 19 11 27 27 4 42 4 43 53 64 0 25 13 20 14 29 22 15 36 33 23 30 14 39 17
14 14 15 7 12 12 19 27 20 27 34 32 42 42 27 17 42 39 37 52 25 28 44 17 34 39 0 39 19 16 52 17 37 27 8 25 10 19 12 33
10 12 16 43 30 28 57 6 30 4 3 26 36 28 28 27 30 19 10 21 21 12 47 39 25 22 21 0 20 7 4 15 25 16 30 6 25 21 18 10
30 12 3 20 43 36 49 21 35 26 27 7 12 30 45 8 18 19 16 18 15 29 24 35 47 24 27 13 0 19 17 2 15 30 13 21 24 10 18 20
18 12 12 18 40 25 40 11 23 22 12 19 17 17 26 12 21 28 8 7 33 19 38 15 35 21 26 15 19 0 8 16 14 12 20 3 13 14 14 16
13 18 32 32 22 15 41 14 20 8 2 47 28 23 13 49 34 37 6 15 47 11 35 21 30 26 25 2 24 19 0 28 26 7 39 10 17 27 27 15
24 10 6 11 20 42 45 31 17 38 27 19 17 22 17 5 14 16 20 20 10 38 24 31 35 23 20 31 4 12 17 0 18 17 8 21 24 8 12 36
34 11 9 16 50 33 56 27 26 38 17 7 12 14 50 13 5 11 13 8 15 13 12 40 53 17 27 25 16 11 26 10 0 34 18 26 31 4 27 20
3 13 25 22 21 10 39 33 14 14 9 37 70 34 12 20 38 26 18 41 48 20 55 10 18 34 13 13 35 26 10 25 20 0 28 20 14 25 17 2
15 9 14 9 22 29 34 33 28 32 31 22 21 49 17 7 24 19 30 29 32 18 24 11 35 25 11 32 9 15 24 5 17 34 0 25 15 13 7 26
16 6 19 32 39 18 52 21 25 14 14 34 23 18 21 11 29 19 2 21 19 8 46 31 34 20 32 11 11 3 8 16 13 16 12 0 9 29 9 12
15 9 18 12 21 12 23 16 12 13 16 23 55 44 17 13 17 26 11 27 47 27 23 16 22 40 17 27 22 11 17 11 38 14 23 11 0 22 4 6
31 10 19 41 42 66 43 19 32 26 43 6 9 33 35 9 8 8 32 8 17 30 17 25 51 18 30 19 12 25 18 11 3 51 30 26 20 0 21 22
16 8 20 9 20 22 21 35 10 38 14 20 39 28 21 24 27 42 15 33 25 33 22 9 21 39 18 14 20 14 25 17 38 9 15 8 2 39 0 15
6 16 24 16 14 18 35 27 12 26 22 56 45 49 10 33 18 32 19 23 52 33 27 10 6 26 19 16 19 21 10 30 18 1 18 23 7 41 16 0