7
40
,
0 (18.0, 42.0) 18.0
1 (26.0, 26.0) 18.0
2 (31.0, 24.0) 13.0
3 (12.0, 21.0) 36.0
4 (4.0, 22.0) 16.0
5 (0.0, 34.0) 16.0
6 (3.0, 7.0) 31.0
7 (39.0, 48.0) 11.0
8 (9.0, 29.0) 17.0
9 (32.0, 50.0) 38.0
10 (26.0, 47.0) 13.0
11 (44.0, 18.0) 30.0
12 (47.0, 5.0) 18.0
13 (47.0, 46.0) 14.0
14 (4.0, 38.0) 36.0
15 (35.0, 16.0) 20.0
16 (46.0, 30.0) 18.0
17 (45.0, 16.0) 20.0
18 (26.0, 37.0) 41.0
19 (42.0, 35.0) 19.0
20 (44.0, 9.0) 46.0
21 (43.0, 42.0) 18.0
22 (45.0, 5.0) 37.0
23 (6.0, 28.0) 47.0
24 (2.0, 38.0) 13.0
25 (45.0, 38.0) 25.0
26 (14.0, 15.0) 10.0
27 (28.0, 47.0) 43.0
28 (33.0, 21.0) 19.0
29 (31.0, 34.0) 14.0
30 (25.0, 48.0) 13.0
31 (30.0, 20.0) 30.0
32 (44.0, 26.0) 31.0
33 (14.0, 41.0) 10.0
34 (24.0, 17.0) 10.0
35 (28.0, 37.0) 24.0
36 (17.0, 32.0) 15.0
37 (44.0, 22.0) 10.0
38 (17.0, 29.0) 20.0
39 (13.0, 40.0) 12.0
,
0 4 4 4 5 4 8 4 3 3 2 7 9 6 3 6 6 7 2 5 8 5 9 4 3 5 5 2 5 3 2 5 6 1 5 2 2 7 3 1
4 0 1 3 4 5 6 5 3 5 4 4 6 6 5 3 4 4 2 4 5 5 6 4 5 4 3 4 2 2 4 1 4 4 2 2 2 4 2 4
4 1 0 4 5 7 7 5 5 5 5 3 5 5 6 2 3 3 3 3 4 4 5 5 6 4 4 5 1 2 5 1 3 5 2 3 3 3 3 5
4 3 4 0 2 4 3 8 2 7 6 6 8 9 4 5 7 7 4 7 7 7 7 2 4 7 1 6 4 5 6 4 6 4 3 5 2 6 2 4
5 4 5 2 0 3 3 9 2 8 7 8 9 10 3 6 9 8 5 8 8 9 9 1 3 9 2 7 6 6 7 5 8 4 4 6 3 8 3 4
4 5 7 4 3 0 5 8 2 7 6 9 11 10 1 8 9 10 5 8 10 9 11 2 1 9 5 6 7 6 6 7 9 3 6 6 3 9 4 3
8 6 7 3 3 5 0 11 5 10 9 8 9 12 6 7 10 9 8 10 8 11 8 4 6 10 3 9 7 8 9 6 9 7 5 8 6 9 5 7
4 5 5 8 9 8 11 0 7 1 3 6 9 2 7 6 4 7 3 3 8 1 9 8 8 2 8 2 6 3 3 6 5 5 7 3 5 5 6 5
3 3 5 2 2 2 5 7 0 6 5 7 9 8 2 6 7 8 4 7 8 7 9 1 2 7 3 5 5 5 5 5 7 3 4 4 2 7 2 2
3 5 5 7 8 7 10 1 6 0 1 7 9 3 6 7 5 7 3 4 9 3 9 7 6 4 8 1 6 3 1 6 5 4 7 3 5 6 5 4
2 4 5 6 7 6 9 3 5 1 0 7 9 4 5 6 5 7 2 4 8 4 9 6 5 4 7 0 5 3 0 5 6 3 6 2 3 6 4 3
7 4 3 6 8 9 8 6 7 7 7 0 3 6 9 2 2 0 5 3 2 5 3 8 9 4 6 7 2 4 7 3 2 8 4 5 6 1 6 8
9 6 5 8 9 11 9 9 9 9 9 3 0 8 11 3 5 2 8 6 1 7 0 9 11 7 7 9 4 7 10 5 4 10 5 7 8 3 8 10
6 6 5 9 10 10 12 2 8 3 4 6 8 0 9 6 3 6 5 2 7 1 8 9 9 2 9 4 6 4 4 6 4 7 7 4 7 5 7 7
3 5 6 4 3 1 6 7 2 6 5 9 11 9 0 8 9 9 4 8 10 8 11 2 0 8 5 5 7 5 5 6 8 2 6 5 3 9 3 2
6 3 2 5 6 8 7 6 6 7 6 2 3 6 8 0 4 2 5 4 2 5 3 6 8 5 4 6 1 4 7 1 3 7 2 4 5 2 4 7
6 4 3 7 9 9 10 4 7 5 5 2 5 3 9 4 0 3 4 1 4 2 5 8 9 2 7 5 3 3 6 4 1 7 5 4 6 2 6 7
7 4 3 7 8 10 9 7 8 7 7 0 2 6 9 2 3 0 6 4 1 5 2 8 10 4 6 7 3 5 8 3 2 8 4 5 6 1 6 8
2 2 3 4 5 5 8 3 4 3 2 5 8 5 4 5 4 6 0 3 7 4 7 4 5 4 5 2 3 1 2 3 4 3 4 0 2 5 2 3
5 4 3 7 8 8 10 3 7 4 4 3 6 2 8 4 1 4 3 0 5 1 6 7 8 1 7 4 3 2 4 4 2 6 5 3 5 3 5 6
8 5 4 7 8 10 8 8 8 9 8 2 1 7 10 2 4 1 7 5 0 7 1 8 10 6 6 8 3 6 9 4 3 9 4 6 7 3 7 9
5 5 4 7 9 9 11 1 7 3 4 5 7 1 8 5 2 5 4 1 7 0 7 8 8 1 8 3 5 3 4 5 3 6 6 3 6 4 6 6
9 6 5 7 9 11 8 9 9 9 9 3 0 8 11 3 5 2 7 6 1 7 0 9 11 7 7 9 4 6 9 4 4 10 5 7 8 3 7 9
4 4 5 2 1 2 4 8 1 7 6 8 9 9 2 6 8 8 4 7 8 8 9 0 2 8 3 6 6 5 6 5 8 3 4 5 2 8 2 3
3 5 6 4 3 1 6 8 2 6 5 9 11 9 0 8 9 10 5 8 10 8 11 2 0 9 5 6 7 6 5 7 9 2 6 5 3 9 3 2
5 4 4 7 9 9 10 2 7 4 4 4 7 2 8 5 2 4 4 1 6 1 7 8 9 0 8 4 4 3 4 5 2 6 6 3 6 3 6 6
5 3 4 1 2 5 3 8 3 8 7 6 7 9 5 4 7 6 5 7 6 8 7 3 5 8 0 7 4 5 7 3 6 5 2 5 3 6 3 5
2 4 5 6 7 6 9 2 5 1 0 7 9 4 5 6 5 7 2 4 8 3 9 6 6 4 7 0 5 3 1 5 5 3 6 2 4 6 4 3
5 2 1 4 6 7 7 6 5 6 5 2 4 6 7 1 3 3 3 3 3 5 4 6 7 4 4 5 0 3 6 1 2 6 2 3 4 2 4 6
3 2 2 5 6 6 8 3 5 3 3 4 7 4 5 4 3 5 1 2 6 3 6 5 6 3 5 3 3 0 3 3 3 4 4 1 3 4 3 4
2 4 5 6 7 6 9 3 5 1 0 7 10 4 5 7 6 8 2 4 9 4 9 6 5 4 7 1 6 3 0 6 6 3 6 2 4 6 4 3
5 1 1 4 5 7 6 6 5 6 5 3 5 6 6 1 4 3 3 4 4 5 4 5 7 5 3 5 1 3 6 0 3 5 1 3 4 3 3 5
6 4 3 6 8 9 9 5 7 5 6 2 4 4 8 3 1 2 4 2 3 3 4 8 9 2 6 5 2 3 6 3 0 7 4 4 6 1 5 7
1 4 5 4 4 3 7 5 3 4 3 8 10 7 2 7 7 8 3 6 9 6 10 3 2 6 5 3 6 4 3 5 7 0 5 3 2 7 2 0
5 2 2 3 4 6 5 7 4 7 6 4 5 7 6 2 5 4 4 5 4 6 5 4 6 6 2 6 2 4 6 1 4 5 0 4 3 4 3 5
2 2 3 5 6 6 8 3 4 3 2 5 7 4 5 4 4 5 0 3 6 3 7 5 5 3 5 2 3 1 2 3 4 3 4 0 2 4 3 3
2 2 3 2 3 3 6 5 2 5 3 6 8 7 3 5 6 6 2 5 7 6 8 2 3 6 3 4 4 3 4 4 6 2 3 2 0 6 1 2
7 4 3 6 8 9 9 5 7 6 6 1 3 5 9 2 2 1 5 3 3 4 3 8 9 3 6 6 2 4 6 3 1 7 4 4 6 0 6 7
3 2 3 2 3 4 5 6 2 5 4 6 8 7 3 4 6 6 2 5 7 6 7 2 3 6 3 4 4 3 4 3 5 2 3 3 1 6 0 2
1 4 5 4 4 3 7 5 2 4 3 8 10 7 2 7 7 8 3 6 9 6 9 3 2 6 5 3 6 4 3 5 7 0 5 3 2 7 2 0
,
0 12 22 12 16 24 23 14 18 17 10 27 38 16 16 19 19 29 13 33 48 22 48 27 9 16 25 7 15 11 5 18 28 3 23 7 14 37 15 7
26 0 7 9 20 24 29 20 20 23 26 24 23 38 28 11 20 30 7 11 30 12 33 16 15 21 17 14 10 14 13 6 22 11 5 12 16 14 5 20
32 5 0 17 15 46 27 32 30 27 14 15 30 35 28 12 19 19 13 21 16 20 30 19 17 14 10 23 2 6 34 6 8 12 8 8 22 15 15 29
19 21 11 0 5 19 22 38 9 41 37 19 28 61 27 17 19 30 31 38 17 44 41 12 11 24 7 36 18 28 26 17 17 29 12 32 10 40 12 25
21 28 35 12 0 13 20 31 4 28 48 33 60 46 20 29 39 45 20 27 44 57 41 8 22 63 12 45 42 38 49 22 43 31 19 25 16 41 10 30
21 34 30 17 12 0 40 45 5 28 38 62 81 66 6 28 59 44 25 38 71 42 28 9 5 59 13 19 43 29 27 41 37 19 31 35 24 44 17 13
46 24 30 15 12 40 0 37 16 64 26 44 53 53 19 44 30 22 22 65 26 37 47 30 34 50 20 44 26 48 70 38 26 32 23 58 40 33 37 36
12 18 16 45 36 54 53 0 36 8 8 23 28 5 32 38 23 48 22 9 50 8 44 42 34 9 30 7 26 16 13 16 24 38 44 12 37 26 43 16
8 10 32 7 13 11 34 30 0 46 22 22 44 26 13 16 37 37 15 37 31 30 25 2 6 19 16 14 32 22 30 14 32 16 15 28 10 26 7 6
22 14 20 40 40 48 62 5 17 0 8 45 50 23 27 40 16 54 21 20 51 16 50 33 20 20 37 5 40 22 7 20 22 17 28 16 17 34 19 17
8 29 27 16 22 32 52 9 29 4 0 19 39 24 19 35 32 38 11 29 33 22 31 16 35 31 33 3 35 18 2 37 41 8 39 15 22 27 26 20
18 15 20 19 39 66 62 34 33 51 29 0 9 30 61 5 9 2 26 20 8 19 17 33 54 22 25 26 6 12 48 21 6 24 15 17 24 2 18 38
68 27 26 27 64 63 54 28 41 44 46 10 0 51 65 10 23 9 46 37 3 56 2 47 43 31 44 43 27 47 29 13 13 38 30 19 50 21 31 71
39 41 33 46 66 35 77 6 49 11 19 21 43 0 66 41 11 30 22 9 24 5 45 37 31 8 68 25 24 17 32 16 22 28 45 11 23 35 41 32
8 26 21 22 18 7 42 49 10 37 23 58 56 30 0 46 64 37 11 36 62 53 63 10 3 56 31 21 22 31 22 44 32 13 31 32 21 63 19 10
28 9 8 13 36 33 25 28 33 20 48 10 9 29 23 0 10 6 16 10 12 41 11 41 38 33 28 47 4 9 40 4 15 29 16 15 28 10 32 39
41 11 19 28 47 68 62 15 37 33 24 11 25 22 27 16 0 10 27 9 17 9 35 39 24 6 34 32 13 12 26 15 4 17 31 23 43 12 34 21
29 14 18 17 56 44 40 20 34 21 32 3 16 35 67 12 20 0 19 27 5 27 14 32 68 20 43 23 10 30 45 9 8 37 12 14 20 5 25 30
8 7 14 17 31 22 51 19 12 13 9 22 55 27 30 13 24 34 0 15 21 21 19 18 32 24 24 13 10 6 12 12 24 7 19 3 12 33 14 14
17 20 19 33 31 44 64 13 41 15 19 25 35 16 21 27 5 28 20 0 28 6 21 41 35 4 28 15 11 10 12 24 12 22 36 10 15 8 27 41
53 33 21 34 40 26 34 58 35 56 51 11 3 27 69 17 24 8 24 39 0 37 3 63 51 21 44 48 15 25 23 13 18 27 32 40 25 18 43 36
18 26 24 49 65 28 36 4 22 10 13 13 49 5 41 33 7 16 18 9 23 0 43 42 49 6 53 15 35 10 12 30 23 16 23 22 32 23 27 29
37 36 19 49 37 29 41 58 55 33 58 18 2 49 36 18 36 16 55 21 3 30 0 36 63 19 31 27 21 44 37 14 13 30 17 29 31 14 48 25
19 20 22 11 7 6 29 43 4 34 17 53 45 35 6 31 57 36 30 19 22 29 41 0 7 44 11 38 26 33 24 24 44 18 13 12 15 40 10 19
17 29 24 13 8 5 32 30 15 47 34 60 37 29 3 47 54 36 13 38 59 40 78 16 0 42 37 14 36 23 32 23 50 15 20 34 15 67 19 14
33 15 17 36 37 51 49 15 49 25 28 24 37 6 41 15 10 32 27 6 25 2 27 50 38 0 43 13 15 9 15 29 18 22 15 20 15 20 43 34
16 10 18 4 8 22 14 36 17 28 41 29 25 68 26 24 43 26 29 37 25 41 36 8 18 40 0 42 28 19 49 21 38 23 13 15 11 45 18 22
15 12 28 34 51 35 47 13 21 3 2 36 53 17 35 45 23 29 10 12 40 11 25 24 15 23 33 0 26 9 4 21 26 9 23 8 14 37 26 18
37 5 4 24 34 24 40 41 28 28 29 11 23 35 45 5 12 8 13 17 12 32 15 28 23 18 29 20 0 13 16 2 15 34 8 10 17 11 24 38
13 10 7 25 44 31 21 24 32 23 17 16 39 12 27 19 21 12 9 14 40 15 43 22 24 16 18 18 13 0 20 12 13 17 20 5 19 9 12 19
9 13 23 27 40 16 41 14 19 4 2 22 46 14 16 27 31 31 14 23 65 18 57 26 17 28 21 4 20 9 0 24 18 11 40 14 12 28 19 17
32 8 5 20 26 27 29 20 17 41 39 18 30 21 30 5 22 22 11 17 23 14 18 36 43 12 25 36 4 17 31 0 11 17 8 20 10 10 16 18
30 20 12 35 36 42 66 32 25 19 40 4 30 23 41 14 3 12 17 9 23 13 16 32 59 17 47 37 13 15 15 13 0 34 18 14 41 3 37 38
5 25 21 28 28 16 49 36 10 28 9 52 54 23 10 31 21 50 14 39 49 20 26 8 11 23 25 18 25 11 18 21 50 0 27 15 13 45 15 2
33 9 7 10 17 43 33 50 10 37 41 26 33 24 21 10 28 18 20 36 22 30 20 25 29 18 13 16 9 13 27 9 19 25 0 24 15 18 11 26
6 11 7 28 31 18 22 22 17 13 9 30 34 19 16 15 28 18 3 21 38 24 49 33 31 14 32 10 10 3 11 20 28 8 18 0 9 24 20 19
13 7 16 11 9 23 19 16 6 15 15 45 42 34 18 36 31 48 12 35 46 31 30 15 18 38 10 11 21 10 14 20 31 6 15 9 0 20 2 7
19 15 15 30 50 59 30 28 42 21 34 6 25 28 64 6 10 8 16 18 16 24 23 31 34 11 44 35 16 10 19 14 3 43 17 28 39 0 22 34
11 9 19 6 21 15 18 24 12 20 15 25 26 50 22 28 25 35 7 18 25 38 35 11 18 17 12 19 26 15 20 17 22 12 14 13 4 34 0 10
6 26 20 11 20 12 35 17 11 31 8 52 55 37 5 43 49 60 7 36 41 20 45 17 9 36 34 15 18 20 16 26 21 1 17 17 5 47 17 0