7
40
,
0 (18.0, 42.0) 23.0
1 (26.0, 26.0) 34.0
2 (31.0, 24.0) 31.0
3 (12.0, 21.0) 38.0
4 (4.0, 22.0) 31.0
5 (0.0, 34.0) 21.0
6 (3.0, 7.0) 17.0
7 (39.0, 48.0) 13.0
8 (9.0, 29.0) 48.0
9 (32.0, 50.0) 27.0
10 (26.0, 47.0) 10.0
11 (44.0, 18.0) 44.0
12 (47.0, 5.0) 20.0
13 (47.0, 46.0) 33.0
14 (4.0, 38.0) 33.0
15 (35.0, 16.0) 21.0
16 (46.0, 30.0) 43.0
17 (45.0, 16.0) 25.0
18 (26.0, 37.0) 27.0
19 (42.0, 35.0) 13.0
20 (44.0, 9.0) 20.0
21 (43.0, 42.0) 13.0
22 (45.0, 5.0) 41.0
23 (6.0, 28.0) 45.0
24 (2.0, 38.0) 16.0
25 (45.0, 38.0) 18.0
26 (14.0, 15.0) 46.0
27 (28.0, 47.0) 26.0
28 (33.0, 21.0) 19.0
29 (31.0, 34.0) 34.0
30 (25.0, 48.0) 29.0
31 (30.0, 20.0) 16.0
32 (44.0, 26.0) 32.0
33 (14.0, 41.0) 11.0
34 (24.0, 17.0) 18.0
35 (28.0, 37.0) 17.0
36 (17.0, 32.0) 10.0
37 (44.0, 22.0) 29.0
38 (17.0, 29.0) 43.0
39 (13.0, 40.0) 10.0
,
0 4 4 4 5 4 8 4 3 3 2 7 9 6 3 6 6 7 2 5 8 5 9 4 3 5 5 2 5 3 2 5 6 1 5 2 2 7 3 1
4 0 1 3 4 5 6 5 3 5 4 4 6 6 5 3 4 4 2 4 5 5 6 4 5 4 3 4 2 2 4 1 4 4 2 2 2 4 2 4
4 1 0 4 5 7 7 5 5 5 5 3 5 5 6 2 3 3 3 3 4 4 5 5 6 4 4 5 1 2 5 1 3 5 2 3 3 3 3 5
4 3 4 0 2 4 3 8 2 7 6 6 8 9 4 5 7 7 4 7 7 7 7 2 4 7 1 6 4 5 6 4 6 4 3 5 2 6 2 4
5 4 5 2 0 3 3 9 2 8 7 8 9 10 3 6 9 8 5 8 8 9 9 1 3 9 2 7 6 6 7 5 8 4 4 6 3 8 3 4
4 5 7 4 3 0 5 8 2 7 6 9 11 10 1 8 9 10 5 8 10 9 11 2 1 9 5 6 7 6 6 7 9 3 6 6 3 9 4 3
8 6 7 3 3 5 0 11 5 10 9 8 9 12 6 7 10 9 8 10 8 11 8 4 6 10 3 9 7 8 9 6 9 7 5 8 6 9 5 7
4 5 5 8 9 8 11 0 7 1 3 6 9 2 7 6 4 7 3 3 8 1 9 8 8 2 8 2 6 3 3 6 5 5 7 3 5 5 6 5
3 3 5 2 2 2 5 7 0 6 5 7 9 8 2 6 7 8 4 7 8 7 9 1 2 7 3 5 5 5 5 5 7 3 4 4 2 7 2 2
3 5 5 7 8 7 10 1 6 0 1 7 9 3 6 7 5 7 3 4 9 3 9 7 6 4 8 1 6 3 1 6 5 4 7 3 5 6 5 4
2 4 5 6 7 6 9 3 5 1 0 7 9 4 5 6 5 7 2 4 8 4 9 6 5 4 7 0 5 3 0 5 6 3 6 2 3 6 4 3
7 4 3 6 8 9 8 6 7 7 7 0 3 6 9 2 2 0 5 3 2 5 3 8 9 4 6 7 2 4 7 3 2 8 4 5 6 1 6 8
9 6 5 8 9 11 9 9 9 9 9 3 0 8 11 3 5 2 8 6 1 7 0 9 11 7 7 9 4 7 10 5 4 10 5 7 8 3 8 10
6 6 5 9 10 10 12 2 8 3 4 6 8 0 9 6 3 6 5 2 7 1 8 9 9 2 9 4 6 4 4 6 4 7 7 4 7 5 7 7
3 5 6 4 3 1 6 7 2 6 5 9 11 9 0 8 9 9 4 8 10 8 11 2 0 8 5 5 7 5 5 6 8 2 6 5 3 9 3 2
6 3 2 5 6 8 7 6 6 7 6 2 3 6 8 0 4 2 5 4 2 5 3 6 8 5 4 6 1 4 7 1 3 7 2 4 5 2 4 7
6 4 3 7 9 9 10 4 7 5 5 2 5 3 9 4 0 3 4 1 4 2 5 8 9 2 7 5 3 3 6 4 1 7 5 4 6 2 6 7
7 4 3 7 8 10 9 7 8 7 7 0 2 6 9 2 3 0 6 4 1 5 2 8 10 4 6 7 3 5 8 3 2 8 4 5 6 1 6 8
2 2 3 4 5 5 8 3 4 3 2 5 8 5 4 5 4 6 0 3 7 4 7 4 5 4 5 2 3 1 2 3 4 3 4 0 2 5 2 3
5 4 3 7 8 8 10 3 7 4 4 3 6 2 8 4 1 4 3 0 5 1 6 7 8 1 7 4 3 2 4 4 2 6 5 3 5 3 5 6
8 5 4 7 8 10 8 8 8 9 8 2 1 7 10 2 4 1 7 5 0 7 1 8 10 6 6 8 3 6 9 4 3 9 4 6 7 3 7 9
5 5 4 7 9 9 11 1 7 3 4 5 7 1 8 5 2 5 4 1 7 0 7 8 8 1 8 3 5 3 4 5 3 6 6 3 6 4 6 6
9 6 5 7 9 11 8 9 9 9 9 3 0 8 11 3 5 2 7 6 1 7 0 9 11 7 7 9 4 6 9 4 4 10 5 7 8 3 7 9
4 4 5 2 1 2 4 8 1 7 6 8 9 9 2 6 8 8 4 7 8 8 9 0 2 8 3 6 6 5 6 5 8 3 4 5 2 8 2 3
3 5 6 4 3 1 6 8 2 6 5 9 11 9 0 8 9 10 5 8 10 8 11 2 0 9 5 6 7 6 5 7 9 2 6 5 3 9 3 2
5 4 4 7 9 9 10 2 7 4 4 4 7 2 8 5 2 4 4 1 6 1 7 8 9 0 8 4 4 3 4 5 2 6 6 3 6 3 6 6
5 3 4 1 2 5 3 8 3 8 7 6 7 9 5 4 7 6 5 7 6 8 7 3 5 8 0 7 4 5 7 3 6 5 2 5 3 6 3 5
2 4 5 6 7 6 9 2 5 1 0 7 9 4 5 6 5 7 2 4 8 3 9 6 6 4 7 0 5 3 1 5 5 3 6 2 4 6 4 3
5 2 1 4 6 7 7 6 5 6 5 2 4 6 7 1 3 3 3 3 3 5 4 6 7 4 4 5 0 3 6 1 2 6 2 3 4 2 4 6
3 2 2 5 6 6 8 3 5 3 3 4 7 4 5 4 3 5 1 2 6 3 6 5 6 3 5 3 3 0 3 3 3 4 4 1 3 4 3 4
2 4 5 6 7 6 9 3 5 1 0 7 10 4 5 7 6 8 2 4 9 4 9 6 5 4 7 1 6 3 0 6 6 3 6 2 4 6 4 3
5 1 1 4 5 7 6 6 5 6 5 3 5 6 6 1 4 3 3 4 4 5 4 5 7 5 3 5 1 3 6 0 3 5 1 3 4 3 3 5
6 4 3 6 8 9 9 5 7 5 6 2 4 4 8 3 1 2 4 2 3 3 4 8 9 2 6 5 2 3 6 3 0 7 4 4 6 1 5 7
1 4 5 4 4 3 7 5 3 4 3 8 10 7 2 7 7 8 3 6 9 6 10 3 2 6 5 3 6 4 3 5 7 0 5 3 2 7 2 0
5 2 2 3 4 6 5 7 4 7 6 4 5 7 6 2 5 4 4 5 4 6 5 4 6 6 2 6 2 4 6 1 4 5 0 4 3 4 3 5
2 2 3 5 6 6 8 3 4 3 2 5 7 4 5 4 4 5 0 3 6 3 7 5 5 3 5 2 3 1 2 3 4 3 4 0 2 4 3 3
2 2 3 2 3 3 6 5 2 5 3 6 8 7 3 5 6 6 2 5 7 6 8 2 3 6 3 4 4 3 4 4 6 2 3 2 0 6 1 2
7 4 3 6 8 9 9 5 7 6 6 1 3 5 9 2 2 1 5 3 3 4 3 8 9 3 6 6 2 4 6 3 1 7 4 4 6 0 6 7
3 2 3 2 3 4 5 6 2 5 4 6 8 7 3 4 6 6 2 5 7 6 7 2 3 6 3 4 4 3 4 3 5 2 3 3 1 6 0 2
1 4 5 4 4 3 7 5 2 4 3 8 10 7 2 7 7 8 3 6 9 6 9 3 2 6 5 3 6 4 3 5 7 0 5 3 2 7 2 0
,
0 23 14 23 37 15 55 29 10 24 11 46 25 23 21 21 21 26 11 24 25 20 28 18 23 33 26 15 23 20 8 30 32 3 16 15 9 18 13 6
12 0 8 11 26 33 34 20 20 17 15 26 29 39 15 7 18 32 10 27 34 29 21 22 35 27 8 24 8 11 30 10 23 21 6 6 15 26 12 28
15 7 0 15 18 26 16 31 14 33 17 16 34 36 28 11 12 16 9 12 28 25 21 22 20 17 11 17 4 14 34 4 11 22 7 15 12 13 17 33
30 10 21 0 9 25 13 41 9 24 22 46 48 54 19 16 31 41 12 33 23 24 54 6 13 49 5 40 17 16 27 13 17 28 8 32 17 21 13 24
25 30 36 8 0 11 14 31 12 43 42 42 55 54 13 23 37 55 23 58 21 64 52 8 16 43 10 46 38 17 34 35 43 30 18 16 23 20 10 25
22 20 49 16 17 0 16 38 9 36 18 34 36 63 5 54 47 67 24 55 56 60 68 10 6 63 23 23 41 27 16 49 61 19 21 37 19 25 19 12
45 22 39 12 19 23 0 67 23 47 46 55 30 79 16 48 55 41 26 26 49 57 30 14 20 52 15 64 39 55 34 30 32 21 30 41 41 63 31 49
25 37 15 31 40 21 51 0 31 6 8 41 32 8 39 33 23 29 15 7 21 9 62 36 29 10 42 7 24 17 20 34 16 30 31 9 29 23 38 22
10 20 16 8 12 9 14 43 0 42 20 30 39 30 12 31 48 28 18 30 34 51 29 4 17 54 15 25 33 32 15 13 20 11 12 29 6 48 10 10
23 37 17 32 32 49 51 6 21 0 4 46 41 12 25 43 30 48 10 17 45 11 34 46 47 17 26 5 25 16 7 23 22 23 23 16 33 31 33 25
6 24 22 29 19 17 59 19 27 8 0 25 29 26 25 39 35 30 13 24 44 10 66 26 16 23 42 3 25 9 1 36 41 7 42 9 26 41 22 20
33 29 13 40 21 40 41 43 33 27 48 0 12 33 64 12 12 2 29 17 12 32 17 41 61 13 40 26 16 14 50 18 7 33 18 16 21 5 22 49
33 31 22 43 45 74 41 27 64 43 61 16 0 46 28 9 30 6 46 24 5 38 3 53 42 39 21 27 22 17 66 25 26 54 29 20 44 21 49 61
20 39 17 39 65 41 41 11 60 17 17 38 31 0 24 41 19 36 17 14 41 8 52 44 29 11 26 12 35 25 20 17 19 36 47 20 37 33 36 21
20 19 38 17 14 5 42 43 8 40 14 59 51 24 0 39 61 32 23 48 49 41 40 12 1 44 25 35 29 29 20 24 49 5 39 14 21 61 14 13
42 10 6 27 37 55 32 36 26 17 23 9 16 42 28 0 16 5 19 26 6 14 10 42 44 35 16 41 3 24 22 6 7 40 9 27 34 11 19 32
40 12 10 18 50 44 59 15 49 14 27 15 13 9 22 18 0 16 19 4 25 18 26 28 51 7 20 25 22 21 38 17 3 28 21 25 33 6 25 23
53 17 12 18 41 55 49 18 56 51 43 1 7 17 28 7 12 0 42 15 10 15 6 59 62 14 34 23 13 15 26 23 8 55 29 22 17 7 17 21
9 12 12 19 33 28 32 13 15 10 7 20 50 14 29 21 20 16 0 11 40 22 22 31 33 12 14 10 11 9 7 10 23 10 27 1 7 32 17 18
29 15 14 35 58 40 61 17 21 10 16 21 16 6 33 12 8 14 18 0 22 10 24 38 58 4 43 22 15 9 23 17 9 17 28 14 32 17 21 22
45 14 12 48 38 76 50 47 37 49 47 7 6 30 72 12 20 5 41 34 0 43 2 53 76 32 42 32 18 22 28 27 10 64 17 24 44 9 21 35
24 13 24 30 38 25 37 7 31 15 13 19 40 8 47 36 15 28 9 5 18 0 41 53 32 3 53 21 17 20 22 26 12 41 38 13 38 27 25 29
63 42 22 42 23 80 29 45 30 67 48 8 1 58 56 8 14 11 40 16 3 43 0 33 47 18 23 67 22 40 57 31 17 38 17 26 49 15 44 44
27 16 37 5 4 12 17 27 3 39 27 34 33 33 11 25 27 36 19 29 30 46 62 0 16 43 14 24 28 30 32 33 19 23 25 17 11 34 10 13
19 32 32 17 10 3 33 39 16 46 18 55 63 36 3 56 52 65 29 32 33 60 72 11 0 45 17 38 19 37 15 29 45 16 16 37 18 45 12 11
19 14 18 41 63 25 54 7 19 22 18 26 34 5 26 31 6 15 13 6 37 6 28 41 51 0 20 25 26 21 21 15 6 29 28 11 40 16 41 38
17 16 25 4 8 22 12 46 19 25 44 34 31 62 16 22 51 19 29 25 32 33 35 13 38 39 0 41 28 19 43 9 43 26 15 16 22 44 19 18
16 28 23 25 36 31 46 13 36 4 1 27 31 10 15 27 22 29 5 10 56 8 38 35 36 25 25 0 28 11 2 41 24 18 28 8 20 44 30 22
21 5 4 26 35 30 19 14 15 25 20 14 13 25 47 7 17 10 15 13 9 34 16 25 48 14 24 35 0 20 33 3 11 14 13 24 25 8 26 17
11 7 8 31 38 31 33 16 23 8 13 16 37 20 26 10 11 16 5 13 22 20 21 27 43 11 37 14 7 0 16 8 10 24 21 3 21 13 8 17
7 21 32 29 33 25 52 10 29 5 2 24 31 13 31 46 18 24 14 29 56 28 62 32 34 20 26 5 25 14 0 31 29 13 18 8 25 28 30 21
27 6 3 18 26 50 40 27 29 36 33 7 16 22 35 7 12 12 17 14 18 19 17 22 43 17 14 31 4 9 20 0 10 27 8 19 25 14 12 25
22 18 16 21 48 67 44 24 30 32 34 10 22 12 44 12 3 14 23 10 10 24 26 21 49 14 28 19 9 12 18 10 0 40 32 10 20 2 39 24
3 25 19 26 24 13 27 35 10 29 17 47 30 25 7 30 26 46 9 25 53 39 46 8 8 36 21 20 31 16 20 38 38 0 15 19 9 20 8 2
36 8 7 18 30 30 24 41 25 47 44 12 20 38 22 14 13 27 20 24 23 37 31 19 28 39 13 23 12 20 35 7 23 30 0 24 10 11 20 32
10 8 16 23 38 26 28 10 29 19 7 35 52 14 13 30 21 15 1 9 19 22 44 28 37 11 30 12 9 5 8 16 15 20 17 0 18 25 18 8
13 16 22 17 15 10 15 35 11 31 14 17 58 22 12 31 40 25 10 26 49 34 49 13 18 40 10 27 24 9 10 25 30 5 17 16 0 18 3 5
22 26 9 21 40 52 50 19 37 40 19 4 11 31 48 8 10 9 18 14 17 25 16 23 54 12 44 23 8 10 23 13 5 42 25 18 31 0 39 46
19 7 8 7 11 18 29 29 9 21 21 15 55 43 20 31 16 40 11 31 20 36 33 8 22 35 17 25 15 10 16 17 24 7 10 13 3 21 0 14
5 12 34 18 27 17 47 30 15 31 18 37 54 26 5 45 18 35 9 19 62 40 70 8 10 40 31 19 28 16 19 27 25 1 13 16 7 26 13 0