7
40
,
0 (18.0, 42.0) 20.0
1 (26.0, 26.0) 26.0
2 (31.0, 24.0) 22.0
3 (12.0, 21.0) 31.0
4 (4.0, 22.0) 19.0
5 (0.0, 34.0) 28.0
6 (3.0, 7.0) 37.0
7 (39.0, 48.0) 16.0
8 (9.0, 29.0) 14.0
9 (32.0, 50.0) 43.0
10 (26.0, 47.0) 21.0
11 (44.0, 18.0) 44.0
12 (47.0, 5.0) 25.0
13 (47.0, 46.0) 22.0
14 (4.0, 38.0) 38.0
15 (35.0, 16.0) 12.0
16 (46.0, 30.0) 49.0
17 (45.0, 16.0) 42.0
18 (26.0, 37.0) 30.0
19 (42.0, 35.0) 41.0
20 (44.0, 9.0) 45.0
21 (43.0, 42.0) 10.0
22 (45.0, 5.0) 10.0
23 (6.0, 28.0) 38.0
24 (2.0, 38.0) 10.0
25 (45.0, 38.0) 26.0
26 (14.0, 15.0) 47.0
27 (28.0, 47.0) 25.0
28 (33.0, 21.0) 20.0
29 (31.0, 34.0) 15.0
30 (25.0, 48.0) 46.0
31 (30.0, 20.0) 15.0
32 (44.0, 26.0) 26.0
33 (14.0, 41.0) 21.0
34 (24.0, 17.0) 46.0
35 (28.0, 37.0) 10.0
36 (17.0, 32.0) 21.0
37 (44.0, 22.0) 44.0
38 (17.0, 29.0) 29.0
39 (13.0, 40.0) 18.0
,
0 4 4 4 5 4 8 4 3 3 2 7 9 6 3 6 6 7 2 5 8 5 9 4 3 5 5 2 5 3 2 5 6 1 5 2 2 7 3 1
4 0 1 3 4 5 6 5 3 5 4 4 6 6 5 3 4 4 2 4 5 5 6 4 5 4 3 4 2 2 4 1 4 4 2 2 2 4 2 4
4 1 0 4 5 7 7 5 5 5 5 3 5 5 6 2 3 3 3 3 4 4 5 5 6 4 4 5 1 2 5 1 3 5 2 3 3 3 3 5
4 3 4 0 2 4 3 8 2 7 6 6 8 9 4 5 7 7 4 7 7 7 7 2 4 7 1 6 4 5 6 4 6 4 3 5 2 6 2 4
5 4 5 2 0 3 3 9 2 8 7 8 9 10 3 6 9 8 5 8 8 9 9 1 3 9 2 7 6 6 7 5 8 4 4 6 3 8 3 4
4 5 7 4 3 0 5 8 2 7 6 9 11 10 1 8 9 10 5 8 10 9 11 2 1 9 5 6 7 6 6 7 9 3 6 6 3 9 4 3
8 6 7 3 3 5 0 11 5 10 9 8 9 12 6 7 10 9 8 10 8 11 8 4 6 10 3 9 7 8 9 6 9 7 5 8 6 9 5 7
4 5 5 8 9 8 11 0 7 1 3 6 9 2 7 6 4 7 3 3 8 1 9 8 8 2 8 2 6 3 3 6 5 5 7 3 5 5 6 5
3 3 5 2 2 2 5 7 0 6 5 7 9 8 2 6 7 8 4 7 8 7 9 1 2 7 3 5 5 5 5 5 7 3 4 4 2 7 2 2
3 5 5 7 8 7 10 1 6 0 1 7 9 3 6 7 5 7 3 4 9 3 9 7 6 4 8 1 6 3 1 6 5 4 7 3 5 6 5 4
2 4 5 6 7 6 9 3 5 1 0 7 9 4 5 6 5 7 2 4 8 4 9 6 5 4 7 0 5 3 0 5 6 3 6 2 3 6 4 3
7 4 3 6 8 9 8 6 7 7 7 0 3 6 9 2 2 0 5 3 2 5 3 8 9 4 6 7 2 4 7 3 2 8 4 5 6 1 6 8
9 6 5 8 9 11 9 9 9 9 9 3 0 8 11 3 5 2 8 6 1 7 0 9 11 7 7 9 4 7 10 5 4 10 5 7 8 3 8 10
6 6 5 9 10 10 12 2 8 3 4 6 8 0 9 6 3 6 5 2 7 1 8 9 9 2 9 4 6 4 4 6 4 7 7 4 7 5 7 7
3 5 6 4 3 1 6 7 2 6 5 9 11 9 0 8 9 9 4 8 10 8 11 2 0 8 5 5 7 5 5 6 8 2 6 5 3 9 3 2
6 3 2 5 6 8 7 6 6 7 6 2 3 6 8 0 4 2 5 4 2 5 3 6 8 5 4 6 1 4 7 1 3 7 2 4 5 2 4 7
6 4 3 7 9 9 10 4 7 5 5 2 5 3 9 4 0 3 4 1 4 2 5 8 9 2 7 5 3 3 6 4 1 7 5 4 6 2 6 7
7 4 3 7 8 10 9 7 8 7 7 0 2 6 9 2 3 0 6 4 1 5 2 8 10 4 6 7 3 5 8 3 2 8 4 5 6 1 6 8
2 2 3 4 5 5 8 3 4 3 2 5 8 5 4 5 4 6 0 3 7 4 7 4 5 4 5 2 3 1 2 3 4 3 4 0 2 5 2 3
5 4 3 7 8 8 10 3 7 4 4 3 6 2 8 4 1 4 3 0 5 1 6 7 8 1 7 4 3 2 4 4 2 6 5 3 5 3 5 6
8 5 4 7 8 10 8 8 8 9 8 2 1 7 10 2 4 1 7 5 0 7 1 8 10 6 6 8 3 6 9 4 3 9 4 6 7 3 7 9
5 5 4 7 9 9 11 1 7 3 4 5 7 1 8 5 2 5 4 1 7 0 7 8 8 1 8 3 5 3 4 5 3 6 6 3 6 4 6 6
9 6 5 7 9 11 8 9 9 9 9 3 0 8 11 3 5 2 7 6 1 7 0 9 11 7 7 9 4 6 9 4 4 10 5 7 8 3 7 9
4 4 5 2 1 2 4 8 1 7 6 8 9 9 2 6 8 8 4 7 8 8 9 0 2 8 3 6 6 5 6 5 8 3 4 5 2 8 2 3
3 5 6 4 3 1 6 8 2 6 5 9 11 9 0 8 9 10 5 8 10 8 11 2 0 9 5 6 7 6 5 7 9 2 6 5 3 9 3 2
5 4 4 7 9 9 10 2 7 4 4 4 7 2 8 5 2 4 4 1 6 1 7 8 9 0 8 4 4 3 4 5 2 6 6 3 6 3 6 6
5 3 4 1 2 5 3 8 3 8 7 6 7 9 5 4 7 6 5 7 6 8 7 3 5 8 0 7 4 5 7 3 6 5 2 5 3 6 3 5
2 4 5 6 7 6 9 2 5 1 0 7 9 4 5 6 5 7 2 4 8 3 9 6 6 4 7 0 5 3 1 5 5 3 6 2 4 6 4 3
5 2 1 4 6 7 7 6 5 6 5 2 4 6 7 1 3 3 3 3 3 5 4 6 7 4 4 5 0 3 6 1 2 6 2 3 4 2 4 6
3 2 2 5 6 6 8 3 5 3 3 4 7 4 5 4 3 5 1 2 6 3 6 5 6 3 5 3 3 0 3 3 3 4 4 1 3 4 3 4
2 4 5 6 7 6 9 3 5 1 0 7 10 4 5 7 6 8 2 4 9 4 9 6 5 4 7 1 6 3 0 6 6 3 6 2 4 6 4 3
5 1 1 4 5 7 6 6 5 6 5 3 5 6 6 1 4 3 3 4 4 5 4 5 7 5 3 5 1 3 6 0 3 5 1 3 4 3 3 5
6 4 3 6 8 9 9 5 7 5 6 2 4 4 8 3 1 2 4 2 3 3 4 8 9 2 6 5 2 3 6 3 0 7 4 4 6 1 5 7
1 4 5 4 4 3 7 5 3 4 3 8 10 7 2 7 7 8 3 6 9 6 10 3 2 6 5 3 6 4 3 5 7 0 5 3 2 7 2 0
5 2 2 3 4 6 5 7 4 7 6 4 5 7 6 2 5 4 4 5 4 6 5 4 6 6 2 6 2 4 6 1 4 5 0 4 3 4 3 5
2 2 3 5 6 6 8 3 4 3 2 5 7 4 5 4 4 5 0 3 6 3 7 5 5 3 5 2 3 1 2 3 4 3 4 0 2 4 3 3
2 2 3 2 3 3 6 5 2 5 3 6 8 7 3 5 6 6 2 5 7 6 8 2 3 6 3 4 4 3 4 4 6 2 3 2 0 6 1 2
7 4 3 6 8 9 9 5 7 6 6 1 3 5 9 2 2 1 5 3 3 4 3 8 9 3 6 6 2 4 6 3 1 7 4 4 6 0 6 7
3 2 3 2 3 4 5 6 2 5 4 6 8 7 3 4 6 6 2 5 7 6 7 2 3 6 3 4 4 3 4 3 5 2 3 3 1 6 0 2
1 4 5 4 4 3 7 5 2 4 3 8 10 7 2 7 7 8 3 6 9 6 9 3 2 6 5 3 6 4 3 5 7 0 5 3 2 7 2 0
,
0 15 30 21 16 28 51 29 12 12 14 48 31 44 21 17 32 41 10 25 59 37 60 22 10 20 17 11 21 20 11 28 19 4 20 13 13 37 18 5
9 0 5 22 17 36 44 24 13 17 15 16 37 43 34 7 15 28 7 11 25 30 42 11 35 16 16 21 8 7 18 8 21 28 6 6 12 15 11 23
27 3 0 26 19 37 43 18 17 27 32 11 32 32 31 11 8 12 19 16 23 12 34 13 44 12 11 26 2 6 24 4 14 27 5 7 18 15 10 29
23 16 11 0 7 22 11 39 12 53 26 48 55 46 25 35 45 35 17 49 37 38 22 7 23 42 9 33 23 15 28 24 40 11 14 32 10 30 12 21
30 16 28 6 0 19 14 38 13 28 34 34 67 72 14 26 32 53 28 26 50 34 54 8 18 30 17 25 40 28 48 31 41 24 17 28 24 51 8 15
14 25 42 11 13 0 26 50 8 28 24 65 59 32 3 45 66 48 37 63 38 36 59 7 3 29 24 33 47 20 27 48 63 21 32 17 20 54 14 18
32 29 48 9 14 17 0 55 13 60 68 60 56 88 21 46 41 52 46 52 59 45 61 13 45 38 20 30 38 49 63 42 49 30 25 32 29 62 20 34
25 28 27 46 31 30 75 0 52 10 16 23 27 10 44 21 27 38 17 15 52 10 26 31 30 8 29 9 33 23 9 35 29 29 28 8 39 37 30 35
13 12 22 5 6 13 34 45 0 32 21 40 48 35 12 33 29 48 21 35 57 23 43 3 8 53 9 14 27 33 35 24 44 9 23 23 10 21 5 12
20 16 26 31 33 39 58 7 33 0 8 26 42 22 21 40 26 22 21 23 24 14 41 29 27 13 23 6 34 21 7 22 26 12 46 16 25 35 21 21
14 16 29 27 48 17 46 13 18 10 0 27 47 16 26 43 34 34 5 24 51 12 52 22 23 27 33 3 13 8 1 29 24 19 32 7 13 22 27 11
27 18 9 40 53 32 44 44 43 33 24 0 11 16 34 6 6 3 36 21 7 32 14 38 52 18 44 43 8 24 38 12 8 45 12 13 31 4 37 47
37 21 21 30 44 57 53 26 29 62 51 9 0 40 77 22 28 8 28 22 6 34 2 27 30 46 45 64 28 30 49 13 19 57 35 21 48 23 47 71
40 37 37 43 25 71 51 7 23 15 11 29 27 0 51 18 22 22 29 10 38 5 26 44 55 5 44 16 15 16 23 39 16 32 45 20 47 25 51 25
19 30 18 23 9 8 35 55 15 18 23 52 45 47 0 50 58 60 32 30 28 50 44 8 2 37 31 15 49 33 35 44 42 6 27 14 9 48 21 12
25 11 5 12 40 33 50 32 18 18 45 10 20 27 33 0 23 12 12 22 16 29 11 43 33 35 14 35 4 19 38 5 8 47 13 22 23 16 17 37
25 19 12 35 26 27 59 25 45 16 26 10 20 10 63 25 0 19 21 9 19 17 15 44 43 11 35 34 9 13 23 11 5 22 24 20 24 7 37 50
26 29 24 36 60 48 52 20 27 43 27 2 16 25 40 12 16 0 16 13 8 25 11 59 36 19 16 49 9 32 42 12 10 59 13 34 48 5 31 47
8 7 12 20 36 39 38 20 20 12 15 31 45 25 19 24 18 18 0 20 37 16 21 15 22 17 15 11 13 8 12 16 13 11 30 2 5 21 8 9
25 22 23 36 44 61 64 9 32 16 19 21 45 17 21 17 9 18 10 0 28 6 16 32 51 5 22 13 19 16 12 17 14 41 28 20 30 18 38 18
60 15 30 21 41 62 39 48 34 38 43 6 5 30 56 13 18 10 21 19 0 25 2 50 36 31 28 44 17 21 46 14 24 57 15 35 24 11 47 66
34 14 17 50 39 23 79 5 39 18 26 27 50 7 51 38 9 14 22 10 25 0 37 57 45 6 27 24 32 10 20 30 19 43 44 18 32 23 16 28
30 33 21 41 61 75 43 50 62 40 66 10 2 45 28 12 19 14 54 23 4 53 0 59 80 28 24 29 24 46 66 23 15 35 22 25 25 22 41 70
10 14 18 5 9 5 14 36 2 22 22 25 58 30 12 23 39 31 31 51 26 42 34 0 7 21 13 15 30 29 39 19 51 14 12 12 7 37 8 12
9 30 41 20 9 6 46 56 14 21 24 49 53 45 3 44 28 56 34 34 55 43 47 9 0 32 32 33 39 16 28 36 48 16 20 19 9 54 21 15
21 16 19 54 63 43 53 13 33 14 28 27 43 7 35 29 8 15 26 5 37 5 41 49 35 0 47 26 11 13 19 19 8 30 36 22 30 9 15 44
28 15 29 9 9 33 19 43 13 58 22 16 33 61 25 11 21 27 36 49 36 59 23 12 17 47 0 26 17 29 26 17 44 37 11 21 14 26 16 15
14 27 29 23 43 20 50 11 31 6 2 50 39 24 36 39 36 32 5 10 32 13 24 36 39 16 31 0 30 7 2 38 19 21 24 5 23 32 26 20
15 10 2 22 19 21 34 26 21 29 37 7 25 27 50 4 10 8 10 22 14 15 26 22 46 26 30 32 0 10 37 2 15 39 13 12 14 12 21 36
15 14 11 29 30 34 57 15 16 18 19 28 42 10 22 21 22 23 4 12 35 11 37 36 43 9 30 8 12 0 15 20 12 19 16 4 19 16 16 24
7 21 27 18 22 30 39 10 21 6 1 47 25 21 27 22 29 51 14 14 22 20 44 33 20 25 38 5 36 16 0 42 36 13 36 8 19 30 15 14
20 4 3 20 21 26 40 17 18 42 40 17 30 45 25 8 10 9 23 19 18 22 26 23 36 35 9 26 3 10 15 0 8 27 9 17 22 14 11 39
31 18 7 41 53 67 59 22 27 16 30 6 20 29 46 17 3 5 24 8 25 8 24 37 40 14 31 33 14 20 30 19 0 45 22 28 38 3 30 44
6 21 14 10 27 8 20 30 9 19 12 20 42 24 7 25 18 33 15 32 64 41 64 8 13 39 15 10 29 21 12 24 17 0 29 16 7 42 18 1
20 10 13 15 11 22 22 18 12 27 43 29 24 23 38 7 26 26 18 16 18 44 20 29 39 39 13 18 6 21 20 4 19 38 0 18 16 26 10 30
11 7 13 33 24 29 42 20 18 15 9 36 52 31 22 25 28 39 1 10 26 13 31 25 26 21 27 8 25 4 14 15 13 14 14 0 16 14 19 19
7 6 9 9 14 23 23 30 7 23 12 16 22 30 12 20 24 40 15 22 46 28 44 12 13 25 11 20 15 16 26 26 22 9 11 7 0 36 3 6
27 21 14 33 32 66 39 20 41 17 17 5 20 16 47 9 5 6 18 18 9 15 16 29 40 18 39 37 6 12 35 18 3 32 31 16 37 0 27 44
18 9 8 9 14 13 30 15 9 30 30 26 33 19 21 32 27 30 10 21 21 40 38 14 18 33 15 30 20 20 18 13 19 12 15 11 2 18 0 8
5 27 18 21 12 15 47 21 8 30 10 38 65 37 9 35 21 57 15 24 43 24 37 18 13 26 14 18 38 11 15 22 19 1 28 13 8 51 11 0