7
40
,
0 (18.0, 42.0) 40.0
1 (26.0, 26.0) 10.0
2 (31.0, 24.0) 11.0
3 (12.0, 21.0) 45.0
4 (4.0, 22.0) 18.0
5 (0.0, 34.0) 32.0
6 (3.0, 7.0) 22.0
7 (39.0, 48.0) 15.0
8 (9.0, 29.0) 10.0
9 (32.0, 50.0) 31.0
10 (26.0, 47.0) 18.0
11 (44.0, 18.0) 29.0
12 (47.0, 5.0) 33.0
13 (47.0, 46.0) 13.0
14 (4.0, 38.0) 13.0
15 (35.0, 16.0) 37.0
16 (46.0, 30.0) 35.0
17 (45.0, 16.0) 25.0
18 (26.0, 37.0) 15.0
19 (42.0, 35.0) 15.0
20 (44.0, 9.0) 21.0
21 (43.0, 42.0) 39.0
22 (45.0, 5.0) 16.0
23 (6.0, 28.0) 13.0
24 (2.0, 38.0) 45.0
25 (45.0, 38.0) 23.0
26 (14.0, 15.0) 37.0
27 (28.0, 47.0) 29.0
28 (33.0, 21.0) 36.0
29 (31.0, 34.0) 12.0
30 (25.0, 48.0) 23.0
31 (30.0, 20.0) 35.0
32 (44.0, 26.0) 16.0
33 (14.0, 41.0) 20.0
34 (24.0, 17.0) 14.0
35 (28.0, 37.0) 18.0
36 (17.0, 32.0) 15.0
37 (44.0, 22.0) 13.0
38 (17.0, 29.0) 24.0
39 (13.0, 40.0) 49.0
,
0 4 4 4 5 4 8 4 3 3 2 7 9 6 3 6 6 7 2 5 8 5 9 4 3 5 5 2 5 3 2 5 6 1 5 2 2 7 3 1
4 0 1 3 4 5 6 5 3 5 4 4 6 6 5 3 4 4 2 4 5 5 6 4 5 4 3 4 2 2 4 1 4 4 2 2 2 4 2 4
4 1 0 4 5 7 7 5 5 5 5 3 5 5 6 2 3 3 3 3 4 4 5 5 6 4 4 5 1 2 5 1 3 5 2 3 3 3 3 5
4 3 4 0 2 4 3 8 2 7 6 6 8 9 4 5 7 7 4 7 7 7 7 2 4 7 1 6 4 5 6 4 6 4 3 5 2 6 2 4
5 4 5 2 0 3 3 9 2 8 7 8 9 10 3 6 9 8 5 8 8 9 9 1 3 9 2 7 6 6 7 5 8 4 4 6 3 8 3 4
4 5 7 4 3 0 5 8 2 7 6 9 11 10 1 8 9 10 5 8 10 9 11 2 1 9 5 6 7 6 6 7 9 3 6 6 3 9 4 3
8 6 7 3 3 5 0 11 5 10 9 8 9 12 6 7 10 9 8 10 8 11 8 4 6 10 3 9 7 8 9 6 9 7 5 8 6 9 5 7
4 5 5 8 9 8 11 0 7 1 3 6 9 2 7 6 4 7 3 3 8 1 9 8 8 2 8 2 6 3 3 6 5 5 7 3 5 5 6 5
3 3 5 2 2 2 5 7 0 6 5 7 9 8 2 6 7 8 4 7 8 7 9 1 2 7 3 5 5 5 5 5 7 3 4 4 2 7 2 2
3 5 5 7 8 7 10 1 6 0 1 7 9 3 6 7 5 7 3 4 9 3 9 7 6 4 8 1 6 3 1 6 5 4 7 3 5 6 5 4
2 4 5 6 7 6 9 3 5 1 0 7 9 4 5 6 5 7 2 4 8 4 9 6 5 4 7 0 5 3 0 5 6 3 6 2 3 6 4 3
7 4 3 6 8 9 8 6 7 7 7 0 3 6 9 2 2 0 5 3 2 5 3 8 9 4 6 7 2 4 7 3 2 8 4 5 6 1 6 8
9 6 5 8 9 11 9 9 9 9 9 3 0 8 11 3 5 2 8 6 1 7 0 9 11 7 7 9 4 7 10 5 4 10 5 7 8 3 8 10
6 6 5 9 10 10 12 2 8 3 4 6 8 0 9 6 3 6 5 2 7 1 8 9 9 2 9 4 6 4 4 6 4 7 7 4 7 5 7 7
3 5 6 4 3 1 6 7 2 6 5 9 11 9 0 8 9 9 4 8 10 8 11 2 0 8 5 5 7 5 5 6 8 2 6 5 3 9 3 2
6 3 2 5 6 8 7 6 6 7 6 2 3 6 8 0 4 2 5 4 2 5 3 6 8 5 4 6 1 4 7 1 3 7 2 4 5 2 4 7
6 4 3 7 9 9 10 4 7 5 5 2 5 3 9 4 0 3 4 1 4 2 5 8 9 2 7 5 3 3 6 4 1 7 5 4 6 2 6 7
7 4 3 7 8 10 9 7 8 7 7 0 2 6 9 2 3 0 6 4 1 5 2 8 10 4 6 7 3 5 8 3 2 8 4 5 6 1 6 8
2 2 3 4 5 5 8 3 4 3 2 5 8 5 4 5 4 6 0 3 7 4 7 4 5 4 5 2 3 1 2 3 4 3 4 0 2 5 2 3
5 4 3 7 8 8 10 3 7 4 4 3 6 2 8 4 1 4 3 0 5 1 6 7 8 1 7 4 3 2 4 4 2 6 5 3 5 3 5 6
8 5 4 7 8 10 8 8 8 9 8 2 1 7 10 2 4 1 7 5 0 7 1 8 10 6 6 8 3 6 9 4 3 9 4 6 7 3 7 9
5 5 4 7 9 9 11 1 7 3 4 5 7 1 8 5 2 5 4 1 7 0 7 8 8 1 8 3 5 3 4 5 3 6 6 3 6 4 6 6
9 6 5 7 9 11 8 9 9 9 9 3 0 8 11 3 5 2 7 6 1 7 0 9 11 7 7 9 4 6 9 4 4 10 5 7 8 3 7 9
4 4 5 2 1 2 4 8 1 7 6 8 9 9 2 6 8 8 4 7 8 8 9 0 2 8 3 6 6 5 6 5 8 3 4 5 2 8 2 3
3 5 6 4 3 1 6 8 2 6 5 9 11 9 0 8 9 10 5 8 10 8 11 2 0 9 5 6 7 6 5 7 9 2 6 5 3 9 3 2
5 4 4 7 9 9 10 2 7 4 4 4 7 2 8 5 2 4 4 1 6 1 7 8 9 0 8 4 4 3 4 5 2 6 6 3 6 3 6 6
5 3 4 1 2 5 3 8 3 8 7 6 7 9 5 4 7 6 5 7 6 8 7 3 5 8 0 7 4 5 7 3 6 5 2 5 3 6 3 5
2 4 5 6 7 6 9 2 5 1 0 7 9 4 5 6 5 7 2 4 8 3 9 6 6 4 7 0 5 3 1 5 5 3 6 2 4 6 4 3
5 2 1 4 6 7 7 6 5 6 5 2 4 6 7 1 3 3 3 3 3 5 4 6 7 4 4 5 0 3 6 1 2 6 2 3 4 2 4 6
3 2 2 5 6 6 8 3 5 3 3 4 7 4 5 4 3 5 1 2 6 3 6 5 6 3 5 3 3 0 3 3 3 4 4 1 3 4 3 4
2 4 5 6 7 6 9 3 5 1 0 7 10 4 5 7 6 8 2 4 9 4 9 6 5 4 7 1 6 3 0 6 6 3 6 2 4 6 4 3
5 1 1 4 5 7 6 6 5 6 5 3 5 6 6 1 4 3 3 4 4 5 4 5 7 5 3 5 1 3 6 0 3 5 1 3 4 3 3 5
6 4 3 6 8 9 9 5 7 5 6 2 4 4 8 3 1 2 4 2 3 3 4 8 9 2 6 5 2 3 6 3 0 7 4 4 6 1 5 7
1 4 5 4 4 3 7 5 3 4 3 8 10 7 2 7 7 8 3 6 9 6 10 3 2 6 5 3 6 4 3 5 7 0 5 3 2 7 2 0
5 2 2 3 4 6 5 7 4 7 6 4 5 7 6 2 5 4 4 5 4 6 5 4 6 6 2 6 2 4 6 1 4 5 0 4 3 4 3 5
2 2 3 5 6 6 8 3 4 3 2 5 7 4 5 4 4 5 0 3 6 3 7 5 5 3 5 2 3 1 2 3 4 3 4 0 2 4 3 3
2 2 3 2 3 3 6 5 2 5 3 6 8 7 3 5 6 6 2 5 7 6 8 2 3 6 3 4 4 3 4 4 6 2 3 2 0 6 1 2
7 4 3 6 8 9 9 5 7 6 6 1 3 5 9 2 2 1 5 3 3 4 3 8 9 3 6 6 2 4 6 3 1 7 4 4 6 0 6 7
3 2 3 2 3 4 5 6 2 5 4 6 8 7 3 4 6 6 2 5 7 6 7 2 3 6 3 4 4 3 4 3 5 2 3 3 1 6 0 2
1 4 5 4 4 3 7 5 2 4 3 8 10 7 2 7 7 8 3 6 9 6 9 3 2 6 5 3 6 4 3 5 7 0 5 3 2 7 2 0
,
0 14 28 25 21 19 39 12 18 12 7 50 69 20 21 46 44 21 9 29 28 17 68 17 25 21 19 8 32 20 9 25 21 4 15 6 13 49 16 4
17 0 7 18 26 37 43 25 16 12 27 15 25 19 22 19 24 15 11 26 34 21 40 17 32 16 12 20 10 12 16 7 21 12 10 7 14 13 14 15
12 3 0 12 33 32 42 30 19 13 26 12 24 30 20 8 12 10 18 18 22 16 18 16 39 18 24 29 3 15 16 5 16 23 10 14 23 17 19 16
27 20 26 0 7 26 11 49 9 35 28 32 23 33 11 19 36 48 17 37 30 43 40 9 11 41 7 16 19 18 34 15 28 14 15 22 18 23 8 16
28 24 24 7 0 13 21 25 11 42 21 57 56 28 13 45 47 22 34 57 33 35 47 7 20 64 12 46 18 35 33 35 39 22 31 28 10 43 15 12
18 37 43 12 10 0 16 23 7 23 19 39 67 40 3 38 53 69 24 29 58 35 75 5 2 39 35 16 24 29 32 46 61 15 43 35 15 48 18 11
30 37 18 18 20 39 0 81 27 75 34 26 49 42 22 41 33 44 50 43 26 36 23 29 40 68 13 57 26 26 24 21 27 23 30 27 22 22 24 43
21 21 17 35 48 52 60 0 50 8 13 30 41 6 41 40 25 48 11 14 33 11 23 44 22 10 25 9 36 10 18 17 24 25 23 8 27 20 40 28
15 11 13 5 12 13 14 31 0 31 13 23 33 21 6 28 28 56 16 28 48 38 28 2 12 24 10 15 32 19 35 15 39 7 15 24 8 50 9 9
10 29 14 46 30 20 37 11 46 0 7 36 67 21 16 24 14 53 11 20 29 10 31 33 40 13 47 6 37 21 9 26 19 17 34 15 27 43 15 23
14 15 16 17 40 40 26 19 30 4 0 27 34 30 27 47 19 52 8 23 32 12 36 27 23 21 50 2 26 9 1 18 22 9 30 10 15 26 29 12
48 27 19 32 56 34 51 28 32 48 34 0 11 14 44 10 17 3 38 14 7 24 12 29 51 28 35 40 16 21 39 17 10 57 17 29 21 4 30 56
39 44 17 46 31 55 58 60 23 52 67 19 0 43 73 21 19 11 44 37 4 22 2 25 58 21 46 48 13 46 34 16 25 42 20 44 21 10 36 25
32 39 39 60 67 36 54 12 38 20 18 41 37 0 46 31 12 34 28 10 20 4 45 50 54 8 33 17 38 23 33 39 19 18 24 15 32 22 24 33
15 18 20 22 22 6 37 48 10 25 28 33 75 46 0 45 62 68 29 54 26 21 41 10 3 27 33 20 40 16 13 25 48 7 33 13 7 39 17 7
37 20 9 17 18 40 29 17 25 20 40 5 21 42 51 0 12 7 16 14 6 34 13 30 38 31 22 37 3 27 49 7 13 42 13 26 33 15 21 40
30 13 8 50 31 28 64 27 31 26 32 9 28 13 46 24 0 11 26 4 24 17 28 34 26 7 47 30 17 17 41 17 5 31 19 19 15 11 42 38
31 16 22 43 49 48 44 23 38 30 35 2 6 31 26 8 7 0 20 27 9 39 11 39 49 23 25 27 7 32 53 11 11 58 11 17 40 8 41 41
10 15 18 11 15 15 42 10 20 17 8 19 24 17 13 29 13 21 0 22 19 23 49 12 25 25 13 13 9 5 6 10 12 16 14 2 13 24 13 8
18 21 20 32 29 61 46 15 27 13 26 10 39 16 42 14 4 16 23 0 29 8 33 29 40 3 51 10 20 12 21 10 6 17 18 19 32 10 31 30
25 19 20 51 56 64 60 52 52 28 30 11 7 49 69 16 13 4 40 37 0 41 5 45 68 20 33 32 23 38 33 18 11 56 22 17 22 10 42 39
14 22 28 28 49 55 78 5 32 10 25 22 37 5 57 18 17 17 15 8 46 0 36 38 47 7 48 23 14 15 28 35 20 30 21 22 36 26 16 17
27 32 33 23 64 41 39 62 56 61 64 9 3 35 56 11 26 15 51 22 6 36 0 35 27 20 48 66 20 22 31 28 15 60 22 48 33 14 31 49
14 21 31 8 9 12 27 47 4 21 37 34 28 39 15 35 58 43 28 40 51 36 43 0 12 44 17 38 40 36 23 24 24 17 30 19 9 39 6 9
11 31 27 25 20 2 16 38 10 39 17 34 41 50 2 51 59 55 17 56 32 58 27 10 0 62 25 19 35 30 29 47 64 18 30 19 22 57 18 14
14 30 17 52 59 40 32 10 27 25 19 28 36 8 59 17 7 29 10 2 21 3 49 43 50 0 37 10 29 16 26 26 11 47 15 16 15 23 19 37
30 13 21 5 12 19 17 62 9 27 20 31 41 32 37 23 27 17 34 42 45 31 49 11 26 54 0 22 24 23 32 19 20 16 9 24 15 41 16 35
15 24 12 16 47 17 43 6 33 6 1 42 56 25 19 27 29 38 5 11 45 17 61 30 26 14 51 0 16 8 2 22 31 14 27 10 15 26 16 12
31 11 4 11 38 40 35 25 13 26 19 6 29 36 22 7 23 13 15 14 16 14 25 21 26 21 18 21 0 16 21 2 14 35 12 23 24 6 20 29
15 12 13 15 24 31 29 11 23 10 18 22 37 20 25 16 9 21 8 9 39 20 48 30 31 20 36 8 14 0 23 17 19 18 11 3 9 11 16 13
5 20 37 34 40 32 39 8 16 5 1 39 39 29 27 19 39 49 11 18 53 25 57 38 30 17 46 4 40 12 0 16 15 14 33 14 16 47 17 12
17 5 6 25 19 36 24 34 32 28 15 14 32 46 31 6 18 18 16 10 26 33 25 24 50 19 16 40 2 17 16 0 22 34 10 16 15 7 9 19
23 10 10 29 24 28 23 20 23 24 20 12 25 26 30 9 3 8 24 7 15 9 27 56 43 7 23 38 8 16 18 14 0 37 21 18 40 5 16 48
4 25 18 14 29 18 43 34 10 24 13 49 32 17 6 32 35 23 10 29 31 19 60 18 11 37 32 19 30 14 19 38 49 0 28 15 7 34 18 1
29 5 15 18 25 43 18 35 22 34 30 11 30 30 30 11 21 20 11 13 30 44 31 11 23 43 6 39 5 25 28 7 28 36 0 29 14 17 10 34
14 17 9 15 40 29 41 17 24 15 5 36 19 15 24 31 16 25 3 20 44 14 44 21 25 9 25 11 19 3 15 16 14 18 28 0 14 31 14 8
12 16 8 15 10 16 22 22 11 30 18 42 38 19 11 26 23 43 15 13 46 19 36 16 23 40 22 16 12 9 9 19 34 5 19 11 0 17 4 6
27 24 18 46 29 59 47 39 47 21 30 2 20 26 52 14 8 8 16 19 10 20 12 21 29 21 44 25 16 14 48 14 6 45 30 13 18 0 35 45
19 13 11 12 11 15 37 31 5 36 18 30 20 37 12 23 40 40 12 17 19 31 50 6 25 41 13 20 26 16 11 18 15 13 16 8 4 31 0 9
3 26 21 16 26 8 45 31 6 26 11 46 43 42 7 17 22 38 7 16 29 18 40 15 14 44 33 24 16 11 8 39 37 2 28 14 6 37 8 0