7
40
,
0 (18.0, 42.0) 10.0
1 (26.0, 26.0) 47.0
2 (31.0, 24.0) 11.0
3 (12.0, 21.0) 28.0
4 (4.0, 22.0) 13.0
5 (0.0, 34.0) 14.0
6 (3.0, 7.0) 39.0
7 (39.0, 48.0) 46.0
8 (9.0, 29.0) 46.0
9 (32.0, 50.0) 11.0
10 (26.0, 47.0) 22.0
11 (44.0, 18.0) 19.0
12 (47.0, 5.0) 30.0
13 (47.0, 46.0) 32.0
14 (4.0, 38.0) 14.0
15 (35.0, 16.0) 33.0
16 (46.0, 30.0) 28.0
17 (45.0, 16.0) 43.0
18 (26.0, 37.0) 24.0
19 (42.0, 35.0) 27.0
20 (44.0, 9.0) 47.0
21 (43.0, 42.0) 21.0
22 (45.0, 5.0) 14.0
23 (6.0, 28.0) 12.0
24 (2.0, 38.0) 39.0
25 (45.0, 38.0) 25.0
26 (14.0, 15.0) 14.0
27 (28.0, 47.0) 36.0
28 (33.0, 21.0) 46.0
29 (31.0, 34.0) 29.0
30 (25.0, 48.0) 32.0
31 (30.0, 20.0) 16.0
32 (44.0, 26.0) 15.0
33 (14.0, 41.0) 12.0
34 (24.0, 17.0) 28.0
35 (28.0, 37.0) 15.0
36 (17.0, 32.0) 15.0
37 (44.0, 22.0) 12.0
38 (17.0, 29.0) 36.0
39 (13.0, 40.0) 11.0
,
0 4 4 4 5 4 8 4 3 3 2 7 9 6 3 6 6 7 2 5 8 5 9 4 3 5 5 2 5 3 2 5 6 1 5 2 2 7 3 1
4 0 1 3 4 5 6 5 3 5 4 4 6 6 5 3 4 4 2 4 5 5 6 4 5 4 3 4 2 2 4 1 4 4 2 2 2 4 2 4
4 1 0 4 5 7 7 5 5 5 5 3 5 5 6 2 3 3 3 3 4 4 5 5 6 4 4 5 1 2 5 1 3 5 2 3 3 3 3 5
4 3 4 0 2 4 3 8 2 7 6 6 8 9 4 5 7 7 4 7 7 7 7 2 4 7 1 6 4 5 6 4 6 4 3 5 2 6 2 4
5 4 5 2 0 3 3 9 2 8 7 8 9 10 3 6 9 8 5 8 8 9 9 1 3 9 2 7 6 6 7 5 8 4 4 6 3 8 3 4
4 5 7 4 3 0 5 8 2 7 6 9 11 10 1 8 9 10 5 8 10 9 11 2 1 9 5 6 7 6 6 7 9 3 6 6 3 9 4 3
8 6 7 3 3 5 0 11 5 10 9 8 9 12 6 7 10 9 8 10 8 11 8 4 6 10 3 9 7 8 9 6 9 7 5 8 6 9 5 7
4 5 5 8 9 8 11 0 7 1 3 6 9 2 7 6 4 7 3 3 8 1 9 8 8 2 8 2 6 3 3 6 5 5 7 3 5 5 6 5
3 3 5 2 2 2 5 7 0 6 5 7 9 8 2 6 7 8 4 7 8 7 9 1 2 7 3 5 5 5 5 5 7 3 4 4 2 7 2 2
3 5 5 7 8 7 10 1 6 0 1 7 9 3 6 7 5 7 3 4 9 3 9 7 6 4 8 1 6 3 1 6 5 4 7 3 5 6 5 4
2 4 5 6 7 6 9 3 5 1 0 7 9 4 5 6 5 7 2 4 8 4 9 6 5 4 7 0 5 3 0 5 6 3 6 2 3 6 4 3
7 4 3 6 8 9 8 6 7 7 7 0 3 6 9 2 2 0 5 3 2 5 3 8 9 4 6 7 2 4 7 3 2 8 4 5 6 1 6 8
9 6 5 8 9 11 9 9 9 9 9 3 0 8 11 3 5 2 8 6 1 7 0 9 11 7 7 9 4 7 10 5 4 10 5 7 8 3 8 10
6 6 5 9 10 10 12 2 8 3 4 6 8 0 9 6 3 6 5 2 7 1 8 9 9 2 9 4 6 4 4 6 4 7 7 4 7 5 7 7
3 5 6 4 3 1 6 7 2 6 5 9 11 9 0 8 9 9 4 8 10 8 11 2 0 8 5 5 7 5 5 6 8 2 6 5 3 9 3 2
6 3 2 5 6 8 7 6 6 7 6 2 3 6 8 0 4 2 5 4 2 5 3 6 8 5 4 6 1 4 7 1 3 7 2 4 5 2 4 7
6 4 3 7 9 9 10 4 7 5 5 2 5 3 9 4 0 3 4 1 4 2 5 8 9 2 7 5 3 3 6 4 1 7 5 4 6 2 6 7
7 4 3 7 8 10 9 7 8 7 7 0 2 6 9 2 3 0 6 4 1 5 2 8 10 4 6 7 3 5 8 3 2 8 4 5 6 1 6 8
2 2 3 4 5 5 8 3 4 3 2 5 8 5 4 5 4 6 0 3 7 4 7 4 5 4 5 2 3 1 2 3 4 3 4 0 2 5 2 3
5 4 3 7 8 8 10 3 7 4 4 3 6 2 8 4 1 4 3 0 5 1 6 7 8 1 7 4 3 2 4 4 2 6 5 3 5 3 5 6
8 5 4 7 8 10 8 8 8 9 8 2 1 7 10 2 4 1 7 5 0 7 1 8 10 6 6 8 3 6 9 4 3 9 4 6 7 3 7 9
5 5 4 7 9 9 11 1 7 3 4 5 7 1 8 5 2 5 4 1 7 0 7 8 8 1 8 3 5 3 4 5 3 6 6 3 6 4 6 6
9 6 5 7 9 11 8 9 9 9 9 3 0 8 11 3 5 2 7 6 1 7 0 9 11 7 7 9 4 6 9 4 4 10 5 7 8 3 7 9
4 4 5 2 1 2 4 8 1 7 6 8 9 9 2 6 8 8 4 7 8 8 9 0 2 8 3 6 6 5 6 5 8 3 4 5 2 8 2 3
3 5 6 4 3 1 6 8 2 6 5 9 11 9 0 8 9 10 5 8 10 8 11 2 0 9 5 6 7 6 5 7 9 2 6 5 3 9 3 2
5 4 4 7 9 9 10 2 7 4 4 4 7 2 8 5 2 4 4 1 6 1 7 8 9 0 8 4 4 3 4 5 2 6 6 3 6 3 6 6
5 3 4 1 2 5 3 8 3 8 7 6 7 9 5 4 7 6 5 7 6 8 7 3 5 8 0 7 4 5 7 3 6 5 2 5 3 6 3 5
2 4 5 6 7 6 9 2 5 1 0 7 9 4 5 6 5 7 2 4 8 3 9 6 6 4 7 0 5 3 1 5 5 3 6 2 4 6 4 3
5 2 1 4 6 7 7 6 5 6 5 2 4 6 7 1 3 3 3 3 3 5 4 6 7 4 4 5 0 3 6 1 2 6 2 3 4 2 4 6
3 2 2 5 6 6 8 3 5 3 3 4 7 4 5 4 3 5 1 2 6 3 6 5 6 3 5 3 3 0 3 3 3 4 4 1 3 4 3 4
2 4 5 6 7 6 9 3 5 1 0 7 10 4 5 7 6 8 2 4 9 4 9 6 5 4 7 1 6 3 0 6 6 3 6 2 4 6 4 3
5 1 1 4 5 7 6 6 5 6 5 3 5 6 6 1 4 3 3 4 4 5 4 5 7 5 3 5 1 3 6 0 3 5 1 3 4 3 3 5
6 4 3 6 8 9 9 5 7 5 6 2 4 4 8 3 1 2 4 2 3 3 4 8 9 2 6 5 2 3 6 3 0 7 4 4 6 1 5 7
1 4 5 4 4 3 7 5 3 4 3 8 10 7 2 7 7 8 3 6 9 6 10 3 2 6 5 3 6 4 3 5 7 0 5 3 2 7 2 0
5 2 2 3 4 6 5 7 4 7 6 4 5 7 6 2 5 4 4 5 4 6 5 4 6 6 2 6 2 4 6 1 4 5 0 4 3 4 3 5
2 2 3 5 6 6 8 3 4 3 2 5 7 4 5 4 4 5 0 3 6 3 7 5 5 3 5 2 3 1 2 3 4 3 4 0 2 4 3 3
2 2 3 2 3 3 6 5 2 5 3 6 8 7 3 5 6 6 2 5 7 6 8 2 3 6 3 4 4 3 4 4 6 2 3 2 0 6 1 2
7 4 3 6 8 9 9 5 7 6 6 1 3 5 9 2 2 1 5 3 3 4 3 8 9 3 6 6 2 4 6 3 1 7 4 4 6 0 6 7
3 2 3 2 3 4 5 6 2 5 4 6 8 7 3 4 6 6 2 5 7 6 7 2 3 6 3 4 4 3 4 3 5 2 3 3 1 6 0 2
1 4 5 4 4 3 7 5 2 4 3 8 10 7 2 7 7 8 3 6 9 6 9 3 2 6 5 3 6 4 3 5 7 0 5 3 2 7 2 0
,
0 10 19 20 25 17 35 15 23 18 14 25 59 35 18 23 27 53 8 18 38 18 42 14 22 29 38 10 15 22 6 15 42 2 24 7 15 39 7 5
24 0 6 19 27 25 15 13 21 13 30 29 32 34 14 18 17 21 10 12 33 20 17 19 20 27 22 31 7 14 23 7 11 16 5 7 7 22 9 13
12 3 0 28 27 39 41 28 32 17 15 16 22 36 46 13 14 24 13 13 14 31 21 19 18 29 10 12 3 5 16 5 15 35 7 10 15 16 18 12
17 11 17 0 11 16 10 21 7 21 40 39 47 38 20 17 31 17 31 43 26 27 49 11 19 50 8 37 24 26 22 12 32 15 19 24 17 17 5 18
32 28 14 8 0 16 10 48 8 32 37 22 25 35 12 40 62 49 38 25 50 65 56 6 12 37 8 44 30 42 48 13 31 24 14 20 22 30 21 26
26 19 42 21 12 0 15 50 7 35 33 46 30 34 3 39 34 35 30 42 69 56 55 8 4 32 34 41 29 23 30 30 41 18 32 14 16 60 18 16
46 15 21 14 22 15 0 38 22 47 45 37 40 31 19 40 35 29 55 24 41 58 50 30 25 35 15 65 42 45 24 35 35 50 26 32 27 29 25 47
29 29 18 28 62 34 51 0 26 8 16 18 64 4 53 33 20 40 20 9 52 4 44 35 23 15 28 6 20 11 13 37 17 38 44 17 40 15 43 32
16 25 31 7 5 6 12 48 0 23 23 18 41 42 14 26 21 23 18 23 33 50 58 2 11 26 8 32 38 25 19 31 25 15 20 17 5 36 10 14
14 14 21 48 47 25 36 6 23 0 8 30 53 23 30 28 16 49 13 21 38 10 48 51 43 24 36 5 16 21 10 40 16 21 50 7 33 45 17 27
14 29 30 40 42 25 57 14 23 6 0 32 53 22 28 33 17 30 8 25 22 20 46 15 18 15 37 3 24 16 1 18 30 9 16 15 11 41 17 12
34 16 15 46 47 37 22 45 24 30 49 0 12 27 40 8 10 3 18 23 6 32 15 49 47 23 39 19 8 18 36 16 11 51 16 21 39 5 32 29
69 32 34 53 30 53 62 61 43 28 48 16 0 32 34 13 15 14 32 25 5 30 1 59 45 22 49 38 14 32 71 31 14 30 30 32 28 11 34 65
42 20 35 35 58 36 78 7 30 10 14 34 54 0 42 17 22 17 27 16 24 7 23 47 55 10 56 18 26 12 33 27 21 43 41 27 17 24 37 38
8 25 24 18 17 6 31 38 14 16 17 49 54 25 0 29 57 63 15 26 47 51 63 14 3 40 34 30 41 25 25 22 47 16 21 31 11 54 15 8
18 14 9 23 39 29 43 33 23 32 20 12 19 34 39 0 27 13 14 11 11 30 12 38 39 15 25 18 6 15 48 9 10 26 15 31 36 13 22 31
26 25 18 44 40 62 46 23 47 29 39 11 27 13 28 24 0 18 11 5 11 13 29 27 62 11 42 32 16 23 38 17 6 43 34 13 36 4 28 24
25 23 17 31 62 27 32 21 44 34 46 2 7 34 51 12 16 0 19 10 10 39 6 60 50 21 16 20 12 26 44 16 11 35 28 21 34 5 45 35
5 14 15 12 30 33 22 13 17 12 7 32 46 13 26 25 25 25 0 17 23 9 51 18 12 22 33 6 24 8 12 13 12 12 22 2 6 25 14 13
16 10 9 23 41 53 42 16 19 13 17 16 37 18 28 19 7 20 18 0 29 4 38 38 53 5 41 22 12 9 22 11 7 33 31 18 27 18 27 31
62 33 20 47 30 56 28 29 40 35 58 6 4 42 29 9 25 9 33 22 0 46 5 44 75 24 26 30 19 28 61 14 17 60 30 30 27 9 38 48
17 32 12 51 41 37 75 4 29 16 25 34 42 6 50 23 14 38 17 8 38 0 22 41 61 4 42 23 17 18 16 29 19 41 45 17 38 19 34 28
31 23 27 31 45 41 62 54 52 54 63 19 1 37 62 13 22 12 33 19 3 20 0 43 38 43 32 37 21 42 24 29 24 49 23 21 53 18 50 53
15 26 36 6 9 10 31 56 3 49 31 42 44 63 11 19 26 53 25 31 52 41 66 0 15 39 21 26 18 27 28 18 25 20 31 14 9 54 8 17
10 24 18 17 14 5 33 56 10 29 23 68 58 64 2 43 27 61 25 24 48 25 41 6 0 46 13 34 39 26 18 28 57 7 18 35 12 49 19 14
37 15 12 30 25 58 68 12 52 25 21 24 20 7 32 25 9 16 10 2 38 2 36 35 32 0 43 12 14 14 12 25 17 44 32 20 27 17 28 44
27 13 28 4 10 17 11 26 9 24 44 41 20 37 21 31 46 43 23 27 23 54 41 19 34 24 0 41 12 31 23 21 18 39 7 20 13 31 12 29
9 19 14 24 40 21 53 16 39 7 2 34 50 18 37 20 30 42 12 15 30 16 63 35 41 22 24 0 18 19 4 21 32 17 45 12 15 26 27 8
26 8 5 18 21 19 30 27 22 15 22 14 11 26 24 3 15 15 25 12 24 33 23 27 34 13 29 30 0 10 15 3 14 17 13 22 13 8 23 17
10 13 11 26 27 19 25 18 26 15 8 13 45 15 32 14 9 34 3 8 16 10 20 21 25 21 17 19 13 0 19 14 10 19 25 4 11 19 16 16
8 27 33 19 24 30 24 19 25 6 2 25 57 13 14 22 33 44 13 24 54 15 30 34 37 19 28 4 18 19 0 26 43 12 29 7 21 44 24 16
17 5 3 21 34 36 16 37 24 40 15 15 21 20 32 6 16 13 26 14 19 27 27 31 37 32 22 30 4 12 18 0 16 39 10 9 18 20 8 15
40 19 9 36 38 56 52 21 43 33 26 8 18 17 48 17 3 14 26 6 18 9 23 50 58 16 30 29 16 17 31 17 0 41 28 11 29 4 32 42
5 19 19 24 23 18 51 22 7 22 19 24 68 25 11 49 34 55 14 19 37 38 39 10 7 47 38 14 28 23 11 35 46 0 39 18 5 21 15 1
17 8 12 16 20 30 34 23 26 47 25 23 37 22 20 6 15 13 16 33 14 27 31 22 17 28 7 39 9 11 23 8 29 16 0 17 11 21 11 22
10 9 11 16 39 35 41 9 25 18 12 21 39 18 17 16 17 31 2 13 45 15 47 28 15 10 36 13 17 3 15 22 11 15 22 0 14 24 11 23
7 14 10 18 20 12 32 17 5 27 24 46 40 40 15 33 33 34 8 16 23 14 54 6 11 38 13 15 11 9 10 23 25 6 23 12 0 40 2 11
38 24 16 43 59 60 34 21 29 43 39 5 11 34 25 5 10 7 20 15 18 13 10 25 53 10 20 25 13 14 44 16 4 53 17 21 15 0 18 53
19 12 12 7 10 18 38 36 12 33 12 40 47 30 12 17 21 25 14 29 19 21 44 12 16 35 10 26 21 17 23 21 40 11 10 10 4 33 0 14
4 28 33 27 25 11 43 27 9 31 21 19 71 32 6 31 19 48 13 36 36 34 51 10 7 42 29 24 28 17 21 34 48 1 14 23 9 21 6 0