7
40
,
0 (18.0, 42.0) 15.0
1 (26.0, 26.0) 36.0
2 (31.0, 24.0) 13.0
3 (12.0, 21.0) 15.0
4 (4.0, 22.0) 32.0
5 (0.0, 34.0) 11.0
6 (3.0, 7.0) 12.0
7 (39.0, 48.0) 39.0
8 (9.0, 29.0) 19.0
9 (32.0, 50.0) 38.0
10 (26.0, 47.0) 30.0
11 (44.0, 18.0) 17.0
12 (47.0, 5.0) 12.0
13 (47.0, 46.0) 28.0
14 (4.0, 38.0) 39.0
15 (35.0, 16.0) 22.0
16 (46.0, 30.0) 13.0
17 (45.0, 16.0) 30.0
18 (26.0, 37.0) 39.0
19 (42.0, 35.0) 30.0
20 (44.0, 9.0) 10.0
21 (43.0, 42.0) 15.0
22 (45.0, 5.0) 18.0
23 (6.0, 28.0) 15.0
24 (2.0, 38.0) 18.0
25 (45.0, 38.0) 21.0
26 (14.0, 15.0) 45.0
27 (28.0, 47.0) 17.0
28 (33.0, 21.0) 22.0
29 (31.0, 34.0) 22.0
30 (25.0, 48.0) 34.0
31 (30.0, 20.0) 21.0
32 (44.0, 26.0) 13.0
33 (14.0, 41.0) 12.0
34 (24.0, 17.0) 49.0
35 (28.0, 37.0) 44.0
36 (17.0, 32.0) 32.0
37 (44.0, 22.0) 17.0
38 (17.0, 29.0) 12.0
39 (13.0, 40.0) 25.0
,
0 4 4 4 5 4 8 4 3 3 2 7 9 6 3 6 6 7 2 5 8 5 9 4 3 5 5 2 5 3 2 5 6 1 5 2 2 7 3 1
4 0 1 3 4 5 6 5 3 5 4 4 6 6 5 3 4 4 2 4 5 5 6 4 5 4 3 4 2 2 4 1 4 4 2 2 2 4 2 4
4 1 0 4 5 7 7 5 5 5 5 3 5 5 6 2 3 3 3 3 4 4 5 5 6 4 4 5 1 2 5 1 3 5 2 3 3 3 3 5
4 3 4 0 2 4 3 8 2 7 6 6 8 9 4 5 7 7 4 7 7 7 7 2 4 7 1 6 4 5 6 4 6 4 3 5 2 6 2 4
5 4 5 2 0 3 3 9 2 8 7 8 9 10 3 6 9 8 5 8 8 9 9 1 3 9 2 7 6 6 7 5 8 4 4 6 3 8 3 4
4 5 7 4 3 0 5 8 2 7 6 9 11 10 1 8 9 10 5 8 10 9 11 2 1 9 5 6 7 6 6 7 9 3 6 6 3 9 4 3
8 6 7 3 3 5 0 11 5 10 9 8 9 12 6 7 10 9 8 10 8 11 8 4 6 10 3 9 7 8 9 6 9 7 5 8 6 9 5 7
4 5 5 8 9 8 11 0 7 1 3 6 9 2 7 6 4 7 3 3 8 1 9 8 8 2 8 2 6 3 3 6 5 5 7 3 5 5 6 5
3 3 5 2 2 2 5 7 0 6 5 7 9 8 2 6 7 8 4 7 8 7 9 1 2 7 3 5 5 5 5 5 7 3 4 4 2 7 2 2
3 5 5 7 8 7 10 1 6 0 1 7 9 3 6 7 5 7 3 4 9 3 9 7 6 4 8 1 6 3 1 6 5 4 7 3 5 6 5 4
2 4 5 6 7 6 9 3 5 1 0 7 9 4 5 6 5 7 2 4 8 4 9 6 5 4 7 0 5 3 0 5 6 3 6 2 3 6 4 3
7 4 3 6 8 9 8 6 7 7 7 0 3 6 9 2 2 0 5 3 2 5 3 8 9 4 6 7 2 4 7 3 2 8 4 5 6 1 6 8
9 6 5 8 9 11 9 9 9 9 9 3 0 8 11 3 5 2 8 6 1 7 0 9 11 7 7 9 4 7 10 5 4 10 5 7 8 3 8 10
6 6 5 9 10 10 12 2 8 3 4 6 8 0 9 6 3 6 5 2 7 1 8 9 9 2 9 4 6 4 4 6 4 7 7 4 7 5 7 7
3 5 6 4 3 1 6 7 2 6 5 9 11 9 0 8 9 9 4 8 10 8 11 2 0 8 5 5 7 5 5 6 8 2 6 5 3 9 3 2
6 3 2 5 6 8 7 6 6 7 6 2 3 6 8 0 4 2 5 4 2 5 3 6 8 5 4 6 1 4 7 1 3 7 2 4 5 2 4 7
6 4 3 7 9 9 10 4 7 5 5 2 5 3 9 4 0 3 4 1 4 2 5 8 9 2 7 5 3 3 6 4 1 7 5 4 6 2 6 7
7 4 3 7 8 10 9 7 8 7 7 0 2 6 9 2 3 0 6 4 1 5 2 8 10 4 6 7 3 5 8 3 2 8 4 5 6 1 6 8
2 2 3 4 5 5 8 3 4 3 2 5 8 5 4 5 4 6 0 3 7 4 7 4 5 4 5 2 3 1 2 3 4 3 4 0 2 5 2 3
5 4 3 7 8 8 10 3 7 4 4 3 6 2 8 4 1 4 3 0 5 1 6 7 8 1 7 4 3 2 4 4 2 6 5 3 5 3 5 6
8 5 4 7 8 10 8 8 8 9 8 2 1 7 10 2 4 1 7 5 0 7 1 8 10 6 6 8 3 6 9 4 3 9 4 6 7 3 7 9
5 5 4 7 9 9 11 1 7 3 4 5 7 1 8 5 2 5 4 1 7 0 7 8 8 1 8 3 5 3 4 5 3 6 6 3 6 4 6 6
9 6 5 7 9 11 8 9 9 9 9 3 0 8 11 3 5 2 7 6 1 7 0 9 11 7 7 9 4 6 9 4 4 10 5 7 8 3 7 9
4 4 5 2 1 2 4 8 1 7 6 8 9 9 2 6 8 8 4 7 8 8 9 0 2 8 3 6 6 5 6 5 8 3 4 5 2 8 2 3
3 5 6 4 3 1 6 8 2 6 5 9 11 9 0 8 9 10 5 8 10 8 11 2 0 9 5 6 7 6 5 7 9 2 6 5 3 9 3 2
5 4 4 7 9 9 10 2 7 4 4 4 7 2 8 5 2 4 4 1 6 1 7 8 9 0 8 4 4 3 4 5 2 6 6 3 6 3 6 6
5 3 4 1 2 5 3 8 3 8 7 6 7 9 5 4 7 6 5 7 6 8 7 3 5 8 0 7 4 5 7 3 6 5 2 5 3 6 3 5
2 4 5 6 7 6 9 2 5 1 0 7 9 4 5 6 5 7 2 4 8 3 9 6 6 4 7 0 5 3 1 5 5 3 6 2 4 6 4 3
5 2 1 4 6 7 7 6 5 6 5 2 4 6 7 1 3 3 3 3 3 5 4 6 7 4 4 5 0 3 6 1 2 6 2 3 4 2 4 6
3 2 2 5 6 6 8 3 5 3 3 4 7 4 5 4 3 5 1 2 6 3 6 5 6 3 5 3 3 0 3 3 3 4 4 1 3 4 3 4
2 4 5 6 7 6 9 3 5 1 0 7 10 4 5 7 6 8 2 4 9 4 9 6 5 4 7 1 6 3 0 6 6 3 6 2 4 6 4 3
5 1 1 4 5 7 6 6 5 6 5 3 5 6 6 1 4 3 3 4 4 5 4 5 7 5 3 5 1 3 6 0 3 5 1 3 4 3 3 5
6 4 3 6 8 9 9 5 7 5 6 2 4 4 8 3 1 2 4 2 3 3 4 8 9 2 6 5 2 3 6 3 0 7 4 4 6 1 5 7
1 4 5 4 4 3 7 5 3 4 3 8 10 7 2 7 7 8 3 6 9 6 10 3 2 6 5 3 6 4 3 5 7 0 5 3 2 7 2 0
5 2 2 3 4 6 5 7 4 7 6 4 5 7 6 2 5 4 4 5 4 6 5 4 6 6 2 6 2 4 6 1 4 5 0 4 3 4 3 5
2 2 3 5 6 6 8 3 4 3 2 5 7 4 5 4 4 5 0 3 6 3 7 5 5 3 5 2 3 1 2 3 4 3 4 0 2 4 3 3
2 2 3 2 3 3 6 5 2 5 3 6 8 7 3 5 6 6 2 5 7 6 8 2 3 6 3 4 4 3 4 4 6 2 3 2 0 6 1 2
7 4 3 6 8 9 9 5 7 6 6 1 3 5 9 2 2 1 5 3 3 4 3 8 9 3 6 6 2 4 6 3 1 7 4 4 6 0 6 7
3 2 3 2 3 4 5 6 2 5 4 6 8 7 3 4 6 6 2 5 7 6 7 2 3 6 3 4 4 3 4 3 5 2 3 3 1 6 0 2
1 4 5 4 4 3 7 5 2 4 3 8 10 7 2 7 7 8 3 6 9 6 9 3 2 6 5 3 6 4 3 5 7 0 5 3 2 7 2 0
,
0 14 11 24 21 21 36 23 23 17 6 20 26 15 14 42 44 54 12 17 53 13 53 26 21 23 29 13 35 10 11 29 34 4 30 11 13 43 11 4
24 0 5 18 17 28 31 25 19 13 18 30 22 22 28 8 29 31 11 23 36 28 30 26 29 21 11 17 11 11 12 9 17 23 10 14 7 12 11 24
21 3 0 19 14 21 21 19 32 15 15 18 22 32 35 9 13 16 11 10 15 12 13 32 39 15 10 13 4 7 20 4 14 24 11 18 22 12 14 18
22 20 22 0 9 21 22 51 5 34 40 20 37 37 15 17 40 19 13 26 39 31 40 10 11 30 8 20 24 28 44 26 34 29 14 21 18 22 12 14
34 20 32 7 0 7 14 64 8 47 27 23 46 73 24 16 23 31 25 41 24 41 45 7 20 44 6 30 43 41 45 29 26 16 22 24 20 35 12 11
30 26 49 18 17 0 33 26 11 19 38 33 55 43 3 28 44 32 27 44 74 32 72 6 3 55 27 36 29 46 33 28 41 10 23 20 9 42 26 17
53 29 37 11 9 39 0 35 18 76 55 35 24 66 46 32 50 32 38 37 27 69 38 26 37 48 8 37 24 49 39 28 59 28 34 53 31 22 20 24
24 29 16 45 48 45 69 0 36 7 12 16 47 8 52 44 17 31 15 16 56 5 28 43 33 6 62 14 37 9 16 38 29 36 35 11 23 21 28 19
22 18 30 5 9 8 15 39 0 45 27 22 37 51 13 15 41 40 25 44 40 26 56 3 15 51 10 14 14 22 26 20 19 12 21 23 5 25 10 12
14 37 32 32 53 30 52 4 23 0 5 41 40 8 18 20 26 23 11 9 38 13 68 19 45 22 41 5 26 16 5 21 36 19 27 14 12 39 15 18
7 11 30 18 29 30 25 11 20 8 0 23 57 20 29 38 35 27 10 22 32 24 49 32 28 25 18 2 19 15 2 16 41 16 21 12 26 40 15 15
47 11 19 38 25 30 59 34 48 38 30 0 18 39 51 6 16 3 18 16 10 18 10 34 45 24 32 50 9 14 42 11 7 39 18 30 30 6 32 44
48 28 16 42 58 31 26 34 54 66 30 8 0 51 65 14 22 14 22 25 5 49 2 54 58 30 27 55 26 27 68 32 16 45 17 20 58 10 37 27
34 36 35 55 39 53 54 6 41 22 13 33 39 0 56 34 23 23 29 17 24 6 49 62 47 9 26 21 17 18 23 28 13 43 47 11 34 15 19 33
20 13 38 27 11 8 32 43 9 34 15 29 44 36 0 39 32 63 16 54 59 50 60 10 2 53 16 33 34 31 18 36 33 6 21 23 11 23 12 7
25 15 5 22 31 43 27 46 43 18 20 12 13 18 57 0 20 14 30 30 13 22 19 28 26 31 20 44 4 23 17 8 10 30 13 22 14 6 18 44
44 17 13 29 49 66 73 12 53 33 14 12 36 14 25 19 0 16 26 7 27 6 18 21 46 11 44 23 11 22 16 15 4 39 37 23 25 12 39 20
48 31 10 22 42 72 38 34 48 53 25 1 8 31 52 10 11 0 37 15 5 26 15 23 26 12 29 21 17 26 27 11 7 36 21 17 20 8 33 46
6 9 19 13 36 38 26 13 18 16 5 16 41 21 19 25 22 25 0 9 41 19 55 18 31 22 35 15 25 8 14 19 12 7 24 3 9 19 17 9
19 21 19 32 29 39 33 9 22 20 26 15 44 13 42 18 6 25 17 0 24 6 40 51 48 5 36 26 12 13 18 18 13 34 28 11 19 19 18 21
28 32 22 19 58 62 43 43 23 36 26 10 3 52 58 6 28 9 38 29 0 29 6 48 51 40 38 49 16 42 55 21 20 59 14 44 22 10 17 22
24 31 29 40 51 39 45 5 33 11 24 22 46 6 56 24 14 24 13 5 19 0 29 47 54 3 56 11 26 10 11 25 14 24 29 19 32 29 32 18
56 17 12 53 64 34 34 63 46 40 68 19 2 49 38 21 29 6 44 25 4 41 0 52 75 30 21 64 14 31 37 23 13 39 23 25 39 13 49 50
9 13 24 13 4 6 17 57 3 19 26 25 66 48 11 47 45 60 21 25 24 32 26 0 9 23 8 19 20 33 36 34 24 16 21 30 13 32 6 13
22 24 23 28 18 5 19 36 8 20 33 56 72 33 1 31 59 47 19 31 53 28 53 12 0 26 34 31 50 19 14 42 42 15 32 20 9 52 15 14
38 34 13 31 54 30 66 8 36 22 27 11 19 8 37 19 9 31 20 6 38 2 25 30 42 0 57 22 28 18 14 14 13 30 20 16 43 12 33 22
36 24 10 6 10 14 20 27 22 30 38 38 43 43 30 11 28 34 24 52 43 44 16 11 28 21 0 27 13 33 51 14 41 32 12 25 15 30 13 15
6 19 34 44 19 40 33 6 32 5 3 25 43 19 30 23 30 52 6 24 26 17 64 16 38 11 19 0 35 13 2 40 39 18 35 9 24 44 18 19
17 11 4 24 15 25 43 38 18 18 26 13 12 29 39 7 16 12 26 9 17 15 22 36 30 21 29 15 0 14 33 4 14 31 5 9 22 15 11 27
22 8 14 33 33 46 51 9 19 17 12 30 22 19 16 10 13 27 4 10 19 20 20 29 36 18 13 10 9 0 17 9 18 25 13 3 8 22 15 16
8 22 25 20 40 43 40 11 22 5 2 38 29 31 17 40 37 23 6 11 46 17 26 19 22 22 51 3 39 16 0 37 37 13 26 15 26 23 28 16
18 5 5 12 23 29 28 27 14 38 21 10 20 42 39 8 11 14 21 19 16 26 24 28 32 16 17 31 4 8 36 0 15 21 4 22 24 11 17 21
22 19 16 21 46 23 31 30 32 37 37 6 23 21 31 7 3 13 26 8 24 21 13 38 43 13 40 19 17 11 33 23 0 27 30 11 21 4 41 35
4 19 32 24 15 23 24 29 11 14 7 47 29 48 12 25 47 49 12 31 48 41 57 20 6 26 18 19 34 17 8 39 23 0 14 17 8 53 7 1
24 13 12 10 29 18 32 24 25 39 24 23 29 25 21 12 14 19 25 29 21 29 12 30 38 43 9 20 6 23 30 8 26 20 0 22 10 13 14 37
15 17 8 20 15 19 27 22 21 11 6 27 54 18 22 14 14 19 2 8 27 12 30 14 26 15 34 14 11 3 13 11 27 10 16 0 14 20 13 16
10 13 10 16 20 24 21 32 9 35 20 37 23 43 21 28 15 37 14 21 25 22 52 7 17 17 20 18 27 17 19 23 35 13 13 14 0 37 4 11
37 19 16 18 45 42 31 40 21 34 36 4 24 24 24 8 10 6 16 16 9 26 10 32 59 12 32 33 14 16 46 20 4 23 31 12 33 0 33 38
16 11 22 12 8 24 30 31 7 37 20 27 56 20 9 28 16 17 9 20 40 36 54 13 18 28 13 14 10 17 11 11 20 10 7 9 3 28 0 15
8 11 23 17 30 11 21 24 11 31 18 22 61 21 12 41 31 20 11 16 47 26 36 18 13 23 19 22 39 13 19 18 23 2 19 9 11 24 6 0