7
40
,
0 (18.0, 42.0) 24.0
1 (26.0, 26.0) 24.0
2 (31.0, 24.0) 40.0
3 (12.0, 21.0) 12.0
4 (4.0, 22.0) 19.0
5 (0.0, 34.0) 47.0
6 (3.0, 7.0) 32.0
7 (39.0, 48.0) 15.0
8 (9.0, 29.0) 28.0
9 (32.0, 50.0) 16.0
10 (26.0, 47.0) 48.0
11 (44.0, 18.0) 37.0
12 (47.0, 5.0) 50.0
13 (47.0, 46.0) 50.0
14 (4.0, 38.0) 16.0
15 (35.0, 16.0) 20.0
16 (46.0, 30.0) 26.0
17 (45.0, 16.0) 23.0
18 (26.0, 37.0) 33.0
19 (42.0, 35.0) 49.0
20 (44.0, 9.0) 25.0
21 (43.0, 42.0) 11.0
22 (45.0, 5.0) 27.0
23 (6.0, 28.0) 20.0
24 (2.0, 38.0) 24.0
25 (45.0, 38.0) 10.0
26 (14.0, 15.0) 18.0
27 (28.0, 47.0) 40.0
28 (33.0, 21.0) 39.0
29 (31.0, 34.0) 28.0
30 (25.0, 48.0) 22.0
31 (30.0, 20.0) 49.0
32 (44.0, 26.0) 16.0
33 (14.0, 41.0) 36.0
34 (24.0, 17.0) 20.0
35 (28.0, 37.0) 43.0
36 (17.0, 32.0) 35.0
37 (44.0, 22.0) 33.0
38 (17.0, 29.0) 22.0
39 (13.0, 40.0) 20.0
,
0 4 4 4 5 4 8 4 3 3 2 7 9 6 3 6 6 7 2 5 8 5 9 4 3 5 5 2 5 3 2 5 6 1 5 2 2 7 3 1
4 0 1 3 4 5 6 5 3 5 4 4 6 6 5 3 4 4 2 4 5 5 6 4 5 4 3 4 2 2 4 1 4 4 2 2 2 4 2 4
4 1 0 4 5 7 7 5 5 5 5 3 5 5 6 2 3 3 3 3 4 4 5 5 6 4 4 5 1 2 5 1 3 5 2 3 3 3 3 5
4 3 4 0 2 4 3 8 2 7 6 6 8 9 4 5 7 7 4 7 7 7 7 2 4 7 1 6 4 5 6 4 6 4 3 5 2 6 2 4
5 4 5 2 0 3 3 9 2 8 7 8 9 10 3 6 9 8 5 8 8 9 9 1 3 9 2 7 6 6 7 5 8 4 4 6 3 8 3 4
4 5 7 4 3 0 5 8 2 7 6 9 11 10 1 8 9 10 5 8 10 9 11 2 1 9 5 6 7 6 6 7 9 3 6 6 3 9 4 3
8 6 7 3 3 5 0 11 5 10 9 8 9 12 6 7 10 9 8 10 8 11 8 4 6 10 3 9 7 8 9 6 9 7 5 8 6 9 5 7
4 5 5 8 9 8 11 0 7 1 3 6 9 2 7 6 4 7 3 3 8 1 9 8 8 2 8 2 6 3 3 6 5 5 7 3 5 5 6 5
3 3 5 2 2 2 5 7 0 6 5 7 9 8 2 6 7 8 4 7 8 7 9 1 2 7 3 5 5 5 5 5 7 3 4 4 2 7 2 2
3 5 5 7 8 7 10 1 6 0 1 7 9 3 6 7 5 7 3 4 9 3 9 7 6 4 8 1 6 3 1 6 5 4 7 3 5 6 5 4
2 4 5 6 7 6 9 3 5 1 0 7 9 4 5 6 5 7 2 4 8 4 9 6 5 4 7 0 5 3 0 5 6 3 6 2 3 6 4 3
7 4 3 6 8 9 8 6 7 7 7 0 3 6 9 2 2 0 5 3 2 5 3 8 9 4 6 7 2 4 7 3 2 8 4 5 6 1 6 8
9 6 5 8 9 11 9 9 9 9 9 3 0 8 11 3 5 2 8 6 1 7 0 9 11 7 7 9 4 7 10 5 4 10 5 7 8 3 8 10
6 6 5 9 10 10 12 2 8 3 4 6 8 0 9 6 3 6 5 2 7 1 8 9 9 2 9 4 6 4 4 6 4 7 7 4 7 5 7 7
3 5 6 4 3 1 6 7 2 6 5 9 11 9 0 8 9 9 4 8 10 8 11 2 0 8 5 5 7 5 5 6 8 2 6 5 3 9 3 2
6 3 2 5 6 8 7 6 6 7 6 2 3 6 8 0 4 2 5 4 2 5 3 6 8 5 4 6 1 4 7 1 3 7 2 4 5 2 4 7
6 4 3 7 9 9 10 4 7 5 5 2 5 3 9 4 0 3 4 1 4 2 5 8 9 2 7 5 3 3 6 4 1 7 5 4 6 2 6 7
7 4 3 7 8 10 9 7 8 7 7 0 2 6 9 2 3 0 6 4 1 5 2 8 10 4 6 7 3 5 8 3 2 8 4 5 6 1 6 8
2 2 3 4 5 5 8 3 4 3 2 5 8 5 4 5 4 6 0 3 7 4 7 4 5 4 5 2 3 1 2 3 4 3 4 0 2 5 2 3
5 4 3 7 8 8 10 3 7 4 4 3 6 2 8 4 1 4 3 0 5 1 6 7 8 1 7 4 3 2 4 4 2 6 5 3 5 3 5 6
8 5 4 7 8 10 8 8 8 9 8 2 1 7 10 2 4 1 7 5 0 7 1 8 10 6 6 8 3 6 9 4 3 9 4 6 7 3 7 9
5 5 4 7 9 9 11 1 7 3 4 5 7 1 8 5 2 5 4 1 7 0 7 8 8 1 8 3 5 3 4 5 3 6 6 3 6 4 6 6
9 6 5 7 9 11 8 9 9 9 9 3 0 8 11 3 5 2 7 6 1 7 0 9 11 7 7 9 4 6 9 4 4 10 5 7 8 3 7 9
4 4 5 2 1 2 4 8 1 7 6 8 9 9 2 6 8 8 4 7 8 8 9 0 2 8 3 6 6 5 6 5 8 3 4 5 2 8 2 3
3 5 6 4 3 1 6 8 2 6 5 9 11 9 0 8 9 10 5 8 10 8 11 2 0 9 5 6 7 6 5 7 9 2 6 5 3 9 3 2
5 4 4 7 9 9 10 2 7 4 4 4 7 2 8 5 2 4 4 1 6 1 7 8 9 0 8 4 4 3 4 5 2 6 6 3 6 3 6 6
5 3 4 1 2 5 3 8 3 8 7 6 7 9 5 4 7 6 5 7 6 8 7 3 5 8 0 7 4 5 7 3 6 5 2 5 3 6 3 5
2 4 5 6 7 6 9 2 5 1 0 7 9 4 5 6 5 7 2 4 8 3 9 6 6 4 7 0 5 3 1 5 5 3 6 2 4 6 4 3
5 2 1 4 6 7 7 6 5 6 5 2 4 6 7 1 3 3 3 3 3 5 4 6 7 4 4 5 0 3 6 1 2 6 2 3 4 2 4 6
3 2 2 5 6 6 8 3 5 3 3 4 7 4 5 4 3 5 1 2 6 3 6 5 6 3 5 3 3 0 3 3 3 4 4 1 3 4 3 4
2 4 5 6 7 6 9 3 5 1 0 7 10 4 5 7 6 8 2 4 9 4 9 6 5 4 7 1 6 3 0 6 6 3 6 2 4 6 4 3
5 1 1 4 5 7 6 6 5 6 5 3 5 6 6 1 4 3 3 4 4 5 4 5 7 5 3 5 1 3 6 0 3 5 1 3 4 3 3 5
6 4 3 6 8 9 9 5 7 5 6 2 4 4 8 3 1 2 4 2 3 3 4 8 9 2 6 5 2 3 6 3 0 7 4 4 6 1 5 7
1 4 5 4 4 3 7 5 3 4 3 8 10 7 2 7 7 8 3 6 9 6 10 3 2 6 5 3 6 4 3 5 7 0 5 3 2 7 2 0
5 2 2 3 4 6 5 7 4 7 6 4 5 7 6 2 5 4 4 5 4 6 5 4 6 6 2 6 2 4 6 1 4 5 0 4 3 4 3 5
2 2 3 5 6 6 8 3 4 3 2 5 7 4 5 4 4 5 0 3 6 3 7 5 5 3 5 2 3 1 2 3 4 3 4 0 2 4 3 3
2 2 3 2 3 3 6 5 2 5 3 6 8 7 3 5 6 6 2 5 7 6 8 2 3 6 3 4 4 3 4 4 6 2 3 2 0 6 1 2
7 4 3 6 8 9 9 5 7 6 6 1 3 5 9 2 2 1 5 3 3 4 3 8 9 3 6 6 2 4 6 3 1 7 4 4 6 0 6 7
3 2 3 2 3 4 5 6 2 5 4 6 8 7 3 4 6 6 2 5 7 6 7 2 3 6 3 4 4 3 4 3 5 2 3 3 1 6 0 2
1 4 5 4 4 3 7 5 2 4 3 8 10 7 2 7 7 8 3 6 9 6 9 3 2 6 5 3 6 4 3 5 7 0 5 3 2 7 2 0
,
0 23 22 18 14 16 48 17 14 9 12 34 43 15 18 46 26 26 8 36 43 23 39 20 22 15 39 14 32 11 9 28 16 2 36 12 7 30 7 5
26 0 6 21 17 40 19 38 16 19 30 22 17 19 24 11 14 32 15 21 36 16 19 18 15 13 19 15 4 10 30 9 26 12 9 9 11 24 10 14
17 7 0 24 16 39 25 33 32 22 21 13 14 39 20 13 20 13 9 16 19 16 25 18 33 11 22 20 2 14 34 3 9 13 8 13 8 8 13 23
33 21 14 0 11 11 20 29 9 22 34 27 30 34 18 29 44 48 26 19 20 25 34 12 10 49 4 34 15 17 32 13 46 22 9 34 16 38 8 10
14 20 35 8 0 16 12 59 5 22 36 28 24 64 11 42 29 36 14 43 27 58 44 9 10 34 16 29 21 30 38 22 37 13 18 27 19 34 11 27
12 20 40 15 17 0 36 36 7 27 18 46 63 53 5 44 42 43 16 40 40 62 37 12 6 44 14 37 50 42 38 25 57 9 37 19 12 62 13 17
36 37 45 11 12 33 0 32 13 75 69 36 62 50 44 45 54 24 45 52 21 49 63 25 33 72 12 31 42 47 29 42 64 35 25 26 29 31 31 31
27 13 26 52 63 33 55 0 23 7 17 34 47 9 26 41 16 33 17 13 31 6 48 33 56 10 61 11 21 9 13 27 30 25 24 16 18 22 38 36
23 23 27 7 7 11 34 34 0 22 20 20 23 55 11 30 35 39 20 31 57 36 54 5 17 23 8 33 17 19 30 24 51 12 28 19 12 37 5 15
19 28 15 44 22 36 70 10 33 0 7 45 26 11 18 45 20 19 13 21 44 18 43 44 30 25 34 4 28 16 10 16 39 20 24 13 29 34 17 14
8 19 34 24 32 27 24 16 14 5 0 29 55 24 31 41 25 24 5 12 26 21 67 30 35 14 50 2 24 19 1 24 30 16 29 10 16 39 19 15
18 27 12 38 30 44 42 34 52 17 26 0 14 37 28 11 15 1 33 23 10 20 18 35 34 17 45 30 12 13 50 9 7 37 11 31 36 5 41 57
28 24 36 56 38 47 36 62 58 69 60 19 0 47 74 16 19 8 27 33 3 22 2 26 42 48 45 54 28 28 28 15 19 49 31 22 54 16 49 42
15 16 14 58 48 51 82 7 36 11 22 35 55 0 50 34 15 33 34 14 38 7 51 62 44 6 30 27 35 19 28 30 11 34 51 26 35 22 38 50
21 26 34 13 13 8 46 40 13 28 19 24 46 52 0 56 59 30 13 32 66 40 71 9 1 57 29 33 31 31 19 21 45 12 32 26 19 32 13 5
29 11 9 32 36 40 50 28 32 50 48 8 18 31 54 0 11 12 22 23 8 32 10 22 27 14 18 39 5 12 50 5 17 17 11 12 25 8 22 29
18 23 10 45 61 43 38 21 26 24 35 16 25 11 25 23 0 14 31 4 29 14 27 55 32 8 33 23 17 9 15 27 3 50 18 13 43 6 37 46
31 31 20 49 36 46 50 20 29 26 48 1 15 31 57 7 13 0 18 23 8 28 13 32 61 32 46 51 19 18 47 22 6 24 27 40 46 9 27 23
11 10 7 11 16 32 29 14 16 10 9 14 52 18 26 20 20 25 0 8 38 25 31 23 16 13 30 9 23 8 16 14 23 12 15 3 12 34 16 18
27 24 15 23 36 28 57 11 22 12 26 20 20 7 49 21 4 21 18 0 26 8 29 29 52 5 48 14 10 7 15 16 9 29 21 7 29 14 14 38
50 36 11 21 36 61 35 30 40 31 23 11 4 36 31 9 25 5 40 29 0 33 5 57 58 41 43 54 8 37 38 19 10 39 14 32 41 13 50 42
18 30 24 49 61 48 59 10 51 14 20 34 44 6 46 23 7 22 14 9 27 0 51 23 60 2 54 19 31 16 25 21 17 31 34 12 34 17 26 17
32 36 17 45 41 49 52 65 26 35 37 8 2 35 67 7 18 7 24 32 3 20 0 39 61 48 35 37 11 21 61 31 24 30 17 42 31 24 54 70
16 13 21 9 3 6 23 37 4 36 36 50 65 29 14 42 49 29 20 50 58 53 38 0 15 57 20 21 39 38 39 16 37 16 14 27 15 51 9 16
12 37 45 25 15 5 30 40 14 24 30 31 82 55 3 49 37 34 34 25 76 49 61 9 0 47 20 23 52 26 23 37 60 17 45 21 23 57 10 14
27 33 28 24 57 51 76 13 47 21 15 15 42 9 60 18 12 13 22 5 23 3 44 28 63 0 37 18 16 15 15 25 13 21 21 11 19 11 40 45
32 14 22 6 9 29 8 51 12 33 30 32 50 42 34 24 40 35 25 36 39 39 39 18 30 56 0 36 29 21 47 21 33 28 10 39 10 25 20 34
16 30 15 32 38 26 27 10 20 4 2 30 46 17 13 19 21 34 9 17 51 24 43 39 38 12 30 0 27 12 4 24 37 19 38 7 14 17 15 15
26 5 3 18 40 28 28 30 35 23 40 12 23 41 49 8 23 14 24 21 12 26 17 35 47 11 11 26 0 14 35 4 14 32 6 19 22 10 22 25
18 7 6 16 38 44 43 23 23 13 16 12 25 15 36 26 16 22 7 15 16 12 42 32 24 10 16 17 10 0 15 13 19 15 16 4 17 16 13 20
13 23 24 24 22 28 63 11 13 9 1 36 60 26 30 40 37 34 9 15 35 12 66 30 34 23 46 3 18 22 0 15 28 13 37 10 13 18 29 7
13 10 3 24 30 33 27 16 16 22 20 20 34 21 40 4 17 17 16 23 23 29 12 24 17 22 13 22 4 12 17 0 20 23 8 13 18 19 10 28
32 20 10 16 29 25 45 17 18 38 16 5 13 23 37 11 4 7 29 7 16 10 28 21 49 16 19 14 10 10 22 11 0 50 27 18 24 3 24 37
4 22 18 13 27 17 40 15 18 19 14 23 34 19 6 43 27 47 14 34 37 18 60 8 10 43 27 10 16 24 12 36 48 0 14 21 7 23 11 1
20 8 11 17 19 38 21 37 19 27 33 17 31 52 21 11 23 11 27 24 17 25 21 24 24 34 8 27 6 26 38 4 30 19 0 21 14 28 9 14
16 10 7 23 15 23 34 10 14 19 9 17 34 13 34 17 10 23 3 16 46 21 51 31 19 10 35 8 11 3 11 11 17 20 30 0 10 27 16 22
11 13 9 16 18 12 16 25 6 24 13 23 44 50 17 35 28 43 9 14 39 29 23 15 13 25 24 28 13 20 15 22 41 9 21 7 0 41 3 12
38 16 9 38 46 41 30 24 28 23 40 5 25 30 34 16 7 4 12 14 10 15 23 35 61 23 18 18 8 18 33 9 5 24 22 20 35 0 35 31
13 14 15 14 10 25 39 37 4 29 13 34 21 27 9 30 35 18 6 32 32 20 36 10 25 30 11 20 11 12 25 12 23 7 11 19 2 28 0 11
7 12 14 28 26 10 25 31 12 22 15 19 46 33 11 26 17 32 10 18 62 31 41 11 15 44 34 19 32 20 18 22 39 1 30 9 5 39 7 0