7
40
,
0 (18.0, 42.0) 49.0
1 (26.0, 26.0) 38.0
2 (31.0, 24.0) 11.0
3 (12.0, 21.0) 36.0
4 (4.0, 22.0) 37.0
5 (0.0, 34.0) 26.0
6 (3.0, 7.0) 14.0
7 (39.0, 48.0) 14.0
8 (9.0, 29.0) 40.0
9 (32.0, 50.0) 10.0
10 (26.0, 47.0) 14.0
11 (44.0, 18.0) 33.0
12 (47.0, 5.0) 35.0
13 (47.0, 46.0) 13.0
14 (4.0, 38.0) 36.0
15 (35.0, 16.0) 20.0
16 (46.0, 30.0) 26.0
17 (45.0, 16.0) 11.0
18 (26.0, 37.0) 31.0
19 (42.0, 35.0) 12.0
20 (44.0, 9.0) 12.0
21 (43.0, 42.0) 35.0
22 (45.0, 5.0) 16.0
23 (6.0, 28.0) 47.0
24 (2.0, 38.0) 16.0
25 (45.0, 38.0) 18.0
26 (14.0, 15.0) 12.0
27 (28.0, 47.0) 26.0
28 (33.0, 21.0) 12.0
29 (31.0, 34.0) 20.0
30 (25.0, 48.0) 21.0
31 (30.0, 20.0) 48.0
32 (44.0, 26.0) 11.0
33 (14.0, 41.0) 28.0
34 (24.0, 17.0) 24.0
35 (28.0, 37.0) 13.0
36 (17.0, 32.0) 19.0
37 (44.0, 22.0) 36.0
38 (17.0, 29.0) 15.0
39 (13.0, 40.0) 21.0
,
0 4 4 4 5 4 8 4 3 3 2 7 9 6 3 6 6 7 2 5 8 5 9 4 3 5 5 2 5 3 2 5 6 1 5 2 2 7 3 1
4 0 1 3 4 5 6 5 3 5 4 4 6 6 5 3 4 4 2 4 5 5 6 4 5 4 3 4 2 2 4 1 4 4 2 2 2 4 2 4
4 1 0 4 5 7 7 5 5 5 5 3 5 5 6 2 3 3 3 3 4 4 5 5 6 4 4 5 1 2 5 1 3 5 2 3 3 3 3 5
4 3 4 0 2 4 3 8 2 7 6 6 8 9 4 5 7 7 4 7 7 7 7 2 4 7 1 6 4 5 6 4 6 4 3 5 2 6 2 4
5 4 5 2 0 3 3 9 2 8 7 8 9 10 3 6 9 8 5 8 8 9 9 1 3 9 2 7 6 6 7 5 8 4 4 6 3 8 3 4
4 5 7 4 3 0 5 8 2 7 6 9 11 10 1 8 9 10 5 8 10 9 11 2 1 9 5 6 7 6 6 7 9 3 6 6 3 9 4 3
8 6 7 3 3 5 0 11 5 10 9 8 9 12 6 7 10 9 8 10 8 11 8 4 6 10 3 9 7 8 9 6 9 7 5 8 6 9 5 7
4 5 5 8 9 8 11 0 7 1 3 6 9 2 7 6 4 7 3 3 8 1 9 8 8 2 8 2 6 3 3 6 5 5 7 3 5 5 6 5
3 3 5 2 2 2 5 7 0 6 5 7 9 8 2 6 7 8 4 7 8 7 9 1 2 7 3 5 5 5 5 5 7 3 4 4 2 7 2 2
3 5 5 7 8 7 10 1 6 0 1 7 9 3 6 7 5 7 3 4 9 3 9 7 6 4 8 1 6 3 1 6 5 4 7 3 5 6 5 4
2 4 5 6 7 6 9 3 5 1 0 7 9 4 5 6 5 7 2 4 8 4 9 6 5 4 7 0 5 3 0 5 6 3 6 2 3 6 4 3
7 4 3 6 8 9 8 6 7 7 7 0 3 6 9 2 2 0 5 3 2 5 3 8 9 4 6 7 2 4 7 3 2 8 4 5 6 1 6 8
9 6 5 8 9 11 9 9 9 9 9 3 0 8 11 3 5 2 8 6 1 7 0 9 11 7 7 9 4 7 10 5 4 10 5 7 8 3 8 10
6 6 5 9 10 10 12 2 8 3 4 6 8 0 9 6 3 6 5 2 7 1 8 9 9 2 9 4 6 4 4 6 4 7 7 4 7 5 7 7
3 5 6 4 3 1 6 7 2 6 5 9 11 9 0 8 9 9 4 8 10 8 11 2 0 8 5 5 7 5 5 6 8 2 6 5 3 9 3 2
6 3 2 5 6 8 7 6 6 7 6 2 3 6 8 0 4 2 5 4 2 5 3 6 8 5 4 6 1 4 7 1 3 7 2 4 5 2 4 7
6 4 3 7 9 9 10 4 7 5 5 2 5 3 9 4 0 3 4 1 4 2 5 8 9 2 7 5 3 3 6 4 1 7 5 4 6 2 6 7
7 4 3 7 8 10 9 7 8 7 7 0 2 6 9 2 3 0 6 4 1 5 2 8 10 4 6 7 3 5 8 3 2 8 4 5 6 1 6 8
2 2 3 4 5 5 8 3 4 3 2 5 8 5 4 5 4 6 0 3 7 4 7 4 5 4 5 2 3 1 2 3 4 3 4 0 2 5 2 3
5 4 3 7 8 8 10 3 7 4 4 3 6 2 8 4 1 4 3 0 5 1 6 7 8 1 7 4 3 2 4 4 2 6 5 3 5 3 5 6
8 5 4 7 8 10 8 8 8 9 8 2 1 7 10 2 4 1 7 5 0 7 1 8 10 6 6 8 3 6 9 4 3 9 4 6 7 3 7 9
5 5 4 7 9 9 11 1 7 3 4 5 7 1 8 5 2 5 4 1 7 0 7 8 8 1 8 3 5 3 4 5 3 6 6 3 6 4 6 6
9 6 5 7 9 11 8 9 9 9 9 3 0 8 11 3 5 2 7 6 1 7 0 9 11 7 7 9 4 6 9 4 4 10 5 7 8 3 7 9
4 4 5 2 1 2 4 8 1 7 6 8 9 9 2 6 8 8 4 7 8 8 9 0 2 8 3 6 6 5 6 5 8 3 4 5 2 8 2 3
3 5 6 4 3 1 6 8 2 6 5 9 11 9 0 8 9 10 5 8 10 8 11 2 0 9 5 6 7 6 5 7 9 2 6 5 3 9 3 2
5 4 4 7 9 9 10 2 7 4 4 4 7 2 8 5 2 4 4 1 6 1 7 8 9 0 8 4 4 3 4 5 2 6 6 3 6 3 6 6
5 3 4 1 2 5 3 8 3 8 7 6 7 9 5 4 7 6 5 7 6 8 7 3 5 8 0 7 4 5 7 3 6 5 2 5 3 6 3 5
2 4 5 6 7 6 9 2 5 1 0 7 9 4 5 6 5 7 2 4 8 3 9 6 6 4 7 0 5 3 1 5 5 3 6 2 4 6 4 3
5 2 1 4 6 7 7 6 5 6 5 2 4 6 7 1 3 3 3 3 3 5 4 6 7 4 4 5 0 3 6 1 2 6 2 3 4 2 4 6
3 2 2 5 6 6 8 3 5 3 3 4 7 4 5 4 3 5 1 2 6 3 6 5 6 3 5 3 3 0 3 3 3 4 4 1 3 4 3 4
2 4 5 6 7 6 9 3 5 1 0 7 10 4 5 7 6 8 2 4 9 4 9 6 5 4 7 1 6 3 0 6 6 3 6 2 4 6 4 3
5 1 1 4 5 7 6 6 5 6 5 3 5 6 6 1 4 3 3 4 4 5 4 5 7 5 3 5 1 3 6 0 3 5 1 3 4 3 3 5
6 4 3 6 8 9 9 5 7 5 6 2 4 4 8 3 1 2 4 2 3 3 4 8 9 2 6 5 2 3 6 3 0 7 4 4 6 1 5 7
1 4 5 4 4 3 7 5 3 4 3 8 10 7 2 7 7 8 3 6 9 6 10 3 2 6 5 3 6 4 3 5 7 0 5 3 2 7 2 0
5 2 2 3 4 6 5 7 4 7 6 4 5 7 6 2 5 4 4 5 4 6 5 4 6 6 2 6 2 4 6 1 4 5 0 4 3 4 3 5
2 2 3 5 6 6 8 3 4 3 2 5 7 4 5 4 4 5 0 3 6 3 7 5 5 3 5 2 3 1 2 3 4 3 4 0 2 4 3 3
2 2 3 2 3 3 6 5 2 5 3 6 8 7 3 5 6 6 2 5 7 6 8 2 3 6 3 4 4 3 4 4 6 2 3 2 0 6 1 2
7 4 3 6 8 9 9 5 7 6 6 1 3 5 9 2 2 1 5 3 3 4 3 8 9 3 6 6 2 4 6 3 1 7 4 4 6 0 6 7
3 2 3 2 3 4 5 6 2 5 4 6 8 7 3 4 6 6 2 5 7 6 7 2 3 6 3 4 4 3 4 3 5 2 3 3 1 6 0 2
1 4 5 4 4 3 7 5 2 4 3 8 10 7 2 7 7 8 3 6 9 6 9 3 2 6 5 3 6 4 3 5 7 0 5 3 2 7 2 0
,
0 21 24 16 17 23 39 30 18 10 11 39 69 16 18 27 38 43 7 16 49 22 33 24 11 26 27 11 35 22 8 34 16 5 31 10 10 16 17 4
25 0 4 13 21 30 20 35 23 23 21 22 22 19 14 14 21 12 9 12 19 23 35 18 34 13 9 19 8 10 13 5 26 16 7 11 8 19 12 14
23 3 0 15 32 44 32 22 15 36 13 8 13 35 32 9 23 15 11 17 18 16 32 24 21 10 18 34 4 7 20 2 15 22 9 12 13 19 20 15
22 20 16 0 12 9 8 40 4 51 15 41 30 46 18 31 39 49 20 26 51 19 46 5 24 19 6 31 12 27 37 19 23 28 12 21 15 24 10 12
34 27 18 11 0 15 15 33 12 30 43 33 51 32 21 31 46 61 28 40 62 53 28 9 12 59 11 41 32 27 18 30 25 27 23 17 18 56 21 26
13 30 17 11 10 0 40 35 13 43 20 70 35 63 6 58 66 55 30 32 65 49 27 9 6 30 15 27 44 21 35 24 28 20 24 36 23 28 22 18
25 41 40 14 19 40 0 34 21 37 51 61 42 86 16 39 32 24 19 26 51 63 28 25 30 43 12 31 40 20 24 20 41 49 27 51 37 52 32 47
16 17 26 35 48 57 46 0 41 9 11 39 40 5 30 25 27 40 15 8 50 5 36 29 46 9 60 15 27 12 16 34 21 15 30 21 22 34 29 30
18 16 28 12 7 8 28 18 0 38 32 40 58 36 8 30 29 23 17 46 49 18 26 5 16 44 17 39 14 13 32 21 53 14 19 25 12 31 11 17
24 28 25 21 58 44 65 7 32 0 8 45 42 8 25 50 26 24 18 24 31 17 32 27 35 22 53 6 22 9 5 45 33 19 17 17 15 20 22 25
6 13 28 20 34 21 68 10 19 9 0 49 69 20 25 25 32 42 5 19 43 13 36 40 33 15 18 1 19 13 2 29 22 12 27 9 11 34 13 8
35 11 9 41 23 52 42 31 48 22 18 0 11 39 45 5 11 3 31 16 7 31 17 30 42 25 17 27 12 26 22 18 7 57 25 27 20 3 41 24
35 18 24 26 30 61 54 50 24 60 68 10 0 32 67 20 26 6 49 34 6 20 3 31 31 25 20 63 24 44 67 19 11 39 36 51 31 20 23 40
35 42 35 43 38 41 33 4 37 22 23 15 48 0 51 29 16 28 19 9 29 6 22 49 49 11 26 18 39 19 31 35 22 18 25 23 29 31 36 32
14 23 20 16 23 8 32 31 11 28 32 51 32 40 0 29 27 37 16 28 27 28 40 7 1 24 15 14 32 21 30 40 25 7 17 19 17 25 23 7
33 15 12 34 16 41 17 29 23 23 47 6 20 30 41 0 24 14 27 23 9 39 21 28 42 12 18 36 7 11 45 4 20 19 15 28 26 8 28 28
25 18 13 35 43 55 60 17 44 24 29 11 27 17 23 22 0 11 16 4 17 8 23 23 43 8 29 23 18 10 18 14 4 24 33 19 44 10 30 50
25 17 12 40 43 53 61 21 32 46 54 3 14 26 66 15 11 0 36 25 9 20 15 31 41 27 21 52 13 32 36 15 11 29 18 40 20 4 21 47
11 8 20 28 34 14 40 16 10 21 9 23 35 34 25 24 29 27 0 16 38 22 25 30 29 21 33 10 20 5 14 24 22 11 23 1 5 18 10 13
14 10 22 18 55 44 54 9 40 17 10 14 23 9 50 12 4 20 9 0 16 7 26 24 21 6 34 9 11 10 27 19 7 16 24 21 28 15 22 37
30 16 15 29 37 39 45 56 45 63 61 12 4 53 30 12 27 9 28 29 0 34 2 54 58 38 38 31 21 36 54 10 12 65 21 31 50 13 26 46
22 13 12 32 47 45 75 7 48 20 16 34 38 8 25 30 8 18 25 7 31 0 24 32 24 2 51 11 14 11 15 30 23 22 29 22 20 13 30 44
24 37 30 30 35 46 28 23 29 53 36 15 2 54 47 10 31 13 32 35 5 38 0 24 77 17 46 59 24 16 38 19 26 39 35 18 26 20 37 40
26 13 36 8 7 4 19 42 2 39 34 20 61 66 5 27 23 36 26 51 54 54 43 0 7 31 14 44 30 38 25 25 43 8 13 33 7 46 13 10
22 38 17 15 22 6 23 28 16 45 26 35 42 30 1 50 56 44 22 48 55 62 53 13 0 34 15 22 34 43 14 21 23 10 43 22 17 44 18 15
38 23 25 55 55 59 46 9 19 26 20 22 28 8 27 33 10 19 22 4 26 2 44 32 53 0 22 15 17 21 12 29 16 33 18 9 42 19 21 17
19 10 24 7 9 29 7 22 12 51 31 29 39 62 26 16 50 45 13 30 32 52 28 16 33 25 0 25 29 38 23 20 46 32 7 22 14 34 10 35
9 16 15 28 44 37 58 16 34 5 2 36 30 13 13 44 15 20 6 12 47 17 24 30 36 15 44 0 34 19 5 32 16 9 21 14 25 28 18 10
13 7 4 19 35 41 21 23 17 30 22 17 12 28 19 5 17 18 22 19 15 31 11 29 23 15 12 37 0 19 29 5 17 39 13 22 17 15 18 28
10 5 9 16 44 26 53 10 23 9 8 18 40 12 19 10 12 22 4 11 32 21 32 30 27 21 19 14 12 0 20 15 17 25 26 3 19 13 12 18
11 14 34 20 45 15 35 19 27 6 1 39 71 15 21 40 33 23 6 14 41 17 56 17 34 25 38 2 27 9 0 39 42 7 38 10 18 30 22 11
13 7 5 23 27 25 24 34 16 39 32 9 12 33 45 3 27 15 17 14 12 13 17 30 17 18 16 38 3 14 20 0 18 30 4 9 23 12 15 17
37 19 18 42 21 61 62 31 18 40 20 8 27 23 26 9 5 6 29 9 21 22 16 31 48 9 25 19 13 8 15 9 0 23 27 25 21 3 39 23
5 24 34 25 19 11 26 25 8 19 9 49 54 46 15 46 26 51 8 36 50 17 31 9 10 36 36 22 17 15 15 17 33 0 20 13 9 31 15 1
30 7 12 16 15 35 21 20 12 29 29 24 30 21 32 9 27 24 18 31 20 40 20 15 19 21 8 37 13 23 22 8 11 30 0 19 14 28 10 33
11 9 10 29 37 35 38 14 18 13 8 37 40 19 31 33 27 32 2 16 26 11 28 30 21 12 37 13 13 3 10 10 12 17 11 0 12 19 10 9
13 9 22 13 11 18 28 20 5 24 14 16 60 17 12 18 16 24 11 22 30 22 39 14 16 38 25 18 17 11 17 14 31 5 12 9 0 15 3 6
22 17 20 28 44 35 48 17 30 30 35 4 22 21 35 9 7 9 12 19 17 23 21 32 43 18 29 38 7 12 37 18 4 46 15 17 26 0 30 47
14 6 18 7 10 17 28 22 7 37 21 34 25 30 14 13 35 28 17 35 31 19 19 12 11 31 8 26 14 12 31 15 34 6 18 19 4 23 0 14
6 17 22 13 11 18 51 29 10 23 13 56 69 41 9 41 35 32 12 30 62 33 60 12 7 32 13 20 22 12 17 16 26 1 24 14 13 31 10 0