2
10
,
0 (30.0, 48.0) 62.0
1 (32.0, 3.0) 66.0
2 (33.0, 14.0) 41.0
3 (1.0, 14.0) 41.0
4 (39.0, 24.0) 76.0
5 (22.0, 45.0) 52.0
6 (34.0, 8.0) 34.0
7 (22.0, 27.0) 68.0
8 (1.0, 47.0) 60.0
9 (4.0, 26.0) 31.0
,
0 28 16 18 7 23 25 17 17 24 13 0
28 0 23 17 22 13 4 20 11 15 17 28
16 23 0 6 16 11 22 3 13 27 18 16
18 17 6 0 16 6 16 3 9 23 16 18
7 22 16 16 0 20 19 17 12 16 6 7
23 13 11 6 20 0 14 8 9 22 18 23
25 4 22 16 19 14 0 19 9 11 13 25
17 20 3 3 17 8 19 0 11 26 17 17
17 11 13 9 12 9 9 11 0 14 9 17
24 15 27 23 16 22 11 26 14 0 11 24
13 17 18 16 6 18 13 17 9 11 0 13
0 28 16 18 7 23 25 17 17 24 13 0
,
0 69 35 45 13 34 52 33 48 47 19 0
52 0 27 36 45 30 9 29 28 35 17 55
43 25 0 10 34 26 47 7 31 59 46 28
27 46 14 0 31 13 47 3 11 58 27 32
21 58 40 48 0 37 39 28 24 23 17 16
33 31 26 6 42 0 26 22 11 48 21 57
67 7 33 41 42 15 0 32 10 12 19 65
43 50 5 7 32 15 57 0 17 42 26 29
34 19 20 11 17 22 13 24 0 41 10 44
31 22 52 31 25 30 15 37 35 0 18 57
23 36 31 40 9 41 20 52 13 12 0 37
0 45 37 47 17 62 72 43 48 48 25 0