2
10
,
0 (30.0, 48.0) 41.0
1 (32.0, 3.0) 81.0
2 (33.0, 14.0) 72.0
3 (1.0, 14.0) 37.0
4 (39.0, 24.0) 38.0
5 (22.0, 45.0) 31.0
6 (34.0, 8.0) 45.0
7 (22.0, 27.0) 50.0
8 (1.0, 47.0) 59.0
9 (4.0, 26.0) 37.0
,
0 28 16 18 7 23 25 17 17 24 13 0
28 0 23 17 22 13 4 20 11 15 17 28
16 23 0 6 16 11 22 3 13 27 18 16
18 17 6 0 16 6 16 3 9 23 16 18
7 22 16 16 0 20 19 17 12 16 6 7
23 13 11 6 20 0 14 8 9 22 18 23
25 4 22 16 19 14 0 19 9 11 13 25
17 20 3 3 17 8 19 0 11 26 17 17
17 11 13 9 12 9 9 11 0 14 9 17
24 15 27 23 16 22 11 26 14 0 11 24
13 17 18 16 6 18 13 17 9 11 0 13
0 28 16 18 7 23 25 17 17 24 13 0
,
0 80 24 33 14 44 64 37 26 55 15 0
76 0 32 23 59 30 9 22 27 18 29 44
31 57 0 12 18 25 59 3 30 68 28 26
42 19 16 0 20 16 44 4 24 61 43 43
14 52 31 41 0 52 22 23 12 28 11 14
34 36 19 15 28 0 35 16 14 37 30 47
64 5 61 28 50 16 0 57 26 20 39 54
35 49 5 5 18 17 20 0 18 47 48 42
36 24 23 13 30 26 16 15 0 27 22 27
52 37 53 30 18 42 14 65 25 0 25 53
26 37 22 29 7 33 32 38 27 27 0 28
0 81 20 36 14 42 52 35 23 25 18 0