2
10
,
0 (30.0, 48.0) 37.0
1 (32.0, 3.0) 81.0
2 (33.0, 14.0) 56.0
3 (1.0, 14.0) 76.0
4 (39.0, 24.0) 61.0
5 (22.0, 45.0) 74.0
6 (34.0, 8.0) 76.0
7 (22.0, 27.0) 78.0
8 (1.0, 47.0) 50.0
9 (4.0, 26.0) 49.0
,
0 28 16 18 7 23 25 17 17 24 13 0
28 0 23 17 22 13 4 20 11 15 17 28
16 23 0 6 16 11 22 3 13 27 18 16
18 17 6 0 16 6 16 3 9 23 16 18
7 22 16 16 0 20 19 17 12 16 6 7
23 13 11 6 20 0 14 8 9 22 18 23
25 4 22 16 19 14 0 19 9 11 13 25
17 20 3 3 17 8 19 0 11 26 17 17
17 11 13 9 12 9 9 11 0 14 9 17
24 15 27 23 16 22 11 26 14 0 11 24
13 17 18 16 6 18 13 17 9 11 0 13
0 28 16 18 7 23 25 17 17 24 13 0
,
0 82 46 41 8 51 42 42 24 51 29 0
30 0 57 27 27 15 12 49 14 34 30 57
46 37 0 10 24 11 39 6 22 53 51 34
34 33 10 0 30 14 34 7 9 62 24 18
8 29 17 30 0 53 55 35 37 19 18 14
29 32 27 17 43 0 23 16 18 51 47 68
37 11 47 18 36 35 0 31 17 21 22 26
29 48 5 4 19 14 43 0 13 57 43 44
17 23 26 23 29 25 15 15 0 31 22 36
66 33 48 37 38 62 26 30 19 0 13 30
32 36 25 37 17 38 36 23 13 21 0 20
0 44 39 40 10 58 59 50 41 28 37 0