2
10
,
0 (30.0, 48.0) 71.0
1 (32.0, 3.0) 31.0
2 (33.0, 14.0) 34.0
3 (1.0, 14.0) 47.0
4 (39.0, 24.0) 30.0
5 (22.0, 45.0) 62.0
6 (34.0, 8.0) 89.0
7 (22.0, 27.0) 52.0
8 (1.0, 47.0) 71.0
9 (4.0, 26.0) 38.0
,
0 28 16 18 7 23 25 17 17 24 13 0
28 0 23 17 22 13 4 20 11 15 17 28
16 23 0 6 16 11 22 3 13 27 18 16
18 17 6 0 16 6 16 3 9 23 16 18
7 22 16 16 0 20 19 17 12 16 6 7
23 13 11 6 20 0 14 8 9 22 18 23
25 4 22 16 19 14 0 19 9 11 13 25
17 20 3 3 17 8 19 0 11 26 17 17
17 11 13 9 12 9 9 11 0 14 9 17
24 15 27 23 16 22 11 26 14 0 11 24
13 17 18 16 6 18 13 17 9 11 0 13
0 28 16 18 7 23 25 17 17 24 13 0
,
0 41 22 27 15 35 74 25 20 50 34 0
67 0 50 26 40 35 12 54 33 15 25 82
20 30 0 6 37 23 24 6 20 33 23 18
34 29 14 0 29 9 28 4 12 69 27 38
14 55 36 29 0 55 54 26 14 45 11 19
27 35 24 15 36 0 21 19 22 27 32 24
37 4 52 18 45 14 0 40 18 25 24 66
34 33 5 8 39 10 52 0 15 39 29 32
44 22 22 11 20 23 22 14 0 21 15 44
48 42 50 64 20 34 15 54 15 0 14 40
17 31 29 18 18 50 14 25 14 16 0 33
0 45 34 42 9 61 52 40 31 44 28 0