2
10
,
0 (35.0, 10.0) 50.0
1 (35.0, 18.0) 16.0
2 (25.0, 37.0) 42.0
3 (5.0, 14.0) 14.0
4 (15.0, 12.0) 16.0
5 (1.0, 11.0) 24.0
6 (3.0, 34.0) 11.0
7 (10.0, 10.0) 18.0
8 (38.0, 49.0) 11.0
9 (26.0, 22.0) 44.0
,
0 2 6 6 4 7 8 5 8 3
2 0 4 6 4 7 7 5 6 2
6 4 0 6 5 7 4 6 4 3
6 6 6 0 2 1 4 1 10 4
4 4 5 2 0 3 5 1 9 3
7 7 7 1 3 0 5 2 11 5
8 7 4 4 5 5 0 5 8 5
5 5 6 1 1 2 5 0 10 4
8 6 4 10 9 11 8 10 0 6
3 2 3 4 3 5 5 4 6 0
,
0 12 28 15 15 38 24 26 44 15
6 0 14 35 31 19 22 18 34 14
32 23 0 37 31 38 16 42 19 9
17 44 32 0 8 5 18 4 72 20
11 15 17 11 0 11 13 6 51 21
23 50 19 6 11 0 26 10 69 25
28 38 26 12 22 27 0 20 42 30
35 18 35 5 6 11 31 0 66 22
25 44 13 57 61 69 56 41 0 28
8 13 20 26 18 40 22 18 34 0