2
10
,
0 (35.0, 10.0) 42.0
1 (35.0, 18.0) 14.0
2 (25.0, 37.0) 19.0
3 (5.0, 14.0) 44.0
4 (15.0, 12.0) 45.0
5 (1.0, 11.0) 10.0
6 (3.0, 34.0) 18.0
7 (10.0, 10.0) 15.0
8 (38.0, 49.0) 13.0
9 (26.0, 22.0) 35.0
,
0 2 6 6 4 7 8 5 8 3
2 0 4 6 4 7 7 5 6 2
6 4 0 6 5 7 4 6 4 3
6 6 6 0 2 1 4 1 10 4
4 4 5 2 0 3 5 1 9 3
7 7 7 1 3 0 5 2 11 5
8 7 4 4 5 5 0 5 8 5
5 5 6 1 1 2 5 0 10 4
8 6 4 10 9 11 8 10 0 6
3 2 3 4 3 5 5 4 6 0
,
0 7 29 44 16 23 31 34 45 8
6 0 25 41 24 43 35 35 33 5
40 24 0 20 15 24 23 20 25 12
24 17 25 0 12 4 11 8 61 11
29 20 23 13 0 21 25 4 41 8
21 32 38 4 10 0 26 8 73 36
58 51 22 17 32 31 0 29 53 38
28 17 36 3 8 9 33 0 45 14
48 34 15 35 51 73 56 53 0 39
10 10 17 20 16 31 31 23 35 0