2
10
,
0 (35.0, 10.0) 43.0
1 (35.0, 18.0) 11.0
2 (25.0, 37.0) 12.0
3 (5.0, 14.0) 12.0
4 (15.0, 12.0) 25.0
5 (1.0, 11.0) 24.0
6 (3.0, 34.0) 21.0
7 (10.0, 10.0) 10.0
8 (38.0, 49.0) 40.0
9 (26.0, 22.0) 12.0
,
0 2 6 6 4 7 8 5 8 3
2 0 4 6 4 7 7 5 6 2
6 4 0 6 5 7 4 6 4 3
6 6 6 0 2 1 4 1 10 4
4 4 5 2 0 3 5 1 9 3
7 7 7 1 3 0 5 2 11 5
8 7 4 4 5 5 0 5 8 5
5 5 6 1 1 2 5 0 10 4
8 6 4 10 9 11 8 10 0 6
3 2 3 4 3 5 5 4 6 0
,
0 6 19 23 26 20 34 36 40 19
11 0 28 42 26 19 38 26 45 11
22 29 0 39 18 44 32 29 22 17
36 42 39 0 7 3 15 7 32 14
22 17 27 9 0 9 15 6 26 11
45 44 43 6 13 0 23 11 27 33
26 44 31 18 35 17 0 17 40 23
27 28 45 9 6 10 35 0 66 16
39 33 17 69 50 45 41 30 0 38
21 11 8 16 18 16 14 22 38 0