2
10
,
0 (35.0, 10.0) 49.0
1 (35.0, 18.0) 25.0
2 (25.0, 37.0) 39.0
3 (5.0, 14.0) 24.0
4 (15.0, 12.0) 17.0
5 (1.0, 11.0) 36.0
6 (3.0, 34.0) 20.0
7 (10.0, 10.0) 29.0
8 (38.0, 49.0) 14.0
9 (26.0, 22.0) 29.0
,
0 2 6 6 4 7 8 5 8 3
2 0 4 6 4 7 7 5 6 2
6 4 0 6 5 7 4 6 4 3
6 6 6 0 2 1 4 1 10 4
4 4 5 2 0 3 5 1 9 3
7 7 7 1 3 0 5 2 11 5
8 7 4 4 5 5 0 5 8 5
5 5 6 1 1 2 5 0 10 4
8 6 4 10 9 11 8 10 0 6
3 2 3 4 3 5 5 4 6 0
,
0 5 36 43 18 18 37 37 24 22
8 0 32 36 13 19 26 16 25 13
38 31 0 16 24 43 13 28 24 13
41 29 24 0 10 5 30 9 37 21
22 25 26 11 0 15 18 5 28 16
44 32 44 7 18 0 21 8 74 38
24 26 15 19 13 22 0 26 36 34
30 37 45 6 7 7 13 0 33 19
28 36 16 66 56 46 56 35 0 42
19 14 21 25 14 22 35 15 25 0