2
10
,
0 (35.0, 10.0) 11.0
1 (35.0, 18.0) 21.0
2 (25.0, 37.0) 11.0
3 (5.0, 14.0) 21.0
4 (15.0, 12.0) 19.0
5 (1.0, 11.0) 34.0
6 (3.0, 34.0) 28.0
7 (10.0, 10.0) 20.0
8 (38.0, 49.0) 12.0
9 (26.0, 22.0) 13.0
,
0 2 6 6 4 7 8 5 8 3
2 0 4 6 4 7 7 5 6 2
6 4 0 6 5 7 4 6 4 3
6 6 6 0 2 1 4 1 10 4
4 4 5 2 0 3 5 1 9 3
7 7 7 1 3 0 5 2 11 5
8 7 4 4 5 5 0 5 8 5
5 5 6 1 1 2 5 0 10 4
8 6 4 10 9 11 8 10 0 6
3 2 3 4 3 5 5 4 6 0
,
0 6 39 22 17 26 30 27 35 12
8 0 31 19 26 48 42 32 22 11
16 11 0 34 18 34 29 39 25 17
40 15 38 0 6 3 29 8 37 27
19 28 30 13 0 20 27 7 42 18
39 35 23 4 9 0 19 5 73 15
30 28 19 26 22 12 0 24 27 36
24 16 45 6 8 9 32 0 53 29
41 27 11 33 58 46 28 68 0 23
17 6 16 16 21 32 38 14 22 0