2
10
,
0 (35.0, 10.0) 12.0
1 (35.0, 18.0) 30.0
2 (25.0, 37.0) 18.0
3 (5.0, 14.0) 17.0
4 (15.0, 12.0) 12.0
5 (1.0, 11.0) 10.0
6 (3.0, 34.0) 14.0
7 (10.0, 10.0) 26.0
8 (38.0, 49.0) 48.0
9 (26.0, 22.0) 13.0
,
0 2 6 6 4 7 8 5 8 3
2 0 4 6 4 7 7 5 6 2
6 4 0 6 5 7 4 6 4 3
6 6 6 0 2 1 4 1 10 4
4 4 5 2 0 3 5 1 9 3
7 7 7 1 3 0 5 2 11 5
8 7 4 4 5 5 0 5 8 5
5 5 6 1 1 2 5 0 10 4
8 6 4 10 9 11 8 10 0 6
3 2 3 4 3 5 5 4 6 0
,
0 10 24 41 18 28 21 14 21 13
4 0 16 23 30 25 51 25 39 13
21 19 0 45 15 33 19 22 17 12
20 23 18 0 8 5 23 8 55 13
20 27 35 6 0 15 27 4 37 8
37 42 37 4 11 0 17 9 49 14
28 48 14 27 22 15 0 26 26 24
21 19 23 7 4 5 17 0 25 15
24 28 12 45 46 28 41 38 0 32
20 13 13 33 14 30 22 17 31 0