2
10
,
0 (35.0, 10.0) 41.0
1 (35.0, 18.0) 11.0
2 (25.0, 37.0) 31.0
3 (5.0, 14.0) 20.0
4 (15.0, 12.0) 44.0
5 (1.0, 11.0) 28.0
6 (3.0, 34.0) 48.0
7 (10.0, 10.0) 24.0
8 (38.0, 49.0) 27.0
9 (26.0, 22.0) 36.0
,
0 2 6 6 4 7 8 5 8 3
2 0 4 6 4 7 7 5 6 2
6 4 0 6 5 7 4 6 4 3
6 6 6 0 2 1 4 1 10 4
4 4 5 2 0 3 5 1 9 3
7 7 7 1 3 0 5 2 11 5
8 7 4 4 5 5 0 5 8 5
5 5 6 1 1 2 5 0 10 4
8 6 4 10 9 11 8 10 0 6
3 2 3 4 3 5 5 4 6 0
,
0 4 19 28 11 35 53 23 58 13
8 0 20 21 29 21 34 17 36 6
20 18 0 31 24 44 22 33 18 10
32 27 33 0 9 4 23 5 28 24
23 14 28 14 0 9 13 5 51 12
43 52 31 5 15 0 25 7 39 34
60 49 20 21 27 29 0 29 48 24
23 20 44 8 7 6 23 0 36 15
55 25 12 52 44 40 48 44 0 28
16 8 17 18 8 32 15 17 34 0