2
10
,
0 (35.0, 10.0) 37.0
1 (35.0, 18.0) 37.0
2 (25.0, 37.0) 20.0
3 (5.0, 14.0) 23.0
4 (15.0, 12.0) 13.0
5 (1.0, 11.0) 22.0
6 (3.0, 34.0) 44.0
7 (10.0, 10.0) 12.0
8 (38.0, 49.0) 28.0
9 (26.0, 22.0) 12.0
,
0 2 6 6 4 7 8 5 8 3
2 0 4 6 4 7 7 5 6 2
6 4 0 6 5 7 4 6 4 3
6 6 6 0 2 1 4 1 10 4
4 4 5 2 0 3 5 1 9 3
7 7 7 1 3 0 5 2 11 5
8 7 4 4 5 5 0 5 8 5
5 5 6 1 1 2 5 0 10 4
8 6 4 10 9 11 8 10 0 6
3 2 3 4 3 5 5 4 6 0
,
0 9 34 42 10 33 55 19 32 19
5 0 30 30 30 29 33 20 33 6
33 21 0 25 38 22 29 28 19 16
35 16 26 0 10 3 18 3 60 28
19 19 20 12 0 18 22 8 28 21
18 48 34 3 12 0 25 9 65 23
27 38 24 15 28 32 0 34 51 27
24 39 27 8 7 6 17 0 44 20
25 18 22 69 28 61 29 29 0 40
20 11 18 31 17 24 20 11 26 0