2
10
,
0 (35.0, 10.0) 46.0
1 (35.0, 18.0) 16.0
2 (25.0, 37.0) 11.0
3 (5.0, 14.0) 32.0
4 (15.0, 12.0) 19.0
5 (1.0, 11.0) 17.0
6 (3.0, 34.0) 22.0
7 (10.0, 10.0) 20.0
8 (38.0, 49.0) 16.0
9 (26.0, 22.0) 45.0
,
0 2 6 6 4 7 8 5 8 3
2 0 4 6 4 7 7 5 6 2
6 4 0 6 5 7 4 6 4 3
6 6 6 0 2 1 4 1 10 4
4 4 5 2 0 3 5 1 9 3
7 7 7 1 3 0 5 2 11 5
8 7 4 4 5 5 0 5 8 5
5 5 6 1 1 2 5 0 10 4
8 6 4 10 9 11 8 10 0 6
3 2 3 4 3 5 5 4 6 0
,
0 4 43 29 21 41 39 18 42 19
9 0 21 19 30 39 22 33 23 14
38 19 0 35 23 41 22 20 18 11
22 37 21 0 7 7 19 9 27 19
18 23 38 8 0 10 33 5 59 15
33 49 20 6 12 0 28 9 69 16
44 28 33 24 22 19 0 22 43 29
25 28 29 5 6 12 18 0 34 29
25 24 23 49 31 32 40 62 0 41
16 12 22 29 14 39 27 21 29 0