2
10
,
0 (35.0, 10.0) 31.0
1 (35.0, 18.0) 11.0
2 (25.0, 37.0) 29.0
3 (5.0, 14.0) 20.0
4 (15.0, 12.0) 24.0
5 (1.0, 11.0) 22.0
6 (3.0, 34.0) 39.0
7 (10.0, 10.0) 11.0
8 (38.0, 49.0) 13.0
9 (26.0, 22.0) 22.0
,
0 2 6 6 4 7 8 5 8 3
2 0 4 6 4 7 7 5 6 2
6 4 0 6 5 7 4 6 4 3
6 6 6 0 2 1 4 1 10 4
4 4 5 2 0 3 5 1 9 3
7 7 7 1 3 0 5 2 11 5
8 7 4 4 5 5 0 5 8 5
5 5 6 1 1 2 5 0 10 4
8 6 4 10 9 11 8 10 0 6
3 2 3 4 3 5 5 4 6 0
,
0 5 37 16 16 22 55 33 21 21
8 0 25 22 13 26 28 37 37 9
30 27 0 41 34 30 21 21 19 11
30 34 20 0 7 3 17 3 68 14
29 13 19 8 0 20 24 5 28 20
38 37 31 4 11 0 30 11 76 24
29 39 12 30 17 19 0 34 55 39
19 35 31 7 4 11 18 0 27 11
47 44 20 65 25 39 50 56 0 42
22 11 8 19 9 23 39 16 44 0