2
10
,
0 (23.0, 32.0) 35.0
1 (19.0, 44.0) 52.0
2 (0.0, 25.0) 35.0
3 (3.0, 27.0) 53.0
4 (14.0, 50.0) 54.0
5 (12.0, 18.0) 50.0
6 (5.0, 44.0) 66.0
7 (30.0, 33.0) 31.0
8 (39.0, 36.0) 32.0
9 (31.0, 2.0) 67.0
,
0 20 24 12 14 26 11 22 22 27 16 0
20 0 6 12 10 10 9 11 4 8 16 20
24 6 0 13 12 4 13 7 8 11 22 24
12 12 13 0 2 14 7 10 16 20 19 12
14 10 12 2 0 13 6 9 14 19 19 14
26 10 4 14 13 0 16 5 12 14 25 26
11 9 13 7 6 16 0 13 12 16 12 11
22 11 7 10 9 5 13 0 14 17 25 22
22 4 8 16 14 12 12 14 0 5 16 22
27 8 11 20 19 14 16 17 5 0 17 27
16 16 22 19 19 25 12 25 16 17 0 16
0 20 24 12 14 26 11 22 22 27 16 0
,
0 38 49 36 40 54 21 58 38 57 20 0
23 0 10 25 15 12 13 12 10 13 26 51
56 12 0 33 27 6 35 10 23 31 36 42
23 20 18 0 2 31 13 16 40 23 50 15
36 11 33 4 0 21 8 25 29 55 21 18
44 30 8 40 25 0 33 11 28 40 28 45
26 13 30 20 14 26 0 23 15 40 31 23
58 14 9 12 10 16 35 0 17 51 32 53
47 10 12 44 28 27 21 39 0 7 45 47
72 23 32 42 45 18 44 37 9 0 32 44
25 32 59 49 21 43 22 45 41 44 0 35
0 53 24 25 22 33 18 58 65 53 22 0