2
10
,
0 (25.0, 10.0) 25.0
1 (10.0, 1.0) 15.0
2 (33.0, 40.0) 15.0
3 (48.0, 35.0) 24.0
4 (22.0, 11.0) 46.0
5 (21.0, 20.0) 24.0
6 (2.0, 10.0) 11.0
7 (27.0, 43.0) 23.0
8 (40.0, 8.0) 28.0
9 (38.0, 46.0) 11.0
,
0 3 6 7 1 2 5 7 3 8
3 0 9 10 3 4 2 9 6 11
6 9 0 3 6 5 9 1 7 2
7 10 3 0 7 6 10 4 6 3
1 3 6 7 0 2 4 6 4 8
2 4 5 6 2 0 4 5 4 6
5 2 9 10 4 4 0 8 8 10
7 9 1 4 6 5 8 0 7 2
3 6 7 6 4 4 8 7 0 8
8 11 2 3 8 6 10 2 8 0
,
0 22 44 25 4 10 19 49 13 23
19 0 55 57 21 32 15 32 29 55
17 54 0 12 42 23 32 8 48 7
29 37 13 0 32 45 51 31 14 8
3 16 21 42 0 10 21 29 20 34
16 15 23 31 12 0 21 22 25 39
22 12 48 34 16 18 0 42 37 36
31 63 4 28 19 13 59 0 51 6
17 33 39 17 19 29 27 28 0 47
35 67 9 17 54 38 58 13 38 0