2
10
,
0 (25.0, 10.0) 14.0
1 (10.0, 1.0) 42.0
2 (33.0, 40.0) 12.0
3 (48.0, 35.0) 35.0
4 (22.0, 11.0) 29.0
5 (21.0, 20.0) 20.0
6 (2.0, 10.0) 17.0
7 (27.0, 43.0) 13.0
8 (40.0, 8.0) 47.0
9 (38.0, 46.0) 12.0
,
0 3 6 7 1 2 5 7 3 8
3 0 9 10 3 4 2 9 6 11
6 9 0 3 6 5 9 1 7 2
7 10 3 0 7 6 10 4 6 3
1 3 6 7 0 2 4 6 4 8
2 4 5 6 2 0 4 5 4 6
5 2 9 10 4 4 0 8 8 10
7 9 1 4 6 5 8 0 7 2
3 6 7 6 4 4 8 7 0 8
8 11 2 3 8 6 10 2 8 0
,
0 10 32 42 4 12 16 19 17 48
22 0 59 43 23 18 7 36 45 42
38 66 0 8 30 32 23 9 41 10
21 35 9 0 28 28 74 32 34 20
4 18 46 20 0 13 12 43 15 29
9 27 29 29 11 0 21 16 28 41
21 18 63 52 28 22 0 31 32 73
21 26 9 32 37 12 42 0 32 10
19 34 35 36 10 32 29 44 0 40
53 34 8 17 28 30 73 12 31 0