2
10
,
0 (25.0, 10.0) 37.0
1 (10.0, 1.0) 17.0
2 (33.0, 40.0) 17.0
3 (48.0, 35.0) 23.0
4 (22.0, 11.0) 24.0
5 (21.0, 20.0) 44.0
6 (2.0, 10.0) 30.0
7 (27.0, 43.0) 46.0
8 (40.0, 8.0) 15.0
9 (38.0, 46.0) 22.0
,
0 3 6 7 1 2 5 7 3 8
3 0 9 10 3 4 2 9 6 11
6 9 0 3 6 5 9 1 7 2
7 10 3 0 7 6 10 4 6 3
1 3 6 7 0 2 4 6 4 8
2 4 5 6 2 0 4 5 4 6
5 2 9 10 4 4 0 8 8 10
7 9 1 4 6 5 8 0 7 2
3 6 7 6 4 4 8 7 0 8
8 11 2 3 8 6 10 2 8 0
,
0 19 17 42 2 9 18 38 8 26
16 0 64 54 21 24 12 65 28 56
44 37 0 15 18 21 60 4 17 7
50 37 18 0 37 38 38 32 22 13
2 9 22 32 0 11 18 30 14 26
8 17 33 31 12 0 32 35 21 41
27 18 30 71 14 20 0 40 22 28
27 37 10 25 17 35 50 0 22 15
10 38 29 14 27 31 29 42 0 24
50 79 5 8 35 46 32 15 55 0