2
10
,
0 (25.0, 10.0) 34.0
1 (10.0, 1.0) 12.0
2 (33.0, 40.0) 35.0
3 (48.0, 35.0) 37.0
4 (22.0, 11.0) 33.0
5 (21.0, 20.0) 22.0
6 (2.0, 10.0) 12.0
7 (27.0, 43.0) 10.0
8 (40.0, 8.0) 38.0
9 (38.0, 46.0) 31.0
,
0 3 6 7 1 2 5 7 3 8
3 0 9 10 3 4 2 9 6 11
6 9 0 3 6 5 9 1 7 2
7 10 3 0 7 6 10 4 6 3
1 3 6 7 0 2 4 6 4 8
2 4 5 6 2 0 4 5 4 6
5 2 9 10 4 4 0 8 8 10
7 9 1 4 6 5 8 0 7 2
3 6 7 6 4 4 8 7 0 8
8 11 2 3 8 6 10 2 8 0
,
0 9 44 36 2 14 15 26 22 55
11 0 32 61 15 17 8 37 16 77
44 52 0 14 36 13 60 10 37 8
44 27 20 0 29 22 31 17 42 13
2 18 31 47 0 5 20 24 18 55
12 29 26 21 11 0 22 19 22 17
33 8 31 26 26 29 0 23 57 36
21 24 5 14 29 27 39 0 19 14
19 33 49 16 20 21 42 31 0 32
21 74 6 18 50 45 63 15 42 0