2
10
,
0 (25.0, 10.0) 12.0
1 (10.0, 1.0) 45.0
2 (33.0, 40.0) 50.0
3 (48.0, 35.0) 14.0
4 (22.0, 11.0) 21.0
5 (21.0, 20.0) 48.0
6 (2.0, 10.0) 28.0
7 (27.0, 43.0) 49.0
8 (40.0, 8.0) 40.0
9 (38.0, 46.0) 23.0
,
0 3 6 7 1 2 5 7 3 8
3 0 9 10 3 4 2 9 6 11
6 9 0 3 6 5 9 1 7 2
7 10 3 0 7 6 10 4 6 3
1 3 6 7 0 2 4 6 4 8
2 4 5 6 2 0 4 5 4 6
5 2 9 10 4 4 0 8 8 10
7 9 1 4 6 5 8 0 7 2
3 6 7 6 4 4 8 7 0 8
8 11 2 3 8 6 10 2 8 0
,
0 18 43 25 2 14 20 19 17 49
23 0 65 39 11 31 18 54 34 65
41 53 0 21 33 28 25 6 48 9
37 36 13 0 22 29 35 16 35 9
2 17 38 35 0 8 11 19 25 53
10 12 31 39 11 0 21 16 14 18
21 9 52 74 26 11 0 29 41 51
19 41 7 14 36 25 25 0 49 7
17 20 18 16 14 32 41 55 0 20
33 37 10 8 56 45 50 11 47 0