2
10
,
0 (25.0, 10.0) 16.0
1 (10.0, 1.0) 18.0
2 (33.0, 40.0) 14.0
3 (48.0, 35.0) 19.0
4 (22.0, 11.0) 12.0
5 (21.0, 20.0) 25.0
6 (2.0, 10.0) 17.0
7 (27.0, 43.0) 39.0
8 (40.0, 8.0) 15.0
9 (38.0, 46.0) 29.0
,
0 3 6 7 1 2 5 7 3 8
3 0 9 10 3 4 2 9 6 11
6 9 0 3 6 5 9 1 7 2
7 10 3 0 7 6 10 4 6 3
1 3 6 7 0 2 4 6 4 8
2 4 5 6 2 0 4 5 4 6
5 2 9 10 4 4 0 8 8 10
7 9 1 4 6 5 8 0 7 2
3 6 7 6 4 4 8 7 0 8
8 11 2 3 8 6 10 2 8 0
,
0 13 32 28 3 9 18 34 15 35
25 0 33 42 21 15 12 39 17 61
41 65 0 22 36 26 36 10 45 6
27 71 17 0 33 19 41 27 19 22
3 17 41 27 0 7 23 21 25 41
13 24 19 23 8 0 27 23 32 20
14 15 57 71 28 12 0 37 29 72
21 65 4 23 32 33 33 0 19 6
16 41 36 28 25 25 32 49 0 50
33 31 9 19 52 16 43 10 30 0