2
10
,
0 (25.0, 10.0) 29.0
1 (10.0, 1.0) 49.0
2 (33.0, 40.0) 14.0
3 (48.0, 35.0) 28.0
4 (22.0, 11.0) 34.0
5 (21.0, 20.0) 48.0
6 (2.0, 10.0) 12.0
7 (27.0, 43.0) 13.0
8 (40.0, 8.0) 12.0
9 (38.0, 46.0) 12.0
,
0 3 6 7 1 2 5 7 3 8
3 0 9 10 3 4 2 9 6 11
6 9 0 3 6 5 9 1 7 2
7 10 3 0 7 6 10 4 6 3
1 3 6 7 0 2 4 6 4 8
2 4 5 6 2 0 4 5 4 6
5 2 9 10 4 4 0 8 8 10
7 9 1 4 6 5 8 0 7 2
3 6 7 6 4 4 8 7 0 8
8 11 2 3 8 6 10 2 8 0
,
0 12 38 28 3 15 23 46 21 28
12 0 35 40 8 27 9 47 42 75
45 41 0 16 46 16 48 4 31 9
25 35 21 0 19 25 59 31 29 12
3 22 36 42 0 6 26 31 26 26
9 14 22 29 11 0 19 20 14 25
13 8 29 46 19 22 0 24 43 72
38 40 5 14 40 25 27 0 24 16
21 30 20 16 22 13 41 34 0 36
31 74 8 12 54 21 70 16 23 0