2
10
,
0 (25.0, 10.0) 14.0
1 (10.0, 1.0) 16.0
2 (33.0, 40.0) 25.0
3 (48.0, 35.0) 32.0
4 (22.0, 11.0) 13.0
5 (21.0, 20.0) 37.0
6 (2.0, 10.0) 15.0
7 (27.0, 43.0) 25.0
8 (40.0, 8.0) 35.0
9 (38.0, 46.0) 12.0
,
0 3 6 7 1 2 5 7 3 8
3 0 9 10 3 4 2 9 6 11
6 9 0 3 6 5 9 1 7 2
7 10 3 0 7 6 10 4 6 3
1 3 6 7 0 2 4 6 4 8
2 4 5 6 2 0 4 5 4 6
5 2 9 10 4 4 0 8 8 10
7 9 1 4 6 5 8 0 7 2
3 6 7 6 4 4 8 7 0 8
8 11 2 3 8 6 10 2 8 0
,
0 20 34 51 3 10 15 23 8 29
20 0 52 41 14 15 16 43 25 55
42 62 0 17 16 28 25 5 40 7
35 70 23 0 51 30 40 24 27 22
5 9 43 39 0 10 25 32 21 26
6 25 23 22 5 0 18 13 31 41
17 12 49 68 27 13 0 25 45 42
46 57 7 33 35 15 42 0 50 16
16 42 21 16 18 17 56 32 0 43
51 60 6 17 54 31 36 9 29 0