2
10
,
0 (25.0, 10.0) 27.0
1 (10.0, 1.0) 23.0
2 (33.0, 40.0) 16.0
3 (48.0, 35.0) 27.0
4 (22.0, 11.0) 15.0
5 (21.0, 20.0) 17.0
6 (2.0, 10.0) 50.0
7 (27.0, 43.0) 22.0
8 (40.0, 8.0) 13.0
9 (38.0, 46.0) 12.0
,
0 3 6 7 1 2 5 7 3 8
3 0 9 10 3 4 2 9 6 11
6 9 0 3 6 5 9 1 7 2
7 10 3 0 7 6 10 4 6 3
1 3 6 7 0 2 4 6 4 8
2 4 5 6 2 0 4 5 4 6
5 2 9 10 4 4 0 8 8 10
7 9 1 4 6 5 8 0 7 2
3 6 7 6 4 4 8 7 0 8
8 11 2 3 8 6 10 2 8 0
,
0 16 40 40 2 6 27 40 17 52
15 0 64 35 18 23 14 25 44 28
39 63 0 18 45 35 65 9 26 11
34 72 23 0 38 24 29 32 29 16
3 23 32 44 0 9 20 26 14 47
12 24 23 32 9 0 21 15 32 44
24 15 48 63 11 14 0 39 47 52
25 34 9 21 25 25 60 0 43 10
11 45 43 19 19 33 21 31 0 51
22 79 11 7 43 24 57 7 34 0