2
10
,
0 (25.0, 10.0) 37.0
1 (10.0, 1.0) 16.0
2 (33.0, 40.0) 20.0
3 (48.0, 35.0) 14.0
4 (22.0, 11.0) 13.0
5 (21.0, 20.0) 42.0
6 (2.0, 10.0) 38.0
7 (27.0, 43.0) 49.0
8 (40.0, 8.0) 20.0
9 (38.0, 46.0) 41.0
,
0 3 6 7 1 2 5 7 3 8
3 0 9 10 3 4 2 9 6 11
6 9 0 3 6 5 9 1 7 2
7 10 3 0 7 6 10 4 6 3
1 3 6 7 0 2 4 6 4 8
2 4 5 6 2 0 4 5 4 6
5 2 9 10 4 4 0 8 8 10
7 9 1 4 6 5 8 0 7 2
3 6 7 6 4 4 8 7 0 8
8 11 2 3 8 6 10 2 8 0
,
0 9 24 19 2 8 23 22 9 36
20 0 60 68 22 12 18 41 17 52
29 44 0 10 32 16 52 9 47 4
50 53 17 0 45 24 28 20 16 19
3 19 35 52 0 5 22 39 13 29
12 20 21 33 6 0 26 28 13 17
28 18 48 47 22 23 0 23 44 71
27 67 8 16 47 34 51 0 55 7
15 44 33 22 19 28 38 41 0 37
41 55 5 15 42 40 39 9 38 0