2
10
,
0 (25.0, 10.0) 17.0
1 (10.0, 1.0) 39.0
2 (33.0, 40.0) 13.0
3 (48.0, 35.0) 12.0
4 (22.0, 11.0) 14.0
5 (21.0, 20.0) 21.0
6 (2.0, 10.0) 16.0
7 (27.0, 43.0) 47.0
8 (40.0, 8.0) 13.0
9 (38.0, 46.0) 14.0
,
0 3 6 7 1 2 5 7 3 8
3 0 9 10 3 4 2 9 6 11
6 9 0 3 6 5 9 1 7 2
7 10 3 0 7 6 10 4 6 3
1 3 6 7 0 2 4 6 4 8
2 4 5 6 2 0 4 5 4 6
5 2 9 10 4 4 0 8 8 10
7 9 1 4 6 5 8 0 7 2
3 6 7 6 4 4 8 7 0 8
8 11 2 3 8 6 10 2 8 0
,
0 17 30 31 3 5 19 25 22 46
9 0 50 43 13 29 11 62 36 52
16 35 0 11 35 24 38 7 41 9
38 33 21 0 29 43 77 30 26 18
2 17 37 28 0 12 10 29 22 57
10 15 27 36 6 0 20 17 28 16
25 9 22 52 22 29 0 44 43 73
42 59 4 29 25 32 55 0 23 13
20 36 32 18 18 31 34 55 0 43
32 68 8 10 56 45 53 15 36 0