2
10
,
0 (25.0, 10.0) 12.0
1 (10.0, 1.0) 11.0
2 (33.0, 40.0) 48.0
3 (48.0, 35.0) 14.0
4 (22.0, 11.0) 15.0
5 (21.0, 20.0) 24.0
6 (2.0, 10.0) 31.0
7 (27.0, 43.0) 15.0
8 (40.0, 8.0) 35.0
9 (38.0, 46.0) 27.0
,
0 3 6 7 1 2 5 7 3 8
3 0 9 10 3 4 2 9 6 11
6 9 0 3 6 5 9 1 7 2
7 10 3 0 7 6 10 4 6 3
1 3 6 7 0 2 4 6 4 8
2 4 5 6 2 0 4 5 4 6
5 2 9 10 4 4 0 8 8 10
7 9 1 4 6 5 8 0 7 2
3 6 7 6 4 4 8 7 0 8
8 11 2 3 8 6 10 2 8 0
,
0 9 37 45 4 7 31 34 18 56
15 0 63 59 17 26 12 45 44 32
34 49 0 19 33 22 50 6 33 9
23 34 11 0 30 16 43 13 17 9
2 17 19 22 0 7 25 39 22 30
12 16 28 46 8 0 13 19 29 28
19 16 42 32 15 30 0 38 41 42
40 68 5 31 37 19 54 0 28 14
13 44 31 25 14 18 20 44 0 27
30 38 8 22 44 26 51 10 34 0