2
10
,
0 (25.0, 10.0) 21.0
1 (10.0, 1.0) 38.0
2 (33.0, 40.0) 28.0
3 (48.0, 35.0) 38.0
4 (22.0, 11.0) 34.0
5 (21.0, 20.0) 18.0
6 (2.0, 10.0) 11.0
7 (27.0, 43.0) 24.0
8 (40.0, 8.0) 24.0
9 (38.0, 46.0) 31.0
,
0 3 6 7 1 2 5 7 3 8
3 0 9 10 3 4 2 9 6 11
6 9 0 3 6 5 9 1 7 2
7 10 3 0 7 6 10 4 6 3
1 3 6 7 0 2 4 6 4 8
2 4 5 6 2 0 4 5 4 6
5 2 9 10 4 4 0 8 8 10
7 9 1 4 6 5 8 0 7 2
3 6 7 6 4 4 8 7 0 8
8 11 2 3 8 6 10 2 8 0
,
0 11 41 23 3 10 25 43 18 27
9 0 59 47 13 25 13 56 43 34
16 45 0 23 43 17 59 6 34 7
17 68 21 0 43 27 70 17 29 22
2 10 20 41 0 6 15 44 24 45
15 25 24 24 13 0 18 27 32 38
19 6 51 61 27 27 0 56 50 41
41 53 9 22 23 32 52 0 27 7
11 30 31 23 25 33 19 45 0 41
54 46 11 17 47 19 57 9 51 0