7
40
,
0 (8.0, 43.0) 39.0
1 (19.0, 28.0) 45.0
2 (7.0, 12.0) 88.0
3 (4.0, 41.0) 37.0
4 (40.0, 11.0) 34.0
5 (10.0, 36.0) 34.0
6 (44.0, 47.0) 75.0
7 (1.0, 32.0) 38.0
8 (46.0, 36.0) 58.0
9 (8.0, 32.0) 52.0
10 (12.0, 24.0) 49.0
11 (25.0, 1.0) 57.0
12 (28.0, 37.0) 50.0
13 (8.0, 40.0) 34.0
14 (6.0, 24.0) 53.0
15 (24.0, 7.0) 69.0
16 (22.0, 49.0) 40.0
17 (9.0, 36.0) 58.0
18 (12.0, 12.0) 56.0
19 (42.0, 9.0) 55.0
20 (12.0, 22.0) 83.0
21 (16.0, 38.0) 87.0
22 (21.0, 41.0) 37.0
23 (41.0, 11.0) 52.0
24 (17.0, 16.0) 78.0
25 (36.0, 5.0) 32.0
26 (28.0, 4.0) 70.0
27 (27.0, 19.0) 78.0
28 (21.0, 26.0) 82.0
29 (38.0, 3.0) 72.0
30 (3.0, 0.0) 48.0
31 (47.0, 5.0) 66.0
32 (34.0, 36.0) 86.0
33 (34.0, 28.0) 54.0
34 (43.0, 49.0) 77.0
35 (2.0, 44.0) 47.0
36 (2.0, 47.0) 31.0
37 (39.0, 16.0) 53.0
38 (7.0, 11.0) 52.0
39 (45.0, 42.0) 37.0
,
0 22 17 7 21 21 19 32 16 29 16 13 13 23 20 12 12 27 19 8 21 13 21 23 21 12 18 14 17 17 19 2 24 25 22 33 22 24 21 7 31 0
22 0 9 16 2 23 4 18 7 19 6 10 23 10 2 10 20 8 4 16 24 11 5 7 23 14 24 22 15 11 25 22 27 13 15 18 3 4 21 16 19 22
17 9 0 10 10 14 6 16 9 14 6 4 14 6 8 7 11 11 6 9 15 5 5 7 14 6 14 13 6 1 16 16 18 8 8 16 12 13 12 10 15 17
7 16 10 0 15 17 12 25 10 23 10 6 11 16 14 6 9 20 12 2 18 6 14 16 17 5 15 11 11 10 16 6 20 18 16 26 16 18 16 0 24 7
21 2 10 15 0 23 4 20 5 21 5 9 23 12 2 9 20 10 4 15 25 10 6 8 24 14 24 22 16 11 25 21 28 15 16 20 2 3 22 15 21 21
21 23 14 17 23 0 20 18 22 13 19 15 9 14 22 18 8 21 20 14 1 15 18 18 0 12 4 7 8 12 4 19 5 13 9 19 25 26 3 16 16 21
19 4 6 12 4 20 0 18 5 18 2 6 19 9 2 6 16 9 0 12 21 7 3 6 20 11 20 18 12 7 22 18 24 12 13 18 6 7 18 13 18 19
32 18 16 25 20 18 18 0 23 6 20 20 25 9 18 22 22 11 18 24 19 20 15 12 18 21 21 23 16 16 22 31 21 7 11 1 21 21 16 26 3 32
16 7 9 10 5 22 5 23 0 23 4 7 20 14 5 5 17 14 4 11 24 7 8 11 23 11 22 19 15 10 24 16 27 17 17 23 6 8 21 11 23 16
29 19 14 23 21 13 18 6 23 0 19 18 20 9 19 21 18 14 18 21 14 18 15 13 13 18 16 18 13 13 17 28 16 6 7 7 22 23 11 23 3 29
16 6 6 10 5 19 2 20 4 19 0 4 18 10 4 4 15 11 2 10 21 5 5 8 20 9 19 17 12 7 21 16 24 13 13 19 7 8 17 11 19 16
13 10 4 6 9 15 6 20 7 18 4 0 13 10 8 3 10 13 6 6 17 1 7 10 16 5 15 13 8 5 17 13 20 13 11 20 11 13 14 7 19 13
13 23 14 11 23 9 19 25 20 20 18 13 0 18 21 15 3 24 19 9 9 12 19 20 9 8 6 2 9 13 7 11 11 18 14 26 24 26 10 10 23 13
23 10 6 16 12 14 9 9 14 9 10 10 18 0 10 13 15 7 10 15 16 11 6 4 15 12 16 16 9 7 18 22 19 3 5 10 13 14 12 17 9 23
20 2 8 14 2 22 2 18 5 19 4 8 21 10 0 8 18 8 2 14 23 9 4 7 22 13 22 21 14 10 24 20 26 13 14 18 4 5 20 15 19 20
12 10 7 6 9 18 6 22 5 21 4 3 15 13 8 0 12 15 6 7 20 3 9 11 19 7 18 15 11 8 19 12 23 15 14 22 10 12 17 7 21 12
12 20 11 9 20 8 16 22 17 18 15 10 3 15 18 12 0 21 16 6 9 10 16 17 9 6 6 2 6 10 7 11 12 15 12 23 22 23 9 9 20 12
27 8 11 20 10 21 9 11 14 14 11 13 24 7 8 15 21 0 9 19 22 14 6 4 21 17 23 23 15 12 24 26 25 9 12 10 10 10 19 20 12 27
19 4 6 12 4 20 0 18 4 18 2 6 19 10 2 6 16 9 0 12 21 7 4 6 20 11 21 19 12 8 22 18 25 12 13 18 5 7 18 13 18 19
8 16 9 2 15 14 12 24 11 21 10 6 9 15 14 7 6 19 12 0 15 5 13 15 15 3 12 9 8 8 14 8 18 16 14 24 17 18 14 3 22 8
21 24 15 18 25 1 21 19 24 14 21 17 9 16 23 20 9 22 21 15 0 16 19 19 1 13 4 7 9 14 4 20 3 14 10 20 27 28 4 18 17 21
13 11 5 6 10 15 7 20 7 18 5 1 12 11 9 3 10 14 7 5 16 0 8 11 16 4 15 12 8 5 16 12 19 13 11 21 12 13 14 6 19 13
21 5 5 14 6 18 3 15 8 15 5 7 19 6 4 9 16 6 4 13 19 8 0 3 18 11 19 18 11 6 21 20 23 9 10 15 8 8 16 14 15 21
23 7 7 16 8 18 6 12 11 13 8 10 20 4 7 11 17 4 6 15 19 11 3 0 18 13 20 19 11 8 21 22 22 7 9 12 10 10 15 17 12 23
21 23 14 17 24 0 20 18 23 13 20 16 9 15 22 19 9 21 20 15 1 16 18 18 0 12 4 7 8 12 4 20 4 13 9 19 26 27 3 17 16 21
12 14 6 5 14 12 11 21 11 18 9 5 8 12 13 7 6 17 11 3 13 4 11 13 12 0 11 8 5 5 12 11 16 13 10 21 16 17 11 6 19 12
18 24 14 15 24 4 20 21 22 16 19 15 6 16 22 18 6 23 21 12 4 15 19 20 4 11 0 4 8 13 1 17 6 16 12 22 26 27 6 15 19 18
14 22 13 11 22 7 18 23 19 18 17 13 2 16 21 15 2 23 19 9 7 12 18 19 7 8 4 0 8 12 5 13 10 16 12 24 24 25 8 11 21 14
17 15 6 11 16 8 12 16 15 13 12 8 9 9 14 11 6 15 12 8 9 8 11 11 8 5 8 8 0 5 10 15 12 9 6 17 18 19 6 11 15 17
17 11 1 10 11 12 7 16 10 13 7 5 13 7 10 8 10 12 8 8 14 5 6 8 12 5 13 12 5 0 14 16 17 8 7 16 13 14 10 10 14 17
19 25 16 16 25 4 22 22 24 17 21 17 7 18 24 19 7 24 22 14 4 16 21 21 4 12 1 5 10 14 0 18 5 17 13 23 27 28 7 16 20 19
2 22 16 6 21 19 18 31 16 28 16 13 11 22 20 12 11 26 18 8 20 12 20 22 20 11 17 13 15 16 18 0 22 24 21 32 22 24 20 6 30 2
24 27 18 20 28 5 24 21 27 16 24 20 11 19 26 23 12 25 25 18 3 19 23 22 4 16 6 10 12 17 5 22 0 17 13 22 30 31 7 20 19 24
25 13 8 18 15 13 12 7 17 6 13 13 18 3 13 15 15 9 12 16 14 13 9 7 13 13 16 16 9 8 17 24 17 0 4 8 16 17 10 18 6 25
22 15 8 16 16 9 13 11 17 7 13 11 14 5 14 14 12 12 13 14 10 11 10 9 9 10 12 12 6 7 13 21 13 4 0 11 18 19 6 16 9 22
33 18 16 26 20 19 18 1 23 7 19 20 26 10 18 22 23 10 18 24 20 21 15 12 19 21 22 24 17 16 23 32 22 8 11 0 21 21 17 26 4 33
22 3 12 16 2 25 6 21 6 22 7 11 24 13 4 10 22 10 5 17 27 12 8 10 26 16 26 24 18 13 27 22 30 16 18 21 0 2 23 17 22 22
24 4 13 18 3 26 7 21 8 23 8 13 26 14 5 12 23 10 7 18 28 13 8 10 27 17 27 25 19 14 28 24 31 17 19 21 2 0 24 18 22 24
21 21 12 16 22 3 18 16 21 11 17 14 10 12 20 17 9 19 18 14 4 14 16 15 3 11 6 8 6 10 7 20 7 10 6 17 23 24 0 16 13 21
7 16 10 0 15 16 13 26 11 23 11 7 10 17 15 7 9 20 13 3 18 6 14 17 17 6 15 11 11 10 16 6 20 18 16 26 17 18 16 0 25 7
31 19 15 24 21 16 18 3 23 3 19 19 23 9 19 21 20 12 18 22 17 19 15 12 16 19 19 21 15 14 20 30 19 6 9 4 22 22 13 25 0 31
0 22 17 7 21 21 19 32 16 29 16 13 13 23 20 12 12 27 19 8 21 13 21 23 21 12 18 14 17 17 19 2 24 25 22 33 22 24 21 7 31 0
,
0 43 20 15 58 21 47 52 39 83 42 21 29 56 48 15 28 55 37 16 41 28 53 61 30 22 54 19 48 31 36 4 43 48 44 81 51 60 53 8 72 0
43 0 22 37 4 32 11 25 12 48 15 28 41 13 2 20 40 9 6 29 63 29 5 19 42 28 37 26 35 24 30 65 69 26 26 51 8 7 59 45 35 62
31 15 0 18 28 28 10 21 10 16 8 4 32 7 21 7 30 28 9 13 36 9 10 10 41 16 20 25 10 3 30 19 39 15 14 42 23 29 23 27 41 38
14 20 20 0 16 40 12 57 28 44 10 9 31 20 37 11 25 34 35 3 43 6 19 32 23 11 38 21 17 16 35 11 51 44 30 73 17 24 40 1 48 9
48 7 23 34 0 54 6 57 14 60 12 24 44 22 3 13 40 27 6 30 34 28 18 20 33 26 59 29 29 33 74 60 53 20 33 48 3 9 25 31 36 33
54 68 36 25 43 0 58 47 48 28 50 39 13 25 54 47 10 52 23 39 3 40 20 19 1 23 8 10 13 28 8 57 10 34 13 41 33 54 5 35 29 37
38 9 12 30 11 47 0 51 8 46 6 9 25 20 2 14 22 21 1 27 59 21 7 16 40 20 55 23 27 15 45 39 57 35 15 32 6 15 39 21 42 26
91 47 32 70 44 50 29 0 66 7 58 39 63 13 26 44 63 23 32 24 51 28 22 25 27 58 39 33 49 33 28 49 23 9 27 3 25 44 44 59 6 81
19 14 15 27 6 34 15 51 0 43 4 9 48 14 6 10 36 17 6 31 29 10 20 29 41 16 33 41 43 21 70 29 66 44 46 64 8 15 24 12 43 24
36 50 34 46 23 15 38 15 33 0 21 19 43 10 27 59 44 25 20 59 25 24 19 35 35 27 18 41 38 34 43 68 34 10 20 16 51 42 23 45 6 34
21 10 10 12 13 22 5 35 8 24 0 5 47 28 6 4 39 14 3 24 32 14 11 19 25 27 35 25 32 21 41 47 49 26 38 50 11 18 37 24 38 41
28 20 4 12 23 34 8 26 13 39 8 0 38 16 14 6 18 18 10 9 35 2 13 27 31 13 23 22 23 13 34 17 44 32 33 24 31 14 17 8 38 26
22 37 39 17 45 14 23 67 53 31 35 39 0 34 42 24 8 50 33 18 19 19 57 35 21 20 16 5 15 25 10 23 12 48 20 31 55 66 24 26 28 23
69 15 19 18 19 38 9 25 35 11 30 15 22 0 16 30 30 18 14 27 43 26 6 12 15 29 45 32 10 12 44 26 47 4 16 12 23 39 13 28 13 32
45 2 18 15 5 40 3 47 6 33 8 13 43 18 0 11 54 25 5 41 58 17 11 12 32 35 25 34 22 21 54 32 42 18 31 48 8 9 24 35 33 56
14 24 11 11 12 31 11 43 6 32 4 9 21 13 22 0 20 35 18 9 42 7 24 18 46 15 30 39 18 8 34 26 34 45 33 58 16 18 23 16 25 27
18 55 16 17 48 13 20 55 39 44 31 18 7 27 49 32 0 44 44 15 9 14 16 19 13 14 13 6 11 22 19 18 14 34 32 58 48 23 18 19 49 33
79 20 32 40 29 27 26 24 24 34 29 22 37 19 24 36 43 0 27 57 33 41 12 11 58 26 47 66 37 15 37 73 41 14 30 23 14 27 29 36 19 32
22 5 18 21 7 47 1 41 10 20 2 11 20 25 4 10 25 22 0 31 53 20 4 12 47 20 38 25 24 10 30 21 37 22 32 21 11 10 38 27 40 48
9 39 18 7 45 23 15 37 13 38 18 7 15 38 37 12 11 29 33 0 35 8 32 30 29 8 13 15 20 16 20 21 33 42 24 45 41 19 24 7 33 20
56 37 26 28 43 4 57 28 32 32 45 26 28 23 23 52 22 34 49 24 0 17 39 53 1 24 8 18 26 38 9 36 9 37 12 33 27 44 5 20 17 51
25 11 8 6 19 20 8 53 20 53 12 2 35 32 18 5 23 35 10 15 49 0 13 17 36 4 16 21 11 8 34 26 27 22 24 48 16 32 34 10 20 18
25 12 11 17 15 40 7 15 15 43 9 20 56 11 8 17 20 16 7 20 29 24 0 8 52 14 56 33 20 19 51 42 31 19 24 28 20 24 23 40 34 33
27 8 12 42 15 29 6 17 28 19 16 18 45 12 11 23 26 8 8 44 43 20 8 0 19 26 28 51 22 11 57 42 44 16 24 19 20 30 36 36 21 60
54 56 22 35 41 1 45 35 30 26 54 37 14 21 62 54 18 35 46 43 2 42 41 22 0 31 8 8 13 26 11 55 7 34 27 50 40 28 6 23 39 50
31 37 6 9 24 35 13 40 16 51 19 12 24 15 32 11 7 23 17 10 28 8 20 15 16 0 17 20 8 9 21 31 36 20 22 42 31 47 25 13 26 33
26 65 42 29 65 4 40 58 61 45 44 31 16 18 50 51 13 31 36 17 9 34 37 51 5 31 0 10 19 31 1 31 14 29 28 34 70 55 8 16 37 39
24 52 33 23 51 17 40 53 41 29 31 34 5 27 39 21 3 41 32 26 20 25 33 25 20 17 8 0 12 13 15 30 25 20 34 47 39 72 21 18 41 23
33 41 11 23 31 10 25 47 16 13 15 11 24 12 17 25 8 25 36 24 26 10 21 30 10 6 20 17 0 12 15 20 27 12 16 49 21 21 14 21 27 41
46 31 4 25 15 18 12 17 23 24 16 7 27 11 17 19 25 21 10 9 30 7 10 15 22 16 18 22 6 0 42 20 25 9 14 31 16 38 18 21 15 29
20 57 17 19 55 6 53 51 27 27 56 49 16 32 66 52 18 52 32 31 9 33 51 29 5 29 3 12 20 22 0 34 6 32 23 63 73 77 12 27 47 34
3 60 35 9 22 51 33 41 44 72 34 32 32 34 56 32 33 42 52 13 23 29 29 27 47 23 27 25 41 17 48 0 31 56 33 78 33 24 44 7 78 4
36 53 25 48 28 12 31 48 27 45 32 57 13 27 45 57 25 41 26 20 5 22 55 61 8 17 7 26 15 18 8 60 0 37 26 24 62 49 16 45 51 28
26 21 18 47 18 20 23 13 49 6 38 14 39 7 16 18 41 15 17 34 15 21 15 17 21 27 28 26 27 17 27 63 31 0 12 22 42 32 23 39 13 40
41 27 21 31 41 22 36 23 34 20 34 25 21 8 30 32 26 26 14 23 26 28 26 20 12 28 28 30 9 7 26 39 31 5 0 29 29 36 9 43 23 46
46 22 22 34 26 29 25 2 64 10 54 42 60 16 45 28 67 20 26 51 38 24 41 32 55 36 38 63 34 43 54 58 54 15 21 0 57 38 21 49 4 37
50 8 21 24 5 67 11 40 8 38 12 22 68 35 6 11 56 28 16 27 27 16 14 22 57 29 57 49 39 16 60 33 63 27 27 44 0 4 51 29 56 25
52 9 38 37 8 68 14 35 21 56 22 32 67 38 13 15 34 21 19 50 28 31 15 15 78 30 70 62 31 38 35 67 50 49 37 37 3 0 37 24 43 53
29 21 18 28 27 7 42 28 21 20 48 40 27 29 53 23 14 46 32 15 10 17 36 24 5 25 8 12 6 28 15 52 16 31 18 33 55 58 0 38 20 37
16 34 13 1 38 31 15 50 23 27 21 11 26 27 25 11 15 48 17 4 18 14 20 29 49 11 29 23 14 28 23 12 35 27 19 47 31 19 26 0 38 19
79 48 17 56 53 39 20 4 32 6 26 55 37 16 22 37 50 23 53 53 30 46 20 35 35 25 45 41 38 17 28 56 33 12 26 8 23 58 15 36 0 92
0 64 46 12 42 38 49 35 34 51 32 30 16 65 25 26 14 80 24 25 57 19 37 35 26 27 21 16 33 48 24 2 35 49 38 75 47 50 48 16 37 0