7
40
,
0 (8.0, 43.0) 59.0
1 (19.0, 28.0) 71.0
2 (7.0, 12.0) 57.0
3 (4.0, 41.0) 54.0
4 (40.0, 11.0) 68.0
5 (10.0, 36.0) 74.0
6 (44.0, 47.0) 36.0
7 (1.0, 32.0) 61.0
8 (46.0, 36.0) 51.0
9 (8.0, 32.0) 83.0
10 (12.0, 24.0) 65.0
11 (25.0, 1.0) 36.0
12 (28.0, 37.0) 32.0
13 (8.0, 40.0) 59.0
14 (6.0, 24.0) 53.0
15 (24.0, 7.0) 76.0
16 (22.0, 49.0) 44.0
17 (9.0, 36.0) 42.0
18 (12.0, 12.0) 36.0
19 (42.0, 9.0) 77.0
20 (12.0, 22.0) 36.0
21 (16.0, 38.0) 89.0
22 (21.0, 41.0) 55.0
23 (41.0, 11.0) 52.0
24 (17.0, 16.0) 80.0
25 (36.0, 5.0) 41.0
26 (28.0, 4.0) 46.0
27 (27.0, 19.0) 32.0
28 (21.0, 26.0) 35.0
29 (38.0, 3.0) 57.0
30 (3.0, 0.0) 69.0
31 (47.0, 5.0) 47.0
32 (34.0, 36.0) 60.0
33 (34.0, 28.0) 65.0
34 (43.0, 49.0) 88.0
35 (2.0, 44.0) 32.0
36 (2.0, 47.0) 37.0
37 (39.0, 16.0) 62.0
38 (7.0, 11.0) 68.0
39 (45.0, 42.0) 37.0
,
0 22 17 7 21 21 19 32 16 29 16 13 13 23 20 12 12 27 19 8 21 13 21 23 21 12 18 14 17 17 19 2 24 25 22 33 22 24 21 7 31 0
22 0 9 16 2 23 4 18 7 19 6 10 23 10 2 10 20 8 4 16 24 11 5 7 23 14 24 22 15 11 25 22 27 13 15 18 3 4 21 16 19 22
17 9 0 10 10 14 6 16 9 14 6 4 14 6 8 7 11 11 6 9 15 5 5 7 14 6 14 13 6 1 16 16 18 8 8 16 12 13 12 10 15 17
7 16 10 0 15 17 12 25 10 23 10 6 11 16 14 6 9 20 12 2 18 6 14 16 17 5 15 11 11 10 16 6 20 18 16 26 16 18 16 0 24 7
21 2 10 15 0 23 4 20 5 21 5 9 23 12 2 9 20 10 4 15 25 10 6 8 24 14 24 22 16 11 25 21 28 15 16 20 2 3 22 15 21 21
21 23 14 17 23 0 20 18 22 13 19 15 9 14 22 18 8 21 20 14 1 15 18 18 0 12 4 7 8 12 4 19 5 13 9 19 25 26 3 16 16 21
19 4 6 12 4 20 0 18 5 18 2 6 19 9 2 6 16 9 0 12 21 7 3 6 20 11 20 18 12 7 22 18 24 12 13 18 6 7 18 13 18 19
32 18 16 25 20 18 18 0 23 6 20 20 25 9 18 22 22 11 18 24 19 20 15 12 18 21 21 23 16 16 22 31 21 7 11 1 21 21 16 26 3 32
16 7 9 10 5 22 5 23 0 23 4 7 20 14 5 5 17 14 4 11 24 7 8 11 23 11 22 19 15 10 24 16 27 17 17 23 6 8 21 11 23 16
29 19 14 23 21 13 18 6 23 0 19 18 20 9 19 21 18 14 18 21 14 18 15 13 13 18 16 18 13 13 17 28 16 6 7 7 22 23 11 23 3 29
16 6 6 10 5 19 2 20 4 19 0 4 18 10 4 4 15 11 2 10 21 5 5 8 20 9 19 17 12 7 21 16 24 13 13 19 7 8 17 11 19 16
13 10 4 6 9 15 6 20 7 18 4 0 13 10 8 3 10 13 6 6 17 1 7 10 16 5 15 13 8 5 17 13 20 13 11 20 11 13 14 7 19 13
13 23 14 11 23 9 19 25 20 20 18 13 0 18 21 15 3 24 19 9 9 12 19 20 9 8 6 2 9 13 7 11 11 18 14 26 24 26 10 10 23 13
23 10 6 16 12 14 9 9 14 9 10 10 18 0 10 13 15 7 10 15 16 11 6 4 15 12 16 16 9 7 18 22 19 3 5 10 13 14 12 17 9 23
20 2 8 14 2 22 2 18 5 19 4 8 21 10 0 8 18 8 2 14 23 9 4 7 22 13 22 21 14 10 24 20 26 13 14 18 4 5 20 15 19 20
12 10 7 6 9 18 6 22 5 21 4 3 15 13 8 0 12 15 6 7 20 3 9 11 19 7 18 15 11 8 19 12 23 15 14 22 10 12 17 7 21 12
12 20 11 9 20 8 16 22 17 18 15 10 3 15 18 12 0 21 16 6 9 10 16 17 9 6 6 2 6 10 7 11 12 15 12 23 22 23 9 9 20 12
27 8 11 20 10 21 9 11 14 14 11 13 24 7 8 15 21 0 9 19 22 14 6 4 21 17 23 23 15 12 24 26 25 9 12 10 10 10 19 20 12 27
19 4 6 12 4 20 0 18 4 18 2 6 19 10 2 6 16 9 0 12 21 7 4 6 20 11 21 19 12 8 22 18 25 12 13 18 5 7 18 13 18 19
8 16 9 2 15 14 12 24 11 21 10 6 9 15 14 7 6 19 12 0 15 5 13 15 15 3 12 9 8 8 14 8 18 16 14 24 17 18 14 3 22 8
21 24 15 18 25 1 21 19 24 14 21 17 9 16 23 20 9 22 21 15 0 16 19 19 1 13 4 7 9 14 4 20 3 14 10 20 27 28 4 18 17 21
13 11 5 6 10 15 7 20 7 18 5 1 12 11 9 3 10 14 7 5 16 0 8 11 16 4 15 12 8 5 16 12 19 13 11 21 12 13 14 6 19 13
21 5 5 14 6 18 3 15 8 15 5 7 19 6 4 9 16 6 4 13 19 8 0 3 18 11 19 18 11 6 21 20 23 9 10 15 8 8 16 14 15 21
23 7 7 16 8 18 6 12 11 13 8 10 20 4 7 11 17 4 6 15 19 11 3 0 18 13 20 19 11 8 21 22 22 7 9 12 10 10 15 17 12 23
21 23 14 17 24 0 20 18 23 13 20 16 9 15 22 19 9 21 20 15 1 16 18 18 0 12 4 7 8 12 4 20 4 13 9 19 26 27 3 17 16 21
12 14 6 5 14 12 11 21 11 18 9 5 8 12 13 7 6 17 11 3 13 4 11 13 12 0 11 8 5 5 12 11 16 13 10 21 16 17 11 6 19 12
18 24 14 15 24 4 20 21 22 16 19 15 6 16 22 18 6 23 21 12 4 15 19 20 4 11 0 4 8 13 1 17 6 16 12 22 26 27 6 15 19 18
14 22 13 11 22 7 18 23 19 18 17 13 2 16 21 15 2 23 19 9 7 12 18 19 7 8 4 0 8 12 5 13 10 16 12 24 24 25 8 11 21 14
17 15 6 11 16 8 12 16 15 13 12 8 9 9 14 11 6 15 12 8 9 8 11 11 8 5 8 8 0 5 10 15 12 9 6 17 18 19 6 11 15 17
17 11 1 10 11 12 7 16 10 13 7 5 13 7 10 8 10 12 8 8 14 5 6 8 12 5 13 12 5 0 14 16 17 8 7 16 13 14 10 10 14 17
19 25 16 16 25 4 22 22 24 17 21 17 7 18 24 19 7 24 22 14 4 16 21 21 4 12 1 5 10 14 0 18 5 17 13 23 27 28 7 16 20 19
2 22 16 6 21 19 18 31 16 28 16 13 11 22 20 12 11 26 18 8 20 12 20 22 20 11 17 13 15 16 18 0 22 24 21 32 22 24 20 6 30 2
24 27 18 20 28 5 24 21 27 16 24 20 11 19 26 23 12 25 25 18 3 19 23 22 4 16 6 10 12 17 5 22 0 17 13 22 30 31 7 20 19 24
25 13 8 18 15 13 12 7 17 6 13 13 18 3 13 15 15 9 12 16 14 13 9 7 13 13 16 16 9 8 17 24 17 0 4 8 16 17 10 18 6 25
22 15 8 16 16 9 13 11 17 7 13 11 14 5 14 14 12 12 13 14 10 11 10 9 9 10 12 12 6 7 13 21 13 4 0 11 18 19 6 16 9 22
33 18 16 26 20 19 18 1 23 7 19 20 26 10 18 22 23 10 18 24 20 21 15 12 19 21 22 24 17 16 23 32 22 8 11 0 21 21 17 26 4 33
22 3 12 16 2 25 6 21 6 22 7 11 24 13 4 10 22 10 5 17 27 12 8 10 26 16 26 24 18 13 27 22 30 16 18 21 0 2 23 17 22 22
24 4 13 18 3 26 7 21 8 23 8 13 26 14 5 12 23 10 7 18 28 13 8 10 27 17 27 25 19 14 28 24 31 17 19 21 2 0 24 18 22 24
21 21 12 16 22 3 18 16 21 11 17 14 10 12 20 17 9 19 18 14 4 14 16 15 3 11 6 8 6 10 7 20 7 10 6 17 23 24 0 16 13 21
7 16 10 0 15 16 13 26 11 23 11 7 10 17 15 7 9 20 13 3 18 6 14 17 17 6 15 11 11 10 16 6 20 18 16 26 17 18 16 0 25 7
31 19 15 24 21 16 18 3 23 3 19 19 23 9 19 21 20 12 18 22 17 19 15 12 16 19 19 21 15 14 20 30 19 6 9 4 22 22 13 25 0 31
0 22 17 7 21 21 19 32 16 29 16 13 13 23 20 12 12 27 19 8 21 13 21 23 21 12 18 14 17 17 19 2 24 25 22 33 22 24 21 7 31 0
,
0 30 33 17 60 54 27 48 20 48 17 29 30 38 22 28 24 44 27 21 38 15 60 55 44 16 28 22 26 46 21 2 42 67 41 79 48 69 45 8 90 0
36 0 20 36 2 67 7 45 8 36 14 12 24 16 3 21 56 8 7 37 36 24 6 15 38 26 58 39 24 15 51 46 32 31 38 37 8 6 29 46 19 39
40 20 0 17 28 34 7 42 16 40 9 7 18 15 15 18 14 17 10 18 38 8 6 16 19 12 18 20 14 2 21 37 21 14 15 29 18 15 30 15 34 36
17 43 26 0 44 37 21 30 13 59 14 17 21 40 28 8 13 20 32 3 24 16 24 35 24 6 26 31 31 15 46 18 54 50 33 40 22 28 39 1 45 17
36 4 15 26 0 57 11 22 11 26 8 19 55 25 6 9 35 22 8 22 48 15 11 18 49 16 28 49 39 17 61 32 67 25 48 31 4 6 57 15 28 52
31 33 36 44 29 0 56 48 60 17 57 41 18 33 51 39 10 39 52 31 2 31 35 37 1 26 9 8 15 14 12 42 5 18 10 39 68 76 7 20 16 25
48 4 7 27 10 36 0 31 9 26 6 8 24 26 4 6 25 26 1 17 40 10 4 13 21 30 43 20 18 16 35 30 49 29 25 24 14 7 41 29 32 49
88 26 21 55 40 33 42 0 63 13 50 53 46 17 49 43 64 19 39 61 30 48 30 14 45 25 23 37 36 24 22 70 31 10 23 2 55 61 42 52 7 41
20 15 20 16 13 38 5 53 0 53 5 14 28 29 7 6 33 27 12 32 45 16 20 30 45 26 33 56 36 25 59 35 74 30 30 54 12 19 54 15 56 46
68 47 28 58 49 16 38 14 52 0 54 52 59 20 20 56 44 18 34 49 23 44 43 37 26 26 20 34 36 27 36 59 22 9 10 13 53 42 27 26 9 63
48 9 8 12 6 27 6 23 6 45 0 7 26 25 8 5 33 12 4 21 59 7 10 16 34 27 29 34 14 15 45 35 51 22 32 39 17 13 26 20 56 45
28 17 5 14 20 16 15 24 8 46 8 0 34 27 23 9 13 22 10 6 22 2 10 18 40 6 32 38 20 9 44 32 39 32 26 36 32 31 26 19 52 31
23 47 26 20 64 21 31 64 44 40 26 18 0 36 26 40 9 32 24 19 23 14 45 49 15 25 16 3 10 22 10 19 33 21 16 49 50 41 12 19 45 27
29 31 9 24 22 26 14 14 39 14 28 13 35 0 21 19 41 19 14 27 37 28 13 12 18 20 47 25 11 7 31 46 27 8 10 23 25 35 26 33 26 53
21 2 16 24 2 55 3 46 13 51 6 21 61 17 0 9 41 25 4 30 26 24 10 14 53 20 45 47 34 24 67 34 77 38 20 42 8 10 55 21 25 23
33 22 11 18 16 22 9 38 7 36 7 8 33 14 20 0 17 27 13 17 50 4 12 16 30 16 18 20 21 13 25 31 49 19 27 45 22 28 39 12 30 16
37 20 32 20 25 23 41 46 19 44 44 28 5 30 52 30 0 52 33 15 19 24 27 50 10 9 16 6 15 19 14 18 16 38 24 42 50 28 15 12 59 16
64 15 27 53 24 44 12 14 32 33 14 24 49 11 17 32 57 0 14 24 40 18 18 8 63 26 54 27 27 24 30 56 55 20 20 21 20 29 48 30 18 65
53 8 9 32 10 27 1 35 9 50 5 8 55 16 4 18 32 10 0 28 54 20 7 11 22 22 54 31 22 14 32 26 63 27 37 45 6 8 37 37 35 38
12 22 13 5 27 26 14 58 16 45 30 16 15 19 20 17 11 38 24 0 20 9 15 26 15 6 16 10 25 23 38 14 52 40 14 32 40 37 15 6 30 23
33 66 43 41 60 2 33 55 60 32 44 21 21 19 38 54 15 52 37 43 0 48 52 44 3 17 7 19 19 14 7 21 5 18 29 56 43 30 10 18 31 44
20 26 6 10 29 16 19 41 12 43 7 2 18 26 15 8 27 19 8 7 41 0 16 13 38 4 31 26 13 6 47 25 44 25 16 34 21 30 26 11 33 35
21 8 6 23 13 50 6 33 12 36 6 10 21 7 5 20 34 14 4 16 21 18 0 5 29 26 37 48 30 7 24 44 38 23 31 42 22 10 27 37 19 30
26 12 14 42 16 20 11 32 18 37 8 21 21 10 7 24 48 11 12 30 36 16 5 0 44 32 30 49 24 8 48 23 52 17 22 12 28 14 30 25 23 66
22 43 22 41 27 1 48 39 23 29 49 42 25 42 64 23 18 55 25 15 2 43 49 43 0 18 11 18 11 19 12 31 8 14 17 49 72 55 7 34 30 61
34 41 15 10 16 16 13 60 21 48 19 9 11 32 24 15 11 22 17 4 16 12 23 16 28 0 26 18 12 12 23 31 44 23 28 48 44 20 17 10 21 31
23 60 34 42 46 10 50 61 62 42 55 30 15 39 62 52 18 51 58 31 9 32 51 52 8 31 0 10 16 38 3 28 12 34 33 43 71 80 12 36 30 47
36 33 13 26 32 11 54 33 41 26 19 25 2 22 48 43 5 63 31 20 9 27 51 42 12 13 9 0 17 34 6 36 22 28 23 34 29 57 13 32 56 42
42 32 7 31 46 14 13 49 21 15 20 18 9 25 25 21 7 23 20 19 15 9 12 33 10 8 17 15 0 8 12 46 17 24 15 40 18 26 17 28 35 20
43 30 3 19 16 28 14 31 19 15 19 10 23 7 27 13 11 29 21 16 22 10 13 16 17 15 33 30 13 0 23 29 26 13 15 27 34 24 20 26 28 49
30 38 31 33 38 12 27 54 68 45 25 29 16 50 61 48 13 40 24 19 5 39 52 23 9 23 2 7 26 26 0 41 7 24 29 47 50 74 10 19 49 49
3 31 37 10 33 50 54 50 47 50 42 14 33 23 56 16 14 46 26 8 56 32 39 35 29 12 30 29 17 46 29 0 52 66 61 47 32 60 37 8 33 4
24 61 32 41 78 5 31 27 42 45 34 53 24 25 59 51 26 61 61 22 7 51 24 24 10 45 6 28 34 38 8 61 0 21 31 48 84 39 11 60 25 60
31 31 20 42 26 30 30 12 34 13 15 22 36 5 16 18 43 26 30 30 40 32 16 19 21 26 44 46 18 12 34 44 34 0 10 19 17 41 14 55 13 42
46 26 8 20 37 18 23 12 20 15 35 22 37 7 28 19 22 19 28 38 24 27 16 22 10 14 24 22 8 15 17 59 19 5 0 12 21 54 13 45 11 26
39 49 46 62 21 49 33 1 39 17 27 26 46 18 41 48 39 28 37 60 34 35 26 14 35 25 53 67 23 37 57 55 38 11 19 0 53 22 50 40 7 75
38 6 26 46 2 64 15 47 8 66 19 25 48 24 8 17 51 26 15 34 60 13 22 16 58 42 46 31 25 22 71 33 52 31 41 34 0 2 64 20 51 39
49 4 30 21 8 64 11 25 11 47 9 13 61 17 8 15 56 10 8 25 70 35 13 16 53 30 33 47 21 22 31 60 62 36 25 38 2 0 37 46 23 57
61 32 29 28 53 3 41 30 49 31 31 25 30 12 36 47 23 37 21 26 7 37 30 26 8 14 15 10 11 23 12 49 19 14 8 25 59 63 0 28 31 46
10 33 17 1 39 33 20 71 17 45 25 9 13 39 26 9 24 54 22 5 43 9 42 28 39 11 23 20 15 28 35 7 59 51 29 68 34 49 40 0 43 11
73 48 38 27 54 44 51 7 64 4 55 55 44 25 52 37 28 29 37 27 47 38 19 17 23 55 43 56 40 26 27 60 40 11 17 6 53 26 16 68 0 81
0 34 40 8 50 42 48 86 22 64 44 23 21 31 20 19 25 42 53 13 46 31 24 32 47 22 39 19 43 39 37 3 62 64 60 83 36 31 33 11 44 0