7
40
,
0 (8.0, 43.0) 47.0
1 (19.0, 28.0) 80.0
2 (7.0, 12.0) 66.0
3 (4.0, 41.0) 60.0
4 (40.0, 11.0) 30.0
5 (10.0, 36.0) 63.0
6 (44.0, 47.0) 71.0
7 (1.0, 32.0) 38.0
8 (46.0, 36.0) 64.0
9 (8.0, 32.0) 42.0
10 (12.0, 24.0) 81.0
11 (25.0, 1.0) 40.0
12 (28.0, 37.0) 63.0
13 (8.0, 40.0) 55.0
14 (6.0, 24.0) 36.0
15 (24.0, 7.0) 57.0
16 (22.0, 49.0) 40.0
17 (9.0, 36.0) 41.0
18 (12.0, 12.0) 62.0
19 (42.0, 9.0) 41.0
20 (12.0, 22.0) 76.0
21 (16.0, 38.0) 42.0
22 (21.0, 41.0) 57.0
23 (41.0, 11.0) 62.0
24 (17.0, 16.0) 74.0
25 (36.0, 5.0) 71.0
26 (28.0, 4.0) 70.0
27 (27.0, 19.0) 63.0
28 (21.0, 26.0) 69.0
29 (38.0, 3.0) 37.0
30 (3.0, 0.0) 34.0
31 (47.0, 5.0) 85.0
32 (34.0, 36.0) 58.0
33 (34.0, 28.0) 40.0
34 (43.0, 49.0) 51.0
35 (2.0, 44.0) 35.0
36 (2.0, 47.0) 46.0
37 (39.0, 16.0) 40.0
38 (7.0, 11.0) 55.0
39 (45.0, 42.0) 35.0
,
0 22 17 7 21 21 19 32 16 29 16 13 13 23 20 12 12 27 19 8 21 13 21 23 21 12 18 14 17 17 19 2 24 25 22 33 22 24 21 7 31 0
22 0 9 16 2 23 4 18 7 19 6 10 23 10 2 10 20 8 4 16 24 11 5 7 23 14 24 22 15 11 25 22 27 13 15 18 3 4 21 16 19 22
17 9 0 10 10 14 6 16 9 14 6 4 14 6 8 7 11 11 6 9 15 5 5 7 14 6 14 13 6 1 16 16 18 8 8 16 12 13 12 10 15 17
7 16 10 0 15 17 12 25 10 23 10 6 11 16 14 6 9 20 12 2 18 6 14 16 17 5 15 11 11 10 16 6 20 18 16 26 16 18 16 0 24 7
21 2 10 15 0 23 4 20 5 21 5 9 23 12 2 9 20 10 4 15 25 10 6 8 24 14 24 22 16 11 25 21 28 15 16 20 2 3 22 15 21 21
21 23 14 17 23 0 20 18 22 13 19 15 9 14 22 18 8 21 20 14 1 15 18 18 0 12 4 7 8 12 4 19 5 13 9 19 25 26 3 16 16 21
19 4 6 12 4 20 0 18 5 18 2 6 19 9 2 6 16 9 0 12 21 7 3 6 20 11 20 18 12 7 22 18 24 12 13 18 6 7 18 13 18 19
32 18 16 25 20 18 18 0 23 6 20 20 25 9 18 22 22 11 18 24 19 20 15 12 18 21 21 23 16 16 22 31 21 7 11 1 21 21 16 26 3 32
16 7 9 10 5 22 5 23 0 23 4 7 20 14 5 5 17 14 4 11 24 7 8 11 23 11 22 19 15 10 24 16 27 17 17 23 6 8 21 11 23 16
29 19 14 23 21 13 18 6 23 0 19 18 20 9 19 21 18 14 18 21 14 18 15 13 13 18 16 18 13 13 17 28 16 6 7 7 22 23 11 23 3 29
16 6 6 10 5 19 2 20 4 19 0 4 18 10 4 4 15 11 2 10 21 5 5 8 20 9 19 17 12 7 21 16 24 13 13 19 7 8 17 11 19 16
13 10 4 6 9 15 6 20 7 18 4 0 13 10 8 3 10 13 6 6 17 1 7 10 16 5 15 13 8 5 17 13 20 13 11 20 11 13 14 7 19 13
13 23 14 11 23 9 19 25 20 20 18 13 0 18 21 15 3 24 19 9 9 12 19 20 9 8 6 2 9 13 7 11 11 18 14 26 24 26 10 10 23 13
23 10 6 16 12 14 9 9 14 9 10 10 18 0 10 13 15 7 10 15 16 11 6 4 15 12 16 16 9 7 18 22 19 3 5 10 13 14 12 17 9 23
20 2 8 14 2 22 2 18 5 19 4 8 21 10 0 8 18 8 2 14 23 9 4 7 22 13 22 21 14 10 24 20 26 13 14 18 4 5 20 15 19 20
12 10 7 6 9 18 6 22 5 21 4 3 15 13 8 0 12 15 6 7 20 3 9 11 19 7 18 15 11 8 19 12 23 15 14 22 10 12 17 7 21 12
12 20 11 9 20 8 16 22 17 18 15 10 3 15 18 12 0 21 16 6 9 10 16 17 9 6 6 2 6 10 7 11 12 15 12 23 22 23 9 9 20 12
27 8 11 20 10 21 9 11 14 14 11 13 24 7 8 15 21 0 9 19 22 14 6 4 21 17 23 23 15 12 24 26 25 9 12 10 10 10 19 20 12 27
19 4 6 12 4 20 0 18 4 18 2 6 19 10 2 6 16 9 0 12 21 7 4 6 20 11 21 19 12 8 22 18 25 12 13 18 5 7 18 13 18 19
8 16 9 2 15 14 12 24 11 21 10 6 9 15 14 7 6 19 12 0 15 5 13 15 15 3 12 9 8 8 14 8 18 16 14 24 17 18 14 3 22 8
21 24 15 18 25 1 21 19 24 14 21 17 9 16 23 20 9 22 21 15 0 16 19 19 1 13 4 7 9 14 4 20 3 14 10 20 27 28 4 18 17 21
13 11 5 6 10 15 7 20 7 18 5 1 12 11 9 3 10 14 7 5 16 0 8 11 16 4 15 12 8 5 16 12 19 13 11 21 12 13 14 6 19 13
21 5 5 14 6 18 3 15 8 15 5 7 19 6 4 9 16 6 4 13 19 8 0 3 18 11 19 18 11 6 21 20 23 9 10 15 8 8 16 14 15 21
23 7 7 16 8 18 6 12 11 13 8 10 20 4 7 11 17 4 6 15 19 11 3 0 18 13 20 19 11 8 21 22 22 7 9 12 10 10 15 17 12 23
21 23 14 17 24 0 20 18 23 13 20 16 9 15 22 19 9 21 20 15 1 16 18 18 0 12 4 7 8 12 4 20 4 13 9 19 26 27 3 17 16 21
12 14 6 5 14 12 11 21 11 18 9 5 8 12 13 7 6 17 11 3 13 4 11 13 12 0 11 8 5 5 12 11 16 13 10 21 16 17 11 6 19 12
18 24 14 15 24 4 20 21 22 16 19 15 6 16 22 18 6 23 21 12 4 15 19 20 4 11 0 4 8 13 1 17 6 16 12 22 26 27 6 15 19 18
14 22 13 11 22 7 18 23 19 18 17 13 2 16 21 15 2 23 19 9 7 12 18 19 7 8 4 0 8 12 5 13 10 16 12 24 24 25 8 11 21 14
17 15 6 11 16 8 12 16 15 13 12 8 9 9 14 11 6 15 12 8 9 8 11 11 8 5 8 8 0 5 10 15 12 9 6 17 18 19 6 11 15 17
17 11 1 10 11 12 7 16 10 13 7 5 13 7 10 8 10 12 8 8 14 5 6 8 12 5 13 12 5 0 14 16 17 8 7 16 13 14 10 10 14 17
19 25 16 16 25 4 22 22 24 17 21 17 7 18 24 19 7 24 22 14 4 16 21 21 4 12 1 5 10 14 0 18 5 17 13 23 27 28 7 16 20 19
2 22 16 6 21 19 18 31 16 28 16 13 11 22 20 12 11 26 18 8 20 12 20 22 20 11 17 13 15 16 18 0 22 24 21 32 22 24 20 6 30 2
24 27 18 20 28 5 24 21 27 16 24 20 11 19 26 23 12 25 25 18 3 19 23 22 4 16 6 10 12 17 5 22 0 17 13 22 30 31 7 20 19 24
25 13 8 18 15 13 12 7 17 6 13 13 18 3 13 15 15 9 12 16 14 13 9 7 13 13 16 16 9 8 17 24 17 0 4 8 16 17 10 18 6 25
22 15 8 16 16 9 13 11 17 7 13 11 14 5 14 14 12 12 13 14 10 11 10 9 9 10 12 12 6 7 13 21 13 4 0 11 18 19 6 16 9 22
33 18 16 26 20 19 18 1 23 7 19 20 26 10 18 22 23 10 18 24 20 21 15 12 19 21 22 24 17 16 23 32 22 8 11 0 21 21 17 26 4 33
22 3 12 16 2 25 6 21 6 22 7 11 24 13 4 10 22 10 5 17 27 12 8 10 26 16 26 24 18 13 27 22 30 16 18 21 0 2 23 17 22 22
24 4 13 18 3 26 7 21 8 23 8 13 26 14 5 12 23 10 7 18 28 13 8 10 27 17 27 25 19 14 28 24 31 17 19 21 2 0 24 18 22 24
21 21 12 16 22 3 18 16 21 11 17 14 10 12 20 17 9 19 18 14 4 14 16 15 3 11 6 8 6 10 7 20 7 10 6 17 23 24 0 16 13 21
7 16 10 0 15 16 13 26 11 23 11 7 10 17 15 7 9 20 13 3 18 6 14 17 17 6 15 11 11 10 16 6 20 18 16 26 17 18 16 0 25 7
31 19 15 24 21 16 18 3 23 3 19 19 23 9 19 21 20 12 18 22 17 19 15 12 16 19 19 21 15 14 20 30 19 6 9 4 22 22 13 25 0 31
0 22 17 7 21 21 19 32 16 29 16 13 13 23 20 12 12 27 19 8 21 13 21 23 21 12 18 14 17 17 19 2 24 25 22 33 22 24 21 7 31 0
,
0 54 22 7 30 55 52 90 23 33 22 34 30 53 37 29 23 76 30 13 63 17 54 62 34 29 19 32 47 38 53 3 33 53 48 53 49 25 61 12 36 0
36 0 18 22 5 25 4 41 12 39 16 10 36 25 3 25 46 8 7 35 25 17 11 14 38 35 47 58 19 11 29 55 57 20 40 41 5 7 42 22 24 27
18 13 0 26 23 24 10 18 17 29 6 8 39 11 12 17 16 31 7 19 28 5 10 10 21 14 29 34 9 2 31 22 21 13 18 41 13 25 18 28 41 27
20 29 28 0 33 47 34 35 31 52 12 14 12 47 29 7 12 55 26 3 24 10 14 45 34 12 27 19 32 19 42 15 21 44 32 33 45 41 37 1 64 8
61 5 28 31 0 26 4 36 10 30 6 21 49 23 2 21 47 17 4 36 47 18 18 11 46 20 47 49 27 32 61 38 39 25 42 28 4 8 55 21 40 48
44 42 30 43 52 0 35 48 29 28 29 38 19 36 44 28 9 48 33 32 2 36 42 23 1 19 9 16 12 26 11 42 9 15 23 37 35 54 6 43 34 52
24 5 7 22 4 47 0 19 12 23 3 18 39 12 3 9 32 19 1 22 28 15 7 12 45 13 31 19 27 17 56 40 61 17 26 28 15 7 41 25 30 37
43 49 29 35 44 28 51 0 35 7 32 21 35 11 36 64 30 30 23 65 50 55 29 19 23 32 61 36 23 28 37 55 51 11 19 1 44 45 38 54 4 76
30 16 12 20 9 36 9 39 0 57 5 15 56 15 11 5 22 28 7 15 30 10 16 27 41 21 57 51 41 18 30 17 51 41 21 33 16 10 39 31 28 31
58 20 24 25 42 23 36 7 53 0 55 38 30 16 51 48 31 24 36 32 32 46 30 28 29 32 32 25 36 30 36 41 28 17 20 11 24 25 29 55 7 85
37 7 6 30 14 40 4 33 7 37 0 6 34 27 12 8 43 30 5 18 31 8 11 18 35 23 30 28 24 9 30 26 38 27 27 26 20 14 47 11 21 39
31 11 8 9 18 22 8 43 8 39 10 0 20 16 10 6 26 27 10 11 18 3 10 21 44 12 27 36 20 5 27 13 49 35 17 47 21 21 32 10 30 27
13 31 20 22 37 16 43 58 31 56 49 17 0 22 54 34 7 27 23 22 11 29 49 42 14 10 14 4 14 35 7 19 31 42 17 76 44 59 12 11 47 26
69 23 17 37 22 25 14 23 37 20 15 12 42 0 27 35 26 19 11 41 24 30 17 4 38 15 41 35 21 20 41 47 32 9 9 20 40 32 25 24 25 68
51 4 13 28 5 36 6 41 7 25 9 17 53 27 0 22 28 15 4 28 27 19 8 12 45 37 61 37 33 19 35 47 60 22 30 20 5 14 34 43 45 42
32 23 10 11 15 52 13 25 9 32 7 5 25 17 22 0 19 33 15 11 51 7 14 23 49 20 46 30 31 9 29 16 58 43 15 53 21 14 31 8 30 17
26 45 29 20 59 12 33 32 21 24 27 30 8 35 29 18 0 62 28 18 17 22 44 47 22 7 9 5 16 17 10 16 19 34 25 55 24 52 16 18 30 13
37 19 11 54 23 22 22 22 20 20 21 29 28 16 11 17 29 0 13 44 62 16 8 6 43 22 68 53 28 22 34 37 71 14 20 30 20 21 34 38 30 48
48 4 8 25 10 59 1 28 12 39 3 12 23 27 4 7 24 10 0 26 21 20 5 16 44 19 29 37 27 10 48 50 67 20 19 25 7 16 29 20 39 26
21 19 10 5 22 35 17 52 12 51 26 8 10 18 25 18 10 32 27 0 37 14 22 45 36 4 17 22 13 23 36 14 32 24 17 40 24 25 18 5 48 18
61 31 43 43 33 3 53 42 62 24 59 36 27 22 61 26 19 59 58 35 0 22 51 45 3 33 10 13 23 29 4 33 9 29 23 48 28 36 8 52 32 47
31 22 9 12 17 39 13 48 22 23 13 2 20 15 19 5 17 20 9 6 31 0 17 22 39 4 36 22 18 5 32 27 47 15 31 36 36 30 14 11 26 38
48 6 15 26 13 27 9 44 16 41 14 12 24 7 11 23 48 15 7 22 20 11 0 7 54 25 37 21 13 12 49 29 59 9 28 36 13 21 19 16 19 54
66 13 9 16 21 42 8 20 32 29 12 10 32 8 14 24 20 10 7 25 45 15 7 0 29 30 53 55 31 14 25 54 23 9 13 12 16 13 24 20 21 42
61 42 15 50 28 1 55 50 54 33 33 20 18 38 64 29 23 42 22 22 2 30 45 53 0 25 9 16 20 18 6 34 5 15 25 27 49 58 6 34 18 39
26 41 9 11 28 32 28 57 28 47 11 9 13 18 21 13 11 41 29 8 16 9 31 25 26 0 12 18 13 6 22 27 27 19 27 43 22 31 27 6 27 26
50 64 26 26 50 6 26 51 63 35 50 21 7 18 51 36 15 46 27 26 5 31 50 53 5 24 0 8 15 21 3 39 11 29 23 60 32 42 7 34 47 50
32 55 13 23 41 16 43 57 20 35 37 35 3 47 42 26 4 48 24 10 14 26 28 55 19 14 11 0 18 32 14 17 23 22 30 61 30 37 15 28 23 28
48 40 12 14 28 23 31 17 22 34 33 9 20 9 37 22 8 25 13 9 12 19 15 21 15 6 13 20 0 11 14 24 35 14 7 48 36 24 9 29 30 43
44 22 1 21 31 35 17 35 15 16 19 12 32 9 10 11 14 20 14 15 14 8 10 8 25 15 32 28 13 0 21 18 50 13 8 46 32 37 27 19 29 44
31 50 18 17 71 8 41 52 38 26 29 49 15 41 58 30 21 65 32 19 9 24 52 42 7 32 2 11 20 29 0 29 12 41 13 41 36 58 16 43 57 32
3 28 30 18 52 34 41 53 41 66 36 26 11 61 54 25 18 51 48 15 36 26 27 45 32 13 34 23 26 35 20 0 42 52 23 78 56 25 35 8 57 2
40 70 46 23 72 9 47 42 28 21 64 46 24 54 72 38 16 74 55 34 8 20 51 38 8 39 16 13 28 26 10 59 0 26 19 59 40 35 17 36 47 41
35 21 12 26 41 34 28 16 28 15 17 27 30 5 37 18 31 18 20 29 41 31 12 8 38 20 25 41 26 12 18 26 31 0 10 18 41 37 21 47 11 35
47 40 19 46 22 15 38 30 18 18 28 32 22 14 33 37 34 18 28 26 24 33 15 18 23 11 22 17 7 11 17 35 28 8 0 34 33 42 18 23 20 49
89 45 34 70 39 23 31 1 34 17 42 50 27 13 50 55 60 30 49 27 54 35 25 31 38 34 52 24 21 36 48 48 35 21 27 0 28 21 34 42 6 41
54 5 19 31 2 51 6 47 14 26 9 20 58 23 11 26 42 17 9 18 40 36 8 12 41 30 32 63 49 15 28 59 36 42 41 29 0 3 25 50 60 26
35 7 29 39 9 39 19 59 10 24 14 29 37 29 11 27 47 19 7 43 73 21 23 19 39 28 67 61 26 29 32 66 34 24 55 45 2 0 53 52 53 48
25 25 29 48 27 7 50 26 39 30 23 25 17 19 25 50 18 30 50 37 4 37 24 46 8 29 16 14 8 29 7 45 10 30 10 42 35 36 0 41 33 61
17 48 14 1 45 35 20 43 25 27 12 16 17 32 27 19 19 25 14 3 29 15 15 46 46 7 29 19 25 30 23 7 32 36 24 62 26 29 29 0 54 18
76 34 24 29 21 38 53 5 34 4 50 44 61 16 42 40 24 25 47 62 46 41 16 16 24 45 48 30 24 27 22 78 29 9 12 5 38 24 28 52 0 32
0 33 46 11 60 40 51 78 36 68 32 16 23 63 53 33 37 47 32 21 45 19 26 61 26 31 29 15 40 33 37 4 50 57 41 48 35 59 46 13 80 0