7
40
,
0 (8.0, 43.0) 53.0
1 (19.0, 28.0) 58.0
2 (7.0, 12.0) 37.0
3 (4.0, 41.0) 82.0
4 (40.0, 11.0) 72.0
5 (10.0, 36.0) 55.0
6 (44.0, 47.0) 52.0
7 (1.0, 32.0) 49.0
8 (46.0, 36.0) 60.0
9 (8.0, 32.0) 61.0
10 (12.0, 24.0) 33.0
11 (25.0, 1.0) 60.0
12 (28.0, 37.0) 37.0
13 (8.0, 40.0) 83.0
14 (6.0, 24.0) 53.0
15 (24.0, 7.0) 33.0
16 (22.0, 49.0) 44.0
17 (9.0, 36.0) 57.0
18 (12.0, 12.0) 33.0
19 (42.0, 9.0) 33.0
20 (12.0, 22.0) 70.0
21 (16.0, 38.0) 84.0
22 (21.0, 41.0) 35.0
23 (41.0, 11.0) 59.0
24 (17.0, 16.0) 50.0
25 (36.0, 5.0) 35.0
26 (28.0, 4.0) 31.0
27 (27.0, 19.0) 61.0
28 (21.0, 26.0) 89.0
29 (38.0, 3.0) 39.0
30 (3.0, 0.0) 88.0
31 (47.0, 5.0) 86.0
32 (34.0, 36.0) 86.0
33 (34.0, 28.0) 36.0
34 (43.0, 49.0) 54.0
35 (2.0, 44.0) 34.0
36 (2.0, 47.0) 58.0
37 (39.0, 16.0) 89.0
38 (7.0, 11.0) 54.0
39 (45.0, 42.0) 65.0
,
0 22 17 7 21 21 19 32 16 29 16 13 13 23 20 12 12 27 19 8 21 13 21 23 21 12 18 14 17 17 19 2 24 25 22 33 22 24 21 7 31 0
22 0 9 16 2 23 4 18 7 19 6 10 23 10 2 10 20 8 4 16 24 11 5 7 23 14 24 22 15 11 25 22 27 13 15 18 3 4 21 16 19 22
17 9 0 10 10 14 6 16 9 14 6 4 14 6 8 7 11 11 6 9 15 5 5 7 14 6 14 13 6 1 16 16 18 8 8 16 12 13 12 10 15 17
7 16 10 0 15 17 12 25 10 23 10 6 11 16 14 6 9 20 12 2 18 6 14 16 17 5 15 11 11 10 16 6 20 18 16 26 16 18 16 0 24 7
21 2 10 15 0 23 4 20 5 21 5 9 23 12 2 9 20 10 4 15 25 10 6 8 24 14 24 22 16 11 25 21 28 15 16 20 2 3 22 15 21 21
21 23 14 17 23 0 20 18 22 13 19 15 9 14 22 18 8 21 20 14 1 15 18 18 0 12 4 7 8 12 4 19 5 13 9 19 25 26 3 16 16 21
19 4 6 12 4 20 0 18 5 18 2 6 19 9 2 6 16 9 0 12 21 7 3 6 20 11 20 18 12 7 22 18 24 12 13 18 6 7 18 13 18 19
32 18 16 25 20 18 18 0 23 6 20 20 25 9 18 22 22 11 18 24 19 20 15 12 18 21 21 23 16 16 22 31 21 7 11 1 21 21 16 26 3 32
16 7 9 10 5 22 5 23 0 23 4 7 20 14 5 5 17 14 4 11 24 7 8 11 23 11 22 19 15 10 24 16 27 17 17 23 6 8 21 11 23 16
29 19 14 23 21 13 18 6 23 0 19 18 20 9 19 21 18 14 18 21 14 18 15 13 13 18 16 18 13 13 17 28 16 6 7 7 22 23 11 23 3 29
16 6 6 10 5 19 2 20 4 19 0 4 18 10 4 4 15 11 2 10 21 5 5 8 20 9 19 17 12 7 21 16 24 13 13 19 7 8 17 11 19 16
13 10 4 6 9 15 6 20 7 18 4 0 13 10 8 3 10 13 6 6 17 1 7 10 16 5 15 13 8 5 17 13 20 13 11 20 11 13 14 7 19 13
13 23 14 11 23 9 19 25 20 20 18 13 0 18 21 15 3 24 19 9 9 12 19 20 9 8 6 2 9 13 7 11 11 18 14 26 24 26 10 10 23 13
23 10 6 16 12 14 9 9 14 9 10 10 18 0 10 13 15 7 10 15 16 11 6 4 15 12 16 16 9 7 18 22 19 3 5 10 13 14 12 17 9 23
20 2 8 14 2 22 2 18 5 19 4 8 21 10 0 8 18 8 2 14 23 9 4 7 22 13 22 21 14 10 24 20 26 13 14 18 4 5 20 15 19 20
12 10 7 6 9 18 6 22 5 21 4 3 15 13 8 0 12 15 6 7 20 3 9 11 19 7 18 15 11 8 19 12 23 15 14 22 10 12 17 7 21 12
12 20 11 9 20 8 16 22 17 18 15 10 3 15 18 12 0 21 16 6 9 10 16 17 9 6 6 2 6 10 7 11 12 15 12 23 22 23 9 9 20 12
27 8 11 20 10 21 9 11 14 14 11 13 24 7 8 15 21 0 9 19 22 14 6 4 21 17 23 23 15 12 24 26 25 9 12 10 10 10 19 20 12 27
19 4 6 12 4 20 0 18 4 18 2 6 19 10 2 6 16 9 0 12 21 7 4 6 20 11 21 19 12 8 22 18 25 12 13 18 5 7 18 13 18 19
8 16 9 2 15 14 12 24 11 21 10 6 9 15 14 7 6 19 12 0 15 5 13 15 15 3 12 9 8 8 14 8 18 16 14 24 17 18 14 3 22 8
21 24 15 18 25 1 21 19 24 14 21 17 9 16 23 20 9 22 21 15 0 16 19 19 1 13 4 7 9 14 4 20 3 14 10 20 27 28 4 18 17 21
13 11 5 6 10 15 7 20 7 18 5 1 12 11 9 3 10 14 7 5 16 0 8 11 16 4 15 12 8 5 16 12 19 13 11 21 12 13 14 6 19 13
21 5 5 14 6 18 3 15 8 15 5 7 19 6 4 9 16 6 4 13 19 8 0 3 18 11 19 18 11 6 21 20 23 9 10 15 8 8 16 14 15 21
23 7 7 16 8 18 6 12 11 13 8 10 20 4 7 11 17 4 6 15 19 11 3 0 18 13 20 19 11 8 21 22 22 7 9 12 10 10 15 17 12 23
21 23 14 17 24 0 20 18 23 13 20 16 9 15 22 19 9 21 20 15 1 16 18 18 0 12 4 7 8 12 4 20 4 13 9 19 26 27 3 17 16 21
12 14 6 5 14 12 11 21 11 18 9 5 8 12 13 7 6 17 11 3 13 4 11 13 12 0 11 8 5 5 12 11 16 13 10 21 16 17 11 6 19 12
18 24 14 15 24 4 20 21 22 16 19 15 6 16 22 18 6 23 21 12 4 15 19 20 4 11 0 4 8 13 1 17 6 16 12 22 26 27 6 15 19 18
14 22 13 11 22 7 18 23 19 18 17 13 2 16 21 15 2 23 19 9 7 12 18 19 7 8 4 0 8 12 5 13 10 16 12 24 24 25 8 11 21 14
17 15 6 11 16 8 12 16 15 13 12 8 9 9 14 11 6 15 12 8 9 8 11 11 8 5 8 8 0 5 10 15 12 9 6 17 18 19 6 11 15 17
17 11 1 10 11 12 7 16 10 13 7 5 13 7 10 8 10 12 8 8 14 5 6 8 12 5 13 12 5 0 14 16 17 8 7 16 13 14 10 10 14 17
19 25 16 16 25 4 22 22 24 17 21 17 7 18 24 19 7 24 22 14 4 16 21 21 4 12 1 5 10 14 0 18 5 17 13 23 27 28 7 16 20 19
2 22 16 6 21 19 18 31 16 28 16 13 11 22 20 12 11 26 18 8 20 12 20 22 20 11 17 13 15 16 18 0 22 24 21 32 22 24 20 6 30 2
24 27 18 20 28 5 24 21 27 16 24 20 11 19 26 23 12 25 25 18 3 19 23 22 4 16 6 10 12 17 5 22 0 17 13 22 30 31 7 20 19 24
25 13 8 18 15 13 12 7 17 6 13 13 18 3 13 15 15 9 12 16 14 13 9 7 13 13 16 16 9 8 17 24 17 0 4 8 16 17 10 18 6 25
22 15 8 16 16 9 13 11 17 7 13 11 14 5 14 14 12 12 13 14 10 11 10 9 9 10 12 12 6 7 13 21 13 4 0 11 18 19 6 16 9 22
33 18 16 26 20 19 18 1 23 7 19 20 26 10 18 22 23 10 18 24 20 21 15 12 19 21 22 24 17 16 23 32 22 8 11 0 21 21 17 26 4 33
22 3 12 16 2 25 6 21 6 22 7 11 24 13 4 10 22 10 5 17 27 12 8 10 26 16 26 24 18 13 27 22 30 16 18 21 0 2 23 17 22 22
24 4 13 18 3 26 7 21 8 23 8 13 26 14 5 12 23 10 7 18 28 13 8 10 27 17 27 25 19 14 28 24 31 17 19 21 2 0 24 18 22 24
21 21 12 16 22 3 18 16 21 11 17 14 10 12 20 17 9 19 18 14 4 14 16 15 3 11 6 8 6 10 7 20 7 10 6 17 23 24 0 16 13 21
7 16 10 0 15 16 13 26 11 23 11 7 10 17 15 7 9 20 13 3 18 6 14 17 17 6 15 11 11 10 16 6 20 18 16 26 17 18 16 0 25 7
31 19 15 24 21 16 18 3 23 3 19 19 23 9 19 21 20 12 18 22 17 19 15 12 16 19 19 21 15 14 20 30 19 6 9 4 22 22 13 25 0 31
0 22 17 7 21 21 19 32 16 29 16 13 13 23 20 12 12 27 19 8 21 13 21 23 21 12 18 14 17 17 19 2 24 25 22 33 22 24 21 7 31 0
,
0 58 31 13 28 56 33 81 31 69 32 33 14 51 23 34 37 54 48 17 46 28 46 61 26 25 40 17 43 38 26 3 52 60 46 84 25 69 47 12 64 0
29 0 16 24 2 26 7 50 16 29 12 23 39 21 3 13 46 17 8 22 33 21 6 15 39 21 63 27 17 21 46 40 48 26 26 19 4 9 37 19 20 45
40 20 0 25 25 33 9 25 19 26 11 6 38 18 15 18 30 18 10 22 29 6 12 14 35 10 29 21 12 4 20 24 41 11 18 16 28 20 19 14 18 35
14 30 22 0 41 41 16 32 20 33 17 13 29 38 21 8 17 21 34 3 38 15 18 46 24 13 39 12 28 13 41 10 38 18 27 58 17 27 43 1 43 20
41 6 16 22 0 24 5 56 11 33 7 20 54 18 5 12 54 21 6 31 26 22 10 16 29 19 67 42 45 31 70 56 55 25 39 34 4 4 42 28 30 42
46 23 28 24 38 0 34 33 55 23 32 39 20 29 26 19 17 25 36 22 4 24 40 32 1 16 10 15 15 30 10 28 8 26 27 26 74 58 3 45 36 47
42 6 6 26 9 40 0 30 12 23 6 18 41 21 3 19 27 10 1 28 59 18 6 10 34 27 33 28 17 18 53 29 56 17 36 45 10 19 53 18 29 27
76 25 40 52 48 45 24 0 56 10 36 26 33 20 42 63 25 21 23 62 27 33 43 18 24 41 43 64 47 43 30 74 48 12 19 3 32 53 41 60 7 34
44 11 10 30 14 29 12 50 0 45 10 20 36 17 9 12 39 33 11 30 45 17 12 17 34 29 27 45 36 31 66 28 77 29 46 29 18 11 50 21 31 31
85 41 38 61 28 21 45 15 48 0 22 54 26 11 51 47 21 22 24 55 36 36 38 27 30 38 43 36 21 30 31 58 44 8 21 17 60 30 27 47 5 33
25 8 17 28 11 39 5 28 7 31 0 9 30 20 11 11 31 26 5 23 51 8 6 21 45 17 40 50 13 20 49 44 34 30 39 27 18 11 40 14 52 31
30 25 7 15 13 40 14 25 12 49 13 0 25 23 16 4 15 16 11 16 31 2 10 20 19 10 16 32 15 8 25 19 46 22 14 31 12 13 27 21 55 25
35 62 28 23 42 11 51 65 24 47 30 39 0 26 29 18 7 67 43 25 12 36 21 60 24 11 14 4 25 30 7 32 19 25 41 67 64 73 30 25 30 14
69 13 12 26 20 38 15 25 23 17 11 16 32 0 13 36 22 18 27 37 21 19 10 12 29 17 21 43 9 16 36 66 55 8 14 13 14 26 15 48 16 59
44 2 23 27 4 25 3 41 9 42 11 18 46 21 0 17 36 20 2 19 39 23 7 17 54 37 67 25 15 14 62 27 42 20 38 22 5 7 25 41 21 24
20 19 8 15 24 40 8 36 11 39 9 4 20 28 11 0 28 17 8 20 20 5 14 26 23 12 47 28 13 15 24 34 55 42 34 26 11 23 32 11 48 23
14 38 12 22 20 23 17 57 41 32 44 19 6 41 24 16 0 41 21 11 10 12 21 18 10 15 13 7 15 13 12 25 14 29 23 56 37 59 22 14 35 20
64 15 20 56 25 36 23 30 38 22 23 25 62 18 13 33 42 0 22 41 52 32 10 8 30 37 57 53 28 17 41 35 63 24 20 11 23 17 29 52 17 58
22 10 11 31 10 55 1 19 12 51 5 13 43 18 5 16 20 15 0 29 33 12 6 19 37 23 39 27 26 13 63 45 69 29 33 36 10 8 22 23 52 25
19 29 17 4 20 22 17 53 30 39 11 17 16 25 41 14 11 53 29 0 23 10 37 31 37 6 17 20 19 18 32 12 38 33 27 45 45 36 29 3 43 25
52 26 19 18 63 4 30 54 40 16 43 25 13 17 38 25 26 26 57 35 0 24 55 33 2 33 10 21 22 33 5 35 4 40 14 50 39 72 11 35 35 63
29 23 5 11 28 20 19 53 13 30 10 3 33 25 25 6 17 37 13 14 20 0 10 12 38 11 38 14 11 10 18 21 31 17 22 46 18 27 37 16 54 36
39 5 12 24 8 23 4 31 18 21 11 10 50 7 11 21 33 15 11 30 56 25 0 9 54 29 47 22 26 14 45 45 40 27 11 42 17 13 44 29 26 29
67 14 10 38 11 27 10 14 22 33 14 14 40 8 16 34 41 4 16 44 54 18 8 0 26 16 51 49 17 9 52 58 29 19 25 16 26 27 45 38 24 53
25 32 41 25 44 1 42 36 23 31 45 28 23 32 26 33 13 24 29 43 2 33 40 20 0 20 9 16 21 35 7 50 8 18 12 27 51 40 5 48 37 29
28 37 14 8 25 29 13 43 31 45 13 11 12 13 17 20 6 19 20 9 33 6 31 32 25 0 15 10 11 6 15 29 37 24 19 39 47 27 26 16 33 21
48 24 31 24 62 11 57 29 37 29 33 32 12 40 55 48 15 49 25 14 7 33 32 36 7 24 0 12 12 13 3 23 13 21 17 38 41 60 7 28 35 18
19 45 37 19 35 15 48 31 40 23 51 31 5 36 39 36 7 26 24 26 13 18 38 42 19 20 11 0 22 23 14 38 22 46 24 53 70 68 18 24 45 23
20 35 16 27 34 15 32 42 32 25 18 13 22 14 25 17 11 34 26 18 22 12 16 28 16 12 13 11 0 10 29 17 36 18 9 21 32 49 7 22 24 43
50 15 3 14 24 16 19 31 31 21 20 9 29 19 28 8 12 15 21 21 17 13 14 18 23 15 27 24 8 0 38 22 21 13 18 41 21 25 23 12 43 46
20 54 36 23 33 6 52 57 56 23 44 42 13 30 32 20 8 33 40 29 10 38 57 22 11 21 4 8 13 29 0 35 6 39 16 30 80 43 16 33 28 31
2 39 35 12 22 52 49 46 43 42 42 35 12 39 38 35 17 39 39 15 28 16 30 45 51 26 32 24 25 19 21 0 33 62 32 57 45 38 29 14 66 4
34 56 52 36 32 6 65 60 55 28 27 28 12 29 35 41 20 42 45 36 6 33 44 41 12 42 7 23 20 35 6 44 0 45 34 34 76 35 18 35 52 36
70 14 13 32 20 15 31 10 41 10 27 13 38 3 29 40 22 25 17 43 23 31 22 19 19 23 29 36 15 23 20 25 49 0 7 23 49 26 27 22 11 74
34 24 10 17 30 11 28 28 43 12 18 26 40 7 31 30 29 19 29 39 26 16 17 21 24 24 24 28 12 16 13 59 37 9 0 23 28 27 13 47 21 38
62 30 32 65 35 30 32 3 38 12 25 46 75 15 37 31 68 21 49 31 28 27 35 28 28 26 56 59 43 38 68 54 59 10 15 0 59 59 23 70 9 92
52 8 14 44 4 58 13 41 7 59 15 12 35 34 7 13 59 26 10 29 41 23 17 15 56 26 70 59 31 18 54 59 89 35 27 45 0 2 37 36 57 32
47 4 36 41 7 65 19 39 9 40 18 29 43 23 12 16 65 16 8 24 52 19 10 23 42 28 42 66 46 36 85 27 65 49 37 25 2 0 54 54 55 51
32 61 24 18 43 7 41 41 58 30 38 24 24 19 27 48 17 36 40 17 9 32 20 25 6 29 16 22 8 23 7 49 11 11 19 19 23 39 0 45 34 57
17 40 26 1 20 48 24 37 30 51 16 11 29 18 38 13 26 57 26 7 51 12 26 48 43 15 36 12 25 28 32 10 21 32 36 32 46 35 28 0 34 17
40 22 19 46 43 46 18 7 57 5 35 44 49 23 28 57 52 22 35 27 18 20 31 31 28 25 50 62 27 24 28 45 42 18 9 9 34 44 38 58 0 63
0 37 39 20 26 59 49 48 21 56 25 22 20 69 40 22 23 60 46 22 59 25 54 39 27 20 50 18 19 36 41 4 64 30 65 67 41 69 23 14 89 0