7
40
,
0 (8.0, 43.0) 33.0
1 (19.0, 28.0) 52.0
2 (7.0, 12.0) 34.0
3 (4.0, 41.0) 59.0
4 (40.0, 11.0) 37.0
5 (10.0, 36.0) 30.0
6 (44.0, 47.0) 86.0
7 (1.0, 32.0) 64.0
8 (46.0, 36.0) 52.0
9 (8.0, 32.0) 62.0
10 (12.0, 24.0) 63.0
11 (25.0, 1.0) 36.0
12 (28.0, 37.0) 58.0
13 (8.0, 40.0) 48.0
14 (6.0, 24.0) 35.0
15 (24.0, 7.0) 48.0
16 (22.0, 49.0) 51.0
17 (9.0, 36.0) 38.0
18 (12.0, 12.0) 56.0
19 (42.0, 9.0) 71.0
20 (12.0, 22.0) 80.0
21 (16.0, 38.0) 47.0
22 (21.0, 41.0) 51.0
23 (41.0, 11.0) 73.0
24 (17.0, 16.0) 41.0
25 (36.0, 5.0) 57.0
26 (28.0, 4.0) 40.0
27 (27.0, 19.0) 31.0
28 (21.0, 26.0) 86.0
29 (38.0, 3.0) 33.0
30 (3.0, 0.0) 82.0
31 (47.0, 5.0) 65.0
32 (34.0, 36.0) 37.0
33 (34.0, 28.0) 79.0
34 (43.0, 49.0) 33.0
35 (2.0, 44.0) 90.0
36 (2.0, 47.0) 68.0
37 (39.0, 16.0) 81.0
38 (7.0, 11.0) 47.0
39 (45.0, 42.0) 71.0
,
0 22 17 7 21 21 19 32 16 29 16 13 13 23 20 12 12 27 19 8 21 13 21 23 21 12 18 14 17 17 19 2 24 25 22 33 22 24 21 7 31 0
22 0 9 16 2 23 4 18 7 19 6 10 23 10 2 10 20 8 4 16 24 11 5 7 23 14 24 22 15 11 25 22 27 13 15 18 3 4 21 16 19 22
17 9 0 10 10 14 6 16 9 14 6 4 14 6 8 7 11 11 6 9 15 5 5 7 14 6 14 13 6 1 16 16 18 8 8 16 12 13 12 10 15 17
7 16 10 0 15 17 12 25 10 23 10 6 11 16 14 6 9 20 12 2 18 6 14 16 17 5 15 11 11 10 16 6 20 18 16 26 16 18 16 0 24 7
21 2 10 15 0 23 4 20 5 21 5 9 23 12 2 9 20 10 4 15 25 10 6 8 24 14 24 22 16 11 25 21 28 15 16 20 2 3 22 15 21 21
21 23 14 17 23 0 20 18 22 13 19 15 9 14 22 18 8 21 20 14 1 15 18 18 0 12 4 7 8 12 4 19 5 13 9 19 25 26 3 16 16 21
19 4 6 12 4 20 0 18 5 18 2 6 19 9 2 6 16 9 0 12 21 7 3 6 20 11 20 18 12 7 22 18 24 12 13 18 6 7 18 13 18 19
32 18 16 25 20 18 18 0 23 6 20 20 25 9 18 22 22 11 18 24 19 20 15 12 18 21 21 23 16 16 22 31 21 7 11 1 21 21 16 26 3 32
16 7 9 10 5 22 5 23 0 23 4 7 20 14 5 5 17 14 4 11 24 7 8 11 23 11 22 19 15 10 24 16 27 17 17 23 6 8 21 11 23 16
29 19 14 23 21 13 18 6 23 0 19 18 20 9 19 21 18 14 18 21 14 18 15 13 13 18 16 18 13 13 17 28 16 6 7 7 22 23 11 23 3 29
16 6 6 10 5 19 2 20 4 19 0 4 18 10 4 4 15 11 2 10 21 5 5 8 20 9 19 17 12 7 21 16 24 13 13 19 7 8 17 11 19 16
13 10 4 6 9 15 6 20 7 18 4 0 13 10 8 3 10 13 6 6 17 1 7 10 16 5 15 13 8 5 17 13 20 13 11 20 11 13 14 7 19 13
13 23 14 11 23 9 19 25 20 20 18 13 0 18 21 15 3 24 19 9 9 12 19 20 9 8 6 2 9 13 7 11 11 18 14 26 24 26 10 10 23 13
23 10 6 16 12 14 9 9 14 9 10 10 18 0 10 13 15 7 10 15 16 11 6 4 15 12 16 16 9 7 18 22 19 3 5 10 13 14 12 17 9 23
20 2 8 14 2 22 2 18 5 19 4 8 21 10 0 8 18 8 2 14 23 9 4 7 22 13 22 21 14 10 24 20 26 13 14 18 4 5 20 15 19 20
12 10 7 6 9 18 6 22 5 21 4 3 15 13 8 0 12 15 6 7 20 3 9 11 19 7 18 15 11 8 19 12 23 15 14 22 10 12 17 7 21 12
12 20 11 9 20 8 16 22 17 18 15 10 3 15 18 12 0 21 16 6 9 10 16 17 9 6 6 2 6 10 7 11 12 15 12 23 22 23 9 9 20 12
27 8 11 20 10 21 9 11 14 14 11 13 24 7 8 15 21 0 9 19 22 14 6 4 21 17 23 23 15 12 24 26 25 9 12 10 10 10 19 20 12 27
19 4 6 12 4 20 0 18 4 18 2 6 19 10 2 6 16 9 0 12 21 7 4 6 20 11 21 19 12 8 22 18 25 12 13 18 5 7 18 13 18 19
8 16 9 2 15 14 12 24 11 21 10 6 9 15 14 7 6 19 12 0 15 5 13 15 15 3 12 9 8 8 14 8 18 16 14 24 17 18 14 3 22 8
21 24 15 18 25 1 21 19 24 14 21 17 9 16 23 20 9 22 21 15 0 16 19 19 1 13 4 7 9 14 4 20 3 14 10 20 27 28 4 18 17 21
13 11 5 6 10 15 7 20 7 18 5 1 12 11 9 3 10 14 7 5 16 0 8 11 16 4 15 12 8 5 16 12 19 13 11 21 12 13 14 6 19 13
21 5 5 14 6 18 3 15 8 15 5 7 19 6 4 9 16 6 4 13 19 8 0 3 18 11 19 18 11 6 21 20 23 9 10 15 8 8 16 14 15 21
23 7 7 16 8 18 6 12 11 13 8 10 20 4 7 11 17 4 6 15 19 11 3 0 18 13 20 19 11 8 21 22 22 7 9 12 10 10 15 17 12 23
21 23 14 17 24 0 20 18 23 13 20 16 9 15 22 19 9 21 20 15 1 16 18 18 0 12 4 7 8 12 4 20 4 13 9 19 26 27 3 17 16 21
12 14 6 5 14 12 11 21 11 18 9 5 8 12 13 7 6 17 11 3 13 4 11 13 12 0 11 8 5 5 12 11 16 13 10 21 16 17 11 6 19 12
18 24 14 15 24 4 20 21 22 16 19 15 6 16 22 18 6 23 21 12 4 15 19 20 4 11 0 4 8 13 1 17 6 16 12 22 26 27 6 15 19 18
14 22 13 11 22 7 18 23 19 18 17 13 2 16 21 15 2 23 19 9 7 12 18 19 7 8 4 0 8 12 5 13 10 16 12 24 24 25 8 11 21 14
17 15 6 11 16 8 12 16 15 13 12 8 9 9 14 11 6 15 12 8 9 8 11 11 8 5 8 8 0 5 10 15 12 9 6 17 18 19 6 11 15 17
17 11 1 10 11 12 7 16 10 13 7 5 13 7 10 8 10 12 8 8 14 5 6 8 12 5 13 12 5 0 14 16 17 8 7 16 13 14 10 10 14 17
19 25 16 16 25 4 22 22 24 17 21 17 7 18 24 19 7 24 22 14 4 16 21 21 4 12 1 5 10 14 0 18 5 17 13 23 27 28 7 16 20 19
2 22 16 6 21 19 18 31 16 28 16 13 11 22 20 12 11 26 18 8 20 12 20 22 20 11 17 13 15 16 18 0 22 24 21 32 22 24 20 6 30 2
24 27 18 20 28 5 24 21 27 16 24 20 11 19 26 23 12 25 25 18 3 19 23 22 4 16 6 10 12 17 5 22 0 17 13 22 30 31 7 20 19 24
25 13 8 18 15 13 12 7 17 6 13 13 18 3 13 15 15 9 12 16 14 13 9 7 13 13 16 16 9 8 17 24 17 0 4 8 16 17 10 18 6 25
22 15 8 16 16 9 13 11 17 7 13 11 14 5 14 14 12 12 13 14 10 11 10 9 9 10 12 12 6 7 13 21 13 4 0 11 18 19 6 16 9 22
33 18 16 26 20 19 18 1 23 7 19 20 26 10 18 22 23 10 18 24 20 21 15 12 19 21 22 24 17 16 23 32 22 8 11 0 21 21 17 26 4 33
22 3 12 16 2 25 6 21 6 22 7 11 24 13 4 10 22 10 5 17 27 12 8 10 26 16 26 24 18 13 27 22 30 16 18 21 0 2 23 17 22 22
24 4 13 18 3 26 7 21 8 23 8 13 26 14 5 12 23 10 7 18 28 13 8 10 27 17 27 25 19 14 28 24 31 17 19 21 2 0 24 18 22 24
21 21 12 16 22 3 18 16 21 11 17 14 10 12 20 17 9 19 18 14 4 14 16 15 3 11 6 8 6 10 7 20 7 10 6 17 23 24 0 16 13 21
7 16 10 0 15 16 13 26 11 23 11 7 10 17 15 7 9 20 13 3 18 6 14 17 17 6 15 11 11 10 16 6 20 18 16 26 17 18 16 0 25 7
31 19 15 24 21 16 18 3 23 3 19 19 23 9 19 21 20 12 18 22 17 19 15 12 16 19 19 21 15 14 20 30 19 6 9 4 22 22 13 25 0 31
0 22 17 7 21 21 19 32 16 29 16 13 13 23 20 12 12 27 19 8 21 13 21 23 21 12 18 14 17 17 19 2 24 25 22 33 22 24 21 7 31 0
,
0 59 31 7 51 27 50 38 22 50 44 18 21 64 38 33 17 44 28 9 39 34 54 42 54 26 21 42 30 26 44 3 49 31 59 48 50 52 62 12 73 0
39 0 13 39 4 43 5 19 18 30 12 19 51 11 3 26 37 13 5 18 43 14 5 11 67 24 57 45 20 18 33 51 29 26 44 48 6 4 56 44 44 45
20 27 0 20 16 17 12 39 12 31 12 9 37 13 19 12 13 23 14 21 27 8 8 13 32 9 17 26 7 4 31 43 43 11 21 42 30 38 12 30 21 37
18 46 10 0 18 31 28 58 20 46 23 11 25 31 29 6 12 33 30 5 37 16 26 33 35 9 23 12 30 22 30 17 40 46 42 38 48 43 17 1 63 15
34 3 19 35 0 62 7 35 12 22 8 22 30 21 3 19 37 25 8 40 55 26 15 10 37 31 33 44 40 21 75 25 77 28 35 29 2 6 50 43 28 25
57 36 21 19 61 0 22 22 25 37 47 33 22 35 24 49 17 47 53 22 2 22 20 47 1 32 5 7 15 26 11 34 10 28 13 27 37 70 5 45 43 51
48 5 13 16 7 42 0 34 13 51 2 14 20 24 4 13 40 20 1 36 48 9 5 6 37 14 30 21 35 9 58 44 31 32 15 26 11 10 37 15 34 54
55 32 23 40 59 54 37 0 49 12 40 22 73 11 31 56 32 13 27 54 29 46 28 14 32 35 31 65 34 26 35 47 44 14 31 3 35 22 40 47 6 96
45 7 10 20 9 29 10 31 0 67 5 15 56 15 9 5 33 29 7 18 32 20 17 27 33 24 64 43 38 23 54 41 58 28 18 43 10 22 26 23 62 21
48 19 41 39 57 22 20 15 36 0 21 31 34 20 28 41 51 27 26 51 18 53 36 26 19 41 42 42 17 30 19 34 29 9 12 19 62 40 18 26 7 77
32 15 7 24 9 34 7 35 10 50 0 7 50 11 4 10 38 13 3 13 44 6 13 10 50 21 22 50 13 20 47 45 35 36 32 28 16 16 43 14 22 37
19 14 10 14 19 38 9 20 13 29 9 0 27 11 13 4 23 33 15 12 32 1 11 28 40 12 22 17 16 11 46 32 40 17 15 51 22 16 26 11 39 37
14 38 40 25 40 23 47 59 38 53 32 15 0 38 42 41 4 56 54 9 10 35 40 23 13 16 10 6 18 35 17 28 13 36 18 66 38 39 15 10 54 13
48 30 8 19 29 25 17 27 17 15 20 11 41 0 18 19 16 7 18 44 31 25 8 4 17 15 48 40 19 12 49 58 31 3 10 22 36 30 14 31 14 36
27 4 13 20 3 64 6 23 10 55 8 14 27 26 0 15 52 22 5 23 33 17 8 14 53 20 65 40 26 16 69 49 32 22 33 44 6 9 29 40 39 25
15 27 11 13 16 25 16 26 12 21 10 7 42 30 14 0 30 40 16 17 38 5 14 32 42 19 29 43 24 21 42 22 52 24 24 45 26 15 50 11 54 18
32 29 12 23 57 16 24 28 47 46 41 17 8 25 26 23 0 56 40 19 15 23 45 43 11 15 10 5 13 17 17 15 12 35 32 64 46 49 23 11 28 34
75 16 26 33 21 29 18 18 26 21 32 33 26 16 14 21 60 0 11 55 50 23 17 10 39 50 57 42 32 26 45 66 71 25 19 18 15 11 43 53 24 32
47 7 14 16 7 52 1 32 7 55 5 17 46 11 6 11 26 18 0 18 59 11 7 16 22 30 48 34 36 8 41 37 56 17 24 42 13 13 22 21 52 20
21 34 10 4 44 33 36 66 25 26 30 13 16 33 42 19 16 27 29 0 18 15 36 26 24 5 17 13 14 12 17 11 33 24 14 63 22 40 20 4 37 21
28 66 30 51 69 2 58 37 47 16 33 23 14 36 31 23 11 51 44 20 0 40 38 29 3 20 8 22 12 28 4 53 4 30 11 47 42 66 7 40 25 45
37 28 14 9 21 44 8 42 20 24 16 3 18 29 13 8 25 24 19 11 48 0 9 19 17 5 22 13 13 14 31 28 51 34 18 38 24 40 21 9 44 26
28 7 7 22 18 26 4 18 9 44 6 16 29 14 10 10 44 17 11 21 43 14 0 4 46 21 53 46 21 9 26 49 59 27 28 43 21 9 39 26 39 39
49 19 10 37 22 32 13 16 32 30 14 22 46 8 9 26 21 11 9 19 45 24 8 0 50 37 38 38 33 8 56 53 25 12 19 19 28 14 41 26 23 52
46 54 29 29 62 1 37 30 28 29 38 46 25 29 62 22 22 34 31 34 2 42 35 53 0 16 7 12 14 21 12 56 12 24 25 26 29 65 7 39 24 40
19 25 9 14 17 23 27 33 16 27 11 13 20 13 25 8 16 43 26 9 16 7 19 15 27 0 11 11 8 10 28 26 17 24 11 47 40 37 16 9 54 34
53 50 42 34 31 7 21 58 63 33 37 30 15 37 46 18 11 65 51 20 9 36 43 58 11 28 0 9 9 25 2 27 9 39 33 48 58 66 15 43 54 33
40 40 23 15 57 21 41 25 47 30 47 28 2 17 53 28 5 62 48 24 9 29 38 55 21 24 6 0 22 15 12 37 23 33 27 26 30 39 9 14 45 34
36 41 14 29 36 21 30 47 23 31 29 16 23 13 20 18 14 32 30 25 27 11 19 28 10 7 13 18 0 7 29 44 31 26 10 26 26 47 16 32 16 26
37 13 2 22 21 25 12 22 19 14 16 12 25 14 20 9 25 26 17 16 14 13 8 17 32 6 36 27 13 0 41 19 38 15 18 30 22 34 23 13 23 28
23 29 47 41 31 9 43 29 40 20 36 49 18 20 60 47 20 49 66 17 6 20 40 44 12 35 3 8 22 17 0 18 8 24 14 59 34 78 10 29 50 43
2 60 17 13 30 22 19 55 18 71 37 26 28 61 37 35 16 30 20 18 47 21 41 39 27 26 28 33 42 47 32 0 47 58 44 91 45 54 23 14 58 3
67 72 25 49 33 8 65 38 77 43 43 32 25 20 36 30 32 37 67 53 7 42 48 25 8 40 11 25 26 31 6 23 0 45 30 58 67 33 11 32 29 58
35 38 12 18 39 34 17 11 39 8 37 37 46 8 17 35 16 10 23 35 18 25 19 10 37 33 20 33 17 9 30 28 26 0 10 18 22 20 18 46 13 42
37 32 10 46 41 15 25 18 41 13 30 15 22 6 24 30 14 35 21 40 14 17 25 23 13 20 26 14 17 17 34 21 17 10 0 33 34 25 9 35 23 23
81 44 37 33 21 24 41 2 25 12 53 46 71 16 24 50 28 16 25 50 58 55 22 12 40 38 30 70 49 19 60 74 56 17 16 0 55 59 42 62 7 37
25 6 23 33 2 45 8 30 9 50 18 20 57 19 10 30 56 25 8 46 33 18 17 17 56 22 33 68 38 14 45 60 41 32 19 45 0 4 51 27 37 52
52 7 37 38 6 27 10 52 8 47 19 32 28 37 8 16 53 13 17 40 71 37 16 29 72 26 43 75 33 25 60 47 81 48 28 51 3 0 40 36 59 39
25 22 18 23 43 6 48 35 35 20 24 31 27 35 51 47 14 50 27 25 5 40 41 26 4 24 15 17 19 12 17 30 8 15 19 25 45 42 0 19 40 27
18 24 13 1 28 45 33 32 21 52 17 8 17 49 20 16 24 60 20 3 50 11 41 33 44 7 18 26 26 19 19 7 48 55 30 78 23 41 24 0 29 8
92 43 35 48 25 40 47 7 64 3 26 27 37 18 54 61 32 17 21 31 24 44 38 34 36 34 46 62 34 39 58 33 37 11 9 4 60 64 17 65 0 86
0 62 48 19 56 44 51 94 28 40 23 31 15 43 40 16 33 39 27 16 29 17 43 68 37 18 43 15 49 45 37 3 58 62 63 70 48 57 46 13 89 0