7
40
,
0 (8.0, 43.0) 33.0
1 (19.0, 28.0) 52.0
2 (7.0, 12.0) 86.0
3 (4.0, 41.0) 36.0
4 (40.0, 11.0) 36.0
5 (10.0, 36.0) 46.0
6 (44.0, 47.0) 47.0
7 (1.0, 32.0) 76.0
8 (46.0, 36.0) 38.0
9 (8.0, 32.0) 46.0
10 (12.0, 24.0) 70.0
11 (25.0, 1.0) 33.0
12 (28.0, 37.0) 81.0
13 (8.0, 40.0) 37.0
14 (6.0, 24.0) 30.0
15 (24.0, 7.0) 43.0
16 (22.0, 49.0) 39.0
17 (9.0, 36.0) 49.0
18 (12.0, 12.0) 47.0
19 (42.0, 9.0) 36.0
20 (12.0, 22.0) 32.0
21 (16.0, 38.0) 54.0
22 (21.0, 41.0) 65.0
23 (41.0, 11.0) 38.0
24 (17.0, 16.0) 68.0
25 (36.0, 5.0) 33.0
26 (28.0, 4.0) 33.0
27 (27.0, 19.0) 45.0
28 (21.0, 26.0) 61.0
29 (38.0, 3.0) 50.0
30 (3.0, 0.0) 80.0
31 (47.0, 5.0) 55.0
32 (34.0, 36.0) 34.0
33 (34.0, 28.0) 53.0
34 (43.0, 49.0) 86.0
35 (2.0, 44.0) 66.0
36 (2.0, 47.0) 75.0
37 (39.0, 16.0) 90.0
38 (7.0, 11.0) 71.0
39 (45.0, 42.0) 50.0
,
0 22 17 7 21 21 19 32 16 29 16 13 13 23 20 12 12 27 19 8 21 13 21 23 21 12 18 14 17 17 19 2 24 25 22 33 22 24 21 7 31 0
22 0 9 16 2 23 4 18 7 19 6 10 23 10 2 10 20 8 4 16 24 11 5 7 23 14 24 22 15 11 25 22 27 13 15 18 3 4 21 16 19 22
17 9 0 10 10 14 6 16 9 14 6 4 14 6 8 7 11 11 6 9 15 5 5 7 14 6 14 13 6 1 16 16 18 8 8 16 12 13 12 10 15 17
7 16 10 0 15 17 12 25 10 23 10 6 11 16 14 6 9 20 12 2 18 6 14 16 17 5 15 11 11 10 16 6 20 18 16 26 16 18 16 0 24 7
21 2 10 15 0 23 4 20 5 21 5 9 23 12 2 9 20 10 4 15 25 10 6 8 24 14 24 22 16 11 25 21 28 15 16 20 2 3 22 15 21 21
21 23 14 17 23 0 20 18 22 13 19 15 9 14 22 18 8 21 20 14 1 15 18 18 0 12 4 7 8 12 4 19 5 13 9 19 25 26 3 16 16 21
19 4 6 12 4 20 0 18 5 18 2 6 19 9 2 6 16 9 0 12 21 7 3 6 20 11 20 18 12 7 22 18 24 12 13 18 6 7 18 13 18 19
32 18 16 25 20 18 18 0 23 6 20 20 25 9 18 22 22 11 18 24 19 20 15 12 18 21 21 23 16 16 22 31 21 7 11 1 21 21 16 26 3 32
16 7 9 10 5 22 5 23 0 23 4 7 20 14 5 5 17 14 4 11 24 7 8 11 23 11 22 19 15 10 24 16 27 17 17 23 6 8 21 11 23 16
29 19 14 23 21 13 18 6 23 0 19 18 20 9 19 21 18 14 18 21 14 18 15 13 13 18 16 18 13 13 17 28 16 6 7 7 22 23 11 23 3 29
16 6 6 10 5 19 2 20 4 19 0 4 18 10 4 4 15 11 2 10 21 5 5 8 20 9 19 17 12 7 21 16 24 13 13 19 7 8 17 11 19 16
13 10 4 6 9 15 6 20 7 18 4 0 13 10 8 3 10 13 6 6 17 1 7 10 16 5 15 13 8 5 17 13 20 13 11 20 11 13 14 7 19 13
13 23 14 11 23 9 19 25 20 20 18 13 0 18 21 15 3 24 19 9 9 12 19 20 9 8 6 2 9 13 7 11 11 18 14 26 24 26 10 10 23 13
23 10 6 16 12 14 9 9 14 9 10 10 18 0 10 13 15 7 10 15 16 11 6 4 15 12 16 16 9 7 18 22 19 3 5 10 13 14 12 17 9 23
20 2 8 14 2 22 2 18 5 19 4 8 21 10 0 8 18 8 2 14 23 9 4 7 22 13 22 21 14 10 24 20 26 13 14 18 4 5 20 15 19 20
12 10 7 6 9 18 6 22 5 21 4 3 15 13 8 0 12 15 6 7 20 3 9 11 19 7 18 15 11 8 19 12 23 15 14 22 10 12 17 7 21 12
12 20 11 9 20 8 16 22 17 18 15 10 3 15 18 12 0 21 16 6 9 10 16 17 9 6 6 2 6 10 7 11 12 15 12 23 22 23 9 9 20 12
27 8 11 20 10 21 9 11 14 14 11 13 24 7 8 15 21 0 9 19 22 14 6 4 21 17 23 23 15 12 24 26 25 9 12 10 10 10 19 20 12 27
19 4 6 12 4 20 0 18 4 18 2 6 19 10 2 6 16 9 0 12 21 7 4 6 20 11 21 19 12 8 22 18 25 12 13 18 5 7 18 13 18 19
8 16 9 2 15 14 12 24 11 21 10 6 9 15 14 7 6 19 12 0 15 5 13 15 15 3 12 9 8 8 14 8 18 16 14 24 17 18 14 3 22 8
21 24 15 18 25 1 21 19 24 14 21 17 9 16 23 20 9 22 21 15 0 16 19 19 1 13 4 7 9 14 4 20 3 14 10 20 27 28 4 18 17 21
13 11 5 6 10 15 7 20 7 18 5 1 12 11 9 3 10 14 7 5 16 0 8 11 16 4 15 12 8 5 16 12 19 13 11 21 12 13 14 6 19 13
21 5 5 14 6 18 3 15 8 15 5 7 19 6 4 9 16 6 4 13 19 8 0 3 18 11 19 18 11 6 21 20 23 9 10 15 8 8 16 14 15 21
23 7 7 16 8 18 6 12 11 13 8 10 20 4 7 11 17 4 6 15 19 11 3 0 18 13 20 19 11 8 21 22 22 7 9 12 10 10 15 17 12 23
21 23 14 17 24 0 20 18 23 13 20 16 9 15 22 19 9 21 20 15 1 16 18 18 0 12 4 7 8 12 4 20 4 13 9 19 26 27 3 17 16 21
12 14 6 5 14 12 11 21 11 18 9 5 8 12 13 7 6 17 11 3 13 4 11 13 12 0 11 8 5 5 12 11 16 13 10 21 16 17 11 6 19 12
18 24 14 15 24 4 20 21 22 16 19 15 6 16 22 18 6 23 21 12 4 15 19 20 4 11 0 4 8 13 1 17 6 16 12 22 26 27 6 15 19 18
14 22 13 11 22 7 18 23 19 18 17 13 2 16 21 15 2 23 19 9 7 12 18 19 7 8 4 0 8 12 5 13 10 16 12 24 24 25 8 11 21 14
17 15 6 11 16 8 12 16 15 13 12 8 9 9 14 11 6 15 12 8 9 8 11 11 8 5 8 8 0 5 10 15 12 9 6 17 18 19 6 11 15 17
17 11 1 10 11 12 7 16 10 13 7 5 13 7 10 8 10 12 8 8 14 5 6 8 12 5 13 12 5 0 14 16 17 8 7 16 13 14 10 10 14 17
19 25 16 16 25 4 22 22 24 17 21 17 7 18 24 19 7 24 22 14 4 16 21 21 4 12 1 5 10 14 0 18 5 17 13 23 27 28 7 16 20 19
2 22 16 6 21 19 18 31 16 28 16 13 11 22 20 12 11 26 18 8 20 12 20 22 20 11 17 13 15 16 18 0 22 24 21 32 22 24 20 6 30 2
24 27 18 20 28 5 24 21 27 16 24 20 11 19 26 23 12 25 25 18 3 19 23 22 4 16 6 10 12 17 5 22 0 17 13 22 30 31 7 20 19 24
25 13 8 18 15 13 12 7 17 6 13 13 18 3 13 15 15 9 12 16 14 13 9 7 13 13 16 16 9 8 17 24 17 0 4 8 16 17 10 18 6 25
22 15 8 16 16 9 13 11 17 7 13 11 14 5 14 14 12 12 13 14 10 11 10 9 9 10 12 12 6 7 13 21 13 4 0 11 18 19 6 16 9 22
33 18 16 26 20 19 18 1 23 7 19 20 26 10 18 22 23 10 18 24 20 21 15 12 19 21 22 24 17 16 23 32 22 8 11 0 21 21 17 26 4 33
22 3 12 16 2 25 6 21 6 22 7 11 24 13 4 10 22 10 5 17 27 12 8 10 26 16 26 24 18 13 27 22 30 16 18 21 0 2 23 17 22 22
24 4 13 18 3 26 7 21 8 23 8 13 26 14 5 12 23 10 7 18 28 13 8 10 27 17 27 25 19 14 28 24 31 17 19 21 2 0 24 18 22 24
21 21 12 16 22 3 18 16 21 11 17 14 10 12 20 17 9 19 18 14 4 14 16 15 3 11 6 8 6 10 7 20 7 10 6 17 23 24 0 16 13 21
7 16 10 0 15 16 13 26 11 23 11 7 10 17 15 7 9 20 13 3 18 6 14 17 17 6 15 11 11 10 16 6 20 18 16 26 17 18 16 0 25 7
31 19 15 24 21 16 18 3 23 3 19 19 23 9 19 21 20 12 18 22 17 19 15 12 16 19 19 21 15 14 20 30 19 6 9 4 22 22 13 25 0 31
0 22 17 7 21 21 19 32 16 29 16 13 13 23 20 12 12 27 19 8 21 13 21 23 21 12 18 14 17 17 19 2 24 25 22 33 22 24 21 7 31 0
,
0 32 46 14 43 24 49 36 31 35 46 18 22 55 55 20 28 59 53 24 23 18 45 52 48 12 38 41 44 34 30 3 63 31 54 97 38 28 34 15 41 0
61 0 20 46 5 29 8 26 10 33 7 15 34 19 3 29 26 22 7 23 28 11 10 12 31 29 25 32 38 19 36 45 62 18 33 40 7 11 44 24 49 53
42 11 0 29 20 23 7 40 24 41 14 8 15 19 21 15 17 18 10 24 28 7 15 15 15 14 33 15 7 2 24 34 45 25 18 42 32 30 29 25 36 46
9 29 23 0 26 44 12 41 16 48 13 17 30 17 41 12 15 29 22 6 51 7 21 44 32 16 43 27 29 19 19 12 28 45 29 44 23 23 28 1 71 13
40 2 14 39 0 64 7 40 9 47 11 12 50 18 5 18 34 19 5 36 38 21 19 25 32 19 29 35 21 31 43 40 71 35 41 47 2 5 37 38 28 61
45 67 34 46 67 0 41 34 30 24 29 31 16 31 24 27 16 48 43 16 2 20 52 40 1 35 9 13 13 25 7 58 12 27 10 50 53 51 7 34 46 27
50 6 11 32 4 28 0 53 8 34 4 9 55 11 4 17 42 24 1 19 23 8 8 14 42 23 27 22 36 11 24 39 42 26 26 27 7 18 31 21 41 26
37 41 35 47 30 33 19 0 32 13 49 55 40 28 25 45 42 24 35 65 23 46 38 18 28 22 59 59 42 28 58 36 40 16 26 2 33 62 44 60 7 41
41 11 14 27 11 62 11 61 0 28 8 19 54 18 7 9 40 25 12 29 26 9 24 27 66 14 38 39 27 21 70 30 57 31 20 58 10 11 21 17 36 16
61 27 39 25 61 34 28 10 52 0 38 37 47 14 29 42 19 32 37 40 22 19 38 16 23 32 37 45 36 14 50 50 30 7 16 8 40 25 16 65 5 41
41 14 12 20 15 51 3 25 6 33 0 10 42 24 11 7 28 23 4 25 26 16 8 13 48 25 41 33 21 9 61 20 36 20 33 39 9 13 46 25 44 33
34 25 9 18 18 45 11 32 14 47 13 0 27 14 11 3 26 33 18 16 39 1 14 19 41 5 31 38 20 5 17 28 44 34 32 33 32 30 20 20 32 26
30 46 29 12 63 23 22 51 20 27 50 37 0 51 59 24 8 56 43 17 21 22 46 44 22 23 16 5 16 37 8 24 29 51 15 39 50 73 21 22 39 18
42 23 15 19 13 25 23 16 28 20 28 26 38 0 20 19 18 7 15 21 40 19 8 10 27 23 18 38 9 19 25 39 26 5 12 20 27 40 31 26 18 57
31 2 13 41 6 52 3 27 10 46 5 22 36 27 0 8 32 19 4 22 46 11 12 12 44 34 51 25 20 28 68 43 29 39 37 21 6 12 35 22 21 38
25 10 12 7 23 52 9 44 8 22 8 5 21 19 10 0 32 28 15 18 50 6 20 28 50 14 38 39 25 21 55 35 24 28 22 57 29 16 47 17 40 31
33 23 26 15 36 24 31 33 17 39 15 31 4 21 42 19 0 23 20 11 13 11 31 38 11 12 14 5 14 25 18 17 33 23 24 63 29 36 15 24 46 35
70 18 27 53 13 22 16 30 26 24 21 16 48 12 12 25 30 0 27 54 23 30 18 9 39 37 56 51 40 19 30 65 56 14 26 14 19 29 29 36 27 71
23 10 7 21 6 39 1 51 9 54 5 18 34 21 4 7 48 24 0 21 62 20 9 10 51 21 60 42 18 10 51 21 42 13 34 41 6 11 42 25 24 48
18 31 13 4 25 29 19 67 23 22 12 8 25 31 33 8 9 51 19 0 42 8 21 20 25 8 27 9 14 13 28 18 19 39 15 52 44 18 17 7 54 13
26 39 28 38 72 2 22 19 56 17 39 21 25 32 31 23 10 30 23 45 0 37 34 45 3 26 6 13 26 35 6 38 3 28 19 28 49 54 5 18 32 60
35 11 11 15 22 42 19 21 11 39 14 2 33 22 19 4 15 28 21 7 26 0 15 19 33 9 42 35 8 11 38 33 51 33 31 28 14 20 39 18 37 26
53 6 8 16 7 38 5 32 9 26 8 17 25 8 6 13 30 10 6 20 30 23 0 5 26 32 28 30 20 12 32 38 66 23 29 26 19 11 31 26 33 48
28 18 16 39 10 48 15 18 25 31 11 11 48 5 18 26 40 10 13 27 54 28 5 0 46 34 39 21 18 15 58 61 35 9 22 26 28 11 30 33 14 68
61 33 30 43 37 1 55 54 30 22 28 47 10 22 39 48 24 27 31 31 3 20 47 19 0 28 6 22 19 31 6 43 11 23 26 38 71 41 7 35 46 33
17 26 10 11 19 35 16 58 15 34 19 14 10 26 18 13 17 47 29 5 31 8 29 14 18 0 25 20 15 12 14 19 18 29 30 30 36 44 26 13 50 15
32 71 23 28 25 7 27 22 50 35 44 28 12 26 67 38 17 39 24 21 8 42 24 48 6 20 0 9 18 19 3 24 7 16 17 45 76 71 8 44 38 52
19 32 23 27 58 10 28 23 41 46 35 15 6 25 58 26 4 26 40 10 21 21 45 37 7 13 10 0 22 26 14 33 26 29 15 40 65 40 24 17 59 41
38 37 17 17 17 19 17 30 20 13 27 23 23 11 14 30 11 26 22 11 22 19 20 16 16 13 8 18 0 6 22 43 32 10 6 36 23 39 6 19 35 26
22 23 1 24 15 16 15 41 19 25 16 11 37 9 17 10 15 17 16 12 33 15 14 13 27 12 31 17 13 0 39 32 35 11 20 48 34 37 20 19 28 20
23 64 18 35 52 9 45 32 52 23 29 39 19 39 64 42 11 58 25 38 7 43 43 34 6 14 2 10 13 26 0 38 9 18 24 63 31 30 10 27 29 42
2 49 48 10 38 33 37 82 42 57 32 26 28 31 25 15 21 64 37 10 59 25 59 60 39 26 21 24 41 23 48 0 29 54 38 76 62 58 42 12 74 4
59 46 30 33 50 5 27 23 67 29 58 38 33 55 47 48 29 47 45 30 3 51 47 40 7 19 8 21 16 44 10 23 0 23 18 49 80 49 11 57 45 36
49 24 9 31 39 28 29 21 46 11 17 36 38 9 17 45 31 12 29 25 36 26 22 16 35 27 20 20 25 17 42 31 30 0 9 15 38 24 14 24 12 38
46 16 11 40 41 26 23 32 17 12 35 20 34 5 15 25 31 35 23 31 21 16 25 20 11 30 25 26 8 19 21 61 20 11 0 31 37 45 16 35 10 50
82 34 28 71 53 19 44 3 61 19 32 25 72 29 19 35 48 27 43 65 35 39 24 14 46 50 64 63 41 41 69 47 34 16 34 0 61 30 18 32 8 51
27 5 28 23 5 34 15 46 17 30 8 16 29 26 4 22 48 13 7 46 28 34 9 19 53 16 37 40 49 35 40 44 46 48 26 24 0 2 44 28 28 62
53 9 17 42 7 62 17 49 14 57 12 25 66 30 10 22 39 26 18 26 48 21 22 21 70 31 51 55 32 41 48 57 64 29 34 58 4 0 37 53 35 52
46 59 30 18 32 7 20 18 53 20 29 39 15 13 41 35 11 34 43 39 5 22 43 19 4 30 9 16 17 14 11 55 9 24 7 20 62 60 0 36 17 60
16 42 25 1 34 29 15 48 18 57 11 17 11 18 27 13 10 29 37 4 37 13 40 49 34 14 36 30 31 16 31 13 46 38 44 76 25 42 45 0 43 14
76 26 20 35 32 38 35 5 36 8 54 52 23 16 41 46 38 28 46 32 43 50 28 21 46 23 47 55 15 22 20 68 28 13 11 11 38 44 22 25 0 61
0 26 30 16 30 57 37 88 36 82 46 29 34 26 42 30 36 71 50 15 34 26 34 66 26 15 40 40 17 24 49 3 43 31 36 46 24 65 28 18 45 0