7
40
,
0 (8.0, 43.0) 41.0
1 (19.0, 28.0) 40.0
2 (7.0, 12.0) 48.0
3 (4.0, 41.0) 85.0
4 (40.0, 11.0) 58.0
5 (10.0, 36.0) 33.0
6 (44.0, 47.0) 39.0
7 (1.0, 32.0) 54.0
8 (46.0, 36.0) 48.0
9 (8.0, 32.0) 34.0
10 (12.0, 24.0) 43.0
11 (25.0, 1.0) 63.0
12 (28.0, 37.0) 74.0
13 (8.0, 40.0) 55.0
14 (6.0, 24.0) 44.0
15 (24.0, 7.0) 55.0
16 (22.0, 49.0) 45.0
17 (9.0, 36.0) 34.0
18 (12.0, 12.0) 33.0
19 (42.0, 9.0) 35.0
20 (12.0, 22.0) 89.0
21 (16.0, 38.0) 54.0
22 (21.0, 41.0) 86.0
23 (41.0, 11.0) 30.0
24 (17.0, 16.0) 35.0
25 (36.0, 5.0) 86.0
26 (28.0, 4.0) 51.0
27 (27.0, 19.0) 64.0
28 (21.0, 26.0) 46.0
29 (38.0, 3.0) 42.0
30 (3.0, 0.0) 74.0
31 (47.0, 5.0) 48.0
32 (34.0, 36.0) 36.0
33 (34.0, 28.0) 87.0
34 (43.0, 49.0) 42.0
35 (2.0, 44.0) 43.0
36 (2.0, 47.0) 54.0
37 (39.0, 16.0) 46.0
38 (7.0, 11.0) 41.0
39 (45.0, 42.0) 57.0
,
0 22 17 7 21 21 19 32 16 29 16 13 13 23 20 12 12 27 19 8 21 13 21 23 21 12 18 14 17 17 19 2 24 25 22 33 22 24 21 7 31 0
22 0 9 16 2 23 4 18 7 19 6 10 23 10 2 10 20 8 4 16 24 11 5 7 23 14 24 22 15 11 25 22 27 13 15 18 3 4 21 16 19 22
17 9 0 10 10 14 6 16 9 14 6 4 14 6 8 7 11 11 6 9 15 5 5 7 14 6 14 13 6 1 16 16 18 8 8 16 12 13 12 10 15 17
7 16 10 0 15 17 12 25 10 23 10 6 11 16 14 6 9 20 12 2 18 6 14 16 17 5 15 11 11 10 16 6 20 18 16 26 16 18 16 0 24 7
21 2 10 15 0 23 4 20 5 21 5 9 23 12 2 9 20 10 4 15 25 10 6 8 24 14 24 22 16 11 25 21 28 15 16 20 2 3 22 15 21 21
21 23 14 17 23 0 20 18 22 13 19 15 9 14 22 18 8 21 20 14 1 15 18 18 0 12 4 7 8 12 4 19 5 13 9 19 25 26 3 16 16 21
19 4 6 12 4 20 0 18 5 18 2 6 19 9 2 6 16 9 0 12 21 7 3 6 20 11 20 18 12 7 22 18 24 12 13 18 6 7 18 13 18 19
32 18 16 25 20 18 18 0 23 6 20 20 25 9 18 22 22 11 18 24 19 20 15 12 18 21 21 23 16 16 22 31 21 7 11 1 21 21 16 26 3 32
16 7 9 10 5 22 5 23 0 23 4 7 20 14 5 5 17 14 4 11 24 7 8 11 23 11 22 19 15 10 24 16 27 17 17 23 6 8 21 11 23 16
29 19 14 23 21 13 18 6 23 0 19 18 20 9 19 21 18 14 18 21 14 18 15 13 13 18 16 18 13 13 17 28 16 6 7 7 22 23 11 23 3 29
16 6 6 10 5 19 2 20 4 19 0 4 18 10 4 4 15 11 2 10 21 5 5 8 20 9 19 17 12 7 21 16 24 13 13 19 7 8 17 11 19 16
13 10 4 6 9 15 6 20 7 18 4 0 13 10 8 3 10 13 6 6 17 1 7 10 16 5 15 13 8 5 17 13 20 13 11 20 11 13 14 7 19 13
13 23 14 11 23 9 19 25 20 20 18 13 0 18 21 15 3 24 19 9 9 12 19 20 9 8 6 2 9 13 7 11 11 18 14 26 24 26 10 10 23 13
23 10 6 16 12 14 9 9 14 9 10 10 18 0 10 13 15 7 10 15 16 11 6 4 15 12 16 16 9 7 18 22 19 3 5 10 13 14 12 17 9 23
20 2 8 14 2 22 2 18 5 19 4 8 21 10 0 8 18 8 2 14 23 9 4 7 22 13 22 21 14 10 24 20 26 13 14 18 4 5 20 15 19 20
12 10 7 6 9 18 6 22 5 21 4 3 15 13 8 0 12 15 6 7 20 3 9 11 19 7 18 15 11 8 19 12 23 15 14 22 10 12 17 7 21 12
12 20 11 9 20 8 16 22 17 18 15 10 3 15 18 12 0 21 16 6 9 10 16 17 9 6 6 2 6 10 7 11 12 15 12 23 22 23 9 9 20 12
27 8 11 20 10 21 9 11 14 14 11 13 24 7 8 15 21 0 9 19 22 14 6 4 21 17 23 23 15 12 24 26 25 9 12 10 10 10 19 20 12 27
19 4 6 12 4 20 0 18 4 18 2 6 19 10 2 6 16 9 0 12 21 7 4 6 20 11 21 19 12 8 22 18 25 12 13 18 5 7 18 13 18 19
8 16 9 2 15 14 12 24 11 21 10 6 9 15 14 7 6 19 12 0 15 5 13 15 15 3 12 9 8 8 14 8 18 16 14 24 17 18 14 3 22 8
21 24 15 18 25 1 21 19 24 14 21 17 9 16 23 20 9 22 21 15 0 16 19 19 1 13 4 7 9 14 4 20 3 14 10 20 27 28 4 18 17 21
13 11 5 6 10 15 7 20 7 18 5 1 12 11 9 3 10 14 7 5 16 0 8 11 16 4 15 12 8 5 16 12 19 13 11 21 12 13 14 6 19 13
21 5 5 14 6 18 3 15 8 15 5 7 19 6 4 9 16 6 4 13 19 8 0 3 18 11 19 18 11 6 21 20 23 9 10 15 8 8 16 14 15 21
23 7 7 16 8 18 6 12 11 13 8 10 20 4 7 11 17 4 6 15 19 11 3 0 18 13 20 19 11 8 21 22 22 7 9 12 10 10 15 17 12 23
21 23 14 17 24 0 20 18 23 13 20 16 9 15 22 19 9 21 20 15 1 16 18 18 0 12 4 7 8 12 4 20 4 13 9 19 26 27 3 17 16 21
12 14 6 5 14 12 11 21 11 18 9 5 8 12 13 7 6 17 11 3 13 4 11 13 12 0 11 8 5 5 12 11 16 13 10 21 16 17 11 6 19 12
18 24 14 15 24 4 20 21 22 16 19 15 6 16 22 18 6 23 21 12 4 15 19 20 4 11 0 4 8 13 1 17 6 16 12 22 26 27 6 15 19 18
14 22 13 11 22 7 18 23 19 18 17 13 2 16 21 15 2 23 19 9 7 12 18 19 7 8 4 0 8 12 5 13 10 16 12 24 24 25 8 11 21 14
17 15 6 11 16 8 12 16 15 13 12 8 9 9 14 11 6 15 12 8 9 8 11 11 8 5 8 8 0 5 10 15 12 9 6 17 18 19 6 11 15 17
17 11 1 10 11 12 7 16 10 13 7 5 13 7 10 8 10 12 8 8 14 5 6 8 12 5 13 12 5 0 14 16 17 8 7 16 13 14 10 10 14 17
19 25 16 16 25 4 22 22 24 17 21 17 7 18 24 19 7 24 22 14 4 16 21 21 4 12 1 5 10 14 0 18 5 17 13 23 27 28 7 16 20 19
2 22 16 6 21 19 18 31 16 28 16 13 11 22 20 12 11 26 18 8 20 12 20 22 20 11 17 13 15 16 18 0 22 24 21 32 22 24 20 6 30 2
24 27 18 20 28 5 24 21 27 16 24 20 11 19 26 23 12 25 25 18 3 19 23 22 4 16 6 10 12 17 5 22 0 17 13 22 30 31 7 20 19 24
25 13 8 18 15 13 12 7 17 6 13 13 18 3 13 15 15 9 12 16 14 13 9 7 13 13 16 16 9 8 17 24 17 0 4 8 16 17 10 18 6 25
22 15 8 16 16 9 13 11 17 7 13 11 14 5 14 14 12 12 13 14 10 11 10 9 9 10 12 12 6 7 13 21 13 4 0 11 18 19 6 16 9 22
33 18 16 26 20 19 18 1 23 7 19 20 26 10 18 22 23 10 18 24 20 21 15 12 19 21 22 24 17 16 23 32 22 8 11 0 21 21 17 26 4 33
22 3 12 16 2 25 6 21 6 22 7 11 24 13 4 10 22 10 5 17 27 12 8 10 26 16 26 24 18 13 27 22 30 16 18 21 0 2 23 17 22 22
24 4 13 18 3 26 7 21 8 23 8 13 26 14 5 12 23 10 7 18 28 13 8 10 27 17 27 25 19 14 28 24 31 17 19 21 2 0 24 18 22 24
21 21 12 16 22 3 18 16 21 11 17 14 10 12 20 17 9 19 18 14 4 14 16 15 3 11 6 8 6 10 7 20 7 10 6 17 23 24 0 16 13 21
7 16 10 0 15 16 13 26 11 23 11 7 10 17 15 7 9 20 13 3 18 6 14 17 17 6 15 11 11 10 16 6 20 18 16 26 17 18 16 0 25 7
31 19 15 24 21 16 18 3 23 3 19 19 23 9 19 21 20 12 18 22 17 19 15 12 16 19 19 21 15 14 20 30 19 6 9 4 22 22 13 25 0 31
0 22 17 7 21 21 19 32 16 29 16 13 13 23 20 12 12 27 19 8 21 13 21 23 21 12 18 14 17 17 19 2 24 25 22 33 22 24 21 7 31 0
,
0 41 24 17 57 40 46 93 34 55 37 25 28 68 38 18 26 69 48 10 44 19 56 27 34 27 51 41 20 41 36 2 44 33 22 94 41 51 29 8 87 0
39 0 17 18 6 28 7 50 11 35 13 12 60 27 4 21 52 14 6 21 31 18 12 19 32 39 35 36 25 27 30 40 64 19 35 20 5 4 35 47 46 26
28 22 0 25 14 37 9 33 11 24 8 4 18 15 21 18 15 21 9 23 40 5 15 17 40 14 35 17 9 2 32 34 28 22 18 23 33 31 28 15 42 42
18 30 12 0 23 49 33 40 21 31 30 18 28 24 20 10 18 58 29 5 32 6 34 19 28 6 15 31 16 30 42 12 30 22 20 49 19 22 35 1 60 18
49 5 28 19 0 24 9 26 6 44 7 15 25 36 4 17 22 25 4 40 68 16 11 14 65 15 39 63 30 21 62 50 31 32 40 42 2 5 25 32 57 45
47 37 36 26 36 0 36 28 48 30 21 45 21 28 41 35 17 44 32 28 3 25 35 22 1 32 5 7 16 12 10 52 9 24 23 44 50 48 3 30 42 30
23 4 17 20 10 49 0 27 8 39 6 11 43 21 5 16 28 17 1 12 47 13 7 10 25 18 32 49 13 16 36 31 58 36 19 26 8 14 39 30 25 40
92 29 37 64 27 28 33 0 57 9 47 50 47 26 32 33 27 32 22 38 21 47 39 34 29 39 28 25 19 24 46 42 57 18 17 1 49 54 47 49 8 44
27 8 24 31 14 33 14 67 0 43 4 10 42 36 9 14 37 32 8 23 64 9 11 22 57 22 61 32 23 23 45 30 55 21 37 55 15 21 50 31 58 21
80 29 17 47 57 19 51 12 49 0 52 38 53 20 50 47 42 31 47 32 20 30 29 26 36 28 35 21 34 27 40 59 36 9 11 13 35 24 24 34 5 80
27 6 11 14 9 56 2 32 10 40 0 11 52 14 7 7 16 14 5 15 32 9 5 18 47 18 22 44 34 18 34 36 36 32 39 52 9 9 51 19 56 46
35 14 7 15 17 23 11 49 17 46 11 0 23 13 12 7 16 20 8 9 34 2 15 19 37 7 31 36 10 13 49 13 31 21 22 24 11 33 21 13 44 27
20 42 36 24 65 19 35 52 52 39 52 31 0 44 47 34 5 41 35 15 17 32 25 23 20 25 7 5 27 26 8 13 14 40 36 31 64 73 29 30 45 17
69 15 15 22 25 19 24 26 36 15 20 22 18 0 20 31 35 9 14 34 40 24 18 10 36 26 28 37 22 18 29 25 50 4 9 22 22 17 19 26 25 34
39 4 10 37 3 37 4 32 7 27 11 12 23 14 0 17 28 11 2 38 59 9 10 13 60 38 47 37 33 12 55 48 30 21 23 41 4 13 33 41 43 23
21 22 8 11 25 24 12 36 8 44 11 3 18 30 15 0 34 36 7 12 33 5 25 14 49 17 42 15 16 20 53 23 40 24 38 54 15 15 29 18 40 33
32 46 11 22 57 20 22 45 25 32 30 23 5 39 54 27 0 41 49 19 26 12 38 21 10 9 9 4 6 27 12 25 20 29 33 57 57 23 9 14 49 24
57 18 13 25 27 63 25 27 33 27 33 37 55 7 25 29 60 0 25 50 42 38 17 4 38 41 38 38 45 15 54 46 76 10 34 21 23 16 55 41 32 59
26 4 15 27 5 29 1 40 10 22 2 15 53 23 4 6 20 25 0 15 64 9 10 18 48 21 49 44 34 8 29 48 36 15 29 50 10 9 29 30 32 36
18 23 24 7 28 29 16 52 25 22 24 14 19 37 30 14 8 36 35 0 20 14 26 35 17 7 21 11 13 13 19 15 34 26 28 49 25 52 29 3 36 18
45 29 27 34 72 2 34 22 50 19 50 29 23 28 58 35 18 31 32 33 0 35 45 43 2 38 4 12 10 34 8 58 7 35 18 54 45 59 7 24 44 50
29 16 13 6 11 42 12 59 20 27 10 2 30 19 23 6 15 42 14 14 20 0 17 11 34 11 23 20 8 14 24 24 44 19 24 42 28 15 28 15 48 37
44 12 9 17 18 35 4 17 24 17 6 21 47 6 8 11 17 10 4 37 58 21 0 7 43 26 42 48 14 7 24 50 36 25 15 36 15 13 28 15 24 42
24 12 14 41 25 52 15 14 23 31 20 26 49 10 18 13 26 12 15 17 28 20 7 0 27 19 36 27 16 14 51 35 53 8 15 17 20 12 16 42 22 48
43 40 18 38 70 1 47 32 60 18 37 32 25 33 49 34 23 50 48 17 3 35 33 40 0 28 11 21 21 26 12 47 10 28 17 52 33 65 5 50 38 52
27 42 9 16 41 13 22 59 32 51 9 11 20 27 38 18 9 18 28 6 28 6 15 20 14 0 16 21 8 14 14 22 43 31 26 48 34 34 28 15 38 14
20 68 16 28 60 5 60 48 25 35 54 25 12 19 34 44 16 25 32 27 7 27 49 39 8 13 0 8 23 15 3 49 13 39 35 41 40 30 14 44 31 42
29 30 38 19 25 21 28 43 32 21 45 31 3 36 42 27 7 57 55 10 19 29 33 23 10 18 5 0 17 27 14 36 11 26 31 70 38 27 23 19 33 28
23 17 11 25 46 22 26 35 15 30 27 17 13 19 27 24 11 39 32 22 10 16 16 18 20 10 21 15 0 7 28 30 25 13 12 40 18 53 11 13 39 36
39 24 4 28 32 27 21 37 11 39 18 5 31 9 25 14 11 17 14 24 23 5 13 12 30 10 20 18 10 0 32 26 44 17 19 21 21 26 25 14 34 27
51 39 19 30 50 6 61 28 53 38 60 33 10 33 52 28 18 53 36 35 9 17 46 38 8 19 3 12 17 35 0 19 8 28 22 26 41 42 16 42 26 51
2 24 37 11 29 44 37 47 27 53 16 19 14 35 49 35 32 77 22 11 24 19 29 35 41 17 38 13 46 36 32 0 31 57 45 34 54 39 39 12 56 2
49 41 43 34 72 7 47 61 45 42 33 55 31 54 28 57 30 44 29 48 5 31 53 25 5 23 14 20 15 46 8 54 0 50 29 56 37 56 20 43 24 40
36 33 22 22 39 23 12 16 25 10 19 28 50 4 30 15 45 17 17 30 42 15 25 14 30 26 46 39 13 11 42 56 41 0 9 24 41 36 12 44 17 62
46 18 19 28 47 14 37 24 18 14 15 20 39 8 23 33 17 30 24 35 29 12 30 21 25 19 19 31 9 12 14 46 24 5 0 16 20 20 19 41 19 30
96 46 46 71 36 54 31 3 42 10 31 29 27 19 51 65 47 16 29 42 51 23 30 19 32 22 58 52 23 22 34 67 41 22 13 0 57 34 47 63 7 66
56 8 17 38 3 73 10 27 10 41 11 17 43 20 5 12 34 21 13 44 35 23 9 13 48 37 54 29 30 32 48 24 30 25 42 52 0 3 40 20 62 59
36 7 27 20 6 48 15 35 11 42 22 23 30 34 10 30 37 22 16 39 76 14 15 13 61 32 34 56 26 24 46 31 82 27 26 27 2 0 51 27 28 48
54 21 31 37 53 5 19 45 42 22 36 31 15 35 37 22 20 26 38 32 11 21 48 44 3 12 12 20 12 12 10 35 10 28 7 17 49 42 0 23 27 37
12 27 11 1 28 34 36 60 30 54 21 17 19 47 41 9 26 53 34 7 24 12 27 46 34 15 33 18 21 30 16 8 60 50 28 78 20 27 38 0 56 15
47 32 25 32 56 23 40 3 33 4 30 28 66 10 51 59 44 18 50 43 39 20 16 28 39 30 46 34 43 25 41 39 24 18 21 6 25 38 29 53 0 40
0 41 30 10 55 30 24 40 46 54 17 40 14 43 49 22 35 80 32 15 22 19 45 27 61 24 54 17 19 38 23 2 51 63 64 59 63 69 37 13 89 0