7
40
,
0 (8.0, 43.0) 90.0
1 (19.0, 28.0) 66.0
2 (7.0, 12.0) 78.0
3 (4.0, 41.0) 72.0
4 (40.0, 11.0) 85.0
5 (10.0, 36.0) 42.0
6 (44.0, 47.0) 88.0
7 (1.0, 32.0) 33.0
8 (46.0, 36.0) 36.0
9 (8.0, 32.0) 90.0
10 (12.0, 24.0) 36.0
11 (25.0, 1.0) 74.0
12 (28.0, 37.0) 74.0
13 (8.0, 40.0) 54.0
14 (6.0, 24.0) 75.0
15 (24.0, 7.0) 37.0
16 (22.0, 49.0) 72.0
17 (9.0, 36.0) 74.0
18 (12.0, 12.0) 48.0
19 (42.0, 9.0) 47.0
20 (12.0, 22.0) 51.0
21 (16.0, 38.0) 46.0
22 (21.0, 41.0) 55.0
23 (41.0, 11.0) 74.0
24 (17.0, 16.0) 39.0
25 (36.0, 5.0) 87.0
26 (28.0, 4.0) 40.0
27 (27.0, 19.0) 76.0
28 (21.0, 26.0) 32.0
29 (38.0, 3.0) 32.0
30 (3.0, 0.0) 77.0
31 (47.0, 5.0) 71.0
32 (34.0, 36.0) 67.0
33 (34.0, 28.0) 43.0
34 (43.0, 49.0) 36.0
35 (2.0, 44.0) 90.0
36 (2.0, 47.0) 74.0
37 (39.0, 16.0) 44.0
38 (7.0, 11.0) 71.0
39 (45.0, 42.0) 35.0
,
0 22 17 7 21 21 19 32 16 29 16 13 13 23 20 12 12 27 19 8 21 13 21 23 21 12 18 14 17 17 19 2 24 25 22 33 22 24 21 7 31 0
22 0 9 16 2 23 4 18 7 19 6 10 23 10 2 10 20 8 4 16 24 11 5 7 23 14 24 22 15 11 25 22 27 13 15 18 3 4 21 16 19 22
17 9 0 10 10 14 6 16 9 14 6 4 14 6 8 7 11 11 6 9 15 5 5 7 14 6 14 13 6 1 16 16 18 8 8 16 12 13 12 10 15 17
7 16 10 0 15 17 12 25 10 23 10 6 11 16 14 6 9 20 12 2 18 6 14 16 17 5 15 11 11 10 16 6 20 18 16 26 16 18 16 0 24 7
21 2 10 15 0 23 4 20 5 21 5 9 23 12 2 9 20 10 4 15 25 10 6 8 24 14 24 22 16 11 25 21 28 15 16 20 2 3 22 15 21 21
21 23 14 17 23 0 20 18 22 13 19 15 9 14 22 18 8 21 20 14 1 15 18 18 0 12 4 7 8 12 4 19 5 13 9 19 25 26 3 16 16 21
19 4 6 12 4 20 0 18 5 18 2 6 19 9 2 6 16 9 0 12 21 7 3 6 20 11 20 18 12 7 22 18 24 12 13 18 6 7 18 13 18 19
32 18 16 25 20 18 18 0 23 6 20 20 25 9 18 22 22 11 18 24 19 20 15 12 18 21 21 23 16 16 22 31 21 7 11 1 21 21 16 26 3 32
16 7 9 10 5 22 5 23 0 23 4 7 20 14 5 5 17 14 4 11 24 7 8 11 23 11 22 19 15 10 24 16 27 17 17 23 6 8 21 11 23 16
29 19 14 23 21 13 18 6 23 0 19 18 20 9 19 21 18 14 18 21 14 18 15 13 13 18 16 18 13 13 17 28 16 6 7 7 22 23 11 23 3 29
16 6 6 10 5 19 2 20 4 19 0 4 18 10 4 4 15 11 2 10 21 5 5 8 20 9 19 17 12 7 21 16 24 13 13 19 7 8 17 11 19 16
13 10 4 6 9 15 6 20 7 18 4 0 13 10 8 3 10 13 6 6 17 1 7 10 16 5 15 13 8 5 17 13 20 13 11 20 11 13 14 7 19 13
13 23 14 11 23 9 19 25 20 20 18 13 0 18 21 15 3 24 19 9 9 12 19 20 9 8 6 2 9 13 7 11 11 18 14 26 24 26 10 10 23 13
23 10 6 16 12 14 9 9 14 9 10 10 18 0 10 13 15 7 10 15 16 11 6 4 15 12 16 16 9 7 18 22 19 3 5 10 13 14 12 17 9 23
20 2 8 14 2 22 2 18 5 19 4 8 21 10 0 8 18 8 2 14 23 9 4 7 22 13 22 21 14 10 24 20 26 13 14 18 4 5 20 15 19 20
12 10 7 6 9 18 6 22 5 21 4 3 15 13 8 0 12 15 6 7 20 3 9 11 19 7 18 15 11 8 19 12 23 15 14 22 10 12 17 7 21 12
12 20 11 9 20 8 16 22 17 18 15 10 3 15 18 12 0 21 16 6 9 10 16 17 9 6 6 2 6 10 7 11 12 15 12 23 22 23 9 9 20 12
27 8 11 20 10 21 9 11 14 14 11 13 24 7 8 15 21 0 9 19 22 14 6 4 21 17 23 23 15 12 24 26 25 9 12 10 10 10 19 20 12 27
19 4 6 12 4 20 0 18 4 18 2 6 19 10 2 6 16 9 0 12 21 7 4 6 20 11 21 19 12 8 22 18 25 12 13 18 5 7 18 13 18 19
8 16 9 2 15 14 12 24 11 21 10 6 9 15 14 7 6 19 12 0 15 5 13 15 15 3 12 9 8 8 14 8 18 16 14 24 17 18 14 3 22 8
21 24 15 18 25 1 21 19 24 14 21 17 9 16 23 20 9 22 21 15 0 16 19 19 1 13 4 7 9 14 4 20 3 14 10 20 27 28 4 18 17 21
13 11 5 6 10 15 7 20 7 18 5 1 12 11 9 3 10 14 7 5 16 0 8 11 16 4 15 12 8 5 16 12 19 13 11 21 12 13 14 6 19 13
21 5 5 14 6 18 3 15 8 15 5 7 19 6 4 9 16 6 4 13 19 8 0 3 18 11 19 18 11 6 21 20 23 9 10 15 8 8 16 14 15 21
23 7 7 16 8 18 6 12 11 13 8 10 20 4 7 11 17 4 6 15 19 11 3 0 18 13 20 19 11 8 21 22 22 7 9 12 10 10 15 17 12 23
21 23 14 17 24 0 20 18 23 13 20 16 9 15 22 19 9 21 20 15 1 16 18 18 0 12 4 7 8 12 4 20 4 13 9 19 26 27 3 17 16 21
12 14 6 5 14 12 11 21 11 18 9 5 8 12 13 7 6 17 11 3 13 4 11 13 12 0 11 8 5 5 12 11 16 13 10 21 16 17 11 6 19 12
18 24 14 15 24 4 20 21 22 16 19 15 6 16 22 18 6 23 21 12 4 15 19 20 4 11 0 4 8 13 1 17 6 16 12 22 26 27 6 15 19 18
14 22 13 11 22 7 18 23 19 18 17 13 2 16 21 15 2 23 19 9 7 12 18 19 7 8 4 0 8 12 5 13 10 16 12 24 24 25 8 11 21 14
17 15 6 11 16 8 12 16 15 13 12 8 9 9 14 11 6 15 12 8 9 8 11 11 8 5 8 8 0 5 10 15 12 9 6 17 18 19 6 11 15 17
17 11 1 10 11 12 7 16 10 13 7 5 13 7 10 8 10 12 8 8 14 5 6 8 12 5 13 12 5 0 14 16 17 8 7 16 13 14 10 10 14 17
19 25 16 16 25 4 22 22 24 17 21 17 7 18 24 19 7 24 22 14 4 16 21 21 4 12 1 5 10 14 0 18 5 17 13 23 27 28 7 16 20 19
2 22 16 6 21 19 18 31 16 28 16 13 11 22 20 12 11 26 18 8 20 12 20 22 20 11 17 13 15 16 18 0 22 24 21 32 22 24 20 6 30 2
24 27 18 20 28 5 24 21 27 16 24 20 11 19 26 23 12 25 25 18 3 19 23 22 4 16 6 10 12 17 5 22 0 17 13 22 30 31 7 20 19 24
25 13 8 18 15 13 12 7 17 6 13 13 18 3 13 15 15 9 12 16 14 13 9 7 13 13 16 16 9 8 17 24 17 0 4 8 16 17 10 18 6 25
22 15 8 16 16 9 13 11 17 7 13 11 14 5 14 14 12 12 13 14 10 11 10 9 9 10 12 12 6 7 13 21 13 4 0 11 18 19 6 16 9 22
33 18 16 26 20 19 18 1 23 7 19 20 26 10 18 22 23 10 18 24 20 21 15 12 19 21 22 24 17 16 23 32 22 8 11 0 21 21 17 26 4 33
22 3 12 16 2 25 6 21 6 22 7 11 24 13 4 10 22 10 5 17 27 12 8 10 26 16 26 24 18 13 27 22 30 16 18 21 0 2 23 17 22 22
24 4 13 18 3 26 7 21 8 23 8 13 26 14 5 12 23 10 7 18 28 13 8 10 27 17 27 25 19 14 28 24 31 17 19 21 2 0 24 18 22 24
21 21 12 16 22 3 18 16 21 11 17 14 10 12 20 17 9 19 18 14 4 14 16 15 3 11 6 8 6 10 7 20 7 10 6 17 23 24 0 16 13 21
7 16 10 0 15 16 13 26 11 23 11 7 10 17 15 7 9 20 13 3 18 6 14 17 17 6 15 11 11 10 16 6 20 18 16 26 17 18 16 0 25 7
31 19 15 24 21 16 18 3 23 3 19 19 23 9 19 21 20 12 18 22 17 19 15 12 16 19 19 21 15 14 20 30 19 6 9 4 22 22 13 25 0 31
0 22 17 7 21 21 19 32 16 29 16 13 13 23 20 12 12 27 19 8 21 13 21 23 21 12 18 14 17 17 19 2 24 25 22 33 22 24 21 7 31 0
,
0 29 45 9 44 45 31 53 47 48 24 25 32 58 46 28 18 55 53 10 47 22 49 64 59 24 23 30 17 23 41 3 70 55 62 87 62 28 51 9 43 0
33 0 12 26 6 62 10 33 7 52 7 16 64 28 2 18 58 9 5 35 29 12 13 19 51 33 33 36 42 32 75 51 69 29 28 42 9 9 33 41 53 60
33 14 0 18 20 33 17 24 25 39 8 12 36 15 23 14 15 19 19 9 20 11 15 11 39 11 34 31 14 2 44 19 53 12 21 39 14 28 12 24 41 18
9 27 22 0 22 31 16 69 27 40 14 7 16 39 18 11 22 54 13 7 26 14 39 25 26 12 40 12 28 17 38 10 44 29 35 72 36 25 46 1 67 18
40 6 24 35 0 27 7 48 5 54 13 11 31 24 4 13 57 14 5 34 61 27 12 13 35 33 32 33 38 27 31 30 64 21 39 47 5 8 49 29 30 36
33 36 37 43 27 0 30 34 39 31 43 42 17 40 64 36 16 29 47 39 4 27 26 34 1 25 10 9 12 17 4 48 13 33 24 24 63 33 3 49 27 60
27 9 9 30 10 23 0 36 12 44 3 6 42 17 3 17 38 20 1 32 28 19 9 13 22 14 42 19 17 11 40 44 44 14 29 35 15 20 33 32 23 46
70 22 32 48 25 45 28 0 68 8 52 23 53 28 24 52 53 24 44 60 48 54 38 33 53 57 62 37 44 33 48 49 22 8 20 3 27 22 19 33 7 60
17 17 16 27 14 22 11 48 0 38 8 9 46 39 10 14 21 15 10 26 29 19 10 15 35 18 34 32 31 14 60 48 58 22 45 64 14 21 35 30 54 21
57 24 37 34 34 22 33 8 60 0 28 35 45 10 50 36 29 19 20 31 37 28 28 35 18 46 21 32 19 29 37 54 25 14 20 8 44 42 19 68 8 33
30 16 14 10 14 37 7 35 5 46 0 7 23 19 10 6 39 17 6 22 45 15 5 15 45 26 37 28 26 11 32 34 38 33 23 34 13 16 19 16 42 33
23 16 8 8 11 42 15 44 20 27 10 0 33 25 8 4 23 18 17 12 23 2 16 21 28 7 39 15 10 13 31 14 29 19 15 30 31 31 35 15 33 24
22 41 20 26 59 22 53 74 33 23 51 22 0 26 25 28 6 31 46 21 17 25 43 55 18 20 13 5 26 29 15 12 29 43 21 42 51 66 15 28 59 28
60 18 12 44 20 35 19 27 18 10 22 29 54 0 25 24 16 20 21 26 38 21 14 9 42 33 42 26 16 8 23 47 45 8 6 18 29 30 15 49 12 36
56 4 21 24 3 26 4 30 13 41 9 16 64 20 0 18 25 25 4 20 67 18 6 9 55 23 37 56 26 25 42 60 54 26 28 37 10 9 27 32 41 48
17 13 18 9 15 22 9 37 13 52 12 3 27 37 15 0 31 31 15 16 55 5 19 33 33 10 43 39 19 16 44 25 55 35 40 50 25 30 37 17 28 37
16 53 12 25 28 13 39 57 37 33 19 20 6 40 34 35 0 48 46 13 23 28 40 36 11 8 16 4 12 21 13 31 30 37 30 24 22 67 16 19 60 13
46 12 31 49 20 62 15 14 33 34 12 15 40 9 23 34 26 0 24 57 45 24 12 12 57 32 68 31 43 22 56 30 65 23 15 15 16 23 50 43 31 65
45 6 19 33 9 32 1 30 12 24 5 11 20 14 2 11 37 14 0 16 39 11 7 18 53 12 60 27 21 15 31 46 72 28 23 43 13 14 35 18 36 25
11 25 14 5 25 33 13 65 26 40 17 11 25 44 31 11 14 47 27 0 40 12 15 15 21 5 37 18 10 20 21 8 23 45 19 68 28 29 32 3 30 24
27 54 37 32 47 2 46 49 69 26 32 27 10 33 25 33 9 59 33 33 0 36 35 24 2 34 8 10 23 30 8 21 6 27 11 54 55 68 11 50 40 41
24 25 6 12 18 22 14 36 22 52 15 1 31 31 10 8 28 38 10 13 45 0 17 16 43 6 28 13 15 9 23 30 22 29 19 47 12 29 18 17 42 36
35 12 11 38 11 32 8 19 20 21 6 16 32 14 11 15 18 17 5 22 54 17 0 7 54 23 40 19 25 11 36 44 54 21 14 24 15 21 39 32 35 28
40 18 7 32 20 50 15 13 12 20 14 20 33 8 9 34 27 9 12 34 46 15 8 0 44 21 33 27 30 9 51 37 66 19 18 17 14 30 45 22 18 57
42 57 26 18 70 1 56 29 30 14 27 42 28 36 37 42 17 22 24 19 3 23 43 39 0 17 5 13 17 31 5 43 5 26 23 19 46 37 4 22 33 36
20 38 11 9 40 19 19 22 15 27 16 5 25 29 34 7 11 22 12 4 37 11 30 16 27 0 13 9 11 11 27 19 27 20 22 30 20 48 15 12 51 13
18 40 30 23 66 6 25 41 40 30 41 23 10 40 49 44 7 57 45 22 10 32 27 48 4 16 0 7 22 13 2 43 16 18 21 61 42 62 14 32 54 47
16 26 31 15 30 12 23 48 47 22 25 31 4 23 38 42 4 26 25 17 14 24 24 40 20 17 9 0 14 22 12 29 28 21 32 29 69 30 18 27 52 18
26 31 9 13 37 10 24 32 38 20 26 18 15 26 29 31 17 44 21 10 9 22 20 12 24 13 11 22 0 9 15 40 22 14 17 23 50 22 17 28 41 38
38 31 4 27 15 18 10 32 28 21 21 13 16 11 19 13 22 23 12 16 21 5 8 11 26 13 18 17 13 0 31 30 42 20 19 46 38 20 25 15 28 28
24 62 23 22 31 8 53 24 64 30 23 47 13 33 63 38 8 54 35 34 10 41 25 35 6 13 4 13 12 32 0 35 9 18 32 42 30 81 18 20 56 40
3 56 40 16 52 32 54 56 29 73 21 24 29 56 32 25 26 47 19 21 35 20 40 37 31 26 26 13 40 30 22 0 47 34 23 81 50 24 22 16 43 3
67 50 28 33 58 8 56 59 39 24 31 25 23 54 45 24 27 54 53 50 7 56 32 65 7 26 12 20 18 34 11 45 0 26 36 23 35 82 20 50 23 59
50 20 19 38 23 15 25 15 29 8 35 30 51 4 18 29 24 13 15 29 16 30 23 17 19 16 21 31 26 14 34 62 25 0 8 17 36 43 14 20 18 43
48 22 18 20 32 18 25 15 41 8 20 14 40 10 16 39 25 32 18 35 15 26 19 23 25 14 31 37 13 14 30 51 25 7 0 14 44 49 13 24 22 25
61 50 25 28 33 38 51 2 52 15 52 45 45 28 19 43 50 21 45 35 58 41 17 18 25 37 36 26 38 26 51 45 52 10 17 0 32 55 21 67 8 55
65 9 19 30 2 31 11 52 16 57 17 15 62 24 8 21 25 12 9 19 44 29 16 16 30 16 65 24 50 14 67 47 85 37 32 60 0 3 68 44 56 56
62 11 35 51 7 66 8 28 19 27 17 25 26 20 12 32 31 21 9 54 76 20 20 11 56 41 76 32 37 39 82 54 35 25 24 38 4 0 38 25 38 30
45 24 35 42 24 6 33 46 45 28 49 17 14 29 46 40 26 34 34 24 11 30 20 22 5 24 11 18 9 29 19 34 16 30 8 36 23 71 0 48 31 28
9 27 27 1 21 29 20 60 29 49 20 10 12 41 40 10 13 39 19 6 39 18 35 23 21 14 21 17 14 11 29 7 32 19 40 59 33 38 43 0 68 14
82 26 41 41 31 18 40 6 43 3 43 41 67 25 32 48 55 15 26 59 39 55 19 19 29 27 22 53 36 32 55 66 27 16 20 4 52 40 39 58 0 67
0 42 39 9 22 61 23 38 24 36 49 29 25 33 35 31 33 30 30 13 57 13 51 40 22 34 48 40 20 46 43 2 57 70 26 33 24 46 22 17 78 0