7
40
,
0 (8.0, 43.0) 45.0
1 (19.0, 28.0) 44.0
2 (7.0, 12.0) 83.0
3 (4.0, 41.0) 38.0
4 (40.0, 11.0) 30.0
5 (10.0, 36.0) 34.0
6 (44.0, 47.0) 48.0
7 (1.0, 32.0) 52.0
8 (46.0, 36.0) 58.0
9 (8.0, 32.0) 34.0
10 (12.0, 24.0) 40.0
11 (25.0, 1.0) 40.0
12 (28.0, 37.0) 85.0
13 (8.0, 40.0) 44.0
14 (6.0, 24.0) 48.0
15 (24.0, 7.0) 89.0
16 (22.0, 49.0) 37.0
17 (9.0, 36.0) 48.0
18 (12.0, 12.0) 38.0
19 (42.0, 9.0) 48.0
20 (12.0, 22.0) 70.0
21 (16.0, 38.0) 87.0
22 (21.0, 41.0) 49.0
23 (41.0, 11.0) 77.0
24 (17.0, 16.0) 68.0
25 (36.0, 5.0) 32.0
26 (28.0, 4.0) 51.0
27 (27.0, 19.0) 39.0
28 (21.0, 26.0) 69.0
29 (38.0, 3.0) 41.0
30 (3.0, 0.0) 40.0
31 (47.0, 5.0) 85.0
32 (34.0, 36.0) 36.0
33 (34.0, 28.0) 38.0
34 (43.0, 49.0) 65.0
35 (2.0, 44.0) 85.0
36 (2.0, 47.0) 32.0
37 (39.0, 16.0) 67.0
38 (7.0, 11.0) 31.0
39 (45.0, 42.0) 55.0
,
0 22 17 7 21 21 19 32 16 29 16 13 13 23 20 12 12 27 19 8 21 13 21 23 21 12 18 14 17 17 19 2 24 25 22 33 22 24 21 7 31 0
22 0 9 16 2 23 4 18 7 19 6 10 23 10 2 10 20 8 4 16 24 11 5 7 23 14 24 22 15 11 25 22 27 13 15 18 3 4 21 16 19 22
17 9 0 10 10 14 6 16 9 14 6 4 14 6 8 7 11 11 6 9 15 5 5 7 14 6 14 13 6 1 16 16 18 8 8 16 12 13 12 10 15 17
7 16 10 0 15 17 12 25 10 23 10 6 11 16 14 6 9 20 12 2 18 6 14 16 17 5 15 11 11 10 16 6 20 18 16 26 16 18 16 0 24 7
21 2 10 15 0 23 4 20 5 21 5 9 23 12 2 9 20 10 4 15 25 10 6 8 24 14 24 22 16 11 25 21 28 15 16 20 2 3 22 15 21 21
21 23 14 17 23 0 20 18 22 13 19 15 9 14 22 18 8 21 20 14 1 15 18 18 0 12 4 7 8 12 4 19 5 13 9 19 25 26 3 16 16 21
19 4 6 12 4 20 0 18 5 18 2 6 19 9 2 6 16 9 0 12 21 7 3 6 20 11 20 18 12 7 22 18 24 12 13 18 6 7 18 13 18 19
32 18 16 25 20 18 18 0 23 6 20 20 25 9 18 22 22 11 18 24 19 20 15 12 18 21 21 23 16 16 22 31 21 7 11 1 21 21 16 26 3 32
16 7 9 10 5 22 5 23 0 23 4 7 20 14 5 5 17 14 4 11 24 7 8 11 23 11 22 19 15 10 24 16 27 17 17 23 6 8 21 11 23 16
29 19 14 23 21 13 18 6 23 0 19 18 20 9 19 21 18 14 18 21 14 18 15 13 13 18 16 18 13 13 17 28 16 6 7 7 22 23 11 23 3 29
16 6 6 10 5 19 2 20 4 19 0 4 18 10 4 4 15 11 2 10 21 5 5 8 20 9 19 17 12 7 21 16 24 13 13 19 7 8 17 11 19 16
13 10 4 6 9 15 6 20 7 18 4 0 13 10 8 3 10 13 6 6 17 1 7 10 16 5 15 13 8 5 17 13 20 13 11 20 11 13 14 7 19 13
13 23 14 11 23 9 19 25 20 20 18 13 0 18 21 15 3 24 19 9 9 12 19 20 9 8 6 2 9 13 7 11 11 18 14 26 24 26 10 10 23 13
23 10 6 16 12 14 9 9 14 9 10 10 18 0 10 13 15 7 10 15 16 11 6 4 15 12 16 16 9 7 18 22 19 3 5 10 13 14 12 17 9 23
20 2 8 14 2 22 2 18 5 19 4 8 21 10 0 8 18 8 2 14 23 9 4 7 22 13 22 21 14 10 24 20 26 13 14 18 4 5 20 15 19 20
12 10 7 6 9 18 6 22 5 21 4 3 15 13 8 0 12 15 6 7 20 3 9 11 19 7 18 15 11 8 19 12 23 15 14 22 10 12 17 7 21 12
12 20 11 9 20 8 16 22 17 18 15 10 3 15 18 12 0 21 16 6 9 10 16 17 9 6 6 2 6 10 7 11 12 15 12 23 22 23 9 9 20 12
27 8 11 20 10 21 9 11 14 14 11 13 24 7 8 15 21 0 9 19 22 14 6 4 21 17 23 23 15 12 24 26 25 9 12 10 10 10 19 20 12 27
19 4 6 12 4 20 0 18 4 18 2 6 19 10 2 6 16 9 0 12 21 7 4 6 20 11 21 19 12 8 22 18 25 12 13 18 5 7 18 13 18 19
8 16 9 2 15 14 12 24 11 21 10 6 9 15 14 7 6 19 12 0 15 5 13 15 15 3 12 9 8 8 14 8 18 16 14 24 17 18 14 3 22 8
21 24 15 18 25 1 21 19 24 14 21 17 9 16 23 20 9 22 21 15 0 16 19 19 1 13 4 7 9 14 4 20 3 14 10 20 27 28 4 18 17 21
13 11 5 6 10 15 7 20 7 18 5 1 12 11 9 3 10 14 7 5 16 0 8 11 16 4 15 12 8 5 16 12 19 13 11 21 12 13 14 6 19 13
21 5 5 14 6 18 3 15 8 15 5 7 19 6 4 9 16 6 4 13 19 8 0 3 18 11 19 18 11 6 21 20 23 9 10 15 8 8 16 14 15 21
23 7 7 16 8 18 6 12 11 13 8 10 20 4 7 11 17 4 6 15 19 11 3 0 18 13 20 19 11 8 21 22 22 7 9 12 10 10 15 17 12 23
21 23 14 17 24 0 20 18 23 13 20 16 9 15 22 19 9 21 20 15 1 16 18 18 0 12 4 7 8 12 4 20 4 13 9 19 26 27 3 17 16 21
12 14 6 5 14 12 11 21 11 18 9 5 8 12 13 7 6 17 11 3 13 4 11 13 12 0 11 8 5 5 12 11 16 13 10 21 16 17 11 6 19 12
18 24 14 15 24 4 20 21 22 16 19 15 6 16 22 18 6 23 21 12 4 15 19 20 4 11 0 4 8 13 1 17 6 16 12 22 26 27 6 15 19 18
14 22 13 11 22 7 18 23 19 18 17 13 2 16 21 15 2 23 19 9 7 12 18 19 7 8 4 0 8 12 5 13 10 16 12 24 24 25 8 11 21 14
17 15 6 11 16 8 12 16 15 13 12 8 9 9 14 11 6 15 12 8 9 8 11 11 8 5 8 8 0 5 10 15 12 9 6 17 18 19 6 11 15 17
17 11 1 10 11 12 7 16 10 13 7 5 13 7 10 8 10 12 8 8 14 5 6 8 12 5 13 12 5 0 14 16 17 8 7 16 13 14 10 10 14 17
19 25 16 16 25 4 22 22 24 17 21 17 7 18 24 19 7 24 22 14 4 16 21 21 4 12 1 5 10 14 0 18 5 17 13 23 27 28 7 16 20 19
2 22 16 6 21 19 18 31 16 28 16 13 11 22 20 12 11 26 18 8 20 12 20 22 20 11 17 13 15 16 18 0 22 24 21 32 22 24 20 6 30 2
24 27 18 20 28 5 24 21 27 16 24 20 11 19 26 23 12 25 25 18 3 19 23 22 4 16 6 10 12 17 5 22 0 17 13 22 30 31 7 20 19 24
25 13 8 18 15 13 12 7 17 6 13 13 18 3 13 15 15 9 12 16 14 13 9 7 13 13 16 16 9 8 17 24 17 0 4 8 16 17 10 18 6 25
22 15 8 16 16 9 13 11 17 7 13 11 14 5 14 14 12 12 13 14 10 11 10 9 9 10 12 12 6 7 13 21 13 4 0 11 18 19 6 16 9 22
33 18 16 26 20 19 18 1 23 7 19 20 26 10 18 22 23 10 18 24 20 21 15 12 19 21 22 24 17 16 23 32 22 8 11 0 21 21 17 26 4 33
22 3 12 16 2 25 6 21 6 22 7 11 24 13 4 10 22 10 5 17 27 12 8 10 26 16 26 24 18 13 27 22 30 16 18 21 0 2 23 17 22 22
24 4 13 18 3 26 7 21 8 23 8 13 26 14 5 12 23 10 7 18 28 13 8 10 27 17 27 25 19 14 28 24 31 17 19 21 2 0 24 18 22 24
21 21 12 16 22 3 18 16 21 11 17 14 10 12 20 17 9 19 18 14 4 14 16 15 3 11 6 8 6 10 7 20 7 10 6 17 23 24 0 16 13 21
7 16 10 0 15 16 13 26 11 23 11 7 10 17 15 7 9 20 13 3 18 6 14 17 17 6 15 11 11 10 16 6 20 18 16 26 17 18 16 0 25 7
31 19 15 24 21 16 18 3 23 3 19 19 23 9 19 21 20 12 18 22 17 19 15 12 16 19 19 21 15 14 20 30 19 6 9 4 22 22 13 25 0 31
0 22 17 7 21 21 19 32 16 29 16 13 13 23 20 12 12 27 19 8 21 13 21 23 21 12 18 14 17 17 19 2 24 25 22 33 22 24 21 7 31 0
,
0 49 46 12 54 42 34 92 31 63 30 24 16 33 42 26 19 60 24 22 25 17 31 41 62 32 26 29 34 27 46 2 25 59 64 89 59 31 33 15 86 0
43 0 16 20 7 24 6 49 9 27 15 10 36 22 2 19 46 21 7 26 31 16 7 19 35 38 24 36 33 29 59 41 29 33 30 53 4 7 57 24 38 31
24 18 0 14 14 20 8 25 17 24 9 5 29 17 22 8 16 21 19 20 23 10 9 14 24 15 23 34 12 4 23 33 32 9 19 24 34 16 32 13 25 20
13 35 12 0 24 38 26 29 13 36 21 14 28 44 28 8 25 35 35 5 51 6 24 21 32 8 34 27 20 25 26 8 53 51 24 41 22 26 36 1 50 16
30 3 29 29 0 44 5 27 12 29 5 11 59 17 3 13 33 18 4 28 30 11 13 13 25 30 72 33 29 12 32 30 47 25 25 30 2 6 45 20 36 31
30 64 22 17 45 0 25 25 65 27 33 19 17 19 28 19 13 33 21 36 3 27 41 48 1 35 4 11 16 24 7 52 10 22 24 55 57 74 5 29 45 29
45 4 11 13 10 30 0 27 7 46 3 16 42 25 5 15 34 15 1 22 34 19 7 8 54 23 34 54 21 8 61 40 25 31 28 18 11 17 24 15 32 53
74 41 35 57 59 26 35 0 66 14 57 58 39 13 51 40 52 26 43 34 28 27 24 25 47 31 37 61 18 45 28 88 37 19 30 2 55 53 40 44 6 79
34 8 20 22 13 65 6 63 0 34 9 9 29 39 13 9 34 27 10 27 50 22 13 24 24 23 58 54 22 18 47 32 75 46 45 36 15 21 61 18 24 32
55 52 41 65 61 26 40 7 32 0 41 42 45 9 28 32 36 26 48 40 21 33 21 26 30 48 17 32 14 16 41 31 25 16 10 20 61 37 31 50 4 56
22 12 15 25 12 46 4 52 7 56 0 10 52 12 6 7 18 31 5 10 27 16 6 11 54 26 37 27 12 9 52 25 51 34 20 20 11 10 46 17 21 35
24 21 7 7 22 35 12 55 12 49 6 0 27 25 16 8 19 39 14 11 24 2 8 29 35 11 21 36 8 7 42 32 41 18 11 45 13 28 16 14 22 25
33 53 29 23 29 24 43 43 32 35 26 27 0 54 62 17 4 60 36 15 16 16 20 29 10 22 12 6 21 20 19 23 12 18 17 47 46 39 23 17 53 20
43 15 11 28 19 36 19 14 18 11 30 21 49 0 28 15 35 7 15 35 41 28 16 9 26 32 34 49 18 9 41 48 25 5 6 18 22 38 14 37 18 43
28 2 18 24 5 31 3 47 13 37 8 21 40 18 0 16 33 18 6 40 51 15 11 8 63 23 41 51 26 23 33 27 65 34 28 45 7 13 54 33 39 33
25 27 17 8 22 47 11 35 12 62 10 5 27 25 8 0 25 27 17 15 46 4 9 25 25 12 51 43 29 16 42 12 26 27 33 30 19 29 32 14 59 19
27 47 25 13 33 12 35 49 34 46 38 15 4 22 27 18 0 21 25 16 19 22 33 34 9 11 13 4 16 22 18 29 23 17 15 62 62 45 20 22 36 34
67 23 32 26 16 41 11 33 26 30 27 28 24 19 10 38 47 0 21 57 51 21 10 6 47 22 33 46 42 24 46 34 43 17 12 22 26 27 47 44 32 73
34 5 8 19 6 47 1 45 10 40 3 8 30 18 4 11 26 13 0 30 63 13 10 14 21 30 34 46 35 22 50 25 49 18 36 34 12 9 50 30 47 37
11 30 14 5 36 41 19 63 34 60 27 16 9 39 24 14 13 31 20 0 24 10 21 27 33 3 31 23 10 22 32 9 44 39 34 71 47 22 37 5 25 10
43 25 37 45 32 3 56 45 68 15 24 40 14 18 64 30 15 67 41 35 0 46 46 38 3 35 5 13 22 18 5 41 4 38 25 51 35 38 6 31 29 39
28 25 11 15 18 34 17 57 16 42 13 2 17 30 14 9 20 16 8 13 42 0 14 26 26 11 25 20 8 8 32 35 40 15 32 40 14 18 29 15 24 14
55 5 15 28 9 43 9 30 16 30 14 10 52 15 6 11 21 10 6 15 35 14 0 8 33 12 46 53 18 16 47 54 54 11 11 41 15 18 20 41 19 35
30 19 11 18 22 26 14 23 33 18 20 24 54 10 17 30 28 10 17 40 53 23 5 0 33 17 49 47 14 19 21 51 65 20 18 17 22 23 37 39 35 37
29 35 27 21 31 1 52 21 37 34 29 37 17 28 52 38 22 56 26 20 2 25 25 31 0 24 4 18 13 31 7 40 12 24 14 45 48 30 5 35 38 62
34 42 12 14 34 25 13 54 24 36 17 8 25 18 16 12 15 31 15 6 24 9 31 19 29 0 29 22 14 14 32 29 26 32 22 33 45 35 19 10 26 14
43 69 23 28 28 7 54 51 48 31 20 24 12 29 66 18 14 59 57 28 8 24 22 25 5 23 0 7 16 18 3 35 13 43 24 48 61 51 15 41 52 31
19 50 18 20 66 12 37 27 32 48 33 31 4 32 52 38 5 59 45 25 12 35 39 45 20 8 11 0 16 33 13 19 10 35 36 61 28 74 9 19 30 37
48 30 13 28 26 12 20 29 34 24 18 17 18 25 22 22 13 43 20 13 17 18 30 33 21 14 11 8 0 12 10 33 34 27 14 41 48 53 15 14 28 33
41 26 2 27 13 25 21 30 30 24 16 7 36 20 22 15 18 34 21 25 24 14 19 14 22 6 39 16 11 0 31 45 22 13 18 27 27 14 16 28 34 24
41 35 38 43 64 11 44 50 39 42 52 37 13 19 68 33 17 26 23 31 4 21 57 57 10 27 4 7 10 24 0 33 14 42 14 67 56 52 7 33 53 42
3 42 39 10 56 34 21 44 47 72 29 24 32 66 49 23 31 67 47 20 41 36 42 26 30 29 21 32 33 36 25 0 65 41 40 64 23 43 43 13 55 3
42 37 49 49 39 6 62 30 78 21 33 30 23 39 28 23 28 75 29 35 8 33 54 37 12 19 7 10 35 43 13 58 0 24 19 57 66 37 15 49 49 57
71 33 25 22 40 23 29 16 21 11 39 33 51 7 29 23 17 14 13 22 19 39 23 9 24 28 33 48 19 20 26 68 22 0 5 22 27 36 24 38 13 43
40 38 12 35 35 23 21 30 28 17 35 33 24 16 40 29 15 30 17 38 20 12 18 23 25 13 29 30 10 16 13 32 13 11 0 13 25 29 7 21 21 63
91 37 29 36 47 46 22 3 35 11 56 50 67 12 46 43 50 13 43 68 34 40 30 18 49 36 46 47 35 30 45 39 33 14 34 0 51 47 24 28 7 85
42 9 33 21 5 41 6 32 9 49 11 14 61 39 4 22 55 17 13 49 72 13 11 20 32 30 69 37 32 26 63 35 61 44 32 57 0 2 31 33 62 37
43 4 24 24 8 38 19 41 10 32 19 20 36 34 11 14 23 25 8 37 53 27 24 18 67 17 40 45 45 32 73 58 53 20 48 25 2 0 61 22 58 36
55 49 14 40 29 6 22 30 42 27 31 36 29 17 57 36 24 30 41 36 7 29 18 26 4 28 8 22 9 12 20 34 14 23 7 25 41 35 0 23 20 47
11 16 29 1 31 18 33 48 28 49 24 13 25 31 41 7 12 61 28 3 47 15 39 19 33 12 34 24 20 15 34 17 33 37 43 48 48 26 40 0 41 11
72 31 42 32 45 25 33 3 37 5 31 22 66 22 22 63 50 23 35 37 49 47 31 35 23 31 50 58 38 34 53 53 54 12 13 10 51 27 39 40 0 86
0 36 28 17 49 39 33 96 44 53 49 21 21 39 32 30 13 47 28 16 25 20 59 64 40 25 31 25 45 45 49 2 47 49 66 73 44 28 57 16 85 0