7
40
,
0 (8.0, 43.0) 35.0
1 (19.0, 28.0) 81.0
2 (7.0, 12.0) 78.0
3 (4.0, 41.0) 89.0
4 (40.0, 11.0) 81.0
5 (10.0, 36.0) 50.0
6 (44.0, 47.0) 77.0
7 (1.0, 32.0) 38.0
8 (46.0, 36.0) 35.0
9 (8.0, 32.0) 37.0
10 (12.0, 24.0) 40.0
11 (25.0, 1.0) 64.0
12 (28.0, 37.0) 31.0
13 (8.0, 40.0) 59.0
14 (6.0, 24.0) 76.0
15 (24.0, 7.0) 59.0
16 (22.0, 49.0) 73.0
17 (9.0, 36.0) 48.0
18 (12.0, 12.0) 37.0
19 (42.0, 9.0) 60.0
20 (12.0, 22.0) 73.0
21 (16.0, 38.0) 87.0
22 (21.0, 41.0) 52.0
23 (41.0, 11.0) 63.0
24 (17.0, 16.0) 77.0
25 (36.0, 5.0) 70.0
26 (28.0, 4.0) 56.0
27 (27.0, 19.0) 80.0
28 (21.0, 26.0) 48.0
29 (38.0, 3.0) 74.0
30 (3.0, 0.0) 47.0
31 (47.0, 5.0) 35.0
32 (34.0, 36.0) 87.0
33 (34.0, 28.0) 45.0
34 (43.0, 49.0) 32.0
35 (2.0, 44.0) 66.0
36 (2.0, 47.0) 38.0
37 (39.0, 16.0) 47.0
38 (7.0, 11.0) 46.0
39 (45.0, 42.0) 83.0
,
0 22 17 7 21 21 19 32 16 29 16 13 13 23 20 12 12 27 19 8 21 13 21 23 21 12 18 14 17 17 19 2 24 25 22 33 22 24 21 7 31 0
22 0 9 16 2 23 4 18 7 19 6 10 23 10 2 10 20 8 4 16 24 11 5 7 23 14 24 22 15 11 25 22 27 13 15 18 3 4 21 16 19 22
17 9 0 10 10 14 6 16 9 14 6 4 14 6 8 7 11 11 6 9 15 5 5 7 14 6 14 13 6 1 16 16 18 8 8 16 12 13 12 10 15 17
7 16 10 0 15 17 12 25 10 23 10 6 11 16 14 6 9 20 12 2 18 6 14 16 17 5 15 11 11 10 16 6 20 18 16 26 16 18 16 0 24 7
21 2 10 15 0 23 4 20 5 21 5 9 23 12 2 9 20 10 4 15 25 10 6 8 24 14 24 22 16 11 25 21 28 15 16 20 2 3 22 15 21 21
21 23 14 17 23 0 20 18 22 13 19 15 9 14 22 18 8 21 20 14 1 15 18 18 0 12 4 7 8 12 4 19 5 13 9 19 25 26 3 16 16 21
19 4 6 12 4 20 0 18 5 18 2 6 19 9 2 6 16 9 0 12 21 7 3 6 20 11 20 18 12 7 22 18 24 12 13 18 6 7 18 13 18 19
32 18 16 25 20 18 18 0 23 6 20 20 25 9 18 22 22 11 18 24 19 20 15 12 18 21 21 23 16 16 22 31 21 7 11 1 21 21 16 26 3 32
16 7 9 10 5 22 5 23 0 23 4 7 20 14 5 5 17 14 4 11 24 7 8 11 23 11 22 19 15 10 24 16 27 17 17 23 6 8 21 11 23 16
29 19 14 23 21 13 18 6 23 0 19 18 20 9 19 21 18 14 18 21 14 18 15 13 13 18 16 18 13 13 17 28 16 6 7 7 22 23 11 23 3 29
16 6 6 10 5 19 2 20 4 19 0 4 18 10 4 4 15 11 2 10 21 5 5 8 20 9 19 17 12 7 21 16 24 13 13 19 7 8 17 11 19 16
13 10 4 6 9 15 6 20 7 18 4 0 13 10 8 3 10 13 6 6 17 1 7 10 16 5 15 13 8 5 17 13 20 13 11 20 11 13 14 7 19 13
13 23 14 11 23 9 19 25 20 20 18 13 0 18 21 15 3 24 19 9 9 12 19 20 9 8 6 2 9 13 7 11 11 18 14 26 24 26 10 10 23 13
23 10 6 16 12 14 9 9 14 9 10 10 18 0 10 13 15 7 10 15 16 11 6 4 15 12 16 16 9 7 18 22 19 3 5 10 13 14 12 17 9 23
20 2 8 14 2 22 2 18 5 19 4 8 21 10 0 8 18 8 2 14 23 9 4 7 22 13 22 21 14 10 24 20 26 13 14 18 4 5 20 15 19 20
12 10 7 6 9 18 6 22 5 21 4 3 15 13 8 0 12 15 6 7 20 3 9 11 19 7 18 15 11 8 19 12 23 15 14 22 10 12 17 7 21 12
12 20 11 9 20 8 16 22 17 18 15 10 3 15 18 12 0 21 16 6 9 10 16 17 9 6 6 2 6 10 7 11 12 15 12 23 22 23 9 9 20 12
27 8 11 20 10 21 9 11 14 14 11 13 24 7 8 15 21 0 9 19 22 14 6 4 21 17 23 23 15 12 24 26 25 9 12 10 10 10 19 20 12 27
19 4 6 12 4 20 0 18 4 18 2 6 19 10 2 6 16 9 0 12 21 7 4 6 20 11 21 19 12 8 22 18 25 12 13 18 5 7 18 13 18 19
8 16 9 2 15 14 12 24 11 21 10 6 9 15 14 7 6 19 12 0 15 5 13 15 15 3 12 9 8 8 14 8 18 16 14 24 17 18 14 3 22 8
21 24 15 18 25 1 21 19 24 14 21 17 9 16 23 20 9 22 21 15 0 16 19 19 1 13 4 7 9 14 4 20 3 14 10 20 27 28 4 18 17 21
13 11 5 6 10 15 7 20 7 18 5 1 12 11 9 3 10 14 7 5 16 0 8 11 16 4 15 12 8 5 16 12 19 13 11 21 12 13 14 6 19 13
21 5 5 14 6 18 3 15 8 15 5 7 19 6 4 9 16 6 4 13 19 8 0 3 18 11 19 18 11 6 21 20 23 9 10 15 8 8 16 14 15 21
23 7 7 16 8 18 6 12 11 13 8 10 20 4 7 11 17 4 6 15 19 11 3 0 18 13 20 19 11 8 21 22 22 7 9 12 10 10 15 17 12 23
21 23 14 17 24 0 20 18 23 13 20 16 9 15 22 19 9 21 20 15 1 16 18 18 0 12 4 7 8 12 4 20 4 13 9 19 26 27 3 17 16 21
12 14 6 5 14 12 11 21 11 18 9 5 8 12 13 7 6 17 11 3 13 4 11 13 12 0 11 8 5 5 12 11 16 13 10 21 16 17 11 6 19 12
18 24 14 15 24 4 20 21 22 16 19 15 6 16 22 18 6 23 21 12 4 15 19 20 4 11 0 4 8 13 1 17 6 16 12 22 26 27 6 15 19 18
14 22 13 11 22 7 18 23 19 18 17 13 2 16 21 15 2 23 19 9 7 12 18 19 7 8 4 0 8 12 5 13 10 16 12 24 24 25 8 11 21 14
17 15 6 11 16 8 12 16 15 13 12 8 9 9 14 11 6 15 12 8 9 8 11 11 8 5 8 8 0 5 10 15 12 9 6 17 18 19 6 11 15 17
17 11 1 10 11 12 7 16 10 13 7 5 13 7 10 8 10 12 8 8 14 5 6 8 12 5 13 12 5 0 14 16 17 8 7 16 13 14 10 10 14 17
19 25 16 16 25 4 22 22 24 17 21 17 7 18 24 19 7 24 22 14 4 16 21 21 4 12 1 5 10 14 0 18 5 17 13 23 27 28 7 16 20 19
2 22 16 6 21 19 18 31 16 28 16 13 11 22 20 12 11 26 18 8 20 12 20 22 20 11 17 13 15 16 18 0 22 24 21 32 22 24 20 6 30 2
24 27 18 20 28 5 24 21 27 16 24 20 11 19 26 23 12 25 25 18 3 19 23 22 4 16 6 10 12 17 5 22 0 17 13 22 30 31 7 20 19 24
25 13 8 18 15 13 12 7 17 6 13 13 18 3 13 15 15 9 12 16 14 13 9 7 13 13 16 16 9 8 17 24 17 0 4 8 16 17 10 18 6 25
22 15 8 16 16 9 13 11 17 7 13 11 14 5 14 14 12 12 13 14 10 11 10 9 9 10 12 12 6 7 13 21 13 4 0 11 18 19 6 16 9 22
33 18 16 26 20 19 18 1 23 7 19 20 26 10 18 22 23 10 18 24 20 21 15 12 19 21 22 24 17 16 23 32 22 8 11 0 21 21 17 26 4 33
22 3 12 16 2 25 6 21 6 22 7 11 24 13 4 10 22 10 5 17 27 12 8 10 26 16 26 24 18 13 27 22 30 16 18 21 0 2 23 17 22 22
24 4 13 18 3 26 7 21 8 23 8 13 26 14 5 12 23 10 7 18 28 13 8 10 27 17 27 25 19 14 28 24 31 17 19 21 2 0 24 18 22 24
21 21 12 16 22 3 18 16 21 11 17 14 10 12 20 17 9 19 18 14 4 14 16 15 3 11 6 8 6 10 7 20 7 10 6 17 23 24 0 16 13 21
7 16 10 0 15 16 13 26 11 23 11 7 10 17 15 7 9 20 13 3 18 6 14 17 17 6 15 11 11 10 16 6 20 18 16 26 17 18 16 0 25 7
31 19 15 24 21 16 18 3 23 3 19 19 23 9 19 21 20 12 18 22 17 19 15 12 16 19 19 21 15 14 20 30 19 6 9 4 22 22 13 25 0 31
0 22 17 7 21 21 19 32 16 29 16 13 13 23 20 12 12 27 19 8 21 13 21 23 21 12 18 14 17 17 19 2 24 25 22 33 22 24 21 7 31 0
,
0 47 33 19 38 51 46 56 34 54 37 39 26 68 43 30 37 46 41 15 61 31 49 46 36 30 20 34 35 45 43 2 25 53 31 64 32 45 51 13 76 0
40 0 16 36 2 39 10 20 9 44 15 11 61 15 4 20 56 21 10 19 27 15 9 14 66 39 50 54 25 30 46 41 72 17 37 23 4 7 54 21 41 63
33 16 0 13 22 34 11 19 25 38 13 7 36 11 20 12 11 22 8 15 21 9 7 8 16 12 22 17 8 3 19 29 39 18 9 36 23 18 34 18 44 31
11 17 13 0 40 38 16 68 26 26 12 17 23 33 15 14 18 38 33 7 28 12 28 29 37 13 28 30 19 14 32 14 40 53 33 36 17 18 19 1 28 9
56 4 25 33 0 65 11 40 13 26 6 23 52 20 3 23 41 18 4 31 25 24 17 22 29 26 30 28 17 19 27 57 69 43 17 56 5 9 42 16 37 58
40 53 23 48 62 0 45 47 52 17 35 18 15 40 51 30 19 60 27 30 2 20 24 47 1 32 7 11 18 19 6 34 10 17 16 49 27 47 4 48 37 52
44 10 8 27 5 22 0 26 5 20 4 12 29 21 6 10 26 25 1 31 39 21 8 8 27 17 54 23 19 21 61 35 30 33 32 44 15 8 30 16 44 54
50 32 40 60 43 18 32 0 67 14 40 45 60 19 44 39 43 13 24 43 25 42 31 21 37 38 44 35 23 21 27 66 36 13 15 3 63 53 34 51 3 55
38 17 9 20 6 39 12 64 0 49 10 19 56 29 11 10 46 32 7 13 56 18 16 21 29 19 28 43 32 26 39 29 63 43 17 27 13 19 31 18 57 25
73 36 24 38 55 29 41 14 28 0 41 19 53 26 37 61 35 35 47 37 37 46 21 27 24 29 35 49 18 31 20 49 20 9 13 10 62 53 13 43 4 40
40 13 14 28 6 21 3 33 10 44 0 13 32 14 9 8 24 24 6 27 25 12 12 13 37 23 30 46 21 14 31 24 30 18 29 43 13 15 24 27 49 36
31 15 8 8 27 41 9 40 15 47 7 0 21 22 16 6 17 30 18 10 25 2 13 16 39 6 24 19 19 8 32 16 36 22 12 22 29 16 34 11 34 16
29 28 39 19 34 17 56 60 40 29 44 27 0 28 34 23 6 26 25 12 12 21 36 42 27 19 8 6 24 37 9 14 17 34 41 63 68 44 19 21 53 35
29 22 16 26 18 40 16 27 31 22 29 18 53 0 18 37 29 18 10 23 20 19 7 8 41 28 39 26 19 15 32 36 21 5 14 10 16 23 13 37 23 43
57 2 10 28 5 26 5 50 15 23 12 8 58 16 0 16 51 16 5 40 41 14 5 19 26 36 49 56 24 22 55 22 75 17 38 51 10 7 43 25 43 35
20 10 15 8 25 20 18 23 5 47 6 8 43 30 17 0 21 34 10 14 50 5 16 27 26 19 51 18 14 10 38 17 23 43 37 38 11 16 22 12 26 14
37 52 19 26 46 17 31 43 42 41 26 13 5 21 34 19 0 59 25 11 15 21 27 48 11 11 12 6 14 26 7 23 34 26 31 63 61 65 22 14 35 14
43 10 19 51 11 21 10 21 25 23 28 32 25 12 19 35 47 0 10 53 42 40 9 11 40 40 44 65 21 22 31 66 35 26 14 14 22 15 19 31 20 41
24 6 12 34 9 42 1 54 7 38 5 15 38 14 6 7 25 19 0 22 47 21 6 10 36 26 56 20 35 14 35 26 28 31 21 43 6 11 41 31 34 26
9 44 19 4 44 42 36 37 32 28 20 12 19 24 20 19 19 30 15 0 34 15 26 44 19 6 28 21 19 13 37 10 18 24 37 63 39 23 38 3 24 18
28 67 42 41 61 4 56 38 24 22 54 27 18 17 26 39 18 64 52 28 0 18 24 39 2 17 8 16 9 36 8 36 5 31 28 35 35 71 9 36 24 47
19 26 9 9 28 22 21 47 14 27 7 2 24 30 19 9 24 15 11 6 27 0 17 31 46 5 20 17 19 11 47 32 23 27 17 37 23 40 31 17 24 36
53 8 11 34 13 47 3 34 8 31 11 15 43 14 6 14 44 15 5 31 34 15 0 4 19 24 33 19 25 15 36 49 48 10 20 30 13 21 43 18 27 35
54 10 16 36 17 36 13 28 22 33 13 19 46 6 10 24 25 9 19 29 39 29 4 0 32 20 26 39 21 20 58 61 56 14 13 29 20 13 41 27 19 44
62 38 19 21 59 1 50 52 53 18 20 40 12 30 59 20 20 60 56 26 2 42 28 54 0 29 10 17 16 29 7 38 9 26 12 21 34 74 3 46 36 39
26 33 9 16 29 12 24 57 26 43 23 13 16 19 22 16 11 30 24 6 36 9 16 37 20 0 30 16 12 15 32 15 41 27 19 31 32 39 26 14 28 32
53 38 33 25 34 6 42 54 32 49 26 28 9 19 52 23 14 65 50 21 11 33 35 21 10 13 0 11 19 34 3 29 16 34 31 62 69 64 15 38 33 54
22 38 19 32 36 21 34 40 37 30 19 34 2 20 52 33 6 55 25 12 12 25 52 45 17 9 12 0 17 33 15 14 19 38 16 56 30 25 14 22 27 35
40 29 18 28 32 14 33 18 42 29 16 18 15 20 40 25 7 24 34 17 17 14 19 14 23 9 12 11 0 9 15 33 18 21 10 50 33 21 13 20 37 30
41 12 2 28 29 33 14 35 30 26 14 7 37 10 15 9 27 24 22 9 18 11 12 16 31 11 33 30 12 0 31 36 18 18 7 18 36 26 30 17 19 28
46 28 38 27 54 11 29 64 47 28 23 20 13 52 53 35 13 26 32 27 5 45 37 47 11 26 2 10 22 43 0 22 5 33 18 46 68 46 14 44 54 19
3 51 37 18 48 46 27 67 32 77 46 36 26 23 29 18 17 71 40 22 56 29 21 51 56 30 25 18 37 37 33 0 35 62 49 42 44 57 52 15 73 2
45 52 53 31 44 12 49 63 56 16 46 45 18 41 64 44 12 49 70 51 7 41 25 23 9 46 14 10 20 27 13 31 0 44 21 23 65 91 17 48 44 45
68 24 14 43 24 23 21 20 40 10 28 35 34 3 17 30 45 9 33 28 36 25 22 10 31 26 16 39 22 12 40 43 25 0 6 12 28 42 10 44 7 60
49 43 10 36 46 15 32 31 31 14 25 21 35 15 18 26 17 14 33 32 24 31 21 11 23 28 14 33 10 13 25 35 22 10 0 16 20 55 10 36 16 56
64 44 26 33 54 28 40 1 35 10 41 29 71 23 37 35 38 28 32 31 23 50 21 22 55 57 31 26 24 33 55 36 36 19 17 0 37 46 36 74 9 58
52 3 18 28 4 31 10 34 9 65 19 16 70 22 5 18 41 17 11 38 53 19 11 12 74 37 33 38 42 37 44 38 43 31 19 38 0 3 59 50 47 42
24 9 32 31 7 58 15 50 9 46 14 13 54 27 11 14 35 16 7 41 83 31 10 20 67 41 55 33 49 22 34 41 67 32 48 49 2 0 63 32 39 35
41 41 13 33 36 5 26 45 49 12 33 23 10 30 20 40 21 51 48 22 11 41 23 32 7 17 13 14 14 14 17 56 8 12 16 31 42 58 0 20 24 59
9 46 12 1 39 39 24 27 12 26 13 16 28 26 36 19 18 34 29 6 42 10 36 21 17 13 32 29 17 31 34 13 55 41 25 43 28 21 37 0 36 16
49 47 24 46 50 34 44 5 47 6 47 24 34 22 46 61 50 19 42 27 42 57 41 36 41 38 44 38 20 26 22 79 41 9 23 5 33 49 36 55 0 44
0 47 43 18 56 36 46 48 29 64 43 14 24 62 49 31 35 80 30 23 30 33 60 44 46 26 47 24 28 43 35 3 35 57 41 97 38 30 39 16 70 0