7
40
,
0 (8.0, 43.0) 78.0
1 (19.0, 28.0) 40.0
2 (7.0, 12.0) 77.0
3 (4.0, 41.0) 48.0
4 (40.0, 11.0) 62.0
5 (10.0, 36.0) 72.0
6 (44.0, 47.0) 82.0
7 (1.0, 32.0) 71.0
8 (46.0, 36.0) 68.0
9 (8.0, 32.0) 82.0
10 (12.0, 24.0) 34.0
11 (25.0, 1.0) 68.0
12 (28.0, 37.0) 78.0
13 (8.0, 40.0) 62.0
14 (6.0, 24.0) 58.0
15 (24.0, 7.0) 70.0
16 (22.0, 49.0) 36.0
17 (9.0, 36.0) 30.0
18 (12.0, 12.0) 73.0
19 (42.0, 9.0) 56.0
20 (12.0, 22.0) 42.0
21 (16.0, 38.0) 38.0
22 (21.0, 41.0) 62.0
23 (41.0, 11.0) 60.0
24 (17.0, 16.0) 42.0
25 (36.0, 5.0) 30.0
26 (28.0, 4.0) 39.0
27 (27.0, 19.0) 52.0
28 (21.0, 26.0) 46.0
29 (38.0, 3.0) 31.0
30 (3.0, 0.0) 57.0
31 (47.0, 5.0) 89.0
32 (34.0, 36.0) 70.0
33 (34.0, 28.0) 73.0
34 (43.0, 49.0) 44.0
35 (2.0, 44.0) 34.0
36 (2.0, 47.0) 38.0
37 (39.0, 16.0) 66.0
38 (7.0, 11.0) 43.0
39 (45.0, 42.0) 37.0
,
0 22 17 7 21 21 19 32 16 29 16 13 13 23 20 12 12 27 19 8 21 13 21 23 21 12 18 14 17 17 19 2 24 25 22 33 22 24 21 7 31 0
22 0 9 16 2 23 4 18 7 19 6 10 23 10 2 10 20 8 4 16 24 11 5 7 23 14 24 22 15 11 25 22 27 13 15 18 3 4 21 16 19 22
17 9 0 10 10 14 6 16 9 14 6 4 14 6 8 7 11 11 6 9 15 5 5 7 14 6 14 13 6 1 16 16 18 8 8 16 12 13 12 10 15 17
7 16 10 0 15 17 12 25 10 23 10 6 11 16 14 6 9 20 12 2 18 6 14 16 17 5 15 11 11 10 16 6 20 18 16 26 16 18 16 0 24 7
21 2 10 15 0 23 4 20 5 21 5 9 23 12 2 9 20 10 4 15 25 10 6 8 24 14 24 22 16 11 25 21 28 15 16 20 2 3 22 15 21 21
21 23 14 17 23 0 20 18 22 13 19 15 9 14 22 18 8 21 20 14 1 15 18 18 0 12 4 7 8 12 4 19 5 13 9 19 25 26 3 16 16 21
19 4 6 12 4 20 0 18 5 18 2 6 19 9 2 6 16 9 0 12 21 7 3 6 20 11 20 18 12 7 22 18 24 12 13 18 6 7 18 13 18 19
32 18 16 25 20 18 18 0 23 6 20 20 25 9 18 22 22 11 18 24 19 20 15 12 18 21 21 23 16 16 22 31 21 7 11 1 21 21 16 26 3 32
16 7 9 10 5 22 5 23 0 23 4 7 20 14 5 5 17 14 4 11 24 7 8 11 23 11 22 19 15 10 24 16 27 17 17 23 6 8 21 11 23 16
29 19 14 23 21 13 18 6 23 0 19 18 20 9 19 21 18 14 18 21 14 18 15 13 13 18 16 18 13 13 17 28 16 6 7 7 22 23 11 23 3 29
16 6 6 10 5 19 2 20 4 19 0 4 18 10 4 4 15 11 2 10 21 5 5 8 20 9 19 17 12 7 21 16 24 13 13 19 7 8 17 11 19 16
13 10 4 6 9 15 6 20 7 18 4 0 13 10 8 3 10 13 6 6 17 1 7 10 16 5 15 13 8 5 17 13 20 13 11 20 11 13 14 7 19 13
13 23 14 11 23 9 19 25 20 20 18 13 0 18 21 15 3 24 19 9 9 12 19 20 9 8 6 2 9 13 7 11 11 18 14 26 24 26 10 10 23 13
23 10 6 16 12 14 9 9 14 9 10 10 18 0 10 13 15 7 10 15 16 11 6 4 15 12 16 16 9 7 18 22 19 3 5 10 13 14 12 17 9 23
20 2 8 14 2 22 2 18 5 19 4 8 21 10 0 8 18 8 2 14 23 9 4 7 22 13 22 21 14 10 24 20 26 13 14 18 4 5 20 15 19 20
12 10 7 6 9 18 6 22 5 21 4 3 15 13 8 0 12 15 6 7 20 3 9 11 19 7 18 15 11 8 19 12 23 15 14 22 10 12 17 7 21 12
12 20 11 9 20 8 16 22 17 18 15 10 3 15 18 12 0 21 16 6 9 10 16 17 9 6 6 2 6 10 7 11 12 15 12 23 22 23 9 9 20 12
27 8 11 20 10 21 9 11 14 14 11 13 24 7 8 15 21 0 9 19 22 14 6 4 21 17 23 23 15 12 24 26 25 9 12 10 10 10 19 20 12 27
19 4 6 12 4 20 0 18 4 18 2 6 19 10 2 6 16 9 0 12 21 7 4 6 20 11 21 19 12 8 22 18 25 12 13 18 5 7 18 13 18 19
8 16 9 2 15 14 12 24 11 21 10 6 9 15 14 7 6 19 12 0 15 5 13 15 15 3 12 9 8 8 14 8 18 16 14 24 17 18 14 3 22 8
21 24 15 18 25 1 21 19 24 14 21 17 9 16 23 20 9 22 21 15 0 16 19 19 1 13 4 7 9 14 4 20 3 14 10 20 27 28 4 18 17 21
13 11 5 6 10 15 7 20 7 18 5 1 12 11 9 3 10 14 7 5 16 0 8 11 16 4 15 12 8 5 16 12 19 13 11 21 12 13 14 6 19 13
21 5 5 14 6 18 3 15 8 15 5 7 19 6 4 9 16 6 4 13 19 8 0 3 18 11 19 18 11 6 21 20 23 9 10 15 8 8 16 14 15 21
23 7 7 16 8 18 6 12 11 13 8 10 20 4 7 11 17 4 6 15 19 11 3 0 18 13 20 19 11 8 21 22 22 7 9 12 10 10 15 17 12 23
21 23 14 17 24 0 20 18 23 13 20 16 9 15 22 19 9 21 20 15 1 16 18 18 0 12 4 7 8 12 4 20 4 13 9 19 26 27 3 17 16 21
12 14 6 5 14 12 11 21 11 18 9 5 8 12 13 7 6 17 11 3 13 4 11 13 12 0 11 8 5 5 12 11 16 13 10 21 16 17 11 6 19 12
18 24 14 15 24 4 20 21 22 16 19 15 6 16 22 18 6 23 21 12 4 15 19 20 4 11 0 4 8 13 1 17 6 16 12 22 26 27 6 15 19 18
14 22 13 11 22 7 18 23 19 18 17 13 2 16 21 15 2 23 19 9 7 12 18 19 7 8 4 0 8 12 5 13 10 16 12 24 24 25 8 11 21 14
17 15 6 11 16 8 12 16 15 13 12 8 9 9 14 11 6 15 12 8 9 8 11 11 8 5 8 8 0 5 10 15 12 9 6 17 18 19 6 11 15 17
17 11 1 10 11 12 7 16 10 13 7 5 13 7 10 8 10 12 8 8 14 5 6 8 12 5 13 12 5 0 14 16 17 8 7 16 13 14 10 10 14 17
19 25 16 16 25 4 22 22 24 17 21 17 7 18 24 19 7 24 22 14 4 16 21 21 4 12 1 5 10 14 0 18 5 17 13 23 27 28 7 16 20 19
2 22 16 6 21 19 18 31 16 28 16 13 11 22 20 12 11 26 18 8 20 12 20 22 20 11 17 13 15 16 18 0 22 24 21 32 22 24 20 6 30 2
24 27 18 20 28 5 24 21 27 16 24 20 11 19 26 23 12 25 25 18 3 19 23 22 4 16 6 10 12 17 5 22 0 17 13 22 30 31 7 20 19 24
25 13 8 18 15 13 12 7 17 6 13 13 18 3 13 15 15 9 12 16 14 13 9 7 13 13 16 16 9 8 17 24 17 0 4 8 16 17 10 18 6 25
22 15 8 16 16 9 13 11 17 7 13 11 14 5 14 14 12 12 13 14 10 11 10 9 9 10 12 12 6 7 13 21 13 4 0 11 18 19 6 16 9 22
33 18 16 26 20 19 18 1 23 7 19 20 26 10 18 22 23 10 18 24 20 21 15 12 19 21 22 24 17 16 23 32 22 8 11 0 21 21 17 26 4 33
22 3 12 16 2 25 6 21 6 22 7 11 24 13 4 10 22 10 5 17 27 12 8 10 26 16 26 24 18 13 27 22 30 16 18 21 0 2 23 17 22 22
24 4 13 18 3 26 7 21 8 23 8 13 26 14 5 12 23 10 7 18 28 13 8 10 27 17 27 25 19 14 28 24 31 17 19 21 2 0 24 18 22 24
21 21 12 16 22 3 18 16 21 11 17 14 10 12 20 17 9 19 18 14 4 14 16 15 3 11 6 8 6 10 7 20 7 10 6 17 23 24 0 16 13 21
7 16 10 0 15 16 13 26 11 23 11 7 10 17 15 7 9 20 13 3 18 6 14 17 17 6 15 11 11 10 16 6 20 18 16 26 17 18 16 0 25 7
31 19 15 24 21 16 18 3 23 3 19 19 23 9 19 21 20 12 18 22 17 19 15 12 16 19 19 21 15 14 20 30 19 6 9 4 22 22 13 25 0 31
0 22 17 7 21 21 19 32 16 29 16 13 13 23 20 12 12 27 19 8 21 13 21 23 21 12 18 14 17 17 19 2 24 25 22 33 22 24 21 7 31 0
,
0 28 34 16 56 56 44 50 31 70 32 37 32 25 37 26 14 48 26 9 29 34 49 48 26 29 21 33 43 42 29 4 57 56 45 83 26 67 54 13 56 0
38 0 12 33 7 46 5 24 10 55 16 27 30 24 4 20 57 14 10 19 48 12 8 8 48 35 55 23 40 32 58 31 73 17 45 38 5 6 47 42 43 36
18 17 0 24 17 16 15 19 25 26 10 6 39 13 10 19 22 26 6 11 24 7 5 13 24 14 20 28 10 4 40 18 20 22 15 35 23 15 15 21 35 21
11 35 25 0 44 19 15 51 11 60 21 11 26 25 33 7 17 44 16 4 21 16 24 33 47 11 44 23 17 30 44 16 55 38 47 40 38 29 27 1 63 17
49 5 23 20 0 60 5 51 13 30 10 14 59 16 5 25 47 22 9 25 37 15 18 18 29 22 39 58 37 14 67 32 30 34 41 30 4 4 49 21 56 29
24 45 38 42 46 0 29 27 24 30 49 39 19 28 51 45 15 35 52 19 4 39 27 23 1 15 7 9 14 15 10 42 9 13 26 25 27 33 7 45 40 36
38 5 10 33 6 23 0 20 14 35 6 16 26 18 5 16 17 24 1 22 62 12 7 18 22 17 54 46 15 20 41 19 36 17 13 32 12 18 32 30 47 35
43 30 18 38 24 30 32 0 63 6 40 57 60 28 47 63 35 27 40 66 55 27 36 32 25 58 43 45 34 17 52 79 27 9 23 3 22 29 37 56 4 55
24 7 20 19 9 46 10 43 0 42 4 20 57 18 15 11 26 20 8 18 46 12 19 17 66 33 25 39 30 28 51 35 56 18 19 58 12 11 38 26 50 32
38 56 31 29 37 27 38 7 30 0 55 46 39 21 39 22 48 38 30 30 25 46 35 28 20 49 25 38 27 26 41 61 36 14 22 16 50 63 25 39 9 58
37 8 15 26 6 20 5 29 5 44 0 13 49 20 5 8 44 22 4 26 43 9 10 10 22 20 38 38 21 16 52 19 61 39 14 52 7 16 36 24 52 28
16 28 10 8 11 25 7 30 16 20 6 0 17 10 10 9 12 26 17 13 50 2 20 29 33 14 26 21 13 12 27 16 38 15 30 25 15 28 15 21 55 25
14 30 36 15 63 16 28 35 31 25 39 38 0 38 52 25 5 35 50 9 17 23 47 53 21 20 15 4 25 15 11 15 21 18 26 71 54 38 15 17 29 38
37 17 8 29 16 41 20 10 21 19 13 24 53 0 16 14 19 11 18 39 20 11 17 12 33 32 26 22 22 14 19 27 40 4 7 19 16 15 33 36 10 64
27 4 17 32 3 52 5 29 7 47 8 24 54 23 0 9 28 25 2 28 44 27 6 14 42 31 26 37 40 12 60 28 32 29 24 20 8 8 49 31 36 41
28 21 12 12 13 20 18 60 6 41 10 8 16 27 23 0 36 17 13 9 46 9 11 24 54 13 46 26 27 9 45 31 34 35 40 56 30 18 35 19 44 26
15 47 24 25 21 9 34 29 50 40 23 11 8 36 53 26 0 37 44 15 15 28 23 49 22 12 11 3 9 10 21 25 31 20 28 55 37 55 24 24 37 25
27 19 24 54 24 25 25 31 40 28 11 32 68 10 10 18 21 0 12 36 48 19 10 9 32 44 46 33 45 28 39 55 72 12 19 28 13 21 45 59 31 31
45 7 17 33 9 47 1 25 12 34 6 12 50 25 4 12 48 21 0 33 37 9 8 10 26 28 44 52 21 17 55 22 38 32 37 49 7 18 36 20 18 22
13 44 16 7 27 32 22 53 21 35 11 7 24 19 30 14 11 40 31 0 25 10 18 21 44 7 21 22 16 17 15 17 37 39 25 49 37 25 18 7 52 19
33 72 20 31 29 4 55 42 47 29 54 44 28 31 35 24 15 52 51 41 0 29 44 31 2 23 5 17 20 25 9 41 9 19 28 46 40 82 8 33 22 35
25 22 6 11 12 36 10 42 12 38 8 2 33 15 22 5 19 19 15 7 42 0 13 18 44 5 44 19 21 9 19 35 40 31 16 37 14 30 31 9 24 36
54 12 12 22 16 35 3 38 16 41 7 22 25 17 5 26 41 11 4 37 35 10 0 8 29 22 46 25 18 17 55 36 61 19 31 26 16 11 27 37 43 51
65 16 11 42 12 34 17 23 27 19 15 28 37 6 7 33 42 6 9 46 42 11 5 0 49 22 40 42 25 10 42 54 47 17 23 13 12 27 44 49 21 45
51 39 40 19 31 1 31 50 66 36 53 20 25 23 58 51 20 23 50 38 1 28 21 35 0 21 6 13 18 26 8 57 5 21 15 37 66 39 7 50 23 42
30 43 8 12 31 19 31 28 25 47 10 8 15 35 31 11 11 17 20 4 20 7 22 20 33 0 21 18 12 7 36 12 31 26 29 23 29 25 30 9 24 29
43 46 38 18 27 6 45 63 35 46 29 39 17 47 39 39 7 64 23 29 8 22 56 21 9 19 0 10 16 29 3 35 16 41 34 33 42 64 15 39 36 34
18 58 29 31 56 11 26 66 51 25 32 31 6 47 38 37 3 62 19 10 21 32 45 54 17 13 9 0 10 15 7 23 21 26 22 34 56 42 15 32 29 28
19 30 14 31 45 16 13 27 37 14 15 19 11 17 37 13 18 27 17 13 26 14 25 20 24 8 24 18 0 12 11 26 21 11 17 39 22 46 16 17 41 41
32 26 3 14 32 30 9 27 17 17 18 10 35 13 21 10 17 14 23 25 37 12 10 21 22 7 37 15 9 0 27 38 43 20 12 30 21 26 27 13 36 25
40 65 41 22 53 9 65 51 27 33 51 34 12 40 71 51 8 39 65 27 8 18 55 39 6 26 3 7 23 31 0 35 11 18 14 61 56 45 16 19 33 24
2 42 22 7 23 48 29 75 38 81 41 16 21 56 56 29 28 28 32 16 21 27 25 63 54 11 47 25 36 43 48 0 52 34 26 94 58 43 37 11 81 3
64 28 35 51 47 14 25 51 42 39 53 48 32 28 40 25 18 30 26 31 9 54 36 37 7 44 11 24 25 43 10 23 0 30 38 32 59 65 17 37 42 39
69 18 12 27 16 17 30 12 43 9 36 15 40 7 29 45 38 23 18 25 35 24 11 16 26 20 45 43 26 10 27 27 33 0 10 17 19 45 27 48 8 47
46 44 15 35 18 23 17 31 49 18 31 31 41 12 15 25 25 28 17 32 21 27 12 16 16 27 26 31 15 14 13 29 23 4 0 27 47 33 16 26 12 49
34 42 24 36 24 49 33 2 26 8 46 26 55 11 39 43 50 18 45 60 45 41 17 26 32 40 46 56 27 21 35 77 58 22 23 0 57 52 45 57 8 44
55 4 27 36 5 65 14 50 15 33 13 30 69 31 9 16 34 21 12 33 29 14 20 19 28 28 61 41 42 37 46 27 80 24 34 59 0 2 69 42 25 51
54 10 20 51 6 38 10 44 16 34 17 21 39 42 10 29 38 24 10 29 68 24 15 22 65 35 31 65 49 25 43 34 50 31 20 59 3 0 42 51 53 66
48 33 33 32 34 7 19 39 58 15 49 41 23 21 40 50 20 22 34 35 11 16 32 35 8 23 11 21 8 19 13 34 16 14 11 35 39 43 0 42 15 23
18 43 12 1 30 42 30 72 23 24 16 9 26 33 43 17 15 33 20 4 51 17 33 29 38 12 36 32 27 27 30 14 45 33 24 73 30 52 26 0 62 10
77 40 20 43 47 31 43 6 49 8 28 35 49 20 32 32 58 27 36 24 33 40 42 23 30 56 35 30 23 16 35 43 42 7 25 9 47 27 26 36 0 51
0 27 20 8 61 31 27 35 45 84 32 34 17 63 28 29 29 42 53 19 39 30 52 50 62 27 44 15 23 23 20 2 25 50 45 60 27 40 60 11 67 0