7
40
,
0 (12.0, 37.0) 34.0
1 (10.0, 10.0) 18.0
2 (9.0, 44.0) 17.0
3 (30.0, 47.0) 14.0
4 (21.0, 29.0) 13.0
5 (11.0, 23.0) 17.0
6 (2.0, 20.0) 12.0
7 (32.0, 35.0) 17.0
8 (5.0, 27.0) 22.0
9 (48.0, 47.0) 32.0
10 (11.0, 7.0) 26.0
11 (26.0, 36.0) 11.0
12 (48.0, 18.0) 27.0
13 (40.0, 19.0) 14.0
14 (14.0, 50.0) 18.0
15 (30.0, 10.0) 37.0
16 (15.0, 29.0) 28.0
17 (47.0, 1.0) 20.0
18 (38.0, 15.0) 30.0
19 (42.0, 31.0) 15.0
20 (0.0, 17.0) 33.0
21 (31.0, 20.0) 42.0
22 (25.0, 0.0) 27.0
23 (49.0, 37.0) 14.0
24 (7.0, 21.0) 23.0
25 (39.0, 15.0) 11.0
26 (28.0, 41.0) 23.0
27 (34.0, 40.0) 18.0
28 (11.0, 2.0) 46.0
29 (7.0, 24.0) 13.0
30 (34.0, 35.0) 15.0
31 (24.0, 41.0) 39.0
32 (29.0, 3.0) 23.0
33 (18.0, 24.0) 10.0
34 (49.0, 12.0) 17.0
35 (33.0, 6.0) 34.0
36 (25.0, 18.0) 45.0
37 (40.0, 22.0) 15.0
38 (7.0, 37.0) 13.0
39 (30.0, 46.0) 23.0
,
0 5 2 4 2 3 4 4 2 7 6 3 8 7 3 6 2 10 7 6 5 5 8 7 3 7 3 4 7 3 4 3 8 3 9 7 5 6 1 4
5 0 7 8 4 3 3 7 4 11 1 6 8 6 8 4 4 8 6 8 2 5 4 9 2 6 7 8 2 3 7 7 4 3 8 5 3 6 5 8
2 7 0 4 4 4 5 5 3 8 7 4 9 8 2 8 3 11 8 7 6 7 9 8 5 8 4 5 8 4 5 3 9 4 10 9 6 8 1 4
4 8 4 0 4 6 8 2 6 4 9 2 7 6 3 7 5 10 7 4 8 5 9 4 7 7 1 2 10 7 3 2 9 5 8 8 6 5 5 0
2 4 4 4 0 2 4 3 3 6 5 2 6 4 4 4 1 8 4 4 5 3 6 6 3 5 3 3 6 3 3 2 5 1 7 5 2 4 3 4
3 3 4 6 2 0 2 5 1 9 3 4 7 6 5 5 1 8 6 6 3 4 5 8 1 6 5 6 4 1 5 4 5 1 8 6 3 6 3 6
4 3 5 8 4 2 0 7 2 11 3 6 9 8 6 6 3 10 7 8 1 6 6 10 1 7 7 8 4 1 7 6 6 3 10 7 5 8 4 8
4 7 5 2 3 5 7 0 6 4 7 1 5 4 5 5 4 7 4 2 7 3 7 3 6 4 1 1 8 5 0 2 6 4 6 6 4 3 5 2
2 4 3 6 3 1 2 6 0 9 4 5 9 7 5 6 2 10 7 7 2 5 7 9 1 7 5 6 5 1 6 5 7 3 9 7 4 7 2 6
7 11 8 4 6 9 11 4 9 0 11 5 6 6 7 8 8 9 7 3 11 6 10 2 10 7 4 3 12 9 4 5 10 8 7 9 7 5 8 4
6 1 7 9 5 3 3 7 4 11 0 7 8 6 9 4 4 7 6 8 3 5 3 10 3 6 8 8 1 3 7 7 4 4 8 4 4 7 6 9
3 6 4 2 2 4 6 1 5 5 7 0 6 4 4 5 3 8 5 3 6 3 7 5 5 5 1 2 7 4 2 1 7 3 7 6 4 4 4 2
8 8 9 7 6 7 9 5 9 6 8 6 0 2 9 4 7 3 2 3 10 3 6 4 8 2 6 5 8 8 4 7 5 6 1 4 5 2 9 7
7 6 8 6 4 6 8 4 7 6 6 4 2 0 8 3 5 4 1 2 8 2 5 4 7 1 5 4 7 7 3 5 4 5 2 3 3 1 8 6
3 8 2 3 4 5 6 5 5 7 9 4 9 8 0 9 4 12 8 7 7 7 10 7 6 9 3 4 10 5 5 3 10 5 10 10 7 8 3 3
6 4 8 7 4 5 6 5 6 8 4 5 4 3 9 0 5 4 2 5 6 2 2 7 5 2 6 6 4 5 5 6 1 4 4 1 2 3 7 7
2 4 3 5 1 1 3 4 2 8 4 3 7 5 4 5 0 9 5 5 4 4 6 7 2 6 4 4 5 2 4 3 6 1 8 6 3 5 2 5
10 8 11 10 8 8 10 7 10 9 7 8 3 4 12 4 9 0 3 6 10 5 4 7 9 3 9 8 7 9 7 9 4 7 2 3 6 4 11 10
7 6 8 7 4 6 7 4 7 7 6 5 2 1 8 2 5 3 0 3 8 2 4 5 6 0 6 5 6 6 4 6 3 4 2 2 3 1 8 6
6 8 7 4 4 6 8 2 7 3 8 3 3 2 7 5 5 6 3 0 9 3 7 2 7 3 3 2 8 7 2 4 6 5 4 5 4 2 7 4
5 2 6 8 5 3 1 7 2 11 3 6 10 8 7 6 4 10 8 9 0 6 6 11 2 8 7 8 4 2 8 7 6 4 10 7 5 8 4 8
5 5 7 5 3 4 6 3 5 6 5 3 3 2 7 2 4 5 2 3 6 0 4 5 5 2 4 4 5 5 3 4 3 3 4 3 1 2 6 5
8 4 9 9 6 5 6 7 7 10 3 7 6 5 10 2 6 4 4 7 6 4 0 9 6 4 8 8 3 6 7 8 1 5 5 2 4 5 8 9
7 9 8 4 6 8 10 3 9 2 10 5 4 4 7 7 7 7 5 2 11 5 9 0 9 5 4 3 10 9 3 5 8 7 5 7 6 3 8 4
3 2 5 7 3 1 1 6 1 10 3 5 8 7 6 5 2 9 6 7 2 5 6 9 0 7 6 7 4 1 6 5 6 2 9 6 4 7 3 7
7 6 8 7 5 6 7 4 7 7 6 5 2 1 9 2 6 3 0 3 8 2 4 5 7 0 6 5 6 7 4 6 3 5 2 2 3 1 8 6
3 7 4 1 3 5 7 1 5 4 8 1 6 5 3 6 4 9 6 3 7 4 8 4 6 6 0 1 9 5 2 1 8 4 7 7 5 4 4 1
4 8 5 2 3 6 8 1 6 3 8 2 5 4 4 6 4 8 5 2 8 4 8 3 7 5 1 0 9 6 1 2 7 5 6 7 5 4 5 1
7 2 8 10 6 4 4 8 5 12 1 7 8 7 10 4 5 7 6 8 4 5 3 10 4 6 9 9 0 4 8 8 4 5 8 4 4 7 7 10
3 3 4 7 3 1 1 5 1 9 3 4 8 7 5 5 2 9 6 7 2 5 6 9 1 7 5 6 4 0 6 5 6 2 9 6 4 7 3 6
4 7 5 3 3 5 7 0 6 4 7 2 4 3 5 5 4 7 4 2 8 3 7 3 6 4 2 1 8 6 0 2 6 4 5 6 4 3 5 2
3 7 3 2 2 4 6 2 5 5 7 1 7 5 3 6 3 9 6 4 7 4 8 5 5 6 1 2 8 5 2 0 8 4 8 7 5 5 3 2
8 4 9 9 5 5 6 6 7 10 4 7 5 4 10 1 6 4 3 6 6 3 1 8 6 3 8 7 4 6 6 8 0 5 4 1 3 4 8 9
3 3 4 5 1 1 3 4 3 8 4 3 6 5 5 4 1 7 4 5 4 3 5 7 2 5 4 5 5 2 4 4 5 0 7 5 2 4 3 5
9 8 10 8 7 8 10 6 9 7 8 7 1 2 10 4 8 2 2 4 10 4 5 5 9 2 7 6 8 9 5 8 4 7 0 3 5 3 10 8
7 5 9 8 5 6 7 6 7 9 4 6 4 3 10 1 6 3 2 5 7 3 2 7 6 2 7 7 4 6 6 7 1 5 3 0 3 3 8 8
5 3 6 6 2 3 5 4 4 7 4 4 5 3 7 2 3 6 3 4 5 1 4 6 4 3 5 5 4 4 4 5 3 2 5 3 0 3 5 6
6 6 8 5 4 6 8 3 7 5 7 4 2 1 8 3 5 4 1 2 8 2 5 3 7 1 4 4 7 7 3 5 4 4 3 3 3 0 7 5
1 5 1 5 3 3 4 5 2 8 6 4 9 8 3 7 2 11 8 7 4 6 8 8 3 8 4 5 7 3 5 3 8 3 10 8 5 7 0 5
4 8 4 0 4 6 8 2 6 4 9 2 7 6 3 7 5 10 6 4 8 5 9 4 7 6 1 1 10 6 2 2 9 5 8 8 6 5 5 0
,
0 17 5 27 12 8 26 14 15 24 38 14 33 26 11 21 9 66 28 22 27 31 35 25 21 33 13 22 44 8 15 7 36 7 54 55 30 24 4 30
26 0 21 34 31 14 10 37 21 63 4 20 38 19 36 19 26 51 37 47 10 35 26 39 8 35 21 52 5 10 28 32 22 17 45 14 19 39 17 37
4 22 0 23 21 17 23 26 13 43 19 18 33 60 5 49 11 62 37 51 30 31 69 48 19 34 25 28 54 18 29 20 47 16 67 61 36 51 5 16
19 33 11 0 27 24 42 11 40 23 51 16 47 26 20 33 28 43 48 23 36 27 50 26 45 29 8 6 69 39 12 9 41 24 52 58 42 31 35 1
12 14 13 30 0 9 25 10 15 23 28 9 33 29 11 16 4 27 15 25 18 10 37 25 12 16 9 24 33 11 8 15 18 3 30 15 8 20 15 14
20 12 21 40 15 0 12 13 9 23 9 13 54 19 21 22 7 26 33 37 11 20 21 33 6 29 18 27 27 3 32 27 31 10 58 21 22 38 8 39
17 18 37 52 15 13 0 48 10 42 10 31 68 20 26 17 22 55 33 35 3 41 45 52 6 31 24 38 18 4 33 30 45 21 42 44 17 28 15 46
26 28 15 14 8 24 34 0 35 13 42 5 21 13 18 28 9 29 16 8 23 15 39 25 21 13 8 6 25 30 3 15 30 18 14 18 11 23 18 9
16 14 10 34 15 9 10 38 0 30 28 21 23 26 30 43 12 48 50 41 11 39 47 44 8 48 32 43 34 4 31 13 24 17 52 32 33 22 6 34
28 37 27 27 44 34 27 25 47 0 59 14 27 28 42 26 45 23 27 16 63 32 40 9 33 38 19 12 43 49 25 24 72 20 48 33 20 24 48 11
20 2 42 54 19 23 13 31 24 71 0 22 51 37 64 25 12 27 20 50 11 14 10 64 9 18 20 33 5 19 40 51 11 17 36 32 16 18 45 53
16 24 21 14 6 22 38 9 21 15 19 0 16 31 22 31 18 36 35 11 21 13 50 31 21 13 3 13 35 18 8 5 26 18 32 23 13 23 15 9
43 57 40 42 15 56 47 22 55 33 30 21 0 11 37 27 36 10 11 18 26 12 39 15 29 12 20 30 56 57 21 41 19 27 5 10 34 9 40 50
30 41 58 40 29 20 32 13 35 42 47 31 4 0 22 7 35 26 6 8 57 6 15 27 19 6 30 11 33 28 15 21 13 15 10 22 15 3 27 31
18 25 8 24 11 29 21 19 12 22 44 13 31 52 0 51 14 79 43 38 39 22 34 50 25 45 22 31 67 24 18 9 55 37 56 69 32 54 17 9
24 15 54 47 22 33 18 22 35 32 28 26 26 12 58 0 33 23 5 26 40 11 15 27 29 14 46 24 20 22 20 43 10 12 15 3 13 18 20 30
8 21 13 33 5 10 19 25 8 54 26 13 46 28 30 21 0 32 19 19 27 22 44 32 8 14 23 16 30 8 24 14 22 4 37 27 19 36 8 18
64 42 85 48 22 42 46 28 26 44 41 35 19 13 65 15 61 0 22 32 67 33 19 27 39 9 32 62 45 23 37 56 19 42 12 8 39 21 27 30
46 35 32 49 19 41 54 25 25 47 16 33 11 5 55 10 31 24 0 15 39 11 17 14 22 1 16 27 34 19 12 43 20 32 6 6 13 6 20 24
36 43 28 23 17 41 48 6 50 20 56 19 21 8 43 28 17 24 8 0 29 18 32 10 41 24 20 15 27 33 7 20 44 15 27 37 16 13 38 17
20 14 27 59 19 6 4 28 16 47 18 24 70 27 42 39 21 56 29 60 0 43 33 68 10 29 39 33 25 13 33 38 33 12 27 23 20 33 26 45
37 14 26 26 18 29 42 19 18 25 21 12 14 7 29 15 22 15 8 15 24 0 26 36 16 5 17 20 21 21 11 27 22 7 11 11 8 5 37 27
35 13 59 49 23 20 21 22 43 73 18 54 19 34 53 9 22 27 29 24 42 30 0 53 24 13 37 48 15 16 20 44 4 22 21 12 23 15 30 35
33 52 52 28 19 32 62 20 48 9 71 23 26 12 35 37 51 44 33 12 79 25 34 0 61 30 11 14 65 63 19 17 53 35 37 39 32 10 23 17
16 12 18 43 23 3 4 26 6 68 19 15 55 34 19 37 15 43 20 41 9 15 38 47 0 19 23 38 28 2 40 26 42 15 53 44 19 33 21 22
45 30 28 45 29 43 34 14 31 32 38 30 7 3 42 6 38 18 1 23 42 9 24 31 33 0 27 29 16 44 11 34 13 20 7 13 9 7 48 39
23 28 12 8 10 13 44 6 36 22 29 4 26 26 24 42 15 50 34 25 47 24 54 28 27 22 0 5 62 34 12 3 33 25 25 53 33 30 23 7
12 36 18 10 23 26 22 3 21 21 46 6 25 25 16 39 33 28 31 8 34 14 29 12 39 24 5 0 36 32 4 14 45 17 39 42 26 13 38 4
50 10 58 53 21 27 18 32 37 65 4 47 29 44 45 30 40 50 23 45 22 30 20 48 24 29 40 29 0 19 51 33 18 26 32 21 19 39 43 55
16 10 26 17 14 2 4 15 4 60 23 12 26 38 34 15 9 54 33 36 14 35 18 23 3 25 14 41 24 0 34 19 18 6 44 19 17 27 7 40
23 30 18 15 18 33 21 3 18 26 34 10 17 15 35 33 21 33 14 8 28 15 32 9 19 26 5 7 44 38 0 8 40 13 23 22 12 21 29 15
11 44 16 12 12 20 17 8 32 30 23 7 40 24 19 30 8 65 25 18 44 24 25 30 23 25 4 9 36 16 11 0 43 16 38 51 29 21 22 5
19 30 55 66 35 29 45 32 32 69 15 50 36 27 45 7 26 12 20 16 24 23 5 56 35 14 53 26 12 27 36 43 0 33 28 3 11 17 56 36
9 24 29 14 8 6 20 22 10 22 12 10 41 29 16 27 8 21 28 29 19 14 29 29 12 12 21 14 33 9 27 11 17 0 33 25 13 21 24 34
25 46 72 22 17 37 35 18 33 52 43 17 6 16 69 26 32 8 14 23 58 29 21 20 40 7 45 30 46 38 23 53 28 25 0 10 17 20 31 44
33 31 51 50 18 28 33 27 27 63 27 24 11 9 45 6 36 21 11 19 34 12 5 27 34 6 29 39 33 41 42 43 5 21 19 0 8 10 57 26
25 16 25 31 15 21 12 11 26 51 21 22 34 15 45 14 10 26 19 24 16 9 9 43 26 13 22 12 24 15 22 22 15 10 15 12 0 14 28 35
19 19 34 26 18 36 21 13 32 23 33 12 8 2 52 22 30 23 8 7 26 5 13 18 47 4 31 12 20 43 16 30 28 28 17 21 8 0 30 33
6 19 6 28 22 19 26 24 6 34 25 17 54 46 9 20 13 65 45 46 26 21 51 57 11 30 18 26 29 18 25 13 34 17 42 49 37 38 0 37
19 31 14 1 11 31 26 10 31 24 34 11 42 34 23 29 14 64 26 22 46 13 30 11 33 26 3 5 61 30 12 5 47 35 54 21 18 38 33 0