7
40
,
0 (12.0, 37.0) 17.0
1 (10.0, 10.0) 11.0
2 (9.0, 44.0) 35.0
3 (30.0, 47.0) 27.0
4 (21.0, 29.0) 21.0
5 (11.0, 23.0) 20.0
6 (2.0, 20.0) 50.0
7 (32.0, 35.0) 45.0
8 (5.0, 27.0) 28.0
9 (48.0, 47.0) 23.0
10 (11.0, 7.0) 23.0
11 (26.0, 36.0) 17.0
12 (48.0, 18.0) 15.0
13 (40.0, 19.0) 17.0
14 (14.0, 50.0) 10.0
15 (30.0, 10.0) 22.0
16 (15.0, 29.0) 11.0
17 (47.0, 1.0) 31.0
18 (38.0, 15.0) 32.0
19 (42.0, 31.0) 22.0
20 (0.0, 17.0) 40.0
21 (31.0, 20.0) 19.0
22 (25.0, 0.0) 33.0
23 (49.0, 37.0) 23.0
24 (7.0, 21.0) 29.0
25 (39.0, 15.0) 15.0
26 (28.0, 41.0) 22.0
27 (34.0, 40.0) 41.0
28 (11.0, 2.0) 21.0
29 (7.0, 24.0) 21.0
30 (34.0, 35.0) 14.0
31 (24.0, 41.0) 25.0
32 (29.0, 3.0) 30.0
33 (18.0, 24.0) 42.0
34 (49.0, 12.0) 12.0
35 (33.0, 6.0) 28.0
36 (25.0, 18.0) 19.0
37 (40.0, 22.0) 14.0
38 (7.0, 37.0) 50.0
39 (30.0, 46.0) 49.0
,
0 5 2 4 2 3 4 4 2 7 6 3 8 7 3 6 2 10 7 6 5 5 8 7 3 7 3 4 7 3 4 3 8 3 9 7 5 6 1 4
5 0 7 8 4 3 3 7 4 11 1 6 8 6 8 4 4 8 6 8 2 5 4 9 2 6 7 8 2 3 7 7 4 3 8 5 3 6 5 8
2 7 0 4 4 4 5 5 3 8 7 4 9 8 2 8 3 11 8 7 6 7 9 8 5 8 4 5 8 4 5 3 9 4 10 9 6 8 1 4
4 8 4 0 4 6 8 2 6 4 9 2 7 6 3 7 5 10 7 4 8 5 9 4 7 7 1 2 10 7 3 2 9 5 8 8 6 5 5 0
2 4 4 4 0 2 4 3 3 6 5 2 6 4 4 4 1 8 4 4 5 3 6 6 3 5 3 3 6 3 3 2 5 1 7 5 2 4 3 4
3 3 4 6 2 0 2 5 1 9 3 4 7 6 5 5 1 8 6 6 3 4 5 8 1 6 5 6 4 1 5 4 5 1 8 6 3 6 3 6
4 3 5 8 4 2 0 7 2 11 3 6 9 8 6 6 3 10 7 8 1 6 6 10 1 7 7 8 4 1 7 6 6 3 10 7 5 8 4 8
4 7 5 2 3 5 7 0 6 4 7 1 5 4 5 5 4 7 4 2 7 3 7 3 6 4 1 1 8 5 0 2 6 4 6 6 4 3 5 2
2 4 3 6 3 1 2 6 0 9 4 5 9 7 5 6 2 10 7 7 2 5 7 9 1 7 5 6 5 1 6 5 7 3 9 7 4 7 2 6
7 11 8 4 6 9 11 4 9 0 11 5 6 6 7 8 8 9 7 3 11 6 10 2 10 7 4 3 12 9 4 5 10 8 7 9 7 5 8 4
6 1 7 9 5 3 3 7 4 11 0 7 8 6 9 4 4 7 6 8 3 5 3 10 3 6 8 8 1 3 7 7 4 4 8 4 4 7 6 9
3 6 4 2 2 4 6 1 5 5 7 0 6 4 4 5 3 8 5 3 6 3 7 5 5 5 1 2 7 4 2 1 7 3 7 6 4 4 4 2
8 8 9 7 6 7 9 5 9 6 8 6 0 2 9 4 7 3 2 3 10 3 6 4 8 2 6 5 8 8 4 7 5 6 1 4 5 2 9 7
7 6 8 6 4 6 8 4 7 6 6 4 2 0 8 3 5 4 1 2 8 2 5 4 7 1 5 4 7 7 3 5 4 5 2 3 3 1 8 6
3 8 2 3 4 5 6 5 5 7 9 4 9 8 0 9 4 12 8 7 7 7 10 7 6 9 3 4 10 5 5 3 10 5 10 10 7 8 3 3
6 4 8 7 4 5 6 5 6 8 4 5 4 3 9 0 5 4 2 5 6 2 2 7 5 2 6 6 4 5 5 6 1 4 4 1 2 3 7 7
2 4 3 5 1 1 3 4 2 8 4 3 7 5 4 5 0 9 5 5 4 4 6 7 2 6 4 4 5 2 4 3 6 1 8 6 3 5 2 5
10 8 11 10 8 8 10 7 10 9 7 8 3 4 12 4 9 0 3 6 10 5 4 7 9 3 9 8 7 9 7 9 4 7 2 3 6 4 11 10
7 6 8 7 4 6 7 4 7 7 6 5 2 1 8 2 5 3 0 3 8 2 4 5 6 0 6 5 6 6 4 6 3 4 2 2 3 1 8 6
6 8 7 4 4 6 8 2 7 3 8 3 3 2 7 5 5 6 3 0 9 3 7 2 7 3 3 2 8 7 2 4 6 5 4 5 4 2 7 4
5 2 6 8 5 3 1 7 2 11 3 6 10 8 7 6 4 10 8 9 0 6 6 11 2 8 7 8 4 2 8 7 6 4 10 7 5 8 4 8
5 5 7 5 3 4 6 3 5 6 5 3 3 2 7 2 4 5 2 3 6 0 4 5 5 2 4 4 5 5 3 4 3 3 4 3 1 2 6 5
8 4 9 9 6 5 6 7 7 10 3 7 6 5 10 2 6 4 4 7 6 4 0 9 6 4 8 8 3 6 7 8 1 5 5 2 4 5 8 9
7 9 8 4 6 8 10 3 9 2 10 5 4 4 7 7 7 7 5 2 11 5 9 0 9 5 4 3 10 9 3 5 8 7 5 7 6 3 8 4
3 2 5 7 3 1 1 6 1 10 3 5 8 7 6 5 2 9 6 7 2 5 6 9 0 7 6 7 4 1 6 5 6 2 9 6 4 7 3 7
7 6 8 7 5 6 7 4 7 7 6 5 2 1 9 2 6 3 0 3 8 2 4 5 7 0 6 5 6 7 4 6 3 5 2 2 3 1 8 6
3 7 4 1 3 5 7 1 5 4 8 1 6 5 3 6 4 9 6 3 7 4 8 4 6 6 0 1 9 5 2 1 8 4 7 7 5 4 4 1
4 8 5 2 3 6 8 1 6 3 8 2 5 4 4 6 4 8 5 2 8 4 8 3 7 5 1 0 9 6 1 2 7 5 6 7 5 4 5 1
7 2 8 10 6 4 4 8 5 12 1 7 8 7 10 4 5 7 6 8 4 5 3 10 4 6 9 9 0 4 8 8 4 5 8 4 4 7 7 10
3 3 4 7 3 1 1 5 1 9 3 4 8 7 5 5 2 9 6 7 2 5 6 9 1 7 5 6 4 0 6 5 6 2 9 6 4 7 3 6
4 7 5 3 3 5 7 0 6 4 7 2 4 3 5 5 4 7 4 2 8 3 7 3 6 4 2 1 8 6 0 2 6 4 5 6 4 3 5 2
3 7 3 2 2 4 6 2 5 5 7 1 7 5 3 6 3 9 6 4 7 4 8 5 5 6 1 2 8 5 2 0 8 4 8 7 5 5 3 2
8 4 9 9 5 5 6 6 7 10 4 7 5 4 10 1 6 4 3 6 6 3 1 8 6 3 8 7 4 6 6 8 0 5 4 1 3 4 8 9
3 3 4 5 1 1 3 4 3 8 4 3 6 5 5 4 1 7 4 5 4 3 5 7 2 5 4 5 5 2 4 4 5 0 7 5 2 4 3 5
9 8 10 8 7 8 10 6 9 7 8 7 1 2 10 4 8 2 2 4 10 4 5 5 9 2 7 6 8 9 5 8 4 7 0 3 5 3 10 8
7 5 9 8 5 6 7 6 7 9 4 6 4 3 10 1 6 3 2 5 7 3 2 7 6 2 7 7 4 6 6 7 1 5 3 0 3 3 8 8
5 3 6 6 2 3 5 4 4 7 4 4 5 3 7 2 3 6 3 4 5 1 4 6 4 3 5 5 4 4 4 5 3 2 5 3 0 3 5 6
6 6 8 5 4 6 8 3 7 5 7 4 2 1 8 3 5 4 1 2 8 2 5 3 7 1 4 4 7 7 3 5 4 4 3 3 3 0 7 5
1 5 1 5 3 3 4 5 2 8 6 4 9 8 3 7 2 11 8 7 4 6 8 8 3 8 4 5 7 3 5 3 8 3 10 8 5 7 0 5
4 8 4 0 4 6 8 2 6 4 9 2 7 6 3 7 5 10 6 4 8 5 9 4 7 6 1 1 10 6 2 2 9 5 8 8 6 5 5 0
,
0 23 6 31 6 9 21 23 8 52 16 18 50 39 14 27 6 49 38 22 24 30 39 24 25 21 21 11 21 19 13 9 44 11 57 20 22 29 3 28
31 0 34 23 20 7 15 40 16 79 4 40 26 35 39 10 26 32 22 47 14 30 11 47 13 43 53 36 10 15 36 19 13 18 52 17 25 41 35 58
9 33 0 30 28 20 28 34 15 44 54 19 58 30 9 44 10 68 28 35 28 34 56 53 22 61 21 20 24 21 20 12 34 21 57 24 43 33 6 23
13 24 13 0 29 26 29 16 21 22 26 14 44 21 12 50 32 57 41 15 34 15 27 18 17 28 6 9 69 23 16 8 31 27 36 27 24 25 26 1
8 15 23 17 0 17 11 16 15 23 20 5 19 25 16 14 8 43 13 18 30 18 39 34 9 24 15 12 41 11 12 15 37 6 37 25 8 18 12 15
11 13 20 33 13 0 8 23 4 42 23 29 34 21 33 17 8 26 21 40 17 28 35 41 6 21 30 33 14 4 34 21 37 8 37 41 12 24 20 44
27 7 27 31 21 5 0 20 4 49 9 15 30 32 35 23 10 63 26 60 5 39 27 62 5 27 48 41 23 4 29 29 24 22 49 36 18 28 16 42
24 21 24 11 9 29 18 0 24 27 26 3 25 17 32 29 17 37 13 9 25 20 20 19 41 20 10 6 39 34 1 9 44 10 37 27 18 11 20 14
9 21 24 44 18 5 5 15 0 66 15 21 40 47 25 31 15 59 51 39 12 20 40 39 7 39 15 27 20 4 22 27 32 8 44 37 14 22 8 23
21 54 33 19 35 52 63 18 59 0 76 20 32 27 33 21 42 26 41 18 78 37 65 6 49 47 17 14 72 32 15 18 58 43 38 32 52 14 40 18
28 2 26 56 25 24 12 24 12 64 0 47 42 18 32 12 14 29 31 55 22 18 21 47 16 15 43 47 6 13 19 36 18 27 22 24 19 20 41 34
11 41 27 13 7 14 36 4 20 15 30 0 27 19 12 19 15 31 33 14 16 10 41 30 35 29 5 8 54 23 8 4 44 16 34 27 10 17 22 7
52 25 31 28 22 45 52 35 34 43 32 24 0 10 36 26 32 18 7 8 40 13 28 12 32 8 45 22 47 54 15 30 13 33 7 17 15 5 58 22
18 16 31 41 20 41 33 14 18 24 38 15 10 0 48 7 21 13 3 13 29 6 28 18 31 4 24 32 41 37 17 34 27 15 15 13 15 2 43 25
17 30 4 24 28 15 34 29 22 31 41 20 57 30 0 26 25 77 44 43 23 45 73 41 16 26 23 33 56 22 32 15 58 18 51 45 43 30 13 23
21 22 47 28 21 18 16 34 39 27 10 36 14 8 52 0 24 22 14 22 19 13 14 28 32 15 33 17 18 33 35 36 6 10 14 6 13 12 26 28
7 17 24 21 7 8 20 16 10 41 33 7 48 14 13 23 0 43 37 15 11 21 44 30 6 31 15 33 16 11 24 13 37 6 36 27 15 26 16 17
38 52 42 59 54 47 63 46 65 57 31 36 18 18 78 17 46 0 24 27 47 30 15 34 42 10 57 51 54 46 39 54 19 34 14 11 23 26 76 33
31 37 41 33 22 22 47 22 26 31 15 27 15 3 30 9 28 18 0 17 43 13 20 34 37 1 30 31 29 48 20 24 12 20 12 6 11 6 31 22
43 42 30 26 25 22 49 7 23 12 56 16 21 17 25 21 26 40 20 0 56 17 38 5 28 23 16 18 33 25 6 16 23 35 12 17 25 9 20 28
13 11 38 26 34 8 2 50 16 72 12 18 57 43 44 34 27 48 52 51 0 16 36 47 10 54 21 56 14 7 40 26 27 19 39 51 20 34 30 59
29 17 35 21 15 16 24 16 17 20 35 13 19 9 35 8 10 23 5 20 19 0 20 20 30 11 12 30 19 16 8 30 9 16 20 9 8 12 29 25
25 25 28 32 23 19 27 47 36 39 23 46 40 26 54 7 32 14 23 33 24 18 0 29 36 14 47 27 21 43 49 30 7 26 32 8 18 25 45 66
48 45 24 21 33 48 72 25 50 12 56 28 24 23 20 42 18 40 16 13 71 36 22 0 46 23 21 22 41 59 14 22 59 28 28 21 24 20 32 25
21 10 33 19 10 5 8 17 4 45 18 25 47 18 38 14 15 64 33 25 4 18 39 47 0 38 23 21 10 4 28 36 33 9 59 41 27 46 9 24
50 43 33 41 13 28 30 19 48 29 43 37 11 4 61 6 17 22 1 12 38 6 17 13 38 0 37 31 30 34 13 25 17 25 11 12 9 9 49 47
10 48 14 9 11 13 25 5 30 21 52 6 20 20 16 27 24 36 22 23 47 12 38 25 20 20 0 6 51 27 6 3 38 13 43 30 12 16 31 7
29 44 28 10 24 21 26 4 41 19 26 7 30 19 19 37 12 25 17 14 38 25 21 9 28 32 5 0 45 45 3 15 34 31 36 46 25 25 25 11
26 7 41 30 19 11 30 51 25 51 6 28 29 50 57 29 32 47 33 57 26 39 20 34 24 43 48 47 0 28 49 33 23 14 30 32 24 41 32 57
11 17 17 19 19 2 9 33 4 51 25 28 48 42 22 15 9 56 39 47 6 13 25 52 4 20 35 32 31 0 18 22 23 14 38 27 23 43 13 35
23 36 16 7 15 30 48 3 26 22 35 6 17 14 35 33 28 36 12 10 43 9 30 13 34 15 9 6 29 35 0 8 35 24 25 41 23 12 17 16
11 30 16 6 18 32 42 14 19 13 25 4 45 38 15 24 9 47 22 28 48 31 22 30 25 29 4 9 45 36 12 0 56 20 49 32 17 17 22 6
41 12 57 37 19 20 48 47 45 30 20 17 28 26 65 9 35 12 11 35 18 9 5 20 24 9 22 48 22 42 30 25 0 29 13 6 21 31 22 30
13 9 14 15 8 6 12 12 14 45 13 11 36 15 16 22 7 21 31 33 22 15 21 18 15 21 18 28 15 9 19 17 15 0 31 26 13 18 25 21
60 58 60 38 34 43 38 37 66 47 46 42 5 15 49 19 35 16 11 19 41 10 18 24 44 15 52 23 56 43 29 52 23 30 0 16 35 8 71 57
33 18 46 55 16 26 33 40 35 36 18 27 20 20 35 3 25 11 10 18 38 9 10 44 44 14 49 20 16 30 19 54 4 26 9 0 18 14 21 43
34 21 44 43 10 9 15 18 25 28 19 23 22 14 23 6 16 34 14 28 16 8 16 21 23 12 12 13 28 11 24 13 15 12 23 8 0 23 14 23
40 26 30 16 26 35 47 12 18 30 44 10 8 2 39 13 14 29 7 6 59 11 17 25 34 9 33 14 38 20 14 16 33 28 11 24 12 0 25 39
7 34 4 32 23 21 26 34 13 34 17 27 45 38 9 19 8 49 29 27 15 38 47 29 18 28 29 37 21 10 25 24 22 23 44 53 20 33 0 25
29 27 24 1 14 28 38 9 17 24 53 13 29 26 11 43 34 72 27 11 58 38 65 24 26 42 4 5 54 26 15 5 55 20 29 42 26 21 26 0