7
40
,
0 (12.0, 37.0) 31.0
1 (10.0, 10.0) 35.0
2 (9.0, 44.0) 10.0
3 (30.0, 47.0) 35.0
4 (21.0, 29.0) 26.0
5 (11.0, 23.0) 26.0
6 (2.0, 20.0) 46.0
7 (32.0, 35.0) 10.0
8 (5.0, 27.0) 12.0
9 (48.0, 47.0) 15.0
10 (11.0, 7.0) 14.0
11 (26.0, 36.0) 38.0
12 (48.0, 18.0) 24.0
13 (40.0, 19.0) 31.0
14 (14.0, 50.0) 41.0
15 (30.0, 10.0) 48.0
16 (15.0, 29.0) 45.0
17 (47.0, 1.0) 10.0
18 (38.0, 15.0) 15.0
19 (42.0, 31.0) 23.0
20 (0.0, 17.0) 42.0
21 (31.0, 20.0) 16.0
22 (25.0, 0.0) 40.0
23 (49.0, 37.0) 41.0
24 (7.0, 21.0) 16.0
25 (39.0, 15.0) 19.0
26 (28.0, 41.0) 15.0
27 (34.0, 40.0) 13.0
28 (11.0, 2.0) 10.0
29 (7.0, 24.0) 29.0
30 (34.0, 35.0) 13.0
31 (24.0, 41.0) 13.0
32 (29.0, 3.0) 13.0
33 (18.0, 24.0) 14.0
34 (49.0, 12.0) 30.0
35 (33.0, 6.0) 22.0
36 (25.0, 18.0) 15.0
37 (40.0, 22.0) 44.0
38 (7.0, 37.0) 23.0
39 (30.0, 46.0) 23.0
,
0 5 2 4 2 3 4 4 2 7 6 3 8 7 3 6 2 10 7 6 5 5 8 7 3 7 3 4 7 3 4 3 8 3 9 7 5 6 1 4
5 0 7 8 4 3 3 7 4 11 1 6 8 6 8 4 4 8 6 8 2 5 4 9 2 6 7 8 2 3 7 7 4 3 8 5 3 6 5 8
2 7 0 4 4 4 5 5 3 8 7 4 9 8 2 8 3 11 8 7 6 7 9 8 5 8 4 5 8 4 5 3 9 4 10 9 6 8 1 4
4 8 4 0 4 6 8 2 6 4 9 2 7 6 3 7 5 10 7 4 8 5 9 4 7 7 1 2 10 7 3 2 9 5 8 8 6 5 5 0
2 4 4 4 0 2 4 3 3 6 5 2 6 4 4 4 1 8 4 4 5 3 6 6 3 5 3 3 6 3 3 2 5 1 7 5 2 4 3 4
3 3 4 6 2 0 2 5 1 9 3 4 7 6 5 5 1 8 6 6 3 4 5 8 1 6 5 6 4 1 5 4 5 1 8 6 3 6 3 6
4 3 5 8 4 2 0 7 2 11 3 6 9 8 6 6 3 10 7 8 1 6 6 10 1 7 7 8 4 1 7 6 6 3 10 7 5 8 4 8
4 7 5 2 3 5 7 0 6 4 7 1 5 4 5 5 4 7 4 2 7 3 7 3 6 4 1 1 8 5 0 2 6 4 6 6 4 3 5 2
2 4 3 6 3 1 2 6 0 9 4 5 9 7 5 6 2 10 7 7 2 5 7 9 1 7 5 6 5 1 6 5 7 3 9 7 4 7 2 6
7 11 8 4 6 9 11 4 9 0 11 5 6 6 7 8 8 9 7 3 11 6 10 2 10 7 4 3 12 9 4 5 10 8 7 9 7 5 8 4
6 1 7 9 5 3 3 7 4 11 0 7 8 6 9 4 4 7 6 8 3 5 3 10 3 6 8 8 1 3 7 7 4 4 8 4 4 7 6 9
3 6 4 2 2 4 6 1 5 5 7 0 6 4 4 5 3 8 5 3 6 3 7 5 5 5 1 2 7 4 2 1 7 3 7 6 4 4 4 2
8 8 9 7 6 7 9 5 9 6 8 6 0 2 9 4 7 3 2 3 10 3 6 4 8 2 6 5 8 8 4 7 5 6 1 4 5 2 9 7
7 6 8 6 4 6 8 4 7 6 6 4 2 0 8 3 5 4 1 2 8 2 5 4 7 1 5 4 7 7 3 5 4 5 2 3 3 1 8 6
3 8 2 3 4 5 6 5 5 7 9 4 9 8 0 9 4 12 8 7 7 7 10 7 6 9 3 4 10 5 5 3 10 5 10 10 7 8 3 3
6 4 8 7 4 5 6 5 6 8 4 5 4 3 9 0 5 4 2 5 6 2 2 7 5 2 6 6 4 5 5 6 1 4 4 1 2 3 7 7
2 4 3 5 1 1 3 4 2 8 4 3 7 5 4 5 0 9 5 5 4 4 6 7 2 6 4 4 5 2 4 3 6 1 8 6 3 5 2 5
10 8 11 10 8 8 10 7 10 9 7 8 3 4 12 4 9 0 3 6 10 5 4 7 9 3 9 8 7 9 7 9 4 7 2 3 6 4 11 10
7 6 8 7 4 6 7 4 7 7 6 5 2 1 8 2 5 3 0 3 8 2 4 5 6 0 6 5 6 6 4 6 3 4 2 2 3 1 8 6
6 8 7 4 4 6 8 2 7 3 8 3 3 2 7 5 5 6 3 0 9 3 7 2 7 3 3 2 8 7 2 4 6 5 4 5 4 2 7 4
5 2 6 8 5 3 1 7 2 11 3 6 10 8 7 6 4 10 8 9 0 6 6 11 2 8 7 8 4 2 8 7 6 4 10 7 5 8 4 8
5 5 7 5 3 4 6 3 5 6 5 3 3 2 7 2 4 5 2 3 6 0 4 5 5 2 4 4 5 5 3 4 3 3 4 3 1 2 6 5
8 4 9 9 6 5 6 7 7 10 3 7 6 5 10 2 6 4 4 7 6 4 0 9 6 4 8 8 3 6 7 8 1 5 5 2 4 5 8 9
7 9 8 4 6 8 10 3 9 2 10 5 4 4 7 7 7 7 5 2 11 5 9 0 9 5 4 3 10 9 3 5 8 7 5 7 6 3 8 4
3 2 5 7 3 1 1 6 1 10 3 5 8 7 6 5 2 9 6 7 2 5 6 9 0 7 6 7 4 1 6 5 6 2 9 6 4 7 3 7
7 6 8 7 5 6 7 4 7 7 6 5 2 1 9 2 6 3 0 3 8 2 4 5 7 0 6 5 6 7 4 6 3 5 2 2 3 1 8 6
3 7 4 1 3 5 7 1 5 4 8 1 6 5 3 6 4 9 6 3 7 4 8 4 6 6 0 1 9 5 2 1 8 4 7 7 5 4 4 1
4 8 5 2 3 6 8 1 6 3 8 2 5 4 4 6 4 8 5 2 8 4 8 3 7 5 1 0 9 6 1 2 7 5 6 7 5 4 5 1
7 2 8 10 6 4 4 8 5 12 1 7 8 7 10 4 5 7 6 8 4 5 3 10 4 6 9 9 0 4 8 8 4 5 8 4 4 7 7 10
3 3 4 7 3 1 1 5 1 9 3 4 8 7 5 5 2 9 6 7 2 5 6 9 1 7 5 6 4 0 6 5 6 2 9 6 4 7 3 6
4 7 5 3 3 5 7 0 6 4 7 2 4 3 5 5 4 7 4 2 8 3 7 3 6 4 2 1 8 6 0 2 6 4 5 6 4 3 5 2
3 7 3 2 2 4 6 2 5 5 7 1 7 5 3 6 3 9 6 4 7 4 8 5 5 6 1 2 8 5 2 0 8 4 8 7 5 5 3 2
8 4 9 9 5 5 6 6 7 10 4 7 5 4 10 1 6 4 3 6 6 3 1 8 6 3 8 7 4 6 6 8 0 5 4 1 3 4 8 9
3 3 4 5 1 1 3 4 3 8 4 3 6 5 5 4 1 7 4 5 4 3 5 7 2 5 4 5 5 2 4 4 5 0 7 5 2 4 3 5
9 8 10 8 7 8 10 6 9 7 8 7 1 2 10 4 8 2 2 4 10 4 5 5 9 2 7 6 8 9 5 8 4 7 0 3 5 3 10 8
7 5 9 8 5 6 7 6 7 9 4 6 4 3 10 1 6 3 2 5 7 3 2 7 6 2 7 7 4 6 6 7 1 5 3 0 3 3 8 8
5 3 6 6 2 3 5 4 4 7 4 4 5 3 7 2 3 6 3 4 5 1 4 6 4 3 5 5 4 4 4 5 3 2 5 3 0 3 5 6
6 6 8 5 4 6 8 3 7 5 7 4 2 1 8 3 5 4 1 2 8 2 5 3 7 1 4 4 7 7 3 5 4 4 3 3 3 0 7 5
1 5 1 5 3 3 4 5 2 8 6 4 9 8 3 7 2 11 8 7 4 6 8 8 3 8 4 5 7 3 5 3 8 3 10 8 5 7 0 5
4 8 4 0 4 6 8 2 6 4 9 2 7 6 3 7 5 10 6 4 8 5 9 4 7 6 1 1 10 6 2 2 9 5 8 8 6 5 5 0
,
0 23 8 29 12 12 23 20 14 54 28 10 55 27 14 23 7 56 27 38 27 15 28 52 16 31 21 21 36 21 27 9 43 13 29 30 27 19 3 20
25 0 38 59 22 14 14 48 14 68 2 34 47 41 30 16 17 32 20 41 12 17 11 44 14 41 45 32 10 18 39 33 15 21 46 13 24 22 23 36
4 20 0 30 13 22 18 33 13 24 25 17 61 46 6 43 24 31 26 47 24 35 40 26 29 41 26 15 31 23 19 11 52 18 67 64 26 26 9 26
23 52 26 0 10 43 21 7 22 18 47 14 42 34 17 53 24 33 17 10 31 33 67 21 21 37 6 6 57 19 11 7 27 16 31 30 15 26 25 1
12 12 13 19 0 12 11 16 21 39 27 8 31 11 28 27 6 25 24 20 15 16 20 31 18 13 14 12 39 21 11 8 19 5 28 27 8 13 21 22
12 19 18 28 16 0 13 19 10 28 11 21 47 39 17 31 10 42 27 26 7 19 25 46 5 18 18 43 14 4 19 12 34 6 33 26 17 39 9 20
11 15 13 38 27 7 0 49 4 54 17 34 62 45 39 27 17 71 41 30 3 35 23 61 3 34 26 34 15 8 25 16 17 17 26 26 33 20 22 26
20 33 13 17 14 34 38 0 29 14 39 8 18 17 22 26 12 49 11 14 34 15 20 16 29 21 7 6 26 39 1 13 39 19 16 32 22 20 32 10
7 18 24 39 16 7 11 28 0 62 20 24 39 22 16 30 12 34 34 31 13 28 43 67 6 37 15 33 28 3 40 24 44 16 27 44 11 40 15 33
43 42 41 20 34 29 38 23 69 0 35 13 23 26 33 44 45 28 29 25 63 26 73 10 50 39 18 20 61 68 21 25 51 34 25 52 27 34 53 21
39 3 36 49 14 20 19 43 26 76 0 43 30 28 43 17 22 30 31 35 12 21 13 42 19 26 33 52 5 21 54 25 24 23 46 18 22 41 36 46
18 31 21 7 12 26 23 5 24 18 40 0 37 32 22 30 7 53 23 20 34 19 53 24 23 36 3 6 32 14 5 4 21 12 46 38 18 23 23 6
32 37 59 46 20 47 42 26 37 29 46 28 0 6 63 13 35 18 8 16 29 10 17 27 47 5 38 14 41 30 26 42 28 38 6 14 22 5 61 38
20 32 49 34 24 26 22 16 22 42 41 22 5 0 38 9 15 21 5 15 42 6 22 17 46 5 36 15 26 39 24 31 13 13 9 13 9 4 43 27
19 35 4 23 18 29 47 25 34 48 61 23 45 26 0 35 11 60 30 27 41 22 65 48 40 24 16 26 48 26 13 16 38 26 26 70 33 30 16 11
25 14 27 38 21 14 42 24 44 59 28 29 28 7 34 0 20 19 13 31 20 5 13 43 26 11 24 34 17 21 17 27 10 26 24 7 6 19 35 30
6 21 15 25 7 10 19 17 13 27 12 12 39 40 14 24 0 56 16 24 23 19 15 32 9 41 9 14 26 10 24 9 34 8 40 43 22 21 7 21
74 45 30 45 45 25 59 37 60 35 25 33 15 23 61 10 22 0 18 37 59 27 14 47 30 17 37 35 26 64 23 28 22 45 11 10 20 22 45 58
37 35 60 28 31 37 28 12 37 37 42 19 14 5 62 7 15 22 0 11 31 10 10 21 21 1 41 21 38 28 21 41 21 29 6 11 11 8 39 39
26 49 25 17 14 20 29 12 44 21 39 10 14 7 23 22 22 37 17 0 27 8 42 8 30 17 26 6 50 39 10 15 24 28 12 36 19 13 52 25
19 10 28 55 27 12 2 43 8 33 18 31 69 47 19 18 15 66 33 33 0 41 38 51 6 22 28 34 23 7 35 41 18 16 58 42 26 38 17 38
22 27 47 22 8 13 20 11 22 32 29 25 25 11 30 11 21 21 9 19 35 0 11 24 21 12 24 19 18 28 13 31 12 9 18 14 4 7 23 14
54 23 64 35 16 17 37 28 42 72 23 40 31 26 51 7 28 29 14 51 25 19 0 35 29 18 37 30 20 28 35 25 7 33 32 5 27 15 30 62
52 25 22 27 43 51 44 12 59 14 65 13 13 12 29 43 18 21 35 11 37 18 52 0 26 27 13 17 63 54 17 38 44 33 16 37 27 19 59 26
11 10 15 49 22 3 3 29 4 69 12 29 31 26 29 30 11 43 34 40 10 35 27 56 0 37 24 25 24 4 43 39 27 10 58 36 11 37 23 24
50 32 37 42 31 27 36 29 19 40 42 31 8 4 45 8 38 13 1 18 55 13 27 30 32 0 27 32 42 25 30 39 12 15 6 14 9 9 21 24
21 50 15 7 15 24 36 6 28 12 20 5 40 20 15 29 21 37 14 9 30 30 56 11 18 37 0 6 59 39 12 4 32 24 23 45 34 33 24 7
13 37 25 12 9 15 56 5 27 8 22 12 38 14 28 19 24 44 23 9 48 29 22 12 48 34 5 0 59 23 5 11 35 26 26 45 34 25 28 9
35 4 58 42 40 27 26 59 31 87 4 47 46 22 26 29 23 25 40 46 14 34 17 57 20 29 26 51 0 28 54 39 18 31 52 29 16 29 28 29
11 18 12 17 18 5 4 16 3 56 24 14 39 27 15 28 8 53 17 28 14 14 41 30 2 17 21 28 18 0 26 23 43 16 42 45 22 41 17 25
27 19 20 7 16 14 19 2 27 19 50 6 18 19 37 27 18 41 28 7 26 22 26 16 32 12 11 6 31 25 0 15 35 14 28 21 11 9 21 12
7 19 23 12 13 11 36 11 29 23 50 8 36 25 18 17 18 67 31 26 24 12 51 28 29 29 3 7 56 28 14 0 26 22 30 25 16 25 16 10
50 14 61 43 38 38 17 35 41 43 19 33 27 13 60 10 42 23 18 34 21 12 3 42 27 11 39 55 22 42 33 27 0 27 30 3 9 24 40 44
8 10 13 38 8 4 21 12 18 49 18 8 21 31 17 22 3 41 22 25 29 16 27 37 11 31 25 26 34 13 18 22 15 0 29 26 8 15 12 36
52 53 70 26 43 52 26 41 55 46 56 40 7 11 73 27 30 13 11 19 41 21 28 14 49 8 49 33 36 36 37 27 16 44 0 19 26 13 37 41
33 15 47 36 27 27 22 19 42 43 12 41 29 17 36 4 19 10 11 38 38 12 13 32 28 9 21 27 25 19 39 22 4 28 17 0 21 11 46 59
22 16 42 23 14 17 22 25 25 53 23 17 15 18 23 6 16 15 14 30 31 6 23 20 24 8 25 28 31 16 22 26 18 13 18 18 0 17 16 39
23 20 33 39 30 20 33 16 26 30 26 16 13 4 29 20 29 19 8 11 58 12 35 21 36 10 21 11 51 45 18 24 26 25 9 24 13 0 22 36
6 32 11 37 20 14 16 33 7 50 15 12 60 32 17 26 9 42 51 42 15 23 48 44 18 20 28 38 46 15 18 17 42 15 33 59 29 38 0 33
20 23 31 1 25 44 31 13 45 17 58 8 34 36 12 25 25 65 28 11 62 27 27 14 45 36 4 5 51 16 11 9 43 26 45 33 33 20 29 0