7
40
,
0 (12.0, 37.0) 42.0
1 (10.0, 10.0) 11.0
2 (9.0, 44.0) 28.0
3 (30.0, 47.0) 33.0
4 (21.0, 29.0) 16.0
5 (11.0, 23.0) 36.0
6 (2.0, 20.0) 45.0
7 (32.0, 35.0) 34.0
8 (5.0, 27.0) 25.0
9 (48.0, 47.0) 27.0
10 (11.0, 7.0) 27.0
11 (26.0, 36.0) 43.0
12 (48.0, 18.0) 28.0
13 (40.0, 19.0) 24.0
14 (14.0, 50.0) 11.0
15 (30.0, 10.0) 45.0
16 (15.0, 29.0) 43.0
17 (47.0, 1.0) 38.0
18 (38.0, 15.0) 35.0
19 (42.0, 31.0) 31.0
20 (0.0, 17.0) 45.0
21 (31.0, 20.0) 26.0
22 (25.0, 0.0) 27.0
23 (49.0, 37.0) 31.0
24 (7.0, 21.0) 16.0
25 (39.0, 15.0) 15.0
26 (28.0, 41.0) 11.0
27 (34.0, 40.0) 19.0
28 (11.0, 2.0) 19.0
29 (7.0, 24.0) 42.0
30 (34.0, 35.0) 13.0
31 (24.0, 41.0) 40.0
32 (29.0, 3.0) 19.0
33 (18.0, 24.0) 44.0
34 (49.0, 12.0) 14.0
35 (33.0, 6.0) 39.0
36 (25.0, 18.0) 32.0
37 (40.0, 22.0) 23.0
38 (7.0, 37.0) 31.0
39 (30.0, 46.0) 15.0
,
0 5 2 4 2 3 4 4 2 7 6 3 8 7 3 6 2 10 7 6 5 5 8 7 3 7 3 4 7 3 4 3 8 3 9 7 5 6 1 4
5 0 7 8 4 3 3 7 4 11 1 6 8 6 8 4 4 8 6 8 2 5 4 9 2 6 7 8 2 3 7 7 4 3 8 5 3 6 5 8
2 7 0 4 4 4 5 5 3 8 7 4 9 8 2 8 3 11 8 7 6 7 9 8 5 8 4 5 8 4 5 3 9 4 10 9 6 8 1 4
4 8 4 0 4 6 8 2 6 4 9 2 7 6 3 7 5 10 7 4 8 5 9 4 7 7 1 2 10 7 3 2 9 5 8 8 6 5 5 0
2 4 4 4 0 2 4 3 3 6 5 2 6 4 4 4 1 8 4 4 5 3 6 6 3 5 3 3 6 3 3 2 5 1 7 5 2 4 3 4
3 3 4 6 2 0 2 5 1 9 3 4 7 6 5 5 1 8 6 6 3 4 5 8 1 6 5 6 4 1 5 4 5 1 8 6 3 6 3 6
4 3 5 8 4 2 0 7 2 11 3 6 9 8 6 6 3 10 7 8 1 6 6 10 1 7 7 8 4 1 7 6 6 3 10 7 5 8 4 8
4 7 5 2 3 5 7 0 6 4 7 1 5 4 5 5 4 7 4 2 7 3 7 3 6 4 1 1 8 5 0 2 6 4 6 6 4 3 5 2
2 4 3 6 3 1 2 6 0 9 4 5 9 7 5 6 2 10 7 7 2 5 7 9 1 7 5 6 5 1 6 5 7 3 9 7 4 7 2 6
7 11 8 4 6 9 11 4 9 0 11 5 6 6 7 8 8 9 7 3 11 6 10 2 10 7 4 3 12 9 4 5 10 8 7 9 7 5 8 4
6 1 7 9 5 3 3 7 4 11 0 7 8 6 9 4 4 7 6 8 3 5 3 10 3 6 8 8 1 3 7 7 4 4 8 4 4 7 6 9
3 6 4 2 2 4 6 1 5 5 7 0 6 4 4 5 3 8 5 3 6 3 7 5 5 5 1 2 7 4 2 1 7 3 7 6 4 4 4 2
8 8 9 7 6 7 9 5 9 6 8 6 0 2 9 4 7 3 2 3 10 3 6 4 8 2 6 5 8 8 4 7 5 6 1 4 5 2 9 7
7 6 8 6 4 6 8 4 7 6 6 4 2 0 8 3 5 4 1 2 8 2 5 4 7 1 5 4 7 7 3 5 4 5 2 3 3 1 8 6
3 8 2 3 4 5 6 5 5 7 9 4 9 8 0 9 4 12 8 7 7 7 10 7 6 9 3 4 10 5 5 3 10 5 10 10 7 8 3 3
6 4 8 7 4 5 6 5 6 8 4 5 4 3 9 0 5 4 2 5 6 2 2 7 5 2 6 6 4 5 5 6 1 4 4 1 2 3 7 7
2 4 3 5 1 1 3 4 2 8 4 3 7 5 4 5 0 9 5 5 4 4 6 7 2 6 4 4 5 2 4 3 6 1 8 6 3 5 2 5
10 8 11 10 8 8 10 7 10 9 7 8 3 4 12 4 9 0 3 6 10 5 4 7 9 3 9 8 7 9 7 9 4 7 2 3 6 4 11 10
7 6 8 7 4 6 7 4 7 7 6 5 2 1 8 2 5 3 0 3 8 2 4 5 6 0 6 5 6 6 4 6 3 4 2 2 3 1 8 6
6 8 7 4 4 6 8 2 7 3 8 3 3 2 7 5 5 6 3 0 9 3 7 2 7 3 3 2 8 7 2 4 6 5 4 5 4 2 7 4
5 2 6 8 5 3 1 7 2 11 3 6 10 8 7 6 4 10 8 9 0 6 6 11 2 8 7 8 4 2 8 7 6 4 10 7 5 8 4 8
5 5 7 5 3 4 6 3 5 6 5 3 3 2 7 2 4 5 2 3 6 0 4 5 5 2 4 4 5 5 3 4 3 3 4 3 1 2 6 5
8 4 9 9 6 5 6 7 7 10 3 7 6 5 10 2 6 4 4 7 6 4 0 9 6 4 8 8 3 6 7 8 1 5 5 2 4 5 8 9
7 9 8 4 6 8 10 3 9 2 10 5 4 4 7 7 7 7 5 2 11 5 9 0 9 5 4 3 10 9 3 5 8 7 5 7 6 3 8 4
3 2 5 7 3 1 1 6 1 10 3 5 8 7 6 5 2 9 6 7 2 5 6 9 0 7 6 7 4 1 6 5 6 2 9 6 4 7 3 7
7 6 8 7 5 6 7 4 7 7 6 5 2 1 9 2 6 3 0 3 8 2 4 5 7 0 6 5 6 7 4 6 3 5 2 2 3 1 8 6
3 7 4 1 3 5 7 1 5 4 8 1 6 5 3 6 4 9 6 3 7 4 8 4 6 6 0 1 9 5 2 1 8 4 7 7 5 4 4 1
4 8 5 2 3 6 8 1 6 3 8 2 5 4 4 6 4 8 5 2 8 4 8 3 7 5 1 0 9 6 1 2 7 5 6 7 5 4 5 1
7 2 8 10 6 4 4 8 5 12 1 7 8 7 10 4 5 7 6 8 4 5 3 10 4 6 9 9 0 4 8 8 4 5 8 4 4 7 7 10
3 3 4 7 3 1 1 5 1 9 3 4 8 7 5 5 2 9 6 7 2 5 6 9 1 7 5 6 4 0 6 5 6 2 9 6 4 7 3 6
4 7 5 3 3 5 7 0 6 4 7 2 4 3 5 5 4 7 4 2 8 3 7 3 6 4 2 1 8 6 0 2 6 4 5 6 4 3 5 2
3 7 3 2 2 4 6 2 5 5 7 1 7 5 3 6 3 9 6 4 7 4 8 5 5 6 1 2 8 5 2 0 8 4 8 7 5 5 3 2
8 4 9 9 5 5 6 6 7 10 4 7 5 4 10 1 6 4 3 6 6 3 1 8 6 3 8 7 4 6 6 8 0 5 4 1 3 4 8 9
3 3 4 5 1 1 3 4 3 8 4 3 6 5 5 4 1 7 4 5 4 3 5 7 2 5 4 5 5 2 4 4 5 0 7 5 2 4 3 5
9 8 10 8 7 8 10 6 9 7 8 7 1 2 10 4 8 2 2 4 10 4 5 5 9 2 7 6 8 9 5 8 4 7 0 3 5 3 10 8
7 5 9 8 5 6 7 6 7 9 4 6 4 3 10 1 6 3 2 5 7 3 2 7 6 2 7 7 4 6 6 7 1 5 3 0 3 3 8 8
5 3 6 6 2 3 5 4 4 7 4 4 5 3 7 2 3 6 3 4 5 1 4 6 4 3 5 5 4 4 4 5 3 2 5 3 0 3 5 6
6 6 8 5 4 6 8 3 7 5 7 4 2 1 8 3 5 4 1 2 8 2 5 3 7 1 4 4 7 7 3 5 4 4 3 3 3 0 7 5
1 5 1 5 3 3 4 5 2 8 6 4 9 8 3 7 2 11 8 7 4 6 8 8 3 8 4 5 7 3 5 3 8 3 10 8 5 7 0 5
4 8 4 0 4 6 8 2 6 4 9 2 7 6 3 7 5 10 6 4 8 5 9 4 7 6 1 1 10 6 2 2 9 5 8 8 6 5 5 0
,
0 15 4 17 14 19 16 13 8 46 26 9 57 30 14 23 5 50 39 17 34 18 28 32 10 44 22 16 36 14 30 16 36 13 43 26 29 47 5 30
17 0 46 25 17 10 11 22 19 53 2 29 38 38 54 18 16 24 25 35 13 25 21 56 10 33 21 45 6 20 32 28 24 14 21 29 19 20 41 22
11 50 0 13 14 30 13 28 20 33 51 19 65 47 11 57 16 31 28 47 25 26 32 49 27 27 28 33 58 14 19 9 39 23 61 57 37 36 8 31
21 26 15 0 17 44 46 6 42 16 65 7 37 37 18 44 13 59 25 12 44 38 55 27 21 38 4 6 66 33 14 4 60 30 56 59 27 24 20 1
10 20 20 20 0 14 11 7 22 39 21 11 21 25 30 30 7 25 26 22 25 10 39 23 23 11 9 11 29 9 17 8 39 9 23 25 8 17 17 18
11 9 12 23 7 0 7 26 7 23 9 15 53 15 17 23 4 24 16 46 9 17 17 50 6 19 33 31 23 3 16 14 16 8 23 15 16 22 13 37
28 9 14 27 30 6 0 34 7 73 19 38 26 39 28 41 13 30 27 36 2 21 29 44 3 32 17 52 22 4 33 41 37 17 54 27 29 42 11 33
29 47 32 13 9 24 48 0 17 18 35 4 35 25 31 32 20 38 26 8 38 22 32 22 34 20 8 8 23 33 2 6 20 16 17 29 14 9 33 17
10 14 10 35 14 10 4 32 0 40 23 12 58 33 18 31 8 69 45 36 11 28 44 29 6 39 22 43 28 5 38 32 17 13 50 21 22 50 13 22
25 46 31 13 18 27 42 13 33 0 39 32 27 32 22 54 23 31 37 24 78 33 39 8 68 39 18 19 39 51 14 32 45 39 47 60 36 34 52 27
32 3 26 50 29 13 14 27 12 39 0 37 41 24 28 11 31 21 41 43 16 28 23 27 14 34 41 56 7 18 36 32 25 10 55 12 14 35 28 61
13 35 14 10 11 19 38 7 15 17 35 0 18 13 17 17 17 27 16 20 23 16 20 16 12 15 8 13 44 21 8 3 27 13 22 16 17 24 11 5
40 58 36 38 29 44 38 34 53 24 28 24 0 12 52 12 40 21 14 8 39 15 21 21 24 13 34 20 57 39 27 46 17 37 9 20 17 5 41 37
20 23 43 35 29 25 46 17 19 27 26 24 8 0 50 9 31 11 6 18 35 9 13 20 23 3 36 28 46 21 17 19 23 17 17 9 14 4 43 22
9 38 7 19 11 41 40 20 35 30 24 12 43 51 0 60 18 32 31 29 21 47 67 31 19 65 23 32 37 17 32 17 30 13 40 28 22 30 11 9
25 17 56 33 11 27 16 29 36 41 19 34 17 18 39 0 33 27 9 16 30 14 7 30 31 8 24 37 27 32 26 39 9 16 26 3 7 21 21 50
11 21 19 34 8 4 10 22 13 46 16 17 21 27 25 15 0 53 24 30 16 27 19 29 12 22 14 15 36 12 16 22 31 6 27 35 22 35 8 24
57 53 76 60 44 62 72 41 54 32 45 32 17 25 88 23 51 0 10 29 66 37 13 50 23 15 47 40 38 43 33 59 25 35 16 11 20 23 54 40
50 41 28 37 17 39 26 16 50 47 32 27 6 7 25 7 32 8 0 12 52 12 24 32 31 1 25 19 38 25 13 39 11 32 9 13 16 4 28 24
17 50 41 29 29 37 34 8 55 10 27 12 14 13 20 20 35 19 9 0 49 23 39 11 45 23 14 17 30 20 12 17 40 17 10 18 19 6 30 13
21 13 42 24 26 17 3 23 14 57 19 18 52 49 36 17 15 59 48 40 0 46 24 34 11 25 20 41 21 6 46 24 38 11 36 22 27 51 15 56
23 14 34 17 10 19 32 18 14 20 21 23 18 12 26 11 10 27 5 14 27 0 29 14 28 13 27 15 17 30 13 13 24 19 24 21 5 6 21 30
25 14 49 68 15 37 44 29 21 72 21 31 30 22 33 7 17 29 24 45 42 16 0 46 36 30 60 47 9 25 52 59 3 19 24 6 11 27 39 47
46 34 29 29 24 23 46 10 23 8 26 27 12 23 39 46 49 26 13 8 75 17 41 0 44 24 16 15 34 30 22 34 32 31 19 39 46 19 49 18
25 11 31 22 20 5 7 40 4 50 14 13 30 23 23 20 13 32 44 40 10 29 40 56 0 47 19 27 26 4 24 15 30 16 50 16 14 36 12 32
34 42 38 39 14 25 34 17 28 18 26 36 14 4 56 7 36 9 1 23 56 10 18 33 30 0 30 27 27 20 27 23 23 31 14 10 16 8 21 41
17 28 18 9 20 37 45 7 20 15 45 7 25 28 20 26 11 58 21 20 26 12 31 19 43 38 0 9 37 21 6 5 33 10 33 41 24 20 19 8
21 53 20 8 24 31 33 5 38 14 52 11 14 28 18 35 17 24 36 13 26 20 57 17 43 23 4 0 63 24 3 7 33 25 45 46 17 18 31 4
38 9 40 35 42 12 20 38 34 57 4 21 53 30 43 24 20 39 23 30 10 40 7 64 26 45 52 25 0 18 50 32 26 34 26 22 28 27 28 42
20 11 20 46 12 5 8 35 5 60 9 26 45 20 38 16 13 57 25 31 14 35 22 26 3 41 37 28 12 0 37 35 42 8 40 30 19 18 16 22
13 33 26 18 15 31 35 2 39 26 54 9 15 17 21 32 20 42 29 6 52 11 53 21 41 24 7 6 34 19 0 7 21 13 28 37 12 12 33 10
15 38 16 5 9 22 17 10 13 15 27 5 44 19 16 41 22 54 20 28 26 29 42 18 25 41 4 15 36 19 8 0 48 17 42 46 33 29 16 4
53 17 34 25 40 29 22 38 25 30 9 46 18 17 34 7 27 20 17 25 41 13 5 33 28 11 40 23 22 32 43 33 0 22 17 4 18 31 39 22
13 23 24 26 6 9 24 11 7 29 26 14 27 25 37 16 7 52 16 17 19 17 27 18 13 16 27 23 34 11 26 25 14 0 20 15 8 16 24 18
34 27 30 44 27 28 56 27 62 22 54 32 3 6 35 25 46 11 9 12 54 26 28 13 46 12 46 41 32 33 34 25 19 39 0 12 14 14 63 36
49 27 40 35 38 20 45 29 26 37 13 38 28 16 26 5 27 8 13 16 28 11 11 22 44 8 46 19 32 43 24 46 7 13 17 0 21 20 56 59
33 9 18 43 11 16 28 21 14 48 22 14 17 8 47 14 16 35 17 12 21 8 26 18 26 12 22 24 27 13 25 31 20 8 36 15 0 18 34 39
25 36 43 35 18 32 33 19 24 24 27 28 8 3 22 11 30 33 6 10 48 6 37 19 48 9 31 24 52 48 16 27 14 14 14 18 13 0 28 17
3 28 5 23 12 14 14 25 13 60 28 17 54 30 12 37 12 52 51 21 11 22 24 24 21 53 31 26 37 19 22 11 61 10 44 48 20 37 0 27
17 28 18 1 21 41 27 15 41 25 48 8 33 21 12 41 32 52 27 17 35 26 29 15 28 35 6 8 63 20 9 10 39 29 37 34 29 37 16 0