7
40
,
0 (12.0, 37.0) 25.0
1 (10.0, 10.0) 33.0
2 (9.0, 44.0) 25.0
3 (30.0, 47.0) 18.0
4 (21.0, 29.0) 16.0
5 (11.0, 23.0) 36.0
6 (2.0, 20.0) 15.0
7 (32.0, 35.0) 45.0
8 (5.0, 27.0) 10.0
9 (48.0, 47.0) 16.0
10 (11.0, 7.0) 39.0
11 (26.0, 36.0) 19.0
12 (48.0, 18.0) 12.0
13 (40.0, 19.0) 28.0
14 (14.0, 50.0) 32.0
15 (30.0, 10.0) 12.0
16 (15.0, 29.0) 33.0
17 (47.0, 1.0) 15.0
18 (38.0, 15.0) 14.0
19 (42.0, 31.0) 44.0
20 (0.0, 17.0) 31.0
21 (31.0, 20.0) 18.0
22 (25.0, 0.0) 11.0
23 (49.0, 37.0) 40.0
24 (7.0, 21.0) 21.0
25 (39.0, 15.0) 24.0
26 (28.0, 41.0) 24.0
27 (34.0, 40.0) 49.0
28 (11.0, 2.0) 27.0
29 (7.0, 24.0) 20.0
30 (34.0, 35.0) 13.0
31 (24.0, 41.0) 43.0
32 (29.0, 3.0) 22.0
33 (18.0, 24.0) 16.0
34 (49.0, 12.0) 30.0
35 (33.0, 6.0) 33.0
36 (25.0, 18.0) 13.0
37 (40.0, 22.0) 23.0
38 (7.0, 37.0) 38.0
39 (30.0, 46.0) 13.0
,
0 5 2 4 2 3 4 4 2 7 6 3 8 7 3 6 2 10 7 6 5 5 8 7 3 7 3 4 7 3 4 3 8 3 9 7 5 6 1 4
5 0 7 8 4 3 3 7 4 11 1 6 8 6 8 4 4 8 6 8 2 5 4 9 2 6 7 8 2 3 7 7 4 3 8 5 3 6 5 8
2 7 0 4 4 4 5 5 3 8 7 4 9 8 2 8 3 11 8 7 6 7 9 8 5 8 4 5 8 4 5 3 9 4 10 9 6 8 1 4
4 8 4 0 4 6 8 2 6 4 9 2 7 6 3 7 5 10 7 4 8 5 9 4 7 7 1 2 10 7 3 2 9 5 8 8 6 5 5 0
2 4 4 4 0 2 4 3 3 6 5 2 6 4 4 4 1 8 4 4 5 3 6 6 3 5 3 3 6 3 3 2 5 1 7 5 2 4 3 4
3 3 4 6 2 0 2 5 1 9 3 4 7 6 5 5 1 8 6 6 3 4 5 8 1 6 5 6 4 1 5 4 5 1 8 6 3 6 3 6
4 3 5 8 4 2 0 7 2 11 3 6 9 8 6 6 3 10 7 8 1 6 6 10 1 7 7 8 4 1 7 6 6 3 10 7 5 8 4 8
4 7 5 2 3 5 7 0 6 4 7 1 5 4 5 5 4 7 4 2 7 3 7 3 6 4 1 1 8 5 0 2 6 4 6 6 4 3 5 2
2 4 3 6 3 1 2 6 0 9 4 5 9 7 5 6 2 10 7 7 2 5 7 9 1 7 5 6 5 1 6 5 7 3 9 7 4 7 2 6
7 11 8 4 6 9 11 4 9 0 11 5 6 6 7 8 8 9 7 3 11 6 10 2 10 7 4 3 12 9 4 5 10 8 7 9 7 5 8 4
6 1 7 9 5 3 3 7 4 11 0 7 8 6 9 4 4 7 6 8 3 5 3 10 3 6 8 8 1 3 7 7 4 4 8 4 4 7 6 9
3 6 4 2 2 4 6 1 5 5 7 0 6 4 4 5 3 8 5 3 6 3 7 5 5 5 1 2 7 4 2 1 7 3 7 6 4 4 4 2
8 8 9 7 6 7 9 5 9 6 8 6 0 2 9 4 7 3 2 3 10 3 6 4 8 2 6 5 8 8 4 7 5 6 1 4 5 2 9 7
7 6 8 6 4 6 8 4 7 6 6 4 2 0 8 3 5 4 1 2 8 2 5 4 7 1 5 4 7 7 3 5 4 5 2 3 3 1 8 6
3 8 2 3 4 5 6 5 5 7 9 4 9 8 0 9 4 12 8 7 7 7 10 7 6 9 3 4 10 5 5 3 10 5 10 10 7 8 3 3
6 4 8 7 4 5 6 5 6 8 4 5 4 3 9 0 5 4 2 5 6 2 2 7 5 2 6 6 4 5 5 6 1 4 4 1 2 3 7 7
2 4 3 5 1 1 3 4 2 8 4 3 7 5 4 5 0 9 5 5 4 4 6 7 2 6 4 4 5 2 4 3 6 1 8 6 3 5 2 5
10 8 11 10 8 8 10 7 10 9 7 8 3 4 12 4 9 0 3 6 10 5 4 7 9 3 9 8 7 9 7 9 4 7 2 3 6 4 11 10
7 6 8 7 4 6 7 4 7 7 6 5 2 1 8 2 5 3 0 3 8 2 4 5 6 0 6 5 6 6 4 6 3 4 2 2 3 1 8 6
6 8 7 4 4 6 8 2 7 3 8 3 3 2 7 5 5 6 3 0 9 3 7 2 7 3 3 2 8 7 2 4 6 5 4 5 4 2 7 4
5 2 6 8 5 3 1 7 2 11 3 6 10 8 7 6 4 10 8 9 0 6 6 11 2 8 7 8 4 2 8 7 6 4 10 7 5 8 4 8
5 5 7 5 3 4 6 3 5 6 5 3 3 2 7 2 4 5 2 3 6 0 4 5 5 2 4 4 5 5 3 4 3 3 4 3 1 2 6 5
8 4 9 9 6 5 6 7 7 10 3 7 6 5 10 2 6 4 4 7 6 4 0 9 6 4 8 8 3 6 7 8 1 5 5 2 4 5 8 9
7 9 8 4 6 8 10 3 9 2 10 5 4 4 7 7 7 7 5 2 11 5 9 0 9 5 4 3 10 9 3 5 8 7 5 7 6 3 8 4
3 2 5 7 3 1 1 6 1 10 3 5 8 7 6 5 2 9 6 7 2 5 6 9 0 7 6 7 4 1 6 5 6 2 9 6 4 7 3 7
7 6 8 7 5 6 7 4 7 7 6 5 2 1 9 2 6 3 0 3 8 2 4 5 7 0 6 5 6 7 4 6 3 5 2 2 3 1 8 6
3 7 4 1 3 5 7 1 5 4 8 1 6 5 3 6 4 9 6 3 7 4 8 4 6 6 0 1 9 5 2 1 8 4 7 7 5 4 4 1
4 8 5 2 3 6 8 1 6 3 8 2 5 4 4 6 4 8 5 2 8 4 8 3 7 5 1 0 9 6 1 2 7 5 6 7 5 4 5 1
7 2 8 10 6 4 4 8 5 12 1 7 8 7 10 4 5 7 6 8 4 5 3 10 4 6 9 9 0 4 8 8 4 5 8 4 4 7 7 10
3 3 4 7 3 1 1 5 1 9 3 4 8 7 5 5 2 9 6 7 2 5 6 9 1 7 5 6 4 0 6 5 6 2 9 6 4 7 3 6
4 7 5 3 3 5 7 0 6 4 7 2 4 3 5 5 4 7 4 2 8 3 7 3 6 4 2 1 8 6 0 2 6 4 5 6 4 3 5 2
3 7 3 2 2 4 6 2 5 5 7 1 7 5 3 6 3 9 6 4 7 4 8 5 5 6 1 2 8 5 2 0 8 4 8 7 5 5 3 2
8 4 9 9 5 5 6 6 7 10 4 7 5 4 10 1 6 4 3 6 6 3 1 8 6 3 8 7 4 6 6 8 0 5 4 1 3 4 8 9
3 3 4 5 1 1 3 4 3 8 4 3 6 5 5 4 1 7 4 5 4 3 5 7 2 5 4 5 5 2 4 4 5 0 7 5 2 4 3 5
9 8 10 8 7 8 10 6 9 7 8 7 1 2 10 4 8 2 2 4 10 4 5 5 9 2 7 6 8 9 5 8 4 7 0 3 5 3 10 8
7 5 9 8 5 6 7 6 7 9 4 6 4 3 10 1 6 3 2 5 7 3 2 7 6 2 7 7 4 6 6 7 1 5 3 0 3 3 8 8
5 3 6 6 2 3 5 4 4 7 4 4 5 3 7 2 3 6 3 4 5 1 4 6 4 3 5 5 4 4 4 5 3 2 5 3 0 3 5 6
6 6 8 5 4 6 8 3 7 5 7 4 2 1 8 3 5 4 1 2 8 2 5 3 7 1 4 4 7 7 3 5 4 4 3 3 3 0 7 5
1 5 1 5 3 3 4 5 2 8 6 4 9 8 3 7 2 11 8 7 4 6 8 8 3 8 4 5 7 3 5 3 8 3 10 8 5 7 0 5
4 8 4 0 4 6 8 2 6 4 9 2 7 6 3 7 5 10 6 4 8 5 9 4 7 6 1 1 10 6 2 2 9 5 8 8 6 5 5 0
,
0 15 7 22 10 19 23 23 13 40 44 12 50 27 15 31 5 41 43 23 14 26 21 37 12 28 19 22 21 17 11 19 40 7 46 56 12 45 6 27
37 0 41 41 17 12 11 26 22 49 4 44 31 27 32 27 15 21 42 36 14 13 23 71 14 32 34 23 11 9 31 47 18 19 57 32 20 23 18 42
4 23 0 18 10 16 18 32 25 42 34 11 49 59 6 48 12 80 42 27 19 16 31 53 14 53 23 17 45 12 38 15 65 31 68 54 30 35 4 18
27 34 24 0 23 32 47 10 28 12 50 14 42 24 21 42 16 55 48 22 51 24 50 16 33 28 4 8 41 31 18 12 62 14 44 45 22 17 15 1
13 18 19 15 0 8 24 9 21 37 18 7 41 18 21 24 5 42 15 26 23 15 22 23 12 13 14 14 31 14 14 8 15 8 21 38 14 15 19 23
18 8 23 27 15 0 9 35 11 26 17 13 47 39 17 13 7 57 19 21 16 29 29 36 5 21 30 37 31 3 15 11 36 7 54 31 19 26 8 42
24 8 19 46 14 14 0 39 6 56 10 26 27 43 27 42 16 30 37 52 5 32 38 42 5 52 31 47 22 5 44 35 28 19 71 43 28 57 21 31
14 30 17 7 19 21 48 0 39 23 28 8 26 10 18 36 17 24 12 6 55 20 43 11 41 21 11 6 28 26 2 13 34 26 36 22 22 15 27 12
6 23 18 25 18 4 8 18 0 31 14 16 31 29 13 29 7 37 28 51 16 29 21 45 9 29 27 34 18 3 18 18 33 10 43 33 18 51 14 32
19 43 48 14 44 46 30 21 63 0 81 19 27 33 34 22 19 41 24 18 40 30 59 9 66 46 15 16 84 51 14 34 43 20 49 48 22 18 45 19
42 3 42 34 36 9 16 22 18 33 0 41 47 30 49 23 33 43 16 20 20 30 22 39 9 17 36 48 3 10 45 48 17 13 51 14 20 32 29 37
10 16 13 16 10 26 36 3 22 15 22 0 36 19 21 29 17 46 19 16 37 8 34 21 19 15 3 9 50 29 12 5 22 18 25 34 15 10 25 16
41 28 42 50 28 20 61 28 57 18 27 26 0 11 34 17 31 18 15 15 66 20 31 24 53 6 36 25 60 49 28 34 30 33 7 21 18 9 50 20
46 32 43 23 24 20 27 17 50 32 46 23 7 0 31 15 25 28 6 17 45 11 29 17 24 6 29 23 35 40 19 38 24 18 15 11 18 2 50 15
10 54 6 22 21 39 46 19 16 27 27 13 37 32 0 37 27 48 36 36 20 25 49 25 44 50 24 17 71 27 15 17 38 37 49 48 35 25 21 9
20 18 32 55 15 32 25 36 28 23 12 24 26 9 41 0 26 16 6 21 37 10 12 24 33 15 20 41 13 27 14 36 6 11 18 7 13 22 36 49
11 27 24 24 5 9 14 13 12 43 22 14 18 17 25 29 0 31 31 19 13 17 16 23 14 30 24 26 32 10 19 16 35 6 57 18 22 32 8 22
29 24 39 29 31 47 53 38 29 30 33 48 17 14 31 24 34 0 24 43 58 18 25 29 32 8 51 29 52 59 54 53 22 27 10 11 15 23 76 65
19 22 42 40 12 37 37 11 30 26 15 25 12 6 57 14 25 22 0 18 21 9 22 32 30 1 17 38 38 20 11 20 21 23 7 10 7 9 27 43
45 34 25 15 18 35 41 7 42 23 43 14 19 9 44 19 18 24 18 0 47 16 19 11 30 20 11 14 34 27 11 20 24 13 10 28 26 13 52 10
32 14 39 40 18 17 2 55 8 31 17 25 36 45 41 16 20 74 30 46 0 26 24 65 8 49 35 56 22 9 54 29 41 27 54 47 14 45 16 44
25 16 32 19 20 11 38 9 27 20 13 9 16 9 24 5 23 31 7 9 32 0 30 36 26 12 21 25 18 28 12 21 14 19 29 17 9 9 31 15
34 20 28 69 39 27 26 31 17 27 18 48 43 31 51 6 46 19 26 21 38 19 0 58 26 22 33 58 13 28 50 53 3 36 22 6 17 24 60 55
21 50 32 28 28 30 47 16 65 6 45 21 13 29 28 40 33 41 24 10 70 30 46 0 31 21 31 16 45 54 15 24 22 40 32 39 41 19 62 22
18 8 20 45 24 4 6 20 6 38 10 24 43 17 22 34 14 37 46 21 12 14 15 33 0 32 24 32 24 4 30 30 38 9 42 25 19 33 19 28
36 28 26 45 15 28 51 26 42 47 39 21 10 6 47 11 39 20 1 9 45 8 27 14 43 0 26 23 45 18 10 34 21 29 5 16 21 8 35 17
18 44 12 9 15 32 45 6 38 28 54 3 18 37 10 25 16 31 15 9 30 27 35 27 27 19 0 7 46 28 11 4 56 26 38 41 25 16 18 5
15 40 34 9 23 28 33 7 39 12 44 5 15 30 22 36 30 48 13 8 41 10 33 14 24 32 8 0 37 41 3 9 55 21 29 18 29 16 33 4
40 9 55 31 38 23 15 37 33 33 6 46 59 40 31 19 15 28 31 31 25 19 13 30 10 24 25 58 0 29 36 60 14 25 57 27 19 21 31 37
13 15 12 19 17 3 8 41 4 68 18 15 54 39 28 14 6 30 46 40 11 24 44 48 3 46 35 25 26 0 16 27 32 14 33 34 28 21 7 20
27 32 39 18 19 19 24 1 40 20 23 6 25 20 14 17 17 39 12 12 33 19 44 20 35 29 7 3 40 30 0 15 30 21 41 17 22 20 39 9
12 46 11 4 8 29 36 13 23 13 53 5 34 23 10 34 17 25 40 12 47 19 32 18 34 35 3 7 31 18 10 0 41 13 27 47 15 23 14 4
29 29 30 34 31 39 39 20 27 34 22 22 22 21 57 7 22 17 12 32 28 23 4 52 26 15 54 46 24 41 34 25 0 35 25 5 12 11 34 57
11 18 22 26 8 6 9 14 13 31 13 8 26 30 23 22 7 19 16 37 15 11 17 32 9 26 11 28 30 15 24 22 31 0 21 15 12 23 13 36
27 53 45 46 25 43 55 33 24 48 25 24 8 14 61 13 36 8 8 18 32 25 16 37 47 10 25 46 24 59 29 31 15 26 0 22 29 19 52 53
27 12 32 28 33 38 32 15 40 24 23 19 11 13 29 3 35 20 12 36 41 8 13 34 19 11 23 43 18 27 43 28 3 27 22 0 10 10 47 22
15 12 23 17 7 19 28 17 20 19 22 26 32 14 32 11 18 39 14 29 23 7 11 30 11 17 27 18 19 26 23 32 21 5 16 20 0 10 20 25
40 32 44 38 16 38 46 16 20 25 23 15 13 3 37 15 22 25 5 14 58 7 38 12 17 6 21 24 27 35 18 21 13 22 14 21 19 0 20 26
3 31 8 21 24 21 26 26 10 45 29 19 24 33 10 43 16 54 43 30 24 15 51 39 22 39 17 29 48 7 25 23 44 24 34 60 23 24 0 35
21 35 22 1 27 44 39 14 43 21 45 9 46 40 20 20 16 54 46 16 59 18 30 20 47 20 4 6 29 41 10 8 33 34 48 27 24 27 28 0