7
40
,
0 (12.0, 37.0) 11.0
1 (10.0, 10.0) 23.0
2 (9.0, 44.0) 42.0
3 (30.0, 47.0) 10.0
4 (21.0, 29.0) 46.0
5 (11.0, 23.0) 26.0
6 (2.0, 20.0) 40.0
7 (32.0, 35.0) 24.0
8 (5.0, 27.0) 46.0
9 (48.0, 47.0) 36.0
10 (11.0, 7.0) 15.0
11 (26.0, 36.0) 37.0
12 (48.0, 18.0) 45.0
13 (40.0, 19.0) 21.0
14 (14.0, 50.0) 11.0
15 (30.0, 10.0) 28.0
16 (15.0, 29.0) 14.0
17 (47.0, 1.0) 17.0
18 (38.0, 15.0) 50.0
19 (42.0, 31.0) 31.0
20 (0.0, 17.0) 29.0
21 (31.0, 20.0) 20.0
22 (25.0, 0.0) 14.0
23 (49.0, 37.0) 24.0
24 (7.0, 21.0) 23.0
25 (39.0, 15.0) 45.0
26 (28.0, 41.0) 39.0
27 (34.0, 40.0) 10.0
28 (11.0, 2.0) 47.0
29 (7.0, 24.0) 18.0
30 (34.0, 35.0) 36.0
31 (24.0, 41.0) 12.0
32 (29.0, 3.0) 16.0
33 (18.0, 24.0) 13.0
34 (49.0, 12.0) 33.0
35 (33.0, 6.0) 28.0
36 (25.0, 18.0) 31.0
37 (40.0, 22.0) 42.0
38 (7.0, 37.0) 10.0
39 (30.0, 46.0) 21.0
,
0 5 2 4 2 3 4 4 2 7 6 3 8 7 3 6 2 10 7 6 5 5 8 7 3 7 3 4 7 3 4 3 8 3 9 7 5 6 1 4
5 0 7 8 4 3 3 7 4 11 1 6 8 6 8 4 4 8 6 8 2 5 4 9 2 6 7 8 2 3 7 7 4 3 8 5 3 6 5 8
2 7 0 4 4 4 5 5 3 8 7 4 9 8 2 8 3 11 8 7 6 7 9 8 5 8 4 5 8 4 5 3 9 4 10 9 6 8 1 4
4 8 4 0 4 6 8 2 6 4 9 2 7 6 3 7 5 10 7 4 8 5 9 4 7 7 1 2 10 7 3 2 9 5 8 8 6 5 5 0
2 4 4 4 0 2 4 3 3 6 5 2 6 4 4 4 1 8 4 4 5 3 6 6 3 5 3 3 6 3 3 2 5 1 7 5 2 4 3 4
3 3 4 6 2 0 2 5 1 9 3 4 7 6 5 5 1 8 6 6 3 4 5 8 1 6 5 6 4 1 5 4 5 1 8 6 3 6 3 6
4 3 5 8 4 2 0 7 2 11 3 6 9 8 6 6 3 10 7 8 1 6 6 10 1 7 7 8 4 1 7 6 6 3 10 7 5 8 4 8
4 7 5 2 3 5 7 0 6 4 7 1 5 4 5 5 4 7 4 2 7 3 7 3 6 4 1 1 8 5 0 2 6 4 6 6 4 3 5 2
2 4 3 6 3 1 2 6 0 9 4 5 9 7 5 6 2 10 7 7 2 5 7 9 1 7 5 6 5 1 6 5 7 3 9 7 4 7 2 6
7 11 8 4 6 9 11 4 9 0 11 5 6 6 7 8 8 9 7 3 11 6 10 2 10 7 4 3 12 9 4 5 10 8 7 9 7 5 8 4
6 1 7 9 5 3 3 7 4 11 0 7 8 6 9 4 4 7 6 8 3 5 3 10 3 6 8 8 1 3 7 7 4 4 8 4 4 7 6 9
3 6 4 2 2 4 6 1 5 5 7 0 6 4 4 5 3 8 5 3 6 3 7 5 5 5 1 2 7 4 2 1 7 3 7 6 4 4 4 2
8 8 9 7 6 7 9 5 9 6 8 6 0 2 9 4 7 3 2 3 10 3 6 4 8 2 6 5 8 8 4 7 5 6 1 4 5 2 9 7
7 6 8 6 4 6 8 4 7 6 6 4 2 0 8 3 5 4 1 2 8 2 5 4 7 1 5 4 7 7 3 5 4 5 2 3 3 1 8 6
3 8 2 3 4 5 6 5 5 7 9 4 9 8 0 9 4 12 8 7 7 7 10 7 6 9 3 4 10 5 5 3 10 5 10 10 7 8 3 3
6 4 8 7 4 5 6 5 6 8 4 5 4 3 9 0 5 4 2 5 6 2 2 7 5 2 6 6 4 5 5 6 1 4 4 1 2 3 7 7
2 4 3 5 1 1 3 4 2 8 4 3 7 5 4 5 0 9 5 5 4 4 6 7 2 6 4 4 5 2 4 3 6 1 8 6 3 5 2 5
10 8 11 10 8 8 10 7 10 9 7 8 3 4 12 4 9 0 3 6 10 5 4 7 9 3 9 8 7 9 7 9 4 7 2 3 6 4 11 10
7 6 8 7 4 6 7 4 7 7 6 5 2 1 8 2 5 3 0 3 8 2 4 5 6 0 6 5 6 6 4 6 3 4 2 2 3 1 8 6
6 8 7 4 4 6 8 2 7 3 8 3 3 2 7 5 5 6 3 0 9 3 7 2 7 3 3 2 8 7 2 4 6 5 4 5 4 2 7 4
5 2 6 8 5 3 1 7 2 11 3 6 10 8 7 6 4 10 8 9 0 6 6 11 2 8 7 8 4 2 8 7 6 4 10 7 5 8 4 8
5 5 7 5 3 4 6 3 5 6 5 3 3 2 7 2 4 5 2 3 6 0 4 5 5 2 4 4 5 5 3 4 3 3 4 3 1 2 6 5
8 4 9 9 6 5 6 7 7 10 3 7 6 5 10 2 6 4 4 7 6 4 0 9 6 4 8 8 3 6 7 8 1 5 5 2 4 5 8 9
7 9 8 4 6 8 10 3 9 2 10 5 4 4 7 7 7 7 5 2 11 5 9 0 9 5 4 3 10 9 3 5 8 7 5 7 6 3 8 4
3 2 5 7 3 1 1 6 1 10 3 5 8 7 6 5 2 9 6 7 2 5 6 9 0 7 6 7 4 1 6 5 6 2 9 6 4 7 3 7
7 6 8 7 5 6 7 4 7 7 6 5 2 1 9 2 6 3 0 3 8 2 4 5 7 0 6 5 6 7 4 6 3 5 2 2 3 1 8 6
3 7 4 1 3 5 7 1 5 4 8 1 6 5 3 6 4 9 6 3 7 4 8 4 6 6 0 1 9 5 2 1 8 4 7 7 5 4 4 1
4 8 5 2 3 6 8 1 6 3 8 2 5 4 4 6 4 8 5 2 8 4 8 3 7 5 1 0 9 6 1 2 7 5 6 7 5 4 5 1
7 2 8 10 6 4 4 8 5 12 1 7 8 7 10 4 5 7 6 8 4 5 3 10 4 6 9 9 0 4 8 8 4 5 8 4 4 7 7 10
3 3 4 7 3 1 1 5 1 9 3 4 8 7 5 5 2 9 6 7 2 5 6 9 1 7 5 6 4 0 6 5 6 2 9 6 4 7 3 6
4 7 5 3 3 5 7 0 6 4 7 2 4 3 5 5 4 7 4 2 8 3 7 3 6 4 2 1 8 6 0 2 6 4 5 6 4 3 5 2
3 7 3 2 2 4 6 2 5 5 7 1 7 5 3 6 3 9 6 4 7 4 8 5 5 6 1 2 8 5 2 0 8 4 8 7 5 5 3 2
8 4 9 9 5 5 6 6 7 10 4 7 5 4 10 1 6 4 3 6 6 3 1 8 6 3 8 7 4 6 6 8 0 5 4 1 3 4 8 9
3 3 4 5 1 1 3 4 3 8 4 3 6 5 5 4 1 7 4 5 4 3 5 7 2 5 4 5 5 2 4 4 5 0 7 5 2 4 3 5
9 8 10 8 7 8 10 6 9 7 8 7 1 2 10 4 8 2 2 4 10 4 5 5 9 2 7 6 8 9 5 8 4 7 0 3 5 3 10 8
7 5 9 8 5 6 7 6 7 9 4 6 4 3 10 1 6 3 2 5 7 3 2 7 6 2 7 7 4 6 6 7 1 5 3 0 3 3 8 8
5 3 6 6 2 3 5 4 4 7 4 4 5 3 7 2 3 6 3 4 5 1 4 6 4 3 5 5 4 4 4 5 3 2 5 3 0 3 5 6
6 6 8 5 4 6 8 3 7 5 7 4 2 1 8 3 5 4 1 2 8 2 5 3 7 1 4 4 7 7 3 5 4 4 3 3 3 0 7 5
1 5 1 5 3 3 4 5 2 8 6 4 9 8 3 7 2 11 8 7 4 6 8 8 3 8 4 5 7 3 5 3 8 3 10 8 5 7 0 5
4 8 4 0 4 6 8 2 6 4 9 2 7 6 3 7 5 10 6 4 8 5 9 4 7 6 1 1 10 6 2 2 9 5 8 8 6 5 5 0
,
0 18 9 12 9 16 11 16 12 43 21 9 24 37 14 22 8 44 20 26 23 22 41 54 21 22 19 27 42 12 22 13 37 9 49 44 20 22 7 27
29 0 29 49 15 11 18 32 12 27 4 27 45 41 21 16 14 36 24 43 14 27 9 46 7 19 40 35 7 11 37 33 22 19 37 14 14 43 16 48
5 40 0 30 25 24 20 18 20 37 44 17 37 60 9 27 14 83 27 28 16 36 37 24 12 51 10 15 63 24 35 11 61 23 40 24 43 44 8 17
24 54 22 0 16 46 50 12 32 15 49 13 46 36 13 22 33 27 39 19 36 38 61 16 51 36 7 7 31 36 16 8 58 16 36 61 38 30 19 1
14 12 26 29 0 9 13 12 22 36 19 8 17 15 28 22 5 54 14 27 21 17 24 35 12 17 20 20 27 13 20 9 27 3 28 26 11 25 22 15
11 19 18 32 11 0 8 28 6 40 17 28 37 42 19 14 8 41 33 21 12 26 26 40 4 27 33 37 22 6 19 27 18 4 39 16 19 27 10 36
13 9 26 45 26 13 0 39 9 61 20 22 51 35 40 35 19 69 40 45 2 21 37 30 7 48 46 38 15 9 32 40 26 12 32 26 23 51 18 47
20 22 24 15 7 27 40 0 35 12 25 9 16 20 31 33 21 47 13 9 42 15 46 23 35 17 10 4 43 16 3 6 43 18 21 18 27 10 25 16
16 24 10 25 15 4 7 25 0 68 22 21 54 42 18 25 7 62 41 26 14 18 49 34 7 32 26 40 17 3 34 28 45 13 68 28 29 49 10 36
34 64 28 10 29 55 45 20 61 0 47 37 42 35 33 60 55 51 39 17 31 35 31 11 69 45 17 23 81 38 23 29 35 42 26 43 34 20 26 26
36 4 32 23 19 11 24 27 31 60 0 18 32 29 43 17 24 19 32 40 14 30 12 52 18 31 56 37 3 11 40 26 14 27 38 15 17 31 42 51
19 39 23 17 8 11 39 9 19 23 19 0 40 25 18 37 17 57 21 9 27 23 41 13 25 34 6 9 43 20 9 7 41 7 41 18 18 12 15 7
43 46 47 42 34 48 62 15 51 41 28 34 0 8 48 13 45 18 14 8 32 21 34 17 33 9 44 37 21 51 28 30 24 26 5 17 26 10 54 37
25 31 29 27 14 30 21 26 21 31 25 24 6 0 42 15 17 19 3 9 43 6 29 15 29 3 33 26 27 31 9 41 28 19 6 16 20 3 41 31
10 37 7 8 33 40 35 26 16 27 26 16 39 53 0 37 19 66 48 18 28 47 74 48 21 24 13 32 37 16 33 8 71 38 32 70 31 45 8 10
46 27 23 47 26 12 38 32 34 45 13 14 18 8 53 0 16 23 9 23 29 5 13 48 32 11 39 21 16 22 32 34 7 12 15 6 8 20 44 38
12 24 11 18 7 7 9 18 5 35 23 14 20 14 20 26 0 46 36 15 17 26 20 30 14 38 16 25 26 7 25 20 16 8 53 38 8 30 15 33
68 28 48 73 29 43 52 44 31 59 45 32 16 20 59 11 60 0 19 26 68 26 31 45 23 10 32 23 19 30 31 65 23 32 7 18 40 11 27 27
31 34 55 26 23 23 19 29 21 26 22 15 6 5 50 13 34 18 0 12 32 6 26 29 39 1 27 14 37 28 28 22 9 25 11 14 20 10 21 34
20 47 37 15 26 32 48 6 27 14 31 20 14 13 25 23 29 40 24 0 36 19 34 6 43 18 17 9 33 45 12 22 24 35 28 19 15 12 28 29
35 9 35 35 20 11 3 40 13 76 14 26 56 28 44 29 26 38 31 23 0 41 31 60 4 49 54 50 19 12 21 32 41 11 56 25 30 56 28 29
15 34 18 18 15 14 33 18 23 40 33 17 24 13 23 13 18 14 5 20 16 0 22 13 34 10 11 19 34 21 9 22 10 11 18 11 5 12 29 34
35 17 43 29 37 14 18 18 33 54 12 46 43 24 49 6 19 15 28 47 22 16 0 33 22 26 54 44 8 44 53 24 3 33 29 9 17 34 23 35
38 42 60 26 24 37 61 24 48 8 38 30 15 28 20 32 39 43 20 11 53 25 47 0 53 21 16 21 37 52 21 25 46 23 36 40 28 17 41 18
20 12 29 27 12 3 4 17 5 26 12 27 22 31 15 37 17 30 42 46 5 31 32 41 0 24 17 41 18 4 35 29 29 10 24 35 12 27 10 28
51 20 59 24 25 29 22 23 24 21 16 24 13 2 40 11 26 24 1 20 24 13 28 25 31 0 36 32 28 18 19 39 11 18 7 10 18 10 25 34
23 31 16 4 9 24 35 4 16 13 44 6 35 32 23 24 21 62 26 12 48 29 60 15 15 33 0 9 60 23 8 6 36 21 42 25 20 22 14 3
30 48 27 6 22 36 27 5 37 20 39 12 22 25 32 40 27 61 14 11 30 12 40 17 20 36 5 0 66 26 5 15 31 24 45 36 16 21 33 10
25 11 22 31 30 17 25 44 21 38 6 24 40 27 46 13 38 48 30 61 23 40 17 65 17 39 39 64 0 17 47 58 26 17 50 18 14 41 20 70
9 19 21 45 12 5 5 20 5 56 22 21 61 32 34 29 10 39 17 50 9 19 30 57 4 21 35 16 26 0 18 24 24 6 30 26 12 17 17 28
29 35 18 10 20 27 47 3 36 25 45 4 15 9 36 16 24 54 24 8 20 14 22 18 40 20 7 3 23 35 0 11 31 14 33 17 11 17 38 12
8 30 23 10 12 18 25 7 32 16 49 3 37 23 14 42 12 40 16 28 21 15 32 22 27 33 2 7 45 33 16 0 27 27 41 23 19 33 16 10
44 24 37 25 14 40 35 41 29 59 13 35 19 22 68 9 36 23 14 18 41 23 6 23 33 9 34 27 11 40 45 49 0 35 32 4 14 26 39 36
12 12 16 14 3 8 19 17 14 42 11 18 33 25 19 9 8 32 27 15 26 16 37 50 17 23 23 15 26 16 25 23 24 0 21 34 11 23 13 22
59 20 46 27 27 35 61 28 61 37 20 18 5 7 47 10 36 7 15 20 47 15 36 34 28 6 41 38 29 32 37 42 28 41 0 19 22 18 55 38
33 19 38 54 39 19 19 42 21 33 20 36 11 15 28 3 15 10 10 14 31 13 13 35 40 9 28 17 25 38 42 49 4 29 21 0 7 19 37 46
16 17 32 28 9 19 31 19 15 23 11 23 19 21 35 9 8 34 9 11 33 5 27 17 10 19 20 27 12 19 10 14 22 7 27 13 0 22 14 28
31 46 48 33 12 35 42 14 29 30 37 25 11 2 31 11 37 23 10 13 41 5 14 14 47 10 17 11 30 36 12 34 15 25 8 11 12 0 42 22
4 29 5 36 15 18 23 15 9 62 16 13 61 27 22 25 13 59 49 25 27 30 52 22 19 37 19 36 18 10 27 10 37 13 68 55 24 20 0 30
16 53 22 1 23 41 35 8 35 12 56 11 31 23 21 27 32 24 48 12 42 22 49 28 50 25 5 9 37 40 11 7 52 34 25 46 16 29 36 0