7
40
,
0 (12.0, 37.0) 31.0
1 (10.0, 10.0) 40.0
2 (9.0, 44.0) 15.0
3 (30.0, 47.0) 20.0
4 (21.0, 29.0) 21.0
5 (11.0, 23.0) 20.0
6 (2.0, 20.0) 44.0
7 (32.0, 35.0) 15.0
8 (5.0, 27.0) 49.0
9 (48.0, 47.0) 13.0
10 (11.0, 7.0) 15.0
11 (26.0, 36.0) 17.0
12 (48.0, 18.0) 18.0
13 (40.0, 19.0) 21.0
14 (14.0, 50.0) 29.0
15 (30.0, 10.0) 41.0
16 (15.0, 29.0) 49.0
17 (47.0, 1.0) 19.0
18 (38.0, 15.0) 47.0
19 (42.0, 31.0) 22.0
20 (0.0, 17.0) 12.0
21 (31.0, 20.0) 10.0
22 (25.0, 0.0) 47.0
23 (49.0, 37.0) 14.0
24 (7.0, 21.0) 17.0
25 (39.0, 15.0) 21.0
26 (28.0, 41.0) 12.0
27 (34.0, 40.0) 18.0
28 (11.0, 2.0) 21.0
29 (7.0, 24.0) 22.0
30 (34.0, 35.0) 15.0
31 (24.0, 41.0) 13.0
32 (29.0, 3.0) 10.0
33 (18.0, 24.0) 23.0
34 (49.0, 12.0) 33.0
35 (33.0, 6.0) 41.0
36 (25.0, 18.0) 15.0
37 (40.0, 22.0) 33.0
38 (7.0, 37.0) 18.0
39 (30.0, 46.0) 27.0
,
0 5 2 4 2 3 4 4 2 7 6 3 8 7 3 6 2 10 7 6 5 5 8 7 3 7 3 4 7 3 4 3 8 3 9 7 5 6 1 4
5 0 7 8 4 3 3 7 4 11 1 6 8 6 8 4 4 8 6 8 2 5 4 9 2 6 7 8 2 3 7 7 4 3 8 5 3 6 5 8
2 7 0 4 4 4 5 5 3 8 7 4 9 8 2 8 3 11 8 7 6 7 9 8 5 8 4 5 8 4 5 3 9 4 10 9 6 8 1 4
4 8 4 0 4 6 8 2 6 4 9 2 7 6 3 7 5 10 7 4 8 5 9 4 7 7 1 2 10 7 3 2 9 5 8 8 6 5 5 0
2 4 4 4 0 2 4 3 3 6 5 2 6 4 4 4 1 8 4 4 5 3 6 6 3 5 3 3 6 3 3 2 5 1 7 5 2 4 3 4
3 3 4 6 2 0 2 5 1 9 3 4 7 6 5 5 1 8 6 6 3 4 5 8 1 6 5 6 4 1 5 4 5 1 8 6 3 6 3 6
4 3 5 8 4 2 0 7 2 11 3 6 9 8 6 6 3 10 7 8 1 6 6 10 1 7 7 8 4 1 7 6 6 3 10 7 5 8 4 8
4 7 5 2 3 5 7 0 6 4 7 1 5 4 5 5 4 7 4 2 7 3 7 3 6 4 1 1 8 5 0 2 6 4 6 6 4 3 5 2
2 4 3 6 3 1 2 6 0 9 4 5 9 7 5 6 2 10 7 7 2 5 7 9 1 7 5 6 5 1 6 5 7 3 9 7 4 7 2 6
7 11 8 4 6 9 11 4 9 0 11 5 6 6 7 8 8 9 7 3 11 6 10 2 10 7 4 3 12 9 4 5 10 8 7 9 7 5 8 4
6 1 7 9 5 3 3 7 4 11 0 7 8 6 9 4 4 7 6 8 3 5 3 10 3 6 8 8 1 3 7 7 4 4 8 4 4 7 6 9
3 6 4 2 2 4 6 1 5 5 7 0 6 4 4 5 3 8 5 3 6 3 7 5 5 5 1 2 7 4 2 1 7 3 7 6 4 4 4 2
8 8 9 7 6 7 9 5 9 6 8 6 0 2 9 4 7 3 2 3 10 3 6 4 8 2 6 5 8 8 4 7 5 6 1 4 5 2 9 7
7 6 8 6 4 6 8 4 7 6 6 4 2 0 8 3 5 4 1 2 8 2 5 4 7 1 5 4 7 7 3 5 4 5 2 3 3 1 8 6
3 8 2 3 4 5 6 5 5 7 9 4 9 8 0 9 4 12 8 7 7 7 10 7 6 9 3 4 10 5 5 3 10 5 10 10 7 8 3 3
6 4 8 7 4 5 6 5 6 8 4 5 4 3 9 0 5 4 2 5 6 2 2 7 5 2 6 6 4 5 5 6 1 4 4 1 2 3 7 7
2 4 3 5 1 1 3 4 2 8 4 3 7 5 4 5 0 9 5 5 4 4 6 7 2 6 4 4 5 2 4 3 6 1 8 6 3 5 2 5
10 8 11 10 8 8 10 7 10 9 7 8 3 4 12 4 9 0 3 6 10 5 4 7 9 3 9 8 7 9 7 9 4 7 2 3 6 4 11 10
7 6 8 7 4 6 7 4 7 7 6 5 2 1 8 2 5 3 0 3 8 2 4 5 6 0 6 5 6 6 4 6 3 4 2 2 3 1 8 6
6 8 7 4 4 6 8 2 7 3 8 3 3 2 7 5 5 6 3 0 9 3 7 2 7 3 3 2 8 7 2 4 6 5 4 5 4 2 7 4
5 2 6 8 5 3 1 7 2 11 3 6 10 8 7 6 4 10 8 9 0 6 6 11 2 8 7 8 4 2 8 7 6 4 10 7 5 8 4 8
5 5 7 5 3 4 6 3 5 6 5 3 3 2 7 2 4 5 2 3 6 0 4 5 5 2 4 4 5 5 3 4 3 3 4 3 1 2 6 5
8 4 9 9 6 5 6 7 7 10 3 7 6 5 10 2 6 4 4 7 6 4 0 9 6 4 8 8 3 6 7 8 1 5 5 2 4 5 8 9
7 9 8 4 6 8 10 3 9 2 10 5 4 4 7 7 7 7 5 2 11 5 9 0 9 5 4 3 10 9 3 5 8 7 5 7 6 3 8 4
3 2 5 7 3 1 1 6 1 10 3 5 8 7 6 5 2 9 6 7 2 5 6 9 0 7 6 7 4 1 6 5 6 2 9 6 4 7 3 7
7 6 8 7 5 6 7 4 7 7 6 5 2 1 9 2 6 3 0 3 8 2 4 5 7 0 6 5 6 7 4 6 3 5 2 2 3 1 8 6
3 7 4 1 3 5 7 1 5 4 8 1 6 5 3 6 4 9 6 3 7 4 8 4 6 6 0 1 9 5 2 1 8 4 7 7 5 4 4 1
4 8 5 2 3 6 8 1 6 3 8 2 5 4 4 6 4 8 5 2 8 4 8 3 7 5 1 0 9 6 1 2 7 5 6 7 5 4 5 1
7 2 8 10 6 4 4 8 5 12 1 7 8 7 10 4 5 7 6 8 4 5 3 10 4 6 9 9 0 4 8 8 4 5 8 4 4 7 7 10
3 3 4 7 3 1 1 5 1 9 3 4 8 7 5 5 2 9 6 7 2 5 6 9 1 7 5 6 4 0 6 5 6 2 9 6 4 7 3 6
4 7 5 3 3 5 7 0 6 4 7 2 4 3 5 5 4 7 4 2 8 3 7 3 6 4 2 1 8 6 0 2 6 4 5 6 4 3 5 2
3 7 3 2 2 4 6 2 5 5 7 1 7 5 3 6 3 9 6 4 7 4 8 5 5 6 1 2 8 5 2 0 8 4 8 7 5 5 3 2
8 4 9 9 5 5 6 6 7 10 4 7 5 4 10 1 6 4 3 6 6 3 1 8 6 3 8 7 4 6 6 8 0 5 4 1 3 4 8 9
3 3 4 5 1 1 3 4 3 8 4 3 6 5 5 4 1 7 4 5 4 3 5 7 2 5 4 5 5 2 4 4 5 0 7 5 2 4 3 5
9 8 10 8 7 8 10 6 9 7 8 7 1 2 10 4 8 2 2 4 10 4 5 5 9 2 7 6 8 9 5 8 4 7 0 3 5 3 10 8
7 5 9 8 5 6 7 6 7 9 4 6 4 3 10 1 6 3 2 5 7 3 2 7 6 2 7 7 4 6 6 7 1 5 3 0 3 3 8 8
5 3 6 6 2 3 5 4 4 7 4 4 5 3 7 2 3 6 3 4 5 1 4 6 4 3 5 5 4 4 4 5 3 2 5 3 0 3 5 6
6 6 8 5 4 6 8 3 7 5 7 4 2 1 8 3 5 4 1 2 8 2 5 3 7 1 4 4 7 7 3 5 4 4 3 3 3 0 7 5
1 5 1 5 3 3 4 5 2 8 6 4 9 8 3 7 2 11 8 7 4 6 8 8 3 8 4 5 7 3 5 3 8 3 10 8 5 7 0 5
4 8 4 0 4 6 8 2 6 4 9 2 7 6 3 7 5 10 6 4 8 5 9 4 7 6 1 1 10 6 2 2 9 5 8 8 6 5 5 0
,
0 27 7 24 15 11 21 23 8 21 37 15 24 36 14 26 8 26 21 26 29 35 38 45 21 37 15 30 18 14 30 7 39 10 57 20 26 47 4 22
33 0 23 43 16 7 15 47 22 62 4 16 28 17 20 19 29 23 22 28 18 13 12 41 7 27 47 36 10 11 46 28 21 11 43 25 12 37 35 28
4 33 0 17 19 31 29 31 10 44 20 17 30 40 8 47 24 43 59 45 34 37 63 46 33 30 17 16 37 16 31 16 27 29 61 43 33 34 10 22
17 31 12 0 29 33 53 12 26 14 48 15 39 37 14 35 28 33 42 24 33 31 55 16 44 21 4 6 63 46 8 9 51 19 27 33 34 14 13 1
17 24 11 21 0 10 12 17 24 38 26 9 30 24 23 18 6 41 21 17 36 7 42 16 9 13 14 18 26 9 21 8 17 4 39 29 13 27 16 16
8 11 18 44 12 0 8 13 10 41 21 20 43 15 26 23 7 53 37 26 9 29 29 33 6 29 16 17 15 6 15 20 14 6 41 21 12 26 19 33
21 17 18 26 11 11 0 32 5 44 12 30 40 54 38 33 13 70 21 32 3 35 21 60 6 40 17 43 27 8 40 27 39 12 49 30 30 31 22 42
12 26 23 16 12 14 28 0 26 29 40 6 28 19 29 26 21 31 11 8 32 10 19 20 37 25 7 4 21 21 2 5 30 10 24 36 19 12 18 9
6 10 14 31 23 6 7 25 0 40 22 18 65 52 34 24 11 69 23 35 15 25 46 63 6 46 35 47 36 3 16 20 37 9 28 18 15 34 9 25
37 28 24 9 33 44 27 19 55 0 66 21 18 27 41 28 25 61 21 9 84 22 30 11 58 17 21 10 38 26 10 27 52 30 25 37 46 17 42 25
21 2 55 61 21 12 21 26 11 49 0 37 50 37 47 17 32 30 41 58 16 35 19 61 19 22 54 54 7 22 26 34 19 23 44 21 25 49 16 57
9 39 18 8 11 20 18 5 33 17 34 0 18 30 18 24 18 49 28 13 18 18 20 19 14 18 3 6 29 16 9 7 32 10 26 33 21 19 26 13
43 40 31 20 42 47 45 31 34 17 26 32 0 7 36 25 50 14 9 8 37 17 30 25 39 12 15 18 27 36 15 18 30 31 5 11 26 6 49 21
37 34 56 31 15 24 35 13 43 23 25 25 12 0 46 8 33 13 6 9 35 11 33 26 45 4 14 21 44 30 10 27 11 32 13 19 17 3 29 36
9 49 8 9 19 22 46 19 30 42 32 17 57 59 0 34 21 81 23 38 43 44 57 44 42 48 11 33 51 36 30 9 65 14 40 53 32 44 11 14
33 26 23 23 15 33 28 26 34 61 21 37 24 12 35 0 30 10 14 35 29 8 10 33 25 8 30 35 13 19 18 17 8 17 21 4 14 14 46 33
11 26 18 27 5 10 21 10 5 31 20 8 52 35 17 34 0 36 17 14 11 12 40 24 10 20 9 27 32 12 30 9 32 4 20 17 19 30 15 28
74 49 57 34 45 41 48 52 66 63 45 48 17 26 80 22 48 0 17 27 50 23 21 47 49 12 50 25 37 49 21 52 20 41 10 14 29 16 53 53
44 16 42 17 18 16 19 30 49 22 21 13 15 3 21 9 28 24 0 19 31 5 17 35 22 1 18 32 37 46 17 31 17 28 14 8 19 4 46 47
40 21 35 13 25 41 57 16 30 13 45 20 18 13 22 32 15 20 12 0 47 12 39 6 30 20 16 17 46 47 9 10 32 27 12 39 22 13 32 21
20 10 16 56 28 8 3 53 13 51 19 40 38 33 52 38 19 46 53 29 0 44 28 60 9 49 36 58 13 12 38 45 21 27 29 28 27 32 28 58
33 33 48 37 9 14 27 18 17 37 25 21 23 9 20 7 25 29 8 10 16 0 17 24 22 13 26 23 34 35 11 29 23 15 29 10 6 7 34 15
22 15 66 32 34 23 40 40 28 64 15 52 30 22 73 11 36 33 20 21 27 12 0 59 24 31 40 31 18 18 50 39 4 16 17 11 11 28 60 60
45 58 38 14 21 60 58 17 41 13 50 28 27 11 47 17 28 26 25 11 28 37 54 0 36 18 21 20 47 26 19 27 43 19 28 38 38 10 21 31
18 6 19 29 14 6 6 24 5 60 18 18 58 35 24 23 8 27 21 39 7 30 17 44 0 41 34 27 18 2 41 15 36 15 23 44 17 21 16 34
26 24 54 40 12 39 23 16 38 24 39 18 12 4 61 7 34 11 1 10 27 6 20 32 38 0 30 18 30 32 16 44 17 32 8 8 7 8 26 33
16 50 23 6 20 29 28 8 38 29 49 6 23 17 9 31 23 31 40 19 39 24 24 17 22 15 0 4 37 18 5 5 35 25 42 18 28 27 16 3
24 50 23 7 14 27 44 4 20 18 50 8 29 15 19 18 31 33 19 17 42 16 43 13 32 13 5 0 48 34 7 10 32 26 36 20 31 13 17 10
49 8 34 29 29 16 13 27 36 36 4 24 38 44 27 16 17 38 40 23 27 36 13 57 24 44 41 53 0 16 52 39 11 12 32 32 30 36 42 36
13 18 19 26 20 5 10 37 2 38 26 11 37 36 27 22 14 65 32 34 14 22 31 58 3 43 26 39 27 0 32 23 42 12 42 38 11 40 7 17
13 37 23 8 12 19 31 2 29 16 24 4 27 12 13 27 22 53 14 5 46 13 23 16 29 16 8 6 28 20 0 13 19 15 37 29 18 8 33 7
8 39 12 10 18 24 23 9 17 33 52 3 46 32 18 33 22 46 19 18 34 22 26 20 29 34 5 13 25 26 10 0 57 14 38 22 27 18 11 4
40 14 25 64 22 34 39 41 24 54 13 30 35 11 72 6 36 21 16 39 26 16 7 36 15 21 40 42 23 45 42 27 0 13 31 5 9 27 55 31
17 11 25 35 4 4 18 10 11 22 25 8 29 15 25 15 5 55 16 37 15 16 32 42 8 22 13 25 15 8 10 12 22 0 31 20 6 27 23 31
40 35 45 55 40 40 38 40 69 38 33 35 4 16 71 15 34 6 10 26 57 25 14 21 46 13 24 21 31 32 18 56 32 17 0 14 25 11 68 41
47 14 55 57 28 41 29 38 30 50 16 28 23 21 71 6 38 11 10 14 35 20 10 42 23 15 34 29 22 16 20 46 7 17 21 0 11 16 36 34
14 13 30 25 8 18 33 17 20 31 24 20 17 9 40 12 8 21 16 22 21 4 17 39 11 11 29 14 24 21 13 26 17 10 32 19 0 21 35 35
19 25 21 40 22 23 40 11 28 16 42 26 13 2 32 21 26 26 7 8 31 9 37 9 26 6 30 16 23 44 13 34 24 31 16 22 15 0 28 20
6 36 9 33 16 14 26 19 7 49 41 24 26 33 13 29 8 33 54 34 14 16 26 52 10 37 16 14 38 12 37 21 41 11 63 44 23 52 0 30
26 56 18 1 21 33 44 6 34 22 26 8 40 29 19 51 12 60 34 11 25 21 38 30 18 22 4 10 33 17 15 5 45 22 42 33 39 22 32 0