7
40
,
0 (12.0, 37.0) 42.0
1 (10.0, 10.0) 44.0
2 (9.0, 44.0) 41.0
3 (30.0, 47.0) 22.0
4 (21.0, 29.0) 36.0
5 (11.0, 23.0) 16.0
6 (2.0, 20.0) 38.0
7 (32.0, 35.0) 22.0
8 (5.0, 27.0) 13.0
9 (48.0, 47.0) 13.0
10 (11.0, 7.0) 11.0
11 (26.0, 36.0) 46.0
12 (48.0, 18.0) 19.0
13 (40.0, 19.0) 41.0
14 (14.0, 50.0) 38.0
15 (30.0, 10.0) 20.0
16 (15.0, 29.0) 40.0
17 (47.0, 1.0) 31.0
18 (38.0, 15.0) 42.0
19 (42.0, 31.0) 27.0
20 (0.0, 17.0) 18.0
21 (31.0, 20.0) 22.0
22 (25.0, 0.0) 28.0
23 (49.0, 37.0) 48.0
24 (7.0, 21.0) 19.0
25 (39.0, 15.0) 48.0
26 (28.0, 41.0) 14.0
27 (34.0, 40.0) 49.0
28 (11.0, 2.0) 15.0
29 (7.0, 24.0) 36.0
30 (34.0, 35.0) 13.0
31 (24.0, 41.0) 37.0
32 (29.0, 3.0) 29.0
33 (18.0, 24.0) 10.0
34 (49.0, 12.0) 44.0
35 (33.0, 6.0) 28.0
36 (25.0, 18.0) 11.0
37 (40.0, 22.0) 16.0
38 (7.0, 37.0) 47.0
39 (30.0, 46.0) 25.0
,
0 5 2 4 2 3 4 4 2 7 6 3 8 7 3 6 2 10 7 6 5 5 8 7 3 7 3 4 7 3 4 3 8 3 9 7 5 6 1 4
5 0 7 8 4 3 3 7 4 11 1 6 8 6 8 4 4 8 6 8 2 5 4 9 2 6 7 8 2 3 7 7 4 3 8 5 3 6 5 8
2 7 0 4 4 4 5 5 3 8 7 4 9 8 2 8 3 11 8 7 6 7 9 8 5 8 4 5 8 4 5 3 9 4 10 9 6 8 1 4
4 8 4 0 4 6 8 2 6 4 9 2 7 6 3 7 5 10 7 4 8 5 9 4 7 7 1 2 10 7 3 2 9 5 8 8 6 5 5 0
2 4 4 4 0 2 4 3 3 6 5 2 6 4 4 4 1 8 4 4 5 3 6 6 3 5 3 3 6 3 3 2 5 1 7 5 2 4 3 4
3 3 4 6 2 0 2 5 1 9 3 4 7 6 5 5 1 8 6 6 3 4 5 8 1 6 5 6 4 1 5 4 5 1 8 6 3 6 3 6
4 3 5 8 4 2 0 7 2 11 3 6 9 8 6 6 3 10 7 8 1 6 6 10 1 7 7 8 4 1 7 6 6 3 10 7 5 8 4 8
4 7 5 2 3 5 7 0 6 4 7 1 5 4 5 5 4 7 4 2 7 3 7 3 6 4 1 1 8 5 0 2 6 4 6 6 4 3 5 2
2 4 3 6 3 1 2 6 0 9 4 5 9 7 5 6 2 10 7 7 2 5 7 9 1 7 5 6 5 1 6 5 7 3 9 7 4 7 2 6
7 11 8 4 6 9 11 4 9 0 11 5 6 6 7 8 8 9 7 3 11 6 10 2 10 7 4 3 12 9 4 5 10 8 7 9 7 5 8 4
6 1 7 9 5 3 3 7 4 11 0 7 8 6 9 4 4 7 6 8 3 5 3 10 3 6 8 8 1 3 7 7 4 4 8 4 4 7 6 9
3 6 4 2 2 4 6 1 5 5 7 0 6 4 4 5 3 8 5 3 6 3 7 5 5 5 1 2 7 4 2 1 7 3 7 6 4 4 4 2
8 8 9 7 6 7 9 5 9 6 8 6 0 2 9 4 7 3 2 3 10 3 6 4 8 2 6 5 8 8 4 7 5 6 1 4 5 2 9 7
7 6 8 6 4 6 8 4 7 6 6 4 2 0 8 3 5 4 1 2 8 2 5 4 7 1 5 4 7 7 3 5 4 5 2 3 3 1 8 6
3 8 2 3 4 5 6 5 5 7 9 4 9 8 0 9 4 12 8 7 7 7 10 7 6 9 3 4 10 5 5 3 10 5 10 10 7 8 3 3
6 4 8 7 4 5 6 5 6 8 4 5 4 3 9 0 5 4 2 5 6 2 2 7 5 2 6 6 4 5 5 6 1 4 4 1 2 3 7 7
2 4 3 5 1 1 3 4 2 8 4 3 7 5 4 5 0 9 5 5 4 4 6 7 2 6 4 4 5 2 4 3 6 1 8 6 3 5 2 5
10 8 11 10 8 8 10 7 10 9 7 8 3 4 12 4 9 0 3 6 10 5 4 7 9 3 9 8 7 9 7 9 4 7 2 3 6 4 11 10
7 6 8 7 4 6 7 4 7 7 6 5 2 1 8 2 5 3 0 3 8 2 4 5 6 0 6 5 6 6 4 6 3 4 2 2 3 1 8 6
6 8 7 4 4 6 8 2 7 3 8 3 3 2 7 5 5 6 3 0 9 3 7 2 7 3 3 2 8 7 2 4 6 5 4 5 4 2 7 4
5 2 6 8 5 3 1 7 2 11 3 6 10 8 7 6 4 10 8 9 0 6 6 11 2 8 7 8 4 2 8 7 6 4 10 7 5 8 4 8
5 5 7 5 3 4 6 3 5 6 5 3 3 2 7 2 4 5 2 3 6 0 4 5 5 2 4 4 5 5 3 4 3 3 4 3 1 2 6 5
8 4 9 9 6 5 6 7 7 10 3 7 6 5 10 2 6 4 4 7 6 4 0 9 6 4 8 8 3 6 7 8 1 5 5 2 4 5 8 9
7 9 8 4 6 8 10 3 9 2 10 5 4 4 7 7 7 7 5 2 11 5 9 0 9 5 4 3 10 9 3 5 8 7 5 7 6 3 8 4
3 2 5 7 3 1 1 6 1 10 3 5 8 7 6 5 2 9 6 7 2 5 6 9 0 7 6 7 4 1 6 5 6 2 9 6 4 7 3 7
7 6 8 7 5 6 7 4 7 7 6 5 2 1 9 2 6 3 0 3 8 2 4 5 7 0 6 5 6 7 4 6 3 5 2 2 3 1 8 6
3 7 4 1 3 5 7 1 5 4 8 1 6 5 3 6 4 9 6 3 7 4 8 4 6 6 0 1 9 5 2 1 8 4 7 7 5 4 4 1
4 8 5 2 3 6 8 1 6 3 8 2 5 4 4 6 4 8 5 2 8 4 8 3 7 5 1 0 9 6 1 2 7 5 6 7 5 4 5 1
7 2 8 10 6 4 4 8 5 12 1 7 8 7 10 4 5 7 6 8 4 5 3 10 4 6 9 9 0 4 8 8 4 5 8 4 4 7 7 10
3 3 4 7 3 1 1 5 1 9 3 4 8 7 5 5 2 9 6 7 2 5 6 9 1 7 5 6 4 0 6 5 6 2 9 6 4 7 3 6
4 7 5 3 3 5 7 0 6 4 7 2 4 3 5 5 4 7 4 2 8 3 7 3 6 4 2 1 8 6 0 2 6 4 5 6 4 3 5 2
3 7 3 2 2 4 6 2 5 5 7 1 7 5 3 6 3 9 6 4 7 4 8 5 5 6 1 2 8 5 2 0 8 4 8 7 5 5 3 2
8 4 9 9 5 5 6 6 7 10 4 7 5 4 10 1 6 4 3 6 6 3 1 8 6 3 8 7 4 6 6 8 0 5 4 1 3 4 8 9
3 3 4 5 1 1 3 4 3 8 4 3 6 5 5 4 1 7 4 5 4 3 5 7 2 5 4 5 5 2 4 4 5 0 7 5 2 4 3 5
9 8 10 8 7 8 10 6 9 7 8 7 1 2 10 4 8 2 2 4 10 4 5 5 9 2 7 6 8 9 5 8 4 7 0 3 5 3 10 8
7 5 9 8 5 6 7 6 7 9 4 6 4 3 10 1 6 3 2 5 7 3 2 7 6 2 7 7 4 6 6 7 1 5 3 0 3 3 8 8
5 3 6 6 2 3 5 4 4 7 4 4 5 3 7 2 3 6 3 4 5 1 4 6 4 3 5 5 4 4 4 5 3 2 5 3 0 3 5 6
6 6 8 5 4 6 8 3 7 5 7 4 2 1 8 3 5 4 1 2 8 2 5 3 7 1 4 4 7 7 3 5 4 4 3 3 3 0 7 5
1 5 1 5 3 3 4 5 2 8 6 4 9 8 3 7 2 11 8 7 4 6 8 8 3 8 4 5 7 3 5 3 8 3 10 8 5 7 0 5
4 8 4 0 4 6 8 2 6 4 9 2 7 6 3 7 5 10 6 4 8 5 9 4 7 6 1 1 10 6 2 2 9 5 8 8 6 5 5 0
,
0 34 5 21 17 14 20 19 12 23 39 15 61 25 10 28 12 50 32 32 34 24 35 22 10 50 13 28 47 9 25 18 27 12 26 29 21 16 7 24
16 0 42 61 15 12 19 20 21 73 5 41 54 28 21 27 29 50 22 28 14 23 18 50 11 30 39 31 7 11 39 27 29 10 22 18 24 39 24 50
5 31 0 18 18 30 34 33 17 25 24 26 26 20 5 33 20 41 36 27 19 20 52 24 23 49 25 24 59 15 14 10 59 20 27 29 43 50 8 17
30 37 13 0 22 33 47 7 30 20 61 12 31 44 14 25 32 47 29 29 22 39 36 22 50 49 7 8 50 46 11 12 36 21 60 28 19 16 14 1
17 24 12 11 0 15 16 9 17 45 18 4 15 19 22 19 7 26 14 24 29 8 35 27 14 32 11 22 36 10 13 13 18 8 27 31 10 26 17 19
15 10 19 29 7 0 9 24 5 31 21 22 40 21 38 18 8 51 27 38 12 27 19 55 4 36 25 25 13 2 14 21 14 4 58 23 16 21 9 17
23 14 37 35 19 14 0 17 5 39 17 25 69 43 19 35 15 47 42 54 4 20 19 28 6 33 21 39 12 6 27 34 38 16 44 31 34 57 11 55
24 26 27 13 16 20 34 0 41 25 39 6 24 10 18 27 15 48 31 7 42 21 30 13 31 19 7 5 24 20 2 12 30 9 23 34 22 8 17 12
7 21 10 26 8 4 9 23 0 38 24 15 45 31 35 37 13 41 21 32 9 38 27 24 5 37 39 30 29 3 34 19 41 12 40 31 30 27 9 24
46 54 41 15 47 57 65 20 45 0 78 18 18 20 19 60 55 65 17 24 56 43 71 6 57 21 25 23 69 53 18 23 69 53 29 65 29 38 34 21
27 4 24 56 33 18 15 49 28 34 0 43 29 17 57 21 28 23 34 50 21 31 8 45 21 43 57 36 5 26 28 47 20 27 30 27 10 33 42 51
18 20 16 14 6 21 24 4 24 36 37 0 40 26 12 22 9 52 14 25 43 12 22 21 33 35 6 6 33 27 11 7 26 11 45 18 18 20 18 12
52 23 39 48 29 32 43 23 32 32 34 23 0 12 48 24 22 12 8 16 69 24 32 22 37 8 44 32 23 39 30 30 17 26 9 19 17 5 34 42
25 39 54 30 14 35 27 14 43 26 32 24 9 0 29 19 24 12 2 7 50 13 19 16 38 4 34 13 35 31 20 16 11 33 6 21 21 3 43 32
16 26 9 23 18 31 38 34 13 32 22 19 29 33 0 53 29 36 51 38 19 37 75 54 17 47 22 32 43 39 37 13 58 39 37 46 18 54 17 10
36 29 47 47 17 17 33 17 26 34 10 16 17 8 27 0 13 12 5 22 24 11 11 25 31 14 27 34 15 23 36 34 10 15 22 5 8 9 53 18
11 24 14 29 9 9 21 20 9 30 29 19 43 14 25 20 0 54 19 28 27 26 25 19 6 37 25 15 38 12 23 20 24 5 45 22 10 34 13 31
70 26 36 60 21 22 38 29 41 45 47 30 14 12 30 19 31 0 12 15 45 32 17 36 37 24 33 29 24 32 48 30 21 22 11 15 20 22 66 54
48 39 52 17 21 28 45 14 47 26 23 20 10 5 44 9 14 20 0 19 36 7 21 34 21 1 41 23 34 22 28 43 18 18 14 11 10 8 41 25
42 52 23 27 11 24 23 15 52 23 34 16 16 18 40 24 37 37 15 0 36 12 38 7 34 16 17 9 45 19 10 29 34 13 19 27 17 5 32 15
19 11 29 63 31 11 3 45 10 71 20 28 37 28 50 23 17 40 26 61 0 20 39 42 8 35 48 52 19 12 56 29 29 21 47 49 31 24 12 27
35 12 44 30 13 28 41 17 35 18 29 10 12 10 25 12 20 29 6 12 25 0 19 31 17 8 13 24 24 31 12 24 15 18 10 14 9 9 42 28
47 9 53 28 41 14 33 53 43 61 17 29 37 23 55 14 36 31 28 37 37 14 0 64 16 19 40 25 19 43 23 56 4 30 17 11 17 17 51 32
37 44 34 27 36 43 63 20 37 9 58 20 26 26 44 43 34 32 20 7 32 30 40 0 42 24 30 16 41 63 18 33 23 46 21 50 26 15 39 11
16 13 23 50 22 6 7 24 7 28 12 20 59 49 40 26 15 38 22 35 9 17 19 55 0 43 29 17 10 4 18 23 21 16 50 16 24 25 15 45
35 25 50 43 31 34 56 21 54 39 18 35 11 4 57 13 41 22 1 20 57 8 14 33 44 0 15 33 17 36 11 38 11 26 15 15 20 9 48 16
16 24 19 8 16 30 33 5 30 21 43 6 15 32 23 33 23 64 19 22 37 28 49 31 19 34 0 5 47 25 11 5 50 11 31 41 15 22 12 7
14 22 15 11 17 24 33 4 18 21 35 6 27 32 19 29 13 29 13 6 42 16 47 9 40 17 5 0 46 40 6 8 49 24 43 27 18 13 23 5
33 5 31 69 16 19 25 47 13 40 5 35 21 44 27 17 14 32 15 38 20 28 17 48 24 30 30 48 0 19 22 27 13 29 55 23 23 41 29 62
8 7 30 42 19 2 7 19 3 55 21 25 41 40 29 23 8 55 37 39 7 26 20 28 4 33 39 27 17 0 23 18 38 13 51 46 26 33 10 34
17 27 20 7 19 34 42 2 21 15 37 8 16 25 13 31 11 51 13 9 48 9 46 20 22 30 5 5 41 28 0 8 20 12 14 43 12 14 28 15
18 44 10 6 7 29 36 14 34 32 42 5 37 22 9 37 15 45 34 21 27 28 34 30 37 34 3 6 29 13 10 0 20 12 35 24 19 22 24 10
29 22 62 48 37 32 39 39 47 53 24 26 28 27 53 7 41 19 18 33 26 21 6 26 29 13 52 54 10 21 26 45 0 35 29 5 15 26 57 39
9 21 16 33 6 6 9 16 18 53 14 15 32 20 29 15 8 28 29 37 18 18 25 45 8 29 15 33 28 15 28 17 20 0 42 30 13 22 16 29
63 43 45 25 42 43 44 41 54 33 40 29 8 8 56 18 36 14 15 29 70 16 35 23 41 15 49 19 57 27 38 26 19 41 0 24 23 9 70 49
38 14 48 23 17 23 24 26 51 40 31 32 26 8 35 3 32 11 8 37 26 16 7 19 34 9 28 33 15 39 20 19 5 19 22 0 8 20 58 47
34 25 24 18 16 21 23 12 33 45 16 27 16 22 30 14 11 32 8 21 27 6 9 35 20 19 21 16 11 28 23 21 9 12 22 18 0 11 25 27
44 40 55 20 13 33 34 12 41 35 37 29 8 2 53 18 27 30 9 6 46 9 35 10 45 8 13 25 42 36 20 23 13 30 10 24 16 0 50 28
3 20 5 28 12 18 12 37 9 49 37 24 63 21 11 29 9 54 50 40 16 43 52 33 10 51 14 15 34 15 24 17 45 15 56 43 26 52 0 37
20 23 28 1 14 36 42 14 25 16 22 9 30 26 11 47 20 52 30 15 62 34 54 18 34 43 3 5 62 19 10 11 51 13 25 56 25 29 28 0