7
40
,
0 (12.0, 37.0) 10.0
1 (10.0, 10.0) 12.0
2 (9.0, 44.0) 12.0
3 (30.0, 47.0) 28.0
4 (21.0, 29.0) 32.0
5 (11.0, 23.0) 17.0
6 (2.0, 20.0) 11.0
7 (32.0, 35.0) 10.0
8 (5.0, 27.0) 25.0
9 (48.0, 47.0) 37.0
10 (11.0, 7.0) 12.0
11 (26.0, 36.0) 12.0
12 (48.0, 18.0) 11.0
13 (40.0, 19.0) 37.0
14 (14.0, 50.0) 11.0
15 (30.0, 10.0) 40.0
16 (15.0, 29.0) 37.0
17 (47.0, 1.0) 18.0
18 (38.0, 15.0) 29.0
19 (42.0, 31.0) 24.0
20 (0.0, 17.0) 26.0
21 (31.0, 20.0) 22.0
22 (25.0, 0.0) 21.0
23 (49.0, 37.0) 21.0
24 (7.0, 21.0) 24.0
25 (39.0, 15.0) 27.0
26 (28.0, 41.0) 13.0
27 (34.0, 40.0) 12.0
28 (11.0, 2.0) 14.0
29 (7.0, 24.0) 10.0
30 (34.0, 35.0) 12.0
31 (24.0, 41.0) 45.0
32 (29.0, 3.0) 10.0
33 (18.0, 24.0) 22.0
34 (49.0, 12.0) 12.0
35 (33.0, 6.0) 16.0
36 (25.0, 18.0) 23.0
37 (40.0, 22.0) 18.0
38 (7.0, 37.0) 12.0
39 (30.0, 46.0) 42.0
,
0 5 2 4 2 3 4 4 2 7 6 3 8 7 3 6 2 10 7 6 5 5 8 7 3 7 3 4 7 3 4 3 8 3 9 7 5 6 1 4
5 0 7 8 4 3 3 7 4 11 1 6 8 6 8 4 4 8 6 8 2 5 4 9 2 6 7 8 2 3 7 7 4 3 8 5 3 6 5 8
2 7 0 4 4 4 5 5 3 8 7 4 9 8 2 8 3 11 8 7 6 7 9 8 5 8 4 5 8 4 5 3 9 4 10 9 6 8 1 4
4 8 4 0 4 6 8 2 6 4 9 2 7 6 3 7 5 10 7 4 8 5 9 4 7 7 1 2 10 7 3 2 9 5 8 8 6 5 5 0
2 4 4 4 0 2 4 3 3 6 5 2 6 4 4 4 1 8 4 4 5 3 6 6 3 5 3 3 6 3 3 2 5 1 7 5 2 4 3 4
3 3 4 6 2 0 2 5 1 9 3 4 7 6 5 5 1 8 6 6 3 4 5 8 1 6 5 6 4 1 5 4 5 1 8 6 3 6 3 6
4 3 5 8 4 2 0 7 2 11 3 6 9 8 6 6 3 10 7 8 1 6 6 10 1 7 7 8 4 1 7 6 6 3 10 7 5 8 4 8
4 7 5 2 3 5 7 0 6 4 7 1 5 4 5 5 4 7 4 2 7 3 7 3 6 4 1 1 8 5 0 2 6 4 6 6 4 3 5 2
2 4 3 6 3 1 2 6 0 9 4 5 9 7 5 6 2 10 7 7 2 5 7 9 1 7 5 6 5 1 6 5 7 3 9 7 4 7 2 6
7 11 8 4 6 9 11 4 9 0 11 5 6 6 7 8 8 9 7 3 11 6 10 2 10 7 4 3 12 9 4 5 10 8 7 9 7 5 8 4
6 1 7 9 5 3 3 7 4 11 0 7 8 6 9 4 4 7 6 8 3 5 3 10 3 6 8 8 1 3 7 7 4 4 8 4 4 7 6 9
3 6 4 2 2 4 6 1 5 5 7 0 6 4 4 5 3 8 5 3 6 3 7 5 5 5 1 2 7 4 2 1 7 3 7 6 4 4 4 2
8 8 9 7 6 7 9 5 9 6 8 6 0 2 9 4 7 3 2 3 10 3 6 4 8 2 6 5 8 8 4 7 5 6 1 4 5 2 9 7
7 6 8 6 4 6 8 4 7 6 6 4 2 0 8 3 5 4 1 2 8 2 5 4 7 1 5 4 7 7 3 5 4 5 2 3 3 1 8 6
3 8 2 3 4 5 6 5 5 7 9 4 9 8 0 9 4 12 8 7 7 7 10 7 6 9 3 4 10 5 5 3 10 5 10 10 7 8 3 3
6 4 8 7 4 5 6 5 6 8 4 5 4 3 9 0 5 4 2 5 6 2 2 7 5 2 6 6 4 5 5 6 1 4 4 1 2 3 7 7
2 4 3 5 1 1 3 4 2 8 4 3 7 5 4 5 0 9 5 5 4 4 6 7 2 6 4 4 5 2 4 3 6 1 8 6 3 5 2 5
10 8 11 10 8 8 10 7 10 9 7 8 3 4 12 4 9 0 3 6 10 5 4 7 9 3 9 8 7 9 7 9 4 7 2 3 6 4 11 10
7 6 8 7 4 6 7 4 7 7 6 5 2 1 8 2 5 3 0 3 8 2 4 5 6 0 6 5 6 6 4 6 3 4 2 2 3 1 8 6
6 8 7 4 4 6 8 2 7 3 8 3 3 2 7 5 5 6 3 0 9 3 7 2 7 3 3 2 8 7 2 4 6 5 4 5 4 2 7 4
5 2 6 8 5 3 1 7 2 11 3 6 10 8 7 6 4 10 8 9 0 6 6 11 2 8 7 8 4 2 8 7 6 4 10 7 5 8 4 8
5 5 7 5 3 4 6 3 5 6 5 3 3 2 7 2 4 5 2 3 6 0 4 5 5 2 4 4 5 5 3 4 3 3 4 3 1 2 6 5
8 4 9 9 6 5 6 7 7 10 3 7 6 5 10 2 6 4 4 7 6 4 0 9 6 4 8 8 3 6 7 8 1 5 5 2 4 5 8 9
7 9 8 4 6 8 10 3 9 2 10 5 4 4 7 7 7 7 5 2 11 5 9 0 9 5 4 3 10 9 3 5 8 7 5 7 6 3 8 4
3 2 5 7 3 1 1 6 1 10 3 5 8 7 6 5 2 9 6 7 2 5 6 9 0 7 6 7 4 1 6 5 6 2 9 6 4 7 3 7
7 6 8 7 5 6 7 4 7 7 6 5 2 1 9 2 6 3 0 3 8 2 4 5 7 0 6 5 6 7 4 6 3 5 2 2 3 1 8 6
3 7 4 1 3 5 7 1 5 4 8 1 6 5 3 6 4 9 6 3 7 4 8 4 6 6 0 1 9 5 2 1 8 4 7 7 5 4 4 1
4 8 5 2 3 6 8 1 6 3 8 2 5 4 4 6 4 8 5 2 8 4 8 3 7 5 1 0 9 6 1 2 7 5 6 7 5 4 5 1
7 2 8 10 6 4 4 8 5 12 1 7 8 7 10 4 5 7 6 8 4 5 3 10 4 6 9 9 0 4 8 8 4 5 8 4 4 7 7 10
3 3 4 7 3 1 1 5 1 9 3 4 8 7 5 5 2 9 6 7 2 5 6 9 1 7 5 6 4 0 6 5 6 2 9 6 4 7 3 6
4 7 5 3 3 5 7 0 6 4 7 2 4 3 5 5 4 7 4 2 8 3 7 3 6 4 2 1 8 6 0 2 6 4 5 6 4 3 5 2
3 7 3 2 2 4 6 2 5 5 7 1 7 5 3 6 3 9 6 4 7 4 8 5 5 6 1 2 8 5 2 0 8 4 8 7 5 5 3 2
8 4 9 9 5 5 6 6 7 10 4 7 5 4 10 1 6 4 3 6 6 3 1 8 6 3 8 7 4 6 6 8 0 5 4 1 3 4 8 9
3 3 4 5 1 1 3 4 3 8 4 3 6 5 5 4 1 7 4 5 4 3 5 7 2 5 4 5 5 2 4 4 5 0 7 5 2 4 3 5
9 8 10 8 7 8 10 6 9 7 8 7 1 2 10 4 8 2 2 4 10 4 5 5 9 2 7 6 8 9 5 8 4 7 0 3 5 3 10 8
7 5 9 8 5 6 7 6 7 9 4 6 4 3 10 1 6 3 2 5 7 3 2 7 6 2 7 7 4 6 6 7 1 5 3 0 3 3 8 8
5 3 6 6 2 3 5 4 4 7 4 4 5 3 7 2 3 6 3 4 5 1 4 6 4 3 5 5 4 4 4 5 3 2 5 3 0 3 5 6
6 6 8 5 4 6 8 3 7 5 7 4 2 1 8 3 5 4 1 2 8 2 5 3 7 1 4 4 7 7 3 5 4 4 3 3 3 0 7 5
1 5 1 5 3 3 4 5 2 8 6 4 9 8 3 7 2 11 8 7 4 6 8 8 3 8 4 5 7 3 5 3 8 3 10 8 5 7 0 5
4 8 4 0 4 6 8 2 6 4 9 2 7 6 3 7 5 10 6 4 8 5 9 4 7 6 1 1 10 6 2 2 9 5 8 8 6 5 5 0
,
0 17 11 16 11 17 13 21 13 31 29 9 49 17 11 40 11 67 37 23 27 37 27 29 15 45 24 15 31 13 28 14 22 21 34 32 22 42 4 12
28 0 24 43 28 12 16 21 16 78 3 22 26 27 44 17 23 49 18 53 17 30 24 35 14 43 53 36 10 11 40 40 12 20 56 27 21 28 14 33
9 27 0 32 13 29 15 31 25 44 26 19 35 54 7 28 12 66 29 22 20 38 44 41 33 46 28 26 22 21 17 14 44 26 63 67 17 22 9 25
26 39 25 0 29 17 58 10 38 23 25 10 22 42 23 42 18 32 30 13 34 22 36 17 41 31 4 9 42 30 19 12 56 19 24 60 40 34 25 1
11 16 28 20 0 16 26 17 8 47 31 9 21 21 22 20 8 45 16 28 16 7 25 31 12 13 8 12 37 14 12 8 24 5 39 32 6 16 23 28
18 11 20 32 13 0 7 16 10 52 18 12 47 27 17 17 6 23 17 19 15 22 21 45 3 17 17 36 28 4 30 17 38 6 29 20 8 31 9 19
22 16 34 51 11 5 0 25 7 60 17 36 43 47 21 23 14 61 38 58 4 40 40 43 5 39 36 51 11 3 40 39 26 10 41 40 22 52 10 52
27 48 13 17 8 19 40 0 31 24 38 9 15 16 30 31 24 33 16 14 42 9 33 11 37 23 7 7 30 39 2 15 35 24 26 26 27 8 27 10
18 13 9 23 20 10 6 36 0 34 13 28 26 44 34 17 5 25 18 33 9 15 49 37 9 40 36 27 28 4 36 20 46 15 52 40 14 28 13 32
22 78 27 22 38 61 60 23 55 0 78 19 24 15 34 29 43 56 38 22 67 27 74 11 30 33 14 14 59 48 18 29 57 46 27 37 40 19 32 24
27 2 27 43 14 22 14 36 30 76 0 32 57 36 47 11 32 31 24 36 15 21 14 52 17 25 40 25 3 22 35 32 15 19 24 17 18 38 29 37
15 43 21 8 6 18 28 9 15 16 28 0 32 12 22 25 11 26 34 19 42 16 25 17 13 29 5 11 33 21 6 6 34 13 49 16 11 21 27 12
31 35 42 36 19 33 33 15 35 18 41 41 0 10 43 25 24 16 14 11 40 9 21 27 43 12 25 14 31 41 30 42 29 34 8 26 12 5 58 36
27 21 46 28 14 16 42 15 38 35 46 31 12 0 24 16 32 21 4 10 27 8 14 21 36 2 35 29 33 36 11 24 27 22 16 16 8 4 34 20
9 32 5 22 13 19 38 31 27 31 27 21 35 41 0 50 30 53 43 30 18 40 59 33 45 48 17 30 62 17 20 18 55 34 76 71 36 24 22 19
41 23 36 49 20 24 40 27 33 51 25 18 12 18 57 0 24 10 11 16 21 12 11 24 38 6 39 16 11 16 21 41 5 14 14 4 13 11 49 38
11 20 19 24 7 7 9 26 6 45 13 8 26 21 24 35 0 36 28 20 16 11 30 29 15 37 11 27 20 5 21 8 33 5 46 43 18 35 14 31
56 55 76 38 43 42 35 49 61 67 45 55 15 10 53 25 31 0 24 19 53 24 23 29 58 20 55 47 33 41 25 69 9 20 14 12 17 19 37 60
33 37 41 44 14 17 32 29 30 17 35 18 14 6 47 8 36 10 0 24 20 5 11 18 16 1 30 22 23 44 10 15 12 13 15 12 20 10 43 41
26 48 32 16 11 17 30 12 23 17 30 13 19 17 38 18 14 30 15 0 40 11 35 5 35 12 18 11 45 37 9 27 41 29 23 31 16 6 47 14
35 11 29 37 32 11 3 38 16 46 12 25 65 58 32 42 17 33 20 35 0 28 17 39 11 46 32 28 12 14 39 34 17 11 53 49 13 57 20 27
28 13 30 18 10 23 41 18 27 19 32 20 12 13 24 6 16 22 8 13 27 0 15 14 15 8 26 15 26 25 22 29 14 14 29 14 3 12 42 26
30 18 44 57 44 37 30 41 22 72 21 26 25 28 26 6 30 18 29 34 23 20 0 44 41 11 52 39 10 20 40 35 7 15 19 8 12 24 25 48
31 43 27 18 25 32 29 16 29 6 36 26 19 16 51 39 36 51 21 12 44 30 46 0 31 22 19 23 28 60 17 18 25 45 16 48 21 19 26 28
16 13 12 49 18 4 4 36 8 72 21 27 24 45 19 38 8 32 16 23 6 27 32 29 0 47 35 25 26 4 42 34 22 16 52 32 17 28 10 40
25 15 39 31 30 21 32 31 44 30 22 36 12 2 54 14 22 10 1 11 26 13 29 20 41 0 26 20 33 39 27 37 17 16 12 14 21 9 21 24
19 51 12 5 18 35 23 4 26 31 49 6 19 37 11 34 11 31 34 17 50 16 27 14 33 18 0 4 38 39 8 5 43 24 25 27 34 32 11 8
16 41 31 8 17 29 31 6 32 22 21 11 33 23 28 16 22 59 15 11 38 26 34 18 19 22 9 0 41 45 4 11 23 15 44 26 20 14 35 9
42 12 55 73 25 17 18 24 15 55 4 28 44 23 34 31 16 21 29 23 16 38 15 51 13 17 60 36 0 28 60 33 16 24 50 29 11 48 49 26
12 18 19 48 12 3 9 29 2 60 10 24 57 44 31 16 11 39 36 50 6 21 39 23 2 34 38 43 13 0 29 35 44 7 35 33 17 25 16 31
19 28 38 6 16 33 18 2 22 14 49 9 14 11 20 34 18 23 28 7 27 20 32 17 16 16 9 4 52 30 0 7 19 14 17 16 24 8 15 7
11 39 16 11 12 27 28 9 15 22 36 4 47 23 15 32 14 44 32 15 30 19 60 33 35 39 3 7 25 28 14 0 54 26 56 34 20 31 10 8
45 21 26 53 20 25 33 29 51 36 10 20 13 12 73 7 28 23 13 46 45 23 4 22 30 23 27 50 14 22 45 47 0 18 22 3 14 28 45 23
21 20 16 15 8 6 25 9 19 35 24 10 39 32 24 14 4 54 32 33 18 16 37 46 10 27 26 14 14 11 20 25 33 0 26 24 8 24 18 22
54 45 27 23 28 38 38 17 54 32 40 47 9 12 73 20 25 15 14 27 62 10 39 30 23 15 53 40 23 48 33 33 24 19 0 18 18 17 39 22
36 19 42 26 19 20 18 35 36 30 21 24 23 13 28 7 35 17 14 36 41 21 7 39 29 8 44 28 24 30 37 20 6 28 21 0 16 15 30 52
25 13 23 41 7 9 24 21 29 38 12 12 22 10 31 10 10 18 18 31 36 6 22 41 22 10 27 29 14 19 28 27 18 8 13 15 0 17 21 36
26 23 49 23 25 26 24 10 46 31 26 16 5 2 35 21 23 32 8 5 37 11 38 21 20 5 29 15 24 31 9 34 16 22 8 9 17 0 19 28
4 39 8 27 18 15 26 32 7 39 25 19 42 22 10 42 12 37 35 35 11 27 53 35 17 30 21 28 42 17 15 25 59 22 66 43 31 21 0 34
19 24 14 1 27 36 25 10 18 12 31 12 26 19 15 47 33 59 33 10 55 22 44 16 48 24 6 10 54 22 9 11 47 19 27 39 22 28 36 0