7
40
,
0 (12.0, 37.0) 18.0
1 (10.0, 10.0) 29.0
2 (9.0, 44.0) 38.0
3 (30.0, 47.0) 21.0
4 (21.0, 29.0) 42.0
5 (11.0, 23.0) 12.0
6 (2.0, 20.0) 33.0
7 (32.0, 35.0) 43.0
8 (5.0, 27.0) 22.0
9 (48.0, 47.0) 17.0
10 (11.0, 7.0) 35.0
11 (26.0, 36.0) 13.0
12 (48.0, 18.0) 22.0
13 (40.0, 19.0) 33.0
14 (14.0, 50.0) 17.0
15 (30.0, 10.0) 49.0
16 (15.0, 29.0) 17.0
17 (47.0, 1.0) 26.0
18 (38.0, 15.0) 13.0
19 (42.0, 31.0) 12.0
20 (0.0, 17.0) 21.0
21 (31.0, 20.0) 13.0
22 (25.0, 0.0) 21.0
23 (49.0, 37.0) 16.0
24 (7.0, 21.0) 45.0
25 (39.0, 15.0) 41.0
26 (28.0, 41.0) 10.0
27 (34.0, 40.0) 44.0
28 (11.0, 2.0) 46.0
29 (7.0, 24.0) 19.0
30 (34.0, 35.0) 13.0
31 (24.0, 41.0) 30.0
32 (29.0, 3.0) 10.0
33 (18.0, 24.0) 14.0
34 (49.0, 12.0) 25.0
35 (33.0, 6.0) 13.0
36 (25.0, 18.0) 12.0
37 (40.0, 22.0) 30.0
38 (7.0, 37.0) 21.0
39 (30.0, 46.0) 47.0
,
0 5 2 4 2 3 4 4 2 7 6 3 8 7 3 6 2 10 7 6 5 5 8 7 3 7 3 4 7 3 4 3 8 3 9 7 5 6 1 4
5 0 7 8 4 3 3 7 4 11 1 6 8 6 8 4 4 8 6 8 2 5 4 9 2 6 7 8 2 3 7 7 4 3 8 5 3 6 5 8
2 7 0 4 4 4 5 5 3 8 7 4 9 8 2 8 3 11 8 7 6 7 9 8 5 8 4 5 8 4 5 3 9 4 10 9 6 8 1 4
4 8 4 0 4 6 8 2 6 4 9 2 7 6 3 7 5 10 7 4 8 5 9 4 7 7 1 2 10 7 3 2 9 5 8 8 6 5 5 0
2 4 4 4 0 2 4 3 3 6 5 2 6 4 4 4 1 8 4 4 5 3 6 6 3 5 3 3 6 3 3 2 5 1 7 5 2 4 3 4
3 3 4 6 2 0 2 5 1 9 3 4 7 6 5 5 1 8 6 6 3 4 5 8 1 6 5 6 4 1 5 4 5 1 8 6 3 6 3 6
4 3 5 8 4 2 0 7 2 11 3 6 9 8 6 6 3 10 7 8 1 6 6 10 1 7 7 8 4 1 7 6 6 3 10 7 5 8 4 8
4 7 5 2 3 5 7 0 6 4 7 1 5 4 5 5 4 7 4 2 7 3 7 3 6 4 1 1 8 5 0 2 6 4 6 6 4 3 5 2
2 4 3 6 3 1 2 6 0 9 4 5 9 7 5 6 2 10 7 7 2 5 7 9 1 7 5 6 5 1 6 5 7 3 9 7 4 7 2 6
7 11 8 4 6 9 11 4 9 0 11 5 6 6 7 8 8 9 7 3 11 6 10 2 10 7 4 3 12 9 4 5 10 8 7 9 7 5 8 4
6 1 7 9 5 3 3 7 4 11 0 7 8 6 9 4 4 7 6 8 3 5 3 10 3 6 8 8 1 3 7 7 4 4 8 4 4 7 6 9
3 6 4 2 2 4 6 1 5 5 7 0 6 4 4 5 3 8 5 3 6 3 7 5 5 5 1 2 7 4 2 1 7 3 7 6 4 4 4 2
8 8 9 7 6 7 9 5 9 6 8 6 0 2 9 4 7 3 2 3 10 3 6 4 8 2 6 5 8 8 4 7 5 6 1 4 5 2 9 7
7 6 8 6 4 6 8 4 7 6 6 4 2 0 8 3 5 4 1 2 8 2 5 4 7 1 5 4 7 7 3 5 4 5 2 3 3 1 8 6
3 8 2 3 4 5 6 5 5 7 9 4 9 8 0 9 4 12 8 7 7 7 10 7 6 9 3 4 10 5 5 3 10 5 10 10 7 8 3 3
6 4 8 7 4 5 6 5 6 8 4 5 4 3 9 0 5 4 2 5 6 2 2 7 5 2 6 6 4 5 5 6 1 4 4 1 2 3 7 7
2 4 3 5 1 1 3 4 2 8 4 3 7 5 4 5 0 9 5 5 4 4 6 7 2 6 4 4 5 2 4 3 6 1 8 6 3 5 2 5
10 8 11 10 8 8 10 7 10 9 7 8 3 4 12 4 9 0 3 6 10 5 4 7 9 3 9 8 7 9 7 9 4 7 2 3 6 4 11 10
7 6 8 7 4 6 7 4 7 7 6 5 2 1 8 2 5 3 0 3 8 2 4 5 6 0 6 5 6 6 4 6 3 4 2 2 3 1 8 6
6 8 7 4 4 6 8 2 7 3 8 3 3 2 7 5 5 6 3 0 9 3 7 2 7 3 3 2 8 7 2 4 6 5 4 5 4 2 7 4
5 2 6 8 5 3 1 7 2 11 3 6 10 8 7 6 4 10 8 9 0 6 6 11 2 8 7 8 4 2 8 7 6 4 10 7 5 8 4 8
5 5 7 5 3 4 6 3 5 6 5 3 3 2 7 2 4 5 2 3 6 0 4 5 5 2 4 4 5 5 3 4 3 3 4 3 1 2 6 5
8 4 9 9 6 5 6 7 7 10 3 7 6 5 10 2 6 4 4 7 6 4 0 9 6 4 8 8 3 6 7 8 1 5 5 2 4 5 8 9
7 9 8 4 6 8 10 3 9 2 10 5 4 4 7 7 7 7 5 2 11 5 9 0 9 5 4 3 10 9 3 5 8 7 5 7 6 3 8 4
3 2 5 7 3 1 1 6 1 10 3 5 8 7 6 5 2 9 6 7 2 5 6 9 0 7 6 7 4 1 6 5 6 2 9 6 4 7 3 7
7 6 8 7 5 6 7 4 7 7 6 5 2 1 9 2 6 3 0 3 8 2 4 5 7 0 6 5 6 7 4 6 3 5 2 2 3 1 8 6
3 7 4 1 3 5 7 1 5 4 8 1 6 5 3 6 4 9 6 3 7 4 8 4 6 6 0 1 9 5 2 1 8 4 7 7 5 4 4 1
4 8 5 2 3 6 8 1 6 3 8 2 5 4 4 6 4 8 5 2 8 4 8 3 7 5 1 0 9 6 1 2 7 5 6 7 5 4 5 1
7 2 8 10 6 4 4 8 5 12 1 7 8 7 10 4 5 7 6 8 4 5 3 10 4 6 9 9 0 4 8 8 4 5 8 4 4 7 7 10
3 3 4 7 3 1 1 5 1 9 3 4 8 7 5 5 2 9 6 7 2 5 6 9 1 7 5 6 4 0 6 5 6 2 9 6 4 7 3 6
4 7 5 3 3 5 7 0 6 4 7 2 4 3 5 5 4 7 4 2 8 3 7 3 6 4 2 1 8 6 0 2 6 4 5 6 4 3 5 2
3 7 3 2 2 4 6 2 5 5 7 1 7 5 3 6 3 9 6 4 7 4 8 5 5 6 1 2 8 5 2 0 8 4 8 7 5 5 3 2
8 4 9 9 5 5 6 6 7 10 4 7 5 4 10 1 6 4 3 6 6 3 1 8 6 3 8 7 4 6 6 8 0 5 4 1 3 4 8 9
3 3 4 5 1 1 3 4 3 8 4 3 6 5 5 4 1 7 4 5 4 3 5 7 2 5 4 5 5 2 4 4 5 0 7 5 2 4 3 5
9 8 10 8 7 8 10 6 9 7 8 7 1 2 10 4 8 2 2 4 10 4 5 5 9 2 7 6 8 9 5 8 4 7 0 3 5 3 10 8
7 5 9 8 5 6 7 6 7 9 4 6 4 3 10 1 6 3 2 5 7 3 2 7 6 2 7 7 4 6 6 7 1 5 3 0 3 3 8 8
5 3 6 6 2 3 5 4 4 7 4 4 5 3 7 2 3 6 3 4 5 1 4 6 4 3 5 5 4 4 4 5 3 2 5 3 0 3 5 6
6 6 8 5 4 6 8 3 7 5 7 4 2 1 8 3 5 4 1 2 8 2 5 3 7 1 4 4 7 7 3 5 4 4 3 3 3 0 7 5
1 5 1 5 3 3 4 5 2 8 6 4 9 8 3 7 2 11 8 7 4 6 8 8 3 8 4 5 7 3 5 3 8 3 10 8 5 7 0 5
4 8 4 0 4 6 8 2 6 4 9 2 7 6 3 7 5 10 6 4 8 5 9 4 7 6 1 1 10 6 2 2 9 5 8 8 6 5 5 0
,
0 22 4 26 9 9 24 29 14 34 35 8 53 36 11 35 5 25 27 29 17 26 50 40 16 48 19 25 30 17 29 9 30 13 35 33 26 27 5 11
30 0 44 29 26 19 7 31 20 48 4 32 45 26 47 27 26 40 27 38 11 23 23 28 13 42 47 54 6 14 35 41 24 15 49 23 16 21 21 28
10 31 0 17 21 21 20 13 23 25 21 11 33 22 10 50 12 78 51 46 22 21 39 50 12 31 21 16 40 27 14 17 65 21 26 58 20 41 8 17
22 24 12 0 25 23 34 13 48 13 38 9 23 37 14 49 31 66 25 10 38 34 41 12 28 18 8 6 28 21 8 12 24 18 33 59 15 26 13 1
11 18 23 28 0 11 20 13 17 46 25 8 17 23 30 31 6 21 12 27 23 7 24 42 15 30 8 10 36 11 18 12 19 8 18 28 16 19 19 20
18 8 13 25 6 0 10 25 6 26 10 21 20 25 22 29 7 49 23 24 11 24 25 29 6 40 27 20 22 6 24 26 18 6 24 35 15 24 14 31
28 8 28 36 26 8 0 21 10 50 17 32 66 50 42 26 14 41 33 50 2 22 46 57 6 33 30 48 22 9 37 26 24 21 27 40 19 22 10 56
11 30 28 17 14 31 28 0 28 18 42 4 31 26 27 28 20 42 23 8 27 11 36 11 22 25 7 8 26 20 1 10 27 12 25 17 24 15 25 6
8 9 22 17 11 8 9 18 0 34 15 28 43 19 13 40 8 43 27 48 14 22 26 37 4 45 35 36 20 4 32 25 36 10 29 18 24 19 11 20
19 64 50 24 20 58 37 23 49 0 67 30 34 41 36 27 36 60 19 14 29 47 43 12 57 37 13 23 42 61 13 32 68 27 31 40 37 31 37 13
34 2 37 52 28 21 14 35 25 74 0 22 50 16 26 11 20 22 15 44 18 16 10 45 20 41 34 52 4 18 49 26 18 23 54 25 11 32 41 61
16 41 28 13 4 23 33 8 19 25 31 0 38 19 22 38 7 38 35 21 42 24 23 26 27 20 7 9 31 21 7 6 34 16 25 20 11 29 22 12
54 28 41 51 19 47 54 24 29 32 56 37 0 8 38 21 40 20 12 13 41 19 37 23 58 11 45 17 55 47 26 32 36 45 8 13 18 5 27 34
49 28 47 41 31 39 20 9 53 33 32 21 9 0 41 18 29 29 3 13 44 9 25 17 25 5 20 12 32 23 23 24 15 16 16 13 21 4 42 22
9 50 8 19 21 23 33 35 29 33 36 26 25 23 0 44 30 63 22 25 46 50 50 30 16 57 15 28 34 39 35 19 49 37 76 69 27 32 12 15
46 25 43 20 28 28 29 19 22 21 23 16 26 7 60 0 28 16 10 24 38 10 12 22 26 8 25 22 14 16 20 19 5 20 18 6 9 20 19 33
11 20 21 21 5 8 23 15 14 40 31 19 50 16 29 22 0 47 33 16 10 20 37 51 14 32 20 28 35 6 22 10 24 7 52 19 22 38 8 17
64 30 40 53 33 26 39 33 51 59 23 34 21 16 37 20 55 0 12 37 49 33 25 23 28 22 36 57 20 24 39 33 13 37 10 16 19 15 74 61
40 33 34 36 26 30 40 10 44 26 22 22 15 6 29 14 39 19 0 15 33 8 14 15 40 1 32 30 31 24 19 24 8 20 14 6 11 5 41 21
24 43 53 10 26 32 32 16 20 13 54 18 16 17 46 25 21 44 9 0 60 12 30 14 28 14 14 6 45 41 6 22 43 37 14 31 15 10 31 20
33 17 31 54 19 13 5 25 8 41 15 25 43 34 50 43 11 72 30 46 0 46 26 65 11 21 28 35 23 13 49 34 30 28 37 37 26 53 31 27
38 18 21 27 16 27 32 11 38 27 20 18 18 6 44 9 23 34 7 23 42 0 22 14 20 6 27 17 29 30 20 25 13 17 13 13 4 7 22 20
53 13 45 49 20 33 21 25 37 28 23 38 41 23 75 10 29 23 15 53 27 22 0 32 22 15 46 53 14 30 44 33 5 29 14 11 25 29 28 49
27 40 41 14 24 45 64 21 24 9 46 17 25 22 23 41 39 54 33 12 30 15 56 0 32 35 14 18 26 43 8 19 44 19 14 25 30 13 45 18
21 8 26 26 20 2 5 30 6 41 9 31 40 33 42 31 10 51 32 42 10 22 30 24 0 42 31 27 24 3 18 14 27 9 41 21 18 31 20 26
38 17 41 45 34 20 39 13 48 29 27 15 8 3 41 9 35 13 1 8 28 9 13 26 33 0 35 36 21 43 24 20 18 16 13 11 8 5 52 37
13 40 27 7 20 22 20 8 16 13 50 8 40 29 14 18 20 40 34 19 35 11 32 29 34 28 0 9 36 28 11 2 33 16 46 47 23 21 17 4
26 31 36 8 20 21 44 7 16 12 39 10 38 22 13 32 27 58 35 10 60 27 45 10 48 31 9 0 25 31 3 9 40 32 36 49 21 10 21 8
29 5 49 40 25 14 12 54 23 85 4 50 55 49 36 29 19 20 32 39 25 32 12 61 10 29 26 30 0 12 38 34 25 33 47 11 32 49 24 49
20 19 24 25 22 3 8 40 5 68 20 23 58 17 24 28 9 28 35 31 11 24 30 52 3 20 28 43 29 0 35 17 37 7 31 23 21 19 11 29
14 28 17 8 21 27 38 2 33 14 34 9 21 18 20 35 27 25 17 7 33 21 23 9 42 21 7 5 36 28 0 8 24 16 31 17 26 18 17 16
9 23 17 10 8 28 19 8 24 24 41 7 24 16 14 24 17 31 37 16 44 23 54 34 29 39 3 13 53 21 14 0 52 11 20 46 26 28 25 11
25 12 65 45 36 15 25 17 37 29 27 25 36 27 51 8 18 11 16 33 35 22 4 24 34 10 24 47 10 44 45 51 0 19 18 6 20 12 45 42
18 13 27 22 6 10 16 23 8 28 14 18 22 29 39 9 5 52 15 22 16 9 21 34 9 33 15 24 26 8 15 17 12 0 24 15 7 25 13 14
33 37 47 39 25 28 38 28 53 43 39 29 5 16 36 16 35 10 16 23 44 28 38 16 37 8 44 38 31 32 26 48 19 38 0 23 31 9 34 35
26 24 36 39 31 32 48 41 36 31 25 17 15 13 44 4 21 18 13 29 48 10 8 48 26 9 34 40 17 43 19 29 4 16 25 0 11 13 54 52
18 15 35 38 6 11 27 18 21 22 16 22 18 13 45 5 11 37 19 27 15 7 12 36 22 10 17 24 23 15 19 28 16 8 29 21 0 18 23 24
16 41 32 20 21 21 39 17 20 34 44 28 10 4 31 11 22 28 7 14 31 10 29 15 41 10 26 22 43 46 9 19 28 23 7 9 23 0 44 28
7 37 10 32 8 19 20 29 7 58 16 16 35 30 11 42 10 33 46 31 17 38 35 48 12 32 28 16 31 8 14 16 46 9 66 27 16 37 0 36
26 32 26 1 10 36 27 13 41 17 45 13 44 40 22 44 13 70 22 17 28 20 59 19 42 34 8 8 66 42 8 10 37 27 30 28 34 35 36 0