7
40
,
0 (12.0, 37.0) 35.0
1 (10.0, 10.0) 23.0
2 (9.0, 44.0) 19.0
3 (30.0, 47.0) 44.0
4 (21.0, 29.0) 13.0
5 (11.0, 23.0) 16.0
6 (2.0, 20.0) 17.0
7 (32.0, 35.0) 26.0
8 (5.0, 27.0) 39.0
9 (48.0, 47.0) 37.0
10 (11.0, 7.0) 26.0
11 (26.0, 36.0) 10.0
12 (48.0, 18.0) 17.0
13 (40.0, 19.0) 13.0
14 (14.0, 50.0) 13.0
15 (30.0, 10.0) 15.0
16 (15.0, 29.0) 13.0
17 (47.0, 1.0) 10.0
18 (38.0, 15.0) 24.0
19 (42.0, 31.0) 39.0
20 (0.0, 17.0) 43.0
21 (31.0, 20.0) 11.0
22 (25.0, 0.0) 34.0
23 (49.0, 37.0) 16.0
24 (7.0, 21.0) 12.0
25 (39.0, 15.0) 16.0
26 (28.0, 41.0) 23.0
27 (34.0, 40.0) 17.0
28 (11.0, 2.0) 13.0
29 (7.0, 24.0) 20.0
30 (34.0, 35.0) 17.0
31 (24.0, 41.0) 15.0
32 (29.0, 3.0) 25.0
33 (18.0, 24.0) 28.0
34 (49.0, 12.0) 14.0
35 (33.0, 6.0) 22.0
36 (25.0, 18.0) 25.0
37 (40.0, 22.0) 35.0
38 (7.0, 37.0) 16.0
39 (30.0, 46.0) 40.0
,
0 5 2 4 2 3 4 4 2 7 6 3 8 7 3 6 2 10 7 6 5 5 8 7 3 7 3 4 7 3 4 3 8 3 9 7 5 6 1 4
5 0 7 8 4 3 3 7 4 11 1 6 8 6 8 4 4 8 6 8 2 5 4 9 2 6 7 8 2 3 7 7 4 3 8 5 3 6 5 8
2 7 0 4 4 4 5 5 3 8 7 4 9 8 2 8 3 11 8 7 6 7 9 8 5 8 4 5 8 4 5 3 9 4 10 9 6 8 1 4
4 8 4 0 4 6 8 2 6 4 9 2 7 6 3 7 5 10 7 4 8 5 9 4 7 7 1 2 10 7 3 2 9 5 8 8 6 5 5 0
2 4 4 4 0 2 4 3 3 6 5 2 6 4 4 4 1 8 4 4 5 3 6 6 3 5 3 3 6 3 3 2 5 1 7 5 2 4 3 4
3 3 4 6 2 0 2 5 1 9 3 4 7 6 5 5 1 8 6 6 3 4 5 8 1 6 5 6 4 1 5 4 5 1 8 6 3 6 3 6
4 3 5 8 4 2 0 7 2 11 3 6 9 8 6 6 3 10 7 8 1 6 6 10 1 7 7 8 4 1 7 6 6 3 10 7 5 8 4 8
4 7 5 2 3 5 7 0 6 4 7 1 5 4 5 5 4 7 4 2 7 3 7 3 6 4 1 1 8 5 0 2 6 4 6 6 4 3 5 2
2 4 3 6 3 1 2 6 0 9 4 5 9 7 5 6 2 10 7 7 2 5 7 9 1 7 5 6 5 1 6 5 7 3 9 7 4 7 2 6
7 11 8 4 6 9 11 4 9 0 11 5 6 6 7 8 8 9 7 3 11 6 10 2 10 7 4 3 12 9 4 5 10 8 7 9 7 5 8 4
6 1 7 9 5 3 3 7 4 11 0 7 8 6 9 4 4 7 6 8 3 5 3 10 3 6 8 8 1 3 7 7 4 4 8 4 4 7 6 9
3 6 4 2 2 4 6 1 5 5 7 0 6 4 4 5 3 8 5 3 6 3 7 5 5 5 1 2 7 4 2 1 7 3 7 6 4 4 4 2
8 8 9 7 6 7 9 5 9 6 8 6 0 2 9 4 7 3 2 3 10 3 6 4 8 2 6 5 8 8 4 7 5 6 1 4 5 2 9 7
7 6 8 6 4 6 8 4 7 6 6 4 2 0 8 3 5 4 1 2 8 2 5 4 7 1 5 4 7 7 3 5 4 5 2 3 3 1 8 6
3 8 2 3 4 5 6 5 5 7 9 4 9 8 0 9 4 12 8 7 7 7 10 7 6 9 3 4 10 5 5 3 10 5 10 10 7 8 3 3
6 4 8 7 4 5 6 5 6 8 4 5 4 3 9 0 5 4 2 5 6 2 2 7 5 2 6 6 4 5 5 6 1 4 4 1 2 3 7 7
2 4 3 5 1 1 3 4 2 8 4 3 7 5 4 5 0 9 5 5 4 4 6 7 2 6 4 4 5 2 4 3 6 1 8 6 3 5 2 5
10 8 11 10 8 8 10 7 10 9 7 8 3 4 12 4 9 0 3 6 10 5 4 7 9 3 9 8 7 9 7 9 4 7 2 3 6 4 11 10
7 6 8 7 4 6 7 4 7 7 6 5 2 1 8 2 5 3 0 3 8 2 4 5 6 0 6 5 6 6 4 6 3 4 2 2 3 1 8 6
6 8 7 4 4 6 8 2 7 3 8 3 3 2 7 5 5 6 3 0 9 3 7 2 7 3 3 2 8 7 2 4 6 5 4 5 4 2 7 4
5 2 6 8 5 3 1 7 2 11 3 6 10 8 7 6 4 10 8 9 0 6 6 11 2 8 7 8 4 2 8 7 6 4 10 7 5 8 4 8
5 5 7 5 3 4 6 3 5 6 5 3 3 2 7 2 4 5 2 3 6 0 4 5 5 2 4 4 5 5 3 4 3 3 4 3 1 2 6 5
8 4 9 9 6 5 6 7 7 10 3 7 6 5 10 2 6 4 4 7 6 4 0 9 6 4 8 8 3 6 7 8 1 5 5 2 4 5 8 9
7 9 8 4 6 8 10 3 9 2 10 5 4 4 7 7 7 7 5 2 11 5 9 0 9 5 4 3 10 9 3 5 8 7 5 7 6 3 8 4
3 2 5 7 3 1 1 6 1 10 3 5 8 7 6 5 2 9 6 7 2 5 6 9 0 7 6 7 4 1 6 5 6 2 9 6 4 7 3 7
7 6 8 7 5 6 7 4 7 7 6 5 2 1 9 2 6 3 0 3 8 2 4 5 7 0 6 5 6 7 4 6 3 5 2 2 3 1 8 6
3 7 4 1 3 5 7 1 5 4 8 1 6 5 3 6 4 9 6 3 7 4 8 4 6 6 0 1 9 5 2 1 8 4 7 7 5 4 4 1
4 8 5 2 3 6 8 1 6 3 8 2 5 4 4 6 4 8 5 2 8 4 8 3 7 5 1 0 9 6 1 2 7 5 6 7 5 4 5 1
7 2 8 10 6 4 4 8 5 12 1 7 8 7 10 4 5 7 6 8 4 5 3 10 4 6 9 9 0 4 8 8 4 5 8 4 4 7 7 10
3 3 4 7 3 1 1 5 1 9 3 4 8 7 5 5 2 9 6 7 2 5 6 9 1 7 5 6 4 0 6 5 6 2 9 6 4 7 3 6
4 7 5 3 3 5 7 0 6 4 7 2 4 3 5 5 4 7 4 2 8 3 7 3 6 4 2 1 8 6 0 2 6 4 5 6 4 3 5 2
3 7 3 2 2 4 6 2 5 5 7 1 7 5 3 6 3 9 6 4 7 4 8 5 5 6 1 2 8 5 2 0 8 4 8 7 5 5 3 2
8 4 9 9 5 5 6 6 7 10 4 7 5 4 10 1 6 4 3 6 6 3 1 8 6 3 8 7 4 6 6 8 0 5 4 1 3 4 8 9
3 3 4 5 1 1 3 4 3 8 4 3 6 5 5 4 1 7 4 5 4 3 5 7 2 5 4 5 5 2 4 4 5 0 7 5 2 4 3 5
9 8 10 8 7 8 10 6 9 7 8 7 1 2 10 4 8 2 2 4 10 4 5 5 9 2 7 6 8 9 5 8 4 7 0 3 5 3 10 8
7 5 9 8 5 6 7 6 7 9 4 6 4 3 10 1 6 3 2 5 7 3 2 7 6 2 7 7 4 6 6 7 1 5 3 0 3 3 8 8
5 3 6 6 2 3 5 4 4 7 4 4 5 3 7 2 3 6 3 4 5 1 4 6 4 3 5 5 4 4 4 5 3 2 5 3 0 3 5 6
6 6 8 5 4 6 8 3 7 5 7 4 2 1 8 3 5 4 1 2 8 2 5 3 7 1 4 4 7 7 3 5 4 4 3 3 3 0 7 5
1 5 1 5 3 3 4 5 2 8 6 4 9 8 3 7 2 11 8 7 4 6 8 8 3 8 4 5 7 3 5 3 8 3 10 8 5 7 0 5
4 8 4 0 4 6 8 2 6 4 9 2 7 6 3 7 5 10 6 4 8 5 9 4 7 6 1 1 10 6 2 2 9 5 8 8 6 5 5 0
,
0 28 8 13 13 7 18 26 13 21 24 16 53 49 12 36 10 25 27 39 29 25 55 26 18 30 16 23 27 9 14 14 36 14 41 25 25 22 3 26
18 0 50 40 19 16 17 17 19 45 4 24 48 27 26 24 18 39 18 29 13 28 27 31 10 22 53 32 5 17 50 37 22 20 31 33 12 25 22 23
7 33 0 13 26 20 17 21 10 35 47 28 34 32 8 57 14 54 26 47 30 35 62 28 29 44 10 30 33 14 33 13 34 25 76 52 21 26 9 28
19 48 15 0 22 34 55 8 26 17 46 16 50 21 16 20 21 68 26 26 52 28 32 20 50 18 7 7 41 43 11 11 66 37 39 38 22 36 25 1
13 30 20 19 0 9 27 16 13 41 31 5 34 22 21 15 5 35 27 29 13 11 21 43 10 25 21 12 36 11 15 9 20 3 42 37 9 12 11 20
16 11 12 39 10 0 6 35 8 57 15 17 33 30 20 19 9 36 21 46 8 14 21 53 5 28 27 25 31 2 22 26 28 10 22 30 19 34 18 32
24 6 15 49 25 5 0 37 4 50 16 18 49 29 27 31 22 31 47 27 4 15 24 27 4 55 28 32 30 8 39 44 19 24 57 32 15 50 19 47
17 18 24 16 6 17 34 0 16 21 20 4 26 15 16 19 18 51 28 15 49 19 29 16 37 15 7 6 26 37 2 6 19 17 17 19 25 20 28 13
10 20 15 36 17 11 5 17 0 70 20 24 63 45 33 27 14 46 49 47 14 35 30 65 6 48 31 22 26 3 19 31 23 18 30 49 22 37 6 22
39 59 29 23 34 39 62 22 43 0 53 33 35 27 42 53 45 68 31 17 57 38 31 12 29 27 18 11 87 68 27 23 48 29 23 63 46 33 40 16
17 4 41 59 34 19 21 50 14 68 0 27 33 21 23 19 34 53 24 37 20 17 21 40 18 22 46 43 4 13 34 22 13 10 26 19 10 27 21 49
15 28 22 11 12 18 40 9 23 18 18 0 26 12 18 26 16 39 12 20 29 11 23 19 21 15 5 12 26 22 9 6 49 15 23 45 27 21 15 7
46 27 26 48 32 47 66 19 58 32 24 39 0 6 35 10 19 12 13 16 41 24 19 18 58 12 18 34 51 51 32 48 18 21 6 14 17 7 58 28
42 24 42 22 17 42 56 16 46 28 40 12 7 0 37 20 17 26 3 14 32 11 31 13 43 4 26 13 22 29 25 33 17 20 17 13 19 2 50 35
13 49 10 15 15 34 31 27 21 43 22 23 27 45 0 25 28 61 52 50 50 24 41 44 31 54 17 23 36 26 33 7 70 33 30 54 46 46 11 18
29 29 30 20 30 18 22 26 30 34 13 26 28 12 54 0 31 16 7 16 41 7 13 42 18 12 45 38 22 17 19 42 7 27 22 4 9 9 48 18
10 17 19 21 6 10 12 17 12 49 26 11 42 14 24 34 0 56 25 18 24 10 29 39 8 23 22 21 32 8 15 12 18 7 43 26 9 25 8 22
27 20 55 44 54 50 28 40 26 47 30 27 17 19 73 16 63 0 22 30 58 14 28 23 32 18 40 24 43 48 31 49 15 33 16 9 36 21 77 45
21 31 56 47 16 15 53 15 22 45 20 17 7 3 32 11 20 10 0 18 47 7 22 19 27 1 23 17 18 41 29 22 11 20 11 12 14 5 30 19
40 36 28 10 31 25 44 15 47 15 25 21 21 8 42 19 37 34 23 0 45 21 21 9 30 11 20 16 62 45 10 12 32 23 16 17 27 12 27 22
35 14 42 27 15 12 2 52 8 54 19 23 63 59 51 24 11 71 54 28 0 29 27 30 8 22 25 59 13 9 20 39 24 16 62 24 21 49 24 47
37 31 18 14 14 28 22 14 39 25 29 25 24 11 34 7 11 36 10 15 25 0 27 22 16 10 31 14 21 19 15 18 17 17 18 18 7 9 43 38
56 21 57 39 41 14 43 26 50 36 18 36 32 30 76 6 43 32 14 23 41 20 0 31 23 20 61 24 12 20 20 43 5 25 35 13 14 34 23 66
30 30 46 12 21 41 40 25 26 7 36 12 21 25 52 43 20 44 28 8 56 27 30 0 58 29 12 20 26 62 11 30 47 28 15 34 20 12 45 28
12 10 14 51 17 6 5 24 4 32 14 20 52 17 39 29 17 50 47 30 12 28 24 51 0 21 30 39 20 2 45 14 41 11 64 38 18 40 13 42
30 19 25 22 13 40 22 14 31 31 23 17 7 5 58 14 21 17 1 24 35 5 25 16 25 0 19 27 21 34 19 36 9 33 10 15 21 10 25 36
13 24 24 3 8 34 40 5 29 28 47 5 28 25 24 35 25 24 24 22 43 20 21 23 41 23 0 4 26 28 5 3 50 22 24 33 16 31 19 5
22 23 18 10 9 24 56 7 46 13 45 7 14 30 22 36 19 45 23 7 59 23 27 21 19 33 5 0 64 38 3 5 51 22 39 38 35 21 38 5
24 8 57 36 26 29 13 20 38 65 7 20 60 40 28 31 27 40 25 47 15 15 16 27 10 17 33 64 0 22 52 40 23 30 32 13 21 22 42 65
18 10 20 39 10 3 3 16 5 56 10 27 25 41 37 15 10 49 42 46 9 15 37 56 3 33 17 28 12 0 32 22 22 16 23 36 28 17 14 17
13 32 20 10 18 29 26 2 27 25 44 8 27 24 21 23 18 22 21 5 29 8 51 17 19 25 10 4 50 32 0 17 26 15 17 22 26 12 34 13
15 19 18 5 11 23 38 9 32 32 36 7 28 34 17 23 17 51 38 27 31 30 51 30 18 20 6 13 41 16 15 0 37 27 44 27 28 16 14 4
44 25 32 32 18 40 16 24 36 71 28 26 33 16 26 4 21 21 8 31 47 21 7 30 39 12 49 26 26 29 41 57 0 16 26 4 21 28 40 22
18 22 14 29 7 9 20 15 15 46 17 17 37 12 37 20 6 38 16 18 29 8 14 33 11 29 12 31 14 13 23 12 31 0 36 13 11 17 22 29
24 29 71 20 38 58 34 24 45 29 37 20 8 7 70 24 32 6 6 29 60 26 26 30 24 11 49 34 51 59 29 43 31 48 0 19 13 18 26 40
35 13 30 56 27 31 28 36 42 36 22 42 11 18 64 3 29 13 6 23 46 12 7 30 21 13 28 22 25 47 23 24 4 25 22 0 9 13 43 36
14 16 24 34 7 16 21 19 32 29 21 9 24 9 34 13 22 16 15 24 28 7 16 39 19 8 25 22 29 17 14 30 22 9 25 8 0 21 28 17
22 27 54 32 26 16 29 21 30 30 33 19 6 2 45 23 16 13 8 11 30 10 30 26 31 8 20 15 52 39 11 27 21 29 8 17 17 0 40 27
7 40 10 32 22 11 10 13 11 31 24 17 46 48 12 50 11 37 42 25 30 17 45 35 12 43 18 14 24 16 32 22 58 24 34 37 30 30 0 16
24 47 31 1 28 36 35 10 17 20 58 13 30 30 12 53 30 70 21 26 62 33 68 12 47 31 8 5 38 41 15 7 53 14 40 44 32 38 37 0