7
40
,
0 (12.0, 37.0) 43.0
1 (10.0, 10.0) 12.0
2 (9.0, 44.0) 14.0
3 (30.0, 47.0) 14.0
4 (21.0, 29.0) 28.0
5 (11.0, 23.0) 12.0
6 (2.0, 20.0) 13.0
7 (32.0, 35.0) 15.0
8 (5.0, 27.0) 17.0
9 (48.0, 47.0) 45.0
10 (11.0, 7.0) 18.0
11 (26.0, 36.0) 27.0
12 (48.0, 18.0) 41.0
13 (40.0, 19.0) 33.0
14 (14.0, 50.0) 12.0
15 (30.0, 10.0) 27.0
16 (15.0, 29.0) 45.0
17 (47.0, 1.0) 37.0
18 (38.0, 15.0) 24.0
19 (42.0, 31.0) 26.0
20 (0.0, 17.0) 21.0
21 (31.0, 20.0) 12.0
22 (25.0, 0.0) 36.0
23 (49.0, 37.0) 12.0
24 (7.0, 21.0) 43.0
25 (39.0, 15.0) 15.0
26 (28.0, 41.0) 14.0
27 (34.0, 40.0) 13.0
28 (11.0, 2.0) 48.0
29 (7.0, 24.0) 36.0
30 (34.0, 35.0) 11.0
31 (24.0, 41.0) 24.0
32 (29.0, 3.0) 32.0
33 (18.0, 24.0) 11.0
34 (49.0, 12.0) 11.0
35 (33.0, 6.0) 20.0
36 (25.0, 18.0) 36.0
37 (40.0, 22.0) 15.0
38 (7.0, 37.0) 23.0
39 (30.0, 46.0) 14.0
,
0 5 2 4 2 3 4 4 2 7 6 3 8 7 3 6 2 10 7 6 5 5 8 7 3 7 3 4 7 3 4 3 8 3 9 7 5 6 1 4
5 0 7 8 4 3 3 7 4 11 1 6 8 6 8 4 4 8 6 8 2 5 4 9 2 6 7 8 2 3 7 7 4 3 8 5 3 6 5 8
2 7 0 4 4 4 5 5 3 8 7 4 9 8 2 8 3 11 8 7 6 7 9 8 5 8 4 5 8 4 5 3 9 4 10 9 6 8 1 4
4 8 4 0 4 6 8 2 6 4 9 2 7 6 3 7 5 10 7 4 8 5 9 4 7 7 1 2 10 7 3 2 9 5 8 8 6 5 5 0
2 4 4 4 0 2 4 3 3 6 5 2 6 4 4 4 1 8 4 4 5 3 6 6 3 5 3 3 6 3 3 2 5 1 7 5 2 4 3 4
3 3 4 6 2 0 2 5 1 9 3 4 7 6 5 5 1 8 6 6 3 4 5 8 1 6 5 6 4 1 5 4 5 1 8 6 3 6 3 6
4 3 5 8 4 2 0 7 2 11 3 6 9 8 6 6 3 10 7 8 1 6 6 10 1 7 7 8 4 1 7 6 6 3 10 7 5 8 4 8
4 7 5 2 3 5 7 0 6 4 7 1 5 4 5 5 4 7 4 2 7 3 7 3 6 4 1 1 8 5 0 2 6 4 6 6 4 3 5 2
2 4 3 6 3 1 2 6 0 9 4 5 9 7 5 6 2 10 7 7 2 5 7 9 1 7 5 6 5 1 6 5 7 3 9 7 4 7 2 6
7 11 8 4 6 9 11 4 9 0 11 5 6 6 7 8 8 9 7 3 11 6 10 2 10 7 4 3 12 9 4 5 10 8 7 9 7 5 8 4
6 1 7 9 5 3 3 7 4 11 0 7 8 6 9 4 4 7 6 8 3 5 3 10 3 6 8 8 1 3 7 7 4 4 8 4 4 7 6 9
3 6 4 2 2 4 6 1 5 5 7 0 6 4 4 5 3 8 5 3 6 3 7 5 5 5 1 2 7 4 2 1 7 3 7 6 4 4 4 2
8 8 9 7 6 7 9 5 9 6 8 6 0 2 9 4 7 3 2 3 10 3 6 4 8 2 6 5 8 8 4 7 5 6 1 4 5 2 9 7
7 6 8 6 4 6 8 4 7 6 6 4 2 0 8 3 5 4 1 2 8 2 5 4 7 1 5 4 7 7 3 5 4 5 2 3 3 1 8 6
3 8 2 3 4 5 6 5 5 7 9 4 9 8 0 9 4 12 8 7 7 7 10 7 6 9 3 4 10 5 5 3 10 5 10 10 7 8 3 3
6 4 8 7 4 5 6 5 6 8 4 5 4 3 9 0 5 4 2 5 6 2 2 7 5 2 6 6 4 5 5 6 1 4 4 1 2 3 7 7
2 4 3 5 1 1 3 4 2 8 4 3 7 5 4 5 0 9 5 5 4 4 6 7 2 6 4 4 5 2 4 3 6 1 8 6 3 5 2 5
10 8 11 10 8 8 10 7 10 9 7 8 3 4 12 4 9 0 3 6 10 5 4 7 9 3 9 8 7 9 7 9 4 7 2 3 6 4 11 10
7 6 8 7 4 6 7 4 7 7 6 5 2 1 8 2 5 3 0 3 8 2 4 5 6 0 6 5 6 6 4 6 3 4 2 2 3 1 8 6
6 8 7 4 4 6 8 2 7 3 8 3 3 2 7 5 5 6 3 0 9 3 7 2 7 3 3 2 8 7 2 4 6 5 4 5 4 2 7 4
5 2 6 8 5 3 1 7 2 11 3 6 10 8 7 6 4 10 8 9 0 6 6 11 2 8 7 8 4 2 8 7 6 4 10 7 5 8 4 8
5 5 7 5 3 4 6 3 5 6 5 3 3 2 7 2 4 5 2 3 6 0 4 5 5 2 4 4 5 5 3 4 3 3 4 3 1 2 6 5
8 4 9 9 6 5 6 7 7 10 3 7 6 5 10 2 6 4 4 7 6 4 0 9 6 4 8 8 3 6 7 8 1 5 5 2 4 5 8 9
7 9 8 4 6 8 10 3 9 2 10 5 4 4 7 7 7 7 5 2 11 5 9 0 9 5 4 3 10 9 3 5 8 7 5 7 6 3 8 4
3 2 5 7 3 1 1 6 1 10 3 5 8 7 6 5 2 9 6 7 2 5 6 9 0 7 6 7 4 1 6 5 6 2 9 6 4 7 3 7
7 6 8 7 5 6 7 4 7 7 6 5 2 1 9 2 6 3 0 3 8 2 4 5 7 0 6 5 6 7 4 6 3 5 2 2 3 1 8 6
3 7 4 1 3 5 7 1 5 4 8 1 6 5 3 6 4 9 6 3 7 4 8 4 6 6 0 1 9 5 2 1 8 4 7 7 5 4 4 1
4 8 5 2 3 6 8 1 6 3 8 2 5 4 4 6 4 8 5 2 8 4 8 3 7 5 1 0 9 6 1 2 7 5 6 7 5 4 5 1
7 2 8 10 6 4 4 8 5 12 1 7 8 7 10 4 5 7 6 8 4 5 3 10 4 6 9 9 0 4 8 8 4 5 8 4 4 7 7 10
3 3 4 7 3 1 1 5 1 9 3 4 8 7 5 5 2 9 6 7 2 5 6 9 1 7 5 6 4 0 6 5 6 2 9 6 4 7 3 6
4 7 5 3 3 5 7 0 6 4 7 2 4 3 5 5 4 7 4 2 8 3 7 3 6 4 2 1 8 6 0 2 6 4 5 6 4 3 5 2
3 7 3 2 2 4 6 2 5 5 7 1 7 5 3 6 3 9 6 4 7 4 8 5 5 6 1 2 8 5 2 0 8 4 8 7 5 5 3 2
8 4 9 9 5 5 6 6 7 10 4 7 5 4 10 1 6 4 3 6 6 3 1 8 6 3 8 7 4 6 6 8 0 5 4 1 3 4 8 9
3 3 4 5 1 1 3 4 3 8 4 3 6 5 5 4 1 7 4 5 4 3 5 7 2 5 4 5 5 2 4 4 5 0 7 5 2 4 3 5
9 8 10 8 7 8 10 6 9 7 8 7 1 2 10 4 8 2 2 4 10 4 5 5 9 2 7 6 8 9 5 8 4 7 0 3 5 3 10 8
7 5 9 8 5 6 7 6 7 9 4 6 4 3 10 1 6 3 2 5 7 3 2 7 6 2 7 7 4 6 6 7 1 5 3 0 3 3 8 8
5 3 6 6 2 3 5 4 4 7 4 4 5 3 7 2 3 6 3 4 5 1 4 6 4 3 5 5 4 4 4 5 3 2 5 3 0 3 5 6
6 6 8 5 4 6 8 3 7 5 7 4 2 1 8 3 5 4 1 2 8 2 5 3 7 1 4 4 7 7 3 5 4 4 3 3 3 0 7 5
1 5 1 5 3 3 4 5 2 8 6 4 9 8 3 7 2 11 8 7 4 6 8 8 3 8 4 5 7 3 5 3 8 3 10 8 5 7 0 5
4 8 4 0 4 6 8 2 6 4 9 2 7 6 3 7 5 10 6 4 8 5 9 4 7 6 1 1 10 6 2 2 9 5 8 8 6 5 5 0
,
0 23 5 30 9 9 15 24 13 54 34 21 32 47 11 19 9 32 40 30 28 13 55 27 13 27 23 17 28 10 22 13 36 15 39 21 29 41 3 11
22 0 21 46 19 12 12 37 17 69 4 19 42 34 22 15 15 56 41 30 9 13 21 46 12 28 21 52 9 10 24 22 25 13 20 33 22 38 23 41
11 45 0 15 11 27 27 17 21 45 45 21 62 37 7 56 10 45 38 26 17 36 52 46 22 60 23 20 53 27 34 18 61 18 38 39 44 51 4 30
21 60 19 0 22 41 51 8 26 26 62 10 38 32 14 47 23 29 46 15 45 21 26 17 28 24 8 11 71 46 16 11 65 37 41 46 16 25 18 1
13 18 20 29 0 14 21 16 22 18 33 7 28 13 29 29 7 34 16 11 35 13 31 41 21 14 13 22 28 19 14 13 23 6 38 30 7 18 12 15
15 17 16 44 13 0 5 32 9 28 19 13 28 22 40 16 5 51 31 48 13 15 20 32 4 32 16 32 30 3 27 28 16 6 57 27 11 21 15 19
16 10 35 57 25 10 0 41 11 79 14 42 64 28 30 26 14 37 37 27 3 42 19 25 4 42 30 45 23 4 19 40 31 14 65 41 15 21 13 32
23 35 29 18 9 29 26 0 36 18 18 4 22 15 30 30 22 37 16 7 43 8 34 18 19 14 10 6 29 38 2 8 34 22 37 43 20 10 22 8
11 15 9 26 9 4 6 17 0 43 21 19 64 48 32 17 10 69 29 43 12 27 22 41 4 27 25 37 22 4 39 30 47 16 64 22 21 30 6 27
52 57 26 23 20 42 71 18 54 0 57 13 29 16 46 29 54 59 33 12 39 30 32 10 58 20 11 21 84 39 24 21 45 32 48 41 34 38 57 18
29 2 37 23 17 16 20 28 24 44 0 36 54 38 22 20 14 50 40 28 7 32 21 61 9 32 53 58 4 24 39 34 20 23 46 29 24 22 25 30
9 38 10 17 11 17 30 9 13 32 40 0 35 28 9 25 16 23 31 15 21 10 35 26 22 36 3 5 35 21 5 6 37 16 18 34 23 22 27 6
44 25 29 28 38 43 44 15 52 32 34 33 0 11 55 15 29 12 8 11 30 20 22 11 43 6 30 33 53 28 26 27 32 21 8 13 12 6 67 37
34 18 40 36 32 37 24 12 37 23 24 32 5 0 29 8 18 27 3 9 50 12 29 20 27 4 26 23 45 49 24 41 25 25 13 15 9 2 32 20
18 32 4 13 28 18 19 20 37 28 35 16 62 33 0 33 31 34 28 32 22 23 74 42 42 63 18 21 38 21 35 12 37 36 66 37 45 48 13 13
39 20 43 30 25 18 32 37 31 21 20 37 18 16 62 0 16 16 6 20 27 8 15 23 35 9 22 15 16 26 13 47 6 12 25 7 5 19 24 33
10 15 16 15 4 5 16 24 6 22 15 16 30 14 31 16 0 36 22 35 11 25 41 26 15 37 15 22 29 11 13 10 38 4 21 36 9 28 9 30
43 51 39 56 42 60 27 31 33 27 39 22 14 25 81 28 61 0 25 33 45 34 15 27 31 9 60 48 46 58 40 62 22 25 9 21 30 27 27 57
32 30 46 41 17 34 43 12 43 48 28 21 10 6 33 9 18 19 0 18 46 12 25 23 19 1 33 29 18 47 18 19 22 18 6 11 17 9 55 21
18 33 34 22 11 26 25 14 45 25 51 24 9 8 50 24 19 40 11 0 54 19 32 12 47 24 18 17 51 50 5 25 20 23 21 23 16 10 19 27
13 18 24 63 27 7 4 39 7 78 8 30 24 38 54 30 29 71 36 47 0 29 21 42 9 41 50 21 16 10 28 20 17 17 38 33 17 24 23 38
38 30 43 33 12 30 36 13 21 31 28 16 21 9 41 11 22 14 9 13 44 0 20 35 32 7 26 10 30 30 11 20 12 18 27 17 9 10 36 24
29 21 55 59 15 20 44 46 39 40 13 40 38 33 44 16 24 21 25 36 31 28 0 26 27 19 21 38 19 37 35 50 4 16 28 8 10 22 57 60
48 42 31 24 15 28 58 11 34 8 51 18 12 25 45 44 38 53 13 11 44 14 63 0 23 23 17 13 27 47 11 27 25 49 33 35 16 19 57 25
21 13 33 22 15 4 3 26 9 46 11 15 54 23 33 37 9 43 26 21 9 26 30 56 0 41 35 24 16 2 30 30 34 16 55 24 16 22 15 44
29 41 24 39 33 22 33 31 53 40 33 37 8 3 62 10 28 11 1 24 49 13 19 22 34 0 24 33 41 42 17 38 23 30 13 13 10 7 50 48
21 40 23 8 15 23 19 6 23 16 44 5 28 36 16 45 22 34 33 23 35 11 54 16 23 19 0 5 28 35 12 3 53 11 48 42 24 28 27 3
12 47 36 5 13 38 43 3 17 9 52 9 32 25 25 24 20 31 32 15 61 27 23 10 46 16 9 0 23 18 6 13 39 21 24 20 26 12 15 5
43 10 50 62 36 20 25 32 21 86 3 31 56 25 62 17 31 20 38 27 23 14 16 57 23 32 50 52 0 29 50 54 17 31 30 29 17 28 21 62
8 9 24 43 22 3 6 14 3 44 26 11 33 26 31 23 10 38 34 46 15 18 44 64 2 46 36 30 17 0 24 14 40 12 58 37 12 44 10 21
12 17 23 10 20 34 46 3 33 11 35 11 28 12 36 24 11 54 15 10 54 13 31 15 25 26 7 6 45 28 0 11 41 21 27 41 15 9 19 12
13 31 11 12 14 18 39 10 33 13 52 7 32 23 19 47 18 62 23 18 17 23 51 37 15 15 5 11 57 35 14 0 30 20 27 23 16 31 20 5
35 20 24 30 15 16 25 34 42 70 24 17 30 22 61 4 26 19 21 22 35 11 3 37 39 12 29 38 24 38 25 57 0 18 28 4 18 19 23 35
19 14 31 15 7 5 9 19 20 53 26 20 37 23 26 23 4 31 18 15 14 15 25 29 9 28 12 14 32 16 11 11 31 0 31 32 5 29 18 14
57 48 52 22 33 27 63 41 49 24 36 17 9 12 35 16 26 6 11 28 28 17 25 30 63 6 44 39 28 46 18 52 11 32 0 22 32 10 39 36
26 27 31 43 14 40 42 28 27 52 23 27 24 20 33 4 40 17 11 29 21 9 8 46 40 13 34 38 26 29 20 35 4 26 21 0 16 15 24 43
27 14 33 41 7 14 17 12 25 23 25 23 15 17 17 9 22 15 12 28 29 8 26 27 10 21 23 28 12 12 16 30 12 10 24 21 0 22 18 39
21 31 23 25 22 16 50 17 40 33 18 14 12 3 26 14 31 19 5 13 31 6 32 16 43 8 14 23 42 45 8 34 15 18 15 14 18 0 45 21
6 21 8 24 13 18 23 13 12 31 39 24 33 53 12 28 11 76 53 45 16 21 52 52 24 21 26 37 22 17 18 26 36 25 43 20 17 18 0 14
21 56 15 1 20 38 34 16 31 25 52 11 47 33 10 34 30 38 26 27 61 26 48 25 29 33 4 6 64 31 6 9 35 14 50 56 26 37 14 0