7
40
,
0 (12.0, 37.0) 40.0
1 (10.0, 10.0) 18.0
2 (9.0, 44.0) 24.0
3 (30.0, 47.0) 22.0
4 (21.0, 29.0) 27.0
5 (11.0, 23.0) 26.0
6 (2.0, 20.0) 25.0
7 (32.0, 35.0) 46.0
8 (5.0, 27.0) 23.0
9 (48.0, 47.0) 11.0
10 (11.0, 7.0) 15.0
11 (26.0, 36.0) 42.0
12 (48.0, 18.0) 12.0
13 (40.0, 19.0) 14.0
14 (14.0, 50.0) 11.0
15 (30.0, 10.0) 15.0
16 (15.0, 29.0) 48.0
17 (47.0, 1.0) 29.0
18 (38.0, 15.0) 15.0
19 (42.0, 31.0) 26.0
20 (0.0, 17.0) 30.0
21 (31.0, 20.0) 18.0
22 (25.0, 0.0) 10.0
23 (49.0, 37.0) 29.0
24 (7.0, 21.0) 45.0
25 (39.0, 15.0) 45.0
26 (28.0, 41.0) 15.0
27 (34.0, 40.0) 13.0
28 (11.0, 2.0) 18.0
29 (7.0, 24.0) 25.0
30 (34.0, 35.0) 28.0
31 (24.0, 41.0) 16.0
32 (29.0, 3.0) 17.0
33 (18.0, 24.0) 42.0
34 (49.0, 12.0) 22.0
35 (33.0, 6.0) 20.0
36 (25.0, 18.0) 46.0
37 (40.0, 22.0) 12.0
38 (7.0, 37.0) 18.0
39 (30.0, 46.0) 31.0
,
0 5 2 4 2 3 4 4 2 7 6 3 8 7 3 6 2 10 7 6 5 5 8 7 3 7 3 4 7 3 4 3 8 3 9 7 5 6 1 4
5 0 7 8 4 3 3 7 4 11 1 6 8 6 8 4 4 8 6 8 2 5 4 9 2 6 7 8 2 3 7 7 4 3 8 5 3 6 5 8
2 7 0 4 4 4 5 5 3 8 7 4 9 8 2 8 3 11 8 7 6 7 9 8 5 8 4 5 8 4 5 3 9 4 10 9 6 8 1 4
4 8 4 0 4 6 8 2 6 4 9 2 7 6 3 7 5 10 7 4 8 5 9 4 7 7 1 2 10 7 3 2 9 5 8 8 6 5 5 0
2 4 4 4 0 2 4 3 3 6 5 2 6 4 4 4 1 8 4 4 5 3 6 6 3 5 3 3 6 3 3 2 5 1 7 5 2 4 3 4
3 3 4 6 2 0 2 5 1 9 3 4 7 6 5 5 1 8 6 6 3 4 5 8 1 6 5 6 4 1 5 4 5 1 8 6 3 6 3 6
4 3 5 8 4 2 0 7 2 11 3 6 9 8 6 6 3 10 7 8 1 6 6 10 1 7 7 8 4 1 7 6 6 3 10 7 5 8 4 8
4 7 5 2 3 5 7 0 6 4 7 1 5 4 5 5 4 7 4 2 7 3 7 3 6 4 1 1 8 5 0 2 6 4 6 6 4 3 5 2
2 4 3 6 3 1 2 6 0 9 4 5 9 7 5 6 2 10 7 7 2 5 7 9 1 7 5 6 5 1 6 5 7 3 9 7 4 7 2 6
7 11 8 4 6 9 11 4 9 0 11 5 6 6 7 8 8 9 7 3 11 6 10 2 10 7 4 3 12 9 4 5 10 8 7 9 7 5 8 4
6 1 7 9 5 3 3 7 4 11 0 7 8 6 9 4 4 7 6 8 3 5 3 10 3 6 8 8 1 3 7 7 4 4 8 4 4 7 6 9
3 6 4 2 2 4 6 1 5 5 7 0 6 4 4 5 3 8 5 3 6 3 7 5 5 5 1 2 7 4 2 1 7 3 7 6 4 4 4 2
8 8 9 7 6 7 9 5 9 6 8 6 0 2 9 4 7 3 2 3 10 3 6 4 8 2 6 5 8 8 4 7 5 6 1 4 5 2 9 7
7 6 8 6 4 6 8 4 7 6 6 4 2 0 8 3 5 4 1 2 8 2 5 4 7 1 5 4 7 7 3 5 4 5 2 3 3 1 8 6
3 8 2 3 4 5 6 5 5 7 9 4 9 8 0 9 4 12 8 7 7 7 10 7 6 9 3 4 10 5 5 3 10 5 10 10 7 8 3 3
6 4 8 7 4 5 6 5 6 8 4 5 4 3 9 0 5 4 2 5 6 2 2 7 5 2 6 6 4 5 5 6 1 4 4 1 2 3 7 7
2 4 3 5 1 1 3 4 2 8 4 3 7 5 4 5 0 9 5 5 4 4 6 7 2 6 4 4 5 2 4 3 6 1 8 6 3 5 2 5
10 8 11 10 8 8 10 7 10 9 7 8 3 4 12 4 9 0 3 6 10 5 4 7 9 3 9 8 7 9 7 9 4 7 2 3 6 4 11 10
7 6 8 7 4 6 7 4 7 7 6 5 2 1 8 2 5 3 0 3 8 2 4 5 6 0 6 5 6 6 4 6 3 4 2 2 3 1 8 6
6 8 7 4 4 6 8 2 7 3 8 3 3 2 7 5 5 6 3 0 9 3 7 2 7 3 3 2 8 7 2 4 6 5 4 5 4 2 7 4
5 2 6 8 5 3 1 7 2 11 3 6 10 8 7 6 4 10 8 9 0 6 6 11 2 8 7 8 4 2 8 7 6 4 10 7 5 8 4 8
5 5 7 5 3 4 6 3 5 6 5 3 3 2 7 2 4 5 2 3 6 0 4 5 5 2 4 4 5 5 3 4 3 3 4 3 1 2 6 5
8 4 9 9 6 5 6 7 7 10 3 7 6 5 10 2 6 4 4 7 6 4 0 9 6 4 8 8 3 6 7 8 1 5 5 2 4 5 8 9
7 9 8 4 6 8 10 3 9 2 10 5 4 4 7 7 7 7 5 2 11 5 9 0 9 5 4 3 10 9 3 5 8 7 5 7 6 3 8 4
3 2 5 7 3 1 1 6 1 10 3 5 8 7 6 5 2 9 6 7 2 5 6 9 0 7 6 7 4 1 6 5 6 2 9 6 4 7 3 7
7 6 8 7 5 6 7 4 7 7 6 5 2 1 9 2 6 3 0 3 8 2 4 5 7 0 6 5 6 7 4 6 3 5 2 2 3 1 8 6
3 7 4 1 3 5 7 1 5 4 8 1 6 5 3 6 4 9 6 3 7 4 8 4 6 6 0 1 9 5 2 1 8 4 7 7 5 4 4 1
4 8 5 2 3 6 8 1 6 3 8 2 5 4 4 6 4 8 5 2 8 4 8 3 7 5 1 0 9 6 1 2 7 5 6 7 5 4 5 1
7 2 8 10 6 4 4 8 5 12 1 7 8 7 10 4 5 7 6 8 4 5 3 10 4 6 9 9 0 4 8 8 4 5 8 4 4 7 7 10
3 3 4 7 3 1 1 5 1 9 3 4 8 7 5 5 2 9 6 7 2 5 6 9 1 7 5 6 4 0 6 5 6 2 9 6 4 7 3 6
4 7 5 3 3 5 7 0 6 4 7 2 4 3 5 5 4 7 4 2 8 3 7 3 6 4 2 1 8 6 0 2 6 4 5 6 4 3 5 2
3 7 3 2 2 4 6 2 5 5 7 1 7 5 3 6 3 9 6 4 7 4 8 5 5 6 1 2 8 5 2 0 8 4 8 7 5 5 3 2
8 4 9 9 5 5 6 6 7 10 4 7 5 4 10 1 6 4 3 6 6 3 1 8 6 3 8 7 4 6 6 8 0 5 4 1 3 4 8 9
3 3 4 5 1 1 3 4 3 8 4 3 6 5 5 4 1 7 4 5 4 3 5 7 2 5 4 5 5 2 4 4 5 0 7 5 2 4 3 5
9 8 10 8 7 8 10 6 9 7 8 7 1 2 10 4 8 2 2 4 10 4 5 5 9 2 7 6 8 9 5 8 4 7 0 3 5 3 10 8
7 5 9 8 5 6 7 6 7 9 4 6 4 3 10 1 6 3 2 5 7 3 2 7 6 2 7 7 4 6 6 7 1 5 3 0 3 3 8 8
5 3 6 6 2 3 5 4 4 7 4 4 5 3 7 2 3 6 3 4 5 1 4 6 4 3 5 5 4 4 4 5 3 2 5 3 0 3 5 6
6 6 8 5 4 6 8 3 7 5 7 4 2 1 8 3 5 4 1 2 8 2 5 3 7 1 4 4 7 7 3 5 4 4 3 3 3 0 7 5
1 5 1 5 3 3 4 5 2 8 6 4 9 8 3 7 2 11 8 7 4 6 8 8 3 8 4 5 7 3 5 3 8 3 10 8 5 7 0 5
4 8 4 0 4 6 8 2 6 4 9 2 7 6 3 7 5 10 6 4 8 5 9 4 7 6 1 1 10 6 2 2 9 5 8 8 6 5 5 0
,
0 14 8 27 16 19 16 28 11 32 21 19 59 35 14 22 6 54 24 22 16 16 33 44 14 44 20 29 38 18 19 18 42 20 66 39 33 29 7 12
35 0 34 35 33 12 13 49 18 78 4 25 42 25 44 27 12 35 27 28 9 27 21 36 8 16 42 54 6 21 39 39 21 22 46 32 15 41 27 40
6 41 0 19 24 12 26 35 22 26 44 27 70 41 7 28 10 73 60 42 36 21 31 45 34 43 10 18 24 16 25 14 33 15 64 60 41 31 7 23
26 27 20 0 26 43 56 12 25 24 52 10 47 19 12 19 14 67 39 11 62 28 27 23 25 35 6 9 30 23 16 11 33 29 29 56 36 24 29 1
9 17 25 12 0 8 16 10 10 30 15 7 43 28 28 28 5 32 14 22 20 10 20 42 21 31 19 18 27 16 14 16 39 3 41 25 9 27 23 12
20 19 25 32 12 0 8 23 5 45 15 26 21 41 16 28 10 36 32 36 15 18 20 27 2 18 26 35 14 5 35 19 32 9 36 33 20 43 11 35
25 18 34 34 20 11 0 34 9 38 21 16 30 26 44 26 11 26 44 44 5 28 33 36 7 26 33 26 19 4 35 36 37 15 55 30 29 22 18 50
22 27 33 12 10 16 27 0 15 10 30 9 25 19 24 38 12 31 18 6 22 19 39 23 24 13 6 5 55 37 3 12 16 20 36 39 10 10 16 8
9 16 16 19 11 4 11 19 0 51 11 25 26 40 19 44 9 60 29 25 11 40 43 33 9 29 21 37 26 4 24 28 43 15 43 22 26 48 6 47
43 46 41 15 27 46 74 27 38 0 60 15 37 18 36 54 26 46 25 20 42 19 72 13 40 49 16 17 41 27 14 29 50 43 36 37 42 33 40 10
27 4 48 25 13 8 21 36 17 29 0 26 39 46 23 26 22 39 18 37 14 12 11 39 8 37 53 57 3 21 54 51 20 22 41 30 23 18 35 45
19 37 15 12 10 19 17 3 17 30 42 0 18 31 22 24 17 53 13 24 28 18 29 26 33 36 4 8 36 25 11 6 19 8 31 38 9 22 10 6
60 45 56 50 39 21 38 29 42 20 56 41 0 6 58 20 49 17 7 14 55 24 15 16 52 5 20 33 34 27 25 48 24 22 7 27 25 8 50 42
47 24 29 41 11 25 25 9 40 25 46 29 10 0 60 9 29 11 6 11 24 7 18 10 37 5 14 20 37 23 19 18 19 23 8 21 22 3 26 39
10 21 9 13 15 30 37 21 33 45 24 17 27 23 0 29 13 51 48 35 51 21 58 47 30 48 15 20 46 18 31 13 34 14 37 63 39 21 10 12
34 29 27 50 11 25 39 33 24 49 25 35 17 13 26 0 13 11 6 33 42 12 7 26 23 9 35 19 10 27 22 33 4 24 22 7 10 11 34 53
11 16 16 21 7 5 17 12 6 19 16 17 49 24 12 36 0 28 15 36 12 20 17 27 7 15 23 26 39 7 15 11 35 6 31 29 17 14 9 22
63 32 82 66 35 24 25 55 42 55 38 44 25 10 73 22 35 0 17 27 25 23 13 27 58 8 39 31 46 29 50 61 16 19 9 16 23 11 31 25
22 20 26 42 22 39 47 21 45 26 37 13 11 2 27 13 34 23 0 19 42 12 16 22 31 1 32 20 33 17 24 43 21 26 9 15 13 6 21 47
29 45 32 28 24 25 50 9 48 20 34 21 10 12 24 17 23 41 21 0 32 12 19 6 46 20 17 10 54 39 11 13 31 20 23 25 18 13 19 12
20 18 38 38 13 12 3 50 15 32 14 25 35 57 45 20 10 51 48 34 0 41 28 77 7 38 19 43 17 9 40 49 27 18 69 46 36 31 15 62
24 26 28 18 17 24 20 13 30 22 34 18 12 13 50 8 26 35 5 10 39 0 15 22 17 9 25 12 30 36 10 33 23 9 24 7 9 12 36 30
48 20 57 29 34 26 23 26 33 28 19 49 30 34 53 13 28 13 26 50 33 31 0 48 36 11 44 47 20 28 21 25 7 29 40 10 24 19 48 41
42 57 31 18 27 40 44 22 50 13 44 21 25 29 56 25 19 33 20 12 78 24 31 0 41 27 27 16 47 27 9 30 55 39 34 19 39 19 52 20
8 13 14 35 9 6 5 18 7 35 20 32 50 19 20 33 11 44 23 28 10 26 23 63 0 43 25 19 11 2 18 26 39 11 27 35 16 32 16 39
39 39 62 26 19 38 19 15 40 37 16 36 6 6 30 15 22 10 1 20 53 7 17 21 25 0 40 29 16 38 26 41 20 24 9 8 15 6 41 26
22 40 22 4 15 23 27 4 16 16 25 7 21 18 20 27 27 38 18 21 45 16 52 15 25 36 0 7 57 35 11 4 31 16 50 49 12 22 20 7
16 52 31 9 10 15 36 3 43 21 49 12 14 28 26 26 15 23 16 10 49 14 60 18 32 14 8 0 62 36 6 14 36 32 40 23 31 16 32 8
33 8 39 71 39 29 17 37 21 72 5 52 33 50 55 17 16 48 30 53 11 39 9 77 25 28 54 40 0 28 51 30 11 33 53 33 23 44 35 24
11 14 23 30 15 2 7 38 3 30 18 11 41 50 38 37 6 41 42 36 10 18 29 63 4 32 30 33 18 0 22 17 40 15 52 31 21 45 14 40
18 51 26 14 10 38 51 2 24 26 42 9 31 22 24 25 25 52 16 8 23 16 48 16 26 11 8 7 43 37 0 14 37 14 31 39 14 19 31 13
12 36 21 12 13 26 37 7 21 23 33 7 20 21 13 39 17 47 23 22 40 23 29 27 29 37 5 11 59 24 14 0 22 11 36 53 22 23 14 8
40 12 36 58 40 38 42 46 28 49 23 27 19 11 39 8 20 21 18 36 28 14 6 59 25 9 26 42 18 16 26 36 0 20 30 3 13 30 24 39
16 15 18 22 7 8 10 13 11 48 23 9 38 33 15 22 5 21 29 22 27 15 34 34 11 32 17 34 15 12 14 24 28 0 36 32 13 31 25 29
49 38 37 24 48 41 34 27 26 50 31 36 6 13 44 20 57 10 15 25 42 10 18 32 30 11 53 47 38 55 25 53 32 24 0 23 14 16 51 51
50 24 34 34 28 23 44 29 25 53 31 46 17 22 66 4 40 18 9 15 29 15 14 18 43 12 43 30 33 37 28 41 3 20 22 0 11 13 49 49
32 12 24 27 8 16 27 14 12 49 11 20 33 14 42 5 13 18 15 15 34 7 14 23 17 9 21 24 26 19 15 26 19 10 28 20 0 15 26 36
19 39 28 17 22 39 36 18 46 28 30 18 6 4 46 12 18 25 8 10 49 14 16 24 23 6 24 14 18 48 15 13 12 15 19 25 18 0 46 16
5 36 8 37 21 11 19 34 12 59 21 23 53 44 17 20 15 33 23 39 26 29 36 36 21 42 15 33 18 17 26 23 47 13 56 50 34 36 0 36
13 57 24 1 12 29 30 10 19 24 25 13 19 27 23 37 28 50 32 19 58 15 69 22 44 41 6 4 37 22 12 7 64 33 52 22 32 35 30 0