4
20
,
0 (27.0, 10.0) 61.0
1 (1.0, 31.0) 85.0
2 (36.0, 41.0) 58.0
3 (31.0, 20.0) 67.0
4 (35.0, 12.0) 45.0
5 (12.0, 5.0) 37.0
6 (49.0, 26.0) 45.0
7 (19.0, 20.0) 60.0
8 (30.0, 35.0) 34.0
9 (25.0, 4.0) 87.0
10 (1.0, 33.0) 85.0
11 (6.0, 25.0) 55.0
12 (6.0, 40.0) 87.0
13 (15.0, 16.0) 47.0
14 (21.0, 14.0) 69.0
15 (43.0, 6.0) 32.0
16 (43.0, 36.0) 49.0
17 (4.0, 19.0) 50.0
18 (44.0, 43.0) 90.0
19 (11.0, 42.0) 34.0
,
0 14 16 27 18 18 6 28 14 23 13 17 13 20 11 13 22 28 10 31 22 0
14 0 17 16 5 4 8 14 6 13 3 17 13 18 7 4 8 15 12 19 18 14
16 17 0 18 16 19 14 24 11 15 18 1 4 5 10 13 24 21 6 22 7 16
27 16 18 0 11 15 22 10 14 4 19 18 17 15 16 15 18 4 19 4 13 27
18 5 16 11 0 4 12 9 6 8 9 16 13 16 8 6 9 10 14 13 15 18
18 4 19 15 4 0 12 10 9 12 6 20 16 20 10 7 5 13 16 16 19 18
6 8 14 22 12 12 0 21 8 17 7 15 10 18 6 6 16 22 8 25 19 6
28 14 24 10 9 10 21 0 15 11 16 24 22 23 18 15 10 6 23 9 21 28
14 6 11 14 6 9 8 15 0 9 9 11 7 12 3 3 14 14 8 17 12 14
23 13 15 4 8 12 17 11 9 0 16 15 13 12 12 11 16 7 15 8 10 23
13 3 18 19 9 6 7 16 9 16 0 19 14 20 8 5 9 18 13 22 20 13
17 17 1 18 16 20 15 24 11 15 19 0 5 4 11 14 25 21 7 22 7 17
13 13 4 17 13 16 10 22 7 13 14 5 0 8 6 9 21 19 3 21 9 13
20 18 5 15 16 20 18 23 12 12 20 4 8 0 13 15 25 19 11 19 3 20
11 7 10 16 8 10 6 18 3 12 8 11 6 13 0 3 15 17 6 20 13 11
13 4 13 15 6 7 6 15 3 11 5 14 9 15 3 0 12 16 9 19 15 13
22 8 24 18 9 5 16 10 14 16 9 25 21 25 15 12 0 15 21 19 24 22
28 15 21 4 10 13 22 6 14 7 18 21 19 19 17 16 15 0 21 4 16 28
10 12 6 19 14 16 8 23 8 15 13 7 3 11 6 9 21 21 0 23 12 10
31 19 22 4 13 16 25 9 17 8 22 22 21 19 20 19 19 4 23 0 17 31
22 18 7 13 15 19 19 21 12 10 20 7 9 3 13 15 24 16 12 17 0 22
0 14 16 27 18 18 6 28 14 23 13 17 13 20 11 13 22 28 10 31 22 0
,
0 34 29 62 55 53 17 72 27 58 26 49 18 35 12 26 31 63 27 44 25 0
23 0 39 19 8 10 24 20 11 25 8 27 27 37 20 10 17 38 26 53 25 40
35 35 0 34 37 37 37 51 21 33 37 2 5 13 22 17 32 52 9 36 20 21
69 44 25 0 17 29 52 19 24 7 50 19 22 41 27 21 23 7 43 7 21 76
25 14 40 16 0 10 26 27 11 18 24 30 27 31 10 12 11 27 33 15 29 32
44 8 34 32 5 0 16 19 18 33 17 27 41 37 29 16 14 30 33 28 32 45
10 19 36 52 36 17 0 46 24 42 9 35 11 31 6 6 33 39 10 74 32 17
42 24 41 25 18 11 56 0 27 14 18 53 33 33 21 23 19 10 35 11 48 71
17 11 15 14 11 18 9 39 0 17 12 15 13 16 3 5 20 15 15 18 34 23
52 34 30 10 20 27 46 12 27 0 23 33 30 27 13 34 40 16 16 21 29 38
25 6 24 48 17 17 7 18 23 24 0 35 35 36 20 7 14 53 31 43 57 27
38 38 3 19 35 20 16 55 22 33 33 0 6 7 16 27 50 26 11 28 20 20
20 26 10 17 36 19 21 43 20 29 21 9 0 18 7 16 38 40 9 58 25 25
41 40 12 26 43 49 37 46 30 34 32 13 22 0 34 31 72 49 26 53 3 33
21 19 16 19 11 29 6 47 5 14 23 11 17 20 0 5 19 40 8 26 20 33
22 4 15 23 11 15 15 28 7 14 12 21 22 26 8 0 27 38 15 22 38 24
58 22 61 34 12 6 24 12 18 44 14 58 50 27 22 24 0 34 28 29 64 37
34 44 48 7 21 16 36 11 28 17 24 56 20 30 38 18 29 0 32 10 38 66
18 26 9 29 22 29 15 47 10 29 30 16 6 31 8 10 42 25 0 39 24 22
75 46 35 8 36 38 26 17 28 15 47 51 27 45 54 37 42 6 36 0 30 78
59 27 9 18 18 53 40 61 35 29 27 18 18 5 31 41 44 41 27 36 0 27
0 28 27 78 34 40 13 38 26 27 29 45 25 60 32 29 46 56 14 83 28 0