4
20
,
0 (27.0, 10.0) 63.0
1 (1.0, 31.0) 31.0
2 (36.0, 41.0) 49.0
3 (31.0, 20.0) 48.0
4 (35.0, 12.0) 69.0
5 (12.0, 5.0) 59.0
6 (49.0, 26.0) 59.0
7 (19.0, 20.0) 50.0
8 (30.0, 35.0) 33.0
9 (25.0, 4.0) 56.0
10 (1.0, 33.0) 37.0
11 (6.0, 25.0) 88.0
12 (6.0, 40.0) 85.0
13 (15.0, 16.0) 86.0
14 (21.0, 14.0) 31.0
15 (43.0, 6.0) 66.0
16 (43.0, 36.0) 84.0
17 (4.0, 19.0) 51.0
18 (44.0, 43.0) 63.0
19 (11.0, 42.0) 40.0
,
0 14 16 27 18 18 6 28 14 23 13 17 13 20 11 13 22 28 10 31 22 0
14 0 17 16 5 4 8 14 6 13 3 17 13 18 7 4 8 15 12 19 18 14
16 17 0 18 16 19 14 24 11 15 18 1 4 5 10 13 24 21 6 22 7 16
27 16 18 0 11 15 22 10 14 4 19 18 17 15 16 15 18 4 19 4 13 27
18 5 16 11 0 4 12 9 6 8 9 16 13 16 8 6 9 10 14 13 15 18
18 4 19 15 4 0 12 10 9 12 6 20 16 20 10 7 5 13 16 16 19 18
6 8 14 22 12 12 0 21 8 17 7 15 10 18 6 6 16 22 8 25 19 6
28 14 24 10 9 10 21 0 15 11 16 24 22 23 18 15 10 6 23 9 21 28
14 6 11 14 6 9 8 15 0 9 9 11 7 12 3 3 14 14 8 17 12 14
23 13 15 4 8 12 17 11 9 0 16 15 13 12 12 11 16 7 15 8 10 23
13 3 18 19 9 6 7 16 9 16 0 19 14 20 8 5 9 18 13 22 20 13
17 17 1 18 16 20 15 24 11 15 19 0 5 4 11 14 25 21 7 22 7 17
13 13 4 17 13 16 10 22 7 13 14 5 0 8 6 9 21 19 3 21 9 13
20 18 5 15 16 20 18 23 12 12 20 4 8 0 13 15 25 19 11 19 3 20
11 7 10 16 8 10 6 18 3 12 8 11 6 13 0 3 15 17 6 20 13 11
13 4 13 15 6 7 6 15 3 11 5 14 9 15 3 0 12 16 9 19 15 13
22 8 24 18 9 5 16 10 14 16 9 25 21 25 15 12 0 15 21 19 24 22
28 15 21 4 10 13 22 6 14 7 18 21 19 19 17 16 15 0 21 4 16 28
10 12 6 19 14 16 8 23 8 15 13 7 3 11 6 9 21 21 0 23 12 10
31 19 22 4 13 16 25 9 17 8 22 22 21 19 20 19 19 4 23 0 17 31
22 18 7 13 15 19 19 21 12 10 20 7 9 3 13 15 24 16 12 17 0 22
0 14 16 27 18 18 6 28 14 23 13 17 13 20 11 13 22 28 10 31 22 0
,
0 25 21 65 55 39 13 51 39 56 26 43 34 45 24 24 64 61 14 63 30 0
37 0 39 34 10 5 13 41 10 21 7 22 28 31 16 8 23 23 19 50 46 19
30 48 0 22 17 23 33 49 25 31 37 3 4 12 16 24 38 57 18 57 8 35
58 38 37 0 13 36 40 27 31 12 20 18 29 33 38 30 38 10 23 10 27 75
26 13 44 18 0 9 33 21 16 8 17 30 15 21 12 9 24 29 37 21 39 54
50 8 29 30 8 0 35 13 17 31 18 50 26 36 23 10 5 27 29 25 45 52
11 18 29 34 13 13 0 61 13 18 11 35 29 37 7 10 42 27 23 59 50 14
67 16 69 15 19 14 53 0 36 27 34 27 60 65 51 35 11 7 49 10 57 67
20 15 26 36 11 15 23 27 0 14 13 25 19 22 7 3 39 35 12 20 26 17
59 14 42 6 13 28 30 16 26 0 30 32 28 31 19 26 24 12 36 24 21 63
15 6 51 53 22 9 10 41 13 39 0 55 15 53 10 8 27 34 26 23 40 32
43 31 3 26 35 59 29 43 28 21 56 0 13 8 27 32 70 35 21 41 17 27
30 24 8 41 31 34 13 26 8 30 16 7 0 20 18 12 29 41 6 60 24 20
36 53 6 35 34 29 42 35 24 21 54 9 15 0 30 16 25 53 13 53 7 35
31 15 17 25 22 11 12 35 3 18 23 30 10 29 0 9 34 28 15 22 15 15
27 9 26 25 6 10 13 36 9 18 15 41 19 25 3 0 14 44 13 24 43 34
53 13 31 19 26 9 23 24 33 19 18 37 31 56 32 28 0 32 54 22 70 24
47 16 63 11 26 22 40 10 22 12 22 35 46 28 47 30 32 0 37 10 43 60
25 28 13 46 37 34 15 49 8 34 15 11 7 26 15 25 49 22 0 41 17 28
47 35 28 7 35 29 35 15 27 11 40 42 31 55 20 47 47 9 54 0 46 45
47 51 16 23 33 57 51 45 26 22 48 19 14 7 24 45 60 31 29 26 0 32
0 39 39 47 32 53 16 38 33 39 35 35 14 58 27 27 41 36 18 58 51 0