4
20
,
0 (27.0, 10.0) 34.0
1 (1.0, 31.0) 43.0
2 (36.0, 41.0) 70.0
3 (31.0, 20.0) 88.0
4 (35.0, 12.0) 34.0
5 (12.0, 5.0) 66.0
6 (49.0, 26.0) 57.0
7 (19.0, 20.0) 90.0
8 (30.0, 35.0) 54.0
9 (25.0, 4.0) 46.0
10 (1.0, 33.0) 68.0
11 (6.0, 25.0) 65.0
12 (6.0, 40.0) 74.0
13 (15.0, 16.0) 57.0
14 (21.0, 14.0) 42.0
15 (43.0, 6.0) 81.0
16 (43.0, 36.0) 31.0
17 (4.0, 19.0) 69.0
18 (44.0, 43.0) 51.0
19 (11.0, 42.0) 68.0
,
0 14 16 27 18 18 6 28 14 23 13 17 13 20 11 13 22 28 10 31 22 0
14 0 17 16 5 4 8 14 6 13 3 17 13 18 7 4 8 15 12 19 18 14
16 17 0 18 16 19 14 24 11 15 18 1 4 5 10 13 24 21 6 22 7 16
27 16 18 0 11 15 22 10 14 4 19 18 17 15 16 15 18 4 19 4 13 27
18 5 16 11 0 4 12 9 6 8 9 16 13 16 8 6 9 10 14 13 15 18
18 4 19 15 4 0 12 10 9 12 6 20 16 20 10 7 5 13 16 16 19 18
6 8 14 22 12 12 0 21 8 17 7 15 10 18 6 6 16 22 8 25 19 6
28 14 24 10 9 10 21 0 15 11 16 24 22 23 18 15 10 6 23 9 21 28
14 6 11 14 6 9 8 15 0 9 9 11 7 12 3 3 14 14 8 17 12 14
23 13 15 4 8 12 17 11 9 0 16 15 13 12 12 11 16 7 15 8 10 23
13 3 18 19 9 6 7 16 9 16 0 19 14 20 8 5 9 18 13 22 20 13
17 17 1 18 16 20 15 24 11 15 19 0 5 4 11 14 25 21 7 22 7 17
13 13 4 17 13 16 10 22 7 13 14 5 0 8 6 9 21 19 3 21 9 13
20 18 5 15 16 20 18 23 12 12 20 4 8 0 13 15 25 19 11 19 3 20
11 7 10 16 8 10 6 18 3 12 8 11 6 13 0 3 15 17 6 20 13 11
13 4 13 15 6 7 6 15 3 11 5 14 9 15 3 0 12 16 9 19 15 13
22 8 24 18 9 5 16 10 14 16 9 25 21 25 15 12 0 15 21 19 24 22
28 15 21 4 10 13 22 6 14 7 18 21 19 19 17 16 15 0 21 4 16 28
10 12 6 19 14 16 8 23 8 15 13 7 3 11 6 9 21 21 0 23 12 10
31 19 22 4 13 16 25 9 17 8 22 22 21 19 20 19 19 4 23 0 17 31
22 18 7 13 15 19 19 21 12 10 20 7 9 3 13 15 24 16 12 17 0 22
0 14 16 27 18 18 6 28 14 23 13 17 13 20 11 13 22 28 10 31 22 0
,
0 34 22 30 29 46 18 44 24 66 19 18 17 52 14 22 29 57 18 39 34 0
16 0 34 46 6 8 22 15 14 29 4 40 37 54 9 8 21 45 33 22 20 41
43 24 0 34 43 36 35 50 23 44 37 2 6 11 15 30 67 57 17 24 21 20
35 43 39 0 28 16 32 18 35 12 39 32 38 44 27 37 21 10 56 6 37 75
23 7 35 24 0 10 14 25 13 19 11 24 24 17 15 13 15 23 37 35 28 51
22 10 56 25 5 0 27 20 11 19 12 42 36 31 29 17 13 35 34 40 56 40
18 20 15 48 16 28 0 36 24 24 9 26 17 27 14 8 41 52 22 74 29 16
62 16 36 19 26 13 43 0 30 27 31 37 36 23 45 40 20 13 64 14 53 56
30 16 26 24 12 19 24 31 0 17 13 29 15 36 6 8 27 20 10 38 12 16
53 23 33 7 20 17 45 21 12 0 18 20 25 15 14 30 34 14 19 15 11 35
36 5 51 46 16 13 14 33 12 24 0 45 41 46 14 15 26 37 25 26 57 30
42 51 3 18 18 35 36 60 14 33 40 0 8 7 26 30 42 57 9 38 13 35
19 13 7 36 18 29 23 47 7 34 18 6 0 20 8 17 24 53 6 56 22 36
44 46 12 26 27 40 52 57 24 17 21 9 8 0 35 30 48 53 11 49 5 37
15 11 19 44 19 14 11 26 4 18 21 24 12 34 0 5 39 31 10 46 26 25
32 6 15 26 15 12 8 19 3 14 16 17 21 21 9 0 20 32 10 26 32 37
62 15 54 42 15 8 33 20 27 22 25 46 52 51 27 13 0 37 28 23 64 58
73 30 49 6 17 29 43 10 19 9 30 51 45 27 27 23 40 0 36 8 35 79
10 25 11 40 22 40 13 62 10 27 30 19 4 19 14 27 47 27 0 27 26 29
58 49 48 10 16 46 69 15 26 13 30 45 63 25 55 50 50 6 56 0 28 69
40 22 15 18 34 48 35 31 35 21 53 13 12 7 36 38 51 43 33 49 0 28
0 39 41 36 41 46 19 74 37 33 31 46 34 55 29 36 45 39 16 51 49 0