4
20
,
0 (27.0, 10.0) 63.0
1 (1.0, 31.0) 52.0
2 (36.0, 41.0) 37.0
3 (31.0, 20.0) 76.0
4 (35.0, 12.0) 88.0
5 (12.0, 5.0) 32.0
6 (49.0, 26.0) 32.0
7 (19.0, 20.0) 42.0
8 (30.0, 35.0) 31.0
9 (25.0, 4.0) 38.0
10 (1.0, 33.0) 56.0
11 (6.0, 25.0) 34.0
12 (6.0, 40.0) 58.0
13 (15.0, 16.0) 63.0
14 (21.0, 14.0) 39.0
15 (43.0, 6.0) 52.0
16 (43.0, 36.0) 62.0
17 (4.0, 19.0) 57.0
18 (44.0, 43.0) 40.0
19 (11.0, 42.0) 54.0
,
0 14 16 27 18 18 6 28 14 23 13 17 13 20 11 13 22 28 10 31 22 0
14 0 17 16 5 4 8 14 6 13 3 17 13 18 7 4 8 15 12 19 18 14
16 17 0 18 16 19 14 24 11 15 18 1 4 5 10 13 24 21 6 22 7 16
27 16 18 0 11 15 22 10 14 4 19 18 17 15 16 15 18 4 19 4 13 27
18 5 16 11 0 4 12 9 6 8 9 16 13 16 8 6 9 10 14 13 15 18
18 4 19 15 4 0 12 10 9 12 6 20 16 20 10 7 5 13 16 16 19 18
6 8 14 22 12 12 0 21 8 17 7 15 10 18 6 6 16 22 8 25 19 6
28 14 24 10 9 10 21 0 15 11 16 24 22 23 18 15 10 6 23 9 21 28
14 6 11 14 6 9 8 15 0 9 9 11 7 12 3 3 14 14 8 17 12 14
23 13 15 4 8 12 17 11 9 0 16 15 13 12 12 11 16 7 15 8 10 23
13 3 18 19 9 6 7 16 9 16 0 19 14 20 8 5 9 18 13 22 20 13
17 17 1 18 16 20 15 24 11 15 19 0 5 4 11 14 25 21 7 22 7 17
13 13 4 17 13 16 10 22 7 13 14 5 0 8 6 9 21 19 3 21 9 13
20 18 5 15 16 20 18 23 12 12 20 4 8 0 13 15 25 19 11 19 3 20
11 7 10 16 8 10 6 18 3 12 8 11 6 13 0 3 15 17 6 20 13 11
13 4 13 15 6 7 6 15 3 11 5 14 9 15 3 0 12 16 9 19 15 13
22 8 24 18 9 5 16 10 14 16 9 25 21 25 15 12 0 15 21 19 24 22
28 15 21 4 10 13 22 6 14 7 18 21 19 19 17 16 15 0 21 4 16 28
10 12 6 19 14 16 8 23 8 15 13 7 3 11 6 9 21 21 0 23 12 10
31 19 22 4 13 16 25 9 17 8 22 22 21 19 20 19 19 4 23 0 17 31
22 18 7 13 15 19 19 21 12 10 20 7 9 3 13 15 24 16 12 17 0 22
0 14 16 27 18 18 6 28 14 23 13 17 13 20 11 13 22 28 10 31 22 0
,
0 31 26 74 28 38 19 42 41 49 29 18 14 21 15 35 31 83 17 90 24 0
38 0 48 32 8 5 9 17 11 28 9 36 20 37 10 5 22 31 29 34 29 27
35 20 0 32 47 58 38 53 17 39 53 2 10 8 20 15 27 57 18 66 17 25
47 19 49 0 24 38 46 20 19 7 44 26 22 17 28 43 35 8 52 9 14 78
54 8 32 26 0 7 24 23 6 15 17 40 30 43 14 15 25 14 33 23 22 50
35 10 58 25 7 0 31 28 22 33 17 35 29 57 11 13 14 13 38 37 40 40
7 22 28 33 30 28 0 29 25 42 7 30 19 34 7 8 16 62 14 29 34 7
60 26 67 28 19 17 25 0 25 26 28 34 61 64 48 35 22 13 66 21 55 67
21 10 28 27 14 20 10 33 0 27 9 29 9 20 3 7 32 30 21 50 21 36
23 30 21 6 9 26 32 15 18 0 24 23 35 17 35 23 28 14 28 11 27 28
17 6 33 35 19 8 16 38 10 20 0 35 18 36 10 9 20 46 14 29 33 34
30 30 2 41 19 55 27 25 22 40 34 0 6 11 14 40 67 24 11 35 12 45
25 24 9 44 33 46 16 27 11 28 38 12 0 11 17 21 30 25 6 23 9 32
28 45 9 20 32 42 47 34 22 18 22 5 20 0 24 18 72 35 21 43 4 27
27 8 16 49 24 26 15 38 4 22 17 23 16 16 0 4 40 42 14 51 35 29
20 8 31 38 14 14 11 17 8 15 8 34 27 40 9 0 27 33 21 43 36 24
60 19 57 47 15 13 18 25 15 40 19 42 47 35 42 32 0 33 51 40 59 51
53 36 43 12 30 25 24 8 37 15 38 54 53 50 28 21 18 0 41 8 36 66
18 20 17 25 14 32 14 36 16 40 30 13 8 26 9 13 54 28 0 69 29 29
36 37 60 7 29 31 31 9 40 11 59 38 28 39 54 25 27 10 53 0 36 79
31 20 14 36 17 22 42 39 32 24 42 15 19 4 39 16 68 44 14 26 0 34
0 16 28 41 45 47 10 39 34 54 15 37 21 42 24 22 45 62 18 59 37 0