4
20
,
0 (27.0, 10.0) 52.0
1 (1.0, 31.0) 81.0
2 (36.0, 41.0) 79.0
3 (31.0, 20.0) 48.0
4 (35.0, 12.0) 46.0
5 (12.0, 5.0) 67.0
6 (49.0, 26.0) 45.0
7 (19.0, 20.0) 65.0
8 (30.0, 35.0) 39.0
9 (25.0, 4.0) 67.0
10 (1.0, 33.0) 38.0
11 (6.0, 25.0) 32.0
12 (6.0, 40.0) 42.0
13 (15.0, 16.0) 84.0
14 (21.0, 14.0) 58.0
15 (43.0, 6.0) 36.0
16 (43.0, 36.0) 48.0
17 (4.0, 19.0) 70.0
18 (44.0, 43.0) 36.0
19 (11.0, 42.0) 66.0
,
0 14 16 27 18 18 6 28 14 23 13 17 13 20 11 13 22 28 10 31 22 0
14 0 17 16 5 4 8 14 6 13 3 17 13 18 7 4 8 15 12 19 18 14
16 17 0 18 16 19 14 24 11 15 18 1 4 5 10 13 24 21 6 22 7 16
27 16 18 0 11 15 22 10 14 4 19 18 17 15 16 15 18 4 19 4 13 27
18 5 16 11 0 4 12 9 6 8 9 16 13 16 8 6 9 10 14 13 15 18
18 4 19 15 4 0 12 10 9 12 6 20 16 20 10 7 5 13 16 16 19 18
6 8 14 22 12 12 0 21 8 17 7 15 10 18 6 6 16 22 8 25 19 6
28 14 24 10 9 10 21 0 15 11 16 24 22 23 18 15 10 6 23 9 21 28
14 6 11 14 6 9 8 15 0 9 9 11 7 12 3 3 14 14 8 17 12 14
23 13 15 4 8 12 17 11 9 0 16 15 13 12 12 11 16 7 15 8 10 23
13 3 18 19 9 6 7 16 9 16 0 19 14 20 8 5 9 18 13 22 20 13
17 17 1 18 16 20 15 24 11 15 19 0 5 4 11 14 25 21 7 22 7 17
13 13 4 17 13 16 10 22 7 13 14 5 0 8 6 9 21 19 3 21 9 13
20 18 5 15 16 20 18 23 12 12 20 4 8 0 13 15 25 19 11 19 3 20
11 7 10 16 8 10 6 18 3 12 8 11 6 13 0 3 15 17 6 20 13 11
13 4 13 15 6 7 6 15 3 11 5 14 9 15 3 0 12 16 9 19 15 13
22 8 24 18 9 5 16 10 14 16 9 25 21 25 15 12 0 15 21 19 24 22
28 15 21 4 10 13 22 6 14 7 18 21 19 19 17 16 15 0 21 4 16 28
10 12 6 19 14 16 8 23 8 15 13 7 3 11 6 9 21 21 0 23 12 10
31 19 22 4 13 16 25 9 17 8 22 22 21 19 20 19 19 4 23 0 17 31
22 18 7 13 15 19 19 21 12 10 20 7 9 3 13 15 24 16 12 17 0 22
0 14 16 27 18 18 6 28 14 23 13 17 13 20 11 13 22 28 10 31 22 0
,
0 28 35 54 55 20 7 57 21 67 18 23 20 49 18 32 32 80 11 45 43 0
18 0 20 32 16 8 18 22 14 33 7 20 24 38 19 4 14 28 19 25 33 24
35 42 0 54 43 29 38 71 14 15 39 2 5 9 14 25 40 62 16 43 19 21
43 20 39 0 16 20 37 22 32 5 45 50 26 31 45 23 33 6 35 12 22 70
20 6 16 30 0 5 20 26 18 13 19 21 32 33 17 13 20 13 28 16 26 28
30 9 41 28 10 0 16 19 24 27 14 29 16 52 19 19 6 31 40 28 34 50
13 12 38 42 16 13 0 44 22 48 8 33 30 45 16 14 41 36 11 65 22 9
82 38 24 14 14 17 49 0 39 15 27 38 56 25 44 32 16 8 57 23 39 44
38 8 21 15 7 22 22 44 0 13 25 32 8 20 5 4 20 24 13 46 28 38
41 16 34 11 17 12 49 21 13 0 25 25 29 12 30 33 30 18 16 23 25 56
16 7 39 19 21 18 8 42 17 29 0 32 38 40 11 12 23 33 16 34 28 27
38 21 2 29 41 42 38 38 16 31 41 0 8 8 29 41 42 29 16 57 14 24
25 33 11 36 37 32 15 23 16 36 15 13 0 19 12 18 43 54 7 47 18 31
43 21 15 22 25 59 32 54 24 18 57 12 9 0 25 43 60 21 27 56 3 37
12 14 12 32 12 26 11 27 8 24 17 28 8 26 0 8 21 19 9 23 26 18
16 7 26 24 9 11 8 43 9 20 14 18 14 40 7 0 19 44 20 24 30 31
26 16 67 22 24 11 19 14 21 44 21 52 53 33 26 26 0 27 37 23 33 65
82 24 46 4 18 28 35 17 42 7 53 21 20 45 42 16 17 0 44 7 22 59
13 32 16 46 35 38 10 44 19 22 15 16 4 18 10 16 51 22 0 63 31 14
32 23 56 6 36 32 41 23 22 16 62 33 47 46 56 54 38 6 57 0 21 38
46 41 17 32 19 21 23 35 18 21 36 9 13 5 24 25 54 31 15 31 0 53
0 38 29 37 33 28 9 73 33 34 37 41 35 59 33 17 30 55 26 56 60 0