4
20
,
0 (27.0, 10.0) 57.0
1 (1.0, 31.0) 42.0
2 (36.0, 41.0) 89.0
3 (31.0, 20.0) 66.0
4 (35.0, 12.0) 50.0
5 (12.0, 5.0) 63.0
6 (49.0, 26.0) 79.0
7 (19.0, 20.0) 44.0
8 (30.0, 35.0) 50.0
9 (25.0, 4.0) 31.0
10 (1.0, 33.0) 68.0
11 (6.0, 25.0) 34.0
12 (6.0, 40.0) 45.0
13 (15.0, 16.0) 55.0
14 (21.0, 14.0) 69.0
15 (43.0, 6.0) 61.0
16 (43.0, 36.0) 32.0
17 (4.0, 19.0) 35.0
18 (44.0, 43.0) 36.0
19 (11.0, 42.0) 64.0
,
0 14 16 27 18 18 6 28 14 23 13 17 13 20 11 13 22 28 10 31 22 0
14 0 17 16 5 4 8 14 6 13 3 17 13 18 7 4 8 15 12 19 18 14
16 17 0 18 16 19 14 24 11 15 18 1 4 5 10 13 24 21 6 22 7 16
27 16 18 0 11 15 22 10 14 4 19 18 17 15 16 15 18 4 19 4 13 27
18 5 16 11 0 4 12 9 6 8 9 16 13 16 8 6 9 10 14 13 15 18
18 4 19 15 4 0 12 10 9 12 6 20 16 20 10 7 5 13 16 16 19 18
6 8 14 22 12 12 0 21 8 17 7 15 10 18 6 6 16 22 8 25 19 6
28 14 24 10 9 10 21 0 15 11 16 24 22 23 18 15 10 6 23 9 21 28
14 6 11 14 6 9 8 15 0 9 9 11 7 12 3 3 14 14 8 17 12 14
23 13 15 4 8 12 17 11 9 0 16 15 13 12 12 11 16 7 15 8 10 23
13 3 18 19 9 6 7 16 9 16 0 19 14 20 8 5 9 18 13 22 20 13
17 17 1 18 16 20 15 24 11 15 19 0 5 4 11 14 25 21 7 22 7 17
13 13 4 17 13 16 10 22 7 13 14 5 0 8 6 9 21 19 3 21 9 13
20 18 5 15 16 20 18 23 12 12 20 4 8 0 13 15 25 19 11 19 3 20
11 7 10 16 8 10 6 18 3 12 8 11 6 13 0 3 15 17 6 20 13 11
13 4 13 15 6 7 6 15 3 11 5 14 9 15 3 0 12 16 9 19 15 13
22 8 24 18 9 5 16 10 14 16 9 25 21 25 15 12 0 15 21 19 24 22
28 15 21 4 10 13 22 6 14 7 18 21 19 19 17 16 15 0 21 4 16 28
10 12 6 19 14 16 8 23 8 15 13 7 3 11 6 9 21 21 0 23 12 10
31 19 22 4 13 16 25 9 17 8 22 22 21 19 20 19 19 4 23 0 17 31
22 18 7 13 15 19 19 21 12 10 20 7 9 3 13 15 24 16 12 17 0 22
0 14 16 27 18 18 6 28 14 23 13 17 13 20 11 13 22 28 10 31 22 0
,
0 34 29 65 23 55 16 79 28 63 21 37 25 24 29 18 57 34 24 84 39 0
35 0 42 31 13 9 21 35 12 22 6 46 27 36 7 7 15 36 20 55 48 32
34 35 0 44 34 31 32 39 30 29 27 2 5 8 22 38 65 29 10 26 11 23
50 45 28 0 23 26 51 29 28 10 22 19 23 15 28 29 45 6 47 6 32 38
38 12 43 12 0 11 23 22 16 8 10 41 35 30 22 7 21 12 18 39 20 36
19 9 57 36 12 0 30 18 11 17 10 27 45 43 21 13 5 36 30 16 19 33
13 19 27 32 34 27 0 48 24 24 14 17 24 52 10 15 37 62 18 70 30 16
77 34 51 22 25 18 34 0 20 12 30 60 25 62 34 46 21 9 53 12 35 59
24 9 19 22 15 23 10 22 0 22 9 17 8 30 5 5 20 42 12 43 22 21
57 26 28 12 8 16 52 24 13 0 22 27 15 37 27 14 42 12 23 13 14 27
27 8 21 37 20 9 12 39 21 22 0 23 22 34 20 10 23 29 36 40 32 14
17 45 2 48 30 30 41 54 16 23 48 0 10 10 19 28 38 29 20 34 11 42
38 14 11 30 34 46 16 62 16 14 39 7 0 16 8 25 51 36 8 27 26 23
25 21 11 17 18 39 20 61 22 34 41 13 8 0 26 36 62 31 27 40 6 58
12 7 17 48 14 14 9 43 7 31 17 24 14 36 0 8 26 45 9 50 24 27
29 10 39 43 9 15 12 29 5 29 13 33 13 39 9 0 28 37 26 35 19 24
39 18 43 40 16 9 19 20 32 39 20 49 27 73 29 20 0 40 45 49 70 43
51 19 22 11 21 23 51 13 39 12 30 32 52 41 28 19 25 0 58 4 37 64
16 18 9 23 15 23 22 67 17 24 35 14 8 27 8 21 25 33 0 51 19 21
51 19 53 10 36 20 68 24 35 19 55 35 26 43 30 43 30 8 42 0 38 48
25 26 20 21 23 34 25 42 30 26 39 18 22 8 39 25 35 34 20 32 0 38
0 43 19 43 23 27 14 69 39 63 18 38 38 55 22 37 31 53 11 62 30 0