4
20
,
0 (27.0, 10.0) 39.0
1 (1.0, 31.0) 49.0
2 (36.0, 41.0) 36.0
3 (31.0, 20.0) 46.0
4 (35.0, 12.0) 69.0
5 (12.0, 5.0) 33.0
6 (49.0, 26.0) 40.0
7 (19.0, 20.0) 65.0
8 (30.0, 35.0) 74.0
9 (25.0, 4.0) 55.0
10 (1.0, 33.0) 53.0
11 (6.0, 25.0) 34.0
12 (6.0, 40.0) 66.0
13 (15.0, 16.0) 37.0
14 (21.0, 14.0) 88.0
15 (43.0, 6.0) 75.0
16 (43.0, 36.0) 71.0
17 (4.0, 19.0) 57.0
18 (44.0, 43.0) 36.0
19 (11.0, 42.0) 63.0
,
0 14 16 27 18 18 6 28 14 23 13 17 13 20 11 13 22 28 10 31 22 0
14 0 17 16 5 4 8 14 6 13 3 17 13 18 7 4 8 15 12 19 18 14
16 17 0 18 16 19 14 24 11 15 18 1 4 5 10 13 24 21 6 22 7 16
27 16 18 0 11 15 22 10 14 4 19 18 17 15 16 15 18 4 19 4 13 27
18 5 16 11 0 4 12 9 6 8 9 16 13 16 8 6 9 10 14 13 15 18
18 4 19 15 4 0 12 10 9 12 6 20 16 20 10 7 5 13 16 16 19 18
6 8 14 22 12 12 0 21 8 17 7 15 10 18 6 6 16 22 8 25 19 6
28 14 24 10 9 10 21 0 15 11 16 24 22 23 18 15 10 6 23 9 21 28
14 6 11 14 6 9 8 15 0 9 9 11 7 12 3 3 14 14 8 17 12 14
23 13 15 4 8 12 17 11 9 0 16 15 13 12 12 11 16 7 15 8 10 23
13 3 18 19 9 6 7 16 9 16 0 19 14 20 8 5 9 18 13 22 20 13
17 17 1 18 16 20 15 24 11 15 19 0 5 4 11 14 25 21 7 22 7 17
13 13 4 17 13 16 10 22 7 13 14 5 0 8 6 9 21 19 3 21 9 13
20 18 5 15 16 20 18 23 12 12 20 4 8 0 13 15 25 19 11 19 3 20
11 7 10 16 8 10 6 18 3 12 8 11 6 13 0 3 15 17 6 20 13 11
13 4 13 15 6 7 6 15 3 11 5 14 9 15 3 0 12 16 9 19 15 13
22 8 24 18 9 5 16 10 14 16 9 25 21 25 15 12 0 15 21 19 24 22
28 15 21 4 10 13 22 6 14 7 18 21 19 19 17 16 15 0 21 4 16 28
10 12 6 19 14 16 8 23 8 15 13 7 3 11 6 9 21 21 0 23 12 10
31 19 22 4 13 16 25 9 17 8 22 22 21 19 20 19 19 4 23 0 17 31
22 18 7 13 15 19 19 21 12 10 20 7 9 3 13 15 24 16 12 17 0 22
0 14 16 27 18 18 6 28 14 23 13 17 13 20 11 13 22 28 10 31 22 0
,
0 40 18 54 19 20 13 49 29 33 22 48 23 50 33 34 35 50 21 74 35 0
36 0 24 30 7 8 13 29 9 29 6 21 35 20 10 9 23 39 36 45 30 19
19 49 0 20 28 57 15 41 15 41 51 1 9 14 22 31 31 46 15 60 16 37
58 32 37 0 18 27 64 16 27 7 38 41 27 33 26 37 33 12 37 6 30 41
53 10 22 20 0 13 36 15 13 14 10 40 19 26 22 17 16 16 14 39 32 29
19 12 23 29 5 0 29 29 24 29 14 30 44 46 24 11 13 33 17 43 35 36
7 21 23 45 19 21 0 30 19 38 11 32 11 51 9 10 22 61 18 44 52 11
46 17 60 18 15 19 37 0 39 19 30 71 51 30 19 43 28 10 50 19 41 73
26 7 12 36 11 13 22 23 0 13 25 16 12 24 5 6 20 32 10 32 24 40
43 36 35 13 13 21 37 23 23 0 17 19 17 36 18 31 45 17 22 11 26 53
13 8 29 29 16 10 17 46 18 47 0 45 25 48 21 7 25 20 37 49 38 37
49 46 2 51 45 23 22 58 22 35 29 0 8 11 29 37 52 24 21 30 19 28
37 17 10 31 31 17 21 52 16 18 17 8 0 12 13 20 35 25 9 36 12 14
27 38 9 42 39 26 50 23 34 23 21 9 16 0 24 24 72 28 22 39 4 41
18 8 13 17 16 22 8 31 4 23 20 17 12 36 0 7 32 38 14 23 26 32
35 4 16 37 9 19 8 32 7 30 6 33 18 41 4 0 34 38 24 27 32 28
37 12 46 28 15 9 44 18 14 43 20 74 22 53 40 13 0 34 32 31 47 42
74 37 50 12 14 26 40 13 23 18 40 51 31 56 29 40 17 0 23 9 16 41
26 35 10 45 26 26 13 62 16 29 35 14 6 11 8 20 36 23 0 69 21 24
59 47 29 12 40 42 73 9 45 21 31 64 29 44 28 19 31 8 32 0 42 92
48 21 20 38 30 37 54 46 32 28 35 15 15 4 32 23 60 18 16 32 0 38
0 26 26 69 22 24 19 59 15 36 28 45 23 49 19 13 36 66 18 59 44 0