4
20
,
0 (30.0, 47.0) 12.0
1 (45.0, 28.0) 12.0
2 (12.0, 0.0) 22.0
3 (0.0, 6.0) 13.0
4 (15.0, 28.0) 21.0
5 (36.0, 40.0) 17.0
6 (18.0, 18.0) 14.0
7 (48.0, 35.0) 30.0
8 (45.0, 28.0) 18.0
9 (27.0, 9.0) 20.0
10 (33.0, 35.0) 17.0
11 (37.0, 30.0) 26.0
12 (16.0, 30.0) 29.0
13 (20.0, 30.0) 13.0
14 (25.0, 49.0) 12.0
15 (44.0, 8.0) 22.0
16 (10.0, 48.0) 44.0
17 (13.0, 15.0) 19.0
18 (46.0, 26.0) 22.0
19 (40.0, 23.0) 15.0
,
0 5 10 10 5 2 6 4 5 8 2 4 4 4 1 8 4 7 5 5
5 0 9 10 6 3 6 2 0 5 3 2 6 5 6 4 8 7 0 1
10 9 0 3 6 9 4 10 9 3 8 8 6 6 10 7 10 3 9 7
10 10 3 0 5 10 4 11 10 5 9 9 6 6 10 9 9 3 10 9
5 6 6 5 0 5 2 7 6 4 4 4 0 1 5 7 4 3 6 5
2 3 9 10 5 0 6 3 3 6 1 2 4 4 3 7 5 7 3 3
6 6 4 4 2 6 0 7 6 3 5 4 2 2 6 6 6 1 6 5
4 2 10 11 7 3 7 0 2 7 3 2 6 6 5 5 8 8 2 3
5 0 9 10 6 3 6 2 0 5 3 2 6 5 6 4 8 7 0 1
8 5 3 5 4 6 3 7 5 0 5 5 5 4 8 3 9 3 5 4
2 3 8 9 4 1 5 3 3 5 0 1 4 3 3 6 5 6 3 3
4 2 8 9 4 2 4 2 2 5 1 0 4 3 4 5 6 6 2 2
4 6 6 6 0 4 2 6 6 5 4 4 0 1 4 7 4 3 6 5
4 5 6 6 1 4 2 6 5 4 3 3 1 0 4 7 4 3 5 4
1 6 10 10 5 3 6 5 6 8 3 4 4 4 0 9 3 7 6 6
8 4 7 9 7 7 6 5 4 3 6 5 7 7 9 0 10 6 4 3
4 8 10 9 4 5 6 8 8 9 5 6 4 4 3 10 0 7 8 8
7 7 3 3 3 7 1 8 7 3 6 6 3 3 7 6 7 0 7 6
5 0 9 10 6 3 6 2 0 5 3 2 6 5 6 4 8 7 0 1
5 1 7 9 5 3 5 3 1 4 3 2 5 4 6 3 8 6 1 0
,
0 36 54 30 13 6 35 17 15 23 17 17 19 27 5 46 10 22 37 21
32 0 37 29 24 13 27 9 0 38 8 7 42 30 21 29 54 18 3 5
39 50 0 13 26 27 19 34 36 16 30 49 39 39 59 17 52 13 34 29
65 29 11 0 32 49 27 77 45 18 44 40 27 16 74 42 54 16 74 62
12 25 35 28 0 20 8 27 18 25 24 12 3 7 17 25 22 18 30 32
13 21 56 47 14 0 27 11 9 33 4 9 26 21 20 26 23 43 17 24
45 21 14 22 12 38 0 52 20 11 20 13 10 18 23 32 40 9 15 23
17 8 61 74 32 19 35 0 6 35 21 12 26 30 24 17 54 25 7 12
18 0 55 68 33 14 18 4 0 28 15 8 27 17 27 29 58 36 3 4
38 35 13 32 19 29 14 25 22 0 29 35 28 28 45 17 48 8 30 26
13 13 56 62 13 5 20 15 19 20 0 7 16 19 17 16 21 16 23 11
23 6 38 35 27 10 21 17 6 22 10 0 16 14 19 21 35 27 8 9
28 33 29 35 2 27 11 28 33 16 16 27 0 6 30 51 16 10 19 34
13 22 36 26 7 21 7 42 32 13 14 21 6 0 20 35 26 18 27 22
6 34 66 70 24 10 33 30 23 57 10 18 30 22 0 51 19 31 33 41
53 23 29 24 37 23 28 19 16 14 16 21 51 31 30 0 55 25 10 9
15 37 60 29 11 30 33 56 40 53 21 45 25 12 18 49 0 24 26 47
23 27 12 13 14 20 5 49 50 19 37 39 22 12 51 30 38 0 31 30
21 3 29 57 26 13 35 6 3 27 19 9 42 22 29 20 59 19 0 4
15 10 54 26 29 25 18 8 4 16 8 6 31 19 17 17 46 24 9 0