4
20
,
0 (30.0, 47.0) 14.0
1 (45.0, 28.0) 22.0
2 (12.0, 0.0) 35.0
3 (0.0, 6.0) 17.0
4 (15.0, 28.0) 47.0
5 (36.0, 40.0) 36.0
6 (18.0, 18.0) 21.0
7 (48.0, 35.0) 21.0
8 (45.0, 28.0) 24.0
9 (27.0, 9.0) 32.0
10 (33.0, 35.0) 13.0
11 (37.0, 30.0) 37.0
12 (16.0, 30.0) 29.0
13 (20.0, 30.0) 14.0
14 (25.0, 49.0) 38.0
15 (44.0, 8.0) 19.0
16 (10.0, 48.0) 12.0
17 (13.0, 15.0) 40.0
18 (46.0, 26.0) 41.0
19 (40.0, 23.0) 46.0
,
0 5 10 10 5 2 6 4 5 8 2 4 4 4 1 8 4 7 5 5
5 0 9 10 6 3 6 2 0 5 3 2 6 5 6 4 8 7 0 1
10 9 0 3 6 9 4 10 9 3 8 8 6 6 10 7 10 3 9 7
10 10 3 0 5 10 4 11 10 5 9 9 6 6 10 9 9 3 10 9
5 6 6 5 0 5 2 7 6 4 4 4 0 1 5 7 4 3 6 5
2 3 9 10 5 0 6 3 3 6 1 2 4 4 3 7 5 7 3 3
6 6 4 4 2 6 0 7 6 3 5 4 2 2 6 6 6 1 6 5
4 2 10 11 7 3 7 0 2 7 3 2 6 6 5 5 8 8 2 3
5 0 9 10 6 3 6 2 0 5 3 2 6 5 6 4 8 7 0 1
8 5 3 5 4 6 3 7 5 0 5 5 5 4 8 3 9 3 5 4
2 3 8 9 4 1 5 3 3 5 0 1 4 3 3 6 5 6 3 3
4 2 8 9 4 2 4 2 2 5 1 0 4 3 4 5 6 6 2 2
4 6 6 6 0 4 2 6 6 5 4 4 0 1 4 7 4 3 6 5
4 5 6 6 1 4 2 6 5 4 3 3 1 0 4 7 4 3 5 4
1 6 10 10 5 3 6 5 6 8 3 4 4 4 0 9 3 7 6 6
8 4 7 9 7 7 6 5 4 3 6 5 7 7 9 0 10 6 4 3
4 8 10 9 4 5 6 8 8 9 5 6 4 4 3 10 0 7 8 8
7 7 3 3 3 7 1 8 7 3 6 6 3 3 7 6 7 0 7 6
5 0 9 10 6 3 6 2 0 5 3 2 6 5 6 4 8 7 0 1
5 1 7 9 5 3 5 3 1 4 3 2 5 4 6 3 8 6 1 0
,
0 35 40 50 21 6 45 11 33 21 11 17 12 14 8 61 10 45 39 22
21 0 35 66 24 14 20 5 0 39 11 8 40 37 18 26 28 43 2 8
50 49 0 15 28 53 27 71 38 13 60 30 33 40 48 44 50 22 33 44
74 41 18 0 38 33 25 35 59 35 31 39 37 28 74 44 40 11 65 43
36 39 32 18 0 29 6 25 20 28 23 12 2 3 12 47 24 15 26 17
13 19 63 48 15 0 27 7 14 18 4 13 25 21 10 47 37 35 23 18
40 35 14 22 12 25 0 35 19 15 27 18 16 8 42 14 20 8 42 24
27 11 53 66 42 7 35 0 9 19 20 8 32 15 33 15 46 35 13 12
26 0 28 32 26 11 35 7 0 32 20 5 31 14 20 21 54 41 3 10
45 36 17 29 25 24 18 38 35 0 21 32 26 11 57 20 22 15 31 14
18 8 38 36 15 7 26 21 8 32 0 4 17 17 16 37 27 29 21 17
10 7 20 53 28 15 14 16 8 29 7 0 12 10 30 25 40 41 11 7
31 18 28 27 1 23 16 40 19 19 10 22 0 5 18 24 12 8 23 22
28 20 18 26 3 20 17 15 19 11 9 17 5 0 22 25 13 17 30 22
3 27 76 42 24 13 37 15 18 54 24 24 22 22 0 61 12 46 31 20
33 27 41 52 18 22 36 26 26 17 24 17 27 33 53 0 51 23 12 22
24 25 46 64 14 37 21 36 46 39 30 42 22 18 14 31 0 36 56 49
30 31 17 11 13 24 5 34 41 15 24 29 13 14 34 40 47 0 33 34
26 1 54 26 18 9 42 5 3 35 15 6 20 15 25 26 62 38 0 5
18 7 39 33 19 14 12 12 10 16 19 9 13 30 38 17 48 32 4 0