4
20
,
0 (30.0, 47.0) 42.0
1 (45.0, 28.0) 12.0
2 (12.0, 0.0) 26.0
3 (0.0, 6.0) 33.0
4 (15.0, 28.0) 20.0
5 (36.0, 40.0) 34.0
6 (18.0, 18.0) 16.0
7 (48.0, 35.0) 21.0
8 (45.0, 28.0) 11.0
9 (27.0, 9.0) 35.0
10 (33.0, 35.0) 47.0
11 (37.0, 30.0) 37.0
12 (16.0, 30.0) 46.0
13 (20.0, 30.0) 26.0
14 (25.0, 49.0) 31.0
15 (44.0, 8.0) 13.0
16 (10.0, 48.0) 12.0
17 (13.0, 15.0) 16.0
18 (46.0, 26.0) 11.0
19 (40.0, 23.0) 15.0
,
0 5 10 10 5 2 6 4 5 8 2 4 4 4 1 8 4 7 5 5
5 0 9 10 6 3 6 2 0 5 3 2 6 5 6 4 8 7 0 1
10 9 0 3 6 9 4 10 9 3 8 8 6 6 10 7 10 3 9 7
10 10 3 0 5 10 4 11 10 5 9 9 6 6 10 9 9 3 10 9
5 6 6 5 0 5 2 7 6 4 4 4 0 1 5 7 4 3 6 5
2 3 9 10 5 0 6 3 3 6 1 2 4 4 3 7 5 7 3 3
6 6 4 4 2 6 0 7 6 3 5 4 2 2 6 6 6 1 6 5
4 2 10 11 7 3 7 0 2 7 3 2 6 6 5 5 8 8 2 3
5 0 9 10 6 3 6 2 0 5 3 2 6 5 6 4 8 7 0 1
8 5 3 5 4 6 3 7 5 0 5 5 5 4 8 3 9 3 5 4
2 3 8 9 4 1 5 3 3 5 0 1 4 3 3 6 5 6 3 3
4 2 8 9 4 2 4 2 2 5 1 0 4 3 4 5 6 6 2 2
4 6 6 6 0 4 2 6 6 5 4 4 0 1 4 7 4 3 6 5
4 5 6 6 1 4 2 6 5 4 3 3 1 0 4 7 4 3 5 4
1 6 10 10 5 3 6 5 6 8 3 4 4 4 0 9 3 7 6 6
8 4 7 9 7 7 6 5 4 3 6 5 7 7 9 0 10 6 4 3
4 8 10 9 4 5 6 8 8 9 5 6 4 4 3 10 0 7 8 8
7 7 3 3 3 7 1 8 7 3 6 6 3 3 7 6 7 0 7 6
5 0 9 10 6 3 6 2 0 5 3 2 6 5 6 4 8 7 0 1
5 1 7 9 5 3 5 3 1 4 3 2 5 4 6 3 8 6 1 0
,
0 30 67 34 34 5 26 28 29 19 10 14 22 15 4 58 15 22 35 18
12 0 25 72 34 12 18 11 0 22 10 11 38 26 22 12 25 27 1 8
75 50 0 13 17 38 23 61 33 19 43 33 16 35 62 42 67 21 53 20
74 26 12 0 25 52 17 52 68 32 48 40 43 18 33 60 60 18 41 59
14 39 21 18 0 32 9 26 19 30 25 29 3 5 23 40 12 10 33 38
5 13 62 34 23 0 34 14 15 43 5 15 20 22 19 21 17 39 25 10
26 34 21 17 11 19 0 46 35 14 22 13 9 11 42 21 32 5 33 14
23 7 64 77 32 9 38 0 5 35 14 16 22 25 26 40 35 60 14 18
17 0 63 32 39 21 37 6 0 33 8 12 43 32 22 24 43 28 2 5
28 18 21 30 19 34 10 29 21 0 25 33 30 31 52 10 47 9 38 25
15 8 55 60 16 7 26 19 14 16 0 4 15 15 18 37 27 30 15 10
14 11 36 29 16 11 17 11 7 26 4 0 25 9 30 30 31 15 15 8
26 28 35 41 3 14 13 20 38 14 23 17 0 3 25 51 24 8 41 17
25 35 24 36 6 24 14 36 37 21 20 22 4 0 16 45 27 11 25 17
6 30 63 61 17 16 44 28 21 32 23 13 27 22 0 62 15 51 27 41
37 25 33 62 25 28 26 31 16 21 29 31 19 21 60 0 30 47 16 14
26 55 70 39 24 16 18 28 41 61 17 45 25 30 16 48 0 49 63 28
54 29 11 23 17 33 6 43 39 22 36 32 18 12 41 38 30 0 44 35
19 3 34 26 16 14 20 5 1 33 23 6 45 29 23 26 42 19 0 8
36 6 33 31 32 20 24 19 4 16 8 8 33 12 38 16 23 30 6 0