4
20
,
0 (30.0, 47.0) 16.0
1 (45.0, 28.0) 14.0
2 (12.0, 0.0) 34.0
3 (0.0, 6.0) 38.0
4 (15.0, 28.0) 13.0
5 (36.0, 40.0) 43.0
6 (18.0, 18.0) 37.0
7 (48.0, 35.0) 18.0
8 (45.0, 28.0) 47.0
9 (27.0, 9.0) 26.0
10 (33.0, 35.0) 37.0
11 (37.0, 30.0) 13.0
12 (16.0, 30.0) 49.0
13 (20.0, 30.0) 33.0
14 (25.0, 49.0) 22.0
15 (44.0, 8.0) 49.0
16 (10.0, 48.0) 11.0
17 (13.0, 15.0) 11.0
18 (46.0, 26.0) 19.0
19 (40.0, 23.0) 17.0
,
0 5 10 10 5 2 6 4 5 8 2 4 4 4 1 8 4 7 5 5
5 0 9 10 6 3 6 2 0 5 3 2 6 5 6 4 8 7 0 1
10 9 0 3 6 9 4 10 9 3 8 8 6 6 10 7 10 3 9 7
10 10 3 0 5 10 4 11 10 5 9 9 6 6 10 9 9 3 10 9
5 6 6 5 0 5 2 7 6 4 4 4 0 1 5 7 4 3 6 5
2 3 9 10 5 0 6 3 3 6 1 2 4 4 3 7 5 7 3 3
6 6 4 4 2 6 0 7 6 3 5 4 2 2 6 6 6 1 6 5
4 2 10 11 7 3 7 0 2 7 3 2 6 6 5 5 8 8 2 3
5 0 9 10 6 3 6 2 0 5 3 2 6 5 6 4 8 7 0 1
8 5 3 5 4 6 3 7 5 0 5 5 5 4 8 3 9 3 5 4
2 3 8 9 4 1 5 3 3 5 0 1 4 3 3 6 5 6 3 3
4 2 8 9 4 2 4 2 2 5 1 0 4 3 4 5 6 6 2 2
4 6 6 6 0 4 2 6 6 5 4 4 0 1 4 7 4 3 6 5
4 5 6 6 1 4 2 6 5 4 3 3 1 0 4 7 4 3 5 4
1 6 10 10 5 3 6 5 6 8 3 4 4 4 0 9 3 7 6 6
8 4 7 9 7 7 6 5 4 3 6 5 7 7 9 0 10 6 4 3
4 8 10 9 4 5 6 8 8 9 5 6 4 4 3 10 0 7 8 8
7 7 3 3 3 7 1 8 7 3 6 6 3 3 7 6 7 0 7 6
5 0 9 10 6 3 6 2 0 5 3 2 6 5 6 4 8 7 0 1
5 1 7 9 5 3 5 3 1 4 3 2 5 4 6 3 8 6 1 0
,
0 35 37 49 31 10 31 26 24 56 15 15 32 14 4 23 26 18 38 36
17 0 28 48 32 13 40 10 0 23 18 11 19 33 41 21 27 19 2 6
43 23 0 15 19 26 27 40 63 12 57 46 31 44 50 20 49 17 59 36
41 49 13 0 23 64 18 38 61 20 60 47 17 32 63 47 29 18 64 59
33 19 38 18 0 31 16 24 28 14 18 30 3 5 25 25 22 16 19 22
7 12 66 28 22 0 36 8 15 23 6 13 22 15 12 35 27 25 24 9
44 20 13 15 10 34 0 37 25 15 28 27 17 12 36 26 38 7 33 12
31 6 61 62 42 8 38 0 9 39 12 12 47 20 31 32 36 50 7 16
28 0 50 32 37 22 26 4 0 36 11 9 17 35 23 13 52 44 2 9
54 16 12 25 24 24 9 17 28 0 13 28 28 30 56 13 60 10 14 23
18 18 34 62 12 5 21 12 8 26 0 8 11 19 24 26 18 28 18 10
25 7 30 49 29 10 13 12 11 35 8 0 13 14 23 32 45 21 8 8
16 32 35 34 2 22 16 36 36 33 22 11 0 5 20 25 14 10 23 30
10 21 35 36 4 22 12 39 15 28 10 9 3 0 19 22 30 21 37 30
8 27 41 74 26 9 45 18 16 25 18 21 15 29 0 50 9 48 32 25
44 11 28 49 21 17 24 31 21 10 23 23 36 24 48 0 71 47 12 21
11 33 67 44 11 29 30 32 22 43 23 20 20 13 8 36 0 38 52 30
41 44 14 13 9 33 8 57 23 9 19 27 13 11 24 27 25 0 20 41
22 2 45 73 23 11 31 6 1 15 16 15 36 32 37 14 61 39 0 6
25 8 28 41 36 18 16 18 7 17 19 6 15 11 23 20 31 19 9 0