4
20
,
0 (30.0, 47.0) 35.0
1 (45.0, 28.0) 13.0
2 (12.0, 0.0) 28.0
3 (0.0, 6.0) 17.0
4 (15.0, 28.0) 48.0
5 (36.0, 40.0) 13.0
6 (18.0, 18.0) 13.0
7 (48.0, 35.0) 17.0
8 (45.0, 28.0) 19.0
9 (27.0, 9.0) 16.0
10 (33.0, 35.0) 12.0
11 (37.0, 30.0) 16.0
12 (16.0, 30.0) 11.0
13 (20.0, 30.0) 21.0
14 (25.0, 49.0) 12.0
15 (44.0, 8.0) 31.0
16 (10.0, 48.0) 31.0
17 (13.0, 15.0) 44.0
18 (46.0, 26.0) 47.0
19 (40.0, 23.0) 29.0
,
0 5 10 10 5 2 6 4 5 8 2 4 4 4 1 8 4 7 5 5
5 0 9 10 6 3 6 2 0 5 3 2 6 5 6 4 8 7 0 1
10 9 0 3 6 9 4 10 9 3 8 8 6 6 10 7 10 3 9 7
10 10 3 0 5 10 4 11 10 5 9 9 6 6 10 9 9 3 10 9
5 6 6 5 0 5 2 7 6 4 4 4 0 1 5 7 4 3 6 5
2 3 9 10 5 0 6 3 3 6 1 2 4 4 3 7 5 7 3 3
6 6 4 4 2 6 0 7 6 3 5 4 2 2 6 6 6 1 6 5
4 2 10 11 7 3 7 0 2 7 3 2 6 6 5 5 8 8 2 3
5 0 9 10 6 3 6 2 0 5 3 2 6 5 6 4 8 7 0 1
8 5 3 5 4 6 3 7 5 0 5 5 5 4 8 3 9 3 5 4
2 3 8 9 4 1 5 3 3 5 0 1 4 3 3 6 5 6 3 3
4 2 8 9 4 2 4 2 2 5 1 0 4 3 4 5 6 6 2 2
4 6 6 6 0 4 2 6 6 5 4 4 0 1 4 7 4 3 6 5
4 5 6 6 1 4 2 6 5 4 3 3 1 0 4 7 4 3 5 4
1 6 10 10 5 3 6 5 6 8 3 4 4 4 0 9 3 7 6 6
8 4 7 9 7 7 6 5 4 3 6 5 7 7 9 0 10 6 4 3
4 8 10 9 4 5 6 8 8 9 5 6 4 4 3 10 0 7 8 8
7 7 3 3 3 7 1 8 7 3 6 6 3 3 7 6 7 0 7 6
5 0 9 10 6 3 6 2 0 5 3 2 6 5 6 4 8 7 0 1
5 1 7 9 5 3 5 3 1 4 3 2 5 4 6 3 8 6 1 0
,
0 36 35 31 13 10 35 22 27 23 7 26 15 21 3 33 21 32 32 34
35 0 43 67 20 12 20 5 0 31 17 11 22 33 24 16 24 37 3 10
48 43 0 13 27 68 24 67 32 20 56 21 44 16 58 38 28 22 41 45
73 75 19 0 33 37 13 67 29 36 22 29 23 18 49 31 65 18 67 60
19 34 27 38 0 31 6 18 15 13 21 26 2 6 13 40 21 16 28 27
9 9 50 47 13 0 28 18 14 22 7 15 29 14 10 21 25 23 9 9
40 28 16 26 8 23 0 33 42 18 20 21 16 6 22 24 21 6 21 30
21 6 46 29 23 19 23 0 9 37 14 8 43 39 30 35 24 27 11 16
36 0 37 34 16 20 19 11 0 14 19 5 25 26 27 15 41 34 2 8
29 16 11 16 13 20 9 31 25 0 21 17 15 20 28 18 58 19 30 18
12 8 53 48 27 4 16 12 9 24 0 7 21 7 22 41 36 37 10 8
17 4 31 41 24 11 30 15 8 31 9 0 13 24 14 25 20 18 6 7
13 42 16 37 2 22 13 26 18 34 17 25 0 5 31 25 14 11 25 18
14 28 37 29 4 10 8 31 28 17 10 22 2 0 27 40 29 14 30 26
5 20 74 49 31 19 39 30 21 34 20 25 13 21 0 42 18 39 39 25
42 23 41 25 40 35 33 23 19 23 38 16 22 20 67 0 41 21 27 11
18 57 71 29 29 33 38 47 29 45 16 27 24 25 8 63 0 34 43 39
43 35 17 16 13 24 8 53 18 22 28 30 19 21 31 23 24 0 48 36
15 3 25 63 39 23 34 9 2 36 14 5 36 14 33 25 56 34 0 5
25 5 19 57 26 12 25 10 8 12 8 7 37 15 39 22 55 15 8 0