4
20
,
0 (30.0, 47.0) 17.0
1 (45.0, 28.0) 40.0
2 (12.0, 0.0) 17.0
3 (0.0, 6.0) 28.0
4 (15.0, 28.0) 33.0
5 (36.0, 40.0) 40.0
6 (18.0, 18.0) 36.0
7 (48.0, 35.0) 26.0
8 (45.0, 28.0) 19.0
9 (27.0, 9.0) 29.0
10 (33.0, 35.0) 48.0
11 (37.0, 30.0) 33.0
12 (16.0, 30.0) 33.0
13 (20.0, 30.0) 14.0
14 (25.0, 49.0) 40.0
15 (44.0, 8.0) 15.0
16 (10.0, 48.0) 12.0
17 (13.0, 15.0) 18.0
18 (46.0, 26.0) 13.0
19 (40.0, 23.0) 22.0
,
0 5 10 10 5 2 6 4 5 8 2 4 4 4 1 8 4 7 5 5
5 0 9 10 6 3 6 2 0 5 3 2 6 5 6 4 8 7 0 1
10 9 0 3 6 9 4 10 9 3 8 8 6 6 10 7 10 3 9 7
10 10 3 0 5 10 4 11 10 5 9 9 6 6 10 9 9 3 10 9
5 6 6 5 0 5 2 7 6 4 4 4 0 1 5 7 4 3 6 5
2 3 9 10 5 0 6 3 3 6 1 2 4 4 3 7 5 7 3 3
6 6 4 4 2 6 0 7 6 3 5 4 2 2 6 6 6 1 6 5
4 2 10 11 7 3 7 0 2 7 3 2 6 6 5 5 8 8 2 3
5 0 9 10 6 3 6 2 0 5 3 2 6 5 6 4 8 7 0 1
8 5 3 5 4 6 3 7 5 0 5 5 5 4 8 3 9 3 5 4
2 3 8 9 4 1 5 3 3 5 0 1 4 3 3 6 5 6 3 3
4 2 8 9 4 2 4 2 2 5 1 0 4 3 4 5 6 6 2 2
4 6 6 6 0 4 2 6 6 5 4 4 0 1 4 7 4 3 6 5
4 5 6 6 1 4 2 6 5 4 3 3 1 0 4 7 4 3 5 4
1 6 10 10 5 3 6 5 6 8 3 4 4 4 0 9 3 7 6 6
8 4 7 9 7 7 6 5 4 3 6 5 7 7 9 0 10 6 4 3
4 8 10 9 4 5 6 8 8 9 5 6 4 4 3 10 0 7 8 8
7 7 3 3 3 7 1 8 7 3 6 6 3 3 7 6 7 0 7 6
5 0 9 10 6 3 6 2 0 5 3 2 6 5 6 4 8 7 0 1
5 1 7 9 5 3 5 3 1 4 3 2 5 4 6 3 8 6 1 0
,
0 34 43 47 27 12 30 26 24 53 13 12 18 22 6 24 11 48 16 32
31 0 48 34 22 9 25 6 0 21 10 6 39 25 16 27 60 44 3 7
49 45 0 9 23 34 10 62 57 13 28 44 42 20 54 18 25 9 30 46
29 69 11 0 25 69 22 69 36 27 46 27 31 22 37 44 41 13 55 46
21 27 14 38 0 26 12 21 19 17 23 23 2 6 26 23 20 8 23 15
11 16 32 61 27 0 31 12 18 30 6 8 14 11 14 18 31 27 16 22
34 39 11 31 12 23 0 32 27 9 34 25 12 16 37 38 42 4 42 23
15 6 73 76 19 17 34 0 5 46 13 9 33 36 17 24 46 27 6 18
22 0 34 61 32 21 31 9 0 30 16 7 23 22 40 22 38 32 2 5
33 32 24 32 12 22 19 25 27 0 33 27 30 12 30 15 54 10 16 26
11 15 56 47 18 4 26 9 13 23 0 4 20 8 8 24 25 26 13 19
25 11 22 59 11 7 27 12 8 25 9 0 22 15 22 23 38 38 12 8
19 18 20 23 1 12 7 40 37 28 15 11 0 2 13 25 11 13 15 27
23 17 44 37 8 15 18 21 24 17 16 11 3 0 20 35 18 24 25 23
7 37 73 27 23 8 28 28 31 28 8 30 14 19 0 32 19 45 23 24
61 15 28 62 39 21 14 18 21 12 40 21 46 27 67 0 64 40 18 22
20 47 64 33 14 35 28 36 52 32 14 29 13 22 19 70 0 50 37 21
53 21 12 21 8 20 9 30 50 17 37 28 8 25 19 47 18 0 32 22
26 3 47 25 17 9 23 6 2 22 16 9 30 33 33 9 43 19 0 6
36 8 52 32 20 10 33 21 8 23 14 9 20 21 29 22 33 29 9 0