4
20
,
0 (30.0, 47.0) 12.0
1 (45.0, 28.0) 16.0
2 (12.0, 0.0) 13.0
3 (0.0, 6.0) 24.0
4 (15.0, 28.0) 15.0
5 (36.0, 40.0) 16.0
6 (18.0, 18.0) 10.0
7 (48.0, 35.0) 11.0
8 (45.0, 28.0) 44.0
9 (27.0, 9.0) 33.0
10 (33.0, 35.0) 28.0
11 (37.0, 30.0) 26.0
12 (16.0, 30.0) 13.0
13 (20.0, 30.0) 11.0
14 (25.0, 49.0) 28.0
15 (44.0, 8.0) 35.0
16 (10.0, 48.0) 35.0
17 (13.0, 15.0) 17.0
18 (46.0, 26.0) 32.0
19 (40.0, 23.0) 25.0
,
0 5 10 10 5 2 6 4 5 8 2 4 4 4 1 8 4 7 5 5
5 0 9 10 6 3 6 2 0 5 3 2 6 5 6 4 8 7 0 1
10 9 0 3 6 9 4 10 9 3 8 8 6 6 10 7 10 3 9 7
10 10 3 0 5 10 4 11 10 5 9 9 6 6 10 9 9 3 10 9
5 6 6 5 0 5 2 7 6 4 4 4 0 1 5 7 4 3 6 5
2 3 9 10 5 0 6 3 3 6 1 2 4 4 3 7 5 7 3 3
6 6 4 4 2 6 0 7 6 3 5 4 2 2 6 6 6 1 6 5
4 2 10 11 7 3 7 0 2 7 3 2 6 6 5 5 8 8 2 3
5 0 9 10 6 3 6 2 0 5 3 2 6 5 6 4 8 7 0 1
8 5 3 5 4 6 3 7 5 0 5 5 5 4 8 3 9 3 5 4
2 3 8 9 4 1 5 3 3 5 0 1 4 3 3 6 5 6 3 3
4 2 8 9 4 2 4 2 2 5 1 0 4 3 4 5 6 6 2 2
4 6 6 6 0 4 2 6 6 5 4 4 0 1 4 7 4 3 6 5
4 5 6 6 1 4 2 6 5 4 3 3 1 0 4 7 4 3 5 4
1 6 10 10 5 3 6 5 6 8 3 4 4 4 0 9 3 7 6 6
8 4 7 9 7 7 6 5 4 3 6 5 7 7 9 0 10 6 4 3
4 8 10 9 4 5 6 8 8 9 5 6 4 4 3 10 0 7 8 8
7 7 3 3 3 7 1 8 7 3 6 6 3 3 7 6 7 0 7 6
5 0 9 10 6 3 6 2 0 5 3 2 6 5 6 4 8 7 0 1
5 1 7 9 5 3 5 3 1 4 3 2 5 4 6 3 8 6 1 0
,
0 21 75 33 36 10 24 11 25 34 13 21 30 25 7 39 28 20 15 16
16 0 62 30 26 19 42 10 0 16 17 7 32 19 24 30 47 37 2 9
26 62 0 17 23 46 22 52 62 20 39 43 16 24 71 42 25 21 57 50
48 29 9 0 30 33 20 71 28 25 24 31 41 30 65 38 29 21 69 52
17 45 33 22 0 35 13 27 19 18 24 16 3 7 32 45 22 11 39 16
6 20 62 52 20 0 42 16 8 42 4 9 25 14 17 22 14 26 10 24
17 18 12 18 10 35 0 42 33 16 30 28 14 12 20 37 33 4 32 16
25 11 58 49 43 17 45 0 11 39 8 12 41 26 33 39 31 42 9 12
33 0 62 68 18 10 24 11 0 15 16 11 33 25 27 29 26 34 1 8
38 37 14 37 25 34 10 19 13 0 18 31 28 26 50 13 23 11 18 26
7 8 60 54 14 7 29 10 16 27 0 7 12 19 23 36 37 24 20 16
20 10 37 38 21 10 30 11 6 27 7 0 21 9 31 32 23 27 11 11
21 23 24 17 2 31 10 49 23 27 16 14 0 3 30 41 25 8 29 13
25 33 34 27 5 23 13 31 18 26 20 16 5 0 14 24 11 9 33 30
5 35 72 28 29 8 32 25 36 54 17 13 29 11 0 41 18 52 45 23
50 29 49 24 46 22 28 23 25 17 17 29 34 25 53 0 48 41 12 22
23 49 66 32 24 36 21 51 36 36 14 29 11 20 10 69 0 48 42 47
51 42 19 21 13 31 6 46 36 17 22 26 10 9 40 17 23 0 23 38
15 2 45 69 44 9 42 12 3 37 19 6 26 16 21 19 45 40 0 4
19 4 33 47 14 13 14 14 6 28 8 8 18 22 35 12 44 35 6 0