4
20
,
0 (30.0, 47.0) 33.0
1 (45.0, 28.0) 41.0
2 (12.0, 0.0) 26.0
3 (0.0, 6.0) 33.0
4 (15.0, 28.0) 30.0
5 (36.0, 40.0) 19.0
6 (18.0, 18.0) 27.0
7 (48.0, 35.0) 23.0
8 (45.0, 28.0) 29.0
9 (27.0, 9.0) 32.0
10 (33.0, 35.0) 21.0
11 (37.0, 30.0) 42.0
12 (16.0, 30.0) 19.0
13 (20.0, 30.0) 11.0
14 (25.0, 49.0) 19.0
15 (44.0, 8.0) 19.0
16 (10.0, 48.0) 46.0
17 (13.0, 15.0) 15.0
18 (46.0, 26.0) 29.0
19 (40.0, 23.0) 14.0
,
0 5 10 10 5 2 6 4 5 8 2 4 4 4 1 8 4 7 5 5
5 0 9 10 6 3 6 2 0 5 3 2 6 5 6 4 8 7 0 1
10 9 0 3 6 9 4 10 9 3 8 8 6 6 10 7 10 3 9 7
10 10 3 0 5 10 4 11 10 5 9 9 6 6 10 9 9 3 10 9
5 6 6 5 0 5 2 7 6 4 4 4 0 1 5 7 4 3 6 5
2 3 9 10 5 0 6 3 3 6 1 2 4 4 3 7 5 7 3 3
6 6 4 4 2 6 0 7 6 3 5 4 2 2 6 6 6 1 6 5
4 2 10 11 7 3 7 0 2 7 3 2 6 6 5 5 8 8 2 3
5 0 9 10 6 3 6 2 0 5 3 2 6 5 6 4 8 7 0 1
8 5 3 5 4 6 3 7 5 0 5 5 5 4 8 3 9 3 5 4
2 3 8 9 4 1 5 3 3 5 0 1 4 3 3 6 5 6 3 3
4 2 8 9 4 2 4 2 2 5 1 0 4 3 4 5 6 6 2 2
4 6 6 6 0 4 2 6 6 5 4 4 0 1 4 7 4 3 6 5
4 5 6 6 1 4 2 6 5 4 3 3 1 0 4 7 4 3 5 4
1 6 10 10 5 3 6 5 6 8 3 4 4 4 0 9 3 7 6 6
8 4 7 9 7 7 6 5 4 3 6 5 7 7 9 0 10 6 4 3
4 8 10 9 4 5 6 8 8 9 5 6 4 4 3 10 0 7 8 8
7 7 3 3 3 7 1 8 7 3 6 6 3 3 7 6 7 0 7 6
5 0 9 10 6 3 6 2 0 5 3 2 6 5 6 4 8 7 0 1
5 1 7 9 5 3 5 3 1 4 3 2 5 4 6 3 8 6 1 0
,
0 23 42 48 22 9 37 26 23 39 7 22 25 17 5 23 27 51 26 26
30 0 44 73 44 15 23 8 0 18 10 9 35 32 39 29 22 43 3 9
64 41 0 8 25 49 24 40 56 26 35 53 17 34 62 23 68 13 51 50
34 38 10 0 40 55 31 42 28 40 50 22 16 34 37 62 46 23 35 46
36 36 23 26 0 16 14 31 44 26 24 32 3 3 32 39 29 8 32 36
7 22 27 63 18 0 21 16 14 41 7 9 25 24 16 36 40 50 11 18
25 38 24 31 5 27 0 31 32 14 12 22 18 7 20 36 30 3 34 23
12 6 47 37 18 7 19 0 9 33 11 7 42 18 31 39 39 58 9 9
23 0 23 36 41 20 16 7 0 33 15 10 24 34 32 27 56 25 3 7
48 16 14 15 27 26 7 48 19 0 38 13 26 31 40 11 63 9 35 24
14 11 47 45 19 5 30 10 12 37 0 9 19 17 14 42 27 37 22 12
10 9 58 64 30 6 25 12 11 13 6 0 13 22 26 29 48 34 6 8
22 15 21 18 3 13 10 24 25 28 15 23 0 4 20 48 16 22 32 28
24 16 24 46 8 17 11 18 20 30 13 9 3 0 25 48 19 11 20 12
4 16 58 46 29 10 40 20 21 21 22 12 27 25 0 62 14 43 44 29
57 18 39 63 34 31 33 26 19 13 33 15 52 21 55 0 68 26 18 11
16 38 68 29 19 34 24 27 30 55 31 20 13 23 12 66 0 43 49 56
45 36 16 15 12 32 5 36 36 22 18 27 21 19 30 19 23 0 24 40
28 2 47 67 16 22 28 9 2 18 21 11 34 28 40 19 59 48 0 5
27 4 47 61 30 13 16 9 7 20 11 10 31 28 17 16 51 38 7 0