4
20
,
0 (30.0, 47.0) 11.0
1 (45.0, 28.0) 32.0
2 (12.0, 0.0) 16.0
3 (0.0, 6.0) 38.0
4 (15.0, 28.0) 32.0
5 (36.0, 40.0) 27.0
6 (18.0, 18.0) 20.0
7 (48.0, 35.0) 36.0
8 (45.0, 28.0) 20.0
9 (27.0, 9.0) 48.0
10 (33.0, 35.0) 22.0
11 (37.0, 30.0) 12.0
12 (16.0, 30.0) 36.0
13 (20.0, 30.0) 45.0
14 (25.0, 49.0) 19.0
15 (44.0, 8.0) 19.0
16 (10.0, 48.0) 22.0
17 (13.0, 15.0) 16.0
18 (46.0, 26.0) 12.0
19 (40.0, 23.0) 20.0
,
0 5 10 10 5 2 6 4 5 8 2 4 4 4 1 8 4 7 5 5
5 0 9 10 6 3 6 2 0 5 3 2 6 5 6 4 8 7 0 1
10 9 0 3 6 9 4 10 9 3 8 8 6 6 10 7 10 3 9 7
10 10 3 0 5 10 4 11 10 5 9 9 6 6 10 9 9 3 10 9
5 6 6 5 0 5 2 7 6 4 4 4 0 1 5 7 4 3 6 5
2 3 9 10 5 0 6 3 3 6 1 2 4 4 3 7 5 7 3 3
6 6 4 4 2 6 0 7 6 3 5 4 2 2 6 6 6 1 6 5
4 2 10 11 7 3 7 0 2 7 3 2 6 6 5 5 8 8 2 3
5 0 9 10 6 3 6 2 0 5 3 2 6 5 6 4 8 7 0 1
8 5 3 5 4 6 3 7 5 0 5 5 5 4 8 3 9 3 5 4
2 3 8 9 4 1 5 3 3 5 0 1 4 3 3 6 5 6 3 3
4 2 8 9 4 2 4 2 2 5 1 0 4 3 4 5 6 6 2 2
4 6 6 6 0 4 2 6 6 5 4 4 0 1 4 7 4 3 6 5
4 5 6 6 1 4 2 6 5 4 3 3 1 0 4 7 4 3 5 4
1 6 10 10 5 3 6 5 6 8 3 4 4 4 0 9 3 7 6 6
8 4 7 9 7 7 6 5 4 3 6 5 7 7 9 0 10 6 4 3
4 8 10 9 4 5 6 8 8 9 5 6 4 4 3 10 0 7 8 8
7 7 3 3 3 7 1 8 7 3 6 6 3 3 7 6 7 0 7 6
5 0 9 10 6 3 6 2 0 5 3 2 6 5 6 4 8 7 0 1
5 1 7 9 5 3 5 3 1 4 3 2 5 4 6 3 8 6 1 0
,
0 34 66 43 30 11 40 15 15 26 10 22 20 28 6 32 24 38 38 32
16 0 37 27 20 14 22 9 0 30 10 5 23 37 34 29 21 38 2 6
71 26 0 8 20 24 25 36 41 11 22 35 31 37 36 17 64 18 26 52
57 67 10 0 39 70 23 78 55 37 30 39 15 26 49 29 31 14 47 46
35 24 40 35 0 28 14 32 35 32 22 28 3 5 26 30 12 20 40 16
12 20 37 53 19 0 34 15 11 34 4 12 33 10 12 31 37 37 18 19
46 36 17 22 5 32 0 41 40 13 16 31 15 7 26 26 36 3 17 28
25 11 32 35 18 15 33 0 8 44 18 7 28 27 16 30 22 58 5 8
33 0 47 33 28 10 24 9 0 16 10 8 15 32 28 25 45 32 2 5
48 17 24 22 19 30 8 24 25 0 15 29 21 30 32 25 54 11 15 13
12 10 28 65 19 9 32 18 11 23 0 5 26 15 15 42 38 18 12 17
22 6 25 35 14 12 26 10 11 13 8 0 26 18 19 16 25 37 6 11
23 43 21 33 3 33 17 38 22 12 24 16 0 3 11 21 25 9 26 36
25 33 22 47 8 23 9 42 17 23 9 19 5 0 18 18 19 13 17 28
6 21 68 71 29 21 39 23 22 24 18 31 18 12 0 62 14 19 47 40
39 24 48 45 48 34 36 40 22 13 30 17 26 33 66 0 52 45 17 23
26 55 67 62 12 20 26 49 22 32 13 21 18 14 15 35 0 38 44 43
40 46 13 21 19 33 7 28 21 19 36 36 17 20 26 47 17 0 19 30
39 2 47 37 43 11 16 6 2 23 11 10 44 14 46 22 55 23 0 7
28 9 35 46 17 15 11 13 6 21 20 4 19 20 28 20 20 40 4 0