4
20
,
0 (30.0, 47.0) 18.0
1 (45.0, 28.0) 11.0
2 (12.0, 0.0) 30.0
3 (0.0, 6.0) 35.0
4 (15.0, 28.0) 21.0
5 (36.0, 40.0) 33.0
6 (18.0, 18.0) 24.0
7 (48.0, 35.0) 28.0
8 (45.0, 28.0) 14.0
9 (27.0, 9.0) 44.0
10 (33.0, 35.0) 15.0
11 (37.0, 30.0) 24.0
12 (16.0, 30.0) 17.0
13 (20.0, 30.0) 16.0
14 (25.0, 49.0) 31.0
15 (44.0, 8.0) 12.0
16 (10.0, 48.0) 49.0
17 (13.0, 15.0) 11.0
18 (46.0, 26.0) 11.0
19 (40.0, 23.0) 12.0
,
0 5 10 10 5 2 6 4 5 8 2 4 4 4 1 8 4 7 5 5
5 0 9 10 6 3 6 2 0 5 3 2 6 5 6 4 8 7 0 1
10 9 0 3 6 9 4 10 9 3 8 8 6 6 10 7 10 3 9 7
10 10 3 0 5 10 4 11 10 5 9 9 6 6 10 9 9 3 10 9
5 6 6 5 0 5 2 7 6 4 4 4 0 1 5 7 4 3 6 5
2 3 9 10 5 0 6 3 3 6 1 2 4 4 3 7 5 7 3 3
6 6 4 4 2 6 0 7 6 3 5 4 2 2 6 6 6 1 6 5
4 2 10 11 7 3 7 0 2 7 3 2 6 6 5 5 8 8 2 3
5 0 9 10 6 3 6 2 0 5 3 2 6 5 6 4 8 7 0 1
8 5 3 5 4 6 3 7 5 0 5 5 5 4 8 3 9 3 5 4
2 3 8 9 4 1 5 3 3 5 0 1 4 3 3 6 5 6 3 3
4 2 8 9 4 2 4 2 2 5 1 0 4 3 4 5 6 6 2 2
4 6 6 6 0 4 2 6 6 5 4 4 0 1 4 7 4 3 6 5
4 5 6 6 1 4 2 6 5 4 3 3 1 0 4 7 4 3 5 4
1 6 10 10 5 3 6 5 6 8 3 4 4 4 0 9 3 7 6 6
8 4 7 9 7 7 6 5 4 3 6 5 7 7 9 0 10 6 4 3
4 8 10 9 4 5 6 8 8 9 5 6 4 4 3 10 0 7 8 8
7 7 3 3 3 7 1 8 7 3 6 6 3 3 7 6 7 0 7 6
5 0 9 10 6 3 6 2 0 5 3 2 6 5 6 4 8 7 0 1
5 1 7 9 5 3 5 3 1 4 3 2 5 4 6 3 8 6 1 0
,
0 29 73 26 26 8 21 21 22 29 6 24 30 13 5 23 26 31 36 24
17 0 58 56 42 16 28 6 0 19 11 8 40 27 30 13 23 18 3 5
30 22 0 11 42 42 24 33 39 12 45 40 43 37 52 49 44 9 52 33
68 63 13 0 19 70 14 40 33 36 41 33 27 31 52 56 24 23 71 32
33 18 25 33 0 22 8 38 22 17 26 20 3 5 31 22 16 8 17 22
8 19 25 46 30 0 21 17 10 45 5 8 12 27 17 37 29 20 20 11
29 31 12 29 9 29 0 33 19 15 14 26 7 8 40 24 27 6 20 33
17 6 27 47 36 8 41 0 5 50 21 8 23 32 17 14 36 53 14 17
33 0 46 45 37 21 17 8 0 25 9 11 38 23 37 25 60 32 3 4
57 25 11 40 30 18 18 35 21 0 32 33 20 17 23 21 25 16 27 24
9 21 51 26 21 8 30 14 14 15 0 3 20 10 14 34 40 16 8 16
27 7 33 51 14 10 17 13 12 18 8 0 15 23 28 25 29 33 14 9
19 27 34 34 3 27 17 27 41 28 10 17 0 6 12 34 17 15 27 28
28 20 41 22 4 23 12 15 19 23 13 20 5 0 19 47 12 25 39 14
5 39 35 47 27 12 28 14 30 50 9 14 13 20 0 33 13 26 27 40
23 27 32 49 27 42 22 20 26 25 32 34 33 40 42 0 49 33 17 8
14 31 70 65 18 36 36 20 39 28 15 20 21 11 14 63 0 24 46 54
43 19 15 13 16 48 6 29 29 9 31 19 14 24 41 42 31 0 52 39
15 2 31 58 18 13 20 11 3 28 13 5 24 24 46 20 48 24 0 4
37 5 52 32 29 18 24 18 4 18 17 4 16 12 39 8 37 28 3 0